0.000000,-2.943235,1.438374,2.904731,0.998854,-0.040172,0.026019,-0.030983,-0.128349,0.991245,-0.036481,-0.990915,-0.129447,0.751107,-0.023683,-0.003482,0.659746,-0.001695,0.009813,0.000084,-0.003629,0.017902,0.003473,-0.026019,-0.991245,0.129447,0.000000,0.000000,0.000000,-1,-0.029922,-0.975067,0.131790,-0.000054,-0.093292,0.004677,146.822647,210.242508,-759.526794,0,0
0.040000,-2.941675,1.438067,2.903513,0.998860,-0.039851,0.026281,-0.031211,-0.128607,0.991204,-0.036120,-0.990895,-0.129705,0.751194,-0.023650,-0.003274,0.659649,0.006774,0.015089,-0.003190,-0.003824,0.013253,0.001063,-0.026281,-0.991204,0.129704,0.000000,0.000000,0.000000,-1,-0.022308,-0.979050,0.126938,0.004192,-0.080576,0.000317,147.873871,209.893265,-760.194824,0,0
0.080000,-2.943971,1.438058,2.906743,0.998905,-0.038899,0.025985,-0.030797,-0.128716,0.991203,-0.035212,-0.990918,-0.129773,0.751231,-0.023194,-0.003071,0.659624,0.000385,0.023563,-0.007414,0.005309,0.014152,-0.002286,-0.025985,-0.991203,0.129773,0.000000,0.000000,0.000000,-1,-0.020935,-0.977676,0.129059,-0.001136,-0.080580,-0.002815,147.523468,212.337952,-759.192810,0,0
0.120000,-2.947669,1.438039,2.911268,0.998950,-0.038044,0.025509,-0.030219,-0.128872,0.991201,-0.034422,-0.990931,-0.129886,0.751284,-0.022715,-0.002966,0.659582,0.002518,0.015085,-0.004209,0.003582,0.011617,0.000943,-0.025509,-0.991201,0.129886,0.000000,0.000000,0.000000,-1,-0.019135,-0.978180,0.124893,0.005248,-0.095417,0.001437,148.749908,210.417130,-758.691772,0,0
0.160000,-2.951376,1.438142,2.914933,0.998963,-0.038053,0.025008,-0.029723,-0.128883,0.991214,-0.034496,-0.990929,-0.129880,0.751287,-0.022554,-0.003157,0.659583,0.005709,-0.008233,0.001177,0.010283,0.013019,-0.006864,-0.025008,-0.991214,0.129880,0.000000,0.000000,0.000000,-1,-0.012589,-0.976730,0.125381,0.004196,-0.117670,0.008995,146.822647,210.591751,-758.190796,0,0
0.200000,-2.954918,1.438232,2.917948,0.998956,-0.038550,0.024531,-0.029315,-0.128884,0.991226,-0.035050,-0.990910,-0.129880,0.751285,-0.022583,-0.003500,0.659582,0.004633,-0.019903,0.006572,0.010294,0.011108,-0.005200,-0.024531,-0.991226,0.129880,0.000000,0.000000,0.000000,-1,-0.018768,-0.980728,0.127563,-0.001119,-0.127209,0.011224,147.173050,211.639465,-759.192810,0,0
0.240000,-2.956446,1.438411,2.918703,0.998932,-0.039305,0.024300,-0.029178,-0.128733,0.991250,-0.035833,-0.990900,-0.129743,0.751234,-0.022790,-0.003838,0.659632,-0.003879,-0.028385,0.006702,0.005531,0.010522,-0.002179,-0.024300,-0.991250,0.129743,0.000000,0.000000,0.000000,-1,-0.030380,-0.976807,0.129028,-0.004320,-0.136752,0.010238,147.523468,210.591751,-759.192810,0,0
0.280000,-2.953589,1.438431,2.913835,0.998841,-0.041337,0.024666,-0.029800,-0.128570,0.991252,-0.037804,-0.990838,-0.129653,0.751176,-0.023675,-0.004372,0.659662,-0.003910,-0.027339,-0.001810,-0.008781,0.012600,-0.001540,-0.024666,-0.991253,0.129653,0.000000,0.000000,0.000000,-1,-0.033875,-0.983429,0.125351,-0.007542,-0.121927,-0.001494,148.224289,210.591751,-759.192810,0,0
0.320000,-2.951709,1.438832,2.911557,0.998820,-0.041739,0.024835,-0.030002,-0.128116,0.991305,-0.038195,-0.990880,-0.129217,0.751025,-0.023881,-0.004447,0.659827,-0.015633,-0.006152,-0.013475,-0.008993,0.009738,-0.004858,-0.024835,-0.991305,0.129217,0.000000,0.000000,0.000000,-1,-0.032867,-0.979156,0.127991,-0.020307,-0.095433,-0.008919,147.523468,209.893265,-759.860840,0,0
0.360000,-2.950118,1.439478,2.910101,0.998824,-0.041601,0.024919,-0.030042,-0.127448,0.991390,-0.038067,-0.990973,-0.128548,0.750803,-0.023855,-0.004378,0.660081,-0.020950,0.003389,-0.008127,-0.007948,0.012234,-0.000557,-0.024919,-0.991390,0.128548,0.000000,0.000000,0.000000,-1,-0.031235,-0.974670,0.133560,-0.004316,-0.111313,0.005869,147.173050,210.242508,-759.860840,0,0
0.400000,-2.946432,1.439201,2.906113,0.998796,-0.041938,0.025446,-0.030614,-0.127595,0.991354,-0.038329,-0.990939,-0.128725,0.750852,-0.024157,-0.004289,0.660015,0.001408,-0.004019,0.001237,-0.001760,0.015478,-0.003664,-0.025446,-0.991354,0.128725,0.000000,0.000000,0.000000,-1,-0.026978,-0.980896,0.124680,-0.001130,-0.099656,0.002590,148.574707,210.591751,-759.192810,0,0
0.440000,-2.946291,1.439570,2.906278,0.998811,-0.041624,0.025393,-0.030507,-0.127244,0.991402,-0.038035,-0.990998,-0.128362,0.750736,-0.024020,-0.004210,0.660152,-0.001793,0.007635,-0.004099,0.000048,0.011254,-0.002920,-0.025393,-0.991402,0.128362,0.000000,0.000000,0.000000,-1,-0.022858,-0.978210,0.128494,0.005249,-0.098596,0.002515,146.997849,210.417130,-759.025818,0,0
0.480000,-2.947465,1.439503,2.907553,0.998819,-0.041517,0.025255,-0.030361,-0.127347,0.991393,-0.037943,-0.990989,-0.128457,0.750770,-0.023935,-0.004225,0.660116,0.005653,0.003397,-0.002035,0.002398,0.013183,0.000037,-0.025255,-0.991393,0.128457,0.000000,0.000000,0.000000,-1,-0.016663,-0.981201,0.123108,0.005270,-0.108126,0.010003,146.297028,210.067886,-759.025818,0,0
0.520000,-2.951070,1.439843,2.910668,0.998813,-0.041970,0.024728,-0.029887,-0.127113,0.991438,-0.038468,-0.991000,-0.128216,0.750690,-0.023930,-0.004576,0.660205,-0.009254,-0.008270,0.003508,0.007180,0.011885,-0.004361,-0.024728,-0.991438,0.128216,0.000000,0.000000,0.000000,-1,-0.020554,-0.974808,0.132385,-0.007503,-0.112372,0.006972,147.173050,209.893265,-759.526794,0,0
0.560000,-2.952749,1.439727,2.911641,0.998788,-0.042664,0.024534,-0.029789,-0.127254,0.991423,-0.039176,-0.990952,-0.128370,0.750735,-0.024127,-0.004876,0.660145,-0.001825,-0.026294,0.003506,-0.000917,0.016829,-0.002501,-0.024534,-0.991423,0.128371,0.000000,0.000000,0.000000,-1,-0.027237,-0.976013,0.125122,-0.003250,-0.133570,0.011276,146.997849,210.417130,-759.025818,0,0
0.600000,-2.950913,1.439912,2.908648,0.998733,-0.043830,0.024735,-0.030128,-0.126986,0.991447,-0.040314,-0.990936,-0.128145,0.750644,-0.024631,-0.005189,0.660228,-0.002882,-0.023113,0.004568,-0.000030,0.009330,-0.004427,-0.024735,-0.991447,0.128145,0.000000,0.000000,0.000000,-1,-0.019684,-0.984085,0.123749,-0.005388,-0.121916,0.005928,148.224289,210.940994,-759.192810,0,0
0.640000,-2.952481,1.440794,2.909553,0.998714,-0.044458,0.024370,-0.029812,-0.126162,0.991562,-0.041008,-0.991013,-0.127325,0.750367,-0.024744,-0.005543,0.660535,-0.023128,-0.013593,-0.009081,0.002764,0.008972,-0.003928,-0.024370,-0.991562,0.127325,0.000000,0.000000,0.000000,-1,-0.024414,-0.979279,0.124725,-0.026684,-0.113450,-0.004512,147.698669,211.115616,-759.359802,0,0
0.680000,-2.952939,1.441619,2.909760,0.998709,-0.044686,0.024158,-0.029598,-0.125372,0.991668,-0.041285,-0.991103,-0.126533,0.750102,-0.024758,-0.005708,0.660834,-0.021020,-0.003022,-0.008080,-0.004254,0.015594,-0.000877,-0.024158,-0.991668,0.126533,0.000000,0.000000,0.000000,-1,-0.026306,-0.972595,0.130524,-0.009649,-0.091182,-0.002673,146.997849,209.369415,-757.689819,0,0
0.720000,-2.952717,1.441540,2.910256,0.998740,-0.043973,0.024201,-0.029553,-0.125463,0.991658,-0.040570,-0.991123,-0.126605,0.750135,-0.024504,-0.005455,0.660808,0.006647,0.023483,-0.007440,-0.001510,0.013371,-0.004168,-0.024201,-0.991658,0.126605,0.000000,0.000000,0.000000,-1,-0.021576,-0.982224,0.119522,0.003117,-0.074221,-0.003954,146.472229,211.639465,-758.190796,0,0
0.760000,-2.954354,1.442065,2.913279,0.998808,-0.042564,0.023897,-0.029056,-0.125045,0.991726,-0.039224,-0.991238,-0.126132,0.749997,-0.023874,-0.005109,0.660990,-0.011433,0.043619,-0.012650,0.002733,0.011333,-0.005191,-0.023897,-0.991726,0.126132,0.000000,0.000000,0.000000,-1,-0.022827,-0.981415,0.127289,-0.013894,-0.060443,-0.007020,147.348251,209.718658,-758.691772,0,0
0.800000,-2.955729,1.442400,2.915777,0.998861,-0.041423,0.023662,-0.028669,-0.124793,0.991768,-0.038129,-0.991318,-0.125839,0.749916,-0.023367,-0.004823,0.661103,-0.008243,0.027720,-0.009423,0.000820,0.011071,0.001587,-0.023662,-0.991768,0.125839,0.000000,0.000000,0.000000,-1,-0.021545,-0.978867,0.123138,-0.002196,-0.097537,0.001528,145.771408,211.290237,-759.526794,0,0
0.840000,-2.958399,1.442527,2.918413,0.998869,-0.041434,0.023303,-0.028312,-0.124746,0.991785,-0.038187,-0.991323,-0.125778,0.749899,-0.023252,-0.004962,0.661125,-0.000824,-0.014705,0.001331,0.004397,0.011621,-0.002853,-0.023303,-0.991785,0.125778,0.000000,0.000000,0.000000,-1,-0.018158,-0.979004,0.121735,-0.006448,-0.113435,0.004838,146.472229,210.591751,-758.190796,0,0
0.880000,-2.960017,1.442976,2.919701,0.998863,-0.041742,0.023019,-0.028054,-0.124347,0.991842,-0.038539,-0.991360,-0.125377,0.749765,-0.023273,-0.005175,0.661275,-0.008275,-0.004111,-0.002891,-0.000052,0.011190,-0.002605,-0.023019,-0.991842,0.125377,0.000000,0.000000,0.000000,-1,-0.023865,-0.976120,0.127487,-0.002199,-0.101778,0.001547,146.647430,209.020172,-758.357788,0,0
0.920000,-2.960202,1.442858,2.919941,0.998865,-0.041688,0.023017,-0.028049,-0.124468,0.991827,-0.038483,-0.991347,-0.125497,0.749805,-0.023252,-0.005157,0.661230,0.001298,0.001190,-0.003020,-0.003778,0.016684,0.000449,-0.023017,-0.991827,0.125497,0.000000,0.000000,0.000000,-1,-0.029709,-0.977493,0.123444,0.002067,-0.104952,0.005769,145.771408,210.591751,-759.192810,0,0
0.960000,-2.956521,1.442597,2.916088,0.998845,-0.041894,0.023526,-0.028587,-0.124612,0.991794,-0.038619,-0.991321,-0.125666,0.749854,-0.023498,-0.005032,0.661167,0.004507,-0.005163,0.003358,-0.002169,0.011508,-0.001612,-0.023526,-0.991794,0.125666,0.000000,0.000000,0.000000,-1,-0.020370,-0.979294,0.126251,0.004207,-0.102827,0.008927,146.997849,211.115616,-757.355774,0,0
1.000000,-2.956564,1.442350,2.916159,0.998845,-0.041871,0.023566,-0.028633,-0.124852,0.991762,-0.038584,-0.991291,-0.125907,0.749934,-0.023503,-0.005006,0.661076,0.006613,0.004327,0.003300,0.003302,0.012804,-0.000083,-0.023566,-0.991762,0.125907,0.000000,0.000000,0.000000,-1,-0.021927,-0.983047,0.120804,0.006334,-0.096467,0.007812,147.173050,210.242508,-758.190796,0,0
1.040000,-2.955584,1.442499,2.915448,0.998854,-0.041607,0.023662,-0.028688,-0.124688,0.991781,-0.038314,-0.991323,-0.125739,0.749880,-0.023435,-0.004885,0.661140,-0.002959,0.006445,0.002332,-0.000752,0.014685,-0.003882,-0.023662,-0.991781,0.125739,0.000000,0.000000,0.000000,-1,-0.023361,-0.978409,0.120728,-0.005359,-0.089048,0.006843,146.997849,211.814087,-758.023804,0,0
1.080000,-2.955325,1.442865,2.915684,0.998875,-0.041105,0.023627,-0.028577,-0.124341,0.991828,-0.037832,-0.991388,-0.125376,0.749765,-0.023235,-0.004736,0.661279,-0.007213,0.015982,0.000207,0.005271,0.007178,-0.003534,-0.023627,-0.991828,0.125376,0.000000,0.000000,0.000000,-1,-0.019531,-0.981506,0.119781,-0.008570,-0.085877,0.000482,146.472229,209.544037,-759.526794,0,0
1.120000,-2.956928,1.443655,2.917755,0.998904,-0.040609,0.023282,-0.028146,-0.123636,0.991928,-0.037403,-0.991496,-0.124643,0.749530,-0.022933,-0.004710,0.661556,-0.017883,0.002188,-0.007060,0.000852,0.015396,-0.003198,-0.023282,-0.991928,0.124643,0.000000,0.000000,0.000000,-1,-0.023819,-0.975204,0.128784,-0.014976,-0.095426,-0.004723,147.698669,210.417130,-760.027832,0,0
1.160000,-2.958376,1.443782,2.919401,0.998917,-0.040396,0.023079,-0.027915,-0.123559,0.991944,-0.037219,-0.991515,-0.124553,0.749505,-0.022785,-0.004716,0.661590,-0.003011,0.008511,-0.005117,0.000191,0.017762,0.001210,-0.023079,-0.991944,0.124553,0.000000,0.000000,0.000000,-1,-0.016205,-0.983994,0.114883,0.002070,-0.091173,0.003580,146.822647,208.496307,-758.524780,0,0
1.200000,-2.960776,1.444478,2.922191,0.998944,-0.039974,0.022656,-0.027420,-0.122962,0.992032,-0.036870,-0.991606,-0.123929,0.749305,-0.022485,-0.004742,0.661826,-0.011505,0.000036,0.000331,0.005596,0.011304,-0.010800,-0.022656,-0.992032,0.123929,0.000000,0.000000,0.000000,-1,-0.023651,-0.974747,0.123932,-0.010695,-0.106014,0.004851,146.297028,211.115616,-759.693848,0,0
1.240000,-2.960188,1.444582,2.921480,0.998938,-0.040098,0.022710,-0.027485,-0.122843,0.992046,-0.036989,-0.991616,-0.123814,0.749265,-0.022550,-0.004764,0.661869,-0.001936,-0.005264,0.001313,-0.002955,0.017497,0.001308,-0.022710,-0.992046,0.123814,0.000000,0.000000,0.000000,-1,-0.027283,-0.976379,0.119308,0.002058,-0.106016,0.003647,146.647430,210.417130,-759.359802,0,0
1.280000,-2.958340,1.444552,2.919567,0.998929,-0.040178,0.022944,-0.027726,-0.122818,0.992042,-0.037041,-0.991616,-0.123801,0.749258,-0.022657,-0.004703,0.661874,0.002322,0.003217,0.001230,-0.002675,0.007514,-0.006446,-0.022944,-0.992042,0.123801,0.000000,0.000000,0.000000,-1,-0.018570,-0.984116,0.120544,-0.000050,-0.103889,0.007915,146.822647,210.242508,-759.860840,0,0
1.320000,-2.959242,1.444553,2.920339,0.998927,-0.040301,0.022832,-0.027631,-0.122839,0.992042,-0.037176,-0.991608,-0.123820,0.749264,-0.022666,-0.004786,0.661866,0.004427,-0.007417,0.003389,0.003011,0.009590,0.000539,-0.022832,-0.992042,0.123820,0.000000,0.000000,0.000000,-1,-0.024063,-0.977966,0.120682,0.000990,-0.112377,0.003687,146.647430,209.718658,-760.361816,0,0
1.360000,-2.959257,1.444561,2.919981,0.998912,-0.040673,0.022829,-0.027673,-0.122821,0.992043,-0.037546,-0.991595,-0.123813,0.749257,-0.022805,-0.004910,0.661868,-0.003036,-0.013786,-0.000755,-0.002302,0.015587,-0.000049,-0.022829,-0.992043,0.123813,0.000000,0.000000,0.000000,-1,-0.026688,-0.973190,0.127213,-0.002193,-0.115554,0.005864,149.100311,210.766373,-757.689819,0,0
1.400000,-2.956458,1.443681,2.916957,0.998889,-0.040939,0.023336,-0.028239,-0.123588,0.991932,-0.037725,-0.991489,-0.124607,0.749514,-0.023074,-0.004799,0.661569,0.017192,0.005302,0.002129,-0.001215,0.013767,0.003277,-0.023336,-0.991932,0.124607,0.000000,0.000000,0.000000,-1,-0.022079,-0.984528,0.121033,0.015888,-0.094353,0.003442,147.523468,210.591751,-759.192810,0,0
1.440000,-2.957328,1.443468,2.918174,0.998905,-0.040591,0.023267,-0.028135,-0.123829,0.991905,-0.037381,-0.991473,-0.124835,0.749595,-0.022921,-0.004707,0.661483,-0.000919,0.009501,-0.005127,0.001569,0.007484,-0.009555,-0.023267,-0.991905,0.124835,0.000000,0.000000,0.000000,-1,-0.021301,-0.980911,0.121185,-0.007522,-0.095422,-0.001614,146.997849,211.115616,-759.359802,0,0
1.480000,-2.957988,1.443785,2.918925,0.998912,-0.040488,0.023127,-0.027973,-0.123543,0.991945,-0.037304,-0.991513,-0.124541,0.749499,-0.022835,-0.004729,0.661594,-0.005179,-0.004280,-0.003954,-0.002203,0.014070,0.003129,-0.023127,-0.991945,0.124541,0.000000,0.000000,0.000000,-1,-0.029037,-0.974686,0.127121,-0.000073,-0.112377,0.003699,146.297028,209.718658,-758.691772,0,0
1.520000,-2.954087,1.443051,2.914275,0.998865,-0.041281,0.023748,-0.028711,-0.124121,0.991852,-0.037997,-0.991408,-0.125165,0.749692,-0.023340,-0.004752,0.661358,0.007645,-0.014855,0.015101,-0.003275,0.013550,-0.003355,-0.023748,-0.991852,0.125165,0.000000,0.000000,0.000000,-1,-0.022064,-0.978409,0.120346,0.006356,-0.104938,0.015296,148.224289,209.544037,-758.858826,0,0
1.560000,-2.952297,1.442920,2.912369,0.998854,-0.041414,0.023997,-0.028977,-0.124193,0.991835,-0.038096,-0.991394,-0.125250,0.749716,-0.023473,-0.004701,0.661327,0.006553,0.007391,0.003311,0.001459,0.012358,-0.003226,-0.023997,-0.991835,0.125250,0.000000,0.000000,0.000000,-1,-0.024094,-0.981659,0.119308,0.002074,-0.090111,0.004639,147.523468,208.845551,-760.862854,0,0
1.600000,-2.951772,1.443275,2.912414,0.998878,-0.040840,0.023996,-0.028892,-0.123851,0.991880,-0.037536,-0.991460,-0.124892,0.749603,-0.023256,-0.004516,0.661463,-0.008351,0.019042,-0.004023,-0.000525,0.009229,-0.004637,-0.023996,-0.991880,0.124892,0.000000,0.000000,0.000000,-1,-0.022583,-0.977676,0.128845,-0.007504,-0.082696,0.000456,146.472229,209.194794,-759.526794,0,0
1.640000,-2.952203,1.443123,2.913532,0.998906,-0.040154,0.023970,-0.028787,-0.124029,0.991861,-0.036854,-0.991466,-0.125050,0.749664,-0.022991,-0.004297,0.661405,0.007609,0.013716,0.002221,0.002486,0.012628,0.001140,-0.023970,-0.991861,0.125050,0.000000,0.000000,0.000000,-1,-0.023758,-0.982132,0.122299,0.004204,-0.096469,0.006771,146.997849,211.115616,-759.025818,0,0
1.680000,-2.951521,1.443198,2.912964,0.998909,-0.040043,0.024042,-0.028841,-0.123941,0.991870,-0.036738,-0.991481,-0.124961,0.749635,-0.022972,-0.004234,0.661439,-0.005178,-0.008554,-0.000729,-0.001929,0.013248,-0.005484,-0.024042,-0.991870,0.124960,0.000000,0.000000,0.000000,-1,-0.025375,-0.972534,0.121689,-0.006449,-0.109196,0.003755,146.822647,209.544037,-760.862854,0,0
1.720000,-2.950967,1.443360,2.912216,0.998900,-0.040237,0.024081,-0.028897,-0.123763,0.991891,-0.036930,-0.991496,-0.124790,0.749575,-0.023058,-0.004286,0.661503,-0.003041,-0.000072,0.000274,-0.001188,0.015649,-0.000675,-0.024081,-0.991891,0.124790,0.000000,0.000000,0.000000,-1,-0.022293,-0.981918,0.122040,-0.004313,-0.096474,0.003674,146.997849,210.417130,-758.691772,0,0
1.760000,-2.951935,1.443703,2.913445,0.998915,-0.039962,0.023896,-0.028668,-0.123467,0.991935,-0.036689,-0.991544,-0.124479,0.749477,-0.022893,-0.004268,0.661621,-0.007322,0.006276,-0.008218,0.000473,0.009055,-0.002668,-0.023896,-0.991935,0.124479,0.000000,0.000000,0.000000,-1,-0.022095,-0.981979,0.118530,-0.005416,-0.091190,-0.008038,148.224289,211.639465,-758.858826,0,0
1.800000,-2.954207,1.444282,2.916202,0.998945,-0.039447,0.023506,-0.028199,-0.122986,0.992008,-0.036241,-0.991624,-0.123968,0.749316,-0.022569,-0.004249,0.661814,-0.002015,0.014722,-0.011493,-0.000466,0.014530,-0.004858,-0.023506,-0.992008,0.123969,0.000000,0.000000,0.000000,-1,-0.024170,-0.976486,0.117233,0.000982,-0.081644,-0.004961,148.224289,210.940994,-759.526794,0,0
1.840000,-2.954433,1.444635,2.917290,0.998981,-0.038576,0.023412,-0.027987,-0.122675,0.992052,-0.035398,-0.991697,-0.123629,0.749214,-0.022211,-0.003999,0.661944,-0.006223,0.022159,-0.000843,0.002798,0.015505,-0.002947,-0.023412,-0.992052,0.123629,0.000000,0.000000,0.000000,-1,-0.019653,-0.976700,0.126053,-0.008555,-0.082691,0.003659,146.822647,209.544037,-759.526794,0,0
1.880000,-2.956085,1.444709,2.919641,0.999014,-0.037864,0.023195,-0.027683,-0.122669,0.992061,-0.034718,-0.991725,-0.123596,0.749213,-0.021872,-0.003845,0.661957,-0.001971,0.014738,0.000206,0.005235,0.014538,0.002136,-0.023195,-0.992061,0.123596,0.000000,0.000000,0.000000,-1,-0.025024,-0.979980,0.122528,-0.000064,-0.100715,0.003646,147.173050,209.893265,-759.192810,0,0
1.920000,-2.955775,1.444673,2.919400,0.999015,-0.037798,0.023240,-0.027720,-0.122697,0.992057,-0.034646,-0.991724,-0.123624,0.749222,-0.021862,-0.003806,0.661947,-0.000936,-0.006471,-0.002901,-0.003952,0.010459,-0.000867,-0.023240,-0.992057,0.123624,0.000000,0.000000,0.000000,-1,-0.025742,-0.978546,0.120483,-0.000081,-0.112380,0.001572,148.574707,211.290237,-760.862854,0,0
1.960000,-2.956252,1.444859,2.919459,0.999002,-0.038208,0.023146,-0.027672,-0.122518,0.992080,-0.035070,-0.991731,-0.123453,0.749162,-0.021985,-0.003979,0.662010,-0.007337,-0.008635,-0.009187,-0.003266,0.014084,-0.004755,-0.023146,-0.992080,0.123453,0.000000,0.000000,0.000000,-1,-0.024368,-0.982468,0.116425,-0.011810,-0.106035,-0.008965,147.698669,209.369415,-758.691772,0,0
2.000000,-2.959391,1.445980,2.922838,0.999026,-0.037921,0.022557,-0.027017,-0.121526,0.992221,-0.034884,-0.991864,-0.122432,0.748830,-0.021680,-0.004115,0.662395,-0.027588,0.015722,-0.027156,0.000631,0.005847,-0.007518,-0.022557,-0.992221,0.122432,0.000000,0.000000,0.000000,-1,-0.021942,-0.981995,0.114731,-0.040584,-0.080625,-0.032164,147.698669,211.464859,-760.695801,0,0
2.040000,-2.967225,1.448216,2.931566,0.999093,-0.036924,0.021213,-0.025492,-0.119586,0.992496,-0.034110,-0.992137,-0.120419,0.748181,-0.020856,-0.004310,0.663153,-0.045711,0.021001,-0.040809,-0.000668,0.010700,-0.002347,-0.021213,-0.992496,0.120419,0.000000,0.000000,0.000000,-1,-0.019836,-0.978302,0.120880,-0.045922,-0.078514,-0.038497,146.822647,209.893265,-757.856812,0,0
2.080000,-2.976229,1.449902,2.941451,0.999156,-0.035949,0.019852,-0.023976,-0.118192,0.992701,-0.033340,-0.992340,-0.118954,0.747714,-0.020036,-0.004510,0.663704,-0.033985,0.014654,-0.031336,-0.002441,0.014414,-0.001538,-0.019852,-0.992701,0.118954,0.000000,0.000000,0.000000,-1,-0.018295,-0.980896,0.111115,-0.028864,-0.095454,-0.022653,146.647430,211.464859,-758.691772,0,0
2.120000,-2.982740,1.451208,2.948168,0.999185,-0.035673,0.018872,-0.022933,-0.117079,0.992858,-0.033209,-0.992482,-0.117802,0.747340,-0.019605,-0.004796,0.664136,-0.020120,0.005101,-0.018668,0.004575,0.013350,-0.004307,-0.018872,-0.992858,0.117802,0.000000,0.000000,0.000000,-1,-0.023636,-0.975998,0.118256,-0.010744,-0.091195,-0.011171,147.523468,210.242508,-758.858826,0,0
2.160000,-2.985153,1.451510,2.950951,0.999205,-0.035283,0.018541,-0.022550,-0.116848,0.992894,-0.032865,-0.992523,-0.117550,0.747262,-0.019348,-0.004792,0.664230,-0.000937,0.007239,-0.007187,-0.006636,0.017308,0.004428,-0.018541,-0.992894,0.117550,0.000000,0.000000,0.000000,-1,-0.022415,-0.980377,0.118378,0.003114,-0.095420,-0.000667,147.523468,210.242508,-758.524780,0,0
2.200000,-2.983788,1.451025,2.949899,0.999211,-0.034988,0.018777,-0.022765,-0.117296,0.992836,-0.032535,-0.992480,-0.118000,0.747414,-0.019317,-0.004602,0.664062,0.011835,0.009363,-0.004144,-0.005881,0.011101,-0.001591,-0.018777,-0.992836,0.118000,0.000000,0.000000,0.000000,-1,-0.027191,-0.983704,0.113174,0.010557,-0.088000,-0.001847,145.420990,210.940994,-759.192810,0,0
2.240000,-2.980242,1.450629,2.947281,0.999233,-0.034092,0.019259,-0.023147,-0.117622,0.992789,-0.031581,-0.992473,-0.118321,0.747525,-0.019143,-0.004121,0.663945,0.013955,0.033738,-0.010657,-0.012236,0.011191,-0.003346,-0.019259,-0.992789,0.118321,0.000000,0.000000,0.000000,-1,-0.038940,-0.971588,0.122589,0.014808,-0.053025,-0.009497,145.946609,210.417130,-758.357788,0,0
2.280000,-2.973942,1.449677,2.943073,0.999282,-0.032063,0.020161,-0.023829,-0.118450,0.992674,-0.029440,-0.992442,-0.119129,0.747807,-0.018685,-0.003102,0.663646,0.020356,0.055972,-0.010809,-0.020488,0.021193,0.007427,-0.020161,-0.992674,0.119130,0.000000,0.000000,0.000000,-1,-0.033600,-0.975647,0.123917,0.026532,-0.050893,-0.002190,147.173050,210.591751,-758.858826,0,0
2.320000,-2.968580,1.447842,2.939455,0.999315,-0.030394,0.021113,-0.024623,-0.120147,0.992451,-0.027628,-0.992291,-0.120813,0.748378,-0.018379,-0.002176,0.663015,0.033118,0.032655,-0.005521,-0.010030,0.014286,0.002096,-0.021113,-0.992451,0.120813,0.000000,0.000000,0.000000,-1,-0.026016,-0.982849,0.123520,0.032900,-0.065736,-0.002193,147.698669,211.464859,-757.355774,0,0
2.360000,-2.968806,1.446133,2.941548,0.999363,-0.028562,0.021378,-0.024708,-0.121861,0.992240,-0.025735,-0.992136,-0.122489,0.748952,-0.017782,-0.001455,0.662385,0.049049,0.052786,-0.014295,-0.007751,0.006766,-0.000480,-0.021378,-0.992240,0.122489,0.000000,0.000000,0.000000,-1,-0.031876,-0.984924,0.112167,0.056265,-0.043488,-0.013189,147.173050,209.544037,-758.190796,0,0
2.400000,-2.968141,1.444064,2.944312,0.999445,-0.025184,0.021813,-0.024774,-0.123942,0.991980,-0.022278,-0.991970,-0.124497,0.749647,-0.016660,-0.000155,0.661628,0.054379,0.086679,-0.017683,-0.014503,0.005942,-0.011124,-0.021813,-0.991980,0.124497,0.000000,0.000000,0.000000,-1,-0.043396,-0.988876,0.115234,0.050979,-0.009559,-0.012220,145.946609,210.766373,-758.357788,0,0
2.440000,-2.961648,1.442867,2.940599,0.999487,-0.022481,0.022834,-0.025471,-0.125012,0.991828,-0.019443,-0.991900,-0.125521,0.750003,-0.015984,0.001130,0.661240,0.053355,0.082456,-0.005947,-0.026101,0.000678,-0.011827,-0.022834,-0.991828,0.125521,0.000000,0.000000,0.000000,-1,-0.052872,-0.983200,0.124832,0.056358,-0.026492,0.008008,146.647430,211.115616,-760.027832,0,0
2.480000,-2.944140,1.439843,2.925730,0.999471,-0.020050,0.025616,-0.027969,-0.127549,0.991438,-0.016611,-0.991630,-0.128042,0.750843,-0.015988,0.002998,0.660280,0.089618,0.052826,0.031027,-0.027286,0.012098,0.002757,-0.025616,-0.991438,0.128042,0.000000,0.000000,0.000000,-1,-0.050323,-0.970444,0.139801,0.126678,-0.041270,0.050912,146.997849,210.417130,-758.691772,0,0
2.520000,-2.925139,1.433483,2.909343,0.999410,-0.017762,0.029398,-0.031506,-0.133207,0.990587,-0.013679,-0.990929,-0.133688,0.752713,-0.016363,0.005221,0.658125,0.174775,0.079365,0.052314,-0.017630,0.020464,0.001734,-0.029398,-0.990587,0.133688,0.000000,0.000000,0.000000,-1,-0.013641,-0.969574,0.098282,0.209646,-0.025354,0.058436,147.173050,209.544037,-758.524780,0,0
2.560000,-2.928417,1.424444,2.914818,0.999399,-0.015803,0.030853,-0.032788,-0.142096,0.989310,-0.011250,-0.989727,-0.142529,0.755650,-0.016076,0.006485,0.654747,0.354280,0.024187,0.019734,0.029556,0.033408,-0.053677,-0.030853,-0.989310,0.142529,0.000000,0.000000,0.000000,-1,0.007156,-0.903763,0.121811,0.396477,-0.042424,-0.014816,147.873871,209.893265,-759.526794,0,0
2.600000,-2.966465,1.410221,2.959395,0.999569,-0.009275,0.027857,-0.028970,-0.157239,0.987136,-0.004775,-0.987517,-0.157440,0.760633,-0.012570,0.007587,0.649016,0.328061,0.252816,-0.216078,0.016322,0.105101,-0.012009,-0.027857,-0.987136,0.157440,0.000000,0.000000,0.000000,-1,-0.117615,-0.893036,0.150650,0.182925,0.150105,-0.298407,146.121811,209.544037,-757.188782,0,0
2.640000,-3.018672,1.405405,3.022534,0.999794,0.002201,0.020186,-0.019555,-0.163473,0.986354,0.005471,-0.986545,-0.163396,0.762670,-0.005689,0.008410,0.646708,0.023731,0.208192,-0.276335,-0.129975,0.065181,-0.019460,-0.020186,-0.986354,0.163396,0.000000,0.000000,0.000000,-1,-0.207397,-1.022430,0.170761,-0.014643,0.027228,-0.224406,148.049088,209.718658,-758.691772,0,0
2.680000,-3.058696,1.405801,3.064102,0.999898,0.004285,0.013600,-0.012715,-0.163755,0.986419,0.006454,-0.986492,-0.163684,0.762781,-0.002763,0.006573,0.646618,0.072019,-0.109595,-0.092474,-0.178630,-0.074738,0.012006,-0.013600,-0.986419,0.163684,0.000000,0.000000,0.000000,-1,-0.164139,-1.091431,0.170105,0.133602,-0.240735,-0.046126,147.173050,210.242508,-756.854797,0,0
2.720000,-3.074551,1.399448,3.075160,0.999935,-0.000370,0.011423,-0.011319,-0.170135,0.985356,0.001579,-0.985421,-0.170128,0.764885,-0.003820,0.004250,0.644141,0.175417,-0.081973,-0.029898,-0.128424,-0.109996,-0.038582,-0.011423,-0.985356,0.170128,0.000000,0.000000,0.000000,-1,-0.109909,-1.026718,0.090195,0.082622,-0.103990,-0.060010,148.049088,208.670929,-757.355774,0,0
2.760000,-3.094518,1.399670,3.095416,0.999968,0.000211,0.008013,-0.007861,-0.170111,0.985394,0.001571,-0.985425,-0.170103,0.764883,-0.002500,0.003133,0.644157,-0.214886,0.012303,-0.080271,-0.065549,0.021435,-0.082411,-0.008013,-0.985394,0.170103,0.000000,0.000000,0.000000,-1,-0.033875,-0.921341,0.099136,-0.317159,-0.113546,-0.065133,149.100311,210.417130,-756.353760,0,0
2.800000,-3.102481,1.411409,3.102298,0.999981,-0.000678,0.006206,-0.006235,-0.158591,0.987325,0.000315,-0.987344,-0.158592,0.761111,-0.002271,0.002142,0.648614,-0.440248,-0.091556,-0.049661,-0.006840,0.082219,-0.042564,-0.006206,-0.987325,0.158592,0.000000,0.000000,0.000000,-1,0.011307,-0.906189,0.188766,-0.447996,-0.234401,-0.057827,148.925110,209.893265,-759.192810,0,0
2.840000,-3.118742,1.427301,3.113938,0.999982,-0.005039,0.003267,-0.003954,-0.142948,0.989722,-0.004520,-0.989717,-0.142966,0.755959,-0.002974,-0.000414,0.654612,-0.303092,-0.075654,-0.051245,0.016314,0.084601,0.057016,-0.003267,-0.989722,0.142966,0.000000,0.000000,0.000000,-1,0.013947,-0.903687,0.189209,-0.174441,-0.051969,-0.010607,147.698669,209.718658,-757.021790,0,0
2.880000,-3.112055,1.434532,3.109911,0.999989,-0.002418,0.004012,-0.004303,-0.135775,0.990730,-0.001850,-0.990737,-0.135784,0.753583,-0.002230,0.000717,0.657349,-0.056856,0.100490,0.077179,0.011397,0.060921,0.026433,-0.004012,-0.990730,0.135784,0.000000,0.000000,0.000000,-1,0.014297,-0.958359,0.152649,-0.047430,-0.022093,0.114440,147.873871,209.893265,-757.188782,0,0
2.920000,-3.093370,1.435496,3.092818,0.999978,-0.000993,0.006502,-0.006577,-0.134727,0.990861,-0.000108,-0.990882,-0.134731,0.753232,-0.002512,0.002122,0.657746,-0.061978,0.098447,0.129367,0.020800,0.032502,0.017918,-0.006502,-0.990861,0.134731,0.000000,0.000000,0.000000,-1,0.010757,-0.965927,0.211380,-0.084589,0.061658,0.111281,148.399490,210.067886,-756.687744,0,0
2.960000,-3.054616,1.443182,3.067567,0.999864,0.012247,0.011055,-0.009412,-0.126919,0.991868,0.013550,-0.991837,-0.126787,0.750595,0.000944,0.008195,0.660711,-0.208027,0.341000,-0.025421,0.023842,0.030427,0.118422,-0.011055,-0.991868,0.126787,0.000000,0.000000,0.000000,-1,0.044968,-0.911102,0.470352,0.272462,-0.514349,-0.100671,146.647430,209.718658,-758.691772,0,0
3.000000,3.139406,1.415659,3.123897,0.999803,-0.019855,-0.000338,-0.002734,-0.154491,0.987990,-0.019669,-0.987795,-0.154515,0.759738,-0.007433,-0.006583,0.650153,1.253003,-1.106481,-0.234971,0.109907,0.088424,0.522075,0.000338,-0.987990,0.154515,0.000000,0.000000,0.000000,-1,0.152069,-0.951645,0.675842,1.430765,-0.597226,-0.233264,147.698669,207.623215,-756.687744,0,0
3.040000,3.100907,1.368051,-3.126736,0.999654,-0.024993,-0.008190,0.002991,-0.201337,0.979518,-0.026130,-0.979203,-0.201192,0.774949,-0.007098,-0.011072,0.631887,1.830107,0.089423,-0.250984,0.168217,0.010981,0.288859,0.008190,-0.979518,0.201192,0.000000,0.000000,0.000000,-1,0.031494,-1.156631,-0.636978,1.890124,-0.054531,-0.326938,149.100311,210.417130,-754.683716,0,0
3.080000,3.010917,1.326661,-3.069398,0.998012,-0.054594,-0.031497,0.017435,-0.241088,0.970347,-0.060568,-0.968967,-0.239657,0.787203,-0.011801,-0.029238,0.615887,-0.260067,-1.652840,-0.450909,0.038465,-0.194174,-0.824068,0.031497,-0.970347,0.239657,0.000000,0.000000,0.000000,-1,0.065186,-0.999649,0.545654,-0.181443,-0.229010,-0.706466,149.801147,209.718658,-755.351746,0,0
3.120000,2.847194,1.324409,-2.928826,0.994820,-0.072976,-0.070772,0.051504,-0.238402,0.969800,-0.087644,-0.968421,-0.233409,0.785276,-0.006836,-0.050433,0.617051,-0.093120,-0.922567,-0.593265,-0.137025,-0.035388,-0.054454,0.070772,-0.969800,0.233409,0.000000,0.000000,0.000000,-1,-0.033661,-0.940033,0.240005,-0.231441,-1.155362,-0.524094,151.377991,208.845551,-754.850769,0,0
3.160000,2.755992,1.327837,-2.861548,0.991381,-0.094744,-0.090484,0.066495,-0.231204,0.970630,-0.112882,-0.968281,-0.222911,0.781904,-0.009032,-0.065023,0.619933,-0.392899,-0.533154,-0.380038,-0.129455,0.064457,0.104710,0.090484,-0.970630,0.222911,0.000000,0.000000,0.000000,-1,0.049850,-0.863907,0.270554,-0.476658,-0.603649,-0.253696,151.903610,210.417130,-756.687744,0,0
3.200000,2.661967,1.340758,-2.785013,0.988196,-0.111345,-0.105217,0.079593,-0.213672,0.973658,-0.130894,-0.970539,-0.202287,0.775267,-0.010239,-0.076138,0.626944,-0.550778,-0.489489,-0.246594,-0.036201,0.099161,0.054778,0.105217,-0.973658,0.202287,0.000000,0.000000,0.000000,-1,0.041977,-0.918991,0.317581,-0.574472,-0.245411,-0.327632,151.377991,209.544037,-756.186768,0,0
3.240000,2.527738,1.355434,-2.658824,0.985243,-0.118925,-0.123097,0.099207,-0.189278,0.976899,-0.139477,-0.974695,-0.174687,0.766356,-0.006432,-0.085657,0.636647,-0.437365,-0.393177,-0.358905,-0.083210,0.026460,0.121547,0.123097,-0.976899,0.174687,0.000000,0.000000,0.000000,-1,0.104828,-0.983536,0.314209,-0.387847,-0.679098,-0.370280,151.728409,209.194794,-756.854797,0,0
3.280000,2.435940,1.356345,-2.581034,0.981594,-0.132004,-0.138015,0.113143,-0.180243,0.977093,-0.153856,-0.974724,-0.161990,0.762205,-0.006186,-0.095732,0.640188,-0.316634,-0.482395,-0.466205,-0.022475,0.001050,0.153898,0.138015,-0.977093,0.161990,0.000000,0.000000,0.000000,-1,0.109085,-0.935043,0.289749,-0.279696,-0.621980,-0.460018,153.830887,208.845551,-757.188782,0,0
3.320000,2.320831,1.351761,-2.488234,0.975395,-0.152741,-0.158982,0.132080,-0.172537,0.976108,-0.176522,-0.973089,-0.148117,0.757636,-0.006818,-0.110707,0.643184,-0.247459,-0.736847,-0.403003,-0.044694,0.049075,0.150344,0.158982,-0.976108,0.148117,0.000000,0.000000,0.000000,-1,0.133453,-0.930939,0.338837,-0.352616,-0.689638,-0.329136,152.429230,208.845551,-758.190796,0,0
3.360000,2.239094,1.350370,-2.425017,0.970293,-0.170534,-0.171610,0.143608,-0.164872,0.975804,-0.194701,-0.971461,-0.135484,0.753433,-0.008934,-0.121547,0.646130,-0.335274,-0.712300,-0.293647,-0.038157,0.044866,0.203353,0.171610,-0.975804,0.135484,0.000000,0.000000,0.000000,-1,0.150299,-0.945343,0.361984,-0.364127,-0.906841,-0.235485,154.356491,209.020172,-757.689819,0,0
3.400000,2.108033,1.351109,-2.330125,0.960462,-0.206056,-0.187225,0.158061,-0.150027,0.975965,-0.229192,-0.966971,-0.111526,0.745321,-0.016099,-0.139677,0.651711,-0.331633,-0.738617,-0.168049,0.015244,0.039305,0.256852,0.187225,-0.975965,0.111526,0.000000,0.000000,0.000000,-1,0.267715,-0.976837,0.402267,-0.291632,-1.000030,-0.163531,154.006088,209.369415,-759.025818,0,0
3.440000,2.037058,1.351586,-2.284082,0.953479,-0.230532,-0.194246,0.164446,-0.142288,0.976069,-0.252655,-0.962605,-0.097759,0.740528,-0.022311,-0.150872,0.654491,-0.236089,-1.118112,-0.128032,0.073469,-0.000768,0.304509,0.194246,-0.976069,0.097759,0.000000,0.000000,0.000000,-1,0.115250,-1.077866,0.397354,-0.230046,-1.307427,-0.121337,155.057327,209.020172,-760.695801,0,0
3.480000,1.939888,1.354276,-2.243877,0.937123,-0.285753,-0.200365,0.167978,-0.133926,0.976651,-0.305915,-0.948899,-0.077505,0.732897,-0.040174,-0.172698,0.656828,-0.105242,-1.057242,0.162773,-0.134172,-0.067859,0.334391,0.200365,-0.976651,0.077505,0.000000,0.000000,0.000000,-1,0.004578,-0.898041,0.497864,-0.053993,-0.907171,0.247217,153.480469,207.797836,-759.860840,0,0
3.520000,1.932593,1.361943,-2.257613,0.931928,-0.306441,-0.193916,0.160329,-0.131469,0.978269,-0.325276,-0.942767,-0.073389,0.730887,-0.049978,-0.177590,0.657090,0.088136,-0.557656,0.311563,-0.189339,0.080228,0.424475,0.193916,-0.978269,0.073389,0.000000,0.000000,0.000000,-1,-0.127365,-0.978577,0.424622,0.129218,-0.693993,0.295294,152.604431,207.972458,-760.361816,0,0
3.560000,1.989022,1.369194,-2.340786,0.925480,-0.331671,-0.182981,0.143756,-0.139392,0.979747,-0.350460,-0.933040,-0.081325,0.732495,-0.064135,-0.182063,0.652833,0.394035,0.099358,0.097801,-0.347654,0.029491,0.341389,0.182981,-0.979747,0.081325,0.000000,0.000000,0.000000,-1,-0.053650,-0.971481,0.337143,0.451608,0.563135,0.103107,153.305267,209.020172,-758.023804,0,0
3.600000,2.115703,1.366133,-2.442159,0.935695,-0.307030,-0.173804,0.130841,-0.155518,0.979129,-0.327652,-0.938907,-0.105346,0.741040,-0.059440,-0.169173,0.647076,0.615956,1.051874,0.393152,-0.175284,0.026890,0.252503,0.173804,-0.979129,0.105346,0.000000,0.000000,0.000000,-1,0.112839,-1.034927,0.402740,0.727303,1.174616,0.632359,152.429230,208.147064,-758.524780,0,0
3.640000,2.324103,1.371881,-2.611624,0.951679,-0.271166,-0.144140,0.099891,-0.170499,0.980282,-0.273781,-0.950598,-0.146316,0.754937,-0.056812,-0.133193,0.639611,0.891458,1.876105,1.393736,0.026142,-0.125412,0.234177,0.128430,-0.980866,0.146316,0.000000,0.000000,0.000000,-1,0.239014,-1.035080,0.128052,0.932650,1.950098,1.646701,151.377991,206.750107,-756.854797,0,0
3.680000,2.868275,1.371865,-3.071060,0.979134,-0.196087,-0.053343,0.013927,-0.197130,0.980278,-0.202736,-0.960567,-0.190286,0.769180,-0.059206,-0.083231,0.630817,1.018096,1.426763,1.517760,0.222749,-0.031211,-0.116250,0.053343,-0.980278,0.190286,0.000000,0.000000,0.000000,-1,0.351303,-1.105194,0.109543,1.604657,0.442978,0.561104,147.873871,208.147064,-754.850769,0,0
3.720000,3.027252,1.309996,3.077139,0.984307,-0.173993,-0.029419,-0.016608,-0.257319,0.966184,-0.175680,-0.950533,-0.256171,0.790221,-0.060300,-0.064887,0.606386,2.158884,0.637370,-0.302763,0.344086,-0.224261,-0.138190,0.029419,-0.966184,0.256171,0.000000,0.000000,0.000000,-1,0.046677,-1.488312,0.031815,2.145847,0.739551,-0.340786,147.698669,207.273972,-753.013733,0,0
3.760000,3.047223,1.250218,3.086845,0.989165,-0.143772,-0.029693,-0.017243,-0.314643,0.949053,-0.145790,-0.938259,-0.313713,0.808938,-0.049761,-0.054233,0.583269,1.700984,1.228909,-0.336552,0.016983,-0.539258,-0.281898,0.029693,-0.949053,0.313713,0.000000,0.000000,0.000000,-1,-0.233963,-1.193283,-0.041412,1.534940,1.343844,-0.352736,146.997849,207.972458,-750.007690,0,0
3.800000,3.122115,1.190820,3.079844,0.996789,-0.079751,-0.007224,-0.022888,-0.370191,0.928674,-0.076737,-0.925526,-0.370828,0.827316,-0.031016,-0.025371,0.560306,0.501868,0.949988,0.326791,-0.225394,-0.153938,-0.389428,0.007224,-0.928674,0.370828,0.000000,0.000000,0.000000,-1,-0.250336,-0.825684,0.308548,-0.154550,0.750456,0.591871,145.596191,208.321686,-749.339661,0,0
3.840000,-3.059887,1.196515,3.013116,0.998183,-0.052357,0.029839,-0.046842,-0.362591,0.930771,-0.037913,-0.930477,-0.364384,0.825403,-0.030046,-0.002446,0.563739,-0.501817,1.355679,0.797677,-0.170479,0.171692,0.013896,-0.029839,-0.930771,0.364384,0.000000,0.000000,0.000000,-1,0.031555,-0.658707,0.385162,-0.581527,1.434668,0.846654,144.019348,207.448593,-748.170654,0,0
3.880000,-2.913622,1.205230,2.918290,0.996682,-0.009895,0.080790,-0.079164,-0.348603,0.933921,0.018923,-0.937218,-0.348229,0.820596,-0.027132,0.030378,0.570055,0.098616,1.205080,0.758763,0.145610,0.267524,0.049140,-0.080790,-0.933921,0.348229,0.000000,0.000000,0.000000,-1,0.055084,-0.661789,0.358215,0.903280,0.554382,0.623645,141.391251,207.972458,-747.669678,0,0
3.920000,-2.859161,1.164231,2.884145,0.993904,0.003012,0.110211,-0.100689,-0.382424,0.918484,0.044914,-0.923982,-0.379789,0.830078,-0.029418,0.046720,0.554908,1.305093,0.041463,0.369906,0.175732,0.280453,-0.110167,-0.110211,-0.918484,0.379789,0.000000,0.000000,0.000000,-1,0.044464,-0.744080,0.155319,0.740284,-0.038019,0.090938,139.814407,208.147064,-747.502625,0,0
3.960000,-2.863361,1.137340,2.896271,0.993290,0.008264,0.115358,-0.102007,-0.407434,0.907520,0.054501,-0.913197,-0.403857,0.837344,-0.027988,0.050714,0.543599,0.196694,0.503961,-0.159269,0.180742,0.149097,-0.194446,-0.115358,-0.907520,0.403857,0.000000,0.000000,0.000000,-1,0.041229,-0.710510,0.326950,0.098031,0.479792,-0.323425,140.690430,207.273972,-747.001648,0,0
4.000000,-2.872331,1.139757,2.926429,0.993342,0.030300,0.107758,-0.082631,-0.406428,0.909939,0.079544,-0.912838,-0.400500,0.836709,-0.012951,0.055964,0.544627,-0.198581,0.690794,-0.703571,0.102112,0.208065,-0.041277,-0.107758,-0.909939,0.400500,0.000000,0.000000,0.000000,-1,-0.229507,-0.616074,0.424591,-0.397147,0.581847,-0.840713,141.040848,207.273972,-746.667603,0,1
4.040000,-2.915486,1.166929,3.009905,0.993178,0.076399,0.088100,-0.051601,-0.389575,0.919548,0.104574,-0.917820,-0.382975,0.831524,0.007456,0.057928,0.552410,-0.544647,0.580346,-0.822649,-0.258824,0.323662,0.074117,-0.088100,-0.919548,0.382975,0.000000,0.000000,0.000000,-1,-0.743164,-0.675842,0.528961,-0.684735,0.287407,-0.638363,140.690430,206.575485,-747.669678,0,0
4.080000,-2.951377,1.197050,3.059375,0.993102,0.094780,0.069031,-0.029984,-0.363872,0.930966,0.113355,-0.926614,-0.358520,0.823938,0.019660,0.055340,0.563629,-0.564832,-0.242754,-0.366632,-0.759461,0.170651,0.182007,-0.069031,-0.930966,0.358520,0.000000,0.000000,0.000000,-1,-0.801895,-1.211365,0.797043,-0.288417,-0.455874,0.014810,141.216049,207.099350,-747.168640,0,0
4.120000,-2.925949,1.176105,3.023671,0.993294,0.081229,0.082279,-0.045239,-0.381853,0.923115,0.106402,-0.920647,-0.375617,0.829271,0.010850,0.056881,0.555838,1.426797,-0.318699,0.577615,-0.235287,-0.238262,0.272378,-0.082279,-0.923115,0.375617,0.000000,0.000000,0.000000,-1,0.163177,-1.032181,0.524307,1.424275,0.869401,0.002716,138.938370,207.972458,-746.667603,0,0
4.160000,-2.919757,1.132864,3.058225,0.988700,0.117335,0.093304,-0.035313,-0.422595,0.905631,0.145692,-0.898691,-0.413676,0.840382,0.024400,0.071097,0.536756,0.216695,1.649188,-0.730556,0.163830,-0.039087,-0.057429,-0.093304,-0.905631,0.413676,0.000000,0.000000,0.000000,-1,-0.278458,-1.273483,0.240067,-0.958135,1.343618,-1.181549,139.639191,206.924728,-745.665649,0,0
4.200000,-2.942970,1.178152,-3.136499,0.979398,0.187295,0.075501,0.001949,-0.382628,0.923900,0.201931,-0.904719,-0.375110,0.827215,0.057193,0.083845,0.552644,-1.364637,1.318957,-1.048835,-0.266983,-0.611485,-0.115589,-0.075501,-0.923900,0.375110,0.000000,0.000000,0.000000,-1,-0.121887,-1.419647,0.206329,-1.260477,1.066404,-0.098355,139.463989,208.147064,-745.498596,0,0
4.240000,-2.816769,1.218734,3.038793,0.973445,0.200732,0.110051,-0.035387,-0.343014,0.938664,0.226169,-0.917632,-0.326802,0.812905,0.050850,0.103401,0.570883,-1.402220,-0.276523,1.161740,0.236424,0.026631,-0.124394,-0.110051,-0.938664,0.326802,0.000000,0.000000,0.000000,-1,0.411667,-0.539337,0.242355,-1.156853,-1.083477,0.757988,135.959869,207.797836,-749.172668,0,0
