0.000000,-0.894920,-1.544388,-0.861578,0.999238,0.033159,0.020601,0.020038,0.017196,-0.999651,-0.033501,0.999302,0.016519,-0.700985,-0.018972,0.004601,0.712908,-0.002252,-0.005308,0.002299,-0.000640,0.010755,0.000619,-0.020601,0.999651,-0.016519,0.000000,0.000000,0.000000,-1,-0.018814,1.011124,-0.012695,-0.004305,-0.107069,0.007977,146.472229,277.645844,-807.289490,0,0
0.040000,-0.898233,-1.544556,-0.864768,0.999235,0.033284,0.020524,0.019965,0.017024,-0.999656,-0.033622,0.999301,0.016346,-0.701047,-0.018989,0.004671,0.712847,-0.003316,-0.007427,0.003384,0.001710,0.011468,0.003651,-0.020524,0.999656,-0.016346,0.000000,0.000000,0.000000,-1,-0.018768,1.012512,-0.010529,-0.005364,-0.101768,0.007964,144.369751,277.645844,-806.955505,0,0
0.080000,-0.907003,-1.545031,-0.873336,0.999233,0.033492,0.020292,0.019746,0.016546,-0.999668,-0.033817,0.999302,0.015872,-0.701216,-0.018981,0.004822,0.712680,-0.005423,-0.007412,0.002337,-0.000414,0.011944,0.003696,-0.020292,0.999668,-0.015872,0.000000,0.000000,0.000000,-1,-0.020798,1.008377,-0.014328,-0.009631,-0.109193,0.005918,146.822647,276.947357,-806.287476,0,0
0.120000,-0.915271,-1.545215,-0.881367,0.999225,0.033733,0.020277,0.019737,0.016271,-0.999673,-0.034052,0.999298,0.015592,-0.701313,-0.019061,0.004910,0.712581,-0.004358,-0.007411,0.003388,-0.002428,0.008079,0.002393,-0.020277,0.999673,-0.015592,0.000000,0.000000,0.000000,-1,-0.019516,1.012451,-0.012939,-0.001110,-0.110247,0.010083,144.544968,277.820465,-806.788452,0,0
0.160000,-0.912261,-1.545620,-0.877878,0.999216,0.034217,0.019910,0.019368,0.016081,-0.999683,-0.034526,0.999285,0.015405,-0.701379,-0.019100,0.005210,0.712514,-0.000110,-0.007412,0.003344,0.005231,0.015026,0.002191,-0.019910,0.999683,-0.015405,0.000000,0.000000,0.000000,-1,-0.016556,1.013992,-0.012512,-0.006430,-0.104949,0.007991,145.070587,278.344330,-806.287476,0,0
0.200000,-0.919088,-1.546197,-0.884447,0.999214,0.034482,0.019556,0.019027,0.015587,-0.999697,-0.034776,0.999284,0.014919,-0.701553,-0.019068,0.005424,0.712341,-0.008589,-0.009504,0.005570,0.000070,0.011213,0.002834,-0.019556,0.999697,-0.014919,0.000000,0.000000,0.000000,-1,-0.023422,1.009445,-0.012711,-0.007476,-0.109182,0.013340,144.895370,276.423523,-807.456482,0,0
0.240000,-0.926817,-1.546491,-0.891874,0.999206,0.034788,0.019435,0.018914,0.015261,-0.999705,-0.035075,0.999278,0.014591,-0.701668,-0.019134,0.005572,0.712225,-0.004334,-0.009503,0.006584,-0.001134,0.009054,0.002674,-0.019435,0.999705,-0.014591,0.000000,0.000000,0.000000,-1,-0.016724,1.007477,-0.012497,-0.000063,-0.104954,0.004729,144.895370,277.820465,-807.122498,0,0
0.280000,-0.927838,-1.546688,-0.892539,0.999196,0.035146,0.019292,0.018770,0.015125,-0.999709,-0.035428,0.999268,0.014453,-0.701715,-0.019209,0.005748,0.712175,0.002013,-0.008455,-0.000934,0.001836,0.008500,0.002536,-0.019292,0.999709,-0.014453,0.000000,0.000000,0.000000,-1,-0.017807,1.009552,-0.009338,0.005243,-0.107077,0.002553,144.194550,277.471222,-806.120483,0,0
0.320000,-0.926977,-1.546726,-0.891314,0.999184,0.035510,0.019250,0.018723,0.015124,-0.999710,-0.035791,0.999255,0.014447,-0.701714,-0.019321,0.005893,0.712172,0.006279,-0.006329,0.003264,-0.000113,0.014526,0.001645,-0.019250,0.999710,-0.014447,0.000000,0.000000,0.000000,-1,-0.020447,1.017914,-0.013000,-0.000049,-0.107068,0.008993,146.647430,278.169708,-806.454468,0,0
0.360000,-0.926127,-1.546941,-0.890240,0.999179,0.035736,0.019066,0.018539,0.015009,-0.999716,-0.036012,0.999249,0.014334,-0.701754,-0.019335,0.006037,0.712131,-0.000098,0.000031,0.003306,0.002891,0.014613,0.002859,-0.019066,0.999716,-0.014334,0.000000,0.000000,0.000000,-1,-0.007706,1.004288,-0.008667,-0.001114,-0.099650,0.006844,144.369751,276.947357,-807.289490,0,0
0.400000,-0.929532,-1.547755,-0.893646,0.999190,0.035745,0.018462,0.017956,0.014436,-0.999735,-0.036002,0.999257,0.013782,-0.701957,-0.019125,0.006247,0.711935,0.003077,-0.002084,-0.006293,0.012664,0.004446,0.010990,-0.018462,0.999735,-0.013782,0.000000,0.000000,0.000000,-1,-0.016739,1.013474,-0.011841,0.005231,-0.101783,-0.001726,144.720169,277.296600,-806.621460,0,0
0.440000,-0.922786,-1.547723,-0.886878,0.999191,0.035765,0.018394,0.017882,0.014577,-0.999734,-0.036024,0.999254,0.013926,-0.701906,-0.019108,0.006279,0.711986,0.008445,0.000057,0.007469,-0.003609,0.022727,-0.002706,-0.018394,0.999734,-0.013926,0.000000,0.000000,0.000000,-1,-0.032166,1.025223,-0.024033,-0.005295,-0.099621,0.026037,145.420990,277.645844,-806.287476,0,0
0.480000,-0.917461,-1.547619,-0.881553,0.999191,0.035764,0.018402,0.017885,0.014738,-0.999731,-0.036026,0.999252,0.014087,-0.701849,-0.019110,0.006278,0.712042,-0.019164,-0.002055,0.014150,-0.009582,0.007272,-0.005063,-0.018402,0.999731,-0.014087,0.000000,0.000000,0.000000,-1,-0.022354,0.993134,-0.016769,-0.013865,-0.100707,0.009117,146.121811,276.598145,-806.621460,0,0
0.520000,-0.930006,-1.547405,-0.893899,0.999177,0.035962,0.018750,0.018233,0.014651,-0.999726,-0.036227,0.999246,0.013983,-0.701880,-0.019303,0.006225,0.712006,0.012625,-0.008457,-0.012768,0.000790,-0.005616,-0.000681,-0.018750,0.999726,-0.013983,0.000000,0.000000,0.000000,-1,-0.020248,1.006912,-0.016724,0.015833,-0.109214,-0.008191,144.544968,277.121979,-806.454468,0,0
0.560000,-0.920343,-1.546735,-0.884033,0.999163,0.036156,0.019147,0.018605,0.015255,-0.999711,-0.036438,0.999230,0.014569,-0.701666,-0.019511,0.006161,0.712212,0.025435,-0.003118,-0.009756,-0.001514,0.015808,-0.000293,-0.019147,0.999711,-0.014569,0.000000,0.000000,0.000000,-1,-0.020050,1.019455,-0.013672,0.016937,-0.102838,0.001341,145.245789,277.820465,-806.120483,0,0
0.600000,-0.907842,-1.546332,-0.871243,0.999150,0.036439,0.019280,0.018716,0.015750,-0.999701,-0.036731,0.999212,0.015055,-0.701489,-0.019656,0.006219,0.712382,-0.000047,-0.009464,0.001190,0.001336,0.019785,0.002466,-0.019280,0.999701,-0.015055,0.000000,0.000000,0.000000,-1,-0.014191,1.013199,-0.010391,-0.003260,-0.109196,0.003720,144.720169,278.693542,-805.285461,0,0
0.640000,-0.916616,-1.546855,-0.879775,0.999146,0.036688,0.018997,0.018447,0.015257,-0.999713,-0.036967,0.999210,0.014567,-0.701663,-0.019644,0.006403,0.712210,-0.004299,-0.006283,0.002290,0.006011,0.013363,0.007167,-0.018997,0.999713,-0.014567,0.000000,0.000000,0.000000,-1,-0.015961,1.006927,-0.011063,0.001014,-0.107068,0.008982,145.245789,277.471222,-806.454468,0,0
0.680000,-0.901043,-1.547191,-0.863758,0.999139,0.037134,0.018504,0.017945,0.015332,-0.999721,-0.037407,0.999193,0.014653,-0.701633,-0.019625,0.006735,0.712237,0.004208,-0.012642,0.004357,0.002238,0.011646,0.000080,-0.018504,0.999721,-0.014653,0.000000,0.000000,0.000000,-1,-0.016785,1.011063,-0.014877,0.006316,-0.110253,0.005747,145.245789,278.169708,-807.122498,0,0
0.720000,-0.887838,-1.547213,-0.850171,0.999129,0.037516,0.018292,0.017719,0.015560,-0.999722,-0.037790,0.999175,0.014882,-0.701549,-0.019683,0.006948,0.712315,0.005301,-0.007306,-0.001016,0.003033,0.012378,-0.001903,-0.018292,0.999722,-0.014882,0.000000,0.000000,0.000000,-1,-0.016708,1.008698,-0.014435,0.004185,-0.106016,0.003623,144.720169,277.995087,-806.621460,0,0
0.760000,-0.880907,-1.547177,-0.842984,0.999120,0.037771,0.018216,0.017633,0.015711,-0.999721,-0.038047,0.999163,0.015031,-0.701495,-0.019745,0.007067,0.712366,0.008484,-0.009428,-0.002104,0.001508,0.008976,0.000596,-0.018216,0.999721,-0.015031,0.000000,0.000000,0.000000,-1,-0.017868,1.012726,-0.016220,0.006307,-0.111317,0.003624,143.318527,276.947357,-805.285461,0,0
0.800000,-0.867555,-1.547210,-0.829304,0.999112,0.038099,0.017989,0.017392,0.015928,-0.999722,-0.038375,0.999147,0.015251,-0.701415,-0.019778,0.007266,0.712442,0.002130,0.001179,0.002176,0.004012,0.014347,-0.000236,-0.017989,0.999722,-0.015252,0.000000,0.000000,0.000000,-1,-0.019302,1.009140,-0.014877,-0.001120,-0.101772,0.005790,144.720169,277.296600,-806.287476,0,0
0.840000,-0.864611,-1.547208,-0.826311,0.999111,0.038147,0.017945,0.017346,0.015982,-0.999722,-0.038424,0.999144,0.015306,-0.701396,-0.019780,0.007299,0.712460,0.004291,-0.001967,0.000014,-0.002715,0.007648,0.000078,-0.017945,0.999722,-0.015306,0.000000,0.000000,0.000000,-1,-0.021423,1.008438,-0.016632,0.003121,-0.101776,0.002552,145.771408,278.344330,-805.285461,0,0
0.880000,-0.861601,-1.546755,-0.823177,0.999101,0.038265,0.018243,0.017628,0.016344,-0.999711,-0.038552,0.999134,0.015655,-0.701267,-0.019926,0.007240,0.712583,0.006404,-0.003033,-0.003198,-0.001914,0.013427,0.000457,-0.018243,0.999711,-0.015655,0.000000,0.000000,0.000000,-1,-0.020050,1.016190,-0.018509,0.003119,-0.103897,0.002562,145.070587,278.693542,-806.287476,0,0
0.920000,-0.856359,-1.546462,-0.817823,0.999094,0.038373,0.018382,0.017754,0.016638,-0.999704,-0.038668,0.999125,0.015942,-0.701162,-0.020012,0.007233,0.712684,0.003227,-0.005150,0.000037,-0.003026,0.018240,-0.003681,-0.018382,0.999704,-0.015942,0.000000,0.000000,0.000000,-1,-0.021515,1.011063,-0.018127,-0.002177,-0.104949,0.007944,145.771408,276.248901,-805.619507,0,0
0.960000,-0.853855,-1.546363,-0.815076,0.999084,0.038616,0.018416,0.017780,0.016755,-0.999701,-0.038913,0.999114,0.016053,-0.701120,-0.020109,0.007308,0.712722,0.001117,-0.006204,0.004318,-0.000550,0.008340,-0.001525,-0.018416,0.999701,-0.016053,0.000000,0.000000,0.000000,-1,-0.016113,1.007919,-0.017517,-0.000056,-0.106011,0.006861,143.143311,277.820465,-806.788452,0,0
1.000000,-0.847080,-1.546349,-0.808110,0.999079,0.038805,0.018318,0.017673,0.016888,-0.999701,-0.039103,0.999104,0.016187,-0.701071,-0.020140,0.007412,0.712768,0.003236,-0.001969,0.001085,0.000831,0.010812,0.000501,-0.018318,0.999701,-0.016187,0.000000,0.000000,0.000000,-1,-0.018311,1.013596,-0.020294,0.003132,-0.097532,0.004661,143.493729,276.423523,-806.454468,0,0
1.040000,-0.837626,-1.546189,-0.798760,0.999084,0.038700,0.018283,0.017629,0.017164,-0.999697,-0.039002,0.999103,0.016466,-0.700973,-0.020090,0.007389,0.712866,0.000101,0.002314,0.002134,-0.000256,0.011564,-0.000562,-0.018283,0.999697,-0.016466,0.000000,0.000000,0.000000,-1,-0.019394,1.011002,-0.017090,-0.002173,-0.094349,0.006832,144.895370,276.074280,-806.120483,0,0
1.080000,-0.838513,-1.546145,-0.799855,0.999091,0.038491,0.018330,0.017679,0.017175,-0.999696,-0.038794,0.999111,0.016479,-0.700970,-0.020033,0.007299,0.712872,0.002225,0.004431,0.001035,-0.002682,0.011107,0.003494,-0.018330,0.999696,-0.016479,0.000000,0.000000,0.000000,-1,-0.015350,1.012802,-0.016953,0.004195,-0.097532,0.004649,144.194550,277.471222,-806.120483,0,0
1.120000,-0.836353,-1.546187,-0.797745,0.999094,0.038441,0.018263,0.017613,0.017183,-0.999697,-0.038743,0.999113,0.016491,-0.700967,-0.019992,0.007304,0.712876,0.003286,0.002311,0.001034,0.002913,0.013105,-0.000462,-0.018263,0.999697,-0.016491,0.000000,0.000000,0.000000,-1,-0.019958,1.011124,-0.016586,0.001008,-0.094352,0.004670,144.720169,277.296600,-807.957520,0,0
1.160000,-0.837901,-1.546068,-0.799619,0.999104,0.038115,0.018377,0.017730,0.017233,-0.999694,-0.038420,0.999125,0.016542,-0.700951,-0.019918,0.007148,0.712895,0.002211,0.003365,-0.002151,-0.005747,0.012574,-0.000090,-0.018377,0.999694,-0.016542,0.000000,0.000000,0.000000,-1,-0.016418,1.009506,-0.011047,0.004174,-0.103900,0.000423,144.369751,276.598145,-805.619507,0,0
1.200000,-0.843979,-1.545960,-0.805597,0.999097,0.038213,0.018558,0.017911,0.017202,-0.999692,-0.038520,0.999122,0.016502,-0.700962,-0.020017,0.007119,0.712882,0.009654,0.003400,-0.011839,0.007908,0.009204,0.010154,-0.018558,0.999692,-0.016502,0.000000,0.000000,0.000000,-1,0.005692,1.012375,-0.001404,0.008397,-0.090133,-0.010323,145.420990,277.296600,-806.621460,0,0
1.240000,-0.842111,-1.546918,-0.804251,0.999130,0.037704,0.017813,0.017198,0.016562,-0.999715,-0.037988,0.999152,0.015899,-0.701190,-0.019575,0.007193,0.712669,0.004342,0.010823,-0.009672,0.021444,0.015681,0.011992,-0.017813,0.999715,-0.015899,0.000000,0.000000,0.000000,-1,-0.015121,1.030884,-0.006226,-0.002176,-0.097529,0.006846,145.070587,278.693542,-806.621460,0,0
1.280000,-0.847601,-1.547724,-0.809770,0.999140,0.037685,0.017296,0.016706,0.015911,-0.999734,-0.037950,0.999163,0.015268,-0.701420,-0.019386,0.007361,0.712446,-0.010414,0.001337,0.027765,-0.009636,0.033118,0.010125,-0.017296,0.999734,-0.015268,0.000000,0.000000,0.000000,-1,-0.029755,1.019302,-0.010498,-0.020120,-0.090058,0.039986,145.070587,278.693542,-807.957520,0,0
1.320000,-0.908220,-1.549682,-0.870761,0.999164,0.037338,0.016646,0.016147,0.013602,-0.999777,-0.037556,0.999210,0.012988,-0.702242,-0.019041,0.007444,0.711645,-0.020009,-0.013447,0.017257,-0.011415,-0.006583,0.000628,-0.016646,0.999777,-0.012988,0.000000,0.000000,0.000000,-1,-0.033707,0.992722,-0.014542,-0.008550,-0.122965,0.013414,145.596191,276.772766,-806.120483,0,0
1.360000,-0.924047,-1.549110,-0.885766,0.999122,0.038153,0.017305,0.016793,0.013720,-0.999765,-0.038381,0.999178,0.013067,-0.702199,-0.019562,0.007504,0.711672,0.009687,-0.035734,0.002130,-0.017042,-0.002145,-0.004343,-0.017305,0.999765,-0.013067,0.000000,0.000000,0.000000,-1,-0.024918,1.019806,-0.016861,0.009485,-0.136758,0.005831,144.895370,278.169708,-804.450439,0,0
1.400000,-0.914036,-1.548324,-0.874238,0.999055,0.039659,0.017796,0.017236,0.014417,-0.999748,-0.039906,0.999109,0.013719,-0.701947,-0.020263,0.007874,0.711897,0.004376,-0.038914,0.003262,-0.003292,0.016595,-0.003859,-0.017796,0.999748,-0.013719,0.000000,0.000000,0.000000,-1,-0.012131,1.008133,-0.018005,0.000991,-0.143113,0.010208,146.297028,278.169708,-806.788452,0,0
1.440000,-0.888841,-1.548458,-0.846671,0.998966,0.042029,0.017341,0.016732,0.014798,-0.999751,-0.042275,0.999007,0.014079,-0.701799,-0.020932,0.008882,0.712012,0.008613,-0.056940,0.002235,0.004295,0.002111,-0.001897,-0.017341,0.999750,-0.014079,0.000000,0.000000,0.000000,-1,-0.014908,1.006088,-0.013870,0.010526,-0.161145,0.004866,144.544968,276.772766,-805.452454,0,0
1.480000,-0.875166,-1.548351,-0.831125,0.998887,0.043897,0.017229,0.016579,0.015128,-0.999748,-0.044147,0.998921,0.014384,-0.701672,-0.021547,0.009591,0.712109,0.009662,-0.065425,0.000136,0.000139,0.013725,-0.000112,-0.017229,0.999748,-0.014383,0.000000,0.000000,0.000000,-1,-0.014023,1.020798,-0.016449,0.006278,-0.165382,0.007060,143.493729,277.820465,-807.456482,0,0
1.520000,-0.864075,-1.548460,-0.817503,0.998777,0.046425,0.016985,0.016291,0.015277,-0.999751,-0.046673,0.998805,0.014502,-0.701605,-0.022348,0.010579,0.712137,-0.005181,-0.062153,0.004510,0.004534,0.018972,-0.001321,-0.016985,0.999751,-0.014502,0.000000,0.000000,0.000000,-1,-0.004074,1.007080,-0.016052,-0.008597,-0.159019,0.008258,144.019348,277.995087,-806.955505,0,0
1.560000,-0.838072,-1.549338,-0.788718,0.998661,0.049214,0.015950,0.015222,0.015122,-0.999770,-0.049444,0.998674,0.014352,-0.701639,-0.022959,0.011934,0.712063,0.004375,-0.047321,-0.002035,0.011433,0.005464,0.003122,-0.015950,0.999770,-0.014352,0.000000,0.000000,0.000000,-1,-0.002808,1.005035,-0.009827,0.008396,-0.138888,-0.000529,143.668930,277.995087,-807.957520,0,0
1.600000,-0.824675,-1.549514,-0.774263,0.998613,0.050272,0.015627,0.014879,0.015215,-0.999774,-0.050498,0.998620,0.014445,-0.701597,-0.023215,0.012426,0.712087,0.017112,-0.029311,-0.010761,0.011156,0.005277,0.007899,-0.015627,0.999774,-0.014445,0.000000,0.000000,0.000000,-1,-0.000153,1.008392,-0.002823,0.019001,-0.127241,-0.010272,144.369751,277.645844,-806.955505,0,0
1.640000,-0.812085,-1.549601,-0.760875,0.998577,0.051070,0.015380,0.014614,0.015349,-0.999775,-0.051295,0.998577,0.014581,-0.701542,-0.023407,0.012798,0.712128,0.019214,-0.024020,-0.017184,0.015228,0.008617,0.011758,-0.015380,0.999775,-0.014581,0.000000,0.000000,0.000000,-1,-0.005661,1.022247,-0.014740,0.015819,-0.111339,-0.011373,144.544968,277.121979,-805.452454,0,0
1.680000,-0.793799,-1.549801,-0.742466,0.998577,0.051195,0.014969,0.014194,0.015468,-0.999780,-0.051415,0.998569,0.014719,-0.701496,-0.023303,0.012989,0.712173,0.000170,0.014248,-0.002273,0.004364,0.017737,0.000529,-0.014969,0.999780,-0.014719,0.000000,0.000000,0.000000,-1,-0.010895,1.007370,-0.011536,-0.003237,-0.083750,0.004669,142.092072,278.169708,-806.788452,0,0
1.720000,-0.797164,-1.549995,-0.746306,0.998602,0.050722,0.014880,0.014122,0.015271,-0.999784,-0.050939,0.998596,0.014534,-0.701569,-0.023107,0.012849,0.712111,0.003347,0.016364,-0.005508,0.002169,0.002505,0.006935,-0.014880,0.999784,-0.014534,0.000000,0.000000,0.000000,-1,-0.011551,1.003006,-0.007812,0.013718,-0.083772,-0.010410,145.420990,277.296600,-805.953491,0,0
1.760000,-0.799588,-1.549794,-0.749209,0.998623,0.050242,0.015059,0.014303,0.015377,-0.999779,-0.050463,0.998619,0.014638,-0.701536,-0.023001,0.012617,0.712151,0.018180,0.016344,-0.018434,0.003508,0.003227,0.006825,-0.015059,0.999779,-0.014638,0.000000,0.000000,0.000000,-1,-0.019852,1.017319,-0.015884,0.022205,-0.080600,-0.015837,144.194550,277.820465,-805.786499,0,0
1.800000,-0.801025,-1.548483,-0.751443,0.998649,0.049431,0.016021,0.015232,0.016303,-0.999751,-0.049680,0.998644,0.015528,-0.701217,-0.023054,0.012000,0.712474,0.019264,0.013232,-0.013142,-0.004807,0.020070,0.000818,-0.016021,0.999751,-0.015528,0.000000,0.000000,0.000000,-1,-0.017929,1.012009,-0.012329,0.014787,-0.085889,-0.008285,145.245789,277.820465,-805.452454,0,0
1.840000,-0.809576,-1.547786,-0.760710,0.998674,0.048708,0.016658,0.015863,0.016666,-0.999735,-0.048973,0.998674,0.015871,-0.701095,-0.023025,0.011523,0.712603,0.008632,0.020651,-0.014123,0.000606,0.009267,0.004259,-0.016658,0.999735,-0.015871,0.000000,0.000000,0.000000,-1,-0.016785,1.004440,-0.010925,0.006281,-0.081650,-0.009274,144.019348,276.598145,-807.623535,0,0
1.880000,-0.814605,-1.547391,-0.766284,0.998695,0.048159,0.017024,0.016229,0.016862,-0.999726,-0.048433,0.998697,0.016058,-0.701031,-0.022962,0.011201,0.712674,0.017112,0.015341,-0.019510,0.000240,0.004714,0.005133,-0.017024,0.999726,-0.016058,0.000000,0.000000,0.000000,-1,-0.027344,1.016159,-0.021301,0.019012,-0.085901,-0.015778,144.544968,277.121979,-807.790527,0,0
1.920000,-0.824509,-1.545572,-0.776680,0.998693,0.047645,0.018518,0.017678,0.017989,-0.999682,-0.047963,0.998702,0.017123,-0.700639,-0.023308,0.010506,0.713058,0.011806,0.010044,-0.016242,-0.010153,0.019468,-0.004361,-0.018518,0.999682,-0.017123,0.000000,0.000000,0.000000,-1,-0.023392,1.005463,-0.018738,0.008393,-0.090135,-0.011387,144.720169,277.296600,-806.955505,0,0
1.960000,-0.837545,-1.544267,-0.790099,0.998689,0.047244,0.019709,0.018845,0.018669,-0.999648,-0.047596,0.998709,0.017754,-0.700405,-0.023590,0.009954,0.713287,0.023458,0.006846,-0.026996,-0.002569,-0.001098,0.003029,-0.019709,0.999648,-0.017754,0.000000,0.000000,0.000000,-1,-0.020966,0.993362,-0.017242,0.030654,-0.096520,-0.027559,145.771408,277.645844,-805.619507,0,0
2.000000,-0.834766,-1.541950,-0.787417,0.998661,0.047114,0.021376,0.020436,0.020353,-0.999584,-0.047529,0.998682,0.019363,-0.699811,-0.024131,0.009343,0.713859,0.047851,0.002628,-0.043234,-0.004228,0.001744,-0.004624,-0.021376,0.999584,-0.019363,0.000000,0.000000,0.000000,-1,-0.028717,1.019577,-0.029480,0.046577,-0.101829,-0.033029,144.895370,278.169708,-806.120483,0,0
2.040000,-0.820551,-1.539037,-0.773208,0.998622,0.047062,0.023229,0.022178,0.022726,-0.999496,-0.047566,0.998633,0.021650,-0.698972,-0.024765,0.008705,0.714667,0.041539,0.001592,-0.026143,-0.008616,0.026826,-0.007555,-0.023229,0.999496,-0.021650,0.000000,0.000000,0.000000,-1,-0.027557,1.013062,-0.017136,0.037071,-0.093325,-0.018071,144.369751,275.550415,-807.623535,0,0
2.080000,-0.818153,-1.537452,-0.770980,0.998605,0.046865,0.024333,0.023231,0.023911,-0.999444,-0.047421,0.998615,0.022789,-0.698553,-0.025086,0.008263,0.715071,0.021354,-0.003702,-0.020580,-0.000142,0.011618,0.006218,-0.024333,0.999444,-0.022789,0.000000,0.000000,0.000000,-1,-0.023270,1.012009,-0.017151,0.018988,-0.112407,-0.016721,144.369751,275.899658,-807.957520,0,0
2.120000,-0.823684,-1.536648,-0.775838,0.998556,0.047523,0.025048,0.023910,0.024371,-0.999417,-0.048106,0.998573,0.023200,-0.698388,-0.025570,0.008254,0.715214,0.015006,-0.018528,-0.008743,-0.004707,0.023898,0.003501,-0.025048,0.999417,-0.023200,0.000000,0.000000,0.000000,-1,-0.029648,1.024979,-0.026352,-0.001115,-0.116608,0.010112,144.720169,277.296600,-807.289490,0,0
2.160000,-0.827856,-1.536614,-0.779297,0.998519,0.048234,0.025170,0.024018,0.024313,-0.999416,-0.048818,0.998540,0.023118,-0.698407,-0.025863,0.008465,0.715184,-0.010432,-0.018467,0.011711,-0.004814,0.017918,0.000932,-0.025170,0.999416,-0.023118,0.000000,0.000000,0.000000,-1,-0.029846,0.998825,-0.020386,-0.009597,-0.122958,0.017680,144.194550,277.471222,-806.454468,0,0
2.200000,-0.835104,-1.536799,-0.785435,0.998464,0.049345,0.025200,0.024036,0.024035,-0.999422,-0.049923,0.998492,0.022812,-0.698502,-0.026264,0.008848,0.715072,0.006516,-0.031211,-0.002249,-0.003670,-0.002520,0.001053,-0.025200,0.999422,-0.022812,0.000000,0.000000,0.000000,-1,-0.024948,1.002090,-0.022369,0.010519,-0.132530,-0.002709,143.143311,277.121979,-806.120483,0,0
2.240000,-0.831417,-1.536163,-0.780381,0.998386,0.050699,0.025585,0.024362,0.024607,-0.999400,-0.051298,0.998411,0.023332,-0.698292,-0.026873,0.009206,0.715249,0.009688,-0.037578,-0.005447,-0.000080,0.014714,-0.003309,-0.025585,0.999400,-0.023332,0.000000,0.000000,0.000000,-1,-0.030319,1.021103,-0.026474,0.004168,-0.133579,0.004812,144.720169,276.598145,-807.289490,0,0
2.280000,-0.828988,-1.535855,-0.776657,0.998316,0.051987,0.025755,0.024485,0.024917,-0.999390,-0.052597,0.998337,0.023602,-0.698175,-0.027383,0.009611,0.715338,-0.006210,-0.030013,0.006376,-0.002519,0.021835,-0.004733,-0.025755,0.999390,-0.023602,0.000000,0.000000,0.000000,-1,-0.023453,1.006989,-0.028534,-0.009619,-0.131446,0.013464,145.420990,276.947357,-806.287476,0,0
2.320000,-0.821499,-1.536130,-0.767965,0.998262,0.053192,0.025376,0.024077,0.024931,-0.999399,-0.053793,0.998273,0.023607,-0.698162,-0.027669,0.010176,0.715332,-0.008336,-0.027895,0.005327,0.002412,0.004095,-0.005720,-0.025376,0.999399,-0.023607,0.000000,0.000000,0.000000,-1,-0.022064,1.006195,-0.027557,-0.007514,-0.127215,0.007039,144.544968,276.772766,-806.788452,0,0
2.360000,-0.815738,-1.536215,-0.761229,0.998214,0.054166,0.025178,0.023850,0.025031,-0.999402,-0.054764,0.998218,0.023695,-0.698120,-0.027938,0.010595,0.715357,0.000146,-0.024726,-0.002225,0.003770,0.010272,-0.003420,-0.025178,0.999402,-0.023695,0.000000,0.000000,0.000000,-1,-0.022095,1.012924,-0.024246,-0.003268,-0.126158,0.004860,144.544968,276.423523,-806.788452,0,0
2.400000,-0.812446,-1.536339,-0.756949,0.998165,0.055155,0.025010,0.023657,0.025043,-0.999406,-0.055749,0.998164,0.023693,-0.698110,-0.028224,0.011008,0.715350,0.000156,-0.017304,-0.001193,0.004151,0.014494,-0.002537,-0.025010,0.999406,-0.023693,0.000000,0.000000,0.000000,-1,-0.021408,1.013168,-0.033920,-0.001150,-0.110263,-0.000553,144.895370,278.169708,-807.122498,0,0
2.440000,-0.804710,-1.536127,-0.748807,0.998143,0.055557,0.024979,0.023597,0.025390,-0.999399,-0.056157,0.998133,0.024032,-0.697983,-0.028351,0.011167,0.715466,-0.013668,-0.016248,-0.003171,0.004486,0.016363,-0.013077,-0.024979,0.999399,-0.024032,0.000000,0.000000,0.000000,-1,-0.023209,1.014725,-0.034225,-0.016021,-0.118737,0.004967,144.720169,276.947357,-807.289490,0,0
2.480000,-0.798202,-1.536210,-0.741308,0.998093,0.056548,0.024762,0.023350,0.025505,-0.999402,-0.057146,0.998074,0.024136,-0.697935,-0.028619,0.011600,0.715495,-0.009403,-0.032012,0.006402,-0.000186,0.014636,-0.007129,-0.024762,0.999402,-0.024136,0.000000,0.000000,0.000000,-1,-0.021484,1.014236,-0.028473,-0.019189,-0.133567,0.013579,143.493729,278.169708,-806.120483,0,0
2.520000,-0.802706,-1.536976,-0.744538,0.998030,0.057833,0.024320,0.022914,0.024867,-0.999428,-0.058405,0.998016,0.023493,-0.698153,-0.028914,0.012205,0.715260,-0.025348,-0.032013,0.006579,0.006422,0.016212,0.000483,-0.024320,0.999428,-0.023493,0.000000,0.000000,0.000000,-1,-0.008118,1.011627,-0.031052,-0.028777,-0.132514,0.008361,144.019348,278.693542,-808.959534,0,0
2.560000,-0.798544,-1.538065,-0.738937,0.997966,0.059288,0.023442,0.022040,0.024190,-0.999464,-0.059823,0.997948,0.022834,-0.698381,-0.029113,0.013023,0.715016,-0.021136,-0.040509,-0.002995,0.010640,0.009966,-0.010888,-0.023442,0.999464,-0.022834,0.000000,0.000000,0.000000,-1,-0.026321,1.003021,-0.024887,-0.020298,-0.135705,0.001900,143.318527,277.296600,-806.955505,0,0
2.600000,-0.819614,-1.538463,-0.758923,0.997896,0.060377,0.023628,0.022246,0.023456,-0.999477,-0.060900,0.997900,0.022064,-0.698637,-0.029566,0.013337,0.714741,-0.023216,-0.023534,0.005459,-0.003060,0.006809,0.001541,-0.023628,0.999477,-0.022064,0.000000,0.000000,0.000000,-1,-0.025421,1.016052,-0.016678,-0.020236,-0.133560,0.017845,144.720169,279.741272,-806.955505,0,0
2.640000,-0.838231,-1.539596,-0.776424,0.997837,0.061510,0.023192,0.021859,0.022255,-0.999513,-0.061996,0.997858,0.020862,-0.699056,-0.029815,0.013877,0.714310,-0.021078,-0.018083,0.016044,0.000060,0.018324,0.005939,-0.023192,0.999513,-0.020862,0.000000,0.000000,0.000000,-1,-0.016022,1.015350,-0.011597,-0.021277,-0.103874,0.017723,143.493729,277.471222,-807.456482,0,0
2.680000,-0.862742,-1.541372,-0.801299,0.997877,0.061175,0.022348,0.021131,0.020469,-0.999567,-0.061606,0.997917,0.019133,-0.699692,-0.029408,0.014027,0.713702,-0.037026,0.023253,0.008590,0.010385,0.013052,0.006621,-0.022348,0.999567,-0.019133,0.000000,0.000000,0.000000,-1,-0.009583,1.006683,-0.007782,-0.038276,-0.067834,0.013493,143.844131,278.868164,-805.118469,0,0
2.720000,-0.890940,-1.543591,-0.831429,0.998017,0.059282,0.021154,0.020100,0.018329,-0.999630,-0.059648,0.998073,0.017102,-0.700462,-0.028332,0.013739,0.712995,-0.035916,0.069907,0.012628,0.008840,0.007145,0.008206,-0.021154,0.999630,-0.017102,0.000000,0.000000,0.000000,-1,-0.006302,1.019348,-0.010559,-0.039254,-0.002087,0.022780,142.092072,278.169708,-808.458496,0,0
2.760000,-0.924967,-1.546586,-0.870757,0.998352,0.054032,0.019333,0.018515,0.015596,-0.999707,-0.054318,0.998417,0.014570,-0.701460,-0.025856,0.012469,0.712130,-0.050762,0.131397,0.011457,0.008255,0.013889,0.004240,-0.019333,0.999707,-0.014570,0.000000,0.000000,0.000000,-1,-0.016602,1.008316,-0.015442,-0.054142,0.035008,0.014267,143.844131,277.121979,-807.122498,0,0
2.800000,-0.964079,-1.547876,-0.913942,0.998573,0.049984,0.018828,0.018150,0.013995,-0.999737,-0.050234,0.998652,0.013068,-0.702052,-0.024262,0.011184,0.711624,-0.056152,0.135767,0.006198,0.001586,0.008869,-0.002481,-0.018828,0.999737,-0.013068,0.000000,0.000000,0.000000,-1,-0.023361,1.007660,-0.017212,-0.053098,0.036060,0.008932,145.596191,276.772766,-805.786499,0,0
2.840000,-1.015213,-1.548236,-0.970487,0.998822,0.044589,0.019165,0.018614,0.012743,-0.999745,-0.044822,0.998924,0.011898,-0.702528,-0.022491,0.009130,0.711242,-0.041304,0.125152,-0.002431,-0.012298,0.007380,-0.015537,-0.019165,0.999746,-0.011898,0.000000,0.000000,0.000000,-1,-0.040298,1.010361,-0.028717,-0.041456,-0.012716,0.004769,144.019348,278.344330,-806.287476,0,0
2.880000,-1.060772,-1.547029,-1.020061,0.998961,0.040571,0.020741,0.020252,0.012437,-0.999718,-0.040818,0.999099,0.011602,-0.702660,-0.021640,0.007143,0.711161,-0.025392,0.050941,0.000909,-0.022518,0.007881,-0.013209,-0.020741,0.999718,-0.011602,0.000000,0.000000,0.000000,-1,-0.040604,1.010818,-0.031387,-0.032995,-0.065728,0.003851,143.844131,278.518951,-807.456482,0,0
2.920000,-1.083641,-1.546216,-1.043519,0.998965,0.039977,0.021718,0.021239,0.012367,-0.999698,-0.040234,0.999124,0.011505,-0.702690,-0.021779,0.006587,0.711132,-0.040316,-0.006313,0.000261,-0.019221,0.008939,-0.022263,-0.021718,0.999698,-0.011505,0.000000,0.000000,0.000000,-1,-0.031967,1.009720,-0.022263,-0.042610,-0.122981,0.003152,143.844131,277.820465,-805.118469,0,0
2.960000,-1.132977,-1.545857,-1.091503,0.998890,0.041333,0.022584,0.022127,0.011500,-0.999689,-0.041580,0.999079,0.010572,-0.702997,-0.022567,0.006755,0.710803,-0.038322,-0.051787,-0.009103,-0.008925,0.012930,-0.009173,-0.022584,0.999689,-0.010572,0.000000,0.000000,0.000000,-1,-0.029221,1.010483,-0.016891,-0.030989,-0.172825,-0.006324,145.420990,276.947357,-805.953491,0,0
3.000000,-1.183966,-1.545409,-1.138960,0.998716,0.044866,0.023509,0.023054,0.010624,-0.999678,-0.045102,0.998937,0.009576,-0.703299,-0.024143,0.007676,0.710443,-0.022393,-0.075114,-0.010240,0.001200,0.005861,-0.002936,-0.023509,0.999678,-0.009576,0.000000,0.000000,0.000000,-1,-0.022583,1.003387,-0.016159,-0.027808,-0.179187,-0.007395,145.771408,277.645844,-806.955505,0,0
3.040000,-1.214153,-1.545307,-1.166689,0.998594,0.047326,0.023882,0.023433,0.010021,-0.999675,-0.047550,0.998829,0.008898,-0.703505,-0.025145,0.008411,0.710196,-0.033051,-0.092084,-0.014300,0.000811,0.004384,-0.006361,-0.023882,0.999675,-0.008898,0.000000,0.000000,0.000000,-1,-0.028320,1.011444,-0.004990,-0.034218,-0.203577,-0.010405,144.369751,278.344330,-807.289490,0,0
3.080000,-1.272544,-1.544923,-1.220968,0.998370,0.051443,0.024728,0.024303,0.008867,-0.999665,-0.051645,0.998637,0.007602,-0.703900,-0.026903,0.009560,0.709725,-0.026695,-0.100573,-0.018588,-0.004721,0.016753,0.002963,-0.024728,0.999665,-0.007602,0.000000,0.000000,0.000000,-1,-0.031082,1.021439,-0.010574,-0.041674,-0.206762,-0.013500,144.895370,278.169708,-805.786499,0,0
3.120000,-1.342054,-1.544331,-1.286097,0.998107,0.055833,0.025773,0.025397,0.007432,-0.999650,-0.056005,0.998412,0.006000,-0.704392,-0.028830,0.010730,0.709144,-0.040556,-0.125855,-0.012963,-0.004943,0.016906,-0.002865,-0.025773,0.999650,-0.006000,0.000000,0.000000,0.000000,-1,-0.028046,1.004364,-0.006119,-0.036350,-0.233256,-0.005993,144.720169,279.042786,-805.285461,0,0
3.160000,-1.412050,-1.544074,-1.349257,0.997685,0.062674,0.026383,0.026066,0.005871,-0.999643,-0.062807,0.998017,0.004224,-0.704910,-0.031472,0.012918,0.708481,-0.038428,-0.151293,-0.007554,-0.002288,0.005194,-0.002948,-0.026383,0.999643,-0.004224,0.000000,0.000000,0.000000,-1,-0.021118,1.008896,-0.004181,-0.037424,-0.268237,-0.001568,144.720169,278.344330,-807.957520,0,0
3.200000,-1.457187,-1.544270,-1.389518,0.997368,0.067555,0.026353,0.026089,0.004782,-0.999648,-0.067657,0.997704,0.003007,-0.705262,-0.033195,0.014641,0.708018,-0.032060,-0.166136,-0.007556,0.007218,0.008012,0.001557,-0.026353,0.999648,-0.003007,0.000000,0.000000,0.000000,-1,-0.023239,1.018997,0.002167,-0.032104,-0.252337,-0.003826,142.968109,277.645844,-806.621460,0,0
3.240000,-1.520961,-1.544385,-1.446168,0.996859,0.074680,0.026376,0.026203,0.003283,-0.999651,-0.074740,0.997202,0.001316,-0.705737,-0.035737,0.017133,0.707364,-0.015075,-0.122510,-0.005772,0.007851,0.016981,-0.000165,-0.026376,0.999651,-0.001316,0.000000,0.000000,0.000000,-1,-0.009262,1.009689,0.003601,-0.011852,-0.214160,0.002161,144.720169,277.645844,-806.955505,0,0
3.280000,-1.559796,-1.545509,-1.480930,0.996573,0.078755,0.025283,0.025182,0.002269,-0.999680,-0.078787,0.996891,0.000278,-0.706050,-0.036802,0.018945,0.706951,-0.017161,-0.086457,-0.001649,0.021773,0.006484,0.014255,-0.025283,0.999680,-0.000278,0.000000,0.000000,0.000000,-1,-0.005722,1.012726,0.021301,-0.034190,-0.177069,-0.008397,143.844131,277.820465,-805.452454,0,0
3.320000,-1.642394,-1.546111,-1.561211,0.996403,0.081091,0.024619,0.024682,0.000237,-0.999695,-0.081072,0.996707,-0.001766,-0.706741,-0.037416,0.019969,0.706200,-0.039538,-0.070577,-0.016360,0.018440,0.015838,0.024022,-0.024619,0.999695,0.001766,0.000000,0.000000,0.000000,-1,-0.020538,1.015488,0.030853,-0.037379,-0.150571,-0.013801,144.369751,278.344330,-806.621460,0,0
3.360000,-1.769537,-1.545462,-1.686548,0.996246,0.082930,0.024833,0.025162,-0.002926,-0.999679,-0.082831,0.996551,-0.005001,-0.707844,-0.038177,0.020484,0.705039,-0.043778,-0.022874,-0.019717,0.000495,0.014252,0.023060,-0.024833,0.999679,0.005001,0.000000,0.000000,0.000000,-1,-0.014572,1.002487,0.025269,-0.049041,-0.112402,-0.012781,142.092072,279.915894,-804.116455,0,0
3.400000,-1.889757,-1.544436,-1.806195,0.996190,0.083542,0.025028,0.025631,-0.006147,-0.999653,-0.083359,0.996485,-0.008265,-0.708979,-0.038496,0.020569,0.703878,-0.042720,-0.023933,-0.018657,0.015552,-0.002063,0.018911,-0.025028,0.999653,0.008265,0.000000,0.000000,0.000000,-1,-0.026199,1.001022,0.030228,-0.026738,-0.137849,-0.013975,143.318527,277.995087,-805.285461,0,0
3.440000,-1.951342,-1.543063,-1.866360,0.996050,0.084985,0.025746,0.026527,-0.008077,-0.999615,-0.084744,0.996350,-0.010300,-0.709652,-0.039284,0.020784,0.703149,-0.009891,-0.030173,-0.038101,-0.004802,0.000369,0.019837,-0.025746,0.999615,0.010300,0.000000,0.000000,0.000000,-1,-0.025375,0.996231,0.017715,-0.004525,-0.133654,-0.045087,144.019348,279.042786,-805.619507,0,0
3.480000,-1.948253,-1.540862,-1.862052,0.995888,0.086215,0.027823,0.028669,-0.008594,-0.999552,-0.085937,0.996240,-0.011031,-0.709844,-0.040461,0.020467,0.702898,0.007031,-0.024908,-0.061713,0.003683,-0.002939,0.005021,-0.027823,0.999552,0.011031,0.000000,0.000000,0.000000,-1,-0.019897,1.005447,0.018890,0.003929,-0.116717,-0.062276,143.318527,278.693542,-806.955505,0,0
3.520000,-1.937092,-1.538119,-1.851580,0.995867,0.085546,0.030504,0.031392,-0.009054,-0.999466,-0.085224,0.996293,-0.011702,-0.710039,-0.041173,0.019266,0.702693,-0.019601,0.077879,-0.095920,0.007433,0.006897,0.012560,-0.030504,0.999466,0.011702,0.000000,0.000000,0.000000,-1,-0.020538,1.001556,0.029480,-0.024805,0.029536,-0.099849,143.844131,276.074280,-805.452454,0,0
3.560000,-1.928491,-1.533906,-1.850150,0.996320,0.078436,0.034547,0.035452,-0.010170,-0.999320,-0.078031,0.996867,-0.012913,-0.710528,-0.040072,0.015300,0.702360,0.006925,0.232603,-0.140518,0.017183,-0.014029,0.004604,-0.034547,0.999320,0.012913,0.000000,0.000000,0.000000,-1,-0.004242,0.965057,-0.011917,0.063373,0.100523,-0.131989,144.720169,278.344330,-806.621460,0,0
3.600000,-1.778473,-1.531925,-1.707120,0.996723,0.071393,0.038027,0.038501,-0.005281,-0.999245,-0.071138,0.997434,-0.008013,-0.708875,-0.038756,0.011677,0.704171,0.177055,0.081141,-0.104438,0.030382,-0.032188,-0.032259,-0.038027,0.999245,0.008013,0.000000,0.000000,0.000000,-1,-0.047226,0.997437,-0.012924,0.237762,-0.074344,-0.088446,142.617691,278.344330,-806.287476,0,0
3.640000,-1.481197,-1.528795,-1.410229,0.996616,0.070768,0.041821,0.041449,0.006713,-0.999118,-0.070986,0.997470,0.003757,-0.704653,-0.039813,0.010347,0.708358,0.309823,0.033395,-0.130150,-0.020069,0.023068,0.005527,-0.041821,0.999118,-0.003757,0.000000,0.000000,0.000000,-1,-0.077072,1.055313,0.025330,0.302395,-0.020377,-0.158544,143.493729,276.772766,-806.120483,0,0
3.680000,-1.261315,-1.517917,-1.195611,0.996603,0.065169,0.050344,0.049178,0.019368,-0.998602,-0.066053,0.997686,0.016098,-0.700203,-0.040826,0.005609,0.712753,0.341385,0.195425,-0.251432,-0.015925,0.055032,0.037368,-0.050344,0.998602,-0.016098,0.000000,0.000000,0.000000,-1,-0.082687,0.995758,-0.018539,0.485758,0.080088,-0.330149,142.792908,277.471222,-806.120483,0,0
3.720000,-1.058821,-1.497747,-0.999682,0.996296,0.057847,0.063627,0.061402,0.039453,-0.997333,-0.060203,0.997546,0.035755,-0.693016,-0.043018,-0.001235,0.719636,0.600307,0.146547,-0.380620,-0.033816,-0.018161,-0.007122,-0.063627,0.997333,-0.035755,0.000000,0.000000,0.000000,-1,-0.141495,0.962387,-0.095642,0.635521,0.028098,-0.358158,142.968109,275.201172,-807.289490,0,0
3.760000,-0.901976,-1.472555,-0.846395,0.995623,0.053045,0.076952,0.073455,0.064999,-0.995178,-0.057791,0.996474,0.060818,-0.683704,-0.046255,-0.007006,0.728258,0.561230,0.071398,-0.295817,-0.076170,-0.010803,-0.039600,-0.076952,0.995178,-0.060818,0.000000,0.000000,0.000000,-1,-0.171600,1.046097,-0.101318,0.488024,-0.041743,-0.267929,142.442490,276.074280,-807.456482,0,0
3.800000,-0.844612,-1.455296,-0.790302,0.994986,0.050777,0.086169,0.081888,0.081089,-0.993337,-0.057426,0.995413,0.076524,-0.677748,-0.048936,-0.010602,0.733587,0.244774,-0.010071,-0.180271,-0.103162,0.090250,-0.008101,-0.086169,0.993337,-0.076524,0.000000,0.000000,0.000000,-1,-0.170319,1.083237,-0.062057,0.081292,-0.162390,-0.119299,142.267288,275.899658,-808.959534,0,0
3.840000,-0.856002,-1.449723,-0.799498,0.994440,0.052620,0.091215,0.086598,0.084190,-0.992680,-0.059914,0.995059,0.079165,-0.676588,-0.051441,-0.011566,0.734472,-0.045189,-0.068257,-0.092779,-0.060915,0.077862,0.009524,-0.091215,0.992680,-0.079165,0.000000,0.000000,0.000000,-1,-0.110260,0.984283,-0.095367,-0.078031,-0.157032,-0.079274,141.916870,274.851929,-809.293518,0,0
3.880000,-0.886183,-1.449356,-0.827878,0.994099,0.054413,0.093845,0.089221,0.081946,-0.992635,-0.061702,0.995150,0.076607,-0.677412,-0.053008,-0.011862,0.733596,-0.068372,-0.064995,-0.038288,-0.015408,-0.023626,-0.032386,-0.093845,0.992635,-0.076607,0.000000,0.000000,0.000000,-1,-0.115189,0.948059,-0.113953,-0.102299,-0.167557,-0.027900,140.865631,274.153442,-807.957520,0,0
3.920000,-0.917346,-1.450312,-0.856377,0.993793,0.057160,0.095432,0.090802,0.078748,-0.992751,-0.064261,0.995254,0.073069,-0.678597,-0.054511,-0.011484,0.732395,-0.097931,-0.076574,0.018462,-0.043118,-0.048628,-0.031073,-0.095432,0.992751,-0.073069,0.000000,0.000000,0.000000,-1,-0.168915,0.976746,-0.087540,-0.083869,-0.171654,0.067650,142.267288,274.502686,-809.293518,0,0
3.960000,-0.939478,-1.452824,-0.875076,0.993620,0.060761,0.095012,0.090345,0.075438,-0.993049,-0.067506,0.995298,0.069467,-0.679837,-0.055567,-0.010115,0.731185,-0.112597,-0.129482,0.086929,-0.081242,-0.015983,-0.017234,-0.095012,0.993049,-0.069467,0.000000,0.000000,0.000000,-1,-0.179474,0.954498,-0.103485,-0.115715,-0.250066,0.097075,139.814407,275.899658,-807.957520,0,0
4.000000,-0.961076,-1.456260,-0.890079,0.993306,0.067557,0.093693,0.088814,0.071926,-0.993448,-0.073854,0.995119,0.065445,-0.681164,-0.057391,-0.007281,0.729842,-0.109359,-0.195179,0.111642,-0.083752,-0.043390,-0.050797,-0.093693,0.993448,-0.065445,0.000000,0.000000,0.000000,-1,-0.175919,0.958221,-0.129013,-0.109287,-0.312580,0.122815,141.391251,276.772766,-807.790527,0,0
4.040000,-0.965065,-1.459826,-0.885605,0.992929,0.076176,0.091040,0.085748,0.070080,-0.993849,-0.082088,0.994628,0.063053,-0.681872,-0.059368,-0.003282,0.729051,-0.052794,-0.210995,0.169582,-0.083109,-0.025572,-0.071759,-0.091040,0.993849,-0.063053,0.000000,0.000000,0.000000,-1,-0.169083,1.004272,-0.135376,0.007935,-0.389840,0.211224,140.164810,275.550415,-808.291504,0,1
4.080000,-0.926903,-1.463264,-0.834464,0.992308,0.089206,0.085835,0.079521,0.072077,-0.994224,-0.094877,0.993402,0.064429,-0.681139,-0.061928,0.003319,0.729523,0.075790,-0.442076,0.197917,-0.104518,0.014687,-0.073358,-0.085835,0.994224,-0.064429,0.000000,0.000000,0.000000,-1,-0.240372,0.937866,-0.125244,0.075786,-0.577516,0.198559,139.463989,275.899658,-808.625488,0,0
4.120000,-0.897908,-1.464796,-0.787708,0.990823,0.106880,0.082740,0.074986,0.074641,-0.994387,-0.112456,0.991466,0.065941,-0.680118,-0.066851,0.010923,0.729967,0.009883,-0.374245,0.184489,-0.141274,-0.068392,-0.051338,-0.082740,0.994387,-0.065941,0.000000,0.000000,0.000000,-1,-0.207092,0.947876,-0.113449,0.032222,-0.455619,0.180406,140.340012,274.677307,-810.128540,0,0
4.160000,-0.862447,-1.465120,-0.736717,0.989260,0.122261,0.080105,0.070868,0.078127,-0.994421,-0.127837,0.989418,0.068623,-0.678696,-0.071140,0.017582,0.730755,0.096986,-0.426214,0.172044,-0.117130,-0.024680,-0.049816,-0.080105,0.994421,-0.068623,0.000000,0.000000,0.000000,-1,-0.161942,0.974182,-0.133194,0.103375,-0.583896,0.185519,141.566467,275.550415,-809.627563,0,0
4.200000,-0.807639,-1.464857,-0.662027,0.986927,0.141902,0.076414,0.065001,0.083403,-0.994394,-0.147480,0.986361,0.073089,-0.676468,-0.076464,0.026263,0.732021,0.120403,-0.525836,0.196689,-0.083864,-0.015268,-0.059068,-0.076414,0.994394,-0.073089,0.000000,0.000000,0.000000,-1,-0.163879,1.100876,-0.096924,0.089535,-0.646437,0.193400,139.288788,275.375793,-810.128540,0,0
4.240000,-0.793820,-1.468298,-0.626856,0.983899,0.163158,0.072957,0.060020,0.082865,-0.994752,-0.168347,0.983114,0.071738,-0.676257,-0.082505,0.035264,0.731181,-0.097152,-0.483712,0.010619,-0.049373,0.180084,-0.010522,-0.072957,0.994752,-0.071738,0.000000,0.000000,0.000000,-1,-0.070251,1.231247,0.000076,-0.111202,-0.520658,-0.061311,137.887131,275.026550,-809.460510,0,0
