0.000000,-1.469074,-1.120010,-0.943739,0.784683,0.443191,0.433421,0.352790,0.255637,-0.900105,-0.509717,0.859204,0.044241,-0.609263,-0.326616,0.031307,0.721901,1.784426,0.065781,-0.028889,0.152369,0.326763,0.070914,-0.433421,0.900105,-0.044241,0.000000,0.000000,0.000000,-1,-0.293793,1.229004,0.201645,1.355598,-0.282948,0.070369,99.867432,242.023361,-777.229065,0,0
0.040000,-1.374066,-1.115485,-0.840089,0.786386,0.442281,0.431260,0.327477,0.293482,-0.898124,-0.523790,0.847500,0.085953,-0.593075,-0.324477,0.039005,0.735837,-0.026554,0.661676,0.028804,-0.014419,0.156121,0.265366,-0.431260,0.898124,-0.085953,0.000000,0.000000,0.000000,-1,-0.513062,1.052734,0.006912,-0.009082,0.803587,-0.035438,97.940170,242.547211,-776.728027,0,0
0.080000,-1.365984,-1.115352,-0.840521,0.790739,0.435037,0.430668,0.327693,0.293420,-0.898066,-0.517058,0.851262,0.089460,-0.593266,-0.321411,0.036405,0.737160,-0.008549,0.904362,-0.039504,-0.055233,0.193380,0.175154,-0.430668,0.898066,-0.089460,0.000000,0.000000,0.000000,-1,-0.453583,0.901169,-0.085220,0.015870,0.967644,-0.219413,98.465790,240.277161,-777.563110,0,0
0.120000,-1.324268,-1.103694,-0.847435,0.810583,0.390206,0.436686,0.337539,0.298058,-0.892877,-0.478564,0.871149,0.109891,-0.592164,-0.307239,0.017680,0.744737,-0.037443,0.668565,-0.324262,0.093592,-0.073343,0.021359,-0.436686,0.892877,-0.109891,0.000000,0.000000,0.000000,-1,-0.284897,0.902969,-0.046890,-0.080457,-0.062822,-0.178598,98.290573,241.499496,-778.732056,0,0
0.160000,-1.326394,-1.098199,-0.855050,0.810704,0.384297,0.441673,0.343496,0.298694,-0.890389,-0.474099,0.873555,0.110148,-0.592001,-0.307344,0.013693,0.744907,-0.085975,-0.057308,-0.075796,0.120323,0.053581,0.082148,-0.441673,0.890389,-0.110148,0.000000,0.000000,0.000000,-1,-0.477966,0.801102,-0.124329,0.108453,0.251198,-0.049133,99.517014,239.927917,-780.235107,0,0
0.200000,-1.308073,-1.094645,-0.847334,0.815213,0.373502,0.442634,0.343551,0.303428,-0.888766,-0.466263,0.876600,0.119042,-0.590072,-0.303798,0.010011,0.747944,0.224805,0.363604,-0.073675,-0.035592,-0.097384,-0.041709,-0.442634,0.888765,-0.119042,0.000000,0.000000,0.000000,-1,-0.433075,0.819733,-0.146667,0.196764,0.165376,-0.013552,99.166611,240.626404,-780.903137,0,0
0.240000,-1.278783,-1.092513,-0.825066,0.819882,0.365395,0.440772,0.338101,0.312288,-0.887786,-0.462040,0.876905,0.132499,-0.586322,-0.299961,0.009069,0.752441,0.237871,-0.043270,0.091830,-0.019326,0.045686,-0.030847,-0.440772,0.887786,-0.132499,0.000000,0.000000,0.000000,-1,-0.451065,0.904205,-0.129776,0.284139,-0.304074,0.134396,101.619492,239.578674,-781.237122,0,0
0.280000,-1.266393,-1.093705,-0.805441,0.818805,0.370997,0.438086,0.331144,0.318128,-0.888335,-0.468937,0.872442,0.137632,-0.583748,-0.300704,0.013212,0.754083,0.292247,-0.143897,0.153381,-0.013880,0.003267,0.017851,-0.438086,0.888335,-0.137632,0.000000,0.000000,0.000000,-1,-0.462906,0.896820,-0.110703,0.313101,-0.131210,0.167336,98.465790,240.277161,-781.905151,0,0
0.320000,-1.240814,-1.095876,-0.774690,0.820080,0.374605,0.432597,0.319856,0.326781,-0.889329,-0.474512,0.867689,0.148167,-0.579899,-0.299389,0.018070,0.757467,0.340188,-0.027271,0.155517,-0.024663,0.007079,0.038837,-0.432597,0.889329,-0.148167,0.000000,0.000000,0.000000,-1,-0.435287,0.869827,-0.109055,0.314082,-0.102626,0.139540,99.867432,240.277161,-779.901123,0,0
0.360000,-1.210718,-1.098038,-0.741435,0.822568,0.376543,0.426142,0.307515,0.335816,-0.890316,-0.478347,0.863391,0.160439,-0.575828,-0.296988,0.022665,0.761384,0.170126,0.025739,0.157152,0.004877,-0.017300,0.031151,-0.426142,0.890316,-0.160439,0.000000,0.000000,0.000000,-1,-0.435150,0.893768,-0.143143,0.093173,-0.173549,0.215691,99.517014,240.626404,-780.569092,0,0
0.400000,-1.204657,-1.102305,-0.732053,0.823140,0.380374,0.421611,0.301809,0.335858,-0.892250,-0.480990,0.861693,0.161658,-0.575679,-0.296252,0.025787,0.761685,0.068277,-0.146941,0.256891,-0.017247,-0.000649,0.016974,-0.421611,0.892251,-0.161658,0.000000,0.000000,0.000000,-1,-0.476135,0.908966,-0.157883,0.017964,-0.366339,0.329080,98.465790,241.674118,-780.569092,0,0
0.440000,-1.207044,-1.112486,-0.722135,0.820968,0.393755,0.413484,0.292443,0.332000,-0.896801,-0.490397,0.857166,0.157410,-0.576966,-0.297331,0.033326,0.759996,-0.054899,-0.364160,0.340006,-0.083678,0.026142,-0.015945,-0.413484,0.896802,-0.157410,0.000000,0.000000,0.000000,-1,-0.531586,0.944016,-0.191193,-0.166347,-0.511698,0.257308,99.867432,241.674118,-779.567139,0,0
0.480000,-1.239722,-1.124780,-0.737130,0.814152,0.413200,0.407949,0.289956,0.319391,-0.902173,-0.503073,0.852793,0.140223,-0.581923,-0.302083,0.040866,0.753950,-0.322948,-0.322247,0.014082,-0.126078,0.037006,-0.043387,-0.407949,0.902173,-0.140223,0.000000,0.000000,0.000000,-1,-0.484222,0.899796,-0.158203,-0.366297,-0.232346,-0.102350,100.217850,241.324875,-779.901123,0,0
0.520000,-1.267468,-1.125537,-0.762767,0.811029,0.416277,0.411029,0.297575,0.311359,-0.902499,-0.503668,0.854265,0.128647,-0.585454,-0.304829,0.039558,0.750172,-0.365856,-0.003375,-0.152824,-0.045208,-0.022128,-0.023437,-0.411029,0.902499,-0.128647,0.000000,0.000000,0.000000,-1,-0.436600,0.854980,-0.159470,-0.324885,0.076060,-0.179722,99.517014,241.674118,-777.897095,0,0
0.560000,-1.291486,-1.122472,-0.795646,0.811713,0.409291,0.416657,0.309624,0.303342,-0.901175,-0.495232,0.860502,0.119501,-0.589252,-0.305012,0.033337,0.747422,-0.281951,0.129043,-0.162836,-0.034606,-0.045233,-0.042288,-0.416657,0.901175,-0.119501,0.000000,0.000000,0.000000,-1,-0.484680,0.857437,-0.163544,-0.276949,0.011445,-0.141665,98.816193,243.071075,-779.567139,0,0
0.600000,-1.316304,-1.118963,-0.831271,0.812909,0.400785,0.422553,0.322567,0.294252,-0.899648,-0.484903,0.867633,0.109920,-0.593451,-0.304723,0.026266,0.744493,-0.287179,0.218107,-0.157862,-0.104638,-0.037221,-0.037801,-0.422553,0.899648,-0.109920,0.000000,0.000000,0.000000,-1,-0.524048,0.867691,-0.141617,-0.222688,0.188462,-0.167527,98.290573,242.197983,-780.068115,0,0
0.640000,-1.323908,-1.115726,-0.849080,0.815292,0.391988,0.426198,0.329940,0.290383,-0.898230,-0.475856,0.872939,0.107415,-0.595293,-0.303182,0.020854,0.743823,-0.145751,0.328347,-0.173746,-0.056712,-0.003256,-0.018684,-0.426198,0.898230,-0.107415,0.000000,0.000000,0.000000,-1,-0.409988,0.982864,-0.129440,0.072023,0.298780,-0.134043,98.465790,240.975632,-780.235107,0,0
0.680000,-1.294615,-1.106472,-0.834716,0.820606,0.375468,0.430848,0.331881,0.300660,-0.894124,-0.465254,0.876714,0.122113,-0.591150,-0.299141,0.014550,0.748896,0.241298,-0.025629,-0.087062,0.086503,0.086985,-0.055652,-0.430848,0.894124,-0.122113,0.000000,0.000000,0.000000,-1,-0.325302,0.920883,-0.167419,0.176034,-0.237593,-0.072137,97.414551,242.372604,-780.235107,0,0
0.720000,-1.293606,-1.103683,-0.828719,0.817926,0.378686,0.433122,0.331909,0.304329,-0.892872,-0.469930,0.874060,0.123230,-0.589569,-0.301320,0.015608,0.749247,0.009589,-0.139015,-0.046767,0.084886,-0.067783,-0.003068,-0.433122,0.892872,-0.123229,0.000000,0.000000,0.000000,-1,-0.428467,0.807541,-0.096771,-0.066139,-0.032946,-0.052308,97.239334,241.150253,-779.734131,0,0
0.760000,-1.296347,-1.102612,-0.832989,0.817910,0.377278,0.434378,0.333912,0.303552,-0.892389,-0.468535,0.874939,0.122301,-0.589928,-0.301389,0.014475,0.748960,-0.052953,0.162065,-0.059137,-0.029734,-0.071772,0.032243,-0.434378,0.892389,-0.122301,0.000000,0.000000,0.000000,-1,-0.473480,0.869095,-0.103058,-0.002198,0.249044,-0.070241,99.166611,241.324875,-779.901123,0,0
0.800000,-1.281544,-1.098707,-0.835908,0.824559,0.360738,0.435856,0.337380,0.304910,-0.890620,-0.454178,0.881418,0.129710,-0.589478,-0.296075,0.007770,0.751528,-0.013629,0.342239,-0.099741,-0.053142,0.001378,-0.020573,-0.435856,0.890620,-0.129710,0.000000,0.000000,0.000000,-1,-0.521240,0.878052,-0.174667,-0.061945,0.111174,-0.097681,98.465790,240.975632,-782.573120,0,0
0.840000,-1.290262,-1.095683,-0.845284,0.822994,0.359820,0.439557,0.342238,0.303519,-0.889241,-0.453381,0.882273,0.126651,-0.590090,-0.297437,0.005857,0.750527,0.021248,-0.176128,-0.048855,-0.093539,-0.000981,0.007495,-0.439557,0.889241,-0.126651,0.000000,0.000000,0.000000,-1,-0.499161,0.908401,-0.101700,0.231591,-0.169650,-0.013488,98.991394,239.753296,-781.738159,0,0
0.880000,-1.282225,-1.093402,-0.833229,0.821557,0.361983,0.440468,0.340054,0.308986,-0.888195,-0.457610,0.879486,0.130756,-0.587753,-0.298610,0.007291,0.751881,0.296893,-0.030807,-0.003618,-0.040825,0.018940,0.013737,-0.440468,0.888195,-0.130756,0.000000,0.000000,0.000000,-1,-0.460419,0.896851,-0.154648,0.268819,-0.199320,-0.003127,99.166611,240.975632,-781.571167,0,0
0.920000,-1.271343,-1.089160,-0.812617,0.817692,0.368065,0.442616,0.336346,0.318518,-0.886238,-0.467174,0.873542,0.136652,-0.583636,-0.301734,0.010520,0.753801,0.081707,-0.260976,-0.069349,-0.014492,-0.014900,-0.001959,-0.442616,0.886238,-0.136652,0.000000,0.000000,0.000000,-1,-0.465042,0.867172,-0.116669,0.083428,-0.356345,-0.076963,101.093872,240.801010,-781.738159,0,0
0.960000,-1.272763,-1.085557,-0.806745,0.813689,0.372988,0.445859,0.336774,0.322694,-0.884563,-0.473807,0.869913,0.136960,-0.581815,-0.304977,0.012009,0.753881,0.188006,-0.152875,-0.096538,-0.018009,-0.014354,0.053266,-0.445859,0.884563,-0.136960,0.000000,0.000000,0.000000,-1,-0.440552,0.890518,-0.087036,0.288796,-0.080702,-0.086853,97.239334,240.102539,-780.068115,0,0
1.000000,-1.254557,-1.079079,-0.786777,0.812840,0.371394,0.448728,0.334314,0.333393,-0.881523,-0.476996,0.866554,0.146833,-0.577195,-0.305663,0.012244,0.757144,0.265944,0.088910,-0.059130,0.041532,0.025902,0.031522,-0.448728,0.881523,-0.146833,0.000000,0.000000,0.000000,-1,-0.386673,0.918304,-0.147858,0.125361,-0.059389,-0.012815,99.692230,239.753296,-781.738159,0,0
1.040000,-1.246114,-1.077078,-0.778729,0.813252,0.369989,0.449143,0.332858,0.337328,-0.880577,-0.477312,0.865632,0.151179,-0.575488,-0.305326,0.012237,0.758577,0.027925,-0.018089,-0.001774,0.063828,0.036904,-0.007253,-0.449143,0.880577,-0.151179,0.000000,0.000000,0.000000,-1,-0.404831,0.856567,-0.153030,-0.158572,-0.235361,0.006001,100.217850,239.229431,-781.237122,0,0
1.080000,-1.272618,-1.079649,-0.800578,0.809542,0.376029,0.450826,0.338522,0.328397,-0.881793,-0.479629,0.866463,0.138558,-0.579350,-0.308341,0.012429,0.754403,-0.150963,-0.106174,-0.056846,-0.039851,0.041898,0.009392,-0.450826,0.881792,-0.138558,0.000000,0.000000,0.000000,-1,-0.505585,0.957687,-0.126419,0.122932,-0.153840,-0.074057,98.465790,240.277161,-779.567139,0,0
1.120000,-1.271110,-1.076845,-0.796744,0.807916,0.376940,0.452977,0.339027,0.331420,-0.880467,-0.482009,0.864914,0.139967,-0.578042,-0.309652,0.012556,0.754868,0.257353,-0.030894,-0.057431,-0.032726,0.063457,0.027067,-0.452977,0.880467,-0.139967,0.000000,0.000000,0.000000,-1,-0.447205,0.888062,-0.121964,0.366678,-0.131467,-0.004512,98.465790,239.229431,-778.231079,0,0
1.160000,-1.246987,-1.072673,-0.766234,0.806761,0.379439,0.452948,0.331304,0.344252,-0.878480,-0.489259,0.858788,0.152020,-0.572383,-0.310432,0.015859,0.758787,0.176936,-0.124012,0.064076,0.030173,0.007811,0.023144,-0.452948,0.878480,-0.152020,0.000000,0.000000,0.000000,-1,-0.417572,0.897522,-0.125977,0.102217,-0.275508,0.096915,99.517014,239.578674,-780.235107,0,0
1.200000,-1.250316,-1.076091,-0.759065,0.803430,0.389179,0.450599,0.326759,0.344438,-0.880108,-0.497724,0.854343,0.149564,-0.572151,-0.312828,0.020591,0.757864,0.012203,-0.319011,0.119957,0.012535,0.030887,0.044950,-0.450599,0.880108,-0.149564,0.000000,0.000000,0.000000,-1,-0.446915,0.911438,-0.091553,0.038338,-0.406970,0.100340,99.341812,241.150253,-780.402100,0,0
1.240000,-1.254497,-1.077935,-0.756571,0.800930,0.395349,0.449677,0.324784,0.344071,-0.880983,-0.503017,0.851654,0.147174,-0.572208,-0.314629,0.023304,0.756997,0.038703,-0.306324,0.096206,-0.004821,0.031707,0.064547,-0.449677,0.880983,-0.147174,0.000000,0.000000,0.000000,-1,-0.452301,0.899857,-0.069290,0.044684,-0.291456,0.067837,98.640991,240.801010,-781.404114,0,0
1.280000,-1.260197,-1.080554,-0.755588,0.798463,0.401838,0.448311,0.322863,0.342710,-0.882219,-0.508149,0.849162,0.143902,-0.572680,-0.316364,0.026122,0.755823,-0.111300,-0.011717,0.010369,0.013344,0.000777,0.032452,-0.448311,0.882219,-0.143902,0.000000,0.000000,0.000000,-1,-0.424500,0.894485,-0.117661,-0.140403,-0.145232,0.012840,99.692230,238.356339,-779.066101,0,0
1.320000,-1.269383,-1.082341,-0.763769,0.797641,0.403693,0.448107,0.324565,0.338917,-0.883059,-0.508356,0.849804,0.139310,-0.574329,-0.317004,0.026226,0.754299,-0.137856,-0.097559,0.034451,0.025851,0.018812,0.024991,-0.448107,0.883059,-0.139310,0.000000,0.000000,0.000000,-1,-0.422699,0.900864,-0.114624,-0.083877,-0.234190,0.078569,98.816193,239.229431,-778.899109,0,0
1.360000,-1.280972,-1.088936,-0.770376,0.796464,0.410391,0.444100,0.322734,0.332579,-0.886135,-0.511360,0.849100,0.132440,-0.576941,-0.317677,0.029145,0.751911,-0.039871,-0.142004,0.101709,0.015756,0.009434,0.016458,-0.444100,0.886135,-0.132440,0.000000,0.000000,0.000000,-1,-0.443329,0.894897,-0.118835,-0.026339,-0.211881,0.107618,100.217850,240.277161,-777.897095,0,0
1.400000,-1.286761,-1.093055,-0.772372,0.795591,0.415021,0.441353,0.320847,0.329317,-0.888036,-0.513898,0.848120,0.128843,-0.578237,-0.318152,0.031365,0.750625,-0.012233,-0.090074,0.099056,-0.001976,0.006862,0.010008,-0.441353,0.888036,-0.128843,0.000000,0.000000,0.000000,-1,-0.438278,0.894440,-0.115814,0.033188,-0.170549,0.096139,98.816193,240.975632,-778.565063,0,0
1.440000,-1.289510,-1.097613,-0.769496,0.794367,0.421073,0.437811,0.317079,0.327327,-0.890122,-0.518114,0.845905,0.126505,-0.578907,-0.318769,0.034678,0.749700,0.114180,-0.096480,0.091307,-0.001443,0.001174,0.015878,-0.437812,0.890122,-0.126505,0.000000,0.000000,0.000000,-1,-0.445724,0.892899,-0.094406,0.159656,-0.214022,0.091750,98.640991,240.102539,-778.398071,0,0
1.480000,-1.290579,-1.099133,-0.763971,0.791928,0.426836,0.436646,0.314330,0.328097,-0.890814,-0.523494,0.842712,0.125662,-0.578396,-0.320354,0.037538,0.749281,0.157597,-0.058405,0.066152,-0.008956,-0.001730,0.030783,-0.436646,0.890814,-0.125662,0.000000,0.000000,0.000000,-1,-0.448685,0.888702,-0.089325,0.125527,-0.146233,0.049271,98.115372,240.277161,-779.233093,0,0
1.520000,-1.295644,-1.099514,-0.764696,0.789695,0.430647,0.436950,0.314332,0.327624,-0.890987,-0.526856,0.840955,0.123357,-0.578514,-0.321937,0.038852,0.748444,0.075486,-0.039442,0.031818,-0.008866,0.004567,0.040684,-0.436950,0.890987,-0.123357,0.000000,0.000000,0.000000,-1,-0.437378,0.902893,-0.081085,0.047858,-0.136718,0.032001,100.743454,240.451782,-779.066101,0,0
1.560000,-1.307183,-1.102072,-0.772941,0.787947,0.434647,0.436143,0.315431,0.323389,-0.892145,-0.528812,0.840536,0.117712,-0.580268,-0.323160,0.039925,0.746500,-0.027760,-0.071313,0.027789,0.001405,0.010107,0.034796,-0.436143,0.892145,-0.117712,0.000000,0.000000,0.000000,-1,-0.430725,0.899109,-0.088348,-0.042512,-0.183355,0.041717,98.290573,240.451782,-778.732056,0,0
1.600000,-1.319610,-1.105571,-0.781612,0.786220,0.439350,0.434546,0.316022,0.318424,-0.893720,-0.531026,0.839987,0.111507,-0.582299,-0.324306,0.041422,0.744337,-0.036290,-0.085108,0.040724,0.002875,0.004442,0.017895,-0.434546,0.893720,-0.111507,0.000000,0.000000,0.000000,-1,-0.436356,0.895157,-0.107681,-0.010602,-0.188648,0.046708,99.166611,239.927917,-777.229065,0,0
1.640000,-1.323788,-1.107206,-0.782123,0.784721,0.442959,0.433590,0.315154,0.317225,-0.894453,-0.533752,0.838543,0.109333,-0.582701,-0.325258,0.042973,0.743518,0.035992,-0.078755,0.038832,-0.002979,0.002566,0.000461,-0.433590,0.894453,-0.109333,0.000000,0.000000,0.000000,-1,-0.430237,0.897751,-0.112503,0.062751,-0.171691,0.041568,98.465790,242.372604,-778.899109,0,0
1.680000,-1.317343,-1.108124,-0.770983,0.783498,0.446583,0.432081,0.311029,0.320127,-0.894863,-0.537951,0.835513,0.111919,-0.581260,-0.325849,0.045535,0.744235,0.115685,-0.077713,0.026257,0.002073,0.010288,0.001919,-0.432081,0.894863,-0.111919,0.000000,0.000000,0.000000,-1,-0.423035,0.908401,-0.099609,0.119034,-0.165357,0.022836,98.465790,241.324875,-776.561035,0,0
1.720000,-1.313913,-1.108945,-0.764558,0.782717,0.449007,0.430985,0.308457,0.321589,-0.895229,-0.540564,0.833651,0.113214,-0.580498,-0.326213,0.047192,0.744567,0.111391,-0.053354,0.015575,0.009659,0.012211,0.018808,-0.430985,0.895229,-0.113214,0.000000,0.000000,0.000000,-1,-0.422546,0.907318,-0.091370,0.077558,-0.126147,0.011415,97.764954,241.324875,-776.561035,0,0
1.760000,-1.313490,-1.110057,-0.762135,0.782187,0.450896,0.429973,0.306989,0.321198,-0.895869,-0.542151,0.832681,0.112756,-0.580568,-0.326440,0.048392,0.744336,0.001800,0.008080,-0.005808,0.009576,0.008611,0.020745,-0.429773,0.895869,-0.112756,0.000000,0.000000,0.000000,-1,-0.421707,0.897369,-0.099915,-0.017081,-0.083759,-0.001561,99.166611,240.626404,-777.897095,0,0
1.800000,-1.316431,-1.111224,-0.765611,0.782507,0.450988,0.429292,0.307380,0.319792,-0.896242,-0.541479,0.833272,0.111615,-0.581184,-0.326217,0.048258,0.743961,-0.024759,0.029284,-0.000281,0.010729,0.000883,0.008587,-0.429292,0.896242,-0.111615,0.000000,0.000000,0.000000,-1,-0.405396,0.903091,-0.119217,-0.010577,-0.033895,0.021544,99.692230,240.451782,-776.728027,0,0
1.840000,-1.312109,-1.113802,-0.764095,0.784924,0.449368,0.426571,0.305296,0.318588,-0.897383,-0.539155,0.834608,0.112878,-0.581691,-0.324340,0.048387,0.744377,0.006279,0.079181,0.042802,0.023723,0.010118,-0.014670,-0.426571,0.897383,-0.112878,0.000000,0.000000,0.000000,-1,-0.397873,0.921585,-0.138489,0.028964,-0.031693,0.075348,98.640991,241.150253,-778.398071,0,0
1.880000,-1.295923,-1.120376,-0.751239,0.789773,0.447993,0.419001,0.297142,0.318168,-0.900264,-0.536625,0.835507,0.118163,-0.581687,-0.320247,0.050553,0.746007,0.067159,0.059158,0.111443,0.026377,0.020176,-0.019379,-0.419001,0.900264,-0.118163,0.000000,0.000000,0.000000,-1,-0.398758,0.918777,-0.136749,0.074860,-0.045399,0.125962,97.589752,240.801010,-777.396057,0,0
1.920000,-1.287420,-1.123353,-0.743505,0.791713,0.447916,0.415406,0.292857,0.318483,-0.901556,-0.536121,0.835428,0.120972,-0.581433,-0.318512,0.051904,0.746855,0.088497,0.047528,0.133598,0.014710,0.017252,-0.012589,-0.415406,0.901556,-0.120972,0.000000,0.000000,0.000000,-1,-0.398392,0.917923,-0.127502,0.098311,-0.032655,0.139475,99.517014,240.626404,-779.567139,0,0
1.960000,-1.271857,-1.128801,-0.729748,0.795396,0.447492,0.408774,0.285169,0.318816,-0.903900,-0.534812,0.835528,0.125974,-0.581078,-0.315217,0.054226,0.748362,0.094920,0.088882,0.135500,0.011313,0.015122,-0.000628,-0.408774,0.903900,-0.125974,0.000000,0.000000,0.000000,-1,-0.395035,0.921112,-0.130615,0.077090,-0.009321,0.145985,100.042633,241.848740,-778.732056,0,0
2.000000,-1.254081,-1.136019,-0.715527,0.800454,0.446168,0.400259,0.276319,0.317906,-0.906964,-0.531903,0.836582,0.131184,-0.581241,-0.310752,0.056622,0.749924,0.047155,0.099512,0.154092,0.003943,0.011936,-0.000026,-0.400259,0.906964,-0.131184,0.000000,0.000000,0.000000,-1,-0.397812,0.921265,-0.132874,0.035707,0.010848,0.163370,98.991394,240.801010,-780.402100,0,0
2.040000,-1.245328,-1.140725,-0.709834,0.803785,0.444822,0.395047,0.271721,0.316234,-0.908936,-0.529242,0.837932,0.133316,-0.581858,-0.307868,0.057658,0.750556,0.011080,0.126038,0.168205,-0.001559,0.011535,-0.002441,-0.395047,0.908936,-0.133316,0.000000,0.000000,0.000000,-1,-0.400940,0.913040,-0.135300,-0.007808,0.012997,0.182987,98.991394,241.499496,-777.062073,0,0
2.080000,-1.236642,-1.147204,-0.705082,0.807906,0.443293,0.388303,0.266392,0.313029,-0.911618,-0.525664,0.839943,0.134808,-0.583110,-0.304268,0.058892,0.750957,-0.012261,0.093199,0.187749,-0.015750,0.001132,0.001508,-0.388303,0.911618,-0.134808,0.000000,0.000000,0.000000,-1,-0.404343,0.908218,-0.130203,-0.008821,-0.005001,0.200099,99.692230,242.896454,-779.400085,0,0
2.120000,-1.229332,-1.153375,-0.700897,0.811421,0.442349,0.381999,0.261447,0.309836,-0.914137,-0.522725,0.841623,0.135757,-0.584343,-0.301106,0.060207,0.751168,0.004798,0.094276,0.201355,-0.023885,-0.007124,0.002609,-0.381999,0.914137,-0.135757,0.000000,0.000000,0.000000,-1,-0.397827,0.908707,-0.135086,0.009278,-0.007110,0.207355,99.166611,242.372604,-780.235107,0,0
2.160000,-1.217211,-1.161095,-0.692469,0.815885,0.441232,0.373694,0.254313,0.306588,-0.917240,-0.519285,0.843397,0.137929,-0.585527,-0.296974,0.062163,0.751732,0.012271,0.090045,0.210827,-0.016580,-0.004093,0.000081,-0.373694,0.917240,-0.137929,0.000000,0.000000,0.000000,-1,-0.390076,0.917053,-0.138351,-0.004518,-0.022999,0.217152,100.217850,242.023361,-778.899109,0,0
2.200000,-1.210124,-1.166306,-0.687170,0.818451,0.441073,0.368229,0.249649,0.304232,-0.919303,-0.517507,0.844332,0.138885,-0.586373,-0.294490,0.063645,0.751925,-0.019633,0.055063,0.214512,-0.018794,0.003930,-0.008042,-0.368229,0.919303,-0.138885,0.000000,0.000000,0.000000,-1,-0.387833,0.925629,-0.147186,-0.042869,-0.105701,0.213693,99.341812,243.245697,-778.732056,0,0
2.240000,-1.205639,-1.175052,-0.682162,0.820570,0.443856,0.360079,0.243044,0.299226,-0.922710,-0.517295,0.844663,0.137659,-0.588151,-0.291975,0.066827,0.751241,-0.028210,-0.008562,0.205287,-0.023573,0.004567,-0.003225,-0.360079,0.922710,-0.137659,0.000000,0.000000,0.000000,-1,-0.381607,0.927979,-0.142258,-0.015247,-0.104649,0.208065,98.991394,243.944183,-779.066101,0,0
2.280000,-1.199665,-1.181255,-0.675877,0.822255,0.445697,0.353909,0.237574,0.296277,-0.925083,-0.517161,0.844733,0.137729,-0.589120,-0.289954,0.069278,0.751043,-0.011217,0.015806,0.193262,-0.019138,0.001995,-0.012402,-0.353909,0.925083,-0.137729,0.000000,0.000000,0.000000,-1,-0.359360,0.915802,-0.148102,-0.015276,-0.079223,0.195186,100.918671,243.769562,-779.233093,0,0
2.320000,-1.194116,-1.185930,-0.670624,0.823804,0.446617,0.349114,0.233324,0.294129,-0.926848,-0.516630,0.844998,0.138098,-0.589826,-0.288196,0.071002,0.751005,-0.011198,0.021112,0.194288,-0.009605,-0.013351,-0.008890,-0.349114,0.926849,-0.138098,0.000000,0.000000,0.000000,-1,-0.359299,0.920654,-0.146133,0.003892,-0.064372,0.200227,97.940170,244.642654,-779.734131,0,0
2.360000,-1.184189,-1.192024,-0.661751,0.826264,0.447203,0.342488,0.227230,0.291726,-0.929119,-0.515417,0.845521,0.139425,-0.590575,-0.285498,0.073204,0.751235,0.012239,0.061404,0.194893,-0.011348,-0.004925,-0.009501,-0.342488,0.929119,-0.139425,0.000000,0.000000,0.000000,-1,-0.340195,0.927612,-0.157288,0.011350,-0.032569,0.197873,98.465790,245.865005,-780.569092,0,0
2.400000,-1.168308,-1.200107,-0.649124,0.830447,0.446388,0.333310,0.218981,0.288580,-0.932078,-0.512255,0.847030,0.141900,-0.591601,-0.281173,0.075619,0.751819,-0.028171,0.075179,0.182509,-0.000552,0.007299,-0.019752,-0.333310,0.932078,-0.141900,0.000000,0.000000,0.000000,-1,-0.321976,0.953598,-0.162811,-0.047199,-0.022001,0.176133,99.517014,246.214233,-780.235107,0,0
2.440000,-1.161895,-1.205578,-0.644972,0.832963,0.445848,0.327709,0.214712,0.285407,-0.934046,-0.509973,0.848388,0.142004,-0.592780,-0.278586,0.076868,0.751727,-0.052673,0.073040,0.166842,0.014110,0.023062,-0.022729,-0.327709,0.934046,-0.142004,0.000000,0.000000,0.000000,-1,-0.310455,0.957504,-0.168991,-0.068502,-0.054873,0.172261,101.093872,246.388855,-780.402100,0,0
2.480000,-1.158166,-1.213011,-0.642961,0.835411,0.446286,0.320808,0.209969,0.280274,-0.936675,-0.507939,0.849868,0.140437,-0.594706,-0.275874,0.078666,0.751020,-0.075024,0.018977,0.169467,0.003837,0.022889,-0.027379,-0.320808,0.936675,-0.140437,0.000000,0.000000,0.000000,-1,-0.332932,0.952805,-0.158142,-0.064279,-0.088802,0.171304,100.217850,246.563477,-779.901123,0,0
2.520000,-1.152433,-1.220017,-0.637085,0.837022,0.448110,0.313994,0.204410,0.276221,-0.939105,-0.507554,0.850235,0.139605,-0.596069,-0.273676,0.081182,0.750475,0.018445,-0.004378,0.147254,-0.028490,0.003095,-0.013624,-0.313994,0.939105,-0.139605,0.000000,0.000000,0.000000,-1,-0.343338,0.932266,-0.143295,0.073861,-0.082469,0.150606,101.444290,246.388855,-779.734131,0,0
2.560000,-1.143794,-1.221503,-0.628209,0.837703,0.448574,0.311505,0.201130,0.276895,-0.939615,-0.507741,0.849771,0.141734,-0.595624,-0.272699,0.082366,0.751055,0.093969,0.038028,0.147258,-0.032291,-0.011728,0.002498,-0.311505,0.939615,-0.141734,0.000000,0.000000,0.000000,-1,-0.352524,0.916397,-0.140823,0.103676,-0.035815,0.153258,100.568253,245.865005,-779.233093,0,0
2.600000,-1.129524,-1.222101,-0.614771,0.839029,0.447867,0.308942,0.197067,0.279113,-0.939819,-0.507144,0.849418,0.145924,-0.594557,-0.271183,0.083340,0.752341,0.081252,0.036965,0.147338,-0.050570,-0.024490,0.002843,-0.308942,0.939819,-0.145924,0.000000,0.000000,0.000000,-1,-0.375565,0.912857,-0.139450,0.064288,-0.078231,0.148565,100.042633,247.087341,-779.734131,0,0
2.640000,-1.117473,-1.225406,-0.602783,0.840346,0.448530,0.304368,0.191945,0.278896,-0.940943,-0.506928,0.849139,0.148276,-0.594385,-0.269386,0.085197,0.752914,0.023638,0.032639,0.094782,-0.064681,-0.027857,0.011283,-0.304368,0.940943,-0.148276,0.000000,0.000000,0.000000,-1,-0.357834,0.924026,-0.140228,0.016247,-0.058174,0.091563,98.640991,248.484299,-779.066101,0,0
2.680000,-1.113489,-1.226627,-0.599469,0.841088,0.448238,0.302744,0.190371,0.278582,-0.941356,-0.506291,0.849397,0.148980,-0.594459,-0.268567,0.085602,0.753102,0.017206,0.015656,0.084275,-0.053701,-0.004710,0.003732,-0.302744,0.941356,-0.148980,0.000000,0.000000,0.000000,-1,-0.358429,0.941574,-0.148468,0.011949,-0.118605,0.091883,100.217850,246.912720,-781.237122,0,0
2.720000,-1.114952,-1.225681,-0.599426,0.840165,0.449280,0.303760,0.190861,0.279325,-0.941037,-0.507637,0.848602,0.148929,-0.594119,-0.269366,0.085789,0.753063,0.008591,-0.044813,0.067554,-0.055630,0.000995,0.000613,-0.303760,0.941037,-0.148929,0.000000,0.000000,0.000000,-1,-0.358658,0.932327,-0.142273,0.005415,-0.154704,0.058079,101.269073,246.563477,-779.567139,0,0
2.760000,-1.120675,-1.223419,-0.602159,0.838093,0.451269,0.306523,0.192829,0.280555,-0.940269,-0.510311,0.847139,0.148114,-0.593596,-0.271270,0.085828,0.752789,0.022245,-0.059730,0.026980,-0.052867,-0.004753,0.010632,-0.306523,0.940269,-0.148114,0.000000,0.000000,0.000000,-1,-0.346634,0.917557,-0.134659,0.026580,-0.146263,0.030151,101.444290,246.039612,-779.066101,0,0
2.800000,-1.124771,-1.221005,-0.604548,0.836656,0.452126,0.309175,0.194788,0.281961,-0.939444,-0.511922,0.846215,0.147836,-0.593055,-0.272704,0.085467,0.752737,-0.010647,0.013416,0.031202,-0.024016,-0.024359,0.001016,-0.309175,0.939444,-0.147836,0.000000,0.000000,0.000000,-1,-0.329239,0.922089,-0.166367,-0.028613,-0.079455,0.041095,99.867432,248.309677,-779.233093,0,0
2.840000,-1.124757,-1.220926,-0.604788,0.836758,0.451892,0.309239,0.194898,0.281975,-0.939417,-0.511713,0.846335,0.147872,-0.593067,-0.272647,0.085350,0.752762,-0.045665,-0.026834,0.053021,-0.019694,-0.016962,-0.023881,-0.309239,0.939417,-0.147872,0.000000,0.000000,0.000000,-1,-0.338242,0.931061,-0.173096,-0.037093,-0.168475,0.066056,101.269073,247.960434,-779.901123,0,0
2.880000,-1.120940,-1.220425,-0.595285,0.834317,0.456480,0.309097,0.192474,0.284204,-0.939245,-0.516593,0.843122,0.149256,-0.591789,-0.274149,0.087656,0.752957,0.108580,-0.134909,0.087929,-0.037430,-0.006323,-0.021124,-0.309097,0.939245,-0.149256,0.000000,0.000000,0.000000,-1,-0.349838,0.944550,-0.164246,0.210718,-0.188573,0.094263,101.269073,246.563477,-780.235107,0,0
2.920000,-1.101178,-1.216903,-0.570011,0.832396,0.460016,0.309035,0.187014,0.291761,-0.938030,-0.521674,0.838606,0.156831,-0.588176,-0.275016,0.090380,0.755147,0.265986,-0.088256,0.089126,-0.049012,-0.007214,-0.009627,-0.309035,0.938030,-0.156831,0.000000,0.000000,0.000000,-1,-0.369461,0.932831,-0.162857,0.272366,-0.195997,0.091490,101.444290,246.039612,-778.064087,0,0
2.960000,-1.085143,-1.212525,-0.549167,0.830460,0.462784,0.310109,0.183034,0.299095,-0.936504,-0.526151,0.834490,0.163681,-0.584740,-0.276113,0.092367,0.757172,0.271218,-0.116916,0.071065,-0.062968,0.001621,0.001923,-0.310109,0.936504,-0.163681,0.000000,0.000000,0.000000,-1,-0.388214,0.947601,-0.171967,0.252003,-0.242697,0.057886,101.969910,247.611191,-779.901123,0,0
3.000000,-1.077820,-1.205731,-0.532618,0.825544,0.468580,0.314500,0.181286,0.307557,-0.934101,-0.534427,0.828156,0.168955,-0.580739,-0.279758,0.094676,0.758626,0.159275,-0.217746,0.008856,-0.064223,0.011258,0.007410,-0.314500,0.934101,-0.168955,0.000000,0.000000,0.000000,-1,-0.361969,0.947067,-0.156677,0.142249,-0.311691,0.006221,100.568253,246.563477,-779.233093,0,0
3.040000,-1.083751,-1.201411,-0.526590,0.818802,0.477246,0.319060,0.181456,0.312131,-0.932549,-0.544644,0.821468,0.168974,-0.578294,-0.284761,0.097521,0.758272,0.043290,-0.230518,-0.011123,-0.009217,0.009605,0.004026,-0.319060,0.932549,-0.168974,0.000000,0.000000,0.000000,-1,-0.304565,0.951370,-0.164001,0.026331,-0.338202,0.003364,100.042633,248.135056,-777.730103,0,0
3.080000,-1.089321,-1.201961,-0.524993,0.815073,0.483269,0.319542,0.180700,0.311976,-0.932748,-0.550458,0.817999,0.166956,-0.577958,-0.287205,0.099884,0.757299,0.000892,-0.231527,0.024459,0.024223,0.026191,0.000590,-0.319542,0.932748,-0.166956,0.000000,0.000000,0.000000,-1,-0.277084,0.970490,-0.175156,-0.017153,-0.338160,0.031499,102.145111,248.135056,-776.728027,0,0
3.120000,-1.102133,-1.203875,-0.527423,0.809460,0.492276,0.320062,0.180559,0.309993,-0.933436,-0.558725,0.813369,0.162042,-0.578235,-0.290900,0.103186,0.755231,-0.072480,-0.295128,0.034065,0.042718,0.039312,-0.014120,-0.320062,0.933436,-0.162042,0.000000,0.000000,0.000000,-1,-0.284393,0.982803,-0.172165,-0.078874,-0.411316,0.031446,99.341812,245.690384,-776.728027,0,0
3.160000,-1.123637,-1.204835,-0.534939,0.801226,0.503911,0.322664,0.182427,0.307856,-0.933780,-0.569876,0.807031,0.154735,-0.578497,-0.296604,0.106834,0.752299,-0.021743,-0.270868,-0.049574,0.035753,0.091504,-0.012348,-0.322664,0.933780,-0.154735,0.000000,0.000000,0.000000,-1,-0.261429,1.025833,-0.163406,0.002669,-0.404024,-0.055647,100.918671,247.611191,-777.229065,0,0
3.200000,-1.134554,-1.203131,-0.537170,0.795815,0.510441,0.325775,0.183927,0.308815,-0.933169,-0.576932,0.802548,0.151876,-0.577738,-0.300468,0.108681,0.751083,-0.009045,-0.291031,-0.061323,0.080368,0.083646,-0.008143,-0.325775,0.933169,-0.151876,0.000000,0.000000,0.000000,-1,-0.228958,0.997635,-0.162537,-0.041950,-0.377514,-0.052083,100.568253,246.563477,-775.893066,0,0
3.240000,-1.155648,-1.205469,-0.547406,0.789224,0.519862,0.326908,0.185942,0.305052,-0.934007,-0.585279,0.797926,0.144090,-0.578810,-0.304852,0.111596,0.748058,-0.193953,-0.374726,-0.020576,0.087834,0.057219,-0.026625,-0.326908,0.934007,-0.144090,0.000000,0.000000,0.000000,-1,-0.283936,0.973373,-0.162857,-0.238625,-0.560872,-0.010794,100.918671,246.912720,-774.557007,0,0
3.280000,-1.214040,-1.209156,-0.586296,0.775821,0.536833,0.331531,0.195755,0.294721,-0.935318,-0.599818,0.790538,0.123563,-0.582567,-0.314379,0.115132,0.740626,-0.313369,-0.337765,-0.119400,-0.018262,0.061127,0.018171,-0.331531,0.935318,-0.123563,0.000000,0.000000,0.000000,-1,-0.357025,1.019989,-0.065094,-0.280489,-0.346936,-0.161283,101.269073,246.214233,-774.223022,0,0
3.320000,-1.245831,-1.206608,-0.614031,0.771155,0.539798,0.337548,0.205225,0.291126,-0.934413,-0.602663,0.789851,0.113723,-0.584445,-0.318688,0.113405,0.737564,-0.301906,-0.120582,-0.225814,-0.018088,0.097386,0.071716,-0.337548,0.934413,-0.113723,0.000000,0.000000,0.000000,-1,-0.354156,1.044266,0.032562,-0.413637,-0.205014,-0.257254,100.393051,247.087341,-774.390015,0,0
3.360000,-1.328869,-1.201754,-0.698569,0.765813,0.539332,0.350217,0.231989,0.276228,-0.932673,-0.599760,0.795500,0.086420,-0.592276,-0.325575,0.105332,0.729462,-1.134081,-0.090168,-0.436969,-0.004839,0.107824,0.137155,-0.350217,0.932673,-0.086420,0.000000,0.000000,0.000000,-1,-0.328049,1.013794,0.055099,-1.400066,-0.154501,-0.497647,99.517014,245.166519,-774.223022,0,1
3.400000,-1.546668,-1.184811,-0.934487,0.759240,0.530948,0.376362,0.302794,0.223711,-0.926428,-0.576081,0.817342,0.009083,-0.617747,-0.337412,0.080825,0.705697,-1.949023,0.155492,-0.633329,0.154469,0.055536,0.029896,-0.376362,0.926428,-0.009083,0.000000,0.000000,0.000000,-1,-0.208633,0.972931,-0.002991,-2.010718,0.129382,-0.659201,100.918671,245.166519,-773.221008,0,0
3.440000,-1.681437,-1.161794,-1.088920,0.756896,0.520458,0.395262,0.352407,0.184308,-0.917518,-0.550380,0.833759,-0.043911,-0.635708,-0.343265,0.061002,0.688711,-2.034218,0.286859,-0.697870,0.190153,0.044396,-0.049160,-0.395262,0.917518,0.043911,0.000000,0.000000,0.000000,-1,-0.193298,1.005203,0.044800,-1.965024,0.177069,-0.674812,99.166611,244.118805,-773.889038,0,0
3.480000,-1.812581,-1.125071,-1.248289,0.754998,0.504752,0.418573,0.408886,0.136639,-0.902298,-0.512630,0.852382,-0.103224,-0.656045,-0.348161,0.035843,0.668658,-1.520835,0.564929,-0.506932,0.240350,0.141128,-0.039259,-0.418573,0.902298,0.103224,0.000000,0.000000,0.000000,-1,-0.134338,1.101395,0.081940,-1.360773,0.808282,-0.423710,99.341812,243.594940,-773.054016,0,0
3.520000,-1.842684,-1.104611,-1.322045,0.767874,0.472129,0.432970,0.435647,0.110660,-0.893289,-0.469660,0.874556,-0.120709,-0.666694,-0.340402,0.013758,0.662915,-0.980176,1.663629,-0.298724,0.322222,0.205267,-0.050488,-0.432970,0.893289,0.120709,0.000000,0.000000,0.000000,-1,-0.175415,0.874847,-0.081451,-0.725742,1.437546,-0.064258,100.393051,244.642654,-777.062073,0,0
3.560000,-1.800587,-1.097119,-1.357880,0.798807,0.405733,0.444171,0.445861,0.096392,-0.889897,-0.403875,0.908894,-0.103902,-0.671996,-0.316815,-0.014991,0.669197,0.020610,0.840674,0.242838,0.146366,-0.136647,-0.294469,-0.444171,0.889897,0.103902,0.000000,0.000000,0.000000,-1,-0.435043,0.734497,-0.168854,0.120695,0.417184,0.345686,101.794693,243.245697,-777.396057,0,0
3.600000,-1.769808,-1.111295,-1.341138,0.810510,0.392515,0.434747,0.431856,0.100961,-0.896274,-0.395693,0.914780,-0.080019,-0.668231,-0.305740,-0.013981,0.678082,0.764265,0.348674,0.184813,-0.090989,-0.187126,-0.142900,-0.433318,0.897682,0.080019,0.000000,0.000000,0.000000,-1,-0.644638,0.630753,0.172699,1.241469,0.478325,0.099039,100.217850,243.420319,-779.901123,0,0
3.640000,-1.641524,-1.121553,-1.230037,0.823242,0.366895,0.433199,0.409313,0.145139,-0.900776,-0.393364,0.918870,-0.030690,-0.653604,-0.296895,-0.015237,0.696005,0.808063,0.869795,-0.149901,-0.194640,-0.144871,0.234584,-0.433199,0.900776,0.030690,0.000000,0.000000,0.000000,-1,-0.572464,0.814178,0.267395,0.392062,0.753484,-0.221529,101.619492,243.769562,-780.235107,0,0
3.680000,-1.610125,-1.114602,-1.218720,0.828457,0.346249,0.440194,0.413512,0.151917,-0.897735,-0.377713,0.925761,-0.017321,-0.650742,-0.291883,-0.024004,0.700545,-0.200559,0.455071,-0.259240,-0.013404,-0.015274,0.165235,-0.440194,0.897735,0.017321,0.000000,0.000000,0.000000,-1,-0.538055,0.862335,0.067093,-0.292067,0.172454,-0.236896,101.444290,242.547211,-781.738159,0,0
3.720000,-1.618038,-1.102343,-1.236993,0.826604,0.336633,0.451003,0.426585,0.147931,-0.892268,-0.367084,0.929943,-0.021322,-0.651919,-0.292681,-0.032182,0.698787,0.086047,0.178264,-0.322845,-0.198243,-0.029826,0.010233,-0.451003,0.892268,0.021322,0.000000,0.000000,0.000000,-1,-0.762421,0.863449,0.039139,0.431538,0.392329,-0.676669,100.918671,241.324875,-782.907166,0,0
3.760000,-1.564574,-1.072783,-1.202303,0.821784,0.310646,0.477672,0.445615,0.172066,-0.878533,-0.355104,0.934822,0.002972,-0.641628,-0.294665,-0.047757,0.706545,0.418499,0.931927,-1.129827,-0.368962,0.045524,0.104382,-0.477672,0.878533,-0.002972,0.000000,0.000000,0.000000,-1,-0.788742,0.958023,0.115021,0.238422,0.875996,-1.240494,100.217850,239.927917,-784.243164,0,0
3.800000,-1.537796,-1.037025,-1.199834,0.813860,0.281165,0.508506,0.474175,0.184440,-0.860895,-0.335842,0.941769,0.016787,-0.634947,-0.297403,-0.067984,0.709769,-0.204716,0.520604,-1.096636,-0.075234,-0.011606,0.080569,-0.508506,0.860895,-0.016787,0.000000,0.000000,0.000000,-1,-0.598862,0.722748,0.030334,-0.355517,0.046247,-0.969592,101.619492,238.530960,-782.907166,0,0
3.840000,-1.570505,-1.003403,-1.231874,0.795429,0.280099,0.537436,0.506863,0.178682,-0.843305,-0.332239,0.943195,0.000157,-0.635726,-0.309474,-0.080694,0.702543,-0.403640,-0.429736,-0.647648,-0.072947,-0.119764,0.062016,-0.537436,0.843305,-0.000157,0.000000,0.000000,0.000000,-1,-0.535706,0.744247,0.069229,-0.113276,-0.659907,-0.302124,101.969910,238.181717,-781.905151,0,0
3.880000,-1.600241,-0.994210,-1.230370,0.780047,0.307538,0.544929,0.513880,0.182025,-0.838329,-0.357008,0.933963,-0.016050,-0.635231,-0.323275,-0.073958,0.697499,0.375236,-0.799581,0.162372,0.066001,-0.092616,-0.015851,-0.544929,0.838329,0.016050,0.000000,0.000000,0.000000,-1,-0.473999,0.733139,-0.030716,0.472242,-0.993028,0.254569,102.670731,236.086273,-782.239136,0,0
3.920000,-1.604398,-1.003388,-1.202549,0.774224,0.334743,0.537145,0.501418,0.193471,-0.843297,-0.386210,0.922234,-0.018056,-0.632220,-0.330645,-0.059685,0.698147,0.571496,-0.942409,0.360833,0.057424,-0.080189,-0.062352,-0.537145,0.843297,0.018056,0.000000,0.000000,0.000000,-1,-0.492706,0.793167,0.061661,0.584528,-0.978987,0.425590,101.444290,236.959381,-781.404114,0,0
3.960000,-1.594472,-1.025840,-1.152998,0.771769,0.368516,0.518235,0.473792,0.210332,-0.855150,-0.424138,0.905514,-0.012272,-0.627238,-0.335721,-0.037505,0.701753,0.405193,-0.297756,0.392731,0.007005,-0.008135,0.112179,-0.518235,0.855150,0.012272,0.000000,0.000000,0.000000,-1,-0.537399,0.835709,0.107086,0.209303,-0.331373,0.312985,100.918671,237.483231,-779.901123,0,0
4.000000,-1.588855,-1.037465,-1.135583,0.773104,0.379365,0.508322,0.461012,0.214345,-0.861118,-0.435635,0.900077,-0.009181,-0.626087,-0.335567,-0.029024,0.703255,0.193943,-0.221745,0.179846,-0.065301,-0.003330,0.068792,-0.508322,0.861118,0.009180,0.000000,0.000000,0.000000,-1,-0.586853,0.834290,0.104843,0.231011,-0.281805,0.138073,100.217850,237.483231,-778.565063,0,0
4.040000,-1.575637,-1.041799,-1.113874,0.772606,0.385223,0.504662,0.452896,0.222653,-0.863314,-0.444933,0.895560,-0.002443,-0.622976,-0.336337,-0.023969,0.705836,0.318039,-0.072419,0.070369,-0.068596,-0.052965,0.114699,-0.504662,0.863314,0.002443,0.000000,0.000000,0.000000,-1,-0.525528,0.802078,0.076859,0.304194,-0.151509,0.064345,101.269073,236.086273,-777.897095,0,0
4.080000,-1.562816,-1.043734,-1.097107,0.772739,0.387150,0.502981,0.447613,0.229453,-0.864288,-0.450020,0.893009,0.004014,-0.620337,-0.336415,-0.021344,0.708203,0.242613,-0.061798,0.083917,-0.022547,-0.062210,0.080872,-0.502981,0.864288,-0.004014,0.000000,0.000000,0.000000,-1,-0.437561,0.769119,0.037170,0.140899,-0.272164,0.204973,101.444290,236.959381,-778.398071,0,0
4.120000,-1.565582,-1.052695,-1.088439,0.772047,0.398365,0.495225,0.438728,0.229722,-0.868761,-0.459849,0.887994,0.002582,-0.620432,-0.337303,-0.014255,0.707876,-0.057605,-0.584062,0.367213,0.081315,-0.085756,0.051228,-0.495225,0.868761,-0.002583,0.000000,0.000000,0.000000,-1,-0.533417,1.360291,-0.038483,-0.040376,-0.974659,0.489899,100.918671,238.530960,-777.229065,0,0
4.160000,-1.590748,-1.075805,-1.071073,0.762652,0.439095,0.474929,0.416935,0.227623,-0.879973,-0.494497,0.869128,-0.009477,-0.621391,-0.344401,0.007872,0.703704,0.584238,-0.755455,0.601312,-0.194779,0.651597,0.027083,-0.474929,0.879973,0.009477,0.000000,0.000000,0.000000,-1,-0.692810,1.420395,0.115387,0.543296,-0.778151,0.729362,100.743454,240.102539,-776.060059,0,0
4.200000,-1.584035,-1.095053,-1.039928,0.759834,0.461438,0.457960,0.394964,0.231877,-0.888952,-0.516387,0.856334,-0.006063,-0.619278,-0.345726,0.023587,0.704565,0.429706,-0.768325,0.505212,-0.209994,0.457056,-0.033056,-0.457960,0.888952,0.006063,0.000000,0.000000,0.000000,-1,-0.493729,0.958923,-0.118332,0.434351,-1.052229,0.369072,100.918671,237.134003,-775.225037,0,0
4.240000,-1.568535,-1.114880,-0.981211,0.747529,0.497343,0.440284,0.365953,0.244806,-0.897858,-0.554328,0.832298,0.000996,-0.612725,-0.352236,0.046531,0.705927,0.291121,0.060352,0.236006,0.041053,-0.132172,0.018543,-0.440284,0.897858,-0.000996,0.000000,0.000000,0.000000,-1,-0.400299,0.798630,0.113663,-0.172358,0.278063,0.193178,100.042633,238.705582,-774.056030,0,0
