0.000000,-1.595100,-1.318956,-1.307677,0.928528,0.275280,0.249113,0.240610,0.064812,-0.968455,-0.282742,0.959177,-0.006056,-0.683698,-0.188640,0.012297,0.704855,0.053536,0.043302,0.042040,-0.033663,0.028828,0.080569,-0.249113,0.968455,0.006056,0.000000,0.000000,0.000000,-1,-0.294235,1.001999,0.118301,0.035288,-0.179039,0.090835,138.763168,299.997192,-738.484497,0,0
0.040000,-1.592638,-1.321418,-1.303181,0.928573,0.277254,0.246743,0.238016,0.065262,-0.969066,-0.284780,0.958578,-0.005390,-0.683502,-0.188467,0.013913,0.705061,0.022826,-0.151670,0.114527,-0.050422,0.040776,0.138958,-0.246743,0.969066,0.005390,0.000000,0.000000,0.000000,-1,-0.297623,1.029465,0.199829,-0.020893,-0.404728,0.181825,138.938370,298.774872,-737.983521,0,0
0.080000,-1.634209,-1.332665,-1.323352,0.924767,0.298977,0.235413,0.228702,0.057775,-0.971780,-0.304141,0.952510,-0.014948,-0.685919,-0.192326,0.025049,0.701355,-0.262895,-0.852160,0.369828,-0.048522,0.057104,0.248098,-0.235413,0.971780,0.014948,0.000000,0.000000,0.000000,-1,-0.254669,1.014465,0.234665,-0.321402,-1.328804,0.470129,139.639191,298.425629,-735.645508,0,0
0.120000,-1.728090,-1.345911,-1.371234,0.912624,0.344399,0.220241,0.218569,0.044206,-0.974820,-0.345463,0.937782,-0.034931,-0.689810,-0.204030,0.045383,0.693163,-0.274049,-2.149668,0.497071,-0.035954,0.025592,0.139736,-0.220241,0.974820,0.034931,0.000000,0.000000,0.000000,-1,-0.276566,0.905396,-0.135590,0.264373,-2.845930,0.488603,144.544968,298.774872,-737.315491,0,0
0.160000,-1.793843,-1.366719,-1.328828,0.874167,0.443587,0.197644,0.196760,0.048561,-0.979248,-0.443980,0.894915,-0.044830,-0.683819,-0.234107,0.090059,0.685182,0.790437,-2.673562,0.386649,-0.072635,-0.115708,-0.266281,-0.197644,0.979248,0.044830,0.000000,0.000000,0.000000,-1,-0.169647,0.919022,-0.342560,0.766190,-1.815715,0.276316,145.771408,299.997192,-736.480469,0,0
0.200000,-1.735417,-1.380818,-1.201279,0.844157,0.502689,0.186284,0.176091,0.068202,-0.982008,-0.506350,0.861772,-0.030946,-0.672105,-0.252483,0.119053,0.685823,0.077150,-0.225199,-0.087766,0.129949,-0.167357,-0.277910,-0.186284,0.982008,0.030946,0.000000,0.000000,0.000000,-1,-0.246017,0.853714,-0.172134,-0.089215,-0.048085,-0.248773,146.121811,298.949493,-736.814514,0,0
0.240000,-1.755472,-1.370749,-1.226989,0.845116,0.497616,0.195337,0.187086,0.066982,-0.980057,-0.500777,0.864807,-0.036490,-0.673540,-0.254143,0.113371,0.684764,-0.434877,0.373372,-0.380537,-0.108130,-0.111954,-0.161612,-0.195337,0.980057,0.036490,0.000000,0.000000,0.000000,-1,-0.449554,1.013931,0.247528,-0.554788,0.819993,-0.400735,145.245789,298.425629,-735.979492,0,0
0.280000,-1.748311,-1.352443,-1.278091,0.869091,0.446339,0.213218,0.207408,0.062505,-0.976256,-0.449068,0.892678,-0.038252,-0.679124,-0.240658,0.086821,0.687994,0.128395,3.070493,-0.424447,-0.247414,0.112825,0.297884,-0.213218,0.976256,0.038252,0.000000,0.000000,0.000000,-1,-0.395096,1.060562,0.308044,0.336605,4.456018,-0.743958,142.442490,299.822571,-736.647461,0,0
0.320000,-1.558397,-1.313382,-1.287478,0.931893,0.258407,0.254562,0.244432,0.071167,-0.967051,-0.268009,0.963411,0.003157,-0.681463,-0.184470,0.004933,0.708205,-0.882479,2.870450,-0.894267,-0.084336,0.003499,0.247404,-0.254562,0.967051,-0.003157,0.000000,0.000000,0.000000,-1,-0.234665,1.034409,0.064682,-0.990025,1.801280,-0.707781,135.784668,298.774872,-737.649536,0,0
0.360000,-1.626765,-1.296335,-1.394589,0.936377,0.223545,0.270604,0.266832,0.047510,-0.962571,-0.228034,0.973535,-0.015161,-0.689932,-0.177690,-0.015425,0.701556,-0.884559,-0.009240,-0.290884,0.113454,0.062484,-0.067270,-0.270604,0.962571,0.015161,0.000000,0.000000,0.000000,-1,-0.004944,0.943222,-0.111694,-0.848264,-1.265881,0.017190,135.434250,296.679443,-734.977478,0,0
0.400000,-1.784424,-1.292303,-1.511694,0.925451,0.267138,0.268658,0.274427,0.016238,-0.961471,-0.261208,0.963522,-0.058282,-0.701337,-0.193047,-0.002656,0.686187,-0.664117,-1.527906,0.117753,0.252514,0.002305,-0.134286,-0.268658,0.961471,0.058282,0.000000,0.000000,0.000000,-1,-0.071426,0.992996,0.029221,-0.210817,-1.294246,0.183678,138.237549,299.124115,-734.643433,0,0
0.440000,-1.840536,-1.302274,-1.520767,0.914811,0.312620,0.255714,0.264975,0.013268,-0.964164,-0.304810,0.949786,-0.070699,-0.702183,-0.205643,0.017480,0.681429,0.592942,-0.308440,0.252633,0.075797,0.023248,0.001795,-0.255714,0.964164,0.070699,0.000000,0.000000,0.000000,-1,-0.222321,0.999481,0.056091,0.808881,-0.146964,0.260868,140.164810,297.901764,-735.812500,0,0
0.480000,-1.743349,-1.316291,-1.423344,0.917845,0.309909,0.248028,0.249035,0.036989,-0.967788,-0.309101,0.950046,-0.043228,-0.693557,-0.201477,0.022014,0.691304,1.093291,0.329880,0.296360,0.001522,0.031617,-0.008026,-0.248028,0.967788,0.043228,0.000000,0.000000,0.000000,-1,-0.313354,1.008682,-0.038406,1.120004,0.287863,0.351211,139.288788,298.425629,-735.979492,0,0
0.520000,-1.563220,-1.333526,-1.251332,0.925158,0.298057,0.235043,0.223157,0.073819,-0.971983,-0.307057,0.951689,0.001781,-0.679992,-0.191625,0.026476,0.707241,0.953044,0.184710,0.350683,-0.082752,0.024492,-0.051274,-0.235043,0.971983,-0.001781,0.000000,0.000000,0.000000,-1,-0.312958,0.975983,-0.056213,0.713233,-0.139532,0.269335,141.216049,300.346436,-737.816528,0,0
0.560000,-1.376134,-1.341676,-1.076406,0.932847,0.283095,0.222831,0.199925,0.107768,-0.973867,-0.299710,0.953018,0.043933,-0.667298,-0.180961,0.028802,0.721898,0.973311,1.419502,0.115124,-0.176323,0.008250,0.375217,-0.222831,0.973867,-0.043933,0.000000,0.000000,0.000000,-1,-0.339096,0.996552,0.110199,0.835618,1.711077,-0.078628,139.113571,300.346436,-739.820557,0,0
0.600000,-1.286043,-1.332479,-1.049018,0.948525,0.221292,0.226561,0.204655,0.117661,-0.971737,-0.241695,0.968084,0.066316,-0.664181,-0.160328,0.005696,0.730155,-0.684787,1.134758,-0.270592,-0.044114,-0.043804,0.016222,-0.226561,0.971737,-0.066316,0.000000,0.000000,0.000000,-1,-0.223373,0.987793,-0.036957,-1.189067,0.646336,-0.248294,136.835892,300.521057,-740.655518,0,0
0.640000,-1.438376,-1.332560,-1.237861,0.953505,0.190023,0.233923,0.223031,0.077126,-0.971756,-0.202698,0.978746,0.031159,-0.679194,-0.152038,-0.011494,0.717947,-0.998322,0.718258,-0.157821,0.014899,0.044464,0.064652,-0.233923,0.971756,-0.031159,0.000000,0.000000,0.000000,-1,-0.218735,0.991196,0.029022,-0.697191,0.690075,-0.074145,135.959869,299.298706,-738.150513,0,0
0.680000,-1.477726,-1.333649,-1.304249,0.958108,0.165269,0.233914,0.226634,0.061881,-0.972012,-0.175118,0.984305,0.021834,-0.684542,-0.143126,-0.021473,0.714462,-0.030426,0.280703,0.039847,0.019726,0.006244,-0.032610,-0.233914,0.972012,-0.021833,0.000000,0.000000,0.000000,-1,-0.212662,0.972946,-0.073669,0.081952,-0.171665,0.058376,135.959869,299.647949,-738.150513,0,0
0.720000,-1.477867,-1.336185,-1.286260,0.955519,0.182780,0.231462,0.223118,0.065256,-0.972605,-0.192877,0.980986,0.021572,-0.683500,-0.148463,-0.014113,0.714554,0.072047,-0.864234,0.100262,0.045381,0.019095,-0.040562,-0.231462,0.972605,-0.021572,0.000000,0.000000,0.000000,-1,-0.173172,1.005554,-0.033569,-0.048103,-1.084367,0.153281,138.587952,299.124115,-738.651489,0,0
0.760000,-1.521639,-1.342372,-1.292278,0.948868,0.220222,0.226170,0.217717,0.062256,-0.974024,-0.228582,0.973461,0.011127,-0.684742,-0.159892,0.000881,0.711029,-0.097744,-0.887429,0.189463,0.043354,0.027837,0.000324,-0.226170,0.974024,-0.011127,0.000000,0.000000,0.000000,-1,-0.212570,0.993301,0.007217,-0.072181,-0.879660,0.211127,137.536728,299.124115,-736.647461,0,0
0.800000,-1.544840,-1.348788,-1.294974,0.945338,0.240592,0.220115,0.211867,0.059966,-0.975457,-0.247887,0.968772,0.005715,-0.685503,-0.165010,0.010128,0.709052,0.042861,-0.534271,0.221716,-0.000649,0.015647,0.012963,-0.220115,0.975457,-0.005715,0.000000,0.000000,0.000000,-1,-0.256561,0.979416,-0.016693,0.108868,-0.534011,0.222463,139.113571,299.997192,-737.816528,0,0
0.840000,-1.525987,-1.358332,-1.257175,0.942719,0.258657,0.210658,0.200584,0.065055,-0.977514,-0.266545,0.963776,0.009446,-0.683414,-0.167995,0.020444,0.710144,0.173568,-0.314900,0.159717,-0.055333,-0.006933,-0.021835,-0.210658,0.977514,-0.009446,0.000000,0.000000,0.000000,-1,-0.263672,0.972183,-0.032761,0.102200,-0.387862,0.115506,139.989609,299.822571,-738.317505,0,0
0.880000,-1.519156,-1.362449,-1.239580,0.940749,0.268925,0.206567,0.195601,0.067264,-0.978374,-0.277004,0.960810,0.010677,-0.682424,-0.170175,0.025804,0.710403,0.004304,-0.159188,0.069400,-0.040701,-0.004970,-0.014180,-0.206567,0.978374,-0.010677,0.000000,0.000000,0.000000,-1,-0.221664,0.986526,-0.007477,-0.048817,-0.154708,0.055486,138.938370,298.774872,-737.315491,0,0
0.920000,-1.529312,-1.363849,-1.251164,0.941327,0.267876,0.205296,0.195066,0.064563,-0.978663,-0.275415,0.961288,0.008521,-0.683418,-0.169348,0.025650,0.709650,-0.136971,0.199102,0.029983,-0.016368,0.007864,0.001045,-0.205296,0.978663,-0.008521,0.000000,0.000000,0.000000,-1,-0.215958,0.985367,-0.000824,-0.160240,0.240711,0.030464,139.989609,300.521057,-737.983521,0,0
0.960000,-1.534557,-1.365472,-1.284086,0.948661,0.241924,0.203751,0.195562,0.057658,-0.978995,-0.248590,0.968581,0.007387,-0.686225,-0.159381,0.016336,0.709526,-0.082298,0.736644,0.039716,-0.012985,0.012384,-0.000639,-0.203751,0.978995,-0.007387,0.000000,0.000000,0.000000,-1,-0.218124,1.001175,-0.021027,-0.019505,0.635149,0.054789,139.989609,299.822571,-737.983521,0,0
1.000000,-1.508149,-1.367394,-1.286179,0.955719,0.214374,0.201607,0.193876,0.056720,-0.979385,-0.221390,0.975103,0.012647,-0.686723,-0.148623,0.007202,0.711528,0.016576,0.634894,0.059293,-0.016350,0.017685,-0.017016,-0.201607,0.979385,-0.012647,0.000000,0.000000,0.000000,-1,-0.217575,0.983948,-0.024506,0.022941,0.477194,0.065671,141.040848,298.774872,-737.649536,0,0
1.040000,-1.480941,-1.368863,-1.279245,0.960345,0.194514,0.199755,0.192100,0.057650,-0.979681,-0.202078,0.979204,0.017998,-0.686421,-0.140808,0.000846,0.713441,0.020722,0.429232,0.071860,-0.015928,0.012202,-0.001381,-0.199755,0.979681,-0.017998,0.000000,0.000000,0.000000,-1,-0.219009,0.991913,-0.012421,0.021796,0.293801,0.081404,140.164810,298.600250,-739.152527,0,0
1.080000,-1.465217,-1.369763,-1.277193,0.963205,0.181123,0.198570,0.191137,0.057788,-0.979861,-0.188950,0.981761,0.021043,-0.686362,-0.135591,-0.003504,0.714499,0.054688,0.284009,0.092314,-0.020928,0.008649,0.010698,-0.198570,0.979861,-0.021043,0.000000,0.000000,0.000000,-1,-0.228180,0.974899,-0.014069,0.078010,0.071173,0.091362,139.463989,300.346436,-738.150513,0,0
1.120000,-1.450424,-1.368496,-1.267875,0.964060,0.175498,0.199469,0.191775,0.059937,-0.979607,-0.183875,0.982653,0.024127,-0.685565,-0.133931,-0.005687,0.715564,0.079862,0.031624,0.059069,-0.032388,-0.006249,0.006610,-0.199469,0.979607,-0.024127,0.000000,0.000000,0.000000,-1,-0.223145,0.978928,-0.012421,0.071309,-0.128214,0.046596,137.711929,299.647949,-738.484497,0,0
1.160000,-1.450251,-1.367018,-1.265506,0.963392,0.177521,0.200903,0.193014,0.060827,-0.979309,-0.186068,0.982235,0.024336,-0.685243,-0.135184,-0.005412,0.715639,0.034894,-0.115824,0.011263,-0.018763,0.001068,0.012831,-0.200903,0.979309,-0.024336,0.000000,0.000000,0.000000,-1,-0.212585,0.990448,-0.010864,0.005149,-0.247020,0.006377,141.040848,299.473328,-737.983521,0,0
1.200000,-1.481200,-1.366409,-1.287979,0.961483,0.186236,0.202153,0.194904,0.056641,-0.979185,-0.193809,0.980871,0.018161,-0.686783,-0.138741,-0.003037,0.713492,-0.106600,-0.179452,0.008839,-0.002070,0.014986,0.012988,-0.202153,0.979185,-0.018161,0.000000,0.000000,0.000000,-1,-0.204514,0.991013,-0.004608,-0.101118,-0.271379,0.024677,139.639191,299.473328,-739.653564,0,0
1.240000,-1.510594,-1.367373,-1.310325,0.960125,0.193633,0.201657,0.195208,0.052028,-0.979381,-0.200132,0.979694,0.012155,-0.688466,-0.141198,-0.000554,0.711391,-0.060874,-0.213363,0.022315,-0.007907,0.011082,0.000512,-0.201657,0.979381,-0.012155,0.000000,0.000000,0.000000,-1,-0.206558,0.990631,-0.021271,-0.048032,-0.354078,0.022338,140.515228,298.949493,-738.484497,0,0
1.280000,-1.527647,-1.368041,-1.315674,0.957815,0.205224,0.201182,0.194851,0.050818,-0.979515,-0.211243,0.977395,0.008686,-0.688896,-0.145187,0.003651,0.710162,-0.053561,-0.353322,0.013292,0.005472,0.012123,-0.009426,-0.201182,0.979515,-0.008686,0.000000,0.000000,0.000000,-1,-0.185532,0.992386,-0.014969,-0.060873,-0.459040,0.021890,140.515228,298.251007,-737.482483,0,0
1.320000,-1.549406,-1.370657,-1.323612,0.955267,0.218998,0.198760,0.192763,0.048643,-0.980039,-0.224295,0.974512,0.004252,-0.689632,-0.149268,0.009257,0.708548,-0.049224,-0.334213,0.029142,0.018554,0.014010,-0.006032,-0.198760,0.980039,-0.004252,0.000000,0.000000,0.000000,-1,-0.180176,0.993637,-0.012527,-0.021378,-0.396443,0.050956,141.916870,299.298706,-738.818542,0,0
1.360000,-1.560502,-1.374109,-1.323150,0.953272,0.230405,0.195411,0.189459,0.047902,-0.980719,-0.235323,0.971915,0.002012,-0.689811,-0.152166,0.014465,0.707670,0.012626,-0.263128,0.061139,0.006889,0.014444,-0.009051,-0.195411,0.980719,-0.002012,0.000000,0.000000,0.000000,-1,-0.200363,0.997543,-0.013611,0.026574,-0.344464,0.069340,140.865631,299.298706,-738.150513,0,0
1.400000,-1.557973,-1.375802,-1.313710,0.951989,0.237023,0.193745,0.187393,0.049266,-0.981049,-0.242076,0.970254,0.002485,-0.689246,-0.153942,0.017530,0.707768,0.048832,-0.199513,0.060449,-0.011562,0.015655,-0.007449,-0.193745,0.981049,-0.002485,0.000000,0.000000,0.000000,-1,-0.201111,0.987839,-0.004929,0.053175,-0.261784,0.058036,141.741669,299.473328,-737.649536,0,0
1.440000,-1.551541,-1.377299,-1.303728,0.951454,0.240360,0.192257,0.185475,0.050747,-0.981338,-0.245631,0.969356,0.003703,-0.688659,-0.154589,0.019376,0.708150,0.003210,0.062314,0.031040,-0.002888,0.007966,0.002207,-0.192257,0.981338,-0.003702,0.000000,0.000000,0.000000,-1,-0.196747,0.988785,-0.005219,-0.014741,0.051992,0.027584,140.690430,298.425629,-738.651489,0,0
1.480000,-1.548045,-1.378013,-1.306173,0.953015,0.234677,0.191542,0.184923,0.050110,-0.981475,-0.239928,0.970781,0.004358,-0.688939,-0.152263,0.017558,0.708429,-0.008437,0.179979,0.019996,-0.007249,0.005006,-0.000494,-0.191542,0.981475,-0.004359,0.000000,0.000000,0.000000,-1,-0.200470,0.986191,-0.011429,-0.003054,0.067887,0.022065,141.040848,298.774872,-736.647461,0,0
1.520000,-1.541430,-1.377950,-1.303929,0.954056,0.230388,0.191571,0.184869,0.050541,-0.981463,-0.235799,0.971786,0.005627,-0.688819,-0.150713,0.016052,0.708912,0.008491,0.105753,0.011626,-0.010883,0.005964,-0.008319,-0.191571,0.981463,-0.005627,0.000000,0.000000,0.000000,-1,-0.199219,0.993790,-0.010742,0.011722,-0.107058,0.015270,140.865631,300.346436,-738.150513,0,0
1.560000,-1.536137,-1.378135,-1.298856,0.954169,0.230094,0.191356,0.184435,0.051429,-0.981498,-0.235678,0.971808,0.006635,-0.688496,-0.150520,0.016094,0.709266,0.005198,-0.068112,0.017760,-0.003285,0.016472,-0.002749,-0.191356,0.981498,-0.006635,0.000000,0.000000,0.000000,-1,-0.200134,0.987762,-0.007263,0.004192,-0.213061,0.027508,141.216049,299.997192,-739.820557,0,0
1.600000,-1.538353,-1.378362,-1.296247,0.953077,0.234746,0.191148,0.184086,0.051850,-0.981542,-0.240324,0.970673,0.006204,-0.688299,-0.152126,0.017861,0.709072,0.026381,-0.159295,0.014738,-0.013381,0.002513,-0.000510,-0.191148,0.981542,-0.006204,0.000000,0.000000,0.000000,-1,-0.210495,0.979462,-0.010513,0.039147,-0.288364,0.008316,140.515228,299.997192,-737.482483,0,0
1.640000,-1.537376,-1.376675,-1.285907,0.950532,0.243552,0.192797,0.185129,0.054216,-0.981218,-0.249430,0.968372,0.006446,-0.687363,-0.155915,0.020598,0.709083,0.046314,-0.284469,-0.031739,-0.011976,0.000579,-0.004724,-0.192797,0.981218,-0.006446,0.000000,0.000000,0.000000,-1,-0.196777,0.984787,-0.008591,0.019716,-0.402950,-0.046266,141.741669,299.822571,-737.315491,0,0
1.680000,-1.545388,-1.374743,-1.282328,0.947239,0.254588,0.194737,0.186751,0.055418,-0.980843,-0.260503,0.965460,0.004949,-0.686817,-0.160647,0.023939,0.708450,-0.006919,-0.253764,-0.057882,0.010274,0.017830,0.001851,-0.194737,0.980843,-0.004949,0.000000,0.000000,0.000000,-1,-0.172195,0.997253,-0.006790,-0.026976,-0.284208,-0.047351,141.216049,299.647949,-737.482483,0,0
1.720000,-1.557195,-1.374383,-1.286978,0.945257,0.261558,0.195135,0.187346,0.054647,-0.980773,-0.267192,0.963640,0.002654,-0.687014,-0.163353,0.026221,0.707559,-0.028031,-0.140297,-0.041116,0.025427,0.014939,-0.005250,-0.195135,0.980773,-0.002654,0.000000,0.000000,0.000000,-1,-0.179047,0.987335,-0.016922,-0.024747,-0.232233,-0.030591,141.741669,299.822571,-737.315491,0,0
1.760000,-1.560632,-1.374716,-1.284681,0.943784,0.267054,0.194816,0.186906,0.054985,-0.980838,-0.272649,0.962112,0.001980,-0.686808,-0.165243,0.028331,0.707239,0.010304,-0.177371,-0.021137,0.009803,0.003781,-0.016696,-0.194816,0.980838,-0.001980,0.000000,0.000000,0.000000,-1,-0.197632,0.986786,-0.021866,0.041133,-0.325516,-0.021322,141.741669,299.822571,-737.983521,0,0
1.800000,-1.554499,-1.373362,-1.269517,0.941117,0.275376,0.196129,0.187319,0.058207,-0.980573,-0.281442,0.959573,0.003197,-0.685513,-0.168740,0.031113,0.707552,0.060182,-0.243124,-0.037348,-0.007561,0.004992,-0.015450,-0.196129,0.980573,-0.003197,0.000000,0.000000,0.000000,-1,-0.197098,0.996094,-0.005310,0.045322,-0.288446,-0.046001,141.566467,300.346436,-737.148499,0,0
1.840000,-1.551508,-1.371376,-1.259875,0.938911,0.281454,0.198064,0.188603,0.060606,-0.980182,-0.287880,0.957659,0.003821,-0.684559,-0.171664,0.032801,0.707697,0.020824,-0.058639,-0.058811,0.004552,0.014691,0.001746,-0.198064,0.980182,-0.003821,0.000000,0.000000,0.000000,-1,-0.182037,1.000412,-0.001434,0.009291,-0.081722,-0.057174,142.267288,297.552521,-738.818542,0,0
1.880000,-1.547413,-1.370274,-1.259895,0.939879,0.277445,0.199127,0.189632,0.060933,-0.979963,-0.284019,0.958807,0.004657,-0.684523,-0.170585,0.031004,0.708073,0.002971,0.211720,-0.054499,0.018295,0.019763,0.000293,-0.199127,0.979963,-0.004657,0.000000,0.000000,0.000000,-1,-0.181244,0.989151,-0.005859,0.009507,0.146240,-0.046505,140.865631,300.346436,-739.486511,0,0
1.920000,-1.532808,-1.369567,-1.255081,0.942514,0.267910,0.199730,0.189995,0.062060,-0.979822,-0.274900,0.961443,0.007591,-0.684263,-0.167299,0.027464,0.709254,0.032811,0.230826,-0.040005,0.009132,0.011954,-0.006310,-0.199730,0.979822,-0.007591,0.000000,0.000000,0.000000,-1,-0.207031,0.986206,-0.015060,0.049891,0.051904,-0.031632,141.040848,300.171814,-739.653564,0,0
1.960000,-1.514978,-1.367797,-1.242833,0.943788,0.262194,0.201294,0.190862,0.064941,-0.979466,-0.269883,0.962827,0.011248,-0.683301,-0.165760,0.025095,0.710629,0.072043,0.079219,-0.038692,-0.007736,0.004237,-0.002073,-0.201294,0.979466,-0.011248,0.000000,0.000000,0.000000,-1,-0.205414,0.994217,-0.002762,0.082743,-0.039288,-0.041156,140.515228,299.647949,-738.150513,0,0
2.000000,-1.498544,-1.365570,-1.228537,0.944053,0.259713,0.203257,0.191969,0.068395,-0.979015,-0.268165,0.963261,0.014711,-0.682083,-0.165553,0.023790,0.711892,0.093251,0.080257,-0.051696,-0.000112,0.019963,0.015993,-0.203257,0.979015,-0.014711,0.000000,0.000000,0.000000,-1,-0.197998,1.003403,0.003754,0.073197,0.038092,-0.050973,139.463989,299.298706,-737.148499,0,0
2.040000,-1.486479,-1.364105,-1.222127,0.945329,0.254037,0.204493,0.192874,0.070114,-0.978715,-0.262968,0.964650,0.017283,-0.681530,-0.163937,0.021450,0.712869,0.044444,0.218085,-0.048579,0.014323,0.007033,0.022624,-0.204493,0.978715,-0.017283,0.000000,0.000000,0.000000,-1,-0.210678,0.974548,-0.005753,0.032902,0.149422,-0.045713,140.164810,300.346436,-737.482483,0,0
2.080000,-1.476216,-1.361953,-1.220732,0.947222,0.245295,0.206401,0.194754,0.071105,-0.978271,-0.254641,0.966837,0.019580,-0.681274,-0.161480,0.017702,0.713776,0.049662,0.177772,-0.062284,-0.011525,-0.001541,0.010455,-0.206401,0.978271,-0.019580,0.000000,0.000000,0.000000,-1,-0.220139,0.978928,-0.020035,0.062474,0.011558,-0.069882,140.515228,300.346436,-738.484497,0,0
2.120000,-1.466011,-1.357694,-1.210856,0.946569,0.244472,0.210333,0.197940,0.074492,-0.977379,-0.254610,0.966791,0.022121,-0.680066,-0.162636,0.016277,0.714700,0.054653,-0.107467,-0.089782,-0.007608,0.002708,0.001415,-0.210333,0.977379,-0.022121,0.000000,0.000000,0.000000,-1,-0.213058,0.992889,-0.009018,0.015476,-0.258800,-0.072399,140.515228,299.298706,-740.488525,0,0
2.160000,-1.473262,-1.354824,-1.212157,0.944455,0.250033,0.213279,0.200663,0.075219,-0.976768,-0.260267,0.965311,0.020868,-0.679774,-0.165752,0.017281,0.714238,0.005846,-0.134984,-0.055081,-0.002175,0.017113,0.013834,-0.213279,0.976768,-0.020868,0.000000,0.000000,0.000000,-1,-0.224258,0.984451,-0.015106,0.032624,-0.224829,-0.042957,139.463989,298.949493,-738.818542,0,0
2.200000,-1.475906,-1.352375,-1.209001,0.942471,0.255375,0.215714,0.202661,0.076698,-0.976241,-0.265853,0.963795,0.020531,-0.679198,-0.168594,0.018455,0.714090,0.061106,-0.181627,-0.050167,-0.015365,0.002992,0.001396,-0.215714,0.976241,-0.020531,0.000000,0.000000,0.000000,-1,-0.234039,0.980774,-0.026001,0.065457,-0.326628,-0.055624,139.639191,299.124115,-738.317505,0,0
2.240000,-1.476644,-1.348273,-1.198712,0.938758,0.265443,0.219714,0.205590,0.080234,-0.975344,-0.276527,0.960782,0.020748,-0.677823,-0.173730,0.020954,0.714097,0.045991,-0.312087,-0.085593,-0.010587,0.005568,0.000057,-0.219714,0.975344,-0.020748,0.000000,0.000000,0.000000,-1,-0.222351,0.984924,-0.016418,0.027018,-0.397706,-0.084664,139.814407,299.647949,-738.818542,0,0
2.280000,-1.488778,-1.345009,-1.200630,0.935189,0.275026,0.223121,0.208710,0.080991,-0.974618,-0.286116,0.958020,0.018341,-0.677469,-0.178508,0.023246,0.713183,-0.025125,-0.193334,-0.077898,0.001899,0.012137,0.002396,-0.223121,0.974618,-0.018341,0.000000,0.000000,0.000000,-1,-0.244751,0.998276,-0.023575,-0.022797,-0.254561,-0.073060,138.763168,299.647949,-738.150513,0,0
2.320000,-1.497997,-1.341216,-1.203418,0.932502,0.280938,0.226966,0.212384,0.081736,-0.973762,-0.292118,0.956239,0.016552,-0.677166,-0.182127,0.024053,0.712529,0.007828,-0.171079,-0.084753,-0.024072,0.019234,-0.009708,-0.226966,0.973762,-0.016552,0.000000,0.000000,0.000000,-1,-0.238602,0.971039,-0.026978,0.022835,-0.284271,-0.089385,140.164810,299.298706,-738.150513,0,0
2.360000,-1.500309,-1.335942,-1.197968,0.929140,0.287781,0.232124,0.216715,0.084762,-0.972548,-0.299557,0.953938,0.016389,-0.676016,-0.186570,0.024938,0.712441,0.012945,-0.197658,-0.134695,0.002647,-0.003157,-0.008376,-0.232124,0.972548,-0.016389,0.000000,0.000000,0.000000,-1,-0.219070,0.981232,-0.025604,-0.016683,-0.282224,-0.137889,141.040848,299.822571,-740.655518,0,0
2.400000,-1.514538,-1.331417,-1.206343,0.926283,0.293192,0.236724,0.221526,0.084511,-0.971485,-0.304837,0.952311,0.013332,-0.676099,-0.190326,0.025186,0.711359,-0.106090,-0.119215,-0.142231,0.020355,0.004177,-0.013981,-0.236724,0.971485,-0.013332,0.000000,0.000000,0.000000,-1,-0.224442,0.986923,-0.027328,-0.084633,-0.199517,-0.130068,140.164810,299.997192,-739.486511,0,0
2.440000,-1.525254,-1.327431,-1.213305,0.924161,0.296613,0.240720,0.225735,0.084322,-0.970533,-0.308171,0.951268,0.010971,-0.676178,-0.193125,0.024938,0.710537,0.010936,-0.113886,-0.126507,0.014417,0.021655,-0.018982,-0.240720,0.970533,-0.010971,0.000000,0.000000,0.000000,-1,-0.223694,0.992752,-0.020264,0.065296,-0.216464,-0.121007,139.463989,299.298706,-738.484497,0,0
2.480000,-1.508747,-1.323625,-1.192812,0.922314,0.299511,0.244191,0.227392,0.090292,-0.969608,-0.312457,0.949811,0.015171,-0.673953,-0.195452,0.025323,0.712000,0.160932,-0.032239,-0.122126,0.023900,0.019741,-0.000850,-0.244191,0.969608,-0.015171,0.000000,0.000000,0.000000,-1,-0.215179,0.991425,-0.010300,0.152600,-0.079688,-0.116204,138.412750,299.298706,-738.484497,0,0
2.520000,-1.488393,-1.321067,-1.177148,0.923402,0.294386,0.246303,0.228239,0.094794,-0.968979,-0.308602,0.950974,0.020342,-0.672359,-0.194325,0.023164,0.713887,0.103842,0.324014,-0.104990,0.034511,0.029876,0.041293,-0.246303,0.968979,-0.020342,0.000000,0.000000,0.000000,-1,-0.218887,0.996063,0.066315,0.119117,0.463188,-0.084246,138.237549,298.076385,-739.319519,0,0
2.560000,-1.444649,-1.316993,-1.160080,0.930645,0.268054,0.249092,0.230206,0.100251,-0.967964,-0.284439,0.958174,0.031590,-0.670598,-0.185752,0.013177,0.718068,0.067945,0.513835,-0.073532,0.029244,0.039131,0.106984,-0.249092,0.967964,-0.031590,0.000000,0.000000,0.000000,-1,-0.223618,1.017303,0.056870,-0.023452,0.202413,-0.058096,136.485489,298.774872,-740.655518,0,0
2.600000,-1.455649,-1.316011,-1.173445,0.930874,0.266064,0.250369,0.232401,0.097533,-0.967717,-0.281894,0.959009,0.028957,-0.671637,-0.185541,0.011734,0.717176,-0.242970,-0.340625,-0.022636,0.024554,0.028514,0.077953,-0.250369,0.967717,-0.028957,0.000000,0.000000,0.000000,-1,-0.255569,0.995895,0.030945,-0.328081,-0.790928,-0.003451,137.011108,299.997192,-737.816528,0,0
2.640000,-1.552539,-1.317007,-1.229955,0.918235,0.306312,0.251032,0.236630,0.083929,-0.967968,-0.317569,0.948224,0.004584,-0.676336,-0.200692,0.024595,0.708299,-0.359659,-1.522720,0.006323,-0.044638,0.032871,0.004050,-0.251032,0.967968,-0.004584,0.000000,0.000000,0.000000,-1,-0.304016,0.985123,-0.062775,-0.282271,-1.990045,-0.015564,139.288788,298.076385,-737.315491,0,0
2.680000,-1.670720,-1.316132,-1.274798,0.891946,0.376298,0.250664,0.240965,0.073484,-0.967748,-0.382582,0.923580,-0.025131,-0.678895,-0.227305,0.048578,0.696473,-0.243092,-1.976503,-0.002487,-0.047187,0.016276,-0.095154,-0.250664,0.967748,0.025131,0.000000,0.000000,0.000000,-1,-0.248398,0.971741,-0.038345,-0.217279,-1.935935,0.010068,139.814407,298.949493,-736.814514,0,0
2.720000,-1.748458,-1.315926,-1.296134,0.868830,0.428433,0.248151,0.242669,0.068380,-0.967696,-0.431562,0.900982,-0.044557,-0.679155,-0.247036,0.067514,0.687869,-0.008227,-0.809180,0.015185,0.000913,-0.004378,-0.081514,-0.248151,0.967696,0.044557,0.000000,0.000000,0.000000,-1,-0.273422,0.944168,-0.050552,0.047388,-0.569339,-0.004335,141.391251,299.473328,-737.649536,0,0
2.760000,-1.740361,-1.315161,-1.281692,0.865941,0.433623,0.249233,0.242366,0.072089,-0.967503,-0.437499,0.898206,-0.042671,-0.677592,-0.249409,0.069461,0.688360,0.118772,0.248778,-0.073959,-0.050251,-0.043141,-0.108772,-0.249234,0.967503,0.042671,0.000000,0.000000,0.000000,-1,-0.277847,0.909744,-0.057465,0.044506,0.368782,-0.114909,141.216049,298.600250,-736.814514,0,0
2.800000,-1.711173,-1.310477,-1.272277,0.873336,0.415128,0.254857,0.246006,0.075700,-0.966308,-0.420434,0.906608,-0.036013,-0.677062,-0.244119,0.061138,0.691560,-0.001410,0.723664,-0.163981,-0.009959,-0.055923,-0.032671,-0.254857,0.966308,0.036013,0.000000,0.000000,0.000000,-1,-0.256241,0.909485,0.038376,0.046815,0.871240,-0.169324,140.164810,297.901764,-737.148499,0,0
2.840000,-1.642092,-1.303775,-1.252851,0.891620,0.368436,0.263189,0.250635,0.082487,-0.964561,-0.377089,0.925986,-0.018796,-0.676005,-0.228945,0.042122,0.699162,0.151209,1.587706,-0.185519,-0.001917,-0.020164,-0.000516,-0.263189,0.964561,0.018796,0.000000,0.000000,0.000000,-1,-0.284210,0.978180,0.036575,0.143066,1.625046,-0.173787,137.887131,298.076385,-737.649536,0,0
2.880000,-1.538624,-1.297026,-1.225157,0.916249,0.295748,0.270224,0.254374,0.091599,-0.962758,-0.309486,0.950864,0.008697,-0.673787,-0.204116,0.014568,0.710025,0.256989,2.174033,-0.165929,-0.045008,0.090693,0.162505,-0.270224,0.962758,-0.008697,0.000000,0.000000,0.000000,-1,-0.253220,1.041092,0.247833,0.262344,1.773513,-0.150243,137.011108,298.949493,-739.152527,0,0
2.920000,-1.455779,-1.291665,-1.203306,0.932416,0.235985,0.273700,0.257124,0.098987,-0.961295,-0.253944,0.966702,0.031620,-0.671157,-0.183679,-0.007359,0.718161,-0.144677,0.396260,-0.026896,0.067981,0.055276,0.274082,-0.273700,0.961295,-0.031620,0.000000,0.000000,0.000000,-1,-0.200668,1.004898,0.201065,-0.337250,-0.594690,0.062778,136.660690,299.647949,-738.484497,0,0
2.960000,-1.553724,-1.297714,-1.249864,0.919030,0.287517,0.269662,0.255931,0.085077,-0.962944,-0.299805,0.953989,0.004604,-0.676267,-0.200900,0.011143,0.708645,-0.237227,-2.330213,0.235339,0.026223,0.025551,0.164059,-0.269662,0.962944,-0.004604,0.000000,0.000000,0.000000,-1,-0.265244,0.996506,0.143753,-0.110458,-2.751843,0.311478,138.237549,297.377930,-736.647461,0,0
3.000000,-1.663138,-1.314067,-1.247077,0.883748,0.393779,0.252837,0.240730,0.080770,-0.967226,-0.401295,0.915649,-0.023414,-0.675720,-0.234753,0.054926,0.696618,0.229114,-2.895917,0.529529,-0.044542,0.056273,0.138253,-0.252837,0.967226,0.023414,0.000000,0.000000,0.000000,-1,-0.270523,1.049286,0.200851,0.382279,-2.466107,0.665358,141.916870,299.298706,-736.146484,0,0
3.040000,-1.709368,-1.343530,-1.201550,0.850057,0.477080,0.223155,0.210128,0.081319,-0.974286,-0.482959,0.875090,-0.031122,-0.670794,-0.256117,0.096827,0.689248,0.356761,-1.696309,0.867353,0.004237,0.074252,0.124182,-0.223155,0.974286,0.031122,0.000000,0.000000,0.000000,-1,-0.115494,1.049911,0.244736,0.103261,-1.702330,0.951126,146.121811,300.346436,-736.814514,0,0
3.080000,-1.920128,-1.385491,-1.347963,0.825042,0.537899,0.173118,0.179691,0.040717,-0.982880,-0.535739,0.842026,-0.063062,-0.679593,-0.263978,0.133396,0.671323,-1.125634,-2.041771,1.701123,0.277992,0.166854,0.145495,-0.173118,0.982880,0.063062,0.000000,0.000000,0.000000,-1,0.114731,1.247025,0.205475,-1.126239,-2.395485,1.818780,150.326767,298.251007,-735.812500,0,0
3.120000,-2.304394,-1.421463,-1.682854,0.804768,0.583212,0.110509,0.147846,-0.016637,-0.988870,-0.574883,0.812150,-0.099615,-0.693004,-0.263728,0.167522,0.649715,-0.291016,0.206902,0.962702,-0.322993,0.051657,0.040110,-0.110509,0.988870,0.099615,0.000000,0.000000,0.000000,-1,-0.439774,0.892807,-0.278412,-0.564680,1.631742,0.762609,152.078827,296.854065,-734.476440,0,0
3.160000,-2.501133,-1.427348,-1.934503,0.837978,0.538975,0.085426,0.133606,-0.050856,-0.989729,-0.529095,0.840785,-0.114626,-0.707718,-0.237588,0.156725,0.646625,-0.552169,0.675096,0.686900,-0.060478,-0.103056,-0.530977,-0.085426,0.989729,0.114626,0.000000,0.000000,0.000000,-1,0.034302,0.857574,-0.043457,-0.548146,-0.098606,0.707477,153.830887,295.457092,-731.804443,0,0
3.200000,-2.742769,-1.422187,-2.172416,0.838181,0.542352,0.057498,0.122066,-0.083800,-0.988978,-0.531556,0.835961,-0.136443,-0.717361,-0.231550,0.165209,0.635991,-0.466904,-0.123338,0.623614,0.129260,-0.052912,0.044984,-0.057498,0.988978,0.136443,0.000000,0.000000,0.000000,-1,0.064362,0.940826,0.203568,-0.322190,0.007186,0.552397,153.830887,296.155579,-732.806458,0,0
3.240000,-2.862963,-1.421126,-2.306040,0.846605,0.530639,0.041012,0.110592,-0.100020,-0.988820,-0.520605,0.841676,-0.143361,-0.722839,-0.221775,0.165871,0.633092,-0.061289,0.493314,0.358940,-0.022923,-0.151845,-0.013219,-0.041012,0.988820,0.143361,0.000000,0.000000,0.000000,-1,-0.121017,0.814850,0.118179,-0.003928,0.442527,0.278868,154.882111,296.854065,-733.474426,0,0
3.280000,-2.905862,-1.423677,-2.370385,0.858267,0.512060,0.034236,0.102173,-0.105115,-0.989197,-0.502930,0.852493,-0.142535,-0.725589,-0.211633,0.161487,0.634550,0.045197,0.477059,0.123822,-0.096013,-0.167695,0.009336,-0.034236,0.989197,0.142535,0.000000,0.000000,0.000000,-1,-0.105881,0.859787,0.236160,0.057873,0.365846,0.047706,153.830887,296.854065,-731.136414,0,0
3.320000,-2.868814,-1.424107,-2.358204,0.870404,0.490760,0.039378,0.103146,-0.103561,-0.989260,-0.481411,0.865118,-0.140760,-0.727105,-0.204202,0.151984,0.637590,-0.059654,0.931483,-0.145130,-0.050970,-0.063494,0.169726,-0.039378,0.989260,0.140760,0.000000,0.000000,0.000000,-1,-0.074295,0.938736,0.313843,-0.153967,1.028163,-0.159310,152.429230,294.409363,-732.472412,0,0
3.360000,-2.801373,-1.411928,-2.334764,0.890064,0.452768,0.052791,0.114236,-0.109442,-0.987407,-0.441289,0.884886,-0.149133,-0.732912,-0.193408,0.132519,0.638649,-0.402172,0.962143,-0.197870,0.043117,-0.044399,0.143485,-0.052791,0.987407,0.149133,0.000000,0.000000,0.000000,-1,0.018021,0.965836,0.329315,-0.389646,0.317750,-0.204564,152.604431,296.330200,-729.967407,0,0
3.400000,-2.772215,-1.395741,-2.320163,0.895513,0.440571,0.062879,0.127508,-0.118635,-0.984717,-0.426378,0.889845,-0.162415,-0.737659,-0.192527,0.123193,0.635308,-0.254003,-0.037597,-0.172653,0.092160,0.042047,0.208266,-0.062879,0.984717,0.162415,0.000000,0.000000,0.000000,-1,0.017944,1.089478,0.384171,-0.191990,-0.125317,-0.138793,150.677170,297.203308,-730.468384,0,0
3.440000,-2.757857,-1.389656,-2.311929,0.897692,0.435431,0.067446,0.132898,-0.121624,-0.983639,-0.420103,0.891968,-0.167049,-0.739318,-0.192180,0.119251,0.634235,-0.080841,0.369772,-0.009397,0.053134,0.095753,0.160801,-0.067446,0.983639,0.167049,0.000000,0.000000,0.000000,-1,-0.018814,1.053375,0.302704,-0.094237,0.294801,0.042257,151.027588,296.504822,-730.134399,0,0
3.480000,-2.763682,-1.385894,-2.332506,0.903923,0.422280,0.067837,0.133045,-0.126886,-0.982954,-0.406475,0.897541,-0.170878,-0.741904,-0.187128,0.114111,0.633672,-0.172131,0.295635,0.044066,0.031826,-0.031202,0.085516,-0.067837,0.982954,0.170878,0.000000,0.000000,0.000000,-1,-0.048859,0.891632,0.231003,-0.168896,0.199315,-0.001165,149.801147,295.980957,-728.297363,0,0
3.520000,-2.769717,-1.378424,-2.349433,0.908202,0.412727,0.069471,0.136102,-0.134273,-0.981553,-0.395786,0.900903,-0.178120,-0.745083,-0.184150,0.109489,0.631626,0.050620,0.219129,-0.066535,0.007429,-0.133241,0.002819,-0.069471,0.981553,0.178120,0.000000,0.000000,0.000000,-1,-0.099289,0.845627,0.159088,0.217639,0.042274,-0.091942,150.326767,294.758606,-728.464355,0,0
3.560000,-2.701918,-1.391436,-2.282459,0.908139,0.411726,0.075935,0.135099,-0.116512,-0.983958,-0.396274,0.903829,-0.161433,-0.739271,-0.184920,0.108329,0.638395,0.669523,-0.064223,-0.256101,-0.094566,-0.058879,-0.009318,-0.075935,0.983958,0.161433,0.000000,0.000000,0.000000,-1,-0.206818,0.951004,0.134720,0.738599,-0.196616,-0.325305,149.801147,297.028687,-728.631348,0,0
3.600000,-2.531198,-1.409172,-2.104440,0.903881,0.417721,0.092239,0.138547,-0.081857,-0.986967,-0.404727,0.904880,-0.131863,-0.727599,-0.191132,0.107369,0.650031,0.791759,-0.118713,-0.535896,-0.176178,-0.024763,0.045398,-0.092239,0.986967,0.131863,0.000000,0.000000,0.000000,-1,-0.240662,1.036957,0.288666,0.826186,-0.242452,-0.490940,147.873871,297.203308,-731.136414,0,0
3.640000,-2.301367,-1.420660,-1.866610,0.898958,0.423633,0.111401,0.143077,-0.043603,-0.988751,-0.414010,0.904784,-0.099810,-0.714558,-0.198273,0.105873,0.662485,0.835563,-0.098490,-0.483284,-0.069354,0.217808,0.338850,-0.111401,0.988751,0.099809,0.000000,0.000000,0.000000,-1,-0.023666,1.435501,0.493271,0.813699,-0.047325,-0.458708,146.822647,299.298706,-731.804443,0,0
3.680000,-2.074517,-1.420877,-1.648073,0.900648,0.414395,0.130807,0.148913,-0.011530,-0.988783,-0.408238,0.910024,-0.072093,-0.704321,-0.199947,0.098475,0.673985,0.350112,0.360600,-0.465114,0.119271,0.369234,0.134739,-0.130807,0.988783,0.072093,0.000000,0.000000,0.000000,-1,-0.072906,1.250015,0.063766,0.084651,-0.075837,-0.375019,147.173050,300.346436,-732.472412,0,0
3.720000,-2.051331,-1.408942,-1.607762,0.891644,0.429594,0.142898,0.161038,-0.005956,-0.986930,-0.423128,0.903002,-0.074491,-0.702156,-0.210292,0.099775,0.672904,0.007428,-0.831914,-0.311289,-0.196274,-0.029746,-0.163816,-0.142898,0.986930,0.074491,0.000000,0.000000,0.000000,-1,-0.346054,0.890717,-0.103165,0.254090,-0.710973,-0.422952,147.173050,298.949493,-730.468384,0,0
3.760000,-1.933834,-1.390044,-1.464317,0.876644,0.450837,0.168052,0.178751,0.019105,-0.983709,-0.446703,0.892402,-0.063839,-0.693069,-0.227101,0.100513,0.676740,0.428141,-0.038601,-0.838600,-0.048180,-0.172536,-0.102306,-0.168052,0.983709,0.063839,0.000000,0.000000,0.000000,-1,-0.218063,0.830399,0.026825,0.459066,0.213798,-0.953797,145.070587,299.298706,-732.138428,0,0
3.800000,-1.813717,-1.363647,-1.357676,0.877521,0.436008,0.199633,0.201018,0.043502,-0.978621,-0.435371,0.898891,-0.049472,-0.686202,-0.232084,0.085885,0.684023,0.223327,0.807969,-1.194382,0.042757,-0.029921,-0.102588,-0.199633,0.978621,0.049472,0.000000,0.000000,0.000000,-1,-0.055038,0.948563,-0.198914,-0.059315,0.780582,-1.233591,141.391251,298.425629,-731.303406,0,0
3.840000,-1.776941,-1.323254,-1.356439,0.883730,0.401872,0.239834,0.239414,0.052121,-0.969517,-0.402122,0.914211,-0.050153,-0.685887,-0.233744,0.059153,0.686604,-0.311291,0.891779,-0.569586,0.199277,0.025722,-0.270475,-0.239834,0.969517,0.050153,0.000000,0.000000,0.000000,-1,-0.087402,1.069122,-0.125153,-0.174955,0.803152,-0.322939,138.237549,298.076385,-732.305420,0,0
3.880000,-1.739838,-1.307638,-1.364384,0.897125,0.359740,0.256424,0.254610,0.053314,-0.965573,-0.361026,0.931528,-0.043764,-0.686945,-0.223580,0.038068,0.690412,0.260359,1.020748,-0.120134,0.028137,0.087329,0.050871,-0.256424,0.965573,0.043764,0.000000,0.000000,0.000000,-1,-0.250183,1.041656,0.184753,0.741992,1.188526,0.010923,137.536728,299.124115,-732.305420,0,0
3.920000,-1.601966,-1.309852,-1.259453,0.909704,0.325490,0.257868,0.245590,0.079033,-0.966147,-0.334851,0.942237,-0.008040,-0.677995,-0.210576,0.028386,0.703686,1.096247,1.000716,-0.054796,0.044031,0.111185,0.016984,-0.257868,0.966147,0.008040,0.000000,0.000000,0.000000,-1,-0.161392,0.948227,-0.079498,0.909905,0.363486,-0.121232,136.135071,297.727142,-732.973450,0,0
3.960000,-1.529715,-1.306134,-1.178485,0.906803,0.330752,0.261363,0.241710,0.100010,-0.965181,-0.345375,0.938403,0.010743,-0.670084,-0.213579,0.031344,0.710204,-0.010657,-0.883198,0.012710,0.151972,-0.089647,-0.099914,-0.261363,0.965181,-0.010743,0.000000,0.000000,0.000000,-1,-0.128128,0.894684,-0.064163,-0.331217,-1.297532,0.114815,137.711929,299.647949,-735.144470,0,0
4.000000,-1.602436,-1.312883,-1.199426,0.889079,0.380192,0.254936,0.237676,0.092561,-0.966924,-0.391214,0.920264,-0.008069,-0.671675,-0.229973,0.050723,0.702419,0.270649,-0.841608,0.171107,0.072715,-0.005865,-0.027890,-0.254936,0.966924,0.008069,0.000000,0.000000,0.000000,-1,-0.183212,0.944244,-0.057144,0.384843,-0.889248,0.175285,139.814407,299.647949,-733.808472,0,0
4.040000,-1.578924,-1.318719,-1.150935,0.880944,0.402160,0.249408,0.227753,0.101670,-0.968396,-0.414808,0.909907,-0.002027,-0.667327,-0.235984,0.061964,0.703667,0.453687,-0.757806,0.199559,0.077914,-0.041608,-0.071928,-0.249408,0.968396,0.002027,0.000000,0.000000,0.000000,-1,-0.171921,0.918823,-0.033401,0.444483,-0.777918,0.179444,139.989609,298.774872,-733.975464,0,0
4.080000,-1.534200,-1.323761,-1.085067,0.873995,0.420021,0.244366,0.216247,0.114160,-0.969642,-0.435167,0.900306,0.008947,-0.661606,-0.240425,0.072097,0.706594,0.353678,-0.178080,0.061889,0.074689,0.011819,-0.007853,-0.244366,0.969642,-0.008947,0.000000,0.000000,0.000000,-1,-0.188828,1.048447,0.004700,0.367918,0.124036,-0.009934,141.216049,299.298706,-735.144470,0,0
4.120000,-1.418097,-1.320960,-0.988221,0.883393,0.399876,0.244369,0.206462,0.136029,-0.968953,-0.420702,0.906419,0.037608,-0.653788,-0.231855,0.067427,0.717117,0.748700,1.041026,-0.033064,0.029571,0.081905,0.089961,-0.244369,0.968953,-0.037608,0.000000,0.000000,0.000000,-1,-0.202393,1.034134,-0.000916,0.838403,1.132218,-0.067537,141.216049,299.647949,-735.478455,0,0
4.160000,-1.290849,-1.312690,-0.896005,0.898198,0.364775,0.245313,0.199309,0.159464,-0.966875,-0.391811,0.917339,0.070527,-0.645796,-0.218368,0.056712,0.729416,0.756971,1.302724,-0.149218,0.047620,0.037596,0.042237,-0.245313,0.966875,-0.070527,0.000000,0.000000,0.000000,-1,-0.194717,0.954849,0.010956,0.656344,1.149071,-0.139003,139.288788,299.822571,-736.647461,0,1
4.200000,-1.161115,-1.299261,-0.813074,0.915630,0.317960,0.246015,0.194829,0.184333,-0.963360,-0.351658,0.930012,0.106833,-0.637272,-0.201165,0.041443,0.742764,0.593121,1.198803,-0.159707,0.066542,-0.018338,0.130621,-0.246015,0.963360,-0.106833,0.000000,0.000000,0.000000,-1,-0.165298,0.925446,-0.005585,0.431571,0.745074,-0.174059,138.587952,300.171814,-740.655518,0,0
4.240000,-1.074200,-1.283131,-0.758500,0.925730,0.284258,0.249444,0.195148,0.205939,-0.958909,-0.323947,0.936369,0.135172,-0.629408,-0.190419,0.029593,0.752801,0.343708,0.230872,-0.128123,0.136605,0.013961,0.145502,-0.249444,0.958909,-0.135172,0.000000,0.000000,0.000000,-1,-0.105774,1.008484,-0.012634,0.329046,-0.093480,-0.124469,136.310287,300.695679,-738.150513,0,0
