0.000000,-1.517512,-1.358927,-1.288668,0.952483,0.220636,0.209989,0.201974,0.058544,-0.977639,-0.227996,0.973598,0.011200,-0.686065,-0.153998,0.006562,0.711025,0.019879,-0.004172,-0.003327,-0.000567,0.012793,0.006515,-0.209989,0.977640,-0.011200,0.000000,0.000000,0.000000,-1,-0.205170,0.989182,-0.004547,0.005242,-0.102838,0.001470,120.541733,289.869263,-757.856812,0,0
0.040000,-1.517705,-1.359083,-1.288717,0.952482,0.220785,0.209839,0.201831,0.058492,-0.977672,-0.228130,0.973567,0.011151,-0.686083,-0.153996,0.006665,0.711007,0.003978,0.001854,-0.002081,0.004670,0.011509,0.006604,-0.209839,0.977672,-0.011151,0.000000,0.000000,0.000000,-1,-0.204239,0.987015,-0.010025,0.010580,-0.094350,0.005628,120.366531,290.043884,-758.691772,0,0
0.080000,-1.516455,-1.359513,-1.287600,0.952607,0.220658,0.209405,0.201361,0.058600,-0.977763,-0.228022,0.973589,0.011391,-0.686042,-0.153788,0.006784,0.711090,0.019944,0.002921,0.003061,0.005166,0.009252,0.001365,-0.209405,0.977763,-0.011391,0.000000,0.000000,0.000000,-1,-0.210892,0.989258,-0.003647,0.023354,-0.094344,0.009742,119.490509,289.170776,-756.854797,0,0
0.120000,-1.513023,-1.359800,-1.284449,0.952752,0.220335,0.209085,0.200906,0.059155,-0.977823,-0.227817,0.973629,0.012093,-0.685840,-0.153550,0.006828,0.711337,0.012490,0.013515,-0.001157,-0.003531,0.010245,0.007958,-0.209085,0.977823,-0.012093,0.000000,0.000000,0.000000,-1,-0.210571,0.992004,-0.011185,-0.003242,-0.096471,0.005790,120.892151,289.520020,-757.188782,0,0
0.160000,-1.513748,-1.359903,-1.285379,0.952812,0.220161,0.208993,0.200864,0.058939,-0.977844,-0.227602,0.973681,0.011936,-0.685919,-0.153453,0.006782,0.711282,0.000810,0.008221,0.004314,-0.001243,0.012604,-0.001904,-0.208993,0.977844,-0.011936,0.000000,0.000000,0.000000,-1,-0.212601,0.992020,-0.013046,0.012732,-0.086921,0.010889,120.541733,290.218506,-757.188782,0,0
0.200000,-1.511480,-1.360009,-1.283452,0.952925,0.219796,0.208862,0.200651,0.059297,-0.977867,-0.227316,0.973742,0.012403,-0.685789,-0.153271,0.006727,0.711447,0.011501,0.007978,0.006345,-0.003739,0.014153,-0.000643,-0.208862,0.977867,-0.012403,0.000000,0.000000,0.000000,-1,-0.214432,0.985825,-0.013672,-0.004290,-0.092225,0.008973,121.417770,288.996155,-757.355774,0,0
0.240000,-1.512979,-1.360158,-1.285073,0.952971,0.219719,0.208735,0.200607,0.058931,-0.977898,-0.227163,0.973782,0.012082,-0.685922,-0.153197,0.006717,0.711334,-0.009771,-0.002626,0.006626,-0.007574,0.007927,-0.006290,-0.208735,0.977898,-0.012082,0.000000,0.000000,0.000000,-1,-0.212479,0.985565,-0.019226,0.008474,-0.083743,0.008794,121.242569,288.821533,-756.854797,0,0
0.280000,-1.508479,-1.360071,-1.281079,0.953099,0.219138,0.208763,0.200452,0.059756,-0.977880,-0.226765,0.973862,0.013026,-0.685623,-0.152996,0.006564,0.711667,0.016816,0.013275,0.004132,-0.001320,0.012294,-0.005879,-0.208763,0.977880,-0.013026,0.000000,0.000000,0.000000,-1,-0.212250,0.988922,-0.008621,0.005285,-0.087983,0.009912,120.716949,290.043884,-757.689819,0,0
0.320000,-1.507867,-1.360350,-1.280752,0.953221,0.218870,0.208483,0.200171,0.059743,-0.977938,-0.226497,0.973923,0.013137,-0.685628,-0.152795,0.006569,0.711706,0.000874,0.011157,0.006446,-0.003950,0.014112,0.007095,-0.208483,0.977938,-0.013137,0.000000,0.000000,0.000000,-1,-0.211868,0.984589,-0.019836,-0.013857,-0.095404,0.010157,119.490509,288.821533,-758.190796,0,0
0.360000,-1.511743,-1.360631,-1.284642,0.953251,0.218954,0.208257,0.200138,0.058886,-0.977997,-0.226400,0.973957,0.012313,-0.685940,-0.152744,0.006612,0.711416,-0.018188,-0.006061,0.007818,-0.003611,0.006592,-0.007524,-0.208257,0.977997,-0.012313,0.000000,0.000000,0.000000,-1,-0.211884,0.985977,-0.028625,-0.004277,-0.091160,0.012159,119.140091,290.567749,-758.190796,0,0
0.400000,-1.508423,-1.360802,-1.281735,0.953401,0.218501,0.208049,0.199806,0.059420,-0.978032,-0.226063,0.974026,0.012994,-0.685745,-0.152501,0.006567,0.711656,0.008416,0.020445,0.007404,-0.004170,0.004924,-0.007224,-0.208049,0.978032,-0.012994,0.000000,0.000000,0.000000,-1,-0.214691,0.983902,-0.019592,0.008472,-0.076325,0.006633,120.191330,289.869263,-758.524780,0,0
0.440000,-1.503367,-1.360388,-1.277672,0.953573,0.217426,0.208385,0.199951,0.060349,-0.977946,-0.225207,0.974209,0.014073,-0.685411,-0.152236,0.006136,0.712038,0.003072,0.018312,-0.001040,-0.005620,0.007970,-0.004253,-0.208385,0.977946,-0.014073,0.000000,0.000000,0.000000,-1,-0.214340,0.986389,-0.018250,0.005275,-0.080568,0.005624,121.417770,289.345398,-758.357788,0,0
0.480000,-1.501057,-1.360216,-1.275798,0.953652,0.216952,0.208520,0.199998,0.060772,-0.977910,-0.224832,0.974289,0.014566,-0.685258,-0.152114,0.005951,0.712213,0.008380,0.006649,-0.001048,-0.005821,0.008479,-0.003684,-0.208520,0.977910,-0.014566,0.000000,0.000000,0.000000,-1,-0.213531,0.987595,-0.018066,0.005250,-0.097536,0.002510,120.016129,289.345398,-758.691772,0,0
0.520000,-1.498763,-1.359965,-1.273641,0.953650,0.216759,0.208730,0.200101,0.061275,-0.977857,-0.224749,0.974300,0.015062,-0.685075,-0.152122,0.005846,0.712388,0.004199,0.008581,-0.000990,-0.003947,0.009341,-0.002837,-0.208730,0.977857,-0.015062,0.000000,0.000000,0.000000,-1,-0.211075,0.986847,-0.020340,0.011639,-0.084813,0.002382,120.541733,289.520020,-758.190796,0,0
0.560000,-1.495375,-1.359771,-1.270605,0.953714,0.216342,0.208867,0.200095,0.061939,-0.977817,-0.224480,0.974351,0.015783,-0.684834,-0.152021,0.005699,0.712642,0.014835,0.010702,-0.001117,-0.002208,0.009030,-0.004557,-0.208867,0.977817,-0.015783,0.000000,0.000000,0.000000,-1,-0.213898,0.984879,-0.017258,0.009515,-0.097531,0.005654,119.140091,290.218506,-756.520752,0,0
0.600000,-1.491892,-1.359651,-1.267275,0.953752,0.216116,0.208927,0.200000,0.062640,-0.977792,-0.224403,0.974356,0.016520,-0.684579,-0.151960,0.005652,0.712901,0.007391,0.010700,-0.002099,-0.004970,0.007087,-0.000738,-0.208927,0.977792,-0.016520,0.000000,0.000000,0.000000,-1,-0.210861,0.991592,-0.023819,0.007368,-0.088000,-0.001811,120.716949,289.694641,-758.691772,0,0
0.640000,-1.488764,-1.359455,-1.264455,0.953806,0.215745,0.209066,0.200005,0.063261,-0.977750,-0.224170,0.974398,0.017189,-0.684353,-0.151877,0.005518,0.713137,0.009519,0.000101,0.000053,-0.000910,0.013552,-0.001122,-0.209066,0.977750,-0.017189,0.000000,0.000000,0.000000,-1,-0.209671,0.986511,-0.016922,0.009513,-0.099651,0.005663,120.016129,289.694641,-757.689819,0,0
0.680000,-1.487001,-1.359516,-1.262636,0.953821,0.215767,0.208976,0.199833,0.063607,-0.977763,-0.224261,0.974371,0.017552,-0.684226,-0.151850,0.005585,0.713264,0.009584,0.001040,0.001132,-0.003228,0.012334,0.000844,-0.208976,0.977763,-0.017552,0.000000,0.000000,0.000000,-1,-0.209579,0.989044,-0.018143,0.004189,-0.100715,0.003600,119.315292,291.790070,-757.689819,0,0
0.720000,-1.484956,-1.359461,-1.260633,0.953836,0.215681,0.208993,0.199756,0.064023,-0.977752,-0.224263,0.974363,0.017984,-0.684074,-0.151825,0.005581,0.713415,0.010647,0.010577,-0.001050,0.000848,0.010850,0.002588,-0.208993,0.977752,-0.017984,0.000000,0.000000,0.000000,-1,-0.207077,0.986069,-0.015335,0.008444,-0.092235,0.002451,120.366531,290.043884,-759.359802,0,0
0.760000,-1.483401,-1.359673,-1.259204,0.953919,0.215542,0.208759,0.199467,0.064245,-0.977796,-0.224168,0.974379,0.018291,-0.683992,-0.151686,0.005632,0.713522,0.005328,-0.003203,0.001201,0.000583,0.011980,0.002147,-0.208759,0.977796,-0.018291,0.000000,0.000000,0.000000,-1,-0.212418,0.988190,-0.019119,0.003139,-0.098589,0.006793,120.366531,289.345398,-757.689819,0,0
0.800000,-1.481425,-1.359690,-1.257327,0.953961,0.215409,0.208706,0.199331,0.064615,-0.977800,-0.224112,0.974384,0.018702,-0.683857,-0.151618,0.005632,0.713666,0.013839,0.010577,-0.000019,-0.004292,0.013045,0.002345,-0.208706,0.977800,-0.018702,0.000000,0.000000,0.000000,-1,-0.210342,0.988724,-0.011398,0.010583,-0.085870,0.004526,120.541733,290.916962,-757.856812,0,0
0.840000,-1.480906,-1.359714,-1.257077,0.954028,0.215144,0.208672,0.199292,0.064657,-0.977805,-0.223861,0.974440,0.018808,-0.683843,-0.151510,0.005553,0.713704,0.003241,0.006232,-0.001988,0.000054,0.007638,0.001139,-0.208672,0.977805,-0.018808,0.000000,0.000000,0.000000,-1,-0.211685,0.989044,-0.017395,-0.004320,-0.106016,0.003717,121.242569,289.170776,-757.522766,0,0
0.880000,-1.481305,-1.359736,-1.257306,0.953992,0.215315,0.208659,0.199287,0.064605,-0.977809,-0.224017,0.974405,0.018723,-0.683861,-0.151566,0.005615,0.713674,0.003246,-0.003306,0.001246,-0.002416,0.011052,0.001572,-0.208659,0.977809,-0.018723,0.000000,0.000000,0.000000,-1,-0.211609,0.988342,-0.017059,0.006316,-0.109193,0.005742,118.789673,289.869263,-758.190796,0,0
0.920000,-1.480859,-1.359817,-1.256379,0.953909,0.215770,0.208571,0.199151,0.064765,-0.977826,-0.224494,0.974294,0.018809,-0.683801,-0.151697,0.005822,0.713702,0.002171,-0.006491,-0.000855,-0.000414,0.011981,0.000697,-0.208571,0.977826,-0.018809,0.000000,0.000000,0.000000,-1,-0.209503,0.989044,-0.013397,0.000998,-0.101775,0.003639,121.067352,290.043884,-758.691772,0,0
0.960000,-1.480482,-1.359870,-1.255934,0.953908,0.215831,0.208512,0.199073,0.064838,-0.977837,-0.224567,0.974276,0.018883,-0.683774,-0.151696,0.005870,0.713728,0.005370,0.000931,0.000141,0.000947,0.013312,0.001229,-0.208512,0.977837,-0.018883,0.000000,0.000000,0.000000,-1,-0.206985,0.991852,-0.018082,0.008450,-0.104951,0.006763,120.016129,291.440826,-756.687744,0,0
1.000000,-1.479760,-1.360192,-1.254805,0.953890,0.216225,0.208185,0.198700,0.064964,-0.977905,-0.224972,0.974180,0.019005,-0.683725,-0.151715,0.006138,0.713768,0.005394,-0.019289,0.002377,0.001444,0.013825,0.002342,-0.208185,0.977905,-0.019005,0.000000,0.000000,0.000000,-1,-0.211716,0.986389,-0.018143,-0.000063,-0.115553,0.006905,119.840912,289.170776,-757.188782,0,0
1.040000,-1.480626,-1.360238,-1.254970,0.953739,0.216914,0.208157,0.198669,0.064918,-0.977914,-0.225637,0.974030,0.018821,-0.683740,-0.151952,0.006391,0.713701,-0.000992,-0.006574,-0.001865,-0.000217,0.011069,-0.000680,-0.208157,0.977914,-0.018821,0.000000,0.000000,0.000000,-1,-0.208527,0.986877,-0.022263,-0.001125,-0.103894,0.004736,120.541733,288.821533,-757.522766,0,0
1.080000,-1.479395,-1.360281,-1.253604,0.953730,0.217020,0.208092,0.198540,0.065176,-0.977923,-0.225791,0.973989,0.019073,-0.683645,-0.151965,0.006473,0.713789,0.009651,-0.003391,0.000131,-0.000664,0.009656,-0.002655,-0.208092,0.977923,-0.019073,0.000000,0.000000,0.000000,-1,-0.208511,0.989304,-0.017899,0.012702,-0.100711,0.005633,120.191330,289.520020,-756.854797,0,0
1.120000,-1.477287,-1.360320,-1.251241,0.953700,0.217224,0.208013,0.198349,0.065633,-0.977932,-0.226082,0.973913,0.019508,-0.683476,-0.152007,0.006610,0.713940,0.007518,-0.007634,-0.000889,-0.001933,0.010792,0.002784,-0.208013,0.977932,-0.019508,0.000000,0.000000,0.000000,-1,-0.209641,0.990540,-0.020020,-0.001145,-0.108141,0.000501,120.016129,290.742340,-757.355774,0,0
1.160000,-1.477218,-1.360207,-1.250703,0.953577,0.217662,0.208122,0.198418,0.065774,-0.977908,-0.226542,0.973805,0.019533,-0.683423,-0.152205,0.006738,0.713947,0.007532,-0.007702,-0.001944,-0.001916,0.010541,-0.003798,-0.208122,0.977908,-0.019533,0.000000,0.000000,0.000000,-1,-0.210266,0.988831,-0.017532,0.008428,-0.108139,0.001459,121.067352,288.996155,-759.025818,0,0
1.200000,-1.476712,-1.360188,-1.249736,0.953477,0.218091,0.208130,0.198373,0.065972,-0.977904,-0.227002,0.973696,0.019640,-0.683349,-0.152361,0.006904,0.713983,0.007533,-0.009822,-0.000870,0.000382,0.011934,0.004122,-0.208130,0.977904,-0.019640,0.000000,0.000000,0.000000,-1,-0.209808,0.988968,-0.020386,-0.008583,-0.114499,0.002739,118.964890,289.694641,-759.025818,0,0
1.240000,-1.477813,-1.360176,-1.250411,0.953372,0.218518,0.208163,0.198428,0.065842,-0.977901,-0.227395,0.973609,0.019412,-0.683396,-0.152527,0.007035,0.713902,-0.011618,-0.018307,-0.002748,-0.001798,0.011112,-0.002591,-0.208163,0.977901,-0.019412,0.000000,0.000000,0.000000,-1,-0.209793,0.990479,-0.022324,-0.002191,-0.107074,0.004762,120.016129,287.599182,-758.357788,0,0
1.280000,-1.477164,-1.360256,-1.249339,0.953301,0.218914,0.208073,0.198283,0.066030,-0.977918,-0.227819,0.973507,0.019539,-0.683325,-0.152635,0.007224,0.713945,0.006470,-0.006644,-0.001936,-0.003170,0.009356,0.000023,-0.208073,0.977918,-0.019539,0.000000,0.000000,0.000000,-1,-0.211731,0.989960,-0.015350,0.004189,-0.099654,0.003595,120.366531,288.996155,-757.021790,0,0
1.320000,-1.477398,-1.360143,-1.249634,0.953277,0.218817,0.208281,0.198501,0.066023,-0.977875,-0.227727,0.973530,0.019503,-0.683329,-0.152678,0.007114,0.713933,0.000103,0.000708,-0.001893,-0.006852,0.009873,-0.000822,-0.208281,0.977874,-0.019503,0.000000,0.000000,0.000000,-1,-0.213135,0.988907,-0.018784,0.003115,-0.103898,0.001498,118.614471,288.646912,-758.357788,0,0
1.360000,-1.477474,-1.359830,-1.249615,0.953207,0.218923,0.208493,0.198696,0.066106,-0.977829,-0.227852,0.973500,0.019514,-0.683298,-0.152795,0.007083,0.713938,0.006473,-0.005655,-0.002999,-0.004290,0.008423,0.001081,-0.208493,0.977829,-0.019514,0.000000,0.000000,0.000000,-1,-0.210312,0.990311,-0.018173,0.003102,-0.110263,-0.000600,120.716949,290.742340,-758.023804,0,0
1.400000,-1.478324,-1.359747,-1.250081,0.953098,0.219302,0.208591,0.198804,0.066040,-0.977812,-0.228211,0.973420,0.019344,-0.683322,-0.152968,0.007178,0.713877,-0.007350,0.003882,-0.005016,0.002536,0.010668,0.001766,-0.208591,0.977812,-0.019344,0.000000,0.000000,0.000000,-1,-0.204330,0.990479,-0.019760,-0.006448,-0.092238,0.000487,120.366531,288.996155,-757.355774,0,0
1.440000,-1.477628,-1.360045,-1.249429,0.953173,0.219265,0.208287,0.198485,0.066077,-0.977874,-0.228177,0.973425,0.019462,-0.683307,-0.152841,0.007277,0.713917,0.011809,-0.003529,0.002255,0.002721,0.008775,0.000984,-0.208287,0.977874,-0.019462,0.000000,0.000000,0.000000,-1,-0.208832,0.990509,-0.012787,0.006312,-0.098596,0.002503,121.242569,289.520020,-758.524780,0,0
1.480000,-1.478488,-1.360159,-1.250161,0.953160,0.219412,0.208193,0.198427,0.065897,-0.977898,-0.228281,0.973404,0.019273,-0.683372,-0.152859,0.007349,0.713850,0.004339,-0.003603,-0.002976,0.000536,0.009544,0.008439,-0.208193,0.977898,-0.019273,0.000000,0.000000,0.000000,-1,-0.207565,0.987854,-0.015518,-0.007523,-0.096482,-0.001609,119.665710,290.742340,-759.025818,0,0
1.520000,-1.480382,-1.360172,-1.252260,0.953191,0.219256,0.208217,0.198554,0.065476,-0.977901,-0.228044,0.973468,0.018877,-0.683527,-0.152814,0.007252,0.713713,-0.006288,0.009117,-0.003979,-0.001942,0.009542,-0.002409,-0.208217,0.977901,-0.018877,0.000000,0.000000,0.000000,-1,-0.210556,0.988525,-0.018234,-0.003249,-0.090114,0.002570,119.140091,290.218506,-758.190796,0,0
1.560000,-1.480517,-1.360148,-1.252677,0.953247,0.218988,0.208243,0.198603,0.065401,-0.977895,-0.227767,0.973533,0.018851,-0.683556,-0.152728,0.007141,0.713705,0.000092,0.000638,-0.001883,-0.001443,0.012522,0.004447,-0.208243,0.977895,-0.018851,0.000000,0.000000,0.000000,-1,-0.210739,0.986008,-0.014587,-0.007511,-0.101776,0.002670,122.118591,291.091583,-757.689819,0,0
1.600000,-1.482749,-1.360101,-1.254832,0.953201,0.219104,0.208330,0.198787,0.064987,-0.977886,-0.227797,0.973535,0.018390,-0.683708,-0.152803,0.007118,0.713544,-0.006290,0.004876,-0.002895,-0.002547,0.007771,0.011387,-0.208330,0.977886,-0.018390,0.000000,0.000000,0.000000,-1,-0.209549,0.986649,-0.015381,-0.003259,-0.081639,-0.001723,119.665710,289.694641,-757.355774,0,0
1.640000,-1.481646,-1.359772,-1.254529,0.953320,0.218298,0.208629,0.199072,0.065147,-0.977817,-0.227047,0.973705,0.018649,-0.683653,-0.152625,0.006735,0.713638,0.002196,0.016480,-0.006231,-0.002003,0.010235,-0.001035,-0.208629,0.977817,-0.018649,0.000000,0.000000,0.000000,-1,-0.208908,0.988708,-0.014832,0.003115,-0.082701,-0.002852,120.366531,289.345398,-757.355774,0,0
1.680000,-1.481581,-1.359698,-1.254802,0.953380,0.217969,0.208701,0.199160,0.065115,-0.977801,-0.226720,0.973781,0.018669,-0.683666,-0.152534,0.006589,0.713646,0.003255,0.006939,-0.005136,-0.000177,0.012387,0.003456,-0.208701,0.977801,-0.018669,0.000000,0.000000,0.000000,-1,-0.207489,0.988983,-0.015640,-0.006453,-0.098599,0.000516,120.541733,290.218506,-757.522766,0,0
1.720000,-1.483021,-1.359752,-1.256301,0.953391,0.217946,0.208675,0.199207,0.064800,-0.977813,-0.226632,0.973807,0.018364,-0.683781,-0.152517,0.006565,0.713540,-0.009500,0.000580,-0.002838,0.001186,0.011171,0.002723,-0.208675,0.977813,-0.018364,0.000000,0.000000,0.000000,-1,-0.210327,0.985962,-0.020172,-0.008577,-0.090119,-0.000562,121.067352,289.345398,-758.357788,0,0
1.760000,-1.482273,-1.359641,-1.256245,0.953526,0.217264,0.208769,0.199306,0.064845,-0.977789,-0.225976,0.973957,0.018529,-0.683767,-0.152307,0.006291,0.713600,0.007507,0.016476,-0.007351,0.000868,0.009653,0.001546,-0.208769,0.977789,-0.018529,0.000000,0.000000,0.000000,-1,-0.206970,0.987885,-0.015213,0.004178,-0.082701,-0.002864,120.892151,290.567749,-759.192810,0,0
1.800000,-1.482280,-1.359540,-1.256729,0.953610,0.216802,0.208867,0.199431,0.064779,-0.977768,-0.225512,0.974064,0.018537,-0.683794,-0.152178,0.006086,0.713604,-0.005282,0.017516,-0.008277,-0.001658,0.012054,0.000135,-0.208867,0.977768,-0.018537,0.000000,0.000000,0.000000,-1,-0.209946,0.989594,-0.019638,-0.006452,-0.080580,-0.002756,120.191330,289.520020,-757.522766,0,0
1.840000,-1.482424,-1.359399,-1.257407,0.953696,0.216287,0.209007,0.199606,0.064686,-0.977739,-0.224992,0.974185,0.018519,-0.683830,-0.152046,0.005844,0.713600,0.000043,0.019639,-0.006217,-0.000939,0.011855,-0.001119,-0.209007,0.977739,-0.018519,0.000000,0.000000,0.000000,-1,-0.204880,0.988113,-0.016953,0.001000,-0.083756,0.000367,119.840912,288.821533,-758.524780,0,0
1.880000,-1.483339,-1.359528,-1.258945,0.953848,0.215719,0.208899,0.199586,0.064340,-0.977766,-0.224364,0.974333,0.018316,-0.683957,-0.151802,0.005653,0.713531,-0.015903,0.010099,-0.003868,0.000693,0.011675,-0.004999,-0.208899,0.977766,-0.018316,0.000000,0.000000,0.000000,-1,-0.212311,0.988815,-0.024475,-0.011751,-0.075275,0.000469,119.315292,289.345398,-757.689819,0,0
1.920000,-1.481996,-1.359347,-1.258433,0.954003,0.214888,0.209050,0.199721,0.064497,-0.977728,-0.223585,0.974507,0.018613,-0.683903,-0.151560,0.005313,0.713637,0.004305,0.030240,-0.006310,-0.002651,0.009195,-0.005924,-0.209050,0.977728,-0.018613,0.000000,0.000000,0.000000,-1,-0.209305,0.989853,-0.015457,0.010565,-0.077398,-0.001895,120.191330,290.218506,-756.520752,0,0
1.960000,-1.480345,-1.359160,-1.257409,0.954115,0.214243,0.209201,0.199829,0.064758,-0.977689,-0.223011,0.974631,0.018974,-0.683810,-0.151384,0.005049,0.713766,0.005325,0.016423,-0.007322,-0.000104,0.012164,0.003517,-0.209201,0.977689,-0.018974,0.000000,0.000000,0.000000,-1,-0.210403,0.989929,-0.023239,-0.007519,-0.085881,-0.002721,120.541733,290.218506,-757.856812,0,0
2.000000,-1.480581,-1.358882,-1.258513,0.954243,0.213403,0.209476,0.200159,0.064621,-0.977630,-0.222165,0.974825,0.018949,-0.683863,-0.151186,0.004639,0.713760,-0.005300,0.018544,-0.006150,-0.004223,0.010956,-0.003115,-0.209476,0.977630,-0.018949,0.000000,0.000000,0.000000,-1,-0.213272,0.985626,-0.020050,-0.000054,-0.072094,0.000326,119.840912,289.520020,-757.856812,0,0
2.040000,-1.479178,-1.358559,-1.257840,0.954346,0.212656,0.209764,0.200416,0.064853,-0.977562,-0.221489,0.974972,0.019272,-0.683780,-0.151025,0.004287,0.713875,0.005333,0.019604,-0.006272,-0.003997,0.009575,-0.000992,-0.209764,0.977562,-0.019272,0.000000,0.000000,0.000000,-1,-0.212891,0.987976,-0.016342,-0.002207,-0.096482,-0.001668,120.016129,290.043884,-759.025818,0,0
2.080000,-1.479684,-1.358341,-1.258495,0.954330,0.212511,0.209986,0.200661,0.064787,-0.977516,-0.221337,0.975009,0.019185,-0.683805,-0.151056,0.004150,0.713846,-0.003192,-0.000542,-0.007151,-0.002904,0.010460,0.002843,-0.209986,0.977516,-0.019185,0.000000,0.000000,0.000000,-1,-0.211761,0.987595,-0.023865,-0.009650,-0.092243,-0.002668,120.541733,290.218506,-758.190796,0,0
2.120000,-1.480698,-1.357888,-1.260122,0.954360,0.211917,0.210446,0.201188,0.064596,-0.977421,-0.220726,0.975151,0.019012,-0.683877,-0.151016,0.003758,0.713787,-0.006400,0.013219,-0.005049,-0.002673,0.010144,-0.005920,-0.210446,0.977421,-0.019012,0.000000,0.000000,0.000000,-1,-0.212860,0.982758,-0.019592,-0.001136,-0.085880,-0.001727,120.366531,288.646912,-759.025818,0,0
2.160000,-1.480282,-1.357685,-1.260111,0.954409,0.211510,0.210637,0.201376,0.064659,-0.977378,-0.220344,0.975235,0.019118,-0.683855,-0.150941,0.003549,0.713825,0.001047,0.015340,-0.004077,-0.002651,0.006723,0.002104,-0.210637,0.977377,-0.019118,0.000000,0.000000,0.000000,-1,-0.216553,0.985199,-0.021881,-0.011775,-0.091182,-0.002650,119.665710,288.996155,-758.023804,0,0
2.200000,-1.481274,-1.357185,-1.261512,0.954386,0.211108,0.211141,0.201931,0.064525,-0.977272,-0.219933,0.975331,0.018952,-0.683906,-0.150985,0.003214,0.713769,-0.015987,0.008970,-0.009180,-0.005457,0.008278,-0.004775,-0.211141,0.977272,-0.018952,0.000000,0.000000,0.000000,-1,-0.214737,0.983078,-0.027100,-0.013898,-0.076343,-0.004821,118.789673,289.170776,-758.190796,0,0
2.240000,-1.480299,-1.356693,-1.261438,0.954486,0.210195,0.211602,0.202385,0.064686,-0.977167,-0.219084,0.975517,0.019202,-0.683849,-0.150830,0.002735,0.713858,-0.003210,0.019575,-0.007242,-0.004402,0.007543,-0.006967,-0.211602,0.977167,-0.019202,0.000000,0.000000,0.000000,-1,-0.217163,0.987183,-0.025421,-0.005391,-0.083761,-0.002754,120.016129,289.694641,-758.023804,0,0
2.280000,-1.480213,-1.355973,-1.261816,0.954439,0.209704,0.212300,0.203079,0.064824,-0.977014,-0.218646,0.975614,0.019284,-0.683800,-0.150915,0.002320,0.713888,-0.009662,0.001529,-0.013469,-0.005641,0.010565,-0.001301,-0.212300,0.977014,-0.019284,0.000000,0.000000,0.000000,-1,-0.216522,0.988678,-0.023972,-0.013922,-0.092251,-0.007940,120.016129,289.694641,-758.023804,0,0
2.320000,-1.480987,-1.355495,-1.262806,0.954380,0.209484,0.212781,0.203589,0.064764,-0.976912,-0.218428,0.975665,0.019161,-0.683823,-0.151016,0.002065,0.713846,-0.014968,0.006831,-0.012371,-0.003101,0.009889,-0.003513,-0.212781,0.976912,-0.019161,0.000000,0.000000,0.000000,-1,-0.213486,0.982925,-0.025269,-0.014976,-0.084828,-0.006898,120.191330,288.472290,-758.190796,0,0
2.360000,-1.481582,-1.355034,-1.263919,0.954389,0.208972,0.213241,0.204090,0.064674,-0.976813,-0.217918,0.975781,0.019075,-0.683857,-0.151005,0.001710,0.713817,-0.007517,0.011073,-0.011409,0.000243,0.007668,-0.004409,-0.213241,0.976813,-0.019075,0.000000,0.000000,0.000000,-1,-0.215363,0.990524,-0.020020,-0.008597,-0.084828,-0.006968,119.140091,289.869263,-758.524780,0,0
2.400000,-1.482074,-1.354435,-1.265131,0.954413,0.208257,0.213833,0.204726,0.064602,-0.976685,-0.217216,0.975938,0.019022,-0.683884,-0.150970,0.001237,0.713799,-0.007534,0.014245,-0.016741,-0.002598,0.011489,-0.001791,-0.213833,0.976685,-0.019022,0.000000,0.000000,0.000000,-1,-0.216599,0.984528,-0.024017,-0.012862,-0.080593,-0.011195,120.541733,290.567749,-756.186768,0,0
2.440000,-1.482003,-1.353912,-1.265608,0.954421,0.207698,0.214340,0.205244,0.064658,-0.976573,-0.216691,0.976054,0.019082,-0.683864,-0.150959,0.000859,0.713821,-0.008618,0.017412,-0.014609,-0.002426,0.006048,-0.005607,-0.214340,0.976573,-0.019082,0.000000,0.000000,0.000000,-1,-0.213348,0.988983,-0.022827,-0.006466,-0.067867,-0.009196,119.315292,291.091583,-757.021790,0,0
2.480000,-1.481161,-1.353296,-1.266155,0.954590,0.206315,0.214923,0.205853,0.064726,-0.976440,-0.215365,0.976342,0.019317,-0.683840,-0.150681,0.000162,0.713904,-0.010759,0.022704,-0.019926,-0.001737,0.014359,-0.005876,-0.214923,0.976440,-0.019317,0.000000,0.000000,0.000000,-1,-0.216171,0.986557,-0.021255,-0.011826,-0.073184,-0.019750,119.840912,290.567749,-758.524780,0,0
2.520000,-1.481365,-1.352635,-1.267400,0.954667,0.205283,0.215570,0.206549,0.064663,-0.976297,-0.214357,0.976564,0.019330,-0.683863,-0.150554,-0.000443,0.713908,-0.009698,0.044960,-0.025357,-0.000571,0.006918,-0.002398,-0.215570,0.976297,-0.019330,0.000000,0.000000,0.000000,-1,-0.215271,0.985855,-0.026199,-0.010736,-0.048797,-0.017745,120.366531,290.742340,-759.025818,0,0
2.560000,-1.479982,-1.351873,-1.267936,0.954915,0.203371,0.216283,0.207294,0.064774,-0.976132,-0.212526,0.976957,0.019696,-0.683821,-0.150136,-0.001374,0.714035,-0.006491,0.038607,-0.020044,-0.001643,0.011493,-0.003864,-0.216283,0.976132,-0.019696,0.000000,0.000000,0.000000,-1,-0.218781,0.985687,-0.016998,-0.010722,-0.056210,-0.012393,119.315292,290.043884,-758.357788,0,0
2.600000,-1.480354,-1.351247,-1.270022,0.955129,0.201702,0.216900,0.208013,0.064522,-0.975996,-0.210855,0.977319,0.019671,-0.683911,-0.149769,-0.002210,0.714024,-0.010771,0.043882,-0.020008,-0.001911,0.003786,0.001726,-0.216900,0.975996,-0.019671,0.000000,0.000000,0.000000,-1,-0.219498,0.984070,-0.015442,-0.010766,-0.062587,-0.023001,119.315292,290.393127,-756.019775,0,0
2.640000,-1.482331,-1.349625,-1.273288,0.955032,0.200411,0.218515,0.209736,0.064307,-0.975641,-0.209581,0.977599,0.019382,-0.683985,-0.149911,-0.003265,0.713919,-0.011982,0.039582,-0.058269,-0.000098,0.013785,0.007877,-0.218515,0.975641,-0.019382,0.000000,0.000000,0.000000,-1,-0.211884,0.980667,-0.006104,-0.034190,-0.024445,-0.039934,118.439270,289.869263,-758.524780,0,0
2.680000,-1.491416,-1.348312,-1.285684,0.955333,0.197373,0.219959,0.211746,0.062062,-0.975352,-0.206159,0.978362,0.017497,-0.684795,-0.149358,-0.005038,0.713248,-0.055499,0.034311,-0.036488,-0.003460,0.033406,0.007045,-0.219959,0.975352,-0.017497,0.000000,0.000000,0.000000,-1,-0.218933,0.993820,0.000137,-0.061865,-0.067914,-0.039433,118.789673,289.170776,-758.858826,0,0
2.720000,-1.503299,-1.347586,-1.298896,0.955340,0.196335,0.220857,0.213229,0.059449,-0.975192,-0.204594,0.978733,0.014930,-0.685741,-0.149314,-0.005929,0.712341,-0.091621,0.050219,-0.031905,0.002245,0.032087,0.011222,-0.220857,0.975192,-0.014930,0.000000,0.000000,0.000000,-1,-0.226013,0.976410,0.020111,-0.096966,-0.080639,-0.041116,119.840912,290.218506,-757.522766,0,0
2.760000,-1.524689,-1.346910,-1.322645,0.955491,0.194549,0.221785,0.215220,0.054531,-0.975042,-0.201787,0.979376,0.010233,-0.687518,-0.149003,-0.007272,0.710678,-0.169927,0.133007,0.059023,0.059446,-0.187002,0.027735,-0.221785,0.975042,-0.010233,0.000000,0.000000,0.000000,-1,-0.253616,1.036545,-0.034286,-0.136020,0.012743,0.015270,119.840912,288.821533,-758.190796,0,0
2.800000,-1.539438,-1.347435,-1.340644,0.956131,0.191823,0.221400,0.215668,0.050532,-0.975158,-0.198246,0.980128,0.006945,-0.688958,-0.147865,-0.008402,0.709508,-0.069252,0.038547,-0.008675,-0.032217,0.061386,-0.027342,-0.221400,0.975158,-0.006945,0.000000,0.000000,0.000000,-1,-0.197449,0.975891,-0.005859,0.016920,-0.098605,-0.003996,119.140091,288.472290,-756.186768,0,0
2.840000,-1.539175,-1.346321,-1.341788,0.956160,0.190416,0.222484,0.216784,0.050532,-0.974911,-0.196881,0.980402,0.007038,-0.688947,-0.147762,-0.009291,0.709530,0.034847,0.096805,-0.045189,0.023250,0.049900,0.011478,-0.222484,0.974911,-0.007038,0.000000,0.000000,0.000000,-1,-0.232758,1.023834,-0.017624,0.025548,0.038169,0.000610,119.140091,289.869263,-758.524780,0,0
2.880000,-1.535345,-1.346339,-1.340184,0.956611,0.188195,0.222438,0.216685,0.050875,-0.974915,-0.194790,0.980813,0.007889,-0.688812,-0.146949,-0.010034,0.709820,0.012529,-0.105631,-0.001478,-0.042272,0.035003,-0.022949,-0.222438,0.974915,-0.007889,0.000000,0.000000,0.000000,-1,-0.219696,1.002106,0.028030,0.022911,-0.427325,-0.039809,118.439270,290.567749,-757.188782,0,0
2.920000,-1.538552,-1.344188,-1.335400,0.954587,0.195798,0.224557,0.218478,0.052401,-0.974434,-0.202559,0.979243,0.007243,-0.688285,-0.150474,-0.007990,0.709618,0.032281,-0.225615,-0.092616,0.004861,0.027672,0.035274,-0.224557,0.974434,-0.007243,0.000000,0.000000,0.000000,-1,-0.163757,0.966797,0.035477,-0.000254,-0.056276,-0.056120,118.614471,290.742340,-756.687744,0,0
2.960000,-1.544761,-1.342701,-1.346354,0.955139,0.191345,0.226046,0.220451,0.050326,-0.974099,-0.197765,0.980232,0.005886,-0.689008,-0.149416,-0.010262,0.709111,-0.077577,0.197563,0.011997,0.042925,0.014701,0.024716,-0.226046,0.974099,-0.005886,0.000000,0.000000,0.000000,-1,-0.234787,0.972961,0.009232,-0.040339,-0.052970,0.027277,118.964890,288.646912,-758.357788,0,0
3.000000,-1.552733,-1.343995,-1.352200,0.954965,0.193639,0.224826,0.219511,0.048763,-0.974391,-0.199643,0.979860,0.004062,-0.689590,-0.149781,-0.009130,0.708482,-0.040619,-0.125804,0.010923,-0.011167,0.000905,0.015826,-0.224826,0.974391,-0.004062,0.000000,0.000000,0.000000,-1,-0.218201,0.987335,0.003571,-0.055434,-0.205678,0.002603,118.964890,289.345398,-756.019775,0,0
3.040000,-1.562201,-1.343957,-1.358777,0.954337,0.196634,0.224891,0.219863,0.047327,-0.974382,-0.202240,0.979334,0.001933,-0.690123,-0.150878,-0.008205,0.707742,-0.034238,-0.060091,-0.002209,0.006690,0.012953,0.005504,-0.224891,0.974382,-0.001933,0.000000,0.000000,0.000000,-1,-0.206940,0.994659,0.019394,-0.008518,-0.048760,0.006696,119.140091,289.869263,-757.522766,0,0
3.080000,-1.565984,-1.344711,-1.363679,0.954702,0.195695,0.224162,0.219373,0.046097,-0.974551,-0.201048,0.979581,0.001079,-0.690566,-0.150264,-0.008368,0.707439,-0.031009,-0.003962,0.000734,0.012339,0.018674,0.024654,-0.224162,0.974551,-0.001079,0.000000,0.000000,0.000000,-1,-0.206329,0.993835,0.017334,-0.056435,-0.101784,-0.002110,119.840912,289.520020,-757.522766,0,0
3.120000,-1.583735,-1.345284,-1.382216,0.954895,0.195411,0.223587,0.219641,0.041918,-0.974680,-0.199835,0.979825,-0.002893,-0.692075,-0.149930,-0.008580,0.706031,-0.080997,-0.001851,-0.004037,0.028442,0.017843,-0.012994,-0.223587,0.974680,0.002893,0.000000,0.000000,0.000000,-1,-0.195786,0.988770,-0.003296,-0.040400,-0.085851,0.017852,119.140091,289.520020,-756.854797,0,0
3.160000,-1.588737,-1.347988,-1.388202,0.955656,0.194705,0.220933,0.217296,0.040124,-0.975281,-0.198757,0.980041,-0.003964,-0.692729,-0.148688,-0.008003,0.705658,-0.011745,0.050141,0.023697,0.012407,0.004990,0.009082,-0.220933,0.975281,0.003964,0.000000,0.000000,0.000000,-1,-0.218872,0.984360,0.025620,-0.014816,-0.042368,0.026947,116.862411,288.996155,-758.357788,0,0
3.200000,-1.596232,-1.348719,-1.397299,0.956097,0.193385,0.220185,0.216949,0.038022,-0.975442,-0.197008,0.980386,-0.005602,-0.693483,-0.147925,-0.008355,0.705074,-0.043683,0.053304,0.013399,-0.000472,0.006385,0.019682,-0.220185,0.975442,0.005602,0.000000,0.000000,0.000000,-1,-0.222931,0.983398,0.011276,-0.059532,-0.048753,0.011513,118.439270,289.520020,-756.854797,0,0
3.240000,-1.609870,-1.348805,-1.413114,0.956490,0.191638,0.220005,0.217441,0.034574,-0.975461,-0.194542,0.980857,-0.008601,-0.694715,-0.147211,-0.009163,0.704000,-0.054369,0.027773,0.005170,-0.003125,0.008700,-0.005991,-0.220005,0.975461,0.008601,0.000000,0.000000,0.000000,-1,-0.225632,0.980804,-0.005264,-0.052114,-0.074200,0.010483,118.789673,289.520020,-755.852783,0,0
3.280000,-1.612678,-1.348698,-1.417366,0.956735,0.190321,0.220084,0.217689,0.033665,-0.975437,-0.193056,0.981144,-0.009223,-0.695035,-0.146759,-0.009722,0.703771,-0.045855,0.037314,0.003968,-0.007639,0.002025,-0.014273,-0.220084,0.975437,0.009223,0.000000,0.000000,0.000000,-1,-0.229584,0.977356,-0.004898,-0.041480,-0.049822,0.006001,119.490509,289.170776,-756.186768,0,0
3.320000,-1.610956,-1.347867,-1.417874,0.956980,0.188118,0.220909,0.218507,0.033678,-0.975254,-0.190903,0.981569,-0.008876,-0.695014,-0.146265,-0.010793,0.703879,-0.009739,0.047898,-0.008183,-0.008202,0.000134,-0.006176,-0.220909,0.975254,0.008876,0.000000,0.000000,0.000000,-1,-0.228119,0.975143,0.005630,-0.007518,-0.068923,-0.005988,118.789673,289.520020,-756.854797,0,0
3.360000,-1.610460,-1.346932,-1.417625,0.956823,0.187838,0.221824,0.219400,0.033871,-0.975047,-0.190664,0.981616,-0.008803,-0.694938,-0.146501,-0.011210,0.703898,-0.007681,-0.023142,-0.012143,-0.010231,0.001134,-0.005583,-0.221824,0.975047,0.008803,0.000000,0.000000,0.000000,-1,-0.236679,0.976730,0.000214,-0.009698,-0.114520,-0.011077,119.140091,290.218506,-757.188782,0,0
3.400000,-1.608832,-1.345318,-1.415401,0.956361,0.188312,0.223411,0.220879,0.034603,-0.974687,-0.191276,0.981499,-0.008502,-0.694669,-0.147261,-0.011565,0.704000,0.002941,-0.013608,-0.017627,-0.016823,0.004164,-0.007083,-0.223411,0.974687,0.008502,0.000000,0.000000,0.000000,-1,-0.232544,0.982513,0.003815,0.009432,-0.116642,-0.012342,118.789673,291.266205,-756.186768,0,0
3.440000,-1.607636,-1.344264,-1.412979,0.955900,0.189417,0.224448,0.221809,0.035299,-0.974451,-0.192500,0.981262,-0.008272,-0.694419,-0.148047,-0.011501,0.704082,0.006124,-0.044348,-0.013271,-0.005426,0.009390,0.002073,-0.224448,0.974451,0.008272,0.000000,0.000000,0.000000,-1,-0.226532,0.985016,0.016266,-0.001205,-0.146321,-0.007836,118.439270,290.567749,-757.522766,0,0
3.480000,-1.611924,-1.343844,-1.415614,0.955479,0.191091,0.224819,0.222305,0.034777,-0.974357,-0.194009,0.980956,-0.009251,-0.694614,-0.148786,-0.011089,0.703741,-0.021541,-0.066615,-0.013929,-0.001896,0.011010,0.005199,-0.224819,0.974357,0.009251,0.000000,0.000000,0.000000,-1,-0.220261,0.981186,0.003754,-0.028881,-0.176012,-0.010588,118.964890,288.297668,-757.021790,0,0
3.520000,-1.619732,-1.343607,-1.419107,0.954571,0.195404,0.224971,0.222654,0.034036,-0.974303,-0.198039,0.980132,-0.011018,-0.694902,-0.150402,-0.009689,0.703134,-0.006651,-0.082513,-0.009764,0.004649,0.006440,-0.003556,-0.224971,0.974303,0.011018,0.000000,0.000000,0.000000,-1,-0.219604,0.977158,0.013123,-0.003342,-0.165403,-0.006663,119.840912,290.218506,-758.190796,0,0
3.560000,-1.623367,-1.343672,-1.420246,0.954085,0.197880,0.224865,0.222629,0.033773,-0.974318,-0.200393,0.979644,-0.011832,-0.695008,-0.151261,-0.008803,0.702856,-0.005575,-0.053891,-0.012030,0.007412,0.009859,0.003259,-0.224865,0.974318,0.011832,0.000000,0.000000,0.000000,-1,-0.215820,0.981979,0.013474,-0.012901,-0.148441,-0.007698,121.242569,289.520020,-756.520752,0,0
3.600000,-1.626582,-1.343830,-1.421987,0.953820,0.199374,0.224673,0.222536,0.033362,-0.974354,-0.201756,0.979356,-0.012546,-0.695163,-0.151730,-0.008241,0.702609,-0.000245,-0.044347,-0.010001,0.007708,0.005810,0.002590,-0.224673,0.974354,0.012546,0.000000,0.000000,0.000000,-1,-0.219147,0.979935,0.018295,0.008385,-0.137833,-0.003725,120.016129,288.996155,-757.021790,0,0
3.640000,-1.628189,-1.343951,-1.421617,0.953447,0.201304,0.224535,0.222407,0.033427,-0.974381,-0.203652,0.978958,-0.012901,-0.695148,-0.152382,-0.007510,0.702491,0.007226,-0.025439,-0.014317,0.004503,0.005890,0.006829,-0.224535,0.974381,0.012901,0.000000,0.000000,0.000000,-1,-0.220047,0.982651,0.015015,0.005193,-0.115577,-0.009109,118.264069,288.996155,-757.021790,0,0
3.680000,-1.628796,-1.343870,-1.421486,0.953279,0.202021,0.224605,0.222480,0.033468,-0.974363,-0.204358,0.978809,-0.013042,-0.695135,-0.152668,-0.007282,0.702443,0.016823,-0.010590,-0.009169,0.004512,0.010516,0.009770,-0.224605,0.974363,0.013042,0.000000,0.000000,0.000000,-1,-0.223465,0.984192,0.023407,0.012649,-0.107092,-0.007102,119.665710,290.393127,-755.685791,0,0
3.720000,-1.630187,-1.343705,-1.422427,0.953148,0.202480,0.224748,0.222671,0.033282,-0.974325,-0.204762,0.978721,-0.013364,-0.695203,-0.152887,-0.007187,0.702329,0.005099,-0.019081,-0.014319,0.001771,0.009699,0.011188,-0.224748,0.974325,0.013364,0.000000,0.000000,0.000000,-1,-0.219788,0.982300,0.022980,0.000927,-0.121941,-0.011161,118.439270,289.170776,-756.186768,0,0
3.760000,-1.634221,-1.343442,-1.425402,0.952865,0.203584,0.224948,0.223023,0.032657,-0.974266,-0.205691,0.978513,-0.014286,-0.695431,-0.153361,-0.006923,0.702003,0.001911,-0.011661,-0.014315,0.005831,0.009727,0.007976,-0.224948,0.974266,0.014286,0.000000,0.000000,0.000000,-1,-0.219009,0.984528,0.019073,0.002005,-0.113456,-0.009084,118.964890,289.345398,-755.685791,0,0
3.800000,-1.636042,-1.343613,-1.426452,0.952742,0.204371,0.224755,0.222892,0.032399,-0.974305,-0.206401,0.978357,-0.014685,-0.695527,-0.153575,-0.006597,0.701865,0.001945,-0.018008,-0.003646,0.006005,0.008697,0.005868,-0.224755,0.974305,0.014685,0.000000,0.000000,0.000000,-1,-0.219864,0.980194,0.023087,-0.001140,-0.112378,0.002647,117.738449,289.170776,-757.188782,0,0
3.840000,-1.638837,-1.343854,-1.428614,0.952661,0.205053,0.224479,0.222729,0.031883,-0.974359,-0.206953,0.978231,-0.015297,-0.695714,-0.153720,-0.006298,0.701649,-0.000188,-0.011651,-0.005777,0.003837,0.007651,0.008049,-0.224479,0.974359,0.015297,0.000000,0.000000,0.000000,-1,-0.221146,0.983765,0.016159,-0.005392,-0.091181,-0.001656,118.439270,291.266205,-756.520752,0,0
3.880000,-1.639553,-1.343897,-1.429451,0.952694,0.204958,0.224426,0.222714,0.031691,-0.974369,-0.206817,0.978258,-0.015455,-0.695783,-0.153666,-0.006327,0.701593,-0.002300,0.018031,-0.008013,0.003280,0.009396,0.000704,-0.224426,0.974369,0.015455,0.000000,0.000000,0.000000,-1,-0.219208,0.979721,0.015045,0.003118,-0.083759,-0.001784,119.140091,289.170776,-756.854797,0,0
3.920000,-1.637126,-1.344406,-1.427419,0.952892,0.204535,0.223968,0.222159,0.032073,-0.974483,-0.206499,0.978334,-0.014877,-0.695647,-0.153344,-0.006278,0.701799,0.015800,-0.005277,0.003597,0.005493,0.008885,0.001373,-0.223968,0.974483,0.014877,0.000000,0.000000,0.000000,-1,-0.218842,0.985184,0.020493,0.013774,-0.103887,0.008827,118.964890,289.694641,-758.023804,0,0
3.960000,-1.636649,-1.345091,-1.426838,0.953023,0.204644,0.223309,0.221479,0.032106,-0.974636,-0.206623,0.978310,-0.014727,-0.695637,-0.153141,-0.005996,0.701855,0.006238,0.010623,0.002569,0.003750,0.015308,0.004621,-0.223309,0.974636,0.014727,0.000000,0.000000,0.000000,-1,-0.219269,0.986450,0.021027,0.003160,-0.071024,0.006668,118.964890,290.393127,-755.685791,0,0
4.000000,-1.636569,-1.345486,-1.427417,0.953245,0.204027,0.222926,0.221117,0.031923,-0.974725,-0.205987,0.978445,-0.014684,-0.695702,-0.152775,-0.006087,0.701870,0.005191,0.028647,0.003565,0.003657,0.011725,0.006343,-0.222926,0.974725,0.014684,0.000000,0.000000,0.000000,-1,-0.218384,0.983002,0.012497,-0.000029,-0.085862,0.009961,119.490509,289.869263,-756.186768,0,0
4.040000,-1.637289,-1.346332,-1.428168,0.953437,0.204042,0.222092,0.220324,0.031639,-0.974913,-0.205950,0.978451,-0.014789,-0.695807,-0.152473,-0.005800,0.701835,-0.003332,-0.021175,0.009205,0.002580,0.012300,-0.001682,-0.222092,0.974913,0.014789,0.000000,0.000000,0.000000,-1,-0.218796,0.984604,0.017578,-0.000037,-0.112362,0.013272,119.490509,289.520020,-757.856812,0,0
4.080000,-1.637943,-1.346941,-1.428800,0.953565,0.204099,0.221490,0.219756,0.031416,-0.975049,-0.205965,0.978446,-0.014895,-0.695889,-0.152271,-0.005577,0.701799,-0.001196,0.013804,0.004771,0.002786,0.008212,0.005277,-0.221490,0.975049,0.014895,0.000000,0.000000,0.000000,-1,-0.219101,0.977203,0.012238,-0.005344,-0.090101,0.011103,118.789673,289.170776,-756.520752,0,0
4.120000,-1.637017,-1.347444,-1.428127,0.953728,0.203851,0.221015,0.219250,0.031494,-0.975160,-0.205748,0.978495,-0.014657,-0.695861,-0.152006,-0.005485,0.701884,0.006225,-0.004224,0.002644,-0.003335,0.010832,-0.005456,-0.221015,0.975160,0.014657,0.000000,0.000000,0.000000,-1,-0.221436,0.981323,0.015244,0.006320,-0.098593,0.004630,119.665710,289.345398,-757.021790,0,0
4.160000,-1.635579,-1.347434,-1.426747,0.953741,0.203759,0.221045,0.219216,0.031798,-0.975158,-0.205726,0.978505,-0.014340,-0.695752,-0.151985,-0.005505,0.701997,0.013644,0.007425,-0.006000,0.000754,0.004731,0.000659,-0.221045,0.975158,0.014340,0.000000,0.000000,0.000000,-1,-0.223541,0.975998,0.009705,0.017996,-0.092241,-0.001909,118.614471,289.345398,-756.687744,0,0
4.200000,-1.628970,-1.347004,-1.420451,0.953724,0.203283,0.221554,0.219426,0.033240,-0.975063,-0.205578,0.978556,-0.012903,-0.695231,-0.152003,-0.005745,0.702506,0.037010,0.022253,-0.015898,-0.002735,0.002934,-0.004663,-0.221554,0.975063,0.012903,0.000000,0.000000,0.000000,-1,-0.220886,0.985596,0.007553,0.031781,-0.054099,-0.019253,118.789673,289.170776,-757.188782,0,0
4.240000,-1.619278,-1.346416,-1.412372,0.953946,0.201483,0.222241,0.219716,0.035103,-0.974932,-0.204234,0.978863,-0.010783,-0.694555,-0.151608,-0.006482,0.703254,0.045531,0.051935,-0.018252,0.002545,0.011869,0.003987,-0.222241,0.974932,0.010783,0.000000,0.000000,0.000000,-1,-0.221710,0.979630,0.011353,0.050950,-0.054086,-0.010955,118.964890,289.345398,-756.687744,0,0
