0.000000,1.864634,1.513975,-1.848506,0.998384,0.016551,-0.054356,0.054615,-0.015569,0.998386,0.015678,-0.999742,-0.016448,0.712461,0.024972,-0.013572,0.701136,0.000166,-0.003133,0.000096,-0.006627,0.008228,-0.002074,0.054356,-0.998386,0.016448,0.000000,0.000000,0.000000,-1,0.049713,-0.983398,0.016403,0.002056,-0.109196,0.003661,148.399490,204.480057,-773.054016,0,0
0.040000,1.865731,1.514115,-1.849853,0.998397,0.016301,-0.054205,0.054459,-0.015604,0.998394,0.015429,-0.999745,-0.016467,0.712473,0.024829,-0.013606,0.701129,0.002275,-0.010558,-0.002009,-0.003301,0.014996,-0.000064,0.054205,-0.998394,0.016467,0.000000,0.000000,0.000000,-1,0.053772,-0.986298,0.014618,0.002043,-0.110261,0.000475,149.450729,205.527771,-774.723999,0,0
0.080000,1.867636,1.513923,-1.852138,0.998395,0.015926,-0.054357,0.054608,-0.015782,0.998383,0.015042,-0.999749,-0.016627,0.712531,0.024748,-0.013794,0.701068,0.005470,-0.007378,-0.002059,0.000971,0.008652,-0.000666,0.054357,-0.998383,0.016627,0.000000,0.000000,0.000000,-1,0.054550,-0.994110,0.017731,0.007390,-0.106009,0.007843,151.027588,204.654663,-773.221008,0,0
0.120000,1.873919,1.513886,-1.858664,0.998402,0.015693,-0.054286,0.054539,-0.016149,0.998381,0.014791,-0.999747,-0.016979,0.712659,0.024637,-0.013855,0.700941,0.011882,-0.005246,0.006366,0.000065,0.009001,-0.001308,0.054286,-0.998381,0.016979,0.000000,0.000000,0.000000,-1,0.056976,-0.984238,0.018875,0.014854,-0.103881,0.013070,149.450729,205.527771,-773.722046,0,0
0.160000,1.889827,1.513813,-1.874594,0.998413,0.015693,-0.054079,0.054345,-0.017037,0.998377,0.014747,-0.999732,-0.017863,0.712972,0.024559,-0.013792,0.700627,0.014026,0.005357,0.007344,-0.000048,0.016459,-0.001826,0.054079,-0.998377,0.017863,0.000000,0.000000,0.000000,-1,0.053909,-0.981567,0.013474,0.009530,-0.093285,0.008826,149.625931,205.003906,-772.552979,0,0
0.200000,1.896465,1.513774,-1.881004,0.998414,0.015931,-0.053996,0.054272,-0.017397,0.998375,0.014965,-0.999722,-0.018234,0.713100,0.024612,-0.013683,0.700497,0.011990,0.003248,0.001022,0.000463,0.013450,0.000412,0.053996,-0.998375,0.018234,0.000000,0.000000,0.000000,-1,0.053680,-0.985382,0.017807,0.008458,-0.094349,0.006715,149.976349,206.750107,-774.223022,0,0
0.240000,1.902136,1.513691,-1.886544,0.998413,0.016070,-0.053970,0.054253,-0.017723,0.998370,0.015087,-0.999714,-0.018567,0.713215,0.024650,-0.013629,0.700379,0.010928,0.004307,0.001029,0.000046,0.012561,-0.000928,0.053970,-0.998370,0.018567,0.000000,0.000000,0.000000,-1,0.051086,-0.986267,0.013489,0.008454,-0.094350,0.005651,149.275528,205.003906,-774.557007,0,0
0.280000,1.908952,1.513800,-1.893016,0.998420,0.016421,-0.053739,0.054033,-0.018039,0.998376,0.015425,-0.999702,-0.018898,0.713330,0.024692,-0.013428,0.700265,0.016261,0.008556,0.007333,0.000582,0.012216,-0.003365,0.053739,-0.998376,0.018898,0.000000,0.000000,0.000000,-1,0.051743,-0.987045,0.024963,0.015915,-0.095402,0.010892,149.450729,204.829285,-773.722046,0,0
0.320000,1.921289,1.513852,-1.905212,0.998433,0.016575,-0.053453,0.053760,-0.018680,0.998379,0.015550,-0.999688,-0.019542,0.713557,0.024643,-0.013280,0.700038,0.015181,0.004310,0.004175,-0.003175,0.016079,-0.002315,0.053453,-0.998379,0.019542,0.000000,0.000000,0.000000,-1,0.052902,-0.980927,0.018158,0.011649,-0.097528,0.007758,150.326767,205.702393,-774.223022,0,0
0.360000,1.926442,1.513833,-1.910299,0.998436,0.016648,-0.053370,0.053683,-0.018960,0.998378,0.015609,-0.999682,-0.019824,0.713656,0.024638,-0.013228,0.699938,0.006660,0.002184,0.001088,0.000539,0.016399,-0.001590,0.053370,-0.998378,0.019824,0.000000,0.000000,0.000000,-1,0.050964,-0.980789,0.017563,0.003129,-0.100713,0.004675,150.326767,206.051636,-773.555054,0,0
0.400000,1.928819,1.513851,-1.912796,0.998441,0.016532,-0.053306,0.053618,-0.019088,0.998379,0.015487,-0.999681,-0.019944,0.713700,0.024573,-0.013247,0.699895,0.005582,0.001119,-0.001019,0.000421,0.014126,-0.002152,0.053306,-0.998379,0.019944,0.000000,0.000000,0.000000,-1,0.053391,-0.987000,0.014954,0.004193,-0.099653,0.004658,149.976349,206.750107,-775.225037,0,0
0.440000,1.931041,1.513683,-1.915029,0.998435,0.016527,-0.053418,0.053733,-0.019264,0.998370,0.015471,-0.999678,-0.020122,0.713761,0.024609,-0.013291,0.699830,0.008777,-0.000999,0.001078,0.001178,0.006945,0.000264,0.053418,-0.998370,0.020122,0.000000,0.000000,0.000000,-1,0.054062,-0.990158,0.019943,0.009511,-0.101772,0.005673,149.801147,204.829285,-773.388000,0,0
0.480000,1.940069,1.513768,-1.924174,0.998451,0.016418,-0.053155,0.053475,-0.019725,0.998374,0.015343,-0.999671,-0.020572,0.713924,0.024475,-0.013241,0.699670,0.016229,-0.005234,0.005275,-0.004617,0.011756,-0.002903,0.053155,-0.998374,0.020572,0.000000,0.000000,0.000000,-1,0.052063,-0.982117,0.019196,0.013785,-0.106003,0.012027,149.100311,205.877014,-772.719971,0,0
0.520000,1.948179,1.513904,-1.932477,0.998470,0.016234,-0.052860,0.053183,-0.020120,0.998382,0.015144,-0.999666,-0.020953,0.714063,0.024303,-0.013205,0.699535,0.013041,-0.006294,0.006383,-0.001850,0.018096,0.000043,0.052860,-0.998382,0.020953,0.000000,0.000000,0.000000,-1,0.054565,-0.983444,0.020813,0.006314,-0.107074,0.004669,150.326767,205.353149,-773.889038,0,0
0.560000,1.949987,1.513819,-1.934558,0.998472,0.015964,-0.052902,0.053221,-0.020261,0.998377,0.014867,-0.999667,-0.021080,0.714110,0.024221,-0.013315,0.699487,0.003440,-0.007366,-0.000955,-0.000869,0.012492,-0.002327,0.052902,-0.998377,0.021080,0.000000,0.000000,0.000000,-1,0.054153,-0.987167,0.020584,0.004189,-0.104954,0.004682,149.450729,205.527771,-774.390015,0,0
0.600000,1.956282,1.513726,-1.941138,0.998479,0.015690,-0.052854,0.053173,-0.020645,0.998372,0.014573,-0.999664,-0.021448,0.714243,0.024103,-0.013399,0.699355,0.006641,-0.005243,0.001128,-0.001737,0.011052,0.000663,0.052854,-0.998372,0.021447,0.000000,0.000000,0.000000,-1,0.053131,-0.985474,0.018936,0.005266,-0.102829,0.007852,149.275528,205.003906,-774.223022,0,0
0.640000,1.957899,1.513678,-1.942856,0.998480,0.015592,-0.052863,0.053181,-0.020753,0.998369,0.014470,-0.999663,-0.021551,0.714280,0.024071,-0.013438,0.699317,0.003455,-0.004182,0.002219,0.001794,0.013414,-0.000631,0.052863,-0.998369,0.021551,0.000000,0.000000,0.000000,-1,0.049896,-0.983887,0.022781,0.004201,-0.106009,0.007878,149.450729,205.877014,-773.054016,0,0
0.680000,1.964706,1.513723,-1.949850,0.998493,0.015412,-0.052674,0.052993,-0.021108,0.998372,0.014275,-0.999658,-0.021893,0.714404,0.023938,-0.013437,0.699195,0.009842,-0.002061,0.003207,-0.002686,0.012135,0.003528,0.052674,-0.998372,0.021893,0.000000,0.000000,0.000000,-1,0.049942,-0.987946,0.023987,0.010591,-0.095406,0.008824,149.100311,205.178528,-774.056030,0,0
0.720000,1.975613,1.513664,-1.960691,0.998501,0.015492,-0.052486,0.052816,-0.021704,0.998368,0.014328,-0.999644,-0.022489,0.714614,0.023897,-0.013349,0.698983,0.007735,-0.000997,0.006415,0.003270,0.013307,0.000277,0.052486,-0.998368,0.022489,0.000000,0.000000,0.000000,-1,0.048920,-0.986038,0.025589,0.007406,-0.100703,0.011010,150.677170,205.003906,-774.223022,0,0
0.760000,1.984095,1.513782,-1.969192,0.998517,0.015480,-0.052186,0.052521,-0.022106,0.998375,0.014301,-0.999636,-0.022886,0.714757,0.023785,-0.013251,0.698843,0.010921,0.000060,0.004253,-0.004685,0.010842,0.001879,0.052186,-0.998375,0.022886,0.000000,0.000000,0.000000,-1,0.048798,-0.984680,0.024872,0.009526,-0.098586,0.008850,150.326767,204.305435,-773.555054,0,0
0.800000,1.994747,1.513940,-1.979834,0.998537,0.015499,-0.051795,0.052138,-0.022601,0.998384,0.014303,-0.999624,-0.023376,0.714933,0.023651,-0.013110,0.698670,0.008806,-0.000997,0.006415,0.000268,0.013124,0.002198,0.051795,-0.998384,0.023376,0.000000,0.000000,0.000000,-1,0.052002,-0.983109,0.026459,0.007399,-0.099646,0.008878,148.574707,205.003906,-773.221008,0,0
0.840000,2.006180,1.513920,-1.991333,0.998551,0.015446,-0.051542,0.051892,-0.023207,0.998383,0.014225,-0.999611,-0.023975,0.715146,0.023540,-0.013045,0.698457,0.009862,-0.001003,0.003213,-0.003614,0.013169,0.000256,0.051542,-0.998383,0.023975,0.000000,0.000000,0.000000,-1,0.048843,-0.987793,0.022812,0.004204,-0.101768,0.008906,150.326767,206.400864,-774.557007,0,0
0.880000,2.011321,1.514019,-1.996512,0.998563,0.015410,-0.051329,0.051682,-0.023435,0.998389,0.014182,-0.999607,-0.024198,0.715226,0.023451,-0.012984,0.698379,0.005616,0.000059,0.004323,-0.002043,0.013769,0.001514,0.051329,-0.998389,0.024198,0.000000,0.000000,0.000000,-1,0.048492,-0.986496,0.024399,0.004209,-0.099646,0.008913,150.326767,206.051636,-772.552979,0,0
0.920000,2.019459,1.514106,-2.004599,0.998576,0.015469,-0.051052,0.051412,-0.023816,0.998394,0.014228,-0.999597,-0.024577,0.715362,0.023373,-0.012869,0.698245,0.007745,0.001117,0.003236,-0.004086,0.013362,0.003179,0.051052,-0.998394,0.024577,0.000000,0.000000,0.000000,-1,0.049377,-0.984314,0.025604,0.006327,-0.100710,0.006767,149.100311,206.575485,-774.723999,0,0
0.960000,2.028258,1.514254,-2.013452,0.998595,0.015419,-0.050701,0.051065,-0.024207,0.998402,0.014167,-0.999588,-0.024960,0.715500,0.023230,-0.012765,0.698110,0.002430,-0.002065,0.003316,-0.004818,0.013676,0.000126,0.050701,-0.998402,0.024960,0.000000,0.000000,0.000000,-1,0.045624,-0.980438,0.024933,-0.002181,-0.104951,0.006880,149.275528,205.003906,-774.223022,0,0
1.000000,2.029429,1.514389,-2.014788,0.998605,0.015253,-0.050551,0.050911,-0.024217,0.998409,0.014005,-0.999590,-0.024960,0.715504,0.023118,-0.012770,0.698110,-0.001847,-0.005255,-0.002999,-0.001815,0.017224,-0.000301,0.050551,-0.998410,0.024960,0.000000,0.000000,0.000000,-1,0.047714,-0.987061,0.025543,-0.005393,-0.102840,0.000524,149.100311,204.829285,-773.388000,0,0
1.040000,2.028521,1.514428,-2.014062,0.998608,0.015069,-0.050539,0.050893,-0.024163,0.998412,0.013824,-0.999594,-0.024896,0.715484,0.023048,-0.012829,0.698131,-0.000774,-0.003132,-0.000887,-0.002474,0.010726,0.000388,0.050539,-0.998412,0.024896,0.000000,0.000000,0.000000,-1,0.047958,-0.990936,0.024109,0.002085,-0.102825,0.010015,149.625931,205.353149,-773.555054,0,0
1.080000,2.033497,1.514631,-2.019110,0.998625,0.014998,-0.050233,0.050588,-0.024332,0.998423,0.013752,-0.999591,-0.025057,0.715544,0.022915,-0.012746,0.698075,0.009900,0.003244,0.009604,0.001601,0.011378,-0.002978,0.050233,-0.998423,0.025057,0.000000,0.000000,0.000000,-1,0.053864,-0.982849,0.021484,0.008481,-0.095399,0.013102,150.326767,206.400864,-772.552979,0,0
1.120000,2.035740,1.514634,-2.021248,0.998626,0.015106,-0.050174,0.050534,-0.024439,0.998423,0.013856,-0.999587,-0.025168,0.715582,0.022932,-0.012688,0.698036,0.008823,0.005360,0.007471,0.003018,0.015696,-0.005195,0.050174,-0.998423,0.025168,0.000000,0.000000,0.000000,-1,0.054077,-0.980240,0.022827,0.003138,-0.094350,0.005710,147.348251,205.527771,-773.722046,0,0
1.160000,2.034712,1.514328,-2.020062,0.998609,0.015269,-0.050473,0.050838,-0.024511,0.998406,0.014007,-0.999583,-0.025254,0.715607,0.023094,-0.012740,0.698005,0.003459,0.001102,-0.003101,-0.001187,0.013360,0.003143,0.050473,-0.998406,0.025254,0.000000,0.000000,0.000000,-1,0.033813,-0.990875,0.028702,0.003121,-0.101776,0.002552,150.151550,205.527771,-774.056030,0,0
1.200000,2.049940,1.515125,-2.035132,0.998661,0.015423,-0.049376,0.049751,-0.024918,0.998451,0.014169,-0.999570,-0.025652,0.715757,0.022764,-0.012297,0.697870,0.010963,0.009604,0.010646,-0.004271,0.008628,-0.003206,0.049376,-0.998451,0.025652,0.000000,0.000000,0.000000,-1,0.060791,-0.987869,0.017975,0.010627,-0.095391,0.018397,150.326767,205.003906,-773.555054,0,0
1.240000,2.049471,1.515029,-2.034678,0.998657,0.015411,-0.049474,0.049848,-0.024939,0.998445,0.014153,-0.999570,-0.025673,0.715763,0.022794,-0.012337,0.697862,0.015243,-0.006278,0.014900,0.014110,0.012178,-0.010338,0.049474,-0.998445,0.025673,0.000000,0.000000,0.000000,-1,0.059738,-0.975815,0.020966,0.008452,-0.107069,0.007836,148.925110,203.956192,-773.221008,0,0
1.280000,2.041693,1.514398,-2.027090,0.998621,0.015227,-0.050233,0.050601,-0.024837,0.998410,0.013955,-0.999576,-0.025573,0.715722,0.022993,-0.012672,0.697892,-0.001857,0.004287,-0.008384,0.006102,0.020581,-0.008209,0.050233,-0.998410,0.025573,0.000000,0.000000,0.000000,-1,0.054855,-0.980240,0.018860,-0.011790,-0.083769,-0.008002,148.749908,207.273972,-773.054016,0,0
1.320000,2.017250,1.514116,-2.001757,0.998564,0.016097,-0.051097,0.051470,-0.023665,0.998394,0.014862,-0.999590,-0.024460,0.715313,0.023615,-0.012664,0.698291,-0.017782,0.028681,-0.005137,0.001927,0.017696,-0.009308,0.051097,-0.998394,0.024460,0.000000,0.000000,0.000000,-1,0.056595,-0.986816,0.016891,-0.020246,-0.066791,0.001588,148.925110,205.353149,-774.223022,0,0
1.360000,2.001522,1.514332,-1.984527,0.998530,0.017577,-0.051280,0.051673,-0.022688,0.998406,0.016385,-0.999588,-0.023563,0.714979,0.024214,-0.012201,0.698620,-0.002832,0.046729,0.011628,0.004232,0.000604,-0.005558,0.051280,-0.998406,0.023563,0.000000,0.000000,0.000000,-1,0.059479,-0.995010,0.020676,0.001116,-0.046614,0.023600,150.326767,205.003906,-773.555054,0,0
1.400000,2.001864,1.514468,-1.983365,0.998509,0.019075,-0.051149,0.051575,-0.022574,0.998414,0.017890,-0.999563,-0.023524,0.714949,0.024705,-0.011630,0.698644,0.006753,0.048856,0.016821,0.008330,0.003404,-0.002848,0.051149,-0.998414,0.023524,0.000000,0.000000,0.000000,-1,0.050949,-0.985825,0.023804,0.010645,-0.056168,0.015028,149.625931,204.654663,-773.889038,0,0
1.440000,2.013194,1.514496,-1.992624,0.998482,0.021155,-0.050854,0.051338,-0.023039,0.998416,0.019950,-0.999511,-0.024090,0.715124,0.025343,-0.010804,0.698454,0.007765,0.036116,0.006225,-0.001705,0.020541,-0.001446,0.050854,-0.998416,0.024090,0.000000,0.000000,0.000000,-1,0.048157,-0.973236,0.021637,-0.004271,-0.072080,0.009946,150.677170,205.702393,-772.552979,0,0
1.480000,2.012471,1.514876,-1.990799,0.998475,0.022247,-0.050528,0.051033,-0.022790,0.998437,0.021061,-0.999493,-0.023891,0.715045,0.025621,-0.010302,0.698533,-0.006118,0.021291,0.000060,-0.005773,0.017907,-0.004222,0.050528,-0.998437,0.023891,0.000000,0.000000,0.000000,-1,0.041092,-0.984192,0.023254,-0.007506,-0.090116,0.001553,149.976349,205.353149,-773.221008,0,0
1.520000,2.012775,1.515236,-1.990733,0.998483,0.022609,-0.050195,0.050707,-0.022640,0.998457,0.021437,-0.999488,-0.023752,0.714996,0.025635,-0.010055,0.698586,-0.006154,0.004318,-0.006236,-0.009226,0.012403,0.002157,0.050195,-0.998457,0.023752,0.000000,0.000000,0.000000,-1,0.042114,-0.984650,0.026520,-0.007535,-0.107085,-0.002625,152.078827,205.702393,-774.223022,0,0
1.560000,2.014715,1.515502,-1.993166,0.998509,0.022113,-0.049910,0.050410,-0.022655,0.998472,0.020948,-0.999499,-0.023736,0.715000,0.025357,-0.010126,0.698591,-0.005103,-0.020067,-0.006124,-0.007429,0.009046,0.003898,0.049910,-0.998472,0.023736,0.000000,0.000000,0.000000,-1,0.039307,-0.990036,0.026169,-0.002215,-0.133581,0.003818,148.399490,204.829285,-774.390015,0,0
1.600000,2.021093,1.516131,-2.000942,0.998575,0.020711,-0.049192,0.049661,-0.022784,0.998506,0.019559,-0.999526,-0.023780,0.715042,0.024604,-0.010360,0.698572,0.002354,-0.045500,0.002435,-0.014905,0.008882,0.001625,0.049192,-0.998506,0.023780,0.000000,0.000000,0.000000,-1,0.040405,-0.982849,0.022781,0.000969,-0.151601,0.005992,149.450729,205.178528,-773.054016,0,0
1.640000,2.025368,1.516635,-2.006756,0.998633,0.019167,-0.048638,0.049071,-0.022860,0.998534,0.018027,-0.999555,-0.023770,0.715063,0.023857,-0.010702,0.698571,0.002296,-0.056066,0.002473,-0.008232,0.015685,-0.000988,0.048637,-0.998534,0.023769,0.000000,0.000000,0.000000,-1,0.039719,-0.983795,0.023972,-0.000109,-0.161146,0.003920,150.151550,206.924728,-774.056030,0,0
1.680000,2.028549,1.517213,-2.013115,0.998717,0.015984,-0.048044,0.048404,-0.022925,0.998565,0.014860,-0.999609,-0.023669,0.715072,0.022511,-0.011602,0.698592,0.004404,-0.068793,0.000391,-0.008295,0.007873,-0.000995,0.048044,-0.998565,0.023669,0.000000,0.000000,0.000000,-1,0.045029,-0.990021,0.019547,0.006274,-0.170683,0.007083,149.450729,204.480057,-773.722046,0,0
1.720000,2.030831,1.517561,-2.018325,0.998777,0.013055,-0.047678,0.047970,-0.023026,0.998583,0.011938,-0.999650,-0.023624,0.715092,0.021334,-0.012495,0.698593,0.010791,-0.078328,0.005688,-0.003473,0.009738,-0.004459,0.047678,-0.998583,0.023624,0.000000,0.000000,0.000000,-1,0.049118,-0.981415,0.019455,0.013735,-0.171736,0.012325,147.523468,206.051636,-774.557007,0,0
1.760000,2.033425,1.517667,-2.023146,0.998811,0.010831,-0.047522,0.047764,-0.023211,0.998589,0.009713,-0.999672,-0.023701,0.715144,0.020484,-0.013218,0.698552,0.013992,-0.068783,0.007737,0.001596,0.017174,-0.004246,0.047522,-0.998589,0.023701,0.000000,0.000000,0.000000,-1,0.054626,-0.985748,0.023010,0.007356,-0.162197,0.010224,149.450729,205.877014,-774.723999,0,0
1.800000,2.031757,1.517287,-2.024578,0.998822,0.007741,-0.047902,0.048071,-0.023446,0.998569,0.006607,-0.999695,-0.023790,0.715202,0.019509,-0.014435,0.698496,0.007548,-0.054972,0.004514,0.010417,0.010867,-0.001772,0.047902,-0.998569,0.023790,0.000000,0.000000,0.000000,-1,0.059448,-0.986572,0.020386,0.007348,-0.150541,0.005917,149.450729,205.527771,-773.054016,0,0
1.840000,2.025219,1.516529,-2.020000,0.998795,0.005793,-0.048736,0.048860,-0.023554,0.998528,0.004637,-0.999706,-0.023809,0.715220,0.019103,-0.015415,0.698468,0.008612,-0.039073,0.002289,0.014146,0.014016,-0.004369,0.048736,-0.998528,0.023809,0.000000,0.000000,0.000000,-1,0.056335,-0.984680,0.023026,0.007372,-0.125095,0.006866,149.275528,205.702393,-774.223022,0,0
1.880000,2.024111,1.515985,-2.019743,0.998774,0.004954,-0.049250,0.049355,-0.023777,0.998498,0.003775,-0.999705,-0.023992,0.715287,0.018981,-0.015894,0.698392,0.007557,-0.022112,0.001152,0.007085,0.013818,-0.000967,0.049250,-0.998498,0.023992,0.000000,0.000000,0.000000,-1,0.051804,-0.985474,0.024277,0.004172,-0.117679,0.002613,150.501968,204.480057,-774.056030,0,0
1.920000,2.021963,1.515592,-2.018493,0.998758,0.004063,-0.049655,0.049738,-0.023885,0.998477,0.002871,-0.999706,-0.024058,0.715315,0.018803,-0.016351,0.698358,0.003289,-0.014700,-0.004158,-0.000156,0.011340,-0.003214,0.049655,-0.998477,0.024058,0.000000,0.000000,0.000000,-1,0.047821,-0.985107,0.018723,0.004181,-0.110256,0.003643,149.100311,204.829285,-775.392029,0,0
1.960000,2.020884,1.515510,-2.017827,0.998755,0.003651,-0.049755,0.049829,-0.023888,0.998472,0.002457,-0.999708,-0.024040,0.715312,0.018691,-0.016531,0.698360,0.008562,-0.008323,-0.000017,-0.000500,0.015928,-0.002617,0.049755,-0.998472,0.024040,0.000000,0.000000,0.000000,-1,0.043518,-0.982681,0.019638,0.000988,-0.104959,0.001527,150.151550,204.480057,-773.388000,0,0
2.000000,2.021267,1.515588,-2.018368,0.998759,0.003493,-0.049676,0.049745,-0.023881,0.998476,0.002301,-0.999709,-0.024025,0.715309,0.018607,-0.016557,0.698365,0.002165,-0.003031,-0.005286,-0.006158,0.015795,-0.004387,0.049676,-0.998476,0.024025,0.000000,0.000000,0.000000,-1,0.042740,-0.982605,0.024078,-0.002210,-0.100723,-0.001648,149.976349,205.353149,-773.889038,0,0
2.040000,2.021826,1.515880,-2.018972,0.998773,0.003441,-0.049399,0.049467,-0.023784,0.998492,0.002261,-0.999711,-0.023925,0.715277,0.018492,-0.016476,0.698402,-0.006344,-0.004094,-0.006243,-0.007148,0.013385,0.002137,0.049399,-0.998492,0.023925,0.000000,0.000000,0.000000,-1,0.043900,-0.988937,0.026764,-0.003261,-0.100718,0.001554,148.749908,205.178528,-773.722046,0,0
2.080000,2.025269,1.516059,-2.022456,0.998785,0.003400,-0.049157,0.049224,-0.023879,0.998502,0.002221,-0.999709,-0.024017,0.715311,0.018392,-0.016404,0.698371,0.003241,-0.000909,-0.003166,-0.006280,0.007596,0.001434,0.049157,-0.998502,0.024017,0.000000,0.000000,0.000000,-1,0.043533,-0.986176,0.026550,0.008442,-0.104954,0.004635,149.450729,206.226257,-773.722046,0,0
2.120000,2.031941,1.516140,-2.029224,0.998797,0.003309,-0.048923,0.048989,-0.024176,0.998507,0.002121,-0.999702,-0.024309,0.715416,0.018275,-0.016355,0.698268,0.007441,-0.004093,-0.000040,-0.005390,0.012331,0.002242,0.048923,-0.998507,0.024309,0.000000,0.000000,0.000000,-1,0.047226,-0.983215,0.030457,0.001014,-0.097529,0.006811,149.275528,205.702393,-774.223022,0,0
2.160000,2.037494,1.515984,-2.034460,0.998796,0.003634,-0.048927,0.049001,-0.024502,0.998498,0.002429,-0.999693,-0.024650,0.715533,0.018390,-0.016246,0.698148,-0.003178,0.010747,-0.001054,0.004418,0.014657,0.001214,0.048927,-0.998498,0.024650,0.000000,0.000000,0.000000,-1,0.055649,-0.987885,0.023712,-0.000061,-0.091174,0.002540,148.224289,205.702393,-773.555054,0,0
2.200000,2.035915,1.515578,-2.032551,0.998775,0.003971,-0.049327,0.049410,-0.024588,0.998476,0.002752,-0.999690,-0.024754,0.715562,0.018650,-0.016272,0.698110,0.004262,0.007566,-0.001126,0.001759,0.010866,0.000667,0.049327,-0.998476,0.024754,0.000000,0.000000,0.000000,-1,0.049347,-0.988480,0.022354,0.004197,-0.089052,0.003547,149.450729,205.877014,-772.719971,0,0
2.240000,2.037573,1.515512,-2.033819,0.998772,0.004363,-0.049345,0.049438,-0.024680,0.998472,0.003139,-0.999686,-0.024866,0.715597,0.018796,-0.016142,0.698073,0.005325,0.009685,-0.001148,0.001421,0.011244,-0.002267,0.049345,-0.998472,0.024866,0.000000,0.000000,0.000000,-1,0.049164,-0.979858,0.021545,-0.000057,-0.091173,0.003603,150.151550,205.178528,-773.388000,0,0
2.280000,2.033083,1.515483,-2.029186,0.998765,0.004503,-0.049482,0.049578,-0.024464,0.998471,0.003285,-0.999691,-0.024657,0.715522,0.018895,-0.016141,0.698148,-0.001133,-0.000949,-0.004256,0.001025,0.019299,-0.003264,0.049482,-0.998471,0.024657,0.000000,0.000000,0.000000,-1,0.045090,-0.983765,0.022675,-0.003271,-0.102841,-0.000564,149.801147,205.877014,-772.719971,0,0
2.320000,2.028587,1.515521,-2.024946,0.998762,0.004241,-0.049558,0.049647,-0.024237,0.998473,0.003034,-0.999697,-0.024417,0.715440,0.018830,-0.016257,0.698231,-0.005405,-0.010497,-0.007354,-0.006712,0.010649,-0.002490,0.049558,-0.998473,0.024417,0.000000,0.000000,0.000000,-1,0.047745,-0.992218,0.024017,-0.001151,-0.111323,-0.000549,150.326767,206.051636,-775.225037,0,0
2.360000,2.025258,1.515551,-2.022099,0.998761,0.003757,-0.049613,0.049689,-0.024082,0.998474,0.002557,-0.999703,-0.024239,0.715382,0.018677,-0.016444,0.698291,0.002055,-0.010489,-0.002116,0.000329,0.008072,-0.001595,0.049613,-0.998474,0.024239,0.000000,0.000000,0.000000,-1,0.050293,-0.986618,0.021729,0.001004,-0.104952,0.005781,149.625931,206.750107,-773.555054,0,0
2.400000,2.024592,1.515453,-2.021555,0.998757,0.003636,-0.049717,0.049790,-0.024098,0.998469,0.002433,-0.999703,-0.024249,0.715385,0.018670,-0.016524,0.698285,0.002077,-0.002002,0.002098,0.003796,0.013896,0.000608,0.049717,-0.998469,0.024249,0.000000,0.000000,0.000000,-1,0.051910,-0.982513,0.021027,0.004191,-0.102833,0.004673,150.677170,203.606949,-773.555054,0,0
2.440000,2.022277,1.515248,-2.019323,0.998745,0.003555,-0.049956,0.050028,-0.024075,0.998458,0.002347,-0.999704,-0.024223,0.715375,0.018725,-0.016638,0.698292,0.004128,-0.000928,-0.004347,0.000993,0.015959,-0.002876,0.049956,-0.998458,0.024223,0.000000,0.000000,0.000000,-1,0.050171,-0.985886,0.021957,-0.001137,-0.092239,-0.000635,149.801147,205.178528,-773.388000,0,0
2.480000,2.020557,1.515118,-2.017267,0.998736,0.003892,-0.050115,0.050194,-0.024029,0.998450,0.002682,-0.999704,-0.024194,0.715360,0.018902,-0.016577,0.698304,0.000960,0.013919,-0.001189,-0.000234,0.011863,-0.000130,0.050115,-0.998450,0.024194,0.000000,0.000000,0.000000,-1,0.048187,-0.986084,0.021820,0.001012,-0.089051,0.004646,149.801147,204.480057,-773.722046,0,0
2.520000,2.020362,1.515229,-2.016844,0.998740,0.004118,-0.050020,0.050105,-0.023960,0.998457,0.002913,-0.999704,-0.024136,0.715338,0.018950,-0.016463,0.698327,0.000956,0.000138,0.001002,-0.002581,0.014387,-0.001568,0.050020,-0.998457,0.024136,0.000000,0.000000,0.000000,-1,0.041656,-0.984436,0.021515,0.002059,-0.104955,0.003642,148.925110,205.702393,-773.221008,0,0
2.560000,2.023933,1.515621,-2.020645,0.998762,0.003884,-0.049582,0.049661,-0.023980,0.998478,0.002689,-0.999705,-0.024143,0.715347,0.018713,-0.016388,0.698326,0.005202,-0.007284,0.000994,-0.003256,0.015843,-0.002888,0.049582,-0.998478,0.024143,0.000000,0.000000,0.000000,-1,0.046921,-0.988449,0.021255,0.005247,-0.107076,0.003617,149.801147,205.877014,-774.390015,0,0
2.600000,2.026304,1.515596,-2.023473,0.998766,0.003429,-0.049547,0.049616,-0.024131,0.998477,0.002228,-0.999703,-0.024271,0.715396,0.018537,-0.016536,0.698277,0.005115,-0.015661,-0.003260,0.000624,0.010638,-0.001124,0.049547,-0.998477,0.024271,0.000000,0.000000,0.000000,-1,0.048813,-0.989990,0.019867,0.006297,-0.118740,0.002594,149.801147,204.480057,-773.722046,0,0
2.640000,2.026349,1.515535,-2.024089,0.998765,0.002860,-0.049601,0.049655,-0.024188,0.998473,0.001656,-0.999703,-0.024300,0.715411,0.018351,-0.016754,0.698261,0.009375,-0.018838,-0.000101,-0.001261,0.013091,-0.005257,0.049601,-0.998473,0.024300,0.000000,0.000000,0.000000,-1,0.053711,-0.980042,0.021042,0.009503,-0.117673,0.006809,149.801147,206.226257,-774.056030,0,0
2.680000,2.025338,1.515323,-2.023567,0.998756,0.002376,-0.049816,0.049859,-0.024255,0.998462,0.001164,-0.999703,-0.024343,0.715429,0.018253,-0.017001,0.698240,0.008327,-0.005053,0.001972,0.003560,0.013247,-0.006399,0.049816,-0.998462,0.024343,0.000000,0.000000,0.000000,-1,0.057907,-0.985809,0.019501,0.004191,-0.102833,0.004673,150.151550,205.877014,-773.722046,0,0
2.720000,2.018051,1.514966,-2.016375,0.998731,0.002282,-0.050312,0.050353,-0.024049,0.998442,0.001068,-0.999708,-0.024134,0.715352,0.018395,-0.017210,0.698310,0.002997,0.002361,-0.002262,0.007686,0.013075,-0.003488,0.050312,-0.998442,0.024134,0.000000,0.000000,0.000000,-1,0.053101,-0.978378,0.023941,-0.000067,-0.094357,0.001490,149.450729,206.575485,-774.056030,0,0
2.760000,2.013624,1.514548,-2.011656,0.998706,0.002577,-0.050796,0.050843,-0.023989,0.998418,0.001355,-0.999709,-0.024089,0.715329,0.018670,-0.017279,0.698324,-0.005576,0.007774,-0.007541,-0.000838,0.019476,0.000493,0.050796,-0.998419,0.024089,0.000000,0.000000,0.000000,-1,0.044388,-0.980560,0.021637,-0.006464,-0.092244,-0.003767,147.873871,205.353149,-773.555054,0,0
2.800000,2.006236,1.514569,-2.003856,0.998697,0.002982,-0.050953,0.051010,-0.023583,0.998420,0.001775,-0.999717,-0.023705,0.715190,0.018873,-0.017191,0.698464,-0.006658,0.009886,-0.012854,-0.005314,0.014716,-0.003319,0.050953,-0.998420,0.023705,0.000000,0.000000,0.000000,-1,0.047470,-0.986786,0.019409,-0.002229,-0.082712,-0.010239,149.801147,205.877014,-772.719971,0,0
2.840000,1.996992,1.514328,-1.993919,0.998672,0.003669,-0.051390,0.051461,-0.023174,0.998406,0.002472,-0.999725,-0.023332,0.715049,0.019275,-0.017103,0.698600,-0.005599,0.019423,-0.015035,-0.001616,0.010033,0.000441,0.051390,-0.998406,0.023332,0.000000,0.000000,0.000000,-1,0.047836,-0.984894,0.021286,-0.006481,-0.077413,-0.011280,147.348251,206.226257,-773.054016,0,0
2.880000,1.989210,1.513860,-1.984970,0.998636,0.004836,-0.051997,0.052094,-0.022901,0.998380,0.003638,-0.999726,-0.023121,0.714958,0.019907,-0.016910,0.698680,-0.002489,0.016211,-0.035260,-0.013422,0.019910,0.000301,0.051997,-0.998380,0.023121,0.000000,0.000000,0.000000,-1,0.028366,-0.976486,0.024567,-0.004449,-0.101828,-0.031403,149.100311,205.527771,-774.723999,0,0
2.920000,1.988446,1.513879,-1.984167,0.998635,0.004874,-0.051997,0.052095,-0.022851,0.998381,0.003678,-0.999727,-0.023074,0.714941,0.019921,-0.016896,0.698697,-0.013197,-0.014405,-0.036081,-0.026454,0.016996,0.003476,0.051997,-0.998381,0.023074,0.000000,0.000000,0.000000,-1,0.026810,-0.988144,0.020294,-0.025732,-0.133632,-0.029961,150.501968,205.527771,-773.388000,0,0
2.960000,1.973869,1.514504,-1.970852,0.998653,0.003585,-0.051754,0.051820,-0.021913,0.998416,0.002445,-0.999753,-0.022069,0.714604,0.019383,-0.017251,0.699048,-0.025975,-0.040911,-0.035804,-0.025646,0.013721,-0.002721,0.051754,-0.998416,0.022069,0.000000,0.000000,0.000000,-1,0.026031,-0.984406,0.010544,-0.024693,-0.149540,-0.033092,149.801147,207.273972,-774.723999,0,0
3.000000,1.945749,1.515199,-1.945364,0.998662,0.000911,-0.051708,0.051716,-0.020331,0.998455,-0.000142,-0.999793,-0.020351,0.714028,0.018426,-0.018154,0.699639,-0.022828,-0.089681,-0.035604,-0.020763,0.014690,-0.011241,0.051708,-0.998455,0.020351,0.000000,0.000000,0.000000,-1,0.033447,-0.987991,0.013382,-0.019397,-0.197243,-0.028680,149.976349,205.353149,-773.555054,0,0
3.040000,1.925189,1.515609,-1.928956,0.998656,-0.003267,-0.051731,0.051659,-0.019336,0.998478,-0.004262,-0.999808,-0.019141,0.713641,0.016953,-0.019615,0.700032,-0.013236,-0.121467,-0.021727,-0.017369,0.005375,-0.003150,0.051731,-0.998478,0.019141,0.000000,0.000000,0.000000,-1,0.027527,-0.994324,0.017853,-0.014083,-0.262956,-0.015677,150.501968,205.527771,-774.390015,0,0
3.080000,1.914820,1.516299,-1.925153,0.998636,-0.009848,-0.051279,0.051086,-0.018901,0.998515,-0.010802,-0.999773,-0.018372,0.713426,0.014451,-0.021755,0.700243,0.002599,-0.194491,-0.023708,-0.026330,0.003581,-0.000092,0.051279,-0.998515,0.018372,0.000000,0.000000,0.000000,-1,0.032120,-1.000519,0.014130,0.010323,-0.303250,-0.020020,151.027588,206.750107,-774.223022,0,0
3.120000,1.925810,1.516457,-1.944949,0.998529,-0.018632,-0.050926,0.050556,-0.019851,0.998524,-0.019615,-0.999629,-0.018879,0.713663,0.011183,-0.024711,0.699964,0.056811,-0.244309,-0.015558,-0.010170,-0.003994,-0.004887,0.050926,-0.998524,0.018879,0.000000,0.000000,0.000000,-1,0.050491,-1.007965,0.015366,0.070953,-0.357292,-0.001297,150.326767,205.003906,-774.557007,0,0
3.160000,1.967529,1.515629,-1.997519,0.998273,-0.029405,-0.050856,0.050195,-0.022821,0.998479,-0.030521,-0.999307,-0.021306,0.714563,0.007274,-0.028471,0.698954,0.101578,-0.287717,0.024565,0.002519,-0.008739,-0.009481,0.050856,-0.998479,0.021306,0.000000,0.000000,0.000000,-1,0.067871,-0.981430,-0.004868,0.102941,-0.401770,0.032590,148.224289,206.400864,-774.223022,0,0
3.200000,1.998118,1.514632,-2.040265,0.997832,-0.041486,-0.051087,0.050062,-0.025396,0.998423,-0.042718,-0.998816,-0.023264,0.715278,0.002997,-0.032786,0.698064,0.099408,-0.300449,0.019319,0.027557,0.022242,-0.031245,0.051087,-0.998423,0.023264,0.000000,0.000000,0.000000,-1,0.103500,-0.966187,-0.014481,0.094382,-0.393312,0.016691,150.677170,204.654663,-774.223022,0,0
3.240000,2.017418,1.511760,-2.072959,0.997081,-0.054757,-0.053215,0.051718,-0.028399,0.998258,-0.056173,-0.998096,-0.025484,0.716059,-0.001061,-0.038191,0.696993,0.060989,-0.219862,-0.021076,0.054451,0.030988,-0.037600,0.053215,-0.998258,0.025484,0.000000,0.000000,0.000000,-1,0.112106,-0.965408,-0.008636,0.031602,-0.259788,-0.024705,150.326767,204.654663,-774.223022,0,0
3.280000,2.022758,1.510508,-2.083327,0.996742,-0.059731,-0.054202,0.052510,-0.029546,0.998183,-0.061224,-0.997777,-0.026314,0.716345,-0.002520,-0.040283,0.696578,0.021675,-0.127644,-0.033823,0.060575,0.035323,-0.038094,0.054202,-0.998183,0.026314,0.000000,0.000000,0.000000,-1,0.127609,-0.945160,-0.029633,-0.005573,-0.166505,-0.034290,151.377991,205.353149,-773.221008,0,0
3.320000,1.981800,1.508530,-2.044712,0.996441,-0.062060,-0.057044,0.055368,-0.028399,0.998062,-0.063559,-0.997668,-0.024861,0.715839,-0.002337,-0.042120,0.696990,-0.047359,-0.009967,-0.036796,0.079156,0.063950,-0.053838,0.057044,-0.998062,0.024861,0.000000,0.000000,0.000000,-1,0.131653,-0.899384,-0.021057,-0.080976,-0.092281,-0.027411,150.852371,204.480057,-774.056030,0,0
3.360000,1.879756,1.507796,-1.941318,0.996344,-0.060839,-0.059977,0.058686,-0.022797,0.998016,-0.062085,-0.997887,-0.019144,0.713843,-0.000754,-0.042748,0.699000,-0.163227,0.055754,-0.043276,0.069692,0.099457,-0.032541,0.059977,-0.998016,0.019144,0.000000,0.000000,0.000000,-1,0.099991,-0.881500,-0.032181,-0.231893,-0.008531,-0.030381,149.976349,205.702393,-774.223022,0,0
3.400000,1.650228,1.508766,-1.707722,0.996448,-0.057200,-0.061796,0.061411,-0.008462,0.998077,-0.057613,-0.998327,-0.004919,0.708842,0.001485,-0.042114,0.704107,-0.559879,0.080177,-0.060299,0.032641,0.114135,-0.059332,0.061796,-0.998077,0.004919,0.000000,0.000000,0.000000,-1,0.077286,-0.970474,-0.056747,-0.755231,-0.077534,-0.083869,148.925110,205.353149,-776.561035,0,0
3.440000,1.218717,1.500343,-1.274455,0.996220,-0.056388,-0.066077,0.067327,0.020557,0.997519,-0.054890,-0.998197,0.024276,0.698460,0.003915,-0.043298,0.714327,-0.749607,-0.006930,-0.170569,0.007150,-0.038232,-0.029313,0.066077,-0.997519,-0.024276,0.000000,0.000000,0.000000,-1,0.120590,-1.205795,-0.059509,-0.715278,-0.102090,-0.198017,151.027588,206.400864,-776.561035,0,0
3.480000,0.971745,1.481339,-1.026343,0.995685,-0.056281,-0.073782,0.076421,0.046273,0.996001,-0.052642,-0.997342,0.050374,0.689028,0.007307,-0.045870,0.723245,-0.563504,0.022767,-0.164245,0.077341,-0.219819,0.000127,0.073782,-0.996001,-0.050374,0.000000,0.000000,0.000000,-1,0.201721,-1.162903,-0.021210,-0.476886,-0.082912,-0.137971,150.151550,205.877014,-777.396057,0,0
3.520000,0.888094,1.468755,-0.941531,0.995310,-0.055787,-0.079034,0.082354,0.059953,0.994798,-0.050759,-0.996641,0.064266,0.683939,0.009711,-0.047443,0.727930,-0.186946,0.045108,-0.117437,0.104056,-0.062163,0.043804,0.079034,-0.994798,-0.064266,0.000000,0.000000,0.000000,-1,0.143417,-0.943985,-0.064636,-0.002609,0.016765,-0.131948,151.553207,206.226257,-778.732056,0,0
3.560000,0.946114,1.463912,-0.994627,0.994942,-0.051017,-0.086534,0.089458,0.058121,0.994293,-0.045696,-0.997005,0.062391,0.684549,0.014039,-0.048291,0.727230,0.142625,0.167127,-0.137586,0.057906,0.075012,-0.026659,0.086534,-0.994293,-0.062391,0.000000,0.000000,0.000000,-1,0.146805,-0.893234,-0.131271,0.121907,0.056033,-0.106905,151.027588,206.400864,-776.227051,0,0
3.600000,0.996124,1.461252,-1.037560,0.994809,-0.043981,-0.091764,0.094147,0.055573,0.994006,-0.038618,-0.997486,0.059425,0.685531,0.018295,-0.047548,0.726259,0.064363,0.213929,-0.033768,0.066408,0.099322,-0.071602,0.091764,-0.994006,-0.059425,0.000000,0.000000,0.000000,-1,0.175217,-0.891693,-0.126465,0.040465,0.118733,-0.007364,151.728409,206.051636,-777.897095,0,0
3.640000,1.007582,1.459160,-1.040846,0.994905,-0.035919,-0.094197,0.096124,0.056314,0.993775,-0.030391,-0.997767,0.059480,0.685403,0.021960,-0.045443,0.726412,0.025204,0.176908,0.025318,0.089839,0.089753,-0.068358,0.094197,-0.993775,-0.059480,0.000000,0.000000,0.000000,-1,0.176910,-0.920898,-0.140121,0.008674,0.038223,0.036962,150.326767,205.702393,-777.229065,0,0
3.680000,1.003902,1.457027,-1.031678,0.994934,-0.030573,-0.095766,0.097422,0.058281,0.993535,-0.024794,-0.997832,0.060964,0.684779,0.024405,-0.044014,0.727011,-0.044971,0.117556,0.040168,0.078841,0.075383,-0.087718,0.095766,-0.993535,-0.060964,0.000000,0.000000,0.000000,-1,0.197144,-0.918335,-0.167282,-0.077395,0.018103,0.053957,151.903610,207.623215,-777.062073,0,0
3.720000,0.953550,1.452924,-0.975837,0.995065,-0.025457,-0.095900,0.097393,0.065912,0.993061,-0.018959,-0.997501,0.068066,0.682109,0.026365,-0.042097,0.729562,-0.206378,0.140955,0.092880,0.114138,0.079807,-0.103367,0.095900,-0.993061,-0.068066,0.000000,0.000000,0.000000,-1,0.235138,-0.910767,-0.179459,-0.257894,0.042574,0.113277,151.027588,206.750107,-777.229065,0,0
3.760000,0.863732,1.445037,-0.879436,0.995251,-0.019532,-0.095359,0.096627,0.079971,0.992103,-0.011751,-0.996606,0.081479,0.677090,0.028466,-0.039548,0.734286,-0.284946,0.157963,0.124489,0.158791,0.084128,-0.094226,0.095359,-0.992103,-0.081479,0.000000,0.000000,0.000000,-1,0.288589,-0.899124,-0.202850,-0.209881,0.116835,0.143260,151.728409,207.797836,-778.231079,0,0
3.800000,0.799624,1.444248,-0.805701,0.995845,-0.010048,-0.090505,0.091038,0.087414,0.992003,-0.002056,-0.996121,0.087966,0.674623,0.030013,-0.034301,0.736754,-0.068881,0.286308,0.161950,0.205271,0.085204,-0.109483,0.090505,-0.992003,-0.087966,0.000000,0.000000,0.000000,-1,0.313034,-0.950058,-0.190460,0.008268,0.237745,0.171158,150.677170,207.797836,-778.231079,0,0
3.840000,0.801821,1.450457,-0.792177,0.996254,0.005994,-0.086270,0.085461,0.084310,0.992768,0.013224,-0.996421,0.083482,0.676103,0.033817,-0.027010,0.735535,0.147707,0.425035,0.053628,0.229449,0.011078,-0.084975,0.086270,-0.992768,-0.083482,0.000000,0.000000,0.000000,-1,0.169907,-1.168091,-0.090912,0.100697,0.242593,-0.130915,152.429230,207.797836,-777.897095,0,0
3.880000,0.887097,1.439804,-0.872133,0.994802,0.010692,-0.101261,0.100015,0.084013,0.991433,0.019108,-0.996407,0.082507,0.676070,0.040938,-0.030379,0.735072,-0.072937,-0.049815,-0.566199,-0.143299,-0.403343,0.188067,0.101261,-0.991433,-0.082507,0.000000,0.000000,0.000000,-1,-0.001572,-0.962616,0.074844,-0.044527,0.179805,-0.286461,151.202789,207.972458,-777.062073,0,0
3.920000,0.935548,1.432043,-0.910320,0.993573,0.020480,-0.111328,0.109222,0.084851,0.990389,0.029729,-0.996183,0.082069,0.675769,0.047983,-0.030187,0.734931,0.064761,0.385810,0.056847,-0.061126,0.109972,0.042793,0.111328,-0.990389,-0.082069,0.000000,0.000000,0.000000,-1,0.071869,-0.987579,-0.109070,0.087842,0.161368,0.142969,151.903610,206.924728,-777.730103,0,0
3.960000,0.910401,1.438841,-0.878591,0.994209,0.027423,-0.103910,0.101290,0.083975,0.991306,0.035910,-0.996090,0.080711,0.676299,0.047580,-0.025137,0.734659,-0.093093,0.022489,0.280416,-0.087324,-0.035107,-0.028786,0.103910,-0.991306,-0.080711,0.000000,0.000000,0.000000,-1,-0.090408,-1.142487,-0.027206,-0.121106,-0.068431,0.322886,151.728409,208.147064,-778.565063,0,0
4.000000,0.860142,1.448938,-0.821757,0.995147,0.034548,-0.092132,0.089021,0.082772,0.992584,0.041917,-0.995969,0.079295,0.676956,0.045634,-0.018544,0.734373,0.255692,0.315047,0.236958,-0.246841,-0.190918,0.155162,0.092132,-0.992585,-0.079295,0.000000,0.000000,0.000000,-1,-0.008331,-0.927307,-0.047989,0.345040,0.293822,0.091669,151.377991,208.496307,-777.897095,0,0
4.040000,0.943815,1.460152,-0.892595,0.994833,0.048091,-0.089417,0.085983,0.069276,0.993885,0.053992,-0.996438,0.064783,0.682051,0.049144,-0.012985,0.729536,0.326119,0.192839,0.047391,-0.098038,0.135883,-0.045706,0.089417,-0.993885,-0.064783,0.000000,0.000000,0.000000,-1,-0.057388,-0.870636,-0.177750,0.289321,-0.046575,0.045952,150.677170,207.448593,-776.227051,0,0
4.080000,0.972803,1.465678,-0.924818,0.995206,0.045221,-0.086717,0.083783,0.063162,0.994480,0.050448,-0.996978,0.059071,0.684283,0.047131,-0.013250,0.727571,-0.060855,-0.210975,0.136449,-0.154969,0.084766,-0.105022,0.086717,-0.994480,-0.059071,0.000000,0.000000,0.000000,-1,-0.077133,-1.031677,-0.100693,-0.124845,-0.336801,0.231595,150.501968,209.718658,-777.062073,0,0
4.120000,0.862447,1.472738,-0.823412,0.996562,0.036546,-0.074350,0.071807,0.066546,0.995196,0.041318,-0.997114,0.063693,0.683067,0.039657,-0.012089,0.729178,-0.060100,-0.231872,0.341833,-0.110528,-0.104200,-0.007154,0.074350,-0.995196,-0.063693,0.000000,0.000000,0.000000,-1,0.063065,-1.032257,-0.054184,-0.017267,-0.281607,0.272709,149.801147,207.273972,-777.730103,0,0
4.160000,0.792525,1.481531,-0.760771,0.997541,0.029695,-0.063484,0.061465,0.064570,0.996018,0.033676,-0.997471,0.062586,0.683810,0.033328,-0.010898,0.728817,0.227538,-0.189666,0.204443,0.019356,-0.011046,0.027719,0.063484,-0.996018,-0.062586,0.000000,0.000000,0.000000,-1,0.062897,-0.922333,0.056030,0.353449,-0.295513,0.186780,148.399490,208.670929,-776.728027,0,0
4.200000,0.892154,1.500964,-0.864855,0.998184,0.026065,-0.054315,0.053099,0.045267,0.997563,0.028461,-0.998635,0.043801,0.690854,0.028647,-0.009356,0.722366,0.274379,0.046712,0.172012,-0.017633,0.107441,0.038216,0.054315,-0.997563,-0.043801,0.000000,0.000000,0.000000,-1,0.037720,-0.876495,-0.078110,0.126944,-0.133373,0.140677,149.976349,208.496307,-775.893066,0,0
4.240000,0.906703,1.507208,-0.880025,0.998417,0.025661,-0.050041,0.048978,0.040487,0.997979,0.027635,-0.998850,0.039166,0.692597,0.026942,-0.008087,0.720776,0.145457,-0.073168,0.122916,-0.018837,0.105401,-0.063159,0.050041,-0.997979,-0.039166,0.000000,0.000000,0.000000,-1,0.013580,-0.944077,-0.099609,0.243762,-0.194897,0.118393,150.852371,209.369415,-775.726074,0,0
4.280000,0.998371,1.516418,-0.975584,0.998712,0.022088,-0.045687,0.045005,0.030474,0.998522,0.023448,-0.999291,0.029441,0.696203,0.024092,-0.007986,0.717396,0.307906,-0.097458,0.080838,-0.025866,0.051455,-0.060952,0.045687,-0.998522,-0.029441,0.000000,0.000000,0.000000,-1,0.063049,-0.944946,-0.050751,0.326525,-0.175884,0.070591,148.574707,209.544037,-775.559082,0,0
