0.000000,-0.778437,0.174326,0.050568,0.717257,-0.085642,0.691525,-0.049780,0.983585,0.173444,-0.695028,-0.158828,0.701220,0.090073,-0.375868,-0.009721,0.922234,-0.004643,-0.015322,-0.019484,0.007199,-0.000491,0.009585,-0.691525,-0.173444,-0.701220,0.000000,0.000000,0.000000,-1,-0.681488,-0.171707,-0.694977,-0.007574,-0.116640,-0.011091,141.216049,254.945236,-801.611450,0,0
0.040000,-0.778769,0.174650,0.049708,0.716964,-0.086535,0.691718,-0.048931,0.983571,0.173763,-0.695391,-0.158429,0.700951,0.090059,-0.376051,-0.010194,0.922156,-0.011029,-0.014265,-0.021546,0.008689,0.001812,0.007302,-0.691718,-0.173763,-0.700951,0.000000,0.000000,0.000000,-1,-0.680038,-0.169983,-0.694275,-0.009708,-0.116643,-0.013195,140.340012,253.024414,-801.110413,0,0
0.080000,-0.778966,0.174940,0.048768,0.716755,-0.087440,0.691821,-0.048005,0.983566,0.174049,-0.695671,-0.157961,0.700779,0.090014,-0.376176,-0.010692,0.922104,-0.006660,-0.020566,-0.021474,0.012530,0.006187,0.005802,-0.691821,-0.174049,-0.700779,0.000000,0.000000,0.000000,-1,-0.680801,-0.170959,-0.696136,-0.001209,-0.129364,-0.012167,142.968109,252.151321,-801.277405,0,0
0.120000,-0.779786,0.175403,0.048012,0.716133,-0.088432,0.692339,-0.047257,0.983522,0.174505,-0.696362,-0.157687,0.700154,0.090081,-0.376575,-0.011165,0.921928,-0.000295,-0.031167,-0.022559,0.008058,0.002844,0.006153,-0.692339,-0.174505,-0.700154,0.000000,0.000000,0.000000,-1,-0.689178,-0.172974,-0.689758,0.000899,-0.127252,-0.017519,141.741669,253.024414,-801.110413,0,0
0.160000,-0.780890,0.176135,0.047295,0.715325,-0.089625,0.693021,-0.046546,0.983427,0.175226,-0.697240,-0.157601,0.699298,0.090276,-0.377096,-0.011685,0.921690,-0.001369,-0.020577,-0.027913,0.003217,-0.000693,0.009463,-0.693021,-0.175226,-0.699298,0.000000,0.000000,0.000000,-1,-0.686600,-0.175964,-0.688477,0.000889,-0.119837,-0.021807,141.216049,252.151321,-799.607422,0,0
0.200000,-0.781581,0.177029,0.046348,0.714786,-0.091030,0.693394,-0.045608,0.983314,0.176106,-0.697855,-0.157502,0.698707,0.090505,-0.377432,-0.012323,0.921521,-0.005610,-0.013141,-0.033167,0.008167,0.001210,0.012169,-0.693394,-0.176106,-0.698707,0.000000,0.000000,0.000000,-1,-0.683701,-0.177689,-0.686066,-0.005508,-0.117724,-0.027065,141.741669,252.675186,-801.110413,0,0
0.240000,-0.781982,0.178080,0.045109,0.714425,-0.092707,0.693543,-0.044381,0.983184,0.177141,-0.698303,-0.157334,0.698297,0.090752,-0.377645,-0.013112,0.921399,-0.007742,-0.014206,-0.035269,0.009003,0.000047,0.009607,-0.693543,-0.177141,-0.698297,0.000000,0.000000,0.000000,-1,-0.688385,-0.176224,-0.689926,-0.008700,-0.115605,-0.028103,140.340012,251.976700,-802.780396,0,0
0.280000,-0.782279,0.178876,0.043826,0.714123,-0.094221,0.693650,-0.043113,0.983099,0.177923,-0.698691,-0.156964,0.697992,0.090873,-0.377818,-0.013868,0.921305,-0.009867,-0.007847,-0.036338,0.008897,0.002935,0.009134,-0.693650,-0.177923,-0.697992,0.000000,0.000000,0.000000,-1,-0.683456,-0.176605,-0.692612,-0.010816,-0.107122,-0.027054,140.340012,252.325943,-800.776367,0,0
0.320000,-0.781887,0.179485,0.042427,0.714282,-0.095581,0.693301,-0.041733,0.983050,0.178522,-0.698613,-0.156449,0.698186,0.090892,-0.377685,-0.014611,0.921347,-0.013032,-0.001476,-0.031013,0.014178,0.001231,0.005223,-0.693301,-0.178522,-0.698186,0.000000,0.000000,0.000000,-1,-0.679703,-0.177948,-0.695053,-0.010789,-0.102872,-0.020691,141.566467,252.849792,-800.943420,0,0
0.360000,-0.781285,0.179932,0.041297,0.714607,-0.096603,0.692823,-0.040619,0.983017,0.178962,-0.698346,-0.156030,0.698547,0.090889,-0.377446,-0.015189,0.921435,-0.002378,-0.002519,-0.025764,0.012190,0.005394,0.000641,-0.692824,-0.178962,-0.698547,0.000000,0.000000,0.000000,-1,-0.678604,-0.178421,-0.690109,0.000927,-0.101804,-0.015507,141.040848,252.675186,-800.776367,0,0
0.400000,-0.780765,0.180595,0.040508,0.714912,-0.097545,0.692377,-0.039838,0.982930,0.179615,-0.698079,-0.155992,0.698822,0.091049,-0.377225,-0.015656,0.921502,-0.000231,-0.002507,-0.020470,0.013529,-0.000103,0.006256,-0.692377,-0.179615,-0.698822,0.000000,0.000000,0.000000,-1,-0.679398,-0.178345,-0.694962,0.000945,-0.103916,-0.010179,141.391251,252.675186,-802.112427,0,0
0.440000,-0.780306,0.181127,0.039874,0.715185,-0.098295,0.691989,-0.039211,0.982859,0.180138,-0.697834,-0.155966,0.699072,0.091178,-0.377029,-0.016028,0.921563,-0.002345,-0.001438,-0.017261,0.014758,0.003304,0.001685,-0.691989,-0.180138,-0.699072,0.000000,0.000000,0.000000,-1,-0.679031,-0.177170,-0.694550,0.004143,-0.102853,-0.008091,140.865631,251.802078,-799.607422,0,0
0.480000,-0.779942,0.181596,0.039421,0.715407,-0.098887,0.691675,-0.038763,0.982793,0.180600,-0.697632,-0.156013,0.699264,0.091311,-0.376869,-0.016310,0.921610,0.006162,-0.002493,-0.016287,0.011606,0.003918,0.006393,-0.691675,-0.180600,-0.699264,0.000000,0.000000,0.000000,-1,-0.682037,-0.176651,-0.691513,0.010536,-0.104967,-0.003897,140.865631,252.849792,-800.943420,0,0
0.520000,-0.779823,0.182107,0.039224,0.715485,-0.099362,0.691526,-0.038566,0.982708,0.181102,-0.697563,-0.156245,0.699281,0.091510,-0.376810,-0.016492,0.921612,0.010387,-0.004622,-0.012033,0.010710,0.003338,0.005265,-0.691526,-0.181102,-0.699281,0.000000,0.000000,0.000000,-1,-0.680786,-0.177444,-0.689285,0.014791,-0.107085,-0.002871,141.916870,253.897522,-800.275391,0,0
0.560000,-0.780035,0.182695,0.039296,0.715360,-0.099750,0.691600,-0.038632,0.982598,0.181681,-0.697688,-0.156685,0.699058,0.091793,-0.376889,-0.016580,0.921550,0.013587,-0.005678,-0.008872,0.008342,0.000879,0.010902,-0.691600,-0.181681,-0.699058,0.000000,0.000000,0.000000,-1,-0.684677,-0.179642,-0.688980,0.013730,-0.110264,-0.001781,141.916870,253.548279,-801.277405,0,0
0.600000,-0.780514,0.183228,0.039306,0.715041,-0.100317,0.691978,-0.038622,0.982478,0.182334,-0.698144,-0.157079,0.698513,0.092092,-0.377177,-0.016739,0.921399,0.008256,-0.016285,-0.010892,0.006050,0.001685,0.008083,-0.691978,-0.182334,-0.698513,0.000000,0.000000,0.000000,-1,-0.686615,-0.181061,-0.688614,0.009461,-0.120870,-0.003814,140.865631,252.500565,-801.611450,0,0
0.640000,-0.781491,0.183778,0.039208,0.714364,-0.100791,0.692478,-0.038538,0.982405,0.182745,-0.698713,-0.157233,0.697910,0.092262,-0.377535,-0.016894,0.921233,0.006111,-0.019476,-0.015109,0.002918,0.002340,0.010761,-0.692478,-0.182745,-0.697910,0.000000,0.000000,0.000000,-1,-0.690887,-0.181732,-0.686890,0.006256,-0.120876,-0.008033,141.391251,252.325943,-800.776367,0,0
0.680000,-0.782550,0.184335,0.038898,0.713608,-0.101564,0.693144,-0.038229,0.982315,0.183293,-0.699502,-0.157298,0.697104,0.092451,-0.378022,-0.017192,0.921008,0.003916,-0.013142,-0.017205,0.000807,0.001821,0.013328,-0.693144,-0.183293,-0.697104,0.000000,0.000000,0.000000,-1,-0.690674,-0.180496,-0.682114,0.004128,-0.112398,-0.010175,140.340012,252.675186,-800.442383,0,0
0.720000,-0.783259,0.184865,0.038411,0.713076,-0.102390,0.693570,-0.037748,0.982236,0.183814,-0.700070,-0.157254,0.696544,0.092596,-0.378357,-0.017550,0.920850,-0.006711,-0.004669,-0.018190,0.006473,0.003482,0.013031,-0.693622,-0.183886,-0.696473,0.000000,0.000000,0.000000,-1,-0.685226,-0.180008,-0.678589,-0.007559,-0.108155,-0.009002,140.340012,251.627457,-799.774414,0,0
0.760000,-0.783725,0.184999,0.037734,0.712683,-0.103039,0.693877,-0.037081,0.982237,0.183946,-0.700505,-0.156825,0.696203,0.092525,-0.378600,-0.017909,0.920750,-0.010950,-0.006786,-0.013878,0.005889,0.003541,0.013952,-0.693877,-0.183946,-0.696203,0.000000,0.000000,0.000000,-1,-0.689377,-0.180573,-0.682846,-0.008609,-0.111329,-0.004721,139.989609,252.675186,-799.774414,0,0
0.800000,-0.784322,0.185045,0.037168,0.712208,-0.103568,0.694287,-0.036525,0.982249,0.183991,-0.701018,-0.156399,0.695783,0.092434,-0.378899,-0.018206,0.920630,-0.009875,-0.002547,-0.011780,0.002987,0.001160,0.010907,-0.694287,-0.183991,-0.695783,0.000000,0.000000,0.000000,-1,-0.692642,-0.182236,-0.682129,-0.010717,-0.097544,-0.002633,140.865631,253.897522,-800.943420,0,0
0.840000,-0.784619,0.184916,0.036542,0.711932,-0.103970,0.694510,-0.035911,0.982295,0.183864,-0.701330,-0.155839,0.695593,0.092253,-0.379068,-0.018483,0.920573,-0.019509,0.006986,-0.011696,0.001547,0.000438,0.012335,-0.694510,-0.183864,-0.695593,0.000000,0.000000,0.000000,-1,-0.689880,-0.180786,-0.682755,-0.020291,-0.095426,-0.004664,141.216049,252.849792,-801.611450,0,0
0.880000,-0.784455,0.184430,0.035329,0.711908,-0.104471,0.694459,-0.034722,0.982428,0.183386,-0.701414,-0.154667,0.695770,0.091801,-0.379061,-0.018941,0.920612,-0.024832,0.009098,-0.013773,0.005006,0.004706,0.010101,-0.694459,-0.183386,-0.695770,0.000000,0.000000,0.000000,-1,-0.687653,-0.177048,-0.685623,-0.021362,-0.094369,-0.006785,139.989609,251.278214,-801.778442,0,0
0.920000,-0.784168,0.184048,0.034518,0.712015,-0.104739,0.694309,-0.033928,0.982525,0.183011,-0.701344,-0.153863,0.696019,0.091475,-0.378976,-0.019228,0.920674,-0.023771,0.008036,-0.013778,0.005435,0.005566,0.009007,-0.694309,-0.183011,-0.696019,0.000000,0.000000,0.000000,-1,-0.688156,-0.178726,-0.686722,-0.018164,-0.094366,-0.004692,140.690430,250.928986,-801.110413,0,0
0.960000,-0.783740,0.183582,0.033559,0.712203,-0.105033,0.694071,-0.032988,0.982642,0.182553,-0.701198,-0.152911,0.696376,0.091083,-0.378835,-0.019561,0.920764,-0.021626,0.012281,-0.009564,0.006861,0.005658,0.007900,-0.694071,-0.182553,-0.696376,0.000000,0.000000,0.000000,-1,-0.684921,-0.179855,-0.689865,-0.021335,-0.091179,-0.000417,140.164810,253.548279,-800.943420,0,0
1.000000,-0.782889,0.182867,0.032585,0.712681,-0.105101,0.693570,-0.032036,0.982804,0.181849,-0.700756,-0.151820,0.697059,0.090578,-0.378505,-0.019834,0.920943,-0.015295,0.008059,-0.005301,0.006756,0.004787,0.006584,-0.693570,-0.181850,-0.697059,0.000000,0.000000,0.000000,-1,-0.687439,-0.175308,-0.690308,-0.010693,-0.097534,0.003749,141.040848,252.325943,-801.778442,0,0
1.040000,-0.782669,0.182552,0.032231,0.712791,-0.105102,0.693457,-0.031690,0.982873,0.181540,-0.700660,-0.151376,0.697252,0.090369,-0.378427,-0.019927,0.920994,-0.009983,0.004878,-0.005344,0.005423,0.003546,0.006930,-0.693457,-0.181540,-0.697252,0.000000,0.000000,0.000000,-1,-0.689148,-0.178436,-0.685440,-0.005382,-0.093296,0.001544,141.216049,253.548279,-800.609375,0,0
1.080000,-0.782364,0.182403,0.031836,0.712960,-0.105234,0.693263,-0.031303,0.982912,0.181393,-0.700506,-0.151027,0.697483,0.090228,-0.378309,-0.020067,0.921053,-0.008914,0.013357,-0.005393,0.006038,0.002469,0.009708,-0.693263,-0.181393,-0.697483,0.000000,0.000000,0.000000,-1,-0.684357,-0.178223,-0.685501,-0.006444,-0.085877,0.000459,141.216049,253.199036,-802.279419,0,0
1.120000,-0.781544,0.182304,0.031227,0.713468,-0.105476,0.692704,-0.030705,0.982949,0.181296,-0.700015,-0.150618,0.698064,0.090076,-0.377961,-0.020292,0.921206,-0.011048,0.013352,-0.007497,0.010957,0.000845,0.008305,-0.692704,-0.181296,-0.698064,0.000000,0.000000,0.000000,-1,-0.682816,-0.177261,-0.693207,-0.007508,-0.087997,0.000480,140.865631,253.548279,-801.611450,0,0
1.160000,-0.780956,0.182212,0.030865,0.713839,-0.105582,0.692305,-0.030349,0.982977,0.181206,-0.699651,-0.150363,0.698483,0.089971,-0.377708,-0.020415,0.921317,-0.004727,0.010196,-0.006383,0.009733,0.003883,0.004193,-0.692305,-0.181206,-0.698483,0.000000,0.000000,0.000000,-1,-0.683868,-0.177124,-0.694366,0.002058,-0.095417,0.001472,140.164810,252.849792,-800.275391,0,0
1.200000,-0.780499,0.182296,0.030671,0.714140,-0.105710,0.691975,-0.030158,0.982968,0.181288,-0.699353,-0.150333,0.698789,0.089978,-0.377505,-0.020499,0.921398,0.004846,0.005959,-0.004341,0.009083,0.003614,0.005521,-0.691975,-0.181288,-0.698789,0.000000,0.000000,0.000000,-1,-0.683197,-0.178818,-0.693787,0.008453,-0.095410,0.005656,141.566467,252.500565,-800.275391,0,0
1.240000,-0.779945,0.182482,0.030781,0.714543,-0.105677,0.691564,-0.030265,0.982930,0.181471,-0.698936,-0.150599,0.699148,0.090090,-0.377240,-0.020459,0.921496,0.007001,0.013391,0.001984,0.007466,0.003996,0.005102,-0.691564,-0.181471,-0.699148,0.000000,0.000000,0.000000,-1,-0.683151,-0.177856,-0.693207,0.007419,-0.089040,0.012021,141.040848,252.325943,-799.774414,0,0
1.280000,-0.779317,0.182364,0.031100,0.715013,-0.105273,0.691140,-0.030579,0.982942,0.181355,-0.698442,-0.150805,0.699597,0.090102,-0.376939,-0.020262,0.921623,0.009141,0.012337,0.006221,0.009499,0.005512,0.007504,-0.691140,-0.181355,-0.699597,0.000000,0.000000,0.000000,-1,-0.680283,-0.176315,-0.691910,0.014863,-0.091158,0.013012,140.515228,252.151321,-800.609375,0,0
1.320000,-0.778755,0.182379,0.031538,0.715452,-0.104885,0.690745,-0.031010,0.982926,0.181370,-0.697974,-0.151181,0.699984,0.090197,-0.376660,-0.020037,0.921732,0.010137,0.010251,0.005300,0.011316,0.004749,0.006594,-0.690745,-0.181370,-0.699984,0.000000,0.000000,0.000000,-1,-0.677887,-0.179932,-0.693130,0.012745,-0.091155,0.015163,139.989609,254.770615,-803.448425,0,0
1.360000,-0.778306,0.182490,0.032099,0.715826,-0.104492,0.690416,-0.031561,0.982888,0.181479,-0.697565,-0.151697,0.700279,0.090358,-0.376425,-0.019779,0.921818,0.010167,0.008144,0.013818,0.013598,0.000647,0.006294,-0.690416,-0.181479,-0.700279,0.000000,0.000000,0.000000,-1,-0.680237,-0.174576,-0.693939,0.011691,-0.099630,0.019468,140.164810,253.199036,-801.277405,0,0
1.400000,-0.777922,0.182286,0.032731,0.716155,-0.103840,0.690173,-0.032183,0.982905,0.181278,-0.697199,-0.152035,0.700571,0.090387,-0.376224,-0.019432,0.921904,0.006983,0.010267,0.014908,0.017718,0.003239,0.008432,-0.690173,-0.181278,-0.700571,0.000000,0.000000,0.000000,-1,-0.679977,-0.175552,-0.696625,0.012770,-0.100684,0.023715,140.865631,251.103592,-801.277405,0,0
1.440000,-0.777713,0.181933,0.033423,0.716364,-0.103070,0.690072,-0.032865,0.982947,0.180931,-0.696952,-0.152291,0.700760,0.090357,-0.376106,-0.019037,0.921964,0.013354,-0.003513,0.015965,0.007211,0.004356,0.003144,-0.690072,-0.180931,-0.700760,0.000000,0.000000,0.000000,-1,-0.682358,-0.177292,-0.697388,0.017016,-0.103866,0.022619,140.340012,252.325943,-801.444397,0,0
1.480000,-0.777759,0.181798,0.034352,0.716425,-0.102318,0.690121,-0.033779,0.982940,0.180798,-0.696846,-0.152840,0.700746,0.090469,-0.376088,-0.018585,0.921970,0.017581,0.006074,0.016040,0.004055,0.002942,0.006014,-0.690121,-0.180798,-0.700746,0.000000,0.000000,0.000000,-1,-0.683289,-0.176987,-0.693268,0.020212,-0.094325,0.022541,140.515228,253.548279,-801.277405,0,0
1.520000,-0.777571,0.181759,0.035028,0.716623,-0.101778,0.689994,-0.034444,0.982924,0.180760,-0.696609,-0.153303,0.700881,0.090580,-0.375972,-0.018257,0.922012,0.016517,0.011373,0.014964,0.010322,0.002202,0.005889,-0.689994,-0.180760,-0.700881,0.000000,0.000000,0.000000,-1,-0.678268,-0.176743,-0.694336,0.020221,-0.087962,0.023576,142.267288,252.849792,-801.945435,0,0
1.560000,-0.776880,0.181864,0.036177,0.717224,-0.100920,0.689496,-0.035573,0.982865,0.180864,-0.695934,-0.154247,0.701344,0.090850,-0.375598,-0.017716,0.922149,0.023946,0.006070,0.012779,0.012509,0.004335,0.006184,-0.689496,-0.180864,-0.701344,0.000000,0.000000,0.000000,-1,-0.677475,-0.178299,-0.694321,0.027645,-0.100687,0.021424,141.566467,253.548279,-800.943420,0,0
1.600000,-0.777010,0.182239,0.037264,0.717252,-0.100419,0.689540,-0.036639,0.982758,0.181232,-0.695850,-0.155253,0.701206,0.091226,-0.375599,-0.017292,0.922119,0.026068,-0.005590,0.013872,0.010143,0.001788,0.009204,-0.689540,-0.181232,-0.701206,0.000000,0.000000,0.000000,-1,-0.679810,-0.178726,-0.690445,0.028702,-0.109169,0.021451,139.989609,251.976700,-801.778442,0,0
1.640000,-0.777298,0.182553,0.038082,0.717142,-0.100094,0.689702,-0.037440,0.982670,0.181541,-0.695921,-0.156013,0.700966,0.091522,-0.375687,-0.016987,0.922060,0.023911,-0.005557,0.011932,0.010198,-0.000146,0.009316,-0.689702,-0.181541,-0.700966,0.000000,0.000000,0.000000,-1,-0.682571,-0.181229,-0.691330,0.023374,-0.110234,0.018323,140.690430,250.928986,-801.110413,0,0
1.680000,-0.778189,0.183055,0.039140,0.716641,-0.099821,0.690262,-0.038476,0.982539,0.182034,-0.696380,-0.157012,0.700287,0.091944,-0.376036,-0.016636,0.921882,0.015386,-0.012988,0.007804,0.003601,0.001386,0.009415,-0.690262,-0.182034,-0.700287,0.000000,0.000000,0.000000,-1,-0.686203,-0.184357,-0.691467,0.015912,-0.115542,0.014174,139.989609,251.976700,-801.444397,0,0
1.720000,-0.778914,0.183330,0.039687,0.716198,-0.099732,0.690734,-0.039012,0.982468,0.182305,-0.696806,-0.157513,0.699751,0.092168,-0.376337,-0.016469,0.921740,0.007942,-0.006632,0.005730,0.006210,0.002266,0.011594,-0.690734,-0.182305,-0.699751,0.000000,0.000000,0.000000,-1,-0.680267,-0.180237,-0.687119,0.008462,-0.110245,0.011041,141.566467,253.199036,-800.943420,0,0
1.760000,-0.779180,0.183358,0.039857,0.716031,-0.099672,0.690917,-0.039179,0.982456,0.182332,-0.696969,-0.157625,0.699564,0.092210,-0.376451,-0.016408,0.921690,0.001556,-0.005576,0.003668,0.008086,0.002538,0.007425,-0.690917,-0.182332,-0.699564,0.000000,0.000000,0.000000,-1,-0.680328,-0.181061,-0.690018,0.002081,-0.108126,0.010039,141.040848,252.325943,-803.114441,0,0
1.800000,-0.779404,0.183207,0.039927,0.715877,-0.099553,0.691093,-0.039249,0.982481,0.182184,-0.697123,-0.157546,0.699428,0.092152,-0.376555,-0.016358,0.921654,-0.000593,-0.009780,0.002836,0.012779,0.003137,0.008052,-0.691093,-0.182184,-0.699428,0.000000,0.000000,0.000000,-1,-0.678757,-0.181488,-0.691818,0.001012,-0.115548,0.010084,140.865631,253.199036,-801.611450,0,0
1.840000,-0.779731,0.183200,0.039972,0.715653,-0.099568,0.691323,-0.039292,0.982480,0.182177,-0.697350,-0.157539,0.699203,0.092155,-0.376704,-0.016351,0.921593,0.000467,-0.014020,0.002843,0.010964,0.000888,0.006011,-0.691323,-0.182177,-0.699203,0.000000,0.000000,0.000000,-1,-0.679886,-0.178268,-0.694199,0.004205,-0.115546,0.011112,141.741669,253.024414,-801.110413,0,0
1.880000,-0.779983,0.183113,0.040082,0.715486,-0.099469,0.691510,-0.039401,0.982492,0.182092,-0.697515,-0.157531,0.699040,0.092133,-0.376818,-0.016295,0.921550,0.002597,-0.014017,0.003883,0.009686,0.004067,0.007115,-0.691510,-0.182092,-0.699040,0.000000,0.000000,0.000000,-1,-0.683609,-0.180832,-0.693253,0.006333,-0.118725,0.012167,141.040848,252.675186,-801.110413,0,0
1.920000,-0.780677,0.183058,0.040385,0.715030,-0.099323,0.692002,-0.039700,0.982490,0.182037,-0.697965,-0.157634,0.698567,0.092159,-0.377125,-0.016177,0.921424,0.005784,-0.016138,0.003858,0.007065,0.001312,0.004750,-0.692002,-0.182037,-0.698567,0.000000,0.000000,0.000000,-1,-0.682861,-0.180130,-0.692535,0.008456,-0.117667,0.011075,141.566467,253.199036,-801.945435,0,0
1.960000,-0.781322,0.183170,0.040610,0.714606,-0.099341,0.692438,-0.039920,0.982461,0.182147,-0.698388,-0.157806,0.698106,0.092248,-0.377409,-0.016124,0.921300,0.004696,-0.019306,-0.001276,0.006525,-0.000546,0.006852,-0.692438,-0.182147,-0.698106,0.000000,0.000000,0.000000,-1,-0.684769,-0.180298,-0.692322,0.007371,-0.120855,0.005783,140.865631,252.151321,-801.611450,0,0
2.000000,-0.781748,0.183307,0.040609,0.714311,-0.099504,0.692718,-0.039917,0.982436,0.182282,-0.698689,-0.157858,0.697793,0.092307,-0.377601,-0.016171,0.921214,0.000439,-0.015068,-0.003376,0.008529,0.001359,0.007546,-0.692718,-0.182282,-0.697793,0.000000,0.000000,0.000000,-1,-0.686203,-0.177017,-0.688690,0.002033,-0.124044,0.000537,141.216049,252.849792,-800.609375,0,0
2.040000,-0.782728,0.183280,0.040299,0.713595,-0.099861,0.693405,-0.039614,0.982453,0.182256,-0.699438,-0.157525,0.697118,0.092229,-0.378068,-0.016353,0.921027,-0.003849,-0.022502,-0.010740,0.010208,0.005056,0.007054,-0.693405,-0.182256,-0.697118,0.000000,0.000000,0.000000,-1,-0.683472,-0.179001,-0.691177,-0.004362,-0.124050,-0.003647,140.164810,251.103592,-801.277405,0,0
2.080000,-0.782838,0.183164,0.039672,0.713452,-0.100246,0.693496,-0.038998,0.982499,0.182142,-0.699618,-0.156995,0.697056,0.092056,-0.378150,-0.016625,0.921006,-0.008093,-0.015076,-0.009662,0.019149,0.008283,0.004048,-0.693496,-0.182142,-0.697056,0.000000,0.000000,0.000000,-1,-0.676071,-0.171356,-0.691803,-0.002221,-0.120865,-0.000494,141.216049,252.151321,-800.943420,0,0
2.120000,-0.783089,0.182892,0.039387,0.713240,-0.100300,0.693706,-0.038720,0.982559,0.181874,-0.699849,-0.156580,0.696917,0.091875,-0.378286,-0.016716,0.920966,-0.001708,-0.030957,-0.003129,0.016063,0.008122,0.006991,-0.693706,-0.181874,-0.696917,0.000000,0.000000,0.000000,-1,-0.683762,-0.174072,-0.685287,0.003104,-0.139939,0.005916,141.391251,251.627457,-802.780396,0,0
2.160000,-0.784835,0.182551,0.039385,0.712008,-0.100338,0.694966,-0.038721,0.982621,0.181539,-0.701103,-0.156167,0.695749,0.091703,-0.379099,-0.016732,0.920649,-0.001688,-0.034129,0.003269,0.007542,0.003438,0.010934,-0.694966,-0.181539,-0.695749,0.000000,0.000000,0.000000,-1,-0.691925,-0.176956,-0.683472,-0.002193,-0.135692,0.010210,141.566467,251.452835,-801.611450,0,0
2.200000,-0.786289,0.182032,0.039297,0.710965,-0.100266,0.696043,-0.038637,0.982719,0.181028,-0.702165,-0.155598,0.694804,0.091435,-0.379786,-0.016740,0.920392,-0.011256,-0.022473,0.001196,0.003981,0.006086,0.009425,-0.696043,-0.181028,-0.694804,0.000000,0.000000,0.000000,-1,-0.692276,-0.174088,-0.687775,-0.009644,-0.121917,0.004911,141.916870,254.246765,-801.277405,0,0
2.240000,-0.786868,0.181581,0.038961,0.710512,-0.100281,0.696503,-0.038311,0.982813,0.180585,-0.702641,-0.154991,0.694459,0.091160,-0.380080,-0.016834,0.920297,-0.012343,-0.015064,-0.006270,0.004105,0.005673,0.005250,-0.696503,-0.180585,-0.694459,0.000000,0.000000,0.000000,-1,-0.691299,-0.172791,-0.688980,-0.008609,-0.116629,-0.003634,140.515228,252.500565,-801.611450,0,0
2.280000,-0.787345,0.181201,0.038352,0.710105,-0.100523,0.696883,-0.037714,0.982905,0.180211,-0.703085,-0.154251,0.694175,0.090865,-0.380337,-0.017064,0.920215,-0.008138,-0.011896,-0.014697,0.006148,0.008107,0.005377,-0.696883,-0.180211,-0.694174,0.000000,0.000000,0.000000,-1,-0.690567,-0.171204,-0.690353,-0.003314,-0.107098,-0.011181,140.515228,252.500565,-800.943420,0,0
2.320000,-0.787072,0.180966,0.037448,0.710200,-0.100959,0.696723,-0.036828,0.982981,0.179980,-0.703036,-0.153481,0.694395,0.090588,-0.380258,-0.017422,0.920268,-0.001770,-0.000239,-0.019071,0.010093,0.009250,-0.001208,-0.696723,-0.179980,-0.694395,0.000000,0.000000,0.000000,-1,-0.678345,-0.168915,-0.697235,0.003068,-0.102857,-0.011270,140.690430,253.024414,-801.778442,0,0
2.360000,-0.786038,0.181080,0.036944,0.710879,-0.101238,0.695990,-0.036331,0.982979,0.180092,-0.702376,-0.153310,0.695100,0.090553,-0.379802,-0.017629,0.920456,0.015252,0.004012,-0.016085,0.018714,0.008812,-0.002150,-0.695990,-0.180092,-0.695100,0.000000,0.000000,0.000000,-1,-0.681747,-0.170807,-0.697403,0.030708,-0.099678,-0.012653,140.690430,252.325943,-802.112427,0,0
2.400000,-0.785436,0.181565,0.036997,0.711319,-0.101445,0.695510,-0.036381,0.982889,0.180569,-0.701927,-0.153746,0.695457,0.090792,-0.379511,-0.017670,0.920552,0.031178,-0.004471,-0.019412,0.008208,0.011365,-0.001976,-0.695510,-0.180569,-0.695457,0.000000,0.000000,0.000000,-1,-0.682861,-0.167908,-0.689484,0.028600,-0.133587,-0.000776,139.989609,253.373657,-800.442383,0,0
2.440000,-0.786955,0.181709,0.037425,0.710299,-0.101475,0.696547,-0.036800,0.982848,0.180711,-0.702937,-0.153992,0.694382,0.090926,-0.380186,-0.017570,0.920262,-0.010232,-0.047892,0.012199,0.024794,0.003068,0.017868,-0.696547,-0.180711,-0.694382,0.000000,0.000000,0.000000,-1,-0.672195,-0.174942,-0.678055,-0.015993,-0.150522,0.018939,142.617691,252.151321,-802.613403,0,0
2.480000,-0.788364,0.180668,0.037237,0.709262,-0.101099,0.697658,-0.036622,0.983042,0.179687,-0.703993,-0.152995,0.693532,0.090399,-0.380870,-0.017520,0.920032,-0.000714,-0.027774,-0.005015,-0.005269,0.008758,-0.001506,-0.697658,-0.179687,-0.693532,0.000000,0.000000,0.000000,-1,-0.715286,-0.163483,-0.704483,0.032810,-0.115586,-0.015796,139.989609,251.976700,-800.442383,0,0
2.520000,-0.788730,0.181150,0.037843,0.709078,-0.101061,0.697850,-0.037215,0.982933,0.180160,-0.704147,-0.153718,0.693215,0.090733,-0.380998,-0.017350,0.919949,0.057752,0.027339,-0.016538,-0.000560,0.016647,-0.007010,-0.697850,-0.180160,-0.693215,0.000000,0.000000,0.000000,-1,-0.696167,-0.163269,-0.695679,0.062666,-0.062557,-0.003600,139.814407,251.802078,-801.945435,0,0
2.560000,-0.787294,0.181713,0.038940,0.710214,-0.100454,0.696782,-0.038289,0.982790,0.180715,-0.702944,-0.155025,0.694145,0.091213,-0.380273,-0.016889,0.920210,0.063136,0.054926,-0.002889,0.012440,0.020955,0.001488,-0.696782,-0.180715,-0.694145,0.000000,0.000000,0.000000,-1,-0.683594,-0.163040,-0.694809,0.068030,-0.045579,0.005838,140.340012,251.976700,-801.444397,0,0
2.600000,-0.784699,0.182576,0.040816,0.712247,-0.099314,0.694868,-0.040127,0.982560,0.181563,-0.700781,-0.157201,0.695840,0.091987,-0.378970,-0.016072,0.920685,0.071647,0.052832,0.008806,0.021024,0.016646,0.001413,-0.694868,-0.181563,-0.695840,0.000000,0.000000,0.000000,-1,-0.670532,-0.166718,-0.688019,0.080854,-0.052972,0.024877,141.741669,252.325943,-801.110413,0,0
2.640000,-0.782988,0.183321,0.042716,0.713654,-0.098206,0.693581,-0.041987,0.982347,0.182296,-0.699239,-0.159218,0.696932,0.092702,-0.378074,-0.015260,0.920996,0.080199,0.044376,0.023644,0.023872,0.014007,0.009554,-0.693581,-0.182296,-0.696932,0.000000,0.000000,0.000000,-1,-0.670853,-0.172607,-0.683945,0.078810,-0.060358,0.048335,141.391251,251.976700,-801.444397,0,0
2.680000,-0.781331,0.183463,0.047135,0.715242,-0.094880,0.692406,-0.046327,0.982126,0.182435,-0.697340,-0.162563,0.698062,0.093614,-0.377101,-0.013175,0.921335,0.060205,0.035983,0.081345,0.016930,0.008332,0.006030,-0.692406,-0.182435,-0.698062,0.000000,0.000000,0.000000,-1,-0.679947,-0.177032,-0.705750,0.059846,-0.064529,0.095366,141.916870,251.103592,-801.611450,0,0
2.720000,-0.779775,0.182282,0.051341,0.716676,-0.090798,0.691470,-0.050469,0.982137,0.181275,-0.695578,-0.164813,0.699291,0.093872,-0.376221,-0.010939,0.921697,0.066618,0.030703,0.091936,0.014377,0.005768,-0.009083,-0.691471,-0.181275,-0.699291,0.000000,0.000000,0.000000,-1,-0.673828,-0.172012,-0.710342,0.084306,-0.085723,0.101575,140.690430,251.627457,-800.776367,0,0
2.760000,-0.778844,0.181533,0.056173,0.717723,-0.086661,0.690915,-0.055221,0.982017,0.180538,-0.694135,-0.167729,0.700031,0.094440,-0.375587,-0.008526,0.921923,0.096321,-0.005319,0.092908,0.021039,0.006145,-0.005337,-0.690915,-0.180538,-0.700031,0.000000,0.000000,0.000000,-1,-0.673752,-0.171677,-0.700577,0.106591,-0.123895,0.098310,141.741669,250.928986,-800.442383,0,0
2.800000,-0.779366,0.181533,0.058926,0.717597,-0.084773,0.691280,-0.057925,0.981861,0.180538,-0.694045,-0.169596,0.699670,0.094955,-0.375697,-0.007281,0.921836,0.115419,-0.038188,0.089655,0.017528,0.008861,-0.000907,-0.691280,-0.180538,-0.699670,0.000000,0.000000,0.000000,-1,-0.692902,-0.179642,-0.686813,0.143710,-0.170567,0.083220,141.916870,252.849792,-801.277405,0,0
2.840000,-0.786248,0.185431,0.068740,0.713799,-0.081646,0.695575,-0.067508,0.980536,0.184371,-0.697089,-0.178561,0.694394,0.098577,-0.378267,-0.003840,0.920425,0.176919,-0.064759,0.050803,-0.013470,-0.008439,0.024914,-0.695575,-0.184371,-0.694394,0.000000,0.000000,0.000000,-1,-0.707748,-0.198517,-0.660843,0.179737,-0.165315,0.049823,141.566467,249.706635,-801.945435,0,0
2.880000,-0.791845,0.190548,0.076704,0.710796,-0.080554,0.698770,-0.075242,0.979013,0.189397,-0.699362,-0.187200,0.689818,0.102427,-0.380263,-0.001445,0.919188,0.166238,-0.060548,0.036008,-0.007574,-0.019114,0.031584,-0.698770,-0.189397,-0.689818,0.000000,0.000000,0.000000,-1,-0.707382,-0.208206,-0.656830,0.165872,-0.165333,0.038275,141.216049,251.452835,-802.613403,0,0
2.920000,-0.795088,0.193632,0.080907,0.709034,-0.080336,0.700583,-0.079308,0.978102,0.192424,-0.700700,-0.191997,0.687136,0.104637,-0.381422,-0.000280,0.918460,0.152341,-0.069009,0.026689,-0.014306,-0.016759,0.032076,-0.700583,-0.192424,-0.687136,0.000000,0.000000,0.000000,-1,-0.717850,-0.209152,-0.652878,0.147760,-0.168528,0.028916,138.763168,250.055878,-802.947449,0,0
2.960000,-0.798359,0.196390,0.084457,0.707185,-0.080385,0.702444,-0.082735,0.977282,0.195130,-0.702171,-0.196110,0.684468,0.106578,-0.382632,0.000640,0.917733,0.123605,-0.060548,0.016329,-0.019632,-0.016662,0.029775,-0.702444,-0.195130,-0.684468,0.000000,0.000000,0.000000,-1,-0.702209,-0.208572,-0.655319,0.097801,-0.142027,0.026156,141.566467,250.055878,-800.609375,0,0
3.000000,-0.802325,0.199434,0.089368,0.704976,-0.079839,0.704723,-0.087480,0.976267,0.198114,-0.703815,-0.201315,0.681261,0.108913,-0.384067,0.002083,0.916857,0.059897,-0.017071,0.028534,0.007839,0.005579,0.027437,-0.704723,-0.198114,-0.681261,0.000000,0.000000,0.000000,-1,-0.698029,-0.186707,-0.661316,0.062771,-0.123988,0.037098,141.216049,251.802078,-801.277405,0,0
3.040000,-0.803971,0.199271,0.091394,0.703967,-0.078630,0.705867,-0.089461,0.976120,0.197955,-0.704576,-0.202501,0.680122,0.109230,-0.384718,0.002954,0.916544,0.051401,-0.022370,0.032910,0.011867,0.019442,0.023139,-0.705867,-0.197955,-0.680122,0.000000,0.000000,0.000000,-1,-0.690079,-0.176346,-0.664276,0.050057,-0.114432,0.046768,141.040848,250.579742,-802.446411,0,0
3.080000,-0.804554,0.198256,0.093338,0.703641,-0.076666,0.706408,-0.091377,0.976144,0.196960,-0.704656,-0.203138,0.679849,0.109142,-0.384920,0.004013,0.916465,0.042949,0.003134,0.052097,0.016420,0.024596,0.010858,-0.706408,-0.196960,-0.679849,0.000000,0.000000,0.000000,-1,-0.686981,-0.168442,-0.680176,0.042742,-0.083644,0.074367,139.814407,251.103592,-802.279419,0,0
3.120000,-0.803509,0.195650,0.096321,0.704425,-0.072521,0.706064,-0.094338,0.976375,0.194404,-0.703481,-0.203551,0.680941,0.108523,-0.384385,0.005949,0.916753,0.042001,0.023325,0.080744,0.021478,0.027198,-0.000791,-0.706064,-0.194404,-0.680941,0.000000,0.000000,0.000000,-1,-0.681107,-0.164429,-0.685318,0.046046,-0.068760,0.101920,141.391251,251.976700,-802.112427,0,0
3.160000,-0.801168,0.191727,0.101211,0.706134,-0.065841,0.705010,-0.099187,0.976653,0.190555,-0.701096,-0.204485,0.683118,0.107662,-0.383210,0.009088,0.917320,0.046385,0.045647,0.113578,0.023461,0.027332,-0.005939,-0.705010,-0.190555,-0.683118,0.000000,0.000000,0.000000,-1,-0.673660,-0.163879,-0.691696,0.045086,-0.053880,0.126329,141.741669,251.627457,-802.112427,0,0
3.200000,-0.798895,0.188719,0.104599,0.707722,-0.060872,0.703863,-0.102555,0.976877,0.187601,-0.699008,-0.204954,0.685115,0.106924,-0.382112,0.011353,0.917839,0.050707,0.050985,0.132658,0.027731,0.023096,-0.013936,-0.703863,-0.187601,-0.685115,0.000000,0.000000,0.000000,-1,-0.678589,-0.157104,-0.702576,0.077047,-0.055974,0.144069,141.916870,251.103592,-803.615479,0,0
3.240000,-0.796054,0.185228,0.110403,0.709774,-0.053733,0.702378,-0.108294,0.976910,0.184170,-0.696056,-0.206783,0.687566,0.106416,-0.380648,0.014851,0.918457,0.097508,0.052069,0.140653,0.025345,0.026684,-0.009776,-0.702378,-0.184170,-0.687566,0.000000,0.000000,0.000000,-1,-0.669785,-0.157181,-0.685593,0.102579,-0.059146,0.149121,141.040848,250.579742,-802.112427,0,0
3.280000,-0.793763,0.181836,0.118632,0.711499,-0.045043,0.701242,-0.116403,0.976601,0.180836,-0.692979,-0.210291,0.689607,0.106409,-0.379307,0.019414,0.918927,0.080494,0.041480,0.144086,0.035776,0.016270,0.016252,-0.701242,-0.180836,-0.689607,0.000000,0.000000,0.000000,-1,-0.657761,-0.176025,-0.674774,0.072788,-0.064455,0.144154,141.566467,250.405121,-802.613403,0,0
3.320000,-0.792564,0.180566,0.122695,0.712397,-0.041014,0.700578,-0.120397,0.976347,0.179586,-0.691372,-0.212284,0.690608,0.106585,-0.378597,0.021592,0.919151,0.055901,0.022440,0.122184,0.048844,-0.000803,0.022517,-0.700577,-0.179586,-0.690608,0.000000,0.000000,0.000000,-1,-0.636353,-0.195923,-0.663849,0.042865,-0.105853,0.111696,142.617691,250.055878,-802.947449,0,0
3.360000,-0.792354,0.179671,0.126418,0.712610,-0.037694,0.700547,-0.124052,0.976051,0.178706,-0.690506,-0.214252,0.690868,0.106878,-0.378343,0.023488,0.919175,0.010033,-0.047568,0.095344,0.066193,-0.026494,0.021175,-0.700547,-0.178706,-0.690868,0.000000,0.000000,0.000000,-1,-0.634888,-0.229263,-0.695541,-0.024272,-0.237342,0.097073,141.040848,249.881256,-802.112427,0,0
3.400000,-0.800437,0.177459,0.128478,0.706886,-0.036418,0.706390,-0.126113,0.976183,0.176529,-0.695994,-0.213871,0.685457,0.106355,-0.382047,0.024435,0.917677,0.000111,-0.289358,0.049736,0.065337,-0.054672,-0.055998,-0.706390,-0.176529,-0.685457,0.000000,0.000000,0.000000,-1,-0.668701,-0.215515,-0.739761,0.017896,-0.399648,0.034582,141.566467,251.103592,-801.611450,0,0
3.440000,-0.807615,0.178333,0.129188,0.701978,-0.038071,0.711180,-0.126786,0.975940,0.177389,-0.700822,-0.214691,0.680262,0.106978,-0.385260,0.024206,0.916267,0.042488,-0.235357,-0.002036,0.035567,-0.036341,-0.048147,-0.711180,-0.177389,-0.680262,0.000000,0.000000,0.000000,-1,-0.662048,-0.232101,-0.710037,0.026418,-0.281994,0.014810,141.040848,250.230499,-801.778442,0,0
3.480000,-0.814165,0.179485,0.129813,0.697504,-0.039857,0.715471,-0.127370,0.975657,0.178523,-0.705170,-0.215650,0.675448,0.107702,-0.388170,0.023911,0.914960,-0.016881,-0.199249,0.034617,0.058977,-0.059514,-0.040616,-0.715471,-0.178523,-0.675448,0.000000,0.000000,0.000000,-1,-0.647049,-0.226074,-0.730972,-0.041520,-0.351905,0.057359,140.340012,250.579742,-802.446411,0,0
3.520000,-0.824762,0.176945,0.129570,0.689745,-0.040488,0.722919,-0.127190,0.976134,0.176023,-0.712793,-0.213360,0.668134,0.106626,-0.393146,0.023742,0.912964,-0.050872,-0.269180,0.056578,0.057850,-0.019960,-0.072619,-0.722919,-0.176023,-0.668134,0.000000,0.000000,0.000000,-1,-0.660843,-0.179550,-0.724670,-0.042586,-0.382643,0.062828,139.814407,251.452835,-802.279419,0,0
3.560000,-0.831677,0.174959,0.129391,0.684605,-0.040652,0.727780,-0.127061,0.976502,0.174068,-0.717754,-0.211640,0.663353,0.105771,-0.396404,0.023695,0.911655,-0.037114,-0.313709,0.049180,0.074810,-0.000141,-0.055336,-0.727780,-0.174068,-0.663353,0.000000,0.000000,0.000000,-1,-0.640747,-0.169952,-0.684280,-0.033115,-0.395400,0.039380,140.865631,250.055878,-801.945435,0,0
3.600000,-0.842041,0.173109,0.128730,0.676927,-0.041943,0.734854,-0.126456,0.976903,0.172246,-0.725106,-0.209525,0.655988,0.104923,-0.401244,0.023227,0.909645,-0.042561,-0.327530,0.017389,0.100653,-0.001979,-0.028353,-0.734854,-0.172246,-0.655988,0.000000,0.000000,0.000000,-1,-0.634445,-0.180252,-0.669998,-0.049186,-0.443145,0.016370,139.463989,250.055878,-800.943420,0,0
3.640000,-0.857317,0.171503,0.126421,0.665515,-0.045489,0.744997,-0.124235,0.977466,0.170664,-0.735973,-0.206134,0.644867,0.103902,-0.408376,0.021714,0.906621,-0.062885,-0.356188,-0.009916,0.083376,-0.016180,-0.024826,-0.744997,-0.170664,-0.644867,0.000000,0.000000,0.000000,-1,-0.661026,-0.187363,-0.671890,-0.063136,-0.455915,-0.015330,138.237549,250.579742,-800.776367,0,0
3.680000,-0.865729,0.171437,0.124026,0.659180,-0.048750,0.750404,-0.121895,0.977772,0.170598,-0.742040,-0.203925,0.638585,0.103468,-0.412313,0.020208,0.904922,-0.065125,-0.344565,-0.042922,0.081901,-0.021007,-0.030559,-0.750404,-0.170598,-0.638585,0.000000,0.000000,0.000000,-1,-0.677963,-0.204300,-0.659836,-0.065435,-0.446445,-0.063214,137.887131,251.627457,-800.108398,0,0
3.720000,-0.877007,0.172718,0.119687,0.650657,-0.054834,0.757389,-0.117625,0.978074,0.171860,-0.750206,-0.200910,0.629941,0.103250,-0.417575,0.017392,0.902590,-0.078052,-0.334026,-0.090699,0.078983,-0.035629,-0.028033,-0.757389,-0.171860,-0.629941,0.000000,0.000000,0.000000,-1,-0.684586,-0.217850,-0.658386,-0.083626,-0.411516,-0.101465,138.062347,249.357391,-800.275391,0,0
3.760000,-0.889245,0.175274,0.112187,0.641199,-0.064041,0.764698,-0.110236,0.978489,0.174378,-0.759416,-0.196109,0.620346,0.102913,-0.423363,0.012832,0.900005,-0.112129,-0.288466,-0.116064,0.078449,-0.053954,-0.022751,-0.764698,-0.174378,-0.620346,0.000000,0.000000,0.000000,-1,-0.698349,-0.231506,-0.640961,-0.118741,-0.390331,-0.113939,137.536728,251.627457,-800.442383,0,0
3.800000,-0.895142,0.177232,0.106473,0.636486,-0.070329,0.768075,-0.104607,0.978761,0.176306,-0.764162,-0.192562,0.615611,0.102608,-0.426223,0.009535,0.898729,-0.145111,-0.266213,-0.128573,0.068399,-0.056788,-0.022496,-0.768075,-0.176306,-0.615611,0.000000,0.000000,0.000000,-1,-0.714462,-0.236969,-0.637222,-0.172997,-0.353249,-0.130527,137.536728,250.928986,-799.774414,0,1
3.840000,-0.902114,0.178647,0.097026,0.630544,-0.078716,0.772152,-0.095332,0.979457,0.177698,-0.770277,-0.185657,0.610086,0.101243,-0.429775,0.004630,0.897230,-0.213176,-0.242900,-0.140699,0.053005,-0.056921,-0.030691,-0.772152,-0.177698,-0.610086,0.000000,0.000000,0.000000,-1,-0.728317,-0.226334,-0.651001,-0.247416,-0.330992,-0.134062,137.887131,251.278214,-799.440369,0,0
3.880000,-0.908694,0.177371,0.081965,0.624106,-0.088359,0.776327,-0.080589,0.981006,0.176442,-0.777173,-0.172682,0.605131,0.097427,-0.433523,-0.002168,0.895858,-0.286520,-0.184594,-0.149733,0.028693,-0.031337,-0.075182,-0.776327,-0.176442,-0.605131,0.000000,0.000000,0.000000,-1,-0.758209,-0.207855,-0.711456,-0.285702,-0.269524,-0.149874,137.887131,252.325943,-800.108398,0,0
3.920000,-0.909691,0.176020,0.071399,0.622286,-0.094066,0.777118,-0.070236,0.982040,0.175113,-0.779633,-0.163552,0.604503,0.094529,-0.434526,-0.006652,0.895660,-0.322690,-0.163394,-0.160071,0.002795,-0.041699,-0.139714,-0.777118,-0.175113,-0.604503,0.000000,0.000000,0.000000,-1,-0.780823,-0.192413,-0.786407,-0.265553,-0.304520,-0.156320,135.259048,251.452835,-798.271362,0,0
3.960000,-0.915438,0.174955,0.058935,0.616514,-0.101867,0.780727,-0.058002,0.983025,0.174064,-0.785205,-0.152596,0.600140,0.091309,-0.437713,-0.012261,0.894382,-0.196282,-0.206892,-0.180414,-0.034642,-0.005181,-0.186634,-0.780727,-0.174064,-0.600140,0.000000,0.000000,0.000000,-1,-0.862518,-0.174118,-0.769913,-0.137003,-0.227184,-0.197444,135.609451,252.151321,-798.605347,0,0
4.000000,-0.918404,0.178737,0.047951,0.613163,-0.112013,0.781975,-0.047169,0.982938,0.177787,-0.788547,-0.145897,0.597417,0.090564,-0.439419,-0.018143,0.893521,-0.057901,-0.040422,-0.169926,-0.109810,-0.030984,-0.151759,-0.781975,-0.177787,-0.597418,0.000000,0.000000,0.000000,-1,-0.927628,-0.212540,-0.727341,-0.008113,-0.153952,-0.147073,135.609451,250.405121,-798.605347,0,0
4.040000,-0.919455,0.182786,0.045934,0.612252,-0.116565,0.782023,-0.045153,0.982304,0.181770,-0.789372,-0.146600,0.596155,0.091916,-0.439857,-0.019989,0.893128,0.094256,-0.034012,-0.138657,-0.162435,-0.033456,-0.117743,-0.782023,-0.181770,-0.596155,0.000000,0.000000,0.000000,-1,-0.934326,-0.213150,-0.655685,0.201558,-0.018193,-0.114894,135.959869,251.802078,-797.937378,0,0
4.080000,-0.915648,0.191657,0.049936,0.616057,-0.120447,0.778439,-0.049001,0.980466,0.190486,-0.786176,-0.155494,0.598121,0.096786,-0.437690,-0.019987,0.893678,0.307305,0.267164,-0.090242,-0.132404,-0.013356,-0.016122,-0.778439,-0.190486,-0.598121,0.000000,0.000000,0.000000,-1,-0.833557,-0.185806,-0.516281,0.386034,0.382665,-0.051722,135.083832,252.675186,-799.106384,0,0
4.120000,-0.892192,0.205756,0.064220,0.636620,-0.118431,0.762030,-0.062822,0.976889,0.204307,-0.768615,-0.177938,0.614466,0.106377,-0.425970,-0.015476,0.898328,0.414152,0.704042,-0.039141,0.071783,0.078086,0.228083,-0.762030,-0.204307,-0.614466,0.000000,0.000000,0.000000,-1,-0.641983,-0.126617,-0.362274,0.345868,0.495106,-0.012429,137.536728,249.532013,-799.440369,0,0
4.160000,-0.876240,0.213027,0.072253,0.650101,-0.115813,0.750970,-0.070558,0.974845,0.211419,-0.756564,-0.190431,0.625577,0.111444,-0.418081,-0.012550,0.901460,0.284625,0.561028,0.038456,0.097604,0.082803,0.252286,-0.750970,-0.211419,-0.625577,0.000000,0.000000,0.000000,-1,-0.704254,-0.168381,-0.449020,0.174045,0.158225,0.166499,136.835892,250.579742,-798.104370,0,0
4.200000,-0.872034,0.212757,0.081865,0.654337,-0.108524,0.748376,-0.079930,0.974179,0.211155,-0.751967,-0.197984,0.628767,0.113348,-0.415655,-0.007922,0.902397,0.118798,-0.268854,0.216352,0.035973,0.045735,0.150739,-0.748376,-0.211155,-0.628767,0.000000,0.000000,0.000000,-1,-0.769363,-0.149216,-0.544113,0.066167,-0.719561,0.214198,135.434250,249.532013,-798.104370,0,0
4.240000,-0.901937,0.206004,0.090214,0.632027,-0.103958,0.767941,-0.088187,0.974876,0.204550,-0.769912,-0.197004,0.606980,0.111995,-0.428914,-0.004398,0.896365,0.022724,-0.504308,0.162099,-0.057620,0.070227,-0.012832,-0.767941,-0.204550,-0.606980,0.000000,0.000000,0.000000,-1,-0.826065,-0.138321,-0.632248,0.054480,-0.491682,0.169686,135.959869,250.754364,-798.605347,0,0
