0.000000,1.118987,1.159775,-0.840723,0.905702,0.224715,-0.359455,0.297711,0.266467,0.916713,0.301782,-0.937283,0.174439,0.605144,0.215827,-0.023826,0.765932,0.007300,-0.019899,0.009786,-0.011279,0.015117,0.004273,0.359455,-0.916713,-0.174439,0.000000,0.000000,0.000000,-1,0.348785,-0.900650,-0.168365,-0.006412,-0.004274,-0.004196,50.803894,192.140625,-572.314209,0,0
0.040000,1.119103,1.160558,-0.841375,0.906023,0.224420,-0.358829,0.297350,0.265794,0.917026,0.301174,-0.937544,0.174084,0.605422,0.215457,-0.023808,0.765817,0.008402,-0.003013,0.003331,-0.010105,0.011767,0.004849,0.358829,-0.917026,-0.174084,0.000000,0.000000,0.000000,-1,0.347595,-0.906143,-0.171936,-0.030867,0.014708,-0.013665,50.276520,190.558502,-571.811462,0,0
0.080000,1.118112,1.160759,-0.840022,0.906071,0.224764,-0.358491,0.296853,0.266073,0.917106,0.301518,-0.937383,0.174359,0.605318,0.215431,-0.023530,0.765915,-0.011800,0.011749,-0.004010,-0.011369,0.012153,0.003202,0.358491,-0.917106,-0.174359,0.000000,0.000000,0.000000,-1,0.353043,-0.905075,-0.170563,-0.030855,0.017895,-0.012612,48.870178,190.558502,-571.141113,0,0
0.120000,1.118343,1.160730,-0.840041,0.905998,0.224958,-0.358555,0.296878,0.266085,0.917094,0.301714,-0.937333,0.174288,0.605315,0.215522,-0.023476,0.765893,0.004153,0.003292,-0.001970,-0.004887,0.011394,0.003420,0.358555,-0.917094,-0.174288,0.000000,0.000000,0.000000,-1,0.356827,-0.899796,-0.174210,-0.008540,0.003061,-0.012729,49.221756,190.558502,-573.822510,0,0
0.160000,1.119254,1.160491,-0.841334,0.905950,0.224582,-0.358911,0.297386,0.265848,0.916999,0.301357,-0.937490,0.174057,0.605402,0.215546,-0.023767,0.765809,0.011565,-0.003115,-0.007338,-0.004144,0.012107,-0.002380,0.358911,-0.916999,-0.174057,0.000000,0.000000,0.000000,-1,0.358139,-0.906921,-0.168640,-0.018137,0.001965,-0.016912,49.749130,192.492203,-572.649414,0,0
0.200000,1.120010,1.160319,-0.842294,0.905892,0.224380,-0.359184,0.297758,0.265666,0.916931,0.301164,-0.937590,0.173854,0.605469,0.215592,-0.023956,0.765737,0.001974,-0.007347,-0.007252,-0.001380,0.010452,0.008434,0.359184,-0.916931,-0.173854,0.000000,0.000000,0.000000,-1,0.351501,-0.902939,-0.163239,-0.019206,0.002995,-0.020103,50.628098,191.261673,-572.146606,0,0
0.240000,1.121895,1.160292,-0.844265,0.905759,0.224356,-0.359534,0.298300,0.265096,0.916920,0.301028,-0.937757,0.173188,0.605697,0.215725,-0.024148,0.765513,0.006249,-0.002096,-0.012630,-0.008459,0.016559,0.007432,0.359534,-0.916920,-0.173188,0.000000,0.000000,0.000000,-1,0.353790,-0.903717,-0.165710,-0.016004,0.008260,-0.023344,51.155472,190.734283,-572.314209,0,0
0.280000,1.122739,1.160169,-0.845168,0.905674,0.224301,-0.359781,0.298623,0.264901,0.916870,0.300962,-0.937825,0.172933,0.605772,0.215809,-0.024275,0.765426,0.003072,0.001101,-0.010481,-0.009943,0.008072,0.000829,0.359781,-0.916871,-0.172933,0.000000,0.000000,0.000000,-1,0.350739,-0.904648,-0.174698,-0.026632,0.009381,-0.016874,50.276520,190.910080,-572.146606,0,0
0.320000,1.122171,1.159917,-0.844717,0.905677,0.224116,-0.359891,0.298676,0.265189,0.916770,0.300902,-0.937788,0.173238,0.605651,0.215798,-0.024350,0.765523,0.000930,-0.006256,-0.004041,-0.005124,0.015540,0.000783,0.359891,-0.916770,-0.173238,0.000000,0.000000,0.000000,-1,0.356140,-0.903900,-0.175751,-0.015996,0.003053,-0.013737,50.452301,193.195374,-572.649414,0,0
0.360000,1.121981,1.159786,-0.844986,0.905759,0.223663,-0.359967,0.298838,0.265189,0.916717,0.300495,-0.937896,0.173358,0.605643,0.215680,-0.024549,0.765556,0.015818,-0.009431,-0.003081,-0.001233,0.004425,-0.006207,0.359967,-0.916717,-0.173358,0.000000,0.000000,0.000000,-1,0.361237,-0.908035,-0.168503,-0.009634,-0.006471,-0.012685,49.397552,193.195374,-571.308716,0,0
0.400000,1.121945,1.159608,-0.845772,0.905897,0.222875,-0.360107,0.299168,0.265062,0.916646,0.299748,-0.938120,0.173442,0.605680,0.215478,-0.024914,0.765572,0.008317,-0.028436,0.003433,0.000153,0.015050,0.006236,0.360107,-0.916646,-0.173442,0.000000,0.000000,0.000000,-1,0.358215,-0.895615,-0.163544,0.000994,-0.019114,-0.005263,49.221756,191.261673,-573.822510,0,0
0.440000,1.124422,1.160363,-0.849546,0.906200,0.221960,-0.359911,0.299646,0.263474,0.916948,0.298353,-0.938784,0.172250,0.606316,0.215072,-0.025382,0.765167,0.030716,-0.018894,0.004282,-0.010775,0.019151,0.003091,0.359911,-0.916948,-0.172250,0.000000,0.000000,0.000000,-1,0.348618,-0.898972,-0.167877,-0.000061,-0.014887,-0.006336,50.979675,191.261673,-572.817017,0,0
0.480000,1.124516,1.160932,-0.850509,0.906539,0.221311,-0.359457,0.299508,0.262841,0.917175,0.297461,-0.939115,0.171991,0.606570,0.214657,-0.025552,0.765077,0.012607,-0.025215,0.007647,-0.009817,0.018371,0.005731,0.359457,-0.917175,-0.171991,0.000000,0.000000,0.000000,-1,0.341263,-0.896439,-0.156021,-0.009579,0.006298,-0.006341,49.749130,190.734283,-573.319763,0,0
0.520000,1.126604,1.162221,-0.852465,0.906699,0.221804,-0.358748,0.299131,0.261477,0.917688,0.297351,-0.939379,0.170732,0.607143,0.214503,-0.025281,0.764674,0.010557,0.014982,0.002170,-0.017103,0.017419,0.009996,0.358748,-0.917688,-0.170732,0.000000,0.000000,0.000000,-1,0.344498,-0.896820,-0.167389,-0.012730,0.019028,-0.004234,49.573349,192.316422,-571.811462,0,0
0.560000,1.126772,1.162852,-0.852489,0.906825,0.222088,-0.358253,0.298701,0.261088,0.917938,0.297399,-0.939420,0.170423,0.607313,0.214383,-0.025051,0.764581,0.007351,0.001321,0.013972,-0.015098,0.021271,0.003278,0.358253,-0.917938,-0.170423,0.000000,0.000000,0.000000,-1,0.348221,-0.897949,-0.168228,-0.014867,0.008526,0.005410,50.628098,191.613251,-572.146606,0,0
0.600000,1.126374,1.163592,-0.852095,0.907055,0.222246,-0.357572,0.298087,0.260758,0.918232,0.297314,-0.939474,0.170273,0.607458,0.214144,-0.024799,0.764540,0.007353,0.000291,0.017173,-0.007047,0.018589,0.000413,0.357572,-0.918232,-0.170274,0.000000,0.000000,0.000000,-1,0.355759,-0.904129,-0.177078,-0.016997,0.008527,0.005426,50.100723,190.734283,-571.308716,0,0
0.640000,1.125640,1.163650,-0.851451,0.907146,0.222154,-0.357398,0.297879,0.260915,0.918255,0.297244,-0.939453,0.170513,0.607396,0.214042,-0.024759,0.764620,0.001984,-0.001945,0.004429,0.000069,0.013027,0.005794,0.357398,-0.918255,-0.170513,0.000000,0.000000,0.000000,-1,0.356583,-0.909622,-0.163651,-0.013817,0.011615,-0.004198,48.870178,191.613251,-572.146606,0,0
0.680000,1.126670,1.163961,-0.852532,0.907163,0.222215,-0.357316,0.297946,0.260405,0.918378,0.297124,-0.939579,0.170022,0.607605,0.214021,-0.024766,0.764459,0.024358,-0.007185,0.009593,0.000090,0.009869,0.002816,0.357316,-0.918378,-0.170022,0.000000,0.000000,0.000000,-1,0.356415,-0.906250,-0.167877,0.005304,-0.006356,-0.000017,50.803894,191.085876,-572.649414,0,0
0.720000,1.128555,1.164565,-0.855266,0.907374,0.221647,-0.357134,0.298238,0.259225,0.918617,0.296187,-0.940040,0.169111,0.608078,0.213741,-0.025057,0.764152,0.029631,-0.020993,0.005338,-0.002856,0.016502,0.004362,0.357134,-0.918617,-0.169111,0.000000,0.000000,0.000000,-1,0.347214,-0.908203,-0.167252,0.006342,-0.007504,-0.009609,48.870178,189.855331,-572.146606,0,0
0.760000,1.129482,1.165184,-0.857077,0.907668,0.221020,-0.356777,0.298277,0.258313,0.918861,0.295246,-0.940439,0.168537,0.608444,0.213371,-0.025282,0.763956,0.016836,-0.018961,-0.004153,-0.011303,0.006523,-0.000134,0.356777,-0.918861,-0.168537,0.000000,0.000000,0.000000,-1,0.344803,-0.916748,-0.162903,-0.018168,-0.011764,-0.012599,50.628098,191.613251,-572.146606,0,0
0.800000,1.129261,1.165893,-0.857728,0.908067,0.220387,-0.356151,0.297952,0.257692,0.919141,0.294343,-0.940757,0.168337,0.608695,0.212889,-0.025385,0.763888,0.003002,-0.018948,-0.002969,-0.011622,0.002850,0.007204,0.356151,-0.919141,-0.168337,0.000000,0.000000,0.000000,-1,0.343521,-0.910873,-0.165054,-0.018154,-0.006478,-0.013684,49.924927,190.558502,-573.822510,0,0
0.840000,1.129367,1.166451,-0.858264,0.908305,0.220129,-0.355705,0.297702,0.257197,0.919360,0.293864,-0.940953,0.168080,0.608898,0.212610,-0.025390,0.763803,0.006262,-0.000955,-0.006248,-0.014137,0.009769,0.005635,0.355705,-0.919360,-0.168080,0.000000,0.000000,0.000000,-1,0.343903,-0.911438,-0.166031,-0.021298,0.014656,-0.019066,50.979675,190.558502,-573.152161,0,0
0.880000,1.129571,1.166676,-0.858307,0.908315,0.220334,-0.355552,0.297557,0.257049,0.919448,0.293980,-0.940946,0.167920,0.608963,0.212612,-0.025265,0.763743,-0.000107,0.002252,-0.003006,-0.007575,0.012305,0.004523,0.355552,-0.919455,-0.167884,0.000000,0.000000,0.000000,-1,0.350159,-0.899796,-0.161697,-0.022350,0.012607,-0.011592,49.573349,191.261673,-572.817017,0,0
0.920000,1.130323,1.166703,-0.858907,0.908233,0.220503,-0.355656,0.297692,0.256854,0.919459,0.294095,-0.940959,0.167641,0.609044,0.212709,-0.025269,0.763664,0.004158,0.003312,-0.003044,-0.005711,0.020732,0.008096,0.355656,-0.919459,-0.167642,0.000000,0.000000,0.000000,-1,0.347900,-0.900467,-0.163177,-0.017028,0.015744,-0.015907,48.518600,191.613251,-572.817017,0,0
0.960000,1.131880,1.166584,-0.860095,0.908005,0.220862,-0.356016,0.298080,0.256572,0.919412,0.294407,-0.940952,0.167134,0.609159,0.212975,-0.025284,0.763497,0.002040,0.011727,-0.009451,-0.006940,0.015802,0.003544,0.356016,-0.919412,-0.167134,0.000000,0.000000,0.000000,-1,0.350403,-0.900772,-0.156799,-0.027664,0.021022,-0.017975,50.100723,192.843796,-572.314209,0,0
1.000000,1.133528,1.166442,-0.861047,0.907692,0.221516,-0.356408,0.298423,0.256373,0.919357,0.295025,-0.940853,0.166602,0.609245,0.213354,-0.025188,0.763326,0.008506,0.020298,-0.002064,-0.011712,0.015151,0.008354,0.356408,-0.919357,-0.166602,0.000000,0.000000,0.000000,-1,0.346115,-0.913147,-0.163666,-0.007375,0.033806,-0.009657,50.979675,191.261673,-571.476257,0,0
1.040000,1.134482,1.167026,-0.861427,0.907652,0.222204,-0.356081,0.298113,0.255910,0.919586,0.295460,-0.940816,0.166036,0.609448,0.213438,-0.024867,0.763151,0.004255,0.015091,0.007581,-0.003542,-0.000412,0.000142,0.356081,-0.919586,-0.166036,0.000000,0.000000,0.000000,-1,0.355164,-0.920486,-0.165451,-0.022314,0.015883,-0.000952,49.749130,191.437454,-572.314209,0,0
1.080000,1.134677,1.167486,-0.861216,0.907672,0.222685,-0.355730,0.297738,0.255697,0.919767,0.295778,-0.940760,0.165787,0.609546,0.213447,-0.024589,0.763079,-0.002139,0.016113,0.003368,-0.004061,-0.002535,0.000870,0.355730,-0.919767,-0.165787,0.000000,0.000000,0.000000,-1,0.352249,-0.925217,-0.164734,-0.028684,0.031663,-0.012680,49.573349,192.316422,-571.811462,0,0
1.120000,1.135080,1.167270,-0.860663,0.907371,0.223517,-0.355976,0.297747,0.255991,0.919682,0.296691,-0.940483,0.165727,0.609437,0.213830,-0.024320,0.763068,-0.007504,0.008622,-0.005084,-0.003758,0.017812,0.006319,0.355976,-0.919682,-0.165727,0.000000,0.000000,0.000000,-1,0.351318,-0.898178,-0.159683,-0.026595,0.018943,-0.013714,50.100723,191.437454,-572.649414,0,0
1.160000,1.135635,1.167004,-0.860850,0.907176,0.223807,-0.356290,0.297980,0.256095,0.919578,0.297052,-0.940386,0.165633,0.609395,0.214060,-0.024302,0.763037,-0.003229,0.012899,-0.005124,-0.006223,0.023536,0.006438,0.356290,-0.919578,-0.165633,0.000000,0.000000,0.000000,-1,0.353363,-0.898499,-0.159088,-0.027649,0.025269,-0.016925,50.276520,190.558502,-572.146606,0,0
1.200000,1.136344,1.166514,-0.860864,0.906835,0.224347,-0.356817,0.298326,0.256385,0.919385,0.297743,-0.940178,0.165570,0.609278,0.214464,-0.024239,0.763019,-0.009615,0.015000,-0.007215,-0.006109,0.020337,0.005048,0.356817,-0.919385,-0.165570,0.000000,0.000000,0.000000,-1,0.353653,-0.910004,-0.165009,-0.034046,0.023142,-0.017933,50.452301,190.734283,-571.643860,0,0
1.240000,1.136344,1.166074,-0.860322,0.906595,0.224736,-0.357184,0.298494,0.256810,0.919212,0.298308,-0.939969,0.165741,0.609107,0.214753,-0.024165,0.763077,-0.004298,0.007644,-0.000838,-0.002112,0.007987,0.002273,0.357184,-0.919212,-0.165741,0.000000,0.000000,0.000000,-1,0.362274,-0.913879,-0.166840,-0.008493,0.012663,-0.005308,49.397552,192.140625,-571.308716,0,0
1.280000,1.137506,1.166139,-0.861467,0.906523,0.224805,-0.357321,0.298742,0.256429,0.919237,0.298277,-0.940057,0.165300,0.609261,0.214829,-0.024228,0.762931,0.022304,-0.004983,0.008586,0.006448,0.007128,0.001558,0.357321,-0.919237,-0.165300,0.000000,0.000000,0.000000,-1,0.355392,-0.906311,-0.161423,0.004260,0.002098,-0.002172,50.803894,190.382706,-573.319763,0,0
1.320000,1.139437,1.166445,-0.863795,0.906554,0.224582,-0.357384,0.299124,0.255550,0.919358,0.297801,-0.940350,0.164492,0.609613,0.214770,-0.024435,0.762659,0.016949,-0.002894,0.000097,-0.004662,0.011780,0.003649,0.357384,-0.919358,-0.164492,0.000000,0.000000,0.000000,-1,0.350540,-0.903458,-0.157837,-0.003192,0.009435,-0.010664,50.803894,191.085876,-571.979004,0,0
1.360000,1.141417,1.166878,-0.865909,0.906557,0.224628,-0.357347,0.299360,0.254659,0.919528,0.297553,-0.940580,0.163619,0.609975,0.214758,-0.024507,0.762370,0.024416,-0.000757,0.002162,-0.003450,0.017047,0.006529,0.357347,-0.919528,-0.163619,0.000000,0.000000,0.000000,-1,0.346939,-0.900269,-0.157364,0.000015,0.013670,-0.010705,50.628098,191.261673,-573.152161,0,0
1.400000,1.143844,1.167587,-0.868246,0.906554,0.224955,-0.357150,0.299457,0.253537,0.919807,0.297466,-0.940805,0.162481,0.610437,0.214769,-0.024443,0.761999,0.009533,0.008750,-0.000951,-0.011858,0.014503,0.004125,0.357150,-0.919807,-0.162481,0.000000,0.000000,0.000000,-1,0.346756,-0.907532,-0.159348,-0.014879,0.017911,-0.010605,50.628098,190.910080,-572.146606,0,0
1.440000,1.144356,1.167918,-0.868532,0.906556,0.225254,-0.356956,0.299297,0.253256,0.919936,0.297621,-0.940809,0.162172,0.610559,0.214783,-0.024295,0.761903,0.007415,0.010888,0.001191,-0.009956,0.009002,0.001863,0.356956,-0.919936,-0.162172,0.000000,0.000000,0.000000,-1,0.348297,-0.908096,-0.160538,-0.018074,0.014763,-0.007372,50.628098,191.261673,-571.476257,0,0
1.480000,1.144544,1.168181,-0.868529,0.906570,0.225495,-0.356766,0.299112,0.253100,0.920039,0.297762,-0.940793,0.162005,0.610628,0.214782,-0.024157,0.761852,0.003148,0.005623,0.004441,-0.005112,0.012919,0.002154,0.356766,-0.920039,-0.162005,0.000000,0.000000,0.000000,-1,0.347870,-0.903214,-0.158432,-0.011696,0.010535,-0.006341,50.803894,191.789047,-572.984558,0,0
1.520000,1.145467,1.168592,-0.869573,0.906643,0.225512,-0.356571,0.299087,0.252544,0.920200,0.297566,-0.940939,0.161519,0.610856,0.214698,-0.024148,0.761693,0.015845,-0.000725,-0.002026,-0.009937,0.018147,-0.001185,0.356571,-0.920200,-0.161519,0.000000,0.000000,0.000000,-1,0.348297,-0.906693,-0.156754,-0.005320,0.011534,-0.012786,50.452301,190.734283,-571.308716,0,0
1.560000,1.146441,1.168892,-0.870665,0.906682,0.225506,-0.356476,0.299152,0.252039,0.920318,0.297383,-0.941076,0.161058,0.611061,0.214650,-0.024176,0.761541,0.008380,-0.003910,-0.003019,-0.007111,0.013732,0.005144,0.356476,-0.920318,-0.161058,0.000000,0.000000,0.000000,-1,0.351395,-0.910156,-0.157425,-0.002116,0.010523,-0.007480,50.628098,190.910080,-571.141113,0,0
1.600000,1.148375,1.169456,-0.872575,0.906691,0.225724,-0.356314,0.299235,0.251134,0.920538,0.297270,-0.941265,0.160156,0.611433,0.214643,-0.024142,0.761246,0.028688,0.012080,0.008482,-0.005591,0.008261,0.000702,0.356314,-0.920538,-0.160156,0.000000,0.000000,0.000000,-1,0.355133,-0.911438,-0.160507,-0.011674,0.012713,0.000043,49.045975,192.492203,-572.314209,0,0
1.640000,1.149258,1.169923,-0.873162,0.906689,0.226130,-0.356063,0.299053,0.250682,0.920720,0.297461,-0.941288,0.159665,0.611625,0.214667,-0.023953,0.761091,0.003070,0.014194,0.001214,-0.006438,0.010244,0.002424,0.356063,-0.920720,-0.159665,0.000000,0.000000,0.000000,-1,0.346405,-0.917023,-0.157852,-0.020164,0.029572,-0.009542,50.100723,191.085876,-570.638306,0,0
1.680000,1.149486,1.170238,-0.872750,0.906613,0.226791,-0.355834,0.298727,0.250618,0.920844,0.298017,-0.941146,0.159465,0.611664,0.214790,-0.023631,0.761035,-0.001164,0.022668,0.001218,-0.006561,0.004050,-0.002186,0.355834,-0.920844,-0.159465,0.000000,0.000000,0.000000,-1,0.351593,-0.916351,-0.162003,-0.015921,0.020088,-0.004213,48.870178,190.206909,-571.141113,0,0
1.720000,1.149523,1.170721,-0.872457,0.906668,0.227201,-0.355434,0.298313,0.250419,0.921032,0.298267,-0.941100,0.159270,0.611755,0.214756,-0.023362,0.760979,0.013712,0.003707,0.012894,-0.002132,0.006252,0.000762,0.355434,-0.921032,-0.159270,0.000000,0.000000,0.000000,-1,0.349670,-0.913422,-0.156723,0.006444,0.014866,0.004156,50.452301,191.789047,-572.984558,0,0
1.760000,1.151767,1.171972,-0.874584,0.906822,0.227671,-0.354738,0.297960,0.249046,0.921518,0.298149,-0.941351,0.158003,0.612326,0.214604,-0.023104,0.760571,0.022248,0.009010,0.013874,-0.004793,0.011942,-0.001497,0.354738,-0.921518,-0.158003,0.000000,0.000000,0.000000,-1,0.351761,-0.904694,-0.159866,-0.007385,0.019106,0.004247,51.682846,190.910080,-573.152161,0,0
1.800000,1.152170,1.172247,-0.874691,0.906802,0.228015,-0.354570,0.297792,0.248851,0.921625,0.298379,-0.941320,0.157757,0.612412,0.214646,-0.022938,0.760495,0.011570,0.015380,0.012865,-0.006502,0.024607,0.000531,0.354570,-0.921625,-0.157757,0.000000,0.000000,0.000000,-1,0.344894,-0.894226,-0.155350,-0.000934,0.038188,0.006256,49.924927,192.316422,-571.476257,0,0
1.840000,1.153556,1.172834,-0.875383,0.906705,0.228826,-0.354294,0.297549,0.248298,0.921853,0.298914,-0.941269,0.157047,0.612650,0.214794,-0.022598,0.760271,0.030806,0.032400,0.021174,-0.010895,0.027886,0.001026,0.354294,-0.921853,-0.157047,0.000000,0.000000,0.000000,-1,0.345078,-0.894943,-0.153381,0.014020,0.042549,0.019973,49.749130,192.140625,-571.308716,0,0
1.880000,1.159065,1.175766,-0.879251,0.906743,0.231166,-0.352675,0.296425,0.245421,0.922985,0.299917,-0.941451,0.154010,0.613863,0.214865,-0.021486,0.759305,0.051101,0.035779,0.043375,-0.014754,0.030376,0.006656,0.352675,-0.922985,-0.154010,0.000000,0.000000,0.000000,-1,0.336975,-0.900452,-0.152390,0.027925,0.053255,0.032609,50.452301,192.843796,-571.979004,0,0
1.920000,1.161791,1.177722,-0.880780,0.906810,0.232785,-0.351436,0.295406,0.243818,0.923736,0.300719,-0.941469,0.152330,0.614545,0.214871,-0.020632,0.758775,0.043687,0.051638,0.040180,-0.012752,0.016876,-0.000014,0.351436,-0.923736,-0.152330,0.000000,0.000000,0.000000,-1,0.342545,-0.916656,-0.153229,0.014079,0.058476,0.024174,49.221756,190.910080,-572.481812,0,0
1.960000,1.164680,1.179739,-0.881943,0.906757,0.234900,-0.350163,0.294251,0.242289,0.924506,0.302007,-0.941338,0.150578,0.615201,0.215032,-0.019569,0.758226,0.034025,0.045233,0.030694,-0.005070,0.004875,-0.004207,0.350163,-0.924506,-0.150578,0.000000,0.000000,0.000000,-1,0.347122,-0.928268,-0.153641,0.009752,0.045659,0.012537,49.924927,190.206909,-571.141113,0,0
2.000000,1.167872,1.181460,-0.883732,0.906678,0.236665,-0.349178,0.293454,0.240753,0.925161,0.303019,-0.941290,0.148835,0.615851,0.215198,-0.018738,0.757672,0.030728,0.026010,0.013749,-0.001338,-0.006861,-0.005355,0.349178,-0.925161,-0.148835,0.000000,0.000000,0.000000,-1,0.345352,-0.930511,-0.154480,0.005428,0.031802,0.003035,49.397552,190.382706,-570.973511,0,0
2.040000,1.169079,1.182246,-0.884552,0.906718,0.237232,-0.348687,0.293088,0.240051,0.925459,0.303251,-0.941327,0.148129,0.616145,0.215176,-0.018436,0.757446,0.025360,0.012242,0.013844,-0.004052,-0.002794,-0.006382,0.348687,-0.925459,-0.148129,0.000000,0.000000,0.000000,-1,0.340210,-0.911240,-0.151810,0.004312,0.014856,0.003107,50.276520,190.910080,-572.146606,0,0
2.080000,1.169824,1.183219,-0.885271,0.906925,0.237496,-0.347969,0.292563,0.239270,0.925827,0.303139,-0.941459,0.147518,0.616469,0.214958,-0.018180,0.757251,0.025336,0.004836,0.014939,-0.011116,0.017914,-0.005330,0.347969,-0.925827,-0.147518,0.000000,0.000000,0.000000,-1,0.334961,-0.909805,-0.155670,0.000062,0.016986,0.004197,49.397552,189.679535,-571.979004,0,0
2.120000,1.169030,1.184478,-0.884487,0.907318,0.237737,-0.346778,0.291474,0.238761,0.926302,0.303013,-0.941528,0.147338,0.616689,0.214537,-0.017742,0.757202,0.007164,0.002768,0.018287,-0.011344,0.015734,-0.003892,0.346778,-0.926302,-0.147338,0.000000,0.000000,0.000000,-1,0.337433,-0.904816,-0.146774,-0.020181,0.011705,0.005439,50.628098,191.261673,-573.152161,0,0
2.160000,1.168498,1.185023,-0.883813,0.907465,0.237967,-0.346235,0.290923,0.238637,0.926508,0.303103,-0.941501,0.147325,0.616746,0.214387,-0.017484,0.757203,0.010383,0.013339,0.016093,-0.010405,0.021021,0.001283,0.346236,-0.926508,-0.147325,0.000000,0.000000,0.000000,-1,0.336365,-0.912811,-0.148972,0.001179,0.031843,0.007329,49.924927,189.855331,-571.141113,0,0
2.200000,1.169266,1.185901,-0.884062,0.907526,0.238656,-0.345600,0.290353,0.238049,0.926838,0.303465,-0.941475,0.146741,0.616996,0.214349,-0.017072,0.757020,0.019988,0.018660,0.019197,-0.008121,0.010563,-0.000842,0.345600,-0.926838,-0.146741,0.000000,0.000000,0.000000,-1,0.342133,-0.917221,-0.141800,-0.011634,0.018097,0.009610,51.682846,191.261673,-570.470764,0,0
2.240000,1.170758,1.187051,-0.884803,0.907558,0.239640,-0.344836,0.289704,0.237158,0.927269,0.303991,-0.941450,0.145810,0.617371,0.214354,-0.016540,0.756724,0.006104,0.018506,0.002261,-0.000582,-0.000923,-0.003482,0.344836,-0.927269,-0.145810,0.000000,0.000000,0.000000,-1,0.345520,-0.928284,-0.150894,-0.018062,0.023187,-0.012731,49.573349,190.910080,-570.470764,0,0
2.280000,1.170920,1.186849,-0.884839,0.907463,0.239716,-0.345032,0.289858,0.237267,0.927193,0.304128,-0.941404,0.145827,0.617327,0.214462,-0.016565,0.756729,0.007009,-0.003776,-0.002993,0.003982,0.005150,-0.003953,0.345032,-0.927193,-0.145827,0.000000,0.000000,0.000000,-1,0.343353,-0.909943,-0.148117,-0.006436,-0.004363,-0.013783,49.924927,191.613251,-571.476257,0,0
2.320000,1.171368,1.186505,-0.885932,0.907497,0.239070,-0.345392,0.290364,0.237151,0.927064,0.303544,-0.941597,0.145797,0.617363,0.214393,-0.016946,0.756711,0.017622,-0.011223,-0.006246,-0.003427,0.018083,-0.004106,0.345392,-0.927064,-0.145797,0.000000,0.000000,0.000000,-1,0.340759,-0.907486,-0.152557,-0.008563,0.000884,-0.019113,49.749130,190.734283,-571.308716,0,0
2.360000,1.170723,1.185914,-0.885837,0.907511,0.238420,-0.345801,0.290765,0.237525,0.926843,0.303115,-0.941667,0.146233,0.617202,0.214349,-0.017290,0.756847,-0.002596,-0.001727,-0.010388,-0.008491,0.019845,-0.002831,0.345801,-0.926843,-0.146233,0.000000,0.000000,0.000000,-1,0.337708,-0.905960,-0.150513,-0.025578,0.010391,-0.022212,49.749130,191.085876,-570.638306,0,0
2.400000,1.170286,1.185530,-0.885408,0.907439,0.238314,-0.346066,0.290939,0.237876,0.926698,0.303166,-0.941606,0.146523,0.617058,0.214426,-0.017381,0.756941,0.005944,0.004644,-0.008347,-0.006832,0.017946,-0.001091,0.346066,-0.926698,-0.146523,0.000000,0.000000,0.000000,-1,0.342468,-0.908630,-0.147156,-0.011717,0.011506,-0.015932,49.749130,189.679535,-571.979004,0,0
2.440000,1.171165,1.185393,-0.886346,0.907359,0.238261,-0.346311,0.291260,0.237683,0.926647,0.303096,-0.941668,0.146267,0.617132,0.214509,-0.017506,0.756854,0.018616,-0.002711,-0.000973,-0.005170,0.015667,0.001675,0.346311,-0.926647,-0.146267,0.000000,0.000000,0.000000,-1,0.343292,-0.905579,-0.142319,0.006378,0.005196,-0.010722,50.803894,190.382706,-570.638306,0,0
2.480000,1.173895,1.185695,-0.889394,0.907339,0.238132,-0.346451,0.291766,0.236617,0.926760,0.302668,-0.941969,0.145213,0.617557,0.214514,-0.017724,0.756500,0.015426,0.000448,-0.003091,-0.009781,0.017657,0.001964,0.346451,-0.926760,-0.145213,0.000000,0.000000,0.000000,-1,0.339233,-0.915512,-0.146561,-0.007460,0.007307,-0.011688,50.276520,190.206909,-571.476257,0,0
2.520000,1.174323,1.185866,-0.890010,0.907403,0.238014,-0.346367,0.291789,0.236338,0.926825,0.302456,-0.942069,0.145004,0.617669,0.214436,-0.017773,0.756430,0.011155,-0.004827,-0.000907,-0.005715,0.012609,-0.000229,0.346367,-0.926825,-0.145004,0.000000,0.000000,0.000000,-1,0.340271,-0.911179,-0.145645,-0.008522,0.008367,-0.011684,48.870178,190.558502,-571.476257,0,0
2.560000,1.175254,1.185948,-0.891146,0.907413,0.237878,-0.346282,0.292063,0.235276,0.927008,0.301988,-0.942368,0.144030,0.618095,0.214346,-0.017915,0.756105,0.044185,0.000499,0.003078,-0.012557,0.030112,0.002917,0.346282,-0.927008,-0.144030,0.000000,0.000000,0.000000,-1,0.329346,-0.896301,-0.138443,0.029837,0.011604,-0.004536,49.397552,192.492203,-571.643860,0,0
2.600000,1.179390,1.187448,-0.895517,0.907610,0.238134,-0.345741,0.291941,0.233811,0.927418,0.301688,-0.942669,0.142688,0.618690,0.214192,-0.017801,0.755663,0.049461,0.013261,0.012549,-0.018669,0.027561,0.000857,0.345741,-0.927418,-0.142688,0.000000,0.000000,0.000000,-1,0.327637,-0.902481,-0.143326,0.020326,0.027582,0.005066,49.397552,191.437454,-572.649414,0,0
2.640000,1.181376,1.188509,-0.897075,0.907668,0.238822,-0.345114,0.291536,0.232741,0.927814,0.301904,-0.942760,0.141627,0.619132,0.214153,-0.017447,0.755320,0.030352,0.028142,0.017970,-0.009451,0.018207,-0.000738,0.345114,-0.927814,-0.141627,0.000000,0.000000,0.000000,-1,0.337723,-0.922958,-0.144775,0.007615,0.046679,0.008289,49.924927,191.261673,-571.141113,0,0
2.680000,1.184749,1.190134,-0.899042,0.907557,0.240565,-0.344192,0.290812,0.231229,0.928419,0.302932,-0.942689,0.139894,0.619765,0.214346,-0.016643,0.754765,0.039947,0.028197,0.024289,-0.000869,-0.000460,-0.005461,0.344192,-0.928419,-0.139894,0.000000,0.000000,0.000000,-1,0.346161,-0.930145,-0.143890,0.018231,0.027710,0.018931,50.628098,190.910080,-571.476257,0,0
2.720000,1.186822,1.191177,-0.901048,0.907693,0.240922,-0.343584,0.290516,0.230044,0.928806,0.302809,-0.942887,0.138818,0.620248,0.214204,-0.016435,0.754413,0.043061,-0.007706,0.036115,0.006438,0.007007,-0.001533,0.343584,-0.928806,-0.138818,0.000000,0.000000,0.000000,-1,0.348068,-0.916885,-0.136276,0.027743,-0.001879,0.026425,49.573349,191.261673,-570.805908,0,0
2.760000,1.191056,1.193135,-0.905793,0.908084,0.241023,-0.342478,0.290173,0.227540,0.929530,0.301965,-0.943469,0.136687,0.621260,0.213757,-0.016303,0.753709,0.069581,-0.000258,0.047536,0.001013,0.014506,0.003401,0.342478,-0.929530,-0.136687,0.000000,0.000000,0.000000,-1,0.340576,-0.909088,-0.123108,0.043766,0.005640,0.037991,49.749130,190.031128,-571.643860,0,0
2.800000,1.195797,1.195492,-0.910869,0.908514,0.241383,-0.341083,0.289592,0.224720,0.930396,0.301230,-0.944053,0.134259,0.622402,0.213277,-0.016008,0.752910,0.045087,-0.004467,0.049869,-0.000506,0.021308,0.011151,0.341083,-0.930396,-0.134259,0.000000,0.000000,0.000000,-1,0.333542,-0.924057,-0.119537,0.011853,0.021466,0.030722,47.815430,189.503738,-570.805908,0,0
2.840000,1.200045,1.197858,-0.914495,0.908748,0.242591,-0.339598,0.288661,0.222325,0.931261,0.301417,-0.944310,0.132011,0.623380,0.213053,-0.015312,0.752177,0.027071,0.033531,0.034952,-0.006056,0.007204,0.012473,0.339598,-0.931261,-0.132011,0.000000,0.000000,0.000000,-1,0.334595,-0.921707,-0.121674,0.007655,0.046827,0.024268,50.628098,190.558502,-571.141113,0,0
2.880000,1.206578,1.200766,-0.919074,0.908673,0.245199,-0.337921,0.287521,0.219358,0.932316,0.302728,-0.944330,0.128825,0.624598,0.213225,-0.014086,0.751142,0.054810,0.039999,0.047497,-0.004547,0.010609,0.004298,0.337921,-0.932316,-0.128825,0.000000,0.000000,0.000000,-1,0.332321,-0.919586,-0.130020,0.041760,0.044848,0.039990,49.573349,190.558502,-571.476257,0,0
2.920000,1.210739,1.202852,-0.922394,0.908789,0.246537,-0.336633,0.286697,0.217227,0.933069,0.303162,-0.944474,0.126732,0.625466,0.213135,-0.013378,0.750458,0.073814,0.033620,0.052628,-0.004312,0.013483,-0.003288,0.336633,-0.933069,-0.126732,0.000000,0.000000,0.000000,-1,0.327942,-0.913300,-0.130920,0.058784,0.043755,0.036666,50.100723,191.085876,-571.308716,0,0
2.960000,1.216565,1.206508,-0.927207,0.909192,0.248404,-0.334164,0.285008,0.213796,0.934378,0.303546,-0.944768,0.123584,0.626860,0.212732,-0.012211,0.749428,0.073789,0.035647,0.043036,-0.025814,0.020651,-0.012433,0.334164,-0.934378,-0.123584,0.000000,0.000000,0.000000,-1,0.302475,-0.916595,-0.138962,0.046015,0.046926,0.035688,49.749130,191.437454,-570.638306,0,0
3.000000,1.218399,1.210509,-0.927958,0.909887,0.250251,-0.330879,0.282175,0.211339,0.935796,0.304111,-0.944833,0.121680,0.627867,0.211998,-0.010658,0.748817,0.079219,0.047587,0.074919,-0.026832,0.028981,-0.013864,0.330879,-0.935796,-0.121680,0.000000,0.000000,0.000000,-1,0.308060,-0.874725,-0.121292,0.115452,0.064515,0.106460,48.870178,189.855331,-570.135559,0,0
3.040000,1.225457,1.214845,-0.933948,0.910390,0.252323,-0.327908,0.280171,0.207230,0.937315,0.304458,-0.945193,0.117967,0.629522,0.211467,-0.009313,0.747594,0.177376,0.058793,0.143362,-0.018673,0.080382,0.004731,0.327908,-0.937315,-0.117967,0.000000,0.000000,0.000000,-1,0.312485,-0.862122,-0.093140,0.223240,0.075887,0.192938,48.870178,190.910080,-570.135559,0,0
3.080000,1.249609,1.228632,-0.956704,0.912454,0.257040,-0.318368,0.274225,0.193336,0.942031,0.303692,-0.946864,0.105924,0.635058,0.209140,-0.005778,0.743592,0.209287,0.021523,0.247566,0.010627,0.045455,0.026303,0.318368,-0.942031,-0.105924,0.000000,0.000000,0.000000,-1,0.346802,-0.943085,-0.078064,0.144366,0.015901,0.233192,48.167007,189.855331,-570.470764,0,0
3.120000,1.255916,1.235995,-0.962955,0.914055,0.258638,-0.312426,0.269727,0.187652,0.944476,0.302904,-0.947572,0.101762,0.637307,0.207264,-0.003735,0.742204,0.062231,0.007478,0.214665,0.047666,-0.023984,0.026689,0.312426,-0.944476,-0.101762,0.000000,0.000000,0.000000,-1,0.388718,-1.020218,-0.071793,-0.007984,0.030254,0.178923,49.045975,188.976364,-569.968018,0,0
3.160000,1.247692,1.241456,-0.952829,0.915304,0.261082,-0.306683,0.263605,0.187382,0.946256,0.304518,-0.946955,0.102689,0.637423,0.205785,-0.000849,0.742525,-0.084840,0.045757,0.113391,0.109516,-0.105853,0.042478,0.306683,-0.946256,-0.102689,0.000000,0.000000,0.000000,-1,0.415253,-0.949570,-0.048065,-0.068851,0.073600,0.054589,48.694382,189.679535,-569.632812,0,0
3.200000,1.246111,1.243854,-0.947824,0.915069,0.264592,-0.304369,0.260820,0.187375,0.947029,0.307607,-0.945982,0.102450,0.637425,0.206068,0.001270,0.742444,0.055541,0.062919,0.024881,0.100233,0.019386,0.053439,0.304369,-0.947029,-0.102450,0.000000,0.000000,0.000000,-1,0.387100,-0.930893,-0.080124,0.039643,0.070031,0.014345,49.221756,189.503738,-571.141113,0,0
3.240000,1.252289,1.245728,-0.951786,0.914679,0.267142,-0.303310,0.260114,0.185310,0.947629,0.309357,-0.945672,0.100012,0.638232,0.206530,0.002369,0.741620,0.033175,0.045097,0.044297,0.097203,0.019834,0.007208,0.303310,-0.947629,-0.100012,0.000000,0.000000,0.000000,-1,0.420364,-0.898132,-0.103485,0.046949,-0.011160,0.054009,45.354340,190.206909,-568.459717,0,0
3.280000,1.259441,1.247120,-0.960788,0.915218,0.265915,-0.302762,0.260691,0.182205,0.948072,0.307272,-0.946620,0.097436,0.639448,0.205883,0.001763,0.740753,0.139244,-0.135508,0.101661,0.099627,0.048414,-0.013313,0.302762,-0.948072,-0.097436,0.000000,0.000000,0.000000,-1,0.330612,-0.903763,-0.146027,0.166845,-0.191830,0.104892,47.463837,189.503738,-570.470764,0,0
3.320000,1.271018,1.252437,-0.983905,0.919090,0.256599,-0.299049,0.260632,0.173336,0.949750,0.295541,-0.950848,0.092434,0.642907,0.201129,-0.001364,0.739064,0.272882,-0.322812,0.122619,0.003289,0.051282,-0.060383,0.299049,-0.949750,-0.092434,0.000000,0.000000,0.000000,-1,0.245087,-0.874023,-0.143173,0.235644,-0.331604,0.110209,47.815430,189.855331,-568.459717,0,0
3.360000,1.276800,1.257842,-1.000837,0.923024,0.247389,-0.294661,0.259204,0.166126,0.951428,0.284324,-0.954568,0.089215,0.645694,0.196143,-0.004003,0.737964,0.154628,-0.343985,0.121485,-0.060225,0.082883,-0.034870,0.294661,-0.951428,-0.089215,0.000000,0.000000,0.000000,-1,0.200089,-0.886047,-0.056564,0.000540,-0.258534,0.104301,47.639633,188.976364,-569.297607,0,0
3.400000,1.259139,1.263348,-0.993438,0.927511,0.238225,-0.288049,0.253574,0.165178,0.953109,0.274634,-0.957061,0.092797,0.646053,0.190309,-0.005191,0.739169,-0.113923,-0.071699,0.124678,-0.087137,0.050292,0.067345,0.288049,-0.953109,-0.092797,0.000000,0.000000,0.000000,-1,0.217957,-0.933029,-0.015869,-0.162624,-0.003112,0.118458,48.342804,190.734283,-568.627258,0,0
3.440000,1.237037,1.266030,-0.967691,0.928087,0.241405,-0.283512,0.247132,0.170201,0.953917,0.278534,-0.955382,0.098303,0.644124,0.189613,-0.001932,0.741045,-0.181390,0.155994,0.120086,-0.043644,-0.019304,0.079534,0.283512,-0.953917,-0.098302,0.000000,0.000000,0.000000,-1,0.274307,-1.000717,-0.033157,-0.193994,0.191719,0.111579,47.991211,191.085876,-569.968018,0,0
3.480000,1.225119,1.268007,-0.949470,0.927447,0.247257,-0.280545,0.242455,0.173577,0.954508,0.284705,-0.953276,0.101035,0.642813,0.190457,0.001618,0.741967,-0.105718,0.179296,0.121542,0.011707,-0.048482,0.064948,0.280545,-0.954508,-0.101035,0.000000,0.000000,0.000000,-1,0.315201,-0.987534,-0.050552,-0.015221,0.173491,0.091085,46.936462,188.624786,-569.297607,0,0
3.520000,1.225713,1.270830,-0.944881,0.926770,0.252538,-0.278068,0.239472,0.173109,0.955346,0.289397,-0.951976,0.099956,0.642982,0.191300,0.004405,0.741592,0.050662,0.157808,0.091646,0.037132,-0.032187,0.049404,0.278068,-0.955346,-0.099956,0.000000,0.000000,0.000000,-1,0.281982,-0.956146,-0.110001,0.063473,0.156358,0.072429,47.815430,189.152161,-570.805908,0,0
3.560000,1.242928,1.276161,-0.955440,0.925646,0.259994,-0.274922,0.237124,0.167628,0.956908,0.294875,-0.950949,0.093513,0.645078,0.192658,0.007733,0.739390,0.085497,0.139640,0.089200,-0.022084,0.023101,-0.043800,0.274922,-0.956908,-0.093513,0.000000,0.000000,0.000000,-1,0.178497,-0.905426,-0.148972,0.057091,0.138581,0.097047,47.639633,190.382706,-568.962463,0,0
3.600000,1.250147,1.282106,-0.958662,0.925676,0.264808,-0.270186,0.233003,0.163591,0.958618,0.298049,-0.950324,0.089732,0.646598,0.192473,0.010773,0.738072,0.062061,0.073620,0.165267,-0.091689,0.053192,-0.059240,0.270186,-0.958618,-0.089732,0.000000,0.000000,0.000000,-1,0.144318,-0.923111,-0.215195,0.056099,0.092767,0.182453,46.409088,190.206909,-567.789307,0,0
3.640000,1.255471,1.290486,-0.960535,0.926412,0.269414,-0.263014,0.226717,0.158545,0.960970,0.300599,-0.949884,0.085797,0.648473,0.191269,0.014490,0.736674,0.087852,0.112196,0.213927,-0.118696,0.037859,-0.129397,0.263014,-0.960970,-0.085797,0.000000,0.000000,0.000000,-1,0.198013,-0.945160,-0.274399,0.040352,0.161674,0.188708,46.936462,190.382706,-568.962463,0,0
3.680000,1.258666,1.299510,-0.956165,0.926158,0.277837,-0.255023,0.218929,0.154528,0.963427,0.307084,-0.948118,0.082290,0.649873,0.191101,0.020027,0.735353,-0.033627,0.153754,0.124161,-0.017505,0.002276,-0.198166,0.255023,-0.963427,-0.082290,0.000000,0.000000,0.000000,-1,0.266327,-0.948196,-0.208954,-0.076968,0.182960,0.083006,45.881714,188.976364,-568.292114,0,0
3.720000,1.255711,1.300814,-0.946945,0.924756,0.283764,-0.253584,0.216475,0.155805,0.963776,0.312995,-0.946151,0.082654,0.649287,0.192611,0.022875,0.735394,-0.078341,0.236521,0.025122,0.012743,0.015579,-0.126300,0.253584,-0.963776,-0.082654,0.000000,0.000000,0.000000,-1,0.263031,-0.930588,-0.110245,-0.084302,0.308034,-0.021807,45.881714,190.031128,-568.627258,0,0
3.760000,1.275118,1.300673,-0.948317,0.918892,0.300789,-0.255270,0.216798,0.155587,0.963738,0.329599,-0.940914,0.077757,0.649143,0.199335,0.028626,0.733525,0.169910,0.300968,0.012302,0.017405,0.085198,-0.001161,0.255270,-0.963738,-0.077757,0.000000,0.000000,0.000000,-1,0.276810,-0.859879,-0.084229,0.230911,0.295580,0.012016,45.705917,190.206909,-569.130005,0,0
3.800000,1.313980,1.303961,-0.980163,0.916368,0.308590,-0.255032,0.219010,0.146840,0.964610,0.335118,-0.939793,0.066975,0.652410,0.202173,0.030688,0.729757,0.377448,0.250334,0.038581,0.023181,0.122478,-0.051860,0.255032,-0.964610,-0.066975,0.000000,0.000000,0.000000,-1,0.289429,-0.839935,-0.163147,0.387326,0.238614,0.039780,46.409088,189.503738,-567.789307,0,1
3.840000,1.362364,1.308554,-1.023867,0.914685,0.314675,-0.253636,0.221429,0.134826,0.965811,0.338113,-0.939575,0.053645,0.656927,0.204019,0.032149,0.725113,0.394326,0.163864,0.080321,0.040111,0.120474,-0.128942,0.253636,-0.965811,-0.053645,0.000000,0.000000,0.000000,-1,0.309525,-0.861282,-0.230865,0.286868,0.069689,0.096589,46.936462,189.327957,-568.292114,0,0
3.880000,1.411239,1.316534,-1.072930,0.915428,0.316734,-0.248337,0.220997,0.120120,0.967849,0.336381,-0.940878,0.039964,0.662447,0.202933,0.033227,0.720332,0.185038,-0.070808,0.126502,0.055725,0.089767,-0.204192,0.248337,-0.967849,-0.039964,0.000000,0.000000,0.000000,-1,0.294937,-0.905304,-0.223938,0.128798,-0.110128,0.119795,45.881714,188.976364,-565.945862,0,0
3.920000,1.418700,1.322310,-1.086372,0.918419,0.312106,-0.243098,0.217641,0.114533,0.969286,0.330363,-0.943118,0.037262,0.664572,0.199281,0.032827,0.719412,0.058132,-0.134364,0.123463,0.031438,0.049318,-0.155533,0.243098,-0.969286,-0.037262,0.000000,0.000000,0.000000,-1,0.234940,-0.935974,-0.155991,0.032974,-0.090198,0.097027,45.354340,188.800583,-566.783813,0,0
3.960000,1.423178,1.325191,-1.093136,0.919668,0.310437,-0.240499,0.215929,0.111774,0.969990,0.328003,-0.944000,0.035762,0.665607,0.197702,0.032866,0.718889,0.098769,-0.016421,0.050264,-0.005559,0.034016,-0.120228,0.240499,-0.969990,-0.035762,0.000000,0.000000,0.000000,-1,0.219254,-0.953308,-0.096786,0.149312,0.094098,-0.015360,44.123795,189.679535,-566.951416,0,0
4.000000,1.455323,1.326144,-1.122606,0.918500,0.313794,-0.240606,0.218296,0.104962,0.970222,0.329704,-0.943672,0.027908,0.668137,0.199095,0.033338,0.716130,0.246058,0.152433,-0.013300,-0.021353,0.016913,-0.068879,0.240606,-0.970222,-0.027908,0.000000,0.000000,0.000000,-1,0.249451,-0.951569,-0.138748,0.302903,0.190362,-0.025434,47.112259,188.800583,-566.113464,0,0
4.040000,1.529870,1.325883,-1.190179,0.915175,0.322119,-0.242269,0.225119,0.090077,0.970158,0.334329,-0.942404,0.009921,0.673643,0.203089,0.034165,0.709784,0.334427,0.196383,-0.069547,0.038966,-0.008372,-0.171735,0.242269,-0.970158,-0.009921,0.000000,0.000000,0.000000,-1,0.320755,-1.026611,-0.241287,0.277263,0.224611,-0.102067,47.815430,189.152161,-566.113464,0,0
4.080000,1.567185,1.322998,-1.222168,0.912362,0.327778,-0.245269,0.230515,0.083786,0.969455,0.338316,-0.941032,0.000886,0.675960,0.206482,0.034413,0.706582,0.188427,0.188601,-0.112064,0.075486,-0.057157,-0.240402,0.245269,-0.969455,-0.000886,0.000000,0.000000,0.000000,-1,0.290039,-1.106400,-0.158371,0.042714,0.130318,-0.109483,46.233292,189.327957,-565.275513,0,0
4.120000,1.577833,1.319438,-1.228020,0.909841,0.332160,-0.248714,0.234251,0.083595,0.968575,0.342514,-0.939511,-0.001750,0.676017,0.209466,0.034688,0.705636,-0.113014,0.102350,-0.052941,0.041325,-0.137824,-0.160121,0.248714,-0.968575,0.001750,0.000000,0.000000,0.000000,-1,0.216415,-1.187088,-0.075043,-0.300887,0.159818,-0.018507,46.760681,190.206909,-564.102417,0,0
4.160000,1.530192,1.318169,-1.170053,0.906646,0.340032,-0.249743,0.230146,0.097506,0.968259,0.353590,-0.935345,0.010146,0.670633,0.212552,0.038712,0.709630,-0.330897,0.214850,-0.032497,-0.037356,-0.259585,-0.069703,0.249743,-0.968259,-0.010146,0.000000,0.000000,0.000000,-1,0.222015,-1.245819,-0.095306,-0.304977,0.231663,-0.037920,47.815430,189.503738,-566.448608,0,0
4.200000,1.508118,1.317054,-1.140463,0.904129,0.346096,-0.250535,0.228141,0.104722,0.967980,0.361251,-0.932336,0.015724,0.667773,0.214982,0.041450,0.711438,-0.193547,0.204343,-0.020739,-0.014970,-0.275138,-0.071862,0.250535,-0.967980,-0.015724,0.000000,0.000000,0.000000,-1,0.281189,-1.176895,-0.035217,-0.181714,0.133320,-0.018266,46.936462,188.976364,-566.616211,0,0
4.240000,1.492180,1.316402,-1.116865,0.901557,0.352496,-0.250882,0.226174,0.110353,0.967816,0.368837,-0.929284,0.019764,0.665477,0.217389,0.044312,0.712684,-0.008438,0.140886,-0.007022,0.049228,-0.143421,-0.013698,0.250882,-0.967816,-0.019764,0.000000,0.000000,0.000000,-1,0.327911,-1.024139,-0.102081,0.029103,0.150026,-0.040205,47.639633,187.921616,-567.286560,0,0
4.280000,1.508092,1.313985,-1.129131,0.899459,0.355965,-0.253498,0.229624,0.108570,0.967205,0.371814,-0.928171,0.015916,0.666141,0.219770,0.044403,0.711327,0.079311,0.027541,-0.121267,0.080989,-0.020420,-0.099181,0.253498,-0.967205,-0.015916,0.000000,0.000000,0.000000,-1,0.327499,-0.902008,-0.113724,0.029299,-0.021806,-0.181250,46.584885,189.679535,-566.951416,0,0
4.320000,1.508591,1.307801,-1.132140,0.898906,0.353047,-0.259471,0.235360,0.110417,0.965616,0.369558,-0.929067,0.016161,0.665644,0.220992,0.041346,0.711598,-0.050458,-0.162313,-0.266564,0.057835,0.103631,-0.085798,0.259471,-0.965616,-0.016161,0.000000,0.000000,0.000000,-1,0.245529,-0.768539,-0.017578,-0.175145,-0.270826,-0.311897,45.881714,189.327957,-566.281006,0,0
