0.000000,1.482761,1.223838,-1.124110,0.882837,0.325370,-0.338722,0.306676,0.146890,0.940411,0.355736,-0.934108,0.029897,0.653079,0.241948,0.006513,0.717569,-0.004400,-0.018982,0.007559,0.010735,-0.006213,-0.001491,0.338722,-0.940411,-0.029897,0.000000,0.000000,0.000000,-1,0.344131,-0.937042,-0.029236,-0.023479,-0.014862,-0.004024,30.236221,197.238586,-595.609009,0,0
0.040000,1.482761,1.223838,-1.124110,0.882837,0.325370,-0.338722,0.306676,0.146890,0.940411,0.355736,-0.934108,0.029897,0.653079,0.241948,0.006513,0.717569,-0.004400,-0.018982,0.007559,0.010735,-0.006213,-0.001491,0.338722,-0.940411,-0.029897,0.000000,0.000000,0.000000,-1,0.339783,-0.935883,-0.026398,-0.021342,-0.013783,-0.001913,30.236221,197.238586,-595.609009,0,0
0.080000,1.482094,1.223860,-1.124373,0.883167,0.324518,-0.338681,0.306695,0.146800,0.940419,0.354901,-0.934418,0.030121,0.653117,0.241616,0.006209,0.717650,-0.004390,-0.015821,0.005407,-0.003095,0.010915,0.004898,0.338681,-0.940419,-0.030121,0.000000,0.000000,0.000000,-1,0.333832,-0.929276,-0.029327,-0.026663,-0.008535,-0.007218,30.060440,197.414383,-596.111755,0,1
0.120000,1.481354,1.224137,-1.124145,0.883439,0.324068,-0.338400,0.306427,0.146758,0.940513,0.354453,-0.934581,0.030348,0.653133,0.241335,0.006145,0.717730,0.001996,-0.020020,0.009637,-0.007528,0.010902,-0.001863,0.338400,-0.940513,-0.030348,0.000000,0.000000,0.000000,-1,0.328217,-0.913925,-0.030960,-0.019222,-0.018010,-0.000849,28.654099,197.765976,-597.117310,0,0
0.160000,1.480391,1.224758,-1.124387,0.884048,0.323044,-0.337788,0.305936,0.146431,0.940724,0.353358,-0.934987,0.030621,0.653260,0.240708,0.005958,0.717827,0.011554,-0.029526,0.012797,-0.011022,0.028431,0.001447,0.337788,-0.940724,-0.030621,0.000000,0.000000,0.000000,-1,0.325027,-0.912415,-0.031830,-0.010704,-0.018013,-0.000915,29.181473,197.941757,-595.609009,0,0
0.200000,1.480244,1.225283,-1.125091,0.884487,0.322361,-0.337292,0.305593,0.146003,0.940902,0.352556,-0.935290,0.030626,0.653425,0.240255,0.005840,0.717829,-0.001191,-0.009499,0.002174,-0.014492,0.025207,-0.000212,0.337292,-0.940902,-0.030626,0.000000,0.000000,0.000000,-1,0.320786,-0.916901,-0.027176,-0.033017,0.006255,-0.011486,30.412018,198.117554,-595.776611,0,0
0.240000,1.480063,1.225793,-1.124763,0.884600,0.322556,-0.336808,0.305112,0.145896,0.941074,0.352688,-0.935239,0.030644,0.653464,0.240131,0.006075,0.717834,0.003134,0.013763,-0.002194,-0.011857,0.022373,0.006627,0.336808,-0.941074,-0.030644,0.000000,0.000000,0.000000,-1,0.329895,-0.923996,-0.032913,-0.012724,0.030570,-0.015996,29.357269,196.711212,-595.776611,0,0
0.280000,1.482195,1.225697,-1.126219,0.884288,0.323249,-0.336963,0.305406,0.145491,0.941042,0.353216,-0.935063,0.029934,0.653618,0.240452,0.006216,0.717585,0.014869,0.029550,-0.012995,-0.007068,0.017046,-0.002980,0.336963,-0.941042,-0.029934,0.000000,0.000000,0.000000,-1,0.348938,-0.943649,-0.030746,-0.015943,0.034670,-0.030901,30.939392,197.941757,-595.609009,0,0
0.320000,1.483296,1.224704,-1.126491,0.883685,0.323893,-0.337926,0.306289,0.145809,0.940706,0.353960,-0.934790,0.029644,0.653497,0.241081,0.006134,0.717485,0.003094,0.013634,-0.016048,0.011012,-0.002944,-0.001102,0.337926,-0.940706,-0.029644,0.000000,0.000000,0.000000,-1,0.355057,-0.944885,-0.022675,-0.010689,0.000894,-0.018031,29.357269,197.765976,-596.111755,0,0
0.360000,1.485425,1.223634,-1.128959,0.883403,0.323547,-0.338992,0.307558,0.145483,0.940342,0.353563,-0.934961,0.029011,0.653626,0.241386,0.005573,0.717269,0.031821,-0.015781,0.010445,0.007703,0.006290,-0.002407,0.338992,-0.940342,-0.029011,0.000000,0.000000,0.000000,-1,0.339340,-0.920364,-0.035156,0.012754,-0.012654,0.006340,28.478302,197.941757,-596.614502,0,0
0.400000,1.486121,1.224095,-1.131170,0.884013,0.322311,-0.338580,0.307486,0.144618,0.940499,0.352098,-0.935522,0.028738,0.653960,0.240763,0.005168,0.717177,0.020051,-0.044231,0.026609,-0.001589,0.026406,-0.002115,0.338580,-0.940499,-0.028738,0.000000,0.000000,0.000000,-1,0.331757,-0.910736,-0.027832,-0.003268,-0.034833,0.012940,29.181473,197.238586,-597.284912,0,0
0.440000,1.486540,1.224751,-1.132936,0.884635,0.321236,-0.337977,0.307182,0.143813,0.940722,0.350799,-0.936015,0.028544,0.654270,0.240122,0.004900,0.717111,0.010520,-0.014710,0.011654,-0.010386,0.026583,0.000743,0.337977,-0.940722,-0.028544,0.000000,0.000000,0.000000,-1,0.326508,-0.918900,-0.027985,-0.019160,0.009448,-0.009475,28.829895,197.590179,-596.614502,0,0
0.480000,1.487440,1.224980,-1.133690,0.884631,0.321445,-0.337788,0.307096,0.143491,0.940799,0.350884,-0.935993,0.028222,0.654393,0.240123,0.005003,0.716998,0.000980,0.012673,-0.005415,-0.008931,0.017459,0.001779,0.337788,-0.940799,-0.028222,0.000000,0.000000,0.000000,-1,0.326523,-0.929291,-0.019119,-0.018068,0.026306,-0.019134,30.236221,197.941757,-595.944214,0,0
0.520000,1.490147,1.225280,-1.135776,0.884444,0.322175,-0.337581,0.307138,0.142731,0.940901,0.351318,-0.935859,0.027285,0.654681,0.240313,0.005246,0.716669,0.016977,0.020115,-0.001321,-0.013912,0.011335,0.009661,0.337581,-0.940901,-0.027285,0.000000,0.000000,0.000000,-1,0.330292,-0.933762,-0.024017,-0.004200,0.027450,-0.009658,30.236221,197.238586,-597.284912,0,0
0.560000,1.493261,1.226002,-1.138383,0.884412,0.322886,-0.336987,0.306892,0.141644,0.941145,0.351615,-0.935778,0.026181,0.655093,0.240339,0.005582,0.716282,0.009521,0.007517,0.010512,-0.007001,0.006376,0.000455,0.336987,-0.941145,-0.026181,0.000000,0.000000,0.000000,-1,0.332809,-0.939133,-0.033829,-0.014885,0.004270,0.003295,29.181473,198.996506,-597.284912,0,0
0.600000,1.492964,1.227012,-1.138639,0.884907,0.322525,-0.336032,0.306065,0.141168,0.941486,0.351089,-0.935975,0.026207,0.655273,0.239820,0.005745,0.716289,0.006257,-0.018903,0.017031,0.003705,0.004673,-0.000206,0.336032,-0.941486,-0.026207,0.000000,0.000000,0.000000,-1,0.334808,-0.931290,-0.026428,-0.014926,-0.008450,0.002278,30.412018,198.469131,-596.111755,0,0
0.640000,1.492955,1.227192,-1.139078,0.885107,0.322152,-0.335863,0.305973,0.140962,0.941547,0.350665,-0.936134,0.026197,0.655352,0.239613,0.005647,0.716287,0.008395,-0.007343,0.007380,-0.001054,0.010257,-0.000231,0.335863,-0.941547,-0.026197,0.000000,0.000000,0.000000,-1,0.328812,-0.928284,-0.026794,-0.015963,0.010507,-0.009503,28.126724,196.535431,-595.944214,0,0
0.680000,1.493672,1.227281,-1.139747,0.885098,0.322244,-0.335798,0.305992,0.140723,0.941576,0.350672,-0.936139,0.025950,0.655444,0.239622,0.005673,0.716200,-0.000112,0.006341,-0.000068,-0.006986,0.013293,-0.000845,0.335798,-0.941576,-0.025950,0.000000,0.000000,0.000000,-1,0.323105,-0.928833,-0.027603,-0.034052,0.016837,-0.012583,30.587814,198.644928,-595.944214,0,0
0.720000,1.491566,1.227666,-1.137132,0.885111,0.322642,-0.335381,0.305294,0.141370,0.941706,0.351247,-0.935904,0.026628,0.655193,0.239599,0.006054,0.716434,-0.021415,0.011562,-0.008434,-0.013680,0.016260,-0.000471,0.335381,-0.941706,-0.026628,0.000000,0.000000,0.000000,-1,0.323578,-0.928009,-0.028763,-0.042584,0.020977,-0.023185,30.236221,198.644928,-597.955200,0,0
0.760000,1.489817,1.227578,-1.134950,0.884995,0.322923,-0.335417,0.305059,0.142071,0.941677,0.351742,-0.935701,0.027221,0.654924,0.239716,0.006232,0.716639,-0.023558,0.011522,-0.012672,-0.011061,0.011653,-0.002396,0.335417,-0.941677,-0.027221,0.000000,0.000000,0.000000,-1,0.329620,-0.925552,-0.022095,-0.044729,0.015681,-0.023149,28.478302,196.887009,-595.944214,0,0
0.800000,1.489135,1.227147,-1.133771,0.884723,0.323268,-0.335802,0.305259,0.142602,0.941531,0.352253,-0.935501,0.027483,0.654721,0.239998,0.006281,0.716730,-0.008661,0.008353,-0.011718,-0.005114,0.017581,0.006426,0.335802,-0.941531,-0.027483,0.000000,0.000000,0.000000,-1,0.332489,-0.921692,-0.024155,-0.018120,0.013547,-0.024413,30.412018,198.820724,-597.117310,0,0
0.840000,1.491661,1.226342,-1.135959,0.884295,0.323580,-0.336626,0.306258,0.142253,0.941260,0.352459,-0.935446,0.026695,0.654856,0.240449,0.006044,0.716457,0.015834,0.010447,-0.014050,-0.003481,0.021918,0.005363,0.336626,-0.941260,-0.026695,0.000000,0.000000,0.000000,-1,0.332077,-0.921722,-0.022736,-0.004269,0.023007,-0.032013,29.884644,197.590179,-596.614502,0,0
0.880000,1.494473,1.225550,-1.138240,0.883800,0.324082,-0.337443,0.307258,0.141867,0.940992,0.352831,-0.935331,0.025805,0.655005,0.240968,0.005873,0.716148,0.017977,0.028296,-0.031181,-0.006999,0.021574,0.001330,0.337443,-0.940992,-0.025805,0.000000,0.000000,0.000000,-1,0.327591,-0.922760,-0.028366,-0.009577,0.041915,-0.049088,29.884644,197.590179,-596.949707,0,0
0.920000,1.496919,1.224362,-1.139505,0.882982,0.325084,-0.338620,0.308453,0.141945,0.940589,0.353836,-0.934972,0.025062,0.654976,0.241817,0.005808,0.715889,0.011597,0.035670,-0.035417,-0.010052,0.019081,-0.004754,0.338620,-0.940589,-0.025062,0.000000,0.000000,0.000000,-1,0.333328,-0.932465,-0.028870,-0.011683,0.042004,-0.039484,29.708847,197.062805,-596.446960,0,0
0.960000,1.499109,1.223439,-1.140331,0.882190,0.326272,-0.339540,0.309359,0.142053,0.940276,0.355018,-0.934541,0.024382,0.654934,0.242632,0.005908,0.715651,0.009476,0.025302,-0.011927,-0.005983,0.004515,-0.004258,0.339540,-0.940275,-0.024383,0.000000,0.000000,0.000000,-1,0.333252,-0.932861,-0.028931,-0.019118,0.030552,-0.018077,29.181473,197.590179,-595.273804,0,0
1.000000,1.499309,1.223383,-1.140003,0.881995,0.326740,-0.339597,0.309360,0.142176,0.940257,0.355502,-0.934359,0.024318,0.654886,0.242829,0.006072,0.715627,-0.000120,0.015840,-0.004358,-0.002866,0.008250,-0.001835,0.339597,-0.940257,-0.024318,0.000000,0.000000,0.000000,-1,0.336090,-0.929565,-0.019470,-0.021252,0.026346,-0.014848,31.994141,197.238586,-594.938660,0,0
1.040000,1.500506,1.223186,-1.140497,0.881669,0.327395,-0.339811,0.309598,0.142101,0.940190,0.356101,-0.934141,0.023925,0.654913,0.243160,0.006219,0.715488,0.004149,0.019017,-0.004404,0.000079,0.010868,0.003600,0.339811,-0.940190,-0.023925,0.000000,0.000000,0.000000,-1,0.339401,-0.928940,-0.016785,-0.016985,0.031611,-0.018097,28.302521,198.469131,-596.111755,0,0
1.080000,1.504020,1.222639,-1.142819,0.881009,0.328553,-0.340405,0.310395,0.141595,0.940003,0.357041,-0.933811,0.022765,0.655105,0.243834,0.006348,0.715082,0.002026,0.021109,-0.007595,-0.001218,0.008485,0.007674,0.340405,-0.940003,-0.022765,0.000000,0.000000,0.000000,-1,0.335449,-0.932236,-0.017746,-0.022325,0.025267,-0.016967,29.181473,197.590179,-596.279358,0,0
1.120000,1.505385,1.222569,-1.143684,0.880784,0.329056,-0.340503,0.310578,0.141354,0.939979,0.357437,-0.933671,0.022305,0.655196,0.244062,0.006461,0.714920,-0.002250,0.010560,-0.003260,-0.005420,0.011772,0.002956,0.340503,-0.939979,-0.022305,0.000000,0.000000,0.000000,-1,0.334091,-0.921936,-0.025238,-0.028738,0.014707,-0.013681,30.060440,198.469131,-595.441406,0,0
1.160000,1.504704,1.222528,-1.142764,0.880712,0.329223,-0.340526,0.310483,0.141655,0.939965,0.357696,-0.933566,0.022539,0.655080,0.244133,0.006553,0.715001,-0.006562,0.002141,-0.000012,-0.010463,0.019158,-0.004179,0.340526,-0.939965,-0.022539,0.000000,0.000000,0.000000,-1,0.331619,-0.919067,-0.024414,-0.028733,0.012628,-0.009412,31.115189,197.414383,-595.776611,0,0
1.200000,1.503473,1.222659,-1.141359,0.880731,0.329331,-0.340375,0.310171,0.142040,0.940010,0.357921,-0.933470,0.022950,0.654931,0.244110,0.006698,0.715143,-0.006540,0.009564,0.001026,-0.007794,0.020469,-0.003021,0.340375,-0.940010,-0.022950,0.000000,0.000000,0.000000,-1,0.334045,-0.924850,-0.024246,-0.027643,0.021101,-0.009453,29.181473,197.590179,-595.273804,0,0
1.240000,1.503396,1.222822,-1.140687,0.880587,0.329875,-0.340220,0.309937,0.142184,0.940065,0.358478,-0.933256,0.022966,0.654873,0.244250,0.006970,0.715146,-0.002252,0.018056,0.003093,-0.006632,0.013521,0.001054,0.340220,-0.940065,-0.022966,0.000000,0.000000,0.000000,-1,0.337555,-0.935654,-0.023224,-0.025489,0.028524,-0.008432,31.290985,197.941757,-596.279358,0,0
1.280000,1.503761,1.223036,-1.140301,0.880395,0.330584,-0.340027,0.309699,0.142220,0.940138,0.359154,-0.932999,0.022828,0.654856,0.244436,0.007302,0.715095,-0.006562,0.016994,0.000981,-0.004120,0.004744,0.002824,0.340027,-0.940138,-0.022828,0.000000,0.000000,0.000000,-1,0.340195,-0.938538,-0.022247,-0.029771,0.023200,-0.011575,28.478302,197.238586,-596.279358,0,0
1.320000,1.503546,1.222939,-1.139293,0.880108,0.331258,-0.340114,0.309638,0.142571,0.940105,0.359908,-0.932707,0.022907,0.654719,0.244722,0.007558,0.715120,-0.005513,0.011699,0.000992,0.000630,0.001659,-0.000515,0.340114,-0.940105,-0.022907,0.000000,0.000000,0.000000,-1,0.339890,-0.935074,-0.024857,-0.024458,0.017923,-0.009465,30.236221,197.238586,-597.284912,0,0
1.360000,1.503523,1.222921,-1.139003,0.880015,0.331489,-0.340130,0.309612,0.142667,0.940099,0.360158,-0.932610,0.022916,0.654682,0.244814,0.007648,0.715122,0.000863,0.009559,-0.001180,-0.002529,0.007863,-0.000292,0.340130,-0.940099,-0.022916,0.000000,0.000000,0.000000,-1,0.334778,-0.924423,-0.023605,-0.022337,0.017893,-0.012678,30.236221,197.238586,-596.614502,0,0
1.400000,1.504012,1.222777,-1.139216,0.879865,0.331737,-0.340276,0.309765,0.142658,0.940050,0.360392,-0.932523,0.022759,0.654685,0.244966,0.007682,0.715067,0.005110,0.008469,-0.004406,-0.007344,0.017931,0.001259,0.340276,-0.940050,-0.022759,0.000000,0.000000,0.000000,-1,0.330811,-0.919678,-0.024460,-0.019145,0.024168,-0.021249,29.884644,197.238586,-595.273804,0,0
1.440000,1.504509,1.222401,-1.138987,0.879494,0.332348,-0.340640,0.310054,0.142877,0.939922,0.361050,-0.932272,0.022613,0.654600,0.245341,0.007795,0.715015,-0.014064,0.014730,-0.014931,-0.011691,0.017741,-0.000092,0.340640,-0.939922,-0.022613,0.000000,0.000000,0.000000,-1,0.331390,-0.920212,-0.021759,-0.041521,0.023065,-0.026398,28.302521,197.765976,-596.782104,0,0
1.480000,1.503900,1.222111,-1.137862,0.879250,0.332729,-0.340898,0.310140,0.143340,0.939823,0.361570,-0.932065,0.022839,0.654422,0.245587,0.007897,0.715092,-0.011984,0.013708,-0.013900,-0.009508,0.019611,0.001080,0.340898,-0.939823,-0.022839,0.000000,0.000000,0.000000,-1,0.335327,-0.930603,-0.026566,-0.037234,0.030498,-0.024328,30.939392,196.887009,-595.609009,0,0
1.520000,1.503104,1.221723,-1.136227,0.878873,0.333368,-0.341244,0.310236,0.144000,0.939690,0.362402,-0.931735,0.023135,0.654167,0.245963,0.008086,0.715194,-0.018367,0.013730,-0.011718,-0.003079,0.004235,0.000308,0.341244,-0.939690,-0.023135,0.000000,0.000000,0.000000,-1,0.338394,-0.930588,-0.019592,-0.038327,0.017828,-0.020011,30.060440,196.711212,-595.106201,0,0
1.560000,1.502058,1.221077,-1.134410,0.878446,0.333898,-0.341825,0.310524,0.144820,0.939469,0.363190,-0.931418,0.023533,0.653852,0.246394,0.008169,0.715332,-0.025833,0.016821,-0.021259,-0.005063,0.003480,0.002476,0.341825,-0.939469,-0.023533,0.000000,0.000000,0.000000,-1,0.337814,-0.936676,-0.021652,-0.052177,0.027225,-0.034853,28.829895,198.293350,-595.273804,0,0
1.600000,1.500243,1.220375,-1.131910,0.878053,0.334301,-0.342440,0.310758,0.145876,0.939228,0.363939,-0.931109,0.024200,0.653448,0.246791,0.008225,0.715565,-0.032282,0.013607,-0.025459,-0.003298,0.009251,0.000259,0.342440,-0.939228,-0.024200,0.000000,0.000000,0.000000,-1,0.339600,-0.920837,-0.023254,-0.044750,0.016652,-0.032740,30.412018,197.414383,-597.117310,0,0
1.640000,1.498784,1.219306,-1.129975,0.877607,0.334485,-0.343405,0.311383,0.146905,0.938861,0.364482,-0.930881,0.024772,0.653056,0.247248,0.008069,0.715766,-0.006745,0.005158,-0.022431,-0.004233,0.020785,0.001732,0.343405,-0.938861,-0.024772,0.000000,0.000000,0.000000,-1,0.338226,-0.921600,-0.024765,-0.022406,0.013449,-0.035032,32.873108,196.359634,-596.111755,0,0
1.680000,1.499027,1.217902,-1.129940,0.877069,0.334535,-0.344726,0.312570,0.147479,0.938376,0.364760,-0.930772,0.024783,0.652841,0.247804,0.007672,0.715774,-0.004638,0.005078,-0.030971,-0.005996,0.018393,-0.000577,0.344726,-0.938376,-0.024783,0.000000,0.000000,0.000000,-1,0.335449,-0.923553,-0.024261,-0.030941,0.015481,-0.044562,29.884644,198.996506,-596.279358,0,0
1.720000,1.498655,1.216742,-1.129101,0.876562,0.334754,-0.345802,0.313430,0.148206,0.937975,0.365241,-0.930577,0.024990,0.652565,0.248322,0.007447,0.715849,-0.012074,0.011425,-0.032000,-0.007225,0.014208,0.001140,0.345802,-0.937975,-0.024990,0.000000,0.000000,0.000000,-1,0.340668,-0.926971,-0.022171,-0.033045,0.018718,-0.038165,29.884644,196.887009,-596.279358,0,0
1.760000,1.498414,1.215635,-1.128335,0.876046,0.335038,-0.346831,0.314255,0.148891,0.937590,0.365769,-0.930366,0.025148,0.652305,0.248846,0.007258,0.715906,-0.009971,0.014652,-0.025621,-0.005111,0.012999,0.002153,0.346831,-0.937590,-0.025148,0.000000,0.000000,0.000000,-1,0.339111,-0.926346,-0.023468,-0.035155,0.026123,-0.039242,31.290985,197.941757,-596.614502,0,0
1.800000,1.498140,1.214996,-1.127406,0.875635,0.335502,-0.347421,0.314657,0.149440,0.937368,0.366407,-0.930111,0.025287,0.652094,0.249258,0.007309,0.715994,-0.017406,0.018910,-0.023446,-0.009651,0.009178,-0.000859,0.347572,-0.937309,-0.025402,0.000000,0.000000,0.000000,-1,0.340591,-0.928192,-0.024002,-0.037259,0.028310,-0.031777,30.412018,197.062805,-596.446960,0,0
1.840000,1.497250,1.214619,-1.125708,0.875273,0.336104,-0.347752,0.314722,0.150126,0.937237,0.367216,-0.929783,0.025622,0.651829,0.249615,0.007465,0.716069,-0.007804,0.015838,-0.011787,-0.007160,0.009044,0.001620,0.347752,-0.937237,-0.025622,0.000000,0.000000,0.000000,-1,0.340179,-0.923615,-0.030106,-0.027645,0.027377,-0.017999,30.236221,198.644928,-596.614502,0,0
1.880000,1.496663,1.214527,-1.124449,0.875036,0.336646,-0.347823,0.314611,0.150559,0.937204,0.367874,-0.929517,0.025833,0.651660,0.249845,0.007692,0.716140,-0.007788,0.015906,-0.004328,-0.008330,0.016275,-0.004166,0.347823,-0.937204,-0.025833,0.000000,0.000000,0.000000,-1,0.341263,-0.920822,-0.028931,-0.035090,0.028458,-0.015814,30.412018,197.765976,-597.452454,0,0
1.920000,1.495314,1.214363,-1.121992,0.874654,0.337517,-0.347941,0.314378,0.151399,0.937147,0.368981,-0.929064,0.026313,0.651334,0.250216,0.008076,0.716304,-0.017381,0.023317,0.001068,-0.007838,0.023329,0.002052,0.347941,-0.937147,-0.026313,0.000000,0.000000,0.000000,-1,0.339462,-0.908920,-0.019531,-0.033990,0.033822,-0.008386,30.587814,197.941757,-595.944214,0,0
1.960000,1.496124,1.214348,-1.121928,0.874328,0.338323,-0.347976,0.314381,0.151425,0.937142,0.369749,-0.928767,0.026033,0.651320,0.250531,0.008357,0.716203,-0.005651,0.027561,0.002026,-0.008254,0.027093,0.006150,0.347976,-0.937142,-0.026033,0.000000,0.000000,0.000000,-1,0.339493,-0.908539,-0.025101,-0.026527,0.039096,-0.010594,30.587814,197.941757,-594.268311,0,0
2.000000,1.497236,1.214155,-1.121803,0.873814,0.339436,-0.348185,0.314525,0.151542,0.937075,0.370842,-0.928342,0.025659,0.651270,0.251033,0.008697,0.716068,-0.006729,0.026464,-0.002225,-0.007334,0.025393,0.002084,0.348185,-0.937075,-0.025659,0.000000,0.000000,0.000000,-1,0.339264,-0.914200,-0.023376,-0.032939,0.033773,-0.013720,30.060440,197.765976,-597.117310,0,0
2.040000,1.497584,1.214027,-1.120951,0.873355,0.340484,-0.348313,0.314504,0.151863,0.937030,0.371940,-0.927905,0.025547,0.651142,0.251476,0.009071,0.716024,-0.009946,0.021140,-0.005376,-0.007554,0.019611,0.003070,0.348313,-0.937030,-0.025547,0.000000,0.000000,0.000000,-1,0.339554,-0.926834,-0.029373,-0.030805,0.037979,-0.016949,29.533066,197.941757,-595.609009,0,0
2.080000,1.497291,1.214108,-1.119656,0.873048,0.341355,-0.348230,0.314239,0.152237,0.937058,0.372883,-0.927524,0.025643,0.650993,0.251767,0.009467,0.716053,-0.009908,0.032809,-0.003287,-0.011255,0.010117,-0.008720,0.348230,-0.937058,-0.025643,0.000000,0.000000,0.000000,-1,0.345154,-0.929047,-0.027985,-0.042515,0.031706,-0.008312,29.181473,197.941757,-597.955200,0,0
2.120000,1.495666,1.214318,-1.116948,0.872795,0.342244,-0.347992,0.313648,0.153001,0.937132,0.373971,-0.927070,0.026194,0.650692,0.251998,0.009981,0.716238,-0.013137,0.027526,0.007446,-0.003769,0.010877,-0.000036,0.347992,-0.937132,-0.026194,0.000000,0.000000,0.000000,-1,0.343567,-0.925354,-0.032791,-0.031815,0.046561,-0.005254,30.587814,197.590179,-596.949707,0,0
2.160000,1.494468,1.214521,-1.113652,0.872177,0.344040,-0.347770,0.312971,0.153950,0.937202,0.375975,-0.926248,0.026596,0.650314,0.252575,0.010843,0.716366,-0.022664,0.050789,0.003171,-0.006248,0.014488,-0.008743,0.347770,-0.937202,-0.026596,0.000000,0.000000,0.000000,-1,0.342041,-0.921967,-0.030258,-0.047749,0.060314,-0.007313,30.939392,197.238586,-597.620056,0,0
2.200000,1.493570,1.214652,-1.111033,0.871652,0.345513,-0.347624,0.312457,0.154714,0.937248,0.377614,-0.925572,0.026899,0.650007,0.253063,0.011534,0.716461,-0.023704,0.056124,0.007421,-0.006880,0.015114,0.000822,0.347624,-0.937248,-0.026899,0.000000,0.000000,0.000000,-1,0.344086,-0.914291,-0.024536,-0.044520,0.066727,-0.000970,31.290985,196.887009,-596.614502,0,0
2.240000,1.494029,1.214700,-1.109060,0.870810,0.347664,-0.347591,0.312111,0.155310,0.937265,0.379838,-0.924667,0.026736,0.649762,0.253852,0.012407,0.716390,-0.016266,0.056051,0.009532,0.000508,0.024530,0.001376,0.347591,-0.937265,-0.026736,0.000000,0.000000,0.000000,-1,0.351959,-0.912521,-0.028275,-0.041360,0.062411,-0.009501,29.357269,198.117554,-596.782104,0,0
2.280000,1.493702,1.213441,-1.105844,0.869421,0.349964,-0.348759,0.312665,0.156843,0.936825,0.382555,-0.923540,0.026941,0.649160,0.255187,0.013015,0.716450,-0.030163,0.053759,-0.009537,0.001934,0.012951,-0.001776,0.348759,-0.936825,-0.026941,0.000000,0.000000,0.000000,-1,0.354919,-0.929108,-0.022675,-0.056305,0.060178,-0.022161,32.169937,197.062805,-596.446960,0,0
2.320000,1.492991,1.212704,-1.103449,0.868623,0.351274,-0.349428,0.312904,0.157902,0.936567,0.384167,-0.922862,0.027242,0.648745,0.255947,0.013387,0.716549,-0.034435,0.047425,-0.007353,0.008161,0.006162,0.003576,0.349428,-0.936567,-0.027242,0.000000,0.000000,0.000000,-1,0.357666,-0.925705,-0.019760,-0.048857,0.053871,-0.016868,31.642563,198.293350,-596.614502,0,0
2.360000,1.493590,1.211716,-1.101956,0.867559,0.352966,-0.350367,0.313494,0.158787,0.936220,0.386088,-0.922064,0.027104,0.648396,0.256965,0.013773,0.716493,-0.022726,0.044257,-0.006373,0.007757,0.010332,0.008534,0.350367,-0.936220,-0.027104,0.000000,0.000000,0.000000,-1,0.355209,-0.922928,-0.025909,-0.047817,0.047496,-0.018983,30.412018,197.765976,-596.446960,0,0
2.400000,1.492989,1.210542,-1.099078,0.866406,0.354721,-0.351446,0.314014,0.160188,0.935807,0.388248,-0.921148,0.027401,0.647846,0.258061,0.014202,0.716588,-0.037661,0.037769,-0.009369,0.000864,0.013047,0.005977,0.351446,-0.935807,-0.027400,0.000000,0.000000,0.000000,-1,0.350220,-0.918198,-0.021973,-0.062726,0.047490,-0.019933,31.642563,197.238586,-595.944214,0,0
2.440000,1.491781,1.209944,-1.096390,0.865733,0.355841,-0.351970,0.314080,0.161287,0.935596,0.389692,-0.920524,0.027869,0.647414,0.258691,0.014566,0.716744,-0.041902,0.043067,-0.009359,-0.001796,0.018497,0.005790,0.351970,-0.935596,-0.027869,0.000000,0.000000,0.000000,-1,0.346329,-0.909210,-0.015839,-0.060531,0.066583,-0.016825,29.533066,198.293350,-596.614502,0,0
2.480000,1.494096,1.209283,-1.093849,0.863710,0.360060,-0.352650,0.314218,0.162368,0.935363,0.394046,-0.918691,0.027102,0.646962,0.260556,0.015996,0.716446,-0.032114,0.098252,0.002074,-0.011753,0.029937,0.017504,0.352650,-0.935363,-0.027102,0.000000,0.000000,0.000000,-1,0.340317,-0.903793,-0.007141,-0.053960,0.116479,-0.004279,31.994141,197.941757,-595.609009,0,0
2.520000,1.498134,1.209648,-1.094036,0.862294,0.363664,-0.352416,0.313945,0.162153,0.935492,0.397350,-0.917308,0.025652,0.647010,0.261823,0.017362,0.715908,-0.029849,0.129099,0.015790,-0.010390,0.026709,0.024706,0.352416,-0.935492,-0.025653,0.000000,0.000000,0.000000,-1,0.344910,-0.912338,-0.001892,-0.050637,0.150470,0.006221,32.345734,197.238586,-595.609009,0,0
2.560000,1.503704,1.210153,-1.094658,0.860455,0.368315,-0.352082,0.313626,0.161741,0.935670,0.401567,-0.915524,0.023657,0.647120,0.263452,0.019118,0.715167,-0.028652,0.167261,0.018833,-0.003586,0.016893,0.022696,0.352082,-0.935670,-0.023657,0.000000,0.000000,0.000000,-1,0.359238,-0.938461,-0.006378,-0.067539,0.193908,0.007254,31.290985,197.238586,-597.955200,0,0
2.600000,1.508973,1.210594,-1.091969,0.857458,0.375512,-0.351790,0.312824,0.162394,0.935826,0.408542,-0.912480,0.021777,0.646778,0.266063,0.021937,0.714428,-0.066854,0.194761,0.028707,0.008638,-0.002483,0.014376,0.351790,-0.935826,-0.021777,0.000000,0.000000,0.000000,-1,0.367386,-0.939056,-0.007904,-0.086599,0.213155,0.026506,31.818359,197.765976,-597.117310,0,0
2.640000,1.514508,1.211761,-1.086187,0.853332,0.385686,-0.350815,0.310913,0.163691,0.936236,0.418519,-0.907993,0.019768,0.646118,0.269533,0.026196,0.713581,-0.050688,0.223731,0.068947,0.018158,-0.003324,0.009041,0.350815,-0.936236,-0.019768,0.000000,0.000000,0.000000,-1,0.374176,-0.933350,-0.012100,-0.077943,0.224139,0.069010,32.169937,198.469131,-596.782104,0,0
2.680000,1.517264,1.212981,-1.081984,0.850914,0.391966,-0.349727,0.309214,0.164459,0.936664,0.424656,-0.905161,0.018740,0.645700,0.271480,0.029011,0.713112,-0.065519,0.220864,0.102086,0.024052,0.009327,0.005800,0.349727,-0.936664,-0.018740,0.000000,0.000000,0.000000,-1,0.362625,-0.921600,-0.015579,-0.088451,0.241413,0.104183,33.576279,198.820724,-598.793213,0,0
2.720000,1.519740,1.216157,-1.074476,0.847849,0.401102,-0.346799,0.305353,0.165359,0.937772,0.433489,-0.900985,0.017722,0.645129,0.273765,0.033594,0.712553,-0.066438,0.249678,0.125411,0.012316,0.018216,0.000723,0.346799,-0.937772,-0.017722,0.000000,0.000000,0.000000,-1,0.355927,-0.915741,-0.020706,-0.079818,0.263830,0.123207,31.115189,198.469131,-597.787659,0,0
2.760000,1.524950,1.221568,-1.066106,0.843784,0.413755,-0.341813,0.299512,0.165453,0.939637,0.445334,-0.895227,0.015682,0.644719,0.276581,0.040142,0.711498,-0.022607,0.282795,0.156895,0.007125,0.029679,-0.003178,0.341813,-0.939637,-0.015682,0.000000,0.000000,0.000000,-1,0.341904,-0.910522,-0.022369,-0.028533,0.300084,0.150372,33.224686,199.172302,-597.117310,0,0
2.800000,1.533014,1.225991,-1.065302,0.841141,0.422364,-0.337773,0.295740,0.163680,0.941141,0.452791,-0.891525,0.012768,0.645115,0.278285,0.044573,0.710209,0.029697,0.309466,0.178756,0.001415,0.031748,-0.009815,0.337773,-0.941141,-0.012768,0.000000,0.000000,0.000000,-1,0.326141,-0.909592,-0.030670,0.035529,0.336335,0.177438,32.521530,198.117554,-597.117310,0,0
2.840000,1.544465,1.231391,-1.067408,0.838397,0.431657,-0.332811,0.291628,0.160602,0.942953,0.460483,-0.887625,0.008765,0.645955,0.279929,0.049412,0.708478,0.068148,0.335060,0.198601,-0.006669,0.033361,-0.021905,0.332811,-0.942953,-0.008765,0.000000,0.000000,0.000000,-1,0.305557,-0.903244,-0.027740,0.069726,0.354598,0.205868,33.576279,197.765976,-595.776611,0,0
2.880000,1.578339,1.245897,-1.081685,0.833000,0.451907,-0.319204,0.281786,0.149980,0.947683,0.476139,-0.879367,-0.002408,0.649120,0.282572,0.060441,0.703664,0.146132,0.360899,0.266215,-0.026205,0.052312,-0.020734,0.319204,-0.947683,0.002408,0.000000,0.000000,0.000000,-1,0.277847,-0.888611,-0.011780,0.134874,0.374168,0.261751,34.279449,198.469131,-597.117310,0,0
2.920000,1.604745,1.254050,-1.097765,0.829957,0.462888,-0.311297,0.277274,0.141905,0.950254,0.484036,-0.874984,-0.010572,0.651656,0.283954,0.066269,0.700230,0.170714,0.383234,0.276594,-0.040576,0.064588,-0.024793,0.311297,-0.950254,0.010572,0.000000,0.000000,0.000000,-1,0.250748,-0.899490,-0.010345,0.141392,0.415493,0.263677,33.048904,199.348099,-596.614502,0,0
2.960000,1.632638,1.262363,-1.114419,0.826424,0.474577,-0.302986,0.272498,0.133781,0.952810,0.492715,-0.869988,-0.018761,0.654103,0.285534,0.072515,0.696679,0.152718,0.418189,0.276605,-0.052238,0.053320,-0.029106,0.302986,-0.952810,0.018761,0.000000,0.000000,0.000000,-1,0.257996,-0.947556,-0.000793,0.111668,0.444107,0.264865,34.279449,197.414383,-594.771057,0,0
3.000000,1.688123,1.278208,-1.145015,0.817668,0.499366,-0.286448,0.262679,0.119132,0.957501,0.512269,-0.858161,-0.033763,0.658084,0.289494,0.085787,0.689753,0.115522,0.445687,0.271463,-0.020808,-0.001789,-0.023891,0.286448,-0.957501,0.033763,0.000000,0.000000,0.000000,-1,0.270676,-0.971329,0.025467,0.095703,0.454604,0.254296,34.279449,196.711212,-596.111755,0,0
3.040000,1.716083,1.285938,-1.160458,0.813007,0.511567,-0.278061,0.257693,0.112105,0.959701,0.522124,-0.851899,-0.040685,0.659846,0.291454,0.092470,0.686372,0.131415,0.433884,0.255407,-0.003967,-0.015411,-0.012426,0.278061,-0.959701,0.040685,0.000000,0.000000,0.000000,-1,0.281967,-0.979904,0.035843,0.107277,0.423718,0.236212,34.982605,198.117554,-595.441406,0,0
3.080000,1.754923,1.294866,-1.183815,0.806864,0.526530,-0.267837,0.252295,0.102818,0.962172,0.534151,-0.843916,-0.049881,0.662179,0.294039,0.100545,0.681873,0.110990,0.387089,0.234435,0.013230,-0.020067,-0.013748,0.267837,-0.962172,0.049881,0.000000,0.000000,0.000000,-1,0.280731,-0.985992,0.035217,0.045268,0.362047,0.209226,34.631027,198.117554,-596.111755,0,0
3.120000,1.785237,1.304721,-1.197942,0.800421,0.541586,-0.256924,0.244880,0.095785,0.964810,0.547137,-0.835170,-0.055956,0.663436,0.296361,0.109360,0.678279,-0.009702,0.292529,0.200568,0.018054,-0.025836,-0.015703,0.256924,-0.964810,0.055955,0.000000,0.000000,0.000000,-1,0.265732,-0.989334,0.043457,-0.061527,0.278146,0.182670,36.213150,197.941757,-595.273804,0,0
3.160000,1.790452,1.310643,-1.195509,0.797625,0.548424,-0.251048,0.239326,0.094284,0.966351,0.553640,-0.830868,-0.056048,0.663210,0.296946,0.114063,0.677470,-0.084468,0.226752,0.187544,0.010991,-0.017322,-0.009112,0.251048,-0.966351,0.056048,0.000000,0.000000,0.000000,-1,0.249039,-0.969254,0.047638,-0.138508,0.192148,0.159087,34.631027,197.062805,-596.111755,0,0
3.200000,1.785794,1.316364,-1.184914,0.795699,0.553530,-0.245901,0.233188,0.094732,0.967806,0.559005,-0.827424,-0.053698,0.662319,0.296956,0.118185,0.677631,-0.127296,0.171430,0.160384,0.003138,-0.001447,-0.006060,0.245901,-0.967806,0.053698,0.000000,0.000000,0.000000,-1,0.231476,-0.957779,0.040878,-0.180202,0.171631,0.115809,35.158401,197.238586,-595.609009,0,0
3.240000,1.759074,1.326132,-1.148152,0.792439,0.561623,-0.237950,0.220916,0.099357,0.970219,0.568539,-0.821406,-0.045338,0.659246,0.296755,0.125366,0.679422,-0.179711,0.131810,0.113003,-0.015813,0.021519,0.002987,0.237950,-0.970219,0.045338,0.000000,0.000000,0.000000,-1,0.208679,-0.938782,0.054672,-0.178177,0.150300,0.099893,35.861572,197.590179,-596.949707,0,0
3.280000,1.751106,1.331461,-1.132684,0.789401,0.567854,-0.233213,0.214668,0.100567,0.971496,0.575121,-0.816963,-0.042512,0.657903,0.297354,0.129923,0.679606,-0.078361,0.223635,0.079917,-0.036039,0.042648,0.000441,0.233213,-0.971496,0.042512,0.000000,0.000000,0.000000,-1,0.178925,-0.928970,0.024353,-0.060764,0.274934,0.064425,35.509995,197.590179,-596.949707,0,0
3.320000,1.752932,1.333149,-1.129318,0.786783,0.572162,-0.231522,0.212845,0.100588,0.971895,0.579370,-0.813949,-0.042641,0.657426,0.298515,0.132276,0.679104,-0.037781,0.265961,0.076248,-0.052598,0.042924,-0.018288,0.231522,-0.971895,0.042641,0.000000,0.000000,0.000000,-1,0.184433,-0.903152,-0.050842,-0.014949,0.284464,0.065100,34.982605,195.304886,-596.111755,0,0
3.360000,1.776555,1.337362,-1.136466,0.777957,0.586095,-0.226440,0.209842,0.097340,0.972878,0.592240,-0.804374,-0.047261,0.657244,0.302755,0.139142,0.676025,0.061171,0.293980,0.015725,-0.007507,0.080986,-0.144444,0.226440,-0.972878,0.047261,0.000000,0.000000,0.000000,-1,0.270538,-0.885254,-0.137192,0.035986,0.297432,-0.020570,35.685776,196.711212,-594.771057,0,0
3.400000,1.794842,1.335284,-1.144251,0.771222,0.594521,-0.227509,0.212434,0.096540,0.972395,0.600073,-0.798263,-0.051843,0.656987,0.307067,0.141770,0.673780,0.053311,0.235921,-0.077744,0.088394,0.085691,-0.202188,0.227509,-0.972395,0.051843,0.000000,0.000000,0.000000,-1,0.369644,-0.900803,-0.114395,0.049326,0.199219,-0.103400,36.740524,197.062805,-595.776611,0,0
3.440000,1.806685,1.332189,-1.150417,0.767126,0.598922,-0.229805,0.215772,0.096456,0.971668,0.604120,-0.794977,-0.055237,0.656869,0.310067,0.142462,0.672374,0.090327,0.163772,-0.090545,0.148323,0.060413,-0.153702,0.229805,-0.971668,0.055237,0.000000,0.000000,0.000000,-1,0.372299,-0.938339,-0.068359,0.118237,0.087091,-0.086469,37.092117,197.765976,-596.111755,0,0
3.480000,1.838133,1.327533,-1.179925,0.764834,0.600881,-0.232315,0.222704,0.091771,0.970557,0.604509,-0.794053,-0.063630,0.658918,0.312476,0.141214,0.669510,0.215658,-0.008111,-0.005647,0.097610,0.016898,-0.088288,0.232315,-0.970557,0.063630,0.000000,0.000000,0.000000,-1,0.306305,-0.940231,0.002350,0.213998,-0.010576,0.005837,36.740524,196.359634,-594.771057,0,0
3.520000,1.881119,1.326019,-1.225202,0.765782,0.600271,-0.230765,0.228011,0.082094,0.970191,0.601322,-0.795572,-0.074002,0.662890,0.312376,0.139751,0.665934,0.327575,-0.027592,0.066000,0.062479,0.057426,-0.068982,0.230765,-0.970191,0.074002,0.000000,0.000000,0.000000,-1,0.285034,-0.883453,-0.014099,0.353572,-0.033301,0.070890,36.388947,196.008041,-595.776611,0,0
3.560000,1.924915,1.324674,-1.271561,0.767040,0.599521,-0.228527,0.232818,0.071824,0.969864,0.597868,-0.797130,-0.084487,0.667028,0.311958,0.138428,0.662264,0.390403,-0.046426,0.092216,0.052250,0.099976,-0.110305,0.228527,-0.969864,0.084487,0.000000,0.000000,0.000000,-1,0.263046,-0.876160,-0.060165,0.371698,-0.046828,0.097433,37.267914,196.535431,-595.944214,0,0
3.600000,1.998044,1.322493,-1.349839,0.769935,0.597639,-0.223668,0.239785,0.053862,0.969331,0.591357,-0.799954,-0.101835,0.674149,0.310548,0.136353,0.656118,0.312682,-0.052673,0.102430,0.024012,0.053422,-0.177763,0.223668,-0.969331,0.101835,0.000000,0.000000,0.000000,-1,0.225479,-0.953445,-0.078598,0.250358,-0.036177,0.101530,36.740524,194.953293,-595.441406,0,0
3.640000,2.029468,1.322694,-1.383597,0.771601,0.596784,-0.220184,0.241275,0.045702,0.969380,0.588574,-0.801099,-0.108726,0.677242,0.309365,0.135989,0.653563,0.208474,-0.040622,0.143675,-0.004531,0.010838,-0.179023,0.220184,-0.969380,0.108726,0.000000,0.000000,0.000000,-1,0.214249,-0.978821,-0.048935,0.153597,-0.022058,0.137383,35.158401,194.074341,-594.268311,0,0
3.680000,2.054861,1.324111,-1.410771,0.773194,0.596201,-0.216136,0.241071,0.038910,0.969727,0.586563,-0.801892,-0.113642,0.679692,0.307960,0.136248,0.651625,0.150936,-0.026104,0.108911,-0.001887,-0.009094,-0.162577,0.216136,-0.969727,0.113642,0.000000,0.000000,0.000000,-1,0.210571,-1.028046,-0.043549,0.070305,-0.034457,0.054981,34.455231,195.129089,-594.603455,0,0
3.720000,2.074490,1.323994,-1.433035,0.774939,0.594718,-0.213964,0.241990,0.033550,0.969698,0.583875,-0.803234,-0.117917,0.681782,0.306809,0.135641,0.650110,0.092069,-0.032459,-0.006729,0.013362,-0.071119,-0.144559,0.213964,-0.969698,0.117917,0.000000,0.000000,0.000000,-1,0.288498,-1.021362,0.026398,0.079619,-0.009272,-0.084743,34.806824,195.129089,-593.933105,0,0
3.760000,2.066810,1.320611,-1.426713,0.774941,0.593341,-0.217746,0.245018,0.035549,0.968867,0.582609,-0.804166,-0.117831,0.681400,0.307587,0.133865,0.650511,0.131212,-0.001878,-0.133922,0.087964,-0.046804,-0.066286,0.217746,-0.968867,0.117831,0.000000,0.000000,0.000000,-1,0.279617,-1.078400,0.095627,0.111542,0.057678,-0.174729,34.806824,196.887009,-594.938660,0,0
3.800000,2.075325,1.312446,-1.432596,0.771688,0.595380,-0.223653,0.253050,0.035196,0.966813,0.583493,-0.802673,-0.123501,0.681908,0.311050,0.131924,0.648726,0.117750,0.154534,-0.171690,0.055965,-0.111587,-0.027874,0.223653,-0.966813,0.123501,0.000000,0.000000,0.000000,-1,0.284836,-1.169708,0.010544,0.048962,0.125606,-0.160649,36.037369,195.656464,-594.100708,0,0
3.840000,2.078306,1.307351,-1.431890,0.768385,0.598154,-0.227586,0.257901,0.036056,0.965498,0.585723,-0.800570,-0.126559,0.681705,0.313939,0.131338,0.647665,0.040952,0.067117,-0.119631,0.069533,-0.210695,-0.132052,0.227586,-0.965498,0.126559,0.000000,0.000000,0.000000,-1,0.329330,-1.140518,-0.004303,-0.017250,-0.014405,-0.069058,34.982605,196.711212,-592.089661,0,0
3.880000,2.073397,1.304717,-1.428007,0.768340,0.597122,-0.230432,0.260275,0.037419,0.964809,0.584732,-0.801277,-0.126665,0.681466,0.314541,0.129977,0.647899,-0.001703,-0.029701,-0.036803,0.089804,-0.189839,-0.103487,0.230432,-0.964809,0.126665,0.000000,0.000000,0.000000,-1,0.264465,-1.189545,0.035736,-0.036106,0.046444,-0.018005,37.267914,195.480667,-592.592407,0,0
3.920000,2.074427,1.305461,-1.426798,0.767183,0.598899,-0.229673,0.259518,0.037631,0.965005,0.586583,-0.799940,-0.126556,0.681195,0.315041,0.130987,0.647738,-0.020365,0.066425,0.049272,0.009921,-0.184653,-0.098022,0.229673,-0.965005,0.126556,0.000000,0.000000,0.000000,-1,0.231064,-1.069656,0.011597,-0.055101,0.056503,0.038567,35.861572,196.535431,-594.938660,0,0
3.960000,2.069785,1.307402,-1.421676,0.767280,0.599181,-0.228613,0.257470,0.038681,0.965512,0.587359,-0.799679,-0.124592,0.680660,0.314640,0.131764,0.648338,-0.083724,-0.059139,-0.014750,0.005716,-0.008030,-0.127109,0.228613,-0.965512,0.124592,0.000000,0.000000,0.000000,-1,0.235931,-0.925690,0.004013,-0.123980,-0.106445,-0.059363,33.400482,197.941757,-593.262756,0,0
4.000000,2.033592,1.308625,-1.390364,0.770084,0.594294,-0.231914,0.254971,0.046511,0.965830,0.584774,-0.802901,-0.115710,0.678101,0.313104,0.130091,0.652090,-0.129219,-0.238891,-0.095756,-0.001003,0.110468,-0.092075,0.231914,-0.965830,0.115710,0.000000,0.000000,0.000000,-1,0.206436,-0.768661,0.098160,-0.132221,-0.333483,-0.099996,35.861572,198.293350,-592.592407,0,0
4.040000,2.001012,1.307374,-1.371158,0.777384,0.582809,-0.236659,0.255215,0.051638,0.965504,0.574925,-0.810967,-0.108598,0.677190,0.309375,0.124879,0.655825,-0.057280,-0.421805,-0.059407,-0.041667,0.224782,0.015105,0.236659,-0.965504,0.108598,0.000000,0.000000,0.000000,-1,0.187256,-0.693909,0.211472,-0.076016,-0.457914,-0.039242,34.982605,196.008041,-592.089661,0,0
4.080000,1.959128,1.308578,-1.353677,0.791350,0.562318,-0.239922,0.253137,0.055841,0.965817,0.556494,-0.825033,-0.098154,0.677064,0.301100,0.116891,0.661256,-0.184269,-0.580974,0.021008,-0.041970,0.291104,0.180838,0.239922,-0.965817,0.098154,0.000000,0.000000,0.000000,-1,0.197617,-0.668655,0.358994,-0.257270,-0.588660,0.021247,33.927856,197.062805,-593.765503,0,0
4.120000,1.915653,1.312501,-1.326708,0.801233,0.547939,-0.240394,0.247861,0.061731,0.966827,0.544602,-0.834238,-0.086352,0.675621,0.294470,0.112566,0.666448,-0.305475,-0.543647,0.046310,-0.034553,0.288330,0.304273,0.240394,-0.966827,0.086352,0.000000,0.000000,0.000000,-1,0.280121,-0.779556,0.437057,-0.303707,-0.438408,0.003998,33.927856,197.062805,-593.765503,0,0
4.160000,1.862563,1.315858,-1.290267,0.810915,0.532994,-0.241527,0.242327,0.069821,0.967679,0.532630,-0.843234,-0.072540,0.673356,0.287857,0.108079,0.672346,-0.117788,-0.382365,-0.033519,0.038594,0.188123,0.364518,0.241527,-0.967679,0.072540,0.000000,0.000000,0.000000,-1,0.444290,-0.958359,0.208801,0.191807,-0.268385,-0.040964,33.048904,197.941757,-592.592407,0,0
4.200000,1.909282,1.310586,-1.353114,0.818280,0.521077,-0.242685,0.251212,0.055565,0.966336,0.517021,-0.851699,-0.085434,0.679733,0.284042,0.100898,0.668657,0.667527,-0.269297,0.067565,0.215429,-0.059116,-0.030349,0.242686,-0.966336,0.085434,0.000000,0.000000,0.000000,-1,0.419098,-1.040009,-0.042511,0.700956,-0.305449,0.084131,32.521530,197.414383,-592.089661,0,0
4.240000,1.997223,1.303502,-1.460483,0.827246,0.507778,-0.240471,0.262518,0.029077,0.964489,0.496739,-0.860997,-0.109247,0.690546,0.278872,0.092777,0.660885,0.659443,-0.489468,0.082302,0.119621,-0.046726,-0.176568,0.240471,-0.964489,0.109247,0.000000,0.000000,0.000000,-1,0.288635,-0.976822,-0.046219,0.394596,-0.505161,0.014813,30.763611,197.414383,-591.084106,0,0
4.280000,2.027135,1.298736,-1.507335,0.834968,0.494613,-0.241219,0.268176,0.017042,0.963219,0.480531,-0.868946,-0.118414,0.695762,0.274084,0.085989,0.658330,0.248214,-0.500735,0.001373,0.010291,0.006157,-0.145163,0.241219,-0.963219,0.118414,0.000000,0.000000,0.000000,-1,0.164291,-0.916275,0.061523,-0.158998,-0.430415,-0.045093,31.466766,195.656464,-591.084106,0,0
4.320000,1.962380,1.302161,-1.462716,0.844786,0.475554,-0.245325,0.263867,0.028630,0.964134,0.465522,-0.879220,-0.101297,0.692361,0.266993,0.079509,0.665605,-0.574548,-0.375925,-0.033197,-0.126734,0.028648,0.052115,0.245325,-0.964134,0.101297,0.000000,0.000000,0.000000,-1,0.096863,-0.952759,0.211853,-0.667496,-0.290402,-0.033152,30.412018,197.765976,-591.084106,0,0
