0.000000,-1.542137,0.646550,0.622670,0.374478,-0.472461,0.797839,-0.465496,0.648370,0.602436,-0.801922,-0.596990,0.022872,0.419296,-0.559152,-0.002311,0.715224,0.014431,0.022664,0.005092,0.004214,0.006949,-0.007628,-0.797900,-0.602347,-0.023103,0.000000,0.000000,0.000000,-1,-0.789032,-0.595078,-0.030212,0.016985,-0.080561,0.009750,121.592972,189.637344,-764.870911,0,0
0.040000,-1.541383,0.646323,0.622966,0.375116,-0.471752,0.797958,-0.465767,0.648344,0.602255,-0.801466,-0.597579,0.023477,0.419314,-0.558961,-0.002092,0.715356,0.017606,0.019485,0.002944,0.008926,0.007178,-0.006735,-0.797958,-0.602255,-0.023477,0.000000,0.000000,0.000000,-1,-0.785461,-0.598618,-0.025955,0.014826,-0.082694,0.001274,120.892151,188.589630,-765.872925,0,0
0.080000,-1.540924,0.647235,0.623919,0.376358,-0.471711,0.797398,-0.466064,0.647453,0.602983,-0.800711,-0.598576,0.023827,0.419845,-0.558406,-0.001973,0.715479,0.018583,0.023693,-0.020499,0.013249,0.002718,0.003807,-0.797398,-0.602983,-0.023827,0.000000,0.000000,0.000000,-1,-0.791458,-0.602036,-0.025131,0.017953,-0.075300,-0.016878,120.366531,188.764252,-767.041931,0,0
0.120000,-1.540710,0.648338,0.624898,0.377506,-0.471926,0.796728,-0.466308,0.646457,0.603862,-0.800029,-0.599482,0.023978,0.420437,-0.557892,-0.001963,0.715531,0.021749,0.013082,-0.024745,0.005163,0.002864,-0.002465,-0.796728,-0.603862,-0.023978,0.000000,0.000000,0.000000,-1,-0.788940,-0.605865,-0.030624,0.012619,-0.088026,-0.018889,120.892151,190.685074,-766.874939,0,0
0.160000,-1.540293,0.649190,0.625209,0.378383,-0.472109,0.796203,-0.466208,0.645895,0.604542,-0.799673,-0.599944,0.024295,0.420771,-0.557498,-0.002062,0.715642,0.006876,0.017333,-0.021413,0.007263,-0.001324,-0.006330,-0.796203,-0.604541,-0.024295,0.000000,0.000000,0.000000,-1,-0.786865,-0.607117,-0.029526,-0.013929,-0.069996,-0.014423,120.892151,188.938873,-766.874939,0,0
0.200000,-1.537329,0.650795,0.623778,0.380823,-0.471910,0.795157,-0.464716,0.645773,0.605819,-0.799383,-0.600232,0.026621,0.420841,-0.556401,-0.002510,0.716453,-0.028192,0.050205,-0.022257,0.013037,-0.003114,0.000514,-0.795157,-0.605819,-0.026621,0.000000,0.000000,0.000000,-1,-0.778748,-0.604706,-0.024155,-0.017108,-0.040315,-0.017713,121.417770,188.764252,-766.373901,0,0
0.240000,-1.534842,0.652438,0.623296,0.383345,-0.471660,0.794093,-0.463823,0.645188,0.607125,-0.798696,-0.601057,0.028563,0.421187,-0.555266,-0.002732,0.717129,0.010075,0.058675,-0.026991,0.017420,0.001641,0.004729,-0.794093,-0.607125,-0.028563,0.000000,0.000000,0.000000,-1,-0.770462,-0.595566,-0.027969,0.044493,-0.056237,-0.031084,121.768188,189.462723,-765.371887,0,0
0.280000,-1.534424,0.653854,0.624804,0.385048,-0.471741,0.793220,-0.464292,0.643789,0.608250,-0.797603,-0.602492,0.028864,0.422017,-0.554499,-0.002596,0.717234,0.056789,0.035329,-0.040174,0.022758,0.012684,0.000895,-0.793220,-0.608250,-0.028864,0.000000,0.000000,0.000000,-1,-0.778214,-0.587692,-0.030060,0.061458,-0.078519,-0.042860,121.592972,187.891144,-765.872925,0,0
0.320000,-1.535444,0.655773,0.628306,0.386780,-0.472237,0.792082,-0.465857,0.641214,0.609772,-0.795851,-0.604844,0.028014,0.423542,-0.553719,-0.002225,0.716939,0.045011,0.009858,-0.056933,0.014509,0.023056,0.002287,-0.792082,-0.609772,-0.028014,0.000000,0.000000,0.000000,-1,-0.776718,-0.594604,-0.017685,0.011376,-0.099757,-0.064562,122.118591,187.367294,-765.705933,0,0
0.360000,-1.536362,0.658325,0.629071,0.387599,-0.474130,0.790549,-0.465430,0.639597,0.611793,-0.795702,-0.605076,0.027232,0.424491,-0.553346,-0.003035,0.716664,-0.010369,-0.011392,-0.079620,0.015098,0.014426,0.006297,-0.790549,-0.611793,-0.027232,0.000000,0.000000,0.000000,-1,-0.776794,-0.603363,-0.017822,-0.004619,-0.105075,-0.076063,121.242569,187.891144,-767.208923,0,0
0.400000,-1.536600,0.662490,0.629321,0.389463,-0.476834,0.788002,-0.464086,0.637415,0.615082,-0.795577,-0.605253,0.026957,0.425761,-0.552493,-0.004448,0.716561,0.032191,0.004521,-0.073785,0.011742,-0.000015,-0.012212,-0.788002,-0.615082,-0.026957,0.000000,0.000000,0.000000,-1,-0.776840,-0.626633,-0.042603,0.036906,-0.084912,-0.063847,121.768188,188.415009,-766.707886,0,0
0.440000,-1.535679,0.665206,0.630108,0.391830,-0.477697,0.786305,-0.463601,0.635698,0.617221,-0.794697,-0.606377,0.027624,0.426763,-0.551417,-0.004916,0.716790,0.042875,0.042720,-0.064521,0.011112,-0.010556,-0.013437,-0.786304,-0.617221,-0.027624,0.000000,0.000000,0.000000,-1,-0.780945,-0.634369,-0.027985,0.063535,-0.049916,-0.057916,121.592972,188.240387,-767.208923,0,0
0.480000,-1.535689,0.669018,0.633574,0.395247,-0.478754,0.783948,-0.464406,0.632186,0.620216,-0.792532,-0.609208,0.027534,0.428814,-0.549865,-0.005005,0.716758,0.111975,0.050141,-0.067474,-0.000857,-0.013268,0.006690,-0.783948,-0.620216,-0.027534,0.000000,0.000000,0.000000,-1,-0.787781,-0.612900,-0.015671,0.143284,-0.073228,-0.050180,121.417770,188.764252,-765.037903,0,0
0.520000,-1.541265,0.670776,0.642736,0.396049,-0.479646,0.782998,-0.469524,0.627031,0.621594,-0.789109,-0.613818,0.023130,0.431824,-0.549512,-0.003538,0.715229,0.129032,-0.028291,-0.041749,-0.005515,0.024396,-0.001132,-0.782998,-0.621594,-0.023130,0.000000,0.000000,0.000000,-1,-0.790604,-0.581360,-0.035446,0.110331,-0.142119,-0.034614,121.592972,188.589630,-767.208923,0,0
0.560000,-1.544059,0.670078,0.645893,0.395032,-0.479676,0.783493,-0.471762,0.625892,0.621048,-0.788283,-0.614956,0.020954,0.432489,-0.549979,-0.002769,0.714471,0.075899,-0.044163,-0.028276,-0.009857,0.045196,-0.016995,-0.783493,-0.621047,-0.020954,0.000000,0.000000,0.000000,-1,-0.792465,-0.569168,-0.036804,0.060494,-0.112390,-0.005478,122.994629,189.637344,-766.874939,0,0
0.600000,-1.545637,0.669661,0.648714,0.394943,-0.479273,0.783784,-0.473683,0.624765,0.620720,-0.787175,-0.616414,0.019723,0.433144,-0.550022,-0.001957,0.714043,0.054838,0.040717,0.009888,-0.005858,0.047356,-0.015677,-0.783784,-0.620720,-0.019723,0.000000,0.000000,0.000000,-1,-0.786011,-0.587250,-0.026886,0.055360,-0.040245,0.028292,121.768188,189.113495,-765.037903,0,0
0.640000,-1.544583,0.667731,0.651470,0.396173,-0.476326,0.784959,-0.476129,0.624409,0.619206,-0.785079,-0.619054,0.020581,0.433354,-0.549467,-0.000069,0.714346,0.031485,0.024844,0.025132,0.004884,0.019581,-0.009723,-0.784959,-0.619206,-0.020581,0.000000,0.000000,0.000000,-1,-0.781586,-0.603867,-0.031387,0.019184,-0.084772,0.029955,122.469009,189.462723,-765.705933,0,0
0.680000,-1.543904,0.666507,0.651544,0.396158,-0.475112,0.785702,-0.476633,0.624976,0.618244,-0.784780,-0.619414,0.021135,0.433027,-0.549473,0.000532,0.714540,0.001687,0.002590,0.024511,0.005047,0.010578,-0.010863,-0.785702,-0.618245,-0.021135,0.000000,0.000000,0.000000,-1,-0.781128,-0.615250,-0.027039,-0.007397,-0.083713,0.029180,122.469009,190.161209,-766.039917,0,0
0.720000,-1.542444,0.665599,0.650892,0.396562,-0.473898,0.786231,-0.476566,0.625733,0.617530,-0.784617,-0.619580,0.022298,0.432588,-0.549289,0.000933,0.714946,-0.003578,0.025857,0.021266,0.005454,-0.001244,-0.000530,-0.786231,-0.617530,-0.022298,0.000000,0.000000,0.000000,-1,-0.784454,-0.614090,-0.020905,0.007444,-0.098569,0.020573,121.592972,188.589630,-765.872925,0,0
0.760000,-1.543217,0.664653,0.651647,0.395861,-0.473487,0.786832,-0.477392,0.625837,0.616786,-0.784468,-0.619789,0.021706,0.432527,-0.549607,0.001366,0.714738,0.016561,-0.023984,0.014891,0.002637,0.007991,-0.000450,-0.786832,-0.616786,-0.021706,0.000000,0.000000,0.000000,-1,-0.781586,-0.611618,-0.023254,0.019104,-0.122960,0.016300,122.644211,188.938873,-763.868896,0,0
0.800000,-1.544069,0.664218,0.652337,0.395312,-0.473470,0.787118,-0.477987,0.625720,0.616444,-0.784383,-0.619920,0.021042,0.432594,-0.549856,0.001580,0.714506,0.020811,-0.009144,0.011587,0.007363,0.006977,-0.003387,-0.787118,-0.616443,-0.021042,0.000000,0.000000,0.000000,-1,-0.773056,-0.605057,-0.020370,0.019136,-0.095390,0.019367,121.768188,188.065765,-765.037903,0,0
0.840000,-1.544372,0.663794,0.653028,0.395199,-0.473120,0.787385,-0.478578,0.625597,0.616110,-0.784080,-0.620311,0.020811,0.432663,-0.549906,0.001910,0.714424,0.016594,0.007830,0.017939,0.014329,0.011053,0.000441,-0.787385,-0.616110,-0.020811,0.000000,0.000000,0.000000,-1,-0.769958,-0.605591,-0.015564,0.010662,-0.091138,0.026887,121.768188,189.113495,-765.371887,0,0
0.880000,-1.544118,0.662860,0.653759,0.395296,-0.472088,0.787955,-0.479385,0.625704,0.615373,-0.783537,-0.620989,0.021026,0.432599,-0.549859,0.002553,0.714497,-0.002477,0.026842,0.022322,0.014823,0.002596,0.004104,-0.787955,-0.615373,-0.021026,0.000000,0.000000,0.000000,-1,-0.771896,-0.606537,-0.018829,-0.003138,-0.075231,0.029095,122.118591,189.113495,-765.371887,0,0
0.920000,-1.543476,0.662308,0.653678,0.395496,-0.471377,0.788281,-0.479541,0.626012,0.614938,-0.783341,-0.621219,0.021542,0.432418,-0.549767,0.002856,0.714677,-0.008850,0.018363,0.025619,0.013104,0.005533,0.001476,-0.788281,-0.614938,-0.021542,0.000000,0.000000,0.000000,-1,-0.775238,-0.611511,-0.022156,-0.010583,-0.084772,0.030283,121.943390,189.986588,-764.870911,0,0
0.960000,-1.542643,0.661828,0.653250,0.395717,-0.470728,0.788557,-0.479452,0.626452,0.614560,-0.783284,-0.621267,0.022207,0.432163,-0.549665,0.003051,0.714908,-0.012042,0.020483,0.024575,0.013319,0.003049,0.000051,-0.788557,-0.614560,-0.022207,0.000000,0.000000,0.000000,-1,-0.787384,-0.612778,-0.024597,-0.011626,-0.067805,0.032346,120.892151,189.637344,-765.872925,0,0
1.000000,-1.539695,0.660089,0.652546,0.396861,-0.468085,0.789556,-0.479659,0.627637,0.613187,-0.782578,-0.622067,0.024564,0.431468,-0.549139,0.004043,0.715727,-0.003471,0.052190,0.037180,0.008824,0.007276,-0.005008,-0.789556,-0.613187,-0.024564,0.000000,0.000000,0.000000,-1,-0.775314,-0.610046,-0.032806,-0.003070,-0.047647,0.041734,121.592972,188.938873,-766.206909,0,0
1.040000,-1.536601,0.659035,0.651814,0.398435,-0.465788,0.790121,-0.479591,0.628502,0.612354,-0.781820,-0.622918,0.027029,0.430959,-0.548416,0.004816,0.716583,-0.020465,0.069162,0.039410,0.017218,0.002674,-0.004297,-0.790121,-0.612354,-0.027029,0.000000,0.000000,0.000000,-1,-0.769135,-0.607224,-0.025070,-0.021123,-0.031741,0.043988,122.644211,188.938873,-768.210938,0,0
1.080000,-1.534231,0.658357,0.651145,0.399651,-0.464151,0.790470,-0.479422,0.629152,0.611818,-0.781302,-0.623483,0.028917,0.430576,-0.547856,0.005323,0.717238,-0.018348,0.064916,0.037271,0.021366,0.002016,0.007600,-0.790470,-0.611818,-0.028917,0.000000,0.000000,0.000000,-1,-0.774170,-0.610489,-0.025070,-0.012661,-0.057195,0.037628,121.592972,188.938873,-766.540894,0,0
1.120000,-1.532912,0.657734,0.650989,0.400310,-0.462999,0.790812,-0.479555,0.629531,0.611325,-0.780883,-0.623957,0.029974,0.430350,-0.547551,0.005768,0.717603,-0.004622,0.018235,0.020301,0.011256,0.001065,0.006124,-0.790812,-0.611325,-0.029974,0.000000,0.000000,0.000000,-1,-0.773712,-0.604279,-0.023087,0.000031,-0.091138,0.027004,122.118591,190.510452,-766.707886,0,0
1.160000,-1.534550,0.657238,0.652182,0.399346,-0.463233,0.791162,-0.480489,0.629199,0.610933,-0.780803,-0.624119,0.028689,0.430540,-0.547988,0.006015,0.717153,0.030416,-0.032666,0.016945,0.019281,0.007280,0.003070,-0.791162,-0.610933,-0.028689,0.000000,0.000000,0.000000,-1,-0.774780,-0.603165,-0.024994,0.033970,-0.135685,0.014066,121.943390,188.589630,-766.874939,0,0
1.200000,-1.536586,0.657155,0.653559,0.398354,-0.463903,0.791270,-0.481386,0.628577,0.610867,-0.780757,-0.624248,0.027080,0.430899,-0.548439,0.006100,0.716591,0.030277,-0.033901,0.007566,0.014399,0.007718,0.001888,-0.791270,-0.610867,-0.027080,0.000000,0.000000,0.000000,-1,-0.778473,-0.607590,-0.027924,0.016965,-0.122965,0.013133,121.943390,188.240387,-766.206909,0,0
1.240000,-1.537736,0.657134,0.654389,0.397832,-0.464276,0.791314,-0.481916,0.628187,0.610850,-0.780696,-0.624362,0.026171,0.431125,-0.548677,0.006157,0.716273,0.011162,0.000024,0.006555,0.011651,0.005137,-0.001753,-0.791314,-0.610850,-0.026171,0.000000,0.000000,0.000000,-1,-0.783875,-0.606689,-0.028732,0.013786,-0.094344,0.009847,121.242569,189.288101,-766.540894,0,0
1.280000,-1.537831,0.656988,0.655076,0.398006,-0.463971,0.791405,-0.482401,0.627927,0.610735,-0.780308,-0.624851,0.026099,0.431272,-0.548594,0.006433,0.716246,0.015414,0.001085,0.006502,0.005318,0.006853,0.002646,-0.791405,-0.610735,-0.026099,0.000000,0.000000,0.000000,-1,-0.783890,-0.605194,-0.017715,0.028671,-0.108122,0.012937,122.469009,187.018051,-766.707886,0,0
1.320000,-1.539118,0.656759,0.656365,0.397490,-0.464119,0.791578,-0.483296,0.627415,0.610554,-0.780017,-0.625255,0.025084,0.431564,-0.548826,0.006697,0.715889,0.034555,-0.012697,0.009545,0.006879,0.004566,0.008239,-0.791578,-0.610554,-0.025084,0.000000,0.000000,0.000000,-1,-0.787170,-0.597458,-0.022903,0.032898,-0.126150,0.009780,120.892151,189.288101,-766.540894,0,0
1.360000,-1.541292,0.656232,0.657906,0.396254,-0.464537,0.791952,-0.484459,0.626925,0.610135,-0.779925,-0.625437,0.023372,0.431844,-0.549386,0.006963,0.715289,0.012012,-0.034068,0.003707,0.004324,0.015714,-0.001286,-0.791952,-0.610135,-0.023372,0.000000,0.000000,0.000000,-1,-0.789291,-0.595688,-0.029053,0.002058,-0.132513,0.009085,120.541733,187.541901,-766.874939,0,0
1.400000,-1.541521,0.654985,0.657390,0.395233,-0.464101,0.792717,-0.484600,0.627776,0.609147,-0.780355,-0.624906,0.023214,0.431348,-0.549847,0.007165,0.715231,-0.003864,0.006240,0.015412,0.003777,0.014619,-0.001185,-0.792717,-0.609147,-0.023214,0.000000,0.000000,0.000000,-1,-0.788773,-0.595078,-0.023453,0.001064,-0.094329,0.019561,120.892151,188.240387,-766.540894,0,0
1.440000,-1.541424,0.653767,0.657394,0.394720,-0.463275,0.793456,-0.485055,0.628361,0.608181,-0.780332,-0.624931,0.023313,0.431001,-0.550074,0.007613,0.715261,-0.001742,-0.009660,0.017596,0.008910,0.013958,-0.001498,-0.793456,-0.608181,-0.023313,0.000000,0.000000,0.000000,-1,-0.787064,-0.600372,-0.026703,-0.006400,-0.117656,0.018685,120.716949,189.462723,-764.369873,0,0
1.480000,-1.541501,0.653023,0.656636,0.393948,-0.463154,0.793910,-0.484855,0.629087,0.607590,-0.780846,-0.624290,0.023264,0.430580,-0.550426,0.007585,0.715245,-0.017951,-0.016190,0.010544,0.006114,0.008911,-0.003988,-0.793910,-0.607590,-0.023264,0.000000,0.000000,0.000000,-1,-0.789520,-0.598206,-0.026108,-0.014942,-0.109191,0.007040,121.242569,188.589630,-764.536865,0,0
1.520000,-1.541277,0.652654,0.655935,0.393619,-0.463059,0.794129,-0.484551,0.629604,0.607297,-0.781201,-0.623840,0.023449,0.430281,-0.550576,0.007511,0.715310,-0.008418,-0.007724,-0.000233,0.002869,0.006757,-0.002125,-0.794129,-0.607297,-0.023449,0.000000,0.000000,0.000000,-1,-0.786636,-0.596527,-0.020126,-0.010698,-0.110255,0.004870,121.242569,188.589630,-766.874939,0,0
1.560000,-1.541526,0.652222,0.655391,0.392964,-0.463156,0.794397,-0.484368,0.630075,0.606954,-0.781644,-0.623291,0.023259,0.430009,-0.550875,0.007414,0.715244,-0.014793,-0.023622,0.004168,0.003228,0.011175,-0.000285,-0.794397,-0.606954,-0.023259,0.000000,0.000000,0.000000,-1,-0.781281,-0.594879,-0.024399,-0.014944,-0.127210,0.010312,121.943390,190.335831,-765.538879,0,0
1.600000,-1.542024,0.651862,0.654839,0.392144,-0.463456,0.794627,-0.484153,0.630516,0.606667,-0.782189,-0.622622,0.022870,0.429755,-0.551249,0.007236,0.715110,-0.013715,-0.031036,0.009510,0.011714,0.011208,-0.001773,-0.794627,-0.606667,-0.022870,0.000000,0.000000,0.000000,-1,-0.787079,-0.593735,-0.025009,-0.018122,-0.128266,0.013543,120.541733,189.986588,-766.540894,0,0
1.640000,-1.541909,0.650967,0.653304,0.391090,-0.463421,0.795166,-0.483514,0.631689,0.605956,-0.783111,-0.621458,0.022977,0.429076,-0.551730,0.007024,0.715150,-0.036004,-0.021480,0.018226,0.012192,0.013244,-0.000781,-0.795166,-0.605956,-0.022977,0.000000,0.000000,0.000000,-1,-0.783157,-0.590836,-0.022629,-0.035103,-0.120835,0.020079,121.417770,189.811966,-765.037903,0,0
1.680000,-1.541528,0.650026,0.650908,0.389824,-0.463526,0.795727,-0.482344,0.633299,0.605207,-0.784462,-0.619739,0.023296,0.428144,-0.552309,0.006578,0.715266,-0.043726,-0.016382,0.012066,0.010418,0.005857,-0.001149,-0.795727,-0.605207,-0.023296,0.000000,0.000000,0.000000,-1,-0.793137,-0.600937,-0.025192,-0.043626,-0.113423,0.013757,122.469009,187.716522,-765.705933,0,0
1.720000,-1.541090,0.649588,0.648825,0.388991,-0.463788,0.795982,-0.481184,0.634514,0.604858,-0.785587,-0.618298,0.023653,0.427441,-0.552691,0.006079,0.715395,-0.035244,-0.030170,0.008843,0.005805,0.002441,-0.001387,-0.795982,-0.604858,-0.023653,0.000000,0.000000,0.000000,-1,-0.784805,-0.599380,-0.020416,-0.025580,-0.133571,0.010458,121.592972,188.589630,-766.874939,0,0
1.760000,-1.541784,0.649570,0.648145,0.388122,-0.464470,0.796009,-0.480759,0.634849,0.604844,-0.786277,-0.617442,0.023101,0.427250,-0.553088,0.005694,0.715205,-0.014017,-0.031247,-0.000960,0.010837,0.005861,0.006652,-0.796009,-0.604844,-0.023101,0.000000,0.000000,0.000000,-1,-0.785889,-0.593079,-0.015762,-0.013918,-0.129345,0.000737,121.242569,188.938873,-765.872925,0,0
1.800000,-1.543607,0.649699,0.647514,0.386455,-0.465920,0.795972,-0.480312,0.635090,0.604946,-0.787371,-0.616100,0.021647,0.427118,-0.553848,0.005034,0.714701,-0.013249,-0.034591,-0.013616,0.010404,0.008969,0.004755,-0.795972,-0.604946,-0.021647,0.000000,0.000000,0.000000,-1,-0.784653,-0.597198,-0.018982,-0.011838,-0.127244,-0.012060,121.242569,188.938873,-766.206909,0,0
1.840000,-1.544495,0.650214,0.646606,0.385579,-0.467144,0.795679,-0.479547,0.635278,0.605357,-0.788266,-0.614979,0.020932,0.427016,-0.554249,0.004340,0.714456,-0.010063,-0.045193,-0.012540,0.009592,0.000956,-0.001025,-0.795679,-0.605357,-0.020932,0.000000,0.000000,0.000000,-1,-0.774506,-0.586655,-0.017654,0.007297,-0.139963,-0.010086,120.716949,188.764252,-766.039917,0,0
1.880000,-1.545260,0.650572,0.646360,0.385033,-0.467936,0.795478,-0.479261,0.635222,0.605642,-0.788707,-0.614433,0.020318,0.427052,-0.554498,0.003964,0.714243,-0.030232,-0.019744,-0.009241,0.011070,0.016820,-0.001777,-0.795478,-0.605642,-0.020318,0.000000,0.000000,0.000000,-1,-0.788696,-0.604706,-0.020523,-0.047973,-0.121939,-0.009558,121.242569,190.335831,-765.538879,0,0
1.920000,-1.543677,0.651352,0.643074,0.385116,-0.468726,0.794972,-0.476887,0.636415,0.606262,-0.790104,-0.612594,0.021564,0.426362,-0.554467,0.002855,0.714685,-0.048321,-0.002791,-0.016566,0.009343,0.007736,0.004826,-0.794972,-0.606262,-0.021564,0.000000,0.000000,0.000000,-1,-0.781799,-0.599777,-0.017914,-0.039467,-0.110280,-0.011832,120.716949,188.764252,-765.705933,0,0
1.960000,-1.543501,0.651983,0.641848,0.384981,-0.469492,0.794586,-0.475878,0.636693,0.606763,-0.790778,-0.611718,0.021694,0.426202,-0.554531,0.002234,0.714732,-0.015344,0.003570,-0.013767,0.010864,0.007017,0.008251,-0.794586,-0.606764,-0.021694,0.000000,0.000000,0.000000,-1,-0.781555,-0.604645,-0.012436,-0.007545,-0.083772,-0.010176,121.417770,189.113495,-765.705933,0,0
2.000000,-1.543174,0.652702,0.642033,0.385668,-0.469678,0.794143,-0.475734,0.636255,0.607335,-0.790530,-0.612031,0.021942,0.426460,-0.554221,0.002118,0.714819,0.005691,0.040451,-0.017304,0.010253,0.002034,0.006622,-0.794143,-0.607335,-0.021942,0.000000,0.000000,0.000000,-1,-0.783234,-0.603867,-0.021042,0.013720,-0.054094,-0.015863,121.592972,188.589630,-766.206909,0,0
2.040000,-1.542063,0.653995,0.643024,0.387626,-0.469436,0.793332,-0.475893,0.635155,0.608362,-0.789476,-0.613358,0.022801,0.427103,-0.553337,0.002257,0.715119,0.017375,0.025606,-0.017369,0.010282,0.005365,0.000432,-0.793332,-0.608362,-0.022801,0.000000,0.000000,0.000000,-1,-0.783997,-0.600433,-0.021606,0.019037,-0.074232,-0.011576,122.469009,189.811966,-766.707886,0,0
2.080000,-1.541880,0.654612,0.644231,0.388631,-0.469247,0.792952,-0.476434,0.634280,0.608852,-0.788655,-0.614408,0.022935,0.427614,-0.552882,0.002512,0.715165,0.031207,0.019250,-0.013238,0.010268,0.008144,0.001298,-0.792952,-0.608852,-0.022935,0.000000,0.000000,0.000000,-1,-0.785278,-0.598969,-0.020782,0.032860,-0.076351,-0.010655,122.819412,188.065765,-766.707886,0,0
2.120000,-1.541818,0.655059,0.645709,0.389586,-0.468916,0.792679,-0.477207,0.633357,0.609206,-0.787716,-0.615610,0.022977,0.428151,-0.552448,0.002898,0.715178,0.022497,0.032855,-0.014248,0.006180,0.007415,0.002683,-0.792679,-0.609206,-0.022977,0.000000,0.000000,0.000000,-1,-0.789154,-0.599518,-0.021927,0.023319,-0.056202,-0.007449,122.469009,189.113495,-766.707886,0,0
2.160000,-1.541003,0.655118,0.646966,0.390844,-0.467961,0.792624,-0.477981,0.632729,0.609252,-0.786623,-0.616982,0.023622,0.428513,-0.551875,0.003501,0.715401,0.024657,0.045585,-0.007943,0.007987,0.015167,0.002473,-0.792624,-0.609252,-0.023622,0.000000,0.000000,0.000000,-1,-0.787048,-0.597534,-0.022736,0.024403,-0.054074,-0.002152,122.293793,189.637344,-767.208923,0,0
2.200000,-1.540154,0.654963,0.647831,0.391842,-0.467000,0.792698,-0.478585,0.632390,0.609130,-0.785758,-0.618056,0.024298,0.428706,-0.551419,0.004047,0.715634,0.017244,0.056194,-0.002587,0.006962,0.012908,0.002722,-0.792698,-0.609130,-0.024298,0.000000,0.000000,0.000000,-1,-0.779831,-0.598969,-0.029251,0.014867,-0.032863,0.002112,121.242569,189.986588,-766.540894,0,0
2.240000,-1.537422,0.654936,0.648088,0.394094,-0.465192,0.792645,-0.478757,0.632280,0.609108,-0.784526,-0.619531,0.026464,0.428763,-0.550391,0.004734,0.716386,-0.002932,0.073163,0.000750,0.011365,0.008614,-0.003108,-0.792645,-0.609108,-0.026464,0.000000,0.000000,0.000000,-1,-0.778320,-0.604553,-0.034348,-0.007432,-0.023313,0.007633,122.469009,188.415009,-766.707886,0,0
2.280000,-1.532057,0.654805,0.646746,0.397614,-0.462313,0.792572,-0.477957,0.632986,0.609005,-0.783237,-0.620964,0.030719,0.428343,-0.548783,0.005448,0.717865,-0.014740,0.096364,0.019910,0.015136,-0.000874,-0.000119,-0.792572,-0.609005,-0.030719,0.000000,0.000000,0.000000,-1,-0.777771,-0.607437,-0.031219,-0.000974,0.002156,0.023403,121.943390,188.240387,-766.874939,0,0
2.320000,-1.528699,0.654520,0.647447,0.400428,-0.459764,0.792638,-0.478505,0.632789,0.608778,-0.781467,-0.623053,0.033387,0.428442,-0.547488,0.006518,0.718785,0.030954,0.080457,0.017346,0.015721,0.003935,-0.000167,-0.792638,-0.608778,-0.033387,0.000000,0.000000,0.000000,-1,-0.785980,-0.610703,-0.038727,0.038306,-0.030724,0.014609,122.644211,188.589630,-766.540894,0,0
2.360000,-1.527444,0.654400,0.648735,0.401942,-0.458389,0.792668,-0.479364,0.632230,0.608683,-0.780162,-0.624632,0.034385,0.428756,-0.546787,0.007292,0.719124,0.028820,0.060317,0.019587,0.012913,0.013469,0.001869,-0.792668,-0.608683,-0.034385,0.000000,0.000000,0.000000,-1,-0.789490,-0.614883,-0.041016,0.051070,-0.043440,0.018780,121.417770,188.764252,-766.707886,0,0
2.400000,-1.526767,0.654132,0.652740,0.404173,-0.456181,0.792807,-0.481991,0.630435,0.608471,-0.777386,-0.628053,0.034929,0.429770,-0.545741,0.008970,0.719294,0.108531,0.057130,0.013401,0.016592,0.007565,-0.002256,-0.792807,-0.608471,-0.034929,0.000000,0.000000,0.000000,-1,-0.781418,-0.603394,-0.038467,0.115888,-0.044513,0.009561,121.242569,188.589630,-765.872925,0,0
2.440000,-1.527563,0.654339,0.656929,0.405563,-0.455116,0.792709,-0.484551,0.628311,0.608635,-0.775067,-0.630948,0.034293,0.430975,-0.545081,0.010234,0.719056,0.110451,0.058086,-0.004732,0.012375,0.007942,-0.000039,-0.792709,-0.608635,-0.034293,0.000000,0.000000,0.000000,-1,-0.777954,-0.589615,-0.026093,0.103080,-0.031814,-0.006311,120.892151,188.938873,-767.208923,0,0
2.480000,-1.528101,0.654689,0.661812,0.407536,-0.453691,0.792515,-0.487482,0.625769,0.608913,-0.772189,-0.634490,0.033857,0.432409,-0.544145,0.011751,0.718881,0.076382,0.064421,-0.019274,0.015430,0.021480,0.006574,-0.792515,-0.608913,-0.033857,0.000000,0.000000,0.000000,-1,-0.777847,-0.591461,-0.026993,0.069026,-0.044546,-0.012261,121.242569,189.986588,-765.204895,0,0
2.520000,-1.527689,0.655010,0.665573,0.409714,-0.452092,0.792305,-0.489711,0.623777,0.609167,-0.769622,-0.637585,0.034176,0.433521,-0.543113,0.013081,0.718969,0.036097,0.090958,0.005518,0.007927,0.002081,0.006084,-0.792305,-0.609167,-0.034176,0.000000,0.000000,0.000000,-1,-0.787506,-0.612427,-0.036209,0.034104,0.010632,0.019787,121.417770,189.462723,-766.039917,0,0
2.560000,-1.523771,0.654465,0.667721,0.413423,-0.448364,0.792497,-0.491256,0.622985,0.608735,-0.766648,-0.640984,0.037295,0.433919,-0.541356,0.014893,0.720018,0.058622,0.159930,0.044312,0.015534,-0.003936,-0.001935,-0.792497,-0.608735,-0.037295,0.000000,0.000000,0.000000,-1,-0.774460,-0.604324,-0.040314,0.068313,0.080660,0.055260,121.067352,188.764252,-766.707886,0,0
2.600000,-1.519306,0.652989,0.670122,0.417184,-0.443579,0.793218,-0.493307,0.622507,0.607563,-0.763286,-0.644766,0.040879,0.434108,-0.539547,0.017238,0.721209,0.051367,0.218299,0.082419,0.023641,0.019063,-0.000716,-0.793218,-0.607564,-0.040879,0.000000,0.000000,0.000000,-1,-0.792450,-0.603531,-0.052063,0.047201,0.126295,0.086135,120.892151,189.288101,-766.540894,0,0
2.640000,-1.510147,0.647969,0.674321,0.423501,-0.432755,0.795845,-0.497815,0.622804,0.603568,-0.756853,-0.651796,0.048326,0.433696,-0.536418,0.022476,0.723642,0.092951,0.244828,0.136064,0.030083,0.010993,0.001619,-0.795845,-0.603569,-0.048326,0.000000,0.000000,0.000000,-1,-0.773987,-0.598328,-0.054337,0.104827,0.149700,0.138580,120.716949,189.811966,-767.041931,0,0
2.680000,-1.505181,0.644409,0.678492,0.427262,-0.425519,0.797735,-0.501754,0.622392,0.600726,-0.752124,-0.656934,0.052419,0.433720,-0.534488,0.026291,0.724926,0.113221,0.234260,0.157158,0.028997,0.001147,-0.004207,-0.797735,-0.600726,-0.052419,0.000000,0.000000,0.000000,-1,-0.775345,-0.616470,-0.059906,0.113414,0.135954,0.163013,120.191330,189.986588,-764.870911,0,0
2.720000,-1.498726,0.640200,0.684189,0.432377,-0.416196,0.799895,-0.506885,0.621477,0.597355,-0.745733,-0.663737,0.057749,0.433921,-0.531825,0.031205,0.726568,0.111074,0.245913,0.149670,0.023177,-0.019313,-0.001287,-0.799895,-0.597355,-0.057749,0.000000,0.000000,0.000000,-1,-0.780304,-0.609222,-0.061371,0.116540,0.152887,0.142691,120.541733,189.288101,-767.876953,0,0
2.760000,-1.491444,0.636787,0.692682,0.439529,-0.405517,0.801480,-0.513444,0.618715,0.594615,-0.737014,-0.672866,0.063733,0.435052,-0.528075,0.037045,0.728350,0.152204,0.231986,0.083302,0.005795,-0.006505,-0.001956,-0.801480,-0.594615,-0.063733,0.000000,0.000000,0.000000,-1,-0.798340,-0.586853,-0.068024,0.153508,0.129473,0.082821,119.840912,190.335831,-766.206909,0,0
2.800000,-1.488420,0.634747,0.698394,0.443001,-0.399697,0.802491,-0.517749,0.616700,0.592974,-0.731906,-0.678177,0.066256,0.435903,-0.526176,0.040482,0.729033,0.148893,0.176824,0.062314,0.005967,0.014253,-0.002164,-0.802491,-0.592974,-0.066256,0.000000,0.000000,0.000000,-1,-0.792145,-0.578949,-0.070526,0.146939,0.045665,0.049233,120.191330,190.685074,-766.874939,0,0
2.840000,-1.487415,0.633780,0.704930,0.445832,-0.395515,0.802995,-0.522139,0.613740,0.592195,-0.727052,-0.683295,0.067111,0.437316,-0.524594,0.043415,0.729157,0.125189,0.084490,-0.001891,0.011171,0.009889,-0.003217,-0.802996,-0.592195,-0.067111,0.000000,0.000000,0.000000,-1,-0.790741,-0.580612,-0.068604,0.126466,-0.020157,-0.009813,119.665710,189.811966,-765.371887,0,0
2.880000,-1.487656,0.635518,0.711866,0.449302,-0.393636,0.801984,-0.525710,0.609322,0.593595,-0.722327,-0.688315,0.066831,0.439644,-0.522778,0.045296,0.728947,0.097385,0.067468,-0.040864,0.013074,0.018461,0.001203,-0.801984,-0.593595,-0.066831,0.000000,0.000000,0.000000,-1,-0.791245,-0.579208,-0.062561,0.081707,-0.040337,-0.033694,121.067352,190.161209,-766.039917,0,0
2.920000,-1.487692,0.636664,0.714484,0.450907,-0.393177,0.801308,-0.526858,0.607430,0.594517,-0.720489,-0.690247,0.066746,0.440662,-0.521962,0.045851,0.728883,0.016552,0.025007,-0.025959,0.008843,0.006214,0.005283,-0.801308,-0.594517,-0.066746,0.000000,0.000000,0.000000,-1,-0.782333,-0.584503,-0.058960,0.010499,-0.070005,-0.021074,118.964890,188.764252,-766.039917,0,0
2.960000,-1.487256,0.637593,0.715132,0.451963,-0.393145,0.800729,-0.526889,0.606671,0.595263,-0.719804,-0.690932,0.067049,0.441090,-0.521455,0.045866,0.728986,0.025045,0.048316,-0.034668,0.021065,0.021044,0.009737,-0.800729,-0.595263,-0.067049,0.000000,0.000000,0.000000,-1,-0.792984,-0.555466,-0.060425,0.052987,-0.055182,-0.034374,120.892151,189.986588,-766.874939,0,0
3.000000,-1.489576,0.637477,0.720705,0.452423,-0.392162,0.800951,-0.530307,0.603777,0.595170,-0.716999,-0.694019,0.065197,0.442563,-0.521094,0.047424,0.728251,0.111202,0.018652,-0.018450,0.013689,0.041184,0.005306,-0.800951,-0.595170,-0.065197,0.000000,0.000000,0.000000,-1,-0.797180,-0.587921,-0.055908,0.099836,-0.073172,-0.012471,119.840912,189.637344,-766.206909,0,0
3.040000,-1.489183,0.638286,0.723633,0.454280,-0.391047,0.800445,-0.531754,0.601861,0.595820,-0.714750,-0.696308,0.065473,0.443550,-0.520122,0.048300,0.728288,-0.019597,0.139459,-0.051589,-0.008393,0.004664,0.017468,-0.800445,-0.595820,-0.065473,0.000000,0.000000,0.000000,-1,-0.807739,-0.590759,-0.041611,-0.047985,0.084733,-0.055167,120.016129,190.859680,-765.371887,0,0
3.080000,-1.482952,0.639400,0.722069,0.458708,-0.388086,0.799360,-0.530373,0.602194,0.596714,-0.712946,-0.697676,0.070401,0.443315,-0.517949,0.048732,0.729949,-0.080089,0.262437,-0.049347,-0.007097,0.002628,0.033169,-0.799360,-0.596714,-0.070401,0.000000,0.000000,0.000000,-1,-0.795456,-0.599731,-0.032028,-0.080805,0.202435,-0.042572,122.118591,190.859680,-766.707886,0,0
3.120000,-1.469667,0.640619,0.720683,0.468255,-0.380163,0.797630,-0.529057,0.602381,0.597692,-0.707698,-0.701864,0.080940,0.442982,-0.513124,0.050754,0.733413,-0.019352,0.233744,0.001159,0.009452,0.005269,0.038536,-0.797630,-0.597692,-0.080940,0.000000,0.000000,0.000000,-1,-0.783127,-0.578842,-0.060989,0.000073,0.043484,0.010440,122.118591,189.113495,-767.041931,0,0
3.160000,-1.470220,0.639798,0.722544,0.468137,-0.379189,0.798163,-0.530502,0.601763,0.597033,-0.706693,-0.702920,0.080548,0.443234,-0.513098,0.051592,0.733220,0.029409,-0.065213,0.022184,0.015188,0.027606,0.020779,-0.798163,-0.597033,-0.080548,0.000000,0.000000,0.000000,-1,-0.785385,-0.565948,-0.058395,0.028705,-0.185480,0.037751,121.592972,189.986588,-767.876953,0,0
3.200000,-1.474841,0.637679,0.724348,0.464434,-0.380325,0.799784,-0.532424,0.601751,0.595332,-0.707690,-0.702316,0.076980,0.443199,-0.514863,0.051948,0.731978,0.022109,-0.093781,0.064948,0.012369,0.030803,0.017776,-0.799784,-0.595332,-0.076980,0.000000,0.000000,0.000000,-1,-0.777817,-0.581741,-0.050217,0.019355,-0.165254,0.092012,118.964890,191.208923,-766.707886,0,0
3.240000,-1.479036,0.630943,0.727527,0.459084,-0.377764,0.804075,-0.536989,0.603037,0.589906,-0.707732,-0.702596,0.073990,0.442170,-0.517195,0.054472,0.730772,0.021625,-0.002412,0.198571,0.042035,0.029497,0.015854,-0.804075,-0.589906,-0.073990,0.000000,0.000000,0.000000,-1,-0.786377,-0.556076,-0.076096,0.013561,-0.157601,0.246281,121.067352,191.208923,-766.373901,0,0
3.280000,-1.485112,0.618334,0.728095,0.448211,-0.374161,0.811856,-0.542238,0.608236,0.579679,-0.710693,-0.700038,0.069734,0.438817,-0.522085,0.057634,0.729071,-0.042709,-0.242799,0.386520,0.017804,0.009778,-0.006377,-0.811856,-0.579679,-0.069734,0.000000,0.000000,0.000000,-1,-0.776031,-0.599350,-0.055283,-0.039004,-0.348144,0.443444,118.964890,191.558167,-766.373901,0,0
3.320000,-1.492458,0.601028,0.729185,0.433968,-0.368262,0.822226,-0.549503,0.615035,0.565490,-0.713946,-0.697220,0.064544,0.434278,-0.528328,0.062333,0.726902,0.013249,-0.021016,0.519980,0.061071,-0.023102,0.011367,-0.822226,-0.565490,-0.064544,0.000000,0.000000,0.000000,-1,-0.781784,-0.646301,-0.062988,0.086009,0.043204,0.528588,119.140091,191.732788,-765.204895,0,0
3.360000,-1.489538,0.578741,0.739112,0.427230,-0.348236,0.834390,-0.563932,0.618711,0.546970,-0.706721,-0.704222,0.067951,0.430281,-0.529984,0.074177,0.726962,0.234301,0.279958,0.434264,0.047631,-0.130352,-0.011090,-0.834390,-0.546970,-0.067951,0.000000,0.000000,0.000000,-1,-0.785919,-0.690338,-0.085846,0.285475,0.203085,0.386321,117.563232,191.907410,-766.373901,0,0
3.400000,-1.487198,0.571013,0.751507,0.428733,-0.336522,0.838416,-0.574427,0.614744,0.540484,-0.697296,-0.713332,0.070254,0.431200,-0.528147,0.081818,0.726934,0.386661,0.301924,0.233562,0.060218,-0.153882,-0.036405,-0.838416,-0.540484,-0.070254,0.000000,0.000000,0.000000,-1,-0.725662,-0.616623,-0.080002,0.403781,0.236696,0.174250,116.862411,192.256653,-766.039917,0,0
3.440000,-1.483034,0.570575,0.764895,0.435806,-0.327476,0.838351,-0.582769,0.607170,0.540116,-0.685897,-0.723951,0.073765,0.434416,-0.523832,0.087735,0.727451,0.312727,0.427822,0.055088,0.112689,-0.076507,-0.006236,-0.838351,-0.540116,-0.073765,0.000000,0.000000,0.000000,-1,-0.770599,-0.566055,-0.093262,0.052567,0.383868,0.046619,116.687210,192.780502,-766.540894,0,0
3.480000,-1.460364,0.568555,0.762351,0.449281,-0.310905,0.837547,-0.581975,0.609438,0.538415,-0.677829,-0.729331,0.092870,0.432138,-0.516548,0.092400,0.733415,-0.298678,0.286816,0.063521,0.070091,-0.042960,-0.010127,-0.837547,-0.538415,-0.092870,0.000000,0.000000,0.000000,-1,-0.724167,-0.597076,-0.077545,-0.317500,0.108259,0.081726,116.687210,193.129745,-766.874939,0,0
3.520000,-1.446557,0.565225,0.749129,0.452681,-0.304802,0.837959,-0.575084,0.618389,0.535605,-0.681439,-0.724355,0.104646,0.427096,-0.515039,0.091619,0.737515,-0.247472,0.122604,0.143462,0.112068,-0.057137,0.034700,-0.837959,-0.535605,-0.104646,0.000000,0.000000,0.000000,-1,-0.746033,-0.559799,-0.062820,-0.236397,0.020411,0.180154,116.336792,193.828232,-766.540894,0,0
3.560000,-1.439975,0.559898,0.741632,0.451876,-0.300153,0.840069,-0.572351,0.624778,0.531100,-0.684268,-0.720806,0.110530,0.423252,-0.515357,0.092026,0.739457,-0.279039,0.075034,0.239748,0.074932,-0.022352,0.042399,-0.840069,-0.531100,-0.110530,0.000000,0.000000,0.000000,-1,-0.836823,-0.544952,-0.088562,-0.319045,-0.084407,0.276209,115.110352,193.653610,-767.375916,0,0
3.600000,-1.433552,0.541371,0.721190,0.439800,-0.293035,0.848944,-0.565861,0.643627,0.515311,-0.697408,-0.707018,0.117250,0.411984,-0.521195,0.091955,0.741734,-0.463646,-0.168593,0.391798,0.015357,-0.028451,0.027787,-0.848944,-0.515311,-0.117250,0.000000,0.000000,0.000000,-1,-0.804840,-0.579269,-0.085052,-0.434548,-0.282455,0.418787,115.285553,192.780502,-767.542908,0,0
3.640000,-1.434022,0.524112,0.708067,0.426005,-0.287921,0.857683,-0.563067,0.657656,0.500444,-0.708149,-0.696125,0.118046,0.403207,-0.527637,0.092716,0.741907,-0.208397,-0.149481,0.410164,0.070971,-0.093153,0.029209,-0.857683,-0.500444,-0.118046,0.000000,0.000000,0.000000,-1,-0.748810,-0.611496,-0.097733,-0.109327,-0.258116,0.384245,113.358292,194.352081,-769.045959,0,0
3.680000,-1.439937,0.516334,0.708015,0.417443,-0.286973,0.862200,-0.565547,0.660622,0.493695,-0.711265,-0.693704,0.113475,0.401044,-0.531438,0.094088,0.740193,0.038955,-0.261975,0.334525,0.117220,-0.133334,0.006755,-0.862200,-0.493695,-0.113475,0.000000,0.000000,0.000000,-1,-0.734467,-0.661453,-0.112915,0.073109,-0.433167,0.305372,115.285553,194.177475,-767.542908,0,0
3.720000,-1.461835,0.508798,0.710615,0.398294,-0.296099,0.868151,-0.569673,0.661951,0.487128,-0.718912,-0.688583,0.094971,0.400429,-0.540529,0.093175,0.734033,-0.102167,-0.463666,0.167829,0.118319,-0.192133,-0.010207,-0.868152,-0.487128,-0.094971,0.000000,0.000000,0.000000,-1,-0.817200,-0.700989,-0.111725,-0.188116,-0.509781,0.122447,113.183090,195.574432,-768.544922,0,0
3.760000,-1.470290,0.509654,0.698717,0.389061,-0.307125,0.868508,-0.561489,0.668362,0.487876,-0.730316,-0.677471,0.087586,0.397842,-0.545828,0.086839,0.732292,-0.327197,-0.317685,-0.048438,0.033593,-0.221216,-0.033981,-0.868508,-0.487876,-0.087586,0.000000,0.000000,0.000000,-1,-0.830872,-0.696060,-0.130753,-0.300439,-0.413609,-0.080983,113.183090,195.574432,-769.546997,0,0
3.800000,-1.476578,0.517915,0.687161,0.385380,-0.321338,0.865000,-0.551153,0.671667,0.495070,-0.740077,-0.667537,0.081741,0.397483,-0.548759,0.078571,0.731230,-0.141817,-0.300991,-0.231412,0.017679,-0.194689,-0.040665,-0.865000,-0.495070,-0.081741,0.000000,0.000000,0.000000,-1,-0.930206,-0.703430,-0.055908,-0.181735,-0.163623,-0.231276,113.883911,193.828232,-768.210938,0,0
3.840000,-1.471062,0.526371,0.676241,0.390529,-0.327572,0.860339,-0.541146,0.674356,0.502399,-0.744747,-0.661770,0.086091,0.396888,-0.547206,0.072811,0.733310,-0.339078,0.311815,-0.226684,-0.099606,-0.207471,0.039094,-0.860339,-0.502399,-0.086091,0.000000,0.000000,0.000000,-1,-0.967255,-0.755142,-0.081299,-0.393881,0.293379,-0.194834,114.409531,193.653610,-769.045959,0,0
3.880000,-1.445173,0.532366,0.658571,0.407270,-0.321582,0.854819,-0.527293,0.681418,0.507573,-0.745716,-0.657460,0.107953,0.393033,-0.539952,0.069398,0.741054,-0.261200,0.520719,-0.198702,-0.106103,-0.257808,0.044019,-0.854819,-0.507573,-0.107953,0.000000,0.000000,0.000000,-1,-0.970078,-0.757187,-0.026428,-0.133191,0.573278,-0.195780,114.584732,194.177475,-769.212952,0,0
3.920000,-1.420964,0.538122,0.657080,0.427737,-0.310083,0.849052,-0.524483,0.679879,0.512525,-0.736178,-0.664540,0.128176,0.393599,-0.530086,0.071693,0.747628,0.179360,0.959680,-0.181073,-0.138344,-0.243945,0.110629,-0.849052,-0.512525,-0.128176,0.000000,0.000000,0.000000,-1,-1.049423,-0.718567,0.039505,0.563140,1.202206,-0.055245,114.759949,193.653610,-770.381958,0,0
3.960000,-1.374517,0.545624,0.685780,0.473262,-0.270415,0.838391,-0.541327,0.661554,0.518951,-0.694973,-0.699444,0.166705,0.401560,-0.505368,0.089288,0.758538,0.689733,1.289755,0.046894,-0.183506,-0.149460,0.217197,-0.838391,-0.518951,-0.166705,0.000000,0.000000,0.000000,-1,-0.859833,-0.593491,0.180038,0.970207,0.458122,0.062763,115.460770,192.955124,-772.052002,0,0
4.000000,-1.428058,0.553097,0.743081,0.456554,-0.286665,0.842248,-0.575686,0.626594,0.525325,-0.678340,-0.724709,0.121044,0.420986,-0.512102,0.097336,0.742326,1.410213,-1.841066,0.028617,0.076043,0.078624,0.185421,-0.842248,-0.525325,-0.121044,0.000000,0.000000,0.000000,-1,-0.750153,-0.409073,0.011673,1.375281,-2.114001,0.025230,115.635971,194.526703,-768.544922,0,0
4.040000,-1.515030,0.557202,0.792186,0.415016,-0.331124,0.847419,-0.604208,0.584636,0.529901,-0.679522,-0.733346,0.021300,0.445847,-0.539046,0.094354,0.708341,1.556156,-2.125598,-0.079152,0.122740,0.160181,-0.091691,-0.847792,-0.529901,-0.021300,0.000000,0.000000,0.000000,-1,-0.693008,-0.294571,-0.099091,1.661504,-2.215020,-0.176384,117.913651,194.352081,-763.701904,0,0
4.080000,-1.669160,0.564013,0.886098,0.349982,-0.412527,0.841031,-0.654636,0.534485,0.534582,-0.670048,-0.737664,-0.082995,0.473944,-0.562916,0.090192,0.671095,1.467229,-1.955232,-0.295939,0.093213,0.316229,-0.156359,-0.841031,-0.534582,0.082995,0.000000,0.000000,0.000000,-1,-0.844849,-0.191971,-0.065186,1.266679,-1.922652,-0.339292,118.789673,194.875946,-758.524780,0,0
4.120000,-1.755969,0.572722,0.928916,0.316412,-0.466376,0.826061,-0.673159,0.503167,0.541922,-0.668386,-0.727541,-0.154737,0.491930,-0.579114,0.080131,0.645144,0.230159,-1.236464,-0.318523,-0.137577,0.357413,-0.194486,-0.826061,-0.541922,0.154737,0.000000,0.000000,0.000000,-1,-1.051865,-0.209671,-0.036713,-0.198845,-1.076649,-0.353550,120.892151,192.780502,-757.188782,0,0
4.160000,-1.770594,0.585924,0.912475,0.307287,-0.488566,0.816626,-0.659079,0.509744,0.552970,-0.686432,-0.708142,-0.165366,0.490640,-0.584770,0.066339,0.642585,-1.102373,-0.501709,-0.284814,-0.278894,0.320258,-0.155677,-0.816626,-0.552970,0.165366,0.000000,0.000000,0.000000,-1,-0.771942,-0.403656,-0.006409,-1.678597,-0.877339,-0.343458,121.417770,191.907410,-757.689819,0,0
4.200000,-1.775579,0.620011,0.828455,0.281747,-0.534436,0.796867,-0.599733,0.550190,0.581044,-0.748959,-0.641615,-0.165504,0.473567,-0.598738,0.025291,0.645452,-1.158275,-1.558029,-0.515576,0.203910,0.113942,-0.107918,-0.796867,-0.581044,0.165504,0.000000,0.000000,0.000000,-1,-0.597443,-0.646637,0.133911,-0.708145,-1.442758,-0.571792,123.695450,189.986588,-759.192810,0,0
4.240000,-1.802831,0.643983,0.817513,0.268912,-0.567422,0.778279,-0.583347,0.547032,0.600385,-0.766416,-0.615457,-0.183900,0.475863,-0.604570,0.006233,0.638757,-0.127996,-0.265563,-0.481706,0.196888,-0.058001,0.026869,-0.778279,-0.600385,0.183900,0.000000,0.000000,0.000000,-1,-0.606827,-0.663696,0.197510,-0.305413,-0.296676,-0.580340,124.746689,192.431274,-757.522766,0,0
