0.000000,1.784988,0.060683,-0.108294,-0.204908,0.081886,-0.975350,0.107883,0.992312,0.060646,0.972818,-0.092797,-0.212166,0.061128,0.776110,-0.010357,0.627542,0.014089,-0.010348,-0.012440,-0.000588,-0.003121,0.001716,0.975350,-0.060646,0.212167,0.000000,0.000000,0.000000,-1,0.976624,-0.065292,0.214172,-0.009635,0.000855,-0.022300,56.253433,239.077087,-563.096863,0,0
0.040000,1.784949,0.060414,-0.108869,-0.204851,0.081740,-0.975374,0.108456,0.992266,0.060377,0.972766,-0.093417,-0.212132,0.061267,0.776088,-0.010643,0.627552,0.011992,-0.003925,-0.006043,-0.002382,-0.000917,-0.000645,0.975374,-0.060377,0.212132,0.000000,0.000000,0.000000,-1,0.974960,-0.064575,0.215485,-0.012812,0.003013,-0.018022,58.011368,241.186584,-561.756165,0,0
0.080000,1.785052,0.060372,-0.109204,-0.204928,0.081778,-0.975355,0.108789,0.992232,0.060336,0.972712,-0.093743,-0.212233,0.061385,0.776111,-0.010761,0.627509,0.013080,0.002454,-0.003938,-0.001600,-0.002180,0.001787,0.975355,-0.060336,0.212233,0.000000,0.000000,0.000000,-1,0.974823,-0.059921,0.211639,-0.010656,0.008348,-0.013798,56.780823,241.010788,-562.258911,0,0
0.120000,1.785203,0.060114,-0.109721,-0.205060,0.081648,-0.975338,0.109303,0.992191,0.060078,0.972627,-0.094288,-0.212383,0.061506,0.776150,-0.011019,0.627445,0.015221,0.004593,-0.001833,0.001820,0.000874,0.001514,0.975338,-0.060078,0.212383,0.000000,0.000000,0.000000,-1,0.973953,-0.060410,0.214890,-0.011693,0.021018,-0.018099,57.483978,241.010788,-562.929260,0,0
0.160000,1.785954,0.059831,-0.110224,-0.205780,0.081547,-0.975195,0.109805,0.992153,0.059795,0.972418,-0.094776,-0.213119,0.061617,0.776378,-0.011264,0.627147,0.006754,0.019445,0.000305,0.002115,0.002788,0.000305,0.975195,-0.059795,0.213119,0.000000,0.000000,0.000000,-1,0.972931,-0.056580,0.214111,-0.021229,0.030622,-0.010603,58.011368,240.835007,-562.761719,0,0
0.200000,1.786697,0.059719,-0.110250,-0.206512,0.081515,-0.975042,0.109831,0.992157,0.059684,0.972260,-0.094764,-0.213846,0.061596,0.776614,-0.011293,0.626857,-0.002800,0.025832,0.003545,-0.002661,0.003226,-0.002633,0.975043,-0.059684,0.213846,0.000000,0.000000,0.000000,-1,0.975403,-0.058197,0.212097,-0.033984,0.035940,-0.008394,57.835571,238.901291,-562.258911,0,0
0.240000,1.787767,0.059857,-0.109949,-0.207563,0.081687,-0.974805,0.109531,0.992182,0.059821,0.972070,-0.094354,-0.214887,0.061528,0.776954,-0.011112,0.626445,-0.010232,0.029050,0.007846,0.001361,0.000678,-0.000730,0.974805,-0.059821,0.214887,0.000000,0.000000,0.000000,-1,0.974152,-0.054291,0.204865,-0.042477,0.043366,-0.007290,56.077652,241.010788,-563.599609,0,0
0.280000,1.788931,0.060035,-0.109098,-0.208744,0.081792,-0.974544,0.108685,0.992264,0.059999,0.971912,-0.093394,-0.216019,0.061259,0.777340,-0.010740,0.625999,-0.023020,0.025854,0.006881,-0.001232,0.004136,-0.008011,0.974544,-0.059999,0.216019,0.000000,0.000000,0.000000,-1,0.974533,-0.058685,0.213120,-0.047815,0.034934,-0.002956,56.956604,240.835007,-561.756165,0,0
0.320000,1.789644,0.060374,-0.108412,-0.209458,0.082043,-0.974370,0.108002,0.992318,0.060338,0.971835,-0.092596,-0.216709,0.061102,0.777574,-0.010371,0.625730,-0.027258,0.030116,0.010089,0.000392,0.003117,-0.002156,0.974370,-0.060338,0.216709,0.000000,0.000000,0.000000,-1,0.972824,-0.057861,0.210434,-0.053138,0.032847,0.000289,57.132401,239.956039,-562.929260,0,0
0.360000,1.790228,0.060756,-0.107634,-0.210049,0.082304,-0.974220,0.107228,0.992379,0.060719,0.971793,-0.091710,-0.217274,0.060922,0.777769,-0.009962,0.625511,-0.030466,0.024827,0.011184,-0.001396,0.002857,-0.006840,0.974220,-0.060719,0.217273,0.000000,0.000000,0.000000,-1,0.972031,-0.056412,0.210495,-0.053167,0.027502,-0.005017,57.483978,239.956039,-561.923706,0,0
0.400000,1.790997,0.061216,-0.105981,-0.210885,0.082471,-0.974026,0.105585,0.992527,0.061178,0.971792,-0.089941,-0.218017,0.060426,0.778047,-0.009242,0.625225,-0.029432,0.018415,0.005864,-0.003841,0.001272,0.000291,0.974026,-0.061178,0.218016,0.000000,0.000000,0.000000,-1,0.974640,-0.062317,0.219604,-0.054230,0.024364,-0.000736,57.483978,241.010788,-561.588562,0,0
0.440000,1.791598,0.061652,-0.105216,-0.211487,0.082786,-0.973868,0.104822,0.992581,0.061613,0.971743,-0.089053,-0.218596,0.060266,0.778245,-0.008815,0.624999,-0.026246,0.018389,0.002642,-0.008872,0.002806,0.002611,0.973868,-0.061613,0.218596,0.000000,0.000000,0.000000,-1,0.974823,-0.064758,0.218826,-0.051052,0.019067,-0.000741,57.659775,239.780258,-563.096863,0,0
0.480000,1.792011,0.062172,-0.104514,-0.211893,0.083178,-0.973747,0.104122,0.992622,0.062132,0.971730,-0.088223,-0.218990,0.060157,0.778381,-0.008380,0.624848,-0.023057,0.014182,0.005833,0.002099,-0.002336,0.000004,0.973747,-0.062132,0.218991,0.000000,0.000000,0.000000,-1,0.969177,-0.065399,0.218216,-0.038294,0.020045,-0.009366,58.187149,241.362381,-562.929260,0,0
0.520000,1.792751,0.062940,-0.103629,-0.212609,0.083799,-0.973538,0.103239,0.992666,0.062899,0.971668,-0.087134,-0.219701,0.060055,0.778617,-0.007782,0.624571,-0.021991,0.012101,0.009030,-0.000942,-0.001554,0.008815,0.973537,-0.062899,0.219701,0.000000,0.000000,0.000000,-1,0.973709,-0.064438,0.228561,-0.048909,0.024353,-0.001843,57.483978,242.065552,-561.923706,0,0
0.560000,1.793586,0.063519,-0.103071,-0.213409,0.084313,-0.973318,0.102681,0.992687,0.063477,0.971552,-0.086395,-0.220506,0.060020,0.778878,-0.007356,0.624254,-0.020890,0.020622,0.013253,0.002924,-0.000900,0.009581,0.973318,-0.063477,0.220506,0.000000,0.000000,0.000000,-1,0.969910,-0.062927,0.224472,-0.039291,0.037050,-0.003030,57.659775,240.483414,-562.091309,0,0
0.600000,1.794997,0.064019,-0.102581,-0.214772,0.084813,-0.972975,0.102191,0.992705,0.063976,0.971303,-0.085689,-0.221872,0.059990,0.779318,-0.006966,0.623711,-0.012364,0.026943,0.008902,-0.007017,-0.000890,-0.000024,0.972975,-0.063976,0.221872,0.000000,0.000000,0.000000,-1,0.966385,-0.065811,0.222504,-0.037187,0.028577,-0.003015,57.308197,240.483414,-562.091309,0,0
0.640000,1.796047,0.064996,-0.102052,-0.215739,0.085734,-0.972680,0.101659,0.992697,0.064950,0.971145,-0.084870,-0.222879,0.060090,0.779634,-0.006387,0.623314,-0.014499,0.022773,0.013204,0.000403,-0.006018,-0.000436,0.972680,-0.064950,0.222879,0.000000,0.000000,0.000000,-1,0.974655,-0.067978,0.225525,-0.041424,0.030755,0.003402,55.901855,239.428665,-562.426514,0,0
0.680000,1.796857,0.065729,-0.101688,-0.216484,0.086433,-0.972453,0.101294,0.992686,0.065682,0.971017,-0.084284,-0.223656,0.060178,0.779876,-0.005963,0.623006,-0.016617,0.025964,0.014277,0.001821,-0.001915,0.003685,0.972453,-0.065682,0.223656,0.000000,0.000000,0.000000,-1,0.969406,-0.064148,0.222168,-0.040339,0.038159,0.002300,58.714523,240.131836,-562.761719,0,0
0.720000,1.797727,0.066212,-0.101333,-0.217312,0.086897,-0.972226,0.100938,0.992690,0.066164,0.970869,-0.083757,-0.224495,0.060192,0.780144,-0.005638,0.622672,-0.013416,0.029131,0.013175,-0.002820,0.002016,-0.002327,0.972226,-0.066164,0.224495,0.000000,0.000000,0.000000,-1,0.967529,-0.067703,0.220154,-0.037174,0.028626,0.002312,55.901855,240.131836,-564.102417,0,0
0.760000,1.798443,0.067237,-0.100688,-0.217964,0.087807,-0.971999,0.100290,0.992687,0.067187,0.970790,-0.082838,-0.225176,0.060260,0.780357,-0.005014,0.622404,-0.015609,0.011090,0.010065,-0.005644,-0.001844,-0.003969,0.971999,-0.067187,0.225176,0.000000,0.000000,0.000000,-1,0.971100,-0.064133,0.221924,-0.043598,0.021164,-0.002937,57.308197,239.428665,-562.761719,0,0
0.800000,1.798482,0.067425,-0.100099,-0.218035,0.087864,-0.971978,0.099705,0.992733,0.067374,0.970835,-0.082221,-0.225211,0.060089,0.780381,-0.004756,0.622392,-0.024140,0.011037,0.004802,-0.004204,0.002722,-0.008017,0.971978,-0.067374,0.225211,0.000000,0.000000,0.000000,-1,0.972672,-0.067078,0.219406,-0.054273,0.014782,-0.006026,57.132401,239.252869,-560.583008,0,0
0.840000,1.798461,0.067733,-0.099280,-0.218056,0.087981,-0.971962,0.098890,0.992794,0.067682,0.970913,-0.081359,-0.225186,0.059865,0.780390,-0.004382,0.622405,-0.031622,0.008930,0.004877,-0.001366,0.000558,-0.003124,0.971962,-0.067682,0.225185,0.000000,0.000000,0.000000,-1,0.970261,-0.071350,0.224579,-0.057472,0.015813,-0.009201,57.835571,239.604462,-562.258911,0,0
0.880000,1.798759,0.068547,-0.097485,-0.218427,0.088400,-0.971841,0.097102,0.992915,0.068493,0.971010,-0.079407,-0.225463,0.059417,0.780513,-0.003496,0.622299,-0.028455,0.003594,0.000615,-0.003518,0.000500,-0.001479,0.971841,-0.068493,0.225463,0.000000,0.000000,0.000000,-1,0.967819,-0.070740,0.225113,-0.053223,0.011585,-0.008153,57.483978,239.956039,-562.929260,0,0
0.920000,1.798933,0.069230,-0.096527,-0.218616,0.088865,-0.971756,0.096146,0.992961,0.069174,0.971063,-0.078308,-0.225621,0.059255,0.780576,-0.002925,0.622238,-0.024178,0.005762,0.005905,-0.003342,-0.006433,0.002894,0.971756,-0.069174,0.225621,0.000000,0.000000,0.000000,-1,0.970001,-0.075989,0.227493,-0.045756,0.012682,-0.003954,57.483978,240.307632,-561.923706,0,0
0.960000,1.799153,0.069897,-0.095960,-0.218818,0.089404,-0.971661,0.095578,0.992969,0.069840,0.971073,-0.077588,-0.225825,0.059240,0.780643,-0.002481,0.622159,-0.019932,0.004706,0.005888,-0.002804,-0.007095,0.002065,0.971661,-0.069840,0.225825,0.000000,0.000000,0.000000,-1,0.971313,-0.072418,0.227341,-0.040428,0.014789,-0.005069,56.605026,240.835007,-563.096863,0,0
1.000000,1.799522,0.070741,-0.095276,-0.219160,0.090099,-0.971520,0.094894,0.992975,0.070683,0.971063,-0.076700,-0.226170,0.059235,0.780754,-0.001927,0.622022,-0.013536,0.006834,0.006900,-0.003045,-0.004437,-0.000202,0.971520,-0.070683,0.226170,0.000000,0.000000,0.000000,-1,0.967514,-0.071579,0.225311,-0.037243,0.012660,-0.006151,56.605026,239.428665,-562.426514,0,0
1.040000,1.799615,0.071252,-0.094905,-0.219236,0.090519,-0.971464,0.094522,0.992974,0.071192,0.971082,-0.076217,-0.226252,0.059249,0.780779,-0.001609,0.621990,-0.009287,0.003655,0.006881,-0.003095,-0.002737,-0.000467,0.971464,-0.071192,0.226252,0.000000,0.000000,0.000000,-1,0.969604,-0.069199,0.221390,-0.037241,0.012670,-0.005085,56.780823,239.956039,-562.929260,0,0
1.080000,1.799554,0.071496,-0.094571,-0.219185,0.090677,-0.971461,0.094189,0.992988,0.071435,0.971126,-0.075843,-0.226189,0.059194,0.780763,-0.001411,0.622016,-0.013547,0.003654,0.006914,-0.003290,0.001443,-0.005043,0.971461,-0.071435,0.226189,0.000000,0.000000,0.000000,-1,0.967972,-0.071045,0.224213,-0.038315,0.009493,-0.005065,56.253433,240.131836,-561.756165,0,0
1.120000,1.799461,0.071933,-0.093851,-0.219120,0.090935,-0.971451,0.093471,0.993025,0.071871,0.971210,-0.075054,-0.226091,0.059048,0.780743,-0.001019,0.622056,-0.020984,0.000429,0.005912,-0.002777,0.002931,-0.001299,0.971451,-0.071871,0.226091,0.000000,0.000000,0.000000,-1,0.967422,-0.068466,0.223160,-0.047912,0.006298,-0.007109,58.011368,240.483414,-562.761719,0,0
1.160000,1.799230,0.072105,-0.093129,-0.218945,0.090926,-0.971491,0.092753,0.993079,0.072043,0.971319,-0.074335,-0.225864,0.058820,0.780687,-0.000734,0.622148,-0.029517,-0.002767,0.003858,-0.003382,0.001272,-0.002155,0.971491,-0.072043,0.225864,0.000000,0.000000,0.000000,-1,0.971817,-0.072464,0.223663,-0.058571,0.004163,-0.009149,57.659775,239.780258,-563.096863,0,0
1.200000,1.798859,0.072660,-0.091936,-0.218644,0.091175,-0.971536,0.091564,0.993149,0.072596,0.971499,-0.073085,-0.225495,0.058526,0.780591,-0.000157,0.622296,-0.028471,-0.007025,0.001737,-0.001870,-0.005635,-0.002274,0.971536,-0.072596,0.225495,0.000000,0.000000,0.000000,-1,0.966812,-0.079987,0.224854,-0.051137,-0.002194,-0.009183,57.308197,239.077087,-561.756165,0,0
1.240000,1.798332,0.073690,-0.090852,-0.218139,0.091895,-0.971581,0.090481,0.993173,0.073623,0.971714,-0.071850,-0.224965,0.058422,0.780429,0.000568,0.622509,-0.014657,-0.014450,0.000602,-0.006707,-0.007127,0.003551,0.971581,-0.073623,0.224965,0.000000,0.000000,0.000000,-1,0.963776,-0.079391,0.225784,-0.033057,-0.004366,-0.014642,58.187149,238.549713,-563.599609,0,0
1.280000,1.797974,0.073940,-0.090753,-0.217779,0.092091,-0.971644,0.090381,0.993164,0.073873,0.971804,-0.071730,-0.224613,0.058461,0.780313,0.000686,0.622650,0.002362,-0.019749,0.000494,-0.006327,-0.005473,-0.000401,0.971644,-0.073873,0.224613,0.000000,0.000000,0.000000,-1,0.972290,-0.076233,0.223892,-0.020295,-0.007567,-0.016859,56.956604,241.186584,-561.085815,0,0
1.320000,1.797309,0.073971,-0.090934,-0.217113,0.092112,-0.971791,0.090561,0.993145,0.073903,0.971937,-0.071961,-0.223967,0.058541,0.780100,0.000623,0.622910,0.009865,-0.017788,-0.008112,-0.005146,-0.003214,-0.000257,0.971791,-0.073903,0.223967,0.000000,0.000000,0.000000,-1,0.966492,-0.076248,0.224319,-0.010760,-0.022407,-0.017943,56.780823,238.901291,-562.258911,0,0
1.360000,1.796316,0.073817,-0.091515,-0.216108,0.092017,-0.972024,0.091138,0.993104,0.073750,0.972107,-0.072650,-0.223004,0.058720,0.779778,0.000353,0.623296,0.010940,-0.017746,-0.003856,0.000480,-0.005351,0.006259,0.972024,-0.073750,0.223004,0.000000,0.000000,0.000000,-1,0.971069,-0.078354,0.227707,-0.014957,-0.005420,-0.013713,57.308197,240.131836,-562.761719,0,0
1.400000,1.796140,0.073889,-0.091751,-0.215909,0.092124,-0.972058,0.091372,0.993077,0.073821,0.972129,-0.072880,-0.222832,0.058834,0.779714,0.000302,0.623365,0.006703,-0.009278,-0.004917,-0.000271,-0.003419,0.003166,0.972058,-0.073821,0.222832,0.000000,0.000000,0.000000,-1,0.970428,-0.075424,0.220734,-0.019205,-0.000143,-0.015830,57.659775,238.725494,-562.426514,0,0
1.440000,1.795775,0.073784,-0.091935,-0.215546,0.092037,-0.972147,0.091555,0.993068,0.073718,0.972192,-0.073116,-0.222478,0.058874,0.779598,0.000193,0.623507,0.008896,-0.012602,-0.009217,-0.005380,-0.000379,-0.003423,0.972147,-0.073718,0.222478,0.000000,0.000000,0.000000,-1,0.970642,-0.077591,0.220932,-0.014995,-0.011844,-0.021146,56.605026,241.186584,-561.756165,0,0
1.480000,1.794761,0.073514,-0.092209,-0.214560,0.091760,-0.972391,0.091830,0.993062,0.073448,0.972384,-0.073536,-0.221497,0.058897,0.779282,-0.000028,0.623900,0.007825,-0.012623,-0.011336,-0.001200,-0.005120,0.000610,0.972391,-0.073448,0.221497,0.000000,0.000000,0.000000,-1,0.973892,-0.074585,0.221344,-0.016044,-0.003410,-0.025431,58.538742,240.659210,-562.929260,0,0
1.520000,1.794241,0.073040,-0.092513,-0.214068,0.091328,-0.972540,0.092135,0.993069,0.072976,0.972464,-0.073983,-0.220999,0.058868,0.779124,-0.000323,0.624100,0.014208,-0.012645,-0.013515,-0.000174,-0.002113,-0.001654,0.972540,-0.072976,0.220999,0.000000,0.000000,0.000000,-1,0.969696,-0.073105,0.214966,-0.007536,-0.005540,-0.026554,57.659775,239.780258,-563.432007,0,0
1.560000,1.793645,0.072594,-0.092915,-0.213492,0.090937,-0.972703,0.092537,0.993064,0.072530,0.972552,-0.074527,-0.220427,0.058886,0.778939,-0.000641,0.624329,0.016327,-0.014776,-0.014588,-0.003679,-0.000605,-0.004240,0.972703,-0.072530,0.220427,0.000000,0.000000,0.000000,-1,0.972229,-0.076935,0.217819,-0.005416,-0.008718,-0.026558,56.605026,239.428665,-561.420959,0,0
1.600000,1.792678,0.071869,-0.093582,-0.212557,0.090304,-0.972967,0.093204,0.993054,0.071807,0.972693,-0.075421,-0.219498,0.058920,0.778638,-0.001160,0.624700,0.017515,-0.014935,-0.017839,-0.000219,0.000503,-0.005264,0.972967,-0.071807,0.219498,0.000000,0.000000,0.000000,-1,0.972748,-0.071304,0.214233,-0.010747,-0.008746,-0.029713,58.011368,238.725494,-563.096863,0,0
1.640000,1.791856,0.071119,-0.093756,-0.211810,0.089553,-0.973199,0.093382,0.993091,0.071059,0.972839,-0.075828,-0.218709,0.058753,0.778397,-0.001532,0.625014,0.008969,-0.023419,-0.018808,-0.004663,0.002746,-0.004750,0.973199,-0.071059,0.218709,0.000000,0.000000,0.000000,-1,0.972366,-0.075256,0.215927,-0.017159,-0.017208,-0.028566,57.132401,239.604462,-562.258911,0,0
1.680000,1.790717,0.070572,-0.093863,-0.210742,0.088959,-0.973486,0.093492,0.993120,0.070514,0.973061,-0.076153,-0.217609,0.058624,0.778054,-0.001812,0.625454,0.004715,-0.023400,-0.016643,-0.000661,-0.004483,0.001065,0.973486,-0.070514,0.217609,0.000000,0.000000,0.000000,-1,0.970108,-0.072266,0.214859,-0.021389,-0.008724,-0.027500,56.780823,241.010788,-563.264465,0,0
1.720000,1.789523,0.069840,-0.093971,-0.209638,0.088181,-0.973795,0.093604,0.993161,0.069783,0.973288,-0.076522,-0.216458,0.058437,0.777698,-0.002166,0.625912,0.012155,-0.026590,-0.017752,-0.002085,-0.004664,-0.001828,0.973795,-0.069783,0.216458,0.000000,0.000000,0.000000,-1,0.971863,-0.075012,0.213211,-0.010774,-0.018269,-0.028612,57.308197,240.835007,-561.420959,0,0
1.760000,1.788702,0.069587,-0.094309,-0.208832,0.087943,-0.973989,0.093941,0.993147,0.069531,0.973429,-0.076978,-0.215662,0.058488,0.777438,-0.002395,0.626229,0.015361,-0.026542,-0.012447,-0.001119,-0.006412,0.002142,0.973989,-0.069531,0.215662,0.000000,0.000000,0.000000,-1,0.974869,-0.070328,0.219070,-0.010745,-0.015022,-0.021167,56.253433,241.889755,-562.761719,0,0
1.800000,1.788017,0.069205,-0.094841,-0.208154,0.087630,-0.974163,0.094473,0.993123,0.069149,0.973523,-0.077638,-0.215001,0.058575,0.777219,-0.002730,0.626492,0.015561,-0.016054,-0.010416,0.000294,0.000927,0.004222,0.974163,-0.069149,0.215001,0.000000,0.000000,0.000000,-1,0.975143,-0.070160,0.217148,-0.009648,-0.003382,-0.022284,56.429230,239.604462,-562.258911,0,0
1.840000,1.787648,0.068635,-0.095567,-0.207784,0.087200,-0.974280,0.095197,0.993093,0.068581,0.973531,-0.078498,-0.214650,0.058679,0.777098,-0.003191,0.626630,0.019833,-0.010767,-0.011533,-0.003333,-0.003807,-0.000523,0.974280,-0.068581,0.214650,0.000000,0.000000,0.000000,-1,0.972458,-0.068756,0.213852,-0.000062,-0.001276,-0.023432,57.308197,241.538177,-564.437561,0,0
1.880000,1.787327,0.068245,-0.096234,-0.207449,0.086934,-0.974375,0.095861,0.993056,0.068192,0.973538,-0.079259,-0.214342,0.058815,0.776989,-0.003561,0.626750,0.027289,-0.009711,-0.011593,-0.003504,-0.002487,-0.003298,0.974375,-0.068192,0.214342,0.000000,0.000000,0.000000,-1,0.972794,-0.062408,0.213333,0.000984,-0.006582,-0.024485,57.483978,239.604462,-562.258911,0,0
1.920000,1.786796,0.067386,-0.097172,-0.206931,0.086254,-0.974546,0.096799,0.993024,0.067335,0.973555,-0.080401,-0.213837,0.058911,0.776819,-0.004205,0.626948,0.025285,-0.010843,-0.010571,-0.002515,0.005751,-0.002243,0.974546,-0.067335,0.213837,0.000000,0.000000,0.000000,-1,0.971985,-0.063278,0.210175,-0.001129,-0.000236,-0.025558,56.077652,239.252869,-563.264465,0,0
1.960000,1.786241,0.066293,-0.097909,-0.206432,0.085301,-0.974736,0.097538,0.993025,0.066245,0.973587,-0.081399,-0.213312,0.058855,0.776655,-0.004878,0.627152,0.017850,-0.003450,-0.012675,-0.002324,0.005515,-0.004908,0.974736,-0.066245,0.213312,0.000000,0.000000,0.000000,-1,0.972137,-0.060471,0.206711,-0.014954,0.006112,-0.026540,57.483978,241.010788,-561.923706,0,0
2.000000,1.785692,0.065191,-0.098130,-0.205984,0.084232,-0.974923,0.097765,0.993075,0.065145,0.973660,-0.081894,-0.212792,0.058595,0.776507,-0.005393,0.627355,0.001863,-0.004559,-0.017879,0.000083,0.007909,-0.007775,0.974923,-0.065145,0.212792,0.000000,0.000000,0.000000,-1,0.975586,-0.050781,0.204239,-0.030946,0.000801,-0.028527,58.538742,239.956039,-561.923706,0,0
2.040000,1.784953,0.063889,-0.097722,-0.205423,0.082824,-0.975162,0.097367,0.993199,0.063845,0.973818,-0.081833,-0.212090,0.058027,0.776323,-0.005793,0.627632,-0.011983,-0.008767,-0.014566,0.000912,0.005114,-0.003731,0.975162,-0.063845,0.212090,0.000000,0.000000,0.000000,-1,0.975510,-0.067688,0.211319,-0.042642,0.006099,-0.028456,56.780823,241.713959,-562.258911,0,0
2.080000,1.784809,0.063573,-0.097156,-0.205359,0.082390,-0.975213,0.096807,0.993274,0.063530,0.973887,-0.081361,-0.211954,0.057708,0.776303,-0.005742,0.627686,-0.018342,0.001816,-0.015622,0.000297,-0.004158,-0.000635,0.975213,-0.063530,0.211954,0.000000,0.000000,0.000000,-1,0.969116,-0.069550,0.205582,-0.040480,0.018789,-0.030651,55.901855,239.428665,-562.761719,0,0
2.120000,1.784722,0.063243,-0.096526,-0.205357,0.081933,-0.975251,0.096183,0.993355,0.063201,0.973949,-0.080824,-0.211873,0.057360,0.776303,-0.005675,0.627719,0.004171,-0.006775,-0.016881,0.000228,-0.005784,-0.007100,0.975251,-0.063201,0.211873,0.000000,0.000000,0.000000,-1,0.977112,-0.058868,0.212677,-0.006498,-0.006688,-0.036145,57.483978,241.010788,-561.923706,0,0
2.160000,1.783971,0.062093,-0.097203,-0.204679,0.080895,-0.975481,0.096863,0.993361,0.062053,0.974025,-0.081787,-0.211156,0.057262,0.776079,-0.006357,0.627998,0.037111,-0.027977,-0.018124,-0.004488,0.003628,0.005473,0.975481,-0.062053,0.211156,0.000000,0.000000,0.000000,-1,0.976089,-0.062225,0.224640,0.014792,-0.020324,-0.021345,57.132401,241.713959,-562.258911,0,0
2.200000,1.784395,0.061355,-0.099043,-0.205014,0.080590,-0.975435,0.098695,0.993227,0.061317,0.973770,-0.083700,-0.211579,0.057746,0.776180,-0.007209,0.627820,0.030871,0.007146,-0.001161,0.002119,-0.004052,0.016005,0.975435,-0.061317,0.211579,0.000000,0.000000,0.000000,-1,0.981079,-0.068970,0.223083,0.002194,0.028517,-0.008646,56.605026,240.483414,-562.426514,0,0
2.240000,1.785820,0.061780,-0.099718,-0.206306,0.081261,-0.975107,0.099363,0.993134,0.061741,0.973430,-0.084152,-0.212964,0.058146,0.776596,-0.007214,0.627269,0.010805,0.048610,0.014822,0.006735,-0.006588,0.004611,0.975107,-0.061741,0.212964,0.000000,0.000000,0.000000,-1,0.970764,-0.059464,0.207718,-0.017933,0.052991,0.003136,57.308197,241.538177,-562.761719,0,0
2.280000,1.787361,0.062236,-0.100157,-0.207725,0.081924,-0.974751,0.099796,0.993062,0.062195,0.973083,-0.084357,-0.214460,0.058464,0.777053,-0.007130,0.626673,0.009882,0.037963,0.016956,-0.007008,0.002396,-0.005155,0.974751,-0.062195,0.214460,0.000000,0.000000,0.000000,-1,0.968277,-0.055161,0.209564,-0.014773,0.038202,0.007429,58.714523,239.077087,-562.091309,0,0
2.320000,1.788901,0.062222,-0.100825,-0.209171,0.082180,-0.974420,0.100459,0.992996,0.062182,0.972705,-0.084883,-0.215961,0.058725,0.777517,-0.007299,0.626072,0.004537,0.031600,0.015949,0.003089,0.011477,0.002102,0.974420,-0.062182,0.215961,0.000000,0.000000,0.000000,-1,0.976440,-0.051132,0.218155,-0.028600,0.045590,0.004312,56.429230,241.010788,-563.264465,0,0
2.360000,1.790002,0.062180,-0.100747,-0.210252,0.082217,-0.974184,0.100382,0.993007,0.062140,0.972480,-0.084725,-0.217034,0.058686,0.777864,-0.007259,0.625644,-0.010334,0.041155,0.018154,0.001234,0.006949,-0.005273,0.974184,-0.062140,0.217034,0.000000,0.000000,0.000000,-1,0.974854,-0.057983,0.212448,-0.040292,0.047760,0.009721,56.077652,239.252869,-562.594116,0,0
2.400000,1.791291,0.062952,-0.100329,-0.211463,0.082985,-0.973857,0.099962,0.993000,0.062911,0.972261,-0.084046,-0.218279,0.058768,0.778258,-0.006789,0.625152,-0.018706,0.039073,0.025663,0.000936,0.000395,-0.001360,0.973857,-0.062911,0.218279,0.000000,0.000000,0.000000,-1,0.969131,-0.068741,0.218353,-0.048748,0.060561,0.019327,57.483978,240.307632,-562.594116,0,0
2.440000,1.792744,0.064091,-0.099829,-0.212808,0.084104,-0.973468,0.099459,0.992978,0.064047,0.972019,-0.083191,-0.219678,0.058933,0.778695,-0.006146,0.624598,-0.027168,0.056041,0.027796,-0.007113,-0.000345,-0.003675,0.973468,-0.064047,0.219678,0.000000,0.000000,0.000000,-1,0.966995,-0.054550,0.214386,-0.060498,0.052041,0.014123,58.362946,240.131836,-563.432007,0,0
2.480000,1.794245,0.065160,-0.098334,-0.214290,0.084943,-0.973070,0.097968,0.993057,0.065114,0.971845,-0.081376,-0.221124,0.058687,0.779178,-0.005218,0.624028,-0.037932,0.018951,0.025883,-0.004045,0.010594,-0.002420,0.973070,-0.065114,0.221124,0.000000,0.000000,0.000000,-1,0.969177,-0.060120,0.227371,-0.057383,0.027660,0.012060,58.187149,238.198120,-564.269958,0,0
2.520000,1.795286,0.065996,-0.097276,-0.215312,0.085610,-0.972785,0.096912,0.993106,0.065948,0.971725,-0.080075,-0.222125,0.058537,0.779510,-0.004530,0.623632,-0.031541,0.023150,0.021553,-0.001152,0.001556,0.006360,0.972785,-0.065948,0.222125,0.000000,0.000000,0.000000,-1,0.972046,-0.069733,0.228745,-0.055254,0.031847,0.006701,57.483978,240.307632,-562.258911,0,0
2.560000,1.796890,0.067207,-0.096091,-0.216859,0.086653,-0.972350,0.095727,0.993140,0.067156,0.971498,-0.078517,-0.223666,0.058454,0.780010,-0.003641,0.623020,-0.024017,0.019895,0.012987,-0.004958,-0.002164,0.007383,0.972350,-0.067156,0.223666,0.000000,0.000000,0.000000,-1,0.966080,-0.073792,0.231003,-0.049968,0.025422,-0.000773,58.362946,239.428665,-562.761719,0,0
2.600000,1.798069,0.068500,-0.095359,-0.217948,0.087837,-0.972000,0.094991,0.993122,0.068446,0.971327,-0.077414,-0.224793,0.058572,0.780363,-0.002873,0.622572,-0.027175,0.020039,0.027929,0.000947,-0.008519,0.009262,0.972000,-0.068446,0.224793,0.000000,0.000000,0.000000,-1,0.963028,-0.068375,0.233398,-0.053128,0.034975,0.001346,57.659775,240.131836,-562.091309,0,0
2.640000,1.799276,0.069203,-0.094723,-0.219112,0.088471,-0.971680,0.094355,0.993134,0.069148,0.971127,-0.076532,-0.225955,0.058543,0.780737,-0.002364,0.622107,-0.028253,0.025231,0.016200,-0.006287,-0.002492,0.008145,0.971680,-0.069148,0.225955,0.000000,0.000000,0.000000,-1,0.967926,-0.073502,0.232162,-0.052066,0.034965,0.000273,57.483978,240.659210,-562.594116,0,0
2.680000,1.800890,0.070607,-0.093610,-0.220650,0.089706,-0.971219,0.093240,0.993141,0.070548,0.970886,-0.074990,-0.227501,0.058544,0.781232,-0.001422,0.621488,-0.026131,0.023116,0.016194,-0.002774,-0.004480,0.003304,0.971219,-0.070548,0.227501,0.000000,0.000000,0.000000,-1,0.972198,-0.077911,0.235092,-0.054181,0.032926,0.008819,58.011368,240.835007,-561.420959,0,0
2.720000,1.802024,0.071716,-0.092913,-0.221713,0.090709,-0.970884,0.092541,0.993127,0.071655,0.970711,-0.073960,-0.228584,0.058616,0.781573,-0.000737,0.621054,-0.033551,0.036860,0.013007,0.000933,-0.004639,0.007485,0.970884,-0.071655,0.228584,0.000000,0.000000,0.000000,-1,0.964218,-0.075974,0.230057,-0.059471,0.047716,0.004544,57.659775,238.725494,-562.091309,0,0
2.760000,1.803346,0.072497,-0.092074,-0.223002,0.091374,-0.970526,0.091703,0.993149,0.072433,0.970495,-0.072847,-0.229854,0.058530,0.781985,-0.000132,0.620543,-0.029231,0.032635,0.011949,-0.006537,-0.003998,-0.002025,0.970526,-0.072433,0.229854,0.000000,0.000000,0.000000,-1,0.967010,-0.079880,0.228745,-0.046735,0.029756,0.009839,58.890320,239.604462,-562.258911,0,0
2.800000,1.804449,0.074489,-0.090925,-0.224002,0.093122,-0.970130,0.090548,0.993108,0.074420,0.970373,-0.071173,-0.230890,0.058695,0.782304,0.001038,0.620124,-0.026079,0.019915,0.010912,-0.005301,-0.002744,-0.000253,0.970130,-0.074420,0.230890,0.000000,0.000000,0.000000,-1,0.969421,-0.078644,0.225357,-0.051035,0.026462,-0.002899,57.308197,240.131836,-562.091309,0,0
2.840000,1.804619,0.075068,-0.090291,-0.224176,0.093551,-0.970048,0.089914,0.993122,0.074997,0.970392,-0.070408,-0.231046,0.058626,0.782359,0.001466,0.620060,-0.019737,0.008221,0.006647,0.001418,-0.003036,-0.005078,0.970048,-0.074997,0.231046,0.000000,0.000000,0.000000,-1,0.966873,-0.079926,0.228638,-0.044710,0.011563,-0.010350,57.659775,241.186584,-562.091309,0,0
2.880000,1.804576,0.075730,-0.089504,-0.224150,0.094011,-0.970010,0.089128,0.993143,0.075657,0.970471,-0.069497,-0.230992,0.058522,0.782350,0.001969,0.620081,-0.027160,0.007164,0.003554,-0.002664,-0.006527,0.000133,0.970010,-0.075657,0.230992,0.000000,0.000000,0.000000,-1,0.967896,-0.077454,0.230774,-0.059593,0.021079,-0.012401,57.835571,239.252869,-563.599609,0,0
2.920000,1.804803,0.076220,-0.087897,-0.224479,0.094140,-0.969921,0.087529,0.993247,0.076146,0.970540,-0.067803,-0.231204,0.058045,0.782453,0.002666,0.619993,-0.029315,0.010212,-0.010288,-0.005932,-0.000956,-0.006045,0.969921,-0.076146,0.231204,0.000000,0.000000,0.000000,-1,0.961792,-0.083710,0.223663,-0.050063,0.011456,-0.022026,57.132401,241.362381,-561.253418,0,0
2.960000,1.804460,0.076450,-0.087128,-0.224199,0.094167,-0.969983,0.086764,0.993297,0.076376,0.970673,-0.067036,-0.230867,0.057815,0.782362,0.002984,0.620127,-0.021927,-0.010974,-0.010264,-0.002622,-0.005854,-0.005632,0.969983,-0.076376,0.230867,0.000000,0.000000,0.000000,-1,0.965027,-0.077271,0.231232,-0.041603,-0.002374,-0.028432,58.011368,240.131836,-561.756165,0,0
3.000000,1.803753,0.076177,-0.086395,-0.223605,0.093692,-0.970166,0.086038,0.993381,0.076103,0.970875,-0.066454,-0.230186,0.057445,0.782172,0.003084,0.620401,-0.012388,-0.018470,-0.018831,-0.004621,-0.001076,-0.002341,0.970166,-0.076103,0.230186,0.000000,0.000000,0.000000,-1,0.970978,-0.084930,0.232224,-0.039483,-0.005552,-0.028437,56.077652,239.956039,-562.258911,0,0
3.040000,1.803051,0.076472,-0.085588,-0.222974,0.093750,-0.970306,0.085234,0.993428,0.076398,0.971091,-0.065668,-0.229499,0.057222,0.781969,0.003430,0.620676,-0.012321,-0.015138,-0.003886,0.001938,-0.013568,0.004372,0.970306,-0.076398,0.229499,0.000000,0.000000,0.000000,-1,0.969910,-0.087051,0.238068,-0.034123,-0.002277,-0.017837,56.605026,240.483414,-561.420959,0,0
3.080000,1.803052,0.076826,-0.085371,-0.222966,0.094044,-0.970279,0.085015,0.993419,0.076751,0.971112,-0.065376,-0.229494,0.057247,0.781965,0.003637,0.620677,-0.003810,-0.010969,-0.011421,-0.005207,-0.010224,0.006300,0.970279,-0.076751,0.229494,0.000000,0.000000,0.000000,-1,0.966904,-0.079666,0.229630,-0.026696,-0.005516,-0.024275,57.308197,241.186584,-562.426514,0,0
3.120000,1.802751,0.076771,-0.085268,-0.222688,0.093948,-0.970352,0.084913,0.993432,0.076696,0.971185,-0.065317,-0.229203,0.057190,0.781877,0.003638,0.620794,-0.000619,-0.009929,-0.013577,-0.000427,-0.003474,-0.000398,0.970352,-0.076696,0.229203,0.000000,0.000000,0.000000,-1,0.971909,-0.081207,0.224197,-0.035176,0.006147,-0.023187,56.253433,241.186584,-561.420959,0,0
3.160000,1.802242,0.076562,-0.084519,-0.222281,0.093546,-0.970484,0.084171,0.993511,0.076487,0.971343,-0.064685,-0.228713,0.056833,0.781746,0.003774,0.620991,-0.020830,-0.003572,-0.013443,0.000493,0.000514,-0.004470,0.970484,-0.076487,0.228713,0.000000,0.000000,0.000000,-1,0.970596,-0.079163,0.223297,-0.050103,0.000835,-0.025182,57.132401,241.010788,-561.253418,0,0
3.200000,1.801674,0.076387,-0.083736,-0.221817,0.093167,-0.970627,0.083394,0.993590,0.076313,0.971516,-0.064017,-0.228165,0.056475,0.781596,0.003933,0.621210,-0.022978,-0.007830,-0.015540,-0.000733,-0.002071,-0.007324,0.970627,-0.076313,0.228165,0.000000,0.000000,0.000000,-1,0.969315,-0.082306,0.220291,-0.047987,-0.000264,-0.029456,56.780823,240.659210,-561.588562,0,0
3.240000,1.800810,0.076216,-0.082702,-0.221087,0.092717,-0.970837,0.082368,0.993689,0.076142,0.971770,-0.063132,-0.227329,0.056019,0.781362,0.004163,0.621545,-0.020823,-0.006816,-0.018731,-0.000225,-0.004775,-0.008243,0.970837,-0.076142,0.227329,0.000000,0.000000,0.000000,-1,0.969208,-0.081589,0.218399,-0.044803,-0.003442,-0.029469,55.726059,239.956039,-562.258911,0,0
3.280000,1.799591,0.075612,-0.081741,-0.220040,0.091845,-0.971158,0.081417,0.993813,0.075540,0.972087,-0.062447,-0.226156,0.055460,0.781026,0.004191,0.622016,-0.003798,-0.010002,-0.018850,-0.003186,0.001871,-0.008291,0.971158,-0.075540,0.226156,0.000000,0.000000,0.000000,-1,0.966949,-0.070862,0.220642,-0.022446,-0.002408,-0.031777,57.659775,239.780258,-562.426514,0,0
3.320000,1.799042,0.074894,-0.081841,-0.219554,0.091137,-0.971334,0.081521,0.993859,0.074824,0.972189,-0.062756,-0.225635,0.055277,0.780872,0.003864,0.622228,0.014300,-0.015255,-0.013646,0.000269,0.000728,0.001996,0.971334,-0.074824,0.225635,0.000000,0.000000,0.000000,-1,0.972855,-0.069000,0.237457,-0.008595,0.000766,-0.031896,57.483978,240.659210,-562.258911,0,0
3.360000,1.799370,0.074068,-0.082263,-0.219900,0.090451,-0.971320,0.081945,0.993886,0.074001,0.972075,-0.063322,-0.225968,0.055185,0.780986,0.003418,0.622097,0.015406,0.001656,-0.017980,0.001535,0.005000,0.011490,0.971320,-0.074001,0.225968,0.000000,0.000000,0.000000,-1,0.969238,-0.064636,0.219116,-0.009603,0.017732,-0.029821,56.605026,240.131836,-563.096863,0,0
3.400000,1.799704,0.072069,-0.083152,-0.220305,0.088733,-0.971387,0.082841,0.993958,0.072007,0.971907,-0.064607,-0.226324,0.054913,0.781119,0.002368,0.621958,0.020792,0.004810,-0.015904,-0.005612,0.008667,-0.005682,0.971387,-0.072007,0.226324,0.000000,0.000000,0.000000,-1,0.965073,-0.063782,0.222061,-0.007472,0.014593,-0.025564,56.956604,241.538177,-562.761719,0,0
3.440000,1.799859,0.071239,-0.083547,-0.220488,0.088026,-0.971409,0.083238,0.993984,0.071178,0.971832,-0.065164,-0.226489,0.054810,0.781179,0.001925,0.621894,0.014421,0.005919,-0.010534,-0.006657,0.006374,-0.003695,0.971409,-0.071178,0.226489,0.000000,0.000000,0.000000,-1,0.965622,-0.062561,0.219589,-0.008556,0.009288,-0.026602,58.538742,238.901291,-562.258911,0,0
3.480000,1.799645,0.070305,-0.083920,-0.220323,0.087190,-0.971522,0.083614,0.994019,0.070247,0.971837,-0.065756,-0.226296,0.054666,0.781127,0.001437,0.621973,0.016503,-0.004734,-0.016905,-0.005900,0.007686,-0.006707,0.971522,-0.070247,0.226296,0.000000,0.000000,0.000000,-1,0.972046,-0.060135,0.223465,-0.007522,-0.000254,-0.027639,57.659775,240.483414,-562.761719,0,0
3.520000,1.799162,0.068050,-0.084620,-0.219978,0.085129,-0.971783,0.084323,0.994116,0.067998,0.971854,-0.066986,-0.225862,0.054241,0.781018,0.000324,0.622149,0.012256,-0.003645,-0.013689,-0.002927,0.007543,-0.000215,0.971783,-0.067998,0.225862,0.000000,0.000000,0.000000,-1,0.971542,-0.061005,0.225525,-0.014951,0.006122,-0.025475,57.835571,240.307632,-561.588562,0,0
3.560000,1.799057,0.067247,-0.084787,-0.219927,0.084381,-0.971860,0.084494,0.994156,0.067197,0.971850,-0.067338,-0.225772,0.054057,0.781002,-0.000045,0.622185,0.005904,-0.003719,-0.013655,-0.000119,0.005353,0.000486,0.971860,-0.067197,0.225772,0.000000,0.000000,0.000000,-1,0.971924,-0.061264,0.227325,-0.025605,0.002957,-0.024315,57.132401,240.307632,-562.258911,0,0
3.600000,1.799005,0.066399,-0.084710,-0.219953,0.083539,-0.971927,0.084422,0.994219,0.066350,0.971851,-0.067458,-0.225734,0.053764,0.781010,-0.000355,0.622200,-0.002596,-0.000509,-0.010408,-0.002109,0.004445,0.002537,0.971927,-0.066350,0.225734,0.000000,0.000000,0.000000,-1,0.967041,-0.066025,0.226166,-0.029824,0.013579,-0.021126,58.362946,239.780258,-562.091309,0,0
3.640000,1.799103,0.066127,-0.084565,-0.220083,0.083250,-0.971922,0.084279,0.994249,0.066079,0.971834,-0.067370,-0.225834,0.053623,0.781051,-0.000413,0.622160,-0.001517,0.002687,-0.008298,-0.003935,0.001412,-0.002521,0.971922,-0.066079,0.225834,0.000000,0.000000,0.000000,-1,0.968628,-0.068649,0.225098,-0.027679,0.012588,-0.013682,58.362946,241.186584,-562.091309,0,0
3.680000,1.799215,0.066200,-0.084362,-0.220203,0.083285,-0.971892,0.084077,0.994261,0.066152,0.971824,-0.067147,-0.225941,0.053567,0.781090,-0.000319,0.622117,-0.007876,0.002798,0.003470,-0.000747,0.002645,0.003749,0.971892,-0.066152,0.225941,0.000000,0.000000,0.000000,-1,0.969254,-0.064957,0.231216,-0.036193,0.009462,-0.008277,57.483978,239.956039,-561.253418,0,0
3.720000,1.799606,0.066343,-0.084073,-0.220596,0.083386,-0.971794,0.083789,0.994276,0.066295,0.971760,-0.066801,-0.226320,0.053498,0.781216,-0.000162,0.621965,-0.008843,0.003793,0.004522,0.000633,0.000163,0.004134,0.971794,-0.066295,0.226320,0.000000,0.000000,0.000000,-1,0.969421,-0.068588,0.229111,-0.022339,0.014745,-0.009470,56.956604,240.131836,-562.091309,0,0
3.760000,1.799954,0.066797,-0.084219,-0.220884,0.083880,-0.971686,0.083932,0.994233,0.066747,0.971682,-0.066812,-0.226651,0.053696,0.781308,-0.000021,0.621832,-0.000325,0.000654,0.008731,-0.004569,-0.005213,-0.002545,0.971686,-0.066747,0.226651,0.000000,0.000000,0.000000,-1,0.975128,-0.077118,0.226456,-0.026603,0.009490,-0.005156,57.132401,238.901291,-560.583008,0,0
3.800000,1.799981,0.067471,-0.084318,-0.220847,0.084557,-0.971636,0.084027,0.994180,0.067420,0.971682,-0.066754,-0.226667,0.053943,0.781296,0.000213,0.621825,0.001811,0.003821,0.007640,0.000791,-0.006677,0.001559,0.971636,-0.067420,0.226666,0.000000,0.000000,0.000000,-1,0.966614,-0.070938,0.231689,-0.034033,0.013767,-0.000853,57.659775,241.538177,-562.091309,0,0
3.840000,1.800422,0.067892,-0.084250,-0.221247,0.084978,-0.971508,0.083957,0.994157,0.067839,0.971597,-0.066555,-0.227089,0.054047,0.781424,0.000411,0.621655,-0.012013,0.008083,0.009863,-0.004895,-0.003099,0.004601,0.971508,-0.067839,0.227089,0.000000,0.000000,0.000000,-1,0.972778,-0.071411,0.229645,-0.045690,0.031776,-0.000830,57.308197,241.186584,-560.415466,0,0
3.880000,1.801945,0.069224,-0.083478,-0.222684,0.086197,-0.971072,0.083181,0.994131,0.069169,0.971335,-0.065372,-0.228547,0.054157,0.781883,0.001214,0.621068,-0.009696,0.027138,0.017219,0.000668,-0.006469,0.003157,0.971072,-0.069169,0.228547,0.000000,0.000000,0.000000,-1,0.965485,-0.076599,0.226822,-0.035026,0.033931,0.003340,57.659775,240.483414,-562.426514,0,0
3.920000,1.802513,0.069919,-0.083313,-0.223194,0.086869,-0.970896,0.083013,0.994097,0.069862,0.971233,-0.065004,-0.229087,0.054307,0.782045,0.001553,0.620849,-0.008666,0.022821,0.008706,-0.008921,0.002540,-0.007835,0.970896,-0.069862,0.229087,0.000000,0.000000,0.000000,-1,0.972198,-0.066666,0.223160,-0.026564,0.022199,-0.005204,57.659775,240.835007,-562.091309,0,0
3.960000,1.802586,0.069982,-0.083287,-0.223262,0.086929,-0.970875,0.082987,0.994094,0.069925,0.971220,-0.064958,-0.229157,0.054316,0.782067,0.001588,0.620821,-0.000211,0.004781,0.005511,-0.000538,0.005609,-0.005097,0.970875,-0.069925,0.229157,0.000000,0.000000,0.000000,-1,0.969940,-0.066055,0.226288,-0.027679,0.007352,-0.007270,57.835571,241.010788,-561.588562,0,0
4.000000,1.802512,0.069874,-0.083369,-0.223191,0.086839,-0.970899,0.083069,0.994095,0.069817,0.971229,-0.065069,-0.229087,0.054315,0.782044,0.001518,0.620850,0.000918,-0.002710,0.005525,-0.003736,0.003381,-0.001685,0.970899,-0.069817,0.229087,0.000000,0.000000,0.000000,-1,0.964233,-0.068024,0.226578,-0.026634,0.000997,-0.007254,58.187149,239.956039,-561.923706,0,0
4.040000,1.802095,0.069884,-0.083452,-0.222779,0.086840,-0.970994,0.083152,0.994087,0.069827,0.971316,-0.065184,-0.228682,0.054351,0.781912,0.001485,0.621013,0.005129,-0.013362,-0.000860,-0.008423,0.001300,-0.002242,0.970994,-0.069827,0.228682,0.000000,0.000000,0.000000,-1,0.964752,-0.070694,0.229355,-0.021364,-0.011773,-0.013639,56.780823,241.010788,-562.258911,0,0
4.080000,1.801605,0.069841,-0.083619,-0.222291,0.086803,-0.971109,0.083317,0.994077,0.069784,0.971414,-0.065398,-0.228207,0.054403,0.781757,0.001403,0.621204,0.007221,-0.023973,-0.002967,-0.005838,-0.001978,0.001453,0.971109,-0.069784,0.228207,0.000000,0.000000,0.000000,-1,0.964828,-0.068909,0.228790,-0.021414,-0.021384,-0.022126,58.714523,241.186584,-562.426514,0,0
4.120000,1.800219,0.069367,-0.083828,-0.220965,0.086300,-0.971456,0.083529,0.994092,0.069311,0.971698,-0.065829,-0.226868,0.054339,0.781333,0.001114,0.621743,0.008243,-0.034603,-0.007197,0.000575,-0.001321,0.002349,0.971456,-0.069311,0.226868,0.000000,0.000000,0.000000,-1,0.973557,-0.075089,0.231445,-0.012887,-0.022396,-0.016861,57.659775,240.835007,-562.091309,0,0
4.160000,1.799548,0.069393,-0.084239,-0.220276,0.086371,-0.971606,0.083937,0.994056,0.069337,0.971819,-0.066281,-0.226217,0.054508,0.781113,0.000978,0.622005,0.018929,-0.025032,-0.003052,0.000333,-0.008025,0.005931,0.971606,-0.069337,0.226217,0.000000,0.000000,0.000000,-1,0.965942,-0.077652,0.228500,-0.004333,-0.014935,-0.011629,57.132401,239.956039,-562.258911,0,0
4.200000,1.799092,0.069641,-0.084884,-0.219757,0.086723,-0.971692,0.084576,0.993984,0.069585,0.971882,-0.066890,-0.225769,0.054837,0.780947,0.000863,0.622185,0.027571,-0.026146,-0.000969,-0.005750,-0.008067,0.002731,0.971692,-0.069585,0.225769,0.000000,0.000000,0.000000,-1,0.970245,-0.074677,0.229004,0.004147,-0.027647,-0.011647,58.187149,241.010788,-561.923706,0,0
4.240000,1.797792,0.070146,-0.086357,-0.218323,0.087447,-0.971951,0.086037,0.993823,0.070089,0.972077,-0.068322,-0.224498,0.055569,0.780488,0.000566,0.622696,0.012713,-0.018627,0.009774,0.002430,-0.002863,0.009175,0.971951,-0.070089,0.224498,0.000000,0.000000,0.000000,-1,0.970291,-0.069901,0.233444,-0.018124,-0.004271,-0.004105,58.187149,241.362381,-562.929260,0,0
4.280000,1.797995,0.070368,-0.086647,-0.218476,0.087739,-0.971890,0.086324,0.993783,0.070310,0.972017,-0.068536,-0.224692,0.055751,0.780537,0.000568,0.622618,0.005280,-0.009119,0.006600,-0.000073,-0.000964,0.002649,0.971890,-0.070310,0.224692,0.000000,0.000000,0.000000,-1,0.968292,-0.076065,0.224457,-0.018141,-0.007478,-0.007289,58.538742,240.307632,-561.923706,0,0
