0.000000,0.754102,1.447325,-0.702549,0.995304,0.047553,-0.084318,0.079581,0.093994,0.992387,0.055116,-0.994436,0.089768,0.672967,0.047229,-0.010848,0.738083,-0.009348,0.003996,-0.000653,0.003114,0.030076,0.003739,0.084318,-0.992387,-0.089768,0.000000,0.000000,0.000000,-1,0.077591,-0.969833,-0.077484,-0.033941,0.051808,-0.010584,53.440765,201.457596,-575.163208,0,0
0.040000,0.749714,1.446530,-0.699336,0.995349,0.046336,-0.084461,0.079786,0.094852,0.992289,0.053990,-0.994412,0.090714,0.672641,0.046875,-0.011325,0.738396,-0.011550,-0.018236,0.000507,0.007657,0.013499,-0.019164,0.084461,-0.992289,-0.090714,0.000000,0.000000,0.000000,-1,0.091797,-0.980164,-0.106140,-0.037327,-0.010690,-0.011389,54.319733,203.039734,-576.671509,0,0
0.080000,0.744205,1.445334,-0.694868,0.995374,0.045228,-0.084764,0.080121,0.096120,0.992140,0.053020,-0.994342,0.092052,0.672161,0.046622,-0.011807,0.738841,0.001302,0.015623,-0.002924,0.004195,0.018065,-0.011021,0.084764,-0.992140,-0.092052,0.000000,0.000000,0.000000,-1,0.088959,-0.974075,-0.103073,-0.023418,0.012597,-0.012649,54.495514,202.863937,-577.509460,0,0
0.120000,0.741639,1.444425,-0.692332,0.995346,0.045140,-0.085136,0.080453,0.097017,0.992026,0.053040,-0.994259,0.092934,0.671825,0.046736,-0.011944,0.739137,0.000161,0.000696,-0.007137,0.000343,0.017157,-0.007698,0.085136,-0.992026,-0.092934,0.000000,0.000000,0.000000,-1,0.085480,-0.974869,-0.100632,-0.027736,-0.000190,-0.021091,54.847107,203.918686,-577.844604,0,1
0.160000,0.736616,1.444170,-0.687067,0.995361,0.045371,-0.084839,0.080101,0.097635,0.991994,0.053290,-0.994188,0.093547,0.671599,0.046706,-0.011744,0.739348,0.014078,0.021962,0.002269,-0.006683,0.012242,-0.006672,0.084839,-0.991994,-0.093547,0.000000,0.000000,0.000000,-1,0.074661,-0.983612,-0.101730,-0.011647,0.029570,-0.009608,53.968140,203.039734,-576.671509,0,0
0.200000,0.736379,1.445862,-0.681148,0.995179,0.051136,-0.083689,0.078465,0.096803,0.992206,0.058839,-0.993989,0.092324,0.671947,0.048218,-0.009245,0.738970,0.035759,0.130253,0.030471,-0.007730,0.017627,-0.006492,0.083689,-0.992206,-0.092324,0.000000,0.000000,0.000000,-1,0.092590,-0.963791,-0.096161,0.006879,0.149485,0.015366,55.726059,202.688141,-576.336304,0,0
0.240000,0.749943,1.447007,-0.688784,0.994815,0.057094,-0.084159,0.078480,0.095324,0.992348,0.064680,-0.993808,0.090349,0.672522,0.050398,-0.007241,0.738324,0.033563,0.126880,0.009178,0.013802,0.013603,0.000139,0.084159,-0.992348,-0.090349,0.000000,0.000000,0.000000,-1,0.082962,-0.979004,-0.098297,0.007854,0.134489,-0.002696,53.440765,203.215515,-577.509460,0,0
0.280000,0.744644,1.447935,-0.682786,0.994864,0.057855,-0.083055,0.077325,0.095078,0.992462,0.065315,-0.993787,0.090116,0.672620,0.050244,-0.006593,0.738251,0.018119,-0.009858,0.005527,-0.012269,0.006348,-0.003054,0.083055,-0.992462,-0.090116,0.000000,0.000000,0.000000,-1,0.071716,-0.982010,-0.090469,-0.007475,-0.002176,-0.006326,55.198685,203.918686,-576.168762,0,0
0.320000,0.746426,1.449899,-0.684644,0.994958,0.057904,-0.081892,0.076269,0.093425,0.992701,0.065132,-0.993941,0.088537,0.673238,0.049824,-0.006224,0.737719,0.024552,0.007036,0.000100,-0.013472,0.023539,0.011618,0.081892,-0.992701,-0.088537,0.000000,0.000000,0.000000,-1,0.068420,-0.969162,-0.076920,0.002135,0.010492,-0.010709,54.671310,202.688141,-577.006714,0,0
0.360000,0.740393,1.450838,-0.677654,0.994993,0.058922,-0.080728,0.075030,0.093229,0.992814,0.066025,-0.993900,0.088342,0.673317,0.049736,-0.005459,0.737659,0.000152,0.035657,0.002329,-0.014260,0.015595,-0.003592,0.080728,-0.992814,-0.088342,0.000000,0.000000,0.000000,-1,0.066467,-0.977219,-0.091934,-0.025447,0.043342,-0.009553,53.264984,203.742889,-575.330811,0,0
0.400000,0.741077,1.450809,-0.677203,0.994919,0.060049,-0.080807,0.075006,0.093286,0.992810,0.067155,-0.993827,0.088308,0.673299,0.050147,-0.005069,0.737650,0.002279,0.045070,-0.010505,-0.011288,0.014966,-0.005442,0.080807,-0.992810,-0.088308,0.000000,0.000000,0.000000,-1,0.066574,-0.979111,-0.093842,-0.023320,0.052756,-0.022389,54.847107,202.863937,-576.503906,0,0
0.440000,0.740719,1.451370,-0.673659,0.994754,0.063252,-0.080400,0.074327,0.093115,0.992877,0.070288,-0.993644,0.087926,0.673371,0.051079,-0.003754,0.737529,0.009858,0.074861,0.004248,-0.001481,0.014621,0.006581,0.080400,-0.992877,-0.087925,0.000000,0.000000,0.000000,-1,0.084427,-0.978241,-0.074738,-0.016778,0.088933,-0.004465,55.022903,203.742889,-576.001160,0,0
0.480000,0.766600,1.450884,-0.697776,0.994432,0.064952,-0.082983,0.076861,0.091665,0.992819,0.072093,-0.993669,0.086163,0.673907,0.052609,-0.004040,0.736929,0.005484,0.034580,0.000141,0.023646,0.025259,0.006451,0.082983,-0.992819,-0.086163,0.000000,0.000000,0.000000,-1,0.106628,-0.967560,-0.079712,-0.020131,0.042262,-0.011721,53.616562,203.039734,-576.336304,0,0
0.520000,0.773769,1.450124,-0.704302,0.994298,0.065538,-0.084125,0.077946,0.091737,0.992728,0.072779,-0.993624,0.086105,0.673880,0.053230,-0.004210,0.736909,-0.002116,-0.007852,-0.007110,0.013073,0.013480,0.005813,0.084125,-0.992728,-0.086105,0.000000,0.000000,0.000000,-1,0.097656,-0.981384,-0.079544,-0.027731,-0.000170,-0.018960,53.616562,202.688141,-576.336304,0,0
0.560000,0.780356,1.450308,-0.711713,0.994314,0.064727,-0.084562,0.078504,0.091018,0.992750,0.071954,-0.993744,0.085419,0.674143,0.053116,-0.004676,0.736673,0.001104,-0.017206,0.012070,0.006914,0.010343,0.005738,0.084562,-0.992750,-0.085419,0.000000,0.000000,0.000000,-1,0.091476,-0.982407,-0.079681,-0.026669,-0.015890,-0.000799,54.319733,202.688141,-577.341858,0,0
0.600000,0.777543,1.450523,-0.709607,0.994391,0.064039,-0.084172,0.078174,0.091022,0.992776,0.071238,-0.993788,0.085505,0.674141,0.052739,-0.004797,0.736702,0.010633,-0.028909,0.006714,-0.011708,0.014947,-0.002035,0.084172,-0.992776,-0.085505,0.000000,0.000000,0.000000,-1,0.067291,-0.975067,-0.096970,-0.014983,-0.021228,-0.005131,53.792358,203.215515,-577.174316,0,0
0.640000,0.764492,1.451325,-0.697004,0.994556,0.063654,-0.082498,0.076509,0.091389,0.992872,0.070740,-0.993779,0.086022,0.674008,0.051989,-0.004361,0.736880,-0.006308,0.002887,0.008874,-0.025095,0.020475,-0.000175,0.082498,-0.992872,-0.086022,0.000000,0.000000,0.000000,-1,0.057068,-0.974945,-0.093475,-0.031918,0.010570,-0.002988,54.319733,201.633392,-576.336304,0,0
0.680000,0.732631,1.451158,-0.665369,0.994787,0.063451,-0.079826,0.073682,0.093894,0.992852,0.070492,-0.993558,0.088729,0.673083,0.050935,-0.003467,0.737802,-0.054213,0.013448,0.004969,-0.003838,0.018975,-0.011323,0.079826,-0.992852,-0.088729,0.000000,0.000000,0.000000,-1,0.079544,-0.969040,-0.104401,-0.077686,0.014828,-0.001584,53.616562,203.391312,-576.671509,0,0
0.720000,0.721764,1.449305,-0.653423,0.994705,0.064421,-0.080073,0.073674,0.096228,0.992629,0.071651,-0.993272,0.090972,0.672217,0.051358,-0.003132,0.738564,-0.043543,0.041835,-0.017590,-0.009227,0.010589,0.004486,0.080073,-0.992629,-0.090973,0.000000,0.000000,0.000000,-1,0.063339,-0.978058,-0.089798,-0.069132,0.049521,-0.029479,52.561813,203.742889,-576.671509,0,0
0.760000,0.720173,1.449372,-0.651070,0.994671,0.065185,-0.079884,0.073407,0.096348,0.992637,0.072402,-0.993211,0.091049,0.672174,0.051546,-0.002783,0.738591,0.009667,0.016569,0.000209,0.005321,0.017128,0.015274,0.079884,-0.992637,-0.091049,0.000000,0.000000,0.000000,-1,0.090729,-0.967148,-0.064621,-0.015927,0.024256,-0.011686,54.495514,202.863937,-576.168762,0,0
0.800000,0.743641,1.450663,-0.673194,0.994478,0.066574,-0.081132,0.074722,0.093699,0.992793,0.073696,-0.993372,0.088207,0.673159,0.052475,-0.002762,0.737629,0.039390,0.053491,-0.011954,0.013122,0.017252,0.015896,0.081132,-0.992793,-0.088207,0.000000,0.000000,0.000000,-1,0.095032,-0.980927,-0.087036,0.013968,0.061210,-0.023775,52.913391,204.094482,-576.336304,0,0
0.840000,0.761740,1.450602,-0.689491,0.994224,0.068344,-0.082756,0.076277,0.092515,0.992785,0.075507,-0.993363,0.086767,0.673599,0.053675,-0.002690,0.737141,0.020090,0.006924,-0.008445,0.000984,0.013736,0.009360,0.082756,-0.992785,-0.086767,0.000000,0.000000,0.000000,-1,0.083740,-0.979050,-0.077408,-0.005330,0.014642,-0.020255,53.440765,202.863937,-576.168762,0,0
0.880000,0.768043,1.450972,-0.695555,0.994182,0.068600,-0.083047,0.076601,0.091769,0.992830,0.075730,-0.993415,0.085980,0.673875,0.053868,-0.002715,0.736874,-0.003315,0.016404,-0.014690,-0.004983,0.011415,0.012692,0.083047,-0.992830,-0.085980,0.000000,0.000000,0.000000,-1,0.073959,-0.975388,-0.082077,-0.024495,0.019883,-0.026518,54.671310,202.688141,-576.671509,0,0
0.920000,0.779907,1.451840,-0.706137,0.994055,0.069923,-0.083454,0.077008,0.090297,0.992933,0.076964,-0.993457,0.084376,0.674422,0.054466,-0.002406,0.736330,0.011702,0.039820,-0.002111,0.007656,0.020185,0.011210,0.083454,-0.992933,-0.084376,0.000000,0.000000,0.000000,-1,0.091110,-0.972748,-0.073166,-0.013745,0.043300,-0.013905,53.792358,202.863937,-576.839111,0,0
0.960000,0.788109,1.451387,-0.713340,0.993902,0.070881,-0.084463,0.077951,0.090080,0.992879,0.077985,-0.993409,0.084006,0.674503,0.055164,-0.002401,0.736205,-0.002339,0.016443,0.000165,0.012156,0.005742,0.001746,0.084463,-0.992879,-0.084006,0.000000,0.000000,0.000000,-1,0.099609,-0.985001,-0.081665,-0.027639,0.024259,-0.011595,53.616562,201.984970,-576.336304,0,0
1.000000,0.792581,1.450467,-0.717111,0.993769,0.071517,-0.085488,0.078891,0.090474,0.992769,0.078734,-0.993328,0.084268,0.674356,0.055760,-0.002504,0.736293,-0.006586,0.029066,-0.009445,0.007560,0.016176,-0.006872,0.085488,-0.992769,-0.084268,0.000000,0.000000,0.000000,-1,0.093048,-0.976593,-0.091141,-0.031883,0.036881,-0.021197,54.495514,204.270279,-577.509460,0,0
1.040000,0.791104,1.449605,-0.714712,0.993665,0.072378,-0.085972,0.079234,0.091310,0.992665,0.079697,-0.993189,0.084997,0.674047,0.056232,-0.002327,0.736541,0.014664,0.018458,-0.010634,-0.006214,0.019139,-0.005763,0.085972,-0.992665,-0.084996,0.000000,0.000000,0.000000,-1,0.082230,-0.978195,-0.086975,-0.014882,0.026275,-0.022355,53.968140,203.742889,-578.347412,0,0
1.080000,0.797369,1.450008,-0.719959,0.993568,0.073413,-0.086217,0.079449,0.090592,0.992714,0.080689,-0.993178,0.084177,0.674314,0.056673,-0.002049,0.736264,0.018959,0.022782,-0.001095,0.000026,0.018349,0.006723,0.086217,-0.992714,-0.084177,0.000000,0.000000,0.000000,-1,0.090927,-0.975204,-0.077606,-0.006328,0.030598,-0.012849,52.913391,205.149231,-576.671509,0,0
1.120000,0.803358,1.450088,-0.725656,0.993508,0.073706,-0.086662,0.079911,0.090078,0.992724,0.080976,-0.993204,0.083604,0.674505,0.056937,-0.002108,0.736069,0.012341,-0.003886,-0.002055,0.003136,0.022494,0.002351,0.086662,-0.992724,-0.083604,0.000000,0.000000,0.000000,-1,0.084610,-0.976974,-0.085739,-0.012799,0.004112,-0.013765,54.671310,203.391312,-578.347412,0,0
1.160000,0.803028,1.450759,-0.726281,0.993618,0.072800,-0.086155,0.079525,0.089531,0.992804,0.079990,-0.993320,0.083170,0.674707,0.056441,-0.002284,0.735921,0.026126,-0.028181,0.005388,-0.006031,0.001746,0.005243,0.086155,-0.992804,-0.083170,0.000000,0.000000,0.000000,-1,0.073975,-0.979614,-0.077759,-0.002204,-0.021222,-0.004165,53.089188,203.215515,-578.515015,0,0
1.200000,0.809178,1.452466,-0.731781,0.993625,0.073555,-0.085438,0.078883,0.087831,0.993007,0.080545,-0.993416,0.081468,0.675338,0.056430,-0.001812,0.735344,0.027362,0.033180,-0.002302,-0.016011,0.015163,0.012361,0.085438,-0.993007,-0.081468,0.000000,0.000000,0.000000,-1,0.069427,-0.977844,-0.069107,0.002219,0.041178,-0.014021,52.913391,203.039734,-577.341858,0,0
1.240000,0.811627,1.452946,-0.733620,0.993590,0.074191,-0.085292,0.078726,0.087331,0.993064,0.081125,-0.993413,0.080931,0.675523,0.056592,-0.001542,0.735162,0.016692,0.022630,0.002083,0.006078,0.014151,-0.001512,0.085292,-0.993064,-0.080931,0.000000,0.000000,0.000000,-1,0.091370,-0.978912,-0.082443,-0.008449,0.030628,-0.009637,53.440765,202.512360,-576.839111,0,0
1.280000,0.816130,1.452819,-0.736894,0.993460,0.075403,-0.085747,0.079096,0.087167,0.993049,0.082353,-0.993336,0.080632,0.675585,0.057172,-0.001256,0.735061,0.009108,0.032984,0.000990,0.001716,0.016486,-0.006526,0.085747,-0.993049,-0.080632,0.000000,0.000000,0.000000,-1,0.091095,-0.978134,-0.091568,-0.014786,0.048626,-0.010721,53.264984,201.984970,-578.012207,0,0
1.320000,0.815868,1.451658,-0.736358,0.993373,0.075601,-0.086566,0.079823,0.088063,0.992911,0.082688,-0.993242,0.081445,0.675253,0.057543,-0.001435,0.735337,0.006829,-0.009430,-0.004166,0.005811,0.015678,-0.006202,0.086566,-0.992911,-0.081445,0.000000,0.000000,0.000000,-1,0.084625,-0.976364,-0.086441,-0.018144,-0.001202,-0.015835,52.210220,203.742889,-577.677063,0,0
1.360000,0.817390,1.451861,-0.738723,0.993438,0.074777,-0.086542,0.079896,0.087725,0.992935,0.081841,-0.993334,0.081175,0.675377,0.057254,-0.001740,0.735244,0.021714,-0.018927,0.000016,-0.003306,0.013306,-0.002230,0.086542,-0.992936,-0.081175,0.000000,0.000000,0.000000,-1,0.085495,-0.975571,-0.077011,-0.003255,-0.010699,-0.011653,53.264984,201.984970,-576.001160,0,0
1.400000,0.819552,1.451950,-0.741383,0.993465,0.074287,-0.086653,0.080069,0.087447,0.992946,0.081341,-0.993395,0.080927,0.675480,0.057128,-0.001966,0.735160,-0.006981,-0.008249,0.008717,0.012132,0.017635,-0.000463,0.086653,-0.992946,-0.080927,0.000000,0.000000,0.000000,-1,0.098785,-0.975311,-0.081390,-0.026629,-0.001082,-0.002985,53.440765,203.567108,-575.833557,0,0
1.440000,0.814729,1.450616,-0.737328,0.993478,0.073439,-0.087225,0.080604,0.088751,0.992787,0.080651,-0.993343,0.082253,0.674995,0.057054,-0.002435,0.735609,-0.025311,-0.030848,-0.004949,0.006357,0.008504,-0.001670,0.087225,-0.992787,-0.082253,0.000000,0.000000,0.000000,-1,0.084534,-0.983963,-0.079498,-0.050152,-0.022387,-0.016572,53.440765,202.863937,-575.833557,0,0
1.480000,0.813900,1.451047,-0.737629,0.993591,0.072344,-0.086846,0.080343,0.088411,0.992839,0.079504,-0.993454,0.082032,0.675120,0.056541,-0.002719,0.735533,-0.003994,-0.027646,-0.001928,-0.010766,0.014735,0.019562,0.086846,-0.992839,-0.082032,0.000000,0.000000,0.000000,-1,0.073425,-0.972900,-0.057495,-0.028840,-0.019185,-0.013554,53.089188,203.215515,-575.498413,0,0
1.520000,0.818672,1.452555,-0.741371,0.993571,0.073464,-0.086143,0.079662,0.087005,0.993018,0.080446,-0.993495,0.080593,0.675643,0.056659,-0.002108,0.735046,0.012227,0.043411,0.008339,-0.009086,0.020789,0.011837,0.086143,-0.993018,-0.080593,0.000000,0.000000,0.000000,-1,0.079788,-0.970963,-0.074036,-0.016896,0.050794,-0.005386,54.671310,202.688141,-576.671509,0,0
1.560000,0.819536,1.452938,-0.740390,0.993450,0.075321,-0.085935,0.079321,0.086803,0.993063,0.082258,-0.993374,0.080260,0.675719,0.057214,-0.001361,0.734934,-0.003798,0.027509,0.006392,-0.003904,0.015249,-0.011598,0.085935,-0.993063,-0.080260,0.000000,0.000000,0.000000,-1,0.082031,-0.977814,-0.091858,-0.028652,0.035969,-0.005239,52.386017,204.621857,-576.839111,0,0
1.600000,0.813307,1.452728,-0.734035,0.993471,0.075433,-0.085585,0.078907,0.087460,0.993038,0.082394,-0.993308,0.080937,0.675477,0.057123,-0.001181,0.735165,-0.010391,0.001813,0.002252,-0.006041,0.009151,-0.002025,0.085585,-0.993038,-0.080937,0.000000,0.000000,0.000000,-1,0.080887,-0.985596,-0.080734,-0.035128,0.010511,-0.009355,53.968140,203.391312,-575.330811,0,0
1.640000,0.808662,1.452530,-0.728908,0.993456,0.075900,-0.085350,0.078588,0.088009,0.993015,0.082881,-0.993224,0.081469,0.675274,0.057195,-0.000914,0.735346,-0.012522,0.009139,-0.007345,-0.004204,0.012668,-0.000532,0.085350,-0.993015,-0.081468,0.000000,0.000000,0.000000,-1,0.075546,-0.976166,-0.082611,-0.037259,0.017837,-0.018954,54.143936,203.918686,-577.844604,0,0
1.680000,0.805958,1.452748,-0.726618,0.993518,0.075504,-0.084973,0.078243,0.088027,0.993040,0.082458,-0.993252,0.081549,0.675267,0.056921,-0.000931,0.735373,0.041615,-0.029172,-0.025724,-0.013776,0.024138,-0.004922,0.084973,-0.993040,-0.081549,0.000000,0.000000,0.000000,-1,0.075363,-0.965912,-0.080109,0.006255,-0.010967,-0.040490,53.440765,201.809189,-575.833557,0,0
1.720000,0.817162,1.455441,-0.739180,0.993696,0.074322,-0.083932,0.077541,0.085061,0.993354,0.080967,-0.993600,0.078762,0.676364,0.056132,-0.001096,0.734425,0.021717,0.023362,0.042415,-0.004571,0.004615,0.020367,0.083932,-0.993354,-0.078762,0.000000,0.000000,0.000000,-1,0.081512,-0.989334,-0.075607,-0.003021,0.032061,0.030798,53.792358,204.270279,-575.498413,0,0
1.760000,0.803064,1.453913,-0.723873,0.993615,0.075430,-0.083904,0.077234,0.087375,0.993177,0.082246,-0.993316,0.080991,0.675509,0.056500,-0.000614,0.735184,-0.049903,0.007871,-0.000675,0.018192,0.014371,-0.018405,0.083904,-0.993177,-0.080991,0.000000,0.000000,0.000000,-1,0.103485,-0.972275,-0.095352,-0.071300,0.020053,-0.009110,53.968140,203.039734,-576.336304,0,0
1.800000,0.798845,1.451070,-0.718797,0.993420,0.076103,-0.085585,0.078649,0.089891,0.992841,0.083251,-0.993040,0.083314,0.674577,0.057351,-0.000865,0.735973,-0.025368,0.027950,-0.005211,0.005952,0.019468,0.015748,0.085585,-0.992841,-0.083314,0.000000,0.000000,0.000000,-1,0.091537,-0.973373,-0.067566,-0.049973,0.036925,-0.016796,52.386017,203.918686,-576.503906,0,0
1.840000,0.803770,1.451482,-0.722534,0.993317,0.077308,-0.085700,0.078714,0.089289,0.992890,0.084410,-0.993001,0.082607,0.674800,0.057803,-0.000478,0.735733,-0.015710,0.035530,0.012795,-0.004020,0.020799,0.009106,0.085700,-0.992890,-0.082608,0.000000,0.000000,0.000000,-1,0.077042,-0.974518,-0.089249,-0.040323,0.044504,0.001211,54.495514,202.863937,-576.839111,0,0
1.880000,0.781192,1.450975,-0.698552,0.993340,0.078680,-0.084167,0.076874,0.091536,0.992830,0.085820,-0.992689,0.084878,0.673967,0.057701,0.000613,0.736504,-0.017908,0.026938,0.000068,-0.013855,0.008211,-0.020575,0.084167,-0.992830,-0.084879,0.000000,0.000000,0.000000,-1,0.076187,-0.984802,-0.104752,-0.041437,0.036992,-0.009405,53.792358,202.512360,-576.168762,0,0
1.920000,0.775467,1.449841,-0.691899,0.993247,0.079532,-0.084468,0.076981,0.092913,0.992694,0.086800,-0.992493,0.086163,0.673456,0.058101,0.000865,0.736940,-0.015971,0.007562,-0.005214,-0.004619,0.022891,0.000271,0.084468,-0.992694,-0.086163,0.000000,0.000000,0.000000,-1,0.079849,-0.969803,-0.085892,-0.040451,0.016799,-0.016794,53.089188,203.215515,-576.839111,0,0
1.960000,0.769940,1.450183,-0.686702,0.993332,0.079231,-0.083754,0.076282,0.093049,0.992735,0.086449,-0.992504,0.086385,0.673405,0.057734,0.001000,0.737015,-0.004308,-0.019851,0.008651,-0.009993,0.016386,0.010182,0.083754,-0.992735,-0.086385,0.000000,0.000000,0.000000,-1,0.073761,-0.976349,-0.076202,-0.028788,-0.010614,-0.002933,53.792358,203.918686,-578.179810,0,0
2.000000,0.771048,1.451119,-0.687719,0.993366,0.079380,-0.083203,0.075787,0.092254,0.992847,0.086488,-0.992566,0.085626,0.673700,0.057580,0.001219,0.736757,-0.003153,0.018170,-0.003217,-0.006268,0.014652,0.009027,0.083203,-0.992847,-0.085626,0.000000,0.000000,0.000000,-1,0.076675,-0.976791,-0.078064,-0.026577,0.024249,-0.012669,53.792358,203.567108,-577.509460,0,0
2.040000,0.774981,1.451392,-0.691369,0.993330,0.079677,-0.083349,0.075951,0.091768,0.992880,0.086758,-0.992588,0.085104,0.673880,0.057736,0.001265,0.736580,0.005327,0.006498,-0.005369,-0.000448,0.019720,0.009100,0.083349,-0.992880,-0.085104,0.000000,0.000000,0.000000,-1,0.082901,-0.973160,-0.076004,-0.022354,0.015735,-0.016931,54.319733,204.797653,-575.666016,0,0
2.080000,0.776983,1.451950,-0.693048,0.993320,0.080031,-0.083131,0.075751,0.091214,0.992946,0.087049,-0.992610,0.084542,0.674085,0.057775,0.001453,0.736389,0.021197,0.009424,-0.016162,-0.015504,0.013805,-0.005149,0.083131,-0.992946,-0.084542,0.000000,0.000000,0.000000,-1,0.067627,-0.979141,-0.089691,-0.003206,0.018809,-0.027744,51.331268,203.567108,-577.509460,0,0
2.120000,0.780613,1.452797,-0.695673,0.993258,0.081082,-0.082846,0.075451,0.090369,0.993046,0.088004,-0.992602,0.083642,0.674397,0.058027,0.001912,0.736083,0.012785,0.039141,-0.009811,-0.014288,0.020054,0.004632,0.082846,-0.993046,-0.083642,0.000000,0.000000,0.000000,-1,0.071167,-0.968445,-0.082855,-0.013754,0.047458,-0.022443,53.440765,204.621857,-577.174316,0,0
2.160000,0.784598,1.453452,-0.698117,0.993140,0.082651,-0.082719,0.075253,0.089686,0.993123,0.089502,-0.992535,0.082851,0.674648,0.058514,0.002513,0.735812,0.018109,0.036001,-0.005576,-0.004258,0.014348,-0.004261,0.082719,-0.993123,-0.082851,0.000000,0.000000,0.000000,-1,0.079086,-0.975143,-0.088226,-0.006294,0.045387,-0.017166,52.210220,203.391312,-577.341858,0,0
2.200000,0.787968,1.453451,-0.700950,0.993072,0.083182,-0.082998,0.075508,0.089473,0.993123,0.090036,-0.992510,0.082572,0.674727,0.058798,0.002608,0.735717,0.016946,0.004227,-0.005449,0.003687,0.016972,-0.004937,0.082998,-0.993123,-0.082572,0.000000,0.000000,0.000000,-1,0.095947,-0.981201,-0.074707,-0.007454,0.013613,-0.017038,51.858643,203.391312,-577.677063,0,0
2.240000,0.809078,1.453362,-0.722479,0.992957,0.082753,-0.084786,0.077474,0.087893,0.993113,0.089635,-0.992687,0.080863,0.675315,0.059316,0.001795,0.735138,0.027362,-0.025777,-0.016085,0.009559,0.017679,0.009955,0.084786,-0.993113,-0.080863,0.000000,0.000000,0.000000,-1,0.089371,-0.972565,-0.068008,-0.000102,-0.011897,-0.026588,52.913391,203.039734,-576.336304,0,0
2.280000,0.828953,1.454053,-0.743117,0.992923,0.082036,-0.085871,0.078808,0.085771,0.993193,0.088843,-0.992932,0.078699,0.676102,0.059475,0.001099,0.734403,0.028397,-0.017530,-0.040628,-0.006571,0.017806,0.011743,0.085871,-0.993193,-0.078699,0.000000,0.000000,0.000000,-1,0.074234,-0.976212,-0.065308,0.004106,-0.007898,-0.052203,50.628098,202.863937,-577.509460,0,0
2.320000,0.842379,1.455094,-0.757311,0.992956,0.081340,-0.086148,0.079307,0.083892,0.993314,0.088023,-0.993150,0.076850,0.676796,0.059341,0.000693,0.733774,0.032626,-0.024995,-0.045954,-0.023358,0.017896,0.015281,0.086148,-0.993314,-0.076850,0.000000,0.000000,0.000000,-1,0.054993,-0.977432,-0.064514,0.008329,-0.015362,-0.057534,54.495514,204.621857,-576.168762,0,0
2.360000,0.855629,1.457083,-0.771473,0.993061,0.080561,-0.085667,0.079110,0.081344,0.993542,0.087009,-0.993425,0.074406,0.677737,0.058898,0.000495,0.732941,0.029570,0.007977,-0.031125,-0.044682,0.000484,-0.001003,0.085667,-0.993542,-0.074406,0.000000,0.000000,0.000000,-1,0.040192,-0.992462,-0.074799,0.007389,0.014422,-0.043790,53.440765,203.567108,-576.503906,0,0
2.400000,0.844356,1.458714,-0.759553,0.993177,0.081300,-0.083611,0.077018,0.081106,0.993725,0.087571,-0.993384,0.074291,0.677824,0.058392,0.001461,0.732901,0.007175,0.037375,-0.035314,-0.028451,0.008297,-0.010899,0.083611,-0.993725,-0.074291,0.000000,0.000000,0.000000,-1,0.055161,-0.985428,-0.085190,-0.017009,0.047232,-0.046919,53.089188,204.270279,-576.503906,0,0
2.440000,0.840403,1.456852,-0.754411,0.992997,0.082366,-0.084695,0.077867,0.082849,0.993515,0.088849,-0.993152,0.075855,0.677180,0.059155,0.001534,0.733434,-0.015292,0.010823,-0.043559,-0.006604,0.024379,-0.014989,0.085156,-0.993465,-0.075999,0.000000,0.000000,0.000000,-1,0.078552,-0.969086,-0.090988,-0.040544,0.017503,-0.055148,52.737595,202.160767,-576.839111,0,0
2.480000,0.845449,1.455329,-0.758176,0.992768,0.083544,-0.086209,0.079219,0.083654,0.993341,0.090199,-0.992987,0.076431,0.676883,0.060115,0.001474,0.733630,-0.015153,0.065800,-0.054416,-0.012845,0.008798,0.002899,0.086209,-0.993341,-0.076431,0.000000,0.000000,0.000000,-1,0.073364,-0.984543,-0.073532,-0.038297,0.066115,-0.067066,53.968140,203.742889,-576.001160,0,0
2.520000,0.856942,1.453497,-0.766284,0.992292,0.086791,-0.088457,0.081156,0.084319,0.993128,0.093653,-0.992652,0.076626,0.676636,0.062052,0.001920,0.733696,0.000853,0.065934,-0.039626,0.007811,0.020091,-0.007526,0.088457,-0.993128,-0.076626,0.000000,0.000000,0.000000,-1,0.096268,-0.973038,-0.084152,-0.023322,0.075791,-0.051239,53.968140,203.742889,-576.001160,0,0
2.560000,0.867469,1.451643,-0.774832,0.991929,0.088641,-0.090663,0.083162,0.084939,0.992910,0.095713,-0.992436,0.076881,0.676408,0.063498,0.001867,0.733783,0.006069,0.061486,-0.037537,0.019948,0.020726,-0.010384,0.090663,-0.992910,-0.076881,0.000000,0.000000,0.000000,-1,0.111786,-0.971878,-0.085541,-0.018006,0.071573,-0.049133,51.858643,204.446060,-576.336304,0,0
2.600000,0.891998,1.448457,-0.796812,0.991313,0.090976,-0.094983,0.087270,0.085301,0.992526,0.098398,-0.992193,0.076620,0.676275,0.065893,0.001263,0.733695,0.008174,0.078157,-0.067454,0.021015,0.026751,0.005316,0.094983,-0.992526,-0.076620,0.000000,0.000000,0.000000,-1,0.111755,-0.971634,-0.079620,-0.018056,0.076622,-0.075785,51.858643,204.094482,-577.341858,0,0
2.640000,0.912581,1.445573,-0.814580,0.990696,0.093594,-0.098803,0.090854,0.085700,0.992170,0.101329,-0.991915,0.076400,0.676128,0.068200,0.000934,0.733620,0.007046,0.046512,-0.053481,0.003537,0.010892,0.000792,0.098803,-0.992170,-0.076400,0.000000,0.000000,0.000000,-1,0.106018,-0.972916,-0.075073,-0.017026,0.056597,-0.065065,51.858643,204.094482,-577.341858,0,0
2.680000,0.919979,1.443412,-0.820835,0.990372,0.094588,-0.101072,0.092957,0.086592,0.991898,0.102573,-0.991743,0.076966,0.675799,0.069379,0.000555,0.733814,0.011248,0.023278,-0.045973,-0.000532,0.030868,-0.023437,0.101072,-0.991898,-0.076966,0.000000,0.000000,0.000000,-1,0.100540,-0.961029,-0.100403,-0.013859,0.039738,-0.055438,50.979675,203.918686,-576.503906,0,0
2.720000,0.912292,1.441260,-0.813309,0.990291,0.094268,-0.102165,0.093853,0.088755,0.991622,0.102546,-0.991583,0.079046,0.674998,0.069675,0.000141,0.734522,0.021677,-0.001499,-0.066209,-0.028129,0.012359,-0.035578,0.102165,-0.991622,-0.079046,0.000000,0.000000,0.000000,-1,0.067947,-0.982391,-0.110901,-0.002302,0.005646,-0.076706,53.264984,203.742889,-577.006714,0,0
2.760000,0.926815,1.438820,-0.824991,0.989712,0.096928,-0.105237,0.096661,0.089294,0.991304,0.105482,-0.991278,0.079006,0.674798,0.071721,0.000091,0.734509,-0.024793,0.149693,-0.096241,-0.032544,0.003374,-0.044727,0.105236,-0.991304,-0.079006,0.000000,0.000000,0.000000,-1,0.077118,-0.982330,-0.131866,-0.048761,0.160006,-0.107819,53.264984,203.742889,-577.006714,0,0
2.800000,0.928109,1.434240,-0.820471,0.988762,0.102349,-0.108972,0.099576,0.092825,0.990691,0.111512,-0.990408,0.081590,0.673488,0.074955,0.000943,0.735387,-0.181178,0.202580,-0.106945,-0.030679,-0.000444,-0.072355,0.108972,-0.990691,-0.081590,0.000000,0.000000,0.000000,-1,0.093781,-1.023193,-0.167633,-0.205146,0.212894,-0.118523,52.386017,203.215515,-577.509460,0,0
2.840000,0.853262,1.419673,-0.734760,0.987230,0.111853,-0.113428,0.100929,0.111706,0.988603,0.123249,-0.987426,0.098990,0.666433,0.079822,0.003684,0.741270,-0.543086,0.222981,-0.083972,-0.004526,-0.045623,-0.093774,0.113428,-0.988603,-0.098990,0.000000,0.000000,0.000000,-1,0.117554,-1.017380,-0.191788,-0.517006,0.233263,-0.098071,51.155472,204.446060,-576.671509,0,0
2.880000,0.726032,1.388069,-0.589003,0.984486,0.127410,-0.120640,0.100947,0.151092,0.983352,0.143517,-0.980274,0.135887,0.651442,0.087635,0.008779,0.753569,-1.155667,0.548391,-0.169936,0.031734,-0.025544,0.000999,0.120640,-0.983352,-0.135887,0.000000,0.000000,0.000000,-1,0.152374,-1.008896,-0.134888,-1.179568,0.558836,-0.181509,52.034439,202.160767,-577.174316,0,0
2.920000,0.629517,1.352344,-0.467630,0.980618,0.148690,-0.127594,0.097691,0.193452,0.976234,0.169840,-0.969777,0.175177,0.634821,0.097028,0.016637,0.766363,-1.682793,0.795131,-0.070895,0.082199,-0.068505,0.011328,0.127594,-0.976234,-0.175177,0.000000,0.000000,0.000000,-1,0.209793,-1.044739,-0.163849,-1.706694,0.805575,-0.082467,51.155472,202.688141,-578.012207,0,0
2.960000,0.518853,1.278327,-0.294115,0.968748,0.202697,-0.142972,0.083581,0.275937,0.957535,0.233540,-0.939560,0.250371,0.600508,0.119182,0.037705,0.789787,-1.964458,1.702441,-0.120051,0.185916,-0.055160,0.228796,0.142972,-0.957535,-0.250371,0.000000,0.000000,0.000000,-1,0.306381,-0.942093,-0.217789,-2.007469,1.705762,-0.100554,47.991211,196.359634,-584.045410,0,0
3.000000,0.498684,1.225463,-0.230212,0.957734,0.237768,-0.161900,0.077243,0.329580,0.940963,0.277090,-0.913698,0.297284,0.576817,0.136530,0.049925,0.803834,-1.232230,0.652457,-0.257090,-0.012272,0.059813,-0.131961,0.161900,-0.940963,-0.297284,0.000000,0.000000,0.000000,-1,0.138275,-0.886200,-0.445282,-1.256131,0.662902,-0.268662,47.991211,196.359634,-584.045410,0,0
3.040000,0.479906,1.193300,-0.200493,0.954743,0.243935,-0.170178,0.073406,0.361210,0.929590,0.288230,-0.900013,0.326957,0.562711,0.140988,0.052448,0.812852,-0.491615,0.012040,-0.086785,0.056705,0.113901,0.007301,0.170178,-0.929591,-0.326957,0.000000,0.000000,0.000000,-1,0.226883,-0.815689,-0.319656,-0.555941,0.032046,-0.095949,48.167007,194.074341,-587.229614,0,0
3.080000,0.473512,1.180791,-0.195274,0.954896,0.241070,-0.173374,0.073771,0.372967,0.924907,0.287630,-0.895980,0.338361,0.557577,0.141165,0.051229,0.816429,-0.115241,-0.141915,-0.120021,0.047024,0.181041,-0.021014,0.173374,-0.924907,-0.338361,0.000000,0.000000,0.000000,-1,0.207947,-0.787445,-0.382477,-0.195433,-0.089052,-0.127055,48.694382,194.953293,-585.721313,0,0
3.120000,0.468472,1.181951,-0.206380,0.958943,0.226110,-0.171182,0.077688,0.371075,0.925348,0.272751,-0.900654,0.338273,0.558926,0.135885,0.045431,0.816745,0.210055,-0.407816,-0.004362,0.043662,0.080270,-0.045287,0.171182,-0.925348,-0.338273,0.000000,0.000000,0.000000,-1,0.237228,-0.838043,-0.369034,0.186154,-0.397372,-0.015934,48.694382,194.953293,-585.721313,0,0
3.160000,0.466437,1.187920,-0.211811,0.960912,0.220050,-0.168006,0.078540,0.365241,0.927594,0.265480,-0.904531,0.333682,0.561691,0.132898,0.043384,0.815450,0.376569,-0.325673,0.062220,0.129220,0.123944,-0.041531,0.168006,-0.927594,-0.333682,0.000000,0.000000,0.000000,-1,0.284500,-0.778137,-0.390488,0.352669,-0.315229,0.050647,48.870178,194.777512,-587.229614,0,0
3.200000,0.462709,1.220225,-0.244172,0.969652,0.190457,-0.153300,0.083026,0.333248,0.939176,0.229960,-0.923402,0.307321,0.576429,0.118611,0.033247,0.807809,0.873783,-1.074186,0.106978,-0.045695,0.226164,-0.179266,0.153300,-0.939177,-0.307321,0.000000,0.000000,0.000000,-1,0.108353,-0.735580,-0.450607,0.792640,-0.970631,0.083783,49.924927,195.129089,-587.899902,0,0
3.240000,0.454434,1.267984,-0.292475,0.981155,0.142129,-0.130899,0.085980,0.285542,0.954502,0.173039,-0.947768,0.267941,0.597426,0.095455,0.017634,0.796027,1.267372,-1.222154,0.181184,0.116538,0.157688,0.066556,0.130899,-0.954502,-0.267941,0.000000,0.000000,0.000000,-1,0.247437,-0.796814,-0.201385,1.243579,-1.211410,0.169610,52.386017,195.480667,-584.883362,0,0
3.280000,0.465517,1.301661,-0.342824,0.987051,0.107167,-0.119358,0.089381,0.250425,0.964001,0.133199,-0.962186,0.237604,0.612173,0.080267,0.005653,0.786619,1.033727,-1.224879,-0.003426,0.318081,-0.529728,-0.043570,0.119358,-0.964001,-0.237604,0.000000,0.000000,0.000000,-1,0.437439,-1.493729,-0.281174,1.009933,-1.214135,-0.014999,55.901855,196.887009,-581.531555,0,0
3.320000,0.420783,1.333608,-0.352958,0.993748,0.057041,-0.095980,0.081224,0.220486,0.972002,0.076607,-0.973721,0.214474,0.624257,0.055372,-0.007758,0.779216,0.771370,-1.668380,0.366742,0.015318,0.275927,0.080197,0.095980,-0.972002,-0.214474,0.000000,0.000000,0.000000,-1,0.111298,-0.696075,-0.134277,0.641415,-1.571623,0.376976,55.901855,196.887009,-581.531555,0,0
3.360000,0.409601,1.353020,-0.371652,0.995864,0.029176,-0.086044,0.078463,0.201308,0.976380,0.045808,-0.979093,0.198186,0.631738,0.042596,-0.015923,0.773847,1.045672,-1.199930,0.060307,0.144700,0.178163,0.258001,0.086044,-0.976380,-0.198186,0.000000,0.000000,0.000000,-1,-0.174362,-1.087585,0.025757,0.986310,-1.412809,0.147857,56.780823,197.765976,-581.028809,0,0
3.400000,0.469016,1.410755,-0.469869,0.997384,-0.006003,-0.072032,0.072153,0.142089,0.987221,0.004308,-0.989836,0.142151,0.654436,0.025270,-0.025871,0.755252,0.874256,-0.466445,0.458383,-0.486384,-0.129692,0.158020,0.072032,-0.987221,-0.142151,0.000000,0.000000,0.000000,-1,-0.249191,-1.057877,-0.101227,0.850463,-0.455701,0.446809,59.769287,200.402847,-578.515015,0,0
3.440000,0.462529,1.440741,-0.481940,0.998065,-0.022748,-0.057869,0.060111,0.114917,0.991555,-0.015906,-0.993115,0.116062,0.664659,0.014053,-0.027749,0.746499,0.723823,-0.564691,0.025266,0.125481,0.057320,-0.118450,0.057869,-0.991555,-0.116062,0.000000,0.000000,0.000000,-1,0.183350,-0.934235,-0.234512,0.655731,-0.469644,0.080836,59.769287,200.402847,-578.515015,0,0
3.480000,0.612290,1.467755,-0.671543,0.996348,-0.061606,-0.059118,0.063998,0.080525,0.994696,-0.056518,-0.994847,0.084173,0.676692,0.000884,-0.042721,0.735025,0.718776,-0.781257,-0.028214,-0.095479,-0.038080,0.059561,0.059118,-0.994696,-0.084173,0.000000,0.000000,0.000000,-1,-0.094467,-1.069473,0.032822,0.694983,-0.770513,-0.039788,59.945068,201.984970,-578.347412,0,0
3.520000,0.704858,1.484301,-0.771272,0.996107,-0.068102,-0.055973,0.060216,0.061942,0.996262,-0.064380,-0.995754,0.065801,0.683441,-0.002885,-0.044025,0.728672,0.614163,0.074777,0.107880,-0.208469,0.004303,0.115896,0.055973,-0.996262,-0.065801,0.000000,0.000000,0.000000,-1,-0.128510,-0.926941,-0.028549,0.590370,0.085520,0.096307,60.296661,201.281815,-576.671509,0,0
3.560000,0.997935,1.506728,-1.056735,0.996771,-0.059614,-0.053803,0.055749,0.031482,0.997948,-0.057798,-0.997725,0.034704,0.694727,-0.001391,-0.040160,0.718150,0.745396,0.184668,0.081948,-0.088181,0.049340,-0.092814,0.053803,-0.997948,-0.034704,0.000000,0.000000,0.000000,-1,-0.035553,-0.950394,-0.141464,0.705659,0.207036,0.067259,60.648239,204.094482,-575.666016,0,0
3.600000,1.526671,1.517569,-1.581151,0.997102,-0.054438,-0.053151,0.053200,-0.000551,0.998584,-0.054390,-0.998517,0.002347,0.706276,-0.000438,-0.038066,0.706912,0.644296,-0.059944,-0.028210,-0.125355,0.000400,-0.284183,0.053151,-0.998584,-0.002347,0.000000,0.000000,0.000000,-1,-0.072205,-0.998184,-0.286530,0.620504,-0.049201,-0.039783,61.175613,204.270279,-574.492859,0,0
3.640000,1.880698,1.516548,-1.945262,0.996612,-0.064007,-0.051639,0.050465,-0.019833,0.998529,-0.064937,-0.997752,-0.016536,0.712913,-0.004749,-0.040880,0.700044,0.430084,-0.240771,0.113686,-0.161960,-0.101187,-0.195033,0.051639,-0.998529,0.016536,0.000000,0.000000,0.000000,-1,-0.110321,-1.099716,-0.178497,0.475298,-0.286298,0.089005,61.527206,205.325027,-574.828064,0,0
3.680000,1.970163,1.516697,-2.038519,0.996462,-0.067695,-0.049817,0.048265,-0.024379,0.998537,-0.068810,-0.997408,-0.021025,0.714469,-0.006799,-0.041509,0.698401,0.047996,-0.125959,0.037385,0.053256,-0.057325,-0.210631,0.049817,-0.998537,0.021025,0.000000,0.000000,0.000000,-1,0.130005,-1.055237,-0.182419,0.024204,-0.115216,0.025812,61.527206,205.325027,-574.828064,0,1
3.720000,1.729221,1.514421,-1.818964,0.994455,-0.089238,-0.055640,0.054619,-0.013840,0.998411,-0.089866,-0.995914,-0.008889,0.710138,-0.012187,-0.051224,0.702091,-0.454258,-0.500212,-0.240693,-0.025260,-0.007753,-0.165597,0.055640,-0.998411,0.008889,0.000000,0.000000,0.000000,-1,0.030380,-1.006165,-0.156708,-0.478050,-0.489470,-0.252266,61.351410,206.555573,-575.666016,0,0
3.760000,1.141517,1.499276,-1.251661,0.991733,-0.110651,-0.064976,0.067852,0.022420,0.997443,-0.108911,-0.993606,0.029743,0.696342,-0.015366,-0.062429,0.714824,-1.375441,-0.648355,-0.128593,-0.146626,-0.185937,-0.267026,0.064976,-0.997443,-0.029743,0.000000,0.000000,0.000000,-1,-0.197250,-1.286301,-0.310486,-1.399232,-0.637612,-0.140166,65.570419,202.336563,-578.012207,0,0
3.800000,0.610805,1.466082,-0.737219,0.989909,-0.128404,-0.059947,0.070264,0.077383,0.994522,-0.123061,-0.988698,0.085624,0.675815,-0.021507,-0.067699,0.733641,-2.137054,-0.401670,0.303582,-0.390055,-0.288833,-0.176827,0.059947,-0.994522,-0.085624,0.000000,0.000000,0.000000,-1,-0.366394,-1.222076,-0.218567,-2.160845,-0.390927,0.292010,65.570419,201.281815,-580.023315,0,0
3.840000,0.275233,1.349275,-0.347470,0.995131,-0.078418,-0.059712,0.074817,0.206583,0.975564,-0.064166,-0.975281,0.211444,0.627914,-0.001434,-0.049321,0.776717,-3.092698,1.994328,-0.272196,0.051418,-0.089026,0.086139,0.059712,-0.975564,-0.211444,0.000000,0.000000,0.000000,-1,0.245361,-1.101151,-0.105301,-3.116489,2.005071,-0.283769,65.570419,201.281815,-580.023315,0,0
3.880000,0.318506,1.239871,-0.318101,0.994686,-0.015734,-0.101747,0.101623,0.308617,0.945742,0.016521,-0.951056,0.308576,0.586833,0.036590,-0.036308,0.808065,-3.817513,2.688821,-1.008512,0.563627,-0.172056,0.281660,0.101747,-0.945742,-0.308576,0.000000,0.000000,0.000000,-1,0.854416,-1.142838,0.168610,-3.841304,2.699564,-1.020084,59.593491,192.140625,-588.067505,0,0
3.920000,0.435503,1.104098,-0.229538,0.968599,0.160580,-0.189815,0.102374,0.438139,0.893059,0.226573,-0.884448,0.407942,0.529745,0.124095,0.017347,0.838850,-2.238765,3.017707,-0.232584,-0.192134,-0.075035,0.331114,0.189815,-0.893059,-0.407942,0.000000,0.000000,0.000000,-1,-0.067520,-1.021713,-0.534409,-1.895886,3.492508,-0.222106,59.593491,192.140625,-588.067505,0,0
3.960000,0.429193,1.008095,-0.136650,0.948773,0.224825,-0.221998,0.072672,0.528500,0.845817,0.307487,-0.818622,0.485088,0.483525,0.153817,0.044201,0.860576,-1.573933,1.806078,0.131142,0.111330,0.147544,0.094692,0.221998,-0.845817,-0.485088,0.000000,0.000000,0.000000,-1,0.333328,-0.698273,-0.390396,-1.597724,1.816820,0.119570,56.605026,189.152161,-597.620056,0,0
4.000000,0.427412,0.979327,-0.106924,0.941567,0.245015,-0.231127,0.059505,0.554397,0.830122,0.331529,-0.795369,0.507422,0.468974,0.162333,0.053522,0.866514,-1.035203,0.083220,0.072698,-0.046008,0.312590,0.264075,0.231127,-0.830122,-0.507422,0.000000,0.000000,0.000000,-1,0.185120,-0.517532,-0.243347,-1.058994,0.093962,0.061126,55.901855,187.394241,-598.625610,0,0
4.040000,0.403602,0.962475,-0.060921,0.937568,0.265690,-0.224443,0.034794,0.570431,0.820608,0.346057,-0.777186,0.525573,0.458684,0.163775,0.066284,0.870858,-0.177583,0.536840,0.578898,0.032621,0.174780,0.155608,0.224443,-0.820608,-0.525573,0.000000,0.000000,0.000000,-1,0.245102,-0.643250,-0.294785,-0.286751,0.511258,0.531903,55.901855,187.394241,-598.625610,0,0
4.080000,0.396000,0.981584,-0.032035,0.932410,0.290973,-0.214353,0.017799,0.555421,0.831379,0.360965,-0.779001,0.512701,0.464835,0.166065,0.078851,0.866102,0.678138,0.391948,0.618614,0.138201,0.294025,0.227606,0.214353,-0.831379,-0.512701,0.000000,0.000000,0.000000,-1,0.352554,-0.537354,-0.285095,0.654348,0.402690,0.607042,53.440765,190.206909,-601.977356,0,0
4.120000,0.398061,1.018283,-0.032310,0.931992,0.300004,-0.203440,0.016954,0.524554,0.851208,0.362081,-0.796769,0.483794,0.480532,0.164900,0.082534,0.857371,1.434608,-0.275884,0.344659,0.151174,0.391064,-0.074449,0.203440,-0.851208,-0.483794,0.000000,0.000000,0.000000,-1,0.329742,-0.473953,-0.560593,1.410819,-0.265142,0.333087,53.440765,190.206909,-601.977356,0,0
4.160000,0.407326,1.089643,-0.080783,0.943527,0.275939,-0.183342,0.037346,0.461293,0.886462,0.329183,-0.843248,0.424937,0.514125,0.152339,0.070917,0.841094,1.076486,-0.505239,0.046809,0.037010,0.159975,-0.157399,0.183342,-0.886462,-0.424937,0.000000,0.000000,0.000000,-1,0.229340,-0.912384,-0.537033,1.120551,-0.564703,0.004080,54.671310,191.437454,-597.787659,0,0
4.200000,0.426727,1.122926,-0.095826,0.941844,0.284261,-0.179236,0.041434,0.431061,0.901371,0.333486,-0.856378,0.394214,0.528339,0.154113,0.072988,0.831733,0.571720,0.399762,0.201803,0.117349,-0.077282,-0.080243,0.179236,-0.901371,-0.394214,0.000000,0.000000,0.000000,-1,0.255798,-0.928452,-0.484100,0.547931,0.410504,0.190231,54.671310,191.437454,-597.787659,0,0
4.240000,0.420542,1.144996,-0.100274,0.945502,0.278551,-0.168630,0.041349,0.410975,0.910708,0.322981,-0.868049,0.377060,0.537928,0.148672,0.071734,0.826671,0.721334,-0.866583,0.251198,0.051875,0.192538,-0.293274,0.168630,-0.910708,-0.377060,0.000000,0.000000,0.000000,-1,0.220505,-0.718170,-0.670334,0.633014,-0.698230,0.216099,54.495514,193.019592,-596.949707,0,0
4.280000,0.385403,1.188468,-0.104366,0.957941,0.250356,-0.140254,0.038867,0.371052,0.927798,0.284322,-0.894227,0.345715,0.557040,0.129804,0.064658,0.817727,1.333114,-0.815116,0.471044,0.175527,0.032947,-0.123248,0.140254,-0.927798,-0.345715,0.000000,0.000000,0.000000,-1,0.352539,-1.062180,-0.381958,1.230482,-0.855954,0.466669,54.495514,193.019592,-596.949707,0,0
