0.000000,0.968978,-0.052778,0.030231,0.567198,-0.026353,-0.823160,-0.030184,0.998151,-0.052754,0.823028,0.054768,0.565354,-0.030384,0.465188,0.001083,0.884690,-0.114779,-0.014078,0.054885,-0.002390,-0.003743,-0.000076,0.823160,0.052754,-0.565354,0.000000,0.000000,0.000000,-1,0.816910,0.051880,-0.566879,-0.118913,-0.129243,0.069972,182.039047,235.911652,-784.744141,0,0
0.040000,0.968080,-0.053027,0.034255,0.568045,-0.024223,-0.822641,-0.034200,0.998009,-0.053002,0.822287,0.058242,0.566085,-0.031429,0.464725,0.002819,0.884893,-0.117908,-0.032079,0.074150,-0.005731,-0.001123,-0.000794,0.822641,0.053002,-0.566085,0.000000,0.000000,0.000000,-1,0.815903,0.056976,-0.562683,-0.116734,-0.133461,0.084859,179.060547,236.784760,-784.243164,0,0
0.080000,0.967125,-0.053340,0.040109,0.568972,-0.021094,-0.822086,-0.040041,0.997775,-0.053315,0.821382,0.063252,0.566861,-0.032925,0.464204,0.005352,0.885100,-0.133861,-0.033141,0.073266,-0.007511,-0.003983,0.010556,0.822086,0.053315,-0.566861,0.000000,0.000000,0.000000,-1,0.822113,0.059296,-0.546097,-0.130600,-0.140899,0.074408,180.637405,235.562408,-785.412170,0,0
0.120000,0.966810,-0.055155,0.046142,0.569416,-0.019130,-0.821827,-0.046055,0.997417,-0.055127,0.820758,0.069239,0.567064,-0.035126,0.463933,0.007605,0.885141,-0.046803,-0.043757,0.046804,-0.002735,0.034183,0.024797,0.821827,0.055127,-0.567064,0.000000,0.000000,0.000000,-1,0.813965,0.089294,-0.544128,0.019169,-0.136712,0.036572,181.163025,236.435516,-785.913208,0,0
0.160000,0.966521,-0.055777,0.046708,0.569688,-0.019297,-0.821634,-0.046619,0.997356,-0.055748,0.820537,0.070062,0.567283,-0.035531,0.463785,0.007716,0.885202,0.016927,-0.036350,0.032224,-0.007654,0.031121,0.021186,0.821634,0.055748,-0.567283,0.000000,0.000000,0.000000,-1,0.812683,0.066879,-0.555130,0.075488,-0.125064,0.026325,181.513428,234.340073,-783.909180,0,0
0.200000,0.965739,-0.053628,0.043691,0.570192,-0.019200,-0.821287,-0.043614,0.997609,-0.053602,0.820353,0.066383,0.567991,-0.033879,0.463526,0.006893,0.885408,0.139147,-0.010917,0.017980,-0.011580,0.007112,0.006788,0.821287,0.053602,-0.567991,0.000000,0.000000,0.000000,-1,0.811630,0.058197,-0.570786,0.159480,-0.113404,0.024283,181.863846,236.784760,-785.245178,0,0
0.240000,0.964442,-0.049470,0.038382,0.571015,-0.018737,-0.820726,-0.038325,0.998041,-0.049450,0.820045,0.059691,0.569178,-0.030805,0.463100,0.005529,0.885753,0.192307,-0.007746,0.018437,-0.003908,0.005634,-0.007589,0.820726,0.049450,-0.569178,0.000000,0.000000,0.000000,-1,0.809937,0.037949,-0.598343,0.195620,-0.107047,0.020665,181.338226,236.610138,-785.746216,0,0
0.280000,0.962661,-0.044338,0.032417,0.572217,-0.017840,-0.819908,-0.032379,0.998492,-0.044323,0.819463,0.051910,0.570777,-0.027147,0.462466,0.004101,0.886212,0.179513,-0.014141,0.009037,-0.013298,-0.011532,-0.027917,0.819908,0.044323,-0.570777,0.000000,0.000000,0.000000,-1,0.799332,0.022888,-0.602951,0.150907,-0.102832,0.004119,181.513428,236.086273,-786.915222,0,0
0.320000,0.961880,-0.040209,0.026748,0.572656,-0.017664,-0.819605,-0.026723,0.998834,-0.040198,0.819360,0.044922,0.571517,-0.024007,0.462239,0.002555,0.886426,0.096542,0.019743,-0.010408,-0.009775,-0.016516,-0.036637,0.819605,0.040198,-0.571517,0.000000,0.000000,0.000000,-1,0.816925,0.027451,-0.604797,0.080709,-0.075287,-0.009060,180.987808,234.863937,-785.078186,0,0
0.360000,0.962209,-0.039210,0.025007,0.572335,-0.017856,-0.819826,-0.024986,0.998919,-0.039200,0.819639,0.042919,0.571270,-0.023162,0.462416,0.002011,0.886358,0.035960,0.038817,-0.009823,-0.001939,-0.007111,-0.034458,0.819826,0.039200,-0.571270,0.000000,0.000000,0.000000,-1,0.806824,0.035065,-0.580887,-0.012824,-0.050901,-0.007075,180.462189,235.387802,-784.911194,0,0
0.400000,0.963434,-0.039771,0.025249,0.571346,-0.018231,-0.820507,-0.025226,0.998891,-0.039761,0.820322,0.043415,0.570252,-0.023468,0.462951,0.001974,0.886071,-0.046972,0.047280,-0.013200,-0.013515,-0.007061,0.001709,0.820507,0.039761,-0.570252,0.000000,0.000000,0.000000,-1,0.814941,0.033051,-0.562317,-0.041556,-0.072110,-0.009854,180.637405,235.911652,-785.078186,0,0
0.440000,0.964692,-0.040670,0.026086,0.570348,-0.018546,-0.821194,-0.026062,0.998833,-0.040658,0.820990,0.044591,0.569199,-0.024061,0.463489,0.002121,0.885774,-0.005542,0.010171,-0.015611,-0.006848,-0.000223,0.006333,0.821194,0.040658,-0.569199,0.000000,0.000000,0.000000,-1,0.802231,0.044052,-0.577560,0.020091,-0.096493,-0.009359,182.915085,236.435516,-784.243164,0,0
0.480000,0.963801,-0.040213,0.024636,0.571042,-0.018960,-0.820702,-0.024614,0.998888,-0.040202,0.820552,0.043158,0.569941,-0.023522,0.463116,0.001595,0.885984,0.063641,0.001708,0.007062,-0.018135,0.000218,-0.009206,0.820702,0.040202,-0.569941,0.000000,0.000000,0.000000,-1,0.805573,0.032532,-0.573090,0.062763,-0.092195,0.028445,180.987808,237.308609,-786.080200,0,0
0.520000,0.963042,-0.037802,0.023332,0.571593,-0.017695,-0.820346,-0.023314,0.999014,-0.037793,0.820206,0.040727,0.570617,-0.022151,0.462818,0.001585,0.886175,0.037175,0.012332,0.033903,-0.014942,-0.009595,-0.007081,0.820346,0.037793,-0.570617,0.000000,0.000000,0.000000,-1,0.816925,0.024933,-0.572906,0.007539,-0.098530,0.046101,181.338226,235.213181,-787.416199,0,0
0.560000,0.962554,-0.035063,0.024697,0.571962,-0.014649,-0.820150,-0.024679,0.999081,-0.035056,0.819909,0.040291,0.571074,-0.021253,0.462613,0.002829,0.886301,-0.025469,-0.008847,0.058102,-0.001927,-0.006049,-0.002549,0.820149,0.035056,-0.571074,0.000000,0.000000,0.000000,-1,0.818192,0.036224,-0.574753,-0.031726,-0.111221,0.067866,180.286987,235.911652,-785.746216,0,0
0.600000,0.962129,-0.034138,0.026683,0.572318,-0.012737,-0.819933,-0.026665,0.999062,-0.034131,0.819598,0.041397,0.571441,-0.021302,0.462413,0.003928,0.886400,-0.039266,-0.014140,0.065723,0.000319,0.004641,-0.001801,0.819933,0.034131,-0.571441,0.000000,0.000000,0.000000,-1,0.821503,0.040878,-0.573257,-0.034920,-0.117582,0.067930,182.039047,234.863937,-786.414185,0,0
0.640000,0.961629,-0.033539,0.028699,0.572738,-0.011071,-0.819663,-0.028679,0.999026,-0.033533,0.819236,0.042713,0.571863,-0.021501,0.462175,0.004966,0.886514,-0.033973,-0.013091,0.060337,0.001839,0.007346,-0.001394,0.819663,0.033533,-0.571863,0.000000,0.000000,0.000000,-1,0.823822,0.039413,-0.565262,-0.020092,-0.116544,0.052870,180.637405,235.213181,-785.412170,0,0
0.680000,0.961350,-0.032579,0.031271,0.572969,-0.008799,-0.819530,-0.031249,0.998981,-0.032574,0.818981,0.044273,0.572110,-0.021670,0.462034,0.006331,0.886575,-0.009745,-0.022746,0.035734,0.007084,0.005009,0.007046,0.819530,0.032574,-0.572110,0.000000,0.000000,0.000000,-1,0.823166,0.033157,-0.563751,-0.008451,-0.118685,0.038923,182.739868,235.562408,-785.412170,0,0
0.720000,0.960724,-0.031800,0.032145,0.573468,-0.007632,-0.819192,-0.032123,0.998978,-0.031794,0.818598,0.044548,0.572637,-0.021524,0.461756,0.006905,0.886719,0.002971,-0.043953,0.029305,0.001013,0.001745,0.006047,0.819192,0.031794,-0.572637,0.000000,0.000000,0.000000,-1,0.821320,0.033936,-0.563553,0.018100,-0.145194,0.036622,181.163025,235.387802,-784.577148,0,0
0.760000,0.959907,-0.030924,0.032419,0.574116,-0.006721,-0.818746,-0.032398,0.998997,-0.030919,0.818133,0.044277,0.573322,-0.021196,0.461400,0.007238,0.886910,0.016806,-0.043941,0.033407,0.000239,0.002055,0.008656,0.818746,0.030919,-0.573322,0.000000,0.000000,0.000000,-1,0.821655,0.030624,-0.567337,0.012801,-0.154726,0.043106,182.039047,234.863937,-786.080200,0,0
0.800000,0.958139,-0.029457,0.032946,0.575525,-0.005140,-0.817768,-0.032926,0.999024,-0.029452,0.817121,0.043876,0.574794,-0.020660,0.460626,0.007829,0.887319,0.015767,-0.064064,0.044145,-0.000370,0.002057,0.008800,0.817768,0.029452,-0.574794,0.000000,0.000000,0.000000,-1,0.818558,0.033875,-0.567047,0.019196,-0.169558,0.050548,180.111786,234.689316,-786.247192,0,0
0.840000,0.955043,-0.027448,0.033410,0.578000,-0.003098,-0.816031,-0.033391,0.999065,-0.027445,0.815353,0.043111,0.577356,-0.019863,0.459268,0.008528,0.888035,0.025307,-0.075726,0.039833,-0.001562,0.005301,0.003779,0.816031,0.027445,-0.577356,0.000000,0.000000,0.000000,-1,0.813629,0.030899,-0.577072,0.028733,-0.179109,0.044104,179.936569,235.911652,-785.746216,0,0
0.880000,0.952667,-0.026234,0.033460,0.579903,-0.001978,-0.814683,-0.033442,0.999096,-0.026231,0.813999,0.042456,0.579313,-0.019325,0.458225,0.008852,0.888582,0.026363,-0.076789,0.038760,0.000075,0.004638,-0.000415,0.814683,0.026231,-0.579313,0.000000,0.000000,0.000000,-1,0.810257,0.027939,-0.582626,0.029780,-0.174876,0.038755,181.163025,236.086273,-786.247192,0,0
0.920000,0.949540,-0.024751,0.033319,0.582405,-0.000723,-0.812899,-0.033303,0.999139,-0.024748,0.812217,0.041486,0.581879,-0.018620,0.456852,0.009159,0.889301,0.027386,-0.075748,0.028104,-0.000902,0.001542,-0.001297,0.812899,0.024748,-0.581879,0.000000,0.000000,0.000000,-1,0.804794,0.024979,-0.584595,0.027632,-0.177005,0.033470,180.812607,235.387802,-785.913208,0,0
0.960000,0.945382,-0.023223,0.033071,0.585736,0.000542,-0.810502,-0.033056,0.999184,-0.023220,0.809828,0.040393,0.585275,-0.017864,0.455020,0.009435,0.890252,0.025241,-0.071522,0.022787,-0.011064,0.006168,0.001367,0.810502,0.023220,-0.585275,0.000000,0.000000,0.000000,-1,0.796707,0.028336,-0.584839,0.034009,-0.163227,0.030146,181.338226,235.562408,-786.080200,0,0
1.000000,0.943096,-0.022321,0.032770,0.587561,0.001187,-0.809179,-0.032756,0.999214,-0.022319,0.808516,0.039619,0.587138,-0.017383,0.454014,0.009526,0.890774,0.034830,-0.061979,0.026890,-0.012823,0.005788,0.002086,0.809179,0.022319,-0.587138,0.000000,0.000000,0.000000,-1,0.791504,0.027023,-0.592148,0.042545,-0.154736,0.036396,181.863846,232.244629,-786.581177,0,0
1.040000,0.938755,-0.019615,0.032007,0.590997,0.003090,-0.806668,-0.031996,0.999296,-0.019614,0.806039,0.037402,0.590679,-0.015984,0.452112,0.009836,0.891764,0.039051,-0.037666,0.035299,-0.014844,0.000528,-0.005695,0.806668,0.019614,-0.590679,0.000000,0.000000,0.000000,-1,0.793915,0.021866,-0.599609,0.040445,-0.130348,0.038436,180.286987,234.514694,-787.082214,0,0
1.080000,0.937068,-0.018264,0.031711,0.592322,0.004065,-0.805691,-0.031700,0.999331,-0.018263,0.805077,0.036358,0.592055,-0.015306,0.451374,0.010022,0.892147,0.035871,-0.030252,0.036363,-0.009014,0.004397,-0.008318,0.805691,0.018263,-0.592055,0.000000,0.000000,0.000000,-1,0.796387,0.020905,-0.600449,0.037273,-0.122921,0.041629,180.987808,235.562408,-786.080200,0,0
1.120000,0.935720,-0.016948,0.031494,0.593375,0.005045,-0.804911,-0.031485,0.999361,-0.016947,0.804310,0.035398,0.593154,-0.014663,0.450786,0.010233,0.892453,0.036947,-0.021776,0.038438,-0.009348,0.005514,-0.007981,0.804911,0.016947,-0.593154,0.000000,0.000000,0.000000,-1,0.798676,0.018173,-0.602310,0.041529,-0.117620,0.041558,180.462189,234.340073,-786.581177,0,0
1.160000,0.934260,-0.015049,0.031082,0.594502,0.006377,-0.804069,-0.031074,0.999404,-0.015048,0.803493,0.033932,0.594346,-0.013715,0.450154,0.010487,0.892784,0.043320,-0.017548,0.036218,-0.004127,0.003720,-0.007598,0.804069,0.015048,-0.594346,0.000000,0.000000,0.000000,-1,0.799347,0.016434,-0.601868,0.047898,-0.120804,0.039375,181.338226,235.213181,-786.414185,0,0
1.200000,0.932681,-0.012503,0.030261,0.595714,0.007986,-0.803157,-0.030254,0.999464,-0.012502,0.802627,0.031747,0.595636,-0.012386,0.449476,0.010704,0.893142,0.041128,-0.013361,0.031946,-0.002864,0.001108,-0.003775,0.803157,0.012502,-0.595636,0.000000,0.000000,0.000000,-1,0.798477,0.009567,-0.603821,0.037260,-0.108088,0.035180,179.936569,234.165451,-786.748169,0,0
1.240000,0.931772,-0.010440,0.029898,0.596397,0.009453,-0.802634,-0.029892,0.999499,-0.010440,0.802133,0.030219,0.596380,-0.011378,0.449088,0.011011,0.893347,0.029440,-0.007007,0.032048,-0.006904,-0.003589,-0.007380,0.802634,0.010440,-0.596380,0.000000,0.000000,0.000000,-1,0.796310,0.001465,-0.598099,0.026630,-0.105968,0.035287,181.688629,234.165451,-785.078186,0,0
1.280000,0.931362,-0.008906,0.029907,0.596688,0.010701,-0.802402,-0.029901,0.999513,-0.008906,0.801916,0.029307,0.596718,-0.010693,0.448917,0.011361,0.893437,0.020948,-0.003827,0.034258,-0.007617,-0.005808,-0.001701,0.802402,0.008906,-0.596718,0.000000,0.000000,0.000000,-1,0.795624,-0.001160,-0.588623,0.023455,-0.102782,0.038499,180.987808,235.213181,-786.414185,0,0
1.320000,0.931657,-0.006175,0.030194,0.596383,0.013055,-0.802594,-0.030189,0.999525,-0.006175,0.802132,0.027912,0.596494,-0.009539,0.449068,0.012101,0.893365,0.018843,0.007839,0.036363,-0.006543,-0.008448,0.013089,0.802594,0.006175,-0.596494,0.000000,0.000000,0.000000,-1,0.795319,-0.004990,-0.581573,0.021336,-0.093240,0.038479,180.637405,233.466980,-786.748169,0,0
1.360000,0.932399,-0.004412,0.030340,0.595743,0.014535,-0.803044,-0.030335,0.999530,-0.004412,0.802602,0.026989,0.595904,-0.008789,0.449412,0.012559,0.893193,0.018798,0.012053,0.033065,-0.006489,-0.011767,0.019137,0.803044,0.004412,-0.595904,0.000000,0.000000,0.000000,-1,0.806656,-0.005829,-0.584000,0.034075,-0.107026,0.036274,180.637405,234.514694,-787.082214,0,0
1.400000,0.933111,-0.001999,0.030128,0.595116,0.016329,-0.803474,-0.030123,0.999544,-0.001999,0.803075,0.025393,0.595336,-0.007668,0.449748,0.013004,0.893028,0.034729,0.001454,0.029752,0.000679,-0.008682,0.014892,0.803474,0.001999,-0.595336,0.000000,0.000000,0.000000,-1,0.804474,-0.014221,-0.594391,0.042576,-0.097489,0.032946,180.286987,234.863937,-787.082214,0,0
1.440000,0.933069,0.001504,0.029119,0.595084,0.018542,-0.803450,-0.029115,0.999575,0.001504,0.803136,0.022497,0.595371,-0.005877,0.449756,0.013341,0.893033,0.047461,-0.015514,0.024379,0.009340,-0.009742,0.002368,0.803450,-0.001504,-0.595371,0.000000,0.000000,0.000000,-1,0.816376,-0.014679,-0.599442,0.037211,-0.119766,0.024596,179.235748,234.863937,-785.078186,0,0
1.480000,0.932803,0.003235,0.028603,0.595266,0.019631,-0.803289,-0.028599,0.999586,0.003235,0.803019,0.021048,0.595581,-0.004772,0.449591,0.013556,0.893119,0.021897,-0.027191,0.013019,0.012880,-0.010555,-0.000440,0.803206,-0.003666,-0.595690,0.000000,0.000000,0.000000,-1,0.812088,-0.013931,-0.592056,0.016969,-0.129323,0.015289,180.987808,233.816223,-785.078186,0,0
1.520000,0.931903,0.004705,0.028364,0.595961,0.020687,-0.802747,-0.028360,0.999587,0.004705,0.802513,0.019962,0.596301,-0.004270,0.449256,0.013727,0.893287,0.005866,-0.030372,0.002407,0.002749,-0.005335,0.004855,0.802747,-0.004705,-0.596301,0.000000,0.000000,0.000000,-1,0.799118,-0.009781,-0.591537,0.008422,-0.131459,0.004755,180.987808,235.213181,-785.078186,0,0
1.560000,0.930813,0.005114,0.028086,0.596831,0.020871,-0.802095,-0.028082,0.999593,0.005114,0.801875,0.019472,0.597174,-0.004017,0.448773,0.013697,0.893532,0.009024,-0.033564,-0.006120,-0.003725,-0.005384,0.007330,0.802095,-0.005114,-0.597174,0.000000,0.000000,0.000000,-1,0.799698,-0.010376,-0.591919,0.015829,-0.135713,-0.003817,180.637405,233.466980,-785.412170,0,0
1.600000,0.929942,0.005408,0.027614,0.597533,0.020841,-0.801574,-0.027610,0.999604,0.005408,0.801369,0.018900,0.597872,-0.003774,0.448386,0.013553,0.893729,0.016449,-0.036750,-0.010440,0.000688,-0.004587,0.004778,0.801574,-0.005408,-0.597872,0.000000,0.000000,0.000000,-1,0.808014,-0.011261,-0.597641,0.015813,-0.135719,-0.008072,180.987808,232.768494,-787.416199,0,0
1.640000,0.928763,0.005715,0.026875,0.598486,0.020667,-0.800866,-0.026872,0.999623,0.005715,0.800682,0.018100,0.598816,-0.003464,0.447862,0.013294,0.893997,0.007927,-0.035696,-0.015666,0.005667,-0.006187,-0.000794,0.800866,-0.005715,-0.598816,0.000000,0.000000,0.000000,-1,0.800446,-0.011185,-0.594910,0.012602,-0.137847,-0.013345,178.359726,235.387802,-788.251221,0,0
1.680000,0.926997,0.005506,0.025938,0.599923,0.019969,-0.799809,-0.025934,0.999649,0.005506,0.799638,0.017439,0.600230,-0.003336,0.447073,0.012831,0.894399,0.004626,-0.039849,-0.029649,-0.004719,-0.002841,0.009211,0.799809,-0.005506,-0.600230,0.000000,0.000000,0.000000,-1,0.793350,-0.008179,-0.591919,0.009341,-0.136816,-0.032461,181.513428,234.340073,-786.915222,0,0
1.720000,0.926023,0.004834,0.025148,0.600730,0.018975,-0.799022,-0.024846,0.999681,0.004542,0.798852,0.017123,0.601284,-0.003515,0.446481,0.012131,0.894704,0.004568,-0.033490,-0.043541,-0.007427,-0.001500,0.006557,0.799022,-0.004542,-0.601284,0.000000,0.000000,0.000000,-1,0.796524,-0.005051,-0.596054,0.010383,-0.133645,-0.038869,180.462189,234.689316,-787.583252,0,0
1.760000,0.924503,0.003550,0.023503,0.601999,0.016986,-0.798316,-0.023501,0.999718,0.003550,0.798151,0.016624,0.602228,-0.003652,0.445952,0.011309,0.894978,0.014158,-0.031360,-0.038337,0.002862,-0.003316,0.004343,0.798316,-0.003550,-0.602228,0.000000,0.000000,0.000000,-1,0.803040,-0.008102,-0.598602,0.017861,-0.133630,-0.029378,179.761368,234.689316,-787.249207,0,0
1.800000,0.923434,0.003221,0.022232,0.602879,0.015975,-0.797673,-0.022230,0.999748,0.003221,0.797523,0.015790,0.603082,-0.003510,0.445474,0.010669,0.895225,0.018451,-0.043000,-0.025565,0.001292,-0.003539,0.008859,0.797673,-0.003221,-0.603082,0.000000,0.000000,0.000000,-1,0.793900,-0.004959,-0.593262,0.020009,-0.146340,-0.020834,180.987808,233.117737,-786.748169,0,0
1.840000,0.922048,0.002908,0.021003,0.604008,0.015006,-0.796837,-0.021002,0.999775,0.002908,0.796702,0.014979,0.604187,-0.003370,0.444854,0.010052,0.895540,0.021631,-0.045121,-0.027718,-0.006630,0.001779,0.012222,0.796837,-0.002908,-0.604187,0.000000,0.000000,0.000000,-1,0.793121,0.006393,-0.597137,0.027437,-0.149526,-0.024093,180.812607,233.641602,-786.581177,0,0
1.880000,0.920835,0.002274,0.019830,0.605001,0.013810,-0.796105,-0.019829,0.999801,0.002274,0.795978,0.014410,0.605154,-0.003387,0.444310,0.009388,0.895817,0.029049,-0.048307,-0.033107,0.001212,0.008042,0.006933,0.796105,-0.002274,-0.605154,0.000000,0.000000,0.000000,-1,0.804337,-0.001617,-0.601974,0.034866,-0.150591,-0.027361,180.987808,234.863937,-787.082214,0,0
1.920000,0.918719,0.002068,0.017498,0.606718,0.012262,-0.794823,-0.017497,0.999845,0.002068,0.794725,0.012653,0.606838,-0.002952,0.443365,0.008301,0.896298,0.038626,-0.062076,-0.027833,0.006096,-0.001441,0.005520,0.794823,-0.002068,-0.606838,0.000000,0.000000,0.000000,-1,0.794876,-0.003922,-0.595078,0.039106,-0.162254,-0.028419,179.586166,234.514694,-785.412170,0,0
1.960000,0.916938,0.001913,0.015474,0.608157,0.010930,-0.793741,-0.015473,0.999878,0.001913,0.793666,0.011119,0.608252,-0.002567,0.442569,0.007361,0.896701,0.039654,-0.061024,-0.037422,-0.003443,0.002065,0.017218,0.793741,-0.001913,-0.608252,0.000000,0.000000,0.000000,-1,0.790024,0.006973,-0.592239,0.046521,-0.160145,-0.035956,179.410950,234.340073,-786.915222,0,0
2.000000,0.915627,0.001451,0.013578,0.609222,0.009423,-0.792944,-0.013578,0.999907,0.001451,0.792884,0.009882,0.609293,-0.002350,0.441982,0.006411,0.896998,0.055581,-0.063146,-0.041846,0.000498,0.009172,0.010538,0.792944,-0.001451,-0.609293,0.000000,0.000000,0.000000,-1,0.801788,0.003952,-0.605240,0.062452,-0.166511,-0.039294,180.987808,233.816223,-785.746216,0,0
2.040000,0.912776,0.001111,0.009623,0.611515,0.006764,-0.791204,-0.009623,0.999953,0.001111,0.791174,0.006935,0.611552,-0.001622,0.440706,0.004564,0.897639,0.064050,-0.075872,-0.048268,0.006022,0.002194,0.003031,0.791204,-0.001111,-0.611552,0.000000,0.000000,0.000000,-1,0.790024,0.000000,-0.608154,0.071994,-0.175001,-0.044680,180.812607,234.340073,-788.251221,0,0
2.080000,0.909911,0.001063,0.006260,0.613799,0.004682,-0.789449,-0.006260,0.999980,0.001063,0.789438,0.004289,0.613816,-0.000898,0.439422,0.003045,0.898275,0.069360,-0.071634,-0.050474,-0.004994,0.005427,0.003113,0.789449,-0.001063,-0.613816,0.000000,0.000000,0.000000,-1,0.772461,0.007004,-0.612671,0.071998,-0.163340,-0.045796,181.863846,235.737030,-787.917236,0,0
2.120000,0.907513,0.000638,0.003583,0.615701,0.002709,-0.787975,-0.003583,0.999993,0.000638,0.787972,0.002431,0.615707,-0.000499,0.438345,0.001750,0.898805,0.074647,-0.073769,-0.056909,-0.013576,0.012524,-0.005661,0.787975,-0.000638,-0.615707,0.000000,0.000000,0.000000,-1,0.788544,0.010040,-0.628571,0.081527,-0.179254,-0.053275,179.586166,234.165451,-787.082214,0,0
2.160000,0.902875,0.000154,-0.001248,0.619355,-0.000652,-0.785111,0.001248,0.999999,0.000154,0.785110,-0.001075,0.619356,0.000341,0.436259,-0.000528,0.899821,0.068272,-0.079074,-0.053630,0.010742,0.002794,-0.016844,0.785111,-0.000154,-0.619355,0.000000,0.000000,0.000000,-1,0.790359,-0.001663,-0.631622,0.052836,-0.182429,-0.048690,180.987808,233.816223,-787.416199,0,0
2.200000,0.899265,-0.000331,-0.004119,0.622179,-0.002822,-0.782870,0.004119,0.999991,-0.000331,0.782864,-0.003018,0.622185,0.000746,0.434634,-0.001927,0.900605,0.035321,-0.071658,-0.053301,-0.004595,0.003270,-0.004981,0.782870,0.000331,-0.622185,0.000000,0.000000,0.000000,-1,0.767929,0.007950,-0.622681,0.031584,-0.167586,-0.048523,179.060547,233.990829,-787.249207,0,0
2.240000,0.896944,-0.001359,-0.005728,0.623984,-0.004637,-0.781423,0.005728,0.999983,-0.001359,0.781416,-0.003628,0.624000,0.000630,0.433589,-0.002876,0.901106,0.022584,-0.051516,-0.051126,-0.019323,0.005843,0.003471,0.781423,0.001359,-0.624000,0.000000,0.000000,0.000000,-1,0.757797,0.009293,-0.620514,0.024180,-0.143193,-0.043233,180.111786,234.689316,-786.247192,0,0
2.280000,0.894341,-0.002920,-0.007968,0.625995,-0.007265,-0.779794,0.007967,0.999964,-0.002920,0.779787,-0.004385,0.626030,0.000406,0.432418,-0.004223,0.901664,0.025837,-0.026061,-0.038517,-0.018777,0.006464,0.007118,0.779794,0.002920,-0.626030,0.000000,0.000000,0.000000,-1,0.768661,0.006104,-0.626999,0.031709,-0.123020,-0.024260,179.235748,234.514694,-787.750244,0,0
2.320000,0.893033,-0.003284,-0.009546,0.626999,-0.008544,-0.778973,0.009545,0.999949,-0.003284,0.778962,-0.005376,0.627049,0.000580,0.431828,-0.005014,0.901942,0.024831,-0.023923,-0.023625,-0.004071,0.000073,-0.001949,0.778973,0.003284,-0.627049,0.000000,0.000000,0.000000,-1,0.774368,0.000534,-0.629318,0.020044,-0.116650,-0.017778,181.338226,235.213181,-786.748169,0,0
2.360000,0.892195,-0.003301,-0.010377,0.627645,-0.009083,-0.778447,0.010376,0.999941,-0.003301,0.778431,-0.006006,0.627702,0.000750,0.431449,-0.005393,0.902121,0.017424,-0.015434,-0.016135,-0.009221,-0.004338,-0.005599,0.778447,0.003301,-0.627702,0.000000,0.000000,0.000000,-1,0.765869,0.002121,-0.632492,0.014760,-0.111337,-0.010297,178.710129,233.292358,-786.915222,0,0
2.400000,0.891143,-0.003359,-0.010927,0.628458,-0.009480,-0.777786,0.010927,0.999935,-0.003359,0.777767,-0.006388,0.628520,0.000839,0.430975,-0.005654,0.902346,-0.005928,0.005768,-0.010653,-0.014236,-0.004382,-0.001485,0.777786,0.003359,-0.628520,0.000000,0.000000,0.000000,-1,0.768555,-0.000214,-0.633301,-0.012842,-0.085885,-0.004789,180.812607,233.641602,-787.917236,0,0
2.440000,0.890997,-0.003795,-0.010644,0.628570,-0.009643,-0.777694,0.010644,0.999936,-0.003795,0.777681,-0.005892,0.628632,0.000581,0.430910,-0.005620,0.902377,-0.021847,0.019549,-0.006283,-0.012755,-0.003566,-0.005859,0.777694,0.003795,-0.628632,0.000000,0.000000,0.000000,-1,0.765518,0.004333,-0.634705,-0.019202,-0.076338,-0.001571,179.060547,235.038559,-788.585205,0,0
2.480000,0.891147,-0.004404,-0.010252,0.628452,-0.009868,-0.777785,0.010252,0.999938,-0.004404,0.777780,-0.005206,0.628514,0.000222,0.430979,-0.005574,0.902345,-0.025039,0.032259,-0.009497,-0.008361,-0.000024,-0.009608,0.777785,0.004404,-0.628514,0.000000,0.000000,0.000000,-1,0.771576,0.001160,-0.637161,-0.023460,-0.062562,-0.005841,179.936569,233.816223,-786.414185,0,0
2.520000,0.892359,-0.005520,-0.009312,0.627510,-0.010141,-0.778543,0.009312,0.999941,-0.005520,0.778553,-0.003786,0.627567,-0.000480,0.431528,-0.005391,0.902084,-0.042040,0.051329,-0.011520,-0.007898,-0.005062,-0.006237,0.778543,0.005520,-0.627567,0.000000,0.000000,0.000000,-1,0.768127,0.002625,-0.626450,-0.045790,-0.041366,-0.011010,178.885345,235.562408,-786.748169,0,0
2.560000,0.894410,-0.007024,-0.008171,0.625914,-0.010592,-0.779821,0.008171,0.999942,-0.007024,0.779850,-0.001975,0.625964,-0.001400,0.432454,-0.005202,0.901640,-0.055878,0.064036,-0.018869,-0.010366,-0.003133,0.004916,0.779821,0.007024,-0.625964,0.000000,0.000000,0.000000,-1,0.772247,0.006287,-0.618118,-0.055365,-0.035009,-0.014124,179.060547,234.689316,-787.583252,0,0
2.600000,0.896477,-0.008430,-0.007196,0.624302,-0.011078,-0.781105,0.007196,0.999939,-0.008430,0.781150,-0.000358,0.624343,-0.002239,0.433386,-0.005069,0.901191,-0.055873,0.070397,-0.018898,-0.007362,-0.000480,0.007339,0.781105,0.008430,-0.624343,0.000000,0.000000,0.000000,-1,0.777893,0.010376,-0.622620,-0.052166,-0.027586,-0.013129,181.163025,234.340073,-786.581177,0,0
2.640000,0.900063,-0.010832,-0.005815,0.621501,-0.012100,-0.783320,0.005815,0.999924,-0.010832,0.783392,0.002177,0.621524,-0.003612,0.435000,-0.004974,0.900410,-0.049515,0.069327,-0.024281,-0.002207,-0.002577,0.000064,0.783320,0.010832,-0.621524,0.000000,0.000000,0.000000,-1,0.782211,0.006348,-0.627136,-0.047952,-0.036081,-0.021647,179.410950,233.990829,-788.251221,0,0
2.680000,0.902392,-0.012656,-0.004843,0.619679,-0.012934,-0.784749,0.004843,0.999908,-0.012656,0.784841,0.004042,0.619684,-0.004639,0.436046,-0.004939,0.899899,-0.052716,0.067198,-0.027426,-0.003514,-0.002921,-0.005926,0.784749,0.012656,-0.619684,0.000000,0.000000,0.000000,-1,0.780273,0.010620,-0.626648,-0.051140,-0.033960,-0.021621,181.338226,235.213181,-787.750244,0,0
2.720000,0.904058,-0.014131,-0.003992,0.618377,-0.013573,-0.785765,0.003992,0.999892,-0.014131,0.785872,0.005602,0.618364,-0.005484,0.436793,-0.004882,0.899532,-0.062349,0.072641,-0.024432,-0.007704,-0.006364,-0.004454,0.785765,0.014131,-0.618364,0.000000,0.000000,0.000000,-1,0.775787,0.013397,-0.622711,-0.056443,-0.032895,-0.018376,181.163025,234.340073,-787.249207,0,0
2.760000,0.906154,-0.016298,-0.002485,0.616744,-0.014360,-0.787033,0.002484,0.999864,-0.016297,0.787160,0.008096,0.616696,-0.006783,0.437728,-0.004684,0.899070,-0.070833,0.079000,-0.020111,-0.011520,-0.001435,-0.008151,0.787033,0.016297,-0.616696,0.000000,0.000000,0.000000,-1,0.775620,0.016022,-0.630890,-0.071303,-0.022287,-0.014006,178.359726,236.086273,-786.915222,0,0
2.800000,0.909274,-0.018971,0.000320,0.614323,-0.014772,-0.788916,-0.000320,0.999820,-0.018970,0.789054,0.011906,0.614208,-0.008592,0.439115,-0.004022,0.898381,-0.089914,0.091726,-0.008255,-0.016516,-0.010151,-0.008076,0.788916,0.018970,-0.614208,0.000000,0.000000,0.000000,-1,0.777588,0.013947,-0.613968,-0.089314,-0.009543,-0.000036,180.111786,236.086273,-786.247192,0,0
2.840000,0.912534,-0.020902,0.003118,0.611792,-0.014626,-0.790883,-0.003118,0.999777,-0.020900,0.791012,0.015252,0.611610,-0.010069,0.440561,-0.003205,0.897661,-0.087747,0.089617,0.002370,-0.009923,-0.003856,0.004432,0.790883,0.020900,-0.611610,0.000000,0.000000,0.000000,-1,0.783005,0.017670,-0.601593,-0.086099,-0.018012,0.008476,180.637405,235.911652,-785.412170,0,0
2.880000,0.915657,-0.022564,0.006047,0.609367,-0.014206,-0.792761,-0.006046,0.999727,-0.022562,0.792865,0.018541,0.609115,-0.011456,0.441940,-0.002274,0.896968,-0.083480,0.049349,0.014207,-0.003180,-0.005533,0.011993,0.792761,0.022562,-0.609115,0.000000,0.000000,0.000000,-1,0.783081,0.016296,-0.596878,-0.073283,-0.082642,0.037347,179.761368,236.086273,-785.245178,0,0
2.920000,0.916613,-0.022726,0.009183,0.608651,-0.012444,-0.793340,-0.009180,0.999700,-0.022724,0.793385,0.021114,0.608354,-0.012221,0.442350,-0.000910,0.896759,-0.059977,-0.004660,0.054617,-0.019811,-0.006794,0.014207,0.793340,0.022724,-0.608354,0.000000,0.000000,0.000000,-1,0.764450,0.011810,-0.595139,-0.051907,-0.112273,0.073412,179.235748,234.165451,-785.746216,0,0
2.960000,0.915620,-0.020563,0.012845,0.609458,-0.008477,-0.792773,-0.012842,0.999706,-0.020562,0.792714,0.022713,0.609170,-0.012061,0.441893,0.001217,0.896986,-0.041694,-0.013062,0.110835,-0.031344,-0.008141,0.012200,0.792773,0.020562,-0.609170,0.000000,0.000000,0.000000,-1,0.764725,0.009827,-0.604385,-0.038952,-0.100536,0.123211,179.761368,234.689316,-786.581177,0,0
3.000000,0.915440,-0.018154,0.016148,0.609595,-0.004549,-0.792700,-0.016145,0.999705,-0.018153,0.792548,0.023864,0.609342,-0.011710,0.441805,0.003232,0.897029,-0.054385,0.024053,0.120384,-0.020269,-0.008647,0.003064,0.792700,0.018153,-0.609342,0.000000,0.000000,0.000000,-1,0.796265,0.000229,-0.624207,-0.055962,-0.078278,0.119043,180.987808,235.562408,-786.414185,0,0
3.040000,0.915288,-0.014571,0.022035,0.609669,0.001883,-0.792654,-0.022031,0.999651,-0.014570,0.792350,0.026346,0.609497,-0.011403,0.441725,0.006664,0.897053,-0.079985,-0.009911,0.102747,-0.000708,-0.020536,-0.026977,0.792654,0.014570,-0.609497,0.000000,0.000000,0.000000,-1,0.788147,-0.006134,-0.630005,-0.082600,-0.120697,0.112082,181.513428,235.737030,-787.249207,0,0
3.080000,0.913004,-0.012048,0.027524,0.611403,0.007295,-0.791286,-0.027519,0.999549,-0.012048,0.790841,0.029141,0.611327,-0.011473,0.440687,0.009697,0.897535,-0.104417,-0.035358,0.111650,-0.013622,-0.019967,-0.021470,0.791286,0.012048,-0.611327,0.000000,0.000000,0.000000,-1,0.763214,-0.011414,-0.642380,-0.121937,-0.158853,0.120134,180.987808,234.514694,-787.082214,0,0
3.120000,0.909318,-0.010568,0.033064,0.614224,0.011972,-0.789041,-0.033056,0.999398,-0.010568,0.788439,0.032574,0.614250,-0.012006,0.439011,0.012531,0.898314,-0.162821,-0.066088,0.134779,-0.029031,-0.023996,-0.020851,0.789041,0.010568,-0.614250,0.000000,0.000000,0.000000,-1,0.751129,-0.015411,-0.615952,-0.177115,-0.157752,0.148393,180.286987,234.863937,-787.750244,0,0
3.160000,0.904441,-0.008474,0.045021,0.617799,0.021164,-0.786051,-0.045004,0.998951,-0.008474,0.785047,0.040611,0.618103,-0.013646,0.436763,0.018395,0.899285,-0.185039,-0.043813,0.156212,-0.036463,-0.014090,0.011292,0.786051,0.008474,-0.618103,0.000000,0.000000,0.000000,-1,0.744278,-0.000504,-0.609940,-0.177058,-0.140771,0.160017,180.987808,234.514694,-786.080200,0,0
3.200000,0.902275,-0.007232,0.054092,0.619226,0.027844,-0.784719,-0.054064,0.998511,-0.007232,0.783349,0.046903,0.619810,-0.015043,0.435739,0.022761,0.899659,-0.149940,-0.027919,0.155758,-0.053731,-0.005034,0.009046,0.784719,0.007232,-0.619810,0.000000,0.000000,0.000000,-1,0.714966,0.012741,-0.599609,-0.131301,-0.116376,0.165785,180.111786,235.387802,-787.249207,0,0
3.240000,0.901466,-0.005901,0.059891,0.619625,0.032518,-0.784224,-0.059854,0.998190,-0.005901,0.782612,0.050595,0.620450,-0.015698,0.435349,0.025666,0.899759,-0.096740,-0.000350,0.161428,-0.075453,0.012410,0.025449,0.784224,0.005901,-0.620450,0.000000,0.000000,0.000000,-1,0.723282,0.041565,-0.600235,-0.084504,-0.080333,0.162979,180.286987,235.213181,-787.750244,0,0
3.280000,0.907449,-0.001524,0.067449,0.614439,0.040302,-0.787934,-0.067397,0.997725,-0.001524,0.786080,0.054041,0.615757,-0.015464,0.438044,0.029972,0.898321,-0.005318,0.220252,0.132607,-0.031480,0.075105,-0.047191,0.787934,0.001524,-0.615757,0.000000,0.000000,0.000000,-1,0.760040,0.083572,-0.677414,-0.011125,0.151791,0.120701,179.761368,233.990829,-786.247192,0,0
3.320000,0.915168,0.000155,0.069759,0.608166,0.042617,-0.792665,-0.069702,0.997568,0.000155,0.790744,0.055156,0.609657,-0.015336,0.441516,0.031319,0.896576,-0.047053,0.261478,0.052038,0.003706,0.066180,-0.093346,0.792665,-0.000155,-0.609657,0.000000,0.000000,0.000000,-1,0.825165,0.048401,-0.697388,-0.057166,0.143182,0.036150,180.987808,234.863937,-786.748169,0,0
3.360000,0.923669,-0.000168,0.072149,0.601338,0.043327,-0.797819,-0.072086,0.997398,-0.000168,0.795736,0.057613,0.602897,-0.016146,0.445299,0.032251,0.894655,-0.038679,0.177694,0.034241,0.010302,0.066101,-0.066048,0.797819,0.000168,-0.602897,0.000000,0.000000,0.000000,-1,0.793213,0.071350,-0.661926,-0.003971,0.093383,0.055999,181.688629,236.959381,-787.082214,0,0
3.400000,0.934147,0.001968,0.073527,0.592782,0.045251,-0.804090,-0.073460,0.997296,0.001968,0.802005,0.057902,0.594504,-0.015672,0.450003,0.033261,0.892270,0.033767,0.251994,0.062822,-0.041075,0.048889,-0.055826,0.804090,-0.001968,-0.594504,0.000000,0.000000,0.000000,-1,0.763016,0.046921,-0.650330,0.053535,0.151715,0.068931,180.111786,235.387802,-785.913208,0,0
3.440000,0.941670,0.004361,0.073127,0.586608,0.046509,-0.808535,-0.073061,0.997318,0.004361,0.806569,0.056514,0.588433,-0.014641,0.453398,0.033566,0.890556,0.070919,0.254090,0.046448,-0.058885,0.035382,-0.026054,0.808535,-0.004361,-0.588433,0.000000,0.000000,0.000000,-1,0.740356,0.027664,-0.612503,0.094916,0.155922,0.046117,180.987808,235.562408,-786.414185,0,0
3.480000,0.949081,0.007086,0.071304,0.580540,0.047240,-0.812860,-0.071242,0.997434,0.007086,0.811109,0.053796,0.582416,-0.013137,0.456749,0.033323,0.888874,0.119769,0.234990,0.035358,-0.081903,0.038031,-0.028104,0.812860,-0.007086,-0.582416,0.000000,0.000000,0.000000,-1,0.718292,0.038437,-0.605957,0.139517,0.126225,0.038314,181.863846,235.387802,-785.913208,0,0
3.520000,0.960331,0.012161,0.066525,0.571319,0.048049,-0.819321,-0.066471,0.997714,0.012160,0.818032,0.047514,0.573207,-0.009972,0.461841,0.032302,0.886318,0.140947,0.223296,0.014967,-0.092712,0.048110,-0.029424,0.819321,-0.012160,-0.573207,0.000000,0.000000,0.000000,-1,0.752243,0.033371,-0.590302,0.137294,0.134665,0.010644,182.039047,233.466980,-784.744141,0,0
3.560000,0.969819,0.015019,0.061623,0.563613,0.047186,-0.824690,-0.061577,0.997989,0.015019,0.823741,0.042317,0.565385,-0.007719,0.466098,0.030753,0.884165,0.150422,0.245482,-0.026753,-0.062727,0.052418,-0.016509,0.824690,-0.015019,-0.565385,0.000000,0.000000,0.000000,-1,0.769867,0.046844,-0.585403,0.163741,0.135673,-0.024755,181.863846,233.292358,-785.245178,0,0
3.600000,0.976540,0.016923,0.056847,0.558192,0.045810,-0.828446,-0.056808,0.998242,0.016922,0.827765,0.037616,0.559813,-0.005861,0.469105,0.029065,0.882645,0.180077,0.201981,-0.048158,-0.046510,0.072266,-0.024583,0.828446,-0.016922,-0.559813,0.000000,0.000000,0.000000,-1,0.797791,0.053543,-0.582397,0.185949,0.095350,-0.048220,182.039047,233.816223,-785.746216,0,0
3.640000,0.983092,0.015686,0.044378,0.553327,0.037638,-0.832113,-0.044358,0.998893,0.015686,0.831782,0.028231,0.554384,-0.003559,0.472012,0.023260,0.881278,0.215928,0.079964,-0.096957,-0.035742,0.074401,-0.030104,0.832113,-0.015686,-0.554384,0.000000,0.000000,0.000000,-1,0.796371,0.058716,-0.584488,0.229261,-0.042546,-0.093815,180.812607,233.641602,-785.579224,0,0
3.680000,0.982711,0.014824,0.036818,0.553939,0.032746,-0.831913,-0.036806,0.999213,0.014824,0.831743,0.022408,0.554708,-0.002151,0.471849,0.019726,0.881456,0.253057,0.003612,-0.100226,-0.047932,0.080955,-0.029475,0.831913,-0.014824,-0.554708,0.000000,0.000000,0.000000,-1,0.779572,0.067490,-0.578934,0.263235,-0.098738,-0.094999,182.739868,234.514694,-784.744141,0,0
3.720000,0.982743,0.016909,0.028286,0.554123,0.029751,-0.831903,-0.028278,0.999457,0.016908,0.831954,0.014155,0.554664,0.000781,0.471877,0.016457,0.881511,0.301970,-0.005924,-0.096467,-0.048730,0.079728,-0.042352,0.831903,-0.016908,-0.554663,0.000000,0.000000,0.000000,-1,0.770950,0.046478,-0.616440,0.329119,-0.123128,-0.098806,181.513428,233.990829,-784.911194,0,0
3.760000,0.970703,0.013530,0.011760,0.564549,0.017806,-0.825208,-0.011759,0.999839,0.013529,0.825316,0.002066,0.564667,0.003240,0.466536,0.008357,0.884457,0.360499,-0.042103,-0.099193,-0.072980,0.050654,-0.058227,0.825208,-0.013529,-0.564667,0.000000,0.000000,0.000000,-1,0.770065,0.037415,-0.648239,0.381273,-0.133702,-0.081250,180.987808,234.514694,-784.410156,0,1
3.800000,0.969514,0.019129,-0.003239,0.565748,0.013940,-0.824460,0.003239,0.999812,0.019128,0.824572,-0.013492,0.565597,0.009217,0.465958,0.003024,0.884754,0.450107,0.121225,-0.050931,-0.026944,0.047799,-0.155427,0.824460,-0.019128,-0.565597,0.000000,0.000000,0.000000,-1,0.836578,-0.001602,-0.777222,0.464494,0.064615,-0.043705,179.586166,234.863937,-785.746216,0,0
3.840000,0.975053,0.025082,-0.015701,0.561381,0.011947,-0.827472,0.015696,0.999562,0.025079,0.827409,-0.027067,0.560947,0.014757,0.468304,-0.001061,0.883444,0.441454,0.195357,-0.105420,0.039212,-0.004828,-0.219143,0.827472,-0.025079,-0.560947,0.000000,0.000000,0.000000,-1,0.948502,-0.074432,-0.758224,0.375863,0.090955,-0.152410,180.637405,234.165451,-784.744141,0,0
3.880000,0.983373,0.027543,-0.035856,0.554684,0.003040,-0.832056,0.035835,0.998978,0.027539,0.831289,-0.045092,0.554008,0.020601,0.471775,-0.009302,0.881429,0.174306,0.033073,-0.149610,0.135886,-0.019702,-0.147255,0.832056,-0.027539,-0.554008,0.000000,0.000000,0.000000,-1,0.967941,-0.047241,-0.701263,0.158922,-0.080770,-0.131161,180.812607,233.292358,-785.579224,0,0
3.920000,0.984075,0.026726,-0.041764,0.554080,-0.000881,-0.832463,0.041737,0.998771,0.026723,0.831416,-0.049551,0.553436,0.021639,0.472032,-0.012090,0.881233,0.130791,0.024622,-0.127818,0.189800,-0.025691,-0.163040,0.832463,-0.026723,-0.553436,0.000000,0.000000,0.000000,-1,1.041504,-0.066010,-0.726654,0.105783,-0.052147,-0.131768,179.936569,233.117737,-785.078186,0,0
3.960000,0.985894,0.024318,-0.045956,0.552466,-0.005112,-0.833520,0.045926,0.998649,0.024316,0.832269,-0.051714,0.551955,0.021580,0.472818,-0.014487,0.880777,0.021221,0.062751,-0.152312,0.216682,-0.064429,-0.179292,0.833520,-0.024316,-0.551955,0.000000,0.000000,0.000000,-1,0.978638,-0.079971,-0.660522,-0.021823,-0.054278,-0.137798,178.009308,232.593872,-783.909180,0,0
4.000000,0.983990,0.015932,-0.043615,0.553757,-0.010889,-0.832607,0.043595,0.998922,0.015931,0.831537,-0.045120,0.553634,0.017320,0.472105,-0.015457,0.881237,-0.278490,-0.142831,-0.082130,0.037815,-0.050719,0.004913,0.832607,-0.015931,-0.553634,0.000000,0.000000,0.000000,-1,0.746033,-0.077682,-0.442200,-0.339626,-0.280004,-0.068389,180.812607,233.292358,-785.913208,0,0
4.040000,0.976119,0.004612,-0.031266,0.560087,-0.013696,-0.828321,0.031261,0.999501,0.004612,0.827844,-0.028477,0.560236,0.009367,0.468822,-0.012726,0.883151,-0.503787,-0.206390,-0.043193,-0.175031,-0.087704,0.183679,0.828321,-0.004612,-0.560236,0.000000,0.000000,0.000000,-1,0.624741,-0.092682,-0.347549,-0.528672,-0.279928,-0.015248,179.410950,234.689316,-785.579224,0,0
4.080000,0.972390,-0.004007,-0.017909,0.563176,-0.013398,-0.826228,0.017908,0.999832,-0.004007,0.826143,-0.012539,0.563322,0.002413,0.467262,-0.008853,0.884072,-0.525523,-0.022794,0.076418,-0.189906,-0.089273,0.253110,0.826228,0.004007,-0.563322,0.000000,0.000000,0.000000,-1,0.692490,-0.057617,-0.307068,-0.481094,-0.033714,0.146929,180.286987,234.514694,-785.746216,0,0
4.120000,0.987751,-0.007249,0.003402,0.550586,-0.004178,-0.834768,-0.003402,0.999968,-0.007249,0.834772,0.006831,0.550554,-0.003998,0.474033,-0.000221,0.880498,-0.281123,0.532961,0.210563,-0.068670,-0.054566,0.144793,0.834768,0.007249,-0.550554,0.000000,0.000000,0.000000,-1,0.814850,-0.052246,-0.484024,-0.241299,0.409554,0.210364,179.761368,234.340073,-784.577148,0,0
4.160000,1.001433,-0.006114,0.012595,0.539118,0.001641,-0.842229,-0.012595,0.999902,-0.006113,0.842136,0.013903,0.539085,-0.005705,0.480026,0.004057,0.877226,-0.232431,0.351635,0.190634,-0.019933,-0.054240,0.017220,0.842229,0.006113,-0.539085,0.000000,0.000000,0.000000,-1,0.831146,-0.054489,-0.506088,-0.268108,0.141311,0.204424,179.761368,233.292358,-784.243164,0,0
4.200000,1.008070,-0.005144,0.032916,0.533348,0.013208,-0.845793,-0.032909,0.999445,-0.005144,0.845255,0.030578,0.533487,-0.010200,0.482859,0.013168,0.875540,-0.381288,-0.001315,0.259818,0.019091,-0.056536,0.038568,0.845792,0.005144,-0.533487,0.000000,0.000000,0.000000,-1,0.814972,-0.072479,-0.454269,-0.364911,-0.142762,0.248258,178.534927,234.514694,-785.412170,0,0
4.240000,1.007250,-0.004890,0.054294,0.533625,0.024861,-0.845356,-0.054267,0.998514,-0.004890,0.843979,0.048485,0.534181,-0.015240,0.482366,0.022594,0.875546,-0.337883,0.020869,0.206054,-0.060184,-0.090080,0.071840,0.845356,0.004890,-0.534181,0.000000,0.000000,0.000000,-1,0.766800,-0.080948,-0.480148,-0.321423,-0.074969,0.207051,180.286987,234.863937,-785.746216,0,0
4.280000,1.008052,-0.004627,0.065584,0.532619,0.031060,-0.845785,-0.065536,0.997839,-0.004627,0.843814,0.057894,0.533504,-0.017859,0.482627,0.027592,0.875209,-0.296382,0.019824,0.216238,-0.080557,-0.079364,0.044002,0.845785,0.004627,-0.533504,0.000000,0.000000,0.000000,-1,0.757004,-0.071747,-0.501251,-0.279900,-0.089783,0.225807,179.060547,235.038559,-784.577148,0,0
