0.000000,-1.211872,-1.457670,-1.100003,0.988416,0.108921,0.105692,0.100604,0.051204,-0.993608,-0.113637,0.992731,0.039653,-0.688760,-0.076052,0.002884,0.720984,0.004858,-0.001779,-0.001382,-0.002676,0.008604,0.001857,-0.105692,0.993608,-0.039653,0.000000,0.000000,0.000000,-1,-0.105011,1.004227,-0.039795,0.004189,-0.099654,0.003595,141.216049,306.632751,-743.828613,0,0
0.040000,-1.211885,-1.457617,-1.100022,0.988411,0.108913,0.105741,0.100652,0.051226,-0.993602,-0.113632,0.992730,0.039670,-0.688752,-0.076067,0.002864,0.720990,0.001614,0.000353,-0.004517,0.000730,0.010625,-0.000125,-0.105741,0.993602,-0.039670,0.000000,0.000000,0.000000,-1,-0.106812,1.001816,-0.038361,0.000992,-0.099658,0.001503,141.391251,307.855103,-744.329590,0,0
0.080000,-1.211597,-1.457517,-1.099742,0.988404,0.108898,0.105823,0.100726,0.051299,-0.993591,-0.113629,0.992728,0.039735,-0.688725,-0.076092,0.002834,0.721013,0.003743,-0.001767,-0.003466,0.002948,0.010102,-0.001524,-0.105823,0.993591,-0.039735,0.000000,0.000000,0.000000,-1,-0.103638,1.003998,-0.041641,0.005249,-0.104955,0.003607,142.617691,308.378967,-743.160583,0,0
0.120000,-1.209987,-1.457564,-1.097941,0.988395,0.109083,0.105715,0.100592,0.051459,-0.993596,-0.113824,0.992700,0.039889,-0.688667,-0.076116,0.002944,0.721066,0.005877,-0.008124,-0.000268,0.000780,0.009425,0.001239,-0.105715,0.993596,-0.039889,0.000000,0.000000,0.000000,-1,-0.105484,1.005615,-0.037262,0.003128,-0.102833,0.004685,142.617691,307.331238,-744.162598,0,0
0.160000,-1.210693,-1.457625,-1.098479,0.988379,0.109255,0.105687,0.100566,0.051378,-0.993603,-0.113986,0.992685,0.039793,-0.688696,-0.076166,0.003013,0.721032,0.000565,-0.003882,0.000836,0.000127,0.010258,0.002150,-0.105687,0.993603,-0.039793,0.000000,0.000000,0.000000,-1,-0.107300,1.005707,-0.040802,0.001002,-0.107073,0.005791,141.216049,308.728210,-744.830627,0,0
0.200000,-1.210983,-1.457602,-1.098529,0.988350,0.109492,0.105719,0.100589,0.051383,-0.993600,-0.114223,0.992659,0.039770,-0.688694,-0.076260,0.003087,0.721024,0.000502,-0.010241,-0.000156,-0.001214,0.010077,-0.000452,-0.105719,0.993600,-0.039770,0.000000,0.000000,0.000000,-1,-0.106110,1.003952,-0.038849,-0.000062,-0.109193,0.005812,142.267288,309.426697,-744.162598,0,0
0.240000,-1.211791,-1.457620,-1.098721,0.988280,0.110105,0.105735,0.100583,0.051355,-0.993602,-0.114831,0.992592,0.039679,-0.688703,-0.076480,0.003302,0.720991,0.001566,-0.013421,0.000910,0.000556,0.010502,-0.001718,-0.105735,0.993602,-0.039679,0.000000,0.000000,0.000000,-1,-0.105331,1.003448,-0.042847,0.004189,-0.110253,0.005770,142.442490,307.855103,-744.663574,0,0
0.280000,-1.210264,-1.457688,-1.096864,0.988257,0.110428,0.105611,0.100427,0.051511,-0.993610,-0.115163,0.992548,0.039817,-0.688645,-0.076547,0.003468,0.721038,0.002630,-0.002823,-0.001275,-0.000239,0.011761,0.000647,-0.105611,0.993610,-0.039817,0.000000,0.000000,0.000000,-1,-0.103729,1.004227,-0.039703,0.003130,-0.104952,0.005758,141.040848,308.553589,-743.327576,0,0
0.320000,-1.210122,-1.457769,-1.096519,0.988243,0.110633,0.105530,0.100337,0.051509,-0.993619,-0.115362,0.992526,0.039803,-0.688646,-0.076589,0.003570,0.721033,0.000497,-0.010245,-0.001217,-0.000595,0.011233,0.001183,-0.105530,0.993619,-0.039803,0.000000,0.000000,0.000000,-1,-0.103317,1.003326,-0.038757,0.002062,-0.111313,0.005798,142.267288,308.029724,-745.164612,0,0
0.360000,-1.210645,-1.457953,-1.096589,0.988207,0.111091,0.105380,0.100179,0.051419,-0.993640,-0.115803,0.992479,0.039683,-0.688677,-0.076694,0.003784,0.720991,0.002561,-0.007072,-0.000133,0.001346,0.010037,0.004649,-0.105380,0.993640,-0.039683,0.000000,0.000000,0.000000,-1,-0.105499,1.005432,-0.041519,0.005252,-0.100715,0.003588,141.741669,308.553589,-743.327576,0,0
0.400000,-1.210510,-1.457939,-1.096410,0.988202,0.111133,0.105387,0.100182,0.051443,-0.993638,-0.115848,0.992473,0.039702,-0.688668,-0.076711,0.003797,0.720997,0.002546,0.002460,-0.005493,0.002421,0.008788,-0.000642,-0.105387,0.993638,-0.039702,0.000000,0.000000,0.000000,-1,-0.104172,1.005905,-0.039413,0.003121,-0.101776,0.002552,141.741669,309.601318,-744.329590,0,0
0.440000,-1.210607,-1.457966,-1.096432,0.988196,0.111209,0.105366,0.100159,0.051429,-0.993641,-0.115921,0.992465,0.039683,-0.688673,-0.076730,0.003832,0.720990,-0.000645,-0.003900,-0.004364,0.001362,0.010402,0.001277,-0.105366,0.993641,-0.039683,0.000000,0.000000,0.000000,-1,-0.103546,1.004700,-0.041092,-0.000064,-0.100715,0.003646,142.792908,309.601318,-744.997620,0,0
0.480000,-1.210700,-1.458086,-1.096539,0.988208,0.111202,0.105259,0.100059,0.051364,-0.993655,-0.115903,0.992470,0.039631,-0.688697,-0.076689,0.003864,0.720972,0.001484,0.000340,-0.004403,0.002659,0.011075,0.003849,-0.105259,0.993655,-0.039631,0.000000,0.000000,0.000000,-1,-0.106171,1.003143,-0.033798,0.002065,-0.097534,0.003609,142.968109,308.378967,-743.828613,0,0
0.520000,-1.212466,-1.458168,-1.098412,0.988219,0.111107,0.105252,0.100082,0.051139,-0.993664,-0.115786,0.992492,0.039417,-0.688779,-0.076654,0.003823,0.720898,0.004612,0.004563,-0.002271,0.000134,0.010135,0.011630,-0.105252,0.993664,-0.039417,0.000000,0.000000,0.000000,-1,-0.101395,1.004578,-0.033829,0.003133,-0.091173,0.003568,143.493729,310.299805,-742.993591,0,0
0.560000,-1.214627,-1.458311,-1.100876,0.988256,0.110824,0.105203,0.100081,0.050828,-0.993680,-0.115470,0.992539,0.039139,-0.688892,-0.076538,0.003726,0.720802,-0.001776,0.013039,-0.005428,0.003809,0.010897,0.005311,-0.105203,0.993680,-0.039139,0.000000,0.000000,0.000000,-1,-0.105530,1.003067,-0.038239,0.002065,-0.092235,0.002521,143.318527,308.378967,-744.162598,0,0
0.600000,-1.214723,-1.458337,-1.101284,0.988293,0.110517,0.105183,0.100079,0.050775,-0.993683,-0.115160,0.992576,0.039121,-0.688912,-0.076424,0.003620,0.720796,0.003541,0.001381,-0.002241,-0.002086,0.009460,-0.000125,-0.105183,0.993683,-0.039121,0.000000,0.000000,0.000000,-1,-0.107620,1.006409,-0.040482,0.003126,-0.099654,0.003606,142.267288,308.378967,-744.162598,0,0
0.640000,-1.214349,-1.458236,-1.101002,0.988295,0.110419,0.105263,0.100154,0.050849,-0.993672,-0.115073,0.992583,0.039195,-0.688885,-0.076418,0.003560,0.720822,0.000359,0.005622,-0.001162,-0.001183,0.011837,0.000056,-0.105263,0.993672,-0.039195,0.000000,0.000000,0.000000,-1,-0.105560,1.003769,-0.037155,-0.001114,-0.089051,0.004669,141.916870,308.378967,-743.160583,0,0
0.680000,-1.215564,-1.458326,-1.102566,0.988336,0.110085,0.105226,0.100153,0.050652,-0.993682,-0.114719,0.992631,0.039036,-0.688957,-0.076288,0.003445,0.720768,0.000277,0.003470,-0.001082,0.001664,0.011064,0.000492,-0.105226,0.993682,-0.039035,0.000000,0.000000,0.000000,-1,-0.107254,1.003586,-0.040268,0.001005,-0.103892,0.005776,140.865631,308.728210,-743.828613,0,0
0.720000,-1.215749,-1.458269,-1.102491,0.988302,0.110339,0.105286,0.100200,0.050685,-0.993675,-0.114977,0.992601,0.039036,-0.688945,-0.076399,0.003517,0.720767,0.000275,-0.009250,0.001102,-0.001815,0.007683,0.000370,-0.105286,0.993676,-0.039036,0.000000,0.000000,0.000000,-1,-0.109406,1.004318,-0.041580,0.003133,-0.107071,0.006831,143.493729,309.601318,-744.329590,0,0
0.760000,-1.214272,-1.458166,-1.100934,0.988290,0.110407,0.105325,0.100213,0.050887,-0.993664,-0.115067,0.992583,0.039227,-0.688871,-0.076437,0.003536,0.720834,0.000276,0.005587,-0.002156,0.000238,0.010975,-0.003757,-0.105325,0.993664,-0.039227,0.000000,0.000000,0.000000,-1,-0.106125,1.006180,-0.039551,0.002070,-0.096472,0.004667,142.792908,308.553589,-743.327576,0,0
0.800000,-1.213213,-1.458064,-1.099920,0.988290,0.110353,0.105378,0.100252,0.051035,-0.993652,-0.115031,0.992581,0.039374,-0.688818,-0.076437,0.003503,0.720885,0.004532,-0.001832,-0.000042,-0.002562,0.010376,-0.003015,-0.105378,0.993652,-0.039374,0.000000,0.000000,0.000000,-1,-0.108444,1.002075,-0.042847,0.003126,-0.104954,0.004694,142.267288,310.125183,-744.830627,0,0
0.840000,-1.212034,-1.457971,-1.098358,0.988245,0.110722,0.105418,0.100253,0.051233,-0.993642,-0.115419,0.992530,0.039531,-0.688745,-0.076580,0.003630,0.720938,0.002325,-0.015639,0.002241,-0.003256,0.009517,0.001368,-0.105418,0.993642,-0.039531,0.000000,0.000000,0.000000,-1,-0.108612,1.005157,-0.039322,-0.001125,-0.109193,0.005824,141.916870,306.283508,-743.828613,0,0
0.880000,-1.214140,-1.457888,-1.100043,0.988180,0.111143,0.105578,0.100413,0.051102,-0.993633,-0.115831,0.992490,0.039337,-0.688793,-0.076785,0.003721,0.720871,-0.002994,-0.008222,0.000137,-0.000761,0.010411,0.001267,-0.105578,0.993633,-0.039337,0.000000,0.000000,0.000000,-1,-0.106674,1.004242,-0.042633,-0.001119,-0.111310,0.007961,141.040848,309.950562,-743.995605,0,0
0.920000,-1.214170,-1.457962,-1.099537,0.988127,0.111676,0.105511,0.100322,0.051119,-0.993641,-0.116360,0.992429,0.039309,-0.688785,-0.076946,0.003938,0.720860,0.000191,-0.014584,0.000131,-0.001270,0.010677,0.000094,-0.105511,0.993641,-0.039309,0.000000,0.000000,0.000000,-1,-0.103790,1.004288,-0.033676,0.000995,-0.111315,0.004746,141.391251,308.902832,-744.329590,0,0
0.960000,-1.215961,-1.458157,-1.100769,0.988075,0.112246,0.105399,0.100212,0.050908,-0.993663,-0.116900,0.992376,0.039052,-0.688860,-0.077105,0.004174,0.720769,0.001248,-0.015646,-0.000938,0.002631,0.011647,0.001348,-0.105399,0.993663,-0.039052,0.000000,0.000000,0.000000,-1,-0.102325,1.003372,-0.038361,0.002050,-0.111318,0.002607,142.617691,309.775940,-743.828613,0,0
1.000000,-1.216109,-1.458266,-1.100497,0.988037,0.112667,0.105303,0.100101,0.050886,-0.993675,-0.117313,0.992329,0.038999,-0.688867,-0.077217,0.004358,0.720750,-0.000946,-0.007190,-0.001953,0.001955,0.011345,0.000242,-0.105303,0.993675,-0.038999,0.000000,0.000000,0.000000,-1,-0.104065,1.004745,-0.039719,0.000993,-0.109196,0.003673,140.865631,308.728210,-743.828613,0,0
1.040000,-1.215160,-1.458279,-1.099165,0.988000,0.113042,0.105254,0.100022,0.051013,-0.993677,-0.117697,0.992280,0.039094,-0.688820,-0.077329,0.004516,0.720782,0.002232,-0.012494,-0.004090,0.001769,0.010901,-0.000090,-0.105254,0.993677,-0.039094,0.000000,0.000000,0.000000,-1,-0.103195,1.003189,-0.037888,0.005231,-0.112382,0.000450,143.844131,310.299805,-743.661621,0,0
1.080000,-1.216570,-1.458374,-1.100214,0.987961,0.113410,0.105221,0.099991,0.050866,-0.993687,-0.118046,0.992245,0.038913,-0.688873,-0.077446,0.004655,0.720718,0.001173,-0.002954,-0.004119,0.003170,0.010341,0.003253,-0.105221,0.993687,-0.038913,0.000000,0.000000,0.000000,-1,-0.100739,1.006561,-0.039108,0.005247,-0.101776,0.002529,143.844131,306.458130,-742.325562,0,0
1.120000,-1.215892,-1.458576,-1.099529,0.987982,0.113423,0.105006,0.099778,0.050843,-0.993710,-0.118048,0.992245,0.038915,-0.688880,-0.077372,0.004733,0.720718,-0.000946,0.002348,-0.003053,0.004557,0.012439,0.002980,-0.105006,0.993710,-0.038915,0.000000,0.000000,0.000000,-1,-0.104492,1.004623,-0.035995,-0.000071,-0.099658,0.001514,143.318527,310.474426,-744.830627,0,0
1.160000,-1.217482,-1.458700,-1.101047,0.987978,0.113506,0.104953,0.099745,0.050636,-0.993724,-0.118108,0.992246,0.038705,-0.688955,-0.077382,0.004774,0.720645,-0.003143,-0.001909,-0.000816,0.000674,0.010991,0.002023,-0.104953,0.993724,-0.038705,0.000000,0.000000,0.000000,-1,-0.101028,1.004654,-0.040619,-0.004312,-0.099653,0.004752,141.916870,307.680481,-743.494568,0,0
1.200000,-1.218095,-1.458936,-1.101678,0.988000,0.113503,0.104756,0.099568,0.050467,-0.993750,-0.118080,0.992255,0.038560,-0.689016,-0.077310,0.004835,0.720595,-0.003140,0.002331,-0.000833,0.001958,0.011240,-0.000457,-0.104756,0.993750,-0.038560,0.000000,0.000000,0.000000,-1,-0.106003,1.003220,-0.036285,0.002070,-0.095412,0.004663,141.916870,307.680481,-743.828613,0,0
1.240000,-1.218463,-1.458933,-1.102210,0.988016,0.113342,0.104773,0.099598,0.050415,-0.993750,-0.117916,0.992276,0.038522,-0.689035,-0.077260,0.004769,0.720582,0.008557,0.006571,-0.000981,-0.001718,0.009226,0.002908,-0.104773,0.993750,-0.038522,0.000000,0.000000,0.000000,-1,-0.102783,1.004669,-0.034714,0.007389,-0.085872,0.003497,143.844131,307.505859,-744.997620,0,0
1.280000,-1.218966,-1.458984,-1.103281,0.988083,0.112785,0.104744,0.099606,0.050285,-0.993756,-0.117348,0.992346,0.038452,-0.689084,-0.077056,0.004573,0.720559,0.001104,0.016106,-0.005196,0.002327,0.010929,0.002441,-0.104744,0.993756,-0.038452,0.000000,0.000000,0.000000,-1,-0.105469,1.002899,-0.036911,0.001003,-0.084815,0.001435,141.566467,306.981995,-743.828613,0,0
1.320000,-1.218708,-1.458797,-1.103415,0.988111,0.112388,0.104909,0.099778,0.050356,-0.993735,-0.116967,0.992388,0.038543,-0.689059,-0.076977,0.004375,0.720592,0.007416,0.005490,-0.001966,-0.001674,0.012308,-0.001481,-0.104909,0.993735,-0.038543,0.000000,0.000000,0.000000,-1,-0.106689,1.003281,-0.039902,-0.000057,-0.085873,0.002516,141.916870,308.378967,-744.162598,0,0
1.360000,-1.217285,-1.458550,-1.102388,0.988139,0.111979,0.105084,0.099946,0.050569,-0.993707,-0.116588,0.992423,0.038777,-0.688983,-0.076897,0.004174,0.720674,0.003163,0.008669,-0.002997,-0.004169,0.009207,-0.003428,-0.105084,0.993707,-0.038777,0.000000,0.000000,0.000000,-1,-0.104630,1.004745,-0.037704,0.004196,-0.085873,0.002469,142.968109,309.077454,-744.496582,0,0
1.400000,-1.217024,-1.458440,-1.102668,0.988190,0.111439,0.105177,0.100058,0.050591,-0.993695,-0.116057,0.992483,0.038843,-0.688977,-0.076743,0.003948,0.720698,0.002105,0.010790,-0.001932,0.000807,0.010822,0.000726,-0.105177,0.993695,-0.038843,0.000000,0.000000,0.000000,-1,-0.105988,1.005890,-0.038742,0.007388,-0.093292,0.004594,141.916870,308.029724,-744.496582,0,0
1.440000,-1.217400,-1.458346,-1.103177,0.988194,0.111304,0.105279,0.100166,0.050581,-0.993684,-0.115926,0.992498,0.038835,-0.688981,-0.076733,0.003863,0.720696,0.001038,0.002309,-0.000818,-0.004936,0.010588,0.000948,-0.105279,0.993684,-0.038835,0.000000,0.000000,0.000000,-1,-0.111679,1.004959,-0.031860,0.004195,-0.097532,0.004649,142.792908,308.553589,-745.331604,0,0
1.480000,-1.219773,-1.458202,-1.105622,0.988178,0.111236,0.105505,0.100418,0.050401,-0.993668,-0.115849,0.992515,0.038635,-0.689047,-0.076792,0.003753,0.720627,0.002038,0.005474,-0.001856,-0.001612,0.012207,0.004684,-0.105505,0.993668,-0.038635,0.000000,0.000000,0.000000,-1,-0.106689,1.004288,-0.036499,0.003129,-0.095414,0.003587,143.143311,308.902832,-744.329590,0,0
1.520000,-1.218587,-1.458071,-1.104488,0.988177,0.111173,0.105581,0.100477,0.050573,-0.993653,-0.115807,0.992513,0.038805,-0.688985,-0.076798,0.003710,0.720686,0.004151,-0.001951,-0.003973,-0.001093,0.010848,-0.000944,-0.105581,0.993653,-0.038805,0.000000,0.000000,0.000000,-1,-0.106979,1.004074,-0.038742,0.005238,-0.102840,0.000406,142.267288,308.728210,-742.492554,0,0
1.560000,-1.216936,-1.457864,-1.102592,0.988138,0.111399,0.105710,0.100564,0.050856,-0.993630,-0.116065,0.992474,0.039050,-0.688882,-0.076923,0.003758,0.720771,0.008395,-0.008315,-0.005055,0.000546,0.009773,-0.001141,-0.105710,0.993630,-0.039050,0.000000,0.000000,0.000000,-1,-0.106293,1.005508,-0.033569,0.009497,-0.104957,0.002496,142.267288,308.029724,-743.160583,0,0
1.600000,-1.217647,-1.457830,-1.103084,0.988107,0.111616,0.105769,0.100619,0.050822,-0.993626,-0.116280,0.992451,0.038987,-0.688894,-0.077020,0.003814,0.720749,0.007336,-0.004073,-0.003998,0.001125,0.010540,0.007432,-0.105769,0.993626,-0.038987,0.000000,0.000000,0.000000,-1,-0.104156,1.003891,-0.032333,0.007371,-0.099658,0.001432,141.566467,307.680481,-744.162598,0,0
1.640000,-1.217299,-1.457858,-1.102550,0.988090,0.111799,0.105730,0.100568,0.050863,-0.993629,-0.116465,0.992428,0.039014,-0.688878,-0.077070,0.003896,0.720758,0.004084,-0.010436,-0.002815,0.001696,0.010781,-0.000109,-0.105730,0.993629,-0.039014,0.000000,0.000000,0.000000,-1,-0.104782,1.003967,-0.037949,0.005234,-0.113440,0.001518,141.916870,308.029724,-744.496582,0,0
1.680000,-1.217109,-1.457822,-1.101937,0.988040,0.112214,0.105756,0.100569,0.050941,-0.993625,-0.116886,0.992377,0.039047,-0.688849,-0.077224,0.004039,0.720768,0.005141,-0.012558,-0.003880,-0.001681,0.010830,0.002227,-0.105756,0.993625,-0.039047,0.000000,0.000000,0.000000,-1,-0.107040,1.003769,-0.039993,0.005241,-0.109198,0.002562,141.741669,308.902832,-744.663574,0,0
1.720000,-1.217583,-1.457656,-1.101805,0.987954,0.112808,0.105930,0.100709,0.051029,-0.993606,-0.117493,0.992306,0.039053,-0.688816,-0.077494,0.004197,0.720770,0.001953,-0.010439,-0.003854,-0.000348,0.009049,0.002356,-0.105930,0.993606,-0.039053,0.000000,0.000000,0.000000,-1,-0.100723,1.003693,-0.039871,0.007356,-0.109203,-0.000652,140.865631,306.981995,-743.160583,0,0
1.760000,-1.214354,-1.457572,-1.098193,0.987918,0.113169,0.105881,0.100598,0.051430,-0.993597,-0.117890,0.992244,0.039424,-0.688670,-0.077601,0.004359,0.720897,0.010456,-0.009381,-0.005014,0.001938,0.011164,-0.003911,-0.105881,0.993597,-0.039424,0.000000,0.000000,0.000000,-1,-0.102631,1.004822,-0.039963,0.010549,-0.098602,-0.001799,141.040848,308.902832,-742.993591,0,0
1.800000,-1.212194,-1.457417,-1.096010,0.987911,0.113174,0.105939,0.100622,0.051720,-0.993580,-0.117927,0.992228,0.039707,-0.688564,-0.077624,0.004352,0.720996,0.008280,0.002286,-0.006056,0.003309,0.011242,-0.000256,-0.105939,0.993580,-0.039707,0.000000,0.000000,0.000000,-1,-0.104675,1.005524,-0.042282,0.010554,-0.097540,-0.000740,141.216049,309.077454,-743.828613,0,0
1.840000,-1.209860,-1.457165,-1.093666,0.987897,0.113162,0.106081,0.100724,0.052071,-0.993551,-0.117956,0.992211,0.040043,-0.688437,-0.077671,0.004312,0.721112,0.002964,-0.003015,-0.004908,-0.000989,0.011439,0.001499,-0.106081,0.993551,-0.040043,0.000000,0.000000,0.000000,-1,-0.105988,1.003082,-0.040756,0.004176,-0.101780,0.000413,142.442490,308.553589,-743.327576,0,0
1.880000,-1.209075,-1.457019,-1.092817,0.987880,0.113214,0.106185,0.100808,0.052223,-0.993534,-0.118028,0.992197,0.040177,-0.688382,-0.077726,0.004301,0.721159,0.002962,-0.000897,-0.005981,0.001037,0.009670,-0.002395,-0.106185,0.993534,-0.040177,0.000000,0.000000,0.000000,-1,-0.104538,1.002945,-0.038071,0.007358,-0.100723,-0.001754,141.566467,309.077454,-744.162598,0,0
1.920000,-1.207858,-1.456826,-1.091587,0.987866,0.113212,0.106315,0.100914,0.052435,-0.993512,-0.118052,0.992186,0.040374,-0.688305,-0.077773,0.004263,0.721227,0.008283,0.002285,-0.004989,-0.000008,0.008639,0.001861,-0.106315,0.993512,-0.040374,0.000000,0.000000,0.000000,-1,-0.105804,1.004105,-0.038300,0.013745,-0.090121,-0.001872,142.968109,308.728210,-744.162598,0,0
1.960000,-1.205200,-1.456574,-1.089514,0.987921,0.112611,0.106442,0.101027,0.052761,-0.993484,-0.117493,0.992237,0.040747,-0.688189,-0.077609,0.004015,0.721358,0.007177,0.019248,-0.007136,0.001538,0.014680,0.000814,-0.106442,0.993484,-0.040747,0.000000,0.000000,0.000000,-1,-0.107071,1.005493,-0.040146,0.006309,-0.081639,-0.001829,141.916870,309.775940,-744.162598,0,0
2.000000,-1.203766,-1.456408,-1.088526,0.987963,0.112157,0.106537,0.101121,0.052937,-0.993465,-0.117063,0.992280,0.040958,-0.688126,-0.077485,0.003824,0.721432,0.009304,0.009709,-0.004989,-0.000519,0.009709,0.000827,-0.106537,0.993465,-0.040958,0.000000,0.000000,0.000000,-1,-0.107239,1.003326,-0.042725,0.009501,-0.094357,0.001385,141.391251,308.553589,-744.997620,0,0
2.040000,-1.201001,-1.456231,-1.085786,0.987963,0.112111,0.106587,0.101131,0.053296,-0.993445,-0.117056,0.992265,0.041316,-0.687995,-0.077487,0.003804,0.721556,0.007173,-0.001953,-0.003848,0.000325,0.008798,-0.001439,-0.106587,0.993445,-0.041316,0.000000,0.000000,0.000000,-1,-0.111755,1.003922,-0.043793,0.005254,-0.092235,0.002486,141.391251,309.252075,-744.663574,0,0
2.080000,-1.197701,-1.455760,-1.082949,0.987986,0.111616,0.106886,0.101393,0.053802,-0.993391,-0.116629,0.992294,0.041838,-0.687813,-0.077422,0.003541,0.721739,0.005060,0.013949,-0.003898,-0.004335,0.008761,-0.001497,-0.106886,0.993391,-0.041838,0.000000,0.000000,0.000000,-1,-0.108383,1.003342,-0.042831,0.009503,-0.086937,0.000288,142.442490,309.252075,-744.329590,0,0
2.120000,-1.195711,-1.455543,-1.081150,0.987997,0.111407,0.107003,0.101486,0.054085,-0.993366,-0.116455,0.992302,0.042130,-0.687710,-0.077392,0.003436,0.721840,0.009257,-0.003007,-0.002758,-0.000144,0.012005,-0.002807,-0.107003,0.993366,-0.042130,0.000000,0.000000,0.000000,-1,-0.110092,1.002884,-0.042908,0.010563,-0.107076,0.003558,141.916870,309.775940,-742.826599,0,0
2.160000,-1.193422,-1.455319,-1.078690,0.987969,0.111555,0.107113,0.101548,0.054440,-0.993340,-0.116643,0.992266,0.042457,-0.687581,-0.077483,0.003465,0.721953,0.009260,-0.004066,-0.001690,-0.002979,0.009544,-0.000451,-0.107113,0.993340,-0.042457,0.000000,0.000000,0.000000,-1,-0.110565,1.001556,-0.045959,0.011627,-0.100716,0.002454,141.391251,307.505859,-743.661621,0,0
2.200000,-1.189755,-1.454859,-1.075131,0.987956,0.111409,0.107381,0.101756,0.055018,-0.993287,-0.116569,0.992251,0.043019,-0.687372,-0.077529,0.003342,0.722148,0.009263,0.003353,-0.002788,-0.000514,0.009521,-0.002010,-0.107381,0.993287,-0.043019,0.000000,0.000000,0.000000,-1,-0.108109,1.003815,-0.045593,0.010560,-0.099658,0.001397,142.442490,309.601318,-743.327576,0,0
2.240000,-1.186311,-1.454555,-1.071533,0.987928,0.111532,0.107512,0.101822,0.055529,-0.993252,-0.116749,0.992208,0.043502,-0.687186,-0.077619,0.003361,0.722315,0.010318,-0.008310,-0.002747,-0.001360,0.009968,-0.001023,-0.107512,0.993252,-0.043502,0.000000,0.000000,0.000000,-1,-0.109070,1.004990,-0.046463,0.012683,-0.109198,0.002480,141.040848,308.204346,-743.661621,0,0
2.280000,-1.182804,-1.454232,-1.067720,0.987882,0.111802,0.107656,0.101892,0.056071,-0.993214,-0.117079,0.992147,0.044000,-0.686988,-0.077765,0.003429,0.722488,0.011336,-0.001945,-0.003806,-0.003123,0.008510,0.000986,-0.107656,0.993214,-0.044000,0.000000,0.000000,0.000000,-1,-0.107513,1.005005,-0.044220,0.010568,-0.099654,0.003524,141.566467,309.775940,-743.494568,0,0
2.320000,-1.180630,-1.454001,-1.065456,0.987862,0.111869,0.107772,0.101965,0.056413,-0.993187,-0.117187,0.992120,0.044321,-0.686864,-0.077830,0.003427,0.722599,0.006026,-0.004064,-0.001611,-0.000214,0.011284,0.000895,-0.107772,0.993187,-0.044321,0.000000,0.000000,0.000000,-1,-0.108429,1.003662,-0.043579,0.006308,-0.110256,0.003619,142.092072,308.204346,-741.991577,0,0
2.360000,-1.180152,-1.453991,-1.064635,0.987825,0.112206,0.107760,0.101927,0.056501,-0.993186,-0.117530,0.992077,0.044376,-0.686831,-0.077942,0.003556,0.722617,0.004963,-0.013603,0.000572,-0.001234,0.011712,0.000721,-0.107760,0.993186,-0.044376,0.000000,0.000000,0.000000,-1,-0.110733,1.005219,-0.045654,0.005257,-0.114491,0.007905,141.566467,309.426697,-744.162598,0,0
2.400000,-1.178727,-1.453946,-1.062618,0.987761,0.112782,0.107739,0.101852,0.056729,-0.993181,-0.118125,0.991999,0.044547,-0.686747,-0.078134,0.003781,0.722675,0.004965,-0.011483,0.000562,0.000347,0.010268,-0.002633,-0.107739,0.993181,-0.044547,0.000000,0.000000,0.000000,-1,-0.106918,1.004929,-0.048828,0.005260,-0.106011,0.006803,141.916870,307.331238,-743.494568,0,0
2.440000,-1.175758,-1.453941,-1.059337,0.987742,0.113077,0.107610,0.101669,0.057065,-0.993180,-0.118446,0.991946,0.044869,-0.686624,-0.078189,0.003946,0.722785,0.005986,-0.006180,-0.000495,0.001302,0.009124,-0.002220,-0.107610,0.993180,-0.044869,0.000000,0.000000,0.000000,-1,-0.107544,1.002319,-0.047485,0.006319,-0.106012,0.005727,141.391251,308.204346,-744.329590,0,0
2.480000,-1.172627,-1.453891,-1.055966,0.987727,0.113299,0.107515,0.101520,0.057431,-0.993174,-0.118700,0.991900,0.045224,-0.686489,-0.078231,0.004073,0.722908,0.007055,-0.005119,0.000552,0.000169,0.009954,-0.002169,-0.107515,0.993174,-0.045225,0.000000,0.000000,0.000000,-1,-0.108093,1.004211,-0.046555,0.007379,-0.104954,0.004647,141.566467,309.775940,-744.830627,0,0
2.520000,-1.170762,-1.453833,-1.053950,0.987714,0.113437,0.107484,0.101454,0.057665,-0.993168,-0.118860,0.991870,0.045448,-0.686404,-0.078267,0.004143,0.722985,0.003865,-0.001941,-0.000490,-0.000625,0.010739,-0.001870,-0.107484,0.993168,-0.045448,0.000000,0.000000,0.000000,-1,-0.107513,1.003098,-0.049881,0.007379,-0.104954,0.004647,142.267288,308.378967,-743.828613,0,0
2.560000,-1.167934,-1.453765,-1.050889,0.987697,0.113652,0.107417,0.101336,0.058008,-0.993160,-0.119106,0.991826,0.045778,-0.686278,-0.078317,0.004258,0.723098,0.005984,-0.007244,-0.001552,-0.000753,0.009831,-0.002623,-0.107417,0.993160,-0.045778,0.000000,0.000000,0.000000,-1,-0.107513,1.003265,-0.049118,0.007374,-0.106016,0.003588,141.741669,308.902832,-743.661621,0,0
2.600000,-1.165226,-1.453594,-1.048019,0.987677,0.113791,0.107448,0.101316,0.058384,-0.993140,-0.119284,0.991788,0.046136,-0.686141,-0.078376,0.004312,0.723221,0.005937,0.000187,-0.002602,0.003230,0.008920,-0.001640,-0.107448,0.993140,-0.046135,0.000000,0.000000,0.000000,-1,-0.106644,1.003326,-0.047150,0.009498,-0.098597,0.001404,142.617691,308.728210,-745.164612,0,0
2.640000,-1.162374,-1.453411,-1.045299,0.987691,0.113639,0.107483,0.101314,0.058750,-0.993118,-0.119171,0.991784,0.046514,-0.686008,-0.078335,0.004260,0.723353,0.010201,0.010790,-0.001633,-0.001571,0.009186,0.000417,-0.107483,0.993118,-0.046514,0.000000,0.000000,0.000000,-1,-0.107330,1.005829,-0.045471,0.008442,-0.089056,0.001373,141.216049,308.728210,-743.828613,0,0
2.680000,-1.161374,-1.453263,-1.044656,0.987723,0.113275,0.107571,0.101403,0.058889,-0.993101,-0.118828,0.991817,0.046680,-0.685958,-0.078240,0.004103,0.723411,0.005943,0.004427,-0.001557,-0.003452,0.012407,0.000888,-0.107571,0.993101,-0.046680,0.000000,0.000000,0.000000,-1,-0.107849,1.002960,-0.047516,0.006314,-0.101775,0.003581,141.916870,308.378967,-745.164612,0,0
2.720000,-1.159860,-1.453252,-1.042988,0.987713,0.113420,0.107510,0.101314,0.059064,-0.993100,-0.118987,0.991790,0.046847,-0.685894,-0.078268,0.004183,0.723468,0.004880,-0.005112,0.000625,-0.000553,0.010608,-0.003003,-0.107510,0.993100,-0.046847,0.000000,0.000000,0.000000,-1,-0.109833,1.002899,-0.048264,0.006317,-0.097534,0.003562,143.318527,309.775940,-744.496582,0,0
2.760000,-1.158410,-1.453060,-1.041593,0.987710,0.113350,0.107617,0.101396,0.059301,-0.993077,-0.118947,0.991784,0.047079,-0.685808,-0.078282,0.004130,0.723549,0.003764,0.006555,-0.001494,-0.001896,0.011226,-0.000803,-0.107617,0.993077,-0.047079,0.000000,0.000000,0.000000,-1,-0.105637,1.003204,-0.043854,0.002079,-0.089049,0.005698,141.916870,308.378967,-745.832642,0,0
2.800000,-1.157583,-1.453200,-1.040932,0.987746,0.113190,0.107451,0.101238,0.059298,-0.993093,-0.118780,0.991802,0.047113,-0.685809,-0.078166,0.004130,0.723560,0.001640,0.000196,0.000686,-0.000032,0.015680,0.003640,-0.107451,0.993093,-0.047113,0.000000,0.000000,0.000000,-1,-0.107086,1.000900,-0.047104,0.005261,-0.103890,0.006793,142.442490,308.553589,-744.997620,0,0
2.840000,-1.156473,-1.453275,-1.039659,0.987741,0.113350,0.107330,0.101098,0.059389,-0.993102,-0.118942,0.991779,0.047202,-0.685775,-0.078177,0.004233,0.723590,0.005890,-0.008285,0.001742,0.001266,0.007752,-0.000436,-0.107330,0.993102,-0.047202,0.000000,0.000000,0.000000,-1,-0.109604,1.002335,-0.050903,0.005253,-0.094355,0.002495,142.092072,307.505859,-744.663574,0,0
2.880000,-1.154406,-1.452939,-1.037787,0.987743,0.113131,0.107537,0.101273,0.059748,-0.993063,-0.118771,0.991782,0.047558,-0.685645,-0.078176,0.004096,0.723714,0.003764,0.012912,-0.002586,-0.003852,0.010614,-0.001529,-0.107537,0.993063,-0.047558,0.000000,0.000000,0.000000,-1,-0.106369,1.002869,-0.051239,0.006320,-0.094353,0.003547,142.267288,309.426697,-745.164612,0,0
2.920000,-1.151650,-1.452847,-1.035207,0.987770,0.112941,0.107489,0.101197,0.060056,-0.993052,-0.118612,0.991785,0.047892,-0.685533,-0.078092,0.004056,0.723830,0.009018,-0.002984,-0.001463,-0.000695,0.009557,-0.002386,-0.107489,0.993052,-0.047892,0.000000,0.000000,0.000000,-1,-0.111618,1.001724,-0.049805,0.010564,-0.104955,0.003548,141.916870,308.378967,-742.158569,0,0
2.960000,-1.148664,-1.452445,-1.032030,0.987729,0.113096,0.107710,0.101349,0.060582,-0.993005,-0.118830,0.991735,0.048376,-0.685341,-0.078225,0.004056,0.723997,0.009016,-0.000866,-0.002537,-0.004778,0.010169,-0.001490,-0.107710,0.993005,-0.048376,0.000000,0.000000,0.000000,-1,-0.108810,1.003998,-0.044052,0.007374,-0.095417,0.001413,142.792908,309.252075,-742.993591,0,0
3.000000,-1.148808,-1.452334,-1.032266,0.987728,0.112999,0.107817,0.101458,0.060614,-0.992992,-0.118742,0.991745,0.048406,-0.685330,-0.078231,0.003985,0.724008,0.006895,0.006555,-0.002547,-0.000993,0.011006,0.004354,-0.107817,0.992992,-0.048406,0.000000,0.000000,0.000000,-1,-0.109558,1.001572,-0.049225,0.009506,-0.098594,0.003531,140.865631,309.077454,-742.826599,0,0
3.040000,-1.144916,-1.452083,-1.028371,0.987727,0.112973,0.107856,0.101434,0.061138,-0.992962,-0.118772,0.991715,0.048928,-0.685139,-0.078235,0.003983,0.724188,0.010082,-0.001927,-0.001479,0.002539,0.009068,-0.000068,-0.107856,0.992962,-0.048928,0.000000,0.000000,0.000000,-1,-0.107086,1.003784,-0.049286,0.010555,-0.101780,0.000343,141.916870,308.378967,-744.830627,0,0
3.080000,-1.143146,-1.451979,-1.026630,0.987731,0.112932,0.107863,0.101416,0.061368,-0.992949,-0.118755,0.991706,0.049162,-0.685055,-0.078223,0.003975,0.724269,0.007878,0.005494,-0.005694,0.001326,0.009934,0.001631,-0.107863,0.992949,-0.049162,0.000000,0.000000,0.000000,-1,-0.106689,1.002029,-0.045135,0.009496,-0.091179,-0.000757,141.916870,309.077454,-743.828613,0,0
3.120000,-1.142494,-1.451851,-1.026211,0.987749,0.112692,0.107946,0.101499,0.061476,-0.992934,-0.118531,0.991726,0.049285,-0.685016,-0.078170,0.003863,0.724312,0.011067,0.005493,-0.005729,0.001257,0.009095,0.004149,-0.107946,0.992934,-0.049285,0.000000,0.000000,0.000000,-1,-0.103348,1.005890,-0.045624,0.012683,-0.098599,0.000305,141.741669,308.553589,-744.663574,0,0
3.160000,-1.139624,-1.451833,-1.023274,0.987757,0.112746,0.107820,0.101333,0.061783,-0.992932,-0.118610,0.991701,0.049602,-0.684904,-0.078142,0.003938,0.724421,0.007882,-0.001925,-0.002466,0.000688,0.011951,0.002071,-0.107820,0.992932,-0.049602,0.000000,0.000000,0.000000,-1,-0.105850,1.001938,-0.047928,0.009491,-0.102840,0.000360,141.391251,308.553589,-744.663574,0,0
3.200000,-1.138154,-1.451714,-1.021660,0.987738,0.112875,0.107855,0.101335,0.062009,-0.992918,-0.118764,0.991672,0.049810,-0.684821,-0.078199,0.003982,0.724492,0.014245,-0.006171,-0.005708,0.002387,0.010408,0.000082,-0.107855,0.992918,-0.049810,0.000000,0.000000,0.000000,-1,-0.108826,1.003342,-0.049530,0.013735,-0.102843,-0.001815,141.916870,308.728210,-742.826599,0,0
3.240000,-1.135625,-1.451445,-1.019061,0.987720,0.112919,0.107971,0.101400,0.062411,-0.992886,-0.118854,0.991642,0.050195,-0.684674,-0.078256,0.003974,0.724625,0.010995,0.001255,-0.005661,0.000503,0.010120,-0.001868,-0.107971,0.992886,-0.050195,0.000000,0.000000,0.000000,-1,-0.109573,1.005295,-0.047791,0.011626,-0.096477,0.001371,141.391251,309.601318,-743.661621,0,0
3.280000,-1.133303,-1.451318,-1.016785,0.987728,0.112857,0.107968,0.101365,0.062708,-0.992871,-0.118823,0.991630,0.050499,-0.684566,-0.078233,0.003964,0.724730,0.012051,0.000192,-0.006730,0.007123,0.009647,0.003212,-0.107968,0.992871,-0.050499,0.000000,0.000000,0.000000,-1,-0.108902,1.001709,-0.052963,0.014798,-0.102843,-0.001826,141.040848,308.902832,-742.993591,0,0
3.320000,-1.130826,-1.450986,-1.014295,0.987711,0.112842,0.108141,0.101489,0.063135,-0.992831,-0.118861,0.991605,0.050907,-0.684410,-0.078290,0.003915,0.724871,0.014178,0.006551,-0.007845,-0.004163,0.009656,0.000126,-0.108141,0.992831,-0.050907,0.000000,0.000000,0.000000,-1,-0.108215,1.002945,-0.047272,0.015883,-0.079517,-0.000880,140.865631,310.474426,-745.164612,0,0
3.360000,-1.129089,-1.450689,-1.013310,0.987778,0.112075,0.108319,0.101676,0.063391,-0.992796,-0.118134,0.991676,0.051220,-0.684319,-0.078089,0.003586,0.724981,0.009942,0.024575,-0.006816,0.002026,0.006991,0.003323,-0.108319,0.992796,-0.051220,0.000000,0.000000,0.000000,-1,-0.112915,1.005859,-0.047180,0.014817,-0.089057,0.000239,141.040848,308.204346,-743.661621,0,0
3.400000,-1.127485,-1.449973,-1.012105,0.987767,0.111634,0.108879,0.102203,0.063890,-0.992710,-0.117776,0.991693,0.051699,-0.684138,-0.078141,0.003251,0.725148,0.016232,-0.001919,-0.003528,-0.003319,0.006466,-0.003416,-0.108879,0.992710,-0.051699,0.000000,0.000000,0.000000,-1,-0.114777,1.001755,-0.058548,0.014805,-0.104960,0.000311,141.916870,308.029724,-744.162598,0,0
3.440000,-1.123535,-1.449397,-1.007956,0.987716,0.111781,0.109190,0.102421,0.064619,-0.992640,-0.118014,0.991630,0.052376,-0.683872,-0.078305,0.003226,0.725381,0.014101,-0.005101,-0.004555,-0.004122,0.009450,-0.007698,-0.109190,0.992640,-0.052376,0.000000,0.000000,0.000000,-1,-0.115189,1.002518,-0.050018,0.016935,-0.099659,0.000263,141.216049,307.680481,-744.830627,0,0
3.480000,-1.121585,-1.448818,-1.006099,0.987685,0.111648,0.109605,0.102786,0.065116,-0.992570,-0.117955,0.991612,0.052839,-0.683690,-0.078410,0.003053,0.725541,0.013051,0.012921,-0.004626,0.000322,0.010146,0.004545,-0.109605,0.992570,-0.052839,0.000000,0.000000,0.000000,-1,-0.105820,1.004578,-0.053116,0.018001,-0.101778,0.001325,141.566467,309.426697,-743.494568,0,0
3.520000,-1.116400,-1.448446,-1.000713,0.987661,0.111804,0.109661,0.102745,0.065868,-0.992525,-0.118192,0.991545,0.053568,-0.683415,-0.078484,0.003121,0.725792,0.010913,-0.008282,-0.003443,-0.004032,0.009246,-0.001409,-0.109661,0.992525,-0.053568,0.000000,0.000000,0.000000,-1,-0.118729,1.002914,-0.053482,0.015871,-0.106019,0.001367,141.040848,308.553589,-744.329590,0,0
3.560000,-1.115643,-1.447925,-0.999813,0.987602,0.111911,0.110085,0.103121,0.066240,-0.992461,-0.118360,0.991508,0.053879,-0.683279,-0.078676,0.003028,0.725900,0.011914,0.002327,-0.003464,-0.008049,0.010057,0.002853,-0.110085,0.992461,-0.053879,0.000000,0.000000,0.000000,-1,-0.111618,1.004257,-0.056290,0.014810,-0.086940,-0.001898,140.865631,308.728210,-744.162598,0,0
3.600000,-1.112048,-1.447400,-0.996480,0.987606,0.111606,0.110357,0.103336,0.066866,-0.992396,-0.118137,0.991500,0.054505,-0.683051,-0.078670,0.002847,0.726116,0.017218,-0.002978,-0.005626,-0.003290,0.012471,-0.007126,-0.110357,0.992396,-0.054505,0.000000,0.000000,0.000000,-1,-0.125931,1.011780,-0.047333,0.021177,-0.102843,-0.001897,141.040848,308.902832,-745.331604,0,0
3.640000,-1.113299,-1.446268,-0.997631,0.987481,0.111642,0.111434,0.104357,0.067357,-0.992256,-0.118283,0.991463,0.054863,-0.682873,-0.079077,0.002508,0.726240,0.015089,0.006560,-0.007778,-0.019426,0.033455,0.006721,-0.111434,0.992256,-0.054863,0.000000,0.000000,0.000000,-1,-0.178452,1.023911,-0.020813,0.026527,-0.110248,0.008715,141.391251,310.299805,-744.997620,0,0
3.680000,-1.110689,-1.445523,-0.994379,0.987357,0.112221,0.111952,0.104758,0.068099,-0.992163,-0.118965,0.991347,0.055482,-0.682601,-0.079467,0.002568,0.726453,0.034382,0.011921,0.033463,-0.065004,0.003213,0.053605,-0.111952,0.992163,-0.055482,0.000000,0.000000,0.000000,-1,-0.144836,1.004730,-0.014130,0.048998,-0.056137,0.035880,142.442490,309.252075,-744.663574,0,0
3.720000,-1.103945,-1.445905,-0.988592,0.987545,0.111273,0.111237,0.104045,0.068495,-0.992211,-0.118026,0.991427,0.056065,-0.682456,-0.078876,0.002487,0.726654,0.016238,0.000277,0.040136,-0.017730,0.000571,0.031071,-0.111237,0.992211,-0.056065,0.000000,0.000000,0.000000,-1,-0.118561,0.992645,-0.038483,-0.003101,-0.120791,0.048447,141.391251,307.855103,-743.995605,0,0
3.760000,-1.096612,-1.448116,-0.980284,0.987687,0.112344,0.108871,0.101649,0.068135,-0.992484,-0.118917,0.991331,0.055877,-0.682582,-0.078376,0.003680,0.726584,0.018465,-0.007103,0.068865,-0.012147,-0.002998,-0.011018,-0.108871,0.992484,-0.055877,0.000000,0.000000,0.000000,-1,-0.123306,0.969116,-0.061798,0.024656,-0.100608,0.074643,143.318527,309.426697,-745.832642,0,0
3.800000,-1.081950,-1.449142,-0.965662,0.987880,0.112314,0.107141,0.099805,0.069036,-0.992609,-0.118881,0.991272,0.056989,-0.682249,-0.077728,0.004302,0.726964,0.039708,0.013026,0.058965,-0.020819,-0.023157,0.003782,-0.107141,0.992609,-0.056989,0.000000,0.000000,0.000000,-1,-0.133423,0.979263,-0.051590,0.069220,-0.105942,0.051837,142.267288,308.728210,-744.496582,0,0
3.840000,-1.057245,-1.449078,-0.940301,0.987965,0.112878,0.105756,0.098074,0.071582,-0.992601,-0.119613,0.991027,0.059650,-0.681310,-0.077407,0.005085,0.727873,0.094884,-0.033652,0.039418,-0.031176,-0.010958,0.009158,-0.105756,0.992601,-0.059650,0.000000,0.000000,0.000000,-1,-0.126282,0.975952,-0.031326,0.127644,-0.079464,0.032991,141.040848,309.252075,-745.665649,0,0
3.880000,-1.013411,-1.447298,-0.897485,0.988235,0.111636,0.104540,0.096301,0.076815,-0.992384,-0.118816,0.990776,0.065161,-0.679386,-0.076517,0.005253,0.729762,0.161839,0.052230,0.037265,-0.001371,-0.003340,0.029242,-0.104540,0.992384,-0.065161,0.000000,0.000000,0.000000,-1,-0.103653,0.997849,-0.034439,0.171290,-0.056124,0.043041,140.865631,309.775940,-745.164612,0,0
3.920000,-0.985672,-1.446656,-0.870277,0.988445,0.111003,0.103223,0.094663,0.079817,-0.992305,-0.118388,0.990610,0.068387,-0.678277,-0.075805,0.005589,0.730864,0.177779,0.015133,0.045767,-0.001742,0.016836,0.031705,-0.103223,0.992304,-0.068387,0.000000,0.000000,0.000000,-1,-0.108917,1.014084,-0.042297,0.185147,-0.093205,0.060076,142.092072,309.601318,-745.331604,0,0
3.960000,-0.942758,-1.445181,-0.827147,0.988632,0.111037,0.101378,0.092210,0.084815,-0.992121,-0.118761,0.990190,0.073612,-0.676425,-0.075118,0.006424,0.732642,0.172460,0.009834,0.049039,-0.002061,0.003637,0.027470,-0.101378,0.992121,-0.073612,0.000000,0.000000,0.000000,-1,-0.094894,1.011536,-0.036285,0.166977,-0.089004,0.033664,141.391251,309.601318,-745.331604,0,0
4.000000,-0.899168,-1.444936,-0.783325,0.988928,0.111197,0.098265,0.088578,0.088946,-0.992090,-0.119057,0.989810,0.078111,-0.674884,-0.074003,0.007702,0.734164,0.182021,-0.002883,0.055380,0.016539,0.022253,0.047395,-0.098265,0.992090,-0.078111,0.000000,0.000000,0.000000,-1,-0.073990,1.007462,-0.024612,0.196916,-0.099535,0.081249,141.216049,311.172913,-745.498596,0,0
4.040000,-0.861657,-1.446327,-0.745535,0.989283,0.111547,0.094219,0.084218,0.091215,-0.992264,-0.119279,0.989564,0.080843,-0.674023,-0.072611,0.009295,0.735075,0.208761,0.016302,0.119935,0.023464,0.005829,0.059877,-0.094219,0.992264,-0.080843,0.000000,0.000000,0.000000,-1,-0.062912,1.000519,-0.015106,0.199292,-0.113213,0.150426,142.442490,310.998291,-744.663574,0,0
4.080000,-0.803365,-1.450303,-0.685459,0.989754,0.113594,0.086509,0.076091,0.093052,-0.992749,-0.120820,0.989160,0.083455,-0.673284,-0.070433,0.012740,0.735911,0.177907,-0.075896,0.148374,0.020637,0.012088,0.065129,-0.086509,0.992749,-0.083455,0.000000,0.000000,0.000000,-1,-0.056961,1.013794,-0.032578,0.123725,-0.204397,0.147416,143.318527,311.172913,-746.500610,0,0
4.120000,-0.744786,-1.456490,-0.622158,0.989913,0.118727,0.077310,0.066472,0.092686,-0.993474,-0.125118,0.988591,0.083859,-0.673307,-0.068765,0.017751,0.735945,0.035554,-0.031333,0.175281,0.068063,0.023311,0.039929,-0.077310,0.993474,-0.083859,0.000000,0.000000,0.000000,-1,0.008484,1.005386,-0.074997,0.016591,-0.120569,0.196085,144.019348,309.426697,-747.168640,0,0
4.160000,-0.706646,-1.460380,-0.582975,0.990186,0.120055,0.071546,0.060662,0.091992,-0.993910,-0.125906,0.988496,0.083806,-0.673496,-0.067082,0.020178,0.735864,-0.023904,-0.045081,0.199401,0.073774,-0.000441,-0.002345,-0.071546,0.993910,-0.083806,0.000000,0.000000,0.000000,-1,-0.016312,0.982422,-0.085129,-0.112232,-0.216032,0.168152,143.143311,309.252075,-746.333618,0,0
4.200000,-0.694823,-1.468221,-0.567413,0.990086,0.124227,0.065559,0.055033,0.086349,-0.994744,-0.129235,0.988489,0.078657,-0.675478,-0.066346,0.023567,0.734012,-0.196436,-0.056863,0.122640,0.047996,-0.010979,-0.006228,-0.065559,0.994744,-0.078657,0.000000,0.000000,0.000000,-1,0.010208,0.998322,-0.097916,-0.162297,-0.027412,0.104029,143.668930,309.775940,-745.498596,0,0
4.240000,-0.680802,-1.475074,-0.555780,0.990675,0.122249,0.060157,0.050427,0.081191,-0.995422,-0.126574,0.989173,0.074269,-0.677350,-0.063732,0.024513,0.732485,0.070435,0.039596,0.106499,0.081443,0.019501,-0.042979,-0.060157,0.995422,-0.074269,0.000000,0.000000,0.000000,-1,0.014954,1.018631,-0.123871,0.112000,-0.101601,0.118360,143.668930,309.426697,-744.830627,0,0
