0.000000,-1.190058,-0.187673,-0.137355,0.391823,0.120699,0.912089,0.134520,0.973188,-0.186573,-0.910153,0.195798,0.365081,-0.115709,-0.551426,-0.004182,0.826150,0.138486,0.001369,0.052274,-0.006109,-0.003391,-0.008133,-0.912089,0.186573,-0.365081,0.000000,0.000000,0.000000,-1,-0.921371,0.184265,-0.366501,0.114053,0.008819,0.039565,-1482.453735,2871.913574,-678.900391,0,0
0.040000,-1.190058,-0.187673,-0.137355,0.391823,0.120699,0.912089,0.134520,0.973188,-0.186573,-0.910153,0.195798,0.365081,-0.115709,-0.551426,-0.004182,0.826150,0.138486,0.001369,0.052274,-0.006109,-0.003391,-0.008133,-0.912089,0.186573,-0.365081,0.000000,0.000000,0.000000,-1,-0.923203,0.186066,-0.369843,0.112977,0.006681,0.037450,-1482.277954,2873.144043,-678.062500,0,0
0.080000,-1.189009,-0.187166,-0.129914,0.391810,0.122955,0.911793,0.127287,0.974256,-0.186075,-0.911199,0.188965,0.366072,-0.113448,-0.551447,-0.001310,0.826459,0.139488,-0.014578,0.045929,-0.007381,0.000632,-0.001588,-0.911793,0.186075,-0.366072,0.000000,0.000000,0.000000,-1,-0.915771,0.188126,-0.364578,0.113999,-0.003950,0.033221,-1482.805298,2872.616699,-677.894897,0,0
0.120000,-1.188670,-0.186887,-0.125439,0.391534,0.124393,0.911717,0.122931,0.974867,-0.185801,-0.911915,0.184826,0.366401,-0.112099,-0.551573,0.000442,0.826559,0.150123,-0.015671,0.042656,-0.004054,0.002325,0.001823,-0.911717,0.185801,-0.366401,0.000000,0.000000,0.000000,-1,-0.918716,0.184601,-0.373642,0.136359,-0.002906,0.031978,-1483.684326,2873.144043,-676.721741,0,0
0.160000,-1.187822,-0.186040,-0.118637,0.391361,0.126135,0.911552,0.116316,0.975837,-0.184969,-0.912857,0.178418,0.367233,-0.109877,-0.551644,0.002969,0.826806,0.167171,-0.013537,0.044644,-0.007165,-0.000368,-0.006409,-0.911552,0.184969,-0.367233,0.000000,0.000000,0.000000,-1,-0.920151,0.185516,-0.369843,0.155497,-0.009295,0.028658,-1482.277954,2872.440918,-676.721741,0,0
0.200000,-1.187387,-0.184644,-0.109767,0.390486,0.128262,0.911630,0.107685,0.977086,-0.183596,-0.914289,0.169861,0.367726,-0.106857,-0.552013,0.006221,0.826937,0.159631,-0.032710,0.033056,-0.010748,0.005170,-0.002330,-0.911630,0.183596,-0.367726,0.000000,0.000000,0.000000,-1,-0.917419,0.194275,-0.369751,0.129875,-0.023156,0.018255,-1481.926392,2873.144043,-677.056946,0,0
0.240000,-1.187833,-0.184089,-0.103868,0.389261,0.130133,0.911889,0.101930,0.977805,-0.183051,-0.915470,0.164203,0.367357,-0.104999,-0.552537,0.008528,0.826805,0.140411,-0.036033,0.017247,-0.001548,0.013940,0.005068,-0.911889,0.183051,-0.367357,0.000000,0.000000,0.000000,-1,-0.912689,0.193192,-0.359772,0.112772,-0.029684,-0.000763,-1482.453735,2871.562012,-676.554199,0,0
0.280000,-1.188402,-0.183421,-0.100055,0.388180,0.131101,0.912211,0.098213,0.978308,-0.182394,-0.916336,0.160393,0.366883,-0.103668,-0.553002,0.009946,0.826646,0.127630,-0.025562,0.004531,-0.000005,0.009989,0.003724,-0.912211,0.182394,-0.366883,0.000000,0.000000,0.000000,-1,-0.912201,0.187637,-0.373337,0.096825,-0.014931,-0.009217,-1482.805298,2870.858887,-676.218994,0,0
0.320000,-1.187924,-0.181902,-0.094448,0.387747,0.131822,0.912291,0.092751,0.979118,-0.180900,-0.917088,0.154760,0.367423,-0.101496,-0.553161,0.011814,0.826784,0.115006,-0.009677,0.003438,0.001754,0.006432,-0.004434,-0.912291,0.180900,-0.367423,0.000000,0.000000,0.000000,-1,-0.915192,0.191772,-0.376755,0.091546,-0.000102,-0.009232,-1483.156982,2871.913574,-674.207947,0,0
0.360000,-1.187076,-0.181017,-0.090295,0.387901,0.132500,0.912128,0.088699,0.979654,-0.180030,-0.917423,0.150738,0.368256,-0.099989,-0.553059,0.013241,0.827014,0.094809,0.004080,0.001421,-0.003400,0.013909,-0.008438,-0.912128,0.180030,-0.368256,0.000000,0.000000,0.000000,-1,-0.911621,0.198364,-0.377777,0.063906,0.016822,-0.012277,-1482.805298,2872.616699,-675.883789,0,0
0.400000,-1.186019,-0.180895,-0.087962,0.388551,0.133136,0.911758,0.086415,0.979880,-0.179910,-0.917366,0.148694,0.369228,-0.099301,-0.552743,0.014119,0.827294,0.070348,0.019917,-0.004829,0.001816,0.020682,-0.003758,-0.911758,0.179910,-0.369228,0.000000,0.000000,0.000000,-1,-0.912857,0.202805,-0.378693,0.017076,0.031563,-0.022622,-1482.453735,2871.913574,-675.548645,0,0
0.440000,-1.183782,-0.181457,-0.086551,0.390459,0.133864,0.910836,0.085024,0.979900,-0.180463,-0.916686,0.147906,0.371229,-0.099159,-0.551863,0.014749,0.827887,-0.002113,0.022904,-0.027686,-0.004630,0.022052,-0.004214,-0.910836,0.180463,-0.371229,0.000000,0.000000,0.000000,-1,-0.916351,0.201859,-0.373291,-0.037281,0.033468,-0.046711,-1482.277954,2872.440918,-675.716248,0,0
0.480000,-1.183002,-0.181682,-0.087629,0.391335,0.133532,0.910509,0.086077,0.979767,-0.180685,-0.916214,0.149082,0.371924,-0.099555,-0.551477,0.014326,0.828104,-0.039391,0.035456,-0.045541,-0.006880,0.022975,-0.009882,-0.910509,0.180685,-0.371924,0.000000,0.000000,0.000000,-1,-0.914200,0.198471,-0.373444,-0.068165,0.046018,-0.064629,-1482.805298,2872.616699,-675.883789,0,0
0.520000,-1.182189,-0.181536,-0.089601,0.392330,0.132504,0.910231,0.088011,0.979622,-0.180540,-0.915604,0.150941,0.372674,-0.100043,-0.551049,0.013428,0.828346,-0.051127,0.045862,-0.065719,-0.003969,0.017931,-0.000770,-0.910231,0.180540,-0.372674,0.000000,0.000000,0.000000,-1,-0.910858,0.191544,-0.378220,-0.082032,0.058495,-0.090135,-1481.926392,2871.737793,-675.716248,0,0
0.560000,-1.180016,-0.179770,-0.094921,0.394864,0.128477,0.909712,0.093251,0.979456,-0.178803,-0.913995,0.155434,0.374772,-0.100793,-0.549959,0.010623,0.829019,-0.067128,0.053114,-0.083715,0.004591,0.003707,-0.000091,-0.909712,0.178803,-0.374772,0.000000,0.000000,0.000000,-1,-0.901718,0.179214,-0.367294,-0.092640,0.072256,-0.091170,-1482.629517,2871.386230,-676.721741,0,0
0.600000,-1.178348,-0.178773,-0.097800,0.396667,0.126174,0.909250,0.096088,0.979360,-0.177822,-0.912920,0.157904,0.376356,-0.101181,-0.549167,0.009067,0.829515,-0.078763,0.064929,-0.066621,0.000894,0.006748,-0.017382,-0.909250,0.177822,-0.376356,0.000000,0.000000,0.000000,-1,-0.910217,0.180389,-0.382233,-0.097937,0.068169,-0.075134,-1482.453735,2871.913574,-677.224548,0,0
0.640000,-1.176818,-0.178047,-0.100431,0.398327,0.124228,0.908792,0.098678,0.979232,-0.177107,-0.911920,0.160224,0.377797,-0.101610,-0.548431,0.007696,0.829963,-0.067108,0.034346,-0.052746,-0.003928,0.000154,-0.011684,-0.908792,0.177107,-0.377797,0.000000,0.000000,0.000000,-1,-0.905182,0.168762,-0.371780,-0.083102,0.031243,-0.059131,-1481.926392,2872.792480,-677.392090,0,0
0.680000,-1.176344,-0.176277,-0.104237,0.399062,0.121034,0.908901,0.102436,0.979160,-0.175366,-0.911184,0.163085,0.378347,-0.101925,-0.548122,0.005601,0.830146,-0.035134,0.017682,-0.020984,-0.009190,-0.015881,0.005498,-0.908901,0.175366,-0.378347,0.000000,0.000000,0.000000,-1,-0.920166,0.158096,-0.373322,-0.048998,0.016692,-0.028446,-1482.629517,2873.144043,-677.727295,0,0
0.720000,-1.176740,-0.175227,-0.104978,0.398691,0.119854,0.909220,0.103180,0.979266,-0.174332,-0.911262,0.163318,0.378058,-0.101694,-0.548297,0.005022,0.830063,-0.008513,0.005097,-0.006242,-0.011938,-0.016937,0.005149,-0.909220,0.174332,-0.378058,0.000000,0.000000,0.000000,-1,-0.919373,0.155685,-0.372253,-0.031934,0.014698,-0.014722,-1482.805298,2872.265137,-676.889343,0,0
0.760000,-1.176818,-0.173971,-0.105001,0.398503,0.118722,0.909451,0.103226,0.979481,-0.173095,-0.911340,0.162858,0.378071,-0.101182,-0.548386,0.004667,0.830068,0.018146,0.010450,0.000972,-0.011555,-0.018829,-0.002544,-0.909451,0.173095,-0.378071,0.000000,0.000000,0.000000,-1,-0.923859,0.151917,-0.396027,0.023432,0.015733,-0.016221,-1481.926392,2869.979736,-678.062500,0,0
0.800000,-1.175823,-0.171606,-0.103144,0.398967,0.117161,0.909449,0.101449,0.980075,-0.170765,-0.911336,0.160393,0.379132,-0.099700,-0.548173,0.004730,0.830388,0.070245,-0.003472,-0.015378,-0.013051,-0.013187,-0.014453,-0.909449,0.170765,-0.379132,0.000000,0.000000,0.000000,-1,-0.922012,0.167648,-0.368149,0.043589,0.008127,-0.036589,-1483.332764,2872.089355,-677.727295,0,0
0.840000,-1.176175,-0.169094,-0.101476,0.398219,0.115609,0.909976,0.099857,0.980667,-0.168289,-0.911839,0.157884,0.378975,-0.098205,-0.548514,0.004743,0.830340,0.051022,-0.002642,-0.039740,-0.011212,-0.001053,0.008599,-0.909976,0.168289,-0.378975,0.000000,0.000000,0.000000,-1,-0.917175,0.157227,-0.377518,0.030764,0.007953,-0.055665,-1482.629517,2872.440918,-677.056946,0,0
0.880000,-1.176196,-0.166730,-0.100380,0.397857,0.113908,0.910349,0.098822,0.981169,-0.165959,-0.912110,0.155990,0.379108,-0.096928,-0.548681,0.004542,0.830381,0.069137,0.012059,-0.052725,-0.006827,-0.008732,0.001590,-0.910349,0.165959,-0.379108,0.000000,0.000000,0.000000,-1,-0.922806,0.150955,-0.386841,0.049920,0.016293,-0.069694,-1482.453735,2871.210449,-677.559692,0,0
0.920000,-1.175610,-0.160760,-0.097465,0.397529,0.109567,0.911025,0.096056,0.982421,-0.160068,-0.912548,0.151141,0.380017,-0.093663,-0.548834,0.004066,0.830657,0.072298,-0.011133,-0.040963,-0.006776,-0.009967,-0.006473,-0.911025,0.160068,-0.380017,0.000000,0.000000,0.000000,-1,-0.916901,0.149307,-0.383591,0.057353,-0.008921,-0.047285,-1482.453735,2872.968262,-677.559692,0,0
0.960000,-1.175913,-0.158297,-0.095467,0.396819,0.108172,0.911501,0.094130,0.983001,-0.157637,-0.913058,0.148353,0.379891,-0.092097,-0.549156,0.004226,0.830619,0.093589,-0.022680,-0.029374,-0.001188,-0.005140,0.002281,-0.911501,0.157637,-0.379891,0.000000,0.000000,0.000000,-1,-0.914429,0.153809,-0.388489,0.074390,-0.016251,-0.037802,-1482.277954,2869.979736,-677.727295,0,0
1.000000,-1.176142,-0.155628,-0.091981,0.396006,0.107165,0.911973,0.090741,0.983738,-0.155000,-0.913753,0.144134,0.379842,-0.090036,-0.549520,0.004943,0.830600,0.106443,-0.027878,-0.016738,-0.007308,-0.003877,-0.009501,-0.911973,0.155000,-0.379842,0.000000,0.000000,0.000000,-1,-0.921204,0.144150,-0.385834,0.097837,-0.014079,-0.031600,-1483.332764,2871.737793,-677.727295,0,0
1.040000,-1.176294,-0.152329,-0.087770,0.395149,0.105854,0.912498,0.086642,0.984616,-0.151740,-0.914522,0.139021,0.379899,-0.087514,-0.549902,0.005783,0.830612,0.125598,-0.028979,-0.021152,-0.009377,-0.010993,-0.006942,-0.912498,0.151740,-0.379899,0.000000,0.000000,0.000000,-1,-0.917068,0.148575,-0.381149,0.101008,-0.017307,-0.036939,-1481.399048,2872.265137,-677.559692,0,0
1.080000,-1.176110,-0.149465,-0.083675,0.394662,0.104843,0.912825,0.082645,0.985391,-0.148909,-0.915102,0.134209,0.380232,-0.085204,-0.550113,0.006680,0.830705,0.115015,0.002682,-0.033972,0.003722,0.010530,-0.002901,-0.912825,0.148909,-0.380232,0.000000,0.000000,0.000000,-1,-0.908890,0.167679,-0.382553,0.085107,0.016472,-0.049727,-1483.332764,2872.089355,-678.397644,0,0
1.120000,-1.175088,-0.147937,-0.080786,0.395180,0.104458,0.912645,0.079816,0.985851,-0.147398,-0.915129,0.131093,0.381252,-0.083781,-0.549868,0.007413,0.831006,0.066030,0.006883,-0.038920,0.001222,0.021013,-0.002202,-0.912645,0.147398,-0.381252,0.000000,0.000000,0.000000,-1,-0.910797,0.160095,-0.383652,0.009459,-0.002554,-0.046938,-1482.629517,2871.386230,-676.721741,0,0
1.160000,-1.175169,-0.147159,-0.079990,0.394966,0.104075,0.912782,0.079041,0.986029,-0.146628,-0.915289,0.130060,0.381221,-0.083240,-0.549964,0.007531,0.830996,0.019131,-0.016316,-0.028870,0.003068,0.010873,-0.000432,-0.912782,0.146628,-0.381221,0.000000,0.000000,0.000000,-1,-0.911087,0.150101,-0.378128,-0.012916,-0.012032,-0.041402,-1482.805298,2872.616699,-678.565247,0,0
1.200000,-1.176038,-0.146377,-0.080148,0.394130,0.103414,0.913218,0.079207,0.986130,-0.145855,-0.915635,0.129818,0.380472,-0.082957,-0.550347,0.007285,0.830773,0.005313,-0.016291,-0.024533,0.005656,-0.000042,0.003428,-0.913218,0.145855,-0.380472,0.000000,0.000000,0.000000,-1,-0.912674,0.136215,-0.378754,-0.011790,0.003904,-0.036144,-1483.860107,2870.858887,-679.570801,0,0
1.240000,-1.176081,-0.145197,-0.080048,0.393994,0.102385,0.913393,0.079121,0.986309,-0.144688,-0.915701,0.129274,0.380499,-0.082441,-0.550413,0.007001,0.830783,0.016038,0.008076,-0.023646,0.000719,-0.008472,0.001745,-0.913393,0.144688,-0.380499,0.000000,0.000000,0.000000,-1,-0.915054,0.140793,-0.383926,-0.020281,0.009242,-0.031837,-1482.453735,2870.507324,-677.894897,0,0
1.280000,-1.175953,-0.143969,-0.080412,0.394058,0.101107,0.913507,0.079494,0.986456,-0.143472,-0.915641,0.129155,0.380684,-0.082033,-0.550390,0.006503,0.830843,-0.011637,0.004966,-0.017032,0.002283,-0.003656,0.002403,-0.913507,0.143472,-0.380684,0.000000,0.000000,0.000000,-1,-0.913361,0.131424,-0.377350,-0.037274,0.020926,-0.028553,-1482.981079,2871.386230,-677.056946,0,0
1.320000,-1.175716,-0.143324,-0.081083,0.394296,0.100224,0.913502,0.080164,0.986495,-0.142834,-0.915481,0.129549,0.380936,-0.081952,-0.550287,0.006036,0.830922,-0.016899,0.024040,-0.016001,0.000141,-0.011410,0.003586,-0.913502,0.142834,-0.380936,0.000000,0.000000,0.000000,-1,-0.923813,0.125793,-0.386322,-0.037209,0.043158,-0.029702,-1481.750610,2869.803955,-677.894897,0,0
1.360000,-1.174102,-0.141450,-0.082005,0.395725,0.097945,0.913131,0.081095,0.986686,-0.140979,-0.914782,0.129839,0.382513,-0.081434,-0.549647,0.005067,0.831403,-0.016914,0.052448,-0.031022,-0.015747,-0.014010,-0.005396,-0.913131,0.140979,-0.382513,0.000000,0.000000,0.000000,-1,-0.926666,0.135849,-0.380508,-0.055375,0.045015,-0.058332,-1483.508545,2872.265137,-677.559692,0,0
1.400000,-1.173210,-0.139084,-0.086058,0.396748,0.094069,0.913095,0.085122,0.986678,-0.138636,-0.913972,0.132728,0.383455,-0.081569,-0.549198,0.002689,0.831697,-0.059745,0.024329,-0.093439,-0.025656,0.011038,0.005556,-0.913095,0.138636,-0.383455,0.000000,0.000000,0.000000,-1,-0.941605,0.152405,-0.385162,-0.092858,0.020132,-0.115475,-1484.914795,2874.022949,-678.900391,0,0
1.440000,-1.174019,-0.137348,-0.089722,0.396208,0.091145,0.913625,0.088758,0.986598,-0.136916,-0.913860,0.135339,0.382809,-0.081856,-0.549450,0.000718,0.831507,-0.107867,-0.022510,-0.119521,-0.030131,0.007737,-0.007252,-0.913625,0.136916,-0.382809,0.000000,0.000000,0.000000,-1,-0.937134,0.137543,-0.373642,-0.142035,-0.027724,-0.137286,-1483.332764,2871.386230,-679.067993,0,0
1.480000,-1.177763,-0.134343,-0.096486,0.393130,0.086255,0.915428,0.095468,0.986380,-0.133940,-0.914513,0.140050,0.379541,-0.082475,-0.550842,-0.002773,0.830520,-0.140038,-0.077813,-0.143567,-0.030907,0.002077,0.007776,-0.915428,0.133940,-0.379541,0.000000,0.000000,0.000000,-1,-0.969421,0.127075,-0.410507,-0.205319,-0.167672,-0.153316,-1482.277954,2872.089355,-678.732788,0,0
1.520000,-1.186434,-0.131697,-0.105705,0.385720,0.081494,0.919010,0.104594,0.985807,-0.131317,-0.916668,0.146775,0.371721,-0.083951,-0.554158,-0.006974,0.828138,-0.247246,-0.296851,-0.115233,-0.052044,-0.008377,-0.040113,-0.919010,0.131317,-0.371721,0.000000,0.000000,0.000000,-1,-0.927643,0.110794,-0.358765,-0.329192,-0.309330,-0.126257,-1483.156982,2871.913574,-678.900391,0,0
1.560000,-1.199576,-0.130926,-0.118584,0.374599,0.077889,0.923910,0.117294,0.984479,-0.130552,-0.919738,0.157274,0.359648,-0.087280,-0.559069,-0.011949,0.824428,-0.305521,-0.214105,-0.102318,-0.001902,-0.016035,-0.006013,-0.923910,0.130552,-0.359648,0.000000,0.000000,0.000000,-1,-0.936798,0.081924,-0.358139,-0.295846,-0.196020,-0.128006,-1483.684326,2871.386230,-680.073547,0,0
1.600000,-1.209548,-0.128900,-0.127595,0.365871,0.074294,0.927696,0.126194,0.983642,-0.128543,-0.922070,0.164099,0.350511,-0.089048,-0.562863,-0.015793,0.821587,-0.097981,-0.245890,-0.099552,-0.003869,-0.048709,-0.013549,-0.927696,0.128543,-0.350511,0.000000,0.000000,0.000000,-1,-0.886703,0.070099,-0.334641,-0.135913,-0.148103,-0.097466,-1484.035889,2870.683105,-679.738342,0,0
1.640000,-1.216617,-0.126615,-0.134643,0.359581,0.070811,0.930423,0.133162,0.983017,-0.126277,-0.923564,0.169304,0.344045,-0.090166,-0.565551,-0.019020,0.819549,-0.118494,-0.031447,-0.046940,0.041522,-0.052806,0.007009,-0.930423,0.126277,-0.344045,0.000000,0.000000,0.000000,-1,-0.894180,0.079376,-0.337051,-0.076764,0.000684,-0.042020,-1482.805298,2871.562012,-680.911499,0,0
1.680000,-1.216644,-0.125506,-0.135459,0.359474,0.069500,0.930563,0.133983,0.983046,-0.125176,-0.923486,0.169677,0.344068,-0.089945,-0.565576,-0.019670,0.819541,0.019044,0.000620,-0.012980,0.036383,-0.045800,0.007017,-0.930563,0.125176,-0.344068,0.000000,0.000000,0.000000,-1,-0.928406,0.100449,-0.360672,0.075639,0.015848,-0.002777,-1484.035889,2871.737793,-681.079041,0,0
1.720000,-1.215547,-0.124185,-0.132122,0.360091,0.069298,0.930340,0.130724,0.983651,-0.123866,-0.923713,0.166221,0.345145,-0.088453,-0.565335,-0.018730,0.819891,0.076690,0.022106,0.020578,0.001934,-0.023417,-0.015527,-0.930340,0.123866,-0.345145,0.000000,0.000000,0.000000,-1,-0.924286,0.106628,-0.363220,0.039532,0.040297,0.005934,-1481.750610,2869.100830,-679.235596,0,0
1.760000,-1.211542,-0.123443,-0.127328,0.363368,0.069691,0.929035,0.126018,0.984357,-0.123130,-0.923084,0.161816,0.348901,-0.086761,-0.563934,-0.017150,0.821070,0.086497,0.081581,0.037321,0.034230,-0.006782,-0.007849,-0.929035,0.123130,-0.348901,0.000000,0.000000,0.000000,-1,-0.891312,0.122833,-0.352493,0.063272,0.117913,0.038484,-1482.981079,2870.331543,-679.403198,0,0
1.800000,-1.207271,-0.124313,-0.124194,0.367189,0.070951,0.927436,0.122919,0.984640,-0.123993,-0.921989,0.159529,0.352828,-0.086199,-0.562277,-0.015800,0.822292,0.088973,0.158272,0.083888,0.033348,0.001022,0.001647,-0.927436,0.123993,-0.352828,0.000000,0.000000,0.000000,-1,-0.894379,0.123077,-0.363464,0.067853,0.185081,0.086136,-1483.156982,2869.803955,-681.246643,0,0
1.840000,-1.200423,-0.126526,-0.120439,0.373475,0.073291,0.924741,0.119187,0.984820,-0.126188,-0.919952,0.157346,0.359070,-0.086001,-0.559526,-0.013921,0.824222,0.085094,0.247657,0.128328,0.036984,-0.002882,-0.010925,-0.924741,0.126188,-0.359070,0.000000,0.000000,0.000000,-1,-0.875275,0.130508,-0.369110,0.052336,0.299876,0.129505,-1482.453735,2870.507324,-680.576294,0,0
1.880000,-1.181161,-0.132849,-0.113324,0.391271,0.078790,0.916897,0.112085,0.984831,-0.132459,-0.913424,0.154598,0.376504,-0.086510,-0.551601,-0.010034,0.829549,0.127254,0.411297,0.184919,0.040203,0.002582,0.004770,-0.916897,0.132459,-0.376504,0.000000,0.000000,0.000000,-1,-0.907150,0.151779,-0.407272,0.129532,0.432752,0.182739,-1483.156982,2872.616699,-681.581787,0,0
1.920000,-1.162889,-0.138327,-0.104104,0.407695,0.084665,0.909185,0.102924,0.985086,-0.137886,-0.907299,0.149792,0.392900,-0.086181,-0.544172,-0.005470,0.834518,0.157035,0.376620,0.214651,-0.018840,0.019691,-0.023955,-0.909185,0.137886,-0.392900,0.000000,0.000000,0.000000,-1,-0.976578,0.175293,-0.425949,0.116529,0.342896,0.201288,-1482.629517,2872.089355,-681.749390,0,0
1.960000,-1.153571,-0.142744,-0.098150,0.416020,0.089721,0.904919,0.096996,0.985066,-0.142259,-0.904168,0.146956,0.401104,-0.086386,-0.540357,-0.002173,0.836987,0.099953,0.186763,0.184914,-0.071659,0.033034,-0.024845,-0.904919,0.142259,-0.401104,0.000000,0.000000,0.000000,-1,-0.934128,0.193924,-0.404129,0.034647,0.085905,0.127248,-1483.156982,2872.616699,-682.922546,0,0
2.000000,-1.150018,-0.147752,-0.094086,0.419289,0.095404,0.902826,0.092924,0.984730,-0.147215,-0.903085,0.145619,0.404021,-0.087376,-0.538846,0.000740,0.837860,0.007768,0.050454,0.104118,-0.031302,0.046709,-0.000108,-0.902826,0.147215,-0.404021,0.000000,0.000000,0.000000,-1,-0.900192,0.199356,-0.407196,-0.080574,0.063091,0.063242,-1483.684326,2871.737793,-681.414246,0,0
2.040000,-1.147170,-0.153559,-0.095679,0.422509,0.099527,0.900878,0.094409,0.983713,-0.152956,-0.901428,0.149676,0.406231,-0.090228,-0.537348,0.001526,0.838519,-0.107522,0.071117,0.057104,0.003386,0.039533,-0.009906,-0.900878,0.152956,-0.406231,0.000000,0.000000,0.000000,-1,-0.898849,0.187469,-0.418320,-0.149789,0.079838,0.040279,-1483.508545,2871.562012,-679.905945,0,0
2.080000,-1.145268,-0.157553,-0.099032,0.424909,0.101396,0.899540,0.097645,0.982775,-0.156902,-0.899954,0.154505,0.407689,-0.092796,-0.536232,0.001118,0.838954,-0.175684,0.076314,0.044836,0.000690,0.030567,-0.010631,-0.899540,0.156902,-0.407689,0.000000,0.000000,0.000000,-1,-0.915939,0.186829,-0.417023,-0.228619,0.085995,0.017430,-1483.860107,2873.319824,-680.576294,0,0
2.120000,-1.143952,-0.165081,-0.110855,0.428008,0.102869,0.897902,0.109125,0.980350,-0.164332,-0.897163,0.168319,0.408372,-0.099103,-0.534783,-0.001864,0.839156,-0.255816,0.022951,-0.000144,-0.014192,0.011159,0.004167,-0.897902,0.164332,-0.408372,0.000000,0.000000,0.000000,-1,-0.910477,0.170532,-0.399155,-0.284248,0.028481,-0.018144,-1483.332764,2872.089355,-682.754944,0,0
2.160000,-1.145040,-0.168030,-0.118437,0.428114,0.102442,0.897900,0.116496,0.979009,-0.167241,-0.896185,0.176200,0.407193,-0.102361,-0.534720,-0.004189,0.838796,-0.273957,0.023853,-0.017053,-0.007221,-0.003605,0.005811,-0.897900,0.167241,-0.407193,0.000000,0.000000,0.000000,-1,-0.906067,0.159805,-0.403656,-0.297037,0.035770,-0.031921,-1484.387451,2872.089355,-683.090088,0,0
2.200000,-1.146034,-0.170471,-0.128670,0.428531,0.100415,0.897930,0.126455,0.977358,-0.169647,-0.894634,0.186247,0.406130,-0.106116,-0.534485,-0.007764,0.838454,-0.250519,0.035404,-0.026875,-0.011830,-0.013092,-0.004362,-0.897930,0.169647,-0.406130,0.000000,0.000000,0.000000,-1,-0.908768,0.157639,-0.415054,-0.273670,0.022985,-0.039511,-1484.739014,2872.089355,-682.084595,0,0
2.240000,-1.146496,-0.171914,-0.135911,0.429010,0.098681,0.897893,0.133496,0.976173,-0.171068,-0.893381,0.193255,0.405615,-0.108653,-0.534216,-0.010383,0.838272,-0.243127,0.011073,-0.023653,-0.010035,-0.010866,-0.007334,-0.897893,0.171068,-0.405615,0.000000,0.000000,0.000000,-1,-0.901550,0.155869,-0.400360,-0.250258,0.008270,-0.026854,-1483.156982,2872.968262,-682.252197,0,0
2.280000,-1.148373,-0.174216,-0.146349,0.428644,0.096625,0.898291,0.143620,0.974335,-0.173336,-0.891985,0.203312,0.403766,-0.112410,-0.534304,-0.014026,0.837667,-0.196200,0.014472,0.001523,-0.004556,-0.017422,-0.001202,-0.898291,0.173336,-0.403766,0.000000,0.000000,0.000000,-1,-0.905548,0.170334,-0.410446,-0.210785,0.020068,-0.010159,-1483.684326,2872.440918,-683.090088,0,0
2.320000,-1.148910,-0.176537,-0.153026,0.429120,0.095933,0.898139,0.150061,0.972954,-0.175621,-0.890695,0.210138,0.403118,-0.115161,-0.534021,-0.016159,0.837435,-0.180225,0.011331,0.005664,-0.006280,-0.004036,-0.005024,-0.898139,0.175621,-0.403118,0.000000,0.000000,0.000000,-1,-0.899933,0.177841,-0.401291,-0.220368,0.014834,-0.003673,-1484.211670,2872.968262,-682.922546,0,0
2.360000,-1.149844,-0.180127,-0.160137,0.429475,0.096265,0.897933,0.156874,0.971233,-0.179154,-0.889349,0.217804,0.402019,-0.118556,-0.533793,-0.018102,0.837067,-0.201493,0.012484,0.015413,0.001968,-0.005067,0.002010,-0.897933,0.179154,-0.402019,0.000000,0.000000,0.000000,-1,-0.896713,0.179138,-0.406723,-0.214975,0.031848,0.003678,-1484.739014,2872.089355,-683.090088,0,0
2.400000,-1.149442,-0.183386,-0.166351,0.430905,0.096390,0.897234,0.162808,0.969659,-0.182360,-0.887589,0.224657,0.402138,-0.121561,-0.533061,-0.019837,0.837064,-0.157751,0.036885,0.020307,-0.001447,-0.002779,-0.011024,-0.897234,0.182360,-0.402138,0.000000,0.000000,0.000000,-1,-0.895447,0.184799,-0.412918,-0.176588,0.043567,0.011859,-1483.508545,2871.913574,-683.257690,0,0
2.440000,-1.148429,-0.185948,-0.170082,0.432549,0.096814,0.896398,0.166345,0.968581,-0.184878,-0.886133,0.229080,0.402854,-0.123606,-0.532254,-0.020762,0.837255,-0.148119,0.038115,0.038337,0.000951,-0.000079,-0.010064,-0.896398,0.184878,-0.402854,0.000000,0.000000,0.000000,-1,-0.891998,0.190231,-0.401901,-0.170114,0.049118,0.039487,-1482.805298,2871.913574,-683.592896,0,0
2.480000,-1.146615,-0.192656,-0.176468,0.435817,0.099534,0.894515,0.172306,0.966256,-0.191466,-0.883388,0.237574,0.403960,-0.128062,-0.530679,-0.021721,0.837561,-0.120327,0.055274,0.061496,0.000701,0.000733,0.003570,-0.894515,0.191466,-0.403960,0.000000,0.000000,0.000000,-1,-0.900589,0.186707,-0.400558,-0.129570,0.068271,0.049754,-1481.750610,2870.155518,-681.246643,0,0
2.520000,-1.145579,-0.195180,-0.178452,0.437329,0.100642,0.893652,0.174136,0.965434,-0.193944,-0.882281,0.240434,0.404686,-0.129623,-0.529957,-0.021931,0.837772,-0.079838,0.063743,0.062212,-0.013193,-0.001805,0.000298,-0.893652,0.193944,-0.404686,0.000000,0.000000,0.000000,-1,-0.909286,0.199249,-0.406158,-0.097633,0.070342,0.045237,-1482.629517,2871.386230,-682.084595,0,0
2.560000,-1.143947,-0.198709,-0.180365,0.439524,0.102508,0.892362,0.175859,0.964420,-0.197403,-0.880847,0.243693,0.405859,-0.131573,-0.528923,-0.021879,0.838123,-0.077745,0.058373,0.054760,-0.013277,0.010314,0.001363,-0.892362,0.197403,-0.405859,0.000000,0.000000,0.000000,-1,-0.893951,0.212921,-0.410858,-0.124303,0.052353,0.046577,-1483.508545,2871.210449,-681.916992,0,0
2.600000,-1.142268,-0.205028,-0.184016,0.442403,0.106024,0.890527,0.179147,0.962526,-0.203595,-0.878741,0.249606,0.406830,-0.135136,-0.527564,-0.021804,0.838415,-0.132107,0.025716,0.072360,0.004434,0.018161,-0.008408,-0.890527,0.203595,-0.406830,0.000000,0.000000,0.000000,-1,-0.889023,0.230316,-0.413391,-0.169044,0.029240,0.066186,-1484.387451,2872.089355,-684.095642,0,0
2.640000,-1.142296,-0.210657,-0.187359,0.443662,0.109475,0.889482,0.182147,0.960780,-0.209102,-0.877488,0.254788,0.406322,-0.138348,-0.526972,-0.021673,0.838267,-0.180032,0.004754,0.095193,-0.004530,0.027790,0.001292,-0.889482,0.209102,-0.406322,0.000000,0.000000,0.000000,-1,-0.913696,0.222443,-0.359573,-0.208457,0.002998,0.091092,-1484.739014,2873.144043,-683.760498,0,0
2.680000,-1.145594,-0.217995,-0.192073,0.442528,0.114647,0.889396,0.186377,0.958379,-0.216273,-0.877173,0.261469,0.402742,-0.142660,-0.527520,-0.021419,0.837205,-0.121506,-0.006897,0.097986,-0.023858,-0.010066,0.058687,-0.889396,0.216273,-0.402742,0.000000,0.000000,0.000000,-1,-0.903091,0.184860,-0.359879,-0.081656,0.066170,0.052586,-1483.508545,2871.210449,-681.581787,0,0
2.720000,-1.142625,-0.220993,-0.193031,0.445750,0.116056,0.887602,0.187169,0.957559,-0.219199,-0.875371,0.263840,0.405110,-0.144119,-0.525999,-0.021217,0.837917,0.001156,0.111170,0.040125,-0.022966,-0.025077,-0.013698,-0.887602,0.219199,-0.405110,0.000000,0.000000,0.000000,-1,-0.911072,0.219711,-0.417862,-0.025123,0.114709,0.033855,-1482.981079,2869.979736,-683.425293,0,0
2.760000,-1.139990,-0.222444,-0.192746,0.448268,0.116750,0.886242,0.186835,0.957299,-0.220614,-0.874156,0.264475,0.407314,-0.144616,-0.524814,-0.020894,0.838582,-0.031999,0.047788,0.057664,-0.025730,0.005247,0.000072,-0.886242,0.220614,-0.407314,0.000000,0.000000,0.000000,-1,-0.898117,0.223450,-0.371872,-0.059448,0.023710,0.042985,-1483.508545,2871.562012,-681.916992,0,0
2.800000,-1.140880,-0.224622,-0.193325,0.447929,0.118621,0.886165,0.187297,0.956717,-0.222738,-0.874231,0.265747,0.406324,-0.145678,-0.524991,-0.020481,0.838298,-0.022685,-0.011858,0.022660,-0.008290,-0.001867,0.031767,-0.886165,0.222738,-0.406324,0.000000,0.000000,0.000000,-1,-0.931229,0.206696,-0.404114,-0.027722,-0.008515,-0.005080,-1483.156982,2871.562012,-681.581787,0,0
2.840000,-1.142014,-0.224516,-0.193576,0.446949,0.118718,0.886647,0.187541,0.956693,-0.222635,-0.874680,0.265789,0.405329,-0.145711,-0.525456,-0.020532,0.837999,-0.015444,-0.070255,0.007904,-0.044582,-0.015939,0.001215,-0.886647,0.222635,-0.405329,0.000000,0.000000,0.000000,-1,-0.918228,0.210434,-0.358505,-0.046082,-0.090114,-0.009958,-1482.629517,2873.144043,-683.090088,0,0
2.880000,-1.147884,-0.223955,-0.193607,0.441715,0.119773,0.889124,0.187595,0.956810,-0.222088,-0.877323,0.264895,0.400168,-0.145548,-0.527950,-0.020270,0.836465,0.034503,-0.082145,-0.015879,-0.021841,-0.015163,0.061683,-0.889124,0.222088,-0.400168,0.000000,0.000000,0.000000,-1,-0.894150,0.217072,-0.372589,-0.038567,-0.057420,-0.025053,-1482.981079,2871.386230,-682.754944,0,0
2.920000,-1.150893,-0.224130,-0.194177,0.439172,0.120472,0.890289,0.188133,0.956665,-0.222258,-0.878484,0.265102,0.397475,-0.145801,-0.529154,-0.020242,0.835660,0.046416,-0.046847,0.022247,-0.009064,-0.008254,0.019179,-0.890289,0.222258,-0.397475,0.000000,0.000000,0.000000,-1,-0.904755,0.216736,-0.375534,0.119207,-0.027420,0.015158,-1484.563232,2871.562012,-682.587341,0,0
2.960000,-1.152354,-0.222359,-0.187645,0.436795,0.122167,0.891227,0.181953,0.958258,-0.220531,-0.880967,0.258488,0.396334,-0.143355,-0.530361,-0.017892,0.835372,0.131503,-0.069204,0.012081,-0.027291,0.007679,0.017900,-0.891227,0.220531,-0.396334,0.000000,0.000000,0.000000,-1,-0.908386,0.221252,-0.363525,0.111567,-0.071049,-0.006991,-1483.860107,2874.726318,-682.922546,0,0
3.000000,-1.154547,-0.220799,-0.183720,0.434122,0.123071,0.892408,0.178253,0.959302,-0.219009,-0.883042,0.254151,0.394517,-0.141689,-0.531663,-0.016524,0.834857,0.159172,-0.067169,0.004402,-0.006091,0.000778,0.030702,-0.892408,0.219009,-0.394517,0.000000,0.000000,0.000000,-1,-0.896088,0.221115,-0.361938,0.156355,-0.044622,-0.011698,-1483.508545,2872.968262,-681.581787,0,0
3.040000,-1.156236,-0.218685,-0.178564,0.431653,0.123870,0.893494,0.173387,0.960662,-0.216946,-0.885219,0.248565,0.393195,-0.139460,-0.532873,-0.014834,0.834492,0.215684,-0.035461,-0.000416,-0.002593,0.004169,0.031256,-0.893494,0.216946,-0.393195,0.000000,0.000000,0.000000,-1,-0.890457,0.236542,-0.372879,0.198004,0.001911,-0.018588,-1484.035889,2872.440918,-682.084595,0,0
3.080000,-1.156786,-0.216637,-0.170705,0.429867,0.125588,0.894115,0.165907,0.962431,-0.214947,-0.887519,0.240738,0.392881,-0.136524,-0.533780,-0.012080,0.834443,0.240123,0.023630,-0.013524,0.003658,0.021595,0.020002,-0.894115,0.214947,-0.392881,0.000000,0.000000,0.000000,-1,-0.891815,0.246216,-0.401962,0.233222,0.031529,-0.022168,-1485.266357,2872.968262,-682.587341,0,0
3.120000,-1.153217,-0.214371,-0.159317,0.431261,0.127653,0.893151,0.155013,0.964736,-0.212732,-0.888811,0.230193,0.396266,-0.132533,-0.533200,-0.008187,0.835503,0.228343,0.001424,-0.010128,-0.000160,0.035299,-0.007360,-0.893151,0.212732,-0.396266,0.000000,0.000000,0.000000,-1,-0.891724,0.248260,-0.391571,0.201198,0.006098,-0.023955,-1484.563232,2873.319824,-680.911499,0,0
3.160000,-1.152280,-0.213568,-0.153481,0.431234,0.129248,0.892935,0.149406,0.965793,-0.211948,-0.889784,0.224809,0.397173,-0.130642,-0.533242,-0.006030,0.835793,0.196363,-0.007063,-0.011962,0.001211,0.036313,0.005601,-0.892935,0.211948,-0.397173,0.000000,0.000000,0.000000,-1,-0.862381,0.242691,-0.404175,0.143673,0.000767,-0.028815,-1484.211670,2871.913574,-682.252197,0,0
3.200000,-1.148505,-0.213865,-0.144432,0.433448,0.132588,0.891372,0.140651,0.967043,-0.212238,-0.890135,0.217367,0.400514,-0.128346,-0.532231,-0.002409,0.836810,0.137993,0.029317,0.025675,0.028380,0.023846,-0.005721,-0.891372,0.212238,-0.400514,0.000000,0.000000,0.000000,-1,-0.856201,0.219223,-0.396484,0.115154,0.038278,0.018139,-1482.629517,2873.144043,-681.414246,0,0
3.240000,-1.145836,-0.213988,-0.139988,0.435247,0.134051,0.890276,0.136348,0.967633,-0.212359,-0.889927,0.213816,0.402881,-0.127213,-0.531391,-0.000686,0.837520,0.135990,0.054929,0.045843,0.036897,-0.002672,0.008884,-0.890276,0.212359,-0.402881,0.000000,0.000000,0.000000,-1,-0.845932,0.194199,-0.417984,0.105807,0.099897,0.038222,-1482.629517,2872.089355,-681.414246,0,0
3.280000,-1.140884,-0.213592,-0.135391,0.438985,0.134662,0.888346,0.131911,0.968332,-0.211972,-0.888758,0.210235,0.407320,-0.125830,-0.529629,0.000820,0.838844,0.166181,0.176765,0.049414,0.045496,-0.031949,-0.018797,-0.888346,0.211972,-0.407320,0.000000,0.000000,0.000000,-1,-0.892334,0.127014,-0.443680,0.257549,0.271558,0.049186,-1484.035889,2870.683105,-680.743896,0,0
3.320000,-1.127827,-0.209785,-0.123949,0.448597,0.133715,0.883675,0.120922,0.970572,-0.208250,-0.885516,0.200275,0.419226,-0.121242,-0.525059,0.003797,0.842377,0.326074,0.226611,0.058631,-0.022606,-0.083784,-0.026117,-0.883675,0.208250,-0.419226,0.000000,0.000000,0.000000,-1,-0.944550,0.164154,-0.470200,0.291363,0.177385,0.059930,-1483.508545,2872.265137,-681.916992,0,0
3.360000,-1.115933,-0.206479,-0.109031,0.456771,0.135268,0.879240,0.106504,0.972947,-0.205014,-0.883186,0.187287,0.430008,-0.115992,-0.521097,0.008505,0.845536,0.221470,0.150271,0.048010,-0.094591,-0.026258,-0.022232,-0.879240,0.205014,-0.430008,0.000000,0.000000,0.000000,-1,-0.936783,0.151688,-0.412415,0.138828,0.116697,0.022988,-1482.981079,2874.198730,-681.414246,0,0
3.400000,-1.112247,-0.204030,-0.103968,0.459113,0.134767,0.878096,0.101628,0.973970,-0.202618,-0.882546,0.182263,0.433466,-0.113662,-0.519950,0.009787,0.846544,0.095518,0.083148,0.003420,-0.040330,-0.071392,0.033564,-0.878096,0.202618,-0.433466,0.000000,0.000000,0.000000,-1,-0.892456,0.079666,-0.385330,0.067467,0.179465,-0.062985,-1482.629517,2872.440918,-684.095642,0,0
3.440000,-1.105813,-0.197799,-0.101056,0.463840,0.129515,0.876401,0.098917,0.975499,-0.196512,-0.880379,0.177841,0.439664,-0.110314,-0.517686,0.009016,0.848381,0.171374,0.236966,-0.082991,-0.017383,-0.119699,0.049405,-0.876401,0.196512,-0.439664,0.000000,0.000000,0.000000,-1,-0.892761,0.103821,-0.394684,0.160307,0.271331,-0.091747,-1482.453735,2871.562012,-683.257690,0,0
3.480000,-1.095934,-0.190205,-0.096716,0.471316,0.123205,0.873316,0.094824,0.977376,-0.189061,-0.876852,0.171919,0.448970,-0.106030,-0.514074,0.008336,0.851126,0.107604,0.247850,-0.051661,-0.012823,-0.064702,0.043499,-0.873316,0.189061,-0.448970,0.000000,0.000000,0.000000,-1,-0.881897,0.130432,-0.390472,0.063449,0.241103,-0.040813,-1483.684326,2870.683105,-681.079041,0,0
3.520000,-1.090316,-0.187651,-0.095027,0.475817,0.120827,0.871206,0.093218,0.978013,-0.186552,-0.874591,0.169977,0.454091,-0.104538,-0.511885,0.008095,0.852631,0.058699,0.208313,0.025558,-0.014430,-0.047041,0.060583,-0.871206,0.186552,-0.454091,0.000000,0.000000,0.000000,-1,-0.919296,0.171783,-0.366089,-0.009030,0.140292,0.051745,-1483.684326,2872.089355,-682.419800,0,0
3.560000,-1.087239,-0.189230,-0.094138,0.478527,0.122096,0.869543,0.092321,0.977801,-0.188103,-0.873206,0.170289,0.456632,-0.104993,-0.510549,0.008723,0.853370,-0.044869,0.076342,0.071592,-0.049754,-0.016319,0.090544,-0.869543,0.188103,-0.456632,0.000000,0.000000,0.000000,-1,-0.921860,0.154358,-0.365036,-0.133854,0.072370,0.034857,-1483.684326,2873.495605,-684.095642,0,1
3.600000,-1.087611,-0.192575,-0.099173,0.479100,0.122644,0.869150,0.097180,0.976692,-0.191387,-0.872364,0.176158,0.456014,-0.107696,-0.510289,0.007461,0.853201,-0.154761,0.065046,-0.004226,-0.050924,-0.048504,0.079976,-0.869150,0.191387,-0.456014,0.000000,0.000000,0.000000,-1,-0.917206,0.123764,-0.393585,-0.187263,0.072792,-0.035042,-1482.981079,2871.737793,-683.090088,0,0
3.640000,-1.088500,-0.192322,-0.104494,0.478948,0.120034,0.869598,0.102381,0.976209,-0.191138,-0.871853,0.180576,0.455264,-0.108943,-0.510391,0.005174,0.852998,-0.162270,0.086810,-0.054335,-0.047608,-0.067374,0.061679,-0.869598,0.191138,-0.455264,0.000000,0.000000,0.000000,-1,-0.905792,0.106216,-0.388611,-0.199037,0.101890,-0.095783,-1482.805298,2873.671387,-683.592896,0,0
3.680000,-1.088248,-0.187903,-0.118062,0.480298,0.109659,0.870223,0.115715,0.975559,-0.186799,-0.869439,0.190417,0.455871,-0.110531,-0.509753,-0.001774,0.853189,-0.194226,0.136977,-0.124626,-0.026414,-0.089738,0.059005,-0.870223,0.186799,-0.455871,0.000000,0.000000,0.000000,-1,-0.896271,0.088043,-0.398483,-0.204337,0.143872,-0.137447,-1482.277954,2870.331543,-682.754944,0,0
3.720000,-1.085461,-0.186927,-0.124525,0.483309,0.105165,0.869110,0.122039,0.974972,-0.185840,-0.866902,0.195884,0.458378,-0.111758,-0.508253,-0.004940,0.853911,-0.155944,0.127366,-0.132344,-0.032928,-0.124256,0.090199,-0.869110,0.185840,-0.458378,0.000000,0.000000,0.000000,-1,-0.907806,0.055023,-0.372253,-0.169233,0.142696,-0.149433,-1483.332764,2872.440918,-684.765991,0,0
3.760000,-1.082767,-0.181541,-0.133175,0.485909,0.095797,0.868743,0.130600,0.974857,-0.180546,-0.864197,0.201186,0.461181,-0.111659,-0.506894,-0.010180,0.854685,-0.164283,0.191866,-0.142138,-0.057221,-0.124180,0.044296,-0.868743,0.180546,-0.461181,0.000000,0.000000,0.000000,-1,-0.927643,0.045609,-0.406662,-0.176665,0.159536,-0.161157,-1484.035889,2869.276611,-685.101196,0,0
3.800000,-1.080316,-0.175886,-0.142192,0.488169,0.086040,0.868498,0.139527,0.974635,-0.174980,-0.861524,0.206599,0.463782,-0.111526,-0.505639,-0.015633,0.855363,-0.184799,0.105938,-0.155535,-0.057528,-0.132408,0.057395,-0.868498,0.174980,-0.463782,0.000000,0.000000,0.000000,-1,-0.916336,0.040085,-0.442001,-0.237507,0.110811,-0.162633,-1483.684326,2871.386230,-687.112244,0,0
3.840000,-1.079243,-0.171903,-0.153200,0.489481,0.077011,0.868607,0.150353,0.973721,-0.171057,-0.858954,0.214327,0.465039,-0.112606,-0.504778,-0.021430,0.855605,-0.235590,0.167819,-0.106400,-0.042907,-0.126151,-0.030902,-0.868607,0.171057,-0.465039,0.000000,0.000000,0.000000,-1,-0.930405,0.043900,-0.475632,-0.243544,0.184376,-0.110661,-1481.750610,2872.616699,-685.939087,0,0
3.880000,-1.075764,-0.168824,-0.162291,0.492707,0.069150,0.867443,0.159282,0.972830,-0.168023,-0.855493,0.220954,0.468306,-0.113547,-0.502945,-0.026311,0.856423,-0.176265,0.059830,-0.100091,-0.058155,-0.123407,0.001570,-0.867443,0.168023,-0.468306,0.000000,0.000000,0.000000,-1,-0.908600,0.086609,-0.650940,-0.157233,0.176226,-0.074014,-1484.211670,2872.968262,-689.961243,0,0
3.920000,-1.063647,-0.165978,-0.166756,0.502921,0.061801,0.862120,0.163704,0.972576,-0.165217,-0.848688,0.224223,0.479012,-0.113284,-0.497655,-0.029642,0.859434,0.097684,0.399969,0.034975,-0.133547,-0.119547,-0.172752,-0.862120,0.165217,-0.479012,0.000000,0.000000,0.000000,-1,-1.090057,0.034409,-0.633408,0.203602,0.419506,0.011763,-1482.453735,2871.913574,-688.955688,0,0
3.960000,-1.052546,-0.162097,-0.159992,0.511369,0.059489,0.857300,0.157222,0.974287,-0.161388,-0.844857,0.217315,0.488867,-0.109789,-0.493470,-0.028334,0.862340,0.289492,0.170339,-0.053009,-0.250092,-0.124233,-0.139002,-0.857300,0.161388,-0.488867,0.000000,0.000000,0.000000,-1,-1.031174,0.120483,-0.514389,0.222280,0.011590,-0.116822,-1481.750610,2872.265137,-687.279846,0,0
4.000000,-1.054014,-0.156230,-0.157129,0.509167,0.056294,0.858825,0.154577,0.975652,-0.155595,-0.846673,0.211978,0.488067,-0.106592,-0.494575,-0.028501,0.862103,0.056029,-0.196971,-0.147831,-0.172349,-0.035112,-0.026322,-0.858825,0.155595,-0.488067,0.000000,0.000000,0.000000,-1,-0.779297,0.253174,-0.427917,-0.294491,-0.479564,-0.093928,-1479.992676,2870.507324,-688.285339,0,0
4.040000,-1.075990,-0.159440,-0.168653,0.491577,0.058033,0.868898,0.165725,0.973308,-0.158765,-0.854920,0.222044,0.468838,-0.111165,-0.503213,-0.031437,0.856406,-0.498663,-0.667750,0.015903,0.089602,0.094408,0.040921,-0.868898,0.158765,-0.468838,0.000000,0.000000,0.000000,-1,-0.620270,0.225281,-0.558517,-0.579458,-0.519976,0.111909,-1481.750610,2872.968262,-688.955688,0,0
4.080000,-1.103238,-0.177693,-0.183210,0.471912,0.073034,0.878615,0.179318,0.967782,-0.176759,-0.863217,0.240967,0.443612,-0.123003,-0.512898,-0.031296,0.849015,-0.082842,-0.347085,0.343926,0.270965,0.059279,-0.087882,-0.878615,0.176759,-0.443612,0.000000,0.000000,0.000000,-1,-0.693970,0.278534,-0.442627,0.136740,-0.157545,0.375589,-1482.102173,2872.616699,-687.279846,0,0
4.120000,-1.097845,-0.186095,-0.161834,0.476104,0.089163,0.874857,0.158347,0.969893,-0.185023,-0.865015,0.226621,0.447651,-0.120995,-0.511405,-0.020335,0.850536,0.596428,0.235494,0.474967,0.013254,0.157293,0.014042,-0.874857,0.185023,-0.447651,0.000000,0.000000,0.000000,-1,-1.021637,0.397263,-0.507126,0.514673,0.109003,0.457950,-1481.750610,2874.022949,-683.592896,0,0
4.160000,-1.090508,-0.191079,-0.140364,0.481055,0.102134,0.870721,0.137358,0.972144,-0.189918,-0.865863,0.210961,0.453626,-0.117564,-0.509280,-0.010330,0.852471,0.493221,-0.064542,0.441736,-0.150916,0.207344,-0.053500,-0.870721,0.189918,-0.453626,0.000000,0.000000,0.000000,-1,-0.972565,0.285858,-0.432205,0.416573,-0.231636,0.386480,-1480.168457,2872.440918,-680.743896,0,0
4.200000,-1.100563,-0.199342,-0.115186,0.470381,0.123286,0.873809,0.112656,0.973702,-0.198024,-0.875243,0.191586,0.444122,-0.114627,-0.514587,0.003128,0.849736,0.180716,-0.489322,0.315782,-0.056199,0.058629,0.033584,-0.873809,0.198024,-0.444122,0.000000,0.000000,0.000000,-1,-0.790863,0.235718,-0.387695,0.105554,-0.542793,0.292049,-1482.277954,2872.792480,-681.749390,0,0
