0.000000,1.058468,-1.494460,0.978191,0.994674,-0.078773,-0.066471,-0.063259,0.042594,-0.997088,0.081375,0.995982,0.037385,-0.691863,0.051322,-0.005386,0.720183,0.003807,0.006599,0.001719,0.006420,0.010145,0.002518,0.066471,0.997088,-0.037385,0.000000,0.000000,0.000000,-1,0.068405,1.010254,-0.037109,-0.017010,0.013714,-0.006311,17.755005,267.028015,-560.583008,0,0
0.040000,1.058486,-1.494216,0.977977,0.994642,-0.078995,-0.066684,-0.063452,0.042744,-0.997069,0.081614,0.995958,0.037503,-0.691808,0.051476,-0.005395,0.720224,0.004878,0.004530,0.007045,-0.001117,0.015031,-0.000797,0.066684,0.997069,-0.037503,0.000000,0.000000,0.000000,-1,0.066666,1.013123,-0.038239,-0.017008,0.012675,-0.004177,18.985535,267.203796,-560.750610,0,0
0.080000,1.056449,-1.494044,0.975794,0.994627,-0.079131,-0.066756,-0.063500,0.042978,-0.997056,0.081767,0.995937,0.037722,-0.691724,0.051549,-0.005425,0.720300,0.009129,0.003450,0.004884,-0.002547,0.012984,-0.000013,0.066756,0.997056,-0.037722,0.000000,0.000000,0.000000,-1,0.064575,1.012665,-0.039261,-0.012767,0.008417,-0.006324,18.282379,267.906982,-561.085815,0,0
0.120000,1.054211,-1.493906,0.973510,0.994621,-0.079168,-0.066791,-0.063515,0.043200,-0.997045,0.081820,0.995925,0.037940,-0.691643,0.051574,-0.005432,0.720375,0.004870,0.001288,0.004961,-0.002216,0.015619,-0.001321,0.066791,0.997045,-0.037940,0.000000,0.000000,0.000000,-1,0.065613,1.010757,-0.034698,-0.015980,0.003112,-0.007345,18.633957,266.852234,-561.756165,0,0
0.160000,1.053270,-1.493768,0.972662,0.994623,-0.079069,-0.066875,-0.063592,0.043332,-0.997035,0.081732,0.995927,0.038071,-0.691596,0.051570,-0.005371,0.720421,0.006985,-0.002949,0.004959,-0.001262,0.013723,0.003372,0.066875,0.997035,-0.038071,0.000000,0.000000,0.000000,-1,0.068741,1.012405,-0.038116,-0.017033,0.006300,-0.006283,18.985535,268.961731,-560.750610,0,0
0.200000,1.053521,-1.493449,0.972923,0.994606,-0.079048,-0.067161,-0.063867,0.043494,-0.997010,0.081733,0.995921,0.038211,-0.691538,0.051666,-0.005268,0.720471,0.006990,0.000218,0.003882,0.003884,0.013839,0.002048,0.067161,0.997010,-0.038211,0.000000,0.000000,0.000000,-1,0.069473,1.011292,-0.040207,-0.018094,0.008409,-0.007348,17.579208,267.555389,-561.756165,0,0
0.240000,1.052193,-1.493250,0.971575,0.994597,-0.079059,-0.067282,-0.063972,0.043692,-0.996995,0.081761,0.995912,0.038399,-0.691467,0.051713,-0.005235,0.720536,0.005926,0.000219,0.003890,0.000909,0.014312,-0.000694,0.067282,0.996995,-0.038399,0.000000,0.000000,0.000000,-1,0.068878,1.012909,-0.039307,-0.017029,0.008408,-0.007357,18.633957,267.906982,-560.750610,0,0
0.280000,1.051197,-1.493053,0.970502,0.994582,-0.079126,-0.067414,-0.064086,0.043872,-0.996980,0.081845,0.995899,0.038563,-0.691402,0.051784,-0.005218,0.720593,0.007002,0.002279,0.002847,0.001433,0.014068,0.000462,0.067414,0.996980,-0.038563,0.000000,0.000000,0.000000,-1,0.070282,1.011703,-0.038330,-0.015964,0.009457,-0.008434,18.633957,266.500610,-561.420959,0,0
0.320000,1.049575,-1.492633,0.968772,0.994555,-0.079216,-0.067715,-0.064356,0.044220,-0.996947,0.081968,0.995876,0.038881,-0.691277,0.051923,-0.005155,0.720704,0.008063,0.001220,0.002844,0.003543,0.014848,-0.001524,0.067715,0.996947,-0.038881,0.000000,0.000000,0.000000,-1,0.070251,1.008026,-0.044556,-0.017036,0.005241,-0.006279,18.985535,268.258545,-561.420959,0,0
0.360000,1.047485,-1.492240,0.966725,0.994542,-0.079155,-0.067973,-0.064587,0.044574,-0.996916,0.081941,0.995865,0.039218,-0.691149,0.051994,-0.005052,0.720821,0.008056,-0.002997,0.004992,0.002279,0.011110,-0.005338,0.067973,0.996916,-0.039218,0.000000,0.000000,0.000000,-1,0.071014,1.009552,-0.039642,-0.013847,0.004171,-0.007366,19.688705,268.961731,-559.745117,0,0
0.400000,1.045629,-1.491514,0.964999,0.994517,-0.078996,-0.068526,-0.065106,0.045097,-0.996859,0.081838,0.995854,0.039707,-0.690962,0.052138,-0.004816,0.720993,0.005933,0.000171,0.003933,0.004502,0.015501,-0.002209,0.068526,0.996859,-0.039707,0.000000,0.000000,0.000000,-1,0.071182,1.012177,-0.040543,-0.015973,0.006280,-0.008422,18.809753,267.731171,-559.912659,0,0
0.440000,1.044947,-1.491151,0.964303,0.994497,-0.078994,-0.068812,-0.065372,0.045349,-0.996830,0.081864,0.995843,0.039935,-0.690871,0.052240,-0.004723,0.721072,0.007015,0.002254,0.005022,0.005315,0.015270,-0.001477,0.068812,0.996830,-0.039935,0.000000,0.000000,0.000000,-1,0.071579,1.012573,-0.043686,-0.019155,0.010517,-0.008413,18.633957,266.852234,-561.420959,0,0
0.480000,1.043590,-1.490824,0.962871,0.994477,-0.079054,-0.069040,-0.065574,0.045629,-0.996804,0.081952,0.995826,0.040193,-0.690770,0.052343,-0.004673,0.721162,0.004881,0.002234,0.002909,0.002539,0.015769,-0.003493,0.069040,0.996804,-0.040193,0.000000,0.000000,0.000000,-1,0.070068,1.009995,-0.042816,-0.015968,0.006300,-0.006292,20.040298,268.258545,-561.756165,0,0
0.520000,1.037839,-1.490059,0.957165,0.994454,-0.078970,-0.069464,-0.065936,0.046441,-0.996743,0.081939,0.995795,0.040977,-0.690477,0.052466,-0.004517,0.721435,0.009147,0.000154,0.007146,0.002206,0.012825,-0.007348,0.069464,0.996742,-0.040977,0.000000,0.000000,0.000000,-1,0.076752,1.012299,-0.045120,-0.011704,0.006318,-0.004194,19.512924,266.324829,-561.588562,0,0
0.560000,1.034943,-1.489426,0.954345,0.994432,-0.078866,-0.069888,-0.066320,0.046992,-0.996691,0.081889,0.995777,0.041500,-0.690279,0.052582,-0.004346,0.721617,0.013391,-0.004093,0.006065,0.005643,0.014600,-0.000431,0.069888,0.996691,-0.041500,0.000000,0.000000,0.000000,-1,0.077255,1.011917,-0.042694,-0.012776,0.007338,-0.008451,17.930786,267.555389,-561.420959,0,0
0.600000,1.034095,-1.488884,0.953523,0.994406,-0.078817,-0.070317,-0.066722,0.047359,-0.996647,0.081883,0.995764,0.041835,-0.690147,0.052720,-0.004190,0.721734,0.004887,0.002167,0.000823,0.007533,0.016750,-0.003620,0.070317,0.996647,-0.041835,0.000000,0.000000,0.000000,-1,0.079391,1.010574,-0.035690,-0.025535,0.014736,-0.010510,18.458160,267.028015,-560.247864,0,0
0.640000,1.040706,-1.488361,0.959824,0.994331,-0.079113,-0.071041,-0.067445,0.047237,-0.996604,0.082200,0.995746,0.041633,-0.690192,0.053086,-0.004042,0.721665,0.003844,0.003306,0.009353,0.001179,0.012734,-0.000680,0.071041,0.996604,-0.041633,0.000000,0.000000,0.000000,-1,0.066574,1.009857,-0.042984,-0.017010,0.008477,0.000100,17.755005,268.082764,-561.253418,0,0
0.680000,1.039829,-1.488173,0.958957,0.994324,-0.079094,-0.071167,-0.067558,0.047403,-0.996589,0.082198,0.995739,0.041790,-0.690132,0.053125,-0.003996,0.721720,0.008094,-0.003011,0.013603,-0.006240,0.013558,0.002209,0.071167,0.996589,-0.041790,0.000000,0.000000,0.000000,-1,0.062653,1.011749,-0.040649,-0.011707,-0.001027,0.003291,18.282379,268.961731,-559.745117,0,0
0.720000,1.035459,-1.487962,0.955008,0.994358,-0.078661,-0.071164,-0.067542,0.047791,-0.996571,0.081792,0.995755,0.042208,-0.689993,0.052973,-0.003851,0.721865,0.011255,-0.013603,0.013614,-0.005048,0.018901,-0.000517,0.071164,0.996571,-0.042208,0.000000,0.000000,0.000000,-1,0.073517,1.017670,-0.041260,-0.018125,-0.002183,-0.007309,18.458160,267.379578,-561.253418,0,0
0.760000,1.035192,-1.488001,0.955150,0.994393,-0.078255,-0.071120,-0.067517,0.047759,-0.996574,0.081384,0.995789,0.042207,-0.690005,0.052816,-0.003719,0.721866,-0.001546,-0.004324,-0.008661,0.003389,0.021400,0.002657,0.071120,0.996574,-0.042207,0.000000,0.000000,0.000000,-1,0.078613,1.010620,-0.045029,-0.026667,0.004017,-0.024311,19.512924,268.434326,-561.588562,0,0
0.800000,1.034406,-1.487969,0.954402,0.994397,-0.078216,-0.071113,-0.067507,0.047827,-0.996572,0.081349,0.995789,0.042279,-0.689980,0.052800,-0.003709,0.721890,-0.007922,0.002003,-0.011829,0.009133,0.011927,-0.010913,0.071113,0.996572,-0.042279,0.000000,0.000000,0.000000,-1,0.080673,1.006989,-0.044388,-0.031966,0.010392,-0.022163,17.755005,268.434326,-560.583008,0,0
0.840000,1.038562,-1.487923,0.958277,0.994359,-0.078498,-0.071328,-0.067729,0.047592,-0.996568,0.081623,0.995778,0.042007,-0.690065,0.052976,-0.003730,0.721796,-0.003622,0.010534,-0.005498,0.007438,0.009368,-0.001786,0.071328,0.996568,-0.042007,0.000000,0.000000,0.000000,-1,0.081223,1.011017,-0.043442,-0.022317,0.026346,-0.014840,18.809753,267.379578,-561.588562,0,0
0.880000,1.041022,-1.487514,0.959784,0.994252,-0.079433,-0.071783,-0.068135,0.047724,-0.996534,0.082584,0.995697,0.042037,-0.690016,0.053466,-0.003913,0.721806,0.006007,0.023271,-0.002421,0.004419,0.016756,0.002715,0.071783,0.996534,-0.042037,0.000000,0.000000,0.000000,-1,0.074814,1.012039,-0.044144,-0.015906,0.033758,-0.014918,19.688705,267.906982,-561.085815,0,0
0.920000,1.038589,-1.487299,0.956558,0.994184,-0.080209,-0.071865,-0.068156,0.048067,-0.996516,0.083384,0.995618,0.042320,-0.689891,0.053764,-0.004174,0.721902,0.003887,0.027453,-0.003449,0.004276,0.014135,-0.009697,0.071865,0.996516,-0.042320,0.000000,0.000000,0.000000,-1,0.073395,1.011597,-0.042450,-0.021233,0.031651,-0.013803,18.985535,268.258545,-561.756165,0,0
0.960000,1.038168,-1.487276,0.955405,0.994125,-0.080935,-0.071867,-0.068119,0.048159,-0.996514,0.084114,0.995555,0.042362,-0.689856,0.054017,-0.004438,0.721915,-0.001449,0.023218,-0.003392,0.001527,0.015083,-0.000087,0.071867,0.996514,-0.042362,0.000000,0.000000,0.000000,-1,0.072571,1.011749,-0.044678,-0.026573,0.026357,-0.013742,18.282379,268.961731,-560.080261,0,0
1.000000,1.041016,-1.487690,0.957211,0.994055,-0.081992,-0.071631,-0.067869,0.047798,-0.996549,0.085133,0.995486,0.041949,-0.689983,0.054299,-0.004892,0.721769,-0.005743,0.013667,-0.005454,-0.003653,0.016498,0.003497,0.071631,0.996549,-0.041949,0.000000,0.000000,0.000000,-1,0.068375,1.011795,-0.041489,-0.030860,0.018924,-0.015811,18.633957,267.555389,-562.091309,0,0
1.040000,1.041049,-1.488062,0.956966,0.994054,-0.082284,-0.071313,-0.067554,0.047601,-0.996580,0.085397,0.995472,0.041759,-0.690053,0.054285,-0.005103,0.721702,-0.006827,0.007313,-0.005423,-0.002617,0.015124,-0.001973,0.071313,0.996580,-0.041759,0.000000,0.000000,0.000000,-1,0.071365,1.010971,-0.041595,-0.028755,0.011500,-0.016865,18.282379,268.258545,-561.085815,0,0
1.080000,1.041934,-1.488311,0.957720,0.994055,-0.082425,-0.071135,-0.067387,0.047407,-0.996600,0.085517,0.995469,0.041571,-0.690123,0.054270,-0.005210,0.721636,-0.005789,0.001973,-0.005383,0.001619,0.014646,-0.001322,0.071135,0.996600,-0.041571,0.000000,0.000000,0.000000,-1,0.072632,1.013138,-0.043030,-0.031953,0.009392,-0.015767,19.688705,269.313293,-561.085815,0,0
1.120000,1.044603,-1.488906,0.960243,0.994070,-0.082599,-0.070734,-0.067020,0.046897,-0.996649,0.085639,0.995479,0.041083,-0.690306,0.054186,-0.005398,0.721465,-0.015383,0.004024,-0.012774,0.002188,0.015497,-0.001718,0.070734,0.996649,-0.041083,0.000000,0.000000,0.000000,-1,0.072922,1.008224,-0.046539,-0.038359,0.011424,-0.025313,16.876038,267.203796,-560.080261,0,0
1.160000,1.043909,-1.489330,0.959532,0.994095,-0.082631,-0.070340,-0.066641,0.046702,-0.996683,0.085642,0.995485,0.040920,-0.690375,0.054055,-0.005541,0.721408,-0.010075,-0.003371,-0.010657,-0.001996,0.013082,-0.003590,0.070340,0.996683,-0.040920,0.000000,0.000000,0.000000,-1,0.063507,1.008942,-0.044006,-0.027736,-0.004377,-0.015748,17.227615,266.500610,-560.750610,0,0
1.200000,1.039336,-1.489916,0.955414,0.994179,-0.082197,-0.069648,-0.065971,0.046639,-0.996731,0.085177,0.995524,0.040945,-0.690398,0.053653,-0.005623,0.721416,-0.004762,-0.012846,-0.004274,-0.006721,0.009800,-0.006205,0.069648,0.996731,-0.040945,0.000000,0.000000,0.000000,-1,0.075027,1.009705,-0.043076,-0.027731,-0.006456,-0.011479,17.403412,268.785950,-560.583008,0,0
1.240000,1.039068,-1.489655,0.955905,0.994227,-0.081431,-0.069862,-0.066207,0.046757,-0.996710,0.084430,0.995582,0.041096,-0.690358,0.053464,-0.005276,0.721471,0.002681,-0.018087,0.006362,0.005150,0.012873,0.002231,0.069862,0.996710,-0.041096,0.000000,0.000000,0.000000,-1,0.074158,1.011505,-0.039581,-0.019210,-0.010636,-0.005138,19.688705,267.906982,-561.085815,0,0
1.280000,1.040004,-1.489396,0.957354,0.994251,-0.080913,-0.070122,-0.066485,0.046809,-0.996689,0.083927,0.995622,0.041160,-0.690341,0.053378,-0.004999,0.721495,0.002683,-0.018077,0.007428,0.001869,0.016251,0.000206,0.070122,0.996689,-0.041160,0.000000,0.000000,0.000000,-1,0.069702,1.006180,-0.039825,-0.021322,-0.007428,-0.001937,18.282379,267.906982,-559.745117,0,0
1.320000,1.041409,-1.489231,0.959223,0.994275,-0.080446,-0.070323,-0.066708,0.046780,-0.996675,0.083468,0.995661,0.041145,-0.690353,0.053289,-0.004760,0.721492,0.002705,-0.014821,0.015921,0.001963,0.011273,-0.000688,0.070486,0.996662,-0.041198,0.000000,0.000000,0.000000,-1,0.078293,1.008835,-0.034988,-0.018099,-0.003133,0.004413,19.864502,267.731171,-559.912659,0,0
1.360000,1.045979,-1.488521,0.964275,0.994259,-0.079944,-0.071122,-0.067524,0.046845,-0.996617,0.083006,0.995698,0.041178,-0.690332,0.053405,-0.004303,0.721506,0.006994,-0.006359,0.014809,0.007171,0.012218,0.006190,0.071122,0.996617,-0.041178,0.000000,0.000000,0.000000,-1,0.072906,1.014145,-0.038818,-0.013823,0.004260,0.002222,17.579208,268.610138,-560.750610,0,0
1.400000,1.050554,-1.488067,0.968849,0.994218,-0.079934,-0.071702,-0.068111,0.046792,-0.996580,0.083016,0.995701,0.041077,-0.690353,0.053612,-0.004097,0.721472,0.005923,0.007317,0.008383,-0.002488,0.017855,0.013291,0.071702,0.996580,-0.041077,0.000000,0.000000,0.000000,-1,0.070663,1.015198,-0.037155,-0.021253,0.020060,-0.007368,18.458160,265.973267,-561.253418,0,0
1.440000,1.052979,-1.488152,0.970801,0.994178,-0.080410,-0.071728,-0.068132,0.046611,-0.996587,0.083479,0.995671,0.040861,-0.690418,0.053787,-0.004255,0.721396,0.002723,0.011495,0.001999,-0.001156,0.016353,0.002729,0.071728,0.996587,-0.040861,0.000000,0.000000,0.000000,-1,0.067337,1.011200,-0.035019,-0.022332,0.016863,-0.009478,18.282379,266.852234,-560.415466,0,0
1.480000,1.053030,-1.488492,0.970536,0.994172,-0.080739,-0.071436,-0.067840,0.046438,-0.996615,0.083783,0.995653,0.040690,-0.690479,0.053796,-0.004471,0.721335,0.000556,-0.001204,0.003126,-0.005167,0.015440,0.000055,0.071436,0.996615,-0.040690,0.000000,0.000000,0.000000,-1,0.066299,1.010193,-0.034683,-0.021303,0.004163,-0.008373,18.282379,266.149048,-559.745117,0,0
1.520000,1.053503,-1.488736,0.971201,0.994201,-0.080558,-0.071243,-0.067670,0.046255,-0.996635,0.083583,0.995676,0.040536,-0.690545,0.053663,-0.004467,0.721282,0.002658,-0.009678,0.003140,-0.004700,0.015511,0.003976,0.071243,0.996635,-0.040536,0.000000,0.000000,0.000000,-1,0.071548,1.013641,-0.035690,-0.019200,-0.005360,-0.007288,18.458160,267.028015,-561.253418,0,0
1.560000,1.056049,-1.488938,0.974224,0.994243,-0.080096,-0.071171,-0.067643,0.045937,-0.996652,0.083097,0.995728,0.040255,-0.690661,0.053477,-0.004317,0.721186,0.002616,-0.011825,0.003153,-0.000935,0.015693,0.007006,0.071171,0.996651,-0.040255,0.000000,0.000000,0.000000,-1,0.074005,1.010376,-0.035538,-0.020267,-0.004320,-0.009415,19.161331,269.489075,-562.258911,0,0
1.600000,1.058658,-1.488950,0.977271,0.994271,-0.079665,-0.071266,-0.067773,0.045724,-0.996652,0.082657,0.995772,0.040063,-0.690739,0.053362,-0.004123,0.721120,0.003686,-0.007608,0.000998,0.002938,0.015692,0.004220,0.071266,0.996652,-0.040063,0.000000,0.000000,0.000000,-1,0.079056,1.011429,-0.038208,-0.019200,-0.001173,-0.012631,18.282379,267.906982,-560.750610,0,0
1.640000,1.062112,-1.488620,0.980850,0.994251,-0.079533,-0.071690,-0.068209,0.045664,-0.996625,0.082538,0.995786,0.039977,-0.690762,0.053471,-0.003926,0.721092,0.002643,0.001905,-0.001157,0.010356,0.015704,0.002211,0.071690,0.996625,-0.039977,0.000000,0.000000,0.000000,-1,0.080505,1.011826,-0.037827,-0.020217,0.014715,-0.012682,19.337128,267.203796,-560.750610,0,0
1.680000,1.064747,-1.488326,0.983170,0.994200,-0.079839,-0.072052,-0.068559,0.045669,-0.996601,0.082858,0.995761,0.039930,-0.690761,0.053708,-0.003911,0.721075,0.003739,0.013545,-0.002272,0.008453,0.015224,0.002104,0.072052,0.996601,-0.039930,0.000000,0.000000,0.000000,-1,0.075943,1.008591,-0.041214,-0.018050,0.026375,-0.011677,18.282379,267.555389,-561.420959,0,0
1.720000,1.064917,-1.487990,0.982573,0.994118,-0.080588,-0.072352,-0.068810,0.045895,-0.996574,0.083632,0.995690,0.040080,-0.690678,0.054077,-0.004083,0.721126,0.008001,0.020962,0.003001,0.003591,0.012017,-0.001134,0.072352,0.996574,-0.040080,0.000000,0.000000,0.000000,-1,0.071167,1.009933,-0.042664,-0.013777,0.028521,-0.008523,19.337128,268.961731,-562.091309,0,0
1.760000,1.059988,-1.487741,0.976662,0.994039,-0.081546,-0.072370,-0.068743,0.046440,-0.996553,0.084626,0.995587,0.040557,-0.690478,0.054415,-0.004438,0.721290,0.010115,0.015666,0.003003,-0.001813,0.012480,-0.001740,0.072370,0.996553,-0.040557,0.000000,0.000000,0.000000,-1,0.071228,1.011749,-0.040817,-0.009547,0.016890,-0.006381,19.337128,268.610138,-561.420959,0,0
1.800000,1.056460,-1.487624,0.972804,0.994016,-0.081864,-0.072328,-0.068660,0.046771,-0.996543,0.084964,0.995545,0.040870,-0.690358,0.054509,-0.004576,0.721397,0.012222,0.007202,0.004082,-0.003755,0.017403,0.000503,0.072283,0.996542,-0.040969,0.000000,0.000000,0.000000,-1,0.075577,1.012970,-0.044785,-0.017020,0.014724,-0.011642,19.161331,267.731171,-560.247864,0,0
1.840000,1.052879,-1.487388,0.968955,0.993991,-0.082115,-0.072385,-0.068673,0.047168,-0.996524,0.085244,0.995506,0.041245,-0.690213,0.054617,-0.004658,0.721527,0.002625,0.005057,0.000969,0.005450,0.014722,-0.002929,0.072385,0.996524,-0.041245,0.000000,0.000000,0.000000,-1,0.073898,1.008026,-0.040665,-0.018099,0.008389,-0.009479,18.809753,267.731171,-561.588562,0,0
1.880000,1.051479,-1.487032,0.967559,0.993974,-0.082095,-0.072636,-0.068900,0.047465,-0.996494,0.085255,0.995494,0.041523,-0.690106,0.054700,-0.004571,0.721624,0.006842,-0.005520,0.007375,-0.004597,0.014538,-0.001446,0.072636,0.996494,-0.041523,0.000000,0.000000,0.000000,-1,0.068222,1.015594,-0.042938,-0.017046,-0.000035,-0.004129,17.930786,269.664886,-561.420959,0,0
1.920000,1.048877,-1.486896,0.965178,0.993992,-0.081865,-0.072645,-0.068898,0.047706,-0.996482,0.085043,0.995501,0.041779,-0.690019,0.054623,-0.004492,0.721713,0.006826,-0.009766,0.006324,-0.004423,0.019112,-0.001159,0.072645,0.996482,-0.041779,0.000000,0.000000,0.000000,-1,0.073517,1.013809,-0.046417,-0.018132,-0.004301,-0.007301,18.809753,267.731171,-560.583008,0,0
1.960000,1.043127,-1.486448,0.960281,0.994054,-0.080990,-0.072789,-0.069029,0.048298,-0.996445,0.084218,0.995544,0.042421,-0.689807,0.054370,-0.004142,0.721937,0.004667,-0.018259,0.004242,0.002986,0.013901,-0.002822,0.072789,0.996445,-0.042421,0.000000,0.000000,0.000000,-1,0.076233,1.010391,-0.043350,-0.014958,-0.012755,-0.005163,19.337128,268.610138,-561.085815,0,0
2.000000,1.042177,-1.486036,0.959941,0.994081,-0.080365,-0.073104,-0.069349,0.048558,-0.996410,0.083627,0.995582,0.042697,-0.689715,0.054267,-0.003814,0.722035,0.007869,-0.019279,0.008483,0.003801,0.012104,-0.000012,0.073104,0.996410,-0.042697,0.000000,0.000000,0.000000,-1,0.077164,1.012100,-0.043350,-0.014937,-0.007440,-0.003052,18.985535,268.258545,-560.750610,0,0
2.040000,1.041459,-1.485592,0.959705,0.994096,-0.079866,-0.073454,-0.069699,0.048828,-0.996372,0.083163,0.995609,0.042973,-0.689619,0.054220,-0.003520,0.722132,0.006823,-0.012924,0.008468,0.003710,0.015728,-0.000378,0.073454,0.996372,-0.042973,0.000000,0.000000,0.000000,-1,0.080002,1.010101,-0.043121,-0.017037,0.003142,-0.004141,19.512924,267.731171,-560.583008,0,0
2.080000,1.042678,-1.484982,0.961085,0.994067,-0.079682,-0.074032,-0.070265,0.049080,-0.996320,0.083022,0.995611,0.043189,-0.689529,0.054366,-0.003260,0.722208,0.005770,0.001842,0.006295,0.005970,0.013781,0.000068,0.074032,0.996320,-0.043189,0.000000,0.000000,0.000000,-1,0.079025,1.009872,-0.045959,-0.015948,0.014753,-0.008454,18.809753,267.731171,-561.923706,0,0
2.120000,1.041931,-1.484358,0.959874,0.993995,-0.080115,-0.074536,-0.070715,0.049521,-0.996266,0.083507,0.995555,0.043559,-0.689368,0.054699,-0.003253,0.722336,0.007927,0.015561,0.000902,0.003756,0.013530,-0.001104,0.074536,0.996266,-0.043559,0.000000,0.000000,0.000000,-1,0.078568,1.012131,-0.046829,-0.014846,0.029551,-0.011714,19.864502,266.324829,-561.588562,0,0
2.160000,1.041215,-1.484000,0.958535,0.993925,-0.080718,-0.074813,-0.070941,0.049821,-0.996236,0.084142,0.995491,0.043792,-0.689259,0.055008,-0.003384,0.722416,0.007944,0.021906,-0.000186,0.002869,0.015590,-0.001099,0.074813,0.996236,-0.043792,0.000000,0.000000,0.000000,-1,0.075104,1.011887,-0.044418,-0.015904,0.032719,-0.012783,17.403412,267.731171,-560.918213,0,0
2.200000,1.038436,-1.483926,0.954788,0.993852,-0.081674,-0.074755,-0.070814,0.050129,-0.996229,0.085113,0.995398,0.044037,-0.689145,0.055318,-0.003758,0.722499,0.007920,0.022913,-0.002321,0.000715,0.016283,-0.001846,0.074755,0.996229,-0.044037,0.000000,0.000000,0.000000,-1,0.073792,1.009811,-0.044952,-0.015933,0.023187,-0.012747,18.106583,267.379578,-562.258911,0,0
2.240000,1.033012,-1.483963,0.948682,0.993817,-0.082345,-0.074483,-0.070476,0.050539,-0.996232,0.085799,0.995322,0.044423,-0.688995,0.055451,-0.004106,0.722630,0.007880,0.006006,0.002002,-0.004033,0.013304,-0.003184,0.074483,0.996232,-0.044423,0.000000,0.000000,0.000000,-1,0.074219,1.009247,-0.046906,-0.012783,0.004171,-0.007374,18.809753,268.082764,-561.923706,0,0
2.280000,1.030527,-1.483813,0.946219,0.993818,-0.082312,-0.074500,-0.070473,0.050880,-0.996215,0.085734,0.995312,0.044769,-0.688871,0.055427,-0.004074,0.722750,0.008917,-0.005615,0.005233,-0.001494,0.015153,-0.000412,0.074507,0.996215,-0.044769,0.000000,0.000000,0.000000,-1,0.076157,1.011948,-0.047501,-0.017055,-0.002163,-0.005186,19.337128,267.555389,-562.426514,0,0
2.320000,1.027950,-1.483223,0.944209,0.993838,-0.081719,-0.074888,-0.070846,0.051286,-0.996168,0.085246,0.995335,0.045180,-0.688726,0.055380,-0.003760,0.722894,0.004639,-0.013018,0.006359,0.004580,0.014116,-0.001344,0.074888,0.996168,-0.045180,0.000000,0.000000,0.000000,-1,0.078888,1.007278,-0.045868,-0.017066,-0.006390,-0.004105,19.864502,267.731171,-561.253418,0,0
2.360000,1.027576,-1.482791,0.944247,0.993847,-0.081290,-0.075239,-0.071197,0.051535,-0.996130,0.084853,0.995357,0.045431,-0.688636,0.055358,-0.003490,0.722982,0.009949,-0.013005,0.010577,0.002931,0.013636,0.000127,0.075239,0.996130,-0.045431,0.000000,0.000000,0.000000,-1,0.080856,1.007111,-0.048157,-0.010653,-0.001066,-0.000979,18.106583,267.028015,-561.923706,0,0
2.400000,1.026226,-1.482201,0.943156,0.993836,-0.081004,-0.075681,-0.071617,0.051959,-0.996078,0.084619,0.995359,0.045837,-0.688484,0.055419,-0.003245,0.723124,0.014228,-0.005602,0.009452,0.005175,0.011033,-0.002320,0.075681,0.996078,-0.045837,0.000000,0.000000,0.000000,-1,0.078751,1.015244,-0.042999,-0.007450,0.001061,0.000054,19.337128,269.313293,-560.750610,0,0
2.440000,1.025840,-1.481023,0.942852,0.993772,-0.080870,-0.076666,-0.072550,0.052669,-0.995973,0.084582,0.995332,0.046474,-0.688227,0.055730,-0.002875,0.723346,0.009997,0.006030,0.007312,0.003641,0.018919,-0.001194,0.076666,0.995973,-0.046474,0.000000,0.000000,0.000000,-1,0.084793,1.009613,-0.047318,-0.013807,0.015841,-0.005279,17.051834,268.082764,-561.253418,0,0
2.480000,1.026354,-1.480416,0.943092,0.993710,-0.081115,-0.077208,-0.073052,0.053007,-0.995919,0.084877,0.995294,0.046748,-0.688105,0.056012,-0.002786,0.723441,0.011078,0.010276,0.008355,0.006929,0.010750,0.001429,0.077208,0.995918,-0.046748,0.000000,0.000000,0.000000,-1,0.081253,1.005051,-0.049240,-0.007402,0.016948,-0.000006,19.337128,267.555389,-561.420959,0,0
2.520000,1.025336,-1.479704,0.941769,0.993644,-0.081384,-0.077766,-0.073555,0.053521,-0.995854,0.085208,0.995245,0.047195,-0.687919,0.056307,-0.002705,0.723595,0.014278,0.007157,0.014735,0.003487,0.009197,-0.002046,0.077766,0.995854,-0.047194,0.000000,0.000000,0.000000,-1,0.086685,1.011383,-0.048431,-0.012714,0.018038,0.003227,18.633957,267.555389,-561.420959,0,0
2.560000,1.025011,-1.478570,0.941033,0.993540,-0.081740,-0.078716,-0.074428,0.054240,-0.995750,0.085662,0.995177,0.047806,-0.687658,0.056775,-0.002525,0.723807,0.013198,0.009269,0.017925,0.005955,0.014473,-0.001053,0.078716,0.995750,-0.047806,0.000000,0.000000,0.000000,-1,0.083221,1.008499,-0.050644,-0.009534,0.012751,0.004287,20.391876,267.906982,-562.091309,0,0
2.600000,1.023940,-1.477353,0.939616,0.993438,-0.082025,-0.079700,-0.075330,0.055061,-0.995637,0.086056,0.995108,0.048520,-0.687360,0.057232,-0.002312,0.724054,0.008927,0.009221,0.012633,0.003979,0.015776,-0.001025,0.079700,0.995637,-0.048520,0.000000,0.000000,0.000000,-1,0.081833,1.013702,-0.046799,-0.010587,0.019077,0.001076,19.512924,266.676422,-559.912659,0,0
2.640000,1.023664,-1.476712,0.938727,0.993348,-0.082603,-0.080232,-0.075796,0.055505,-0.995577,0.086691,0.995036,0.048874,-0.687199,0.057625,-0.002350,0.724177,0.011068,0.018694,0.006190,0.005126,0.016218,-0.001724,0.080232,0.995577,-0.048874,0.000000,0.000000,0.000000,-1,0.088043,1.009369,-0.048401,-0.016972,0.026424,-0.006359,19.161331,269.489075,-560.583008,0,0
2.680000,1.027077,-1.476027,0.941214,0.993212,-0.083497,-0.080982,-0.076485,0.055717,-0.995513,0.087634,0.994949,0.048953,-0.687121,0.058207,-0.002420,0.724203,0.003588,0.018689,0.008369,0.003155,0.013765,0.001315,0.080982,0.995513,-0.048953,0.000000,0.000000,0.000000,-1,0.082520,1.012177,-0.050110,-0.020155,0.026464,-0.002074,18.985535,267.555389,-562.426514,0,0
2.720000,1.028912,-1.475777,0.942487,0.993141,-0.084046,-0.081285,-0.076757,0.055767,-0.995489,0.088199,0.994900,0.048933,-0.687103,0.058508,-0.002516,0.724196,0.001458,0.017640,0.009455,-0.000291,0.013834,0.000059,0.081285,0.995489,-0.048933,0.000000,0.000000,0.000000,-1,0.080902,1.011307,-0.055771,-0.020144,0.032789,-0.005293,18.985535,267.555389,-561.756165,0,0
2.760000,1.026847,-1.475319,0.939484,0.993040,-0.084952,-0.081573,-0.076957,0.056265,-0.995446,0.089155,0.994795,0.049336,-0.686920,0.058926,-0.002759,0.724334,0.009989,0.025012,0.005099,-0.000762,0.012291,-0.005885,0.081573,0.995446,-0.049336,0.000000,0.000000,0.000000,-1,0.082581,1.010315,-0.056000,-0.010567,0.031718,-0.006429,18.809753,268.082764,-561.253418,0,0
2.800000,1.020829,-1.474781,0.932214,0.992923,-0.086158,-0.081731,-0.076976,0.057143,-0.995394,0.090432,0.994641,0.050106,-0.686599,0.059399,-0.003168,0.724599,-0.000664,0.030222,-0.004426,-0.001302,0.018507,-0.007267,0.081731,0.995394,-0.050106,0.000000,0.000000,0.000000,-1,0.078979,1.015442,-0.060654,-0.023338,0.043263,-0.018092,19.864502,268.434326,-558.907166,0,0
2.840000,1.016795,-1.474943,0.926947,0.992844,-0.087383,-0.081391,-0.076545,0.057451,-0.995410,0.091658,0.994517,0.050351,-0.686484,0.059699,-0.003739,0.724680,-0.001711,0.052379,-0.010909,-0.000306,0.020612,-0.006610,0.081391,0.995410,-0.050351,0.000000,0.000000,0.000000,-1,0.080811,1.011185,-0.053909,-0.013691,0.070729,-0.025727,19.688705,267.203796,-561.756165,0,0
2.880000,1.012965,-1.475098,0.921236,0.992705,-0.089252,-0.081067,-0.076093,0.057793,-0.995424,0.093529,0.994331,0.050580,-0.686355,0.060226,-0.004539,0.724755,0.008975,0.068224,-0.015312,-0.000256,0.015760,-0.003329,0.081067,0.995424,-0.050580,0.000000,0.000000,0.000000,-1,0.075043,1.012146,-0.056412,-0.020037,0.087648,-0.028937,18.633957,267.203796,-561.420959,0,0
2.920000,1.005564,-1.475902,0.910615,0.992495,-0.092476,-0.080015,-0.074843,0.058107,-0.995501,0.096710,0.994018,0.050750,-0.686228,0.060956,-0.006082,0.724802,-0.012269,0.091451,-0.023760,-0.011182,0.013807,-0.006440,0.080015,0.995501,-0.050750,0.000000,0.000000,0.000000,-1,0.064743,1.012955,-0.065552,-0.051951,0.105562,-0.039410,18.809753,267.379578,-561.253418,0,0
2.960000,0.998115,-1.478323,0.899057,0.992287,-0.096661,-0.077608,-0.072279,0.057468,-0.995727,0.100708,0.993657,0.050039,-0.686436,0.061528,-0.008413,0.724533,-0.033644,0.056573,-0.016015,-0.015856,0.020630,-0.017909,0.077608,0.995727,-0.050039,0.000000,0.000000,0.000000,-1,0.061539,1.014877,-0.074295,-0.063846,0.028435,-0.018787,19.161331,267.731171,-561.923706,0,0
3.000000,0.993650,-1.479281,0.893917,0.992297,-0.097371,-0.076585,-0.071239,0.057242,-0.995815,0.101348,0.993601,0.049864,-0.686511,0.061401,-0.009018,0.724466,-0.054043,0.006849,-0.008237,-0.016206,0.017170,-0.028764,0.076585,0.995815,-0.049864,0.000000,0.000000,0.000000,-1,0.064102,1.013840,-0.079376,-0.103344,0.001878,-0.027969,18.985535,267.906982,-560.415466,0,0
3.040000,0.993771,-1.481254,0.894474,0.992456,-0.097032,-0.074944,-0.069739,0.055972,-0.995994,0.100838,0.993706,0.048783,-0.686968,0.060691,-0.009423,0.724088,-0.086058,-0.008120,-0.023918,-0.014245,0.020425,-0.030685,0.074944,0.995994,-0.048783,0.000000,0.000000,0.000000,-1,0.059814,1.012589,-0.071045,-0.085272,-0.000324,-0.036624,19.161331,267.028015,-561.923706,0,0
3.080000,0.985003,-1.483583,0.886405,0.992689,-0.096436,-0.072581,-0.067488,0.055067,-0.996199,0.100066,0.993815,0.048156,-0.687289,0.059627,-0.009998,0.723863,-0.031760,-0.014470,-0.022192,-0.006785,0.014940,-0.021195,0.072581,0.996199,-0.048156,0.000000,0.000000,0.000000,-1,0.076782,1.003571,-0.074448,-0.059705,-0.001330,-0.030426,19.337128,268.258545,-560.750610,0,0
3.120000,0.982983,-1.483988,0.884798,0.992759,-0.096042,-0.072147,-0.067087,0.054919,-0.996234,0.099643,0.993861,0.048079,-0.687343,0.059333,-0.010001,0.723837,-0.050884,-0.013288,-0.009264,0.004635,0.007336,-0.026369,0.072147,0.996234,-0.048079,0.000000,0.000000,0.000000,-1,0.070602,1.009323,-0.082382,-0.082042,-0.009620,-0.011046,19.161331,267.379578,-560.583008,0,0
3.160000,0.984217,-1.484038,0.887316,0.992880,-0.094772,-0.072165,-0.067186,0.054719,-0.996239,0.098364,0.993994,0.047962,-0.687423,0.058900,-0.009528,0.723802,-0.047694,-0.017379,0.008815,-0.004492,0.013176,-0.034451,0.072165,0.996239,-0.047962,0.000000,0.000000,0.000000,-1,0.073807,1.004288,-0.077759,-0.066042,-0.008466,-0.000521,18.809753,267.379578,-559.912659,0,0
3.200000,0.984083,-1.483513,0.887898,0.992919,-0.094036,-0.072594,-0.067623,0.055009,-0.996193,0.097671,0.994048,0.048261,-0.687322,0.058800,-0.009121,0.723911,-0.037035,-0.025747,0.020482,0.004112,0.005287,-0.030337,0.072594,0.996193,-0.048261,0.000000,0.000000,0.000000,-1,0.085037,0.999283,-0.079910,-0.060733,-0.028424,0.017623,19.512924,267.379578,-560.583008,0,0
3.240000,0.987269,-1.482255,0.892242,0.992943,-0.092833,-0.073793,-0.068838,0.055502,-0.996083,0.096565,0.994134,0.048720,-0.687154,0.058819,-0.008285,0.724080,-0.038111,-0.042575,0.033340,0.011244,0.003200,-0.031190,0.073793,0.996083,-0.048720,0.000000,0.000000,0.000000,-1,0.091171,1.002548,-0.079178,-0.046914,-0.050502,0.035709,18.633957,268.258545,-559.409912,0,0
3.280000,0.992392,-1.476997,0.901162,0.992955,-0.088819,-0.078426,-0.073435,0.058136,-0.995604,0.092988,0.994350,0.051204,-0.686224,0.059111,-0.005305,0.724965,0.004533,-0.063393,0.073578,0.020695,0.006380,-0.035207,0.078426,0.995604,-0.051204,0.000000,0.000000,0.000000,-1,0.099304,1.003311,-0.085724,-0.010637,-0.053373,0.069528,19.688705,268.961731,-561.420959,0,0
3.320000,0.987075,-1.472504,0.897765,0.992865,-0.086681,-0.081885,-0.076734,0.061173,-0.995173,0.091272,0.994356,0.054085,-0.685129,0.059629,-0.003425,0.725969,0.032213,-0.061154,0.089307,0.011163,0.006597,-0.033607,0.081885,0.995173,-0.054085,0.000000,0.000000,0.000000,-1,0.080078,1.002594,-0.081924,0.029877,-0.045851,0.081970,18.985535,269.313293,-560.415466,0,0
3.360000,0.977133,-1.468772,0.889534,0.992818,-0.084772,-0.084421,-0.079112,0.064141,-0.994800,0.089746,0.994334,0.056973,-0.684051,0.059895,-0.001946,0.726968,0.067416,-0.046276,0.095369,-0.005411,0.003506,-0.021747,0.084421,0.994800,-0.056973,0.000000,0.000000,0.000000,-1,0.083817,0.991165,-0.073212,0.077864,-0.030926,0.093260,20.567673,269.489075,-560.247864,0,0
3.400000,0.955846,-1.462352,0.869803,0.992634,-0.082842,-0.088404,-0.082711,0.069807,-0.994126,0.088526,0.994115,0.062441,-0.681980,0.060688,-0.000045,0.728849,0.148446,-0.034391,0.122393,-0.002757,-0.004532,-0.009702,0.088404,0.994126,-0.062441,0.000000,0.000000,0.000000,-1,0.092163,0.983810,-0.064682,0.196261,-0.000847,0.141234,20.216080,268.434326,-559.912659,0,0
3.440000,0.908773,-1.448847,0.822462,0.991985,-0.082218,-0.095950,-0.089146,0.082771,-0.992573,0.089549,0.993171,0.074779,-0.677207,0.063261,0.002363,0.733065,0.396908,0.030854,0.195856,-0.025133,-0.013798,0.031093,0.095950,0.992573,-0.074779,0.000000,0.000000,0.000000,-1,0.064575,0.975693,-0.040222,0.538594,0.126795,0.206282,20.391876,267.906982,-561.420959,0,0
3.480000,0.823859,-1.428341,0.731426,0.990767,-0.086769,-0.104177,-0.094829,0.105660,-0.989870,0.096898,0.990609,0.096457,-0.668702,0.067892,0.002721,0.740419,0.766992,0.216580,0.247640,-0.015920,-0.025500,0.036657,0.104177,0.989870,-0.096457,0.000000,0.000000,0.000000,-1,0.138245,0.968140,-0.099152,0.969294,0.228212,0.300571,21.095047,270.368042,-562.761719,0,0
3.520000,0.703757,-1.379478,0.601851,0.988128,-0.091998,-0.123045,-0.107659,0.156741,-0.981754,0.109606,0.983346,0.144976,-0.649309,0.076873,0.005175,0.756612,1.036288,-0.020478,0.503183,0.145067,0.027782,0.001162,0.123045,0.981754,-0.144976,0.000000,0.000000,0.000000,-1,0.342026,1.016907,-0.099365,0.901859,-0.082049,0.536628,22.677170,269.137512,-564.940308,0,0
3.560000,0.687937,-1.348890,0.587576,0.986337,-0.087234,-0.139745,-0.122005,0.183177,-0.975480,0.110693,0.979202,0.170032,-0.638970,0.081866,0.011366,0.764779,0.722534,-0.011803,0.633422,0.252925,0.045287,0.051089,0.139745,0.975480,-0.170032,0.000000,0.000000,0.000000,-1,0.356491,1.066895,-0.160843,0.611766,0.025942,0.640744,22.325592,269.489075,-565.610718,0,0
3.600000,0.701208,-1.313532,0.599836,0.982881,-0.083673,-0.164147,-0.143631,0.210018,-0.967090,0.115393,0.974110,0.194405,-0.628183,0.090461,0.019403,0.772545,0.587327,0.084637,0.522251,0.145378,0.127667,0.028664,0.164147,0.967090,-0.194405,0.000000,0.000000,0.000000,-1,0.200562,1.053864,-0.140930,0.415620,0.254484,0.267480,23.028763,269.489075,-568.627258,0,0
3.640000,0.702164,-1.297009,0.593993,0.980692,-0.088024,-0.174631,-0.151325,0.224067,-0.962754,0.123875,0.970590,0.206421,-0.622536,0.096119,0.020383,0.776399,0.336037,0.336006,0.211118,0.025931,0.091110,0.065490,0.174631,0.962754,-0.206421,0.000000,0.000000,0.000000,-1,0.153305,1.009583,-0.188644,0.106841,0.386496,0.105320,24.083511,269.489075,-567.286560,0,0
3.680000,0.721872,-1.289521,0.596411,0.977555,-0.103648,-0.183423,-0.155911,0.229659,-0.960702,0.141699,0.967737,0.208344,-0.620393,0.104594,0.016813,0.777103,0.007541,0.273279,0.064755,-0.021436,0.018317,0.008378,0.183423,0.960702,-0.208344,0.000000,0.000000,0.000000,-1,0.191864,0.906738,-0.215286,-0.067621,0.153809,0.023385,25.138260,268.785950,-568.627258,0,0
3.720000,0.732243,-1.289620,0.601945,0.976657,-0.108290,-0.185510,-0.157125,0.228713,-0.960730,0.146466,0.967452,0.206359,-0.620803,0.106884,0.015723,0.776487,-0.061218,0.117060,0.007281,0.022437,-0.065573,-0.009995,0.185510,0.960730,-0.206360,0.000000,0.000000,0.000000,-1,0.250763,0.894012,-0.234100,-0.088200,0.105394,-0.058304,24.083511,270.895447,-567.286560,0,0
3.760000,0.737521,-1.297053,0.599898,0.976409,-0.116522,-0.181790,-0.152621,0.223135,-0.962766,0.152747,0.967798,0.200087,-0.623135,0.107980,0.011652,0.774537,-0.133885,0.182080,-0.178831,0.124134,-0.054669,-0.036653,0.181790,0.962766,-0.200087,0.000000,0.000000,0.000000,-1,0.305923,0.908096,-0.236740,-0.178730,0.227848,-0.218924,24.083511,270.895447,-568.292114,0,0
3.800000,0.745928,-1.302155,0.600305,0.975665,-0.125023,-0.180130,-0.149935,0.219017,-0.964132,0.159990,0.967678,0.194942,-0.624841,0.110011,0.008058,0.772920,-0.200791,0.305240,-0.262915,0.139649,-0.041876,-0.054662,0.180130,0.964132,-0.194942,0.000000,0.000000,0.000000,-1,0.299500,0.915848,-0.250504,-0.265947,0.344459,-0.324152,24.259308,269.664886,-567.454163,0,0
3.840000,0.753096,-1.315005,0.593733,0.974880,-0.140246,-0.173034,-0.141549,0.209710,-0.967463,0.171970,0.967653,0.184590,-0.628605,0.112072,0.000423,0.769607,-0.259473,0.326769,-0.341360,0.104950,-0.059337,-0.068782,0.173034,0.967463,-0.184591,0.000000,0.000000,0.000000,-1,0.279984,0.907120,-0.259857,-0.282206,0.269037,-0.348246,24.786682,270.543854,-568.292114,0,0
3.880000,0.753173,-1.335242,0.581729,0.974961,-0.154825,-0.159623,-0.128236,0.194994,-0.972385,0.181675,0.968507,0.170258,-0.634372,0.111552,-0.008690,0.764888,-0.237428,0.168503,-0.274888,0.153929,-0.067310,-0.055176,0.159623,0.972385,-0.170258,0.000000,0.000000,0.000000,-1,0.364746,0.893982,-0.207794,-0.242854,0.185085,-0.263010,24.786682,269.489075,-567.286560,0,1
3.920000,0.771477,-1.339092,0.593505,0.973785,-0.161588,-0.160102,-0.128429,0.190366,-0.973276,0.187748,0.968323,0.164623,-0.636160,0.113972,-0.010864,0.763016,-0.156135,0.234766,-0.209681,0.226876,-0.082728,-0.035771,0.160102,0.973276,-0.164623,0.000000,0.000000,0.000000,-1,0.414734,0.890915,-0.190308,-0.058068,0.314983,-0.186096,23.556137,270.368042,-567.118958,0,0
3.960000,0.766409,-1.344599,0.574997,0.972129,-0.175419,-0.155545,-0.121967,0.188208,-0.974526,0.200225,0.966336,0.161568,-0.636858,0.116739,-0.017539,0.761890,0.057412,0.411066,-0.143877,0.252277,-0.083749,-0.028404,0.155545,0.974526,-0.161568,0.000000,0.000000,0.000000,-1,0.411133,0.906754,-0.206711,0.021508,0.522096,-0.122505,23.380341,270.192261,-566.281006,0,0
4.000000,0.775711,-1.347594,0.557601,0.967117,-0.201645,-0.154997,-0.117130,0.187824,-0.975194,0.225755,0.961281,0.158029,-0.636644,0.125178,-0.027786,0.760423,-0.065351,0.586663,-0.056227,0.276979,-0.007909,-0.055899,0.154997,0.975194,-0.158029,0.000000,0.000000,0.000000,-1,0.454620,0.981644,-0.231476,-0.114312,0.622300,-0.055778,24.610886,269.313293,-566.113464,0,0
4.040000,0.801243,-1.350909,0.563784,0.962698,-0.220616,-0.156658,-0.116561,0.184363,-0.975922,0.244186,0.957778,0.151771,-0.637684,0.132188,-0.034315,0.758095,-0.139485,0.714877,-0.051872,0.305088,0.015899,-0.093865,0.156658,0.975922,-0.151771,0.000000,0.000000,0.000000,-1,0.483978,1.108490,-0.244247,-0.224653,0.759927,-0.065026,22.149796,269.664886,-566.448608,0,0
4.080000,0.839420,-1.356096,0.580241,0.957233,-0.241996,-0.158567,-0.116802,0.178184,-0.977040,0.264694,0.953776,0.142298,-0.639678,0.140226,-0.041477,0.754605,-0.291723,0.689851,-0.012246,0.291124,0.229045,-0.065145,0.158567,0.977040,-0.142298,0.000000,0.000000,0.000000,-1,0.129883,1.267609,-0.090439,-0.603873,0.570855,0.098422,23.204544,271.071228,-566.448608,0,0
4.120000,0.958273,-1.366430,0.679158,0.950605,-0.262256,-0.166051,-0.127478,0.157913,-0.979190,0.283020,0.951990,0.116681,-0.647304,0.150522,-0.045176,0.745855,-0.677388,0.431448,0.213300,-0.090138,0.333173,0.047925,0.166051,0.979190,-0.116681,0.000000,0.000000,0.000000,-1,-0.046127,1.408752,0.001404,-0.712281,0.041914,0.395274,23.731918,270.543854,-564.605164,0,0
4.160000,1.117420,-1.366351,0.840374,0.947922,-0.261024,-0.182513,-0.151231,0.135454,-0.979174,0.280310,0.955782,0.088925,-0.656419,0.157009,-0.037246,0.736936,-0.289047,-0.003044,0.195938,-0.228549,-0.097338,0.036237,0.182513,0.979174,-0.088925,0.000000,0.000000,0.000000,-1,0.032806,0.734924,-0.046631,-0.235183,0.058114,-0.019700,24.610886,270.368042,-564.102417,0,0
4.200000,1.152348,-1.371147,0.875267,0.947924,-0.261918,-0.181214,-0.152257,0.127085,-0.980136,0.279745,0.956686,0.080588,-0.659593,0.156982,-0.037346,0.734098,-0.177247,-0.031088,-0.200059,-0.095215,-0.240390,0.083991,0.181214,0.980136,-0.080588,0.000000,0.000000,0.000000,-1,0.135376,0.901947,0.023819,-0.223001,0.012972,-0.204992,25.138260,269.840698,-564.269958,0,0
4.240000,1.177553,-1.382930,0.902003,0.949525,-0.261999,-0.172508,-0.146529,0.115801,-0.982405,0.277366,0.958095,0.071565,-0.663732,0.153875,-0.039496,0.730905,-0.188915,-0.086431,-0.114535,-0.163841,0.112077,0.085237,0.172508,0.982405,-0.071565,0.000000,0.000000,0.000000,-1,-0.200485,1.141953,-0.043716,-0.202263,-0.214265,-0.152100,24.786682,272.301758,-563.264465,0,0
4.280000,1.175682,-1.389238,0.910288,0.953010,-0.252982,-0.166651,-0.142587,0.110778,-0.983563,0.267285,0.961108,0.069501,-0.665720,0.148549,-0.037792,0.730289,-0.046583,-0.469752,-0.215408,-0.425195,0.090625,0.001340,0.166651,0.983564,-0.069501,0.000000,0.000000,0.000000,-1,-0.297165,0.971069,-0.215561,-0.071936,-0.235501,-0.384206,24.083511,270.192261,-562.594116,0,0
