0.000000,1.600917,0.122127,0.531138,-0.087645,0.089738,-0.992102,-0.502742,0.855809,0.121823,0.859982,0.509449,-0.029892,-0.147002,0.702379,0.224691,0.659218,0.058926,-0.003434,0.007822,-0.008322,0.006024,-0.009232,0.992102,-0.121823,0.029892,0.000000,0.000000,0.000000,-1,0.994431,-0.106186,0.022827,0.005344,0.008452,-0.002204,77.348480,230.990646,-575.163208,0,0
0.040000,1.601251,0.121192,0.529138,-0.087284,0.088943,-0.992205,-0.501087,0.856911,0.120896,0.860984,0.507733,-0.030227,-0.146656,0.702571,0.223689,0.659432,0.021768,0.031533,0.009032,0.004743,0.013382,0.003739,0.992205,-0.120896,0.030227,0.000000,0.000000,0.000000,-1,0.995407,-0.109314,0.037598,0.002256,0.044454,-0.003380,78.579025,231.869614,-573.319763,0,0
0.080000,1.602714,0.120927,0.528240,-0.088332,0.088052,-0.992192,-0.500333,0.857388,0.120632,0.861315,0.507082,-0.031679,-0.146594,0.703100,0.223195,0.659048,0.027079,0.032535,0.002591,-0.001072,0.004803,0.004210,0.992192,-0.120632,0.031679,0.000000,0.000000,0.000000,-1,0.992828,-0.116455,0.037704,-0.009526,0.027441,-0.010682,77.348480,233.100159,-573.152161,0,0
0.120000,1.604026,0.120640,0.527715,-0.089272,0.087188,-0.992184,-0.499900,0.857681,0.120347,0.861470,0.506737,-0.032982,-0.146653,0.703551,0.222828,0.658678,-0.005958,0.024053,0.000745,0.002262,0.006669,0.006996,0.992184,-0.120347,0.032982,0.000000,0.000000,0.000000,-1,0.994049,-0.113068,0.042770,-0.052059,0.048605,-0.013628,76.293732,230.990646,-574.157715,0,0
0.160000,1.606107,0.120016,0.529089,-0.090871,0.085474,-0.992188,-0.501116,0.857058,0.119728,0.860596,0.508081,-0.035050,-0.147581,0.704091,0.222915,0.657863,-0.035759,0.030390,-0.002249,0.000717,0.006142,-0.000977,0.992188,-0.119728,0.035050,0.000000,0.000000,0.000000,-1,0.990189,-0.113480,0.034348,-0.056362,0.035877,-0.015677,78.227432,232.221191,-573.654907,0,0
0.200000,1.606781,0.119727,0.529888,-0.091374,0.084811,-0.992198,-0.501818,0.856687,0.119441,0.860133,0.508817,-0.035719,-0.148036,0.704234,0.223029,0.657570,-0.018739,0.026139,-0.003432,-0.002544,0.002284,-0.001112,0.992199,-0.119441,0.035719,0.000000,0.000000,0.000000,-1,0.987381,-0.115707,0.032501,-0.038297,0.024222,-0.015774,78.754807,231.342239,-572.817017,0,0
0.240000,1.607034,0.119523,0.530351,-0.091528,0.084465,-0.992214,-0.502227,0.856475,0.119239,0.859878,0.509231,-0.035971,-0.148297,0.704268,0.223093,0.657453,-0.013463,0.012347,-0.005553,-0.004833,0.003531,-0.003470,0.992214,-0.119239,0.035971,0.000000,0.000000,0.000000,-1,0.991577,-0.114166,0.035812,-0.040448,0.017858,-0.016798,76.469513,231.869614,-573.319763,0,0
0.280000,1.607484,0.118764,0.531286,-0.091613,0.083500,-0.992288,-0.503074,0.856083,0.118485,0.859374,0.510049,-0.036421,-0.148934,0.704293,0.223108,0.657276,-0.016677,0.003893,-0.003370,0.000495,0.001587,0.001512,0.992288,-0.118485,0.036421,0.000000,0.000000,0.000000,-1,0.993637,-0.117340,0.036087,-0.042604,0.008336,-0.015681,77.700058,231.693817,-573.152161,0,0
0.320000,1.607459,0.118747,0.531844,-0.091629,0.083448,-0.992291,-0.503553,0.855804,0.118468,0.859092,0.510526,-0.036396,-0.149134,0.704242,0.223287,0.657225,-0.022014,-0.000341,-0.003312,-0.000973,-0.002397,0.001995,0.992291,-0.118468,0.036396,0.000000,0.000000,0.000000,-1,0.987198,-0.120712,0.041992,-0.048976,0.014683,-0.016720,78.403229,230.990646,-572.146606,0,0
0.360000,1.607691,0.118721,0.532530,-0.091872,0.083244,-0.992285,-0.504140,0.855461,0.118442,0.858721,0.511133,-0.036626,-0.149410,0.704265,0.223486,0.657070,-0.023069,0.003887,-0.004385,-0.004248,0.001209,0.003184,0.992285,-0.118442,0.036626,0.000000,0.000000,0.000000,-1,0.991577,-0.116425,0.039398,-0.046870,0.005169,-0.014570,78.051651,232.396988,-572.817017,0,0
0.400000,1.607460,0.118627,0.534240,-0.091769,0.083125,-0.992305,-0.505609,0.854607,0.118349,0.857868,0.512579,-0.036398,-0.150018,0.704055,0.224034,0.656970,-0.039473,0.005013,0.004533,-0.000300,0.002276,-0.002065,0.992305,-0.118349,0.036398,0.000000,0.000000,0.000000,-1,0.990143,-0.114929,0.034454,-0.065986,0.017923,-0.010209,78.051651,231.693817,-574.157715,0,0
0.440000,1.607615,0.118602,0.535478,-0.091992,0.082910,-0.992302,-0.506668,0.853983,0.118324,0.857219,0.513652,-0.036552,-0.150480,0.704011,0.224420,0.656780,-0.039462,0.010289,0.002382,-0.009361,0.000801,-0.000221,0.992302,-0.118324,0.036552,0.000000,0.000000,0.000000,-1,0.997971,-0.120728,0.039215,-0.055368,0.006290,-0.008117,78.227432,233.979111,-573.319763,0,0
0.480000,1.608017,0.119063,0.536678,-0.092670,0.082986,-0.992233,-0.507664,0.853328,0.118782,0.856557,0.514728,-0.036949,-0.150791,0.704086,0.224941,0.656451,-0.022389,0.020898,0.004342,0.002045,-0.005150,0.009255,0.992233,-0.118782,0.036948,0.000000,0.000000,0.000000,-1,0.991638,-0.124527,0.046356,-0.053164,0.027512,-0.003952,77.348480,232.748566,-572.481812,0,0
0.520000,1.608749,0.119571,0.537500,-0.093622,0.082965,-0.992145,-0.508335,0.852858,0.119286,0.856055,0.515509,-0.037672,-0.150990,0.704300,0.225329,0.656042,-0.038392,0.006125,0.009850,-0.000507,-0.005241,0.008684,0.992145,-0.119286,0.037672,0.000000,0.000000,0.000000,-1,0.995819,-0.125031,0.053452,-0.080890,0.010602,-0.000478,77.172684,230.814865,-572.984558,0,0
0.560000,1.610109,0.120722,0.540260,-0.095601,0.082982,-0.991955,-0.510615,0.851334,0.120429,0.854478,0.518020,-0.039017,-0.151725,0.704619,0.226523,0.655118,-0.062795,0.031590,0.013143,0.009861,-0.008126,0.017151,0.991955,-0.120429,0.039017,0.000000,0.000000,0.000000,-1,0.986557,-0.132751,0.049103,-0.079709,0.051878,-0.003838,78.227432,232.572784,-573.990112,0,0
0.600000,1.611955,0.121932,0.542422,-0.097975,0.082843,-0.991735,-0.512380,0.850102,0.121631,0.853152,0.520061,-0.040842,-0.152287,0.705145,0.227503,0.654080,-0.053262,0.017795,0.009931,-0.006688,-0.013028,0.011023,0.991735,-0.121631,0.040842,0.000000,0.000000,0.000000,-1,0.990173,-0.134125,0.050491,-0.070219,0.021161,-0.003796,77.875854,233.275955,-574.325256,0,0
0.640000,1.613341,0.123599,0.544774,-0.100206,0.083302,-0.991473,-0.514271,0.848720,0.123284,0.851753,0.522240,-0.042207,-0.152710,0.705538,0.228735,0.653128,-0.053213,0.030550,0.014153,-0.001880,-0.010947,0.002852,0.991473,-0.123284,0.042207,0.000000,0.000000,0.000000,-1,0.992416,-0.134995,0.036407,-0.081867,0.037110,0.002626,79.106400,232.045410,-573.152161,0,0
0.680000,1.613657,0.124767,0.546575,-0.101227,0.083945,-0.991316,-0.515724,0.847669,0.124443,0.850753,0.523843,-0.042515,-0.152986,0.705587,0.229697,0.652673,-0.059631,0.021017,0.014243,0.001833,-0.005562,-0.003834,0.991315,-0.124443,0.042515,0.000000,0.000000,0.000000,-1,0.987732,-0.130005,0.037689,-0.068091,0.018013,-0.000605,77.524277,231.166443,-572.314209,0,0
0.720000,1.613540,0.125441,0.547970,-0.101592,0.084435,-0.991236,-0.516863,0.846877,0.125112,0.850019,0.525043,-0.042395,-0.153237,0.705490,0.230391,0.652474,-0.035206,0.002974,0.010928,-0.007014,-0.005397,-0.005468,0.991236,-0.125112,0.042395,0.000000,0.000000,0.000000,-1,0.980942,-0.139725,0.034836,-0.050053,-0.000027,-0.003873,77.348480,233.100159,-572.481812,0,0
0.760000,1.612456,0.126903,0.549748,-0.101579,0.086061,-0.991098,-0.518271,0.845800,0.126563,0.849163,0.526513,-0.041313,-0.153243,0.705105,0.231553,0.652477,-0.032066,-0.002466,-0.003982,-0.007516,-0.004968,-0.009239,0.991098,-0.126563,0.041313,0.000000,0.000000,0.000000,-1,0.985550,-0.126923,0.031952,-0.058594,0.001985,-0.015533,78.754807,232.396988,-572.146606,0,0
0.800000,1.611662,0.126771,0.550839,-0.100931,0.086257,-0.991147,-0.519202,0.845248,0.126432,0.848671,0.527367,-0.040527,-0.153581,0.704753,0.231925,0.652646,-0.033151,-0.009874,-0.002881,-0.004117,0.005567,-0.008911,0.991147,-0.126432,0.040527,0.000000,0.000000,0.000000,-1,0.988724,-0.124786,0.030533,-0.056484,-0.005420,-0.014456,76.645309,232.045410,-573.487305,0,0
0.840000,1.610476,0.126609,0.552222,-0.099960,0.086608,-0.991215,-0.520381,0.844546,0.126271,0.848063,0.528432,-0.039351,-0.153985,0.704247,0.232412,0.652923,-0.031032,-0.006770,-0.010367,0.002956,-0.004603,-0.007491,0.991215,-0.126271,0.039351,0.000000,0.000000,0.000000,-1,0.992554,-0.129898,0.037186,-0.053307,0.001846,-0.030488,78.227432,233.627533,-572.649414,0,0
0.880000,1.609767,0.126180,0.553309,-0.099229,0.086513,-0.991297,-0.521327,0.844027,0.125845,0.847568,0.529278,-0.038651,-0.154430,0.703901,0.232676,0.653098,-0.018341,-0.023849,-0.024248,-0.003290,-0.003672,-0.000427,0.991297,-0.125845,0.038651,0.000000,0.000000,0.000000,-1,0.990051,-0.129715,0.042313,-0.040633,-0.026813,-0.036871,76.821106,231.518036,-574.995605,0,0
0.920000,1.608489,0.125364,0.553887,-0.097771,0.086444,-0.991448,-0.521869,0.843812,0.125036,0.847404,0.529630,-0.037388,-0.154762,0.703380,0.232686,0.653577,-0.013056,-0.032371,-0.029582,-0.001854,-0.003489,0.005733,0.991448,-0.125036,0.037388,0.000000,0.000000,0.000000,-1,0.989166,-0.129227,0.037170,-0.043820,-0.017359,-0.045404,79.106400,233.451736,-573.822510,0,0
0.960000,1.607510,0.124365,0.554627,-0.096484,0.086049,-0.991608,-0.522559,0.843531,0.124045,0.847126,0.530142,-0.036422,-0.155247,0.702929,0.232664,0.653955,-0.018365,-0.023934,-0.033831,-0.002442,-0.005182,0.000749,0.991608,-0.124045,0.036422,0.000000,0.000000,0.000000,-1,0.995987,-0.122818,0.033722,-0.039573,-0.020547,-0.046490,77.348480,231.342239,-573.152161,0,0
1.000000,1.606110,0.122807,0.555460,-0.094556,0.085398,-0.991850,-0.523363,0.843259,0.122499,0.846847,0.530681,-0.035041,-0.155905,0.702292,0.232517,0.654535,-0.011954,-0.015474,-0.034977,0.002352,-0.001510,0.001062,0.991850,-0.122499,0.035041,0.000000,0.000000,0.000000,-1,0.991257,-0.118271,0.038635,-0.040594,-0.002581,-0.050811,77.875854,232.221191,-573.654907,0,0
1.040000,1.605879,0.121526,0.556125,-0.093746,0.084380,-0.992014,-0.524006,0.843043,0.121227,0.846540,0.531185,-0.034817,-0.156546,0.702069,0.232318,0.654691,-0.027934,-0.012360,-0.042323,-0.000757,0.002956,0.003819,0.992014,-0.121227,0.034817,0.000000,0.000000,0.000000,-1,0.993683,-0.117477,0.031845,-0.061912,-0.005802,-0.055960,76.821106,232.572784,-573.654907,0,0
1.080000,1.605314,0.120039,0.557247,-0.092583,0.083323,-0.992213,-0.525046,0.842607,0.119751,0.846023,0.532044,-0.034263,-0.157379,0.701686,0.232225,0.654935,-0.039663,-0.014514,-0.046487,0.001470,0.002274,-0.002418,0.992213,-0.119751,0.034263,0.000000,0.000000,0.000000,-1,0.991257,-0.112381,0.024246,-0.072563,-0.003721,-0.060147,79.457977,233.100159,-574.157715,0,0
1.120000,1.603480,0.116684,0.560716,-0.089552,0.081162,-0.992670,-0.528177,0.841116,0.116419,0.844399,0.534731,-0.032455,-0.159521,0.700557,0.232368,0.655574,-0.069497,-0.017730,-0.050510,0.004568,0.010203,-0.010162,0.992670,-0.116419,0.032455,0.000000,0.000000,0.000000,-1,0.999084,-0.109665,0.026718,-0.092811,-0.007972,-0.062104,77.348480,232.748566,-573.822510,0,0
1.160000,1.602671,0.114910,0.562834,-0.088102,0.079917,-0.992900,-0.530066,0.840169,0.114658,0.843367,0.536404,-0.031659,-0.160770,0.699988,0.232526,0.655821,-0.065169,0.004518,-0.049564,0.004200,0.005405,-0.006162,0.992900,-0.114658,0.031659,0.000000,0.000000,0.000000,-1,0.998169,-0.116211,0.028183,-0.088442,0.025949,-0.059069,76.821106,231.869614,-573.319763,0,0
1.200000,1.602708,0.113539,0.564857,-0.087566,0.078569,-0.993056,-0.531848,0.839227,0.113296,0.842300,0.538075,-0.031701,-0.161948,0.699731,0.232722,0.655736,-0.065123,0.017256,-0.046417,0.005113,-0.002915,-0.003518,0.993055,-0.113296,0.031701,0.000000,0.000000,0.000000,-1,0.994217,-0.124191,0.030029,-0.088451,0.030107,-0.067608,78.754807,232.045410,-573.487305,0,0
1.240000,1.602933,0.111746,0.568874,-0.087110,0.076594,-0.993250,-0.535324,0.837253,0.111513,0.840143,0.541424,-0.031930,-0.163987,0.699338,0.233413,0.655403,-0.062992,0.010979,-0.037880,0.007544,-0.011229,-0.000223,0.993250,-0.111513,0.031930,0.000000,0.000000,0.000000,-1,0.997650,-0.122284,0.033081,-0.085206,0.029244,-0.046323,77.875854,232.572784,-574.660461,0,0
1.280000,1.603350,0.111358,0.570611,-0.087385,0.075892,-0.993279,-0.536801,0.836359,0.111128,0.839172,0.542904,-0.032346,-0.164774,0.699301,0.233816,0.655101,-0.052291,0.017459,-0.024134,0.000083,-0.009340,-0.001889,0.993280,-0.111128,0.032346,0.000000,0.000000,0.000000,-1,0.989731,-0.114304,0.035904,-0.062844,0.018775,-0.032608,77.524277,233.275955,-573.990112,0,0
1.320000,1.603963,0.111015,0.572059,-0.087824,0.075145,-0.993298,-0.538032,0.835612,0.110787,0.838337,0.544155,-0.032956,-0.165469,0.699356,0.234123,0.654758,-0.020307,0.021798,-0.012676,-0.003109,-0.005699,0.005694,0.993298,-0.110787,0.032956,0.000000,0.000000,0.000000,-1,0.996704,-0.119080,0.034775,-0.038275,0.034774,-0.020075,78.227432,233.627533,-575.330811,0,0
1.360000,1.605044,0.111159,0.572825,-0.088865,0.074609,-0.993245,-0.538663,0.835187,0.110930,0.837822,0.544882,-0.034030,-0.165815,0.699657,0.234333,0.654273,-0.019268,0.008090,-0.006237,-0.000097,-0.002839,0.002805,0.993245,-0.110930,0.034030,0.000000,0.000000,0.000000,-1,0.988632,-0.109940,0.040817,-0.044729,0.010445,-0.016737,77.348480,232.748566,-572.817017,0,0
1.400000,1.605349,0.111074,0.573354,-0.089115,0.074325,-0.993244,-0.539110,0.834909,0.110846,0.837507,0.545346,-0.034333,-0.166064,0.699707,0.234453,0.654114,-0.014338,0.005996,-0.001771,-0.004612,0.000906,0.006484,0.993244,-0.110846,0.034333,0.000000,0.000000,0.000000,-1,0.990479,-0.112061,0.034943,-0.030883,0.014648,-0.020057,77.700058,234.154907,-573.152161,0,0
1.440000,1.605636,0.110890,0.573677,-0.089279,0.073986,-0.993255,-0.539391,0.834752,0.110663,0.837309,0.545632,-0.034618,-0.166273,0.699759,0.234472,0.653998,-0.006936,-0.005714,-0.008176,-0.002776,-0.001397,0.000324,0.993255,-0.110663,0.034619,0.000000,0.000000,0.000000,-1,0.991547,-0.109497,0.026932,-0.034157,-0.011829,-0.019932,77.875854,231.869614,-571.643860,0,0
1.480000,1.604089,0.110046,0.574476,-0.087588,0.074056,-0.993400,-0.540108,0.834399,0.109824,0.837026,0.546162,-0.033086,-0.166657,0.699120,0.234576,0.654547,-0.025163,-0.010026,-0.015421,-0.002830,0.014594,-0.006764,0.993400,-0.109824,0.033086,0.000000,0.000000,0.000000,-1,0.983597,-0.083908,0.021317,-0.057581,-0.000301,-0.033643,78.930603,234.330704,-572.984558,0,0
1.520000,1.603005,0.108056,0.576057,-0.085722,0.072853,-0.993652,-0.541544,0.833726,0.107846,0.836290,0.547351,-0.032015,-0.167756,0.698474,0.234510,0.654979,-0.077423,-0.023954,-0.033085,-0.007034,0.031903,-0.013278,0.993652,-0.107846,0.032015,0.000000,0.000000,0.000000,-1,0.987122,-0.049606,-0.000900,-0.167509,-0.047319,-0.080553,77.172684,232.221191,-573.654907,0,0
1.560000,1.599730,0.104028,0.580371,-0.081108,0.070939,-0.994178,-0.545370,0.831738,0.103841,0.834262,0.550617,-0.028773,-0.170240,0.696710,0.234839,0.656098,-0.187363,-0.073121,-0.082137,-0.007056,0.054234,-0.029673,0.994178,-0.103841,0.028773,0.000000,0.000000,0.000000,-1,1.006790,-0.013657,-0.012405,-0.295529,-0.095352,-0.123059,77.524277,233.627533,-573.990112,0,0
1.600000,1.591783,0.097304,0.599074,-0.072100,0.068382,-0.995051,-0.561211,0.821952,0.097150,0.824527,0.565437,-0.020886,-0.178069,0.691906,0.239407,0.657451,-0.378144,-0.088453,-0.140258,0.019659,0.093732,-0.027112,0.995051,-0.097150,0.020886,0.000000,0.000000,0.000000,-1,1.003510,-0.008911,0.003662,-0.403008,-0.051118,-0.152220,78.227432,234.682281,-573.654907,0,0
1.640000,1.589666,0.093611,0.610312,-0.069025,0.065772,-0.995444,-0.570614,0.815881,0.093474,0.818313,0.574466,-0.018786,-0.182948,0.689872,0.242052,0.657280,-0.352385,0.001825,-0.110834,-0.004752,0.074462,-0.008288,0.995444,-0.093474,0.018786,0.000000,0.000000,0.000000,-1,0.982910,-0.077774,0.027603,-0.306829,0.010909,-0.086083,78.403229,234.506485,-574.492859,0,0
1.680000,1.588858,0.091388,0.619118,-0.067660,0.063829,-0.995665,-0.577895,0.810992,0.091261,0.813301,0.581565,-0.017985,-0.186637,0.688592,0.244276,0.656762,-0.235221,-0.023180,-0.063709,-0.012754,0.013487,0.009618,0.995665,-0.091261,0.017985,0.000000,0.000000,0.000000,-1,0.985199,-0.147964,0.038544,-0.153744,-0.084264,-0.066673,77.700058,233.100159,-574.157715,0,0
1.720000,1.581491,0.089213,0.624125,-0.060742,0.066044,-0.995966,-0.582064,0.808248,0.089095,0.810871,0.585127,-0.010652,-0.188191,0.685500,0.245887,0.658949,0.005029,-0.177547,-0.029835,-0.012415,-0.079698,0.031035,0.995966,-0.089095,0.010652,0.000000,0.000000,0.000000,-1,0.999283,-0.155731,0.037964,-0.019813,-0.186719,-0.033237,78.579025,235.033875,-575.330811,0,0
1.760000,1.574923,0.088803,0.624520,-0.055203,0.069533,-0.996051,-0.582404,0.808048,0.088686,0.811023,0.585000,-0.004110,-0.187657,0.683257,0.246498,0.661199,-0.045201,-0.259921,-0.004634,0.003232,-0.067045,0.033854,0.996051,-0.088686,0.004110,0.000000,0.000000,0.000000,-1,1.005722,-0.099869,0.034500,-0.152147,-0.295698,-0.023279,76.821106,234.682281,-574.325256,0,0
1.800000,1.563037,0.088276,0.629972,-0.045666,0.075807,-0.996076,-0.586828,0.804898,0.088161,0.808423,0.588551,0.007729,-0.188220,0.678755,0.249248,0.664635,-0.197532,-0.250552,-0.023591,0.009646,-0.011707,0.042229,0.996076,-0.088161,-0.007729,0.000000,0.000000,0.000000,-1,0.977753,-0.077820,0.015732,-0.246518,-0.159125,-0.031582,76.821106,233.627533,-576.671509,0,0
1.840000,1.553933,0.087531,0.640717,-0.038731,0.080152,-0.996030,-0.595482,0.798598,0.087420,0.802434,0.596504,0.016798,-0.190966,0.674635,0.253442,0.666458,-0.200336,-0.140184,-0.000546,-0.010282,0.009371,-0.001802,0.996030,-0.087420,-0.016798,0.000000,0.000000,0.000000,-1,0.992264,-0.082184,-0.034882,-0.210192,-0.133537,-0.012784,77.172684,234.330704,-576.336304,0,0
1.880000,1.548364,0.087409,0.647319,-0.034739,0.083147,-0.995932,-0.600748,0.794658,0.087298,0.798683,0.601336,0.022345,-0.192522,0.672133,0.256138,0.667507,-0.135231,-0.089351,-0.000177,0.004084,0.003054,-0.022592,0.995932,-0.087298,-0.022345,0.000000,0.000000,0.000000,-1,1.003235,-0.098389,-0.055435,-0.132089,-0.012765,-0.008516,76.996887,234.858078,-576.503906,0,0
1.920000,1.547129,0.087474,0.650677,-0.034073,0.083827,-0.995898,-0.603410,0.792632,0.087363,0.796703,0.603911,0.023575,-0.193469,0.671403,0.257399,0.667483,-0.096606,-0.000295,0.009843,0.008543,-0.015955,-0.031921,0.995898,-0.087363,-0.023575,0.000000,0.000000,0.000000,-1,1.002792,-0.115433,-0.049286,-0.101166,-0.010507,0.007216,76.821106,236.440201,-576.336304,0,0
1.960000,1.544662,0.088515,0.654365,-0.033053,0.086020,-0.995745,-0.606273,0.790328,0.088400,0.794569,0.606615,0.026029,-0.194030,0.670327,0.259207,0.667702,-0.058527,-0.096538,0.025888,0.003721,-0.019205,-0.002856,0.995745,-0.088400,-0.026029,0.000000,0.000000,0.000000,-1,0.990692,-0.094345,-0.015594,-0.080120,-0.092076,0.006293,76.293732,234.858078,-576.503906,0,0
2.000000,1.542174,0.088938,0.656069,-0.031482,0.087810,-0.995640,-0.607596,0.789264,0.088821,0.793622,0.607743,0.028505,-0.194132,0.669373,0.260155,0.668260,-0.060657,-0.072451,-0.004013,-0.011310,-0.002396,0.016603,0.995640,-0.088821,-0.028505,0.000000,0.000000,0.000000,-1,0.994110,-0.068924,-0.019150,-0.110914,-0.049870,-0.011737,77.348480,234.154907,-576.839111,0,0
2.040000,1.540467,0.088306,0.658619,-0.029969,0.088273,-0.995645,-0.609641,0.787757,0.088191,0.792111,0.609629,0.030207,-0.194980,0.668491,0.260969,0.668580,-0.110659,-0.059717,-0.002612,-0.001535,0.019268,0.011057,0.995645,-0.088191,-0.030207,0.000000,0.000000,0.000000,-1,0.997299,-0.062561,-0.022446,-0.178008,-0.049912,-0.017608,76.996887,233.100159,-576.168762,0,0
2.080000,1.538513,0.086283,0.664662,-0.027719,0.087705,-0.995761,-0.614498,0.784197,0.086176,0.788431,0.614282,0.032158,-0.197438,0.667038,0.262526,0.668700,-0.167021,-0.024886,-0.017232,0.001538,0.023615,0.009712,0.995761,-0.086176,-0.032158,0.000000,0.000000,0.000000,-1,1.007141,-0.096710,-0.023773,-0.172569,0.006024,-0.039167,76.821106,234.330704,-576.671509,0,0
2.120000,1.538394,0.084682,0.671120,-0.027199,0.086350,-0.995894,-0.619635,0.780319,0.084581,0.784418,0.619391,0.032281,-0.200125,0.666190,0.264179,0.668094,-0.081762,0.013097,-0.031885,0.011248,-0.012129,0.008508,0.995894,-0.084581,-0.032281,0.000000,0.000000,0.000000,-1,1.000687,-0.094467,-0.030289,-0.073515,0.019738,-0.043182,77.348480,232.748566,-575.833557,0,0
2.160000,1.538803,0.084848,0.673478,-0.027826,0.086160,-0.995893,-0.621464,0.778845,0.084746,0.782948,0.621270,0.031873,-0.200908,0.666108,0.264978,0.667625,-0.076535,-0.019723,-0.030727,0.004794,-0.009721,0.001584,0.995893,-0.084746,-0.031873,0.000000,0.000000,0.000000,-1,1.015839,-0.070496,-0.027344,-0.164223,-0.039650,-0.052909,76.996887,236.264420,-577.174316,0,0
2.200000,1.537615,0.080310,0.681778,-0.024768,0.083162,-0.996228,-0.628144,0.773951,0.080224,0.777703,0.627762,0.033068,-0.205069,0.664389,0.266405,0.667505,-0.241551,0.023325,-0.075431,0.026477,0.035988,0.014513,0.996228,-0.080224,-0.033068,0.000000,0.000000,0.000000,-1,1.005737,-0.033173,0.005142,-0.280036,0.082767,-0.103605,76.996887,236.264420,-577.174316,0,0
2.240000,1.543644,0.074583,0.691051,-0.026554,0.074701,-0.996852,-0.635575,0.768435,0.074514,0.771582,0.635553,0.027073,-0.210914,0.664815,0.267017,0.665010,-0.187665,0.217378,-0.051027,0.009282,0.010992,0.058720,0.996852,-0.074514,-0.027073,0.000000,0.000000,0.000000,-1,1.005280,-0.107117,0.064056,-0.089784,0.262413,-0.030116,77.875854,236.088623,-576.336304,0,0
2.280000,1.552662,0.074152,0.693356,-0.033394,0.068559,-0.997088,-0.637365,0.766992,0.074084,0.769838,0.637983,0.018084,-0.213031,0.667515,0.266686,0.661756,0.004249,0.267536,-0.007958,-0.002108,-0.050397,0.095598,0.997088,-0.074084,-0.018084,0.000000,0.000000,0.000000,-1,0.970627,-0.156738,0.078522,0.104067,0.263670,-0.004991,77.524277,234.330704,-576.336304,0,0
2.320000,1.562287,0.074646,0.687175,-0.040728,0.063047,-0.997179,-0.632589,0.770889,0.074576,0.773416,0.633842,0.008486,-0.212072,0.671404,0.263783,0.659289,0.124890,0.000849,0.018739,-0.025866,-0.086343,0.058519,0.997179,-0.074576,-0.008486,0.000000,0.000000,0.000000,-1,0.976593,-0.157883,0.028900,0.047680,-0.087802,0.012743,77.875854,235.385452,-577.006714,0,0
2.360000,1.558543,0.075532,0.686646,-0.038358,0.066123,-0.997074,-0.632139,0.771172,0.075461,0.773905,0.633184,0.012218,-0.211100,0.670319,0.264294,0.660498,-0.072556,-0.165268,0.033676,-0.009891,-0.077432,0.036983,0.997074,-0.075461,-0.012218,0.000000,0.000000,0.000000,-1,1.043396,-0.097321,0.027176,-0.223848,-0.076291,-0.007566,77.700058,235.912827,-576.503906,0,0
2.400000,1.555321,0.075757,0.692105,-0.036379,0.068138,-0.997012,-0.636329,0.767696,0.075684,0.770560,0.637181,0.015430,-0.212423,0.668701,0.266511,0.660823,-0.234091,-0.021667,-0.017810,0.046384,-0.021636,0.042606,0.997012,-0.075684,-0.015430,0.000000,0.000000,0.000000,-1,1.006531,-0.061554,0.037811,-0.242425,0.134305,-0.027387,77.524277,234.682281,-577.006714,0,0
2.440000,1.560253,0.075572,0.699751,-0.040556,0.064545,-0.997090,-0.642189,0.762819,0.075500,0.765473,0.643383,0.010513,-0.215703,0.669489,0.268445,0.658175,-0.096892,0.237295,0.044288,0.009440,0.013946,0.048324,0.997090,-0.075500,-0.010513,0.000000,0.000000,0.000000,-1,1.024292,-0.183762,-0.010452,-0.023610,0.197011,0.114499,76.821106,233.627533,-575.666016,0,0
2.480000,1.567186,0.086634,0.699234,-0.052928,0.068545,-0.996243,-0.641218,0.762465,0.086526,0.765532,0.643388,0.003597,-0.212727,0.673015,0.271136,0.654434,0.034547,-0.034067,0.138049,0.050800,-0.110175,-0.034764,0.996243,-0.086526,-0.003597,0.000000,0.000000,0.000000,-1,0.999680,-0.172806,-0.066559,0.027496,-0.080295,0.022460,77.700058,234.506485,-573.822510,0,0
2.520000,1.564903,0.088126,0.697703,-0.052027,0.071231,-0.996102,-0.639966,0.763346,0.088012,0.766640,0.642050,0.005871,-0.211398,0.672589,0.271363,0.655208,0.074474,-0.099936,0.002691,-0.039941,-0.072724,-0.076282,0.996102,-0.088012,-0.005871,0.000000,0.000000,0.000000,-1,0.886108,-0.149872,-0.134155,0.154928,-0.145456,-0.034747,78.403229,234.858078,-575.163208,0,0
2.560000,1.555763,0.086473,0.683917,-0.042910,0.076432,-0.996151,-0.629473,0.772208,0.086365,0.775836,0.630756,0.014977,-0.206098,0.670847,0.267245,0.660355,0.529245,-0.347529,-0.075546,-0.092663,-0.058807,-0.160576,0.996151,-0.086365,-0.014977,0.000000,0.000000,0.000000,-1,0.981369,-0.147461,-0.244888,0.660758,-0.419422,-0.100496,77.172684,234.330704,-577.006714,0,0
2.600000,1.543698,0.084071,0.659565,-0.030025,0.082938,-0.996102,-0.610609,0.787468,0.083972,0.791363,0.610750,0.026999,-0.197173,0.669046,0.259594,0.667915,1.003467,-0.530184,-0.117956,-0.014733,-0.063489,-0.217889,0.996102,-0.083972,-0.026999,0.000000,0.000000,0.000000,-1,0.991913,-0.108856,-0.271072,1.131193,-0.397155,-0.203303,77.524277,234.682281,-577.006714,0,0
2.640000,1.533952,0.079765,0.625817,-0.016787,0.086113,-0.996144,-0.583898,0.807908,0.079680,0.811654,0.582984,0.036719,-0.186136,0.668576,0.247789,0.675988,1.074236,-0.279102,-0.224913,-0.004231,-0.029176,-0.234353,0.996144,-0.079680,-0.036719,0.000000,0.000000,0.000000,-1,0.885651,-0.101364,-0.267975,0.685867,-0.084090,-0.260681,75.590561,234.154907,-575.833557,0,0
2.680000,1.528705,0.071267,0.599339,-0.005387,0.082480,-0.996578,-0.562665,0.823613,0.071206,0.826667,0.561123,0.041972,-0.179603,0.668399,0.236509,0.681945,-0.115295,-0.169919,-0.009425,-0.092617,-0.024771,-0.196172,0.996578,-0.071206,-0.041972,0.000000,0.000000,0.000000,-1,0.947479,-0.082901,-0.205902,-0.267755,-0.172524,0.008050,75.766357,234.682281,-577.677063,0,0
2.720000,1.522696,0.071527,0.608712,-0.001372,0.086056,-0.996289,-0.570349,0.818288,0.071466,0.821401,0.568331,0.047959,-0.181921,0.665526,0.240335,0.682802,-0.418684,-0.172765,0.020637,-0.034162,-0.002402,-0.145934,0.996289,-0.071466,-0.047959,0.000000,0.000000,0.000000,-1,0.977249,-0.046814,-0.168655,-0.570138,-0.164064,0.000775,77.172684,235.033875,-578.012207,0,0
2.760000,1.516394,0.071154,0.624623,0.002595,0.089383,-0.995994,-0.583312,0.809131,0.071094,0.812244,0.580791,0.054238,-0.186565,0.661872,0.246227,0.683001,-0.598653,-0.177015,0.015656,-0.018745,0.024280,-0.114418,0.995994,-0.071094,-0.054238,0.000000,0.000000,0.000000,-1,1.043900,-0.015030,-0.026108,-0.661560,-0.125803,0.013059,76.469513,234.330704,-578.347412,0,0
2.800000,1.530734,0.069362,0.645564,-0.009673,0.079412,-0.996795,-0.600203,0.796840,0.069306,0.799789,0.598949,0.039955,-0.195916,0.664559,0.251390,0.675855,0.574949,1.749474,-0.090162,0.144791,0.056885,0.313881,0.996795,-0.069306,-0.039955,0.000000,0.000000,0.000000,-1,1.210815,-0.048630,0.264709,1.111063,2.432118,-0.180727,77.348480,234.858078,-574.828064,0,0
2.840000,1.606320,0.064156,0.605193,-0.065660,0.032486,-0.997313,-0.567750,0.820701,0.064112,0.820578,0.570434,-0.035444,-0.193056,0.693146,0.228865,0.655667,1.614545,2.303494,-0.177004,0.183000,0.008708,0.153170,0.997313,-0.064112,0.035443,0.000000,0.000000,0.000000,-1,1.010605,-0.034698,0.132339,1.310998,0.879029,-0.098687,77.524277,235.385452,-573.654907,0,0
2.880000,1.640081,0.057687,0.554398,-0.089138,0.012458,-0.995941,-0.525556,0.848803,0.057655,0.846076,0.528562,-0.069114,-0.181089,0.708353,0.206895,0.650106,0.941669,-0.256195,-0.038614,-0.031845,0.042244,0.109292,0.995941,-0.057655,0.069114,0.000000,0.000000,0.000000,-1,0.957260,0.024521,0.242249,0.694900,-0.454781,-0.029252,78.754807,233.451736,-572.146606,0,0
2.920000,1.628186,0.055749,0.532281,-0.077654,0.018823,-0.996803,-0.506711,0.860313,0.055720,0.858611,0.509418,-0.057269,-0.172700,0.706264,0.200045,0.656771,0.585536,-0.453849,-0.001021,-0.041953,0.080622,0.206220,0.996803,-0.055720,0.057269,0.000000,0.000000,0.000000,-1,0.955231,0.001007,0.156876,0.160577,-0.423637,0.006735,78.754807,234.858078,-573.822510,0,0
2.960000,1.608671,0.056210,0.532005,-0.061111,0.029174,-0.997705,-0.506461,0.860431,0.056181,0.860095,0.508732,-0.037806,-0.170488,0.699883,0.201788,0.663610,-0.494654,-0.270496,-0.009312,-0.037347,0.056120,0.099615,0.997705,-0.056181,0.037806,0.000000,0.000000,0.000000,-1,0.965317,-0.011826,0.084137,-0.796858,-0.099872,-0.048843,77.172684,234.682281,-574.995605,0,0
3.000000,1.602274,0.055912,0.562870,-0.056423,0.030444,-0.997943,-0.532782,0.844406,0.055883,0.844370,0.534839,-0.031424,-0.180690,0.695027,0.212481,0.662676,-0.888066,-0.071505,-0.031510,-0.034594,0.039892,0.040247,0.997943,-0.055883,0.031424,0.000000,0.000000,0.000000,-1,0.963043,-0.049850,0.053436,-0.883054,-0.121669,-0.002284,77.700058,234.858078,-573.152161,0,0
3.040000,1.592264,0.058409,0.601737,-0.050733,0.035959,-0.998065,-0.565110,0.822948,0.058376,0.823454,0.566978,-0.021430,-0.192190,0.688315,0.227132,0.661586,-0.565667,-0.232619,0.076322,-0.011843,-0.015782,0.014749,0.998065,-0.058376,0.021430,0.000000,0.000000,0.000000,-1,1.015854,-0.092972,0.026321,-0.453108,-0.254499,0.073714,78.930603,235.737030,-574.325256,0,0
3.080000,1.583686,0.061610,0.611207,-0.045886,0.043023,-0.998020,-0.572767,0.817402,0.061571,0.818433,0.574458,-0.012865,-0.193376,0.684864,0.232174,0.663071,-0.131243,-0.270384,0.124230,0.028866,-0.043639,0.011702,0.998020,-0.061571,0.012865,0.000000,0.000000,0.000000,-1,1.068619,-0.113007,0.028992,0.129608,-0.208471,0.137203,77.172684,235.737030,-576.336304,0,0
3.120000,1.577262,0.065945,0.607744,-0.042935,0.050405,-0.997806,-0.569776,0.819154,0.065897,0.820678,0.571355,-0.006451,-0.189975,0.683473,0.233093,0.665163,0.266250,-0.174934,0.145292,0.070813,-0.047109,0.022540,0.997806,-0.065897,0.006451,0.000000,0.000000,0.000000,-1,1.030197,-0.056503,0.018997,0.335207,-0.125392,0.076704,76.821106,234.330704,-574.325256,0,1
3.160000,1.571595,0.066633,0.589478,-0.037680,0.054903,-0.997780,-0.554693,0.829386,0.066584,0.831201,0.555971,-0.000797,-0.182846,0.683349,0.227759,0.669124,0.176672,-0.101068,-0.001322,-0.025155,0.051859,0.012310,0.997781,-0.066584,0.000797,0.000000,0.000000,0.000000,-1,0.958557,0.000443,0.020172,0.073190,-0.083779,-0.009841,78.051651,235.561249,-574.492859,0,0
3.200000,1.569468,0.066951,0.588197,-0.036016,0.056395,-0.997759,-0.553619,0.830079,0.066901,0.831991,0.554787,0.001325,-0.182058,0.682783,0.227630,0.669960,-0.038174,-0.040466,0.019293,-0.028276,0.067847,0.027570,0.997759,-0.066901,-0.001325,0.000000,0.000000,0.000000,-1,0.999939,-0.016434,0.046921,-0.109478,0.063566,-0.000455,77.348480,235.209656,-574.492859,0,0
3.240000,1.572116,0.064369,0.590485,-0.036910,0.052698,-0.997928,-0.555611,0.828950,0.064325,0.830623,0.556834,-0.001317,-0.184022,0.683223,0.227290,0.669090,-0.084577,0.117251,0.006257,0.002011,0.047891,0.045604,0.997928,-0.064325,0.001317,0.000000,0.000000,0.000000,-1,0.977493,-0.080933,0.016266,-0.084769,0.141877,-0.007332,77.700058,234.154907,-574.492859,0,0
3.280000,1.577332,0.064570,0.593272,-0.041493,0.049843,-0.997895,-0.557912,0.827388,0.064525,0.828862,0.559415,-0.006522,-0.185500,0.684727,0.227806,0.666966,-0.093406,0.011378,0.009918,-0.020401,-0.016408,0.009744,0.997895,-0.064525,0.006522,0.000000,0.000000,0.000000,-1,0.995239,-0.067917,0.016098,-0.181275,-0.082646,-0.006807,77.875854,234.682281,-574.660461,0,0
3.320000,1.573162,0.065285,0.602715,-0.038932,0.052402,-0.997867,-0.565673,0.822045,0.065239,0.823710,0.567007,-0.002361,-0.188006,0.682521,0.231585,0.667224,-0.272602,-0.058883,-0.032101,-0.002628,-0.002678,0.013737,0.997867,-0.065239,0.002361,0.000000,0.000000,0.000000,-1,0.983078,-0.022537,0.029770,-0.338788,0.003523,-0.083677,77.172684,232.924362,-573.319763,0,0
3.360000,1.572917,0.062055,0.614962,-0.037511,0.049430,-0.998073,-0.575817,0.815223,0.062015,0.816718,0.577033,-0.002117,-0.193250,0.680965,0.234612,0.666257,-0.302374,0.004117,-0.092832,-0.014995,0.039478,0.027653,0.998073,-0.062015,0.002117,0.000000,0.000000,0.000000,-1,0.981827,-0.035507,0.024857,-0.273989,-0.025326,-0.109639,76.117935,235.385452,-575.330811,0,0
3.400000,1.571778,0.056495,0.625803,-0.033870,0.045190,-0.998404,-0.584814,0.809200,0.056465,0.810460,0.585793,-0.000980,-0.198689,0.678979,0.236479,0.666024,-0.122653,-0.087843,-0.070452,0.003824,-0.026527,0.011807,0.998404,-0.056465,0.000980,0.000000,0.000000,0.000000,-1,1.035568,-0.107910,0.009384,-0.097314,-0.090564,-0.059629,77.524277,233.979111,-574.325256,0,0
3.440000,1.569251,0.057845,0.626897,-0.032663,0.047727,-0.998326,-0.585654,0.808497,0.057813,0.809903,0.586562,0.001543,-0.198303,0.678162,0.237544,0.666592,0.023373,-0.084112,-0.005359,0.044536,-0.059817,0.008562,0.998326,-0.057813,-0.001543,0.000000,0.000000,0.000000,-1,1.024078,-0.125168,-0.000610,0.097804,-0.047715,-0.003776,77.348480,234.858078,-575.833557,0,0
3.480000,1.567699,0.058086,0.623628,-0.031387,0.048934,-0.998309,-0.582999,0.810396,0.058053,0.811866,0.583835,0.003092,-0.196929,0.677992,0.236687,0.667477,0.169422,-0.036349,0.008244,0.025770,-0.067115,0.002482,0.998309,-0.058053,-0.003092,0.000000,0.000000,0.000000,-1,1.014938,-0.099808,-0.005249,0.228877,-0.015915,0.001481,75.590561,235.209656,-575.498413,0,0
3.520000,1.565721,0.062942,0.607731,-0.031750,0.054535,-0.998007,-0.569875,0.819320,0.062901,0.821117,0.570737,0.005065,-0.189648,0.679339,0.233182,0.669447,0.275834,-0.072208,0.026752,0.014917,-0.019680,0.017120,0.998007,-0.062901,-0.005065,0.000000,0.000000,0.000000,-1,1.015381,-0.055878,0.031845,0.232036,-0.033852,0.008981,77.172684,235.737030,-575.666016,0,0
3.560000,1.567471,0.062781,0.600421,-0.032703,0.053645,-0.998024,-0.563877,0.823472,0.062740,0.825211,0.564815,0.003319,-0.187420,0.680598,0.230516,0.669718,0.213347,0.041107,0.022545,0.019813,0.020656,0.040581,0.998024,-0.062740,-0.003319,0.000000,0.000000,0.000000,-1,1.006821,-0.022202,0.048645,0.152618,0.103935,0.017603,77.172684,234.682281,-575.666016,0,0
3.600000,1.570465,0.063710,0.594955,-0.035409,0.052913,-0.997971,-0.559335,0.826493,0.063667,0.828185,0.560454,0.000330,-0.185585,0.682197,0.228717,0.669219,0.160345,0.111112,0.032282,0.008850,0.041465,0.048975,0.997971,-0.063667,-0.000330,0.000000,0.000000,0.000000,-1,1.013351,-0.061981,0.058212,0.122967,0.139101,0.040073,77.524277,235.033875,-576.001160,0,0
3.640000,1.576217,0.065982,0.588950,-0.041133,0.051814,-0.997809,-0.554279,0.829715,0.065935,0.831314,0.555777,-0.005409,-0.183413,0.684883,0.226941,0.667678,0.148877,0.152865,0.080154,0.015542,0.003953,0.052803,0.997809,-0.065935,0.005409,0.000000,0.000000,0.000000,-1,0.978424,-0.107666,0.054199,0.128515,0.183918,0.076083,76.117935,232.924362,-574.325256,0,0
3.680000,1.584722,0.070160,0.581730,-0.050151,0.050914,-0.997443,-0.548118,0.833458,0.070103,0.834896,0.550232,-0.013891,-0.180474,0.688749,0.225167,0.665097,0.117892,0.118961,0.078390,-0.019019,-0.037563,0.040308,0.997443,-0.070103,0.013891,0.000000,0.000000,0.000000,-1,0.980896,-0.129211,0.049576,0.034428,0.053678,0.078366,75.590561,233.451736,-575.163208,0,0
3.720000,1.588375,0.076399,0.579501,-0.056497,0.054228,-0.996929,-0.546009,0.834295,0.076325,0.835872,0.548644,-0.017526,-0.177998,0.690710,0.226205,0.663376,0.002750,0.035701,0.120094,-0.016033,-0.052887,0.032049,0.996929,-0.076325,0.017526,0.000000,0.000000,0.000000,-1,1.015854,-0.157761,0.045242,-0.023868,0.081900,0.151154,78.051651,233.451736,-574.828064,0,0
3.760000,1.592745,0.085816,0.577964,-0.065196,0.059782,-0.996080,-0.544310,0.834494,0.085710,0.836347,0.547764,-0.021866,-0.174768,0.693101,0.228493,0.660952,0.093811,0.116297,0.246924,0.034086,-0.098707,0.013718,0.996080,-0.085710,0.021866,0.000000,0.000000,0.000000,-1,1.013016,-0.190842,0.027740,0.123428,0.126145,0.242529,78.051651,232.748566,-574.157715,0,0
3.800000,1.598085,0.096002,0.568981,-0.074611,0.066022,-0.995025,-0.536293,0.838571,0.095854,0.840728,0.540777,-0.027159,-0.168803,0.696481,0.228517,0.658939,0.314198,0.097344,0.263396,-0.019698,-0.094682,-0.009993,0.995025,-0.095854,0.027159,0.000000,0.000000,0.000000,-1,0.948990,-0.180954,0.009552,0.349054,0.071270,0.268683,77.348480,232.748566,-575.163208,0,0
3.840000,1.600491,0.106631,0.557885,-0.081506,0.074534,-0.993882,-0.526387,0.843558,0.106429,0.846330,0.531841,-0.029522,-0.161599,0.699033,0.228269,0.658128,0.373736,0.043593,0.294047,-0.048692,-0.067247,-0.023632,0.993882,-0.106429,0.029522,0.000000,0.000000,0.000000,-1,0.940140,-0.160690,0.002487,0.309539,0.012184,0.292648,78.227432,232.924362,-574.325256,0,0
3.880000,1.601618,0.122836,0.541975,-0.089574,0.089022,-0.991994,-0.511942,0.850237,0.122528,0.854337,0.518819,-0.030585,-0.150644,0.701854,0.228447,0.657662,0.251202,0.012969,0.304849,-0.049764,-0.022996,-0.038489,0.991994,-0.122528,0.030585,0.000000,0.000000,0.000000,-1,0.959625,-0.138535,-0.015137,0.216925,0.020651,0.290139,77.875854,232.572784,-573.319763,0,0
3.920000,1.600785,0.131871,0.534771,-0.092780,0.097799,-0.990872,-0.505219,0.852915,0.131489,0.857989,0.512807,-0.029724,-0.144938,0.702748,0.229206,0.657726,0.235165,0.002251,0.292230,-0.024762,-0.001766,-0.049072,0.990872,-0.131489,0.029724,0.000000,0.000000,0.000000,-1,0.972351,-0.111801,-0.020004,0.213584,-0.005024,0.262562,78.227432,231.869614,-573.654907,0,0
3.960000,1.601430,0.139948,0.527311,-0.096629,0.105074,-0.989759,-0.498292,0.855714,0.139491,0.861608,0.506668,-0.030330,-0.139630,0.704037,0.229448,0.657411,0.238204,-0.025554,0.263547,-0.017408,0.027690,-0.050334,0.989759,-0.139491,0.030330,0.000000,0.000000,0.000000,-1,0.991257,-0.083389,-0.029846,0.197391,-0.049829,0.227700,78.579025,228.705353,-574.325256,0,0
4.000000,1.598006,0.147828,0.518673,-0.096617,0.114384,-0.988727,-0.490321,0.859006,0.147290,0.866170,0.499025,-0.026909,-0.133498,0.704012,0.229511,0.658688,0.186778,-0.090615,0.215175,0.002530,0.063901,-0.056756,0.988727,-0.147290,0.026909,0.000000,0.000000,0.000000,-1,1.008606,-0.080780,-0.032944,0.117250,-0.095903,0.168836,77.348480,228.529572,-574.157715,0,0
4.040000,1.589519,0.150443,0.512810,-0.089834,0.121389,-0.988532,-0.485086,0.861527,0.149876,0.869840,0.492987,-0.018510,-0.129566,0.701760,0.229018,0.662039,0.079033,-0.091372,0.133945,0.020074,0.069096,-0.051454,0.988532,-0.149876,0.018510,0.000000,0.000000,0.000000,-1,0.989929,-0.087967,-0.030563,0.032974,-0.086010,0.091684,78.227432,228.353775,-574.325256,0,0
4.080000,1.584313,0.151704,0.510913,-0.085678,0.125203,-0.988425,-0.483358,0.862280,0.151123,0.871220,0.490711,-0.013361,-0.127869,0.700236,0.229149,0.663935,0.030937,-0.087853,0.056519,0.001505,0.063156,-0.043924,0.988425,-0.151123,0.013361,0.000000,0.000000,0.000000,-1,0.962067,-0.099075,-0.026062,-0.023611,-0.069809,0.010033,79.633774,229.408524,-574.995605,0,0
4.120000,1.578516,0.149619,0.511462,-0.079688,0.126204,-0.988798,-0.483985,0.862287,0.149062,0.871440,0.490442,-0.007633,-0.128119,0.698142,0.229002,0.666139,-0.019126,-0.052314,0.005618,-0.028364,0.036330,-0.021366,0.988798,-0.149062,0.007633,0.000000,0.000000,0.000000,-1,0.984406,-0.147781,-0.008926,-0.038471,-0.042405,-0.004869,78.754807,227.826401,-575.833557,0,0
4.160000,1.576096,0.149039,0.511770,-0.077337,0.126867,-0.988900,-0.484293,0.862213,0.148488,0.871481,0.490401,-0.005240,-0.128150,0.697279,0.229065,0.667015,0.008510,-0.066114,0.003320,0.002005,-0.012187,-0.012748,0.988900,-0.148488,0.005241,0.000000,0.000000,0.000000,-1,1.010239,-0.200577,0.003036,0.024203,-0.075422,-0.023342,79.282196,228.002182,-576.336304,0,0
4.200000,1.572737,0.149622,0.509529,-0.074403,0.129182,-0.988826,-0.482316,0.863221,0.149064,0.872832,0.488018,-0.001919,-0.126783,0.696337,0.228726,0.668375,0.097823,-0.095923,-0.011105,0.018636,-0.061842,0.001071,0.988826,-0.149064,0.001919,0.000000,0.000000,0.000000,-1,1.011505,-0.218948,0.011322,0.108268,-0.088192,-0.028207,78.227432,228.353775,-577.341858,0,0
4.240000,1.568686,0.148643,0.503363,-0.069589,0.130745,-0.988971,-0.477055,0.866306,0.148096,0.876114,0.482099,0.002088,-0.124517,0.695307,0.226589,0.670598,0.102000,-0.105653,-0.032408,0.005841,-0.072714,0.029080,0.988971,-0.148096,-0.002088,0.000000,0.000000,0.000000,-1,0.981400,-0.224472,0.040970,0.052804,-0.103203,-0.049027,80.688522,226.595856,-578.347412,0,0
4.280000,1.565370,0.147657,0.501774,-0.066004,0.131593,-0.989104,-0.475748,0.867190,0.147121,0.877102,0.480275,0.005367,-0.123934,0.694231,0.225932,0.672040,0.011414,-0.133168,-0.031602,-0.019972,-0.078328,0.050136,0.989104,-0.147121,-0.005367,0.000000,0.000000,0.000000,-1,0.929001,-0.229660,0.054428,-0.077282,-0.156236,-0.059538,81.919067,228.177979,-578.515015,0,0
