0.000000,-1.529218,1.391191,1.348403,0.968022,-0.176286,0.178486,-0.174241,0.039402,0.983914,-0.180483,-0.983550,0.007425,0.693036,-0.126446,-0.000720,0.709727,0.000732,-0.011486,-0.004571,0.001469,0.015515,-0.002447,-0.178486,-0.983914,-0.007425,0.000000,0.000000,0.000000,-1,-0.177490,-0.972244,-0.010895,-0.000090,-0.114504,-0.000546,138.062347,201.860748,-745.164612,0,0
0.040000,-1.528668,1.391218,1.347583,0.967981,-0.176540,0.178456,-0.174183,0.039539,0.983919,-0.180757,-0.983499,0.007523,0.692986,-0.126526,-0.000830,0.709761,-0.001405,-0.014667,-0.005595,0.000966,0.011675,-0.003372,-0.178456,-0.983919,-0.007523,0.000000,0.000000,0.000000,-1,-0.176804,-0.969482,-0.009781,-0.002214,-0.116622,0.000551,138.237549,200.987656,-744.329590,0,0
0.080000,-1.527576,1.391286,1.345764,0.967869,-0.177230,0.178381,-0.174046,0.039841,0.983931,-0.181489,-0.983363,0.007714,0.692877,-0.126746,-0.001121,0.709828,-0.005657,-0.021024,-0.002325,0.000021,0.014830,0.001748,-0.178381,-0.983931,-0.007714,0.000000,0.000000,0.000000,-1,-0.176102,-0.968491,-0.008255,-0.004336,-0.120860,0.002721,135.434250,199.939926,-742.993591,0,0
0.120000,-1.528138,1.391373,1.345193,0.967680,-0.178339,0.178300,-0.173940,0.039921,0.983947,-0.182594,-0.983159,0.007611,0.692847,-0.127113,-0.001549,0.709791,0.000705,-0.024212,-0.006630,0.001267,0.016143,0.003262,-0.178300,-0.983947,-0.007611,0.000000,0.000000,0.000000,-1,-0.178848,-0.969757,-0.003922,-0.000107,-0.120870,-0.003708,136.660690,200.813034,-744.496582,0,0
0.160000,-1.528064,1.391375,1.344429,0.967557,-0.179006,0.178297,-0.173907,0.040054,0.983947,-0.183274,-0.983032,0.007624,0.692799,-0.127351,-0.001796,0.709795,-0.006736,-0.013614,-0.008710,-0.005083,0.013885,-0.002218,-0.178297,-0.983947,-0.007624,0.000000,0.000000,0.000000,-1,-0.180725,-0.969162,-0.008865,-0.005408,-0.111325,-0.001565,135.784668,201.336884,-742.325562,0,0
0.200000,-1.526714,1.391399,1.342702,0.967500,-0.179350,0.178264,-0.173815,0.040348,0.983951,-0.183664,-0.982958,0.007863,0.692692,-0.127461,-0.001949,0.709879,-0.004603,-0.012549,-0.005541,0.002253,0.015857,-0.003947,-0.178264,-0.983951,-0.007863,0.000000,0.000000,0.000000,-1,-0.170258,-0.968674,-0.009857,-0.005409,-0.113445,-0.001556,135.959869,201.162277,-744.830627,0,0
0.240000,-1.524826,1.392020,1.340133,0.967493,-0.180004,0.177638,-0.173116,0.040655,0.984062,-0.184357,-0.982825,0.008172,0.692580,-0.127466,-0.002425,0.709986,-0.005687,-0.016794,-0.008713,0.004558,0.012108,-0.000663,-0.177638,-0.984062,-0.008172,0.000000,0.000000,0.000000,-1,-0.172501,-0.970108,-0.006424,-0.003293,-0.116629,-0.003692,137.011108,201.162277,-744.162598,0,0
0.280000,-1.524433,1.392501,1.338949,0.967435,-0.180783,0.177162,-0.172607,0.040751,0.984147,-0.185136,-0.982678,0.008220,0.692543,-0.127570,-0.002879,0.710001,-0.001439,-0.023154,-0.007672,0.004539,0.014024,-0.001317,-0.177162,-0.984147,-0.008220,0.000000,0.000000,0.000000,-1,-0.177063,-0.971100,-0.006439,-0.000097,-0.117686,-0.001595,136.660690,200.463791,-745.164612,0,0
0.320000,-1.525602,1.392598,1.339703,0.967372,-0.181206,0.177076,-0.172545,0.040599,0.984165,-0.185526,-0.982607,0.008008,0.692597,-0.127690,-0.003050,0.709926,-0.001425,-0.017853,-0.006631,0.000013,0.013065,0.001569,-0.177076,-0.984165,-0.008008,0.000000,0.000000,0.000000,-1,-0.179413,-0.968719,-0.006577,-0.001149,-0.118741,0.001612,136.485489,199.939926,-744.329590,0,0
0.360000,-1.525908,1.392351,1.339095,0.967162,-0.182086,0.177321,-0.172756,0.040760,0.984121,-0.186422,-0.982437,0.007965,0.692538,-0.128095,-0.003286,0.709910,-0.000337,-0.006186,-0.002424,-0.003862,0.015401,0.000091,-0.177321,-0.984121,-0.007965,0.000000,0.000000,0.000000,-1,-0.176559,-0.967255,-0.005783,0.000994,-0.101776,0.002576,136.310287,200.813034,-742.492554,0,0
0.400000,-1.527069,1.392230,1.340237,0.967133,-0.182117,0.177449,-0.172919,0.040590,0.984099,-0.186424,-0.982439,0.007764,0.692600,-0.128153,-0.003240,0.709839,0.003931,0.002296,-0.001437,-0.002132,0.014495,0.003828,-0.177449,-0.984099,-0.007764,0.000000,0.000000,0.000000,-1,-0.176498,-0.969101,-0.001053,0.006322,-0.096472,0.004621,135.959869,201.162277,-744.496582,0,0
0.440000,-1.528784,1.392208,1.342019,0.967134,-0.182077,0.177484,-0.173012,0.040286,0.984095,-0.186331,-0.982459,0.007461,0.692710,-0.128152,-0.003193,0.709733,0.002880,0.002296,-0.000360,0.000985,0.014995,0.006408,-0.177484,-0.984095,-0.007461,0.000000,0.000000,0.000000,-1,-0.175369,-0.970886,-0.006622,0.002064,-0.098594,0.003613,136.310287,200.813034,-742.492554,0,0
0.480000,-1.527826,1.392289,1.341180,0.967173,-0.181950,0.177397,-0.172900,0.040413,0.984110,-0.186228,-0.982477,0.007628,0.692664,-0.128075,-0.003188,0.709791,-0.000329,0.000170,-0.003504,0.003416,0.013575,-0.001573,-0.177397,-0.984110,-0.007628,0.000000,0.000000,0.000000,-1,-0.170181,-0.972733,-0.008163,0.000989,-0.098599,0.000434,133.857391,200.813034,-744.830627,0,0
0.520000,-1.527543,1.392574,1.340911,0.967226,-0.181945,0.177115,-0.172617,0.040396,0.984160,-0.186218,-0.982478,0.007666,0.692670,-0.127969,-0.003286,0.709804,0.001795,0.000170,-0.003535,0.004141,0.011931,0.000494,-0.177115,-0.984160,-0.007666,0.000000,0.000000,0.000000,-1,-0.172501,-0.968033,-0.007080,0.002061,-0.097536,0.002545,135.434250,201.686127,-743.327576,0,0
0.560000,-1.527713,1.392732,1.341164,0.967268,-0.181873,0.176961,-0.172476,0.040317,0.984188,-0.186132,-0.982495,0.007629,0.692698,-0.127887,-0.003310,0.709791,0.002865,0.004412,-0.002504,0.004460,0.016155,0.000549,-0.176961,-0.984188,-0.007629,0.000000,0.000000,0.000000,-1,-0.175476,-0.972046,-0.013184,0.007389,-0.096471,0.005673,137.536728,200.289169,-743.661621,0,0
0.600000,-1.526664,1.392646,1.340027,0.967242,-0.181939,0.177037,-0.172512,0.040533,0.984173,-0.186235,-0.982474,0.007818,0.692620,-0.127938,-0.003320,0.709858,-0.000331,-0.005122,0.001830,0.006901,0.013623,0.000341,-0.177037,-0.984173,-0.007818,0.000000,0.000000,0.000000,-1,-0.173325,-0.968216,-0.004715,0.001001,-0.103894,0.004713,135.083832,199.939926,-743.661621,0,0
0.640000,-1.526838,1.392832,1.340110,0.967256,-0.182037,0.176855,-0.172337,0.040476,0.984206,-0.186320,-0.982458,0.007779,0.692640,-0.127907,-0.003416,0.709844,0.000711,-0.003012,-0.004578,0.006109,0.015227,0.000882,-0.176855,-0.984206,-0.007779,0.000000,0.000000,0.000000,-1,-0.175354,-0.972198,-0.011536,0.003104,-0.102843,-0.001697,137.011108,200.813034,-744.496582,0,0
0.680000,-1.525801,1.392984,1.339002,0.967274,-0.182096,0.176698,-0.172146,0.040633,0.984233,-0.186404,-0.982441,0.007956,0.692583,-0.127870,-0.003504,0.709905,0.001760,-0.000894,-0.006726,0.001344,0.012035,-0.003580,-0.176698,-0.984233,-0.007956,0.000000,0.000000,0.000000,-1,-0.169708,-0.970627,-0.010544,0.002057,-0.097537,0.001481,136.835892,200.289169,-744.663574,0,0
0.720000,-1.524180,1.393473,1.337351,0.967359,-0.182120,0.176204,-0.171611,0.040806,0.984319,-0.186455,-0.982429,0.008220,0.692520,-0.127697,-0.003700,0.709997,0.001759,-0.007247,-0.002453,0.004085,0.013525,-0.000905,-0.176204,-0.984319,-0.008220,0.000000,0.000000,0.000000,-1,-0.171158,-0.969971,-0.008209,0.004177,-0.111318,0.002584,135.609451,201.162277,-742.158569,0,0
0.760000,-1.524993,1.393602,1.337788,0.967310,-0.182502,0.176083,-0.171505,0.040701,0.984342,-0.186811,-0.982363,0.008071,0.692556,-0.127790,-0.003872,0.709944,0.004945,-0.015728,-0.001388,0.002774,0.015516,0.000243,-0.176083,-0.984342,-0.008071,0.000000,0.000000,0.000000,-1,-0.175385,-0.967712,-0.007446,0.007373,-0.112375,0.004681,135.784668,203.083084,-743.995605,0,0
0.800000,-1.526050,1.393541,1.338480,0.967228,-0.182868,0.176152,-0.171592,0.040596,0.984331,-0.187154,-0.982299,0.007887,0.692594,-0.127946,-0.003971,0.709879,0.006019,-0.010424,0.000706,0.000768,0.016619,0.000441,-0.176152,-0.984331,-0.007887,0.000000,0.000000,0.000000,-1,-0.176071,-0.969482,-0.009811,0.008454,-0.104949,0.007826,137.361511,200.463791,-744.162598,0,0
0.840000,-1.527222,1.393116,1.339396,0.967103,-0.183116,0.176579,-0.172036,0.040535,0.984256,-0.187390,-0.982255,0.007699,0.692616,-0.128192,-0.003902,0.709813,0.005053,-0.004026,0.002842,0.003331,0.014774,-0.002814,-0.176579,-0.984256,-0.007699,0.000000,0.000000,0.000000,-1,-0.171158,-0.969223,-0.011627,0.005268,-0.106008,0.008930,136.835892,201.686127,-743.661621,0,0
0.880000,-1.527162,1.393157,1.339158,0.967078,-0.183289,0.176539,-0.171987,0.040567,0.984264,-0.187567,-0.982222,0.007708,0.692604,-0.128239,-0.003981,0.709816,0.001850,-0.007209,0.000760,0.004618,0.014766,-0.001264,-0.176539,-0.984264,-0.007708,0.000000,0.000000,0.000000,-1,-0.174225,-0.971085,-0.008453,0.002058,-0.107076,0.003652,136.485489,200.638412,-742.993591,0,0
0.920000,-1.527622,1.393193,1.339453,0.967052,-0.183457,0.176507,-0.171965,0.040508,0.984270,-0.187721,-0.982193,0.007625,0.692625,-0.128288,-0.004048,0.709786,0.005037,-0.004031,-0.000353,0.002282,0.013185,-0.000828,-0.176507,-0.984270,-0.007625,0.000000,0.000000,0.000000,-1,-0.174042,-0.969040,-0.008469,0.007377,-0.101775,0.003569,136.310287,201.511505,-742.492554,0,0
0.960000,-1.529099,1.393106,1.340893,0.967024,-0.183512,0.176603,-0.172106,0.040280,0.984255,-0.187737,-0.982192,0.007368,0.692708,-0.128344,-0.004018,0.709696,0.006117,-0.000843,0.004939,0.003217,0.015062,-0.001497,-0.176603,-0.984255,-0.007368,0.000000,0.000000,0.000000,-1,-0.174515,-0.969513,-0.009445,0.005269,-0.098588,0.007833,137.361511,200.463791,-744.162598,0,0
1.000000,-1.529468,1.393026,1.341325,0.967020,-0.183453,0.176684,-0.172200,0.040223,0.984240,-0.187668,-0.982205,0.007306,0.692728,-0.128352,-0.003964,0.709674,0.006154,0.001377,0.002842,0.002994,0.015750,-0.000979,-0.176684,-0.984240,-0.007306,0.000000,0.000000,0.000000,-1,-0.174301,-0.968979,-0.007889,0.009521,-0.099648,0.007791,135.959869,200.813034,-743.494568,0,0
1.040000,-1.530465,1.392830,1.342371,0.966991,-0.183413,0.176884,-0.172430,0.040087,0.984206,-0.187607,-0.982218,0.007138,0.692778,-0.128412,-0.003870,0.709615,0.008275,0.000315,0.001762,0.002583,0.015227,-0.000751,-0.176884,-0.984206,-0.007138,0.000000,0.000000,0.000000,-1,-0.173538,-0.968765,-0.010361,0.011641,-0.102830,0.006718,137.186310,202.035370,-743.661621,0,0
1.080000,-1.532244,1.392778,1.344049,0.966956,-0.183536,0.176948,-0.172547,0.039809,0.984197,-0.187680,-0.982207,0.006825,0.692878,-0.128480,-0.003872,0.709505,0.009329,-0.002865,0.001764,0.001182,0.015431,-0.002620,-0.176948,-0.984197,-0.006825,0.000000,0.000000,0.000000,-1,-0.178879,-0.969009,-0.011108,0.009518,-0.103889,0.007810,137.536728,201.686127,-742.325562,0,0
1.120000,-1.532665,1.392580,1.344360,0.966900,-0.183642,0.177146,-0.172749,0.039799,0.984161,-0.187783,-0.982187,0.006758,0.692882,-0.128590,-0.003838,0.709482,0.006142,-0.004983,0.003938,0.002433,0.013977,-0.002290,-0.177146,-0.984161,-0.006758,0.000000,0.000000,0.000000,-1,-0.176682,-0.968628,-0.004608,0.005269,-0.103887,0.008921,136.835892,200.987656,-743.995605,0,0
1.160000,-1.533856,1.392367,1.345446,0.966839,-0.183752,0.177363,-0.172997,0.039658,0.984124,-0.187869,-0.982172,0.006555,0.692933,-0.128710,-0.003790,0.709410,0.005127,-0.002720,0.004000,0.000682,0.015496,0.001947,-0.177363,-0.984124,-0.006555,0.000000,0.000000,0.000000,-1,-0.177826,-0.970169,-0.006409,0.004195,-0.097532,0.004649,136.485489,199.590683,-743.661621,0,0
1.200000,-1.535351,1.392112,1.347203,0.966837,-0.183511,0.177624,-0.173311,0.039410,0.984078,-0.187590,-0.982227,0.006299,0.693024,-0.128719,-0.003595,0.709321,0.009390,0.008941,0.003904,-0.000767,0.013802,-0.001895,-0.177624,-0.984078,-0.006299,0.000000,0.000000,0.000000,-1,-0.170486,-0.971970,-0.009979,0.012717,-0.096466,0.008805,135.784668,202.035370,-743.661621,0,0
1.240000,-1.535828,1.392202,1.347782,0.966869,-0.183424,0.177538,-0.173247,0.039290,0.984094,-0.187482,-0.982248,0.006211,0.693067,-0.128657,-0.003587,0.709290,0.005119,0.001517,0.001852,0.009752,0.011942,-0.003082,-0.177538,-0.984094,-0.006211,0.000000,0.000000,0.000000,-1,-0.170135,-0.969772,-0.006302,0.005255,-0.107073,0.005744,136.660690,201.511505,-742.826599,0,0
1.280000,-1.536680,1.392477,1.348509,0.966890,-0.183569,0.177273,-0.173012,0.039105,0.984143,-0.187590,-0.982229,0.006050,0.693133,-0.128612,-0.003721,0.709233,0.005103,-0.009089,-0.000233,0.007137,0.014371,-0.000252,-0.177273,-0.984143,-0.006050,0.000000,0.000000,0.000000,-1,-0.177750,-0.972931,-0.012131,0.005252,-0.106014,0.004675,136.310287,201.511505,-743.494568,0,0
1.320000,-1.535420,1.392416,1.347146,0.966866,-0.183647,0.177324,-0.173016,0.039354,0.984132,-0.187711,-0.982204,0.006276,0.693043,-0.128658,-0.003747,0.709312,-0.000167,0.008017,0.000873,0.003298,0.014055,-0.004909,-0.177324,-0.984132,-0.006276,0.000000,0.000000,0.000000,-1,-0.177856,-0.971298,-0.021347,-0.000045,-0.091168,0.006794,137.011108,200.114548,-744.162598,0,0
1.360000,-1.529421,1.392035,1.341316,0.966856,-0.183376,0.177659,-0.173150,0.040447,0.984065,-0.187640,-0.982210,0.007355,0.692650,-0.128682,-0.003602,0.709693,-0.012917,-0.011051,0.010676,-0.005752,0.012980,-0.023025,-0.177659,-0.984065,-0.007355,0.000000,0.000000,0.000000,-1,-0.188797,-0.982712,-0.029190,-0.019128,-0.143081,0.031704,136.310287,202.209991,-743.828613,0,0
1.400000,-1.519920,1.390713,1.330747,0.966473,-0.184207,0.178880,-0.173976,0.042584,0.983829,-0.188845,-0.981965,0.009109,0.691878,-0.129424,-0.003601,0.710311,-0.032031,-0.056604,0.032375,-0.009917,0.001117,-0.020081,-0.178880,-0.983829,-0.009109,0.000000,0.000000,0.000000,-1,-0.182083,-0.949219,-0.012833,-0.041438,-0.153674,0.038380,137.011108,201.162277,-745.164612,0,0
1.440000,-1.511402,1.388195,1.319931,0.965649,-0.186184,0.181268,-0.175904,0.045078,0.983375,-0.191260,-0.981480,0.010779,0.690976,-0.131006,-0.003615,0.710898,-0.020335,-0.019505,0.026774,0.005654,0.034583,-0.008890,-0.181268,-0.983375,-0.010779,0.000000,0.000000,0.000000,-1,-0.158890,-0.961868,-0.026001,-0.009550,-0.108101,0.027186,135.959869,201.162277,-744.162598,0,0
1.480000,-1.506127,1.388450,1.314490,0.965690,-0.186272,0.180959,-0.175414,0.045971,0.983421,-0.191503,-0.981422,0.011719,0.690652,-0.130922,-0.003817,0.711228,0.003019,-0.004552,0.009468,0.024144,0.017784,-0.008301,-0.180959,-0.983421,-0.011719,0.000000,0.000000,0.000000,-1,-0.161743,-0.973129,-0.010590,0.014812,-0.111317,0.003530,135.959869,201.162277,-743.494568,0,0
1.520000,-1.508455,1.389456,1.316556,0.965805,-0.186607,0.179998,-0.174551,0.045359,0.983603,-0.191712,-0.981387,0.011236,0.690871,-0.130689,-0.004239,0.711056,0.024219,-0.014116,-0.005631,0.018255,0.010474,0.000646,-0.179998,-0.983603,-0.011236,0.000000,0.000000,0.000000,-1,-0.177200,-0.961624,-0.019745,0.045624,-0.119803,0.000038,136.310287,200.463791,-743.828613,0,0
1.560000,-1.517890,1.389882,1.325432,0.965728,-0.187314,0.179677,-0.174540,0.043706,0.983680,-0.192110,-0.981327,0.009515,0.691467,-0.130828,-0.004495,0.710449,0.050808,-0.015168,-0.000603,-0.004848,0.021918,-0.009070,-0.179677,-0.983680,-0.009515,0.000000,0.000000,0.000000,-1,-0.196075,-0.962570,-0.023590,0.049909,-0.114491,0.007413,135.784668,200.987656,-743.661621,0,0
1.600000,-1.524188,1.388553,1.331251,0.965375,-0.187818,0.181040,-0.176061,0.043000,0.983440,-0.192492,-0.981262,0.008444,0.691724,-0.131512,-0.004139,0.710074,0.046570,-0.022573,0.009069,-0.015570,0.018474,-0.016199,-0.181040,-0.983440,-0.008444,0.000000,0.000000,0.000000,-1,-0.186264,-0.964890,-0.025833,0.050994,-0.111302,0.012705,136.835892,202.035370,-743.661621,0,0
1.640000,-1.527895,1.387718,1.334771,0.965176,-0.188021,0.181890,-0.177010,0.042572,0.983288,-0.192622,-0.981242,0.007808,0.691881,-0.131898,-0.003878,0.709851,0.054023,-0.005477,0.006843,-0.004374,0.018398,-0.018025,-0.181890,-0.983288,-0.007808,0.000000,0.000000,0.000000,-1,-0.179459,-0.964035,-0.024460,0.058420,-0.106009,0.007281,136.485489,200.987656,-744.663574,0,0
1.680000,-1.538619,1.387304,1.345065,0.964974,-0.188593,0.182370,-0.177835,0.040839,0.983212,-0.192875,-0.981206,0.005870,0.692507,-0.132283,-0.003792,0.709169,0.067799,-0.041517,0.008983,0.006116,0.017636,-0.018529,-0.182370,-0.983212,-0.005870,0.000000,0.000000,0.000000,-1,-0.177734,-0.963409,-0.020721,0.072244,-0.145224,0.015815,136.310287,201.162277,-743.160583,0,0
1.720000,-1.547297,1.387021,1.352649,0.964680,-0.189778,0.182692,-0.178411,0.039549,0.983161,-0.193807,-0.981030,0.004294,0.692971,-0.132830,-0.004010,0.708612,0.073117,-0.051050,0.014285,0.002501,0.018592,-0.014108,-0.182692,-0.983161,-0.004294,0.000000,0.000000,0.000000,-1,-0.181030,-0.967255,-0.020538,0.068017,-0.158992,0.025497,134.908630,201.162277,-742.826599,0,0
1.760000,-1.555608,1.386331,1.359470,0.964240,-0.191324,0.183400,-0.179341,0.038474,0.983034,-0.195135,-0.980772,0.002786,0.693358,-0.133649,-0.004231,0.708078,0.063556,-0.062699,0.021891,0.002370,0.015780,-0.017753,-0.183400,-0.983034,-0.002786,0.000000,0.000000,0.000000,-1,-0.168030,-0.965057,-0.023209,0.069051,-0.175962,0.021307,135.784668,200.987656,-743.661621,0,0
1.800000,-1.565734,1.386159,1.366986,0.963669,-0.194002,0.183587,-0.179790,0.037159,0.983003,-0.197527,-0.980297,0.000929,0.693827,-0.134685,-0.005023,0.707417,0.076245,-0.079557,0.009097,0.015557,0.017946,-0.022279,-0.183587,-0.983003,-0.000929,0.000000,0.000000,0.000000,-1,-0.168625,-0.967697,-0.018829,0.077483,-0.167512,-0.000098,136.485489,200.638412,-742.993591,0,0
1.840000,-1.580197,1.387265,1.378974,0.963337,-0.196665,0.182494,-0.179155,0.034794,0.983205,-0.199712,-0.979853,-0.001716,0.694669,-0.135252,-0.006196,0.706473,0.084666,-0.039302,-0.015653,0.005767,0.021703,-0.027060,-0.182494,-0.983205,0.001716,0.000000,0.000000,0.000000,-1,-0.179489,-0.972046,-0.030457,0.094481,-0.139960,-0.008919,135.959869,200.463791,-743.160583,0,0
1.880000,-1.586999,1.387611,1.385050,0.963236,-0.197489,0.182138,-0.179029,0.033642,0.983268,-0.200313,-0.979728,-0.002951,0.695080,-0.135423,-0.006537,0.706032,0.094228,-0.035054,-0.012586,0.002649,0.011223,-0.033408,-0.182138,-0.983268,0.002951,0.000000,0.000000,0.000000,-1,-0.180786,-0.975052,-0.015396,0.097710,-0.109207,-0.004839,136.485489,200.638412,-743.661621,0,0
1.920000,-1.599240,1.388232,1.397374,0.963332,-0.197631,0.181479,-0.178829,0.031327,0.983381,-0.200032,-0.979776,-0.005163,0.695911,-0.135240,-0.006665,0.705247,0.093177,-0.002181,-0.010599,0.000692,0.008329,-0.020559,-0.181478,-0.983381,0.005163,0.000000,0.000000,0.000000,-1,-0.193649,-0.965866,-0.014389,0.084963,-0.095425,-0.004761,135.083832,200.638412,-742.659546,0,0
1.960000,-1.614175,1.387213,1.413776,0.963405,-0.196435,0.182382,-0.180308,0.028547,0.983196,-0.198341,-0.980101,-0.007917,0.696917,-0.135146,-0.005725,0.704279,0.074106,0.036114,0.004374,-0.003745,0.022609,-0.019376,-0.182382,-0.983196,0.007917,0.000000,0.000000,0.000000,-1,-0.176453,-0.963776,0.002319,0.083948,-0.051950,-0.000691,135.959869,200.813034,-743.160583,0,0
2.000000,-1.619559,1.387186,1.420256,0.963606,-0.195468,0.182363,-0.180515,0.027382,0.983191,-0.197176,-0.980328,-0.008899,0.697338,-0.134792,-0.005310,0.703933,0.082580,0.048823,-0.005350,0.006521,0.021201,-0.009006,-0.182363,-0.983191,0.008900,0.000000,0.000000,0.000000,-1,-0.172165,-0.961868,-0.001175,0.103025,-0.057273,-0.015769,135.259048,200.463791,-743.160583,0,0
2.040000,-1.647163,1.388757,1.451382,0.964538,-0.192570,0.180508,-0.179747,0.021567,0.983476,-0.193282,-0.981046,-0.013812,0.699425,-0.133080,-0.004566,0.702192,0.130287,0.051955,-0.038869,0.001279,0.023989,-0.013949,-0.180508,-0.983476,0.013812,0.000000,0.000000,0.000000,-1,-0.191681,-0.958221,0.009277,0.133783,-0.047764,-0.037425,136.135071,201.686127,-742.993591,0,0
2.080000,-1.673023,1.389036,1.479455,0.965005,-0.190867,0.179818,-0.180008,0.016488,0.983527,-0.190688,-0.981477,-0.018446,0.701242,-0.132221,-0.003875,0.700544,0.142996,0.015901,-0.043089,-0.018333,0.026999,-0.007063,-0.179818,-0.983527,0.018446,0.000000,0.000000,0.000000,-1,-0.199982,-0.960754,0.023895,0.144365,-0.113496,-0.037245,135.959869,200.463791,-742.492554,0,0
2.120000,-1.695680,1.388591,1.502332,0.964980,-0.191022,0.179787,-0.180774,0.012396,0.983447,-0.190088,-0.981507,-0.022570,0.702701,-0.132274,-0.003665,0.699072,0.132370,-0.010498,-0.038575,-0.020194,0.022692,0.001325,-0.179787,-0.983447,0.022570,0.000000,0.000000,0.000000,-1,-0.200058,-0.961792,0.042694,0.115701,-0.091222,-0.030648,135.259048,200.463791,-742.158569,0,0
2.160000,-1.731985,1.387153,1.540355,0.965106,-0.189955,0.180246,-0.182528,0.005558,0.983185,-0.187762,-0.981777,-0.029308,0.705134,-0.132061,-0.002665,0.696663,0.088865,0.072194,-0.037381,-0.028251,0.020966,0.027455,-0.180246,-0.983185,0.029308,0.000000,0.000000,0.000000,-1,-0.225098,-0.978180,0.061722,0.077467,-0.008536,-0.036982,136.310287,201.162277,-743.160583,0,0
2.200000,-1.739372,1.388172,1.553358,0.966358,-0.184657,0.179036,-0.181583,0.003167,0.983371,-0.182153,-0.982798,-0.030470,0.705985,-0.129691,-0.001104,0.696250,-0.022745,0.213162,-0.061245,-0.046306,-0.005887,0.034944,-0.179036,-0.983371,0.030470,0.000000,0.000000,0.000000,-1,-0.231720,-1.012543,0.107697,-0.146733,0.263903,-0.058078,136.485489,201.336884,-743.327576,0,0
2.240000,-1.713327,1.389746,1.537269,0.968372,-0.174608,0.178237,-0.179961,0.006036,0.983655,-0.172830,-0.984619,-0.025578,0.704967,-0.125740,0.001917,0.698002,-0.204364,0.441102,-0.061327,-0.053483,-0.028888,0.082119,-0.178237,-0.983655,0.025578,0.000000,0.000000,0.000000,-1,-0.180969,-0.953690,0.099731,-0.256964,0.501451,-0.016450,137.186310,201.336884,-742.659546,0,0
2.280000,-1.620832,1.389624,1.474925,0.973103,-0.143825,0.179958,-0.179356,0.017248,0.983633,-0.144575,-0.989453,-0.009012,0.700869,-0.115279,0.012621,0.703800,-0.246131,0.691654,0.089047,0.050487,0.017981,0.065771,-0.179958,-0.983633,0.009012,0.000000,0.000000,0.000000,-1,-0.054260,-1.001297,0.029541,-0.227764,0.508009,0.114035,136.310287,202.209991,-743.160583,0,0
2.320000,-1.562068,1.387033,1.434233,0.975161,-0.125195,0.182724,-0.181029,0.024877,0.983163,-0.127632,-0.991820,0.001595,0.697977,-0.109683,0.019732,0.707395,-0.121207,0.299285,0.027739,0.166244,-0.017585,0.038186,-0.182724,-0.983163,-0.001595,0.000000,0.000000,0.000000,-1,-0.109253,-0.973618,0.016739,0.024466,0.150509,-0.027542,135.959869,201.162277,-744.830627,0,0
2.360000,-1.554826,1.387714,1.434697,0.976237,-0.117573,0.182038,-0.180378,0.024702,0.983287,-0.120104,-0.992757,0.002907,0.697966,-0.106721,0.022184,0.707786,0.090078,0.241939,-0.037090,0.072785,0.009670,0.019646,-0.182038,-0.983287,-0.002907,0.000000,0.000000,0.000000,-1,-0.152573,-1.016678,-0.009293,0.213676,0.156858,-0.038166,136.485489,202.035370,-742.325562,0,0
2.400000,-1.603399,1.389449,1.497677,0.978071,-0.104328,0.180260,-0.179873,0.013176,0.983602,-0.104992,-0.994456,-0.005879,0.701921,-0.101223,0.026808,0.704515,0.276217,0.282249,-0.023368,0.043861,-0.034282,-0.022740,-0.180260,-0.983602,0.005879,0.000000,0.000000,0.000000,-1,-0.083755,-1.001602,-0.013916,0.252105,0.178118,-0.001455,137.536728,202.035370,-742.993591,0,0
2.440000,-1.636615,1.388477,1.542809,0.979072,-0.093206,0.180918,-0.181240,0.005074,0.983426,-0.092579,-0.995634,-0.011925,0.704614,-0.097374,0.031343,0.702179,0.142376,0.272944,0.034500,0.124430,-0.001834,-0.026650,-0.180918,-0.983426,0.011925,0.000000,0.000000,0.000000,-1,-0.014130,-0.979340,-0.034286,0.081034,0.137879,0.033587,135.609451,200.813034,-742.492554,0,0
2.480000,-1.643414,1.387441,1.556994,0.979551,-0.086082,0.181849,-0.182312,0.002516,0.983238,-0.085096,-0.996285,-0.013229,0.705384,-0.095123,0.034291,0.701577,0.060389,0.191282,0.018753,0.167719,0.003898,-0.047515,-0.181849,-0.983238,0.013229,0.000000,0.000000,0.000000,-1,-0.031006,-0.972824,-0.036636,0.052092,0.003179,-0.001652,138.587952,201.686127,-741.991577,0,0
2.520000,-1.655617,1.387646,1.573771,0.979988,-0.081805,0.181473,-0.182127,-0.000542,0.983275,-0.080338,-0.996648,-0.015430,0.706392,-0.093408,0.035793,0.700717,0.078173,0.007805,-0.021036,0.145462,0.018462,-0.049884,-0.181473,-0.983275,0.015430,0.000000,0.000000,0.000000,-1,-0.083344,-0.954575,-0.014587,0.093422,-0.114521,-0.013277,135.959869,200.463791,-744.162598,0,0
2.560000,-1.678992,1.387597,1.595799,0.979910,-0.083514,0.181111,-0.182119,-0.004554,0.983266,-0.081291,-0.996496,-0.019672,0.707838,-0.093818,0.035255,0.699229,0.107973,-0.086512,0.006718,0.077672,0.034047,-0.035679,-0.181111,-0.983266,0.019672,0.000000,0.000000,0.000000,-1,-0.152435,-0.943253,-0.031036,0.126499,-0.241659,0.044373,135.083832,200.638412,-743.661621,0,0
2.600000,-1.708882,1.386318,1.618995,0.979176,-0.090576,0.181687,-0.183220,-0.008838,0.983032,-0.087433,-0.995850,-0.025249,0.709448,-0.096482,0.033214,0.697332,0.185608,-0.180586,0.083896,0.017671,0.032425,-0.055034,-0.181687,-0.983032,0.025249,0.000000,0.000000,0.000000,-1,-0.147141,-0.958542,-0.019424,0.208552,-0.262780,0.098877,136.135071,199.939926,-743.661621,0,1
2.640000,-1.732700,1.383795,1.640116,0.978553,-0.093644,0.183482,-0.185467,-0.012877,0.982566,-0.089649,-0.995522,-0.029969,0.710879,-0.098157,0.032999,0.695648,0.227174,-0.131790,0.101301,0.036341,0.024024,-0.049393,-0.183482,-0.982566,0.029969,0.000000,0.000000,0.000000,-1,-0.100098,-0.970917,-0.008118,0.249051,-0.193848,0.110884,135.434250,200.289169,-743.661621,0,0
2.680000,-1.792989,1.376282,1.700132,0.977451,-0.095096,0.188538,-0.191675,-0.024930,0.981142,-0.088603,-0.995156,-0.042595,0.715013,-0.100268,0.034942,0.691000,0.247498,0.037840,0.099247,0.092240,0.008943,-0.052529,-0.188538,-0.981142,0.042595,0.000000,0.000000,0.000000,-1,-0.095490,-0.983978,-0.020081,0.244911,-0.038000,0.109162,135.259048,201.162277,-742.826599,0,0
2.720000,-1.826323,1.372842,1.737181,0.977395,-0.092153,0.190279,-0.193948,-0.032571,0.980471,-0.084156,-0.995212,-0.049708,0.717578,-0.099676,0.036973,0.688316,0.265659,0.098301,0.115771,0.088655,-0.001203,-0.073649,-0.190279,-0.980471,0.049708,0.000000,0.000000,0.000000,-1,-0.113358,-0.990295,-0.033447,0.286526,0.025654,0.136073,135.259048,200.114548,-743.494568,0,0
2.760000,-1.858284,1.366280,1.774114,0.976886,-0.088106,0.194758,-0.198910,-0.041008,0.979159,-0.078284,-0.995267,-0.057586,0.720326,-0.099613,0.040424,0.685254,0.310551,0.163049,0.166043,0.081400,-0.011136,-0.091033,-0.194758,-0.979159,0.057586,0.000000,0.000000,0.000000,-1,-0.099792,-1.007309,-0.061691,0.314384,0.075556,0.183408,135.609451,200.813034,-743.828613,0,0
2.800000,-1.879362,1.359539,1.807261,0.976809,-0.077001,0.199785,-0.203854,-0.049123,0.977768,-0.065475,-0.995820,-0.063681,0.722775,-0.097145,0.046457,0.682643,0.269287,0.243718,0.220337,0.108095,-0.035141,-0.139792,-0.199785,-0.977768,0.063681,0.000000,0.000000,0.000000,-1,-0.067078,-1.010803,-0.116318,0.225360,0.196494,0.233838,134.733429,200.289169,-742.325562,0,0
2.840000,-1.872362,1.353763,1.813557,0.976528,-0.064156,0.205616,-0.209019,-0.051763,0.976541,-0.052008,-0.996597,-0.063957,0.723230,-0.094429,0.053098,0.682057,0.146716,0.360562,0.217920,0.139118,-0.029059,-0.194725,-0.205616,-0.976541,0.063957,0.000000,0.000000,0.000000,-1,-0.034042,-1.012222,-0.129745,0.095618,0.265371,0.210492,135.609451,199.765305,-743.494568,0,0
2.880000,-1.858896,1.348063,1.811039,0.975851,-0.053474,0.211792,-0.214552,-0.052560,0.975297,-0.041021,-0.997185,-0.062763,0.723045,-0.092672,0.059046,0.682006,-0.062989,0.361514,0.148958,0.177749,-0.036925,-0.192509,-0.211792,-0.975297,0.062763,0.000000,0.000000,0.000000,-1,-0.066101,-1.161591,-0.052063,-0.183495,0.201549,0.074509,136.310287,199.765305,-743.160583,0,0
2.920000,-1.761701,1.359372,1.718706,0.977452,-0.046203,0.206040,-0.207561,-0.030926,0.977733,-0.038802,-0.998453,-0.039819,0.715576,-0.088657,0.058428,0.690418,-0.750858,0.103102,-0.362452,0.175324,-0.149281,-0.071527,-0.206040,-0.977733,0.039819,0.000000,0.000000,0.000000,-1,0.005966,-0.992584,0.030975,-1.112016,0.000218,-0.548324,133.857391,200.114548,-742.492554,0,0
2.960000,-1.439194,1.392911,1.390690,0.983433,-0.045682,0.175418,-0.174086,0.031697,0.984220,-0.050522,-0.998453,0.023220,0.694355,-0.079127,0.044969,0.713854,-1.760617,-0.166873,-0.804313,0.002094,-0.026888,0.049190,-0.175418,-0.984220,-0.023220,0.000000,0.000000,0.000000,-1,-0.282837,-1.032776,-0.051605,-1.935246,-0.356474,-0.846118,135.083832,197.844482,-747.001648,0,0
3.000000,-1.066859,1.398267,1.004426,0.987081,-0.055417,0.150333,-0.144868,0.092116,0.985154,-0.068442,-0.994205,0.082898,0.673065,-0.074393,0.030417,0.735203,-2.277921,-0.286690,-0.883174,-0.211300,-0.060516,-0.001667,-0.150333,-0.985154,-0.082898,0.000000,0.000000,0.000000,-1,-0.477142,-1.085861,-0.084061,-2.356295,-0.315158,-0.862938,137.011108,196.971390,-748.170654,0,0
3.040000,-0.608412,1.359386,0.535217,0.990832,-0.062184,0.119937,-0.107024,0.180494,0.977736,-0.082447,-0.981608,0.172185,0.639952,-0.066102,0.014645,0.765427,-2.143652,0.103897,-0.598149,-0.354993,-0.116624,0.098012,-0.119937,-0.977736,-0.172185,0.000000,0.000000,0.000000,-1,-0.331207,-1.030853,-0.054108,-1.847728,0.071646,-0.277799,138.412750,198.368347,-749.172668,0,0
3.080000,-0.424205,1.301606,0.353373,0.992363,-0.056865,0.109465,-0.092036,0.249518,0.963987,-0.082131,-0.966699,0.242379,0.612468,-0.060779,0.011157,0.788077,-1.461761,0.195006,0.054493,-0.214113,-0.089785,0.198800,-0.109465,-0.963987,-0.242379,0.000000,0.000000,0.000000,-1,-0.105957,-0.986588,-0.067917,-1.326268,0.026706,0.148526,138.062347,198.019104,-752.846741,0,0
3.120000,-0.382371,1.265059,0.314360,0.992338,-0.051503,0.112308,-0.093070,0.286245,0.953625,-0.081263,-0.956771,0.279259,0.597251,-0.060516,0.012995,0.799663,-1.168131,0.165411,0.112022,0.006351,-0.032962,0.211342,-0.112308,-0.953625,-0.279259,0.000000,0.000000,0.000000,-1,-0.096329,-0.881378,-0.231110,-1.096060,-0.006347,0.021683,137.536728,198.892212,-754.015747,0,0
3.160000,-0.310341,1.221214,0.241165,0.993197,-0.051184,0.104595,-0.081802,0.332593,0.939516,-0.082876,-0.941680,0.326144,0.577594,-0.057560,0.009401,0.814238,-0.806084,0.034426,-0.276444,-0.027775,0.097200,0.063982,-0.104595,-0.939516,-0.326144,0.000000,0.000000,0.000000,-1,-0.187439,-0.751495,-0.291199,-0.521854,-0.084098,-0.221504,137.711929,198.019104,-754.850769,0,0
3.200000,-0.274367,1.204183,0.203006,0.993825,-0.053665,0.097119,-0.072270,0.351095,0.933547,-0.084197,-0.934801,0.345049,0.569579,-0.055275,0.005672,0.820056,-0.299333,-0.034188,-0.081740,-0.078586,0.219542,0.060289,-0.097119,-0.933547,-0.345049,0.000000,0.000000,0.000000,-1,-0.122894,-0.623718,-0.270966,-0.178862,-0.169684,-0.031302,140.865631,199.066833,-754.516724,0,0
3.240000,-0.275335,1.201285,0.200915,0.993570,-0.056371,0.098188,-0.072075,0.353895,0.932504,-0.087314,-0.933585,0.347557,0.568357,-0.056499,0.004783,0.820826,0.032848,-0.151642,0.067240,-0.024706,0.308785,0.076591,-0.098188,-0.932504,-0.347557,0.000000,0.000000,0.000000,-1,-0.109482,-0.687668,-0.309921,0.142716,-0.307264,0.129587,140.164810,198.019104,-755.852783,0,0
3.280000,-0.325636,1.214377,0.240685,0.991601,-0.065323,0.111624,-0.083171,0.338863,0.937152,-0.099043,-0.938565,0.330584,0.574925,-0.064571,0.005471,0.815636,0.574596,-0.271165,0.249023,0.026403,0.188113,0.001178,-0.111624,-0.937152,-0.330584,0.000000,0.000000,0.000000,-1,-0.050232,-0.792038,-0.363327,0.736492,-0.215895,0.250276,138.412750,199.066833,-754.182739,0,0
3.320000,-0.382451,1.238605,0.297296,0.990400,-0.065545,0.121705,-0.095531,0.311809,0.945330,-0.099910,-0.947881,0.302554,0.586523,-0.068657,0.009290,0.806964,0.807554,0.068050,0.211949,0.078690,0.062777,-0.113538,-0.121705,-0.945330,-0.302554,0.000000,0.000000,0.000000,-1,-0.032166,-0.991638,-0.484467,0.786471,0.032123,0.201803,137.887131,199.241455,-753.013733,0,0
3.360000,-0.417546,1.256698,0.339545,0.990352,-0.059214,0.125289,-0.102901,0.291320,0.951075,-0.092816,-0.954791,0.282416,0.595109,-0.068103,0.013641,0.800638,0.656481,0.213211,0.155517,0.089522,-0.062719,-0.238504,-0.125289,-0.951075,-0.282416,0.000000,0.000000,0.000000,-1,-0.011536,-1.046371,-0.581757,0.580095,0.159258,0.143935,138.237549,199.241455,-753.681763,0,0
3.400000,-0.429455,1.268778,0.371844,0.991494,-0.040022,0.123850,-0.108073,0.277120,0.954738,-0.072532,-0.960001,0.270437,0.600819,-0.061622,0.021354,0.796720,-0.166857,0.487531,-0.017478,0.133616,-0.139988,-0.279840,-0.123850,-0.954738,-0.270437,0.000000,0.000000,0.000000,-1,0.028656,-1.030441,-0.469650,-0.614640,0.534123,-0.142429,138.763168,197.320633,-753.514709,0,0
3.440000,-0.357928,1.250660,0.322737,0.993735,-0.018303,0.110249,-0.099810,0.298449,0.949193,-0.050276,-0.954250,0.294752,0.591721,-0.049902,0.025338,0.804198,-0.610132,0.634450,-0.312160,0.154530,-0.117504,-0.087282,-0.110249,-0.949193,-0.294752,0.000000,0.000000,0.000000,-1,-0.046722,-1.206421,-0.249924,-0.384992,0.425593,-0.402954,138.062347,198.717590,-755.184753,0,1
3.480000,-0.305327,1.253288,0.280512,0.995532,-0.010375,0.093849,-0.086432,0.299998,0.950016,-0.038011,-0.953883,0.297761,0.591137,-0.040941,0.023615,0.805185,0.452039,0.187852,-0.488855,0.023415,-0.255428,0.080949,-0.093849,-0.950016,-0.297761,0.000000,0.000000,0.000000,-1,-0.297958,-1.080215,-0.202332,0.712847,-0.181872,-0.391038,138.412750,198.717590,-755.518738,0,0
3.520000,-0.347137,1.285073,0.312548,0.995161,-0.021457,0.095888,-0.086665,0.268197,0.959458,-0.046304,-0.963125,0.265040,0.604550,-0.044712,0.020504,0.795047,0.380706,-0.289982,0.432076,-0.194533,-0.011917,0.012110,-0.095888,-0.959458,-0.265040,0.000000,0.000000,0.000000,-1,-0.210205,-0.827316,-0.066803,0.355145,-0.461236,0.672564,139.814407,198.019104,-754.182739,0,0
3.560000,-0.430505,1.288091,0.419579,0.991934,-0.027433,0.123748,-0.112872,0.253038,0.960849,-0.057672,-0.967067,0.247901,0.610532,-0.057452,0.027057,0.789442,0.583619,-0.285376,0.673410,0.011093,0.192295,0.348289,-0.123748,-0.960849,-0.247901,0.000000,0.000000,0.000000,-1,-0.150818,-0.854660,0.035034,0.726055,-0.370135,0.617006,138.237549,197.844482,-754.015747,0,0
3.600000,-0.563397,1.303033,0.515894,0.989484,-0.030931,0.141299,-0.130518,0.230141,0.964365,-0.062348,-0.972665,0.223684,0.619608,-0.065142,0.031855,0.781554,0.930411,-0.251802,0.435419,-0.015942,0.088755,0.217153,-0.141299,-0.964365,-0.223684,0.000000,0.000000,0.000000,-1,-0.200928,-0.908432,-0.078400,0.996219,-0.371569,0.365125,137.711929,198.717590,-754.182739,0,0
3.640000,-0.740500,1.331944,0.689168,0.986503,-0.036528,0.159616,-0.150445,0.182592,0.971610,-0.064635,-0.982510,0.174633,0.638216,-0.073240,0.037205,0.765462,0.941685,-0.092988,0.290976,0.014505,-0.019158,0.076671,-0.159616,-0.971610,-0.174633,0.000000,0.000000,0.000000,-1,-0.062988,-1.057327,-0.064575,0.926411,-0.130197,0.128660,136.310287,197.320633,-753.180725,0,0
3.680000,-0.868732,1.354139,0.821296,0.985809,-0.035258,0.164129,-0.157361,0.146450,0.976622,-0.058470,-0.988589,0.138824,0.652023,-0.073854,0.040512,0.753506,0.901531,0.161056,0.021151,0.150243,-0.101793,0.140731,-0.164129,-0.976622,-0.138824,0.000000,0.000000,0.000000,-1,-0.010132,-0.980469,-0.012238,0.844379,0.158023,0.025083,137.011108,197.669876,-751.510681,0,0
3.720000,-0.952919,1.367859,0.916326,0.986060,-0.026402,0.164284,-0.159902,0.122690,0.979479,-0.046016,-0.992094,0.116758,0.660797,-0.070485,0.044744,0.745907,0.740306,0.341385,0.084874,0.127632,0.036638,0.078596,-0.164284,-0.979479,-0.116758,0.000000,0.000000,0.000000,-1,-0.099274,-0.877319,-0.008881,0.726824,0.208019,0.136779,136.310287,197.320633,-750.174683,0,0
3.760000,-1.129430,1.375775,1.105564,0.984397,-0.016175,0.175217,-0.173192,0.086939,0.981043,-0.031101,-0.996082,0.082781,0.673550,-0.070287,0.053491,0.733846,0.718805,-0.037725,0.382535,0.101563,0.085154,0.086672,-0.175217,-0.981043,-0.082781,0.000000,0.000000,0.000000,-1,-0.027252,-0.920227,0.041336,0.723046,-0.376848,0.383052,135.259048,196.971390,-751.176697,0,0
3.800000,-1.303859,1.372924,1.273225,0.981536,-0.025111,0.189621,-0.187944,0.057638,0.980487,-0.035550,-0.998022,0.051855,0.684113,-0.077858,0.056303,0.723020,0.800147,-0.282768,0.293390,0.145966,0.029910,0.074056,-0.189621,-0.980487,-0.051855,0.000000,0.000000,0.000000,-1,-0.078217,-0.918671,-0.015076,0.903343,-0.355824,0.260770,136.135071,197.844482,-749.339661,0,0
3.840000,-1.458901,1.371234,1.425469,0.979927,-0.030570,0.197000,-0.196150,0.028708,0.980154,-0.035618,-0.999120,0.022136,0.694457,-0.081618,0.058096,0.712526,1.082873,-0.086717,0.231948,0.113535,0.067861,-0.024510,-0.197000,-0.980154,-0.022136,0.000000,0.000000,0.000000,-1,-0.126938,-0.958038,-0.107651,1.115089,-0.066403,0.247556,135.609451,197.320633,-748.504639,0,1
3.880000,-1.689723,1.356489,1.666823,0.977128,-0.025076,0.211168,-0.211691,-0.020391,0.977124,-0.020196,-0.999478,-0.025233,0.711117,-0.083238,0.067138,0.694893,0.818883,0.078925,0.398982,0.078341,-0.010516,-0.180826,-0.211168,-0.977124,0.025233,0.000000,0.000000,0.000000,-1,-0.077881,-1.020065,-0.146561,0.559821,-0.193289,0.479757,134.733429,197.495255,-747.335632,0,0
3.920000,-1.771704,1.334707,1.747415,0.972946,-0.029062,0.229198,-0.230264,-0.041097,0.972260,-0.018836,-0.998732,-0.046677,0.717760,-0.090325,0.073270,0.686508,0.321436,-0.148912,0.477826,0.246562,-0.075500,-0.088379,-0.229198,-0.972260,0.046677,0.000000,0.000000,0.000000,-1,0.074066,-1.066467,0.023911,0.217292,-0.267561,0.445574,135.609451,197.320633,-748.504639,0,0
3.960000,-1.788211,1.322009,1.758121,0.970010,-0.035684,0.240432,-0.241921,-0.045855,0.969212,-0.023561,-0.998311,-0.053113,0.719197,-0.096498,0.075387,0.683930,0.110262,-0.263649,0.324305,0.308929,-0.102978,-0.050595,-0.240432,-0.969212,0.053113,0.000000,0.000000,0.000000,-1,-0.012207,-1.106277,-0.066620,0.108136,-0.413051,0.285749,135.609451,197.669876,-744.830627,0,0
4.000000,-1.802390,1.312901,1.750137,0.966963,-0.057970,0.248237,-0.250955,-0.045495,0.966929,-0.044760,-0.997281,-0.058540,0.719548,-0.107333,0.070696,0.682446,-0.255995,-0.640550,-0.020984,0.211707,-0.232931,-0.047005,-0.248237,-0.966929,0.058540,0.000000,0.000000,0.000000,-1,-0.107193,-1.269455,0.106979,-0.673009,-0.761866,-0.414631,134.558212,195.923676,-745.832642,0,0
4.040000,-1.728607,1.336343,1.647664,0.969787,-0.082930,0.229425,-0.231626,-0.017840,0.972641,-0.076568,-0.996396,-0.036509,0.711361,-0.110547,0.053720,0.691997,-1.094583,-0.575779,-0.746006,0.110513,-0.152923,0.049138,-0.229425,-0.972641,0.036509,0.000000,0.000000,0.000000,-1,-0.143372,-1.031555,0.116760,-1.313484,-0.589717,-0.850855,137.186310,197.146011,-747.335632,0,0
4.080000,-1.544107,1.367258,1.444548,0.974577,-0.096797,0.202064,-0.200527,0.025452,0.979357,-0.099941,-0.994979,0.005394,0.697089,-0.106631,0.036625,0.708065,-1.923819,-0.428878,-1.048135,0.032325,-0.039213,0.101265,-0.202064,-0.979357,-0.005394,0.000000,0.000000,0.000000,-1,-0.459732,-1.225250,-0.089096,-2.304487,-0.599747,-1.164321,140.164810,197.320633,-750.842712,0,0
4.120000,-0.842261,1.375672,0.697229,0.980410,-0.133670,0.144670,-0.124495,0.148640,0.981024,-0.152637,-0.979816,0.129087,0.652435,-0.098924,-0.003053,0.751355,-2.744953,-0.560463,-1.117206,-0.471648,-0.126475,0.190976,-0.144670,-0.981024,-0.129087,0.000000,0.000000,0.000000,-1,-0.673325,-1.040787,0.043091,-2.413285,-0.235499,-0.766935,139.113571,197.669876,-751.510681,0,0
4.160000,-0.489882,1.318773,0.332761,0.982827,-0.142427,0.117331,-0.081456,0.235685,0.968410,-0.165580,-0.961336,0.220036,0.617881,-0.090585,-0.019522,0.780792,-1.968552,0.251750,-0.359297,-0.452859,-0.102940,0.160618,-0.117331,-0.968410,-0.220036,0.000000,0.000000,0.000000,-1,-0.336121,-1.023865,-0.113190,-1.777940,0.353849,-0.154323,141.216049,196.272903,-753.514709,0,0
4.200000,-0.391952,1.273273,0.245436,0.985208,-0.129712,0.111982,-0.071230,0.284368,0.956065,-0.155857,-0.949900,0.270922,0.597896,-0.084021,-0.018346,0.796947,-1.604332,0.440025,0.048561,-0.138552,-0.043538,0.156908,-0.111982,-0.956065,-0.270922,0.000000,0.000000,0.000000,-1,-0.145279,-0.924255,-0.145599,-1.524423,0.226860,-0.000177,141.741669,197.495255,-754.015747,0,0
4.240000,-0.321483,1.219225,0.175451,0.985983,-0.126483,0.108813,-0.060111,0.339087,0.938833,-0.155643,-0.932214,0.326731,0.574492,-0.081200,-0.020379,0.814217,-1.375701,-0.073362,-0.116518,-0.017148,0.065496,0.139841,-0.108813,-0.938833,-0.326731,0.000000,0.000000,0.000000,-1,-0.097061,-0.733170,-0.274963,-1.135257,-0.035333,-0.218154,142.442490,198.193726,-755.685791,0,0
