0.000000,-0.999476,-1.423656,-0.856785,0.982968,0.136255,0.123327,0.110799,0.096011,-0.989194,-0.146623,0.986010,0.079279,-0.672250,-0.091876,0.008664,0.734550,0.001984,-0.002041,0.001124,-0.001231,0.011630,-0.000632,-0.123327,0.989194,-0.079279,0.000000,0.000000,0.000000,-1,-0.124680,0.998611,-0.079285,0.003134,-0.099651,0.005734,139.639191,300.870300,-778.732056,0,0
0.040000,-0.999300,-1.423675,-0.856633,0.982974,0.136232,0.123297,0.110770,0.096015,-0.989197,-0.146599,0.986013,0.079290,-0.672248,-0.091857,0.008666,0.734554,0.000915,0.001136,-0.001006,-0.001383,0.009414,0.000005,-0.123297,0.989197,-0.079290,0.000000,0.000000,0.000000,-1,-0.120163,0.999100,-0.078400,0.002064,-0.098594,0.003613,139.113571,299.997192,-779.567139,0,0
0.080000,-0.999196,-1.423835,-0.856524,0.982990,0.136250,0.123156,0.110640,0.095924,-0.989221,-0.146595,0.986020,0.079217,-0.672281,-0.091811,0.008716,0.734529,0.000921,0.001138,0.001124,0.001009,0.011268,0.000802,-0.123156,0.989221,-0.079217,0.000000,0.000000,0.000000,-1,-0.125443,1.000656,-0.080994,-0.001126,-0.099654,0.003653,139.113571,299.298706,-779.233093,0,0
0.120000,-0.999550,-1.423852,-0.856818,0.982979,0.136311,0.123169,0.110655,0.095880,-0.989223,-0.146652,0.986015,0.079164,-0.672297,-0.091837,0.008732,0.734511,-0.001329,-0.003017,0.001166,-0.002869,0.009388,0.000002,-0.123169,0.989223,-0.079164,0.000000,0.000000,0.000000,-1,-0.125900,0.999603,-0.077347,-0.000055,-0.104951,0.006857,138.763168,300.695679,-778.899109,0,0
0.160000,-1.000104,-1.423932,-0.857120,0.982947,0.136566,0.123146,0.110625,0.095795,-0.989235,-0.146893,0.985988,0.079053,-0.672328,-0.091916,0.008830,0.734472,-0.002395,-0.011498,0.002280,0.000985,0.009422,-0.001910,-0.123146,0.989235,-0.079053,0.000000,0.000000,0.000000,-1,-0.123291,0.999390,-0.079544,-0.000067,-0.110255,0.004753,138.237549,300.171814,-779.400085,0,0
0.200000,-1.000332,-1.423928,-0.857038,0.982902,0.136873,0.123168,0.110620,0.095806,-0.989234,-0.147199,0.985945,0.079027,-0.672322,-0.092029,0.008936,0.734462,0.003984,-0.000900,0.000035,-0.003648,0.011193,0.000979,-0.123168,0.989234,-0.079027,0.000000,0.000000,0.000000,-1,-0.125092,0.998871,-0.075943,0.004194,-0.098593,0.004654,138.763168,300.695679,-779.233093,0,0
0.240000,-1.000826,-1.424098,-0.857568,0.982917,0.136852,0.123065,0.110543,0.095637,-0.989259,-0.147152,0.985964,0.078876,-0.672385,-0.091984,0.008956,0.734410,-0.001333,0.002280,0.000080,0.001559,0.011092,0.003268,-0.123065,0.989259,-0.078876,0.000000,0.000000,0.000000,-1,-0.120789,1.002441,-0.077652,-0.001121,-0.098593,0.004712,136.835892,301.219543,-779.066101,0,0
0.280000,-1.001448,-1.424373,-0.858218,0.982940,0.136848,0.122885,0.110400,0.095388,-0.989299,-0.147106,0.985989,0.078653,-0.672477,-0.091917,0.009004,0.734333,-0.002517,0.001266,0.001155,0.000571,0.012181,0.001855,-0.122885,0.989299,-0.078653,0.000000,0.000000,0.000000,-1,-0.125504,1.001022,-0.078644,-0.002186,-0.100713,0.004734,138.237549,299.822571,-778.064087,0,0
0.320000,-1.003108,-1.424558,-0.859791,0.982929,0.136954,0.122861,0.110411,0.095095,-0.989326,-0.147176,0.986002,0.078350,-0.672585,-0.091946,0.009038,0.734230,-0.006773,-0.002976,0.001221,-0.003771,0.008202,-0.002827,-0.122861,0.989326,-0.078350,0.000000,0.000000,0.000000,-1,-0.126633,0.999191,-0.080521,-0.005368,-0.096471,0.005813,138.412750,299.647949,-779.233093,0,0
0.360000,-1.004361,-1.424623,-0.861094,0.982929,0.136914,0.122905,0.110486,0.094909,-0.989336,-0.147118,0.986026,0.078162,-0.672655,-0.091949,0.008999,0.734166,-0.005704,-0.000855,0.002262,-0.002629,0.009779,0.000952,-0.122905,0.989336,-0.078162,0.000000,0.000000,0.000000,-1,-0.128998,0.997574,-0.074539,-0.002181,-0.104951,0.006880,137.011108,299.997192,-778.231079,0,0
0.400000,-1.005369,-1.424647,-0.861937,0.982898,0.137081,0.122964,0.110548,0.094800,-0.989334,-0.147373,0.986005,0.077948,-0.672714,-0.092095,0.009038,0.734093,-0.002525,-0.009339,0.001199,-0.007226,0.009521,0.001287,-0.123054,0.989334,-0.077948,0.000000,0.000000,0.000000,-1,-0.127945,1.000290,-0.079208,-0.004311,-0.109191,0.006923,139.113571,300.346436,-778.899109,0,0
0.440000,-1.007582,-1.424637,-0.863777,0.982823,0.137454,0.123145,0.110730,0.094603,-0.989338,-0.147638,0.985980,0.077758,-0.672767,-0.092225,0.009102,0.734027,-0.005823,-0.008170,0.000152,-0.001489,0.009976,-0.001588,-0.123145,0.989338,-0.077758,0.000000,0.000000,0.000000,-1,-0.120941,0.999725,-0.080795,-0.005379,-0.104954,0.004788,138.412750,299.647949,-779.233093,0,0
0.480000,-1.008347,-1.424924,-0.864462,0.982832,0.137557,0.122964,0.110579,0.094343,-0.989379,-0.147697,0.985991,0.077512,-0.672863,-0.092194,0.009190,0.733943,-0.004739,-0.002864,0.004373,-0.001380,0.008988,-0.000155,-0.122964,0.989379,-0.077512,0.000000,0.000000,0.000000,-1,-0.125763,1.001617,-0.084564,-0.006428,-0.102829,0.007981,138.237549,300.171814,-779.066101,0,0
0.520000,-1.007905,-1.424989,-0.863935,0.982831,0.137644,0.122875,0.110501,0.094264,-0.989396,-0.147828,0.985978,0.077428,-0.672891,-0.092216,0.009267,0.733913,-0.006865,-0.006045,0.004410,-0.004082,0.010314,0.000539,-0.122886,0.989396,-0.077428,0.000000,0.000000,0.000000,-1,-0.127380,0.998734,-0.077148,-0.006430,-0.104949,0.007991,138.763168,300.346436,-777.563110,0,0
0.560000,-1.011373,-1.425064,-0.867088,0.982759,0.137972,0.123081,0.110721,0.093963,-0.989400,-0.148074,0.985969,0.077067,-0.673002,-0.092382,0.009284,0.733790,-0.008999,-0.006049,0.002303,-0.006543,0.010554,-0.001577,-0.123081,0.989400,-0.077067,0.000000,0.000000,0.000000,-1,-0.127228,0.998459,-0.079742,-0.006437,-0.103892,0.005858,138.412750,301.044922,-780.235107,0,0
0.600000,-1.013355,-1.425115,-0.868889,0.982719,0.138160,0.123190,0.110851,0.093731,-0.989407,-0.148243,0.985965,0.076796,-0.673088,-0.092488,0.009305,0.733697,-0.006981,-0.008061,0.002270,-0.004083,0.009509,-0.001451,-0.123190,0.989407,-0.076796,0.000000,0.000000,0.000000,-1,-0.127197,1.001450,-0.077530,-0.004309,-0.107071,0.006913,138.237549,300.870300,-779.066101,0,0
0.640000,-1.016324,-1.425314,-0.871626,0.982675,0.138414,0.123250,0.110956,0.093300,-0.989436,-0.148451,0.985970,0.076326,-0.673248,-0.092600,0.009358,0.733536,-0.004854,-0.004882,0.002231,-0.000438,0.008840,0.003511,-0.123250,0.989436,-0.076326,0.000000,0.000000,0.000000,-1,-0.121414,1.000717,-0.072113,-0.003249,-0.104952,0.005828,137.711929,298.600250,-778.899109,0,0
0.680000,-1.018991,-1.425753,-0.874165,0.982673,0.138583,0.123083,0.110860,0.092739,-0.989500,-0.148542,0.985999,0.075769,-0.673455,-0.092598,0.009451,0.733345,-0.005928,0.001474,-0.000976,0.002127,0.010806,0.004282,-0.123083,0.989500,-0.075769,0.000000,0.000000,0.000000,-1,-0.120804,1.001831,-0.070892,-0.007503,-0.091174,0.002622,138.938370,298.774872,-779.066101,0,0
0.720000,-1.021687,-1.426251,-0.877152,0.982733,0.138345,0.122867,0.110757,0.092093,-0.989572,-0.148217,0.986093,0.075180,-0.673695,-0.092439,0.009407,0.733145,-0.009105,0.005718,0.002234,0.001804,0.012916,0.000976,-0.122867,0.989572,-0.075180,0.000000,0.000000,0.000000,-1,-0.123413,1.002869,-0.073822,-0.006430,-0.099650,0.006903,138.938370,300.171814,-778.398071,0,0
0.760000,-1.023654,-1.426726,-0.879098,0.982756,0.138410,0.122613,0.110574,0.091577,-0.989640,-0.148205,0.986132,0.074693,-0.673885,-0.092369,0.009494,0.732978,-0.009199,-0.001603,0.004376,-0.000617,0.010299,-0.000319,-0.122613,0.989640,-0.074693,0.000000,0.000000,0.000000,-1,-0.124115,1.000595,-0.074783,-0.010679,-0.100708,0.008018,139.814407,299.997192,-780.235107,0,0
0.800000,-1.025625,-1.427122,-0.881028,0.982768,0.138488,0.122425,0.110449,0.091114,-0.989697,-0.148216,0.986164,0.074248,-0.674056,-0.092328,0.009565,0.732825,-0.009216,-0.002670,0.000128,-0.001324,0.011295,0.000991,-0.122425,0.989697,-0.074248,0.000000,0.000000,0.000000,-1,-0.123444,1.000809,-0.063110,-0.003248,-0.098593,0.004736,138.938370,301.219543,-779.734131,0,0
0.840000,-1.030713,-1.427491,-0.886142,0.982758,0.138507,0.122488,0.110630,0.090317,-0.989749,-0.148150,0.986234,0.073437,-0.674352,-0.092362,0.009514,0.732549,-0.004969,0.002627,-0.001007,-0.000864,0.010861,0.007565,-0.122488,0.989749,-0.073437,0.000000,0.000000,0.000000,-1,-0.119553,1.001099,-0.067001,-0.004313,-0.096474,0.003674,138.938370,299.822571,-778.398071,0,0
0.880000,-1.033303,-1.428027,-0.888873,0.982803,0.138421,0.122222,0.110465,0.089681,-0.989826,-0.147973,0.986305,0.072848,-0.674588,-0.092236,0.009543,0.732347,-0.003900,0.004750,0.001101,0.002410,0.012188,0.002566,-0.122222,0.989826,-0.072848,0.000000,0.000000,0.000000,-1,-0.120636,1.000519,-0.067856,-0.000054,-0.097531,0.005759,138.062347,299.997192,-780.235107,0,0
0.920000,-1.035616,-1.428485,-0.891326,0.982844,0.138325,0.122000,0.110332,0.089124,-0.989891,-0.147800,0.986369,0.072334,-0.674794,-0.092123,0.009558,0.732172,-0.006106,0.004826,-0.001020,0.001303,0.010079,0.005714,-0.122000,0.989891,-0.072334,0.000000,0.000000,0.000000,-1,-0.120178,0.999298,-0.064133,-0.008566,-0.096474,0.003721,138.587952,300.171814,-779.066101,0,0
0.960000,-1.039402,-1.428840,-0.895278,0.982865,0.138204,0.121970,0.110408,0.088468,-0.989941,-0.147604,0.986445,0.071693,-0.675038,-0.092073,0.009493,0.731954,-0.005042,0.004827,0.000033,-0.003030,0.010410,0.001441,-0.121970,0.989941,-0.071693,0.000000,0.000000,0.000000,-1,-0.120697,0.999390,-0.074203,-0.004305,-0.096471,0.005801,138.062347,300.695679,-778.565063,0,0
1.000000,-1.039858,-1.429030,-0.895768,0.982883,0.138186,0.121840,0.110305,0.088296,-0.989968,-0.147558,0.986463,0.071542,-0.675101,-0.092020,0.009524,0.731902,-0.003983,-0.001535,0.000051,-0.001664,0.011176,-0.001929,-0.121840,0.989968,-0.071542,0.000000,0.000000,0.000000,-1,-0.126602,1.000519,-0.069595,-0.003249,-0.100713,0.004745,138.763168,300.346436,-778.565063,0,0
1.040000,-1.041749,-1.428973,-0.897618,0.982855,0.138228,0.122024,0.110512,0.088127,-0.989960,-0.147594,0.986472,0.071340,-0.675164,-0.092104,0.009468,0.731834,-0.001866,-0.002599,-0.002097,-0.002716,0.010437,0.000051,-0.122024,0.989960,-0.071340,0.000000,0.000000,0.000000,-1,-0.119171,1.001038,-0.073441,-0.000068,-0.100716,0.002583,140.164810,302.791138,-778.899109,0,0
1.080000,-1.042207,-1.429061,-0.898096,0.982861,0.138217,0.121982,0.110486,0.088020,-0.989972,-0.147568,0.986483,0.071240,-0.675204,-0.092084,0.009473,0.731799,-0.000832,0.000662,-0.002144,0.002078,0.011538,-0.001102,-0.121982,0.989972,-0.071240,0.000000,0.000000,0.000000,-1,-0.123276,1.001068,-0.073212,0.000994,-0.102837,0.002581,139.288788,300.870300,-779.066101,0,0
1.120000,-1.041808,-1.429050,-0.897522,0.982840,0.138386,0.121963,0.110445,0.088090,-0.989971,-0.147742,0.986453,0.071295,-0.675177,-0.092135,0.009545,0.731817,-0.002962,-0.005700,-0.002090,-0.000702,0.010548,-0.002894,-0.121963,0.989971,-0.071295,0.000000,0.000000,0.000000,-1,-0.121368,0.999023,-0.070526,-0.001135,-0.106017,0.002618,139.463989,301.743408,-778.231079,0,0
1.160000,-1.042672,-1.429079,-0.898015,0.982783,0.138756,0.122000,0.110466,0.088018,-0.989975,-0.148104,0.986407,0.071175,-0.675202,-0.092277,0.009665,0.731775,0.000225,-0.014181,-0.001023,-0.001108,0.010651,-0.001457,-0.122000,0.989975,-0.071175,0.000000,0.000000,0.000000,-1,-0.118896,1.000107,-0.072083,0.000989,-0.109198,0.002609,137.711929,300.346436,-778.565063,0,0
1.200000,-1.043205,-1.429132,-0.898160,0.982729,0.139144,0.121992,0.110437,0.087969,-0.989982,-0.148482,0.986357,0.071083,-0.675218,-0.092408,0.009808,0.731741,-0.000848,-0.011005,-0.004215,0.001845,0.011513,-0.001594,-0.121992,0.989982,-0.071083,0.000000,0.000000,0.000000,-1,-0.119736,1.000839,-0.068283,0.002051,-0.110258,0.002602,138.938370,300.171814,-778.398071,0,0
1.240000,-1.043915,-1.429213,-0.898584,0.982691,0.139434,0.121974,0.110412,0.087873,-0.989994,-0.148757,0.986325,0.070956,-0.675252,-0.092501,0.009916,0.731697,0.000166,-0.005625,-0.002146,0.000865,0.010998,0.000095,-0.121974,0.989994,-0.070956,0.000000,0.000000,0.000000,-1,-0.122284,0.999741,-0.070679,0.004181,-0.104957,0.002555,137.887131,299.822571,-780.402100,0,0
1.280000,-1.043981,-1.429142,-0.898514,0.982664,0.139562,0.122038,0.110460,0.087924,-0.989984,-0.148895,0.986302,0.070983,-0.675233,-0.092569,0.009943,0.731705,0.000163,0.000732,-0.004301,-0.001787,0.011344,-0.000672,-0.122038,0.989984,-0.070983,0.000000,0.000000,0.000000,-1,-0.121948,0.999969,-0.069244,0.004174,-0.098601,-0.000665,138.412750,299.997192,-780.235107,0,0
1.320000,-1.045683,-1.429022,-0.900242,0.982640,0.139534,0.122262,0.110705,0.087807,-0.989967,-0.148870,0.986316,0.070835,-0.675277,-0.092643,0.009851,0.731656,0.000158,0.001790,-0.005369,-0.003226,0.012261,0.000920,-0.122262,0.989967,-0.070835,0.000000,0.000000,0.000000,-1,-0.122375,1.001282,-0.073013,0.002051,-0.099659,0.000427,138.237549,300.521057,-778.732056,0,0
1.360000,-1.045716,-1.429000,-0.900286,0.982640,0.139522,0.122283,0.110726,0.087815,-0.989964,-0.148860,0.986317,0.070842,-0.675275,-0.092647,0.009839,0.731658,-0.001962,-0.000328,-0.003209,-0.000092,0.011318,-0.002171,-0.122283,0.989964,-0.070842,0.000000,0.000000,0.000000,-1,-0.127838,0.999557,-0.073105,0.003115,-0.103898,0.001498,138.062347,298.949493,-779.233093,0,0
1.400000,-1.045756,-1.428576,-0.900065,0.982562,0.139746,0.122649,0.111035,0.088101,-0.989904,-0.149140,0.986260,0.071048,-0.675169,-0.092859,0.009809,0.731729,0.000122,-0.006625,-0.003227,-0.003022,0.008952,-0.000104,-0.122649,0.989904,-0.071048,0.000000,0.000000,0.000000,-1,-0.126205,0.998566,-0.069321,0.004173,-0.110260,0.001515,139.639191,301.568787,-777.730103,0,0
1.440000,-1.047567,-1.428430,-0.901496,0.982478,0.140115,0.122903,0.111275,0.088031,-0.989883,-0.149517,0.986214,0.070898,-0.675194,-0.093081,0.009854,0.731677,0.004369,-0.006627,-0.004338,-0.003486,0.011399,0.006978,-0.122903,0.989883,-0.070898,0.000000,0.000000,0.000000,-1,-0.126831,0.997757,-0.064804,0.008423,-0.103902,-0.000688,138.237549,301.918030,-778.732056,0,0
1.480000,-1.049480,-1.428299,-0.903388,0.982444,0.140132,0.123151,0.111543,0.087901,-0.989864,-0.149537,0.986223,0.070727,-0.675244,-0.093179,0.009769,0.731620,0.003309,0.006093,-0.005448,-0.000598,0.010013,0.009798,-0.123151,0.989864,-0.070727,0.000000,0.000000,0.000000,-1,-0.120911,1.001190,-0.067108,0.004174,-0.093301,-0.001752,137.887131,301.219543,-778.398071,0,0
1.520000,-1.049676,-1.428257,-0.903803,0.982469,0.139915,0.123200,0.111612,0.087880,-0.989859,-0.149323,0.986256,0.070723,-0.675253,-0.093123,0.009671,0.731620,0.007564,0.001854,-0.003347,-0.001311,0.011530,-0.000505,-0.123200,0.989859,-0.070723,0.000000,0.000000,0.000000,-1,-0.127121,1.001282,-0.071381,0.007379,-0.099654,0.003560,137.887131,300.870300,-778.398071,0,0
1.560000,-1.049224,-1.427966,-0.903398,0.982452,0.139845,0.123418,0.111803,0.088104,-0.989817,-0.149294,0.986246,0.070923,-0.675171,-0.093179,0.009581,0.731689,0.003282,0.002978,-0.004394,-0.002101,0.012136,0.000442,-0.123418,0.989817,-0.070923,0.000000,0.000000,0.000000,-1,-0.127625,1.000351,-0.070358,0.003117,-0.101778,0.001489,136.835892,300.171814,-778.732056,0,0
1.600000,-1.050722,-1.427817,-0.904869,0.982419,0.139866,0.123652,0.112048,0.088030,-0.989796,-0.149324,0.986250,0.070811,-0.675200,-0.093274,0.009505,0.731652,0.001153,-0.000203,-0.004357,-0.003041,0.008251,0.003153,-0.123652,0.989796,-0.070811,0.000000,0.000000,0.000000,-1,-0.127914,0.998993,-0.069321,0.003117,-0.100718,0.001484,137.186310,300.870300,-779.734131,0,0
1.640000,-1.051015,-1.427464,-0.904837,0.982337,0.140159,0.123977,0.112320,0.088250,-0.989745,-0.149663,0.986188,0.070948,-0.675118,-0.093495,0.009512,0.731699,0.005410,-0.009741,-0.001171,-0.005647,0.010438,-0.004918,-0.123977,0.989745,-0.070948,0.000000,0.000000,0.000000,-1,-0.130646,1.000473,-0.076538,0.008424,-0.107081,0.000390,138.412750,299.997192,-777.897095,0,0
1.680000,-1.049961,-1.427035,-0.903550,0.982272,0.140352,0.124270,0.112540,0.088657,-0.989684,-0.149921,0.986124,0.071290,-0.674968,-0.093668,0.009501,0.731816,0.000083,-0.000208,-0.006475,0.000918,0.012971,-0.003692,-0.124270,0.989684,-0.071290,0.000000,0.000000,0.000000,-1,-0.122742,0.999084,-0.073181,0.002044,-0.103902,-0.000617,138.062347,300.346436,-780.235107,0,0
1.720000,-1.049396,-1.426943,-0.902824,0.982246,0.140500,0.124308,0.112547,0.088795,-0.989671,-0.150087,0.986091,0.071406,-0.674916,-0.093733,0.009549,0.731855,0.004331,-0.010754,-0.003302,-0.000234,0.010161,-0.002508,-0.124308,0.989671,-0.071406,0.000000,0.000000,0.000000,-1,-0.122879,1.001907,-0.075882,0.008425,-0.111320,0.001473,138.412750,301.044922,-779.233093,0,0
1.760000,-1.046863,-1.426667,-0.899873,0.982185,0.140880,0.124364,0.112499,0.089297,-0.989631,-0.150524,0.985991,0.071857,-0.674728,-0.093882,0.009693,0.732007,0.002210,-0.006513,-0.003297,-0.000834,0.013558,-0.003018,-0.124364,0.989631,-0.071857,0.000000,0.000000,0.000000,-1,-0.125397,0.999603,-0.070175,0.005234,-0.108141,0.000430,137.536728,300.870300,-779.066101,0,0
1.800000,-1.046763,-1.426515,-0.899479,0.982129,0.141156,0.124487,0.112581,0.089434,-0.989609,-0.150823,0.985939,0.071945,-0.674676,-0.094022,0.009759,0.732036,0.003259,-0.008639,-0.006489,0.001181,0.009277,-0.002091,-0.124487,0.989610,-0.071945,0.000000,0.000000,0.000000,-1,-0.117645,1.000259,-0.074387,0.006289,-0.108144,-0.001709,137.711929,301.044922,-778.231079,0,0
1.840000,-1.045520,-1.426489,-0.898135,0.982125,0.141249,0.124420,0.112481,0.089602,-0.989606,-0.150929,0.985911,0.072112,-0.674613,-0.094028,0.009824,0.732093,0.004327,0.001961,-0.007610,0.005066,0.009586,-0.001206,-0.124420,0.989606,-0.072112,0.000000,0.000000,0.000000,-1,-0.120560,1.003128,-0.073273,0.006297,-0.093303,-0.002839,139.288788,299.822571,-778.732056,0,0
1.880000,-1.043720,-1.426499,-0.896839,0.982214,0.140747,0.124281,0.112357,0.089741,-0.989607,-0.150438,0.985970,0.072331,-0.674563,-0.093803,0.009694,0.732169,0.005387,0.005192,-0.008715,0.005141,0.010957,0.000279,-0.124281,0.989607,-0.072331,0.000000,0.000000,0.000000,-1,-0.118332,0.997345,-0.072525,0.007345,-0.101788,-0.004940,138.062347,300.695679,-779.567139,0,0
1.920000,-1.041979,-1.426424,-0.895201,0.982238,0.140634,0.124219,0.112268,0.089972,-0.989596,-0.150347,0.985965,0.072585,-0.674478,-0.093740,0.009685,0.732256,0.006442,0.004128,-0.010846,0.004361,0.009809,-0.002992,-0.124219,0.989596,-0.072585,0.000000,0.000000,0.000000,-1,-0.126343,0.998108,-0.077042,0.009471,-0.092249,-0.007134,139.463989,299.997192,-778.565063,0,0
1.960000,-1.040087,-1.425658,-0.893685,0.982235,0.140198,0.124735,0.112722,0.090617,-0.989486,-0.150027,0.985968,0.073203,-0.674243,-0.093779,0.009378,0.732471,0.009646,0.010492,-0.008783,-0.008093,0.013230,-0.005227,-0.124735,0.989486,-0.073203,0.000000,0.000000,0.000000,-1,-0.132523,1.003113,-0.077209,0.008417,-0.090125,-0.005005,139.639191,301.918030,-778.064087,0,0
2.000000,-1.040235,-1.424776,-0.894052,0.982178,0.139914,0.125499,0.113436,0.091122,-0.989358,-0.149861,0.985962,0.073627,-0.674060,-0.093964,0.009035,0.732620,0.004327,-0.005409,-0.006529,-0.009190,0.011115,-0.002805,-0.125499,0.989358,-0.073627,0.000000,0.000000,0.000000,-1,-0.132812,1.000824,-0.077393,0.006295,-0.116621,0.001521,139.639191,300.521057,-778.398071,0,0
2.040000,-1.040837,-1.423824,-0.893840,0.981964,0.140641,0.126355,0.114150,0.091736,-0.989219,-0.150717,0.985801,0.074027,-0.673833,-0.094531,0.009038,0.732756,0.004337,-0.017014,-0.003304,-0.012103,0.009392,-0.006204,-0.126355,0.989219,-0.074027,0.000000,0.000000,0.000000,-1,-0.137451,0.998352,-0.076935,0.007353,-0.112383,-0.000638,138.938370,300.521057,-778.398071,0,0
2.080000,-1.041520,-1.423249,-0.894249,0.981862,0.140867,0.126897,0.114632,0.092045,-0.989135,-0.151017,0.985740,0.074228,-0.673719,-0.094809,0.008950,0.732826,0.010721,-0.004294,-0.004498,-0.006556,0.008455,-0.000021,-0.126897,0.989135,-0.074228,0.000000,0.000000,0.000000,-1,-0.127197,0.998413,-0.075958,0.014801,-0.104962,-0.000753,137.887131,300.171814,-777.396057,0,0
2.120000,-1.040039,-1.422922,-0.892712,0.981837,0.140891,0.127066,0.114741,0.092424,-0.989087,-0.151097,0.985702,0.074579,-0.673579,-0.094878,0.008919,0.732946,0.009656,0.003124,-0.006647,-0.000162,0.011142,-0.001867,-0.127066,0.989087,-0.074579,0.000000,0.000000,0.000000,-1,-0.125732,1.001038,-0.074905,0.011623,-0.090119,-0.000785,138.412750,300.695679,-778.231079,0,0
2.160000,-1.036446,-1.422367,-0.889709,0.981902,0.140253,0.127270,0.114890,0.093114,-0.989005,-0.150561,0.985728,0.075315,-0.673326,-0.094732,0.008648,0.733200,0.013921,0.009487,-0.004595,-0.004093,0.008600,-0.001040,-0.127270,0.989005,-0.075315,0.000000,0.000000,0.000000,-1,-0.130051,0.999237,-0.077957,0.013754,-0.093296,0.001333,137.361511,299.997192,-781.571167,0,0
2.200000,-1.035050,-1.421796,-0.888520,0.981889,0.139999,0.127650,0.115217,0.093606,-0.988920,-0.150397,0.985717,0.075781,-0.673146,-0.094785,0.008448,0.733361,0.009672,0.008474,-0.004554,-0.010580,0.010348,-0.002985,-0.127650,0.988920,-0.075781,0.000000,0.000000,0.000000,-1,-0.142654,1.000381,-0.077408,0.010571,-0.091174,0.002422,137.186310,300.521057,-779.400085,0,0
2.240000,-1.035002,-1.420992,-0.888655,0.981835,0.139753,0.128330,0.115848,0.094092,-0.988800,-0.150263,0.985706,0.076193,-0.672969,-0.094953,0.008148,0.733505,0.010738,-0.004245,-0.001321,-0.004910,0.012634,-0.002878,-0.128330,0.988800,-0.076193,0.000000,0.000000,0.000000,-1,-0.133759,0.998444,-0.078064,0.013753,-0.116614,0.005693,138.412750,301.044922,-778.231079,0,0
2.280000,-1.033355,-1.420506,-0.886372,0.981715,0.140332,0.128617,0.116004,0.094660,-0.988728,-0.150925,0.985569,0.076650,-0.672756,-0.095256,0.008290,0.733660,0.014989,-0.016965,0.000815,-0.004394,0.009579,-0.000208,-0.128617,0.988728,-0.076650,0.000000,0.000000,0.000000,-1,-0.130325,0.997131,-0.075928,0.014814,-0.114496,0.004608,138.763168,302.092651,-779.901123,0,0
2.320000,-1.031527,-1.420334,-0.884157,0.981663,0.140691,0.128623,0.115926,0.095025,-0.988702,-0.151324,0.985483,0.076973,-0.672619,-0.095380,0.008438,0.733768,0.014987,-0.008487,-0.001350,0.002783,0.010764,0.001213,-0.128623,0.988702,-0.076973,0.000000,0.000000,0.000000,-1,-0.124893,1.000671,-0.076996,0.018005,-0.106016,0.003471,137.011108,300.346436,-779.901123,0,0
2.360000,-1.026845,-1.420202,-0.879245,0.981667,0.140889,0.128373,0.115558,0.095676,-0.988682,-0.151577,0.985391,0.077641,-0.672374,-0.095352,0.008628,0.733993,0.016056,-0.004198,-0.001381,0.004578,0.012951,0.000859,-0.128373,0.988682,-0.077641,0.000000,0.000000,0.000000,-1,-0.124451,0.999191,-0.076981,0.018000,-0.113437,0.003505,137.011108,299.647949,-779.901123,0,0
2.400000,-1.023582,-1.420214,-0.875455,0.981629,0.141395,0.128108,0.115186,0.096106,-0.988684,-0.152107,0.985277,0.078054,-0.672211,-0.095424,0.008925,0.734130,0.017120,-0.012678,0.000775,0.003047,0.011545,0.002462,-0.128108,0.988684,-0.078054,0.000000,0.000000,0.000000,-1,-0.127762,1.000702,-0.078003,0.016945,-0.108134,0.004556,137.186310,299.473328,-780.068115,0,0
2.440000,-1.021386,-1.420159,-0.873140,0.981630,0.141500,0.127983,0.115004,0.096407,-0.988676,-0.152236,0.985233,0.078363,-0.672098,-0.095412,0.009021,0.734234,0.009676,0.002160,-0.002400,0.002388,0.015948,-0.000967,-0.127983,0.988676,-0.078363,0.000000,0.000000,0.000000,-1,-0.130020,1.002853,-0.076660,0.007372,-0.097537,0.001423,138.938370,299.473328,-779.400085,0,0
2.480000,-1.022273,-1.420214,-0.873893,0.981607,0.141638,0.128006,0.115036,0.096286,-0.988684,-0.152360,0.985225,0.078221,-0.672142,-0.095469,0.009058,0.734186,-0.000975,-0.012687,-0.004342,0.005310,0.008264,0.002446,-0.128006,0.988684,-0.078221,0.000000,0.000000,0.000000,-1,-0.120712,0.999649,-0.080704,0.007369,-0.117676,0.004705,138.062347,300.346436,-779.901123,0,0
2.520000,-1.019470,-1.420375,-0.870445,0.981562,0.142274,0.127651,0.114581,0.096579,-0.988708,-0.152996,0.985104,0.078496,-0.672028,-0.095552,0.009429,0.734275,0.008608,-0.010508,-0.001259,0.002300,0.008332,-0.002986,-0.127651,0.988708,-0.078496,0.000000,0.000000,0.000000,-1,-0.128082,0.996826,-0.079926,0.010555,-0.101780,0.000343,137.711929,300.346436,-780.235107,0,0
2.560000,-1.018608,-1.420190,-0.869931,0.981602,0.141915,0.127739,0.114671,0.096756,-0.988680,-0.152668,0.985139,0.078702,-0.671964,-0.095461,0.009275,0.734347,0.001173,0.015991,-0.004487,-0.001091,0.014097,0.002378,-0.127739,0.988680,-0.078703,0.000000,0.000000,0.000000,-1,-0.127441,1.005341,-0.076035,-0.002193,-0.098596,0.002597,137.711929,301.044922,-780.569092,0,0
2.600000,-1.020595,-1.420443,-0.871839,0.981595,0.142020,0.127682,0.114665,0.096376,-0.988718,-0.152723,0.985161,0.078318,-0.672105,-0.095478,0.009314,0.734215,-0.005199,-0.021103,0.005325,-0.001941,0.014685,-0.001287,-0.127682,0.988718,-0.078318,0.000000,0.000000,0.000000,-1,-0.135757,1.001205,-0.079300,-0.000050,-0.135685,0.014441,138.763168,300.346436,-779.233093,0,0
2.640000,-1.021857,-1.420561,-0.871780,0.981404,0.143331,0.127681,0.114569,0.096308,-0.988736,-0.154013,0.984978,0.078095,-0.672124,-0.095927,0.009794,0.734133,-0.004119,-0.031696,0.011741,-0.005925,0.008517,-0.003859,-0.127681,0.988736,-0.078096,0.000000,0.000000,0.000000,-1,-0.133698,0.994354,-0.081940,-0.002161,-0.126140,0.016549,137.361511,300.695679,-778.899109,0,0
2.680000,-1.021736,-1.420488,-0.870889,0.981287,0.144080,0.127733,0.114539,0.096457,-0.988725,-0.154777,0.984854,0.078149,-0.672064,-0.096203,0.010060,0.734148,0.002247,-0.014704,0.005219,-0.007398,0.007582,-0.004142,-0.127733,0.988725,-0.078149,0.000000,0.000000,0.000000,-1,-0.133469,0.995148,-0.081360,0.010581,-0.109188,0.008886,138.412750,299.997192,-779.901123,0,0
2.720000,-1.019914,-1.420093,-0.868690,0.981214,0.144411,0.127923,0.114624,0.096960,-0.988666,-0.155178,0.984756,0.078586,-0.671876,-0.096385,0.010141,0.734296,0.016059,-0.006229,0.000772,-0.000205,0.006635,-0.000821,-0.127923,0.988666,-0.078586,0.000000,0.000000,0.000000,-1,-0.126602,0.997147,-0.080353,0.021203,-0.100713,0.004476,138.062347,300.695679,-779.567139,0,0
2.760000,-1.014907,-1.419674,-0.863711,0.981232,0.144331,0.127880,0.114455,0.097799,-0.988603,-0.155192,0.984685,0.079444,-0.671563,-0.096337,0.010168,0.734587,0.019256,0.008611,-0.000393,-0.001606,0.011474,-0.002786,-0.127880,0.988603,-0.079444,0.000000,0.000000,0.000000,-1,-0.132172,1.003510,-0.081711,0.021216,-0.087989,0.005482,138.763168,301.394165,-778.899109,0,0
2.800000,-1.011585,-1.419310,-0.860666,0.981272,0.144018,0.127921,0.114430,0.098382,-0.988548,-0.154953,0.984672,0.080059,-0.671348,-0.096242,0.010067,0.734798,0.016074,0.007554,0.001773,-0.004999,0.012063,-0.000766,-0.127921,0.988548,-0.080059,0.000000,0.000000,0.000000,-1,-0.130142,0.999908,-0.079956,0.014842,-0.097526,0.008786,138.412750,301.394165,-778.899109,0,0
2.840000,-1.008108,-1.419234,-0.857066,0.981285,0.144121,0.127705,0.114131,0.098842,-0.988536,-0.155091,0.984611,0.080543,-0.671174,-0.096194,0.010201,0.734961,0.009689,-0.004062,0.006171,-0.000622,0.011921,-0.001045,-0.127705,0.988536,-0.080543,0.000000,0.000000,0.000000,-1,-0.123856,0.998001,-0.082336,0.011659,-0.100703,0.010963,138.412750,300.346436,-780.903137,0,0
2.880000,-1.004000,-1.419381,-0.852912,0.981338,0.144165,0.127250,0.113610,0.099219,-0.988559,-0.155141,0.984567,0.080989,-0.671031,-0.096037,0.010391,0.735110,0.009690,0.002297,0.005080,0.000037,0.010587,-0.001851,-0.127250,0.988559,-0.080989,0.000000,0.000000,0.000000,-1,-0.132370,0.998306,-0.081680,0.011661,-0.097523,0.010949,137.361511,300.346436,-779.567139,0,0
2.920000,-1.002175,-1.419283,-0.851106,0.981351,0.144133,0.127184,0.113504,0.099488,-0.988544,-0.155135,0.984545,0.081273,-0.670930,-0.096000,0.010415,0.735206,0.010760,0.000179,0.007204,-0.003462,0.009946,0.000127,-0.127179,0.988535,-0.081385,0.000000,0.000000,0.000000,-1,-0.129532,0.999542,-0.083557,0.014846,-0.108123,0.012025,137.361511,300.695679,-779.567139,0,0
2.960000,-0.998048,-1.419096,-0.846638,0.981330,0.144437,0.127003,0.113197,0.100117,-0.988515,-0.155494,0.984436,0.081898,-0.670693,-0.096033,0.010620,0.735416,0.011810,-0.006186,0.005093,-0.002865,0.013148,-0.001400,-0.127003,0.988516,-0.081898,0.000000,0.000000,0.000000,-1,-0.129395,0.999069,-0.082458,0.010591,-0.106004,0.010999,137.711929,300.346436,-779.901123,0,0
3.000000,-0.995481,-1.419119,-0.843762,0.981316,0.144735,0.126773,0.112892,0.100427,-0.988519,-0.155805,0.984361,0.082212,-0.670574,-0.096047,0.010823,0.735519,0.008608,-0.012498,0.008376,0.000629,0.011679,0.000150,-0.126773,0.988519,-0.082212,0.000000,0.000000,0.000000,-1,-0.126099,0.998291,-0.083389,0.009524,-0.116605,0.012122,138.763168,299.647949,-780.235107,0,0
3.040000,-0.993669,-1.419313,-0.841461,0.981283,0.145226,0.126464,0.112517,0.100559,-0.988548,-0.156280,0.984275,0.082337,-0.670520,-0.096098,0.011117,0.735557,0.005416,-0.015679,0.008426,-0.000352,0.009682,-0.000137,-0.126464,0.988548,-0.082337,0.000000,0.000000,0.000000,-1,-0.123993,0.999771,-0.080917,0.007405,-0.112362,0.013190,138.412750,300.695679,-779.233093,0,0
3.080000,-0.990149,-1.419754,-0.837313,0.981272,0.145868,0.125808,0.111775,0.100733,-0.988615,-0.156880,0.984162,0.082542,-0.670447,-0.096071,0.011586,0.735620,0.012843,-0.012506,0.004077,0.007369,0.007845,0.000312,-0.125808,0.988615,-0.082542,0.000000,0.000000,0.000000,-1,-0.126343,1.001526,-0.083817,0.011637,-0.102832,0.005654,138.938370,300.171814,-778.064087,0,0
3.120000,-0.987127,-1.419815,-0.834247,0.981304,0.145909,0.125508,0.111421,0.101035,-0.988624,-0.156930,0.984125,0.082889,-0.670332,-0.095971,0.011719,0.735736,0.007526,0.006571,-0.000203,0.001866,0.011880,0.001285,-0.125508,0.988624,-0.082889,0.000000,0.000000,0.000000,-1,-0.123016,0.999252,-0.080383,0.010580,-0.094350,0.005628,138.763168,299.997192,-780.569092,0,0
3.160000,-0.984919,-1.419993,-0.832070,0.981350,0.145887,0.125177,0.111071,0.101158,-0.988651,-0.156894,0.984116,0.083068,-0.670284,-0.095839,0.011830,0.735795,0.010692,-0.006123,0.001974,0.002375,0.010785,0.001800,-0.125177,0.988651,-0.083068,0.000000,0.000000,0.000000,-1,-0.121201,0.998276,-0.081680,0.010578,-0.108130,0.007817,138.763168,300.346436,-779.901123,0,0
3.200000,-0.983120,-1.420187,-0.829674,0.981356,0.146137,0.124839,0.110687,0.101295,-0.988680,-0.157128,0.984065,0.083231,-0.670229,-0.095797,0.012044,0.735847,0.005378,0.002357,0.000932,0.001670,0.010923,0.001428,-0.124839,0.988680,-0.083231,0.000000,0.000000,0.000000,-1,-0.121399,1.001022,-0.083038,0.005258,-0.097532,0.004637,137.536728,300.171814,-779.734131,0,0
3.240000,-0.981643,-1.420350,-0.828587,0.981389,0.146111,0.124612,0.110458,0.101306,-0.988704,-0.157085,0.984067,0.083282,-0.670224,-0.095703,0.012113,0.735863,0.004305,-0.004007,-0.000090,0.002267,0.011616,0.000533,-0.124612,0.988704,-0.083282,0.000000,0.000000,0.000000,-1,-0.122864,0.998505,-0.083649,0.007381,-0.107073,0.005720,137.711929,299.298706,-779.567139,0,0
3.280000,-0.980307,-1.420487,-0.826901,0.981365,0.146463,0.124387,0.110187,0.101400,-0.988725,-0.157424,0.984005,0.083372,-0.670185,-0.095738,0.012324,0.735890,0.003249,-0.009304,0.003138,0.002088,0.009047,0.000151,-0.124387,0.988725,-0.083372,0.000000,0.000000,0.000000,-1,-0.124786,0.998245,-0.082535,0.005253,-0.110253,0.005758,137.887131,299.822571,-779.066101,0,0
3.320000,-0.980313,-1.420481,-0.826528,0.981308,0.146833,0.124393,0.110154,0.101446,-0.988724,-0.157797,0.983945,0.083375,-0.670166,-0.095867,0.012461,0.735889,0.006390,-0.005024,-0.000081,-0.002408,0.009399,0.001588,-0.124393,0.988724,-0.083375,0.000000,0.000000,0.000000,-1,-0.124527,1.000870,-0.079041,0.008432,-0.101778,0.001430,138.587952,300.171814,-779.400085,0,0
3.360000,-0.980276,-1.420473,-0.826582,0.981321,0.146744,0.124396,0.110165,0.101445,-0.988723,-0.157709,0.983959,0.083384,-0.670167,-0.095838,0.012427,0.735892,0.006376,0.005569,-0.005446,0.004294,0.011323,0.001780,-0.124396,0.988723,-0.083384,0.000000,0.000000,0.000000,-1,-0.124191,1.001938,-0.081741,0.009501,-0.094357,0.001385,136.660690,301.044922,-780.569092,0,0
3.400000,-0.979495,-1.420445,-0.826005,0.981357,0.146539,0.124354,0.110127,0.101528,-0.988718,-0.157511,0.983981,0.083497,-0.670137,-0.095751,0.012369,0.735932,0.012782,0.010878,0.000842,-0.002416,0.011526,0.004044,-0.124354,0.988719,-0.083497,0.000000,0.000000,0.000000,-1,-0.116669,0.992096,-0.084015,0.007362,-0.090122,-0.002866,138.237549,301.219543,-780.402100,0,0
3.440000,-0.979288,-1.420369,-0.826298,0.981426,0.146041,0.124400,0.110212,0.101546,-0.988707,-0.157024,0.984053,0.083565,-0.670133,-0.095598,0.012171,0.735958,-0.012826,0.016140,-0.024426,0.008524,0.002519,-0.000054,-0.124400,0.988707,-0.083565,0.000000,0.000000,0.000000,-1,-0.120102,1.002625,-0.082474,-0.022468,-0.072129,-0.022829,138.938370,299.473328,-780.402100,0,0
3.480000,-0.987339,-1.420494,-0.835745,0.981552,0.144704,0.124965,0.111074,0.100417,-0.988726,-0.155622,0.984366,0.082492,-0.670567,-0.095359,0.011429,0.735605,-0.016066,0.013011,-0.024346,0.008403,0.015379,-0.001370,-0.124965,0.988726,-0.082492,0.000000,0.000000,0.000000,-1,-0.116119,1.004105,-0.087769,-0.004376,-0.099678,-0.012267,138.412750,299.997192,-781.237122,0,0
3.520000,-0.985705,-1.420525,-0.833846,0.981534,0.144962,0.124805,0.110861,0.100608,-0.988730,-0.155885,0.984309,0.082679,-0.670494,-0.095386,0.011589,0.735667,0.012685,-0.028307,-0.004263,0.006732,0.014794,-0.008156,-0.124805,0.988730,-0.082679,0.000000,0.000000,0.000000,-1,-0.121170,1.005219,-0.082382,0.015862,-0.133579,0.004683,138.062347,299.298706,-779.233093,0,0
3.560000,-0.983372,-1.420493,-0.830541,0.981416,0.145907,0.124638,0.110551,0.100995,-0.988726,-0.156849,0.984130,0.082988,-0.670342,-0.095644,0.012013,0.735765,0.008437,-0.028305,-0.003150,0.003468,0.016493,0.000606,-0.124638,0.988726,-0.082988,0.000000,0.000000,0.000000,-1,-0.120834,0.998581,-0.080963,0.003072,-0.118754,-0.006944,137.011108,300.695679,-779.567139,0,0
3.600000,-0.987909,-1.420474,-0.834120,0.981224,0.146858,0.125028,0.110926,0.100611,-0.988723,-0.157781,0.984028,0.082432,-0.670481,-0.096119,0.012212,0.735572,-0.006493,-0.008187,-0.019029,0.003675,0.007829,-0.002270,-0.125028,0.988723,-0.082432,0.000000,0.000000,0.000000,-1,-0.125244,0.997696,-0.084320,-0.003335,-0.108166,-0.016495,138.412750,298.949493,-780.569092,0,0
3.640000,-0.990554,-1.419987,-0.836486,0.981109,0.147098,0.125649,0.111521,0.100671,-0.988650,-0.158078,0.983986,0.082364,-0.670461,-0.096433,0.012092,0.735551,-0.000171,-0.014501,-0.021182,-0.004097,0.008375,-0.001223,-0.125649,0.988650,-0.082364,0.000000,0.000000,0.000000,-1,-0.127930,0.997269,-0.079208,0.003032,-0.118770,-0.017581,137.887131,299.473328,-780.402100,0,0
3.680000,-0.994656,-1.419394,-0.840027,0.980925,0.147611,0.126477,0.112313,0.100666,-0.988561,-0.158655,0.983909,0.082168,-0.670465,-0.096919,0.011998,0.735486,-0.000211,-0.024056,-0.029648,0.001446,0.006892,0.002852,-0.126477,0.988561,-0.082168,0.000000,0.000000,0.000000,-1,-0.127777,0.996735,-0.083176,-0.001289,-0.135756,-0.032348,138.412750,301.044922,-780.569092,0,0
3.720000,-1.006829,-1.417744,-0.850615,0.980397,0.149064,0.128846,0.114599,0.100548,-0.988310,-0.160277,0.983702,0.081494,-0.670514,-0.098306,0.011719,0.735262,-0.016252,-0.032574,-0.052833,0.002961,0.012224,-0.002307,-0.128846,0.988310,-0.081494,0.000000,0.000000,0.000000,-1,-0.123108,0.984665,-0.083618,-0.016258,-0.152748,-0.051254,137.186310,300.870300,-779.400085,0,0
3.760000,-1.016035,-1.416776,-0.858538,0.980007,0.150271,0.130404,0.116115,0.100261,-0.988162,-0.161566,0.983548,0.080808,-0.670622,-0.099306,0.011617,0.735030,-0.027989,-0.037891,-0.063315,0.007906,0.005780,-0.001956,-0.130404,0.988162,-0.080808,0.000000,0.000000,0.000000,-1,-0.120773,1.003784,-0.082535,-0.023729,-0.149580,-0.059695,137.711929,299.298706,-778.565063,0,0
3.800000,-1.027857,-1.415815,-0.868914,0.979559,0.151648,0.132163,0.117875,0.099664,-0.988015,-0.163003,0.983397,0.079752,-0.670847,-0.100441,0.011493,0.734673,-0.013160,-0.030403,-0.059237,0.017936,0.015404,-0.000647,-0.132163,0.988014,-0.079752,0.000000,0.000000,0.000000,-1,-0.110809,1.000656,-0.082138,0.003895,-0.162306,-0.062070,138.062347,300.346436,-779.901123,0,0
3.840000,-1.035487,-1.414817,-0.874059,0.978990,0.154027,0.133616,0.119143,0.099690,-0.987860,-0.165477,0.983025,0.079244,-0.670831,-0.101803,0.011874,0.734494,-0.017542,-0.097227,-0.080153,0.022792,0.009897,-0.002314,-0.133616,0.987860,-0.079244,0.000000,0.000000,0.000000,-1,-0.113739,1.005417,-0.068420,-0.029167,-0.195204,-0.082831,138.062347,300.346436,-778.899109,0,0
3.880000,-1.056326,-1.413860,-0.891846,0.978178,0.157020,0.136062,0.121633,0.098148,-0.987711,-0.168445,0.982706,0.076908,-0.671402,-0.103758,0.012058,0.733695,-0.044162,-0.074986,-0.094844,0.018142,0.021811,0.006458,-0.136062,0.987711,-0.076908,0.000000,0.000000,0.000000,-1,-0.117065,1.012100,-0.069519,-0.044049,-0.186724,-0.083769,135.959869,300.346436,-778.899109,0,0
3.920000,-1.079520,-1.413353,-0.911272,0.977261,0.160773,0.138250,0.123911,0.096074,-0.987631,-0.172067,0.982304,0.073967,-0.672164,-0.105883,0.012578,0.732684,-0.046250,-0.120545,-0.074396,0.020253,0.020334,0.008629,-0.138250,0.987631,-0.073967,0.000000,0.000000,0.000000,-1,-0.102234,1.000015,-0.058502,-0.044037,-0.245013,-0.068614,135.959869,301.044922,-779.233093,0,0
3.960000,-1.110185,-1.414195,-0.934709,0.975826,0.168065,0.139708,0.125460,0.092649,-0.987763,-0.178952,0.981412,0.069324,-0.673397,-0.108972,0.014570,0.731061,-0.060176,-0.161842,-0.074033,0.038038,0.019637,0.007648,-0.139708,0.987763,-0.069324,0.000000,0.000000,0.000000,-1,-0.109924,1.015869,-0.061569,-0.057850,-0.240770,-0.067417,137.011108,302.092651,-778.565063,0,0
4.000000,-1.127242,-1.414520,-0.948449,0.975116,0.171425,0.140580,0.126460,0.090730,-0.987814,-0.182091,0.981010,0.066794,-0.674090,-0.110477,0.015395,0.730178,-0.048429,-0.083389,-0.075572,0.021501,0.028727,0.007041,-0.140580,0.987814,-0.066794,0.000000,0.000000,0.000000,-1,-0.120560,0.989349,-0.066406,-0.021659,-0.144303,-0.075698,137.011108,300.695679,-778.231079,0,0
4.040000,-1.138456,-1.413720,-0.958287,0.974667,0.172769,0.142037,0.127993,0.089936,-0.987689,-0.183416,0.980848,0.065544,-0.674386,-0.111495,0.015339,0.729751,-0.012260,-0.035685,-0.079371,0.021478,0.001660,-0.000862,-0.142037,0.987689,-0.065544,0.000000,0.000000,0.000000,-1,-0.143478,0.998901,-0.080063,0.011328,-0.110375,-0.075151,135.434250,300.521057,-778.732056,0,0
4.080000,-1.139260,-1.409122,-0.960492,0.974356,0.171029,0.146214,0.131912,0.092255,-0.986959,-0.182287,0.980937,0.067329,-0.673567,-0.112439,0.013389,0.730401,-0.002640,0.050183,-0.085180,-0.006328,0.019251,-0.009621,-0.146214,0.986959,-0.067329,0.000000,0.000000,0.000000,-1,-0.160080,1.004532,-0.070724,-0.007797,-0.069035,-0.080445,136.135071,299.822571,-778.398071,0,0
4.120000,-1.148123,-1.406552,-0.969750,0.974011,0.170488,0.149118,0.134852,0.092464,-0.986542,-0.181982,0.981012,0.067071,-0.673512,-0.113339,0.012199,0.730333,-0.007008,-0.025033,-0.080533,-0.028006,0.018478,0.000970,-0.149118,0.986542,-0.067071,0.000000,0.000000,0.000000,-1,-0.202835,0.993439,-0.074417,-0.010015,-0.168700,-0.084226,136.135071,301.568787,-779.734131,0,0
4.160000,-1.159914,-1.403470,-0.979815,0.973194,0.171994,0.152685,0.138299,0.092796,-0.986034,-0.183760,0.980718,0.066522,-0.673401,-0.115196,0.011537,0.730156,-0.028383,-0.080193,-0.099200,-0.050150,0.007405,-0.007895,-0.152685,0.986034,-0.066522,0.000000,0.000000,0.000000,-1,-0.182617,0.979721,-0.075424,-0.053742,-0.210091,-0.112277,135.434250,300.870300,-778.398071,0,0
4.200000,-1.206908,-1.397714,-1.020538,0.970781,0.177991,0.160943,0.146798,0.090055,-0.985059,-0.189826,0.979903,0.061295,-0.674432,-0.120394,0.010706,0.728377,-0.110429,-0.125844,-0.138513,-0.019904,-0.004941,-0.002456,-0.160943,0.985059,-0.061295,0.000000,0.000000,0.000000,-1,-0.176254,0.990097,-0.050293,-0.115518,-0.223916,-0.139191,135.959869,300.695679,-778.565063,0,0
4.240000,-1.240044,-1.394599,-1.050295,0.969347,0.181330,0.165786,0.152074,0.087173,-0.984517,-0.192974,0.979551,0.056925,-0.675509,-0.123390,0.010062,0.726885,-0.122190,-0.133290,-0.154307,-0.004227,0.013774,0.008021,-0.165786,0.984517,-0.056925,0.000000,0.000000,0.000000,-1,-0.138336,0.997635,-0.050415,-0.111310,-0.239832,-0.147675,135.784668,299.822571,-777.396057,0,0
