0.000000,-1.324364,0.125492,0.084546,0.253324,-0.100348,0.962163,-0.083781,0.988592,0.125163,-0.963747,-0.112318,0.242027,0.075340,-0.610991,-0.005256,0.788027,0.000238,-0.008048,0.000312,0.008443,0.006587,0.009040,-0.962163,-0.125163,-0.242027,0.000000,0.000000,0.000000,-1,-0.957031,-0.119232,-0.236298,-0.028790,-0.004338,-0.011479,3.340057,224.134766,-569.297607,0,0
0.040000,-1.325423,0.124995,0.084610,0.252270,-0.099973,0.962479,-0.083850,0.988649,0.124669,-0.964017,-0.112154,0.241023,0.075162,-0.611424,-0.005117,0.787709,0.001280,-0.024915,0.007893,0.005829,0.006856,0.005687,-0.962479,-0.124669,-0.241023,0.000000,0.000000,0.000000,-1,-0.956131,-0.117310,-0.236084,-0.023515,-0.027561,-0.002910,3.867432,224.310562,-568.794861,0,0
0.080000,-1.326803,0.124367,0.084776,0.250904,-0.099485,0.962886,-0.084020,0.988713,0.124047,-0.964359,-0.112026,0.239713,0.074963,-0.611984,-0.004911,0.787294,0.001223,-0.051307,0.017585,0.008388,0.005532,0.004148,-0.962886,-0.124047,-0.239713,0.000000,0.000000,0.000000,-1,-0.954605,-0.121872,-0.239929,-0.026771,-0.053970,0.004671,3.340057,225.541107,-569.297607,0,0
0.120000,-1.328664,0.123712,0.084880,0.249067,-0.099038,0.963409,-0.084130,0.988785,0.123397,-0.964825,-0.111786,0.237941,0.074734,-0.612735,-0.004737,0.786733,-0.003090,-0.071398,0.020890,0.007446,0.000853,-0.003941,-0.963409,-0.123397,-0.237941,0.000000,0.000000,0.000000,-1,-0.956787,-0.125122,-0.246048,-0.031071,-0.066688,0.003687,2.461090,223.958969,-568.124512,0,0
0.160000,-1.331393,0.122932,0.084760,0.246357,-0.098623,0.964148,-0.084020,0.988891,0.122622,-0.965530,-0.111216,0.235334,0.074385,-0.613840,-0.004645,0.785904,-0.005224,-0.068253,0.015565,0.002494,-0.004255,-0.012270,-0.964148,-0.122622,-0.235334,0.000000,0.000000,0.000000,-1,-0.964905,-0.126709,-0.242752,-0.029995,-0.060363,0.000459,3.691635,225.189514,-568.292114,0,0
0.200000,-1.332862,0.122699,0.084755,0.244919,-0.098564,0.964521,-0.084017,0.988919,0.122392,-0.965896,-0.111012,0.233924,0.074289,-0.614426,-0.004630,0.785456,0.000123,-0.055599,0.013401,-0.002368,-0.004134,-0.007516,-0.964521,-0.122392,-0.233924,0.000000,0.000000,0.000000,-1,-0.966980,-0.123474,-0.238403,-0.022480,-0.039192,-0.000744,4.043228,223.783188,-569.632812,0,0
0.240000,-1.334054,0.122342,0.085006,0.243763,-0.098291,0.964841,-0.084269,0.988942,0.122037,-0.966167,-0.111055,0.232784,0.074224,-0.614897,-0.004465,0.785094,0.005534,-0.023850,0.010043,-0.000079,0.000561,-0.003559,-0.964841,-0.122037,-0.232784,0.000000,0.000000,0.000000,-1,-0.961090,-0.118347,-0.240967,-0.022405,-0.010635,-0.005113,2.988464,224.837936,-568.627258,0,0
0.280000,-1.334182,0.121976,0.085220,0.243630,-0.097902,0.964914,-0.084485,0.988968,0.121674,-0.966181,-0.111164,0.232671,0.074147,-0.614952,-0.004273,0.785059,0.005590,0.001507,0.002492,0.005655,0.002777,-0.001124,-0.964914,-0.121674,-0.232671,0.000000,0.000000,0.000000,-1,-0.961243,-0.119232,-0.232346,-0.020218,0.012616,-0.010544,2.812683,224.662140,-569.465210,0,0
0.320000,-1.333806,0.121730,0.085563,0.244006,-0.097540,0.964856,-0.084827,0.988969,0.121430,-0.966057,-0.111475,0.233040,0.074157,-0.614801,-0.004048,0.785178,0.009876,0.008943,0.004564,0.002499,0.002640,-0.001686,-0.964856,-0.121430,-0.233040,0.000000,0.000000,0.000000,-1,-0.960159,-0.121567,-0.236618,-0.017009,0.016862,-0.009519,2.285309,225.189514,-568.627258,0,0
0.360000,-1.333185,0.121666,0.085960,0.244640,-0.097312,0.964718,-0.085220,0.988943,0.121366,-0.965862,-0.111904,0.233642,0.074255,-0.614545,-0.003849,0.785370,0.009854,0.009902,0.003558,0.001858,0.000562,-0.002778,-0.964718,-0.121366,-0.233642,0.000000,0.000000,0.000000,-1,-0.962128,-0.122025,-0.233429,-0.019148,0.013685,-0.009491,3.867432,225.013733,-569.465210,0,0
0.400000,-1.332813,0.121687,0.086294,0.245034,-0.097209,0.964629,-0.085550,0.988912,0.121387,-0.965733,-0.112268,0.234000,0.074367,-0.614385,-0.003711,0.785485,0.009842,0.005667,0.003572,0.007064,-0.001522,-0.005257,-0.964629,-0.121387,-0.234000,0.000000,0.000000,0.000000,-1,-0.958221,-0.124054,-0.226822,-0.014910,0.008368,-0.011634,4.219009,226.771652,-568.459717,0,0
0.440000,-1.333204,0.121831,0.086879,0.244725,-0.097248,0.964703,-0.086127,0.988844,0.121530,-0.965760,-0.112828,0.233619,0.074602,-0.614512,-0.003540,0.785364,0.013027,0.001434,0.004626,0.005872,-0.000571,0.008186,-0.964703,-0.121530,-0.233619,0.000000,0.000000,0.000000,-1,-0.951324,-0.120621,-0.227966,-0.017056,0.000975,-0.009459,2.988464,223.783188,-568.292114,0,0
0.480000,-1.333764,0.121778,0.087178,0.244208,-0.097188,0.964840,-0.086422,0.988825,0.121478,-0.965864,-0.113050,0.233080,0.074672,-0.614723,-0.003428,0.785193,0.005507,-0.020809,0.004767,0.013516,0.000857,0.005114,-0.964840,-0.121478,-0.233080,0.000000,0.000000,0.000000,-1,-0.958893,-0.119125,-0.228531,-0.023506,-0.019147,-0.009334,2.812683,224.310562,-568.459717,0,0
0.520000,-1.334840,0.121678,0.087478,0.243190,-0.097139,0.965102,-0.086721,0.988811,0.121378,-0.966094,-0.113212,0.232045,0.074723,-0.615137,-0.003318,0.784864,0.006567,-0.009325,0.001594,0.002410,-0.000403,-0.004009,-0.965102,-0.121378,-0.232045,0.000000,0.000000,0.000000,-1,-0.962128,-0.123917,-0.232056,-0.021335,-0.000142,-0.015814,3.340057,224.837936,-569.297607,0,0
0.560000,-1.334966,0.121854,0.087653,0.243099,-0.097280,0.965111,-0.086892,0.988774,0.121553,-0.966102,-0.113410,0.231917,0.074846,-0.615174,-0.003309,0.784823,0.005494,-0.009352,-0.001595,0.003166,-0.001967,-0.002335,-0.965111,-0.121553,-0.231917,0.000000,0.000000,0.000000,-1,-0.959259,-0.122589,-0.231781,-0.022419,-0.007546,-0.014712,2.988464,223.431595,-569.297607,0,0
0.600000,-1.335742,0.122009,0.087739,0.242371,-0.097496,0.965272,-0.086975,0.988748,0.121706,-0.966277,-0.113453,0.231164,0.074931,-0.615470,-0.003352,0.784583,-0.000940,-0.026277,0.000647,0.003404,0.000139,0.000528,-0.965272,-0.121706,-0.231164,0.000000,0.000000,0.000000,-1,-0.962784,-0.121719,-0.233871,-0.026720,-0.022363,-0.013558,3.515854,223.958969,-568.459717,0,0
0.640000,-1.337167,0.122090,0.087792,0.241007,-0.097724,0.965591,-0.087027,0.988734,0.121787,-0.966614,-0.113384,0.229787,0.074977,-0.616024,-0.003410,0.784144,0.005459,-0.022052,-0.000485,0.000564,0.000098,0.001119,-0.965591,-0.121787,-0.229787,0.000000,0.000000,0.000000,-1,-0.965210,-0.123764,-0.228409,-0.021363,-0.009675,-0.015778,3.691635,225.189514,-568.627258,0,0
0.680000,-1.337526,0.122316,0.087992,0.240698,-0.097934,0.965647,-0.087222,0.988689,0.122012,-0.966673,-0.113594,0.229433,0.075126,-0.616149,-0.003415,0.784031,0.004457,0.001220,-0.003762,0.001963,-0.000822,0.000414,-0.965647,-0.122012,-0.229433,0.000000,0.000000,0.000000,-1,-0.958344,-0.121750,-0.225189,-0.021312,0.008321,-0.016911,3.164261,224.662140,-569.465210,0,0
0.720000,-1.337909,0.122392,0.088047,0.240340,-0.098037,0.965725,-0.087276,0.988675,0.122087,-0.966757,-0.113627,0.229062,0.075172,-0.616294,-0.003432,0.783913,-0.000956,-0.019031,-0.000367,0.007016,0.002855,0.002805,-0.965725,-0.122087,-0.229062,0.000000,0.000000,0.000000,-1,-0.963547,-0.123703,-0.222000,-0.029892,-0.014949,-0.013561,4.043228,225.189514,-569.297607,0,0
0.760000,-1.338953,0.122491,0.087958,0.239330,-0.098272,0.965952,-0.087187,0.988670,0.122185,-0.967016,-0.113461,0.228051,0.075182,-0.616703,-0.003537,0.783590,-0.004117,-0.007393,-0.001453,0.002558,-0.002296,0.003960,-0.965952,-0.122185,-0.228051,0.000000,0.000000,0.000000,-1,-0.960022,-0.122696,-0.225983,-0.028774,0.006195,-0.017911,4.922180,224.310562,-567.454163,0,0
0.800000,-1.338966,0.122706,0.087889,0.239329,-0.098497,0.965930,-0.087116,0.988650,0.122398,-0.967023,-0.113441,0.228032,0.075244,-0.616703,-0.003631,0.783583,-0.000901,0.003157,-0.005780,0.005908,-0.000298,0.002049,-0.965930,-0.122398,-0.228032,0.000000,0.000000,0.000000,-1,-0.960587,-0.122604,-0.225296,-0.028766,0.011461,-0.021126,4.394806,224.486343,-568.292114,0,0
0.840000,-1.338917,0.123059,0.087791,0.239396,-0.098854,0.965876,-0.087016,0.988616,0.122749,-0.967015,-0.113432,0.228069,0.075352,-0.616675,-0.003777,0.783594,0.000125,-0.002161,-0.004655,0.003962,0.000297,0.000972,-0.965876,-0.122749,-0.228069,0.000000,0.000000,0.000000,-1,-0.961990,-0.120407,-0.223434,-0.027706,0.007253,-0.017923,3.340057,224.837936,-568.292114,0,0
0.880000,-1.339081,0.123163,0.087756,0.239243,-0.098981,0.965901,-0.086979,0.988606,0.122852,-0.967056,-0.113405,0.227908,0.075381,-0.616736,-0.003829,0.783543,-0.000918,0.003153,-0.002536,0.004888,0.000644,0.005313,-0.965901,-0.122852,-0.227908,0.000000,0.000000,0.000000,-1,-0.961273,-0.122452,-0.224197,-0.028761,0.010431,-0.017927,4.394806,225.892685,-569.297607,0,0
0.920000,-1.339075,0.123227,0.087706,0.239249,-0.099054,0.965892,-0.086930,0.988603,0.122915,-0.967059,-0.113372,0.227912,0.075390,-0.616734,-0.003868,0.783544,-0.001985,0.004191,-0.004662,0.006099,0.001546,0.003119,-0.965892,-0.122915,-0.227912,0.000000,0.000000,0.000000,-1,-0.961060,-0.124252,-0.223160,-0.029823,0.011490,-0.017922,2.988464,224.837936,-568.292114,0,0
0.960000,-1.339002,0.123406,0.087607,0.239325,-0.099242,0.965854,-0.086830,0.988589,0.123093,-0.967049,-0.113324,0.227977,0.075430,-0.616702,-0.003960,0.783564,-0.003047,0.004200,-0.003589,0.005344,-0.001129,0.002833,-0.965854,-0.123093,-0.227977,0.000000,0.000000,0.000000,-1,-0.960815,-0.124924,-0.227188,-0.031958,0.009373,-0.017898,2.636887,224.486343,-568.627258,0,0
1.000000,-1.339193,0.123779,0.087351,0.239146,-0.099684,0.965853,-0.086573,0.988566,0.123463,-0.967116,-0.113143,0.227782,0.075496,-0.616773,-0.004183,0.783501,-0.002050,-0.007476,-0.003515,0.004504,-0.001659,0.004759,-0.965853,-0.123463,-0.227782,0.000000,0.000000,0.000000,-1,-0.961761,-0.124435,-0.224426,-0.027723,-0.000141,-0.015764,4.043228,224.837936,-568.627258,0,0
1.040000,-1.339556,0.123939,0.087351,0.238809,-0.099879,0.965916,-0.086570,0.988546,0.123622,-0.967200,-0.113142,0.227427,0.075558,-0.616910,-0.004247,0.783387,0.001146,-0.008518,-0.001406,0.004948,-0.002049,0.002543,-0.965916,-0.123622,-0.227427,0.000000,0.000000,0.000000,-1,-0.962967,-0.122314,-0.221191,-0.026665,-0.002259,-0.015765,4.922180,225.716888,-568.459717,0,0
1.080000,-1.340164,0.124064,0.087405,0.238237,-0.100055,0.966039,-0.086623,0.988526,0.123746,-0.967336,-0.113162,0.226836,0.075622,-0.617141,-0.004288,0.783198,0.002221,-0.004295,-0.002496,0.001364,0.000242,0.004302,-0.966039,-0.123746,-0.226836,0.000000,0.000000,0.000000,-1,-0.963608,-0.123947,-0.220337,-0.023425,0.013617,-0.016915,3.691635,224.134766,-568.627258,0,0
1.120000,-1.340286,0.124235,0.087575,0.238150,-0.100192,0.966047,-0.086789,0.988490,0.123915,-0.967343,-0.113353,0.226713,0.075741,-0.617177,-0.004278,0.783159,0.002266,0.009478,-0.001483,0.005536,0.002287,0.007322,-0.966047,-0.123915,-0.226713,0.000000,0.000000,0.000000,-1,-0.963013,-0.121704,-0.220825,-0.025546,0.014696,-0.014771,2.461090,225.716888,-567.789307,0,0
1.160000,-1.340299,0.124192,0.087613,0.238137,-0.100144,0.966055,-0.086827,0.988492,0.123873,-0.967343,-0.113378,0.226702,0.075736,-0.617182,-0.004251,0.783156,0.001161,0.008404,-0.000378,0.003042,0.002169,0.005877,-0.966055,-0.123873,-0.226702,0.000000,0.000000,0.000000,-1,-0.957382,-0.120270,-0.224945,-0.025543,0.014706,-0.013706,4.394806,224.134766,-566.616211,0,0
1.200000,-1.340590,0.123894,0.087680,0.237838,-0.099874,0.966157,-0.086897,0.988523,0.123578,-0.967410,-0.113347,0.226429,0.075640,-0.617304,-0.004143,0.783069,0.000009,-0.027527,0.008289,0.008774,0.003308,0.001484,-0.966157,-0.123578,-0.226429,0.000000,0.000000,0.000000,-1,-0.962753,-0.124405,-0.221069,-0.028818,-0.017008,-0.007170,3.340057,225.892685,-569.297607,0,0
1.240000,-1.341849,0.123797,0.087915,0.236635,-0.099867,0.966452,-0.087130,0.988514,0.123481,-0.967684,-0.113427,0.225216,0.075672,-0.617791,-0.004068,0.782682,0.007533,0.002055,0.000661,0.000495,-0.003152,0.003826,-0.966452,-0.123481,-0.225216,0.000000,0.000000,0.000000,-1,-0.962219,-0.126053,-0.225006,-0.022364,0.011508,-0.015850,2.109512,224.310562,-568.459717,0,0
1.280000,-1.341854,0.123931,0.087983,0.236648,-0.099981,0.966438,-0.087195,0.988492,0.123614,-0.967675,-0.113522,0.225207,0.075745,-0.617786,-0.004084,0.782679,0.000049,-0.006436,-0.001381,0.005714,0.000247,0.004030,-0.966438,-0.123614,-0.225207,0.000000,0.000000,0.000000,-1,-0.959229,-0.122894,-0.221054,-0.025598,-0.003299,-0.013638,4.219009,223.607391,-569.130005,0,0
1.320000,-1.342486,0.123886,0.088049,0.236040,-0.099994,0.966585,-0.087262,0.988492,0.123570,-0.967817,-0.113513,0.224598,0.075747,-0.618032,-0.004068,0.782485,0.001038,-0.021231,0.001877,0.005922,0.001545,0.007526,-0.966585,-0.123570,-0.224598,0.000000,0.000000,0.000000,-1,-0.962769,-0.123047,-0.218048,-0.025635,-0.018098,-0.010387,3.164261,225.716888,-568.794861,0,0
1.360000,-1.344103,0.123608,0.088267,0.234472,-0.099858,0.966980,-0.087480,0.988507,0.123294,-0.968179,-0.113501,0.223042,0.075703,-0.618666,-0.003957,0.781988,0.005292,-0.025443,0.005057,0.003617,0.001528,0.002415,-0.966980,-0.123294,-0.223042,0.000000,0.000000,0.000000,-1,-0.966248,-0.123154,-0.221680,-0.020308,-0.017040,-0.010432,3.867432,226.068481,-569.465210,0,0
1.400000,-1.345029,0.123537,0.088529,0.233595,-0.099834,0.967195,-0.087739,0.988493,0.123223,-0.968367,-0.113645,0.222148,0.075754,-0.619021,-0.003868,0.781703,0.004267,-0.009587,0.001809,0.001024,-0.000816,0.002833,-0.967195,-0.123223,-0.222148,0.000000,0.000000,0.000000,-1,-0.961319,-0.122543,-0.219116,-0.023446,0.003065,-0.012614,3.340057,223.783188,-568.292114,0,0
1.440000,-1.345589,0.123482,0.088627,0.233059,-0.099821,0.967326,-0.087838,0.988491,0.123168,-0.968488,-0.113673,0.221608,0.075762,-0.619238,-0.003833,0.781530,-0.000022,-0.021219,0.004016,0.007838,0.001021,0.002843,-0.967326,-0.123168,-0.221608,0.000000,0.000000,0.000000,-1,-0.961014,-0.123093,-0.212875,-0.023531,-0.027620,-0.009302,3.340057,225.892685,-567.621765,0,0
1.480000,-1.347197,0.123342,0.088830,0.231510,-0.099822,0.967698,-0.088039,0.988490,0.123029,-0.968841,-0.113678,0.220057,0.075767,-0.619864,-0.003772,0.781034,0.003093,-0.034949,0.006185,0.003541,0.000837,0.006418,-0.967698,-0.123029,-0.220057,0.000000,0.000000,0.000000,-1,-0.967651,-0.122818,-0.214355,-0.024581,-0.024423,-0.007175,2.988464,225.892685,-568.292114,0,0
1.520000,-1.348544,0.123208,0.088917,0.230201,-0.099826,0.968009,-0.088127,0.988499,0.122897,-0.969144,-0.113599,0.218756,0.075740,-0.620391,-0.003747,0.780618,-0.001113,-0.015906,0.004015,0.001426,-0.000867,0.004279,-0.968009,-0.122897,-0.218756,0.000000,0.000000,0.000000,-1,-0.964569,-0.122299,-0.217972,-0.028794,-0.006446,-0.010406,4.043228,224.134766,-568.292114,0,0
1.560000,-1.349006,0.123101,0.088888,0.229741,-0.099783,0.968123,-0.088099,0.988515,0.122791,-0.969256,-0.113501,0.218312,0.075688,-0.620577,-0.003742,0.780475,-0.001113,-0.014857,0.002946,0.003615,-0.000195,0.000264,-0.968123,-0.122791,-0.218312,0.000000,0.000000,0.000000,-1,-0.963470,-0.122482,-0.219070,-0.023473,-0.006457,-0.011512,2.285309,225.189514,-567.956909,0,0
1.600000,-1.349785,0.122948,0.089096,0.228994,-0.099675,0.968311,-0.088306,0.988515,0.122638,-0.969414,-0.113591,0.217562,0.075692,-0.620878,-0.003643,0.780236,0.006337,-0.014867,0.001823,0.003590,0.000659,-0.000532,-0.968311,-0.122638,-0.217562,0.000000,0.000000,0.000000,-1,-0.965042,-0.121582,-0.218521,-0.021340,-0.005399,-0.011533,3.515854,224.310562,-569.130005,0,0
1.640000,-1.350159,0.122879,0.089275,0.228643,-0.099610,0.968401,-0.088484,0.988508,0.122570,-0.969481,-0.113713,0.217202,0.075720,-0.621020,-0.003565,0.780121,0.005253,-0.009508,0.002887,0.002916,0.000194,0.003426,-0.968401,-0.122570,-0.217202,0.000000,0.000000,0.000000,-1,-0.964874,-0.120773,-0.214890,-0.020255,0.002005,-0.012634,3.515854,224.662140,-567.789307,0,0
1.680000,-1.350377,0.122885,0.089438,0.228449,-0.099604,0.968447,-0.088645,0.988492,0.122576,-0.969512,-0.113851,0.216990,0.075773,-0.621098,-0.003512,0.780053,0.003151,0.002113,-0.000337,0.001528,0.000078,0.002589,-0.968447,-0.122576,-0.216990,0.000000,0.000000,0.000000,-1,-0.961945,-0.124527,-0.214081,-0.021283,0.017853,-0.016947,3.164261,224.310562,-567.789307,0,0
1.720000,-1.350006,0.123162,0.089646,0.228853,-0.099781,0.968334,-0.088847,0.988440,0.122851,-0.969398,-0.114149,0.217342,0.075945,-0.620936,-0.003504,0.780166,0.002106,0.009516,-0.001423,0.007778,0.000567,0.001796,-0.968334,-0.122851,-0.217342,0.000000,0.000000,0.000000,-1,-0.961395,-0.121201,-0.219696,-0.025568,0.007282,-0.014744,3.515854,225.013733,-568.124512,0,0
1.760000,-1.349950,0.123271,0.089673,0.228920,-0.099873,0.968308,-0.088873,0.988424,0.122959,-0.969380,-0.114204,0.217394,0.075996,-0.620909,-0.003525,0.780182,0.002053,-0.009527,0.000779,0.005372,-0.001507,0.000185,-0.968308,-0.122959,-0.217394,0.000000,0.000000,0.000000,-1,-0.963547,-0.124741,-0.217438,-0.026665,-0.003309,-0.014695,2.812683,224.310562,-568.794861,0,0
1.800000,-1.350213,0.123422,0.089684,0.228678,-0.100047,0.968348,-0.088882,0.988397,0.123152,-0.969452,-0.114253,0.217048,0.076085,-0.621037,-0.003582,0.780071,0.003086,-0.006308,-0.001362,0.003365,-0.001603,0.001991,-0.968361,-0.123152,-0.217048,0.000000,0.000000,0.000000,-1,-0.964294,-0.123672,-0.217178,-0.021315,0.007262,-0.016907,3.515854,225.013733,-568.459717,0,0
1.840000,-1.350263,0.123547,0.089932,0.228666,-0.100116,0.968343,-0.089126,0.988367,0.123233,-0.969417,-0.114484,0.217083,0.076183,-0.621011,-0.003522,0.780083,0.007385,0.005362,0.000691,0.004156,-0.000363,0.000271,-0.968343,-0.123233,-0.217083,0.000000,0.000000,0.000000,-1,-0.964355,-0.123840,-0.210815,-0.020223,0.013646,-0.013744,3.164261,224.662140,-568.794861,0,0
1.880000,-1.350434,0.123568,0.090181,0.228526,-0.100099,0.968378,-0.089373,0.988343,0.123253,-0.969427,-0.114713,0.216916,0.076268,-0.621068,-0.003438,0.780030,0.006314,0.002192,0.001777,0.004145,0.000725,0.006818,-0.968378,-0.123253,-0.216916,0.000000,0.000000,0.000000,-1,-0.962738,-0.123825,-0.210724,-0.022363,0.009420,-0.012646,3.515854,224.310562,-567.454163,0,0
1.920000,-1.350959,0.123578,0.090374,0.228038,-0.100125,0.968490,-0.089563,0.988324,0.123264,-0.969524,-0.114850,0.216408,0.076332,-0.621264,-0.003386,0.779867,0.000938,-0.016854,0.004019,0.010116,-0.001187,0.005348,-0.968490,-0.123264,-0.216408,0.000000,0.000000,0.000000,-1,-0.965195,-0.124542,-0.212616,-0.027763,-0.017048,-0.011439,2.812683,224.662140,-568.124512,0,0
1.960000,-1.352256,0.123797,0.090537,0.226816,-0.100448,0.968744,-0.089721,0.988283,0.123481,-0.969796,-0.114924,0.215146,0.076465,-0.621756,-0.003440,0.779462,0.005165,-0.011538,-0.001352,0.000650,-0.004632,0.002408,-0.968744,-0.123481,-0.215146,0.000000,0.000000,0.000000,-1,-0.969666,-0.129562,-0.213669,-0.023457,0.004075,-0.017944,4.394806,224.837936,-567.956909,0,0
2.000000,-1.352339,0.124247,0.090585,0.226779,-0.100882,0.968707,-0.089763,0.988223,0.123928,-0.969801,-0.115059,0.215053,0.076654,-0.621770,-0.003566,0.779432,0.000943,0.003261,-0.004574,0.000461,-0.006443,0.000881,-0.968707,-0.123928,-0.215053,0.000000,0.000000,0.000000,-1,-0.963272,-0.128632,-0.212875,-0.027705,0.009352,-0.020061,4.043228,224.837936,-568.292114,0,0
2.040000,-1.352448,0.124786,0.090349,0.226697,-0.101467,0.968666,-0.089524,0.988177,0.124462,-0.969842,-0.114934,0.214933,0.076789,-0.621801,-0.003831,0.779392,-0.006531,-0.003103,-0.005560,0.004570,-0.002369,0.006498,-0.968666,-0.124462,-0.214933,0.000000,0.000000,0.000000,-1,-0.963669,-0.125488,-0.210770,-0.031971,0.006185,-0.018951,3.867432,224.662140,-568.124512,0,0
2.080000,-1.352657,0.125037,0.090059,0.226487,-0.101799,0.968680,-0.089235,0.988172,0.124712,-0.969918,-0.114685,0.214724,0.076796,-0.621884,-0.004031,0.779324,-0.006516,0.001141,-0.004512,0.001807,-0.002806,0.002505,-0.968680,-0.124712,-0.214724,0.000000,0.000000,0.000000,-1,-0.966858,-0.125229,-0.211929,-0.031968,0.007245,-0.018955,3.340057,224.486343,-569.632812,0,0
2.120000,-1.352752,0.125256,0.089797,0.226386,-0.102080,0.968674,-0.088974,0.988168,0.124929,-0.969965,-0.114468,0.214625,0.076800,-0.621924,-0.004205,0.779291,-0.005479,0.003331,-0.005588,0.002136,-0.001353,0.005794,-0.968674,-0.124929,-0.214625,0.000000,0.000000,0.000000,-1,-0.964615,-0.125458,-0.208511,-0.033016,0.013590,-0.020036,2.461090,225.013733,-568.124512,0,0
2.160000,-1.352590,0.125445,0.089502,0.226531,-0.102311,0.968616,-0.088680,0.988171,0.125116,-0.969959,-0.114240,0.214778,0.076782,-0.621865,-0.004372,0.779339,-0.006522,0.009694,-0.004539,0.007098,0.000620,0.003581,-0.968616,-0.125116,-0.214778,0.000000,0.000000,0.000000,-1,-0.962280,-0.122253,-0.209000,-0.036224,0.007256,-0.017857,2.988464,224.134766,-567.286560,0,0
2.200000,-1.352770,0.125432,0.089107,0.226314,-0.102409,0.968656,-0.088290,0.988207,0.125104,-0.970045,-0.113836,0.214604,0.076654,-0.621951,-0.004529,0.779283,-0.010814,-0.002997,-0.002327,0.003477,0.002515,0.004368,-0.968656,-0.125104,-0.214604,0.000000,0.000000,0.000000,-1,-0.964706,-0.122910,-0.211929,-0.038342,0.009394,-0.015718,4.394806,223.080017,-568.962463,0,0
2.240000,-1.352828,0.125272,0.088660,0.226198,-0.102362,0.968688,-0.087850,0.988267,0.124944,-0.970112,-0.113361,0.214552,0.076452,-0.621996,-0.004656,0.779265,-0.013988,0.001268,0.000878,0.004500,0.000906,0.000822,-0.968688,-0.124944,-0.214552,0.000000,0.000000,0.000000,-1,-0.963898,-0.124496,-0.215439,-0.041537,0.007296,-0.013554,2.109512,224.310562,-569.130005,0,0
2.280000,-1.352734,0.125039,0.088139,0.226217,-0.102244,0.968696,-0.087338,0.988341,0.124713,-0.970154,-0.112816,0.214650,0.076200,-0.621988,-0.004782,0.779296,-0.009785,-0.007092,0.001945,0.003776,0.000949,-0.001629,-0.968696,-0.124713,-0.214650,0.000000,0.000000,0.000000,-1,-0.963745,-0.123566,-0.217926,-0.031978,-0.002219,-0.011462,3.691635,224.837936,-568.962463,0,0
2.320000,-1.352765,0.124754,0.087947,0.226142,-0.102016,0.968737,-0.087151,0.988393,0.124431,-0.970188,-0.112565,0.214627,0.076030,-0.622018,-0.004769,0.779289,0.001941,-0.002846,0.002904,0.004916,0.003093,-0.001209,-0.968737,-0.124431,-0.214627,0.000000,0.000000,0.000000,-1,-0.966232,-0.119598,-0.211655,-0.025558,0.007322,-0.010482,3.340057,223.080017,-569.297607,0,0
2.360000,-1.352787,0.124427,0.088067,0.226105,-0.101676,0.968782,-0.087273,0.988424,0.124106,-0.970185,-0.112610,0.214614,0.075940,-0.622034,-0.004621,0.779285,0.004092,0.002469,0.005000,0.003572,0.004752,0.001586,-0.968782,-0.124106,-0.214614,0.000000,0.000000,0.000000,-1,-0.964172,-0.118988,-0.209244,-0.020217,0.009478,-0.006271,2.988464,225.189514,-567.956909,0,0
2.400000,-1.352899,0.124009,0.088296,0.225984,-0.101234,0.968857,-0.087504,0.988455,0.123692,-0.970193,-0.112731,0.214517,0.075849,-0.622084,-0.004405,0.779255,0.004115,0.006743,0.009246,0.004684,0.004704,0.005273,-0.968857,-0.123692,-0.214517,0.000000,0.000000,0.000000,-1,-0.963837,-0.119507,-0.211075,-0.023396,0.013725,-0.005197,3.340057,226.244263,-567.286560,0,0
2.440000,-1.352689,0.123197,0.088686,0.226158,-0.100337,0.968909,-0.087899,0.988521,0.122885,-0.970117,-0.112958,0.214743,0.075656,-0.622017,-0.003990,0.779330,0.006199,0.003612,0.009244,0.006049,0.002127,-0.000544,-0.968909,-0.122885,-0.214743,0.000000,0.000000,0.000000,-1,-0.962860,-0.120911,-0.215485,-0.018092,0.006320,-0.004145,2.109512,224.310562,-567.118958,0,0
2.480000,-1.352719,0.122941,0.089041,0.226142,-0.100014,0.968946,-0.088252,0.988521,0.122632,-0.970088,-0.113244,0.214720,0.075667,-0.622025,-0.003773,0.779324,0.012570,-0.003783,0.011353,0.007261,0.000226,0.002104,-0.968946,-0.122632,-0.214720,0.000000,0.000000,0.000000,-1,-0.962296,-0.121994,-0.212799,-0.012777,0.004190,-0.005243,4.570602,225.365311,-568.794861,0,0
2.520000,-1.352914,0.122759,0.089648,0.225998,-0.099723,0.969010,-0.088854,0.988489,0.122451,-0.970067,-0.113774,0.214535,0.075784,-0.622084,-0.003487,0.779266,0.012578,0.000433,0.009206,0.004807,-0.001145,0.003125,-0.969010,-0.122451,-0.214535,0.000000,0.000000,0.000000,-1,-0.962814,-0.123062,-0.213272,-0.018090,0.009468,-0.007352,3.164261,224.310562,-568.459717,0,0
2.560000,-1.353048,0.122584,0.090179,0.225906,-0.099450,0.969060,-0.089381,0.988463,0.122277,-0.970040,-0.114239,0.214410,0.075882,-0.622123,-0.003230,0.779227,0.008302,-0.001723,0.004986,0.003453,-0.000068,0.001322,-0.969060,-0.122277,-0.214411,0.000000,0.000000,0.000000,-1,-0.963043,-0.123352,-0.210632,-0.018099,0.008389,-0.009479,3.691635,225.189514,-567.621765,0,0
2.600000,-1.353154,0.122592,0.090477,0.225833,-0.099402,0.969081,-0.089676,0.988435,0.122285,-0.970030,-0.114519,0.214307,0.075977,-0.622153,-0.003121,0.779194,0.008270,-0.001600,0.006048,0.007366,-0.002074,0.004224,-0.969081,-0.122285,-0.214307,0.000000,0.000000,0.000000,-1,-0.960480,-0.124680,-0.211533,-0.015978,0.006260,-0.010553,2.988464,223.783188,-569.297607,0,0
2.640000,-1.353391,0.122792,0.090952,0.225668,-0.099515,0.969108,-0.090143,0.988368,0.122483,-0.970025,-0.114999,0.214072,0.076202,-0.622219,-0.003007,0.779119,0.011440,-0.009025,0.004984,0.011924,-0.002486,0.003120,-0.969108,-0.122483,-0.214072,0.000000,0.000000,0.000000,-1,-0.956406,-0.124557,-0.214691,-0.021389,-0.024434,-0.008265,4.394806,223.783188,-568.627258,0,0
2.680000,-1.354145,0.122842,0.091173,0.224964,-0.099600,0.969263,-0.090361,0.988342,0.122533,-0.970168,-0.115149,0.213341,0.076289,-0.622503,-0.002965,0.778885,0.000711,-0.037599,0.007304,0.012858,-0.002025,-0.001350,-0.969263,-0.122533,-0.213341,0.000000,0.000000,0.000000,-1,-0.966660,-0.128326,-0.210129,-0.026751,-0.036093,-0.009245,3.515854,226.068481,-567.118958,0,0
2.720000,-1.355923,0.123091,0.091132,0.223256,-0.100055,0.969611,-0.090317,0.988316,0.122781,-0.970567,-0.114984,0.211610,0.076370,-0.623187,-0.003128,0.778329,-0.004582,-0.020730,-0.001244,0.001762,-0.005698,-0.001647,-0.969611,-0.122781,-0.211610,0.000000,0.000000,0.000000,-1,-0.966461,-0.128937,-0.216324,-0.034143,-0.009681,-0.016744,2.988464,224.837936,-567.621765,0,0
2.760000,-1.356194,0.123447,0.090855,0.222996,-0.100491,0.969626,-0.090039,0.988297,0.123133,-0.970652,-0.114763,0.211338,0.076421,-0.623290,-0.003357,0.778240,-0.008846,-0.020746,-0.003344,0.003165,-0.005803,-0.004985,-0.969626,-0.123133,-0.211338,0.000000,0.000000,0.000000,-1,-0.964401,-0.124435,-0.211502,-0.035250,-0.025549,-0.014545,3.515854,224.310562,-567.118958,0,0
2.800000,-1.357149,0.123660,0.090451,0.222047,-0.100897,0.969802,-0.089638,0.988307,0.123345,-0.970907,-0.114319,0.210406,0.076376,-0.623669,-0.003618,0.777940,-0.007866,-0.038604,-0.001157,0.005400,-0.001090,-0.001096,-0.969802,-0.123345,-0.210406,0.000000,0.000000,0.000000,-1,-0.965546,-0.123291,-0.213333,-0.038473,-0.034031,-0.015554,2.988464,225.189514,-567.956909,0,0
2.840000,-1.358898,0.123524,0.089837,0.220275,-0.101099,0.970184,-0.089033,0.988379,0.123210,-0.971366,-0.113518,0.208714,0.076129,-0.624378,-0.003881,0.777394,-0.014265,-0.042827,-0.000026,0.002793,0.006495,-0.002498,-0.970185,-0.123210,-0.208714,0.000000,0.000000,0.000000,-1,-0.969818,-0.116669,-0.211197,-0.048070,-0.042462,-0.011187,3.164261,226.771652,-568.794861,0,0
2.880000,-1.360172,0.122963,0.089123,0.218916,-0.100858,0.970517,-0.088333,0.988511,0.122653,-0.971737,-0.112579,0.207492,0.075686,-0.624920,-0.004030,0.777001,-0.028122,-0.051256,0.004377,0.002042,0.006564,-0.001416,-0.970517,-0.122653,-0.207492,0.000000,0.000000,0.000000,-1,-0.965088,-0.107300,-0.203888,-0.048070,-0.047699,-0.004775,3.515854,224.310562,-568.794861,0,0
2.920000,-1.362277,0.121698,0.088445,0.216694,-0.100019,0.971103,-0.087676,0.988724,0.121398,-0.972295,-0.111449,0.205481,0.074981,-0.625809,-0.003974,0.776353,-0.010046,-0.061631,0.017065,0.006640,0.016524,0.001669,-0.971103,-0.121398,-0.205481,0.000000,0.000000,0.000000,-1,-0.971115,-0.101685,-0.211594,-0.043802,-0.054995,0.008003,2.636887,224.486343,-568.292114,0,0
2.960000,-1.365075,0.118877,0.087868,0.213673,-0.097722,0.972005,-0.087135,0.989112,0.118597,-0.973011,-0.110037,0.202832,0.073705,-0.627018,-0.003413,0.775503,-0.011109,-0.073131,0.033105,0.000738,0.014776,-0.006687,-0.972005,-0.118597,-0.202832,0.000000,0.000000,0.000000,-1,-0.964523,-0.102570,-0.196442,-0.019364,-0.083470,0.021769,2.285309,224.486343,-567.956909,0,0
3.000000,-1.368732,0.116611,0.088464,0.209977,-0.095803,0.973001,-0.087749,0.989325,0.116347,-0.973761,-0.109810,0.199329,0.073013,-0.628494,-0.002600,0.774376,0.018658,-0.093203,0.039347,0.012400,0.012358,0.009189,-0.973001,-0.116347,-0.199329,0.000000,0.000000,0.000000,-1,-0.957306,-0.101364,-0.180710,-0.006551,-0.073912,0.024830,3.867432,225.365311,-566.783813,0,0
3.040000,-1.373305,0.113914,0.089891,0.205423,-0.093394,0.974207,-0.089188,0.989508,0.113667,-0.974601,-0.110238,0.194938,0.072418,-0.630307,-0.001360,0.772960,0.018748,-0.059355,0.034965,0.018808,0.015462,0.001594,-0.974207,-0.113667,-0.194938,0.000000,0.000000,0.000000,-1,-0.958023,-0.103531,-0.213394,-0.004383,-0.055966,0.018354,4.043228,224.486343,-567.286560,0,0
3.080000,-1.374378,0.112701,0.090763,0.204352,-0.092157,0.974550,-0.090064,0.989566,0.112463,-0.974745,-0.110754,0.193920,0.072226,-0.630732,-0.000677,0.772632,0.033590,-0.069895,0.029563,0.015245,0.007803,-0.024540,-0.974550,-0.112463,-0.193920,0.000000,0.000000,0.000000,-1,-0.965363,-0.113480,-0.230377,0.017918,-0.071898,0.013980,4.570602,224.662140,-567.118958,0,0
3.120000,-1.375236,0.112167,0.092218,0.203602,-0.091437,0.974775,-0.091508,0.989494,0.111932,-0.974768,-0.111990,0.193095,0.072479,-0.631030,0.000023,0.772365,0.065435,-0.095378,0.021955,0.009412,-0.001548,-0.037282,-0.974775,-0.111932,-0.193095,0.000000,0.000000,0.000000,-1,-0.971054,-0.119675,-0.211700,0.053996,-0.103780,0.003166,4.219009,224.310562,-567.454163,0,0
3.160000,-1.378028,0.112514,0.095231,0.201187,-0.091482,0.975272,-0.094486,0.989175,0.112277,-0.974985,-0.114738,0.190365,0.073565,-0.631986,0.000974,0.771480,0.081318,-0.114541,0.010182,0.004218,-0.007398,-0.021335,-0.975272,-0.112277,-0.190365,0.000000,0.000000,0.000000,-1,-0.973160,-0.115646,-0.196060,0.047573,-0.104955,-0.009563,3.515854,223.255798,-568.124512,0,0
3.200000,-1.382963,0.113284,0.098655,0.196761,-0.092122,0.976114,-0.097864,0.988759,0.113042,-0.975555,-0.117769,0.185534,0.074947,-0.633732,0.001865,0.769911,0.064303,-0.094555,-0.005742,0.004389,0.004689,-0.004224,-0.976114,-0.113042,-0.185534,0.000000,0.000000,0.000000,-1,-0.971481,-0.109100,-0.193649,0.038028,-0.081770,-0.022360,3.340057,226.244263,-566.281006,0,0
3.240000,-1.385136,0.113646,0.100493,0.194846,-0.092371,0.976475,-0.099676,0.988537,0.113401,-0.975756,-0.119427,0.183405,0.075671,-0.634485,0.002374,0.769218,0.067543,-0.070133,-0.009060,0.005817,0.006895,-0.013220,-0.976475,-0.113401,-0.183405,0.000000,0.000000,0.000000,-1,-0.972031,-0.103317,-0.211975,0.046647,-0.045791,-0.025758,2.988464,225.189514,-566.951416,0,0
3.280000,-1.386305,0.114138,0.104831,0.194155,-0.092147,0.976633,-0.103958,0.988039,0.113890,-0.975447,-0.123641,0.182253,0.077237,-0.634750,0.003841,0.768838,0.096311,-0.065845,-0.005033,0.001826,0.007033,-0.031645,-0.976633,-0.113890,-0.182253,0.000000,0.000000,0.000000,-1,-0.973618,-0.107010,-0.207184,0.075368,-0.061607,-0.017399,3.164261,225.365311,-567.118958,0,0
3.320000,-1.387401,0.114403,0.107774,0.193384,-0.091971,0.976803,-0.106862,0.987699,0.114153,-0.975286,-0.126459,0.181177,0.078275,-0.635047,0.004844,0.768482,0.105907,-0.066829,0.002356,0.005306,0.006502,-0.022208,-0.976803,-0.114153,-0.181177,0.000000,0.000000,0.000000,-1,-0.964539,-0.104141,-0.194565,0.071133,-0.061517,-0.007778,4.043228,223.783188,-567.286560,0,0
3.360000,-1.389475,0.114329,0.111537,0.191698,-0.091441,0.977185,-0.110579,0.987298,0.114080,-0.975205,-0.129926,0.179152,0.079448,-0.635698,0.006231,0.767813,0.087777,-0.080535,0.007877,0.008679,0.007467,-0.016985,-0.977185,-0.114080,-0.179152,0.000000,0.000000,0.000000,-1,-0.963730,-0.114502,-0.196381,0.050823,-0.087990,-0.007522,2.461090,226.068481,-566.113464,0,0
3.400000,-1.393513,0.115047,0.115323,0.188187,-0.091950,0.977819,-0.114307,0.986791,0.114793,-0.975459,-0.133374,0.175191,0.080940,-0.637066,0.007292,0.766513,0.082272,-0.130265,0.003831,0.019079,-0.005156,-0.013149,-0.977819,-0.114793,-0.175191,0.000000,0.000000,0.000000,-1,-0.954208,-0.117355,-0.177277,0.064471,-0.150503,-0.009524,2.988464,225.189514,-566.281006,0,0
3.440000,-1.398923,0.115644,0.118307,0.183252,-0.092705,0.978685,-0.117243,0.986377,0.115386,-0.976050,-0.135888,0.169886,0.082140,-0.638991,0.008021,0.764774,0.113936,-0.227652,0.010341,0.026079,0.001098,-0.000524,-0.978685,-0.115386,-0.169886,0.000000,0.000000,0.000000,-1,-0.928268,-0.106247,-0.146378,0.106614,-0.316591,0.013144,2.812683,224.310562,-566.113464,0,0
3.480000,-1.408901,0.115371,0.122294,0.173844,-0.093098,0.980363,-0.121178,0.985933,0.115115,-0.977289,-0.138810,0.160117,0.083357,-0.642645,0.009218,0.761560,0.132691,-0.385223,0.037420,0.052094,0.008868,0.013740,-0.980363,-0.115115,-0.160117,0.000000,0.000000,0.000000,-1,-0.880524,-0.095322,-0.094574,0.090133,-0.516420,0.051307,3.515854,225.013733,-566.113464,0,0
3.520000,-1.430701,0.113258,0.127060,0.152692,-0.093312,0.983859,-0.125907,0.985584,0.113016,-0.980221,-0.141131,0.138743,0.084211,-0.650797,0.010800,0.754490,0.078874,-0.627191,0.099468,0.103335,0.017694,0.044169,-0.983859,-0.113016,-0.138743,0.000000,0.000000,0.000000,-1,-0.896194,-0.101608,-0.079437,-0.000856,-0.726614,0.112458,3.691635,224.486343,-565.610718,0,0
3.560000,-1.470234,0.106932,0.127824,0.113110,-0.092525,0.989265,-0.126748,0.986176,0.106728,-0.985465,-0.137460,0.099819,0.082332,-0.665817,0.011539,0.741469,-0.062517,-0.937046,0.142192,0.040763,-0.012672,0.028652,-0.989265,-0.106728,-0.099819,0.000000,0.000000,0.000000,-1,-1.074905,-0.128250,-0.042358,-0.071846,-0.992125,0.148094,4.219009,223.958969,-564.437561,0,0
3.600000,-1.499640,0.102096,0.126814,0.083383,-0.091852,0.992275,-0.125816,0.986804,0.101918,-0.988543,-0.133342,0.070726,0.080393,-0.676886,0.011606,0.731593,-0.020002,-0.979225,0.163327,-0.101444,-0.022822,0.037706,-0.992275,-0.101918,-0.070726,0.000000,0.000000,0.000000,-1,-1.031387,-0.121460,-0.025818,-0.001881,-0.747412,0.154092,2.636887,226.244263,-563.599609,0,0
3.640000,-1.527594,0.095942,0.128026,0.055055,-0.089408,0.994472,-0.127089,0.987255,0.095795,-0.990362,-0.131660,0.042991,0.078756,-0.687242,0.013047,0.722028,0.031852,-0.391279,0.175632,0.001766,-0.030166,0.006843,-0.994472,-0.095795,-0.042991,0.000000,0.000000,0.000000,-1,-0.952942,-0.148911,-0.073349,0.003839,-0.250815,0.137272,3.164261,226.068481,-561.756165,0,0
3.680000,-1.542185,0.090378,0.130032,0.040064,-0.085747,0.995511,-0.129137,0.987511,0.090255,-0.990817,-0.132173,0.028491,0.077561,-0.692632,0.015130,0.716949,0.041302,-0.377107,0.104121,0.029828,-0.070176,-0.044736,-0.995511,-0.090255,-0.028491,0.000000,0.000000,0.000000,-1,-1.011353,-0.189255,-0.068634,0.007504,-0.394401,0.072797,3.867432,225.716888,-563.096863,0,0
3.720000,-1.557862,0.089546,0.131129,0.024515,-0.086960,0.995910,-0.130229,0.987443,0.089426,-0.991181,-0.131889,0.012883,0.077765,-0.698220,0.015204,0.711484,0.028191,-0.434892,0.039444,-0.022629,-0.107107,-0.050792,-0.995910,-0.089426,-0.012883,0.000000,0.000000,0.000000,-1,-0.996964,-0.208939,-0.047684,0.036826,-0.491529,-0.006966,3.340057,225.541107,-561.923706,0,0
3.760000,-1.582051,0.091716,0.135160,0.001188,-0.092263,0.995734,-0.134182,0.986715,0.091587,-0.990956,-0.133719,-0.011207,0.080126,-0.706529,0.014908,0.702975,0.127927,-0.496952,-0.027159,0.026099,-0.123730,-0.040397,-0.995734,-0.091587,0.011207,0.000000,0.000000,0.000000,-1,-0.947266,-0.217056,-0.019958,0.098496,-0.485574,-0.049014,4.746384,225.541107,-562.594116,0,0
3.800000,-1.596355,0.095090,0.138396,-0.012217,-0.097534,0.995157,-0.137331,0.985964,0.094947,-0.990450,-0.135506,-0.025440,0.082551,-0.711270,0.014256,0.697909,0.077904,-0.473831,-0.048178,0.055613,-0.120202,-0.041187,-0.995157,-0.094947,0.025440,0.000000,0.000000,0.000000,-1,-0.930069,-0.194504,-0.010483,-0.007776,-0.404161,-0.066605,4.570602,225.013733,-560.415466,0,0
3.840000,-1.608158,0.098761,0.139162,-0.023325,-0.102761,0.994433,-0.138038,0.985507,0.098601,-0.990152,-0.134969,-0.037171,0.084173,-0.715193,0.012713,0.693724,-0.009152,-0.382805,-0.057444,0.064364,-0.095903,-0.047654,-0.994433,-0.098601,0.037171,0.000000,0.000000,0.000000,-1,-0.941360,-0.151917,-0.011169,-0.046970,-0.336376,-0.067621,3.515854,225.013733,-560.750610,0,0
3.880000,-1.626680,0.101842,0.138893,-0.041264,-0.108263,0.993266,-0.137729,0.985238,0.101666,-0.989610,-0.132607,-0.055565,0.085240,-0.721468,0.010721,0.687097,0.016805,-0.316377,0.024127,0.037180,-0.034274,-0.066796,-0.993266,-0.101666,0.055565,0.000000,0.000000,0.000000,-1,-0.966537,-0.130798,-0.017929,-0.010434,-0.310010,0.035333,5.097977,226.595856,-560.583008,0,0
3.920000,-1.634449,0.100642,0.138921,-0.049113,-0.108111,0.992925,-0.137774,0.985355,0.100472,-0.989245,-0.131865,-0.063288,0.084884,-0.724182,0.010837,0.684279,0.005233,-0.326313,0.093495,0.021825,-0.032035,-0.085856,-0.992925,-0.100472,0.063288,0.000000,0.000000,0.000000,-1,-0.978394,-0.137024,-0.031631,-0.031653,-0.345336,0.109137,3.340057,225.892685,-558.907166,0,0
3.960000,-1.642272,0.098105,0.138271,-0.057267,-0.106608,0.992651,-0.137168,0.985693,0.097948,-0.988891,-0.130551,-0.071071,0.083831,-0.726985,0.011212,0.681424,-0.014985,-0.352424,0.131030,0.010473,-0.044600,-0.100551,-0.992651,-0.097948,0.071071,0.000000,0.000000,0.000000,-1,-0.991135,-0.173203,-0.015778,-0.070853,-0.296428,0.128434,3.164261,227.123230,-560.415466,0,0
4.000000,-1.650947,0.094627,0.135809,-0.066576,-0.104156,0.992330,-0.134786,0.986359,0.094486,-0.988636,-0.127462,-0.079707,0.081809,-0.730178,0.011290,0.678247,-0.061326,-0.190279,0.138227,0.001257,-0.084728,-0.092234,-0.992330,-0.094486,0.079707,0.000000,0.000000,0.000000,-1,-0.992340,-0.178177,-0.003143,-0.057309,-0.024429,0.106003,3.164261,226.420059,-558.404419,0,0
4.040000,-1.647775,0.090846,0.135131,-0.064016,-0.099988,0.992927,-0.134165,0.986798,0.090721,-0.988889,-0.127408,-0.076586,0.080268,-0.729280,0.012577,0.679374,0.071704,0.168455,0.103879,-0.021599,-0.069023,-0.076936,-0.992927,-0.090721,0.076585,0.000000,0.000000,0.000000,-1,-1.027740,-0.178177,-0.014923,0.063655,0.195782,0.097847,3.691635,226.595856,-558.236816,0,0
4.080000,-1.640498,0.089037,0.137311,-0.056848,-0.097402,0.993620,-0.136337,0.986664,0.088920,-0.989030,-0.130413,-0.069369,0.080401,-0.726787,0.014273,0.681991,0.083483,0.159289,0.142161,-0.034120,-0.089257,-0.084292,-0.993620,-0.088920,0.069369,0.000000,0.000000,0.000000,-1,-1.025482,-0.204498,-0.031052,0.010330,0.122158,0.152868,2.461090,226.771652,-561.085815,0,0
4.120000,-1.634406,0.084974,0.137391,-0.051367,-0.092608,0.994377,-0.136465,0.987003,0.084871,-0.989312,-0.131338,-0.063337,0.079005,-0.724863,0.016026,0.684160,-0.062787,-0.004479,0.181180,-0.031105,-0.119627,-0.094389,-0.994377,-0.084871,0.063337,0.000000,0.000000,0.000000,-1,-1.008163,-0.238647,0.013046,-0.167284,-0.175307,0.167079,3.340057,228.002182,-560.247864,0,0
4.160000,-1.641189,0.080888,0.129896,-0.059302,-0.089031,0.994262,-0.129107,0.988333,0.080799,-0.989856,-0.123575,-0.070105,0.074949,-0.727623,0.014697,0.681712,-0.158381,-0.223276,0.112409,-0.002839,-0.182857,-0.046789,-0.994262,-0.080799,0.070105,0.000000,0.000000,0.000000,-1,-1.021957,-0.317215,0.056152,-0.220662,-0.107741,0.027683,1.757935,227.826401,-561.420959,0,0
4.200000,-1.644677,0.079825,0.124113,-0.063401,-0.088049,0.994096,-0.123400,0.989148,0.079741,-0.990330,-0.117616,-0.073578,0.072507,-0.729062,0.012988,0.680472,-0.202839,-0.050542,0.006639,-0.027861,-0.237474,-0.017426,-0.994096,-0.079741,0.073578,0.000000,0.000000,0.000000,-1,-1.181854,-0.310715,0.033310,-0.285858,-0.099217,-0.082637,1.406342,227.123230,-559.745117,0,0
4.240000,-1.651731,0.084576,0.110151,-0.071100,-0.092576,0.993164,-0.109535,0.990387,0.084475,-0.991437,-0.102780,-0.080557,0.069047,-0.731786,0.006253,0.677999,-0.335738,-0.249583,-0.101313,-0.207123,-0.182309,-0.049643,-0.993164,-0.084475,0.080557,0.000000,0.000000,0.000000,-1,-1.207474,-0.108734,-0.006851,-0.342568,-0.166214,-0.112841,2.109512,225.716888,-559.409912,0,0
