0.000000,1.645354,1.160194,-1.245500,0.842577,0.362793,-0.398052,0.378228,0.127568,0.916881,0.383417,-0.923097,-0.029733,0.660443,0.280501,-0.005540,0.696493,0.000553,-0.004661,-0.001624,-0.001873,0.015697,-0.000253,0.398052,-0.916881,0.029733,0.000000,0.000000,0.000000,-1,0.388367,-0.904449,0.028214,0.005251,-0.101775,0.003593,158.561447,194.701324,-787.416199,0,0
0.040000,1.645256,1.160094,-1.245546,0.842593,0.362651,-0.398147,0.378321,0.127580,0.916841,0.383289,-0.923151,-0.029701,0.660438,0.280485,-0.005624,0.696504,0.002679,-0.007841,-0.000572,-0.007141,0.012864,-0.002494,0.398147,-0.916841,0.029701,0.000000,0.000000,0.000000,-1,0.386307,-0.904953,0.029114,0.005268,-0.106008,0.008930,157.860626,193.304367,-786.080200,0,0
0.080000,1.645666,1.160767,-1.246570,0.843061,0.362253,-0.397519,0.377866,0.126996,0.917109,0.382709,-0.923388,-0.029818,0.660659,0.280068,-0.005605,0.696462,0.010131,-0.008898,0.002574,-0.006696,0.010920,-0.000704,0.397519,-0.917109,0.029818,0.000000,0.000000,0.000000,-1,0.389771,-0.903931,0.030029,0.009505,-0.110253,0.005711,156.809387,194.701324,-788.084229,0,0
0.120000,1.645912,1.160820,-1.247120,0.843186,0.362023,-0.397463,0.377890,0.126772,0.917130,0.382410,-0.923509,-0.029912,0.660743,0.279955,-0.005696,0.696428,0.005875,-0.006780,0.001551,-0.007784,0.012849,-0.000264,0.397463,-0.917130,0.029912,0.000000,0.000000,0.000000,-1,0.389267,-0.905106,0.026932,0.010582,-0.108128,0.008881,157.335007,193.828232,-787.249207,0,0
0.160000,1.646309,1.161163,-1.247842,0.843424,0.361824,-0.397138,0.377683,0.126400,0.917267,0.382087,-0.923638,-0.030046,0.660884,0.279742,-0.005694,0.696380,0.009076,-0.009955,0.004739,-0.009550,0.011307,-0.000658,0.397138,-0.917267,0.030046,0.000000,0.000000,0.000000,-1,0.393997,-0.904190,0.030594,0.010579,-0.111309,0.008895,158.211029,195.050568,-786.080200,0,0
0.200000,1.646461,1.161251,-1.248808,0.843749,0.361160,-0.397053,0.377728,0.126009,0.917302,0.381326,-0.923951,-0.030100,0.661029,0.279446,-0.005948,0.696358,0.006916,-0.009969,-0.002682,-0.006031,0.013966,0.000051,0.397053,-0.917302,0.030100,0.000000,0.000000,0.000000,-1,0.385956,-0.905243,0.029633,0.007372,-0.108136,0.003598,156.458969,194.002853,-786.748169,0,0
0.240000,1.646721,1.161437,-1.249306,0.843900,0.361003,-0.396875,0.377630,0.125767,0.917376,0.381090,-0.924045,-0.030191,0.661121,0.279311,-0.005969,0.696325,0.003746,-0.004662,0.000535,-0.010920,0.012133,-0.000558,0.396875,-0.917376,0.030191,0.000000,0.000000,0.000000,-1,0.391327,-0.905426,0.023560,0.003136,-0.102830,0.006812,158.736649,194.875946,-787.249207,0,0
0.280000,1.646167,1.161715,-1.249014,0.844110,0.360773,-0.396637,0.377351,0.125797,0.917487,0.380900,-0.924131,-0.029952,0.661110,0.279123,-0.005951,0.696411,0.001608,-0.005728,0.001641,-0.005311,0.012061,-0.006392,0.396637,-0.917487,0.029952,0.000000,0.000000,0.000000,-1,0.391418,-0.903488,0.033981,0.008447,-0.103892,0.005694,156.108551,193.304367,-786.080200,0,0
0.320000,1.647540,1.161553,-1.250724,0.844143,0.360578,-0.396744,0.377706,0.125198,0.917422,0.380474,-0.924288,-0.030507,0.661334,0.279089,-0.006150,0.696210,0.009063,-0.009963,0.000503,-0.007660,0.014392,-0.000707,0.396744,-0.917422,0.030507,0.000000,0.000000,0.000000,-1,0.393021,-0.908112,0.028458,0.011635,-0.110252,0.006752,158.211029,194.701324,-787.750244,0,0
0.360000,1.647476,1.161597,-1.251205,0.844357,0.360118,-0.396706,0.377728,0.125004,0.917439,0.379976,-0.924494,-0.030479,0.661406,0.278893,-0.006324,0.696219,0.004801,-0.007848,-0.000521,-0.003350,0.012273,-0.001976,0.396706,-0.917440,0.030479,0.000000,0.000000,0.000000,-1,0.388153,-0.902634,0.031723,0.005249,-0.104955,0.003607,157.335007,193.129745,-787.917236,0,0
0.400000,1.647795,1.161546,-1.251687,0.844390,0.360000,-0.396743,0.377833,0.124837,0.917419,0.379799,-0.924562,-0.030609,0.661469,0.278862,-0.006404,0.696171,0.001679,-0.005687,-0.000504,-0.008590,0.014786,0.001114,0.396743,-0.917419,0.030609,0.000000,0.000000,0.000000,-1,0.384079,-0.904434,0.031799,0.005254,-0.108133,0.005749,158.911850,195.050568,-787.416199,0,0
0.440000,1.647746,1.161875,-1.251919,0.844616,0.359800,-0.396443,0.377575,0.124654,0.917550,0.379553,-0.924665,-0.030567,0.661538,0.278659,-0.006383,0.696187,0.008062,-0.008866,0.001579,-0.012364,0.013116,0.001233,0.396443,-0.917550,0.030567,0.000000,0.000000,0.000000,-1,0.387146,-0.906113,0.024231,0.010571,-0.101773,0.004598,156.108551,194.352081,-787.082214,0,0
0.480000,1.648465,1.162104,-1.252762,0.844733,0.359781,-0.396212,0.377480,0.124270,0.917641,0.379387,-0.924724,-0.030835,0.661683,0.278555,-0.006357,0.696090,-0.003634,0.004912,-0.001537,-0.009066,0.011529,-0.006604,0.396212,-0.917641,0.030835,0.000000,0.000000,0.000000,-1,0.386337,-0.903748,0.039459,-0.002173,-0.093288,0.006827,157.159790,195.749054,-786.748169,0,0
0.520000,1.648614,1.162448,-1.252650,0.844766,0.360056,-0.395892,0.377166,0.124213,0.917778,0.379626,-0.924625,-0.030870,0.661707,0.278531,-0.006145,0.696080,0.000628,0.003855,0.000561,-0.009555,0.014031,0.008590,0.395892,-0.917778,0.030870,0.000000,0.000000,0.000000,-1,0.391281,-0.901398,0.035461,0.002068,-0.098593,0.004677,157.510208,195.749054,-786.748169,0,0
0.560000,1.649403,1.162360,-1.253620,0.844642,0.360226,-0.396002,0.377420,0.123903,0.917716,0.379651,-0.924600,-0.031303,0.661824,0.278641,-0.006177,0.695924,0.000637,0.002798,-0.000503,-0.002539,0.015769,-0.001960,0.396002,-0.917716,0.031303,0.000000,0.000000,0.000000,-1,0.390610,-0.903198,0.028580,0.005254,-0.097534,0.003573,158.035828,194.177475,-786.247192,0,0
0.600000,1.649586,1.162202,-1.253479,0.844602,0.360224,-0.396087,0.377484,0.123971,0.917680,0.379674,-0.924592,-0.031272,0.661797,0.278676,-0.006200,0.695935,0.002750,0.003852,-0.002660,-0.005478,0.014482,-0.002693,0.396087,-0.917680,0.031272,0.000000,0.000000,0.000000,-1,0.387726,-0.904892,0.026215,-0.001132,-0.096477,0.001512,156.634171,193.828232,-786.247192,0,0
0.640000,1.648935,1.162087,-1.252750,0.844544,0.360224,-0.396213,0.377494,0.124280,0.917634,0.379795,-0.924550,-0.031023,0.661681,0.278729,-0.006203,0.696025,-0.003626,0.000672,0.000613,-0.008487,0.012742,-0.004808,0.396213,-0.917634,0.031023,0.000000,0.000000,0.000000,-1,0.390335,-0.903946,0.028381,0.003134,-0.099651,0.005734,157.335007,193.828232,-786.915222,0,0
0.680000,1.649035,1.162137,-1.252821,0.844550,0.360263,-0.396163,0.377459,0.124238,0.917655,0.379815,-0.924541,-0.031059,0.661697,0.278723,-0.006177,0.696012,0.005939,0.001730,-0.000559,-0.005828,0.013709,-0.002678,0.396163,-0.917655,0.031059,0.000000,0.000000,0.000000,-1,0.394012,-0.905228,0.028397,0.003128,-0.102833,0.004685,157.335007,194.875946,-785.913208,0,0
0.720000,1.649000,1.161754,-1.252903,0.844449,0.360114,-0.396515,0.377803,0.124317,0.917502,0.379699,-0.924588,-0.031072,0.661665,0.278810,-0.006354,0.696005,0.000607,-0.001457,-0.003688,-0.002503,0.012275,-0.002676,0.396515,-0.917502,0.031072,0.000000,0.000000,0.000000,-1,0.386841,-0.903946,0.024399,-0.004320,-0.100716,0.002630,156.634171,195.574432,-786.915222,0,0
0.760000,1.647665,1.161812,-1.251638,0.844522,0.359955,-0.396504,0.377595,0.124778,0.917525,0.379742,-0.924588,-0.030539,0.661491,0.278745,-0.006335,0.696197,-0.004715,0.000659,-0.002570,-0.009663,0.013579,-0.006140,0.396504,-0.917525,0.030539,0.000000,0.000000,0.000000,-1,0.394516,-0.903870,0.029846,-0.004314,-0.097534,0.003679,156.809387,196.447525,-785.746216,0,0
0.800000,1.647174,1.161503,-1.251143,0.844414,0.359880,-0.396801,0.377802,0.125054,0.917402,0.379776,-0.924580,-0.030366,0.661386,0.278839,-0.006435,0.696258,0.000587,-0.002528,-0.004749,-0.000744,0.015333,-0.004105,0.396801,-0.917402,0.030366,0.000000,0.000000,0.000000,-1,0.391769,-0.903839,0.026123,0.000984,-0.104960,0.000463,157.860626,194.701324,-786.748169,0,0
0.840000,1.646476,1.161241,-1.250588,0.844381,0.359671,-0.397061,0.377961,0.125339,0.917298,0.379693,-0.924623,-0.030107,0.661277,0.278866,-0.006566,0.696350,-0.002599,-0.001467,-0.002597,-0.005292,0.013459,-0.003984,0.397061,-0.917298,0.030107,0.000000,0.000000,0.000000,-1,0.384979,-0.903610,0.027649,-0.003250,-0.101773,0.004750,158.736649,194.177475,-788.585205,0,0
0.880000,1.645853,1.161553,-1.250056,0.844544,0.359583,-0.396795,0.377623,0.125450,0.917422,0.379667,-0.924642,-0.029838,0.661236,0.278722,-0.006476,0.696447,-0.000459,-0.004642,0.002725,-0.011816,0.013812,-0.002189,0.396795,-0.917422,0.029838,0.000000,0.000000,0.000000,-1,0.396240,-0.901917,0.029022,0.004188,-0.107074,0.004692,157.860626,195.399811,-787.416199,0,0
0.920000,1.645610,1.161148,-1.250182,0.844528,0.359202,-0.397173,0.377991,0.125520,0.917261,0.379335,-0.924780,-0.029770,0.661207,0.278730,-0.006745,0.696469,0.003768,-0.009953,-0.002629,-0.000506,0.016809,0.000580,0.397173,-0.917261,0.029770,0.000000,0.000000,0.000000,-1,0.392014,-0.903549,0.029953,0.007364,-0.109199,0.001475,156.984589,195.225189,-786.915222,0,0
0.960000,1.645818,1.160957,-1.250725,0.844572,0.358911,-0.397341,0.378226,0.125370,0.917185,0.379002,-0.924914,-0.029865,0.661262,0.278686,-0.006933,0.696433,0.008027,-0.008891,-0.001621,-0.005328,0.013636,0.000088,0.397341,-0.917185,0.029865,0.000000,0.000000,0.000000,-1,0.389252,-0.906677,0.024216,0.008435,-0.109196,0.003591,155.933350,195.225189,-787.917236,0,0
1.000000,1.645405,1.161127,-1.250792,0.844817,0.358493,-0.397198,0.378086,0.125295,0.917253,0.378596,-0.925086,-0.029689,0.661289,0.278463,-0.007033,0.696495,0.003762,-0.013137,-0.001546,-0.007946,0.010575,-0.005474,0.397198,-0.917253,0.029690,0.000000,0.000000,0.000000,-1,0.392227,-0.902084,0.031738,0.004176,-0.112378,0.002589,158.035828,194.526703,-788.251221,0,0
1.040000,1.645429,1.160942,-1.251472,0.844982,0.357918,-0.397366,0.378332,0.125091,0.917179,0.377982,-0.925336,-0.029712,0.661363,0.278308,-0.007327,0.696484,0.001632,-0.014199,-0.003645,-0.008237,0.015430,0.000791,0.397366,-0.917179,0.029712,0.000000,0.000000,0.000000,-1,0.387695,-0.904526,0.031830,0.004165,-0.110263,-0.000612,156.984589,194.526703,-788.251221,0,0
1.080000,1.645494,1.161027,-1.251864,0.845130,0.357658,-0.397287,0.378307,0.124919,0.917213,0.377677,-0.925460,-0.029732,0.661427,0.278173,-0.007412,0.696476,0.003772,-0.007834,-0.001562,-0.009485,0.009162,-0.003288,0.397287,-0.917213,0.029732,0.000000,0.000000,0.000000,-1,0.387756,-0.907669,0.030930,0.004184,-0.107076,0.003628,157.335007,194.526703,-787.583252,0,0
1.120000,1.645313,1.161277,-1.251997,0.845340,0.357408,-0.397064,0.378106,0.124797,0.917312,0.377407,-0.925573,-0.029643,0.661473,0.277983,-0.007429,0.696508,0.002716,-0.005713,0.000579,-0.009368,0.011230,0.000371,0.397064,-0.917312,0.029643,0.000000,0.000000,0.000000,-1,0.388657,-0.902725,0.034119,0.005253,-0.110253,0.005758,157.159790,194.352081,-787.416199,0,0
1.160000,1.646367,1.161470,-1.253493,0.845550,0.357144,-0.396855,0.378124,0.124176,0.917389,0.376919,-0.925758,-0.030048,0.661706,0.277792,-0.007532,0.696361,0.009099,-0.005711,-0.000546,-0.007314,0.014801,0.000927,0.396855,-0.917389,0.030048,0.000000,0.000000,0.000000,-1,0.389191,-0.903656,0.027588,0.009501,-0.104955,0.003560,159.087067,193.478989,-786.581177,0,0
1.200000,1.646334,1.161432,-1.253706,0.845624,0.356928,-0.396891,0.378183,0.124106,0.917374,0.376693,-0.925851,-0.030037,0.661732,0.277722,-0.007631,0.696364,0.004834,-0.005717,-0.002626,-0.007914,0.013443,-0.005257,0.396891,-0.917374,0.030037,0.000000,0.000000,0.000000,-1,0.386993,-0.903183,0.029495,0.004174,-0.109199,0.001511,156.809387,194.002853,-786.414185,0,0
1.240000,1.646272,1.161540,-1.254026,0.845802,0.356614,-0.396795,0.378129,0.123954,0.917417,0.376348,-0.925992,-0.030005,0.661788,0.277560,-0.007724,0.696375,0.009086,-0.008897,-0.001586,-0.009694,0.015394,-0.000403,0.396795,-0.917417,0.030005,0.000000,0.000000,0.000000,-1,0.393112,-0.903824,0.028778,0.009492,-0.111318,0.002525,157.335007,194.526703,-786.247192,0,0
1.280000,1.646462,1.161178,-1.254764,0.845857,0.356120,-0.397120,0.378536,0.123778,0.917273,0.375814,-0.926206,-0.030106,0.661850,0.277501,-0.008048,0.696335,0.004815,-0.003606,-0.006886,-0.005610,0.015539,-0.003449,0.397120,-0.917273,0.030106,0.000000,0.000000,0.000000,-1,0.390656,-0.901489,0.024124,0.007352,-0.103905,-0.002803,158.386230,193.828232,-787.583252,0,0
1.320000,1.645989,1.160871,-1.254582,0.845854,0.355799,-0.397415,0.378781,0.123935,0.917151,0.375574,-0.926309,-0.029939,0.661789,0.277498,-0.008250,0.696392,0.004780,-0.013160,-0.012163,-0.005828,0.016684,-0.002870,0.397415,-0.917151,0.029939,0.000000,0.000000,0.000000,-1,0.400894,-0.904861,0.010300,0.007297,-0.129364,-0.012261,157.335007,195.574432,-788.251221,0,0
1.360000,1.642144,1.159644,-1.252286,0.846017,0.354026,-0.398649,0.379564,0.125156,0.916661,0.374415,-0.926823,-0.028491,0.661315,0.277322,-0.009161,0.696901,-0.002793,-0.052431,-0.028943,0.002932,0.015370,-0.022677,0.398649,-0.916661,0.028491,0.000000,0.000000,0.000000,-1,0.401077,-0.902649,0.014908,-0.010818,-0.152698,-0.018339,157.685410,195.574432,-786.247192,0,0
1.400000,1.636018,1.158255,-1.248999,0.846619,0.350953,-0.400086,0.380358,0.126806,0.916105,0.372243,-0.927767,-0.026131,0.660671,0.276730,-0.010536,0.697727,-0.002801,-0.060916,-0.021469,-0.010072,0.016920,-0.002175,0.400086,-0.916105,0.026131,0.000000,0.000000,0.000000,-1,0.387283,-0.901901,0.022034,0.003022,-0.164349,-0.010992,158.211029,194.352081,-789.754272,0,0
1.440000,1.634045,1.158134,-1.249065,0.847329,0.349050,-0.400248,0.380472,0.126816,0.916056,0.370507,-0.928484,-0.025349,0.660655,0.276060,-0.011254,0.697996,0.015349,-0.070408,-0.010988,-0.009577,0.008311,-0.005864,0.400248,-0.916056,0.025349,0.000000,0.000000,0.000000,-1,0.399704,-0.908554,0.005920,0.027462,-0.185552,-0.010102,158.035828,194.526703,-786.915222,0,0
1.480000,1.630243,1.157525,-1.249031,0.848488,0.345468,-0.400898,0.380996,0.127005,0.915812,0.367300,-0.929796,-0.023860,0.660557,0.274944,-0.012716,0.698504,0.022725,-0.087395,-0.018440,-0.004124,0.006846,-0.022548,0.400898,-0.915812,0.023860,0.000000,0.000000,0.000000,-1,0.383575,-0.908066,-0.006317,0.008296,-0.182384,-0.018415,157.685410,195.923676,-787.249207,0,0
1.520000,1.620830,1.158323,-1.243914,0.850476,0.341159,-0.400375,0.379649,0.128718,0.916132,0.364083,-0.931151,-0.020049,0.659888,0.273080,-0.013749,0.699847,-0.011355,-0.057744,-0.023468,-0.037658,0.001886,-0.027617,0.400375,-0.916132,0.020049,0.000000,0.000000,0.000000,-1,0.362152,-0.912308,-0.017456,-0.009750,-0.151636,-0.017291,157.335007,195.574432,-786.915222,0,0
1.560000,1.614130,1.159439,-1.238936,0.851641,0.339299,-0.399479,0.378037,0.130273,0.916579,0.363036,-0.931614,-0.017322,0.659297,0.272008,-0.013819,0.700820,-0.019857,-0.042906,-0.013825,-0.030246,0.007964,-0.032702,0.399479,-0.916579,0.017322,0.000000,0.000000,0.000000,-1,0.390701,-0.896942,-0.004211,-0.017137,-0.147375,-0.003401,156.458969,195.050568,-787.750244,0,0
1.600000,1.607342,1.159313,-1.234194,0.852450,0.336998,-0.399702,0.377524,0.132102,0.916529,0.361670,-0.932192,-0.014614,0.658590,0.271232,-0.014437,0.701772,0.009854,-0.043990,-0.018396,-0.002775,0.027399,-0.020641,0.399702,-0.916529,0.014614,0.000000,0.000000,0.000000,-1,0.404770,-0.878189,-0.012573,0.033797,-0.148473,-0.029487,157.159790,194.701324,-786.414185,0,0
1.640000,1.601720,1.156103,-1.231527,0.852367,0.333601,-0.402717,0.379943,0.134088,0.915240,0.359324,-0.933130,-0.012457,0.657787,0.271191,-0.016492,0.702495,0.025582,-0.027121,-0.063355,-0.010306,0.012042,-0.032690,0.402717,-0.915240,0.012457,0.000000,0.000000,0.000000,-1,0.343842,-0.908249,-0.015488,0.015618,-0.097641,-0.067809,157.335007,193.828232,-787.249207,0,0
1.680000,1.600501,1.155496,-1.229381,0.851859,0.334210,-0.403286,0.380177,0.135088,0.914995,0.360280,-0.932767,-0.011983,0.657410,0.271667,-0.016354,0.702667,-0.010461,0.095865,-0.053903,-0.082104,0.004183,-0.027486,0.403286,-0.914995,0.011983,0.000000,0.000000,0.000000,-1,0.307053,-0.905914,-0.001358,0.023324,0.030711,-0.023797,156.984589,195.923676,-787.583252,0,0
1.720000,1.607961,1.154282,-1.232713,0.849817,0.338166,-0.404296,0.381673,0.134189,0.914505,0.363506,-0.931470,-0.015033,0.657773,0.273589,-0.015503,0.701601,0.089595,0.067296,-0.016583,-0.083831,0.018677,-0.002871,0.404296,-0.914505,0.015033,0.000000,0.000000,0.000000,-1,0.349533,-0.876205,0.055344,0.145625,-0.107058,0.013770,156.984589,195.225189,-788.251221,0,0
1.760000,1.617625,1.154413,-1.243089,0.849871,0.338369,-0.404012,0.382932,0.130183,0.914558,0.362053,-0.931965,-0.018933,0.659284,0.273517,-0.015911,0.700200,0.179091,-0.021658,0.051974,-0.042150,0.042792,0.067615,0.404012,-0.914558,0.018933,0.000000,0.000000,0.000000,-1,0.384842,-0.880936,0.114838,0.300389,-0.119533,0.176997,156.458969,194.002853,-787.082214,0,0
1.800000,1.654901,1.164479,-1.282444,0.853656,0.340835,-0.393832,0.378912,0.112393,0.918582,0.357349,-0.933381,-0.033202,0.666045,0.270157,-0.013694,0.695134,0.323916,0.110287,0.369961,0.024274,0.000034,-0.026839,0.393832,-0.918583,0.033202,0.000000,0.000000,0.000000,-1,0.543869,-0.933762,-0.053528,0.171838,0.026132,0.455387,156.458969,194.002853,-786.414185,0,0
1.840000,1.682792,1.184400,-1.302957,0.858073,0.351379,-0.374491,0.363416,0.099734,0.926273,0.362822,-0.930906,-0.042118,0.670906,0.266354,-0.004348,0.692042,-0.034349,0.358304,0.325987,0.246831,0.058109,-0.012745,0.374491,-0.926273,0.042118,0.000000,0.000000,0.000000,-1,0.666580,-0.776672,0.054657,-0.049841,0.365076,0.242493,156.809387,195.050568,-787.416199,0,0
1.880000,1.690564,1.188814,-1.301317,0.856222,0.360441,-0.370091,0.359308,0.099240,0.927927,0.371191,-0.927488,-0.044538,0.671104,0.268121,0.000410,0.691181,-0.066804,0.488445,0.150244,0.296489,0.151255,0.010119,0.370091,-0.927927,0.044538,0.000000,0.000000,0.000000,-1,0.623093,-0.819611,0.131561,-0.029403,0.240740,0.048169,157.159790,194.002853,-786.414185,0,0
1.920000,1.705630,1.191368,-1.303001,0.852068,0.373190,-0.367028,0.357188,0.098007,0.928877,0.382619,-0.922564,-0.049790,0.671537,0.271905,0.005804,0.689254,0.105857,0.102394,0.059667,0.178459,0.099561,0.151855,0.367028,-0.928877,0.049790,0.000000,0.000000,0.000000,-1,0.385147,-0.850449,0.186264,0.255554,-0.039055,0.112241,156.984589,194.875946,-788.585205,0,0
1.960000,1.748392,1.195102,-1.345619,0.853060,0.376644,-0.361148,0.357656,0.081925,0.930253,0.379961,-0.922728,-0.064821,0.677487,0.270964,0.006942,0.683770,0.429571,0.072951,0.178536,-0.082583,0.045625,0.052931,0.361148,-0.930253,0.064821,0.000000,0.000000,0.000000,-1,0.248138,-0.923996,0.024841,0.438877,-0.006013,0.227080,156.283768,192.431274,-784.577148,0,0
2.000000,1.773794,1.198114,-1.370990,0.854067,0.378654,-0.356638,0.356871,0.072269,0.931354,0.378435,-0.922712,-0.073408,0.681030,0.270005,0.008001,0.680612,0.407610,0.085816,0.273391,-0.108500,0.007358,-0.048567,0.356638,-0.931354,0.073408,0.000000,0.000000,0.000000,-1,0.361115,-0.931854,0.031906,0.236308,-0.007937,0.360159,156.634171,192.082031,-784.911194,0,0
2.040000,1.816112,1.213010,-1.409292,0.857753,0.385813,-0.339717,0.345645,0.056314,0.936674,0.380512,-0.920857,-0.085051,0.686748,0.266276,0.014851,0.676206,0.098608,0.226927,0.346366,0.115040,0.026198,-0.015471,0.339717,-0.936674,0.085051,0.000000,0.000000,0.000000,-1,0.512680,-0.861679,0.076294,0.124569,0.184918,0.292442,156.283768,192.082031,-784.911194,0,0
2.080000,1.857746,1.223845,-1.441284,0.857854,0.397147,-0.326129,0.337185,0.043916,0.940414,0.387805,-0.916704,-0.096239,0.691046,0.265660,0.022312,0.671850,0.237338,0.166297,0.213209,0.179776,0.101714,-0.004381,0.326129,-0.940414,0.096239,0.000000,0.000000,0.000000,-1,0.455841,-0.843719,0.107391,0.271945,0.057572,0.210550,157.860626,191.208923,-784.410156,0,0
2.120000,1.878960,1.226221,-1.460503,0.858045,0.400186,-0.321885,0.335745,0.037181,0.941219,0.388630,-0.915679,-0.102457,0.693419,0.265327,0.024064,0.669472,0.296888,0.155816,0.214750,0.133957,0.097499,0.004934,0.321885,-0.941219,0.102457,0.000000,0.000000,0.000000,-1,0.392380,-0.882294,0.144989,0.347636,0.048117,0.267199,157.860626,190.510452,-783.074158,0,0
2.160000,1.951424,1.233216,-1.529839,0.860084,0.407062,-0.307501,0.330927,0.013562,0.943559,0.388257,-0.913300,-0.123044,0.701706,0.262927,0.028771,0.661551,0.495188,0.136960,0.364762,0.076669,0.066285,0.031635,0.307501,-0.943559,0.123044,0.000000,0.000000,0.000000,-1,0.434525,-0.831253,0.093124,0.522502,0.090717,0.392726,156.108551,190.859680,-782.072144,0,0
2.200000,2.048003,1.240655,-1.620977,0.862292,0.416572,-0.287960,0.323768,-0.016260,0.945997,0.389393,-0.908957,-0.148894,0.711942,0.259972,0.035619,0.651371,0.377310,0.250419,0.377250,0.192158,0.113981,-0.113829,0.287960,-0.945997,0.148894,0.000000,0.000000,0.000000,-1,0.541107,-0.844330,-0.029800,0.303498,0.130993,0.387512,156.458969,191.208923,-783.408142,0,0
2.240000,2.077117,1.244638,-1.647132,0.863001,0.420373,-0.280207,0.319473,-0.024435,0.947280,0.391364,-0.907022,-0.155385,0.714636,0.258819,0.038886,0.648687,0.209217,0.189958,0.360228,0.260901,0.102950,-0.185185,0.280207,-0.947280,0.155385,0.000000,0.000000,0.000000,-1,0.586121,-0.860443,-0.072815,-0.025606,-0.013390,0.262017,154.882111,189.288101,-780.235107,0,0
2.280000,2.079598,1.255862,-1.650053,0.866337,0.419858,-0.270517,0.308782,-0.024524,0.950817,0.392574,-0.907258,-0.150891,0.714449,0.254966,0.042710,0.650177,-0.294093,-0.240961,0.051797,0.327490,0.060848,-0.200009,0.270517,-0.950817,0.150891,0.000000,0.000000,0.000000,-1,0.522675,-0.926468,-0.070068,-0.390915,-0.542959,-0.082593,156.809387,189.113495,-782.072144,0,0
2.320000,1.953897,1.259852,-1.556209,0.877485,0.386639,-0.283779,0.305925,0.004463,0.952045,0.369364,-0.922220,-0.114366,0.704874,0.245634,0.030355,0.664752,-0.605272,-0.948628,-0.280906,0.124958,-0.129666,-0.197939,0.283779,-0.952045,0.114366,0.000000,0.000000,0.000000,-1,0.388992,-1.267883,-0.125946,-0.639893,-1.070229,-0.309360,155.933350,191.732788,-784.243164,0,0
2.360000,1.850970,1.257104,-1.476963,0.884180,0.360955,-0.296541,0.307216,0.028912,0.951201,0.351914,-0.932135,-0.085328,0.696526,0.239822,0.019875,0.675974,-0.933085,-0.837488,-0.397994,0.035246,-0.599977,-0.333588,0.296541,-0.951201,0.085328,0.000000,0.000000,0.000000,-1,0.350098,-1.398407,-0.311401,-1.220483,-0.836042,-0.382732,154.882111,191.383545,-785.245178,0,0
2.400000,1.691486,1.254415,-1.331797,0.888136,0.340319,-0.308866,0.302286,0.073654,0.950368,0.346177,-0.937421,-0.037459,0.680430,0.236102,0.013709,0.693601,-1.820661,-0.693288,-0.380352,0.078112,-0.351955,-0.324019,0.308866,-0.950368,0.037459,0.000000,0.000000,0.000000,-1,0.410538,-1.109116,-0.101532,-2.181586,-0.753383,-0.396978,154.006088,194.701324,-786.080200,0,0
2.440000,1.351552,1.223220,-1.002085,0.890375,0.310963,-0.332466,0.287005,0.183440,0.940201,0.353355,-0.932551,0.074082,0.638916,0.233978,0.008174,0.732785,-2.200346,-0.381972,-0.766849,0.162636,-0.091659,0.029221,0.332466,-0.940201,-0.074082,0.000000,0.000000,0.000000,-1,0.485825,-0.987091,0.028366,-1.990974,-0.677797,-0.898303,154.882111,199.765305,-788.251221,0,0
2.480000,1.180621,1.162901,-0.856491,0.890600,0.268778,-0.366865,0.299710,0.259861,0.917958,0.342061,-0.927486,0.150877,0.608248,0.233658,-0.010195,0.758508,-1.378473,-1.175589,-1.160583,0.114168,-0.099605,0.276289,0.366865,-0.917958,-0.150877,0.000000,0.000000,0.000000,-1,0.452164,-0.904861,0.118546,-1.189916,-1.417180,-1.183554,153.655670,201.686127,-787.750244,0,0
2.520000,1.107340,1.116866,-0.821957,0.893201,0.219854,-0.392245,0.321193,0.298527,0.898731,0.314685,-0.928734,0.196029,0.591322,0.228745,-0.032791,0.772618,-0.840871,-1.578484,-1.175327,0.002881,0.029147,0.261794,0.392245,-0.898731,-0.196029,0.000000,0.000000,0.000000,-1,0.284180,-0.790527,0.090042,-0.473965,-1.890764,-0.971245,153.130051,203.257706,-789.587280,0,0
2.560000,1.025386,1.066840,-0.825025,0.901922,0.126905,-0.412833,0.354717,0.327662,0.875679,0.246398,-0.936233,0.250510,0.575272,0.209302,-0.072329,0.787416,-0.291310,-1.485456,-0.655264,-0.249366,0.174919,0.379233,0.412833,-0.875679,-0.250510,0.000000,0.000000,0.000000,-1,0.027802,-0.676880,0.067673,-0.173407,-1.392951,-0.592803,148.925110,205.003906,-789.253235,0,0
2.600000,1.002982,1.045617,-0.848110,0.902814,0.079107,-0.422693,0.376042,0.331606,0.865234,0.208613,-0.940096,0.269631,0.570433,0.199475,-0.093823,0.791210,0.126180,-0.734762,-0.616450,-0.391855,0.172043,0.280114,0.422693,-0.865234,-0.269631,0.000000,0.000000,0.000000,-1,0.111740,-0.704849,-0.032120,0.224645,-0.633898,-0.635718,148.224289,204.305435,-790.255249,0,0
2.640000,1.035145,1.030590,-0.899098,0.894908,0.059423,-0.442277,0.402587,0.320065,0.857602,0.192519,-0.945530,0.262506,0.572786,0.201650,-0.109010,0.787001,0.540131,0.033811,-0.674476,-0.221787,0.163938,0.164514,0.442277,-0.857602,-0.262506,0.000000,0.000000,0.000000,-1,0.228088,-0.708252,-0.213928,0.685782,0.024611,-0.562930,149.275528,205.353149,-789.587280,0,0
2.680000,1.094145,1.025433,-0.965255,0.885731,0.055167,-0.460910,0.426496,0.295264,0.854939,0.183254,-0.953822,0.237996,0.581479,0.207085,-0.119375,0.777655,0.765570,-0.109887,-0.349751,-0.335726,0.054981,-0.007320,0.460910,-0.854939,-0.237996,0.000000,0.000000,0.000000,-1,0.085632,-0.816818,-0.203003,0.813241,-0.308874,-0.243715,148.224289,202.559235,-790.589233,0,0
2.720000,1.129467,1.031420,-1.014161,0.884371,0.047230,-0.464390,0.436066,0.271352,0.858029,0.166538,-0.961321,0.219381,0.590262,0.204696,-0.126152,0.770569,0.901443,-0.219774,-0.100779,-0.399494,0.069028,0.033742,0.464390,-0.858029,-0.219381,0.000000,0.000000,0.000000,-1,0.126465,-0.734161,-0.217484,0.970425,-0.266118,-0.013750,149.801147,202.035370,-789.754272,0,0
2.760000,1.204691,1.057627,-1.103792,0.887522,0.046580,-0.458405,0.438371,0.221028,0.871193,0.141901,-0.974154,0.175748,0.610481,0.198594,-0.129613,0.755695,1.023275,0.130666,0.278172,-0.156068,0.122231,-0.142383,0.458405,-0.871193,-0.175748,0.000000,0.000000,0.000000,-1,0.499863,-0.813309,-0.459213,0.740301,0.181809,0.333537,148.049088,200.289169,-788.084229,0,0
2.800000,1.253704,1.077004,-1.147569,0.890885,0.059320,-0.450339,0.432149,0.194661,0.880542,0.139897,-0.979075,0.147786,0.622181,0.197478,-0.124739,0.747217,0.274501,0.288457,0.166576,0.339990,-0.042523,-0.456478,0.450339,-0.880542,-0.147786,0.000000,0.000000,0.000000,-1,1.024048,-1.091660,-0.651840,0.092823,0.041468,0.078569,149.275528,200.463791,-787.583252,0,0
2.840000,1.252596,1.075445,-1.147683,0.890405,0.057845,-0.451479,0.433423,0.195176,0.879802,0.139010,-0.979061,0.148714,0.621795,0.197520,-0.125632,0.747378,-0.186907,-0.344088,-0.266926,0.600813,-0.205358,-0.487043,0.451479,-0.879802,-0.148714,0.000000,0.000000,0.000000,-1,0.922256,-0.840912,-0.575256,-0.313803,-0.737542,-0.459121,148.925110,201.511505,-788.585205,0,0
2.880000,1.186403,1.038640,-1.126091,0.882456,0.005127,-0.470366,0.458042,0.218276,0.861715,0.107088,-0.975874,0.190271,0.607023,0.190754,-0.149615,0.756803,-0.503715,-1.101695,-0.672738,0.124589,0.132208,-0.231894,0.470366,-0.861715,-0.190271,0.000000,0.000000,0.000000,-1,0.197510,-0.769775,-0.235947,-0.476816,-0.925283,-0.512854,147.523468,202.908463,-786.581177,0,0
2.920000,1.139037,1.013445,-1.105988,0.876584,-0.028571,-0.480400,0.472824,0.237098,0.848659,0.089655,-0.971065,0.221346,0.595428,0.186527,-0.164060,0.764040,-0.505909,-0.441624,-0.259779,-0.377983,0.087077,0.073808,0.480400,-0.848659,-0.221346,0.000000,0.000000,0.000000,-1,0.257126,-0.857483,-0.063599,-0.446288,-0.519678,-0.110808,145.596191,202.733856,-787.082214,0,0
2.960000,1.111325,1.007752,-1.088924,0.877148,-0.041720,-0.478405,0.472983,0.247367,0.845634,0.083061,-0.968023,0.236710,0.590142,0.182694,-0.167478,0.768314,-0.194204,-0.447476,0.076138,-0.221279,-0.011849,0.173111,0.478405,-0.845634,-0.236710,0.000000,0.000000,0.000000,-1,0.392990,-1.122162,-0.124313,-0.050002,-0.511938,0.096469,145.245789,204.130814,-787.082214,0,0
3.000000,1.102511,1.005236,-1.078588,0.877260,-0.041742,-0.478197,0.472274,0.253246,0.844289,0.085859,-0.966501,0.241877,0.587822,0.183105,-0.166861,0.770127,-0.310664,0.657117,-0.020107,-0.069475,-0.576488,0.151530,0.478197,-0.844289,-0.241877,0.000000,0.000000,0.000000,-1,0.093719,-1.017960,0.090302,-0.343033,1.113448,0.154059,147.348251,206.226257,-787.082214,0,1
3.040000,1.136413,1.008127,-1.055243,0.875037,0.012133,-0.483904,0.464108,0.262997,0.845834,0.137528,-0.964720,0.224501,0.588969,0.202150,-0.147026,0.768527,-0.020851,2.007456,0.436513,-0.443499,0.032694,0.593657,0.483904,-0.845834,-0.224501,0.000000,0.000000,0.000000,-1,0.252716,-0.784622,0.335907,0.155014,2.278252,0.609220,147.523468,204.305435,-788.251221,0,0
3.080000,1.213387,1.029363,-1.057130,0.871118,0.089783,-0.482797,0.448856,0.253237,0.856971,0.219374,-0.962159,0.161631,0.604426,0.232064,-0.108172,0.754397,0.718740,2.657875,0.767943,-0.100758,0.035378,0.445902,0.480900,-0.861748,-0.161631,0.000000,0.000000,0.000000,-1,0.711884,-1.004150,0.217468,0.866402,2.506613,0.877979,151.728409,204.305435,-787.917236,0,0
3.120000,1.393432,1.083318,-1.119878,0.859621,0.220189,-0.461052,0.421582,0.204125,0.883517,0.288652,-0.953861,0.082643,0.627067,0.255862,-0.068732,0.732528,0.896546,2.259463,0.917765,0.409737,-0.128599,0.152787,0.461052,-0.883517,-0.082643,0.000000,0.000000,0.000000,-1,0.642471,-0.847504,0.016281,0.638330,2.073956,0.819686,155.582947,201.511505,-784.243164,0,0
3.160000,1.523828,1.119258,-1.170613,0.846063,0.306914,-0.435869,0.401874,0.169997,0.899777,0.350250,-0.936432,0.020487,0.643347,0.275430,-0.033271,0.713538,0.654632,1.962461,0.826037,0.107267,0.094937,0.020502,0.435869,-0.899777,-0.020487,0.000000,0.000000,0.000000,-1,0.415955,-0.780838,0.076874,0.773184,1.793021,0.832233,157.159790,202.035370,-782.740112,0,0
3.200000,1.667509,1.150799,-1.248425,0.831414,0.379518,-0.405853,0.386753,0.129185,0.913090,0.398964,-0.916121,-0.039374,0.659849,0.290320,-0.002610,0.693041,0.788246,1.653897,0.797237,0.028245,0.121830,0.037592,0.405853,-0.913090,0.039374,0.000000,0.000000,0.000000,-1,0.558777,-0.865829,0.037445,0.737635,1.312706,0.807135,160.138290,199.416077,-781.905151,0,0
3.240000,1.792877,1.175103,-1.337195,0.824636,0.422628,-0.375982,0.374979,0.089225,0.922730,0.423518,-0.901901,-0.084899,0.674594,0.295587,0.017617,0.676196,0.870967,0.736590,0.647290,0.217875,0.085404,-0.032942,0.375982,-0.922730,0.084899,0.000000,0.000000,0.000000,-1,0.514496,-0.766418,0.035812,0.994984,0.557246,0.412005,159.787888,199.765305,-780.569092,0,0
3.280000,1.953203,1.177659,-1.474563,0.817172,0.453772,-0.355418,0.381316,0.036809,0.923712,0.432237,-0.890357,-0.142951,0.693418,0.301077,0.027696,0.654032,0.984228,0.672372,0.244246,0.039739,0.100149,-0.144767,0.355418,-0.923712,0.142951,0.000000,0.000000,0.000000,-1,0.270447,-0.897995,0.015244,0.880802,0.627028,0.285303,160.313507,198.193726,-780.068115,0,0
3.320000,2.037081,1.176941,-1.542913,0.812001,0.472392,-0.342784,0.383602,0.010699,0.923437,0.439892,-0.881324,-0.172523,0.702464,0.304640,0.034560,0.642296,0.690450,0.666297,0.437917,-0.106593,0.005361,-0.140358,0.342784,-0.923437,0.172523,0.000000,0.000000,0.000000,-1,0.218781,-0.912582,0.031342,0.616022,0.600932,0.560651,160.488708,198.019104,-777.229065,0,0
3.360000,2.138391,1.187541,-1.622886,0.808955,0.496159,-0.315306,0.373434,-0.019470,0.927452,0.454025,-0.868013,-0.201033,0.712295,0.305208,0.048687,0.630169,0.407401,0.657080,0.658077,-0.025878,0.032997,-0.151534,0.315306,-0.927452,0.201033,0.000000,0.000000,0.000000,-1,0.543289,-0.870026,0.116241,0.307158,0.591596,0.701317,160.663910,196.098282,-776.060059,0,1
3.400000,2.231004,1.202391,-1.691804,0.805510,0.519847,-0.284453,0.357495,-0.043472,0.932903,0.472601,-0.853153,-0.220860,0.719347,0.304909,0.065389,0.620721,0.248876,0.786338,0.601800,0.331011,0.062648,-0.120152,0.284453,-0.932903,0.220860,0.000000,0.000000,0.000000,-1,0.672699,-0.763397,0.005692,0.203308,0.687755,0.489284,161.715149,198.193726,-776.728027,0,0
3.440000,2.290448,1.207176,-1.724295,0.795378,0.543907,-0.267469,0.351478,-0.054379,0.934615,0.493799,-0.837382,-0.234424,0.721835,0.310107,0.078387,0.613713,0.076293,0.556409,-0.010089,0.371615,0.200576,-0.262622,0.267469,-0.934615,0.234424,0.000000,0.000000,0.000000,-1,0.552994,-0.717834,-0.018784,0.048718,0.320011,-0.115799,160.663910,196.098282,-775.058044,0,0
3.480000,2.294070,1.203866,-1.716042,0.788166,0.553596,-0.268936,0.354974,-0.051924,0.933433,0.502781,-0.831165,-0.237437,0.720681,0.315177,0.081119,0.612128,-0.097848,0.306069,-0.185716,0.243790,0.207908,-0.245295,0.268936,-0.933433,0.237437,0.000000,0.000000,0.000000,-1,0.541962,-0.944107,0.045868,-0.308001,0.052692,-0.208523,162.415970,196.796768,-775.058044,0,0
3.520000,2.240233,1.202935,-1.658539,0.783273,0.554037,-0.282004,0.358237,-0.031514,0.933099,0.508084,-0.831895,-0.223160,0.713783,0.319520,0.079184,0.618183,-0.343969,-0.391976,-0.465993,0.280694,-0.074302,-0.216324,0.282004,-0.933099,0.223160,0.000000,0.000000,0.000000,-1,0.728577,-1.460617,-0.416016,-0.398099,-0.669833,-0.554232,161.890350,197.320633,-773.221008,0,0
3.560000,2.097003,1.201022,-1.530430,0.785346,0.534385,-0.312514,0.361111,0.014585,0.932409,0.502823,-0.845115,-0.181518,0.698620,0.320452,0.068102,0.636084,-1.786394,-0.612125,-0.905436,0.426637,-0.487864,-0.673217,0.312514,-0.932409,0.181518,0.000000,0.000000,0.000000,-1,0.773315,-1.359787,-0.630127,-2.225482,-0.782973,-1.038846,160.138290,200.463791,-775.893066,0,0
3.600000,1.764601,1.194559,-1.214607,0.788199,0.498748,-0.360545,0.344362,0.128123,0.930054,0.510056,-0.857225,-0.070764,0.657807,0.320424,0.056822,0.679257,-2.955759,-1.305048,-1.294696,0.441197,-0.557266,-0.707467,0.360545,-0.930054,0.070764,0.000000,0.000000,0.000000,-1,0.504211,-1.669357,0.364807,-2.177406,-1.826022,-1.612267,159.787888,206.051636,-778.231079,0,0
3.640000,1.487803,1.136522,-0.985762,0.799482,0.430132,-0.419304,0.350778,0.232351,0.907176,0.487631,-0.872353,0.034880,0.618921,0.315432,0.027599,0.718803,-1.811151,-1.581199,-1.636882,0.039497,-0.689062,0.682173,0.419304,-0.907176,-0.034880,0.000000,0.000000,0.000000,-1,0.370926,-1.308624,0.534378,-1.890568,-1.343432,-1.486769,159.787888,207.797836,-778.231079,0,0
3.680000,1.316762,1.067789,-0.859114,0.806307,0.363539,-0.466591,0.365049,0.314839,0.876137,0.465411,-0.876764,0.121147,0.585304,0.311201,-0.000504,0.748715,-1.344927,-1.671062,-1.471421,0.031288,-0.249641,0.474572,0.466591,-0.876137,-0.121147,0.000000,0.000000,0.000000,-1,0.627594,-0.937714,0.083984,-1.106001,-1.690025,-1.431093,157.159790,210.417130,-779.400085,0,0
3.720000,1.208020,1.006257,-0.804640,0.815208,0.291946,-0.500204,0.385530,0.370972,0.844835,0.432208,-0.881560,0.189865,0.559993,0.302448,-0.030356,0.770721,-1.124116,-1.554813,-1.016980,-0.097281,-0.088377,0.299439,0.500204,-0.844835,-0.189865,0.000000,0.000000,0.000000,-1,-0.113098,-0.664810,0.244278,-0.700583,-1.776999,-0.754390,156.108551,213.211044,-779.066101,0,0
3.760000,1.124161,0.967198,-0.783290,0.830011,0.221381,-0.511929,0.400513,0.402205,0.823298,0.388163,-0.888381,0.245169,0.543746,0.285930,-0.056904,0.786986,-0.271342,-1.626404,-0.690985,-0.712827,0.251079,0.485480,0.511929,-0.823298,-0.245169,0.000000,0.000000,0.000000,-1,-0.130157,-0.340988,0.114792,-0.113151,-1.555250,-0.651239,152.078827,213.036438,-780.903137,0,0
3.800000,1.094816,0.946963,-0.808407,0.838190,0.166882,-0.519219,0.422451,0.403445,0.811645,0.344925,-0.899657,0.267664,0.540158,0.272760,-0.080668,0.792038,0.397376,-1.017603,-0.538355,-0.585870,0.497619,0.356714,0.519219,-0.811645,-0.267664,0.000000,0.000000,0.000000,-1,0.008316,-0.399185,0.023392,0.574890,-0.979230,-0.442296,152.429230,213.385666,-779.901123,0,0
3.840000,1.107239,0.949815,-0.861644,0.843262,0.134391,-0.520431,0.441562,0.378885,0.813308,0.306484,-0.915634,0.260157,0.548685,0.262424,-0.097482,0.787766,0.893915,-0.639412,-0.040268,-0.511902,0.304122,0.229014,0.520431,-0.813308,-0.260157,0.000000,0.000000,0.000000,-1,0.059494,-0.572403,-0.020737,1.010449,-0.715234,0.261211,152.078827,210.940994,-780.569092,0,0
3.880000,1.128075,0.978593,-0.916246,0.855580,0.116572,-0.504375,0.442825,0.339828,0.829713,0.268122,-0.933235,0.239129,0.564939,0.247547,-0.104548,0.780150,1.110059,-0.556820,0.594143,-0.417171,0.232713,0.176293,0.504375,-0.829713,-0.239129,0.000000,0.000000,0.000000,-1,0.270966,-0.766617,-0.516922,1.222963,-0.639176,0.779747,150.501968,206.924728,-779.400085,0,0
3.920000,1.147915,1.027745,-0.963786,0.875341,0.108257,-0.471230,0.424437,0.294762,0.856136,0.231583,-0.949419,0.212069,0.584917,0.227679,-0.102428,0.771714,0.592152,-0.414436,0.810889,-0.052483,0.006298,-0.615766,0.471230,-0.856136,-0.212069,0.000000,0.000000,0.000000,-1,1.100464,-1.050842,-1.299973,-0.187574,-0.218730,0.490237,149.976349,209.544037,-778.231079,0,0
3.960000,1.127226,1.018432,-0.935371,0.873547,0.110957,-0.473923,0.422290,0.311421,0.851286,0.242046,-0.943772,0.225185,0.578131,0.230591,-0.100270,0.776233,-0.467244,0.084982,-0.549757,0.872649,-0.512559,-0.676915,0.473923,-0.851286,-0.225185,0.000000,0.000000,0.000000,-1,0.803696,-0.850876,-0.559982,-0.472914,-0.717686,-0.648926,150.501968,209.718658,-777.396057,0,0
4.000000,1.103151,0.984769,-0.924604,0.865191,0.087915,-0.493675,0.441550,0.333023,0.833144,0.237651,-0.938811,0.249310,0.566317,0.233732,-0.113022,0.782228,-0.605572,-0.118990,-0.821751,0.162361,-0.013459,0.045330,0.493675,-0.833144,-0.249310,0.000000,0.000000,0.000000,-1,0.031311,-1.291641,0.212143,-0.931153,-0.267246,-0.743770,148.224289,210.591751,-777.897095,0,0
4.040000,1.053248,0.957351,-0.885740,0.863301,0.066471,-0.500293,0.445803,0.364247,0.817670,0.236581,-0.928927,0.284822,0.550961,0.232446,-0.119660,0.792523,-0.308601,-0.616778,0.221794,-0.467044,-0.501605,0.492067,0.500293,-0.817670,-0.284822,0.000000,0.000000,0.000000,-1,0.346024,-0.906662,0.418945,-0.104470,-0.380187,0.286880,148.224289,209.893265,-779.233093,0,0
4.080000,1.062930,0.964603,-0.875376,0.862928,0.086705,-0.497832,0.437440,0.365039,0.821823,0.252984,-0.926946,0.277074,0.552452,0.237190,-0.110801,0.791366,0.160932,1.499453,0.249616,-0.255584,0.080383,0.631505,0.497832,-0.821823,-0.277074,0.000000,0.000000,0.000000,-1,0.099808,-1.204910,0.356171,0.447357,2.173316,0.622428,149.450729,209.718658,-778.064087,0,1
4.120000,1.162849,0.997246,-0.890286,0.848915,0.176780,-0.498089,0.421751,0.341410,0.839980,0.318544,-0.923140,0.215271,0.568382,0.263260,-0.078972,0.775499,0.916663,2.299818,0.884415,-0.395413,-0.290407,0.507416,0.498089,-0.839980,-0.215271,0.000000,0.000000,0.000000,-1,0.429031,-0.847656,0.290817,1.065327,1.927964,1.026255,154.356491,207.972458,-778.064087,0,0
4.160000,1.293860,1.059268,-0.953999,0.842364,0.262137,-0.470859,0.399311,0.283145,0.871997,0.361904,-0.922558,0.133837,0.596947,0.277013,-0.045630,0.751556,1.504173,2.032356,1.391858,0.132046,0.036884,0.361849,0.470859,-0.871997,-0.133837,0.000000,0.000000,0.000000,-1,0.798828,-0.872574,0.086426,1.455026,2.116226,1.424259,154.181290,207.099350,-776.561035,0,0
4.200000,1.455821,1.122458,-1.038627,0.829628,0.355380,-0.430607,0.373524,0.219944,0.901169,0.414966,-0.908477,0.049729,0.624491,0.291799,-0.006261,0.724448,0.941175,1.946264,1.255914,0.414074,-0.046250,0.024475,0.430607,-0.901169,-0.049729,0.000000,0.000000,0.000000,-1,0.613144,-0.757996,-0.103485,0.465023,1.326730,0.970698,157.510208,207.273972,-774.723999,0,0
4.240000,1.578718,1.165037,-1.101998,0.816070,0.422183,-0.394704,0.352131,0.178339,0.918803,0.458294,-0.888795,-0.003127,0.640480,0.302240,0.024821,0.705564,0.704446,0.937811,0.425929,0.125132,0.243251,-0.056456,0.394704,-0.918803,0.003127,0.000000,0.000000,0.000000,-1,0.469574,-0.694229,-0.027466,0.862832,0.673704,0.303373,156.634171,204.654663,-774.223022,0,0
4.280000,1.663895,1.171990,-1.174253,0.810429,0.440132,-0.386637,0.358186,0.149981,0.921525,0.463581,-0.885319,-0.036100,0.651258,0.306452,0.029537,0.693598,1.024494,0.392623,0.263177,0.082678,0.219026,-0.049375,0.386637,-0.921525,0.036100,0.000000,0.000000,0.000000,-1,0.431793,-0.847336,-0.021408,1.080469,0.092765,0.338699,156.634171,204.305435,-772.552979,0,0
