0.000000,-1.609862,-1.366949,-1.360569,0.948853,0.242402,0.202284,0.197981,0.042245,-0.979295,-0.245929,0.969256,-0.007906,-0.691830,-0.159137,0.015772,0.704129,-0.016687,-0.004286,-0.007333,-0.006029,0.011458,-0.002474,-0.202284,0.979295,0.007906,0.000000,0.000000,0.000000,-1,-0.207062,0.991394,0.003876,-0.018152,-0.104960,0.000674,126.148331,268.565613,-776.895081,0,0
0.040000,-1.610867,-1.366792,-1.361799,0.948873,0.242202,0.202430,0.198184,0.042034,-0.979263,-0.245688,0.969315,-0.008116,-0.691910,-0.159120,0.015630,0.704058,-0.009249,0.020168,-0.003267,-0.001702,0.015137,-0.006315,-0.202430,0.979263,0.008116,0.000000,0.000000,0.000000,-1,-0.206650,0.995178,0.002747,-0.011743,-0.069972,0.001509,127.199570,270.311798,-776.895081,0,0
0.080000,-1.610794,-1.366621,-1.362573,0.949044,0.241389,0.202598,0.198380,0.041915,-0.979228,-0.244867,0.969523,-0.008108,-0.691960,-0.158885,0.015272,0.704069,-0.004998,0.022287,-0.004387,-0.004189,0.012257,-0.000417,-0.202598,0.979228,0.008108,0.000000,0.000000,0.000000,-1,-0.203125,0.989792,0.006058,-0.003266,-0.091181,-0.001680,128.951630,269.264099,-776.561035,0,0
0.120000,-1.607717,-1.366615,-1.360222,0.949229,0.240637,0.202627,0.198286,0.042382,-0.979227,-0.244226,0.969690,-0.007484,-0.691797,-0.158617,0.015033,0.704295,0.000321,0.016987,-0.003357,0.000418,0.013860,-0.014717,-0.202627,0.979227,0.007484,0.000000,0.000000,0.000000,-1,-0.202789,0.992035,-0.001877,0.002070,-0.080574,0.001405,127.024368,268.041748,-776.394043,0,0
0.160000,-1.605334,-1.366660,-1.358520,0.949410,0.239945,0.202600,0.198171,0.042711,-0.979236,-0.243616,0.969847,-0.007000,-0.691683,-0.158351,0.014824,0.704472,0.001344,0.010659,-0.002263,-0.003592,0.010861,-0.002300,-0.202600,0.979236,0.007000,0.000000,0.000000,0.000000,-1,-0.208527,0.991028,0.006943,0.002046,-0.100721,-0.000632,127.725189,268.041748,-776.394043,0,0
0.200000,-1.605319,-1.366381,-1.358297,0.949305,0.240129,0.202874,0.198429,0.042812,-0.979180,-0.243815,0.969796,-0.007007,-0.691646,-0.158520,0.014798,0.704470,-0.002948,-0.010555,-0.008503,0.000176,0.010475,-0.000842,-0.202874,0.979180,0.007007,0.000000,0.000000,0.000000,-1,-0.199631,0.989807,0.002640,-0.005402,-0.098604,-0.002687,127.549973,270.311798,-775.559082,0,0
0.240000,-1.605044,-1.366682,-1.358685,0.949525,0.239507,0.202582,0.198158,0.042673,-0.979241,-0.243180,0.969956,-0.006941,-0.691699,-0.158184,0.014673,0.704496,-0.008207,0.013843,0.001021,0.001394,0.012703,-0.008711,-0.202582,0.979241,0.006941,0.000000,0.000000,0.000000,-1,-0.202118,0.991898,-0.001083,-0.005363,-0.089049,0.005780,127.549973,268.914856,-776.895081,0,0
0.280000,-1.603950,-1.366748,-1.357973,0.949633,0.239125,0.202524,0.198064,0.042801,-0.979254,-0.242832,0.970045,-0.006717,-0.691655,-0.158023,0.014569,0.704577,-0.000781,0.005356,-0.002213,-0.002188,0.012186,-0.004291,-0.202524,0.979254,0.006717,0.000000,0.000000,0.000000,-1,-0.201157,0.990875,0.008057,-0.006444,-0.101775,0.003722,127.199570,270.311798,-777.563110,0,0
0.320000,-1.605172,-1.366904,-1.359156,0.949651,0.239193,0.202363,0.197965,0.042534,-0.979286,-0.242845,0.970040,-0.006959,-0.691751,-0.157990,0.014630,0.704490,-0.008267,0.003268,0.000028,0.003297,0.011360,0.006865,-0.202363,0.979286,0.006959,0.000000,0.000000,0.000000,-1,-0.202194,0.991867,0.000641,-0.007494,-0.095410,0.005832,126.148331,268.914856,-777.229065,0,0
0.360000,-1.604821,-1.367320,-1.359112,0.949807,0.238912,0.201958,0.197565,0.042457,-0.979370,-0.242558,0.970113,-0.006874,-0.691777,-0.157737,0.014672,0.704519,-0.007159,0.018123,0.008460,0.001229,0.009064,-0.003685,-0.201958,0.979370,0.006874,0.000000,0.000000,0.000000,-1,-0.203354,0.989471,0.010864,-0.004269,-0.080558,0.012112,127.024368,268.390991,-776.394043,0,0
0.400000,-1.604770,-1.367401,-1.360588,0.949962,0.238379,0.201862,0.197539,0.042147,-0.979389,-0.241974,0.970257,-0.007051,-0.691893,-0.157509,0.014493,0.704460,-0.012498,0.007514,0.004311,-0.002789,0.007565,0.005141,-0.201862,0.979389,0.007051,0.000000,0.000000,0.000000,-1,-0.205734,0.988510,0.011032,-0.012794,-0.090105,0.009057,125.973129,269.089478,-775.058044,0,0
0.440000,-1.607862,-1.367437,-1.362999,0.950021,0.238175,0.201822,0.197616,0.041666,-0.979394,-0.241676,0.970328,-0.007484,-0.692069,-0.157423,0.014397,0.704309,-0.008252,0.005391,0.003210,-0.004339,0.009193,0.001305,-0.201822,0.979394,0.007484,0.000000,0.000000,0.000000,-1,-0.197067,0.987076,0.009308,-0.003248,-0.109191,0.006911,126.323532,268.740234,-777.062073,0,0
0.480000,-1.608858,-1.368022,-1.363535,0.950024,0.238657,0.201242,0.197078,0.041442,-0.979512,-0.242107,0.970219,-0.007663,-0.692143,-0.157386,0.014760,0.704238,0.005525,-0.009391,0.011666,0.004190,0.009533,-0.003147,-0.201242,0.979512,0.007663,0.000000,0.000000,0.000000,-1,-0.201874,0.991104,-0.000656,0.010631,-0.105988,0.021636,125.797913,268.216370,-777.563110,0,0
0.520000,-1.605735,-1.368803,-1.359884,0.950062,0.239128,0.200500,0.196177,0.042001,-0.979669,-0.242687,0.970079,-0.007008,-0.691930,-0.157279,0.015242,0.704460,0.006609,-0.022102,0.019158,-0.003220,0.009894,0.003627,-0.200500,0.979669,0.007008,0.000000,0.000000,0.000000,-1,-0.206024,0.987381,0.016785,0.002121,-0.124009,0.023938,128.601212,268.565613,-776.561035,0,0
0.560000,-1.608368,-1.368981,-1.361779,0.949911,0.239889,0.200307,0.196085,0.041593,-0.979704,-0.243351,0.969909,-0.007529,-0.692071,-0.157489,0.015549,0.704268,-0.007235,-0.023171,0.013994,-0.012020,0.013704,0.007089,-0.200307,0.979704,0.007529,0.000000,0.000000,0.000000,-1,-0.202591,0.994080,0.016342,-0.011734,-0.120843,0.014503,127.725189,268.390991,-776.394043,0,0
0.600000,-1.615105,-1.369091,-1.368056,0.949799,0.240466,0.200143,0.196237,0.040339,-0.979726,-0.243665,0.969819,-0.008874,-0.692520,-0.157650,0.015711,0.703787,-0.014691,-0.006219,0.007616,-0.006064,0.011652,0.000190,-0.200143,0.979726,0.008874,0.000000,0.000000,0.000000,-1,-0.203110,0.989243,0.009476,-0.012806,-0.117667,0.011309,125.447510,270.311798,-775.893066,0,0
0.640000,-1.618284,-1.369200,-1.370100,0.949537,0.241612,0.200008,0.196214,0.039917,-0.979748,-0.244702,0.969552,-0.009505,-0.692662,-0.158023,0.016131,0.703553,-0.009473,-0.034784,0.003469,-0.000539,0.011417,-0.000518,-0.200008,0.979748,0.009505,0.000000,0.000000,0.000000,-1,-0.201752,0.993317,0.005890,-0.008563,-0.125090,0.010232,127.024368,268.740234,-775.392029,0,0
0.680000,-1.620069,-1.369374,-1.371344,0.949435,0.242168,0.199820,0.196097,0.039639,-0.979783,-0.245193,0.969424,-0.009854,-0.692757,-0.158160,0.016374,0.703424,-0.009438,-0.009333,0.007609,-0.005197,0.012450,0.000171,-0.199820,0.979783,0.009854,0.000000,0.000000,0.000000,-1,-0.205261,0.992233,0.012268,-0.009607,-0.103884,0.011212,128.075592,268.041748,-776.394043,0,0
0.720000,-1.623014,-1.369406,-1.373683,0.949285,0.242803,0.199760,0.196159,0.039174,-0.979789,-0.245722,0.969284,-0.010441,-0.692920,-0.158374,0.016583,0.703210,-0.006279,-0.023125,0.002317,-0.004830,0.012108,0.000973,-0.199760,0.979789,0.010441,0.000000,0.000000,0.000000,-1,-0.202286,0.993210,0.010651,-0.005386,-0.125095,0.007006,126.323532,267.343262,-776.060059,0,0
0.760000,-1.625384,-1.369653,-1.375125,0.949101,0.243741,0.199492,0.195977,0.038844,-0.979839,-0.246576,0.969062,-0.010901,-0.693029,-0.158622,0.016985,0.703037,-0.004141,-0.017821,0.004397,-0.000840,0.012410,0.002039,-0.199492,0.979839,0.010901,0.000000,0.000000,0.000000,-1,-0.200851,0.990005,0.012527,-0.004301,-0.112367,0.010128,126.849152,267.867126,-775.893066,0,0
0.800000,-1.628069,-1.369698,-1.377250,0.948966,0.244328,0.199418,0.196016,0.038419,-0.979848,-0.247066,0.968931,-0.011434,-0.693178,-0.158814,0.017185,0.702843,-0.006316,-0.015636,0.004449,-0.006438,0.011729,0.005214,-0.199418,0.979848,0.011434,0.000000,0.000000,0.000000,-1,-0.202484,0.991806,0.016190,-0.005378,-0.114492,0.006958,127.024368,268.041748,-776.728027,0,0
0.840000,-1.631853,-1.369732,-1.380423,0.948813,0.244984,0.199340,0.196104,0.037791,-0.979855,-0.247582,0.968790,-0.012186,-0.693399,-0.159031,0.017394,0.702570,-0.007388,-0.014580,0.002328,-0.002305,0.011249,0.003240,-0.199340,0.979855,0.012186,0.000000,0.000000,0.000000,-1,-0.202225,0.990753,0.013458,-0.006444,-0.113434,0.005902,127.024368,268.390991,-777.730103,0,0
0.880000,-1.634613,-1.369619,-1.382558,0.948630,0.245629,0.199416,0.196293,0.037393,-0.979832,-0.248131,0.968643,-0.012743,-0.693538,-0.159300,0.017560,0.702367,-0.006333,-0.013524,0.000184,-0.003983,0.011684,0.004362,-0.199416,0.979832,0.012743,0.000000,0.000000,0.000000,-1,-0.203232,0.992798,0.012741,-0.003254,-0.112374,0.005862,128.601212,269.613342,-775.559082,0,0
0.920000,-1.635998,-1.369522,-1.383449,0.948487,0.246121,0.199493,0.196420,0.037235,-0.979813,-0.248581,0.968524,-0.013026,-0.693592,-0.159511,0.017693,0.702264,-0.003138,-0.010343,0.001197,-0.003815,0.012695,0.000097,-0.199493,0.979813,0.013026,0.000000,0.000000,0.000000,-1,-0.200455,0.993332,0.013184,-0.000061,-0.107073,0.005802,125.097092,268.565613,-775.893066,0,0
0.960000,-1.637593,-1.369603,-1.384653,0.948402,0.246527,0.199393,0.196387,0.036984,-0.979829,-0.248929,0.968430,-0.013339,-0.693678,-0.159625,0.017853,0.702148,0.000010,-0.007098,0.002258,-0.001580,0.009658,0.005887,-0.199393,0.979829,0.013339,0.000000,0.000000,0.000000,-1,-0.200943,0.989609,0.015961,-0.003253,-0.110253,0.005852,126.673950,268.041748,-777.396057,0,0
1.000000,-1.638748,-1.369700,-1.385403,0.948319,0.246937,0.199282,0.196321,0.036819,-0.979848,-0.249298,0.968332,-0.013562,-0.693733,-0.159736,0.018024,0.702064,-0.003183,-0.016639,0.003401,-0.000241,0.008174,0.004947,-0.199282,0.979848,0.013562,0.000000,0.000000,0.000000,-1,-0.201096,0.992035,0.016449,-0.003253,-0.116613,0.006944,126.498749,267.867126,-775.893066,0,0
1.040000,-1.641446,-1.369736,-1.387477,0.948165,0.247585,0.199210,0.196362,0.036406,-0.979855,-0.249850,0.968182,-0.014098,-0.693876,-0.159952,0.018245,0.701868,-0.005307,-0.007100,0.002317,-0.004113,0.011996,-0.001936,-0.199210,0.979855,0.014098,0.000000,0.000000,0.000000,-1,-0.201843,0.989349,0.016342,-0.006428,-0.101768,0.007976,128.075592,267.692505,-776.060059,0,0
1.080000,-1.642973,-1.369692,-1.388853,0.948116,0.247756,0.199231,0.196454,0.036143,-0.979847,-0.249964,0.968148,-0.014405,-0.693970,-0.160025,0.018276,0.701758,-0.007425,-0.007097,0.004467,-0.006045,0.008465,0.000106,-0.199231,0.979847,0.014405,0.000000,0.000000,0.000000,-1,-0.200455,0.989441,0.017624,-0.009616,-0.106008,0.009094,127.900391,269.264099,-776.561035,0,0
1.120000,-1.646371,-1.369921,-1.391874,0.948060,0.248190,0.198957,0.196342,0.035510,-0.979892,-0.250265,0.968060,-0.015065,-0.694193,-0.160090,0.018477,0.701517,-0.009575,-0.009154,0.007730,-0.005648,0.013928,-0.000004,-0.198957,0.979892,0.015065,0.000000,0.000000,0.000000,-1,-0.202316,0.990845,0.016739,-0.007487,-0.108126,0.010144,128.250809,268.914856,-777.563110,0,0
1.160000,-1.647764,-1.370023,-1.393057,0.948025,0.248420,0.198837,0.196285,0.035260,-0.979913,-0.250441,0.968010,-0.015334,-0.694280,-0.160132,0.018582,0.701418,-0.001074,-0.004917,0.005490,-0.003434,0.012046,-0.000472,-0.198837,0.979913,0.015334,0.000000,0.000000,0.000000,-1,-0.204636,0.996155,0.015976,-0.000058,-0.109191,0.006876,127.549973,268.565613,-776.895081,0,0
1.200000,-1.647788,-1.370064,-1.392674,0.947932,0.248809,0.198796,0.196232,0.035328,-0.979921,-0.250836,0.967908,-0.015336,-0.694251,-0.160259,0.018739,0.701413,0.005286,-0.002806,0.000091,-0.000529,0.013381,0.002776,-0.198796,0.979921,0.015336,0.000000,0.000000,0.000000,-1,-0.203949,0.989090,0.016953,0.004200,-0.096471,0.005708,127.549973,268.914856,-774.891052,0,0
1.240000,-1.647451,-1.369955,-1.392380,0.947922,0.248757,0.198908,0.196327,0.035404,-0.979899,-0.250799,0.967919,-0.015277,-0.694225,-0.160281,0.018687,0.701436,0.001041,0.002496,0.001177,-0.005026,0.010778,-0.000430,-0.198908,0.979899,0.015277,0.000000,0.000000,0.000000,-1,-0.199051,0.986740,0.014389,-0.002184,-0.097532,0.004719,126.849152,268.565613,-776.227051,0,0
1.280000,-1.648161,-1.370016,-1.393143,0.947945,0.248723,0.198837,0.196295,0.035244,-0.979911,-0.250734,0.967933,-0.015414,-0.694283,-0.160244,0.018687,0.701387,-0.008545,0.002538,0.003446,0.003738,0.008629,0.000791,-0.198837,0.979911,0.015414,0.000000,0.000000,0.000000,-1,-0.198288,0.988937,0.014725,-0.010656,-0.091160,0.012230,127.024368,269.089478,-777.396057,0,0
1.320000,-1.650674,-1.370461,-1.395924,0.948094,0.248535,0.198364,0.195963,0.034622,-0.980000,-0.250432,0.968004,-0.015879,-0.694505,-0.160005,0.018743,0.701220,-0.011730,0.001478,0.004550,-0.001084,0.012401,-0.000879,-0.198364,0.980000,0.015879,0.000000,0.000000,0.000000,-1,-0.201797,0.993912,0.016800,-0.010670,-0.093285,0.009048,127.549973,268.914856,-776.227051,0,0
1.360000,-1.652509,-1.370568,-1.398049,0.948184,0.248300,0.198230,0.195933,0.034188,-0.980021,-0.250116,0.968080,-0.016234,-0.694664,-0.159874,0.018673,0.701095,-0.009607,0.007836,0.002371,-0.003766,0.015676,-0.001830,-0.198230,0.980021,0.016234,0.000000,0.000000,0.000000,-1,-0.201874,0.993301,0.015366,-0.008551,-0.087989,0.005810,127.725189,269.089478,-775.726074,0,0
1.400000,-1.652724,-1.370563,-1.398510,0.948243,0.248071,0.198231,0.195954,0.034098,-0.980020,-0.249874,0.968141,-0.016277,-0.694698,-0.159791,0.018585,0.701082,-0.003235,0.003593,0.001256,-0.004695,0.015677,-0.003200,-0.198231,0.980020,0.016277,0.000000,0.000000,0.000000,-1,-0.200073,0.992859,0.014328,0.003138,-0.094350,0.005710,126.148331,267.168640,-776.895081,0,0
1.440000,-1.649808,-1.370806,-1.395875,0.948366,0.247754,0.198041,0.195629,0.034573,-0.980068,-0.249663,0.968206,-0.015680,-0.694527,-0.159599,0.018582,0.701295,0.009494,0.000432,-0.002032,-0.001270,0.010578,-0.000208,-0.198041,0.980068,0.015680,0.000000,0.000000,0.000000,-1,-0.195724,0.991623,0.009415,0.012689,-0.101776,0.002447,126.849152,268.914856,-776.561035,0,0
1.480000,-1.648125,-1.370991,-1.394093,0.948380,0.247822,0.197886,0.195388,0.034890,-0.980105,-0.249796,0.968177,-0.015333,-0.694410,-0.159563,0.018689,0.701416,0.008426,-0.000630,-0.003078,0.003123,0.012052,-0.001127,-0.197886,0.980105,0.015333,0.000000,0.000000,0.000000,-1,-0.194717,0.990372,0.016663,0.008440,-0.097536,0.002475,127.374771,269.089478,-775.726074,0,0
1.520000,-1.646680,-1.371170,-1.392653,0.948420,0.247795,0.197732,0.195164,0.035140,-0.980141,-0.249822,0.968175,-0.015033,-0.694319,-0.159494,0.018756,0.701521,0.003114,-0.001689,-0.001950,0.001901,0.010155,0.000668,-0.197732,0.980141,0.015033,0.000000,0.000000,0.000000,-1,-0.197617,0.989227,0.015717,0.003117,-0.106017,0.002572,126.323532,270.486420,-777.062073,0,0
1.560000,-1.645992,-1.371195,-1.391620,0.948340,0.248109,0.197718,0.195104,0.035337,-0.980146,-0.250170,0.968087,-0.014896,-0.694244,-0.159603,0.018888,0.701566,-0.000077,-0.005931,-0.001895,-0.001913,0.012118,-0.001376,-0.197718,0.980146,0.014896,0.000000,0.000000,0.000000,-1,-0.199982,0.993362,0.015244,0.003115,-0.103898,0.001498,128.250809,267.517883,-776.227051,0,0
1.600000,-1.645595,-1.371102,-1.391005,0.948269,0.248305,0.197815,0.195172,0.035473,-0.980127,-0.250387,0.968032,-0.014824,-0.694194,-0.159709,0.018933,0.701591,0.005222,-0.009026,-0.004046,-0.002380,0.014181,-0.000771,-0.197815,0.980127,0.014824,0.000000,0.000000,0.000000,-1,-0.200516,0.993698,0.015289,0.008429,-0.106019,0.001449,127.374771,268.390991,-775.726074,0,0
1.640000,-1.643993,-1.371010,-1.389140,0.948189,0.248519,0.197928,0.195194,0.035853,-0.980109,-0.250672,0.967963,-0.014514,-0.694055,-0.159826,0.018999,0.701700,0.012669,-0.007964,-0.003069,-0.002069,0.013192,-0.008120,-0.197928,0.980109,0.014514,0.000000,0.000000,0.000000,-1,-0.199921,0.990036,0.014465,0.013744,-0.107079,0.001395,126.498749,267.867126,-776.561035,0,0
1.680000,-1.641454,-1.371081,-1.385887,0.948031,0.249148,0.197895,0.195009,0.036475,-0.980123,-0.251414,0.967778,-0.014006,-0.693823,-0.160040,0.019284,0.701873,0.009492,-0.013260,0.001245,-0.000530,0.011240,0.002428,-0.197895,0.980123,0.014006,0.000000,0.000000,0.000000,-1,-0.200027,0.990051,0.015793,0.008440,-0.112374,0.005733,126.673950,269.438721,-775.392029,0,0
1.720000,-1.641446,-1.371093,-1.385408,0.947916,0.249595,0.197884,0.194980,0.036567,-0.980125,-0.251871,0.967660,-0.014004,-0.693785,-0.160199,0.019454,0.701869,0.000989,-0.015380,0.002412,-0.004432,0.010384,0.002018,-0.197884,0.980125,0.014004,0.000000,0.000000,0.000000,-1,-0.202362,0.989365,0.015579,0.003129,-0.112372,0.006855,127.725189,269.089478,-776.394043,0,0
1.760000,-1.642171,-1.371013,-1.385700,0.947791,0.250017,0.197952,0.195067,0.036524,-0.980110,-0.252274,0.967552,-0.014153,-0.693797,-0.160380,0.019574,0.701812,-0.001140,-0.013160,0.001375,-0.005402,0.008584,0.000282,-0.197952,0.980110,0.014153,0.000000,0.000000,0.000000,-1,-0.202988,0.994186,0.014755,0.000992,-0.110256,0.003678,127.725189,269.787964,-776.060059,0,0
1.800000,-1.642489,-1.370854,-1.385545,0.947640,0.250465,0.198103,0.195215,0.036583,-0.980078,-0.252723,0.967434,-0.014227,-0.693773,-0.160600,0.019682,0.701783,0.003112,-0.008921,0.000245,-0.005465,0.010996,0.001642,-0.198103,0.980078,0.014227,0.000000,0.000000,0.000000,-1,-0.202652,0.992645,0.013077,0.006307,-0.111317,0.003624,128.075592,268.740234,-776.060059,0,0
1.840000,-1.641268,-1.370604,-1.383666,0.947430,0.251056,0.198364,0.195386,0.036995,-0.980028,-0.253380,0.967265,-0.014002,-0.693620,-0.160910,0.019829,0.701859,0.007350,-0.013168,-0.002975,-0.004181,0.015882,-0.001154,-0.198364,0.980028,0.014002,0.000000,0.000000,0.000000,-1,-0.199707,0.993607,0.014572,0.009488,-0.112380,0.001466,127.024368,268.390991,-775.726074,0,0
1.880000,-1.640509,-1.370566,-1.382563,0.947337,0.251366,0.198412,0.195382,0.037218,-0.980021,-0.253728,0.967176,-0.013854,-0.693537,-0.161040,0.019940,0.701908,0.007365,-0.003623,-0.000890,-0.001524,0.012609,0.002228,-0.198412,0.980021,0.013854,0.000000,0.000000,0.000000,-1,-0.206314,0.990723,0.011780,0.007380,-0.098594,0.003555,127.900391,268.565613,-775.893066,0,0
1.920000,-1.639065,-1.370335,-1.381028,0.947273,0.251414,0.198657,0.195547,0.037560,-0.979975,-0.253841,0.967150,-0.013583,-0.693415,-0.161145,0.019896,0.702006,0.003121,-0.003515,-0.000836,-0.007260,0.009268,-0.002063,-0.198657,0.979975,0.013583,0.000000,0.000000,0.000000,-1,-0.198029,0.991241,0.013580,0.000998,-0.097536,0.002557,127.024368,268.390991,-776.728027,0,0
1.960000,-1.638545,-1.370434,-1.380552,0.947304,0.251367,0.198568,0.195433,0.037635,-0.979995,-0.253811,0.967160,-0.013473,-0.693387,-0.161093,0.019918,0.702045,0.001006,0.000728,0.001296,-0.002650,0.012712,-0.000641,-0.198568,0.979995,0.013473,0.000000,0.000000,0.000000,-1,-0.204147,0.991486,0.013489,0.002072,-0.098591,0.005741,126.849152,267.517883,-777.563110,0,0
2.000000,-1.637951,-1.370289,-1.379934,0.947272,0.251371,0.198718,0.195550,0.037783,-0.979966,-0.253843,0.967153,-0.013365,-0.693335,-0.161149,0.019877,0.702084,0.002060,-0.001396,-0.000834,-0.005781,0.015243,-0.002379,-0.198718,0.979966,0.013365,0.000000,0.000000,0.000000,-1,-0.202713,0.994202,0.009674,0.007384,-0.093293,0.003531,126.849152,269.264099,-776.561035,0,0
2.040000,-1.635859,-1.370236,-1.378046,0.947318,0.251134,0.198797,0.195529,0.038162,-0.979955,-0.253687,0.967200,-0.012952,-0.693201,-0.161087,0.019796,0.702234,0.005254,0.009204,-0.001981,-0.002207,0.012263,-0.001737,-0.198797,0.979955,0.012952,0.000000,0.000000,0.000000,-1,-0.200958,0.991302,0.012512,0.010574,-0.092233,0.003491,126.498749,267.867126,-776.895081,0,0
2.080000,-1.633306,-1.370230,-1.375700,0.947375,0.250888,0.198835,0.195445,0.038622,-0.979954,-0.253538,0.967245,-0.012445,-0.693037,-0.161006,0.019733,0.702416,0.011651,0.002946,0.000108,-0.001940,0.010982,0.000906,-0.198835,0.979954,0.012445,0.000000,0.000000,0.000000,-1,-0.202393,0.989014,0.011261,0.011639,-0.094352,0.004552,127.374771,269.787964,-775.726074,0,0
2.120000,-1.631472,-1.370192,-1.373937,0.947391,0.250783,0.198894,0.195413,0.038974,-0.979946,-0.253506,0.967259,-0.012083,-0.692911,-0.160986,0.019703,0.702546,0.009528,0.001887,0.001199,-0.004093,0.008503,-0.000151,-0.198894,0.979946,0.012083,0.000000,0.000000,0.000000,-1,-0.204086,0.989822,0.016129,0.007383,-0.099653,0.004623,127.024368,268.740234,-776.728027,0,0
2.160000,-1.630642,-1.370009,-1.373076,0.947349,0.250788,0.199083,0.195555,0.039177,-0.979910,-0.253549,0.967249,-0.011929,-0.692839,-0.161056,0.019653,0.702602,0.003145,0.001884,0.000205,-0.004316,0.011301,0.000080,-0.199083,0.979910,0.011928,0.000000,0.000000,0.000000,-1,-0.201813,0.991913,0.012695,0.003137,-0.096471,0.005719,128.250809,268.914856,-776.561035,0,0
2.200000,-1.631047,-1.370061,-1.373463,0.947354,0.250815,0.199028,0.195520,0.039091,-0.979920,-0.253559,0.967245,-0.012006,-0.692869,-0.161046,0.019676,0.702574,0.001017,-0.004477,0.001321,-0.003105,0.010589,0.001711,-0.199028,0.979920,0.012006,0.000000,0.000000,0.000000,-1,-0.203110,0.989548,0.011993,0.003135,-0.103890,0.006817,127.199570,268.216370,-776.561035,0,0
2.240000,-1.631183,-1.370087,-1.373394,0.947307,0.251013,0.199001,0.195493,0.039100,-0.979925,-0.253755,0.967194,-0.012032,-0.692863,-0.161109,0.019756,0.702562,0.002104,-0.004373,0.003436,-0.004307,0.011621,0.001549,-0.199001,0.979925,0.012032,0.000000,0.000000,0.000000,-1,-0.205765,0.990631,0.010559,0.003138,-0.099650,0.006797,126.498749,268.565613,-775.893066,0,0
2.280000,-1.630543,-1.369991,-1.372722,0.947282,0.251027,0.199102,0.195558,0.039250,-0.979906,-0.253798,0.967184,-0.011910,-0.692810,-0.161150,0.019737,0.702606,0.002107,0.004106,0.002333,-0.004923,0.010908,-0.000084,-0.199102,0.979906,0.011910,0.000000,0.000000,0.000000,-1,-0.202667,0.990280,0.013367,0.004202,-0.093290,0.005693,127.725189,268.740234,-776.728027,0,0
2.320000,-1.629719,-1.369844,-1.372085,0.947303,0.250828,0.199256,0.195674,0.039403,-0.979877,-0.253632,0.967229,-0.011754,-0.692758,-0.161132,0.019623,0.702665,0.004219,0.001980,-0.000872,-0.003915,0.011746,0.000956,-0.199256,0.979877,0.011754,0.000000,0.000000,0.000000,-1,-0.201599,0.990906,0.011948,0.004189,-0.099654,0.003595,128.250809,268.565613,-776.561035,0,0
2.360000,-1.629278,-1.369818,-1.371563,0.947279,0.250895,0.199287,0.195679,0.039510,-0.979872,-0.253718,0.967208,-0.011668,-0.692719,-0.161167,0.019644,0.702695,0.003156,-0.003320,0.000227,-0.001733,0.012011,0.000097,-0.199287,0.979872,0.011668,0.000000,0.000000,0.000000,-1,-0.202896,0.990829,0.008698,0.004185,-0.104955,0.003619,127.199570,267.867126,-778.565063,0,0
2.400000,-1.627773,-1.369767,-1.369802,0.947209,0.251105,0.199354,0.195659,0.039865,-0.979861,-0.253996,0.967138,-0.011371,-0.692588,-0.161266,0.019724,0.702798,0.004233,-0.006396,0.000229,-0.002275,0.012357,-0.003986,-0.199354,0.979861,0.011371,0.000000,0.000000,0.000000,-1,-0.201553,0.991699,0.007568,0.007384,-0.103892,0.005706,127.199570,268.565613,-775.893066,0,0
2.440000,-1.625061,-1.369825,-1.366787,0.947152,0.251341,0.199327,0.195481,0.040443,-0.979873,-0.254344,0.967053,-0.010827,-0.692376,-0.161337,0.019865,0.702988,0.006363,-0.009576,0.001283,-0.003874,0.011292,-0.003503,-0.199327,0.979873,0.010827,0.000000,0.000000,0.000000,-1,-0.201263,0.990814,0.006195,0.007383,-0.110252,0.006799,128.776428,269.438721,-774.723999,0,0
2.480000,-1.623656,-1.369947,-1.365019,0.947088,0.251661,0.199223,0.195293,0.040764,-0.979897,-0.254723,0.966956,-0.010541,-0.692255,-0.161413,0.020043,0.703085,0.006370,-0.011694,0.003420,-0.000194,0.010642,-0.000790,-0.199223,0.979897,0.010541,0.000000,0.000000,0.000000,-1,-0.200073,0.992203,0.009857,0.006325,-0.108130,0.007864,127.024368,269.089478,-777.062073,0,0
2.520000,-1.622413,-1.370170,-1.363311,0.947018,0.252087,0.199018,0.195009,0.041052,-0.979942,-0.255201,0.966833,-0.010282,-0.692143,-0.161490,0.020293,0.703169,0.006361,-0.013818,0.001303,-0.000338,0.012734,0.000003,-0.199018,0.979942,0.010282,0.000000,0.000000,0.000000,-1,-0.196548,0.993988,0.012894,0.005263,-0.107069,0.007871,126.148331,268.914856,-776.227051,0,0
2.560000,-1.622112,-1.370336,-1.362676,0.946968,0.252404,0.198859,0.194824,0.041143,-0.979975,-0.255531,0.966747,-0.010214,-0.692105,-0.161546,0.020471,0.703189,0.002136,-0.002054,0.003423,-0.007791,0.011450,0.001353,-0.198859,0.979975,0.010214,0.000000,0.000000,0.000000,-1,-0.203705,0.991440,0.009247,-0.000047,-0.099648,0.007896,125.622711,267.692505,-776.060059,0,0
2.600000,-1.622020,-1.370314,-1.362592,0.946966,0.252393,0.198881,0.194841,0.041163,-0.979971,-0.255525,0.966749,-0.010196,-0.692098,-0.161550,0.020461,0.703195,0.000016,0.001128,0.004495,-0.003084,0.011561,0.000454,-0.198881,0.979971,0.010196,0.000000,0.000000,0.000000,-1,-0.199783,0.990707,0.009140,-0.001101,-0.092225,0.008938,128.075592,269.089478,-776.060059,0,0
2.640000,-1.621985,-1.370641,-1.362879,0.947111,0.252101,0.198561,0.194539,0.041041,-0.980036,-0.255217,0.966830,-0.010173,-0.692142,-0.161325,0.020464,0.703203,-0.001039,0.006430,0.005547,-0.002809,0.012274,-0.000240,-0.198561,0.980036,0.010173,0.000000,0.000000,0.000000,-1,-0.198044,0.993774,0.006500,0.002084,-0.093287,0.007844,127.725189,269.438721,-775.726074,0,0
2.680000,-1.621001,-1.370807,-1.362030,0.947180,0.251960,0.198408,0.194345,0.041173,-0.980069,-0.255107,0.966861,-0.009969,-0.692094,-0.161216,0.020481,0.703275,0.002148,0.007488,0.004444,0.000365,0.013706,-0.003469,-0.198408,0.980069,0.009969,0.000000,0.000000,0.000000,-1,-0.198959,0.994949,0.006607,0.005277,-0.087986,0.007785,127.900391,268.914856,-776.561035,0,0
2.720000,-1.618993,-1.371178,-1.360461,0.947369,0.251521,0.198065,0.193925,0.041402,-0.980142,-0.254726,0.966966,-0.009553,-0.692012,-0.160924,0.020470,0.703423,0.002151,0.006485,0.003384,-0.001627,0.011801,0.000990,-0.198065,0.980142,0.009553,0.000000,0.000000,0.000000,-1,-0.197540,0.991760,0.008682,0.004213,-0.095406,0.008894,127.725189,268.390991,-776.060059,0,0
2.760000,-1.617646,-1.371647,-1.359522,0.947566,0.251127,0.197619,0.193437,0.041487,-0.980235,-0.254362,0.967065,-0.009265,-0.691980,-0.160613,0.020500,0.703525,0.002159,0.010727,0.004430,-0.001081,0.010945,0.002667,-0.197619,0.980235,0.009265,0.000000,0.000000,0.000000,-1,-0.203278,0.990479,0.011826,0.002091,-0.089044,0.008889,127.725189,268.390991,-775.726074,0,0
2.800000,-1.617663,-1.371627,-1.359636,0.947587,0.251035,0.197638,0.193461,0.041470,-0.980231,-0.254268,0.967089,-0.009269,-0.691987,-0.160587,0.020459,0.703524,0.001095,0.009666,0.004446,-0.005639,0.010247,0.002556,-0.197638,0.980231,0.009269,0.000000,0.000000,0.000000,-1,-0.200150,0.992142,0.013504,0.003136,-0.092231,0.004637,128.250809,267.168640,-776.895081,0,0
2.840000,-1.617912,-1.371649,-1.360237,0.947679,0.250707,0.197614,0.193465,0.041349,-0.980236,-0.253923,0.967180,-0.009318,-0.692035,-0.160458,0.020342,0.703511,0.001077,0.008598,0.000196,-0.000368,0.009694,0.002706,-0.197614,0.980236,0.009318,0.000000,0.000000,0.000000,-1,-0.199524,0.991852,0.009750,0.001012,-0.089051,0.004646,128.075592,268.041748,-775.726074,0,0
2.880000,-1.618092,-1.371897,-1.360793,0.947820,0.250365,0.197369,0.193249,0.041190,-0.980285,-0.253558,0.967275,-0.009342,-0.692093,-0.160244,0.020297,0.703504,0.000016,0.004400,0.001289,0.000317,0.013246,-0.001987,-0.197369,0.980285,0.009342,0.000000,0.000000,0.000000,-1,-0.196259,0.993530,0.007675,0.001010,-0.096471,0.005743,127.024368,268.041748,-776.394043,0,0
2.920000,-1.617773,-1.372002,-1.360532,0.947856,0.250308,0.197270,0.193138,0.041219,-0.980305,-0.253509,0.967289,-0.009274,-0.692082,-0.160185,0.020315,0.703527,0.003203,0.001220,0.001269,0.001011,0.013225,-0.001599,-0.197270,0.980305,0.009274,0.000000,0.000000,0.000000,-1,-0.196701,0.992569,0.009705,0.004197,-0.099651,0.005722,127.725189,268.390991,-776.728027,0,0
2.960000,-1.617106,-1.372286,-1.359798,0.947896,0.250370,0.196998,0.192835,0.041303,-0.980361,-0.253590,0.967269,-0.009129,-0.692048,-0.160106,0.020444,0.703575,0.001075,-0.001962,0.001308,0.000678,0.012742,0.000789,-0.196998,0.980361,0.009129,0.000000,0.000000,0.000000,-1,-0.198029,0.990829,0.009064,0.004196,-0.101772,0.005732,128.075592,266.295532,-775.726074,0,0
3.000000,-1.616233,-1.372424,-1.358613,0.947847,0.250654,0.196871,0.192654,0.041503,-0.980389,-0.253909,0.967187,-0.008951,-0.691971,-0.160161,0.020607,0.703633,0.006376,-0.010448,-0.000839,-0.001372,0.010304,-0.001703,-0.196871,0.980389,0.008951,0.000000,0.000000,0.000000,-1,-0.200836,0.991028,0.009842,0.008435,-0.109196,0.003591,127.725189,270.137177,-775.392029,0,0
3.040000,-1.615992,-1.372402,-1.358152,0.947789,0.250858,0.196894,0.192656,0.041596,-0.980384,-0.254127,0.967130,-0.008905,-0.691935,-0.160244,0.020679,0.703648,0.005320,-0.008238,0.001287,-0.003942,0.010643,0.000937,-0.196894,0.980384,0.008905,0.000000,0.000000,0.000000,-1,-0.200409,0.991257,0.011703,0.007374,-0.106016,0.003588,128.075592,269.787964,-775.392029,0,0
3.080000,-1.615806,-1.372419,-1.357666,0.947717,0.251138,0.196879,0.192619,0.041686,-0.980388,-0.254420,0.967053,-0.008867,-0.691899,-0.160340,0.020791,0.703658,0.002132,-0.000819,0.000225,-0.001424,0.012090,0.000929,-0.196879,0.980388,0.008867,0.000000,0.000000,0.000000,-1,-0.201416,0.990494,0.008041,0.003129,-0.101773,0.004680,125.973129,266.994019,-776.394043,0,0
3.120000,-1.615214,-1.372361,-1.356881,0.947660,0.251307,0.196941,0.192642,0.041849,-0.980376,-0.254618,0.967002,-0.008753,-0.691839,-0.160424,0.020842,0.703697,0.002122,-0.008243,-0.000805,-0.004124,0.012910,-0.001963,-0.196941,0.980376,0.008753,0.000000,0.000000,0.000000,-1,-0.198059,0.989624,0.006241,0.004188,-0.107074,0.004692,127.374771,268.390991,-778.732056,0,0
3.160000,-1.614560,-1.372361,-1.356042,0.947615,0.251470,0.196947,0.192607,0.042011,-0.980376,-0.254809,0.966953,-0.008625,-0.691778,-0.160484,0.020911,0.703740,0.006373,-0.011424,-0.000837,-0.002073,0.012712,-0.002018,-0.196947,0.980376,0.008625,0.000000,0.000000,0.000000,-1,-0.197876,0.992493,0.006042,0.006308,-0.109196,0.003614,127.374771,268.740234,-776.394043,0,0
3.200000,-1.612322,-1.372410,-1.353143,0.947466,0.252055,0.196917,0.192437,0.042559,-0.980386,-0.255491,0.966777,-0.008182,-0.691572,-0.160682,0.021174,0.703890,0.009545,-0.013453,-0.002994,-0.001172,0.014319,0.001141,-0.196917,0.980386,0.008182,0.000000,0.000000,0.000000,-1,-0.198334,0.994720,0.009415,0.011622,-0.107077,0.002483,126.323532,268.041748,-775.726074,0,0
3.240000,-1.611023,-1.372343,-1.351408,0.947347,0.252441,0.196994,0.192428,0.042907,-0.980373,-0.255938,0.966661,-0.007929,-0.691442,-0.160848,0.021312,0.703975,0.008497,-0.009208,0.000190,-0.004483,0.012105,0.001669,-0.196994,0.980373,0.007929,0.000000,0.000000,0.000000,-1,-0.205597,0.996964,0.006699,0.009496,-0.112377,0.003594,126.673950,268.041748,-776.728027,0,0
3.280000,-1.609996,-1.372145,-1.350088,0.947239,0.252689,0.197196,0.192561,0.043204,-0.980334,-0.256239,0.966582,-0.007734,-0.691334,-0.161011,0.021351,0.704043,0.010615,-0.015571,-0.000870,-0.009408,0.017851,-0.001936,-0.197196,0.980334,0.007734,0.000000,0.000000,0.000000,-1,-0.202682,1.000595,0.006851,0.018007,-0.114494,0.005637,128.601212,267.517883,-776.227051,0,0
3.320000,-1.602515,-1.372134,-1.341976,0.947105,0.253142,0.197258,0.192214,0.044767,-0.980331,-0.256994,0.966393,-0.006259,-0.690760,-0.161183,0.021619,0.704559,0.031908,-0.009201,0.005248,-0.007087,0.024872,-0.007861,-0.197258,0.980332,0.006259,0.000000,0.000000,0.000000,-1,-0.205826,1.010803,0.000122,0.037172,-0.118722,0.013954,127.900391,268.565613,-776.895081,0,0
3.360000,-1.594353,-1.372374,-1.333103,0.947004,0.253670,0.197068,0.191389,0.046741,-0.980401,-0.257918,0.966157,-0.004287,-0.690030,-0.161251,0.022083,0.705244,0.034065,0.000456,0.014746,-0.011712,0.043708,0.000000,-0.196967,0.980401,0.004287,0.000000,0.000000,0.000000,-1,-0.216003,1.017715,0.018097,0.032955,-0.109169,0.021404,129.126831,268.390991,-777.730103,0,0
3.400000,-1.591638,-1.372481,-1.328990,0.946680,0.254946,0.196975,0.191286,0.047177,-0.980400,-0.259242,0.965804,-0.004106,-0.689857,-0.161712,0.022565,0.705293,0.033982,-0.096027,0.013052,-0.019501,0.034645,0.013503,-0.196975,0.980400,0.004106,0.000000,0.000000,0.000000,-1,-0.218369,1.018280,-0.020844,0.044434,-0.283076,-0.000276,126.673950,268.390991,-775.726074,0,0
3.440000,-1.582061,-1.371873,-1.313595,0.945109,0.260236,0.197601,0.191114,0.050268,-0.980280,-0.265037,0.964236,-0.002226,-0.688670,-0.163848,0.024480,0.705895,0.072252,-0.070593,0.005066,-0.006927,0.022833,-0.010847,-0.197601,0.980280,0.002226,0.000000,0.000000,0.000000,-1,-0.210663,0.997635,-0.009506,0.115945,-0.027532,0.021184,128.250809,268.565613,-776.227051,0,0
3.480000,-1.564311,-1.372237,-1.296945,0.945554,0.258878,0.197253,0.189906,0.053346,-0.980352,-0.264315,0.964436,0.001279,-0.687555,-0.163181,0.024384,0.707139,0.135104,0.072542,0.009046,-0.013410,0.017283,-0.008227,-0.197253,0.980352,-0.001279,0.000000,0.000000,0.000000,-1,-0.220795,0.979126,0.014755,0.166850,-0.061498,-0.005816,126.673950,267.692505,-776.060059,0,0
3.520000,-1.527730,-1.369220,-1.258695,0.944776,0.259589,0.200028,0.190542,0.061477,-0.979752,-0.266630,0.963760,0.008620,-0.684595,-0.164379,0.024322,0.709731,0.182547,-0.136384,-0.050119,-0.020339,-0.009537,0.021208,-0.200028,0.979752,-0.008620,0.000000,0.000000,0.000000,-1,-0.176041,0.975098,-0.012451,0.178237,-0.251340,-0.048697,126.673950,270.137177,-777.730103,0,0
3.560000,-1.507044,-1.367627,-1.232128,0.943088,0.264646,0.201365,0.190314,0.067036,-0.979432,-0.272702,0.962013,0.012855,-0.682495,-0.166653,0.026131,0.711157,0.094572,-0.110841,0.016684,0.031077,0.004882,-0.003319,-0.201365,0.979432,-0.012855,0.000000,0.000000,0.000000,-1,-0.175858,0.987259,-0.016098,0.032071,-0.179050,0.083425,127.549973,266.470154,-775.225037,0,0
3.600000,-1.502704,-1.370106,-1.225071,0.942868,0.267293,0.198884,0.187550,0.067554,-0.979929,-0.275364,0.961244,0.013564,-0.682230,-0.166675,0.028026,0.711334,0.002438,-0.079961,0.106915,0.030366,0.001760,-0.004472,-0.198884,0.979929,-0.013564,0.000000,0.000000,0.000000,-1,-0.136017,0.987076,0.012878,-0.081261,-0.093030,0.180020,129.302032,268.914856,-776.895081,0,0
3.640000,-1.518142,-1.379600,-1.240425,0.944471,0.268258,0.189771,0.179757,0.061646,-0.981778,-0.275068,0.961373,0.010002,-0.684256,-0.163687,0.031164,0.709950,-0.086435,0.080253,0.190148,0.041058,0.005268,0.021034,-0.189771,0.981777,-0.010002,0.000000,0.000000,0.000000,-1,-0.221222,1.006363,-0.033386,-0.025878,-0.045295,0.196214,128.426010,268.390991,-777.730103,0,0
3.680000,-1.515200,-1.387256,-1.241105,0.946803,0.265246,0.182230,0.172682,0.059088,-0.983204,-0.271559,0.962368,0.010142,-0.685123,-0.159799,0.032596,0.709935,0.057219,0.157751,0.211606,-0.053350,0.021343,-0.031072,-0.182230,0.983204,-0.010142,0.000000,0.000000,0.000000,-1,-0.230728,1.018158,-0.052109,0.207162,0.121192,0.216296,129.302032,269.613342,-777.563110,0,0
3.720000,-1.420725,-1.396928,-1.158893,0.952257,0.252882,0.171049,0.158524,0.069259,-0.984923,-0.260916,0.965015,0.025864,-0.681384,-0.150945,0.032972,0.715433,0.465813,0.383645,0.253950,-0.044619,0.072175,-0.029586,-0.171049,0.984923,-0.025864,0.000000,0.000000,0.000000,-1,-0.207626,1.048706,-0.058914,0.560524,0.293054,0.283958,129.652451,269.264099,-776.561035,0,0
3.760000,-1.293986,-1.401755,-1.040781,0.956285,0.243577,0.161833,0.145155,0.085052,-0.985747,-0.253869,0.966145,0.045977,-0.675510,-0.143866,0.034062,0.722377,0.730745,0.261842,0.332422,-0.047503,0.046724,-0.033994,-0.161832,0.985747,-0.045977,0.000000,0.000000,0.000000,-1,-0.174866,0.967087,-0.091736,0.923130,0.072629,0.345843,128.601212,268.216370,-776.561035,0,0
3.800000,-1.058657,-1.400479,-0.808903,0.959848,0.238459,0.147749,0.122635,0.117001,-0.985531,-0.252296,0.964079,0.083060,-0.663285,-0.136101,0.039405,0.734831,0.991229,0.125123,0.362080,-0.002108,-0.040249,-0.017633,-0.147749,0.985531,-0.083060,0.000000,0.000000,0.000000,-1,-0.077164,0.889435,-0.118774,0.781989,-0.154084,0.462240,129.477249,266.644775,-777.730103,0,0
3.840000,-0.825354,-1.404446,-0.570102,0.962125,0.243950,0.121669,0.089369,0.139396,-0.986196,-0.257542,0.959717,0.112315,-0.653914,-0.127432,0.051946,0.743948,0.082365,-0.054514,0.728179,0.208751,-0.174367,0.051219,-0.121669,0.986196,-0.112315,0.000000,0.000000,0.000000,-1,0.086319,0.805908,-0.004868,-0.170387,-0.137684,0.803479,128.426010,268.740234,-777.396057,0,0
3.880000,-0.762448,-1.428639,-0.504343,0.963509,0.249149,0.097857,0.068464,0.124039,-0.989913,-0.258774,0.960489,0.102454,-0.658979,-0.120494,0.061048,0.739933,-0.565878,-0.122240,0.820727,0.129366,-0.161513,0.088386,-0.097857,0.989913,-0.102455,0.000000,0.000000,0.000000,-1,-0.117386,1.040573,-0.077332,-0.698287,-0.261924,0.679021,129.302032,268.565613,-776.895081,0,0
3.920000,-0.757124,-1.457755,-0.494138,0.963539,0.256105,0.077476,0.053499,0.099308,-0.993618,-0.262165,0.961534,0.081986,-0.667504,-0.115956,0.069171,0.732262,-0.663431,-0.150121,0.612376,-0.039910,0.046956,0.004654,-0.077476,0.993618,-0.081986,0.000000,0.000000,0.000000,-1,-0.210587,1.177811,-0.118225,-0.559896,-0.432917,0.478288,130.878891,269.089478,-776.728027,0,0
3.960000,-0.840117,-1.489014,-0.560327,0.959791,0.274045,0.060838,0.043416,0.069199,-0.996658,-0.277339,0.959224,0.054519,-0.677509,-0.117143,0.079889,0.721718,-0.141713,-0.180762,-0.028276,-0.281463,0.099671,-0.013962,-0.060838,0.996658,-0.054519,0.000000,0.000000,0.000000,-1,-0.374619,0.917526,-0.173599,-0.050674,-0.244056,-0.137687,129.126831,269.089478,-776.060059,0,0
4.000000,-0.901228,-1.485309,-0.619132,0.958812,0.276037,0.066948,0.049550,0.069535,-0.996348,-0.279685,0.958628,0.052993,-0.677548,-0.120135,0.078495,0.721342,-0.043691,0.009754,-0.287646,-0.254616,-0.138453,-0.137864,-0.066948,0.996348,-0.052993,0.000000,0.000000,0.000000,-1,-0.131622,0.897522,-0.087753,-0.089435,-0.049233,-0.307270,130.002869,268.216370,-775.893066,0,0
4.040000,-1.034947,-1.481557,-0.753166,0.958221,0.275571,0.076630,0.060955,0.065016,-0.996021,-0.279457,0.959080,0.045503,-0.679651,-0.123786,0.074607,0.719156,-0.343972,-0.108720,-0.104034,0.062302,-0.011905,-0.017043,-0.076630,0.996021,-0.045503,0.000000,0.000000,0.000000,-1,0.160233,1.116257,-0.002945,-0.463216,-0.298764,0.148992,129.827652,268.740234,-776.394043,0,0
4.080000,-1.265315,-1.500720,-0.965538,0.953477,0.293976,0.066778,0.057581,0.039839,-0.997546,-0.295914,0.954982,0.021058,-0.687855,-0.127773,0.083279,0.709643,-0.484040,-0.793935,0.392040,0.154272,0.054838,-0.026793,-0.066778,0.997546,-0.021058,0.000000,0.000000,0.000000,-1,0.027466,1.010239,-0.085724,-0.494796,-1.069174,0.391090,129.827652,268.740234,-775.058044,0,0
4.120000,-1.488683,-1.514079,-1.159278,0.944766,0.322839,0.056496,0.051955,0.022675,-0.998392,-0.323601,0.946182,0.004650,-0.692359,-0.135332,0.096447,0.702156,-0.452664,-1.014598,0.299083,0.057686,-0.002222,-0.069890,-0.056496,0.998392,-0.004650,0.000000,0.000000,0.000000,-1,-0.084198,0.992935,-0.034332,-0.430418,-1.039687,0.258346,131.054092,268.914856,-774.891052,0,0
4.160000,-1.878017,-1.519843,-1.519064,0.935030,0.351230,0.048546,0.050863,0.002634,-0.998702,-0.350902,0.936285,-0.015402,-0.697818,-0.144054,0.108322,0.693228,-0.460486,-0.480569,0.088271,-0.054771,0.006562,-0.043783,-0.048546,0.998702,0.015402,0.000000,0.000000,0.000000,-1,-0.153244,1.017975,-0.026520,-0.359637,-0.247072,-0.024705,128.951630,269.264099,-774.557007,0,0
4.200000,-2.210161,-1.510673,-1.850415,0.934592,0.352437,0.048219,0.057754,-0.016584,-0.998193,-0.351001,0.935688,-0.035853,-0.704810,-0.145497,0.107399,0.685958,-0.480248,0.391890,0.026046,0.025361,0.005179,-0.081843,-0.048219,0.998193,0.035853,0.000000,0.000000,0.000000,-1,0.025375,1.006836,-0.016937,-0.488555,0.454885,0.041626,130.178070,269.787964,-773.722046,0,0
4.240000,-2.423419,-1.498946,-2.085730,0.942045,0.332143,0.047238,0.062479,-0.035354,-0.997420,-0.329616,0.942566,-0.054057,-0.712646,-0.138436,0.099060,0.680557,-0.462008,0.501124,0.047691,0.062039,-0.043562,-0.029064,-0.047238,0.997420,0.054057,0.000000,0.000000,0.000000,-1,0.026871,0.953232,0.030548,-0.403896,0.359339,-0.043974,130.353271,269.264099,-774.223022,0,0
4.280000,-2.499467,-1.488795,-2.175809,0.946423,0.319181,0.049056,0.067370,-0.046588,-0.996640,-0.315823,0.946548,-0.065595,-0.717392,-0.134707,0.092964,0.677171,-0.363687,0.454268,-0.090401,0.076583,-0.001980,-0.023374,-0.049056,0.996640,0.065595,0.000000,0.000000,0.000000,-1,0.018143,1.024170,0.029938,-0.315839,0.300972,-0.081911,129.827652,268.740234,-773.722046,0,0
