0.000000,0.836426,0.112742,-0.021424,0.671755,0.069131,-0.737541,0.021286,0.993423,0.112503,0.740468,-0.091274,0.665865,0.055826,0.404908,0.013107,0.912557,-0.027729,-0.009208,-0.011533,0.000802,-0.003555,-0.002119,0.737541,-0.112503,-0.665865,0.000000,0.000000,0.000000,-1,0.737106,-0.123978,-0.669052,-0.050128,-0.006589,-0.026220,63.285126,223.607391,-586.224060,0,0
0.040000,0.835675,0.112143,-0.021013,0.672273,0.068897,-0.737090,0.020880,0.993499,0.111908,0.740009,-0.090623,0.666464,0.055475,0.404587,0.013152,0.912721,-0.027741,-0.015641,-0.018935,-0.000259,-0.012909,-0.002985,0.737090,-0.111908,-0.666464,0.000000,0.000000,0.000000,-1,0.732422,-0.119217,-0.676041,-0.051217,-0.006677,-0.035799,63.460907,225.892685,-586.391663,0,0
0.080000,0.834256,0.111182,-0.020977,0.673305,0.068086,-0.736223,0.020846,0.993607,0.110954,0.739071,-0.090053,0.667582,0.055038,0.403955,0.012935,0.913030,-0.021388,-0.019036,-0.037052,-0.006380,-0.000405,-0.008429,0.736223,-0.110954,-0.667582,0.000000,0.000000,0.000000,-1,0.733566,-0.107208,-0.677536,-0.047014,-0.013171,-0.050722,62.581955,225.013733,-586.894409,0,0
0.120000,0.833110,0.109105,-0.021188,0.674421,0.066278,-0.735366,0.021060,0.993831,0.108888,0.738047,-0.088924,0.668864,0.054142,0.403282,0.012376,0.913389,-0.024597,-0.028486,-0.026356,0.001160,0.006731,-0.008824,0.735366,-0.108888,-0.668864,0.000000,0.000000,0.000000,-1,0.743073,-0.092484,-0.686493,-0.049125,-0.027762,-0.025083,63.109329,224.486343,-586.391663,0,0
0.160000,0.830812,0.106703,-0.020654,0.675757,0.064707,-0.734279,0.020535,0.994101,0.106501,0.736838,-0.087047,0.670442,0.052950,0.402462,0.012084,0.913824,-0.043744,-0.027265,-0.007069,0.000386,0.020380,-0.012770,0.734279,-0.106501,-0.670442,0.000000,0.000000,0.000000,-1,0.724930,-0.075256,-0.682968,-0.090563,-0.009628,-0.012045,62.230362,225.013733,-586.224060,0,0
0.200000,0.829179,0.103619,-0.018672,0.676788,0.063644,-0.733422,0.018571,0.994463,0.103433,0.735944,-0.083623,0.671859,0.051152,0.401814,0.012326,0.914209,-0.101251,-0.033447,0.013598,-0.012749,0.039484,-0.013581,0.733422,-0.103433,-0.671859,0.000000,0.000000,0.000000,-1,0.724274,-0.066971,-0.686234,-0.135300,-0.034819,0.011833,63.285126,225.365311,-585.553711,0,0
0.240000,0.825655,0.099256,-0.013992,0.679028,0.063338,-0.731375,0.013922,0.994981,0.099093,0.733980,-0.077469,0.674738,0.048242,0.400379,0.013502,0.914979,-0.138514,-0.045814,0.054357,-0.004766,0.014452,-0.008108,0.731375,-0.099093,-0.674738,0.000000,0.000000,0.000000,-1,0.728104,-0.063858,-0.667236,-0.192726,-0.034549,0.039976,62.933533,225.716888,-586.894409,0,0
0.280000,0.824029,0.089850,0.001057,0.679200,0.066569,-0.730928,-0.001053,0.995966,0.089729,0.733953,-0.060175,0.676530,0.040940,0.400074,0.018468,0.915382,-0.397812,0.037091,0.193380,-0.003298,0.057793,0.018449,0.730928,-0.089729,-0.676530,0.000000,0.000000,0.000000,-1,0.719070,-0.029114,-0.673477,-0.435946,0.028489,0.208881,61.527206,226.771652,-585.888855,0,0
0.320000,0.823443,0.087632,0.010141,0.679014,0.071085,-0.730676,-0.010102,0.996112,0.087520,0.734056,-0.052046,0.677092,0.038114,0.400002,0.022171,0.915453,-0.401038,-0.014342,0.243668,-0.021112,0.048580,-0.009737,0.730676,-0.087520,-0.677092,0.000000,0.000000,0.000000,-1,0.723984,-0.075775,-0.701569,-0.425384,-0.038855,0.256991,63.285126,226.068481,-587.564758,0,0
0.360000,0.819265,0.084506,0.030674,0.680546,0.082581,-0.728037,-0.030559,0.995963,0.084406,0.732068,-0.035194,0.680322,0.032639,0.398464,0.030876,0.916083,-0.431691,-0.006169,0.329092,0.011053,-0.006491,-0.026114,0.728037,-0.084406,-0.680322,0.000000,0.000000,0.000000,-1,0.753525,-0.140289,-0.680328,-0.382563,0.024831,0.272400,61.702988,225.189514,-588.402710,0,0
0.400000,0.819122,0.082824,0.049898,0.678998,0.094422,-0.728043,-0.049706,0.995332,0.082729,0.732455,-0.019985,0.680522,0.028039,0.398689,0.039344,0.915813,-0.150958,0.052141,0.111502,0.031265,-0.090794,0.015559,0.728043,-0.082729,-0.680522,0.000000,0.000000,0.000000,-1,0.745468,-0.194931,-0.661255,-0.098825,0.033213,0.038993,60.999817,224.837936,-587.062012,0,0
0.440000,0.819021,0.082516,0.050735,0.679004,0.094764,-0.727992,-0.050541,0.995315,0.082423,0.732393,-0.019172,0.680613,0.027733,0.398653,0.039665,0.915824,0.047448,-0.045798,-0.052664,0.008458,-0.128942,0.025080,0.727992,-0.082423,-0.680613,0.000000,0.000000,0.000000,-1,0.737656,-0.214233,-0.659180,0.054883,-0.066735,-0.114165,62.757751,224.837936,-587.062012,0,0
0.480000,0.815305,0.080729,0.043448,0.682450,0.088427,-0.725564,-0.043293,0.995803,0.080641,0.729649,-0.023622,0.683413,0.028433,0.396844,0.035921,0.916742,0.136137,-0.153320,-0.224466,0.018516,-0.109377,0.004107,0.725564,-0.080641,-0.683413,0.000000,0.000000,0.000000,-1,0.754654,-0.122070,-0.679138,0.146865,-0.163421,-0.259400,63.109329,225.892685,-587.732361,0,0
0.520000,0.808663,0.079126,0.026454,0.688712,0.075421,-0.721101,-0.026369,0.996522,0.079043,0.724555,-0.035424,0.688306,0.031161,0.393543,0.027710,0.918360,0.255417,-0.124960,-0.247869,0.042082,-0.025129,0.013272,0.721101,-0.079043,-0.688306,0.000000,0.000000,0.000000,-1,0.755676,-0.093674,-0.679077,0.214231,-0.083825,-0.241045,62.406158,225.892685,-587.062012,0,0
0.560000,0.807258,0.078806,0.017271,0.690397,0.068804,-0.720152,-0.017217,0.996748,0.078725,0.723226,-0.041953,0.689336,0.032837,0.392752,0.023407,0.918760,0.172743,-0.040814,-0.198539,0.029238,-0.012325,0.007268,0.720152,-0.078725,-0.689336,0.000000,0.000000,0.000000,-1,0.728424,-0.071030,-0.685471,0.120837,-0.021938,-0.193678,62.581955,225.716888,-586.559204,0,0
0.600000,0.806522,0.077627,0.009096,0.691476,0.062274,-0.719711,-0.009068,0.996947,0.077550,0.722343,-0.047097,0.689929,0.033908,0.392282,0.019407,0.919015,0.116459,-0.044445,-0.134169,0.001954,0.019841,-0.007931,0.719711,-0.077550,-0.689929,0.000000,0.000000,0.000000,-1,0.718933,-0.035629,-0.730148,0.115675,-0.032858,-0.114763,62.757751,225.892685,-587.397156,0,0
0.640000,0.806687,0.078890,-0.002143,0.692014,0.055416,-0.719754,0.002136,0.996888,0.078808,0.721881,-0.056074,0.689742,0.036691,0.392151,0.014493,0.919054,0.178446,0.038093,-0.141352,-0.011242,0.026776,-0.030244,0.719754,-0.078808,-0.689742,0.000000,0.000000,0.000000,-1,0.701431,-0.063736,-0.710480,0.171129,0.040766,-0.169801,61.702988,226.947433,-587.397156,0,0
0.680000,0.807700,0.079306,-0.007310,0.691563,0.052201,-0.720428,0.007287,0.996830,0.079223,0.722280,-0.060037,0.688990,0.037889,0.392517,0.012220,0.918883,0.212382,0.021872,-0.176710,-0.017333,0.004760,-0.014867,0.720428,-0.079223,-0.688990,0.000000,0.000000,0.000000,-1,0.708588,-0.072372,-0.697876,0.185838,0.008613,-0.210277,61.702988,226.595856,-587.397156,0,0
0.720000,0.807724,0.078847,-0.018640,0.692086,0.044033,-0.720471,0.018581,0.996720,0.078765,0.721576,-0.067899,0.688998,0.039900,0.392313,0.006924,0.918940,0.168475,-0.046079,-0.195290,-0.011120,0.013290,-0.007276,0.720471,-0.078765,-0.688998,0.000000,0.000000,0.000000,-1,0.715698,-0.041199,-0.702240,0.091076,-0.045827,-0.143288,62.230362,226.068481,-588.235107,0,0
0.760000,0.806215,0.075654,-0.025557,0.693403,0.036838,-0.719608,0.025481,0.996814,0.075582,0.720100,-0.070745,0.690255,0.039793,0.391522,0.003088,0.919303,0.016729,0.012620,-0.034600,0.005306,0.036611,-0.011009,0.719608,-0.075582,-0.690255,0.000000,0.000000,0.000000,-1,0.732819,-0.058716,-0.701065,-0.024429,0.034790,-0.018051,62.230362,226.771652,-586.894409,0,0
0.800000,0.807299,0.074124,-0.025406,0.692588,0.035917,-0.720439,0.025334,0.996932,0.074056,0.720888,-0.069542,0.689553,0.039059,0.392043,0.002879,0.919113,-0.009705,0.042791,0.019779,0.015874,0.008459,-0.008094,0.720439,-0.074056,-0.689553,0.000000,0.000000,0.000000,-1,0.730118,-0.071487,-0.692841,-0.039195,0.058351,0.009673,62.054581,226.595856,-587.397156,0,0
0.840000,0.809625,0.073427,-0.024516,0.690865,0.036190,-0.722078,0.024448,0.997006,0.073361,0.722571,-0.068335,0.687911,0.038560,0.393138,0.003196,0.918665,-0.017197,0.046916,0.005953,0.008391,0.007763,-0.005418,0.722078,-0.073361,-0.687911,0.000000,0.000000,0.000000,-1,0.733459,-0.075745,-0.689651,-0.036072,0.049710,-0.008429,62.406158,225.189514,-587.397156,0,0
0.880000,0.813631,0.073621,-0.023689,0.687938,0.037173,-0.724817,0.023623,0.997011,0.073555,0.725385,-0.067723,0.685004,0.038480,0.394990,0.003691,0.917872,-0.012865,0.064932,0.004808,0.004446,-0.017632,0.003058,0.724817,-0.073555,-0.685004,0.000000,0.000000,0.000000,-1,0.727402,-0.094849,-0.678268,-0.027502,0.067703,-0.009628,62.757751,224.486343,-588.402710,0,0
0.920000,0.815749,0.075311,-0.023843,0.686435,0.038438,-0.726175,0.023773,0.996882,0.075240,0.726803,-0.068911,0.683381,0.039281,0.395938,0.003996,0.917428,0.015839,0.042624,-0.003808,0.005820,-0.025102,0.003678,0.726175,-0.075240,-0.683381,0.000000,0.000000,0.000000,-1,0.734711,-0.103119,-0.677841,-0.002013,0.050701,-0.015089,63.109329,226.244263,-587.732361,0,0
0.960000,0.818285,0.078436,-0.024924,0.684688,0.040147,-0.727730,0.024844,0.996616,0.078356,0.728413,-0.071729,0.681373,0.040923,0.397038,0.004173,0.916880,0.037182,0.040481,-0.009222,0.007560,-0.030821,0.004051,0.727730,-0.078356,-0.681373,0.000000,0.000000,0.000000,-1,0.738632,-0.110504,-0.678146,0.022424,0.043173,-0.026969,63.812500,226.244263,-587.062012,0,0
1.000000,0.820666,0.082152,-0.027259,0.683117,0.041431,-0.729133,0.027164,0.996257,0.082059,0.729804,-0.075862,0.679435,0.043084,0.398028,0.003893,0.916353,0.052069,0.020248,-0.023030,0.003991,-0.018420,-0.002481,0.729133,-0.082059,-0.679435,0.000000,0.000000,0.000000,-1,0.733963,-0.091293,-0.683624,0.034068,0.025115,-0.032318,63.109329,224.837936,-587.062012,0,0
1.040000,0.821235,0.083201,-0.028997,0.682795,0.041053,-0.729456,0.028892,0.996122,0.083105,0.730039,-0.077819,0.678961,0.043909,0.398236,0.003318,0.916226,0.062734,0.020282,-0.018844,0.003119,-0.002024,-0.008158,0.729456,-0.083105,-0.678961,0.000000,0.000000,0.000000,-1,0.732910,-0.079300,-0.688965,0.040474,0.028321,-0.029184,62.406158,225.892685,-587.397156,0,0
1.080000,0.821828,0.084312,-0.031392,0.682484,0.040275,-0.729790,0.031276,0.995957,0.084212,0.730231,-0.080298,0.678465,0.044895,0.398437,0.002456,0.916093,0.068049,0.019205,-0.018885,0.001808,0.001021,-0.008486,0.729790,-0.084212,-0.678465,0.000000,0.000000,0.000000,-1,0.730377,-0.084274,-0.683533,0.043654,0.020935,-0.025985,62.757751,226.244263,-587.397156,0,0
1.120000,0.822518,0.085935,-0.034195,0.682131,0.039603,-0.730157,0.034062,0.995727,0.085829,0.730437,-0.083418,0.677867,0.046195,0.398663,0.001512,0.915932,0.055297,0.020353,-0.008140,0.003119,0.000899,-0.007497,0.730157,-0.085829,-0.677867,0.000000,0.000000,0.000000,-1,0.731018,-0.086563,-0.685074,0.024548,0.033729,-0.017362,63.636703,225.365311,-586.894409,0,0
1.160000,0.823202,0.086628,-0.035249,0.681690,0.039448,-0.730577,0.035109,0.995631,0.086520,0.730798,-0.084630,0.677327,0.046722,0.398940,0.001184,0.915785,0.035146,0.027824,-0.003703,-0.001420,0.001971,-0.003657,0.730576,-0.086520,-0.677327,0.000000,0.000000,0.000000,-1,0.728897,-0.082733,-0.680695,0.003258,0.031655,-0.012928,62.581955,225.716888,-586.224060,0,0
1.200000,0.823647,0.086857,-0.035684,0.681388,0.039356,-0.730863,0.035542,0.995596,0.086748,0.731059,-0.085085,0.676989,0.046914,0.399130,0.001041,0.915693,0.013837,0.016273,0.007153,0.000155,0.006624,-0.005568,0.730863,-0.086748,-0.676989,0.000000,0.000000,0.000000,-1,0.738632,-0.084824,-0.679688,-0.023323,0.030750,0.003262,63.285126,225.716888,-586.559204,0,0
1.240000,0.824740,0.087117,-0.035263,0.680578,0.039926,-0.731587,0.035122,0.995588,0.087007,0.731833,-0.084910,0.676174,0.046948,0.399636,0.001312,0.915470,-0.007372,0.031279,0.025367,0.009472,-0.001281,-0.002583,0.731587,-0.087007,-0.676174,0.000000,0.000000,0.000000,-1,0.740631,-0.090195,-0.680405,-0.036035,0.039375,0.019308,62.933533,224.310562,-587.564758,0,0
1.280000,0.826512,0.088021,-0.033789,0.679243,0.041739,-0.732726,0.033652,0.995560,0.087907,0.733142,-0.084368,0.674823,0.047065,0.400467,0.002209,0.915099,-0.014786,0.038749,0.030726,0.009828,-0.002791,-0.005872,0.732726,-0.087907,-0.674823,0.000000,0.000000,0.000000,-1,0.739563,-0.090149,-0.679398,-0.039197,0.049967,0.019292,63.285126,225.365311,-586.559204,0,0
1.320000,0.827804,0.088491,-0.032853,0.678267,0.042828,-0.733566,0.032719,0.995550,0.088376,0.734087,-0.083944,0.673847,0.047090,0.401072,0.002763,0.914831,-0.010499,0.045134,0.033865,0.006638,-0.000492,-0.002468,0.733566,-0.088376,-0.673847,0.000000,0.000000,0.000000,-1,0.744797,-0.089951,-0.676620,-0.032786,0.052143,0.025627,62.933533,225.716888,-586.224060,0,0
1.360000,0.830314,0.089721,-0.031337,0.676385,0.044968,-0.735174,0.031206,0.995489,0.089601,0.735887,-0.083546,0.671931,0.047344,0.402235,0.003763,0.914304,-0.009416,0.047292,0.037048,0.010096,-0.005431,-0.003484,0.735174,-0.089601,-0.671931,0.000000,0.000000,0.000000,-1,0.742004,-0.096436,-0.673309,-0.032767,0.058497,0.025603,63.988281,225.716888,-587.229614,0,0
1.400000,0.832578,0.090840,-0.030195,0.674690,0.046752,-0.736619,0.030065,0.995423,0.090715,0.737489,-0.083351,0.670196,0.047620,0.403279,0.004565,0.913826,-0.008350,0.051466,0.029574,0.004347,-0.004240,0.000106,0.736619,-0.090715,-0.670196,0.000000,0.000000,0.000000,-1,0.736984,-0.097717,-0.673447,-0.029601,0.056299,0.017064,63.285126,225.365311,-585.553711,0,0
1.440000,0.833830,0.091668,-0.029579,0.673755,0.047881,-0.737402,0.029451,0.995366,0.091540,0.738367,-0.083392,0.669223,0.047871,0.403853,0.005044,0.913557,-0.000936,0.041872,0.023167,0.000498,-0.007200,-0.003949,0.737402,-0.091540,-0.669223,0.000000,0.000000,0.000000,-1,0.740112,-0.097961,-0.672424,-0.019029,0.043449,0.002115,63.988281,224.662140,-586.894409,0,0
1.480000,0.835384,0.092677,-0.029434,0.672622,0.048853,-0.738372,0.029304,0.995277,0.092544,0.739406,-0.083885,0.668014,0.048298,0.404550,0.005352,0.913224,0.003223,0.026804,-0.002366,-0.003204,-0.005035,0.002517,0.738372,-0.092544,-0.668014,0.000000,0.000000,0.000000,-1,0.738968,-0.097000,-0.668564,-0.015901,0.032729,-0.011718,63.285126,225.013733,-586.894409,0,0
1.520000,0.836111,0.093033,-0.029667,0.672103,0.049020,-0.738833,0.029535,0.995237,0.092899,0.739868,-0.084259,0.667455,0.048506,0.404870,0.005335,0.913071,0.007465,0.020438,-0.003436,0.003034,-0.004787,-0.006267,0.738833,-0.092899,-0.667455,0.000000,0.000000,0.000000,-1,0.737595,-0.097031,-0.675110,-0.016990,0.026355,-0.013816,63.636703,225.013733,-586.559204,0,0
1.560000,0.836371,0.093520,-0.029712,0.671924,0.049371,-0.738973,0.029578,0.995191,0.093384,0.740029,-0.084604,0.667232,0.048737,0.404980,0.005420,0.913010,0.005319,0.002553,0.010502,-0.002843,-0.002212,-0.003681,0.738973,-0.093384,-0.667232,0.000000,0.000000,0.000000,-1,0.739319,-0.095428,-0.667679,-0.020208,0.006370,0.001198,61.175613,226.068481,-587.564758,0,0
1.600000,0.836135,0.094353,-0.029847,0.672123,0.049876,-0.738757,0.029709,0.995109,0.094213,0.739843,-0.085271,0.667354,0.049144,0.404855,0.005522,0.913042,0.015933,-0.002827,0.001922,0.008954,-0.005458,-0.006703,0.738757,-0.094213,-0.667354,0.000000,0.000000,0.000000,-1,0.748108,-0.099228,-0.669632,-0.008535,0.007268,-0.015941,63.109329,225.541107,-585.721313,0,0
1.640000,0.836373,0.094859,-0.030339,0.671983,0.049939,-0.738881,0.030198,0.995046,0.094716,0.739950,-0.085961,0.667146,0.049474,0.404943,0.005405,0.912986,0.009535,-0.004966,-0.001212,0.006252,-0.000605,-0.001021,0.738881,-0.094716,-0.667146,0.000000,0.000000,0.000000,-1,0.746613,-0.095291,-0.669083,-0.015977,0.004172,-0.007349,63.988281,225.365311,-587.229614,0,0
1.680000,0.836464,0.095134,-0.030353,0.671923,0.050141,-0.738922,0.030211,0.995020,0.094991,0.740005,-0.086150,0.667061,0.049603,0.404980,0.005457,0.912963,0.004265,0.001523,0.012653,0.005234,-0.001613,-0.002723,0.738922,-0.094991,-0.667061,0.000000,0.000000,0.000000,-1,0.745377,-0.098358,-0.670242,-0.023378,0.011696,0.004399,63.460907,224.837936,-586.726807,0,0
1.720000,0.836800,0.096214,-0.029792,0.671670,0.051344,-0.739069,0.029650,0.994933,0.096066,0.740257,-0.086438,0.666744,0.049981,0.405129,0.005941,0.912873,0.005338,0.003621,0.010514,0.001226,-0.006840,-0.002796,0.739069,-0.096066,-0.666744,0.000000,0.000000,0.000000,-1,0.742493,-0.103043,-0.668518,-0.013821,0.008457,-0.002055,63.109329,226.947433,-585.721313,0,0
1.760000,0.836945,0.096888,-0.029891,0.671582,0.051788,-0.739118,0.029747,0.994865,0.096736,0.740332,-0.086953,0.666594,0.050308,0.405182,0.006037,0.912831,0.015987,0.004661,0.008301,0.010501,-0.002079,-0.005114,0.739118,-0.096736,-0.666594,0.000000,0.000000,0.000000,-1,0.751663,-0.102066,-0.668121,-0.006342,0.017977,-0.003214,63.988281,225.365311,-586.894409,0,0
1.800000,0.837948,0.097849,-0.030116,0.670873,0.052436,-0.739717,0.029967,0.994765,0.097693,0.740967,-0.087707,0.665789,0.050788,0.405618,0.006155,0.912610,0.009658,0.018491,0.013629,0.002730,-0.003778,0.000811,0.739717,-0.097693,-0.665789,0.000000,0.000000,0.000000,-1,0.744080,-0.105042,-0.664307,-0.022309,0.014853,0.002248,64.164078,225.541107,-586.726807,0,0
1.840000,0.838399,0.098921,-0.029780,0.670545,0.053493,-0.739938,0.029630,0.994670,0.098759,0.741277,-0.088147,0.665386,0.051207,0.405814,0.006538,0.912497,-0.001036,0.000486,0.012724,0.008490,-0.007686,-0.004124,0.739938,-0.098759,-0.665386,0.000000,0.000000,0.000000,-1,0.747452,-0.105789,-0.669952,-0.024448,0.012726,0.001207,63.988281,225.716888,-586.224060,0,0
1.880000,0.838529,0.099486,-0.029500,0.670445,0.054110,-0.739983,0.029350,0.994622,0.099322,0.741378,-0.088309,0.665251,0.051408,0.405871,0.006784,0.912458,0.001131,0.007938,0.016946,0.003165,-0.003659,-0.005510,0.739983,-0.099322,-0.665252,0.000000,0.000000,0.000000,-1,0.744049,-0.103714,-0.673569,-0.021217,0.017050,0.010754,63.812500,224.837936,-586.056458,0,0
1.920000,0.838670,0.100615,-0.029045,0.670340,0.055262,-0.739994,0.028894,0.994523,0.100445,0.741491,-0.088714,0.665072,0.051830,0.405928,0.007225,0.912405,0.009673,0.008011,0.025406,0.004834,-0.003910,-0.006422,0.739994,-0.100445,-0.665072,0.000000,0.000000,0.000000,-1,0.740860,-0.105469,-0.665695,-0.021232,0.013853,0.008635,62.581955,225.716888,-586.224060,0,0
1.960000,0.838684,0.101893,-0.028610,0.670333,0.056501,-0.739906,0.028457,0.994406,0.101716,0.741515,-0.089240,0.664975,0.052324,0.405924,0.007684,0.912375,0.001076,-0.008023,0.009563,-0.001091,-0.006774,0.000333,0.739906,-0.101716,-0.664975,0.000000,0.000000,0.000000,-1,0.742447,-0.109085,-0.665451,-0.023450,-0.003231,-0.006198,63.812500,225.189514,-585.721313,0,0
2.000000,0.838517,0.102510,-0.028564,0.670467,0.056973,-0.739748,0.028410,0.994345,0.102331,0.741395,-0.089626,0.665057,0.052597,0.405839,0.007826,0.912396,-0.003189,-0.003891,-0.002126,0.004240,-0.011195,-0.001157,0.739748,-0.102331,-0.665057,0.000000,0.000000,0.000000,-1,0.742920,-0.112915,-0.668259,-0.031961,0.009363,-0.018963,63.460907,223.431595,-586.726807,0,0
2.040000,0.838325,0.102513,-0.028435,0.670602,0.057045,-0.739620,0.028281,0.994348,0.102334,0.741278,-0.089543,0.665199,0.052573,0.405754,0.007881,0.912435,-0.014916,-0.006080,-0.009472,-0.003277,-0.007225,-0.004143,0.739620,-0.102334,-0.665199,0.000000,0.000000,0.000000,-1,0.735443,-0.108109,-0.671021,-0.033081,-0.010741,-0.016748,63.109329,225.541107,-585.050903,0,0
2.080000,0.837085,0.102363,-0.028357,0.671513,0.056875,-0.738807,0.028205,0.994366,0.102184,0.740456,-0.089456,0.666125,0.052493,0.405193,0.007853,0.912689,-0.004358,-0.030512,-0.013712,-0.001044,-0.005848,-0.006207,0.738807,-0.102184,-0.666125,0.000000,0.000000,0.000000,-1,0.736526,-0.107391,-0.670532,-0.026767,-0.026728,-0.027391,63.636703,225.365311,-585.888855,0,0
2.120000,0.835375,0.102175,-0.028712,0.672795,0.056345,-0.737680,0.028559,0.994375,0.101998,0.739278,-0.089691,0.667401,0.052486,0.404407,0.007608,0.913040,-0.001174,-0.035803,-0.012647,0.009680,-0.004310,-0.010181,0.737680,-0.101998,-0.667401,0.000000,0.000000,0.000000,-1,0.750870,-0.105652,-0.677551,-0.026722,-0.016087,-0.022104,62.054581,224.486343,-587.062012,0,0
2.160000,0.835056,0.102006,-0.028799,0.673031,0.056133,-0.737481,0.028645,0.994389,0.101829,0.739059,-0.089659,0.667647,0.052427,0.404262,0.007526,0.913108,-0.009567,0.001310,-0.008457,0.006339,-0.004739,-0.005464,0.737481,-0.101829,-0.667647,0.000000,0.000000,0.000000,-1,0.732071,-0.108994,-0.667603,-0.036280,-0.008661,-0.020993,61.702988,225.892685,-585.386108,0,0
2.200000,0.834163,0.101794,-0.028810,0.673688,0.055889,-0.736900,0.028657,0.994411,0.101618,0.738460,-0.089576,0.668321,0.052337,0.403857,0.007454,0.913293,-0.006514,-0.036941,-0.021114,-0.002403,-0.006856,0.002656,0.736900,-0.101618,-0.668321,0.000000,0.000000,0.000000,-1,0.735291,-0.106064,-0.674011,-0.034288,-0.034308,-0.045414,63.460907,225.892685,-586.391663,0,0
2.240000,0.831894,0.100286,-0.029556,0.675370,0.054073,-0.735494,0.029403,0.994541,0.100118,0.736893,-0.089242,0.670093,0.051807,0.402827,0.006749,0.913784,-0.015138,-0.032929,-0.039160,0.004450,0.002980,-0.008954,0.735494,-0.100118,-0.670093,0.000000,0.000000,0.000000,-1,0.743668,-0.096771,-0.680511,-0.037446,-0.019508,-0.048641,63.812500,227.299026,-587.397156,0,0
2.280000,0.831090,0.099123,-0.029911,0.675956,0.052908,-0.735040,0.029759,0.994646,0.098961,0.736341,-0.088768,0.670762,0.051350,0.402470,0.006332,0.913970,-0.011870,-0.019035,-0.025389,0.006994,-0.001213,-0.011000,0.735040,-0.098961,-0.670762,0.000000,0.000000,0.000000,-1,0.739426,-0.101212,-0.672867,-0.033096,-0.007652,-0.026348,62.054581,225.892685,-586.391663,0,0
2.320000,0.830043,0.098499,-0.030168,0.676726,0.052182,-0.734384,0.030017,0.994700,0.098339,0.735623,-0.088593,0.671573,0.051119,0.401996,0.006062,0.914193,-0.005489,-0.025372,-0.023277,0.002921,-0.012272,-0.003384,0.734384,-0.098339,-0.671573,0.000000,0.000000,0.000000,-1,0.739182,-0.110428,-0.681381,-0.031030,-0.017313,-0.040177,62.933533,224.662140,-587.899902,0,0
2.360000,0.829054,0.098229,-0.030720,0.677476,0.051522,-0.733739,0.030568,0.994710,0.098071,0.734910,-0.088869,0.672317,0.051110,0.401534,0.005729,0.914399,0.001926,-0.028684,-0.037164,0.000667,-0.009900,-0.010407,0.733739,-0.098071,-0.672317,0.000000,0.000000,0.000000,-1,0.732300,-0.092621,-0.681396,-0.015118,-0.029056,-0.049844,62.933533,225.365311,-586.559204,0,0
2.400000,0.827580,0.097518,-0.031785,0.678596,0.050148,-0.732798,0.031629,0.994746,0.097364,0.733831,-0.089248,0.673445,0.051003,0.400845,0.005061,0.914711,0.019892,-0.042609,-0.037253,0.002691,0.006848,-0.005434,0.732798,-0.097364,-0.673445,0.000000,0.000000,0.000000,-1,0.742737,-0.100433,-0.676956,-0.009763,-0.020565,-0.047787,63.109329,226.244263,-587.062012,0,0
2.440000,0.826799,0.096796,-0.033394,0.679231,0.048457,-0.732323,0.033232,0.994764,0.096645,0.733172,-0.089980,0.674064,0.050997,0.400459,0.004160,0.914885,0.005100,-0.013904,-0.026592,0.010627,-0.004964,-0.002602,0.732323,-0.096645,-0.674064,0.000000,0.000000,0.000000,-1,0.736206,-0.098343,-0.677979,-0.024599,-0.006684,-0.036005,62.054581,224.837936,-587.062012,0,0
2.480000,0.826305,0.096288,-0.033821,0.679601,0.047751,-0.732026,0.033657,0.994799,0.096140,0.732809,-0.089975,0.674459,0.050851,0.400231,0.003851,0.914994,-0.004482,-0.018089,-0.021175,0.000625,0.002359,-0.004862,0.732026,-0.096140,-0.674459,0.000000,0.000000,0.000000,-1,0.737427,-0.094742,-0.684189,-0.027794,-0.008782,-0.033842,64.691452,224.310562,-587.229614,0,0
2.520000,0.825390,0.095384,-0.034394,0.680276,0.046618,-0.731472,0.034231,0.994866,0.095240,0.732157,-0.089829,0.675187,0.050554,0.399813,0.003384,0.915195,0.003016,-0.008495,-0.013814,0.005054,-0.005316,-0.010512,0.731472,-0.095240,-0.675187,0.000000,0.000000,0.000000,-1,0.735977,-0.098282,-0.681671,-0.016032,-0.000223,-0.024377,63.812500,225.541107,-587.062012,0,0
2.560000,0.825028,0.095365,-0.034810,0.680559,0.046288,-0.731229,0.034645,0.994853,0.095221,0.731873,-0.090137,0.675453,0.050629,0.399638,0.003180,0.915268,0.011406,-0.012907,-0.012815,0.005679,0.000388,-0.009178,0.731229,-0.095221,-0.675453,0.000000,0.000000,0.000000,-1,0.734268,-0.092636,-0.676697,-0.016057,-0.012883,-0.019003,62.933533,225.013733,-587.564758,0,0
2.600000,0.824062,0.095255,-0.035049,0.681275,0.045958,-0.730584,0.034883,0.994855,0.095111,0.731196,-0.090282,0.676167,0.050628,0.399191,0.003024,0.915464,-0.009882,-0.025442,0.005507,0.007362,0.000231,-0.001690,0.730584,-0.095111,-0.676167,0.000000,0.000000,0.000000,-1,0.733719,-0.088058,-0.679764,-0.039476,-0.022281,-0.004937,62.757751,226.244263,-586.726807,0,0
2.640000,0.822682,0.094489,-0.034142,0.682222,0.045894,-0.729703,0.033983,0.994959,0.094348,0.730355,-0.089164,0.677223,0.050099,0.398596,0.003252,0.915752,-0.032250,-0.031733,0.012091,-0.000043,0.005328,-0.002845,0.729703,-0.094348,-0.677223,0.000000,0.000000,0.000000,-1,0.731247,-0.086151,-0.679428,-0.059722,-0.034907,0.003790,62.933533,225.365311,-585.888855,0,0
2.680000,0.821378,0.093745,-0.033070,0.683107,0.045967,-0.728870,0.032919,0.995065,0.093607,0.729576,-0.087938,0.678222,0.049547,0.398038,0.003561,0.916023,-0.032301,-0.050758,0.016419,0.005871,0.006861,-0.000534,0.728870,-0.093607,-0.678222,0.000000,0.000000,0.000000,-1,0.738464,-0.087021,-0.678543,-0.055503,-0.049716,0.005943,62.933533,226.771652,-587.564758,0,0
2.720000,0.818693,0.093026,-0.031162,0.684958,0.046516,-0.727096,0.031022,0.995193,0.092892,0.727922,-0.086183,0.680222,0.048844,0.396867,0.004226,0.916566,-0.035630,-0.067661,0.031386,0.013870,-0.000477,0.001236,0.727096,-0.092892,-0.680222,0.000000,0.000000,0.000000,-1,0.737061,-0.093002,-0.676758,-0.062964,-0.065454,0.022040,63.636703,225.365311,-585.553711,0,0
2.760000,0.816558,0.092948,-0.029576,0.686435,0.047364,-0.725647,0.029444,0.995248,0.092814,0.726595,-0.085077,0.681778,0.048499,0.395928,0.004886,0.916987,-0.049538,-0.094080,0.036920,0.009277,-0.003514,0.003708,0.725647,-0.092814,-0.681778,0.000000,0.000000,0.000000,-1,0.721161,-0.088104,-0.690903,-0.093920,-0.104486,0.038406,63.285126,226.771652,-585.888855,0,0
2.800000,0.807592,0.091669,-0.023137,0.692586,0.050140,-0.719590,0.023038,0.995535,0.091540,0.720967,-0.079977,0.688339,0.046671,0.391985,0.007375,0.918757,-0.120957,-0.163473,0.092059,-0.000734,0.014453,-0.018769,0.719590,-0.091540,-0.688339,0.000000,0.000000,0.000000,-1,0.721268,-0.072174,-0.711502,-0.158948,-0.167605,0.083891,63.460907,225.189514,-587.397156,0,0
2.840000,0.801026,0.089752,-0.018063,0.697020,0.051781,-0.715180,0.017990,0.995812,0.089632,0.716826,-0.075341,0.693169,0.044827,0.389109,0.009182,0.920055,-0.147669,-0.192062,0.093429,0.007965,0.017748,-0.018470,0.715180,-0.089632,-0.693169,0.000000,0.000000,0.000000,-1,0.716492,-0.087784,-0.668320,-0.163284,-0.178363,0.065854,62.054581,224.837936,-587.732361,0,0
2.880000,0.795475,0.088023,-0.013425,0.700725,0.053383,-0.711431,0.013372,0.996039,0.087909,0.713306,-0.071114,0.697235,0.043159,0.386678,0.010859,0.921140,-0.116886,-0.169127,0.069642,0.005060,0.000126,0.028916,0.711431,-0.087909,-0.697235,0.000000,0.000000,0.000000,-1,0.741791,-0.115555,-0.601868,-0.077997,-0.125614,0.044754,62.406158,225.892685,-586.726807,0,0
2.920000,0.794097,0.091135,-0.014414,0.701792,0.054801,-0.710271,0.014353,0.995747,0.091009,0.712237,-0.074064,0.698021,0.044791,0.385984,0.010975,0.921352,0.214411,-0.005208,-0.070962,0.080806,-0.053156,0.157371,0.710271,-0.091009,-0.698021,0.000000,0.000000,0.000000,-1,0.813507,-0.176956,-0.542847,0.241448,0.002171,-0.104151,61.878784,225.716888,-587.229614,0,0
2.960000,0.793436,0.094410,-0.021901,0.702704,0.051816,-0.709593,0.021801,0.995308,0.094270,0.711149,-0.081714,0.698277,0.047746,0.385463,0.008143,0.921451,0.217174,-0.126197,-0.097163,0.129533,-0.130843,0.091069,0.709593,-0.094270,-0.698277,0.000000,0.000000,0.000000,-1,0.827240,-0.163437,-0.763382,0.082155,-0.216982,-0.096768,62.406158,225.892685,-588.737915,0,0
3.000000,0.786740,0.093128,-0.023246,0.707497,0.049413,-0.704987,0.023143,0.995398,0.092993,0.706337,-0.082108,0.703097,0.047439,0.382362,0.007117,0.922767,-0.178932,-0.203695,-0.009640,0.084884,-0.007562,-0.103070,0.704987,-0.092993,-0.703097,0.000000,0.000000,0.000000,-1,0.617477,-0.010910,-0.729935,-0.468496,0.185191,0.202154,60.999817,224.837936,-587.732361,0,0
3.040000,0.792680,0.087651,-0.003323,0.702142,0.060015,-0.709503,0.003310,0.996156,0.087539,0.712029,-0.063813,0.699244,0.041056,0.385606,0.015382,0.921621,-0.580433,0.450055,0.474690,-0.108917,0.074553,-0.019597,0.709503,-0.087539,-0.699244,0.000000,0.000000,0.000000,-1,0.674286,-0.012650,-0.732193,-0.505799,0.365998,0.396720,61.527206,226.420059,-588.570312,0,0
3.080000,0.803024,0.084595,0.017554,0.693360,0.072972,-0.716887,-0.017490,0.996270,0.084495,0.720379,-0.046047,0.692050,0.035494,0.390788,0.024596,0.919467,-0.007190,-0.003377,-0.098003,0.012666,-0.028955,-0.029385,0.716887,-0.084495,-0.692050,0.000000,0.000000,0.000000,-1,0.628342,-0.142014,-0.727341,0.061028,-0.080205,-0.196192,62.230362,226.068481,-586.224060,0,0
3.120000,0.799558,0.083196,0.010946,0.696330,0.067213,-0.714568,-0.010908,0.996482,0.083100,0.717639,-0.050071,0.694613,0.036178,0.389082,0.021223,0.920248,0.186862,-0.200115,-0.179735,-0.110549,-0.048751,-0.050809,0.714568,-0.083100,-0.694613,0.000000,0.000000,0.000000,-1,0.640686,-0.080780,-0.794662,0.088552,-0.220092,-0.089349,60.824036,225.365311,-588.905457,0,0
3.160000,0.791199,0.084065,0.004004,0.702749,0.062530,-0.708685,-0.003990,0.996461,0.083966,0.711427,-0.056179,0.700511,0.038004,0.385098,0.018039,0.921917,0.084970,-0.173763,-0.081034,-0.030462,0.053219,-0.053151,0.708685,-0.083966,-0.700511,0.000000,0.000000,0.000000,-1,0.712936,-0.015976,-0.699265,0.072893,-0.072311,-0.144113,61.702988,224.837936,-589.073059,0,0
3.200000,0.785735,0.082556,-0.003133,0.707048,0.056114,-0.704936,0.003122,0.996589,0.082462,0.707159,-0.060506,0.704461,0.038722,0.382453,0.014352,0.923052,0.027370,-0.172860,-0.095473,0.003774,0.014027,0.016427,0.704936,-0.082462,-0.704461,0.000000,0.000000,0.000000,-1,0.722641,-0.107651,-0.688782,-0.037952,-0.162768,-0.077929,61.351410,225.892685,-587.397156,0,0
3.240000,0.781191,0.080803,-0.003628,0.710277,0.054258,-0.701828,0.003616,0.996731,0.080716,0.703913,-0.059868,0.707759,0.038039,0.380360,0.013703,0.923954,-0.051106,-0.119312,-0.033276,0.034347,-0.041034,0.009455,0.701828,-0.080716,-0.707759,0.000000,0.000000,0.000000,-1,0.724442,-0.103531,-0.728851,-0.064155,-0.047069,-0.051527,63.285126,226.068481,-587.899902,0,0
3.280000,0.779578,0.077973,-0.004607,0.711455,0.051480,-0.700844,0.004593,0.996951,0.077894,0.702717,-0.058637,0.709049,0.036928,0.379621,0.012682,0.924318,0.001441,0.027640,-0.061933,-0.009071,0.001493,-0.029202,0.700844,-0.077894,-0.709049,0.000000,0.000000,0.000000,-1,0.692520,-0.074066,-0.736389,-0.008601,0.045777,-0.089592,62.054581,225.892685,-588.067505,0,0
3.320000,0.780934,0.076531,-0.007228,0.710627,0.048686,-0.701882,0.007207,0.997047,0.076456,0.703532,-0.059390,0.708178,0.036751,0.380211,0.011221,0.924101,0.047096,0.036579,-0.125175,-0.007791,-0.008611,-0.010511,0.701882,-0.076456,-0.708178,0.000000,0.000000,0.000000,-1,0.696213,-0.086227,-0.709183,0.033785,0.032445,-0.155921,60.999817,225.892685,-587.732361,0,0
3.360000,0.781521,0.074702,-0.011620,0.710406,0.044316,-0.702395,0.011587,0.997144,0.074632,0.703697,-0.061158,0.707864,0.036738,0.380419,0.008855,0.924042,0.061744,-0.015510,-0.148470,-0.000460,-0.003844,-0.004493,0.702395,-0.074632,-0.707864,0.000000,0.000000,0.000000,-1,0.709869,-0.056854,-0.723633,0.020921,-0.013957,-0.134340,62.230362,225.013733,-588.235107,0,0
3.400000,0.781312,0.072633,-0.015862,0.710712,0.039836,-0.702354,0.015819,0.997238,0.072569,0.703305,-0.062686,0.708119,0.036590,0.380266,0.006497,0.924130,0.005607,0.012820,-0.063981,0.002129,0.021910,-0.014232,0.702354,-0.072569,-0.708119,0.000000,0.000000,0.000000,-1,0.690811,-0.042389,-0.719650,-0.060618,0.042174,-0.022060,62.581955,226.420059,-588.235107,0,0
3.440000,0.781631,0.069984,-0.014869,0.710420,0.038701,-0.702713,0.014832,0.997442,0.069927,0.703622,-0.060100,0.708028,0.035177,0.380458,0.006457,0.924106,-0.052887,-0.009939,-0.005921,-0.004609,0.024471,-0.024302,0.702713,-0.069927,-0.708028,0.000000,0.000000,0.000000,-1,0.700592,-0.045013,-0.729889,-0.081036,-0.014024,-0.029148,62.230362,225.365311,-587.899902,0,0
3.480000,0.779117,0.065749,-0.013837,0.712105,0.036316,-0.701133,0.013807,0.997744,0.065701,0.701937,-0.056467,0.709997,0.033031,0.379355,0.006086,0.924641,-0.102096,-0.052633,-0.040551,-0.000068,0.021085,-0.022562,0.701133,-0.065701,-0.709997,0.000000,0.000000,0.000000,-1,0.709290,-0.014496,-0.705215,-0.161113,-0.043104,-0.082749,61.702988,225.541107,-590.078613,0,0
3.520000,0.777317,0.053244,-0.013666,0.713241,0.027582,-0.700375,0.013646,0.998490,0.053218,0.700786,-0.047515,0.711788,0.027221,0.378636,0.003766,0.925138,-0.067035,0.038280,-0.173288,0.055759,0.050136,0.021282,0.700376,-0.053218,-0.711788,0.000000,0.000000,0.000000,-1,0.763474,-0.034363,-0.661194,-0.076798,0.106337,-0.185169,63.109329,226.947433,-588.402710,0,0
3.560000,0.783340,0.047685,-0.015616,0.708999,0.022568,-0.704848,0.015598,0.998742,0.047667,0.705037,-0.044790,0.707755,0.025014,0.381441,0.001886,0.924053,-0.073861,0.188320,-0.100299,0.048997,-0.048555,0.082206,0.704848,-0.047667,-0.707755,0.000000,0.000000,0.000000,-1,0.757217,-0.139038,-0.602936,-0.106011,0.197583,-0.054250,61.351410,226.244263,-590.078613,0,0
3.600000,0.788236,0.045862,-0.013841,0.705480,0.022748,-0.708365,0.013826,0.998853,0.045846,0.708595,-0.042137,0.704356,0.023827,0.383737,0.002416,0.923132,-0.088554,0.121037,0.068388,0.053354,-0.111320,0.097209,0.708365,-0.045846,-0.704356,0.000000,0.000000,0.000000,-1,0.770462,-0.161987,-0.635956,-0.108244,0.010781,0.132899,61.702988,225.541107,-588.402710,0,0
3.640000,0.787837,0.047484,-0.007512,0.705613,0.028346,-0.708030,0.007503,0.998845,0.047466,0.708558,-0.038805,0.704585,0.023362,0.383616,0.005644,0.923180,-0.076139,-0.077198,0.164913,0.056756,-0.114643,0.057033,0.708030,-0.047466,-0.704585,0.000000,0.000000,0.000000,-1,0.728668,-0.089035,-0.664917,-0.081042,-0.125062,0.104433,62.406158,227.650604,-588.737915,0,0
3.680000,0.780356,0.048678,-0.004459,0.710808,0.031064,-0.702699,0.004454,0.998806,0.048659,0.703372,-0.037717,0.709821,0.023355,0.380189,0.007195,0.924586,0.047524,-0.179044,-0.079623,0.002501,0.019286,0.050931,0.702699,-0.048659,-0.709821,0.000000,0.000000,0.000000,-1,0.718979,-0.016144,-0.668076,0.056598,-0.170905,-0.154270,64.339874,226.068481,-589.575806,0,0
3.720000,0.775534,0.046964,-0.010302,0.714348,0.025510,-0.699326,0.010290,0.998844,0.046947,0.699715,-0.040732,0.713260,0.023683,0.377901,0.004111,0.925534,0.118570,-0.149766,-0.233690,0.033920,0.024562,0.041598,0.699326,-0.046947,-0.713260,0.000000,0.000000,0.000000,-1,0.778168,-0.037766,-0.648239,0.096915,-0.106510,-0.291185,60.999817,225.541107,-587.732361,0,0
3.760000,0.771705,0.042584,-0.021795,0.717200,0.014061,-0.696726,0.021774,0.998856,0.042571,0.696527,-0.045702,0.716073,0.023824,0.376026,-0.002082,0.926300,0.128200,-0.073141,-0.308624,0.097158,-0.001435,0.076211,0.696726,-0.042571,-0.716073,0.000000,0.000000,0.000000,-1,0.817261,-0.062820,-0.626038,0.116261,-0.027296,-0.315069,62.581955,226.420059,-589.575806,0,0
3.800000,0.770582,0.037568,-0.036332,0.717983,0.000082,-0.696061,0.036299,0.998635,0.037560,0.695114,-0.052233,0.716999,0.024229,0.375384,-0.009772,0.926501,0.098748,-0.027812,-0.218014,0.130340,-0.051582,0.092137,0.696061,-0.037560,-0.716999,0.000000,0.000000,0.000000,-1,0.816666,-0.074188,-0.625870,0.048440,-0.017712,-0.196329,61.878784,226.068481,-586.894409,0,0
3.840000,0.770118,0.035281,-0.040980,0.718232,-0.004871,-0.695786,0.040943,0.998539,0.035274,0.694598,-0.053823,0.717382,0.024039,0.375141,-0.012361,0.926573,0.023417,-0.012147,-0.129066,0.111175,-0.038609,0.093191,0.695786,-0.035274,-0.717382,0.000000,0.000000,0.000000,-1,0.777817,-0.088608,-0.636551,-0.040655,0.012902,-0.094547,62.406158,228.353775,-589.408203,0,0
3.880000,0.770398,0.030206,-0.043146,0.717873,-0.009940,-0.696103,0.043113,0.998614,0.030201,0.694838,-0.051691,0.717306,0.022097,0.375311,-0.014315,0.926525,-0.070175,-0.000217,-0.100687,0.083606,-0.057049,0.059423,0.696103,-0.030201,-0.717306,0.000000,0.000000,0.000000,-1,0.779907,-0.066559,-0.679749,-0.088725,-0.003377,-0.137791,61.351410,226.947433,-588.737915,0,0
3.920000,0.769971,0.026157,-0.044681,0.718028,-0.013879,-0.695876,0.044651,0.998660,0.026154,0.694581,-0.049851,0.717685,0.020506,0.375149,-0.015792,0.926603,-0.063934,-0.018569,-0.137953,0.074906,-0.021804,0.027576,0.695876,-0.026154,-0.717685,0.000000,0.000000,0.000000,-1,0.728882,-0.006134,-0.725815,-0.101515,-0.007611,-0.137676,61.527206,228.177979,-588.905457,0,0
3.960000,0.769636,0.022102,-0.044784,0.718133,-0.016788,-0.695704,0.044758,0.998753,0.022101,0.694465,-0.047010,0.717989,0.018645,0.375044,-0.016604,0.926671,-0.121165,-0.003958,-0.048077,0.019613,0.022268,-0.027632,0.695704,-0.022101,-0.717989,0.000000,0.000000,0.000000,-1,0.701416,0.015793,-0.778900,-0.156151,0.074701,0.057393,62.581955,228.177979,-588.905457,0,0
4.000000,0.774524,0.024395,-0.035600,0.714908,-0.008391,-0.699168,0.035582,0.999069,0.024393,0.698312,-0.042317,0.714541,0.018014,0.377366,-0.011874,0.925813,0.029050,0.119664,0.265630,0.003255,0.028726,-0.063916,0.699168,-0.024393,-0.714541,0.000000,0.000000,0.000000,-1,0.699417,0.005997,-0.773514,0.044647,0.112583,0.263432,62.581955,227.826401,-588.235107,0,0
4.040000,0.777118,0.032051,-0.031546,0.713291,-0.000027,-0.700868,0.031525,0.998989,0.032045,0.700158,-0.044952,0.712571,0.020803,0.378526,-0.008524,0.925318,0.113052,0.072100,0.277941,0.002501,0.046557,-0.030028,0.700868,-0.032045,-0.712571,0.000000,0.000000,0.000000,-1,0.715790,0.006256,-0.709915,0.097857,0.087338,0.283355,62.757751,227.299026,-586.726807,0,0
4.080000,0.779751,0.041237,-0.027366,0.711615,0.009518,-0.702505,0.027339,0.998776,0.041226,0.702037,-0.048543,0.710484,0.024268,0.379696,-0.004818,0.924780,0.115489,0.117223,0.346998,0.018107,0.040829,0.017872,0.702505,-0.041226,-0.710484,0.000000,0.000000,0.000000,-1,0.741135,-0.041336,-0.635422,0.047285,0.172067,0.396353,61.702988,226.244263,-587.062012,0,0
4.120000,0.785671,0.054538,-0.017219,0.707473,0.026378,-0.706248,0.017193,0.998365,0.054511,0.706531,-0.050707,0.705863,0.028482,0.382436,0.002486,0.923540,-0.006487,0.177640,0.463838,0.034887,0.013175,0.070441,0.706248,-0.054511,-0.705863,0.000000,0.000000,0.000000,-1,0.750977,-0.083939,-0.629669,-0.099200,0.216701,0.524095,62.054581,226.244263,-587.397156,0,0
4.160000,0.794743,0.070766,0.005707,0.700169,0.054459,-0.711897,-0.005692,0.997481,0.070707,0.713954,-0.045454,0.698715,0.031515,0.386845,0.016320,0.921461,-0.158235,0.231926,0.604368,0.049638,-0.024859,0.051315,0.711897,-0.070707,-0.698715,0.000000,0.000000,0.000000,-1,0.768219,-0.118988,-0.696518,-0.196901,0.246992,0.590790,62.933533,225.365311,-587.564758,0,0
4.200000,0.800912,0.081544,0.026461,0.694261,0.076879,-0.715605,-0.026370,0.996328,0.081454,0.719240,-0.037680,0.693739,0.032379,0.389977,0.028062,0.919827,-0.195274,0.077128,0.459359,0.041933,-0.038541,-0.028337,0.715605,-0.081454,-0.693739,0.000000,0.000000,0.000000,-1,0.678513,-0.140625,-0.738937,-0.201886,-0.097917,0.288504,62.406158,224.837936,-586.726807,0,0
4.240000,0.795004,0.085369,0.039949,0.697292,0.088788,-0.711267,-0.039793,0.995563,0.085265,0.715682,-0.031151,0.697731,0.031612,0.387473,0.034915,0.920677,-0.021122,-0.110803,0.069870,-0.090631,-0.067094,-0.016609,0.711267,-0.085265,-0.697731,0.000000,0.000000,0.000000,-1,0.650360,-0.169006,-0.751053,0.161183,-0.145951,-0.088059,62.757751,225.189514,-587.732361,0,0
4.280000,0.793870,0.085834,0.039635,0.698118,0.088863,-0.710447,-0.039479,0.995536,0.085728,0.714894,-0.031801,0.698510,0.031906,0.386946,0.034842,0.920891,0.080875,-0.120011,-0.007590,-0.095518,-0.071330,-0.009574,0.710447,-0.085728,-0.698510,0.000000,0.000000,0.000000,-1,0.669373,-0.167725,-0.773834,0.235435,-0.203557,-0.131032,62.230362,224.310562,-588.235107,0,0
