0.000000,2.654906,-0.601989,1.842819,0.492595,-0.780226,-0.385484,-0.793904,-0.221449,-0.566283,0.356464,0.584985,-0.728510,-0.781433,0.503603,0.009284,0.368319,0.005610,0.017340,-0.007163,-0.003403,-0.001036,-0.004907,0.385483,0.566283,0.728510,0.000000,0.000000,0.000000,-1,0.383392,0.564209,0.728973,-0.018069,0.025256,-0.018065,62.406158,224.486343,-480.140625,0,0
0.040000,2.655820,-0.602279,1.843176,0.492655,-0.780555,-0.384740,-0.793667,-0.221689,-0.566522,0.356909,0.584456,-0.728716,-0.781515,0.503580,0.008903,0.368188,0.003442,0.008844,-0.010313,-0.003042,-0.005334,-0.001086,0.384740,0.566522,0.728716,0.000000,0.000000,0.000000,-1,0.385956,0.563980,0.728500,-0.021306,0.013577,-0.021192,60.999817,226.244263,-480.475800,0,0
0.080000,2.655981,-0.602305,1.843698,0.493015,-0.780389,-0.384617,-0.793537,-0.222098,-0.566543,0.356701,0.584522,-0.728765,-0.781645,0.503401,0.008928,0.368155,-0.001935,-0.004943,-0.012347,-0.000156,-0.002319,-0.001638,0.384617,0.566543,0.728765,0.000000,0.000000,0.000000,-1,0.383057,0.565811,0.725861,-0.024523,0.006164,-0.021139,60.648239,225.189514,-480.475800,0,0
0.120000,2.656258,-0.602798,1.844092,0.493406,-0.780305,-0.384284,-0.793180,-0.222336,-0.566950,0.356954,0.584543,-0.728624,-0.781723,0.503210,0.008740,0.368254,0.002375,0.002542,-0.004958,-0.005134,-0.000193,-0.005205,0.384284,0.566950,0.728624,0.000000,0.000000,0.000000,-1,0.382584,0.568054,0.722794,-0.018081,0.016833,-0.012707,61.351410,224.134766,-480.810974,0,0
0.160000,2.656547,-0.603133,1.844084,0.493420,-0.780443,-0.383985,-0.792999,-0.222279,-0.567225,0.357335,0.584380,-0.728568,-0.781708,0.503207,0.008523,0.368298,0.007734,0.012080,-0.003971,-0.000761,-0.000682,-0.001578,0.383985,0.567225,0.728568,0.000000,0.000000,0.000000,-1,0.385605,0.564529,0.728867,-0.018067,0.023168,-0.014861,61.351410,223.783188,-479.805450,0,0
0.200000,2.656939,-0.603267,1.844118,0.493356,-0.780642,-0.383664,-0.792919,-0.222285,-0.567335,0.357603,0.584113,-0.728651,-0.781712,0.503242,0.008335,0.368246,0.003439,0.004635,-0.007101,-0.000607,-0.004896,-0.000120,0.383664,0.567335,0.728651,0.000000,0.000000,0.000000,-1,0.384064,0.563828,0.730225,-0.022385,0.006193,-0.017960,60.472443,223.607391,-479.973022,0,0
0.240000,2.656931,-0.603220,1.844250,0.493444,-0.780577,-0.383682,-0.792915,-0.222397,-0.567297,0.357489,0.584157,-0.728672,-0.781747,0.503197,0.008376,0.368231,0.003420,-0.006979,-0.002803,0.000137,-0.001669,-0.000995,0.383682,0.567297,0.728671,0.000000,0.000000,0.000000,-1,0.381836,0.564011,0.719635,-0.021306,0.009390,-0.015850,60.472443,225.013733,-479.637878,0,0
0.280000,2.656784,-0.603528,1.844393,0.493722,-0.780389,-0.383708,-0.792715,-0.222462,-0.567551,0.357549,0.584384,-0.728460,-0.781768,0.503059,0.008365,0.368375,0.004497,0.000381,-0.008164,0.002431,-0.001709,-0.000891,0.383708,0.567551,0.728460,0.000000,0.000000,0.000000,-1,0.382660,0.563095,0.726852,-0.021308,0.010429,-0.017984,61.351410,225.892685,-479.135101,0,0
0.320000,2.656916,-0.603610,1.844591,0.493861,-0.780359,-0.383590,-0.792626,-0.222607,-0.567618,0.357556,0.584367,-0.728470,-0.781815,0.502991,0.008325,0.368369,0.002371,0.001451,-0.007085,-0.000182,-0.001868,-0.001144,0.383590,0.567618,0.728470,0.000000,0.000000,0.000000,-1,0.383286,0.565262,0.727615,-0.023437,0.011479,-0.019037,61.175613,225.013733,-478.632324,0,0
0.360000,2.657035,-0.603660,1.844794,0.493995,-0.780323,-0.383490,-0.792553,-0.222761,-0.567660,0.357531,0.584357,-0.728490,-0.781864,0.502925,0.008300,0.368356,-0.000825,0.001451,-0.007058,0.001565,-0.001986,0.000422,0.383490,0.567660,0.728490,0.000000,0.000000,0.000000,-1,0.385895,0.567154,0.733139,-0.024509,0.007262,-0.016882,60.999817,224.837936,-479.470276,0,0
0.400000,2.656869,-0.603836,1.845068,0.494333,-0.780073,-0.383564,-0.792396,-0.222951,-0.567805,0.357413,0.584619,-0.728338,-0.781924,0.502756,0.008361,0.368458,0.001302,-0.004878,-0.003848,-0.000447,-0.001505,-0.002249,0.383564,0.567805,0.728338,0.000000,0.000000,0.000000,-1,0.381668,0.566437,0.728897,-0.023451,0.004095,-0.015813,60.120865,226.420059,-478.632324,0,0
0.440000,2.656803,-0.603958,1.845243,0.494538,-0.779935,-0.383580,-0.792290,-0.223070,-0.567905,0.357364,0.584757,-0.728252,-0.781962,0.502654,0.008382,0.368516,0.004492,-0.004888,-0.004938,-0.001424,-0.001468,-0.000194,0.383580,0.567905,0.728252,0.000000,0.000000,0.000000,-1,0.381561,0.567505,0.724869,-0.018124,0.005152,-0.015859,60.472443,224.662140,-479.973022,0,0
0.480000,2.656880,-0.604289,1.845440,0.494786,-0.779848,-0.383437,-0.792065,-0.223175,-0.568177,0.357519,0.584833,-0.728115,-0.781997,0.502532,0.008286,0.368611,0.003442,-0.000650,-0.004948,-0.003508,0.000060,-0.001247,0.383437,0.568177,0.728115,0.000000,0.000000,0.000000,-1,0.379562,0.567947,0.722488,-0.020217,0.014715,-0.012682,60.648239,225.541107,-478.799927,0,0
0.520000,2.657221,-0.604786,1.845529,0.494917,-0.779952,-0.383057,-0.791774,-0.223169,-0.568586,0.357983,0.584697,-0.727996,-0.781998,0.502471,0.008016,0.368698,0.003475,0.006786,-0.002850,-0.003342,-0.001707,0.001222,0.383057,0.568586,0.727996,0.000000,0.000000,0.000000,-1,0.383667,0.566666,0.729691,-0.018078,0.017892,-0.012711,61.175613,225.365311,-479.973022,0,0
0.560000,2.657539,-0.604995,1.845498,0.494855,-0.780132,-0.382770,-0.791666,-0.223112,-0.568758,0.358305,0.584479,-0.728012,-0.781981,0.502505,0.007821,0.368691,0.006684,0.011005,-0.003934,0.000058,-0.002229,0.000686,0.382770,0.568758,0.728012,0.000000,0.000000,0.000000,-1,0.382919,0.566528,0.728622,-0.018078,0.018941,-0.013780,60.999817,225.189514,-479.135101,0,0
0.600000,2.657780,-0.605071,1.845499,0.494798,-0.780264,-0.382574,-0.791624,-0.223101,-0.568821,0.358478,0.584306,-0.728066,-0.781979,0.502535,0.007704,0.368656,0.003474,0.005720,-0.002823,0.000559,-0.003452,0.000572,0.382574,0.568821,0.728066,0.000000,0.000000,0.000000,-1,0.382126,0.566833,0.721848,-0.020220,0.013656,-0.012678,60.824036,225.365311,-479.302673,0,0
0.640000,2.657885,-0.605548,1.845436,0.494887,-0.780307,-0.382372,-0.791377,-0.222978,-0.569212,0.358900,0.584296,-0.727866,-0.781942,0.502494,0.007504,0.368796,0.006694,0.013131,-0.002876,-0.001222,0.000093,-0.002509,0.382372,0.569212,0.727866,0.000000,0.000000,0.000000,-1,0.381195,0.568497,0.724823,-0.014858,0.027413,-0.013837,60.472443,225.365311,-478.967499,0,0
0.680000,2.658450,-0.605811,1.845439,0.494783,-0.780608,-0.381891,-0.791232,-0.222940,-0.569429,0.359362,0.583908,-0.727949,-0.781932,0.502550,0.007203,0.368746,0.008836,0.019467,-0.005047,-0.001413,-0.001390,0.001070,0.381891,0.569429,0.727949,0.000000,0.000000,0.000000,-1,0.384979,0.566681,0.729492,-0.020196,0.025267,-0.016983,60.472443,225.013733,-477.291626,0,0
0.720000,2.658821,-0.605802,1.845528,0.494716,-0.780782,-0.381623,-0.791218,-0.223012,-0.569421,0.359487,0.583649,-0.728096,-0.781956,0.502585,0.007077,0.368649,0.000240,-0.003868,-0.006987,0.002303,-0.002954,-0.001274,0.381623,0.569421,0.728096,0.000000,0.000000,0.000000,-1,0.384811,0.569214,0.725159,-0.023460,0.003016,-0.017940,61.878784,225.716888,-479.302673,0,0
0.760000,2.658647,-0.606060,1.845695,0.495003,-0.780571,-0.381681,-0.791039,-0.223104,-0.569634,0.359485,0.583895,-0.727899,-0.781986,0.502442,0.007096,0.368782,0.005597,0.002534,-0.001727,-0.003431,-0.000252,-0.002710,0.381681,0.569634,0.727899,0.000000,0.000000,0.000000,-1,0.378448,0.569717,0.725067,-0.019139,0.015813,-0.008433,62.230362,225.716888,-480.978577,0,0
0.800000,2.658848,-0.606310,1.845549,0.494909,-0.780735,-0.381469,-0.790934,-0.222950,-0.569839,0.359844,0.583735,-0.727850,-0.781938,0.502491,0.006914,0.368819,0.005655,0.017401,0.002477,-0.000320,0.000687,-0.006018,0.381469,0.569839,0.727850,0.000000,0.000000,0.000000,-1,0.381134,0.568939,0.727890,-0.013777,0.028521,-0.008523,60.120865,225.716888,-479.973022,0,0
0.840000,2.659256,-0.606571,1.845204,0.494589,-0.781116,-0.381103,-0.790868,-0.222637,-0.570054,0.360431,0.583344,-0.727873,-0.781841,0.502655,0.006610,0.368809,0.008834,0.014202,0.000335,0.000580,-0.001420,-0.002028,0.381103,0.570054,0.727873,0.000000,0.000000,0.000000,-1,0.382721,0.568024,0.726624,-0.020212,0.013685,-0.009482,60.472443,225.365311,-478.297150,0,0
0.880000,2.659178,-0.606582,1.845013,0.494471,-0.781165,-0.381157,-0.790905,-0.222484,-0.570062,0.360511,0.583338,-0.727838,-0.781792,0.502714,0.006602,0.368832,0.000260,-0.003800,0.002635,-0.000053,-0.001901,0.000616,0.381157,0.570062,0.727838,0.000000,0.000000,0.000000,-1,0.377579,0.567108,0.725510,-0.022367,0.005213,-0.009434,60.120865,226.068481,-479.973022,0,0
0.920000,2.659117,-0.606636,1.844960,0.494471,-0.781150,-0.381187,-0.790887,-0.222433,-0.570107,0.360550,0.583377,-0.727788,-0.781776,0.502713,0.006599,0.368867,0.004526,0.000416,0.000455,0.000878,-0.002388,-0.002599,0.381187,0.570107,0.727788,0.000000,0.000000,0.000000,-1,0.381638,0.569244,0.726837,-0.019160,0.010498,-0.010544,60.648239,223.783188,-479.470276,0,0
0.960000,2.659083,-0.606717,1.844848,0.494427,-0.781176,-0.381191,-0.790867,-0.222332,-0.570174,0.360655,0.583380,-0.727733,-0.781744,0.502736,0.006567,0.368904,0.004529,0.002525,-0.000618,-0.000865,-0.002516,-0.002910,0.381191,0.570174,0.727733,0.000000,0.000000,0.000000,-1,0.381790,0.567688,0.726822,-0.022359,0.011528,-0.013719,59.769287,225.716888,-479.637878,0,0
1.000000,2.659006,-0.606581,1.844976,0.494504,-0.781082,-0.381282,-0.790913,-0.222455,-0.570062,0.360447,0.583459,-0.727773,-0.781782,0.502696,0.006663,0.368875,-0.002966,-0.008095,-0.003715,-0.001842,-0.003381,0.000224,0.381282,0.570062,0.727773,0.000000,0.000000,0.000000,-1,0.378555,0.566803,0.725052,-0.027726,-0.000151,-0.016830,60.120865,225.365311,-479.302673,0,0
1.040000,2.658796,-0.606574,1.845204,0.494756,-0.780847,-0.381437,-0.790866,-0.222636,-0.570056,0.360205,0.583704,-0.727696,-0.781839,0.502569,0.006789,0.368925,0.000201,-0.012372,-0.004730,0.000994,-0.000659,-0.001408,0.381437,0.570056,0.727696,0.000000,0.000000,0.000000,-1,0.379669,0.570206,0.723526,-0.022396,0.000917,-0.015810,61.527206,225.013733,-479.637878,0,0
1.080000,2.658561,-0.606789,1.845356,0.495038,-0.780613,-0.381551,-0.790714,-0.222723,-0.570232,0.360151,0.583984,-0.727498,-0.781866,0.502428,0.006843,0.369058,0.001296,-0.003890,-0.003706,0.000178,0.000492,-0.000539,0.381551,0.570232,0.727498,0.000000,0.000000,0.000000,-1,0.379608,0.569733,0.725418,-0.021312,0.007271,-0.015842,59.769287,226.068481,-479.302673,0,0
1.120000,2.658707,-0.606971,1.845616,0.495255,-0.780550,-0.381397,-0.790557,-0.222900,-0.570382,0.360198,0.584000,-0.727462,-0.781923,0.502321,0.006778,0.369084,-0.000829,0.000319,-0.006902,-0.005817,-0.002618,-0.001815,0.381397,0.570382,0.727462,0.000000,0.000000,0.000000,-1,0.378708,0.567368,0.723541,-0.025564,0.011489,-0.017955,61.175613,225.013733,-478.967499,0,0
1.160000,2.659158,-0.607142,1.846036,0.495483,-0.780588,-0.381024,-0.790369,-0.223206,-0.570522,0.360296,0.583834,-0.727547,-0.782023,0.502210,0.006626,0.369029,0.001304,0.003478,-0.009063,-0.003948,-0.001400,-0.001549,0.381024,0.570522,0.727547,0.000000,0.000000,0.000000,-1,0.380249,0.569839,0.727356,-0.020224,0.017833,-0.019086,60.472443,224.310562,-478.297150,0,0
1.200000,2.659588,-0.607548,1.846222,0.495621,-0.780705,-0.380603,-0.790105,-0.223290,-0.570856,0.360685,0.583644,-0.727506,-0.782051,0.502144,0.006367,0.369061,0.007714,0.010911,-0.003751,0.000867,0.002890,-0.001112,0.380603,0.570856,0.727506,0.000000,0.000000,0.000000,-1,0.381042,0.570847,0.726501,-0.016995,0.022148,-0.010604,60.120865,225.013733,-478.967499,0,0
1.240000,2.659822,-0.607749,1.846038,0.495467,-0.780912,-0.380380,-0.790035,-0.223113,-0.571021,0.361049,0.583436,-0.727493,-0.781996,0.502223,0.006180,0.369073,0.005580,0.007752,-0.001591,0.000098,-0.005164,-0.000534,0.380380,0.571021,0.727493,0.000000,0.000000,0.000000,-1,0.380783,0.567932,0.726486,-0.019158,0.013646,-0.013752,61.175613,224.310562,-479.637878,0,0
1.280000,2.659749,-0.607764,1.846060,0.495517,-0.780857,-0.380429,-0.790022,-0.223128,-0.571034,0.361011,0.583504,-0.727458,-0.782001,0.502198,0.006208,0.369097,0.004482,-0.000741,-0.003680,0.001666,-0.004398,-0.000452,0.380429,0.571034,0.727458,0.000000,0.000000,0.000000,-1,0.378922,0.571030,0.725632,-0.018097,0.012586,-0.013756,61.351410,224.837936,-479.135101,0,0
1.320000,2.659741,-0.608046,1.845875,0.495479,-0.780914,-0.380360,-0.789908,-0.222939,-0.571265,0.361312,0.583499,-0.727312,-0.781941,0.502219,0.006090,0.369198,0.006664,0.010967,0.002651,0.000683,-0.002295,-0.007265,0.380360,0.571265,0.727312,0.000000,0.000000,0.000000,-1,0.381592,0.569687,0.727188,-0.015914,0.028492,-0.011702,59.417694,225.365311,-479.637878,0,0
1.360000,2.660221,-0.608061,1.845730,0.495197,-0.781265,-0.380007,-0.789932,-0.222822,-0.571277,0.361645,0.583075,-0.727487,-0.781906,0.502362,0.005871,0.369083,0.007675,0.004541,-0.001531,-0.000048,-0.003864,0.005683,0.380007,0.571277,0.727487,0.000000,0.000000,0.000000,-1,0.380753,0.568741,0.728043,-0.015975,0.008369,-0.011626,59.945068,227.299026,-479.805450,0,0
1.400000,2.659952,-0.608239,1.845622,0.495275,-0.781143,-0.380156,-0.789859,-0.222709,-0.571423,0.361699,0.583280,-0.727295,-0.781869,0.502322,0.005901,0.369212,0.002325,-0.004981,-0.000388,-0.001448,-0.000088,-0.004974,0.380156,0.571423,0.727295,0.000000,0.000000,0.000000,-1,0.380936,0.574203,0.722214,-0.018068,0.011645,-0.000969,59.945068,224.837936,-480.475800,0,0
1.440000,2.659655,-0.608431,1.845212,0.495132,-0.781153,-0.380321,-0.789844,-0.222355,-0.571580,0.361926,0.583402,-0.727085,-0.781756,0.502394,0.005883,0.369355,0.005582,0.003619,0.013403,-0.001185,0.000273,-0.006900,0.380321,0.571580,0.727085,0.000000,0.000000,0.000000,-1,0.377167,0.564117,0.721344,-0.019098,0.018059,0.005407,61.527206,225.365311,-479.302673,0,0
1.480000,2.660045,-0.608413,1.844786,0.494652,-0.781593,-0.380042,-0.789949,-0.222022,-0.571566,0.362354,0.582940,-0.727242,-0.781651,0.502635,0.005657,0.369252,0.005462,-0.009384,-0.018508,-0.008063,-0.002917,0.003838,0.380042,0.571566,0.727242,0.000000,0.000000,0.000000,-1,0.361496,0.560394,0.730011,-0.010830,-0.024762,-0.043501,62.406158,226.947433,-479.805450,0,0
1.520000,2.660100,-0.608950,1.846289,0.496002,-0.780825,-0.379860,-0.789319,-0.223125,-0.572006,0.361881,0.583547,-0.726991,-0.782004,0.501962,0.005748,0.369421,0.004171,-0.055157,-0.040638,-0.009925,-0.014328,-0.005433,0.379860,0.572006,0.726991,0.000000,0.000000,0.000000,-1,0.372513,0.560760,0.711151,-0.028962,-0.030112,-0.049733,60.999817,225.541107,-479.805450,0,0
1.560000,2.660772,-0.609431,1.848061,0.497318,-0.780288,-0.379244,-0.788657,-0.224448,-0.572401,0.361518,0.583758,-0.727001,-0.782427,0.501307,0.005664,0.369415,0.006564,0.030664,-0.037782,-0.005724,-0.014097,-0.003201,0.379244,0.572401,0.727001,0.000000,0.000000,0.000000,-1,0.373352,0.539246,0.741714,-0.002088,0.087081,-0.089797,60.296661,225.189514,-478.799927,0,0
1.600000,2.665489,-0.609957,1.851332,0.498356,-0.781353,-0.375672,-0.787629,-0.226943,-0.572832,0.362328,0.581365,-0.728515,-0.783233,0.500803,0.004259,0.368408,0.023476,0.042843,-0.095481,-0.000306,-0.036989,0.018525,0.375672,0.572832,0.728515,0.000000,0.000000,0.000000,-1,0.375656,0.537582,0.737930,-0.012889,0.046719,-0.102346,60.999817,225.892685,-479.135101,0,0
1.640000,2.669047,-0.609515,1.854933,0.499723,-0.781667,-0.373193,-0.787050,-0.229849,-0.572470,0.361703,0.579798,-0.730072,-0.784163,0.500125,0.003663,0.367356,0.004286,0.025041,-0.073948,-0.004525,-0.032141,0.013901,0.373193,0.572470,0.730072,0.000000,0.000000,0.000000,-1,0.358673,0.544006,0.760666,-0.013920,0.033226,-0.072458,60.824036,226.068481,-479.302673,0,0
1.680000,2.674245,-0.608903,1.857882,0.499931,-0.783263,-0.369551,-0.786705,-0.232268,-0.571968,0.362167,0.576672,-0.732315,-0.784938,0.500029,0.002352,0.365838,0.057758,0.100455,-0.047951,-0.017713,-0.034019,0.045151,0.369551,0.571968,0.732315,0.000000,0.000000,0.000000,-1,0.365204,0.536972,0.783066,0.072712,0.145660,-0.053311,59.593491,225.541107,-479.470276,0,0
1.720000,2.679462,-0.612223,1.857416,0.498832,-0.786150,-0.364877,-0.784987,-0.231363,-0.574688,0.367372,0.573096,-0.732529,-0.784653,0.500583,-0.000795,0.365698,0.125030,0.136796,-0.011320,0.013373,-0.034588,0.030197,0.364877,0.574688,0.732529,0.000000,0.000000,0.000000,-1,0.384140,0.535477,0.749390,0.106892,0.145006,-0.008830,59.066116,225.365311,-479.637878,0,0
1.760000,2.682572,-0.613639,1.853747,0.495285,-0.789606,-0.362236,-0.785048,-0.228254,-0.575846,0.372010,0.569581,-0.732930,-0.783656,0.502342,-0.003118,0.365411,0.120806,0.119224,0.035667,0.004311,-0.053874,0.030147,0.362236,0.575846,0.732930,0.000000,0.000000,0.000000,-1,0.327774,0.506210,0.778748,0.087480,0.071832,-0.019058,60.296661,226.244263,-480.475800,0,0
1.800000,2.685477,-0.614228,1.853040,0.493847,-0.791547,-0.359956,-0.784884,-0.227604,-0.576328,0.374263,0.567141,-0.733674,-0.783442,0.503047,-0.004566,0.364886,0.112877,0.037987,-0.045992,-0.052949,-0.067844,0.047484,0.359956,0.576328,0.733674,0.000000,0.000000,0.000000,-1,0.300537,0.577225,0.709656,0.105114,0.002028,-0.122269,59.241898,226.947433,-480.140625,0,0
1.840000,2.684509,-0.624830,1.854472,0.498998,-0.789223,-0.357949,-0.778647,-0.227005,-0.584959,0.380407,0.570609,-0.727802,-0.783231,0.500449,-0.007168,0.368847,0.146569,-0.112094,-0.007289,-0.009698,0.026628,-0.149799,0.357949,0.584959,0.727802,0.000000,0.000000,0.000000,-1,0.377350,0.603241,0.539032,0.059321,-0.133102,0.039456,60.999817,226.244263,-480.140625,0,0
1.880000,2.678179,-0.624384,1.851558,0.498950,-0.787098,-0.362665,-0.779556,-0.224808,-0.584598,0.378606,0.574403,-0.725754,-0.782546,0.500499,-0.005092,0.370266,-0.082231,-0.169205,0.111885,0.087499,-0.014758,-0.207215,0.362665,0.584598,0.725754,0.000000,0.000000,0.000000,-1,0.553558,0.636887,0.745224,-0.163293,-0.148022,0.025258,60.648239,226.244263,-479.805450,0,0
1.920000,2.669074,-0.622146,1.850556,0.500797,-0.782567,-0.369853,-0.781036,-0.224387,-0.582780,0.373075,0.580723,-0.723585,-0.782427,0.499600,-0.001029,0.371761,0.050610,-0.063439,-0.127095,0.220022,0.107237,0.134142,0.369853,0.582780,0.723586,0.000000,0.000000,0.000000,-1,0.602020,0.747543,1.010178,0.344620,0.047831,-0.204198,60.472443,224.662140,-480.978577,0,0
1.960000,2.664961,-0.643355,1.849332,0.508916,-0.778629,-0.367071,-0.769251,-0.219983,-0.599883,0.386337,0.587661,-0.710914,-0.780995,0.495483,-0.006167,0.380138,0.477042,-0.217347,-0.154328,0.171915,0.099580,0.155404,0.367071,0.599883,0.710914,0.000000,0.000000,0.000000,-1,0.504578,0.654251,0.662750,0.421634,-0.233407,-0.148344,60.472443,227.826401,-482.654449,0,0
2.000000,2.655032,-0.656024,1.845156,0.514036,-0.773612,-0.370529,-0.762786,-0.214691,-0.609971,0.392332,0.596181,-0.700460,-0.779293,0.492882,-0.006995,0.386938,0.389942,-0.239532,-0.031007,0.120881,0.022796,-0.109456,0.370529,0.609971,0.700460,0.000000,0.000000,0.000000,-1,0.403809,0.550812,0.484665,0.323277,-0.161804,0.033255,60.296661,227.299026,-480.810974,0,0
2.040000,2.643658,-0.664672,1.836968,0.515317,-0.770142,-0.375938,-0.759401,-0.207044,-0.616801,0.397189,0.603335,-0.691540,-0.776837,0.492234,-0.006839,0.392662,0.319062,-0.138345,0.029893,0.027871,-0.065989,-0.206875,0.375938,0.616801,0.691540,0.000000,0.000000,0.000000,-1,0.351318,0.515488,0.496658,0.271173,-0.091371,-0.025197,61.351410,227.299026,-481.481323,0,0
2.080000,2.635649,-0.678154,1.833824,0.521012,-0.765583,-0.377399,-0.751950,-0.202474,-0.627356,0.403879,0.610645,-0.681171,-0.775348,0.489307,-0.008538,0.399176,0.220686,-0.134640,-0.144071,-0.021732,-0.072547,-0.163593,0.377399,0.627356,0.681171,0.000000,0.000000,0.000000,-1,0.446442,0.646057,0.541504,0.192237,-0.059424,-0.122715,61.175613,228.177979,-482.989624,0,0
2.120000,2.633175,-0.685806,1.828831,0.520984,-0.765928,-0.376736,-0.748287,-0.197487,-0.633297,0.410659,0.611844,-0.676022,-0.773707,0.489273,-0.010961,0.402329,0.175468,0.242119,0.053028,0.113621,0.031346,-0.082363,0.376736,0.633297,0.676022,0.000000,0.000000,0.000000,-1,0.503387,0.638306,0.641678,0.106776,0.343317,0.132116,60.824036,227.123230,-481.984100,0,0
2.160000,2.636314,-0.686193,1.817324,0.510963,-0.773739,-0.374493,-0.750272,-0.188803,-0.633597,0.419533,0.604716,-0.676986,-0.770836,0.494272,-0.014608,0.401614,0.089614,0.273949,0.173973,0.111347,-0.027823,-0.005050,0.374493,0.633597,0.676986,0.000000,0.000000,0.000000,-1,0.485382,0.581039,0.661987,0.078386,0.113442,0.127871,61.702988,228.705353,-483.827576,0,0
2.200000,2.628803,-0.687395,1.804591,0.504708,-0.775553,-0.379193,-0.751874,-0.179059,-0.634526,0.424210,0.605356,-0.673491,-0.767668,0.497424,-0.014660,0.403782,0.124514,-0.075478,0.073822,0.084506,-0.012211,-0.073820,0.379193,0.634526,0.673491,0.000000,0.000000,0.000000,-1,0.468735,0.630051,0.578888,0.114843,-0.082267,0.039900,60.472443,228.177979,-482.989624,0,0
2.240000,2.618769,-0.691281,1.797035,0.504570,-0.772927,-0.384698,-0.750797,-0.172818,-0.637524,0.426277,0.610506,-0.667511,-0.765653,0.497525,-0.013576,0.407505,0.119283,-0.054295,0.076988,0.071464,-0.003827,-0.128585,0.384698,0.637524,0.667511,0.000000,0.000000,0.000000,-1,0.456604,0.638596,0.523560,0.075011,0.080304,0.094996,60.999817,227.650604,-480.810974,0,0
2.280000,2.612124,-0.693961,1.786099,0.499971,-0.774134,-0.388260,-0.750970,-0.164231,-0.639587,0.431361,0.611347,-0.663462,-0.762834,0.499815,-0.014125,0.409963,0.124415,0.186569,0.127193,0.085342,-0.003952,-0.125270,0.388260,0.639587,0.663462,0.000000,0.000000,0.000000,-1,0.487411,0.628204,0.548599,0.112815,0.240431,0.116475,61.527206,227.123230,-483.324799,0,0
2.320000,2.614490,-0.695519,1.779159,0.494144,-0.778897,-0.386188,-0.751116,-0.158810,-0.640784,0.437774,0.606711,-0.663517,-0.760998,0.502634,-0.016947,0.409822,0.141633,0.253221,0.119352,0.118176,-0.017600,-0.110127,0.386188,0.640784,0.663517,0.000000,0.000000,0.000000,-1,0.541107,0.581635,0.566467,0.118478,0.344324,0.126695,60.120865,228.881149,-483.659973,0,0
2.360000,2.612839,-0.695146,1.760048,0.479769,-0.787236,-0.387404,-0.754248,-0.144472,-0.640498,0.448254,0.599489,-0.663085,-0.756195,0.509619,-0.020117,0.409943,0.072858,0.358418,0.162151,0.125139,-0.086604,-0.063231,0.387404,0.640498,0.663085,0.000000,0.000000,0.000000,-1,0.483170,0.647491,0.629868,-0.019329,0.250504,0.057804,60.296661,228.353775,-483.157227,0,0
2.400000,2.618470,-0.697049,1.754302,0.473403,-0.793196,-0.383054,-0.753866,-0.139912,-0.641958,0.455604,0.592676,-0.664198,-0.754572,0.512563,-0.024037,0.409051,0.191430,0.316156,-0.047353,0.094363,0.074717,-0.007552,0.383054,0.641958,0.664198,0.000000,0.000000,0.000000,-1,0.521179,0.785889,0.693283,0.456121,0.544732,-0.071629,59.945068,226.595856,-483.157227,0,0
2.440000,2.641748,-0.721530,1.739252,0.459254,-0.812155,-0.359848,-0.740168,-0.125879,-0.660534,0.491159,0.569701,-0.658941,-0.749012,0.518124,-0.043828,0.410620,0.748239,0.961545,0.001307,0.071747,0.195240,0.039301,0.359848,0.660534,0.658941,0.000000,0.000000,0.000000,-1,0.395218,0.806885,0.679886,0.745144,0.960927,0.041755,60.120865,229.232727,-483.995178,0,0
2.480000,2.656105,-0.737601,1.721426,0.442990,-0.827340,-0.345352,-0.731704,-0.111058,-0.672515,0.518044,0.550613,-0.654565,-0.743070,0.524528,-0.058101,0.411511,0.510809,0.735403,0.282045,0.024795,0.076509,0.010855,0.345352,0.672515,0.654565,0.000000,0.000000,0.000000,-1,0.254440,0.606628,0.628113,0.042226,0.347949,0.288136,60.120865,227.826401,-485.000671,0,0
2.520000,2.660090,-0.737074,1.709034,0.430429,-0.834953,-0.342905,-0.733375,-0.102031,-0.672124,0.526205,0.540780,-0.656251,-0.739715,0.530045,-0.061949,0.409923,-0.132114,0.203636,0.148400,-0.124247,0.035716,-0.030167,0.342905,0.672124,0.656251,0.000000,0.000000,0.000000,-1,0.306244,0.822845,0.795227,-0.372969,0.261563,-0.013003,58.890320,228.002182,-484.833099,0,0
2.560000,2.676435,-0.715030,1.717675,0.421731,-0.841086,-0.338699,-0.746943,-0.110506,-0.655640,0.514022,0.529493,-0.674848,-0.742813,0.534465,-0.059006,0.398866,-0.714660,0.078641,0.250331,-0.123565,0.108169,0.175967,0.338699,0.655640,0.674848,0.000000,0.000000,0.000000,-1,0.186966,0.661102,0.816849,-0.819291,-0.079442,0.327313,60.120865,227.826401,-481.984100,0,0
2.600000,2.669211,-0.677708,1.719082,0.413727,-0.838564,-0.354457,-0.770463,-0.115093,-0.627010,0.484992,0.532507,-0.693700,-0.745406,0.539648,-0.043780,0.388887,-0.884574,-0.300644,0.465068,-0.151134,-0.070903,-0.006123,0.354457,0.627010,0.693700,0.000000,0.000000,0.000000,-1,0.217590,0.534119,0.624695,-0.846897,-0.162934,0.461005,61.351410,224.837936,-483.827576,0,0
2.640000,2.662211,-0.641409,1.715499,0.401026,-0.838213,-0.369563,-0.792879,-0.115540,-0.598325,0.458825,0.532963,-0.710936,-0.746241,0.546436,-0.029904,0.378995,-0.586204,0.096873,0.506007,-0.158732,-0.035855,-0.028792,0.369563,0.598325,0.710936,0.000000,0.000000,0.000000,-1,0.223541,0.568390,0.714432,-0.342925,0.281015,0.487393,61.351410,224.134766,-483.157227,0,0
2.680000,2.667937,-0.617881,1.698957,0.375820,-0.848835,-0.371805,-0.808423,-0.104179,-0.579309,0.453003,0.518292,-0.725370,-0.742524,0.557981,-0.027338,0.369551,-0.178742,0.409516,0.418576,-0.066737,-0.032816,0.001223,0.371805,0.579309,0.725370,0.000000,0.000000,0.000000,-1,0.300171,0.524475,0.737457,-0.188084,0.463843,0.446090,63.285126,223.607391,-481.648926,0,0
2.720000,2.674825,-0.607110,1.685594,0.357327,-0.857743,-0.369587,-0.815895,-0.094076,-0.570496,0.454570,0.505397,-0.733444,-0.739061,0.566136,-0.028747,0.363939,-0.105720,0.521774,0.532644,-0.059421,-0.081543,0.020142,0.369587,0.570496,0.733444,0.000000,0.000000,0.000000,-1,0.299271,0.466736,0.773422,-0.067215,0.608299,0.492551,63.460907,222.728424,-482.151672,0,0
2.760000,2.687525,-0.597437,1.665658,0.330749,-0.871259,-0.362646,-0.823063,-0.078312,-0.562525,0.461706,0.484535,-0.743003,-0.733496,0.577482,-0.033763,0.356873,0.052860,0.628329,0.375479,-0.054724,-0.101588,0.031732,0.362646,0.562525,0.743003,0.000000,0.000000,0.000000,-1,0.334503,0.452835,0.774963,0.125906,0.558678,0.284566,63.109329,222.728424,-479.805450,0,0
2.800000,2.697374,-0.597129,1.653396,0.315311,-0.879932,-0.355385,-0.824134,-0.068228,-0.562270,0.470512,0.470175,-0.746695,-0.729766,0.583771,-0.039440,0.353691,0.194862,0.479186,0.285449,-0.026711,-0.115829,0.019357,0.355385,0.562270,0.746695,0.000000,0.000000,0.000000,-1,0.346298,0.426559,0.749939,0.215782,0.435898,0.180993,63.109329,222.025269,-481.481323,0,0
2.840000,2.710531,-0.601254,1.639259,0.297957,-0.890225,-0.344559,-0.822695,-0.056412,-0.565677,0.484142,0.452015,-0.749192,-0.725183,0.590513,-0.048120,0.350839,0.265264,0.394119,0.022107,0.017227,-0.127826,0.005630,0.344559,0.565677,0.749192,0.000000,0.000000,0.000000,-1,0.393539,0.458618,0.761948,0.235250,0.337767,-0.007352,63.109329,223.080017,-479.805450,0,0
2.880000,2.718370,-0.608135,1.635168,0.292815,-0.894787,-0.337068,-0.819015,-0.052794,-0.571338,0.493431,0.443360,-0.748303,-0.723518,0.592177,-0.054029,0.350613,0.238325,0.296586,0.012028,0.056471,-0.112720,0.013644,0.337068,0.571338,0.748303,0.000000,0.000000,0.000000,-1,0.399567,0.476059,0.756516,0.167935,0.247885,0.007356,62.054581,222.025269,-480.140625,0,1
2.920000,2.716580,-0.610242,1.624343,0.284714,-0.897081,-0.337910,-0.818335,-0.043861,-0.573066,0.499265,0.439684,-0.746601,-0.720273,0.595404,-0.056005,0.351516,0.182884,-0.132715,0.092952,0.043514,-0.094016,-0.016818,0.337910,0.573066,0.746601,0.000000,0.000000,0.000000,-1,0.383209,0.471512,0.724976,0.165683,-0.230939,0.113570,63.460907,222.376846,-480.475800,0,0
2.960000,2.701624,-0.610189,1.615367,0.284127,-0.892992,-0.349051,-0.818726,-0.036516,-0.573022,0.498958,0.448589,-0.741491,-0.718007,0.595997,-0.052196,0.355711,0.165493,-0.320407,0.185430,0.045587,-0.104455,-0.027303,0.349051,0.573022,0.741491,0.000000,0.000000,0.000000,-1,0.403305,0.476166,0.725632,0.116948,-0.239454,0.222643,63.285126,222.201050,-480.978577,0,0
3.000000,2.686521,-0.607879,1.604527,0.281175,-0.889253,-0.360790,-0.820394,-0.027683,-0.571128,0.497890,0.456577,-0.737322,-0.715224,0.597592,-0.047922,0.359225,0.116065,-0.167263,0.253441,0.043369,-0.091407,-0.001680,0.360790,0.571128,0.737322,0.000000,0.000000,0.000000,-1,0.428741,0.449127,0.739578,0.011216,-0.036649,0.274903,64.164078,220.970505,-482.151672,0,0
3.040000,2.661280,-0.593488,1.583080,0.269282,-0.883609,-0.383043,-0.828933,-0.010183,-0.559256,0.490263,0.468114,-0.735195,-0.709693,0.603268,-0.037770,0.361906,-0.159227,-0.447905,0.369584,0.103072,-0.136404,-0.029735,0.383043,0.559256,0.735195,0.000000,0.000000,0.000000,-1,0.477875,0.404343,0.721909,-0.226291,-0.516276,0.404251,64.515671,222.728424,-481.481323,0,0
3.080000,2.641195,-0.579141,1.573649,0.265085,-0.876639,-0.401539,-0.836930,-0.002388,-0.547305,0.478830,0.481143,-0.734318,-0.707423,0.605567,-0.027314,0.363448,-0.379331,-0.406935,0.443586,0.022670,-0.115161,0.074092,0.401539,0.547305,0.734318,0.000000,0.000000,0.000000,-1,0.421310,0.628311,0.882416,-0.383916,-0.421096,0.270886,67.328339,219.915756,-482.822021,0,0
3.120000,2.625718,-0.562220,1.571225,0.263331,-0.869749,-0.417364,-0.846074,-0.000362,-0.533066,0.463482,0.493494,-0.735967,-0.707047,0.606686,-0.016306,0.362974,-0.285728,-0.136051,0.073243,0.057810,0.171204,0.232523,0.417364,0.533066,0.735967,0.000000,0.000000,0.000000,-1,0.552261,0.792648,1.100296,-0.251058,0.502287,-0.093684,66.097794,219.739960,-481.313721,0,0
3.160000,2.640021,-0.556776,1.577306,0.259785,-0.875155,-0.408185,-0.848945,-0.005527,-0.528452,0.460222,0.483811,-0.744395,-0.708821,0.608088,-0.018353,0.357024,-0.206557,0.508142,-0.131131,0.188296,0.247183,0.375158,0.408185,0.528452,0.744395,0.000000,0.000000,0.000000,-1,0.390533,0.711823,1.063751,-0.200346,0.033957,-0.111498,67.855713,219.036804,-480.308228,0,0
3.200000,2.635849,-0.552959,1.587098,0.268667,-0.870551,-0.412262,-0.850861,-0.013872,-0.525207,0.451501,0.491883,-0.744445,-0.711861,0.604546,-0.013780,0.357194,-0.077197,-0.732104,-0.123224,-0.051803,0.194947,0.231523,0.412262,0.525207,0.744445,0.000000,0.000000,0.000000,-1,0.434921,0.789032,0.718216,-0.076247,-0.816701,-0.124186,65.394623,219.036804,-482.989624,0,0
3.240000,2.612565,-0.553475,1.590180,0.281974,-0.857994,-0.429345,-0.850543,-0.016489,-0.525647,0.443922,0.513395,-0.734411,-0.712894,0.599155,-0.005112,0.364374,0.017525,-0.813962,-0.039492,0.005576,0.263386,-0.016195,0.429345,0.525647,0.734410,0.000000,0.000000,0.000000,-1,0.535583,0.691437,0.742569,0.028513,-0.497054,0.082606,67.328339,218.157837,-482.486877,0,0
3.280000,2.587328,-0.555305,1.582024,0.287005,-0.847119,-0.447233,-0.849686,-0.009540,-0.527203,0.442337,0.531318,-0.722523,-0.710470,0.597072,0.001723,0.372472,0.221046,-0.058830,-0.040696,0.071810,-0.018566,0.088314,0.447233,0.527203,0.722523,0.000000,0.000000,0.000000,-1,0.519043,0.508636,0.810837,0.302731,-0.078137,-0.197009,67.855713,219.739960,-485.335876,0,0
3.320000,2.579644,-0.578750,1.583908,0.302519,-0.842324,-0.446062,-0.837075,-0.010976,-0.546978,0.455837,0.538859,-0.708409,-0.710969,0.590532,-0.003437,0.381816,0.642462,-0.488640,-0.467417,-0.138659,-0.066326,0.040507,0.446062,0.546978,0.708409,0.000000,0.000000,0.000000,-1,0.222977,0.489212,0.576385,0.562224,-0.766904,-0.339192,66.800964,218.685211,-484.330322,0,0
3.360000,2.556856,-0.599430,1.582956,0.321528,-0.830009,-0.455746,-0.825596,-0.010039,-0.564172,0.463693,0.557659,-0.688480,-0.710642,0.582433,-0.002796,0.394654,0.517197,-0.876579,-0.271103,-0.263623,-0.063379,-0.213322,0.455746,0.564172,0.688480,0.000000,0.000000,0.000000,-1,0.139099,0.515427,0.206467,0.338186,-1.013564,-0.215084,67.855713,219.388382,-486.006226,0,0
3.400000,2.507114,-0.617891,1.584453,0.354361,-0.800616,-0.483158,-0.815026,-0.011131,-0.579317,0.458433,0.599074,-0.656468,-0.710978,0.568106,0.008694,0.414356,0.101747,-0.917027,-0.300755,-0.294010,-0.080141,-0.514057,0.483158,0.579317,0.656468,0.000000,0.000000,0.000000,-1,0.230530,0.500168,0.140137,0.030247,-0.604048,-0.377225,69.789429,219.915756,-487.849670,0,0
3.440000,2.502932,-0.625873,1.594201,0.367905,-0.794503,-0.483127,-0.810230,-0.018967,-0.585805,0.456260,0.606965,-0.650708,-0.713719,0.562102,0.009411,0.417801,0.069461,0.093786,-0.375641,-0.214084,-0.093435,-0.466961,0.483127,0.585805,0.650708,0.000000,0.000000,0.000000,-1,0.318008,0.506622,0.347198,0.028728,0.280600,-0.351765,68.383087,219.212585,-487.514526,0,0
3.480000,2.518346,-0.631386,1.603926,0.371229,-0.800131,-0.471148,-0.806767,-0.026738,-0.590264,0.459691,0.599230,-0.655445,-0.716486,0.560687,0.003998,0.415044,-0.097689,0.383732,-0.293402,-0.100848,-0.090798,-0.226658,0.471148,0.590264,0.655445,0.000000,0.000000,0.000000,-1,0.473297,0.521774,0.596893,-0.259970,0.166985,-0.273463,67.504120,219.739960,-488.017273,0,0
3.520000,2.540439,-0.625004,1.632001,0.380752,-0.802898,-0.458675,-0.809443,-0.049603,-0.585100,0.447024,0.594049,-0.668786,-0.724421,0.556424,0.004021,0.406928,-0.430704,0.065546,-0.232099,0.067692,-0.049776,-0.060724,0.458675,0.585100,0.668786,0.000000,0.000000,0.000000,-1,0.551346,0.588242,0.664307,-0.448234,0.224304,-0.263695,66.449371,219.388382,-486.341400,0,0
3.560000,2.560924,-0.620792,1.648697,0.383199,-0.808727,-0.446227,-0.810951,-0.063302,-0.581680,0.442173,0.584767,-0.680096,-0.729143,0.555337,0.001390,0.399938,-0.250557,0.595958,-0.368650,0.119325,0.052109,0.036747,0.446227,0.581680,0.680096,0.000000,0.000000,0.000000,-1,0.607910,0.672745,0.855850,0.033198,0.825736,-0.502989,66.976746,220.618927,-486.508972,0,0
3.600000,2.593040,-0.628784,1.663190,0.384116,-0.821344,-0.421721,-0.805294,-0.077332,-0.592705,0.457810,0.558094,-0.692055,-0.733773,0.554621,-0.015601,0.392083,0.368647,0.931052,-0.543029,0.213972,0.083961,0.169960,0.412020,0.592705,0.692055,0.000000,0.000000,0.000000,-1,0.698883,0.607742,0.718689,0.569845,0.610981,-0.235753,65.218826,220.970505,-486.508972,0,0
3.640000,2.633405,-0.662677,1.664097,0.379457,-0.841938,-0.383606,-0.784920,-0.073447,-0.615229,0.489810,0.534553,-0.688723,-0.731715,0.555837,-0.036286,0.392838,0.502707,0.657313,-0.247948,0.222550,0.078634,0.032407,0.383606,0.615229,0.688723,0.000000,0.000000,0.000000,-1,0.435501,0.667786,0.870850,0.601244,0.865309,-0.336025,64.339874,220.443130,-487.682098,0,0
3.680000,2.656645,-0.683489,1.662670,0.374307,-0.853960,-0.361450,-0.772104,-0.071136,-0.631502,0.513566,0.515453,-0.685973,-0.729968,0.556895,-0.052097,0.392810,0.612482,0.692247,-0.247865,-0.024048,0.035200,0.211992,0.361450,0.631502,0.685973,0.000000,0.000000,0.000000,-1,0.162460,0.932693,0.814331,0.597046,0.478276,-0.268492,63.460907,221.673676,-488.184875,0,0
3.720000,2.661999,-0.709901,1.662186,0.380445,-0.856034,-0.349952,-0.755262,-0.069216,-0.651758,0.533706,0.512264,-0.672863,-0.728444,0.552992,-0.063064,0.399489,0.404975,-0.286809,-0.292656,-0.131202,0.363455,0.060185,0.349952,0.651758,0.672863,0.000000,0.000000,0.000000,-1,0.242905,1.047012,0.699493,-0.101393,-0.246745,-0.226268,63.988281,221.497879,-488.687622,0,1
3.760000,2.660293,-0.704480,1.673424,0.389044,-0.851015,-0.352730,-0.757939,-0.078060,-0.647638,0.523616,0.519307,-0.675386,-0.731862,0.549610,-0.058374,0.398622,-0.548176,-0.057461,0.208185,-0.107445,0.130804,0.069731,0.352730,0.647638,0.675386,0.000000,0.000000,0.000000,-1,0.176834,0.597107,0.765625,-0.703639,-0.131236,0.226470,64.164078,220.970505,-487.514526,0,0
3.800000,2.654132,-0.672919,1.683224,0.389211,-0.845195,-0.366278,-0.777068,-0.087734,-0.623272,0.494651,0.527207,-0.690922,-0.736184,0.550903,-0.043594,0.390690,-0.897889,-0.535430,0.171141,-0.222510,-0.139446,0.090466,0.366278,0.623272,0.690922,0.000000,0.000000,0.000000,-1,0.245346,0.437744,0.753540,-0.886838,-0.804355,0.164364,63.988281,220.794724,-488.687622,0,0
3.840000,2.645036,-0.655600,1.690200,0.393097,-0.838372,-0.377634,-0.787038,-0.094425,-0.609635,0.475443,0.536858,-0.696949,-0.738998,0.549870,-0.033088,0.387854,-0.863586,-0.815012,0.176184,-0.132288,-0.171891,0.056591,0.377634,0.609635,0.696949,0.000000,0.000000,0.000000,-1,0.275665,0.681076,0.671753,-0.840370,-1.731099,0.283597,66.273590,219.564178,-486.844177,0,0
3.880000,2.574925,-0.618576,1.703637,0.420296,-0.795031,-0.437352,-0.807527,-0.107908,-0.579876,0.413825,0.596893,-0.687362,-0.744239,0.538321,0.007903,0.395293,-0.429824,-1.169169,-0.086856,-0.106420,0.235218,0.054718,0.437352,0.579876,0.687362,0.000000,0.000000,0.000000,-1,0.304810,0.537445,0.605896,-0.203102,-0.980614,0.015904,67.152542,218.333633,-489.022827,0,0
3.920000,2.532529,-0.604674,1.690561,0.420900,-0.775451,-0.470659,-0.816794,-0.098293,-0.568494,0.394576,0.623711,-0.674755,-0.740599,0.537485,0.025683,0.402446,-0.092583,-0.631913,0.863043,-0.238680,-0.086972,-0.127529,0.470659,0.568494,0.674755,0.000000,0.000000,0.000000,-1,0.206451,0.320709,0.529190,-0.271307,-0.137688,0.682295,67.855713,218.685211,-489.022827,0,0
3.960000,2.516815,-0.586417,1.674095,0.405592,-0.773393,-0.487194,-0.828489,-0.085888,-0.553380,0.386136,0.628082,-0.675583,-0.736047,0.544082,0.034325,0.401286,-0.377720,0.053633,0.542022,-0.280743,-0.232671,-0.146393,0.487194,0.553380,0.675583,0.000000,0.000000,0.000000,-1,0.323517,0.376694,0.659134,-0.295966,0.213587,0.183665,69.789429,216.048340,-487.514526,0,0
4.000000,2.526618,-0.574081,1.673707,0.395564,-0.780280,-0.484450,-0.835249,-0.086261,-0.543063,0.381952,0.619453,-0.685850,-0.736151,0.548640,0.034809,0.394795,-0.020322,0.408330,-0.037353,-0.160933,-0.166370,-0.026716,0.484450,0.543063,0.685850,0.000000,0.000000,0.000000,-1,0.490341,0.442108,0.671967,0.310600,0.445761,-0.239516,68.383087,217.806259,-488.184875,0,0
4.040000,2.550497,-0.593794,1.673824,0.395541,-0.793861,-0.461879,-0.824429,-0.085241,-0.559510,0.404802,0.602096,-0.688198,-0.736373,0.549412,0.019378,0.394367,0.420325,0.537524,-0.260710,0.028462,-0.117402,-0.016231,0.461879,0.559510,0.688198,0.000000,0.000000,0.000000,-1,0.521500,0.451233,0.667084,0.311843,0.467367,-0.193797,68.207291,218.685211,-487.346924,0,0
4.080000,2.559970,-0.601024,1.669774,0.391715,-0.800784,-0.453105,-0.820720,-0.081500,-0.565487,0.415905,0.593383,-0.689144,-0.735248,0.551346,0.012649,0.394040,0.141539,0.131172,-0.107836,0.068425,-0.109738,-0.026562,0.453105,0.565487,0.689144,0.000000,0.000000,0.000000,-1,0.529114,0.494125,0.658493,-0.065137,-0.357564,-0.068466,68.734665,218.157837,-487.849670,0,1
4.120000,2.534693,-0.597467,1.671789,0.402017,-0.784888,-0.471523,-0.822550,-0.083355,-0.562550,0.402235,0.614006,-0.679120,-0.735611,0.546294,0.023548,0.399857,-0.183641,-0.945452,0.175710,0.006245,-0.045400,-0.026318,0.471523,0.562550,0.679120,0.000000,0.000000,0.000000,-1,0.508987,0.464478,0.634079,-0.233306,-0.978114,0.285655,67.679916,217.806259,-488.855225,0,0
4.160000,2.501666,-0.585591,1.665437,0.404357,-0.767362,-0.497645,-0.829656,-0.078754,-0.552692,0.384923,0.636360,-0.668492,-0.733417,0.544376,0.038424,0.405312,-0.220189,-0.965828,0.491405,0.041417,-0.119678,-0.042454,0.497645,0.552692,0.668492,0.000000,0.000000,0.000000,-1,0.510559,0.540680,0.749207,-0.236072,-0.712854,0.564862,68.383087,217.103088,-488.855225,0,0
4.200000,2.468892,-0.564914,1.651327,0.395410,-0.752773,-0.526292,-0.841897,-0.067946,-0.535343,0.367233,0.654764,-0.660624,-0.728694,0.547099,0.054570,0.408302,-0.255183,-0.224293,0.502746,0.015547,0.059154,0.114889,0.526292,0.535343,0.660624,0.000000,0.000000,0.000000,-1,0.699295,0.736206,1.097275,-0.295778,0.570118,0.253703,70.844177,215.696747,-488.520020,0,0
4.240000,2.519470,-0.547463,1.658920,0.373684,-0.782793,-0.497589,-0.850535,-0.075147,-0.520522,0.370069,0.617728,-0.693874,-0.731899,0.557908,0.043558,0.388800,-0.477023,1.708815,-0.291118,0.211334,0.240876,0.539555,0.497589,0.520522,0.693874,0.000000,0.000000,0.000000,-1,0.628708,0.782806,1.257904,-0.477071,1.360616,-0.398765,69.086258,217.103088,-489.190399,0,0
4.280000,2.554244,-0.543184,1.677302,0.373290,-0.797248,-0.474395,-0.851217,-0.091004,-0.516864,0.368897,0.596753,-0.712602,-0.737715,0.558639,0.035752,0.377387,-0.348012,0.007755,-0.291069,0.085252,0.291669,0.538283,0.474395,0.516864,0.712602,0.000000,0.000000,0.000000,-1,0.488113,0.825638,0.911728,-0.247896,-0.760943,-0.282862,68.910461,215.872543,-487.346924,0,0
