0.000000,-1.446520,0.482635,0.436944,0.307196,-0.364813,0.878944,-0.374835,0.802556,0.464115,-0.874717,-0.472034,0.109797,0.314183,-0.588550,0.003364,0.744908,-0.008742,-0.001202,-0.003026,0.012733,0.005268,-0.002858,-0.878944,-0.464115,-0.109797,0.000000,0.000000,0.000000,-1,-0.867065,-0.461426,-0.116425,-0.039434,-0.003276,-0.011400,-6.152710,220.267349,-541.477966,0,0
0.040000,-1.445995,0.482739,0.435225,0.307067,-0.365176,0.878838,-0.373435,0.803155,0.464207,-0.875361,-0.470731,0.110253,0.313711,-0.588608,0.002771,0.745063,-0.035479,-0.040306,0.002643,0.014168,0.004200,-0.009422,-0.878838,-0.464207,-0.110253,0.000000,0.000000,0.000000,-1,-0.864792,-0.461502,-0.116699,-0.064016,-0.035034,-0.010025,-6.504303,219.212585,-541.813110,0,0
0.080000,-1.446152,0.482648,0.433468,0.306254,-0.365716,0.878897,-0.372041,0.803849,0.464126,-0.876239,-0.469126,0.110121,0.313163,-0.588955,0.002123,0.745021,-0.054673,-0.045602,0.000675,0.013236,0.005157,-0.005434,-0.878897,-0.464126,-0.110121,0.000000,0.000000,0.000000,-1,-0.869293,-0.461823,-0.111084,-0.085349,-0.042502,-0.016224,-5.976913,219.739960,-542.651062,0,0
0.120000,-1.446378,0.482637,0.431182,0.305215,-0.366512,0.878927,-0.370205,0.804701,0.464117,-0.877378,-0.467038,0.109922,0.312487,-0.589399,0.001239,0.744956,-0.068563,-0.055181,-0.005579,0.009634,0.002294,-0.001162,-0.878927,-0.464117,-0.109922,0.000000,0.000000,0.000000,-1,-0.872940,-0.454254,-0.108154,-0.091759,-0.047816,-0.018285,-6.328506,220.091553,-540.304810,0,0
0.160000,-1.447388,0.482001,0.427388,0.302702,-0.367627,0.879331,-0.367272,0.806368,0.463553,-0.879479,-0.463272,0.109071,0.311152,-0.590465,-0.000119,0.744671,-0.058947,-0.041450,-0.008878,0.004559,0.014853,0.008408,-0.879331,-0.463553,-0.109071,0.000000,0.000000,0.000000,-1,-0.875305,-0.447769,-0.099197,-0.073612,-0.029844,-0.021689,-7.031677,219.388382,-542.315918,0,0
0.200000,-1.448287,0.481494,0.425768,0.301130,-0.368126,0.879661,-0.366061,0.807177,0.463104,-0.880522,-0.461464,0.108309,0.310502,-0.591130,-0.000693,0.744415,-0.022682,-0.022400,-0.008137,0.004219,0.012359,0.008242,-0.879661,-0.463104,-0.108309,0.000000,0.000000,0.000000,-1,-0.875580,-0.451431,-0.100601,-0.030927,-0.003317,-0.015728,-6.504303,219.564178,-541.477966,0,0
0.240000,-1.449074,0.481121,0.425663,0.300263,-0.368222,0.879918,-0.366048,0.807372,0.462774,-0.880824,-0.461046,0.107637,0.310344,-0.591496,-0.000730,0.744190,0.004021,-0.003278,0.000127,0.005543,0.007787,0.006166,-0.879918,-0.462774,-0.107637,0.000000,0.000000,0.000000,-1,-0.872101,-0.451920,-0.098984,-0.004259,0.010474,-0.012790,-6.680084,220.443130,-541.645569,0,0
0.280000,-1.449637,0.480948,0.426558,0.300034,-0.368073,0.880058,-0.366804,0.807117,0.462619,-0.880588,-0.461610,0.107152,0.310550,-0.591594,-0.000426,0.744027,0.022147,0.005172,-0.001099,0.008995,0.007801,0.006245,-0.880058,-0.462619,-0.107152,0.000000,0.000000,0.000000,-1,-0.868713,-0.460709,-0.101776,-0.003185,0.013651,-0.012810,-6.680084,219.739960,-540.975220,0,0
0.320000,-1.450104,0.481241,0.427451,0.300059,-0.368256,0.879973,-0.367468,0.806666,0.462880,-0.880302,-0.462253,0.106725,0.310913,-0.591583,-0.000265,0.743883,0.014707,0.007281,-0.001056,0.008482,0.002355,0.002477,-0.879973,-0.462880,-0.106725,0.000000,0.000000,0.000000,-1,-0.871552,-0.456696,-0.104004,-0.005296,0.022095,-0.016022,-7.031677,219.036804,-542.651062,0,0
0.360000,-1.449967,0.481431,0.428187,0.300520,-0.368124,0.879871,-0.368026,0.806315,0.463048,-0.879912,-0.462970,0.106835,0.311195,-0.591388,-0.000033,0.743920,0.016862,0.019938,-0.006445,0.007053,0.005162,0.001870,-0.879871,-0.463048,-0.106835,0.000000,0.000000,0.000000,-1,-0.872009,-0.456589,-0.095154,-0.008473,0.031589,-0.020294,-5.976913,220.794724,-540.975220,0,0
0.400000,-1.449877,0.481775,0.428966,0.301011,-0.368123,0.879703,-0.368587,0.805883,0.463353,-0.879509,-0.463722,0.106895,0.311542,-0.591180,0.000156,0.743940,0.010468,0.019874,-0.011718,0.004856,0.005558,0.006599,-0.879703,-0.463353,-0.106895,0.000000,0.000000,0.000000,-1,-0.874268,-0.452927,-0.092255,-0.010610,0.031560,-0.023473,-7.207458,220.267349,-541.477966,0,0
0.440000,-1.450319,0.481930,0.430189,0.301130,-0.368084,0.879679,-0.369542,0.805366,0.463491,-0.879067,-0.464650,0.106497,0.311956,-0.591130,0.000490,0.743807,0.026497,0.029419,-0.006536,0.006556,0.012029,0.013403,-0.879679,-0.463491,-0.106497,0.000000,0.000000,0.000000,-1,-0.875488,-0.450989,-0.099686,0.010726,0.039038,-0.016209,-6.328506,220.443130,-540.640015,0,0
0.480000,-1.450387,0.481689,0.432096,0.301683,-0.367348,0.879797,-0.371124,0.804762,0.463277,-0.878211,-0.466277,0.106451,0.312438,-0.590895,0.001269,0.743790,0.042512,0.031588,0.001846,0.005667,0.008595,0.007910,-0.879797,-0.463277,-0.106451,0.000000,0.000000,0.000000,-1,-0.871658,-0.455246,-0.101700,0.020330,0.040163,-0.008831,-7.031677,219.036804,-541.310364,0,0
0.520000,-1.450339,0.481541,0.434177,0.302433,-0.366579,0.879860,-0.372827,0.804050,0.463145,-0.877231,-0.468106,0.106501,0.313002,-0.590575,0.002100,0.743805,0.041459,0.033709,0.002917,0.009301,0.007380,0.006205,-0.879860,-0.463145,-0.106501,0.000000,0.000000,0.000000,-1,-0.869751,-0.460709,-0.101486,0.016081,0.043342,-0.008810,-6.855881,219.915756,-540.472412,0,0
0.560000,-1.449759,0.481802,0.435815,0.303639,-0.366019,0.879678,-0.374093,0.803328,0.463377,-0.876275,-0.469781,0.106997,0.313574,-0.590062,0.002713,0.743970,0.030801,0.032622,-0.000197,0.009439,0.001143,-0.000898,-0.879678,-0.463377,-0.106997,0.000000,0.000000,0.000000,-1,-0.867691,-0.459930,-0.110443,0.001157,0.041188,-0.012947,-7.207458,220.618927,-542.818665,0,0
0.600000,-1.448661,0.482141,0.436560,0.304999,-0.365546,0.879404,-0.374624,0.802907,0.463677,-0.875575,-0.470867,0.107943,0.313906,-0.589484,0.003049,0.744287,0.015854,0.027283,-0.005415,0.012186,0.002221,-0.002652,-0.879404,-0.463677,-0.107943,0.000000,0.000000,0.000000,-1,-0.867142,-0.458405,-0.114639,-0.011654,0.035826,-0.020285,-5.273758,219.036804,-540.975220,0,0
0.640000,-1.446981,0.482831,0.436718,0.306784,-0.365256,0.878904,-0.374615,0.802558,0.464289,-0.874955,-0.471687,0.109381,0.314183,-0.588726,0.003142,0.744769,0.001991,0.025140,-0.009566,0.011426,0.002634,-0.003946,-0.878904,-0.464289,-0.109381,0.000000,0.000000,0.000000,-1,-0.867188,-0.459595,-0.112961,-0.019125,0.031572,-0.022342,-8.262222,218.861008,-541.813110,0,0
0.680000,-1.446107,0.483267,0.436652,0.307687,-0.365210,0.878607,-0.374477,0.802399,0.464674,-0.874697,-0.471993,0.110125,0.314310,-0.588343,0.003110,0.745019,0.001970,0.019839,-0.010614,0.010199,0.004118,-0.003401,-0.878607,-0.464674,-0.110125,0.000000,0.000000,0.000000,-1,-0.868851,-0.461151,-0.114624,-0.022339,0.025218,-0.022293,-6.680084,221.146301,-542.651062,0,0
0.720000,-1.445033,0.483702,0.436396,0.308694,-0.365129,0.878288,-0.374187,0.802312,0.465060,-0.874467,-0.472205,0.111043,0.314380,-0.587915,0.003038,0.745327,-0.000184,0.012443,-0.009505,0.012321,0.006625,-0.004894,-0.878288,-0.465060,-0.111043,0.000000,0.000000,0.000000,-1,-0.866302,-0.459991,-0.113647,-0.025546,0.020982,-0.022252,-7.734833,219.388382,-542.651062,0,0
0.760000,-1.444122,0.484153,0.436023,0.309522,-0.365173,0.877978,-0.373799,0.802261,0.465459,-0.874340,-0.472257,0.111816,0.314422,-0.587563,0.002892,0.745587,-0.003394,0.009264,-0.010536,0.009829,0.004582,-0.003723,-0.877978,-0.465459,-0.111816,0.000000,0.000000,0.000000,-1,-0.865051,-0.461594,-0.115433,-0.027688,0.016746,-0.022220,-7.559052,219.212585,-542.818665,0,0
0.800000,-1.443400,0.484650,0.435454,0.310129,-0.365404,0.877667,-0.373244,0.802264,0.465899,-0.874362,-0.472073,0.112420,0.314422,-0.587306,0.002628,0.745790,-0.011884,0.001915,-0.008338,0.014447,0.001513,-0.002326,-0.877667,-0.465899,-0.112421,0.000000,0.000000,0.000000,-1,-0.865463,-0.463333,-0.113281,-0.036223,0.009354,-0.019995,-6.328506,220.091553,-541.310364,0,0
0.840000,-1.442878,0.485085,0.434536,0.310411,-0.365788,0.877407,-0.372423,0.802422,0.466284,-0.874612,-0.471506,0.112853,0.314299,-0.587188,0.002223,0.745937,-0.021484,-0.002326,-0.009316,0.008664,0.002813,-0.001466,-0.877407,-0.466284,-0.112853,0.000000,0.000000,0.000000,-1,-0.863586,-0.460617,-0.113892,-0.046889,0.004051,-0.020958,-7.207458,219.915756,-542.483521,0,0
0.880000,-1.442325,0.485392,0.432952,0.310428,-0.366264,0.877203,-0.371091,0.802881,0.466555,-0.875172,-0.470354,0.113319,0.313938,-0.587183,0.001617,0.746094,-0.028953,-0.009706,-0.006036,0.010794,0.005862,0.001503,-0.877203,-0.466555,-0.113319,0.000000,0.000000,0.000000,-1,-0.869354,-0.460510,-0.111038,-0.052220,-0.000164,-0.018770,-7.207458,219.564178,-541.813110,0,0
0.920000,-1.442185,0.485421,0.431954,0.310196,-0.366531,0.877174,-0.370284,0.803239,0.466580,-0.875596,-0.469534,0.113441,0.313654,-0.587282,0.001257,0.746136,-0.025774,-0.012903,-0.008178,0.008003,0.008176,-0.001137,-0.877174,-0.466580,-0.113441,0.000000,0.000000,0.000000,-1,-0.867096,-0.461060,-0.114670,-0.053298,-0.005450,-0.017677,-7.734833,220.794724,-542.651062,0,0
0.960000,-1.442012,0.485402,0.430874,0.309945,-0.366770,0.877163,-0.369419,0.803646,0.466564,-0.876050,-0.468650,0.113594,0.313331,-0.587390,0.000888,0.746188,-0.032078,-0.015979,-0.005998,0.010112,0.004574,0.000892,-0.877163,-0.466564,-0.113594,0.000000,0.000000,0.000000,-1,-0.869385,-0.458862,-0.110794,-0.054369,-0.008617,-0.016591,-7.207458,219.915756,-542.483521,0,0
1.000000,-1.442115,0.485311,0.429141,0.309184,-0.367282,0.877217,-0.368044,0.804324,0.466483,-0.876897,-0.467083,0.113508,0.312791,-0.587714,0.000255,0.746160,-0.018212,-0.005422,-0.009335,0.007756,0.009239,0.001936,-0.877217,-0.466483,-0.113508,0.000000,0.000000,0.000000,-1,-0.869217,-0.458939,-0.109589,-0.039435,0.005099,-0.022085,-7.383255,220.443130,-541.980713,0,0
1.040000,-1.441996,0.485414,0.428519,0.309097,-0.367501,0.877156,-0.367524,0.804509,0.466574,-0.877146,-0.466592,0.113607,0.312643,-0.587751,0.000008,0.746193,-0.019265,-0.003285,-0.007203,0.011052,0.005347,0.002049,-0.877156,-0.466574,-0.113606,0.000000,0.000000,0.000000,-1,-0.870697,-0.461517,-0.112137,-0.037288,0.008305,-0.018918,-7.031677,219.388382,-540.640015,0,0
1.080000,-1.441710,0.485538,0.427841,0.309144,-0.367676,0.877066,-0.366954,0.804705,0.466684,-0.877368,-0.466116,0.113850,0.312486,-0.587731,-0.000242,0.746274,-0.011717,0.004176,-0.009421,0.007391,0.004861,0.000386,-0.877066,-0.466684,-0.113850,0.000000,0.000000,0.000000,-1,-0.868088,-0.460327,-0.113449,-0.031963,0.011452,-0.022167,-6.855881,220.267349,-541.477966,0,0
1.120000,-1.441435,0.485771,0.427378,0.309300,-0.367877,0.876926,-0.366536,0.804776,0.466890,-0.877488,-0.465835,0.114077,0.312429,-0.587665,-0.000449,0.746350,-0.008524,0.002076,-0.007307,0.009434,0.005968,0.003436,-0.876926,-0.466890,-0.114077,0.000000,0.000000,0.000000,-1,-0.870758,-0.458649,-0.112656,-0.033007,0.014669,-0.017909,-7.031677,218.685211,-542.315918,0,0
1.160000,-1.441067,0.485788,0.427058,0.309512,-0.367818,0.876876,-0.366276,0.804886,0.466905,-0.877522,-0.465691,0.114399,0.312341,-0.587574,-0.000516,0.746458,-0.001053,0.007380,-0.006317,0.008758,0.006670,0.001713,-0.876876,-0.466905,-0.114399,0.000000,0.000000,0.000000,-1,-0.867676,-0.460220,-0.113220,-0.022344,0.019962,-0.018012,-6.855881,220.267349,-542.818665,0,0
1.200000,-1.440685,0.485836,0.427053,0.309863,-0.367679,0.876811,-0.366263,0.804868,0.466947,-0.877403,-0.465833,0.114732,0.312356,-0.587425,-0.000474,0.746569,0.002153,0.010566,-0.005285,0.009959,0.006376,0.002351,-0.876811,-0.466947,-0.114732,0.000000,0.000000,0.000000,-1,-0.868744,-0.459717,-0.113373,-0.021274,0.019981,-0.015890,-6.152710,218.861008,-541.813110,0,0
1.240000,-1.440330,0.485846,0.427120,0.310203,-0.367502,0.876765,-0.366314,0.804839,0.466957,-0.877262,-0.466023,0.115042,0.312379,-0.587281,-0.000397,0.746673,0.003261,0.011648,-0.004228,0.009364,0.007957,0.002219,-0.876765,-0.466957,-0.115042,0.000000,0.000000,0.000000,-1,-0.867401,-0.459351,-0.114777,-0.015947,0.021039,-0.015935,-6.680084,219.036804,-542.315918,0,0
1.280000,-1.439942,0.485942,0.427451,0.310699,-0.367294,0.876676,-0.366562,0.804677,0.467041,-0.876982,-0.466466,0.115376,0.312508,-0.587069,-0.000245,0.746785,0.008597,0.014834,-0.003215,0.010282,0.005280,-0.000499,-0.876676,-0.467041,-0.115376,0.000000,0.000000,0.000000,-1,-0.864304,-0.460983,-0.115433,-0.014864,0.026344,-0.014898,-6.152710,218.861008,-542.148315,0,0
1.320000,-1.439207,0.486259,0.427693,0.311548,-0.367129,0.876444,-0.366695,0.804453,0.467321,-0.876626,-0.466981,0.116001,0.312687,-0.586708,-0.000145,0.746994,0.008591,0.015866,-0.006416,0.012354,0.002646,-0.002193,-0.876444,-0.467321,-0.116001,0.000000,0.000000,0.000000,-1,-0.865631,-0.463257,-0.122711,-0.013816,0.024186,-0.019159,-7.031677,219.036804,-542.315918,0,0
1.360000,-1.438314,0.486769,0.427806,0.312557,-0.367083,0.876104,-0.366687,0.804195,0.467772,-0.876270,-0.467461,0.116752,0.312894,-0.586278,-0.000133,0.747246,0.012826,0.007419,-0.004290,0.012136,0.002791,-0.004204,-0.876104,-0.467772,-0.116752,0.000000,0.000000,0.000000,-1,-0.864090,-0.465530,-0.122101,-0.009573,0.013653,-0.012761,-5.449539,219.212585,-541.142822,0,0
1.400000,-1.438192,0.486880,0.428254,0.312869,-0.366975,0.876038,-0.367026,0.803983,0.467871,-0.876016,-0.467911,0.116852,0.313063,-0.586145,0.000017,0.747279,0.018139,-0.004130,0.006363,0.011185,0.003287,-0.002563,-0.876038,-0.467871,-0.116852,0.000000,0.000000,0.000000,-1,-0.863419,-0.461594,-0.116653,-0.002108,0.006365,0.001058,-6.680084,219.036804,-541.645569,0,0
1.440000,-1.438545,0.486503,0.429082,0.312727,-0.366581,0.876254,-0.367765,0.803839,0.467538,-0.875757,-0.468467,0.116566,0.313178,-0.586205,0.000396,0.747183,0.017121,-0.002961,0.019166,0.014163,0.004434,0.000462,-0.876254,-0.467538,-0.116566,0.000000,0.000000,0.000000,-1,-0.869858,-0.463608,-0.114883,-0.002091,0.007474,0.006380,-7.559052,219.212585,-541.813110,0,0
1.480000,-1.439043,0.485857,0.430384,0.312531,-0.365892,0.876611,-0.368937,0.803634,0.466967,-0.875334,-0.469356,0.116169,0.313340,-0.586288,0.001019,0.747050,0.026709,0.007531,0.008400,0.009851,0.005739,-0.001247,-0.876611,-0.466967,-0.116169,0.000000,0.000000,0.000000,-1,-0.862381,-0.465668,-0.118896,0.005364,0.015856,-0.003297,-7.383255,218.685211,-542.315918,0,0
1.520000,-1.438993,0.485980,0.431140,0.312896,-0.365730,0.876548,-0.369521,0.803303,0.467075,-0.874957,-0.470049,0.116206,0.313603,-0.586132,0.001268,0.747062,0.022440,0.005407,0.007372,0.015220,-0.003460,-0.003225,-0.876548,-0.467075,-0.116206,0.000000,0.000000,0.000000,-1,-0.860855,-0.471115,-0.122345,-0.008499,0.011594,-0.006369,-7.383255,220.794724,-540.304810,0,0
1.560000,-1.438627,0.486464,0.431462,0.313511,-0.365843,0.876282,-0.369685,0.802979,0.467503,-0.874668,-0.470515,0.116496,0.313862,-0.585869,0.001286,0.747159,0.006457,0.001103,0.002205,0.012787,-0.002972,-0.004887,-0.876282,-0.467503,-0.116496,0.000000,0.000000,0.000000,-1,-0.863159,-0.467728,-0.119888,-0.023422,0.009440,-0.010507,-7.559052,219.564178,-541.142822,0,0
1.600000,-1.438264,0.486816,0.431216,0.313868,-0.366029,0.876076,-0.369418,0.802920,0.467814,-0.874652,-0.470471,0.116793,0.313909,-0.585717,0.001134,0.747258,-0.005274,-0.002097,-0.000893,0.011452,0.002665,-0.001997,-0.876076,-0.467814,-0.116793,0.000000,0.000000,0.000000,-1,-0.865494,-0.461227,-0.120224,-0.031955,0.005195,-0.011490,-5.273758,219.388382,-540.975220,0,0
1.640000,-1.437974,0.486770,0.430664,0.313903,-0.366030,0.876063,-0.368984,0.803143,0.467774,-0.874823,-0.470089,0.117050,0.313732,-0.585703,0.000988,0.747345,-0.009545,-0.006320,0.000221,0.010020,0.006546,-0.001252,-0.876063,-0.467774,-0.117050,0.000000,0.000000,0.000000,-1,-0.864288,-0.458908,-0.118576,-0.031971,0.000949,-0.012539,-6.680084,218.685211,-541.980713,0,0
1.680000,-1.437996,0.486569,0.430259,0.313662,-0.366007,0.876159,-0.368698,0.803378,0.467596,-0.875030,-0.469705,0.117043,0.313545,-0.585806,0.000900,0.747342,-0.006365,-0.009506,-0.000854,0.008819,0.010794,-0.002037,-0.876159,-0.467596,-0.117043,0.000000,0.000000,0.000000,-1,-0.869385,-0.459457,-0.116211,-0.027701,0.002037,-0.009381,-7.383255,218.685211,-541.980713,0,0
1.720000,-1.438134,0.486070,0.430062,0.313287,-0.365736,0.876406,-0.368637,0.803663,0.467155,-0.875190,-0.469429,0.116953,0.313317,-0.585965,0.000970,0.747312,0.000081,-0.004224,0.001254,0.007403,0.009498,0.000208,-0.876407,-0.467155,-0.116953,0.000000,0.000000,0.000000,-1,-0.866913,-0.459854,-0.116104,-0.019181,0.005182,-0.012655,-5.976913,219.388382,-540.975220,0,0
1.760000,-1.438082,0.485974,0.430117,0.313317,-0.365618,0.876445,-0.368700,0.803683,0.467070,-0.875153,-0.469486,0.117004,0.313301,-0.585953,0.001031,0.747329,-0.002031,0.004221,-0.001956,0.008937,0.005369,0.000427,-0.876445,-0.467070,-0.117004,0.000000,0.000000,0.000000,-1,-0.868546,-0.464081,-0.115036,-0.026627,0.008352,-0.013674,-6.152710,219.564178,-542.483521,0,0
1.800000,-1.438009,0.486082,0.429826,0.313389,-0.365721,0.876376,-0.368445,0.803744,0.467165,-0.875235,-0.469301,0.117137,0.313252,-0.585922,0.000911,0.747374,-0.009499,-0.003160,0.001325,0.012500,0.003542,-0.002782,-0.876376,-0.467166,-0.117137,0.000000,0.000000,0.000000,-1,-0.866318,-0.463074,-0.118713,-0.034097,0.002009,-0.012527,-6.855881,219.915756,-542.148315,0,0
1.840000,-1.437947,0.486444,0.428951,0.313181,-0.366295,0.876211,-0.367671,0.803912,0.467486,-0.875634,-0.468565,0.117094,0.313119,-0.586011,0.000461,0.747360,-0.024445,-0.013777,-0.001720,0.014257,0.000246,0.003157,-0.876211,-0.467486,-0.117094,0.000000,0.000000,0.000000,-1,-0.866180,-0.466660,-0.110565,-0.053283,-0.003302,-0.014489,-7.031677,219.036804,-542.986267,0,0
1.880000,-1.438075,0.486648,0.427869,0.312746,-0.366856,0.876132,-0.366762,0.804223,0.467666,-0.876171,-0.467592,0.116969,0.312872,-0.586197,-0.000032,0.747318,-0.039334,-0.019168,-0.007926,0.008486,0.002960,0.004222,-0.876132,-0.467666,-0.116969,0.000000,0.000000,0.000000,-1,-0.867447,-0.459259,-0.110458,-0.060769,-0.008655,-0.020803,-6.152710,220.618927,-542.148315,0,0
1.920000,-1.438300,0.486676,0.426294,0.311980,-0.367475,0.876145,-0.365488,0.804788,0.467691,-0.876976,-0.466131,0.116770,0.312419,-0.586523,-0.000665,0.747251,-0.033984,-0.011748,-0.006929,0.007142,0.007714,0.006205,-0.876145,-0.467691,-0.116770,0.000000,0.000000,0.000000,-1,-0.871857,-0.455475,-0.109177,-0.049009,0.001993,-0.014542,-6.855881,219.915756,-541.142822,0,0
1.960000,-1.438624,0.486140,0.425466,0.311197,-0.367456,0.876432,-0.364926,0.805319,0.467216,-0.877488,-0.465229,0.116519,0.311993,-0.586857,-0.000847,0.747167,-0.014778,-0.006373,0.002495,0.003186,0.015037,0.006534,-0.876432,-0.467216,-0.116519,0.000000,0.000000,0.000000,-1,-0.877579,-0.449753,-0.109894,-0.028758,0.005204,-0.010450,-6.504303,220.618927,-541.477966,0,0
2.000000,-1.439346,0.485187,0.425865,0.310366,-0.366907,0.876956,-0.365431,0.805578,0.466374,-0.877572,-0.465213,0.115945,0.311787,-0.587211,-0.000494,0.746975,0.015052,-0.001089,0.002254,0.003513,0.017735,0.006493,-0.876956,-0.466374,-0.115945,0.000000,0.000000,0.000000,-1,-0.869370,-0.451721,-0.114441,-0.003178,0.011582,-0.007476,-7.559052,219.564178,-540.807617,0,0
2.040000,-1.439621,0.484597,0.427014,0.310332,-0.366207,0.877261,-0.366470,0.805408,0.465851,-0.877151,-0.466058,0.115740,0.311923,-0.587226,0.000088,0.746907,0.030006,0.011656,0.006357,0.009600,0.009202,-0.000105,-0.877261,-0.465851,-0.115740,0.000000,0.000000,0.000000,-1,-0.865311,-0.467117,-0.119919,0.008570,0.019043,-0.002268,-7.383255,219.739960,-541.310364,0,0
2.080000,-1.439444,0.484836,0.428224,0.311017,-0.365939,0.877130,-0.367398,0.804863,0.466063,-0.876520,-0.467210,0.115880,0.312360,-0.586934,0.000488,0.746954,0.011920,-0.000014,0.008722,0.015634,-0.005403,-0.005183,-0.877130,-0.466063,-0.115881,0.000000,0.000000,0.000000,-1,-0.857986,-0.471832,-0.124878,-0.020218,0.008429,-0.005201,-7.207458,219.915756,-540.472412,0,0
2.120000,-1.438730,0.485604,0.427721,0.311738,-0.366376,0.876692,-0.366845,0.804721,0.466743,-0.876495,-0.467111,0.116459,0.312473,-0.586627,0.000157,0.747148,-0.016877,-0.012739,0.005787,0.018186,-0.008752,-0.007900,-0.876692,-0.466743,-0.116459,0.000000,0.000000,0.000000,-1,-0.857620,-0.476059,-0.124008,-0.056504,-0.018060,-0.006951,-7.207458,219.212585,-541.477966,0,0
2.160000,-1.438321,0.486279,0.425825,0.311646,-0.367314,0.876332,-0.365188,0.805128,0.467339,-0.877220,-0.465670,0.116776,0.312146,-0.586666,-0.000711,0.747253,-0.042507,-0.034998,0.002862,0.018864,-0.005408,-0.006774,-0.876332,-0.467339,-0.116776,0.000000,0.000000,0.000000,-1,-0.863846,-0.467056,-0.122345,-0.070381,-0.026569,-0.011073,-6.152710,219.564178,-542.148315,0,0
2.200000,-1.438209,0.486476,0.422814,0.310708,-0.368356,0.876227,-0.362724,0.806141,0.467513,-0.878574,-0.463089,0.116863,0.311330,-0.587063,-0.001884,0.747280,-0.048875,-0.031912,-0.002386,0.011939,0.004897,-0.000508,-0.876227,-0.467513,-0.116863,0.000000,0.000000,0.000000,-1,-0.869385,-0.459198,-0.120499,-0.067176,-0.020245,-0.014318,-6.152710,220.970505,-542.148315,0,0
2.240000,-1.438195,0.486149,0.421380,0.310074,-0.368534,0.876377,-0.361631,0.806799,0.467224,-0.879248,-0.461799,0.116894,0.310798,-0.587331,-0.002309,0.747290,-0.027555,-0.026580,0.001691,0.009983,0.007675,-0.004184,-0.876377,-0.467224,-0.116894,0.000000,0.000000,0.000000,-1,-0.868637,-0.462997,-0.122421,-0.036239,-0.006415,-0.007152,-5.449539,220.618927,-541.142822,0,0
2.280000,-1.438091,0.485793,0.420578,0.309743,-0.368450,0.876530,-0.361051,0.807240,0.466910,-0.879603,-0.461094,0.117007,0.310441,-0.587471,-0.002475,0.747327,-0.000891,-0.014882,0.006768,0.007587,0.004447,-0.007062,-0.876530,-0.466910,-0.117007,0.000000,0.000000,0.000000,-1,-0.866058,-0.464035,-0.120728,-0.013845,-0.002105,0.001181,-5.976913,220.794724,-541.980713,0,0
2.320000,-1.438471,0.485610,0.420892,0.309459,-0.368381,0.876659,-0.361340,0.807205,0.466748,-0.879584,-0.461211,0.116686,0.310471,-0.587592,-0.002356,0.747220,0.008715,-0.012693,0.014138,0.016063,-0.003513,-0.003293,-0.876659,-0.466748,-0.116686,0.000000,0.000000,0.000000,-1,-0.858276,-0.468216,-0.117523,-0.017049,-0.005282,0.001217,-6.504303,219.564178,-541.813110,0,0
2.360000,-1.438755,0.485733,0.420907,0.309259,-0.368605,0.876635,-0.361328,0.807148,0.466856,-0.879660,-0.461132,0.116430,0.310516,-0.587677,-0.002435,0.747134,0.002288,-0.020163,0.007820,0.018054,0.000594,-0.003535,-0.876635,-0.466856,-0.116430,0.000000,0.000000,0.000000,-1,-0.864059,-0.462250,-0.120331,-0.023487,-0.014891,-0.007219,-7.207458,218.509415,-541.813110,0,0
2.400000,-1.439323,0.485693,0.420669,0.308656,-0.368909,0.876720,-0.361144,0.807250,0.466821,-0.879947,-0.460709,0.115934,0.310432,-0.587933,-0.002599,0.746967,-0.004110,-0.025527,0.003671,0.010845,0.005945,0.000013,-0.876720,-0.466821,-0.115934,0.000000,0.000000,0.000000,-1,-0.869781,-0.457336,-0.112823,-0.021365,-0.019108,-0.005089,-7.031677,219.388382,-540.975220,0,0
2.440000,-1.441037,0.484604,0.421186,0.306949,-0.368668,0.877420,-0.361769,0.807527,0.465858,-0.880287,-0.460418,0.114497,0.310212,-0.588660,-0.002311,0.746487,0.020418,-0.017012,0.008783,0.000910,0.020103,0.005046,-0.877420,-0.465858,-0.114497,0.000000,0.000000,0.000000,-1,-0.880371,-0.439072,-0.105103,0.008502,-0.004249,-0.001115,-6.328506,219.036804,-540.975220,0,0
2.480000,-1.442346,0.483228,0.422714,0.305864,-0.367700,0.878205,-0.363265,0.807557,0.464640,-0.880049,-0.461138,0.113430,0.310192,-0.589123,-0.001486,0.746132,0.050300,-0.000008,0.015955,-0.000991,0.026178,0.007046,-0.878205,-0.464640,-0.113430,0.000000,0.000000,0.000000,-1,-0.882690,-0.446793,-0.101685,0.044807,0.022310,0.008091,-7.207458,219.564178,-541.813110,0,0
2.520000,-1.444164,0.481517,0.426216,0.304931,-0.366101,0.879197,-0.366419,0.807003,0.463124,-0.879064,-0.463375,0.111934,0.310642,-0.589521,0.000106,0.745632,0.074847,0.014779,0.016823,0.004242,0.013265,0.010905,-0.879197,-0.463124,-0.111934,0.000000,0.000000,0.000000,-1,-0.872589,-0.453003,-0.104568,0.052261,0.023357,0.006964,-6.152710,218.861008,-541.813110,0,0
2.560000,-1.446082,0.481185,0.430505,0.304694,-0.365420,0.879562,-0.369941,0.805564,0.462830,-0.877671,-0.466407,0.110266,0.311795,-0.589619,0.001517,0.745071,0.053528,0.005257,0.018088,0.016464,-0.000580,0.007910,-0.879562,-0.462830,-0.110266,0.000000,0.000000,0.000000,-1,-0.864532,-0.468399,-0.101349,0.021346,0.012754,0.005113,-6.328506,218.333633,-541.310364,0,0
2.600000,-1.447036,0.481456,0.431923,0.304474,-0.365650,0.879543,-0.371030,0.804924,0.463070,-0.877287,-0.467330,0.109411,0.312305,-0.589711,0.001806,0.744784,0.024728,-0.008556,0.013031,0.016353,-0.006870,0.007239,-0.879543,-0.463070,-0.109412,0.000000,0.000000,0.000000,-1,-0.866257,-0.461395,-0.105118,-0.011740,-0.008480,-0.000942,-5.449539,221.322098,-541.477966,0,0
2.640000,-1.448108,0.481593,0.432442,0.303775,-0.366103,0.879596,-0.371421,0.804674,0.463191,-0.877364,-0.467406,0.108461,0.312506,-0.590008,0.001786,0.744465,-0.004083,-0.023446,0.005849,0.010593,0.001934,0.004946,-0.879596,-0.463191,-0.108461,0.000000,0.000000,0.000000,-1,-0.866547,-0.462128,-0.103653,-0.038412,-0.020193,-0.008149,-6.855881,219.915756,-541.142822,0,0
2.680000,-1.449299,0.481524,0.431857,0.302489,-0.366781,0.879757,-0.370964,0.804920,0.463130,-0.878001,-0.466450,0.107417,0.312311,-0.590554,0.001405,0.744115,-0.024323,-0.037251,0.005026,0.008907,0.005611,0.004558,-0.879757,-0.463130,-0.107417,0.000000,0.000000,0.000000,-1,-0.876663,-0.452057,-0.101837,-0.049079,-0.027594,-0.006973,-6.152710,219.915756,-540.807617,0,0
2.720000,-1.450537,0.480731,0.431066,0.300820,-0.366963,0.880253,-0.370480,0.805547,0.462428,-0.878779,-0.465224,0.106372,0.311810,-0.591260,0.001182,0.743764,-0.015783,-0.029841,0.004935,0.001042,0.016718,0.005420,-0.880253,-0.462428,-0.106372,0.000000,0.000000,0.000000,-1,-0.880585,-0.441055,-0.098541,-0.025614,-0.013831,-0.007207,-6.855881,219.212585,-542.148315,0,0
2.760000,-1.451585,0.479633,0.431119,0.299514,-0.366556,0.880868,-0.370735,0.805988,0.461454,-0.879117,-0.464780,0.105510,0.311455,-0.591812,0.001405,0.743474,0.003423,-0.018179,0.006881,0.000283,0.020399,0.006969,-0.880868,-0.461454,-0.105510,0.000000,0.000000,0.000000,-1,-0.881454,-0.441101,-0.095581,-0.010664,-0.002155,-0.004171,-5.625336,220.443130,-542.651062,0,0
2.800000,-1.453397,0.477920,0.433231,0.298062,-0.365396,0.881841,-0.372768,0.805919,0.459933,-0.878751,-0.465811,0.104006,0.311503,-0.592421,0.002480,0.742965,0.050364,0.009371,0.009622,-0.003000,0.020663,0.008883,-0.881841,-0.459933,-0.104006,0.000000,0.000000,0.000000,-1,-0.882523,-0.438095,-0.095062,0.035199,0.024312,-0.004625,-7.031677,219.036804,-541.310364,0,0
2.840000,-1.454389,0.476697,0.436377,0.297884,-0.363944,0.882502,-0.375538,0.805252,0.458847,-0.877631,-0.468096,0.103196,0.312024,-0.592489,0.003903,0.742686,0.073857,0.033701,0.007228,0.001902,0.020722,0.007157,-0.882502,-0.458847,-0.103196,0.000000,0.000000,0.000000,-1,-0.875076,-0.441376,-0.101395,0.060833,0.051833,-0.005993,-7.207458,218.861008,-540.137268,0,0
2.880000,-1.454620,0.476085,0.439232,0.298490,-0.362712,0.882805,-0.377955,0.804430,0.458303,-0.876387,-0.470459,0.103025,0.312664,-0.592224,0.005132,0.742621,0.087741,0.043190,0.003921,0.007728,0.016927,0.001631,-0.882805,-0.458303,-0.103025,0.000000,0.000000,0.000000,-1,-0.873932,-0.448807,-0.105423,0.070417,0.054979,-0.009275,-7.559052,220.970505,-540.137268,0,0
2.920000,-1.454358,0.476081,0.443780,0.300364,-0.361223,0.882780,-0.381611,0.802705,0.458299,-0.874159,-0.474535,0.103257,0.314007,-0.591414,0.006863,0.742685,0.072814,0.035792,0.005132,0.007032,-0.000029,-0.001892,-0.882780,-0.458299,-0.103257,0.000000,0.000000,0.000000,-1,-0.871017,-0.453140,-0.104080,0.045892,0.040187,-0.005833,-7.559052,219.915756,-541.477966,0,0
2.960000,-1.454160,0.476263,0.446655,0.301643,-0.360408,0.882676,-0.383881,0.801529,0.458461,-0.872724,-0.477134,0.103422,0.314918,-0.590860,0.007901,0.742730,0.064275,0.027343,0.007360,0.016953,0.006374,-0.005999,-0.882676,-0.458461,-0.103422,0.000000,0.000000,0.000000,-1,-0.864746,-0.461960,-0.113358,0.028825,0.031698,-0.007800,-7.383255,220.091553,-541.645569,0,0
3.000000,-1.453506,0.477008,0.448470,0.303152,-0.360140,0.882269,-0.385187,0.800522,0.459124,-0.871625,-0.479023,0.103959,0.315702,-0.590214,0.008429,0.742905,0.034469,0.018806,-0.001954,0.012869,-0.009687,-0.005355,-0.882269,-0.459124,-0.103959,0.000000,0.000000,0.000000,-1,-0.862396,-0.459732,-0.112503,-0.004295,0.001962,-0.017019,-6.152710,218.157837,-542.483521,0,0
3.040000,-1.453435,0.477963,0.448739,0.303676,-0.360783,0.881826,-0.385212,0.800024,0.459971,-0.871431,-0.479372,0.103970,0.316102,-0.589995,0.008221,0.742911,-0.000845,-0.033145,-0.008948,0.017217,0.014262,-0.011539,-0.881826,-0.459971,-0.103970,0.000000,0.000000,0.000000,-1,-0.858383,-0.458282,-0.109833,-0.036321,-0.022430,-0.020941,-8.613800,219.212585,-542.483521,0,0
3.080000,-1.453511,0.478603,0.447899,0.303551,-0.361583,0.881541,-0.384413,0.800081,0.460540,-0.871828,-0.478673,0.103869,0.316070,-0.590055,0.007683,0.742883,-0.020005,-0.023684,-0.017360,0.021678,-0.003160,-0.007764,-0.881541,-0.460540,-0.103869,0.000000,0.000000,0.000000,-1,-0.868240,-0.471008,-0.111969,-0.051223,-0.003559,-0.042202,-7.031677,221.146301,-539.969666,0,0
3.120000,-1.452940,0.480060,0.446554,0.304117,-0.362876,0.880814,-0.383046,0.799992,0.461832,-0.872232,-0.477843,0.104293,0.316161,-0.589827,0.006786,0.743035,-0.034935,-0.017480,-0.034318,0.012574,-0.009176,-0.007676,-0.880814,-0.461832,-0.104293,0.000000,0.000000,0.000000,-1,-0.866501,-0.467575,-0.111710,-0.064036,-0.012068,-0.046332,-7.207458,220.267349,-541.813110,0,0
3.160000,-1.452329,0.482594,0.442069,0.303975,-0.365963,0.879585,-0.378952,0.800641,0.464079,-0.874068,-0.474389,0.104692,0.315690,-0.589910,0.004369,0.743187,-0.075460,-0.049186,-0.031758,0.023918,0.002073,-0.010863,-0.879585,-0.464079,-0.104692,0.000000,0.000000,0.000000,-1,-0.862183,-0.471252,-0.121338,-0.102448,-0.035399,-0.050208,-6.328506,219.739960,-541.645569,0,0
3.200000,-1.451313,0.484784,0.437519,0.304012,-0.368607,0.878468,-0.374874,0.801435,0.466017,-0.875812,-0.470989,0.105465,0.315084,-0.589906,0.002107,0.743457,-0.087277,-0.066309,-0.051849,0.017841,-0.002153,-0.015461,-0.878468,-0.466017,-0.105465,0.000000,0.000000,0.000000,-1,-0.855682,-0.468109,-0.121918,-0.124972,-0.077897,-0.064789,-6.680084,220.443130,-541.645569,0,0
3.240000,-1.450981,0.486507,0.433412,0.303423,-0.371071,0.877634,-0.371241,0.802238,0.467541,-0.877562,-0.467677,0.105660,0.314454,-0.590160,0.000057,0.743525,-0.110780,-0.090666,-0.052645,0.022623,0.000332,-0.018531,-0.877634,-0.467541,-0.105660,0.000000,0.000000,0.000000,-1,-0.864716,-0.465424,-0.117538,-0.138852,-0.090603,-0.064634,-6.855881,219.564178,-541.477966,0,0
3.280000,-1.451158,0.488021,0.427464,0.301605,-0.374160,0.876949,-0.366169,0.803786,0.468879,-0.880315,-0.462528,0.105420,0.313209,-0.590923,-0.002687,0.743440,-0.100185,-0.108636,-0.049464,0.011745,0.022285,-0.015552,-0.876949,-0.468879,-0.105420,0.000000,0.000000,0.000000,-1,-0.867950,-0.438126,-0.121979,-0.112241,-0.099014,-0.057351,-7.559052,219.564178,-541.477966,0,0
3.320000,-1.452548,0.487669,0.423301,0.298692,-0.375768,0.877258,-0.362887,0.805454,0.468568,-0.882664,-0.458303,0.104221,0.311856,-0.592145,-0.004334,0.743029,-0.052236,-0.109531,-0.031712,0.007324,0.031358,-0.018887,-0.877258,-0.468568,-0.104221,0.000000,0.000000,0.000000,-1,-0.873596,-0.439285,-0.120880,-0.040840,-0.094608,-0.037680,-5.097961,218.509415,-541.813110,0,0
3.360000,-1.454933,0.486829,0.421896,0.295754,-0.376604,0.877895,-0.361916,0.806322,0.467826,-0.884051,-0.456086,0.102174,0.311150,-0.593379,-0.004946,0.742336,0.014932,-0.097713,-0.018426,0.001979,0.031348,-0.018523,-0.877895,-0.467826,-0.102174,0.000000,0.000000,0.000000,-1,-0.879608,-0.433807,-0.118927,0.015699,-0.069085,-0.025431,-4.746368,219.212585,-540.137268,0,0
3.400000,-1.456796,0.485863,0.422501,0.293986,-0.376501,0.878533,-0.362589,0.806515,0.466972,-0.884365,-0.455829,0.100589,0.310999,-0.594126,-0.004688,0.741803,0.048051,-0.064813,-0.011339,-0.002052,0.031440,-0.020352,-0.878533,-0.466972,-0.100589,0.000000,0.000000,0.000000,-1,-0.884552,-0.432770,-0.115128,0.054157,-0.033014,-0.018407,-6.152710,218.861008,-540.807617,0,0
3.440000,-1.459336,0.483696,0.426549,0.292477,-0.374738,0.879789,-0.366269,0.805960,0.465054,-0.883348,-0.458257,0.098470,0.311467,-0.594771,-0.002857,0.741098,0.103585,-0.010754,-0.006625,-0.004809,0.042783,-0.011912,-0.879789,-0.465054,-0.098470,0.000000,0.000000,0.000000,-1,-0.856796,-0.440567,-0.103394,0.105430,0.032521,-0.031834,-7.383255,220.091553,-540.975220,0,0
3.480000,-1.460502,0.483823,0.431879,0.293489,-0.373815,0.879844,-0.370535,0.803943,0.465166,-0.881231,-0.462534,0.097437,0.313093,-0.594352,-0.001107,0.740755,0.129256,0.047361,-0.027298,0.030830,0.015994,0.006220,-0.879844,-0.465166,-0.097437,0.000000,0.000000,0.000000,-1,-0.820480,-0.481934,-0.057907,0.100295,0.083489,-0.018136,-6.328506,218.685211,-541.645569,0,0
3.520000,-1.461317,0.485448,0.438085,0.295694,-0.373662,0.879171,-0.375196,0.800942,0.466604,-0.878517,-0.467834,0.096637,0.315482,-0.593425,0.000518,0.740485,0.162274,0.039004,-0.013677,0.059103,-0.030054,0.038578,-0.879171,-0.466604,-0.096637,0.000000,0.000000,0.000000,-1,-0.839111,-0.560608,-0.071594,0.155438,0.027144,-0.039659,-5.625336,219.739960,-540.640015,0,0
3.560000,-1.465930,0.488899,0.446173,0.295977,-0.376182,0.878000,-0.380964,0.796424,0.469654,-0.875936,-0.473494,0.092412,0.319038,-0.593303,0.001618,0.739056,0.167135,-0.086302,-0.048410,0.037470,-0.120403,0.024159,-0.878000,-0.469654,-0.092412,0.000000,0.000000,0.000000,-1,-0.836075,-0.605347,-0.080551,0.114454,-0.130835,-0.057925,-5.801132,220.267349,-540.807617,0,0
3.600000,-1.475674,0.492510,0.452359,0.291164,-0.381843,0.877165,-0.385140,0.792521,0.472839,-0.875723,-0.475506,0.083691,0.322084,-0.595329,0.001120,0.736101,0.171312,-0.179827,0.031791,0.044829,-0.076264,-0.024937,-0.877165,-0.472839,-0.083691,0.000000,0.000000,0.000000,-1,-0.820389,-0.489670,-0.129745,0.281910,-0.129793,0.057958,-5.976913,220.443130,-539.969666,0,0
3.640000,-1.486853,0.491905,0.466120,0.286418,-0.382752,0.878331,-0.396138,0.787402,0.472305,-0.872376,-0.483217,0.073904,0.326003,-0.597302,0.004567,0.732756,0.403611,-0.118185,0.054225,0.063542,-0.025345,-0.050959,-0.878331,-0.472305,-0.073904,0.000000,0.000000,0.000000,-1,-0.785492,-0.545044,-0.104950,0.402243,-0.093098,0.019601,-5.801132,219.564178,-537.791016,0,0
3.680000,-1.498044,0.494305,0.484508,0.284709,-0.384850,0.877970,-0.410019,0.778980,0.474420,-0.866502,-0.495056,0.063987,0.332318,-0.597972,0.008628,0.729328,0.382369,-0.047803,-0.009803,0.104349,-0.096045,-0.041939,-0.877970,-0.474420,-0.063987,0.000000,0.000000,0.000000,-1,-0.777603,-0.574341,-0.103973,0.317174,-0.024597,-0.019413,-7.207458,219.212585,-538.796570,0,0
3.720000,-1.502791,0.497433,0.494592,0.285786,-0.386762,0.876779,-0.417147,0.773496,0.477171,-0.862737,-0.502115,0.059718,0.336367,-0.597493,0.010437,0.727839,0.264381,-0.010382,0.025045,0.081110,-0.095369,-0.041570,-0.876779,-0.477171,-0.059718,0.000000,0.000000,0.000000,-1,-0.786331,-0.552994,-0.122757,0.208839,-0.005776,0.066583,-4.922165,219.388382,-540.304810,0,0
3.760000,-1.509301,0.496925,0.510119,0.285968,-0.385236,0.877391,-0.429225,0.767138,0.476724,-0.856731,-0.512926,0.054023,0.340884,-0.597316,0.015152,0.725798,0.256094,-0.066034,0.189343,0.118450,-0.099799,-0.079186,-0.877391,-0.476724,-0.054024,0.000000,0.000000,0.000000,-1,-0.750793,-0.599777,-0.124420,0.213196,-0.083961,0.202138,-6.328506,220.794724,-537.958618,0,0
3.800000,-1.516477,0.490378,0.517827,0.279953,-0.381737,0.880854,-0.436661,0.766501,0.470960,-0.854958,-0.516481,0.047895,0.341159,-0.599719,0.018976,0.723593,0.175066,-0.159626,0.260633,0.129068,-0.143451,-0.068179,-0.880854,-0.470960,-0.047895,0.000000,0.000000,0.000000,-1,-0.760925,-0.615692,-0.098923,0.068156,-0.240850,0.299730,-5.976913,220.794724,-538.293762,0,0
3.840000,-1.526531,0.482855,0.522758,0.269931,-0.379811,0.884805,-0.442192,0.767387,0.464310,-0.855339,-0.516585,0.039192,0.340350,-0.603793,0.021645,0.720505,0.078025,-0.253351,0.316041,0.116373,-0.135971,-0.063606,-0.884805,-0.464310,-0.039192,0.000000,0.000000,0.000000,-1,-0.781769,-0.548218,-0.132278,0.073548,-0.216511,0.297466,-7.383255,221.146301,-536.282715,0,0
3.880000,-1.538579,0.471472,0.529835,0.257224,-0.375440,0.890438,-0.450253,0.768750,0.454198,-0.855049,-0.517753,0.028698,0.339034,-0.608857,0.026096,0.716706,0.218754,-0.155278,0.270882,0.104565,-0.075297,-0.104649,-0.890438,-0.454198,-0.028698,0.000000,0.000000,0.000000,-1,-0.785782,-0.501007,-0.111633,0.260030,-0.117540,0.237056,-6.855881,223.080017,-536.785522,0,0
3.920000,-1.546905,0.464886,0.541318,0.251412,-0.371806,0.893618,-0.460582,0.766076,0.448321,-0.851267,-0.524298,0.021353,0.340581,-0.611005,0.031087,0.713940,0.413619,-0.085084,0.191340,0.098619,-0.039975,-0.043985,-0.893618,-0.448321,-0.021353,0.000000,0.000000,0.000000,-1,-0.881302,-0.538879,0.026901,0.358887,-0.082560,0.127496,-7.383255,223.607391,-536.953064,0,0
3.960000,-1.553790,0.467098,0.552197,0.250651,-0.374396,0.892750,-0.468367,0.760174,0.450297,-0.847234,-0.531002,0.015184,0.344708,-0.611216,0.033010,0.711690,0.056980,0.034820,-0.364573,-0.142758,-0.162648,0.126832,-0.892750,-0.450297,-0.015184,0.000000,0.000000,0.000000,-1,-1.258163,-0.621979,0.069778,-0.103828,0.322664,-0.616160,-6.680084,222.552643,-536.617920,0,0
4.000000,-1.538629,0.488973,0.549528,0.272627,-0.383559,0.882359,-0.461081,0.752840,0.469720,-0.844440,-0.534897,0.028393,0.350498,-0.602457,0.027046,0.716565,-0.020430,0.597120,-0.493919,-0.427150,-0.087607,0.080502,-0.882359,-0.469720,-0.028393,0.000000,0.000000,0.000000,-1,-1.141098,-0.373978,0.007263,-0.026557,0.710063,-0.413670,-6.328506,220.091553,-537.623413,0,0
4.040000,-1.505299,0.502778,0.547917,0.306338,-0.376347,0.874368,-0.456446,0.747975,0.481862,-0.835353,-0.546715,0.057351,0.353911,-0.588279,0.027560,0.726578,-0.060309,0.973967,-0.289415,-0.198309,0.161931,0.047051,-0.874368,-0.481862,-0.057351,0.000000,0.000000,0.000000,-1,-0.915359,-0.244186,-0.048462,-0.114571,1.079819,-0.289731,-7.207458,221.673676,-540.137268,0,0
4.080000,-1.456869,0.512844,0.541139,0.348544,-0.359269,0.865704,-0.448844,0.746856,0.490658,-0.822834,-0.559582,0.099056,0.354483,-0.569925,0.030234,0.740685,-0.175673,1.169262,-0.247705,0.137768,0.207653,-0.042576,-0.865704,-0.490658,-0.099056,0.000000,0.000000,0.000000,-1,-0.793350,-0.375061,-0.165863,-0.296427,1.096362,-0.222332,-5.449539,220.970505,-540.807617,0,0
4.120000,-1.396863,0.518660,0.522655,0.393674,-0.336669,0.855380,-0.433532,0.752539,0.495717,-0.810599,-0.565985,0.150298,0.350299,-0.549674,0.031959,0.757712,-0.366733,0.851273,-0.047947,-0.123898,-0.020915,-0.007386,-0.855380,-0.495717,-0.150298,0.000000,0.000000,0.000000,-1,-0.985580,-0.533875,-0.141113,-0.382038,0.778494,-0.007413,-4.570587,220.091553,-543.656616,0,0
4.160000,-1.369334,0.515887,0.511140,0.410958,-0.323669,0.852263,-0.425509,0.758677,0.493306,-0.806260,-0.565374,0.174060,0.345767,-0.541678,0.033261,0.765457,-0.321250,0.658494,0.066412,-0.116182,-0.022349,0.025562,-0.852263,-0.493306,-0.174060,0.000000,0.000000,0.000000,-1,-0.845490,-0.438370,-0.182083,-0.299323,0.618046,0.053271,-8.262222,220.267349,-544.494568,0,0
4.200000,-1.338901,0.511467,0.499597,0.429941,-0.308032,0.848685,-0.417763,0.765445,0.489457,-0.800390,-0.564988,0.200412,0.340619,-0.532703,0.035447,0.773918,-0.223571,0.628124,-0.008802,0.034370,0.081132,0.002643,-0.848685,-0.489457,-0.200412,0.000000,0.000000,0.000000,-1,-0.744629,-0.352951,-0.226166,-0.271980,0.602118,-0.065132,-7.910629,219.212585,-545.835266,0,0
4.240000,-1.304140,0.509676,0.484135,0.452286,-0.293915,0.842052,-0.406286,0.772587,0.487895,-0.793957,-0.562782,0.230017,0.335292,-0.522083,0.035860,0.783404,-0.306164,0.413287,0.008624,0.102321,0.130107,0.008703,-0.842052,-0.487895,-0.230017,0.000000,0.000000,0.000000,-1,-0.745544,-0.387268,-0.210419,-0.304402,0.368893,0.026546,-7.910629,219.212585,-545.835266,0,0
