0.000000,-1.435186,1.212705,1.066879,0.877901,-0.329689,0.347269,-0.306921,0.169236,0.936567,-0.367546,-0.928797,0.047384,0.644453,-0.246957,-0.007866,0.723623,-0.001347,-0.012467,0.014747,-0.000936,0.016722,-0.001413,-0.347269,-0.936568,-0.047384,0.000000,0.000000,0.000000,-1,-0.346863,-0.917969,-0.048935,-0.027703,-0.008446,0.002377,22.852966,191.964828,-560.750610,0,0
0.040000,-1.435914,1.211591,1.066644,0.877216,-0.330383,0.348337,-0.307794,0.169812,0.936177,-0.368449,-0.928445,0.047272,0.644231,-0.247651,-0.007805,0.723585,0.000770,-0.018793,0.017959,0.005305,0.020329,0.001419,-0.348337,-0.936177,-0.047272,0.000000,0.000000,0.000000,-1,-0.343872,-0.915649,-0.045578,-0.019179,-0.011567,0.008715,23.204544,190.910080,-560.080261,0,0
0.080000,-1.436774,1.210853,1.067081,0.876818,-0.330675,0.349062,-0.308473,0.170011,0.935917,-0.368829,-0.928305,0.047064,0.644155,-0.248057,-0.007671,0.723515,0.004016,-0.012425,0.025473,0.006228,0.019657,-0.001001,-0.349062,-0.935917,-0.047064,0.000000,0.000000,0.000000,-1,-0.343964,-0.916748,-0.047745,-0.021262,-0.004064,0.018291,22.325592,190.734283,-561.253418,0,0
0.120000,-1.437366,1.209649,1.067405,0.876338,-0.330738,0.350207,-0.309515,0.170455,0.935492,-0.369097,-0.928201,0.047007,0.643987,-0.248551,-0.007333,0.723498,-0.003402,-0.004960,0.030829,0.009371,0.020010,0.003138,-0.350207,-0.935492,-0.047007,0.000000,0.000000,0.000000,-1,-0.340637,-0.917099,-0.049988,-0.025529,-0.004092,0.015128,23.731918,191.789047,-560.247864,0,0
0.160000,-1.437127,1.208644,1.066346,0.875767,-0.331273,0.351128,-0.310158,0.171237,0.935136,-0.369911,-0.927866,0.047216,0.643683,-0.249125,-0.007295,0.723571,-0.011973,-0.011430,0.018134,0.006584,0.019243,0.000280,-0.351128,-0.935136,-0.047216,0.000000,0.000000,0.000000,-1,-0.343491,-0.919083,-0.044647,-0.030840,0.005382,0.008742,22.325592,191.789047,-560.918213,0,0
0.200000,-1.437080,1.208008,1.066277,0.875566,-0.331182,0.351714,-0.310666,0.171545,0.934911,-0.369960,-0.927842,0.047312,0.643566,-0.249333,-0.007088,0.723606,-0.003393,0.002405,0.025471,0.007690,0.013738,0.004405,-0.351714,-0.934911,-0.047312,0.000000,0.000000,0.000000,-1,-0.345779,-0.919830,-0.046219,-0.023376,0.005420,0.012945,21.798218,191.613251,-559.745117,0,0
0.240000,-1.437725,1.207180,1.066586,0.875175,-0.331368,0.352512,-0.311397,0.171823,0.934617,-0.370272,-0.927724,0.047188,0.643460,-0.249730,-0.006900,0.723565,-0.003459,-0.015650,0.020212,0.005969,0.013993,-0.003242,-0.352512,-0.934617,-0.047188,0.000000,0.000000,0.000000,-1,-0.344742,-0.914780,-0.053162,-0.029795,-0.002022,0.009827,22.149796,191.261673,-562.091309,0,0
0.280000,-1.437391,1.205675,1.065999,0.874638,-0.331315,0.353890,-0.312527,0.172686,0.934081,-0.370587,-0.927583,0.047493,0.643129,-0.250277,-0.006491,0.723674,-0.005471,0.004489,0.026665,0.005791,0.019865,0.002312,-0.353890,-0.934081,-0.047493,0.000000,0.000000,0.000000,-1,-0.348343,-0.915970,-0.043579,-0.028684,0.009668,0.014035,22.852966,191.261673,-560.415466,0,0
0.320000,-1.437486,1.204759,1.066081,0.874346,-0.331175,0.354742,-0.313290,0.173074,0.933753,-0.370632,-0.927561,0.047573,0.642981,-0.250577,-0.006178,0.723705,-0.005500,-0.001906,0.022431,0.003592,0.019675,0.002651,-0.354742,-0.933753,-0.047573,0.000000,0.000000,0.000000,-1,-0.350174,-0.914825,-0.047104,-0.029779,0.003274,0.009807,21.270844,191.437454,-560.918213,0,0
0.360000,-1.437325,1.203978,1.065741,0.874050,-0.331188,0.355458,-0.313870,0.173534,0.933473,-0.370839,-0.927470,0.047727,0.642804,-0.250876,-0.005982,0.723760,-0.009774,-0.006152,0.021417,0.006779,0.019182,0.002821,-0.355458,-0.933473,-0.047727,0.000000,0.000000,0.000000,-1,-0.348282,-0.912094,-0.047592,-0.035093,0.006452,0.009836,21.973999,192.140625,-560.918213,0,0
0.400000,-1.436582,1.202898,1.064888,0.873707,-0.331060,0.356421,-0.314603,0.174290,0.933085,-0.371027,-0.927374,0.048126,0.642513,-0.251226,-0.005683,0.723900,-0.011829,0.002250,0.019397,0.009848,0.020488,0.003524,-0.356421,-0.933085,-0.048126,0.000000,0.000000,0.000000,-1,-0.347351,-0.910614,-0.049698,-0.032977,0.006403,0.004493,23.204544,192.316422,-561.420959,0,0
0.440000,-1.435349,1.202446,1.063619,0.873604,-0.330946,0.356779,-0.314750,0.174894,0.932922,-0.371145,-0.927301,0.048623,0.642279,-0.251330,-0.005592,0.724072,-0.012918,0.000074,0.013021,0.008589,0.019776,-0.002418,-0.356779,-0.932922,-0.048623,0.000000,0.000000,0.000000,-1,-0.347595,-0.912094,-0.039291,-0.037232,0.009561,0.002384,23.204544,190.558502,-560.415466,0,0
0.480000,-1.434190,1.201830,1.062739,0.873550,-0.330534,0.357292,-0.315098,0.175450,0.932701,-0.370976,-0.927343,0.049114,0.642064,-0.251389,-0.005328,0.724244,-0.012883,0.013812,0.009774,0.002250,0.017372,0.002407,-0.357292,-0.932701,-0.049114,0.000000,0.000000,0.000000,-1,-0.350998,-0.915329,-0.047119,-0.032986,0.008462,-0.001907,21.973999,191.437454,-560.247864,0,0
0.520000,-1.433193,1.201321,1.061450,0.873336,-0.330646,0.357713,-0.315286,0.176088,0.932517,-0.371321,-0.927182,0.049536,0.641816,-0.251603,-0.005301,0.724389,-0.008706,-0.008480,0.004500,0.005815,0.017905,0.001028,-0.357713,-0.932517,-0.049536,0.000000,0.000000,0.000000,-1,-0.354721,-0.920944,-0.044968,-0.031956,0.003097,-0.009352,22.149796,191.261673,-560.080261,0,0
0.560000,-1.433025,1.201226,1.061275,0.873310,-0.330626,0.357792,-0.315333,0.176186,0.932483,-0.371341,-0.927170,0.049608,0.641778,-0.251629,-0.005278,0.724414,-0.009668,0.009460,0.002417,0.002263,0.008746,0.009584,-0.357792,-0.932483,-0.049608,0.000000,0.000000,0.000000,-1,-0.357422,-0.920502,-0.051544,-0.027818,-0.025629,-0.023125,21.446625,191.964828,-560.750610,0,0
0.600000,-1.433264,1.201474,1.060283,0.872970,-0.331758,0.357575,-0.314956,0.176386,0.932572,-0.372459,-0.926728,0.049490,0.641696,-0.251955,-0.005799,0.724370,-0.015209,-0.042663,-0.021844,0.003922,0.013856,-0.002954,-0.357575,-0.932572,-0.049490,0.000000,0.000000,0.000000,-1,-0.348694,-0.919159,-0.050217,-0.029821,0.009402,-0.014718,21.270844,191.789047,-560.918213,0,0
0.640000,-1.432204,1.201607,1.059321,0.873087,-0.331638,0.357400,-0.314678,0.176628,0.932620,-0.372419,-0.926725,0.049852,0.641601,-0.251837,-0.005852,0.724494,0.009583,0.026540,0.017119,0.010308,0.015536,0.002474,-0.357400,-0.932620,-0.049852,0.000000,0.000000,0.000000,-1,-0.349747,-0.911987,-0.046387,-0.007401,0.013810,0.004267,23.028763,191.789047,-561.253418,0,0
0.680000,-1.433200,1.200834,1.060655,0.872918,-0.331261,0.358163,-0.315542,0.176560,0.932341,-0.372086,-0.926872,0.049595,0.641631,-0.252015,-0.005425,0.724409,-0.002221,0.001075,0.011980,0.006554,0.024550,-0.005565,-0.358163,-0.932341,-0.049595,0.000000,0.000000,0.000000,-1,-0.350677,-0.907944,-0.051865,-0.026562,0.016973,0.002273,22.501373,190.558502,-560.750610,0,0
0.720000,-1.431968,1.200260,1.059883,0.872941,-0.330692,0.358632,-0.315873,0.177065,0.932133,-0.371751,-0.926979,0.050111,0.641437,-0.251999,-0.005113,0.724589,-0.006423,0.018053,0.015147,0.008320,0.023884,-0.003005,-0.358632,-0.932133,-0.050111,0.000000,0.000000,0.000000,-1,-0.352509,-0.906219,-0.051636,-0.026580,0.011667,0.001228,22.501373,190.910080,-560.750610,0,0
0.760000,-1.430716,1.199402,1.058975,0.872837,-0.330174,0.359361,-0.316409,0.177744,0.931822,-0.371537,-0.927034,0.050671,0.641175,-0.252109,-0.004748,0.724785,-0.002147,0.007406,0.013122,0.009385,0.024519,-0.004886,-0.359361,-0.931822,-0.050671,0.000000,0.000000,0.000000,-1,-0.347473,-0.908966,-0.056107,-0.025490,0.020140,0.001188,21.973999,191.437454,-560.583008,0,0
0.800000,-1.429171,1.199029,1.057910,0.872943,-0.329605,0.359626,-0.316522,0.178251,0.931687,-0.371192,-0.927139,0.051276,0.640979,-0.252008,-0.004511,0.724995,-0.005328,0.014803,0.010988,0.010795,0.023239,-0.005045,-0.359626,-0.931687,-0.051276,0.000000,0.000000,0.000000,-1,-0.347916,-0.908585,-0.053268,-0.029777,0.017944,-0.007294,23.907715,191.964828,-560.415466,0,0
0.840000,-1.427269,1.199009,1.056427,0.873154,-0.329133,0.359545,-0.316273,0.178729,0.931680,-0.370908,-0.927215,0.051962,0.640793,-0.251800,-0.004433,0.725232,-0.006447,0.009381,-0.002834,0.008120,0.021783,-0.001459,-0.359545,-0.931680,-0.051962,0.000000,0.000000,0.000000,-1,-0.351593,-0.910721,-0.052002,-0.026598,0.018933,-0.014779,23.204544,193.371170,-561.085815,0,0
0.880000,-1.426144,1.199222,1.056122,0.873537,-0.328394,0.359291,-0.316047,0.178728,0.931757,-0.370199,-0.927477,0.052338,0.640795,-0.251422,-0.004256,0.725363,0.000027,0.021027,-0.001825,0.006096,0.012522,0.004685,-0.359291,-0.931757,-0.052338,0.000000,0.000000,0.000000,-1,-0.355469,-0.917770,-0.048706,-0.021267,0.022099,-0.015898,23.380341,190.734283,-560.918213,0,0
0.920000,-1.425788,1.199331,1.056350,0.873778,-0.327884,0.359172,-0.315999,0.178606,0.931796,-0.369672,-0.927681,0.052451,0.640843,-0.251186,-0.004096,0.725402,-0.001063,0.016741,-0.007126,0.002345,0.017642,0.000602,-0.359172,-0.931796,-0.052451,0.000000,0.000000,0.000000,-1,-0.358948,-0.916367,-0.051041,-0.026577,0.028436,-0.018011,21.973999,191.437454,-561.923706,0,0
0.960000,-1.424709,1.199320,1.055941,0.874039,-0.327238,0.359125,-0.315935,0.178740,0.931792,-0.369108,-0.927883,0.052840,0.640792,-0.250929,-0.003895,0.725538,-0.006367,0.025196,-0.009245,0.002161,0.017272,0.001327,-0.359125,-0.931792,-0.052840,0.000000,0.000000,0.000000,-1,-0.357681,-0.914139,-0.054749,-0.031948,0.019885,-0.026460,23.556137,191.261673,-559.074707,0,0
1.000000,-1.423061,1.199497,1.054713,0.874301,-0.326814,0.358875,-0.315572,0.179047,0.931857,-0.368799,-0.927974,0.053408,0.640673,-0.250669,-0.003873,0.725733,-0.011776,0.004985,-0.018711,0.001865,0.020312,0.001360,-0.358875,-0.931857,-0.053408,0.000000,0.000000,0.000000,-1,-0.352020,-0.908051,-0.054306,-0.035161,0.018768,-0.032823,22.501373,190.206909,-560.080261,0,0
1.040000,-1.419863,1.200080,1.052163,0.874829,-0.326179,0.358164,-0.314642,0.179581,0.932068,-0.368341,-0.928094,0.054473,0.640464,-0.250140,-0.003972,0.726100,-0.019119,0.025100,-0.019793,0.007395,0.028000,0.002929,-0.358164,-0.932068,-0.054473,0.000000,0.000000,0.000000,-1,-0.346283,-0.908981,-0.049484,-0.043640,0.033578,-0.034943,22.501373,191.261673,-560.750610,0,0
1.080000,-1.417759,1.200892,1.050741,0.875392,-0.325615,0.357301,-0.313729,0.179652,0.932362,-0.367781,-0.928278,0.055111,0.640435,-0.249574,-0.004091,0.726319,-0.019122,0.030316,-0.028337,0.010865,0.022053,0.008129,-0.357301,-0.932362,-0.055111,0.000000,0.000000,0.000000,-1,-0.355530,-0.914047,-0.047195,-0.036210,0.034537,-0.045658,23.731918,191.789047,-560.247864,0,0
1.120000,-1.415471,1.202160,1.049391,0.876185,-0.324899,0.356006,-0.312461,0.179487,0.932819,-0.366970,-0.928561,0.055746,0.640498,-0.248775,-0.004280,0.726536,-0.013869,0.013278,-0.037898,-0.000256,0.014347,0.005712,-0.356006,-0.932819,-0.055746,0.000000,0.000000,0.000000,-1,-0.356384,-0.918777,-0.052002,-0.038408,0.015434,-0.049830,21.973999,191.437454,-559.577515,0,0
1.160000,-1.413565,1.203199,1.047745,0.876671,-0.324755,0.354941,-0.311326,0.179517,0.933194,-0.366777,-0.928605,0.056272,0.640484,-0.248281,-0.004620,0.726715,-0.015982,0.014376,-0.033620,-0.000161,0.007641,0.005751,-0.354941,-0.933194,-0.056272,0.000000,0.000000,0.000000,-1,-0.352051,-0.923859,-0.058182,-0.034136,0.014432,-0.043468,21.973999,190.382706,-560.247864,0,0
1.200000,-1.412026,1.203976,1.046306,0.877006,-0.324725,0.354138,-0.310439,0.179601,0.933473,-0.366725,-0.928600,0.056704,0.640449,-0.247937,-0.004913,0.726862,-0.006421,0.004871,-0.030462,0.000928,0.010819,-0.003721,-0.354138,-0.933472,-0.056704,0.000000,0.000000,0.000000,-1,-0.349960,-0.920853,-0.061798,-0.029872,0.014451,-0.041370,20.919250,191.437454,-560.583008,0,0
1.240000,-1.407424,1.205152,1.042693,0.877880,-0.323831,0.352790,-0.308840,0.180169,0.933894,-0.365985,-0.928802,0.058154,0.640226,-0.247050,-0.005152,0.727359,-0.014798,0.034569,-0.027339,0.005027,0.015360,-0.004941,-0.352790,-0.933893,-0.058154,0.000000,0.000000,0.000000,-1,-0.345657,-0.911530,-0.056976,-0.036181,0.039882,-0.040351,22.501373,190.910080,-561.085815,0,0
1.280000,-1.404500,1.206032,1.040817,0.878609,-0.322918,0.351808,-0.307792,0.180332,0.934208,-0.365115,-0.929088,0.059050,0.640162,-0.246309,-0.005197,0.727666,-0.012676,0.029302,-0.024139,0.006319,0.019443,0.006712,-0.351808,-0.934208,-0.059050,0.000000,0.000000,0.000000,-1,-0.345901,-0.920517,-0.050018,-0.026587,0.035732,-0.030822,24.083511,191.085876,-561.253418,0,0
1.320000,-1.404147,1.206638,1.041240,0.879058,-0.322327,0.351229,-0.307380,0.179916,0.934424,-0.364381,-0.929374,0.059080,0.640325,-0.245854,-0.005135,0.727677,0.004365,0.024070,-0.016795,0.005388,0.015112,0.004423,-0.351229,-0.934424,-0.059080,0.000000,0.000000,0.000000,-1,-0.350067,-0.920441,-0.055588,-0.018114,0.019852,-0.029763,23.907715,191.261673,-560.750610,0,0
1.360000,-1.404295,1.207094,1.041869,0.879346,-0.321992,0.350817,-0.307125,0.179507,0.934586,-0.363903,-0.929569,0.058957,0.640484,-0.245563,-0.005108,0.727635,0.001175,0.001849,-0.015653,-0.000303,0.015900,0.001188,-0.350817,-0.934586,-0.058957,0.000000,0.000000,0.000000,-1,-0.349503,-0.918549,-0.058960,-0.020270,0.009281,-0.027576,22.325592,191.085876,-560.583008,0,0
1.400000,-1.404262,1.207404,1.041889,0.879457,-0.321999,0.350530,-0.306879,0.179355,0.934696,-0.363841,-0.929596,0.058921,0.640543,-0.245447,-0.005195,0.727622,0.001175,-0.001289,-0.011377,0.003484,0.017674,0.001517,-0.350530,-0.934696,-0.058921,0.000000,0.000000,0.000000,-1,-0.346237,-0.922760,-0.054474,-0.019215,0.001916,-0.022230,23.204544,191.613251,-560.415466,0,0
1.440000,-1.405234,1.207593,1.042719,0.879429,-0.322206,0.350412,-0.306874,0.179011,0.934764,-0.363914,-0.929590,0.058551,0.640677,-0.245475,-0.005269,0.727494,0.010773,-0.005430,-0.000783,0.004434,0.012385,0.003833,-0.350412,-0.934764,-0.058551,0.000000,0.000000,0.000000,-1,-0.344254,-0.923325,-0.053650,-0.010679,-0.004303,-0.007358,22.325592,191.437454,-561.253418,0,0
1.480000,-1.407436,1.207592,1.044555,0.879219,-0.322638,0.350542,-0.307204,0.178448,0.934763,-0.364144,-0.929549,0.057779,0.640896,-0.245688,-0.005306,0.727229,0.007578,-0.011726,0.005657,0.005540,0.012568,0.001902,-0.350542,-0.934763,-0.057779,0.000000,0.000000,0.000000,-1,-0.344376,-0.920853,-0.052048,-0.018127,-0.000094,-0.010512,22.852966,190.558502,-561.085815,0,0
1.520000,-1.408719,1.207764,1.045423,0.879084,-0.323097,0.350457,-0.307219,0.178101,0.934824,-0.364456,-0.929456,0.057304,0.641030,-0.245822,-0.005459,0.727064,-0.003023,-0.010771,-0.006056,0.007744,0.016138,0.003990,-0.350457,-0.934824,-0.057304,0.000000,0.000000,0.000000,-1,-0.346756,-0.914246,-0.050308,-0.024553,-0.005467,-0.018965,23.556137,190.910080,-561.420959,0,0
1.560000,-1.409767,1.207868,1.046094,0.878950,-0.323500,0.350420,-0.307254,0.177846,0.934861,-0.364749,-0.929365,0.056921,0.641129,-0.245955,-0.005587,0.726931,0.002315,-0.008635,-0.003974,0.005938,0.020509,0.006078,-0.350420,-0.934861,-0.056921,0.000000,0.000000,0.000000,-1,-0.342911,-0.914108,-0.049622,-0.016005,0.000925,-0.014794,22.149796,191.613251,-561.085815,0,0
1.600000,-1.411739,1.208115,1.047811,0.878861,-0.323866,0.350304,-0.307360,0.177203,0.934949,-0.364873,-0.929360,0.056193,0.641378,-0.246043,-0.005679,0.726680,0.005534,-0.002273,-0.002958,0.007943,0.018567,0.003169,-0.350304,-0.934949,-0.056193,0.000000,0.000000,0.000000,-1,-0.341904,-0.918549,-0.052719,-0.019155,0.014705,-0.013756,23.556137,191.261673,-560.080261,0,0
1.640000,-1.411715,1.208461,1.048277,0.879126,-0.323496,0.349983,-0.307161,0.176898,0.935072,-0.364403,-0.929547,0.056150,0.641498,-0.245775,-0.005620,0.726666,0.000258,0.015704,-0.006181,0.007545,0.017805,0.001768,-0.349983,-0.935072,-0.056150,0.000000,0.000000,0.000000,-1,-0.349274,-0.918488,-0.052017,-0.023407,0.023110,-0.021212,24.259308,191.613251,-561.085815,0,0
1.680000,-1.411503,1.208632,1.048534,0.879338,-0.323102,0.349813,-0.307068,0.176739,0.935132,-0.363969,-0.929714,0.056199,0.641561,-0.245562,-0.005516,0.726684,-0.000824,0.016684,-0.014697,0.001242,0.012830,0.006059,-0.349813,-0.935132,-0.056199,0.000000,0.000000,0.000000,-1,-0.349197,-0.925812,-0.046555,-0.026666,0.010302,-0.031791,24.435089,190.734283,-559.912659,0,0
1.720000,-1.412459,1.209235,1.049406,0.879455,-0.323329,0.349310,-0.306734,0.176191,0.935346,-0.363970,-0.929739,0.055776,0.641773,-0.245438,-0.005711,0.726536,-0.001894,-0.006693,-0.021060,-0.001443,0.010556,0.008641,-0.349310,-0.935346,-0.055776,0.000000,0.000000,0.000000,-1,-0.343109,-0.921722,-0.051544,-0.021354,0.002927,-0.027544,22.501373,191.613251,-560.750610,0,0
1.760000,-1.413051,1.210002,1.050057,0.879682,-0.323440,0.348635,-0.306226,0.175634,0.935617,-0.363848,-0.929806,0.055456,0.641988,-0.245202,-0.005924,0.726425,0.001408,0.016735,-0.007325,0.008577,0.017648,0.003347,-0.348635,-0.935617,-0.055456,0.000000,0.000000,0.000000,-1,-0.337799,-0.915741,-0.051331,-0.022316,0.028445,-0.016979,23.907715,190.910080,-559.409912,0,0
1.800000,-1.412575,1.210331,1.050301,0.880033,-0.322840,0.348304,-0.306001,0.175406,0.935733,-0.363186,-0.930058,0.055574,0.642078,-0.244846,-0.005795,0.726466,-0.000686,0.027336,-0.006285,0.011130,0.020053,0.005250,-0.348304,-0.935733,-0.055574,0.000000,0.000000,0.000000,-1,-0.340668,-0.910767,-0.050476,-0.026587,0.030495,-0.024411,21.446625,191.613251,-561.420959,0,0
1.840000,-1.410853,1.211201,1.049883,0.880786,-0.321756,0.347404,-0.305222,0.175129,0.936039,-0.362017,-0.930485,0.056044,0.642186,-0.244080,-0.005689,0.726629,-0.005983,0.017670,-0.016896,0.007087,0.015278,0.005079,-0.347404,-0.936039,-0.056044,0.000000,0.000000,0.000000,-1,-0.339920,-0.916519,-0.055984,-0.026644,0.017716,-0.031819,24.083511,192.140625,-561.588562,0,0
1.880000,-1.409934,1.211692,1.049329,0.881088,-0.321474,0.346898,-0.304726,0.175069,0.936212,-0.361699,-0.930594,0.056289,0.642209,-0.243768,-0.005761,0.726713,-0.004925,0.015551,-0.016896,0.006826,0.023401,0.002548,-0.346898,-0.936212,-0.056289,0.000000,0.000000,0.000000,-1,-0.340881,-0.916473,-0.057846,-0.027678,0.025160,-0.028643,22.501373,191.261673,-562.761719,0,0
1.920000,-1.408374,1.212106,1.048433,0.881488,-0.320883,0.346428,-0.304233,0.175148,0.936357,-0.361138,-0.930783,0.056768,0.642178,-0.243358,-0.005727,0.726878,-0.010195,0.032509,-0.015853,0.005959,0.015749,0.001913,-0.346428,-0.936357,-0.056768,0.000000,0.000000,0.000000,-1,-0.342041,-0.924591,-0.055634,-0.030831,0.037881,-0.027601,23.028763,191.789047,-561.923706,0,0
1.960000,-1.405768,1.212827,1.047222,0.882256,-0.319651,0.345613,-0.303436,0.175179,0.936610,-0.359932,-0.931201,0.057559,0.642168,-0.242572,-0.005575,0.727151,0.002593,0.027308,-0.005279,0.006272,0.012462,0.003986,-0.345613,-0.936610,-0.057559,0.000000,0.000000,0.000000,-1,-0.339325,-0.928009,-0.057373,-0.016940,0.042252,-0.012811,24.083511,191.085876,-561.253418,0,0
2.000000,-1.405135,1.213030,1.047670,0.882687,-0.318700,0.345389,-0.303350,0.174948,0.936681,-0.358945,-0.931571,0.057747,0.642260,-0.242133,-0.005277,0.727218,0.003770,0.031533,0.000012,0.006171,0.012365,0.000908,-0.345389,-0.936681,-0.057747,0.000000,0.000000,0.000000,-1,-0.338318,-0.919174,-0.059952,-0.022304,0.030583,-0.014856,23.731918,191.085876,-561.253418,0,0
2.040000,-1.403662,1.213234,1.046933,0.883042,-0.318014,0.345114,-0.303055,0.175076,0.936753,-0.358321,-0.931781,0.058224,0.642212,-0.241770,-0.005141,0.727383,-0.004824,0.014501,-0.009446,0.009406,0.018097,-0.001499,-0.345114,-0.936753,-0.058224,0.000000,0.000000,0.000000,-1,-0.337738,-0.918213,-0.060913,-0.028706,0.029486,-0.019064,22.501373,190.206909,-561.085815,0,0
2.080000,-1.401879,1.213562,1.046055,0.883499,-0.317184,0.344707,-0.302636,0.175188,0.936868,-0.357548,-0.932043,0.058787,0.642169,-0.241299,-0.004999,0.727577,-0.003702,0.029378,-0.004184,0.008373,0.019128,0.002314,-0.344707,-0.936868,-0.058787,0.000000,0.000000,0.000000,-1,-0.336929,-0.921173,-0.054764,-0.022305,0.028484,-0.012718,23.028763,191.437454,-559.912659,0,0
2.120000,-1.401428,1.213830,1.046522,0.883888,-0.316397,0.344434,-0.302500,0.174921,0.936961,-0.356700,-0.932360,0.058900,0.642275,-0.240901,-0.004775,0.727618,0.004809,0.023060,0.000033,0.006146,0.012141,0.001451,-0.344434,-0.936961,-0.058900,0.000000,0.000000,0.000000,-1,-0.336594,-0.922745,-0.057953,-0.014843,0.030610,-0.011718,22.149796,191.964828,-559.409912,0,0
2.160000,-1.401197,1.213942,1.047051,0.884171,-0.315734,0.344316,-0.302501,0.174708,0.937000,-0.355998,-0.932625,0.058962,0.642359,-0.240611,-0.004546,0.727640,0.005879,0.024129,0.001085,0.006944,0.016438,0.000628,-0.344316,-0.937000,-0.058962,0.000000,0.000000,0.000000,-1,-0.336105,-0.920288,-0.061569,-0.022289,0.034829,-0.013807,21.446625,193.019592,-560.750610,0,0
2.200000,-1.398522,1.214262,1.046079,0.884911,-0.314153,0.343862,-0.302072,0.174852,0.937112,-0.354522,-0.933132,0.059832,0.642306,-0.239849,-0.004149,0.727941,-0.003617,0.028256,-0.003105,0.006795,0.015817,0.000658,-0.343862,-0.937112,-0.059832,0.000000,0.000000,0.000000,-1,-0.337006,-0.921143,-0.058029,-0.025483,0.034830,-0.013782,23.380341,191.789047,-561.923706,0,0
2.240000,-1.397563,1.214456,1.045981,0.885277,-0.313378,0.343626,-0.301898,0.174791,0.937180,-0.353754,-0.933403,0.060130,0.642331,-0.239470,-0.003942,0.728045,0.000657,0.030403,0.000048,0.009382,0.012619,-0.000157,-0.343626,-0.937180,-0.060130,0.000000,0.000000,0.000000,-1,-0.334030,-0.924225,-0.060608,-0.020153,0.035898,-0.012762,22.677170,191.789047,-560.247864,0,0
2.280000,-1.396959,1.214782,1.046224,0.885663,-0.312656,0.343288,-0.301676,0.174565,0.937293,-0.352976,-0.933688,0.060285,0.642420,-0.239069,-0.003770,0.728099,0.005956,0.025077,-0.003171,0.010403,0.012901,0.001721,-0.343288,-0.937293,-0.060285,0.000000,0.000000,0.000000,-1,-0.330444,-0.918488,-0.059265,-0.019096,0.036917,-0.017035,22.149796,190.558502,-561.085815,0,0
2.320000,-1.395239,1.215368,1.046736,0.886603,-0.310696,0.342643,-0.301289,0.174135,0.937498,-0.350943,-0.934422,0.060779,0.642590,-0.238093,-0.003229,0.728271,-0.002414,0.046195,-0.002089,0.010413,0.021879,0.007495,-0.342643,-0.937498,-0.060779,0.000000,0.000000,0.000000,-1,-0.332489,-0.915833,-0.053665,-0.024372,0.051756,-0.015985,24.610886,190.910080,-562.091309,0,0
2.360000,-1.394721,1.215544,1.047447,0.887057,-0.309612,0.342449,-0.301270,0.173838,0.937559,-0.349810,-0.934837,0.060928,0.642707,-0.237621,-0.002863,0.728324,0.003953,0.038778,-0.002111,0.006496,0.020155,0.005691,-0.342449,-0.937559,-0.060928,0.000000,0.000000,0.000000,-1,-0.336563,-0.922363,-0.060822,-0.018001,0.044360,-0.013876,22.501373,190.910080,-561.085815,0,0
2.400000,-1.394288,1.215667,1.048193,0.887475,-0.308565,0.342309,-0.301300,0.173556,0.937602,-0.348721,-0.935236,0.061056,0.642819,-0.237184,-0.002494,0.728369,0.011409,0.038786,-0.001104,0.005364,0.012492,-0.000788,-0.342309,-0.937602,-0.061056,0.000000,0.000000,0.000000,-1,-0.332977,-0.920898,-0.062943,-0.008426,0.044328,-0.017146,23.731918,191.437454,-561.253418,0,0
2.440000,-1.392902,1.216280,1.048765,0.888315,-0.306866,0.341659,-0.300901,0.173097,0.937814,-0.346923,-0.935880,0.061428,0.642999,-0.236302,-0.002047,0.728498,0.006039,0.034434,-0.013831,0.009337,0.021097,-0.003955,-0.341659,-0.937814,-0.061428,0.000000,0.000000,0.000000,-1,-0.329346,-0.915588,-0.064911,-0.019107,0.041065,-0.026639,23.204544,190.206909,-562.426514,0,0
2.480000,-1.390176,1.217061,1.047411,0.889075,-0.305650,0.340769,-0.300032,0.173138,0.938085,-0.345726,-0.936270,0.062228,0.642983,-0.235497,-0.001927,0.728773,-0.001446,0.031190,-0.021219,0.009699,0.028585,-0.003461,-0.340769,-0.938085,-0.062228,0.000000,0.000000,0.000000,-1,-0.330246,-0.906708,-0.065750,-0.023379,0.041017,-0.031932,23.380341,189.327957,-559.242310,0,0
2.520000,-1.388072,1.217478,1.046434,0.889626,-0.304619,0.340253,-0.299524,0.173235,0.938230,-0.344747,-0.936588,0.062874,0.642946,-0.234912,-0.001747,0.728995,-0.001329,0.041776,-0.015881,0.005887,0.029950,0.000008,-0.340253,-0.938230,-0.062874,0.000000,0.000000,0.000000,-1,-0.337341,-0.914749,-0.063278,-0.023360,0.043184,-0.026614,22.852966,189.503738,-560.750610,0,0
2.560000,-1.386642,1.217717,1.046242,0.890131,-0.303491,0.339942,-0.299296,0.173180,0.938312,-0.343641,-0.936964,0.063319,0.642968,-0.234377,-0.001438,0.729149,0.002825,0.014158,-0.024329,0.001654,0.024723,-0.000737,-0.339942,-0.938312,-0.063319,0.000000,0.000000,0.000000,-1,-0.339432,-0.905807,-0.067734,-0.031996,0.018659,-0.044565,23.907715,191.964828,-561.085815,0,0
2.600000,-1.381868,1.218503,1.042259,0.890793,-0.302699,0.338911,-0.297967,0.173999,0.938584,-0.343079,-0.937069,0.064803,0.642649,-0.233668,-0.001621,0.729657,-0.024866,0.030906,-0.046543,0.002470,0.027421,-0.004914,-0.338911,-0.938584,-0.064803,0.000000,0.000000,0.000000,-1,-0.335922,-0.915375,-0.075668,-0.050093,0.036481,-0.064733,23.731918,191.085876,-560.247864,0,0
2.640000,-1.376830,1.219662,1.037733,0.891490,-0.302210,0.337513,-0.296239,0.174793,0.938983,-0.342765,-0.937079,0.066300,0.642339,-0.232918,-0.002044,0.730168,-0.027106,0.010616,-0.064558,0.000598,0.025195,-0.010910,-0.337513,-0.938983,-0.066300,0.000000,0.000000,0.000000,-1,-0.333115,-0.918259,-0.081970,-0.050138,0.032127,-0.077500,22.501373,191.613251,-560.415466,0,0
2.680000,-1.368709,1.221424,1.030638,0.892640,-0.301232,0.335342,-0.293572,0.176039,0.939588,-0.342067,-0.937160,0.068706,0.641852,-0.231675,-0.002620,0.730990,-0.023738,0.046563,-0.061459,-0.000138,0.019178,-0.015629,-0.335342,-0.939588,-0.068706,0.000000,0.000000,0.000000,-1,-0.339218,-0.918167,-0.090775,-0.057548,0.047996,-0.079633,22.852966,190.910080,-561.420959,0,0
2.720000,-1.353387,1.223364,1.016997,0.894330,-0.299397,0.332469,-0.289593,0.179068,0.940250,-0.341043,-0.937174,0.073443,0.640667,-0.229835,-0.003346,0.732605,-0.063271,0.029366,-0.089845,0.000484,0.035221,-0.028867,-0.332469,-0.940250,-0.073443,0.000000,0.000000,0.000000,-1,-0.324783,-0.897171,-0.109024,-0.091714,0.040324,-0.108103,24.259308,190.206909,-560.750610,0,0
2.760000,-1.336802,1.224694,1.001561,0.895745,-0.297906,0.329989,-0.285741,0.182843,0.940702,-0.340577,-0.936921,0.078657,0.639188,-0.228277,-0.004141,0.734378,-0.082420,0.051501,-0.102560,0.011431,0.050504,-0.040835,-0.329989,-0.940702,-0.078657,0.000000,0.000000,0.000000,-1,-0.309265,-0.888580,-0.125824,-0.113933,0.096356,-0.119859,23.380341,191.789047,-561.923706,0,0
2.800000,-1.307949,1.228354,0.977348,0.899366,-0.293257,0.324255,-0.278374,0.187780,0.941938,-0.337119,-0.937411,0.087248,0.637247,-0.224258,-0.005047,0.737291,-0.109807,0.148713,-0.122883,0.019308,0.054074,-0.041780,-0.324255,-0.941938,-0.087248,0.000000,0.000000,0.000000,-1,-0.305344,-0.884399,-0.131943,-0.147827,0.173475,-0.142257,24.083511,189.679535,-561.588562,0,0
2.840000,-1.278792,1.231683,0.954313,0.903317,-0.287282,0.318570,-0.271416,0.192329,0.943050,-0.332191,-0.938338,0.095761,0.635458,-0.219801,-0.005359,0.740170,-0.160798,0.196311,-0.131188,0.018964,0.053310,-0.036746,-0.318570,-0.943050,-0.095761,0.000000,0.000000,0.000000,-1,-0.298447,-0.893646,-0.130539,-0.181756,0.213809,-0.133623,23.380341,192.140625,-560.583008,0,0
2.880000,-1.244777,1.233765,0.928137,0.907623,-0.279433,0.313268,-0.264717,0.198190,0.943740,-0.325799,-0.939488,0.105911,0.633151,-0.214858,-0.004948,0.743593,-0.130802,0.234733,-0.099606,0.011800,0.028762,-0.025406,-0.313268,-0.943740,-0.105911,0.000000,0.000000,0.000000,-1,-0.303467,-0.929214,-0.132645,-0.150634,0.271261,-0.105316,23.204544,190.910080,-562.426514,0,0
2.920000,-1.202877,1.235618,0.899050,0.913556,-0.266859,0.306924,-0.257471,0.204715,0.944352,-0.314841,-0.941742,0.118311,0.630581,-0.207876,-0.003139,0.747760,-0.162555,0.309846,-0.110294,-0.003852,0.010346,-0.005087,-0.306924,-0.944352,-0.118310,0.000000,0.000000,0.000000,-1,-0.312927,-0.934418,-0.123108,-0.203808,0.311305,-0.128490,24.083511,191.085876,-562.594116,0,0
2.960000,-1.174395,1.236313,0.878434,0.917171,-0.259025,0.302825,-0.252691,0.209561,0.944580,-0.308130,-0.942863,0.126750,0.628661,-0.203494,-0.002110,0.750580,-0.220124,0.289426,-0.137393,-0.012528,0.003372,0.002330,-0.302825,-0.944580,-0.126750,0.000000,0.000000,0.000000,-1,-0.318695,-0.948517,-0.124191,-0.248682,0.283512,-0.156802,23.731918,191.437454,-561.923706,0,0
3.000000,-1.144556,1.237335,0.855347,0.920612,-0.252294,0.298029,-0.247057,0.214705,0.944915,-0.302385,-0.943530,0.135329,0.626614,-0.199226,-0.001738,0.753433,-0.217041,0.262828,-0.150098,-0.018697,0.001434,0.012678,-0.298029,-0.944915,-0.135329,0.000000,0.000000,0.000000,-1,-0.302887,-0.933563,-0.122818,-0.222097,0.285476,-0.172995,23.204544,190.558502,-563.432007,0,0
3.040000,-1.108660,1.239558,0.829000,0.925276,-0.243155,0.291100,-0.239766,0.219719,0.945640,-0.293898,-0.944775,0.145001,0.624611,-0.193289,-0.001120,0.756637,-0.171141,0.316632,-0.171957,-0.005607,0.006645,0.020855,-0.291100,-0.945640,-0.145001,0.000000,0.000000,0.000000,-1,-0.290863,-0.953598,-0.129105,-0.137828,0.340491,-0.178116,24.786682,188.976364,-564.269958,0,0
3.080000,-1.074643,1.246209,0.810243,0.931982,-0.229675,0.280463,-0.231041,0.219837,0.947782,-0.279338,-0.948114,0.151820,0.624565,-0.184415,0.000450,0.758887,0.000379,0.345181,-0.173397,0.006247,-0.011080,0.024592,-0.280463,-0.947782,-0.151820,0.000000,0.000000,0.000000,-1,-0.255844,-0.948578,-0.137680,0.003758,0.346653,-0.196282,25.665634,191.261673,-563.096863,0,0
3.120000,-1.058905,1.253085,0.804442,0.936364,-0.221467,0.272350,-0.225061,0.216649,0.949953,-0.269387,-0.950797,0.153018,0.625839,-0.178372,0.001184,0.759281,0.043954,0.344864,-0.206767,0.032711,0.013109,0.006351,-0.272350,-0.949953,-0.153018,0.000000,0.000000,0.000000,-1,-0.207565,-0.890381,-0.156189,-0.012215,0.383303,-0.242105,25.138260,188.624786,-563.934814,0,0
3.160000,-1.007666,1.264640,0.777079,0.945961,-0.200515,0.254857,-0.211339,0.214885,0.953499,-0.245956,-0.955834,0.160896,0.626534,-0.164338,0.003552,0.761863,-0.079045,0.515044,-0.228752,0.079244,0.109398,0.006797,-0.254857,-0.953499,-0.160896,0.000000,0.000000,0.000000,-1,-0.175613,-0.844101,-0.154099,-0.124495,0.576094,-0.241957,24.962463,189.152161,-564.102417,0,0
3.200000,-0.967732,1.268356,0.754335,0.951718,-0.184541,0.245310,-0.203969,0.217052,0.954613,-0.229410,-0.958558,0.168932,0.625647,-0.155243,0.006354,0.764477,-0.156296,0.668678,-0.224467,0.062906,0.109031,0.053529,-0.245310,-0.954613,-0.168932,0.000000,0.000000,0.000000,-1,-0.210587,-0.865906,-0.054993,-0.214547,0.709746,-0.222584,26.368805,189.503738,-563.767212,0,0
3.240000,-0.919625,1.269250,0.726194,0.957519,-0.165393,0.236224,-0.197214,0.222066,0.954879,-0.210388,-0.960901,0.180015,0.623586,-0.145372,0.010358,0.768050,-0.230521,0.707535,-0.147334,0.006716,0.074279,0.156623,-0.236224,-0.954879,-0.180015,0.000000,0.000000,0.000000,-1,-0.307480,-0.932037,0.054474,-0.202784,0.611485,-0.081684,26.368805,188.448990,-565.778259,0,0
3.280000,-0.881026,1.268751,0.712461,0.962999,-0.141341,0.229469,-0.194458,0.225115,0.954730,-0.186600,-0.964026,0.189301,0.622210,-0.134922,0.017225,0.770943,0.001782,0.312475,-0.026204,-0.133522,-0.014676,0.247192,-0.229469,-0.954730,-0.189301,0.000000,0.000000,0.000000,-1,-0.375793,-0.983231,-0.001816,0.011229,0.224180,-0.039279,26.720383,188.800583,-565.778259,0,0
3.320000,-0.875167,1.270042,0.711953,0.964199,-0.136402,0.227409,-0.193538,0.224280,0.955113,-0.181283,-0.964931,0.189852,0.622508,-0.132504,0.018524,0.771092,-0.038399,0.046700,-0.018505,-0.135124,-0.036082,0.080766,-0.227409,-0.955113,-0.189852,0.000000,0.000000,0.000000,-1,-0.325653,-1.004913,-0.167068,-0.136099,0.075085,-0.015206,25.841431,188.624786,-565.945862,0,0
3.360000,-0.857961,1.266740,0.698497,0.964997,-0.132214,0.226494,-0.192530,0.229278,0.954130,-0.178079,-0.964340,0.195798,0.620468,-0.130846,0.019507,0.772993,-0.270843,0.279877,-0.005858,-0.075065,-0.055453,0.009595,-0.226494,-0.954130,-0.195798,0.000000,0.000000,0.000000,-1,-0.265640,-1.011032,-0.173080,-0.410643,0.506977,-0.047721,26.017227,187.394241,-565.443115,0,0
3.400000,-0.800346,1.257669,0.658269,0.968578,-0.113997,0.221045,-0.188440,0.243672,0.951375,-0.162317,-0.963135,0.214534,0.614486,-0.123045,0.023893,0.778907,-0.407567,0.536731,-0.065418,-0.055337,-0.055171,0.060008,-0.221045,-0.951375,-0.214534,0.000000,0.000000,0.000000,-1,-0.267960,-0.986282,-0.125885,-0.376863,0.472377,-0.123491,26.544601,187.921616,-567.621765,0,0
3.440000,-0.731671,1.250164,0.608754,0.972984,-0.094675,0.210567,-0.180226,0.258550,0.949036,-0.144292,-0.961347,0.234502,0.608262,-0.112986,0.027239,0.785181,-0.235852,0.346363,-0.145936,-0.059651,0.002152,0.136678,-0.210567,-0.949036,-0.234502,0.000000,0.000000,0.000000,-1,-0.268356,-0.916580,-0.093597,-0.230471,0.327903,-0.166697,26.544601,188.273209,-565.945862,0,1
3.480000,-0.700795,1.249048,0.585874,0.975108,-0.087097,0.203910,-0.174850,0.263488,0.948684,-0.136355,-0.960723,0.241701,0.606201,-0.108028,0.027860,0.787448,-0.151950,0.285862,-0.158078,-0.056649,0.041854,0.150316,-0.203910,-0.948684,-0.241701,0.000000,0.000000,0.000000,-1,-0.231247,-0.920090,-0.106750,-0.096393,0.289878,-0.152680,27.423553,188.800583,-566.113464,0,0
3.520000,-0.670428,1.256218,0.570668,0.978558,-0.073936,0.192246,-0.167144,0.260385,0.950927,-0.120366,-0.962670,0.242444,0.607398,-0.099227,0.029586,0.787621,0.108817,0.254996,-0.168506,-0.012878,0.015029,0.107068,-0.192246,-0.950927,-0.242444,0.000000,0.000000,0.000000,-1,-0.205124,-0.935898,-0.135376,0.096061,0.238588,-0.197658,27.599350,188.624786,-567.286560,0,0
3.560000,-0.660653,1.264579,0.567117,0.980294,-0.069323,0.184982,-0.161942,0.254262,0.953481,-0.113132,-0.964648,0.238025,0.609919,-0.094793,0.029451,0.786222,0.094767,0.232171,-0.231167,0.011474,-0.015529,0.083668,-0.184982,-0.953481,-0.238025,0.000000,0.000000,0.000000,-1,-0.158936,-1.001907,-0.172058,0.036325,0.254948,-0.262241,28.302521,188.624786,-566.281006,0,0
3.600000,-0.636573,1.272118,0.549937,0.982495,-0.064090,0.174919,-0.153789,0.250871,0.955726,-0.105134,-0.965897,0.236623,0.611351,-0.089097,0.028537,0.785810,-0.009540,0.287796,-0.288101,0.021461,-0.051934,0.050939,-0.174919,-0.955726,-0.236623,0.000000,0.000000,0.000000,-1,-0.134933,-1.008926,-0.228745,-0.091340,0.357997,-0.345798,27.247757,188.624786,-567.621765,0,0
3.640000,-0.595514,1.276987,0.517843,0.985086,-0.056708,0.162447,-0.143354,0.251630,0.957148,-0.095154,-0.966161,0.239748,0.611087,-0.081847,0.027530,0.786839,-0.097758,0.383688,-0.343179,0.027513,-0.051779,0.011004,-0.162447,-0.957148,-0.239748,0.000000,0.000000,0.000000,-1,-0.144119,-1.041290,-0.243393,-0.166630,0.448171,-0.331703,26.896179,187.570038,-567.286560,0,0
3.680000,-0.506285,1.279446,0.455508,0.989721,-0.032402,0.139294,-0.126365,0.257958,0.957857,-0.066969,-0.965613,0.251211,0.608390,-0.065241,0.029720,0.790394,-0.068066,0.562074,-0.180018,-0.110858,-0.117720,0.031454,-0.139294,-0.957857,-0.251211,0.000000,0.000000,0.000000,-1,-0.279602,-1.097794,-0.188492,-0.048767,0.537814,-0.142260,29.884644,188.800583,-568.794861,0,0
3.720000,-0.481961,1.281164,0.445613,0.991018,-0.018919,0.132380,-0.123097,0.257710,0.958349,-0.052247,-0.966037,0.253066,0.608326,-0.058363,0.032932,0.790853,0.053173,0.432706,-0.079268,-0.160024,-0.136286,0.080047,-0.132380,-0.958349,-0.253066,0.000000,0.000000,0.000000,-1,-0.299408,-1.057678,-0.152237,0.099680,0.268435,-0.062503,28.302521,188.273209,-566.951416,0,0
3.760000,-0.476054,1.287112,0.449459,0.991688,-0.010095,0.128269,-0.121608,0.252096,0.960031,-0.042027,-0.967649,0.248773,0.610495,-0.053933,0.035316,0.789392,0.238643,0.093296,-0.012319,-0.148342,-0.087699,0.095285,-0.128269,-0.960031,-0.248773,0.000000,0.000000,0.000000,-1,-0.201324,-1.046097,-0.178757,0.332402,0.049903,0.019607,29.181473,189.503738,-567.454163,0,0
3.800000,-0.523582,1.304082,0.501444,0.991257,-0.006635,0.131778,-0.126693,0.231116,0.964642,-0.036856,-0.972904,0.228255,0.618847,-0.053861,0.038346,0.782724,0.455118,0.144664,0.049743,0.019260,-0.095432,-0.009691,-0.131778,-0.964642,-0.228255,0.000000,0.000000,0.000000,-1,-0.066223,-1.055740,-0.266968,0.461806,0.232122,0.026443,29.708847,188.273209,-565.945862,0,0
3.840000,-0.545811,1.316198,0.533138,0.991415,0.001739,0.130741,-0.128003,0.216903,0.967765,-0.026676,-0.976192,0.215263,0.624349,-0.050558,0.041670,0.778393,0.478051,0.364624,0.012519,0.084111,-0.079889,-0.056603,-0.130741,-0.967765,-0.215263,0.000000,0.000000,0.000000,-1,-0.021225,-0.992981,-0.242966,0.319666,0.441503,-0.012656,28.302521,187.921616,-565.610718,0,0
3.880000,-0.544931,1.326122,0.560407,0.991674,0.028552,0.125568,-0.128758,0.205187,0.970216,0.001937,-0.978306,0.207155,0.628357,-0.039868,0.050729,0.775245,-0.106149,0.463418,0.032659,0.013904,0.033327,0.046633,-0.125568,-0.970216,-0.207155,0.000000,0.000000,0.000000,-1,-0.176575,-0.922577,-0.129547,-0.221223,0.393440,0.048180,28.302521,189.679535,-566.281006,0,0
3.920000,-0.539030,1.324331,0.558524,0.991590,0.032646,0.125235,-0.129292,0.206902,0.969781,0.005748,-0.977817,0.209383,0.627556,-0.038501,0.052180,0.775867,-0.197883,0.386370,0.060292,-0.020334,0.043878,0.059420,-0.125235,-0.969781,-0.209383,0.000000,0.000000,0.000000,-1,-0.255661,-0.908066,-0.082138,-0.279163,0.204341,0.100474,28.829895,188.448990,-565.778259,0,0
3.960000,-0.533634,1.311360,0.559773,0.990619,0.040560,0.130491,-0.136219,0.217382,0.966535,0.010836,-0.975244,0.220868,0.622971,-0.038388,0.056715,0.779242,-0.152032,-0.068721,0.213983,-0.154482,0.089048,0.130856,-0.130491,-0.966535,-0.220868,0.000000,0.000000,0.000000,-1,-0.267914,-0.836273,-0.154312,-0.132036,-0.227268,0.275664,27.599350,189.327957,-565.945862,0,0
4.000000,-0.602730,1.297161,0.612586,0.987824,0.027112,0.153194,-0.155380,0.221095,0.962795,-0.007767,-0.974875,0.222616,0.621312,-0.051612,0.058516,0.779669,0.000549,-0.464242,0.397518,-0.033650,0.152340,-0.026881,-0.153194,-0.962795,-0.222616,0.000000,0.000000,0.000000,-1,-0.186844,-0.810455,-0.249496,0.004761,-0.511077,0.398179,27.599350,188.976364,-566.616211,0,0
4.040000,-0.656484,1.291204,0.651445,0.985617,0.013807,0.168430,-0.167327,0.219449,0.961168,-0.023691,-0.975526,0.218603,0.622006,-0.061703,0.058174,0.778407,0.076836,-0.576658,0.383498,0.029560,0.172960,-0.104441,-0.168430,-0.961168,-0.218603,0.000000,0.000000,0.000000,-1,-0.119064,-0.790421,-0.346085,0.065212,-0.537113,0.332823,27.599350,190.382706,-564.605164,0,0
4.080000,-0.701969,1.287045,0.683371,0.983523,0.001426,0.180776,-0.176769,0.217094,0.960012,-0.037876,-0.976150,0.213769,0.623029,-0.070359,0.057341,0.776915,0.056833,-0.412432,0.274375,0.067266,0.163595,-0.139335,-0.180776,-0.960012,-0.213769,0.000000,0.000000,0.000000,-1,-0.113708,-0.857666,-0.372208,-0.045031,-0.279729,0.216593,26.193008,188.273209,-566.281006,0,0
4.120000,-0.734255,1.276418,0.701461,0.980862,-0.010770,0.194407,-0.187240,0.221642,0.956983,-0.053395,-0.975069,0.215383,0.621256,-0.079681,0.056745,0.777478,-0.203900,-0.205579,0.074276,0.046320,0.041791,-0.140604,-0.194407,-0.956983,-0.215383,0.000000,0.000000,0.000000,-1,-0.171799,-0.927048,-0.317734,-0.271082,-0.229568,0.024269,26.193008,188.273209,-566.616211,0,0
4.160000,-0.732428,1.274350,0.697160,0.980652,-0.012899,0.195336,-0.187556,0.223962,0.956381,-0.056084,-0.974513,0.217209,0.620379,-0.080779,0.056116,0.778110,-0.247678,-0.236856,0.036476,0.034402,0.034918,-0.120117,-0.195336,-0.956381,-0.217209,0.000000,0.000000,0.000000,-1,-0.199280,-0.945114,-0.286743,-0.303286,-0.269281,-0.032860,26.368805,189.855331,-566.113464,0,0
4.200000,-0.715071,1.263710,0.665305,0.979827,-0.025613,0.198198,-0.186599,0.237814,0.953218,-0.071549,-0.970973,0.228238,0.615178,-0.086240,0.051468,0.781965,-0.218057,-0.226020,-0.051142,-0.034026,-0.006971,-0.034717,-0.198198,-0.953218,-0.228238,0.000000,0.000000,0.000000,-1,-0.289719,-0.943573,-0.232147,-0.233869,-0.170074,-0.069991,26.368805,189.152161,-566.783813,0,0
4.240000,-0.700797,1.253832,0.639134,0.978939,-0.035842,0.200982,-0.185920,0.250162,0.950186,-0.084335,-0.967540,0.238229,0.610440,-0.090821,0.047772,0.785387,-0.211362,-0.110759,-0.070777,-0.105384,0.004004,0.053033,-0.200982,-0.950186,-0.238229,0.000000,0.000000,0.000000,-1,-0.302994,-0.943939,-0.172775,-0.193296,-0.111019,-0.097160,26.368805,189.152161,-566.448608,0,0
