0.000000,0.911185,-0.055808,-0.013498,0.612159,-0.052346,-0.789000,0.013477,0.998352,-0.055779,0.790620,0.023512,0.611856,-0.022085,0.439982,-0.018334,0.897548,0.011571,-0.003384,-0.006179,-0.011809,0.001320,-0.003440,0.789000,0.055779,-0.611856,0.000000,0.000000,0.000000,-1,0.782257,0.056793,-0.612823,0.009523,-0.096467,0.007776,191.324966,236.086273,-790.923279,0,0
0.040000,0.910930,-0.055794,-0.013831,0.612343,-0.052533,-0.788845,0.013809,0.998348,-0.055765,0.790472,0.023254,0.612057,-0.022009,0.439872,-0.018478,0.897601,0.007341,0.007218,-0.001927,-0.006283,0.003622,-0.001194,0.788845,0.055765,-0.612057,0.000000,0.000000,0.000000,-1,0.785080,0.060074,-0.610031,0.001029,-0.093284,0.009983,192.200989,235.213181,-790.422241,0,0
0.080000,0.911106,-0.055996,-0.013926,0.612197,-0.052754,-0.788943,0.013903,0.998336,-0.055967,0.790583,0.023294,0.611912,-0.022077,0.439951,-0.018566,0.897558,0.002039,0.004042,0.003460,-0.004382,0.006396,0.004002,0.788943,0.055967,-0.611912,0.000000,0.000000,0.000000,-1,0.786087,0.060974,-0.609222,0.004245,-0.094333,0.017398,192.551407,235.911652,-790.756226,0,0
0.120000,0.911396,-0.056029,-0.013902,0.611968,-0.052772,-0.789120,0.013879,0.998334,-0.055999,0.790761,0.023317,0.611681,-0.022094,0.440081,-0.018566,0.897494,0.004256,0.007203,0.010981,-0.004131,0.005600,0.003466,0.789120,0.055999,-0.611681,0.000000,0.000000,0.000000,-1,0.785767,0.060165,-0.609329,0.002129,-0.096448,0.020622,192.200989,236.260895,-791.758301,0,0
0.160000,0.911633,-0.055891,-0.013799,0.611788,-0.052606,-0.789271,0.013646,0.998355,-0.055685,0.790995,0.023290,0.611379,-0.022001,0.440258,-0.018396,0.897413,0.003207,0.008268,0.015239,-0.006143,0.002084,0.002767,0.789377,0.055685,-0.611379,0.000000,0.000000,0.000000,-1,0.783066,0.058487,-0.610153,0.001092,-0.094318,0.027007,192.025787,235.737030,-790.923279,0,0
0.200000,0.911871,-0.055336,-0.013407,0.611626,-0.051934,-0.789440,0.013386,0.998380,-0.055308,0.791034,0.023260,0.611330,-0.021887,0.440291,-0.018197,0.897404,0.001098,0.006153,0.020589,-0.006771,0.000311,-0.001157,0.789440,0.055308,-0.611330,0.000000,0.000000,0.000000,-1,0.782211,0.054352,-0.613861,-0.002065,-0.093245,0.035546,192.901825,235.213181,-791.090271,0,0
0.240000,0.911916,-0.054518,-0.012795,0.611631,-0.050915,-0.789503,0.012776,0.998433,-0.054491,0.791040,0.023242,0.611323,-0.021655,0.440306,-0.017743,0.897411,-0.004145,0.010365,0.030318,-0.007200,-0.002260,-0.003057,0.789503,0.054491,-0.611323,0.000000,0.000000,0.000000,-1,0.780426,0.051437,-0.609970,-0.008408,-0.087931,0.044102,191.675385,235.038559,-790.589233,0,0
0.280000,0.912399,-0.053101,-0.011505,0.611326,-0.049018,-0.789859,0.011489,0.998524,-0.053076,0.791295,0.023372,0.610988,-0.021299,0.440514,-0.016857,0.897335,-0.011554,0.023088,0.035664,-0.009494,-0.003988,-0.000966,0.789859,0.053076,-0.610988,0.000000,0.000000,0.000000,-1,0.786453,0.048508,-0.609589,-0.013691,-0.076260,0.050490,191.500168,235.562408,-791.424255,0,0
0.320000,0.913121,-0.052168,-0.010471,0.610813,-0.047666,-0.790338,0.010457,0.998585,-0.052144,0.791706,0.023586,0.610447,-0.021102,0.440830,-0.016196,0.897196,-0.014719,0.022037,0.042088,-0.002481,-0.005361,0.001423,0.790339,0.052144,-0.610447,0.000000,0.000000,0.000000,-1,0.792236,0.043442,-0.605850,-0.016870,-0.078375,0.053726,191.324966,235.737030,-790.589233,0,0
0.360000,0.914364,-0.050667,-0.008991,0.609909,-0.045606,-0.791158,0.008979,0.998676,-0.050645,0.792420,0.023785,0.609511,-0.020745,0.441377,-0.015214,0.896953,-0.012585,0.022041,0.043134,0.001597,-0.006624,0.003936,0.791158,0.050645,-0.609511,0.000000,0.000000,0.000000,-1,0.792770,0.043411,-0.600540,-0.012627,-0.081559,0.051566,192.025787,236.784760,-790.589233,0,0
0.400000,0.915697,-0.048866,-0.007464,0.608679,-0.043288,-0.792235,0.007455,0.998778,-0.048846,0.793382,0.023825,0.608258,-0.020263,0.442109,-0.014149,0.896621,-0.008363,0.019867,0.031525,0.001893,-0.007175,0.006329,0.792235,0.048846,-0.608258,0.000000,0.000000,0.000000,-1,0.796661,0.041458,-0.600662,-0.011608,-0.081577,0.039854,191.149765,235.911652,-789.420227,0,0
0.440000,0.916987,-0.047996,-0.006786,0.607942,-0.042209,-0.792859,0.006778,0.998825,-0.047977,0.793952,0.023793,0.607514,-0.020016,0.442541,-0.013662,0.896421,-0.005205,0.017738,0.022993,0.003131,-0.006733,0.006501,0.792859,0.047977,-0.607514,0.000000,0.000000,0.000000,-1,0.797989,0.042496,-0.601334,-0.005279,-0.089016,0.028117,192.200989,234.863937,-791.424255,0,0
0.480000,0.917793,-0.047319,-0.006377,0.607323,-0.041443,-0.793374,0.006370,0.998860,-0.047301,0.794430,0.023673,0.606895,-0.019797,0.442900,-0.013337,0.896253,0.000075,0.010308,0.014462,0.004615,-0.004805,0.005561,0.793374,0.047301,-0.606895,0.000000,0.000000,0.000000,-1,0.795837,0.041702,-0.600677,-0.004247,-0.093268,0.020678,193.777847,235.038559,-791.591309,0,0
0.520000,0.918819,-0.046498,-0.006206,0.606518,-0.040712,-0.794027,0.006199,0.998900,-0.046481,0.795046,0.023269,0.606103,-0.019461,0.443362,-0.013089,0.896036,0.005350,0.010297,0.002708,0.001719,-0.005145,0.006036,0.794027,0.046481,-0.606103,0.000000,0.000000,0.000000,-1,0.794662,0.043823,-0.604187,0.003164,-0.092220,0.012082,191.500168,234.514694,-792.092285,0,0
0.560000,0.919439,-0.046136,-0.006391,0.606020,-0.040551,-0.794415,0.006384,0.998915,-0.046120,0.795424,0.022878,0.605621,-0.019254,0.443642,-0.013097,0.895901,0.003199,0.011348,-0.004717,0.000964,-0.003502,0.002731,0.794415,0.046120,-0.605621,0.000000,0.000000,0.000000,-1,0.794968,0.043289,-0.602310,0.003133,-0.091173,0.003568,192.025787,235.737030,-791.925293,0,0
0.600000,0.919978,-0.046085,-0.006774,0.605575,-0.040755,-0.794744,0.006767,0.998915,-0.046069,0.795759,0.022520,0.605194,-0.019142,0.443888,-0.013263,0.895780,0.008503,0.007063,-0.009940,0.001597,-0.002078,0.004105,0.794744,0.046069,-0.605194,0.000000,0.000000,0.000000,-1,0.795624,0.045517,-0.602081,0.009487,-0.097542,-0.001792,192.025787,237.134003,-791.257263,0,0
0.640000,0.920216,-0.045989,-0.007750,0.605347,-0.041275,-0.794891,0.007742,0.998913,-0.045973,0.795924,0.021675,0.605008,-0.018881,0.444004,-0.013681,0.895721,0.019120,0.002818,-0.013229,-0.002517,-0.002104,-0.000278,0.794891,0.045973,-0.605008,0.000000,0.000000,0.000000,-1,0.790070,0.042938,-0.599731,0.013733,-0.095425,-0.003976,192.376205,235.038559,-791.257263,0,0
0.680000,0.920495,-0.045920,-0.008461,0.605096,-0.041657,-0.795062,0.008452,0.998910,-0.045904,0.796108,0.021056,0.604788,-0.018690,0.444136,-0.013987,0.895655,0.019116,0.008116,-0.015379,-0.003436,-0.003500,0.004203,0.795062,0.045904,-0.604788,0.000000,0.000000,0.000000,-1,0.787720,0.046204,-0.604340,0.020111,-0.091186,-0.005129,192.200989,234.863937,-791.090271,0,0
0.720000,0.920600,-0.045744,-0.009635,0.604964,-0.042229,-0.795133,0.009625,0.998908,-0.045728,0.796195,0.020011,0.604709,-0.018350,0.444194,-0.014474,0.895626,0.028693,0.008115,-0.013357,-0.010114,-0.002271,0.000354,0.795133,0.045728,-0.604709,0.000000,0.000000,0.000000,-1,0.789246,0.040283,-0.601959,0.022253,-0.091179,-0.000897,191.850586,236.610138,-792.092285,0,0
0.760000,0.920772,-0.045175,-0.010665,0.604788,-0.042403,-0.795257,0.010654,0.998923,-0.045160,0.796315,0.018840,0.604589,-0.017865,0.444282,-0.014810,0.895586,0.019143,0.016571,-0.007848,-0.005035,-0.005075,0.002477,0.795257,0.045160,-0.604589,0.000000,0.000000,0.000000,-1,0.793274,0.041321,-0.602295,0.021215,-0.084810,0.004404,191.324966,235.737030,-789.921265,0,0
0.800000,0.921443,-0.044633,-0.011531,0.604222,-0.042507,-0.795682,0.011519,0.998938,-0.044619,0.796733,0.017794,0.604069,-0.017425,0.444592,-0.015084,0.895437,0.018098,0.007038,-0.001409,-0.000470,-0.000673,0.004033,0.795682,0.044619,-0.604069,0.000000,0.000000,0.000000,-1,0.793427,0.044434,-0.597351,0.015917,-0.093282,0.010883,191.500168,235.562408,-791.424255,0,0
0.840000,0.921724,-0.044270,-0.011994,0.603981,-0.042503,-0.795865,0.011982,0.998948,-0.044255,0.796909,0.017193,0.603855,-0.017157,0.444722,-0.015213,0.895375,0.021300,0.008104,0.001742,-0.001995,0.000010,0.003376,0.795864,0.044255,-0.603855,0.000000,0.000000,0.000000,-1,0.792709,0.042725,-0.602310,0.014862,-0.093279,0.013022,190.974548,234.340073,-792.593262,0,0
0.880000,0.921977,-0.043625,-0.012518,0.603764,-0.042311,-0.796039,0.012506,0.998970,-0.043612,0.797065,0.016376,0.603671,-0.016750,0.444841,-0.015306,0.895322,0.018100,0.010197,0.003999,-0.003177,-0.002504,0.000141,0.796039,0.043612,-0.603671,0.000000,0.000000,0.000000,-1,0.794830,0.040359,-0.601440,0.012738,-0.090098,0.013031,192.376205,235.387802,-790.589233,0,0
0.920000,0.922487,-0.042780,-0.012963,0.603347,-0.041914,-0.796377,0.012951,0.999001,-0.042767,0.797374,0.015489,0.603287,-0.016269,0.445075,-0.015322,0.895214,0.011726,0.008078,0.005145,-0.002508,-0.005077,0.001664,0.796377,0.042767,-0.603287,0.000000,0.000000,0.000000,-1,0.795212,0.040482,-0.601334,0.006362,-0.091157,0.014170,191.675385,235.038559,-789.587280,0,0
0.960000,0.922725,-0.042347,-0.013132,0.603155,-0.041675,-0.796535,0.013120,0.999017,-0.042334,0.797516,0.015084,0.603109,-0.016036,0.445184,-0.015303,0.895165,0.010668,0.009139,0.006217,-0.005885,-0.003028,0.002080,0.796535,0.042334,-0.603109,0.000000,0.000000,0.000000,-1,0.791992,0.040405,-0.601395,0.007435,-0.094333,0.017363,193.602646,235.911652,-790.756226,0,0
1.000000,0.922967,-0.041781,-0.013268,0.602962,-0.041310,-0.796700,0.013256,0.999039,-0.041769,0.797660,0.014624,0.602930,-0.015750,0.445294,-0.015240,0.895116,0.010684,0.013382,0.009389,-0.008812,-0.000494,0.003809,0.796700,0.041769,-0.602930,0.000000,0.000000,0.000000,-1,0.794357,0.039017,-0.601486,0.003184,-0.086913,0.016313,191.675385,235.038559,-791.257263,0,0
1.040000,0.923509,-0.041310,-0.013228,0.602536,-0.040919,-0.797042,0.013217,0.999059,-0.041299,0.797982,0.014350,0.602510,-0.015544,0.445537,-0.015122,0.895001,0.001116,0.013380,0.009496,-0.001052,-0.002984,-0.001722,0.797042,0.041299,-0.602510,0.000000,0.000000,0.000000,-1,0.796478,0.038727,-0.602448,-0.002116,-0.086906,0.020626,192.551407,234.514694,-791.424255,0,0
1.080000,0.924065,-0.040744,-0.012999,0.602108,-0.040337,-0.797395,0.012988,0.999086,-0.040733,0.798309,0.014169,0.602081,-0.015338,0.445785,-0.014897,0.894885,0.001105,0.015457,0.011683,-0.001085,-0.002235,0.002441,0.797395,0.040733,-0.602081,0.000000,0.000000,0.000000,-1,0.794205,0.041626,-0.598236,-0.003165,-0.084781,0.023819,193.427444,235.737030,-789.587280,0,0
1.120000,0.924794,-0.040338,-0.012754,0.601539,-0.039876,-0.797847,0.012743,0.999105,-0.040327,0.798742,0.014091,0.601509,-0.015205,0.446110,-0.014702,0.894728,0.003220,0.012274,0.009547,-0.004573,0.002001,0.005730,0.797847,0.040327,-0.601509,0.000000,0.000000,0.000000,-1,0.799591,0.041901,-0.597961,0.001064,-0.089030,0.018473,191.500168,235.562408,-789.086243,0,0
1.160000,0.925824,-0.040019,-0.012789,0.600718,-0.039657,-0.798477,0.012779,0.999118,-0.040008,0.799359,0.013830,0.600695,-0.015047,0.446572,-0.014655,0.894501,0.006392,0.011210,0.005261,0.002396,0.001419,0.000536,0.798477,0.040008,-0.600695,0.000000,0.000000,0.000000,-1,0.797897,0.043381,-0.601089,0.001042,-0.096458,0.014252,194.303467,233.117737,-790.422241,0,0
1.200000,0.926048,-0.039982,-0.012820,0.600538,-0.039650,-0.798612,0.012810,0.999119,-0.039972,0.799493,0.013774,0.600517,-0.015022,0.446672,-0.014662,0.894452,0.002135,0.005909,0.005331,-0.000120,0.002890,0.001671,0.798612,0.039972,-0.600517,0.000000,0.000000,0.000000,-1,0.796814,0.039139,-0.603500,-0.003209,-0.095398,0.014294,193.777847,233.990829,-789.587280,0,0
1.240000,0.926191,-0.039876,-0.012643,0.600432,-0.039460,-0.798701,0.012633,0.999125,-0.039865,0.799576,0.013846,0.600406,-0.015013,0.446735,-0.014561,0.894422,-0.007461,0.005842,0.003335,0.000722,-0.002665,0.000186,0.798701,0.039865,-0.600406,0.000000,0.000000,0.000000,-1,0.796738,0.035675,-0.597610,-0.012785,-0.094341,0.012268,192.726608,235.038559,-790.255249,0,0
1.280000,0.926483,-0.039878,-0.012281,0.600213,-0.039249,-0.798877,0.012271,0.999130,-0.039867,0.799746,0.014126,0.600172,-0.015093,0.446863,-0.014401,0.894359,-0.008534,0.002659,0.001235,0.000180,-0.001415,0.003095,0.798877,0.039867,-0.600172,0.000000,0.000000,0.000000,-1,0.798447,0.035721,-0.598358,-0.010675,-0.100707,0.009082,191.850586,234.863937,-789.754272,0,0
1.320000,0.926503,-0.039754,-0.012003,0.600209,-0.038983,-0.798893,0.011993,0.999138,-0.039743,0.799754,0.014273,0.600159,-0.015099,0.446870,-0.014249,0.894358,-0.008532,-0.001581,0.002320,-0.002537,-0.005091,0.000839,0.798893,0.039743,-0.600159,0.000000,0.000000,0.000000,-1,0.795120,0.033066,-0.598526,-0.012778,-0.100697,0.015487,191.850586,234.863937,-789.420227,0,0
1.360000,0.926405,-0.039461,-0.011563,0.600307,-0.038484,-0.798843,0.011554,0.999155,-0.039451,0.799686,0.014453,0.600244,-0.015067,0.446823,-0.013987,0.894386,-0.014914,0.000476,0.005588,-0.001648,-0.006675,0.000986,0.798843,0.039451,-0.600244,0.000000,0.000000,0.000000,-1,0.796234,0.035950,-0.597763,-0.020224,-0.101759,0.014510,190.273727,234.689316,-791.257263,0,0
1.400000,0.926418,-0.039448,-0.010836,0.600325,-0.038037,-0.798851,0.010828,0.999163,-0.039438,0.799683,0.015026,0.600234,-0.015224,0.446823,-0.013659,0.894388,-0.021282,0.001539,0.007783,-0.004570,-0.001398,0.002487,0.798851,0.039438,-0.600234,0.000000,0.000000,0.000000,-1,0.797180,0.038406,-0.597046,-0.021271,-0.100692,0.018772,191.500168,234.165451,-790.088257,0,0
1.440000,0.926385,-0.039462,-0.010141,0.600377,-0.037630,-0.798831,0.010133,0.999170,-0.039452,0.799653,0.015591,0.600260,-0.015386,0.446803,-0.013351,0.894400,-0.011710,-0.003759,0.009830,0.001599,0.000129,0.000834,0.798831,0.039452,-0.600260,0.000000,0.000000,0.000000,-1,0.794922,0.036926,-0.598373,-0.010643,-0.105993,0.018679,192.025787,233.990829,-791.591309,0,0
1.480000,0.926219,-0.039338,-0.009633,0.600530,-0.037223,-0.798736,0.009625,0.999180,-0.039327,0.799545,0.015929,0.600396,-0.015444,0.446725,-0.013094,0.894442,-0.010655,0.000475,0.006608,-0.003585,-0.002859,0.002297,0.798735,0.039327,-0.600396,0.000000,0.000000,0.000000,-1,0.799149,0.039368,-0.593033,-0.012769,-0.094334,0.016522,192.376205,233.990829,-789.587280,0,0
1.520000,0.926954,-0.039408,-0.009170,0.599959,-0.037013,-0.799174,0.009162,0.999182,-0.039398,0.799979,0.016315,0.599807,-0.015575,0.447050,-0.012909,0.894280,-0.013850,0.007895,0.003419,0.003423,-0.003006,0.006514,0.799174,0.039398,-0.599807,0.000000,0.000000,0.000000,-1,0.803741,0.039307,-0.587067,-0.017033,-0.094339,0.013378,192.376205,235.387802,-791.257263,0,0
1.560000,0.928050,-0.039520,-0.008752,0.599097,-0.036870,-0.799827,0.008745,0.999181,-0.039510,0.800629,0.016676,0.598928,-0.015711,0.447537,-0.012755,0.894037,0.002009,-0.008094,-0.003059,0.003075,-0.001225,0.015936,0.799827,0.039510,-0.598928,0.000000,0.000000,0.000000,-1,0.799088,0.037872,-0.584671,-0.000057,-0.107071,0.006866,191.675385,235.737030,-790.255249,0,0
1.600000,0.928454,-0.039389,-0.008991,0.598764,-0.036915,-0.800074,0.008984,0.999184,-0.039378,0.800875,0.016390,0.598608,-0.015596,0.447720,-0.012836,0.893946,0.016885,-0.008092,-0.005350,-0.001307,-0.000835,0.014287,0.800074,0.039378,-0.598608,0.000000,0.000000,0.000000,-1,0.800568,0.036438,-0.589981,0.017996,-0.108139,0.001353,192.200989,234.514694,-791.758301,0,0
1.640000,0.928657,-0.038905,-0.009973,0.598569,-0.037119,-0.800210,0.009965,0.999194,-0.038895,0.801009,0.015307,0.598457,-0.015159,0.447819,-0.013168,0.893899,0.027495,-0.004918,-0.011862,0.001868,-0.005646,0.005515,0.800210,0.038895,-0.598457,0.000000,0.000000,0.000000,-1,0.803207,0.032562,-0.591461,0.026490,-0.106024,-0.001941,192.551407,233.816223,-791.758301,0,0
1.680000,0.928882,-0.038267,-0.011201,0.598349,-0.037347,-0.800365,0.011193,0.999205,-0.038257,0.801157,0.013933,0.598292,-0.014597,0.447930,-0.013576,0.893846,0.029605,-0.008102,-0.016123,0.002767,-0.003193,0.005061,0.800365,0.038257,-0.598292,0.000000,0.000000,0.000000,-1,0.800110,0.034225,-0.595810,0.031784,-0.114512,-0.006216,192.901825,235.213181,-791.424255,0,0
1.720000,0.928327,-0.037714,-0.012685,0.598743,-0.037785,-0.800049,0.012676,0.999209,-0.037705,0.800841,0.012434,0.598748,-0.014022,0.447693,-0.014112,0.893966,0.040172,-0.016677,-0.014076,-0.004380,-0.002839,0.000619,0.800049,0.037705,-0.598748,0.000000,0.000000,0.000000,-1,0.796921,0.032761,-0.598587,0.036039,-0.116630,-0.005189,191.850586,235.562408,-790.422241,0,0
1.760000,0.927641,-0.037044,-0.014295,0.599238,-0.038206,-0.799658,0.014285,0.999212,-0.037035,0.800443,0.010770,0.599312,-0.013367,0.447399,-0.014677,0.894114,0.033783,-0.010323,-0.018287,-0.003302,-0.003558,0.002113,0.799659,0.037035,-0.599312,0.000000,0.000000,0.000000,-1,0.797928,0.034134,-0.598602,0.028586,-0.110276,-0.009391,192.551407,235.562408,-789.420227,0,0
1.800000,0.927321,-0.036906,-0.015722,0.599441,-0.038947,-0.799471,0.015711,0.999196,-0.036897,0.800265,0.009557,0.599571,-0.012988,0.447265,-0.015282,0.894177,0.025264,-0.008209,-0.022457,0.002302,-0.001161,0.002509,0.799471,0.036897,-0.599571,0.000000,0.000000,0.000000,-1,0.799210,0.036621,-0.598221,0.023253,-0.111342,-0.013582,191.324966,235.387802,-791.257263,0,0
1.840000,0.926864,-0.036993,-0.017089,0.599752,-0.039832,-0.799194,0.017076,0.999170,-0.036985,0.800004,0.008535,0.599934,-0.012725,0.447069,-0.015909,0.894267,0.025195,-0.014665,-0.021377,-0.001175,-0.001600,0.000493,0.799194,0.036985,-0.599934,0.000000,0.000000,0.000000,-1,0.796936,0.036423,-0.596130,0.024315,-0.117702,-0.012501,192.376205,236.086273,-791.591309,0,0
1.880000,0.926288,-0.036993,-0.018578,0.600152,-0.040721,-0.798848,0.018564,0.999143,-0.036985,0.799670,0.007367,0.600394,-0.012397,0.446821,-0.016572,0.894384,0.030499,-0.018909,-0.023544,-0.002004,-0.000669,0.004371,0.798848,0.036985,-0.600394,0.000000,0.000000,0.000000,-1,0.794907,0.037491,-0.595810,0.030685,-0.119825,-0.014689,191.500168,234.514694,-789.754272,0,0
1.920000,0.925576,-0.036982,-0.020250,0.600653,-0.041712,-0.798421,0.020235,0.999111,-0.036973,0.799254,0.006052,0.600963,-0.012025,0.446513,-0.017313,0.894529,0.034744,-0.018912,-0.025718,-0.001988,0.000060,0.003811,0.798421,0.036973,-0.600963,0.000000,0.000000,0.000000,-1,0.795486,0.037369,-0.601929,0.031741,-0.123008,-0.015750,191.850586,235.562408,-791.424255,0,0
1.960000,0.924639,-0.036979,-0.022003,0.601327,-0.042757,-0.797858,0.021986,0.999074,-0.036970,0.798700,0.004690,0.601711,-0.011641,0.446104,-0.018090,0.894722,0.035802,-0.025274,-0.025701,-0.001730,-0.000395,-0.000157,0.797858,0.036970,-0.601711,0.000000,0.000000,0.000000,-1,0.796783,0.038162,-0.603271,0.029606,-0.125131,-0.017845,192.551407,234.863937,-790.756226,0,0
2.000000,0.923422,-0.037175,-0.023681,0.602223,-0.043919,-0.797119,0.023663,0.999029,-0.037167,0.797977,0.003521,0.602677,-0.011366,0.445570,-0.018878,0.894976,0.029409,-0.027401,-0.028812,-0.001633,0.001606,-0.002883,0.797119,0.037167,-0.602677,0.000000,0.000000,0.000000,-1,0.795914,0.039688,-0.606247,0.024281,-0.131494,-0.018821,192.025787,235.737030,-790.923279,0,0
2.040000,0.922253,-0.037500,-0.024854,0.603097,-0.044881,-0.796404,0.024834,0.998988,-0.037491,0.797281,0.002833,0.603601,-0.011261,0.445054,-0.019469,0.895221,0.025084,-0.031753,-0.028770,-0.003344,0.000808,-0.002295,0.796404,0.037491,-0.603601,0.000000,0.000000,0.000000,-1,0.790253,0.038071,-0.608292,0.023216,-0.133615,-0.018800,192.376205,233.990829,-790.255249,0,0
2.080000,0.920037,-0.037860,-0.026554,0.604778,-0.046189,-0.795054,0.026532,0.998931,-0.037851,0.795952,0.001797,0.605357,-0.011066,0.444071,-0.020297,0.895693,0.016611,-0.026447,-0.021254,-0.008418,-0.002313,-0.004049,0.795054,0.037851,-0.605357,0.000000,0.000000,0.000000,-1,0.788895,0.035217,-0.607010,0.012622,-0.127241,-0.010202,190.974548,233.641602,-791.925293,0,0
2.120000,0.918373,-0.038135,-0.027572,0.606048,-0.047021,-0.794037,0.027549,0.998893,-0.038126,0.794951,0.001231,0.606673,-0.010981,0.443332,-0.020805,0.896049,0.006003,-0.017963,-0.016920,-0.006958,-0.000482,0.001494,0.794037,0.038126,-0.606673,0.000000,0.000000,0.000000,-1,0.786346,0.039032,-0.606659,0.006281,-0.108147,-0.003836,192.200989,235.562408,-791.424255,0,0
2.160000,0.917972,-0.038284,-0.027896,0.606348,-0.047335,-0.793789,0.027872,0.998878,-0.038275,0.794711,0.001083,0.606987,-0.010980,0.443154,-0.020981,0.896132,0.009212,-0.007358,-0.013812,-0.009244,-0.001516,-0.003883,0.793789,0.038275,-0.606987,0.000000,0.000000,0.000000,-1,0.791290,0.041336,-0.609253,0.012663,-0.104967,-0.003921,192.200989,235.562408,-791.758301,0,0
2.200000,0.917821,-0.038392,-0.029278,0.606399,-0.048259,-0.793694,0.029253,0.998835,-0.038383,0.794622,0.000058,0.607105,-0.010724,0.443094,-0.021624,0.896150,0.029317,0.010530,-0.024786,-0.012368,-0.004081,0.000583,0.793694,0.038383,-0.607105,0.000000,0.000000,0.000000,-1,0.784088,0.031784,-0.603149,0.030703,-0.090141,-0.015887,192.726608,235.387802,-790.923279,0,0
2.240000,0.918062,-0.037779,-0.031128,0.606133,-0.048893,-0.793859,0.031100,0.998802,-0.037770,0.794755,-0.001796,0.606927,-0.010036,0.443211,-0.022318,0.896083,0.042075,0.012647,-0.025997,-0.010153,-0.009755,0.006555,0.793859,0.037770,-0.606927,0.000000,0.000000,0.000000,-1,0.779800,0.021851,-0.603195,0.040309,-0.109204,-0.002079,191.675385,236.435516,-791.591309,0,0
2.280000,0.917639,-0.036733,-0.032439,0.606431,-0.048860,-0.793633,0.032412,0.998800,-0.036725,0.794475,-0.003452,0.607287,-0.009282,0.443024,-0.022672,0.896175,0.048521,-0.018066,-0.002524,-0.015374,-0.007230,0.006289,0.793633,0.036725,-0.607287,0.000000,0.000000,0.000000,-1,0.769043,0.033356,-0.602997,0.053115,-0.124023,0.013803,191.500168,234.514694,-791.090271,0,0
2.320000,0.916440,-0.034482,-0.034775,0.607329,-0.048500,-0.792969,0.034748,0.998801,-0.034476,0.793690,-0.006616,0.608286,-0.007770,0.442489,-0.023216,0.896440,0.067616,-0.008613,-0.008120,-0.002884,-0.004614,0.013987,0.792968,0.034476,-0.608286,0.000000,0.000000,0.000000,-1,0.798401,0.021896,-0.597046,0.069005,-0.109207,-0.004523,192.376205,236.435516,-792.259277,0,0
2.360000,0.915438,-0.031970,-0.038714,0.608006,-0.048911,-0.792425,0.038684,0.998740,-0.031964,0.792990,-0.011220,0.609132,-0.005784,0.442041,-0.024423,0.896643,0.104768,-0.045731,-0.016868,-0.001531,-0.002820,-0.006560,0.792425,0.031964,-0.609132,0.000000,0.000000,0.000000,-1,0.792191,0.025543,-0.630386,0.083849,-0.156918,-0.005535,192.025787,234.689316,-791.257263,0,0
2.400000,0.911981,-0.029981,-0.041689,0.611320,-0.049146,-0.789856,0.042097,0.998676,-0.029558,0.790263,-0.015181,0.612580,-0.004004,0.440107,-0.025414,0.897577,0.043148,-0.042547,-0.006626,-0.011749,-0.011201,-0.016174,0.789856,0.029558,-0.612580,0.000000,0.000000,0.000000,-1,0.770020,0.016754,-0.620193,0.027516,-0.155853,-0.001727,191.500168,234.863937,-791.424255,0,0
2.440000,0.908305,-0.028482,-0.042967,0.613551,-0.048853,-0.788142,0.042936,0.998672,-0.028478,0.788487,-0.016367,0.614834,-0.003371,0.438830,-0.025548,0.898201,0.033615,-0.057382,0.005250,-0.033702,-0.009572,-0.009754,0.788142,0.028478,-0.614834,0.000000,0.000000,0.000000,-1,0.756134,0.022552,-0.621140,0.034007,-0.155809,0.027985,191.675385,233.990829,-791.257263,0,0
2.480000,0.904863,-0.026482,-0.043546,0.616302,-0.047696,-0.786065,0.043517,0.998702,-0.026479,0.786307,-0.017888,0.617577,-0.002389,0.437271,-0.025366,0.898969,0.029391,-0.024575,0.027469,-0.020470,-0.007528,-0.026008,0.786065,0.026479,-0.617577,0.000000,0.000000,0.000000,-1,0.761719,0.019379,-0.640579,0.013890,-0.114440,0.041848,191.675385,233.292358,-791.591309,0,0
2.520000,0.902827,-0.025054,-0.043443,0.617954,-0.046081,-0.784475,0.043289,0.998761,-0.024542,0.784634,-0.018781,0.619675,-0.001601,0.436073,-0.024837,0.899567,0.014583,-0.001244,0.042420,-0.032156,-0.005743,-0.016998,0.784475,0.024542,-0.619675,0.000000,0.000000,0.000000,-1,0.749390,0.013885,-0.633240,0.005467,-0.090029,0.058851,192.200989,234.863937,-792.092285,0,0
2.560000,0.901047,-0.022012,-0.042101,0.619513,-0.043368,-0.783787,0.042078,0.998872,-0.022010,0.783858,-0.019344,0.620639,-0.000741,0.435523,-0.023739,0.899864,-0.002298,0.045426,0.066864,-0.026341,-0.010536,-0.009076,0.783787,0.022010,-0.620639,0.000000,0.000000,0.000000,-1,0.765869,0.011185,-0.632278,-0.012517,-0.051838,0.074832,191.675385,234.340073,-791.925293,0,0
2.600000,0.901870,-0.020294,-0.040594,0.618987,-0.041073,-0.784326,0.040574,0.998970,-0.020293,0.784352,-0.019262,0.620016,-0.000286,0.435880,-0.022687,0.899719,-0.022502,0.072973,0.059519,-0.014032,-0.008910,-0.010889,0.784326,0.020293,-0.620016,0.000000,0.000000,0.000000,-1,0.767456,0.008926,-0.623550,-0.041224,-0.007324,0.065374,191.850586,233.816223,-791.090271,0,0
2.640000,0.905517,-0.018589,-0.037452,0.616298,-0.037726,-0.786609,0.037436,0.999126,-0.018588,0.786622,-0.017992,0.617172,-0.000166,0.437509,-0.020902,0.898971,-0.038538,0.113208,0.055265,-0.021228,-0.006427,0.005753,0.786609,0.018588,-0.617172,0.000000,0.000000,0.000000,-1,0.764084,0.017075,-0.597702,-0.036948,0.023422,0.065188,190.624146,234.340073,-790.589233,0,0
2.680000,0.910524,-0.017811,-0.035430,0.612448,-0.035784,-0.789700,0.035417,0.999214,-0.017810,0.789717,-0.017061,0.613234,-0.000209,0.439753,-0.019824,0.897900,-0.019480,0.120595,0.032683,-0.031155,0.004605,0.022948,0.789700,0.017810,-0.613234,0.000000,0.000000,0.000000,-1,0.745880,0.030563,-0.580322,-0.014742,0.018075,0.034120,192.901825,233.466980,-791.758301,0,0
2.720000,0.913869,-0.018194,-0.034985,0.609809,-0.035758,-0.791741,0.034972,0.999223,-0.018193,0.791777,-0.016594,0.610585,-0.000446,0.441256,-0.019709,0.897165,0.009130,0.111019,0.010070,-0.051416,0.018642,0.034093,0.791741,0.018193,-0.610585,0.000000,0.000000,0.000000,-1,0.748032,0.061844,-0.588348,0.023460,0.020166,0.014542,192.025787,235.038559,-790.589233,0,0
2.760000,0.921881,-0.017153,-0.037571,0.603383,-0.036356,-0.796622,0.037557,0.999147,-0.017152,0.796567,-0.019569,0.604234,0.000675,0.444840,-0.020637,0.895372,0.114401,0.245631,-0.011914,-0.038962,0.060485,-0.019011,0.796622,0.017152,-0.604234,0.000000,0.000000,0.000000,-1,0.782303,0.068085,-0.653580,0.121284,0.189754,-0.017085,193.252228,234.165451,-791.090271,0,0
2.800000,0.930925,-0.015999,-0.041219,0.596056,-0.037427,-0.802070,0.041202,0.999023,-0.015999,0.801885,-0.023511,0.597016,0.002102,0.448874,-0.022005,0.893322,0.114123,0.315499,-0.069642,-0.008872,0.044564,-0.064987,0.802070,0.015999,-0.597016,0.000000,0.000000,0.000000,-1,0.789078,0.057968,-0.640030,0.100859,0.191784,-0.077501,191.850586,235.213181,-789.754272,0,0
2.840000,0.940633,-0.016683,-0.046598,0.588010,-0.040913,-0.807819,0.046575,0.998775,-0.016682,0.807512,-0.027815,0.589195,0.003123,0.453203,-0.024546,0.891064,0.100117,0.202017,-0.095568,-0.029010,0.051601,-0.031960,0.807819,0.016682,-0.589195,0.000000,0.000000,0.000000,-1,0.762772,0.084351,-0.622894,0.112496,0.115449,-0.077285,192.551407,234.165451,-790.088257,0,0
2.880000,0.952999,-0.015429,-0.053950,0.577720,-0.043793,-0.815059,0.053918,0.998426,-0.015428,0.814452,-0.035033,0.579172,0.005518,0.458676,-0.027504,0.888161,0.167383,0.298581,-0.039304,-0.044841,0.069365,-0.073935,0.815059,0.015428,-0.579172,0.000000,0.000000,0.000000,-1,0.785904,0.059540,-0.675430,0.170204,0.221557,-0.019895,194.303467,233.466980,-789.086243,0,0
2.920000,0.962644,-0.013193,-0.058706,0.569733,-0.044331,-0.820634,0.058667,0.998190,-0.013192,0.819733,-0.040628,0.571302,0.007742,0.462913,-0.029066,0.885893,0.175949,0.327221,-0.028891,-0.034608,0.031241,-0.103472,0.820634,0.013192,-0.571302,0.000000,0.000000,0.000000,-1,0.758026,0.027115,-0.658463,0.175523,0.220499,-0.018886,194.478668,234.340073,-788.585205,0,0
2.960000,0.974516,-0.010096,-0.064823,0.559848,-0.044713,-0.827388,0.064774,0.997849,-0.010096,0.826059,-0.047941,0.561540,0.010714,0.468097,-0.030996,0.883068,0.157898,0.266816,-0.010336,-0.069880,0.021642,-0.095305,0.827388,0.010096,-0.561540,0.000000,0.000000,0.000000,-1,0.743958,0.047455,-0.628448,0.143652,0.149495,0.001997,194.478668,232.244629,-787.917236,0,0
3.000000,0.985294,-0.006888,-0.070399,0.550846,-0.044597,-0.833415,0.070339,0.997499,-0.006887,0.831638,-0.054828,0.552605,0.013612,0.472771,-0.032635,0.880476,0.122804,0.308191,0.021820,-0.090647,0.047068,-0.045921,0.833415,0.006887,-0.552605,0.000000,0.000000,0.000000,-1,0.763275,0.049316,-0.596176,0.109777,0.204667,0.029778,192.901825,233.117737,-787.416199,0,0
3.040000,0.993951,-0.004644,-0.072912,0.543650,-0.043612,-0.838178,0.072847,0.997332,-0.004644,0.836145,-0.058534,0.545377,0.015338,0.476525,-0.033145,0.878402,0.111030,0.266823,0.009372,-0.071073,0.047953,-0.039493,0.838178,0.004644,-0.545377,0.000000,0.000000,0.000000,-1,0.769730,0.065048,-0.566132,0.110733,0.157990,0.010831,194.478668,233.641602,-787.249207,0,0
3.080000,1.004394,-0.001954,-0.076890,0.534887,-0.042862,-0.843835,0.076814,0.997044,-0.001954,0.841424,-0.063773,0.536598,0.017645,0.481030,-0.034160,0.875861,0.118448,0.261513,0.003996,-0.055719,0.066039,-0.041069,0.843835,0.001954,-0.536599,0.000000,0.000000,0.000000,-1,0.771622,0.069504,-0.577682,0.134008,0.113429,-0.010499,194.829086,231.546158,-787.583252,0,0
3.120000,1.013753,0.001446,-0.083175,0.526953,-0.042699,-0.848821,0.083079,0.996542,0.001446,0.845824,-0.071281,0.528678,0.020814,0.485003,-0.035997,0.873523,0.159881,0.158692,0.016768,-0.100362,0.080120,-0.027825,0.848821,-0.001446,-0.528678,0.000000,0.000000,0.000000,-1,0.791016,0.087708,-0.558838,0.166055,0.093352,0.033915,194.303467,232.768494,-786.080200,0,0
3.160000,1.020045,0.004557,-0.087413,0.521668,-0.041819,-0.852123,0.087301,0.996172,0.004557,0.848670,-0.076768,0.523322,0.023317,0.487643,-0.037021,0.871946,0.185336,0.227560,-0.013607,-0.034038,0.095774,-0.048730,0.852123,-0.004557,-0.523322,0.000000,0.000000,0.000000,-1,0.842789,0.065247,-0.605621,0.184942,0.122929,-0.038760,195.354706,232.419250,-786.080200,0,1
3.200000,1.026121,0.004271,-0.095220,0.516141,-0.045627,-0.855287,0.095076,0.995461,0.004271,0.851210,-0.083521,0.518136,0.025219,0.490200,-0.040418,0.870307,0.197756,0.182899,-0.092267,-0.005190,0.069349,-0.085837,0.855287,-0.004271,-0.518136,0.000000,0.000000,0.000000,-1,0.881042,0.066895,-0.621246,0.205980,0.078324,-0.089849,194.128265,233.990829,-785.913208,0,0
3.240000,1.032283,0.003459,-0.107162,0.510236,-0.051901,-0.858467,0.106956,0.994258,0.003459,0.853358,-0.093583,0.512857,0.027933,0.492738,-0.045726,0.868526,0.190168,0.120297,-0.116376,0.046364,0.065089,-0.120688,0.858467,-0.003459,-0.512857,0.000000,0.000000,0.000000,-1,0.931732,0.034866,-0.587402,0.156902,-0.008656,-0.117636,195.004288,232.768494,-785.412170,0,0
3.280000,1.033547,0.000834,-0.114381,0.508513,-0.057697,-0.859119,0.114131,0.993465,0.000834,0.853457,-0.098477,0.511775,0.028603,0.493249,-0.049489,0.868008,0.106066,-0.010118,-0.118057,0.087872,0.024333,-0.036809,0.859119,-0.000834,-0.511775,0.000000,0.000000,0.000000,-1,0.958145,0.028793,-0.524643,0.103762,-0.124177,-0.088872,195.705109,232.419250,-786.748169,0,0
3.320000,1.033215,0.000331,-0.118760,0.508487,-0.060387,-0.858950,0.118481,0.992956,0.000331,0.852879,-0.101938,0.512060,0.029456,0.493054,-0.051519,0.867972,0.134945,0.010089,-0.075917,0.114180,0.033977,-0.023508,0.858950,-0.000331,-0.512060,0.000000,0.000000,0.000000,-1,1.013412,0.034607,-0.577225,0.149574,-0.074323,-0.073646,195.179504,233.641602,-785.245178,0,0
3.360000,1.032921,-0.001406,-0.128288,0.507948,-0.066741,-0.858798,0.127936,0.991781,-0.001406,0.851834,-0.109157,0.512312,0.031043,0.492829,-0.056086,0.867762,0.113196,-0.073837,-0.188053,0.162824,0.000150,-0.121233,0.858798,0.001406,-0.512312,0.000000,0.000000,0.000000,-1,0.976639,-0.022690,-0.635712,0.081018,-0.208075,-0.182913,195.004288,233.117737,-784.744141,0,0
3.400000,1.027013,-0.006659,-0.132971,0.512054,-0.074242,-0.855739,0.132577,0.991150,-0.006659,0.848660,-0.110042,0.517365,0.029742,0.490339,-0.059500,0.868989,-0.041943,-0.192514,-0.141131,0.074407,-0.018606,-0.094329,0.855739,0.006659,-0.517365,0.000000,0.000000,0.000000,-1,0.912552,0.006027,-0.578445,-0.095287,-0.298095,-0.115677,195.179504,232.943115,-785.913208,0,0
3.440000,1.021226,-0.011717,-0.131443,0.516506,-0.078363,-0.852690,0.131056,0.991306,-0.011716,0.846195,-0.105698,0.522285,0.026995,0.487984,-0.060153,0.870359,-0.194895,-0.187159,-0.103303,0.048631,-0.005872,-0.040825,0.852690,0.011716,-0.522285,0.000000,0.000000,0.000000,-1,0.857803,-0.010925,-0.527481,-0.245072,-0.296988,-0.083183,195.354706,232.419250,-786.414185,0,0
3.480000,1.009538,-0.022601,-0.120457,0.526096,-0.082952,-0.846370,0.120135,0.992500,-0.022599,0.841897,-0.089789,0.532116,0.019234,0.483293,-0.058137,0.873315,-0.362693,-0.302617,-0.030727,-0.102412,-0.074678,0.072598,0.846370,0.022599,-0.532116,0.000000,0.000000,0.000000,-1,0.644562,-0.090836,-0.384140,-0.384140,-0.415615,-0.003464,194.478668,233.292358,-786.915222,0,0
3.520000,0.997661,-0.030563,-0.106456,0.536471,-0.083149,-0.839813,0.106205,0.993875,-0.030558,0.837209,-0.072799,0.542016,0.012049,0.478380,-0.054014,0.876408,-0.423928,-0.275950,0.078327,-0.200164,-0.125437,0.179101,0.839813,0.030558,-0.542016,0.000000,0.000000,0.000000,-1,0.705536,-0.080429,-0.323608,-0.411142,-0.281813,0.139832,193.427444,234.689316,-786.581177,0,0
3.560000,0.996486,-0.032580,-0.094210,0.538274,-0.078331,-0.839122,0.094020,0.995037,-0.032574,0.837509,-0.061361,0.542967,0.008206,0.477963,-0.049133,0.876966,-0.332703,0.157886,0.216838,-0.087657,-0.094769,0.217024,0.839122,0.032574,-0.542967,0.000000,0.000000,0.000000,-1,0.886688,-0.016998,-0.525040,-0.289161,0.238904,0.240382,192.551407,234.514694,-788.418213,0,0
3.600000,1.016642,-0.028800,-0.081002,0.522518,-0.066985,-0.849993,0.080880,0.996308,-0.028796,0.848784,-0.053701,0.526006,0.007136,0.486771,-0.042370,0.872472,-0.055244,0.323219,0.174740,0.038282,-0.056476,-0.045588,0.849993,0.028796,-0.526006,0.000000,0.000000,0.000000,-1,0.868759,-0.093201,-0.605164,-0.047017,0.097839,0.200056,193.953049,234.165451,-786.080200,0,0
3.640000,1.019291,-0.022884,-0.073139,0.521145,-0.057726,-0.851514,0.073055,0.997065,-0.022882,0.850336,-0.050282,0.523833,0.007855,0.487875,-0.037491,0.872073,-0.155150,-0.126161,0.275731,0.032779,-0.113779,-0.075609,0.851514,0.022882,-0.523833,0.000000,0.000000,0.000000,-1,0.853134,-0.066315,-0.521133,-0.202256,-0.269949,0.271504,195.179504,234.340073,-786.915222,0,0
3.680000,1.014901,-0.020071,-0.063651,0.525551,-0.050579,-0.849257,0.063595,0.997774,-0.020070,0.848382,-0.043461,0.527597,0.006696,0.485959,-0.032683,0.873344,-0.253170,-0.125186,0.220430,-0.010848,-0.086400,0.027674,0.849257,0.020070,-0.527597,0.000000,0.000000,0.000000,-1,0.793152,-0.065460,-0.476883,-0.293921,-0.153456,0.185828,195.179504,233.990829,-786.581177,0,0
3.720000,1.014080,-0.020309,-0.046866,0.527013,-0.041977,-0.848820,0.046839,0.998696,-0.020308,0.848565,-0.029055,0.528292,0.002503,0.485641,-0.025411,0.873785,-0.279850,0.051773,0.157167,-0.063969,-0.081251,0.043612,0.848820,0.020308,-0.528292,0.000000,0.000000,0.000000,-1,0.777161,-0.045258,-0.508743,-0.277963,-0.044284,0.166012,193.777847,232.943115,-786.247192,0,0
3.760000,1.016883,-0.021246,-0.034554,0.525081,-0.036229,-0.850281,0.034540,0.999178,-0.021244,0.850351,-0.018214,0.525900,-0.000868,0.486877,-0.020261,0.873235,-0.269314,0.073991,0.127166,-0.075577,-0.068806,0.015036,0.850281,0.021244,-0.525900,0.000000,0.000000,0.000000,-1,0.773392,-0.052307,-0.511063,-0.269569,-0.027370,0.132868,193.602646,232.419250,-785.746216,0,0
3.800000,1.019222,-0.022490,-0.025814,0.523360,-0.032673,-0.851485,0.025805,0.999414,-0.022488,0.851721,-0.010203,0.523897,-0.003519,0.487893,-0.016751,0.872736,-0.276828,0.068663,0.109190,-0.076293,-0.078747,0.016572,0.851485,0.022488,-0.523897,0.000000,0.000000,0.000000,-1,0.795990,-0.059235,-0.481354,-0.273916,-0.041187,0.110640,193.602646,232.419250,-787.082214,0,0
3.840000,1.020910,-0.025624,-0.012357,0.522280,-0.028300,-0.852304,0.012352,0.999595,-0.025621,0.852685,0.002853,0.522418,-0.008160,0.488594,-0.011650,0.872395,-0.251578,-0.023655,0.057206,-0.055216,-0.085573,0.049091,0.852304,0.025621,-0.522418,0.000000,0.000000,0.000000,-1,0.811310,-0.053528,-0.461990,-0.245529,-0.154721,0.049144,194.128265,233.292358,-786.915222,0,0
3.880000,1.018557,-0.026309,-0.004154,0.524497,-0.024574,-0.851057,0.004152,0.999645,-0.026306,0.851402,0.010263,0.524413,-0.010472,0.487528,-0.008226,0.873006,-0.199846,-0.172179,-0.012881,-0.039595,-0.073776,0.068160,0.851057,0.026306,-0.524413,0.000000,0.000000,0.000000,-1,0.828186,-0.029297,-0.460068,-0.160798,-0.293694,-0.008603,192.376205,233.641602,-786.915222,0,0
3.920000,1.014685,-0.026618,-0.001504,0.527853,-0.023399,-0.849013,0.001503,0.999645,-0.026615,0.849334,0.012773,0.527700,-0.011267,0.485822,-0.007123,0.873956,-0.042535,-0.172184,-0.025242,-0.006332,-0.045262,0.046118,0.849014,0.026615,-0.527700,0.000000,0.000000,0.000000,-1,0.877625,-0.021957,-0.612778,0.011428,-0.253419,-0.019193,193.602646,232.768494,-787.416199,0,0
3.960000,1.006679,-0.026602,-0.005497,0.534539,-0.025416,-0.844762,0.005495,0.999631,-0.026599,0.845126,0.009576,0.534481,-0.010325,0.482341,-0.008823,0.875878,0.110414,-0.180721,-0.063055,0.047603,-0.052172,-0.100544,0.844762,0.026599,-0.534481,0.000000,0.000000,0.000000,-1,0.986343,-0.022888,-0.729263,0.118652,-0.290576,-0.053182,194.653885,232.419250,-788.752197,0,0
4.000000,0.998872,-0.025132,-0.011229,0.540980,-0.027207,-0.840596,0.011226,0.999621,-0.025129,0.840961,0.004158,0.541080,-0.008342,0.478947,-0.010946,0.877736,0.128621,-0.183848,-0.027075,0.130275,-0.034056,-0.209881,0.840596,0.025129,-0.541080,0.000000,0.000000,0.000000,-1,0.993317,-0.004974,-0.742706,0.057159,-0.273550,-0.011096,193.252228,234.514694,-788.084229,0,0
4.040000,0.991646,-0.025923,-0.010823,0.547046,-0.027616,-0.836647,0.010819,0.999605,-0.025920,0.837033,0.005128,0.547129,-0.008826,0.475771,-0.010926,0.879457,-0.125628,-0.200748,0.005682,0.189217,-0.036480,-0.152883,0.836647,0.025920,-0.547129,0.000000,0.000000,0.000000,-1,1.021317,0.021622,-0.627884,-0.237164,-0.362515,0.054245,191.324966,233.641602,-788.585205,0,1
4.080000,0.978081,-0.029855,-0.000061,0.558614,-0.024793,-0.829057,0.000061,0.999554,-0.029851,0.829428,0.016624,0.558366,-0.013163,0.469727,-0.007039,0.882685,-0.226436,-0.320440,0.081794,0.143202,0.042201,-0.027480,0.829057,0.029851,-0.558366,0.000000,0.000000,0.000000,-1,0.889511,0.104263,-0.562057,-0.229647,-0.441976,0.090687,193.602646,234.514694,-788.752197,0,0
4.120000,0.967420,-0.031808,0.007064,0.567597,-0.022178,-0.823008,-0.007061,0.999469,-0.031803,0.823276,0.023862,0.567139,-0.015721,0.464955,-0.004270,0.885184,-0.237135,-0.404198,0.081226,0.012686,0.073299,0.041382,0.823008,0.031803,-0.567139,0.000000,0.000000,0.000000,-1,0.687225,0.129501,-0.359573,-0.217990,-0.555399,0.103835,192.551407,232.768494,-791.424255,0,0
4.160000,0.954132,-0.032106,0.012833,0.578606,-0.018765,-0.815392,-0.012826,0.999402,-0.032100,0.815507,0.029031,0.578019,-0.017205,0.459015,-0.001672,0.888261,-0.065839,-0.420045,0.117703,-0.128166,0.097401,0.218446,0.815392,0.032100,-0.578019,0.000000,0.000000,0.000000,-1,0.732529,0.167740,-0.409409,0.121551,-0.235153,0.141196,190.273727,233.292358,-790.255249,0,0
4.200000,0.960073,-0.022384,0.008643,0.573597,-0.013379,-0.819028,-0.008640,0.999712,-0.022382,0.819092,0.019915,0.573316,-0.011922,0.461735,-0.001336,0.886937,0.237496,0.521269,0.012250,0.010256,0.088091,0.064527,0.819028,0.022382,-0.573316,0.000000,0.000000,0.000000,-1,0.906342,0.010223,-0.602570,0.242728,0.464363,-0.009026,191.500168,233.466980,-790.088257,0,0
4.240000,0.975239,-0.019557,0.002604,0.561010,-0.014728,-0.827678,-0.002604,0.999805,-0.019556,0.827805,0.013126,0.560863,-0.009249,0.468490,-0.003431,0.883414,0.173332,0.408770,-0.064187,0.097463,-0.033030,-0.056004,0.827678,0.019556,-0.560863,0.000000,0.000000,0.000000,-1,0.941437,0.004028,-0.529327,0.129596,0.187557,-0.068225,191.149765,233.117737,-788.418213,0,0
4.280000,0.982429,-0.019555,-0.002336,0.554964,-0.017563,-0.831689,0.002335,0.999806,-0.019554,0.831871,0.008910,0.554897,-0.008071,0.471684,-0.005642,0.881713,0.057244,0.045146,-0.043183,0.075721,-0.002159,0.042889,0.831689,0.019554,-0.554898,0.000000,0.000000,0.000000,-1,0.842010,0.059097,-0.480667,0.078610,-0.161127,0.015817,192.200989,231.022293,-788.752197,0,0
