0.000000,1.742270,-1.339301,1.521241,0.949420,-0.217932,-0.226068,-0.229151,0.011365,-0.973324,0.214688,0.975898,-0.039149,-0.703066,0.158976,0.004047,0.693115,0.012588,0.013962,0.004670,0.001120,0.014713,0.000661,0.226068,0.973324,0.039149,0.000000,0.000000,0.000000,-1,0.229065,0.987015,0.041321,-0.009516,0.026432,-0.005352,102.310944,204.270279,-530.919922,0,0
0.040000,1.741313,-1.339158,1.519630,0.949242,-0.218526,-0.226243,-0.229272,0.011741,-0.973292,0.215346,0.975760,-0.038956,-0.702933,0.159260,0.003876,0.693186,0.014736,0.021377,0.004627,0.005783,0.012243,0.002975,0.226243,0.973292,0.038956,0.000000,0.000000,0.000000,-1,0.231842,0.988159,0.040634,-0.008439,0.029619,-0.004307,102.486725,206.203979,-530.752319,0,0
0.080000,1.739830,-1.338982,1.517330,0.949019,-0.219259,-0.226469,-0.229416,0.012278,-0.973251,0.216175,0.975589,-0.038650,-0.702743,0.159615,0.003662,0.693298,0.012582,0.016062,0.002537,0.003023,0.014359,0.003724,0.226469,0.973251,0.038650,0.000000,0.000000,0.000000,-1,0.228821,0.990112,0.041672,-0.010586,0.027461,-0.008543,104.068863,202.863937,-530.584717,0,0
0.120000,1.739152,-1.339055,1.515865,0.948861,-0.219988,-0.226425,-0.229326,0.012610,-0.973268,0.216963,0.975421,-0.038484,-0.702626,0.159870,0.003367,0.693359,0.011523,0.018202,0.004661,-0.000946,0.015639,0.002516,0.226425,0.973268,0.038484,0.000000,0.000000,0.000000,-1,0.227859,0.987656,0.038788,-0.008445,0.028550,-0.005368,102.662521,203.918686,-530.584717,0,0
0.160000,1.736957,-1.338942,1.512595,0.948591,-0.220950,-0.226618,-0.229394,0.013366,-0.973242,0.218067,0.975194,-0.038005,-0.702359,0.160297,0.003044,0.693533,0.018981,0.019280,0.006727,0.005422,0.015711,0.001881,0.226618,0.973242,0.038005,0.000000,0.000000,0.000000,-1,0.233200,0.988174,0.041214,-0.006316,0.027500,-0.004315,101.783569,203.391312,-531.422668,0,0
0.200000,1.735895,-1.338600,1.510943,0.948380,-0.221476,-0.226986,-0.229703,0.013765,-0.973163,0.218657,0.975069,-0.037819,-0.702217,0.160627,0.002965,0.693600,0.010447,0.017145,0.004679,0.010196,0.012875,0.001655,0.226986,0.973163,0.037819,0.000000,0.000000,0.000000,-1,0.238083,0.987411,0.040298,-0.011660,0.023235,-0.007454,103.541489,204.797653,-530.081970,0,0
0.240000,1.734311,-1.338040,1.508950,0.948159,-0.221813,-0.227584,-0.230219,0.014256,-0.973034,0.219076,0.974985,-0.037548,-0.702042,0.160971,0.003029,0.693698,0.009305,-0.000929,-0.002678,0.009553,0.013172,0.001041,0.227584,0.973034,0.037548,0.000000,0.000000,0.000000,-1,0.235046,0.986282,0.043182,-0.017048,0.007290,-0.013744,103.014114,204.270279,-530.919922,0,0
0.280000,1.733262,-1.337909,1.507929,0.948132,-0.221757,-0.227749,-0.230332,0.014499,-0.973004,0.219073,0.974994,-0.037330,-0.701955,0.161011,0.003090,0.693776,0.006105,-0.003047,-0.002636,0.008198,0.013034,-0.000618,0.227749,0.973004,0.037330,0.000000,0.000000,0.000000,-1,0.239899,0.985657,0.037979,-0.015983,0.007290,-0.013753,101.607773,204.621857,-532.595764,0,0
0.320000,1.731698,-1.337614,1.506579,0.948108,-0.221508,-0.228090,-0.230599,0.014829,-0.972936,0.218896,0.975046,-0.037020,-0.701837,0.161044,0.003275,0.693887,0.005014,-0.011521,-0.002579,0.009916,0.013468,0.000196,0.228090,0.972936,0.037020,0.000000,0.000000,0.000000,-1,0.235504,0.985779,0.036789,-0.019207,-0.003291,-0.012623,101.959351,203.567108,-531.590271,0,0
0.360000,1.729989,-1.337333,1.505355,0.948147,-0.220998,-0.228423,-0.230853,0.015129,-0.972871,0.218458,0.975157,-0.036674,-0.701729,0.160978,0.003550,0.694010,0.003947,-0.013630,-0.001483,0.007951,0.013015,0.001488,0.228423,0.972871,0.036674,0.000000,0.000000,0.000000,-1,0.234482,0.988388,0.038452,-0.018134,-0.003262,-0.009435,102.662521,204.973434,-531.590271,0,0
0.400000,1.727881,-1.337015,1.503845,0.948201,-0.220369,-0.228806,-0.231139,0.015498,-0.972797,0.217921,0.975293,-0.036240,-0.701595,0.160886,0.003879,0.694165,0.010355,-0.012513,0.004864,0.006027,0.017483,-0.002732,0.228806,0.972797,0.036240,0.000000,0.000000,0.000000,-1,0.233994,0.990311,0.035629,-0.012790,0.001003,-0.006297,102.135147,203.742889,-531.422668,0,0
0.440000,1.725874,-1.336887,1.502008,0.948205,-0.220151,-0.229000,-0.231234,0.015931,-0.972768,0.217804,0.975336,-0.035800,-0.701440,0.160878,0.003990,0.694323,0.014639,-0.004052,0.003736,0.005985,0.016261,0.000455,0.229000,0.972768,0.035800,0.000000,0.000000,0.000000,-1,0.232605,0.985718,0.035629,-0.007447,0.007357,-0.006362,103.717270,204.973434,-531.590271,0,0
0.480000,1.723821,-1.336813,1.500011,0.948195,-0.220041,-0.229145,-0.231273,0.016398,-0.972751,0.217803,0.975353,-0.035341,-0.701274,0.160891,0.004043,0.694488,0.013580,-0.004032,0.005876,0.003460,0.012967,0.000288,0.229145,0.972751,0.035341,0.000000,0.000000,0.000000,-1,0.232651,0.990005,0.035400,-0.008519,0.003140,-0.004207,103.014114,204.621857,-531.590271,0,0
0.520000,1.720306,-1.336959,1.496827,0.948294,-0.219634,-0.229127,-0.231078,0.017124,-0.972785,0.217580,0.975432,-0.034514,-0.701014,0.160736,0.004118,0.694785,0.012503,-0.009389,-0.000545,0.001388,0.017999,0.007936,0.229127,0.972785,0.034514,0.000000,0.000000,0.000000,-1,0.230713,0.992020,0.032974,-0.008550,-0.000116,-0.012717,103.189896,204.094482,-531.757812,0,0
0.560000,1.718552,-1.337335,1.495245,0.948414,-0.219430,-0.228826,-0.230687,0.017462,-0.972871,0.217473,0.975472,-0.034059,-0.700894,0.160551,0.004049,0.694949,0.012507,-0.003093,-0.006966,-0.000814,0.014525,-0.000520,0.228826,0.972871,0.034059,0.000000,0.000000,0.000000,-1,0.222153,0.988571,0.037628,-0.005342,0.011455,-0.021308,103.541489,204.094482,-533.768921,0,0
0.600000,1.717019,-1.338111,1.493602,0.948564,-0.219506,-0.228131,-0.229905,0.017783,-0.973051,0.217647,0.975449,-0.033598,-0.700782,0.160325,0.003740,0.695117,0.016780,0.005340,-0.011304,-0.005978,0.015521,0.004031,0.228131,0.973051,0.033598,0.000000,0.000000,0.000000,-1,0.226013,0.989227,0.037079,-0.007449,0.018869,-0.021319,102.662521,204.270279,-530.919922,0,0
0.640000,1.716383,-1.338827,1.491881,0.948487,-0.220531,-0.227462,-0.229179,0.018123,-0.973216,0.218747,0.975212,-0.033351,-0.700663,0.160459,0.003110,0.695208,0.020050,0.028692,-0.006098,0.005356,0.019292,0.004857,0.227462,0.973216,0.033351,0.000000,0.000000,0.000000,-1,0.233215,0.989731,0.031738,0.000072,0.037971,-0.017188,101.783569,205.149231,-530.752319,0,0
0.680000,1.710921,-1.339100,1.484840,0.948190,-0.221889,-0.227378,-0.228781,0.019714,-0.973278,0.220443,0.974873,-0.032072,-0.700098,0.160931,0.002477,0.695671,0.034964,0.028707,-0.004076,0.009667,0.012317,-0.002378,0.227378,0.973278,0.032072,0.000000,0.000000,0.000000,-1,0.236832,0.982666,0.030411,0.004333,0.035882,-0.014017,102.310944,205.325027,-531.925415,0,0
0.720000,1.707427,-1.338972,1.480456,0.947959,-0.222637,-0.227612,-0.228817,0.020728,-0.973249,0.221399,0.974681,-0.031294,-0.699737,0.161294,0.002220,0.695951,0.025380,0.024501,-0.000781,0.009555,0.010073,-0.001143,0.227612,0.973249,0.031294,0.000000,0.000000,0.000000,-1,0.236618,0.984024,0.032867,-0.003128,0.030617,-0.010744,101.431976,204.094482,-530.752319,0,0
0.760000,1.704626,-1.338635,1.476626,0.947650,-0.223529,-0.228024,-0.229062,0.021635,-0.973171,0.222465,0.974457,-0.030700,-0.699413,0.161775,0.001987,0.696165,0.011505,0.013913,-0.000621,0.007297,0.014194,0.001084,0.228024,0.973171,0.030700,0.000000,0.000000,0.000000,-1,0.231689,0.987656,0.029144,-0.010607,0.022146,-0.010654,101.080399,205.149231,-532.428223,0,0
0.800000,1.702772,-1.338725,1.474386,0.947582,-0.223848,-0.227994,-0.228926,0.022139,-0.973192,0.222895,0.974373,-0.030266,-0.699233,0.161882,0.001823,0.696322,0.013623,0.010715,-0.002757,0.001559,0.015181,-0.003914,0.227994,0.973192,0.030266,0.000000,0.000000,0.000000,-1,0.228333,0.989395,0.028427,-0.008500,0.018919,-0.015985,103.893066,203.742889,-532.763367,0,0
0.840000,1.700034,-1.339232,1.470936,0.947535,-0.224460,-0.227587,-0.228357,0.022880,-0.973308,0.223676,0.974215,-0.029578,-0.698969,0.161959,0.001399,0.696570,0.014715,0.018138,-0.001734,-0.000994,0.015751,0.001596,0.227587,0.973308,0.029578,0.000000,0.000000,0.000000,-1,0.227310,0.990448,0.029999,-0.008467,0.027422,-0.012821,104.068863,204.973434,-531.590271,0,0
0.880000,1.698460,-1.339671,1.468438,0.947425,-0.225304,-0.227209,-0.227874,0.023407,-0.973409,0.224631,0.974007,-0.029165,-0.698782,0.162132,0.000922,0.696718,0.017937,0.024522,0.001402,-0.003180,0.015955,-0.000616,0.227209,0.973409,0.029165,0.000000,0.000000,0.000000,-1,0.222412,0.992264,0.026398,-0.004171,0.036982,-0.009694,101.959351,202.512360,-531.590271,0,0
0.920000,1.696336,-1.340322,1.465384,0.947361,-0.226144,-0.226642,-0.227171,0.024036,-0.973558,0.225612,0.973797,-0.028603,-0.698557,0.162233,0.000369,0.696921,0.023281,0.029816,0.001324,-0.005023,0.017958,-0.001213,0.226642,0.973558,0.028603,0.000000,0.000000,0.000000,-1,0.221527,0.989487,0.028641,0.002227,0.041207,-0.010825,104.420441,204.270279,-531.925415,0,0
0.960000,1.694148,-1.340816,1.462176,0.947240,-0.227064,-0.226226,-0.226615,0.024712,-0.973671,0.226676,0.973566,-0.028048,-0.698315,0.162419,-0.000161,0.697120,0.026471,0.030845,-0.001911,-0.003448,0.014656,-0.000338,0.226226,0.973671,0.028048,0.000000,0.000000,0.000000,-1,0.231812,0.986588,0.027328,0.001139,0.036932,-0.015062,103.717270,204.973434,-531.255066,0,0
1.000000,1.689843,-1.340911,1.456061,0.946848,-0.228669,-0.226253,-0.226367,0.026087,-0.973693,0.228555,0.973155,-0.027063,-0.697822,0.163020,-0.000825,0.697473,0.015814,0.026621,-0.000741,0.008168,0.014070,0.003607,0.226253,0.973693,0.027063,0.000000,0.000000,0.000000,-1,0.234253,0.987656,0.027161,-0.012709,0.033768,-0.013877,100.728806,203.039734,-530.752319,0,0
1.040000,1.689676,-1.340798,1.455237,0.946672,-0.229282,-0.226366,-0.226455,0.026286,-0.973667,0.229195,0.973005,-0.027038,-0.697751,0.163288,-0.001013,0.697481,0.000863,0.014944,-0.003771,0.007307,0.010647,-0.000091,0.226366,0.973667,0.027038,0.000000,0.000000,0.000000,-1,0.232910,0.983704,0.022873,-0.025551,0.014677,-0.016902,102.310944,204.621857,-530.584717,0,0
1.080000,1.689114,-1.340786,1.454551,0.946641,-0.229385,-0.226393,-0.226449,0.026443,-0.973664,0.229330,0.972977,-0.026912,-0.697694,0.163336,-0.001052,0.697526,-0.002382,-0.004121,-0.003668,0.005510,0.012313,-0.004817,0.226393,0.973664,0.026912,0.000000,0.000000,0.000000,-1,0.232834,0.990417,0.027603,-0.027724,-0.002239,-0.013626,102.310944,203.918686,-532.260620,0,0
1.120000,1.689741,-1.340802,1.455680,0.946759,-0.228926,-0.226362,-0.226463,0.026185,-0.973668,0.228825,0.973092,-0.027052,-0.697787,0.163155,-0.000883,0.697476,-0.006643,-0.005169,-0.002563,-0.000074,0.016643,0.005876,0.226362,0.973668,0.027052,0.000000,0.000000,0.000000,-1,0.227020,0.990677,0.027344,-0.033023,0.009373,-0.017890,102.662521,202.863937,-531.925415,0,0
1.160000,1.691183,-1.341177,1.457130,0.946846,-0.228967,-0.225959,-0.226138,0.025816,-0.973753,0.228791,0.973092,-0.027335,-0.697919,0.163022,-0.001014,0.697375,-0.010912,-0.001020,-0.012138,0.000496,0.013445,-0.000525,0.225959,0.973753,0.027335,0.000000,0.000000,0.000000,-1,0.236084,0.985168,0.028152,-0.030968,-0.006613,-0.028499,102.486725,204.094482,-531.087463,0,0
1.200000,1.692346,-1.341696,1.459287,0.947189,-0.228069,-0.225426,-0.225691,0.025271,-0.973871,0.227806,0.973317,-0.027536,-0.698114,0.162495,-0.000852,0.697303,-0.006771,-0.025538,-0.029135,0.013618,0.025824,0.001913,0.225426,0.973871,0.027536,0.000000,0.000000,0.000000,-1,0.236923,0.992050,0.035400,-0.033146,-0.012027,-0.041245,103.189896,204.094482,-531.757812,0,0
1.240000,1.694739,-1.342334,1.462323,0.947479,-0.227538,-0.224743,-0.225149,0.024519,-0.974016,0.227136,0.973461,-0.027999,-0.698384,0.162048,-0.000857,0.697137,-0.002515,-0.017143,-0.037716,0.006870,0.011275,0.008195,0.224743,0.974016,0.027999,0.000000,0.000000,0.000000,-1,0.225708,0.981979,0.023880,-0.009711,-0.001520,-0.049989,102.486725,204.446060,-532.093018,0,0
1.280000,1.692072,-1.343919,1.459794,0.947863,-0.227377,-0.223284,-0.223551,0.024917,-0.974374,0.227114,0.973488,-0.027212,-0.698240,0.161452,-0.001371,0.697418,0.030558,0.001953,-0.033783,0.007460,0.017921,-0.004126,0.223284,0.974374,0.027212,0.000000,0.000000,0.000000,-1,0.238510,0.995728,0.024887,0.013764,0.010184,-0.043823,103.189896,204.446060,-531.422668,0,0
1.320000,1.682409,-1.343972,1.450945,0.948059,-0.226359,-0.223485,-0.223271,0.026888,-0.974385,0.226570,0.973673,-0.025048,-0.697535,0.161150,-0.001106,0.698194,0.030435,-0.036022,-0.015515,0.024882,0.003001,0.001335,0.223485,0.974385,0.025048,0.000000,0.000000,0.000000,-1,0.244598,0.978470,0.022385,0.004132,-0.024558,-0.021246,102.135147,204.094482,-530.752319,0,0
1.360000,1.678200,-1.343627,1.447271,0.948105,-0.225735,-0.223923,-0.223504,0.027750,-0.974308,0.226149,0.973793,-0.024143,-0.697226,0.161081,-0.000798,0.698518,0.026307,0.002166,-0.009220,0.014587,0.016812,0.003262,0.223923,0.974308,0.024143,0.000000,0.000000,0.000000,-1,0.232651,0.996094,0.021912,0.013885,0.032623,-0.022602,103.541489,205.149231,-532.428223,0,0
1.400000,1.670937,-1.344375,1.438229,0.947872,-0.227256,-0.223367,-0.222522,0.029673,-0.974476,0.228083,0.973383,-0.022443,-0.696535,0.161434,-0.001693,0.699125,0.063717,0.060281,-0.023575,0.003882,0.020214,-0.007016,0.223367,0.974476,0.022443,0.000000,0.000000,0.000000,-1,0.235626,0.983246,0.010345,0.063095,0.118302,-0.033958,102.135147,204.797653,-530.752319,0,0
1.440000,1.660688,-1.345273,1.423041,0.946949,-0.231704,-0.222714,-0.221180,0.032920,-0.974677,0.233168,0.972229,-0.020074,-0.695360,0.162824,-0.003759,0.699963,0.072422,0.127983,-0.032409,0.015934,0.007546,-0.000299,0.222714,0.974677,0.020074,0.000000,0.000000,0.000000,-1,0.244324,0.985458,0.019653,0.045097,0.159535,-0.042495,102.135147,206.203979,-530.417114,0,0
1.480000,1.653729,-1.345707,1.408316,0.945229,-0.238890,-0.222426,-0.220253,0.036105,-0.974774,0.240895,0.970375,-0.018489,-0.694192,0.165352,-0.006651,0.700508,0.062889,0.157493,-0.048394,0.024507,0.012714,0.000158,0.222426,0.974774,0.018489,0.000000,0.000000,0.000000,-1,0.245544,0.986938,0.019745,0.042984,0.180540,-0.061733,102.662521,202.512360,-531.925415,0,0
1.520000,1.649852,-1.346400,1.398754,0.944016,-0.244188,-0.221823,-0.219233,0.038094,-0.974929,0.246516,0.968979,-0.017573,-0.693451,0.167071,-0.008902,0.700810,0.081007,0.198772,-0.048694,0.021173,0.011857,-0.000361,0.221823,0.974929,0.017573,0.000000,0.000000,0.000000,-1,0.239960,0.988434,0.009842,0.082464,0.211216,-0.065351,104.244644,204.797653,-530.417114,0,0
1.560000,1.637680,-1.347682,1.378125,0.942230,-0.251915,-0.220773,-0.217174,0.042369,-0.975213,0.255024,0.966821,-0.014788,-0.691854,0.169504,-0.012376,0.701750,0.131054,0.198758,-0.049063,0.022208,0.008628,-0.004687,0.220773,0.975213,0.014788,0.000000,0.000000,0.000000,-1,0.244080,0.972229,0.000778,0.122945,0.207098,-0.051800,102.838318,204.094482,-530.081970,0,0
1.600000,1.610811,-1.347959,1.340877,0.939733,-0.261037,-0.220821,-0.215182,0.050365,-0.975274,0.265704,0.964014,-0.008841,-0.688877,0.172824,-0.016289,0.703786,0.155579,0.187303,-0.026805,0.027135,-0.002740,-0.007376,0.220821,0.975274,0.008841,0.000000,0.000000,0.000000,-1,0.251007,0.970795,-0.005783,0.133560,0.184981,-0.037950,102.662521,205.325027,-527.903320,0,0
1.640000,1.591999,-1.347500,1.316881,0.938367,-0.265426,-0.221396,-0.214345,0.055626,-0.975173,0.271151,0.962525,-0.004695,-0.686920,0.174610,-0.018108,0.705212,0.150068,0.125821,-0.031834,0.031335,-0.004683,-0.015986,0.221396,0.975173,0.004695,0.000000,0.000000,0.000000,-1,0.269547,0.970825,-0.019897,0.129018,0.098054,-0.046112,103.893066,204.797653,-531.422668,0,0
1.680000,1.547657,-1.344417,1.271096,0.937629,-0.265519,-0.224390,-0.214445,0.066265,-0.974486,0.273614,0.961826,0.005193,-0.683039,0.175672,-0.018016,0.708711,0.183417,-0.091213,-0.009932,0.065756,-0.024122,-0.020610,0.224390,0.974486,-0.005193,0.000000,0.000000,0.000000,-1,0.291901,0.942139,-0.029709,0.162532,-0.119763,-0.005073,102.310944,203.215515,-530.584717,0,0
1.720000,1.517021,-1.342413,1.244605,0.938562,-0.260751,-0.226076,-0.214465,0.072548,-0.974034,0.270381,0.962676,0.012169,-0.680780,0.174511,-0.016270,0.711210,0.194878,-0.210516,0.031993,0.071181,-0.020924,-0.022148,0.226076,0.974034,-0.012169,0.000000,0.000000,0.000000,-1,0.293594,0.960663,-0.042343,0.195235,-0.252858,0.034589,103.541489,205.149231,-531.087463,0,0
1.760000,1.454712,-1.338248,1.195031,0.941601,-0.246960,-0.228907,-0.214378,0.084574,-0.973082,0.259672,0.965328,0.026693,-0.676449,0.170500,-0.011370,0.716392,0.368798,-0.485476,0.081755,0.047430,-0.003386,-0.040385,0.228907,0.973082,-0.026692,0.000000,0.000000,0.000000,-1,0.264709,0.983368,-0.074387,0.420114,-0.570233,0.079844,102.486725,204.094482,-532.428223,0,0
1.800000,1.312961,-1.328643,1.085757,0.949342,-0.212101,-0.231867,-0.212135,0.111802,-0.970824,0.231836,0.970831,0.061144,-0.666408,0.159150,0.000012,0.728404,0.693424,-0.849760,0.101893,-0.007868,0.020311,0.016421,0.231867,0.970824,-0.061144,0.000000,0.000000,0.000000,-1,0.226608,0.998505,-0.039291,0.798497,-0.798993,0.089486,102.662521,203.567108,-533.266113,0,0
1.840000,1.194570,-1.316777,0.985584,0.953363,-0.190983,-0.233720,-0.209479,0.138810,-0.967910,0.217297,0.971729,0.092329,-0.656168,0.152576,0.006257,0.739003,1.045814,-0.559072,0.159859,-0.011750,0.008820,0.031172,0.233720,0.967910,-0.092329,0.000000,0.000000,0.000000,-1,0.217606,1.017868,-0.049240,0.994272,-0.592426,0.210771,101.080399,202.688141,-537.120667,0,0
1.880000,1.065301,-1.288542,0.871376,0.954763,-0.170424,-0.243688,-0.213129,0.179305,-0.960430,0.207375,0.968920,0.134871,-0.640427,0.149725,0.014175,0.753150,1.014605,-0.227745,0.481651,-0.014547,0.040135,0.004210,0.243688,0.960430,-0.134871,0.000000,0.000000,0.000000,-1,0.293411,1.033875,-0.406601,1.075917,-0.095930,0.756917,103.189896,199.523895,-538.461365,0,0
1.920000,0.984421,-1.238655,0.795798,0.949740,-0.155653,-0.271599,-0.232950,0.228155,-0.945346,0.209112,0.961102,0.180428,-0.620717,0.156514,0.025167,0.767842,1.284256,-0.494912,0.917343,0.023033,0.145947,-0.289878,0.271599,0.945346,-0.180428,0.000000,0.000000,0.000000,-1,0.333267,1.113159,-0.319000,1.163439,-1.033853,0.699031,102.310944,201.106018,-537.623413,0,0
1.960000,0.867936,-1.184713,0.723347,0.952391,-0.101986,-0.287316,-0.249246,0.282269,-0.926391,0.175579,0.953899,0.243411,-0.597225,0.147027,0.046773,0.787095,0.733861,-0.948294,0.213806,0.057502,0.046448,0.047092,0.287316,0.926391,-0.243411,0.000000,0.000000,0.000000,-1,0.389999,0.982025,-0.252151,0.594050,-0.830430,0.122083,103.014114,198.996506,-543.321411,0,0
2.000000,0.818641,-1.171474,0.694826,0.955562,-0.079368,-0.283904,-0.248926,0.298658,-0.921325,0.157914,0.951054,0.265629,-0.589762,0.139164,0.053407,0.793702,0.479763,-0.654652,0.006938,0.082367,0.064363,-0.007030,0.283904,0.921325,-0.265629,0.000000,0.000000,0.000000,-1,0.228867,0.894501,-0.309296,0.345231,-0.596648,-0.029204,101.607773,197.590179,-543.991821,0,0
2.040000,0.770278,-1.161827,0.669071,0.959264,-0.055989,-0.276907,-0.246654,0.311927,-0.917531,0.137746,0.948455,0.285410,-0.583508,0.129665,0.059622,0.799469,0.232862,-0.633210,0.030079,-0.099432,-0.042287,-0.037527,0.276907,0.917531,-0.285410,0.000000,0.000000,0.000000,-1,0.100311,0.808441,-0.307037,0.089736,-0.606910,0.001579,102.662521,198.996506,-543.656616,0,0
2.080000,0.737512,-1.160107,0.662923,0.962807,-0.030447,-0.268469,-0.245702,0.314681,-0.916846,0.112397,0.948709,0.295496,-0.581513,0.118720,0.067097,0.802026,-0.098766,-0.360815,-0.070641,-0.163183,-0.104956,-0.010122,0.268469,0.916846,-0.295496,0.000000,0.000000,0.000000,-1,0.148544,0.833527,-0.292221,-0.197957,-0.247607,-0.092350,100.728806,198.469131,-545.835266,0,0
2.120000,0.738624,-1.166948,0.670287,0.964021,-0.025841,-0.264569,-0.244111,0.307941,-0.919555,0.105233,0.951055,0.290553,-0.584279,0.115506,0.068176,0.800393,-0.331132,-0.083361,-0.080533,-0.074932,-0.081146,-0.001134,0.264569,0.919555,-0.290553,0.000000,0.000000,0.000000,-1,0.200058,0.847549,-0.290222,-0.428338,-0.025150,-0.093528,100.728806,197.765976,-546.170410,0,0
2.160000,0.774463,-1.188767,0.707877,0.965003,-0.028235,-0.260714,-0.242406,0.283236,-0.927910,0.100043,0.958635,0.266479,-0.594829,0.113747,0.067528,0.792893,-0.630903,0.099689,-0.106593,-0.038577,-0.072746,-0.035874,0.260714,0.927910,-0.266479,0.000000,0.000000,0.000000,-1,0.235764,0.853653,-0.314224,-0.683500,0.134440,-0.135826,101.783569,199.172302,-546.840820,0,0
2.200000,0.807254,-1.205846,0.738673,0.965616,-0.033352,-0.257824,-0.240306,0.263881,-0.934141,0.099190,0.963979,0.246793,-0.603105,0.113437,0.065757,0.786812,-0.670268,0.158459,-0.166166,0.009510,-0.072615,-0.096377,0.257824,0.934141,-0.246793,0.000000,0.000000,0.000000,-1,0.327377,0.906281,-0.395859,-0.651562,0.174216,-0.186293,101.959351,197.941757,-543.656616,0,0
2.240000,0.839483,-1.224672,0.768508,0.966802,-0.039180,-0.252506,-0.235803,0.243906,-0.940695,0.098444,0.969007,0.226570,-0.611622,0.112399,0.062973,0.780589,-0.138040,0.007002,-0.040821,0.123608,-0.021688,-0.181053,0.252506,0.940695,-0.226570,0.000000,0.000000,0.000000,-1,0.370102,0.906418,-0.397278,-0.064933,-0.041817,0.058188,101.431976,199.172302,-544.159363,0,0
2.280000,0.844600,-1.224522,0.775284,0.966535,-0.037563,-0.253768,-0.237550,0.242404,-0.940644,0.096848,0.969448,0.225369,-0.612120,0.112361,0.064089,0.780114,-0.012305,-0.083785,0.108754,0.107621,-0.038361,-0.166904,0.253768,0.940644,-0.225369,0.000000,0.000000,0.000000,-1,0.318390,0.885895,-0.367050,-0.009561,-0.129784,0.167816,101.783569,199.523895,-544.829712,0,0
2.320000,0.859570,-1.217092,0.796658,0.964490,-0.030086,-0.262401,-0.247667,0.242151,-0.938096,0.091764,0.969772,0.226101,-0.611604,0.113534,0.069750,0.779862,-0.056366,-0.023737,0.301694,0.038319,-0.089509,-0.119709,0.262401,0.938096,-0.226101,0.000000,0.000000,0.000000,-1,0.287262,0.931290,-0.364792,-0.071368,0.052020,0.355111,101.080399,198.820724,-543.824219,0,0
2.360000,0.885007,-1.208318,0.820972,0.961149,-0.029720,-0.274426,-0.259494,0.241658,-0.935021,0.094106,0.969906,0.224558,-0.611337,0.118271,0.073740,0.779000,-0.013836,0.170583,0.470022,0.018253,0.124320,-0.148901,0.274426,0.935021,-0.224558,0.000000,0.000000,0.000000,-1,0.320099,1.304474,-0.290680,-0.096789,0.362271,0.459612,102.662521,198.293350,-543.656616,0,0
2.400000,0.952704,-1.198607,0.861074,0.953479,-0.055141,-0.296374,-0.275848,0.236966,-0.931534,0.121597,0.969952,0.210732,-0.613551,0.134866,0.071215,0.774787,-0.052224,0.736729,0.184822,-0.095782,0.190750,-0.140587,0.296374,0.931533,-0.210732,0.000000,0.000000,0.000000,-1,0.199814,0.980698,-0.370544,-0.028452,0.683453,0.144673,102.486725,196.359634,-541.142822,0,0
2.440000,0.985483,-1.191206,0.865310,0.947617,-0.081412,-0.308860,-0.282091,0.240260,-0.928816,0.149823,0.967289,0.204709,-0.612913,0.148268,0.064869,0.773399,0.183414,0.831111,0.201816,-0.090812,-0.072310,-0.062167,0.308860,0.928816,-0.204709,0.000000,0.000000,0.000000,-1,0.197418,0.898300,-0.186279,0.157643,0.937837,0.167844,102.486725,196.711212,-541.477966,0,0
2.480000,1.012185,-1.186990,0.862492,0.941962,-0.108999,-0.317533,-0.284384,0.243599,-0.927246,0.178420,0.963732,0.198463,-0.612352,0.160603,0.056795,0.772014,-0.007121,1.037671,-0.028656,-0.078321,0.014862,0.050743,0.317533,0.927246,-0.198463,0.000000,0.000000,0.000000,-1,0.317917,1.022583,-0.157501,-0.100832,1.008218,-0.243760,103.014114,196.887009,-538.628967,0,0
2.520000,1.053393,-1.199435,0.857969,0.936147,-0.155439,-0.315385,-0.274528,0.237317,-0.931834,0.219690,0.958916,0.179492,-0.616307,0.174413,0.038818,0.766967,-0.190897,0.706287,-0.232670,0.114912,0.064702,0.122500,0.315385,0.931834,-0.179492,0.000000,0.000000,0.000000,-1,0.426956,0.976959,-0.029831,-0.306339,0.591638,-0.168163,104.244644,196.711212,-538.126221,0,0
2.560000,1.086873,-1.207103,0.878515,0.933801,-0.172095,-0.314847,-0.274417,0.222942,-0.935410,0.231172,0.959521,0.160870,-0.622414,0.179347,0.033609,0.761121,-0.423045,0.192229,-0.046773,0.033053,-0.059800,0.120404,0.314847,0.935410,-0.160870,0.000000,0.000000,0.000000,-1,0.319550,0.861588,-0.042938,-0.438499,0.136891,-0.095122,104.244644,196.359634,-535.779968,0,0
2.600000,1.126419,-1.218512,0.914609,0.933719,-0.176401,-0.311532,-0.273386,0.210511,-0.938587,0.231148,0.961545,0.148332,-0.627470,0.179206,0.032027,0.757060,-0.388577,0.117484,-0.225735,-0.005898,-0.032474,0.119997,0.311532,0.938587,-0.148332,0.000000,0.000000,0.000000,-1,0.305573,0.969208,-0.049347,-0.422668,0.264141,-0.307721,103.189896,197.062805,-536.115112,0,0
2.640000,1.184891,-1.239020,0.963534,0.934109,-0.190723,-0.301768,-0.267488,0.185864,-0.945465,0.236410,0.963887,0.122602,-0.637504,0.179690,0.025631,0.748762,-0.608321,0.251927,-0.123329,-0.015330,0.063766,0.075345,0.301768,0.945465,-0.122602,0.000000,0.000000,0.000000,-1,0.289185,1.018997,-0.051254,-0.679975,0.179652,-0.057189,102.662521,197.941757,-534.942017,0,0
2.680000,1.223946,-1.244322,1.001221,0.933466,-0.194099,-0.301607,-0.270076,0.172949,-0.947179,0.236009,0.965616,0.109020,-0.642553,0.180598,0.025523,0.744217,-0.688136,0.148413,0.020431,-0.011660,0.074092,0.060573,0.301607,0.947179,-0.109020,0.000000,0.000000,0.000000,-1,0.325043,0.943420,-0.083786,-0.712306,0.300506,0.068317,104.244644,198.469131,-534.104065,0,0
2.720000,1.363539,-1.252822,1.126668,0.927780,-0.213584,-0.305952,-0.282312,0.134333,-0.949871,0.243977,0.967645,0.064335,-0.657478,0.188560,0.023565,0.729117,-0.638512,0.408437,-0.036324,0.016634,-0.036709,-0.011593,0.305952,0.949871,-0.064335,0.000000,0.000000,0.000000,-1,0.294662,0.880554,-0.053772,-0.614726,0.373453,-0.173476,103.717270,196.887009,-533.936523,0,0
2.760000,1.426668,-1.260050,1.181383,0.926219,-0.224839,-0.302599,-0.282877,0.116084,-0.952106,0.249197,0.967457,0.043918,-0.664496,0.191015,0.020091,0.722188,-0.562537,0.329426,-0.217720,-0.007936,-0.071551,-0.009854,0.302599,0.952106,-0.043918,0.000000,0.000000,0.000000,-1,0.322433,0.877792,-0.015121,-0.567373,0.281301,-0.287487,102.486725,198.469131,-531.087463,0,0
2.800000,1.524728,-1.276192,1.269983,0.926623,-0.239246,-0.290053,-0.277323,0.086033,-0.956917,0.253893,0.967140,0.013372,-0.675873,0.191075,0.013375,0.711693,-0.575677,0.255816,-0.274867,0.037935,-0.060250,0.013387,0.290053,0.956917,-0.013372,0.000000,0.000000,0.000000,-1,0.339996,0.878098,-0.011368,-0.594072,0.247494,-0.278631,102.135147,198.469131,-530.752319,0,0
2.840000,1.610606,-1.286436,1.348925,0.926813,-0.249875,-0.280321,-0.273667,0.061735,-0.959841,0.257146,0.966308,-0.011165,-0.684880,0.191107,0.008460,0.703097,-0.541465,0.304510,-0.277438,0.060362,-0.082049,-0.043712,0.280321,0.959841,0.011165,0.000000,0.000000,0.000000,-1,0.361252,0.896332,-0.051163,-0.531979,0.369171,-0.291287,102.662521,199.348099,-530.249512,0,0
2.880000,1.692535,-1.293412,1.419389,0.925419,-0.264040,-0.271814,-0.270708,0.041303,-0.961775,0.265174,0.963627,-0.033255,-0.692346,0.193093,0.002398,0.695246,-0.494170,0.419188,-0.245183,0.115194,-0.018110,-0.075583,0.271814,0.961775,0.033255,0.000000,0.000000,0.000000,-1,0.401047,0.990692,-0.039230,-0.507047,0.467158,-0.232190,100.201431,199.699677,-527.903320,0,1
2.920000,1.758391,-1.297153,1.472889,0.923141,-0.278066,-0.265500,-0.268947,0.026416,-0.962793,0.274734,0.960199,-0.050399,-0.697697,0.196007,-0.003309,0.689050,-0.408528,0.503617,-0.162004,0.138705,0.019355,-0.076995,0.265500,0.962793,0.050399,0.000000,0.000000,0.000000,-1,0.386749,0.942825,-0.002182,-0.354454,0.496643,-0.133343,101.607773,200.402847,-528.908813,0,0
2.960000,1.808187,-1.296818,1.506428,0.918639,-0.294868,-0.262975,-0.270003,0.017404,-0.962702,0.288446,0.955380,-0.063628,-0.700868,0.201490,-0.009086,0.684181,-0.140192,0.396767,-0.028371,0.113917,-0.009699,-0.061644,0.262975,0.962702,0.063628,0.000000,0.000000,0.000000,-1,0.403641,0.998123,-0.016006,-0.152265,0.379934,-0.036464,101.431976,198.820724,-527.400513,0,0
3.000000,1.828145,-1.293688,1.512832,0.913868,-0.307976,-0.264566,-0.273116,0.015849,-0.961851,0.300420,0.951262,-0.069630,-0.701365,0.207129,-0.012780,0.681925,-0.115808,0.401469,-0.091382,0.153296,0.055102,-0.095005,0.264566,0.961851,0.069630,0.000000,0.000000,0.000000,-1,0.447678,1.072388,-0.097137,-0.090875,0.353435,-0.151896,101.256180,199.348099,-525.892212,0,0
3.040000,1.848698,-1.298575,1.522044,0.911752,-0.319150,-0.258556,-0.268552,0.013103,-0.963176,0.310786,0.947614,-0.073762,-0.702213,0.209232,-0.018595,0.680274,0.129146,0.098178,-0.126235,0.183934,0.101842,-0.149964,0.258556,0.963176,0.073762,0.000000,0.000000,0.000000,-1,0.442001,1.086700,0.040436,0.268980,-0.090557,-0.051817,100.904602,198.293350,-527.232971,0,0
3.080000,1.772903,-1.297918,1.457034,0.914513,-0.306528,-0.264019,-0.267762,0.030593,-0.962999,0.303263,0.951370,-0.054099,-0.696064,0.206263,-0.014095,0.687570,0.563954,-0.504511,0.338198,0.146794,0.123182,0.006647,0.264019,0.962999,0.054099,0.000000,0.000000,0.000000,-1,0.257889,0.992447,-0.011566,0.589534,-0.471602,0.440370,101.431976,198.117554,-528.070923,0,0
3.120000,1.631886,-1.279408,1.332418,0.914608,-0.285076,-0.286746,-0.279159,0.067835,-0.957846,0.292511,0.956101,-0.017539,-0.682699,0.206619,-0.002111,0.700875,1.199071,-0.646165,0.723712,-0.028858,0.034601,-0.029105,0.286746,0.957846,0.017539,0.000000,0.000000,0.000000,-1,0.220551,1.193817,-0.198090,1.933302,-1.125978,0.830832,101.607773,195.832260,-531.255066,0,0
3.160000,1.271171,-1.227154,1.016570,0.920265,-0.222460,-0.321908,-0.286485,0.177316,-0.941534,0.266533,0.958682,0.099446,-0.640996,0.198498,0.021597,0.741118,2.367761,-1.464291,0.698539,-0.204370,0.214655,-0.017726,0.321908,0.941534,-0.099446,0.000000,0.000000,0.000000,-1,0.172699,1.119812,0.029266,2.158542,-1.473187,0.627976,100.728806,195.656464,-534.104065,0,0
3.200000,1.103234,-1.189043,0.883335,0.926255,-0.177352,-0.332562,-0.287927,0.236410,-0.928013,0.243206,0.955331,0.167912,-0.616833,0.188576,0.036216,0.763311,1.528527,-1.337142,0.458481,-0.159863,0.191799,0.197178,0.332562,0.928013,-0.167912,0.000000,0.000000,0.000000,-1,0.331345,1.157364,-0.188858,0.977825,-0.967825,0.047180,101.959351,194.425919,-536.282715,0,0
3.240000,0.949574,-1.152656,0.764926,0.934487,-0.133058,-0.330196,-0.281191,0.292946,-0.913846,0.218324,0.946825,0.236340,-0.592706,0.174728,0.047187,0.784821,1.327157,-0.492909,0.233161,0.069890,0.306918,-0.033222,0.330196,0.913846,-0.236340,0.000000,0.000000,0.000000,-1,0.267700,1.025299,-0.170349,1.287765,-0.455885,0.320907,102.662521,192.667999,-540.640015,0,0
3.280000,0.884971,-1.122798,0.710180,0.934971,-0.115994,-0.335223,-0.282409,0.328443,-0.901316,0.214649,0.937374,0.274327,-0.577105,0.172587,0.052232,0.796514,1.047189,-0.549185,0.327161,-0.067523,0.123983,0.103978,0.335223,0.901316,-0.274327,0.000000,0.000000,0.000000,-1,0.173828,0.866364,-0.146179,0.826325,-0.621719,0.361328,100.904602,192.316422,-538.628967,0,0
3.320000,0.843597,-1.093963,0.690299,0.935211,-0.088447,-0.342867,-0.292256,0.353890,-0.888453,0.199918,0.931096,0.305113,-0.564847,0.168498,0.063269,0.805328,0.342866,-0.506204,0.494390,-0.238909,-0.004420,0.106413,0.342867,0.888453,-0.305113,0.000000,0.000000,0.000000,-1,0.095261,0.773529,-0.226700,0.139287,-0.459474,0.483233,100.025650,192.843796,-540.137268,0,0
3.360000,0.846902,-1.081340,0.721032,0.934016,-0.059463,-0.352249,-0.310372,0.353138,-0.882589,0.176874,0.933680,0.311381,-0.563360,0.164120,0.077825,0.805999,-0.283522,-0.393094,0.229297,-0.254867,-0.134450,0.045512,0.352249,0.882589,-0.311381,0.000000,0.000000,0.000000,-1,0.116028,0.706528,-0.271729,-0.419905,-0.212935,0.102064,100.553024,189.855331,-541.980713,0,0
3.400000,0.862762,-1.091413,0.741439,0.934821,-0.057876,-0.350371,-0.311493,0.340158,-0.887280,0.170533,0.938586,0.299958,-0.568926,0.162310,0.079025,0.802331,-0.542753,0.189270,-0.253466,-0.177947,-0.300182,0.030275,0.350371,0.887280,-0.299958,0.000000,0.000000,0.000000,-1,0.242294,0.662170,-0.265671,-0.684528,0.327282,-0.357063,98.619308,191.085876,-540.472412,0,0
3.440000,0.905794,-1.122245,0.773690,0.936891,-0.076034,-0.341254,-0.303033,0.310213,-0.901076,0.174374,0.947622,0.267595,-0.582899,0.162579,0.071573,0.792890,-0.854658,0.330963,-0.399659,-0.047324,-0.225844,-0.001295,0.341254,0.901076,-0.267595,0.000000,0.000000,0.000000,-1,0.375885,0.763031,-0.247482,-0.796665,0.253786,-0.403857,100.201431,192.667999,-540.304810,0,0
3.480000,0.935674,-1.149590,0.798894,0.940242,-0.087277,-0.329133,-0.292984,0.285180,-0.912597,0.173511,0.954492,0.242568,-0.594242,0.159978,0.065471,0.785492,-0.447367,0.145728,-0.378686,0.088210,-0.014190,-0.039461,0.329133,0.912597,-0.242568,0.000000,0.000000,0.000000,-1,0.386337,1.135101,-0.371902,-0.329901,0.316986,-0.318226,98.443512,193.722748,-539.969666,0,0
3.520000,0.959912,-1.165234,0.807450,0.940390,-0.105933,-0.323180,-0.285062,0.272759,-0.918881,0.185490,0.956232,0.226303,-0.600277,0.162840,0.057344,0.780937,-0.016598,0.370735,0.023018,0.053636,0.189090,-0.180024,0.323180,0.918881,-0.226303,0.000000,0.000000,0.000000,-1,0.369080,0.913330,-0.512146,0.121529,0.322845,0.094792,99.674057,192.843796,-538.126221,0,0
3.560000,0.962520,-1.157079,0.800515,0.937215,-0.113087,-0.329908,-0.288533,0.279939,-0.915633,0.195900,0.953334,0.229733,-0.597399,0.168070,0.056080,0.782126,0.356282,0.282913,0.278243,0.039172,-0.002303,-0.282413,0.329908,0.915633,-0.229733,0.000000,0.000000,0.000000,-1,0.398361,1.261520,-0.202911,0.295947,0.386754,0.365922,99.849854,193.019592,-537.958618,0,0
3.600000,0.976152,-1.140068,0.796010,0.929754,-0.126240,-0.345862,-0.298357,0.292091,-0.908662,0.215733,0.948022,0.233908,-0.592401,0.179185,0.054916,0.783542,0.126289,0.682754,0.216739,0.052499,0.352859,0.030997,0.345862,0.908662,-0.233908,0.000000,0.000000,0.000000,-1,0.219589,0.959290,-0.162247,-0.175082,0.844848,0.070633,100.377228,192.140625,-536.115112,0,1
3.640000,1.036725,-1.142491,0.817315,0.919322,-0.164459,-0.357492,-0.302905,0.284161,-0.909671,0.251189,0.944566,0.211420,-0.596603,0.195844,0.044545,0.776998,-0.248612,0.848945,-0.030262,-0.180490,-0.034686,-0.053549,0.357492,0.909671,-0.211420,0.000000,0.000000,0.000000,-1,0.361511,0.901642,-0.103836,-0.248766,0.851394,-0.024699,101.431976,191.789047,-535.779968,0,0
3.680000,1.094783,-1.147428,0.841562,0.909593,-0.198236,-0.365161,-0.306352,0.273738,-0.911710,0.280692,0.941153,0.188260,-0.601580,0.209693,0.035103,0.769999,-0.416542,0.917117,0.008071,0.001462,0.010302,0.150159,0.365161,0.911710,-0.188260,0.000000,0.000000,0.000000,-1,0.326706,0.940125,-0.066620,-0.535064,0.400996,-0.286056,99.322479,191.789047,-533.433716,0,0
3.720000,1.130179,-1.166583,0.866890,0.909973,-0.213083,-0.355732,-0.299817,0.254541,-0.919412,0.286460,0.943294,0.167740,-0.609855,0.210255,0.028397,0.763586,-0.266990,-0.205723,-0.573742,-0.033908,0.031348,0.057968,0.355732,0.919412,-0.167740,0.000000,0.000000,0.000000,-1,0.368301,0.957306,-0.036880,-0.218581,-0.277086,-0.646047,99.674057,194.601715,-531.422668,0,0
3.760000,1.119680,-1.186681,0.859951,0.916763,-0.214029,-0.337250,-0.283981,0.244508,-0.927130,0.280893,0.945731,0.163375,-0.614182,0.202713,0.022940,0.762339,-0.251221,0.137843,-0.645463,0.052154,0.051080,0.181213,0.337250,0.927130,-0.163375,0.000000,0.000000,0.000000,-1,0.411072,1.068069,0.009552,-0.557893,0.350039,-0.413527,99.146683,194.425919,-533.266113,0,0
3.800000,1.168322,-1.207872,0.901597,0.917633,-0.226394,-0.326643,-0.278441,0.220233,-0.934863,0.283585,0.948811,0.139056,-0.624168,0.202203,0.017246,0.754474,-0.799218,0.071960,0.007814,0.081240,0.142149,0.124438,0.326643,0.934863,-0.139056,0.000000,0.000000,0.000000,-1,0.372345,0.956299,-0.077591,-0.935338,0.104946,0.105935,98.091934,194.425919,-531.590271,0,0
3.840000,1.278964,-1.215793,1.008301,0.913077,-0.240269,-0.334332,-0.297592,0.176746,-0.938190,0.284510,0.954480,0.089569,-0.641288,0.209680,0.019423,0.737840,-0.917938,0.534524,0.087965,0.001285,-0.039828,0.018143,0.334332,0.938190,-0.089569,0.000000,0.000000,0.000000,-1,0.344940,0.906158,-0.047073,-0.893713,0.562735,0.016540,98.267731,193.546967,-530.417114,0,0
3.880000,1.392251,-1.223523,1.107518,0.907182,-0.254649,-0.334925,-0.304461,0.152090,-0.940304,0.290386,0.954999,0.060443,-0.650893,0.214747,0.017107,0.727962,-0.831500,0.396178,-0.095422,-0.002680,-0.051846,0.018390,0.334925,0.940304,-0.060443,0.000000,0.000000,0.000000,-1,0.248749,0.797440,0.006073,-0.819347,0.307858,-0.169513,97.564560,194.601715,-529.076416,0,0
3.920000,1.478956,-1.237693,1.189163,0.907505,-0.265368,-0.325599,-0.303454,0.121778,-0.945032,0.290432,0.956426,0.029988,-0.662522,0.214643,0.013270,0.717508,-0.629406,0.203960,-0.375383,-0.076850,-0.147593,0.036061,0.325599,0.945032,-0.029988,0.000000,0.000000,0.000000,-1,0.260818,0.822861,0.068069,-0.651045,0.195231,-0.433530,99.146683,195.832260,-528.573669,0,0
3.960000,1.561983,-1.256083,1.268845,0.910451,-0.274352,-0.309532,-0.295539,0.092053,-0.950885,0.289371,0.957213,0.002728,-0.673734,0.211468,0.007481,0.708031,-0.740448,0.180849,-0.471379,-0.048713,-0.128025,0.070798,0.309532,0.950885,-0.002728,0.000000,0.000000,0.000000,-1,0.316849,0.930786,0.004807,-0.733114,0.258824,-0.544991,98.091934,197.590179,-527.232971,0,0
4.000000,1.684874,-1.279694,1.383548,0.913876,-0.289006,-0.285143,-0.281991,0.053428,-0.957928,0.292081,0.955835,-0.032670,-0.687953,0.207499,-0.002521,0.695456,-0.536582,0.336610,-0.460759,0.079481,0.006382,-0.059220,0.285143,0.957928,0.032670,0.000000,0.000000,0.000000,-1,0.407455,0.957825,-0.012924,-0.505677,0.364854,-0.413987,98.091934,197.238586,-527.568115,0,1
4.040000,1.742616,-1.287684,1.432786,0.913535,-0.299500,-0.275232,-0.276689,0.038430,-0.960191,0.298155,0.953322,-0.047761,-0.693337,0.207759,-0.008265,0.689965,-0.365716,0.364612,-0.292794,0.132224,-0.002366,-0.060685,0.275232,0.960191,0.047761,0.000000,0.000000,0.000000,-1,0.462189,0.982895,0.009705,-0.305074,0.328705,-0.195951,97.212967,195.656464,-525.389465,0,0
4.080000,1.784333,-1.285516,1.466073,0.910498,-0.308786,-0.275035,-0.279885,0.029418,-0.959583,0.304396,0.950677,-0.059639,-0.696549,0.211281,-0.010538,0.685616,-0.249941,0.114173,-0.112638,0.193776,0.020627,-0.055153,0.275035,0.959583,0.059639,0.000000,0.000000,0.000000,-1,0.469894,0.982361,-0.036911,-0.219574,0.015927,-0.114477,97.037186,198.293350,-526.227417,0,0
4.120000,1.786671,-1.278272,1.470995,0.909298,-0.306325,-0.281677,-0.286936,0.028732,-0.957519,0.301405,0.951493,-0.061770,-0.696839,0.212840,-0.007077,0.684883,-0.118311,-0.043673,-0.111882,0.157974,0.007996,-0.129885,0.281677,0.957519,0.061770,0.000000,0.000000,0.000000,-1,0.436493,0.983444,-0.062286,-0.072899,-0.068851,-0.116362,97.740341,196.535431,-523.546021,0,0
4.160000,1.741336,-1.274101,1.431763,0.909821,-0.298684,-0.288120,-0.289540,0.040517,-0.956308,0.297308,0.953492,-0.049618,-0.692626,0.212317,-0.003316,0.689333,0.263416,-0.338252,-0.000732,0.161953,0.065451,-0.073025,0.288120,0.956308,0.049618,0.000000,0.000000,0.000000,-1,0.354050,1.135101,0.109726,0.459522,-0.613135,0.137227,94.927673,196.887009,-523.881165,0,0
4.200000,1.537664,-1.249486,1.263607,0.913926,-0.255173,-0.315636,-0.301026,0.095495,-0.948823,0.272255,0.962168,0.010461,-0.672304,0.206826,0.016132,0.710613,1.328693,-0.765897,0.735139,-0.086007,0.077590,0.023737,0.315636,0.948823,-0.010461,0.000000,0.000000,0.000000,-1,0.227570,1.035019,-0.035843,1.580201,-0.949546,0.775382,94.927673,194.425919,-527.232971,0,0
4.240000,1.356327,-1.219539,1.110393,0.916462,-0.216955,-0.336195,-0.308251,0.152877,-0.938941,0.255104,0.964137,0.073230,-0.650068,0.201981,0.031186,0.731876,2.117282,-1.624742,0.766332,-0.088850,0.265603,-0.085110,0.336195,0.938941,-0.073230,0.000000,0.000000,0.000000,-1,0.121094,1.082092,-0.045227,2.255594,-1.844161,0.715970,95.982422,194.425919,-528.908813,0,0
4.280000,1.098721,-1.167969,0.909247,0.925853,-0.144547,-0.349145,-0.309321,0.240834,-0.919956,0.217063,0.959742,0.178266,-0.613749,0.184875,0.053801,0.765662,1.846212,-1.522268,0.388796,-0.244454,0.180309,0.194684,0.349145,0.919956,-0.178266,0.000000,0.000000,0.000000,-1,0.342941,1.220245,-0.098770,1.273469,-0.866813,0.209634,95.630844,194.777512,-532.930969,0,0
