0.000000,1.003694,-1.486597,0.926408,0.994626,-0.075414,-0.070935,-0.067235,0.050519,-0.996457,0.078730,0.995872,0.045177,-0.689008,0.051759,-0.002829,0.722897,0.000459,0.000621,-0.000518,0.003955,0.015383,-0.001118,0.070935,0.996457,-0.045177,0.000000,0.000000,0.000000,-1,0.071060,1.013351,-0.045395,-0.021293,0.009439,-0.010523,76.645309,261.226868,-569.800415,0,0
0.040000,1.004121,-1.486606,0.926755,0.994619,-0.075494,-0.070947,-0.067246,0.050491,-0.996458,0.078809,0.995867,0.045143,-0.689018,0.051791,-0.002853,0.722885,0.001530,0.002739,-0.000534,0.003073,0.014788,0.000251,0.070947,0.996458,-0.045143,0.000000,0.000000,0.000000,-1,0.073730,1.008316,-0.046249,-0.020216,0.011577,-0.008409,76.821106,262.105835,-570.638306,0,0
0.080000,1.004008,-1.486233,0.926309,0.994573,-0.075810,-0.071255,-0.067520,0.050744,-0.996427,0.079155,0.995830,0.045350,-0.688927,0.052012,-0.002867,0.722957,0.005807,0.006995,0.001551,0.004032,0.014041,-0.000274,0.071255,0.996427,-0.045350,0.000000,0.000000,0.000000,-1,0.075317,1.009750,-0.047653,-0.017012,0.014753,-0.008446,76.293732,261.578461,-570.135559,0,0
0.120000,1.003396,-1.485987,0.925433,0.994541,-0.076060,-0.071434,-0.067671,0.050951,-0.996406,0.079427,0.995801,0.045525,-0.688851,0.052163,-0.002901,0.723017,0.005832,0.009050,-0.000536,0.004097,0.014992,-0.000495,0.071434,0.996406,-0.045525,0.000000,0.000000,0.000000,-1,0.073349,1.011459,-0.046402,-0.017002,0.018980,-0.009527,76.996887,261.226868,-569.465210,0,0
0.160000,1.002375,-1.485855,0.923956,0.994502,-0.076507,-0.071498,-0.067701,0.051130,-0.996395,0.079887,0.995757,0.045669,-0.688786,0.052341,-0.003045,0.723067,0.002641,0.010110,-0.000515,0.001317,0.014058,-0.000535,0.071498,0.996395,-0.045669,0.000000,0.000000,0.000000,-1,0.072464,1.010300,-0.047302,-0.019141,0.016852,-0.010568,77.524277,261.754242,-569.968018,0,0
0.200000,0.999787,-1.485810,0.920995,0.994480,-0.076873,-0.071418,-0.067585,0.051358,-0.996391,0.080263,0.995717,0.045879,-0.688702,0.052439,-0.003211,0.723138,0.004765,0.007991,-0.000525,-0.000816,0.015023,-0.002355,0.071418,0.996391,-0.045879,0.000000,0.000000,0.000000,-1,0.071198,1.010056,-0.046432,-0.018083,0.012635,-0.008430,78.051651,260.875305,-570.470764,0,0
0.240000,0.998075,-1.485752,0.919126,0.994470,-0.077025,-0.071388,-0.067535,0.051519,-0.996386,0.080424,0.995697,0.046032,-0.688644,0.052480,-0.003280,0.723191,0.004758,0.004824,0.000552,-0.000404,0.014417,-0.002186,0.071388,0.996386,-0.046032,0.000000,0.000000,0.000000,-1,0.076324,1.012421,-0.046860,-0.018091,0.012606,-0.011625,77.172684,261.754242,-569.968018,0,0
0.280000,0.996797,-1.485562,0.917660,0.994449,-0.077202,-0.071488,-0.067610,0.051732,-0.996370,0.080620,0.995673,0.046226,-0.688566,0.052577,-0.003316,0.723258,0.005830,0.001570,-0.002587,0.002090,0.015395,0.001945,0.071488,0.996370,-0.046226,0.000000,0.000000,0.000000,-1,0.079559,1.012650,-0.048538,-0.015968,0.011536,-0.012703,76.293732,261.226868,-570.135559,0,0
0.320000,0.997111,-1.485332,0.917477,0.994397,-0.077687,-0.071694,-0.067782,0.051884,-0.996350,0.081123,0.995627,0.046328,-0.688510,0.052820,-0.003423,0.723293,0.000518,0.007897,-0.005760,0.009818,0.012408,-0.001463,0.071694,0.996350,-0.046328,0.000000,0.000000,0.000000,-1,0.080139,1.003891,-0.038391,-0.018100,0.011527,-0.013752,76.117935,261.051086,-569.297607,0,0
0.360000,0.998470,-1.485077,0.918721,0.994368,-0.077792,-0.071971,-0.068049,0.051954,-0.996328,0.081245,0.995615,0.046368,-0.688485,0.052957,-0.003367,0.723307,0.005837,0.000551,0.001686,0.005284,0.009913,-0.003742,0.071971,0.996328,-0.046368,0.000000,0.000000,0.000000,-1,0.070404,1.012558,-0.045746,-0.017032,0.007349,-0.007353,76.645309,260.523712,-569.465210,0,0
0.400000,0.996640,-1.484925,0.916858,0.994363,-0.077816,-0.072014,-0.068072,0.052173,-0.996315,0.081286,0.995602,0.046582,-0.688406,0.052980,-0.003368,0.723381,0.004779,0.001620,0.002755,-0.000404,0.015480,-0.003055,0.072014,0.996315,-0.046582,0.000000,0.000000,0.000000,-1,0.071701,1.012268,-0.049026,-0.015976,0.005221,-0.008418,78.051651,262.281616,-569.800415,0,0
0.440000,0.993307,-1.484725,0.913602,0.994370,-0.077726,-0.072024,-0.068059,0.052516,-0.996298,0.081221,0.995591,0.046930,-0.688281,0.052953,-0.003340,0.723501,0.003709,-0.004817,-0.001427,0.002866,0.016565,-0.002325,0.072024,0.996298,-0.046930,0.000000,0.000000,0.000000,-1,0.072479,1.013168,-0.047729,-0.019180,0.002044,-0.008382,77.172684,261.402649,-570.638306,0,0
0.480000,0.992133,-1.484702,0.912749,0.994397,-0.077404,-0.071988,-0.068033,0.052588,-0.996296,0.080903,0.995612,0.047027,-0.688255,0.052828,-0.003238,0.723535,0.002630,-0.010103,-0.000334,0.001055,0.014492,0.000015,0.071988,0.996296,-0.047027,0.000000,0.000000,0.000000,-1,0.075119,1.008896,-0.048370,-0.019198,-0.002212,-0.010496,76.645309,261.930054,-570.135559,0,0
0.520000,0.991756,-1.484538,0.912601,0.994407,-0.077169,-0.072108,-0.068154,0.052698,-0.996282,0.080682,0.995624,0.047144,-0.688216,0.052790,-0.003115,0.723576,0.000514,-0.005865,-0.000332,0.005453,0.012873,-0.001974,0.072108,0.996282,-0.047144,0.000000,0.000000,0.000000,-1,0.078018,1.008316,-0.046783,-0.020246,0.004133,-0.011577,76.469513,261.051086,-569.632812,0,0
0.560000,0.993078,-1.484138,0.914072,0.994391,-0.077004,-0.072503,-0.068547,0.052841,-0.996248,0.080546,0.995630,0.047266,-0.688165,0.052877,-0.002922,0.723619,0.001592,-0.000580,-0.001421,0.002295,0.014708,-0.001104,0.072503,0.996248,-0.047266,0.000000,0.000000,0.000000,-1,0.075653,1.009857,-0.049469,-0.019172,0.007310,-0.011597,77.524277,261.051086,-569.968018,0,0
0.600000,0.992179,-1.484036,0.913118,0.994384,-0.077054,-0.072547,-0.068577,0.052969,-0.996239,0.080607,0.995619,0.047387,-0.688119,0.052909,-0.002928,0.723661,0.002692,0.003605,-0.002458,0.003122,0.015297,-0.001746,0.072547,0.996239,-0.047387,0.000000,0.000000,0.000000,-1,0.075180,1.010559,-0.050964,-0.019159,0.012596,-0.012683,76.117935,259.644745,-570.973511,0,0
0.640000,0.989982,-1.483898,0.910754,0.994371,-0.077211,-0.072557,-0.068560,0.053215,-0.996227,0.080780,0.995594,0.047621,-0.688029,0.052967,-0.002988,0.723741,0.002700,0.005724,-0.002466,0.002333,0.013737,-0.006929,0.072557,0.996227,-0.047621,0.000000,0.000000,0.000000,-1,0.076462,1.010544,-0.051041,-0.021291,0.012587,-0.013731,77.700058,260.875305,-569.465210,0,0
0.680000,0.988134,-1.483625,0.908608,0.994339,-0.077493,-0.072696,-0.068661,0.053529,-0.996203,0.081090,0.995555,0.047905,-0.687914,0.053115,-0.003050,0.723839,0.003769,0.005733,-0.001406,0.003674,0.011320,-0.003150,0.072696,0.996203,-0.047905,0.000000,0.000000,0.000000,-1,0.077332,1.008575,-0.050247,-0.020217,0.014715,-0.012682,76.996887,261.930054,-570.470764,0,0
0.720000,0.987482,-1.483443,0.907730,0.994313,-0.077708,-0.072816,-0.068756,0.053701,-0.996187,0.081322,0.995529,0.048052,-0.687852,0.053233,-0.003092,0.723890,0.003775,0.007852,-0.001413,0.004668,0.013884,-0.003355,0.072816,0.996187,-0.048052,0.000000,0.000000,0.000000,-1,0.076019,1.011703,-0.051819,-0.018076,0.016852,-0.010576,77.700058,261.930054,-570.470764,0,0
0.760000,0.986632,-1.483273,0.906570,0.994283,-0.078008,-0.072916,-0.068827,0.053885,-0.996172,0.081639,0.995495,0.048208,-0.687785,0.053373,-0.003171,0.723943,0.000615,0.011004,-0.000289,0.003103,0.015531,-0.003611,0.072916,0.996172,-0.048208,0.000000,0.000000,0.000000,-1,0.074570,1.010239,-0.052032,-0.021269,0.018952,-0.012690,75.766357,262.457397,-570.973511,0,0
0.800000,0.984430,-1.483202,0.903655,0.994231,-0.078711,-0.072869,-0.068725,0.054129,-0.996166,0.082353,0.995427,0.048407,-0.687694,0.053598,-0.003448,0.724011,-0.000459,0.010964,-0.004541,-0.000130,0.013203,0.001303,0.072869,0.996166,-0.048407,0.000000,0.000000,0.000000,-1,0.072830,1.010040,-0.049805,-0.021269,0.018952,-0.012690,75.766357,261.051086,-570.303162,0,0
0.840000,0.983255,-1.483271,0.902179,0.994215,-0.079012,-0.072755,-0.068592,0.054188,-0.996172,0.082652,0.995400,0.048455,-0.687672,0.053661,-0.003598,0.724027,0.000613,0.009944,-0.000285,-0.000154,0.015653,-0.001441,0.072755,0.996172,-0.048455,0.000000,0.000000,0.000000,-1,0.074936,1.009140,-0.050720,-0.021270,0.016853,-0.010551,77.875854,259.996338,-570.303162,0,0
0.880000,0.982181,-1.483228,0.900829,0.994195,-0.079284,-0.072738,-0.068552,0.054307,-0.996168,0.082931,0.995372,0.048556,-0.687628,0.053748,-0.003706,0.724061,0.000606,0.009915,-0.003480,0.003357,0.014223,-0.002896,0.072738,0.996168,-0.048556,0.000000,0.000000,0.000000,-1,0.072800,1.012390,-0.046951,-0.019161,0.013636,-0.014817,76.469513,260.699493,-570.303162,0,0
0.920000,0.978122,-1.483376,0.896394,0.994188,-0.079659,-0.072419,-0.068195,0.054518,-0.996181,0.083303,0.995330,0.048769,-0.687550,0.053761,-0.003958,0.724133,-0.003654,0.009806,-0.010860,0.004486,0.016773,-0.009336,0.072419,0.996181,-0.048769,0.000000,0.000000,0.000000,-1,0.078583,1.012726,-0.057587,-0.030870,0.019934,-0.021142,76.469513,261.051086,-568.627258,0,0
0.960000,0.979094,-1.483386,0.896987,0.994155,-0.080038,-0.072458,-0.068220,0.054472,-0.996182,0.083679,0.995302,0.048693,-0.687566,0.053907,-0.004080,0.724106,-0.006846,0.010856,-0.011901,0.010459,0.013110,-0.003400,0.072458,0.996182,-0.048693,0.000000,0.000000,0.000000,-1,0.076050,1.007675,-0.048935,-0.025560,0.013598,-0.019029,77.875854,261.754242,-569.297607,0,0
1.000000,0.979637,-1.483461,0.897405,0.994147,-0.080166,-0.072422,-0.068184,0.054397,-0.996189,0.083800,0.995296,0.048612,-0.687593,0.053938,-0.004137,0.724078,-0.003663,-0.000707,-0.002293,0.002071,0.012524,-0.005282,0.072422,0.996189,-0.048612,0.000000,0.000000,0.000000,-1,0.071426,1.009995,-0.049637,-0.024499,0.006253,-0.011552,75.942139,260.523712,-569.800415,0,0
1.040000,0.978075,-1.483572,0.895854,0.994160,-0.080158,-0.072254,-0.068013,0.054433,-0.996198,0.083786,0.995295,0.048664,-0.687580,0.053874,-0.004193,0.724095,0.001658,-0.002816,-0.001262,0.000744,0.015154,-0.001950,0.072254,0.996198,-0.048664,0.000000,0.000000,0.000000,-1,0.072174,1.009659,-0.049576,-0.020252,0.003064,-0.012638,76.996887,260.523712,-570.135559,0,0
1.080000,0.977263,-1.483654,0.895206,0.994181,-0.079998,-0.072147,-0.067914,0.054426,-0.996206,0.083621,0.995308,0.048676,-0.687582,0.053780,-0.004172,0.724100,-0.003677,-0.007126,-0.004357,0.001660,0.013469,-0.001525,0.072147,0.996206,-0.048676,0.000000,0.000000,0.000000,-1,0.072052,1.011581,-0.049316,-0.025591,-0.001181,-0.013646,75.942139,262.984802,-569.465210,0,0
1.120000,0.977397,-1.483925,0.895717,0.994226,-0.079636,-0.071929,-0.067731,0.054223,-0.996229,0.083236,0.995348,0.048516,-0.687657,0.053576,-0.004110,0.724045,-0.004749,-0.010293,-0.003272,-0.000717,0.014406,-0.000175,0.071929,0.996229,-0.048516,0.000000,0.000000,0.000000,-1,0.077118,1.010178,-0.050095,-0.027721,-0.002230,-0.012561,77.524277,261.754242,-569.968018,0,0
1.160000,0.978344,-1.483893,0.897019,0.994248,-0.079282,-0.072002,-0.067827,0.054154,-0.996226,0.082883,0.995380,0.048465,-0.687683,0.053480,-0.003956,0.724028,-0.004738,-0.006066,-0.004351,0.003621,0.012273,-0.000790,0.072002,0.996226,-0.048465,0.000000,0.000000,0.000000,-1,0.073364,1.011246,-0.045303,-0.026650,0.000938,-0.013646,78.227432,259.996338,-568.292114,0,0
1.200000,0.980415,-1.484031,0.899272,0.994263,-0.079109,-0.071988,-0.067841,0.053916,-0.996238,0.082693,0.995407,0.048240,-0.687769,0.053416,-0.003891,0.723951,-0.003671,-0.005007,-0.004363,0.005191,0.013680,0.001899,0.071988,0.996238,-0.048240,0.000000,0.000000,0.000000,-1,0.074280,1.008972,-0.047928,-0.025585,0.000937,-0.013654,77.875854,261.754242,-568.292114,0,0
1.240000,0.981363,-1.484143,0.900425,0.994282,-0.078912,-0.071941,-0.067816,0.053769,-0.996248,0.082484,0.995430,0.048110,-0.687823,0.053331,-0.003832,0.723906,-0.000469,-0.005025,-0.002221,0.000202,0.012984,0.001021,0.071941,0.996248,-0.048110,0.000000,0.000000,0.000000,-1,0.072540,1.010468,-0.048431,-0.023443,0.004124,-0.012618,78.403229,262.633209,-570.135559,0,0
1.280000,0.981731,-1.484317,0.900934,0.994302,-0.078780,-0.071814,-0.067707,0.053626,-0.996263,0.082337,0.995449,0.047986,-0.687875,0.053239,-0.003824,0.723864,-0.004725,-0.002916,-0.003261,0.002420,0.015105,0.000715,0.071814,0.996263,-0.047987,0.000000,0.000000,0.000000,-1,0.074997,1.012054,-0.047623,-0.024507,0.005174,-0.013679,78.227432,261.051086,-570.303162,0,0
1.320000,0.984287,-1.484445,0.903570,0.994306,-0.078709,-0.071831,-0.067749,0.053369,-0.996274,0.082249,0.995468,0.047733,-0.687969,0.053221,-0.003786,0.723776,-0.000461,-0.000798,-0.003301,0.002372,0.015018,0.001193,0.071831,0.996274,-0.047733,0.000000,0.000000,0.000000,-1,0.078613,1.009796,-0.046448,-0.022372,0.007291,-0.013703,77.875854,262.809021,-569.968018,0,0
1.360000,0.986215,-1.484456,0.905407,0.994293,-0.078801,-0.071913,-0.067837,0.053237,-0.996275,0.082336,0.995468,0.047588,-0.688017,0.053283,-0.003787,0.723726,-0.001511,0.004498,-0.003311,0.002092,0.014772,0.001399,0.071913,0.996275,-0.047588,0.000000,0.000000,0.000000,-1,0.073486,1.011932,-0.046936,-0.023414,0.014706,-0.013723,75.766357,261.402649,-570.638306,0,0
1.400000,0.987738,-1.484583,0.906505,0.994261,-0.079232,-0.071880,-0.067796,0.053085,-0.996286,0.082754,0.995442,0.047408,-0.688071,0.053421,-0.003951,0.723663,-0.000429,0.009762,-0.002237,0.001652,0.013556,0.001525,0.071880,0.996286,-0.047408,0.000000,0.000000,0.000000,-1,0.071899,1.010239,-0.047928,-0.022340,0.016834,-0.012674,76.293732,261.930054,-571.141113,0,0
1.440000,0.987118,-1.484654,0.905609,0.994246,-0.079509,-0.071791,-0.067693,0.053102,-0.996292,0.083027,0.995419,0.047414,-0.688064,0.053484,-0.004082,0.723664,0.000636,0.008712,-0.001177,-0.000243,0.013824,0.000966,0.071791,0.996292,-0.047414,0.000000,0.000000,0.000000,-1,0.070648,1.011780,-0.050110,-0.024476,0.014716,-0.012649,77.172684,261.402649,-569.297607,0,0
1.480000,0.984685,-1.484871,0.902907,0.994245,-0.079783,-0.071496,-0.067380,0.053151,-0.996311,0.083289,0.995394,0.047469,-0.688045,0.053471,-0.004285,0.723682,-0.003633,0.008674,-0.005406,-0.000711,0.015683,-0.008592,0.071496,0.996311,-0.047469,0.000000,0.000000,0.000000,-1,0.071503,1.011322,-0.047714,-0.023422,0.014676,-0.016919,75.414764,261.754242,-569.297607,0,0
1.520000,0.984931,-1.485249,0.902822,0.994239,-0.080129,-0.071194,-0.067080,0.052923,-0.996343,0.083604,0.995379,0.047243,-0.688127,0.053482,-0.004508,0.723603,0.001674,0.005476,-0.007566,0.002994,0.016932,0.001040,0.071194,0.996343,-0.047243,0.000000,0.000000,0.000000,-1,0.077026,1.012558,-0.048035,-0.023421,0.015725,-0.017988,76.996887,260.875305,-569.465210,0,0
1.560000,0.985604,-1.485248,0.903302,0.994221,-0.080322,-0.071227,-0.067106,0.052892,-0.996343,0.083796,0.995365,0.047196,-0.688138,0.053560,-0.004566,0.723586,-0.004705,0.011764,-0.009632,0.007631,0.015666,-0.001846,0.071227,0.996343,-0.047196,0.000000,0.000000,0.000000,-1,0.077942,1.008423,-0.045441,-0.026612,0.017835,-0.019036,76.117935,261.754242,-569.968018,0,0
1.600000,0.989858,-1.485196,0.907051,0.994162,-0.080827,-0.071470,-0.067344,0.052672,-0.996338,0.084295,0.995335,0.046921,-0.688217,0.053824,-0.004659,0.723491,0.000618,0.006527,-0.003258,0.003435,0.011489,-0.000122,0.071470,0.996338,-0.046921,0.000000,0.000000,0.000000,-1,0.071732,1.010574,-0.049484,-0.022348,0.012617,-0.010527,77.172684,261.402649,-568.962463,0,0
1.640000,0.989412,-1.485245,0.906432,0.994153,-0.081000,-0.071408,-0.067273,0.052683,-0.996343,0.084466,0.995321,0.046926,-0.688212,0.053862,-0.004743,0.723492,-0.000445,0.004438,-0.000046,-0.001508,0.014552,-0.002528,0.071408,0.996343,-0.046926,0.000000,0.000000,0.000000,-1,0.071518,1.010712,-0.048401,-0.019160,0.010498,-0.010544,75.766357,261.402649,-569.297607,0,0
1.680000,0.986575,-1.485215,0.903530,0.994156,-0.081060,-0.071300,-0.067144,0.052897,-0.996340,0.084535,0.995305,0.047145,-0.688134,0.053843,-0.004808,0.723567,0.002725,-0.002987,-0.001109,-0.000149,0.015730,-0.002461,0.071300,0.996340,-0.047145,0.000000,0.000000,0.000000,-1,0.072876,1.012787,-0.046921,-0.021315,0.002025,-0.010496,75.590561,260.875305,-568.794861,0,0
1.720000,0.986714,-1.485318,0.903842,0.994175,-0.080894,-0.071221,-0.067080,0.052812,-0.996349,0.084360,0.995323,0.047078,-0.688165,0.053756,-0.004773,0.723544,-0.000496,-0.009395,-0.002092,0.001060,0.017125,0.003728,0.071221,0.996349,-0.047078,0.000000,0.000000,0.000000,-1,0.073517,1.010544,-0.046616,-0.022392,-0.002211,-0.010471,76.645309,261.226868,-569.130005,0,0
1.760000,0.987016,-1.485414,0.904469,0.994206,-0.080574,-0.071155,-0.067037,0.052711,-0.996357,0.084031,0.995354,0.047004,-0.688203,0.053622,-0.004678,0.723519,-0.001552,-0.006217,-0.002095,0.002743,0.015163,-0.001565,0.071155,0.996357,-0.047004,0.000000,0.000000,0.000000,-1,0.074799,1.010300,-0.045715,-0.022380,0.002025,-0.010487,77.524277,261.051086,-571.308716,0,0
1.800000,0.988473,-1.485249,0.906224,0.994215,-0.080273,-0.071361,-0.067259,0.052695,-0.996343,0.083740,0.995379,0.046991,-0.688210,0.053593,-0.004497,0.723516,0.001644,-0.007257,0.000016,0.001301,0.014170,0.000391,0.071361,0.996343,-0.046991,0.000000,0.000000,0.000000,-1,0.071960,1.010086,-0.049057,-0.021319,-0.000083,-0.009422,76.996887,261.226868,-570.135559,0,0
1.840000,0.987576,-1.485154,0.905559,0.994232,-0.080037,-0.071397,-0.067298,0.052797,-0.996335,0.083513,0.995393,0.047107,-0.688173,0.053524,-0.004401,0.723556,0.001657,-0.003021,-0.000000,0.001967,0.016345,-0.001554,0.071397,0.996335,-0.047107,0.000000,0.000000,0.000000,-1,0.074219,1.009506,-0.047806,-0.021305,0.006252,-0.011577,76.996887,261.578461,-569.465210,0,0
1.880000,0.987330,-1.484976,0.905424,0.994231,-0.079918,-0.071534,-0.067431,0.052916,-0.996320,0.083410,0.995396,0.047222,-0.688130,0.053532,-0.004314,0.723597,-0.000478,-0.003052,-0.001010,0.002609,0.016147,-0.001530,0.071534,0.996320,-0.047222,0.000000,0.000000,0.000000,-1,0.074127,1.010483,-0.047485,-0.021314,0.004124,-0.012634,77.524277,262.105835,-570.973511,0,0
1.920000,0.987563,-1.484948,0.905719,0.994234,-0.079856,-0.071568,-0.067468,0.052913,-0.996317,0.083349,0.995401,0.047221,-0.688132,0.053523,-0.004280,0.723597,0.000587,-0.002003,-0.002087,0.003719,0.014959,-0.000234,0.071568,0.996317,-0.047221,0.000000,0.000000,0.000000,-1,0.076828,1.010468,-0.048004,-0.018105,0.007320,-0.010540,75.414764,261.051086,-570.638306,0,0
1.960000,0.987213,-1.484712,0.905359,0.994221,-0.079856,-0.071748,-0.067634,0.053083,-0.996297,0.083368,0.995392,0.047375,-0.688070,0.053588,-0.004222,0.723650,0.001671,0.002253,0.000021,0.003844,0.013270,-0.001376,0.071748,0.996297,-0.047375,0.000000,0.000000,0.000000,-1,0.074982,1.010193,-0.047729,-0.019160,0.010498,-0.010544,76.645309,261.578461,-570.805908,0,0
2.000000,0.987661,-1.484503,0.905590,0.994190,-0.080061,-0.071943,-0.067811,0.053196,-0.996279,0.083590,0.995369,0.047458,-0.688029,0.053730,-0.004232,0.723679,0.002751,0.006500,0.001063,0.005144,0.014051,-0.001278,0.071943,0.996279,-0.047458,0.000000,0.000000,0.000000,-1,0.074402,1.012512,-0.048553,-0.020211,0.015784,-0.011621,77.700058,262.281616,-568.794861,0,0
2.040000,0.988502,-1.484463,0.906052,0.994155,-0.080438,-0.072016,-0.067866,0.053189,-0.996276,0.083969,0.995339,0.047419,-0.688031,0.053887,-0.004343,0.723665,0.000619,0.009592,-0.003152,0.002798,0.015077,0.000651,0.072016,0.996276,-0.047419,0.000000,0.000000,0.000000,-1,0.071671,1.012009,-0.049805,-0.021275,0.017883,-0.013751,77.700058,260.875305,-569.130005,0,0
2.080000,0.986323,-1.484537,0.903594,0.994144,-0.080716,-0.071851,-0.067678,0.053310,-0.996282,0.084246,0.995311,0.047536,-0.687986,0.053923,-0.004504,0.723704,0.001683,0.007494,-0.001022,-0.003935,0.015452,-0.002590,0.071851,0.996282,-0.047536,0.000000,0.000000,0.000000,-1,0.071182,1.009705,-0.049042,-0.019150,0.013675,-0.010556,77.172684,261.754242,-569.632812,0,0
2.120000,0.983804,-1.484563,0.900829,0.994135,-0.080958,-0.071710,-0.067510,0.053481,-0.996284,0.084492,0.995282,0.047702,-0.687923,0.053955,-0.004645,0.723761,0.003809,0.005385,0.000034,0.000113,0.014351,-0.001629,0.071710,0.996284,-0.047702,0.000000,0.000000,0.000000,-1,0.072388,1.011017,-0.046463,-0.014904,0.009437,-0.010573,77.172684,261.402649,-570.638306,0,0
2.160000,0.983423,-1.484461,0.900241,0.994113,-0.081159,-0.071776,-0.067557,0.053584,-0.996275,0.084702,0.995260,0.047785,-0.687885,0.054048,-0.004698,0.723789,-0.000455,0.008514,-0.005271,0.005632,0.017061,-0.000432,0.071776,0.996275,-0.047785,0.000000,0.000000,0.000000,-1,0.082794,1.013672,-0.050339,-0.023413,0.016814,-0.014796,77.875854,261.051086,-570.303162,0,0
2.200000,0.985770,-1.484284,0.902302,0.994072,-0.081439,-0.072035,-0.067806,0.053554,-0.996260,0.084992,0.995239,0.047714,-0.687896,0.054240,-0.004709,0.723764,-0.000455,0.007428,-0.004159,0.006929,0.014253,-0.000015,0.072035,0.996260,-0.047714,0.000000,0.000000,0.000000,-1,0.074570,1.007080,-0.048462,-0.019157,0.011557,-0.010548,76.469513,261.051086,-569.632812,0,0
2.240000,0.986873,-1.484139,0.903195,0.994042,-0.081643,-0.072208,-0.067968,0.053583,-0.996248,0.085206,0.995220,0.047715,-0.687885,0.054373,-0.004724,0.723764,0.002748,0.004319,0.003286,-0.000141,0.011779,-0.003097,0.072208,0.996248,-0.047715,0.000000,0.000000,0.000000,-1,0.071426,1.010880,-0.049591,-0.014893,0.009477,-0.006312,77.524277,261.402649,-570.303162,0,0
2.280000,0.983203,-1.483819,0.899498,0.994035,-0.081651,-0.072298,-0.068019,0.054032,-0.996220,0.085249,0.995195,0.048156,-0.687722,0.054408,-0.004708,0.723917,0.006997,-0.000959,0.005402,0.000273,0.015407,-0.002610,0.072298,0.996220,-0.048156,0.000000,0.000000,0.000000,-1,0.071045,1.013168,-0.050980,-0.015981,0.002063,-0.006276,75.766357,260.699493,-570.638306,0,0
2.320000,0.981303,-1.483541,0.897818,0.994044,-0.081417,-0.072437,-0.068145,0.054319,-0.996196,0.085042,0.995199,0.048447,-0.687619,0.054377,-0.004583,0.724018,0.003773,-0.008401,0.002259,0.001782,0.015966,-0.000182,0.072437,0.996196,-0.048447,0.000000,0.000000,0.000000,-1,0.073502,1.012146,-0.047760,-0.019193,-0.003242,-0.007296,76.645309,260.875305,-569.800415,0,0
2.360000,0.980723,-1.483223,0.897704,0.994066,-0.080939,-0.072671,-0.068386,0.054524,-0.996168,0.084591,0.995227,0.048665,-0.687546,0.054296,-0.004334,0.724095,0.000587,-0.006313,0.002315,0.004157,0.013277,-0.002345,0.072671,0.996168,-0.048665,0.000000,0.000000,0.000000,-1,0.077988,1.009903,-0.049515,-0.019189,-0.000084,-0.009439,77.348480,261.578461,-569.465210,0,0
2.400000,0.981292,-1.482944,0.898477,0.994065,-0.080723,-0.072930,-0.068645,0.054644,-0.996144,0.084397,0.995238,0.048779,-0.687503,0.054316,-0.004170,0.724135,0.003778,-0.007373,0.002295,0.005408,0.012768,-0.001667,0.072930,0.996143,-0.048779,0.000000,0.000000,0.000000,-1,0.075043,1.012009,-0.048508,-0.018113,0.002054,-0.007324,76.469513,259.644745,-568.627258,0,0
2.440000,0.980712,-1.482734,0.898099,0.994071,-0.080513,-0.073076,-0.068788,0.054801,-0.996125,0.084206,0.995246,0.048937,-0.687447,0.054296,-0.004047,0.724191,0.003781,-0.007363,0.003361,0.002241,0.015990,-0.002393,0.073076,0.996125,-0.048937,0.000000,0.000000,0.000000,-1,0.079407,1.011017,-0.052338,-0.017051,0.002044,-0.008398,76.645309,261.578461,-569.130005,0,0
2.480000,0.980166,-1.482428,0.897698,0.994067,-0.080354,-0.073302,-0.069005,0.055018,-0.996098,0.084074,0.995247,0.049147,-0.687369,0.054323,-0.003918,0.724264,0.002730,-0.001027,0.001216,0.003892,0.015239,-0.001405,0.073302,0.996098,-0.049147,0.000000,0.000000,0.000000,-1,0.077667,1.010132,-0.049774,-0.021312,0.003084,-0.010500,77.875854,261.051086,-568.962463,0,0
2.520000,0.980612,-1.482247,0.898320,0.994070,-0.080171,-0.073474,-0.069180,0.055088,-0.996082,0.083904,0.995258,0.049215,-0.687344,0.054322,-0.003794,0.724288,0.000590,-0.005297,0.001292,0.003293,0.015911,-0.001155,0.073474,0.996082,-0.049215,0.000000,0.000000,0.000000,-1,0.077972,1.009262,-0.051788,-0.020238,0.004163,-0.008381,77.524277,261.754242,-570.973511,0,0
2.560000,0.980541,-1.482061,0.898361,0.994068,-0.080052,-0.073625,-0.069328,0.055200,-0.996065,0.083801,0.995261,0.049323,-0.687303,0.054335,-0.003701,0.724326,0.000594,-0.003188,0.000220,0.004790,0.014600,-0.003350,0.073625,0.996066,-0.049323,0.000000,0.000000,0.000000,-1,0.081009,1.008530,-0.053085,-0.018109,0.004162,-0.008398,77.700058,260.523712,-569.800415,0,0
2.600000,0.980376,-1.481434,0.898294,0.994040,-0.079925,-0.074135,-0.069812,0.055593,-0.996010,0.083727,0.995249,0.049682,-0.687162,0.054476,-0.003490,0.724451,0.005933,-0.001042,0.003369,0.006188,0.014259,-0.002670,0.074135,0.996010,-0.049683,0.000000,0.000000,0.000000,-1,0.081192,1.011505,-0.050751,-0.014896,0.009467,-0.007377,78.051651,260.523712,-570.135559,0,0
2.640000,0.980978,-1.480785,0.898691,0.993984,-0.080099,-0.074702,-0.070340,0.055969,-0.995952,0.083956,0.995214,0.049998,-0.687026,0.054743,-0.003367,0.724560,0.002756,0.006354,0.001237,0.005284,0.014989,-0.000448,0.074702,0.995952,-0.049998,0.000000,0.000000,0.000000,-1,0.075516,1.011826,-0.053879,-0.018074,0.015813,-0.008442,77.875854,260.347900,-569.297607,0,0
2.680000,0.979932,-1.480472,0.897306,0.993942,-0.080420,-0.074908,-0.070506,0.056260,-0.995924,0.084307,0.995172,0.050249,-0.686919,0.054929,-0.003421,0.724647,0.003823,0.006323,0.001269,0.002148,0.014162,-0.001844,0.074908,0.995924,-0.050249,0.000000,0.000000,0.000000,-1,0.071365,1.010635,-0.052765,-0.018092,0.011557,-0.010556,76.645309,259.820557,-568.459717,0,0
2.720000,0.975773,-1.480350,0.892948,0.993935,-0.080607,-0.074800,-0.070355,0.056643,-0.995912,0.084514,0.995135,0.050629,-0.686779,0.054953,-0.003536,0.724777,0.001677,0.001017,0.000239,0.001891,0.013380,-0.002945,0.074800,0.995912,-0.050629,0.000000,0.000000,0.000000,-1,0.075500,1.010132,-0.052231,-0.019172,0.007310,-0.011597,77.348480,261.930054,-569.800415,0,0
2.760000,0.974593,-1.480363,0.891780,0.993942,-0.080595,-0.074729,-0.070279,0.056717,-0.995914,0.084504,0.995132,0.050710,-0.686752,0.054923,-0.003558,0.724805,0.006985,-0.002181,-0.001921,-0.001258,0.017773,0.000569,0.074729,0.995914,-0.050710,0.000000,0.000000,0.000000,-1,0.079636,1.014145,-0.055145,-0.020236,0.009409,-0.013728,77.700058,260.875305,-570.470764,0,0
2.800000,0.975425,-1.480289,0.892295,0.993908,-0.080908,-0.074832,-0.070365,0.056727,-0.995907,0.084821,0.995106,0.050689,-0.686748,0.055068,-0.003636,0.724797,-0.004700,0.012581,-0.009341,0.010129,0.016117,-0.001908,0.074832,0.995907,-0.050689,0.000000,0.000000,0.000000,-1,0.083786,1.008301,-0.049194,-0.025539,0.018913,-0.016918,77.172684,259.644745,-570.638306,0,0
2.840000,0.979146,-1.480279,0.895453,0.993848,-0.081471,-0.075029,-0.070552,0.056511,-0.995906,0.085377,0.995072,0.050416,-0.686826,0.055335,-0.003767,0.724702,-0.001503,0.009420,-0.003990,0.000151,0.013707,-0.000610,0.075029,0.995906,-0.050416,0.000000,0.000000,0.000000,-1,0.073120,1.011124,-0.050888,-0.023402,0.017893,-0.012669,77.700058,262.281616,-570.135559,0,0
2.880000,0.978390,-1.480542,0.894403,0.993842,-0.081775,-0.074774,-0.070288,0.056421,-0.995930,0.085661,0.995053,0.050326,-0.686858,0.055347,-0.003963,0.724671,-0.001500,0.009430,-0.002925,-0.003820,0.018581,-0.001157,0.074774,0.995930,-0.050326,0.000000,0.000000,0.000000,-1,0.070343,1.012909,-0.051605,-0.022343,0.016824,-0.013739,77.700058,260.172119,-569.800415,0,0
2.920000,0.977234,-1.480850,0.892973,0.993842,-0.082060,-0.074461,-0.069968,0.056329,-0.995958,0.085923,0.995034,0.050241,-0.686890,0.055332,-0.004172,0.724640,-0.000445,0.007301,-0.003993,-0.001997,0.016539,0.000375,0.074461,0.995958,-0.050241,0.000000,0.000000,0.000000,-1,0.074051,1.011810,-0.048843,-0.022371,0.009390,-0.015842,77.172684,262.105835,-569.968018,0,0
2.960000,0.975991,-1.481144,0.891647,0.993857,-0.082155,-0.074156,-0.069666,0.056238,-0.995984,0.085995,0.995032,0.050169,-0.686922,0.055254,-0.004309,0.724614,0.000596,-0.001162,-0.002905,-0.001982,0.016010,-0.000413,0.074156,0.995984,-0.050169,0.000000,0.000000,0.000000,-1,0.078262,1.009354,-0.049271,-0.022379,0.003075,-0.011557,77.348480,261.226868,-570.470764,0,0
3.000000,0.976574,-1.481239,0.892378,0.993872,-0.082012,-0.074106,-0.069633,0.056128,-0.995992,0.085843,0.995050,0.050073,-0.686963,0.055187,-0.004271,0.724581,-0.000463,-0.000120,-0.000734,0.001882,0.015787,-0.001197,0.074106,0.995992,-0.050073,0.000000,0.000000,0.000000,-1,0.075562,1.011002,-0.049789,-0.024498,0.008351,-0.013691,76.996887,261.578461,-569.465210,0,0
3.040000,0.978125,-1.481444,0.893907,0.993876,-0.082046,-0.074015,-0.069560,0.055894,-0.996011,0.085855,0.995060,0.049844,-0.687048,0.055166,-0.004308,0.724502,-0.003657,0.000930,-0.001778,-0.000132,0.015388,0.001977,0.074015,0.996011,-0.049844,0.000000,0.000000,0.000000,-1,0.073059,1.009079,-0.048660,-0.023442,0.006223,-0.014756,77.348480,260.875305,-568.794861,0,0
3.080000,0.977445,-1.481746,0.893329,0.993905,-0.081958,-0.073732,-0.069293,0.055745,-0.996038,0.085743,0.995076,0.049726,-0.687101,0.055032,-0.004370,0.724461,-0.000484,-0.004386,-0.003915,-0.000474,0.014705,-0.002978,0.073732,0.996038,-0.049726,0.000000,0.000000,0.000000,-1,0.073334,1.011520,-0.051178,-0.022379,0.004124,-0.012626,76.821106,260.699493,-568.962463,0,0
3.120000,0.976458,-1.481844,0.892428,0.993921,-0.081875,-0.073602,-0.069167,0.055746,-0.996046,0.085654,0.995082,0.049744,-0.687101,0.054956,-0.004385,0.724467,-0.001543,-0.003317,-0.002846,0.000693,0.013796,-0.002410,0.073602,0.996046,-0.049744,0.000000,0.000000,0.000000,-1,0.075745,1.012497,-0.050949,-0.026636,0.006224,-0.014731,78.051651,260.523712,-569.800415,0,0
3.160000,0.976766,-1.482035,0.892793,0.993936,-0.081827,-0.073459,-0.069039,0.055602,-0.996063,0.085590,0.995094,0.049615,-0.687153,0.054888,-0.004413,0.724423,-0.000486,-0.003362,-0.003889,-0.000355,0.016663,0.001931,0.073459,0.996063,-0.049615,0.000000,0.000000,0.000000,-1,0.072342,1.012695,-0.052856,-0.024494,0.010460,-0.014764,76.645309,261.930054,-570.805908,0,0
3.200000,0.971825,-1.482358,0.887827,0.993970,-0.081862,-0.072948,-0.068513,0.055741,-0.996092,0.085608,0.995084,0.049796,-0.687101,0.054713,-0.004607,0.724484,0.000595,-0.000165,-0.001781,-0.003474,0.014574,-0.005319,0.072948,0.996092,-0.049796,0.000000,0.000000,0.000000,-1,0.071625,1.012619,-0.056259,-0.019173,0.006261,-0.010528,76.996887,260.523712,-570.135559,0,0
3.240000,0.967376,-1.482326,0.883397,0.993987,-0.081837,-0.072752,-0.068290,0.056064,-0.996089,0.085595,0.995068,0.050138,-0.686983,0.054632,-0.004674,0.724601,0.001678,0.001992,0.002463,-0.005674,0.017796,-0.007540,0.072752,0.996089,-0.050138,0.000000,0.000000,0.000000,-1,0.070404,1.012268,-0.057648,-0.018104,0.008369,-0.011610,76.996887,261.578461,-569.130005,0,0
3.280000,0.962196,-1.482295,0.878176,0.994001,-0.081871,-0.072516,-0.068019,0.056439,-0.996086,0.085643,0.995044,0.050532,-0.686846,0.054557,-0.004778,0.724737,0.003800,0.004051,-0.003955,-0.003638,0.017372,-0.008001,0.072516,0.996086,-0.050532,0.000000,0.000000,0.000000,-1,0.072983,1.010590,-0.062073,-0.019145,0.018931,-0.014837,76.996887,260.875305,-570.470764,0,0
3.320000,0.953224,-1.482063,0.868907,0.993998,-0.082146,-0.072248,-0.067670,0.057217,-0.996066,0.085957,0.994977,0.051314,-0.686562,0.054553,-0.004992,0.725005,0.002724,0.002950,-0.004982,0.000353,0.014203,-0.010804,0.072248,0.996066,-0.051314,0.000000,0.000000,0.000000,-1,0.070007,1.014511,-0.057571,-0.024539,-0.005418,-0.013639,78.051651,261.226868,-570.135559,0,0
3.360000,0.947188,-1.482437,0.863633,0.994104,-0.081400,-0.071634,-0.067084,0.057330,-0.996099,0.085189,0.995031,0.051532,-0.686521,0.054071,-0.004936,0.725080,-0.020779,-0.022483,-0.006837,-0.003321,0.016856,-0.008679,0.071634,0.996099,-0.051532,0.000000,0.000000,0.000000,-1,0.070007,1.014694,-0.057434,-0.046954,-0.019230,-0.018740,77.875854,263.160583,-569.297607,0,0
3.400000,0.947984,-1.483110,0.865403,0.994216,-0.080464,-0.071131,-0.066675,0.056777,-0.996158,0.084193,0.995139,0.051084,-0.686723,0.053566,-0.004755,0.724927,-0.026157,-0.038399,-0.009933,-0.003062,0.018338,-0.005557,0.071131,0.996158,-0.051084,0.000000,0.000000,0.000000,-1,0.063828,1.018127,-0.062607,-0.056596,-0.033066,-0.026070,75.942139,261.578461,-570.135559,0,0
3.440000,0.946188,-1.485064,0.866053,0.994521,-0.078119,-0.069460,-0.065229,0.055473,-0.996327,0.081685,0.995399,0.050073,-0.687200,0.052149,-0.004447,0.724580,-0.032559,-0.037417,-0.018413,-0.005374,0.018504,-0.011786,0.069460,0.996327,-0.050073,0.000000,0.000000,0.000000,-1,0.057999,1.007416,-0.058182,-0.049149,-0.034136,-0.027189,76.821106,262.457397,-569.632812,0,0
3.480000,0.939367,-1.485954,0.860723,0.994707,-0.076671,-0.068401,-0.064260,0.055241,-0.996403,0.080173,0.995525,0.050022,-0.687285,0.051263,-0.004282,0.724564,-0.019825,-0.055378,-0.009900,-0.002803,0.010280,-0.007610,0.068401,0.996403,-0.050022,0.000000,0.000000,0.000000,-1,0.074448,1.006149,-0.060608,-0.043889,-0.065794,-0.014328,75.238968,261.226868,-569.800415,0,0
3.520000,0.943768,-1.485853,0.867948,0.994899,-0.073861,-0.068702,-0.064734,0.054841,-0.996395,0.077362,0.995760,0.049780,-0.687437,0.050403,-0.003149,0.724486,-0.032614,-0.070094,0.001976,0.016167,0.010548,-0.006891,0.068702,0.996395,-0.049780,0.000000,0.000000,0.000000,-1,0.081085,1.005508,-0.054276,-0.054499,-0.060416,-0.005743,76.821106,260.699493,-570.973511,0,0
3.560000,0.956999,-1.485931,0.884342,0.995086,-0.070729,-0.069292,-0.065565,0.053723,-0.996401,0.074197,0.996048,0.048822,-0.687848,0.049536,-0.001783,0.724160,-0.030406,-0.044675,0.001867,0.002013,0.020200,-0.009116,0.069292,0.996401,-0.048822,0.000000,0.000000,0.000000,-1,0.070450,1.017822,-0.057465,-0.054423,-0.029761,-0.012250,77.700058,260.523712,-571.476257,0,0
3.600000,0.962117,-1.486319,0.890641,0.995172,-0.069575,-0.069223,-0.065601,0.053066,-0.996434,0.073001,0.996164,0.048245,-0.688088,0.049113,-0.001373,0.723962,-0.038915,-0.038367,-0.003417,0.004706,0.020351,-0.010547,0.069223,0.996434,-0.048245,0.000000,0.000000,0.000000,-1,0.079727,1.007767,-0.061752,-0.065103,-0.037211,-0.016401,77.524277,261.051086,-569.297607,0,0
3.640000,0.970001,-1.486444,0.899895,0.995246,-0.068226,-0.069499,-0.065992,0.052379,-0.996444,0.071623,0.996294,0.047628,-0.688338,0.048747,-0.000772,0.723749,-0.047482,-0.046905,-0.008621,0.016530,0.008057,-0.012995,0.069499,0.996444,-0.047628,0.000000,0.000000,0.000000,-1,0.091553,1.006561,-0.064529,-0.073633,-0.040396,-0.017388,77.700058,260.523712,-570.135559,0,0
3.680000,0.984688,-1.486128,0.916560,0.995312,-0.066260,-0.070453,-0.067106,0.051464,-0.996418,0.069648,0.996474,0.046776,-0.688671,0.048414,0.000292,0.723456,-0.054908,-0.045775,-0.001103,0.016720,0.012265,-0.017051,0.070453,0.996418,-0.046776,0.000000,0.000000,0.000000,-1,0.078308,1.013062,-0.061401,-0.075713,-0.030785,-0.008885,77.875854,259.996338,-570.303162,0,0
3.720000,0.997256,-1.486639,0.931102,0.995428,-0.064331,-0.070607,-0.067438,0.050178,-0.996461,0.067646,0.996666,0.045610,-0.689137,0.047802,0.001074,0.723052,-0.043163,-0.029970,-0.009775,-0.001210,0.015883,-0.015913,0.070607,0.996461,-0.045610,0.000000,0.000000,0.000000,-1,0.072357,1.008606,-0.063385,-0.059757,-0.024562,-0.022882,76.821106,260.347900,-569.632812,0,0
3.760000,0.996021,-1.487072,0.931329,0.995549,-0.062892,-0.070189,-0.067103,0.049906,-0.996497,0.066175,0.996772,0.045463,-0.689235,0.047152,0.001456,0.723000,-0.028283,-0.037427,-0.014122,0.007188,0.006555,-0.019402,0.070189,0.996497,-0.045463,0.000000,0.000000,0.000000,-1,0.080185,1.001175,-0.069611,-0.051288,-0.041501,-0.021818,77.524277,263.160583,-569.968018,0,0
3.800000,0.996194,-1.486640,0.934288,0.995695,-0.060101,-0.070559,-0.067597,0.049963,-0.996461,0.063414,0.996941,0.045685,-0.689211,0.046320,0.002592,0.723074,-0.043258,-0.069103,-0.001077,0.011686,0.011779,-0.022277,0.070559,0.996461,-0.045685,0.000000,0.000000,0.000000,-1,0.080780,1.014816,-0.068817,-0.071556,-0.064678,-0.008791,78.403229,262.281616,-570.470764,0,0
3.840000,1.003120,-1.486439,0.943495,0.995796,-0.057829,-0.071042,-0.068216,0.049456,-0.996444,0.061137,0.997101,0.045303,-0.689390,0.045709,0.003592,0.722937,-0.057089,-0.074316,0.007575,0.010516,0.019730,-0.021698,0.071042,0.996444,-0.045303,0.000000,0.000000,0.000000,-1,0.084061,1.011108,-0.074692,-0.077954,-0.074140,-0.001248,77.524277,261.402649,-570.973511,0,0
3.880000,1.005743,-1.485495,0.948604,0.995873,-0.055319,-0.071954,-0.069232,0.049655,-0.996364,0.058690,0.997233,0.045620,-0.689311,0.045172,0.004811,0.723040,-0.050711,-0.082772,0.009692,0.013022,0.012257,-0.029972,0.071954,0.996364,-0.045620,0.000000,0.000000,0.000000,-1,0.092484,1.002777,-0.076477,-0.061960,-0.069868,0.002873,75.766357,261.051086,-571.308716,0,0
3.920000,1.009523,-1.482721,0.956492,0.995913,-0.051115,-0.074466,-0.071880,0.050700,-0.996124,0.054692,0.997405,0.046819,-0.688911,0.044634,0.007176,0.723435,-0.000473,-0.039172,0.029390,0.016995,0.010346,-0.023280,0.074466,0.996124,-0.046819,0.000000,0.000000,0.000000,-1,0.090866,1.005157,-0.067093,-0.010641,-0.019875,0.026790,77.524277,261.051086,-570.303162,0,0
3.960000,1.007593,-1.480311,0.955058,0.995797,-0.050513,-0.076406,-0.073767,0.052190,-0.995909,0.054294,0.997359,0.048244,-0.688361,0.045136,0.008031,0.723918,0.034855,0.005531,0.056672,0.013331,0.015566,-0.013920,0.076406,0.995909,-0.048244,0.000000,0.000000,0.000000,-1,0.089111,1.012711,-0.058548,0.041863,0.053607,0.070851,76.645309,261.226868,-572.146606,0,0
4.000000,1.005218,-1.476835,0.951452,0.995522,-0.051577,-0.079213,-0.076397,0.054465,-0.995589,0.055664,0.997183,0.050280,-0.687528,0.046534,0.008563,0.724615,0.085176,0.063096,0.097616,0.004665,0.017000,-0.001065,0.079213,0.995589,-0.050280,0.000000,0.000000,0.000000,-1,0.056595,1.006149,-0.045670,0.126241,0.103789,0.115817,77.700058,261.578461,-569.800415,0,0
4.040000,0.977914,-1.470141,0.919969,0.994982,-0.055370,-0.083336,-0.079944,0.060878,-0.994939,0.060163,0.996608,0.056146,-0.685193,0.049371,0.008455,0.726637,0.248431,0.135579,0.150402,-0.034569,0.001735,0.008890,0.083336,0.994939,-0.056146,0.000000,0.000000,0.000000,-1,0.057571,0.964905,-0.055618,0.365199,0.224816,0.150797,77.875854,260.347900,-570.973511,0,0
4.080000,0.865946,-1.449879,0.795024,0.993516,-0.066968,-0.091880,-0.086110,0.084469,-0.992698,0.074240,0.994173,0.078154,-0.676552,0.056566,0.006518,0.734190,0.696344,0.321437,0.213342,0.013650,-0.067024,-0.001909,0.091880,0.992698,-0.078154,0.000000,0.000000,0.000000,-1,0.166687,0.952774,-0.129349,0.912008,0.314879,0.279384,78.051651,260.523712,-572.146606,0,0
4.120000,0.743826,-1.414953,0.661043,0.991538,-0.076211,-0.105096,-0.095292,0.122518,-0.987881,0.088164,0.989536,0.114219,-0.662344,0.064733,0.006391,0.746370,1.052894,0.123959,0.399905,0.072150,-0.001782,-0.022973,0.105096,0.987881,-0.114219,0.000000,0.000000,0.000000,-1,0.227325,1.055298,-0.113510,0.900851,-0.023191,0.487410,78.227432,259.644745,-571.308716,0,0
4.160000,0.699183,-1.384213,0.616089,0.990095,-0.073882,-0.119388,-0.107192,0.151397,-0.982644,0.090675,0.985708,0.141978,-0.651291,0.069506,0.011022,0.755558,0.800295,-0.064401,0.528278,0.145123,0.078529,0.031428,0.119388,0.982644,-0.141978,0.000000,0.000000,0.000000,-1,0.344101,1.052750,-0.138885,0.600638,-0.109891,0.612576,80.161148,259.468933,-572.481812,0,0
4.200000,0.714189,-1.342110,0.634773,0.986736,-0.065601,-0.148489,-0.134431,0.182539,-0.973965,0.090998,0.981008,0.171299,-0.638925,0.078269,0.022495,0.764947,0.487694,0.050379,0.564362,0.160410,0.105869,0.020923,0.148489,0.973965,-0.171299,0.000000,0.000000,0.000000,-1,0.202438,1.053955,-0.136719,0.431661,0.129059,0.448931,79.809570,256.304688,-574.492859,0,0
4.240000,0.723212,-1.325517,0.638027,0.984576,-0.069171,-0.160702,-0.144631,0.195057,-0.970070,0.098446,0.978350,0.182044,-0.633931,0.084316,0.024552,0.768387,0.310998,0.315577,0.261121,0.041736,0.083886,0.045325,0.160702,0.970069,-0.182044,0.000000,0.000000,0.000000,-1,0.130020,1.023499,-0.134750,0.110392,0.483123,0.131564,80.512741,255.249939,-574.492859,0,0
4.280000,0.758487,-1.317320,0.646380,0.980485,-0.094327,-0.172486,-0.151040,0.200183,-0.968046,0.125842,0.975207,0.182029,-0.632114,0.097042,0.018448,0.768553,-0.036335,0.405927,0.060000,-0.020265,-0.011397,0.009879,0.172486,0.968046,-0.182029,0.000000,0.000000,0.000000,-1,0.170868,0.935730,-0.183609,-0.056277,0.362703,0.049147,80.512741,257.007874,-573.487305,0,0
