0.000000,1.661981,0.590707,-0.643588,0.259978,0.498320,-0.827097,0.498386,0.664394,0.556949,0.827057,-0.557008,-0.075628,0.409638,0.608285,-0.000024,0.679843,-0.004345,-0.017980,-0.007376,-0.004358,0.005832,-0.002386,0.827097,-0.556949,0.075628,0.000000,0.000000,0.000000,-1,0.819427,-0.550827,0.073441,-0.028834,-0.011831,-0.019973,79.985352,211.126160,-533.768921,0,0
0.040000,1.661217,0.590462,-0.643357,0.260373,0.497793,-0.827290,0.498314,0.664619,0.556745,0.826976,-0.557211,-0.075008,0.409501,0.608123,-0.000192,0.680070,-0.003294,-0.021169,-0.008438,-0.009281,0.006452,-0.003048,0.827290,-0.556745,0.075008,0.000000,0.000000,0.000000,-1,0.819183,-0.553604,0.072784,-0.022452,-0.013950,-0.020015,79.106400,210.247192,-535.612366,0,0
0.080000,1.660349,0.590314,-0.643328,0.261002,0.497218,-0.827437,0.498345,0.664699,0.556622,0.826759,-0.557628,-0.074298,0.409451,0.607864,-0.000414,0.680331,0.007333,-0.026473,-0.008497,-0.008025,0.004772,-0.003085,0.827437,-0.556622,0.074298,0.000000,0.000000,0.000000,-1,0.827621,-0.553802,0.071838,-0.016067,-0.016060,-0.018991,79.457977,208.840866,-535.612366,0,0
0.120000,1.659293,0.589791,-0.643700,0.261800,0.496185,-0.827805,0.498766,0.664747,0.556187,0.826252,-0.558491,-0.073450,0.409421,0.607535,-0.000948,0.680642,0.010545,-0.022212,-0.005349,-0.005173,0.005986,-0.000482,0.827805,-0.556187,0.073450,0.000000,0.000000,0.000000,-1,0.820969,-0.554306,0.071976,-0.010732,-0.014973,-0.015840,79.282196,211.126160,-534.774414,0,0
0.160000,1.658550,0.589700,-0.644314,0.262673,0.495549,-0.827909,0.499205,0.664480,0.556112,0.825710,-0.559372,-0.072839,0.409583,0.607175,-0.001342,0.680866,0.021192,-0.024301,-0.001160,-0.004515,0.003149,-0.005182,0.827909,-0.556112,0.072839,0.000000,0.000000,0.000000,-1,0.821655,-0.550110,0.066483,-0.000075,-0.015986,-0.010593,78.754807,209.192444,-534.606812,0,0
0.200000,1.657721,0.589445,-0.645170,0.263654,0.494690,-0.828111,0.499859,0.664166,0.555899,0.825002,-0.560504,-0.072165,0.409772,0.606769,-0.001897,0.681112,0.022248,-0.026411,0.000963,-0.004549,0.009299,-0.004736,0.828111,-0.555899,0.072165,0.000000,0.000000,0.000000,-1,0.821915,-0.547272,0.067612,-0.003275,-0.018103,-0.010560,79.809570,209.544037,-534.271667,0,0
0.240000,1.656725,0.589127,-0.646215,0.264834,0.493645,-0.828358,0.500659,0.663785,0.555636,0.824138,-0.561876,-0.071355,0.410001,0.606281,-0.002573,0.681407,0.019060,-0.023233,0.002029,-0.004109,0.006289,-0.003316,0.828358,-0.555636,0.071355,0.000000,0.000000,0.000000,-1,0.823120,-0.548279,0.060989,-0.002204,-0.015985,-0.010576,79.457977,208.840866,-535.947510,0,0
0.280000,1.656104,0.589015,-0.646736,0.265546,0.493084,-0.828465,0.501042,0.663573,0.555542,0.823676,-0.562618,-0.070846,0.410128,0.605985,-0.002919,0.681592,0.016917,-0.026416,0.002052,-0.006077,0.005371,-0.002182,0.828465,-0.555542,0.070846,0.000000,0.000000,0.000000,-1,0.824570,-0.551620,0.069061,-0.005396,-0.015974,-0.009486,78.227432,211.126160,-535.444763,0,0
0.320000,1.655522,0.588988,-0.647185,0.266233,0.492619,-0.828521,0.501349,0.663361,0.555520,0.823267,-0.563276,-0.070365,0.410255,0.605701,-0.003201,0.681768,0.015873,-0.016902,0.000957,-0.004760,0.003502,-0.004066,0.828521,-0.555520,0.070365,0.000000,0.000000,0.000000,-1,0.823746,-0.547668,0.067993,-0.008549,-0.004303,-0.007375,79.106400,210.598785,-535.947510,0,0
0.360000,1.655199,0.589058,-0.647984,0.266928,0.492270,-0.828504,0.501855,0.662928,0.555578,0.822734,-0.564089,-0.070094,0.410516,0.605412,-0.003514,0.681865,0.012699,-0.012629,0.005224,-0.007231,0.003927,-0.004466,0.828504,-0.555578,0.070094,0.000000,0.000000,0.000000,-1,0.819519,-0.552597,0.067108,-0.010667,-0.002165,-0.005236,79.457977,210.247192,-536.617920,0,0
0.400000,1.655107,0.589334,-0.648379,0.267336,0.492295,-0.828358,0.502024,0.662608,0.555808,0.822498,-0.564443,-0.070005,0.410711,0.605243,-0.003567,0.681898,0.012724,-0.005200,0.007330,-0.008152,0.001395,-0.005476,0.828358,-0.555808,0.070005,0.000000,0.000000,0.000000,-1,0.820465,-0.555313,0.068542,-0.010661,-0.000047,-0.005244,78.930603,211.126160,-534.439270,0,0
0.440000,1.655012,0.589785,-0.648951,0.267921,0.492386,-0.828115,0.502252,0.662121,0.556182,0.822169,-0.564936,-0.069905,0.411007,0.605001,-0.003617,0.681934,0.015937,-0.005205,0.004122,-0.006979,-0.000062,-0.004354,0.828115,-0.556182,0.069906,0.000000,0.000000,0.000000,-1,0.822433,-0.553085,0.067581,-0.009585,0.005229,-0.007403,79.457977,210.247192,-535.612366,0,0
0.480000,1.654994,0.590165,-0.649585,0.268439,0.492456,-0.827906,0.502544,0.661634,0.556498,0.821821,-0.565445,-0.069873,0.411302,0.604787,-0.003698,0.681946,0.012767,0.002231,0.007318,-0.009150,0.005885,-0.005908,0.827906,-0.556498,0.069873,0.000000,0.000000,0.000000,-1,0.822235,-0.554214,0.066650,-0.011678,0.014791,-0.004226,79.282196,209.368240,-535.779968,0,0
0.520000,1.655595,0.590619,-0.650104,0.268427,0.492956,-0.827612,0.502734,0.661172,0.556875,0.821709,-0.565549,-0.070349,0.411584,0.604792,-0.003586,0.681772,0.010679,0.013909,0.010489,-0.007284,0.001409,-0.006155,0.827612,-0.556875,0.070349,0.000000,0.000000,0.000000,-1,0.819931,-0.555252,0.068237,-0.015901,0.023305,0.000036,79.457977,210.598785,-535.277222,0,0
0.560000,1.656459,0.591100,-0.650498,0.268153,0.493655,-0.827284,0.502833,0.660761,0.557275,0.821738,-0.565420,-0.071041,0.411835,0.604907,-0.003366,0.681519,0.006407,0.010717,0.008405,-0.008772,0.003518,0.004429,0.827284,-0.557275,0.071041,0.000000,0.000000,0.000000,-1,0.819839,-0.558685,0.075272,-0.012733,0.019018,-0.005299,80.336945,208.313492,-534.774414,0,0
0.600000,1.657652,0.591692,-0.651133,0.267783,0.494549,-0.826870,0.503052,0.660179,0.557766,0.821724,-0.565319,-0.071999,0.412190,0.605061,-0.003121,0.681168,0.001177,0.017135,0.008505,-0.004085,0.003048,-0.000558,0.826870,-0.557766,0.071999,0.000000,0.000000,0.000000,-1,0.821640,-0.552963,0.076477,-0.022272,0.030701,-0.002073,79.106400,209.544037,-534.271667,0,0
0.640000,1.658573,0.591913,-0.651265,0.267202,0.495180,-0.826680,0.503064,0.660014,0.557949,0.821906,-0.564958,-0.072750,0.412292,0.605302,-0.002895,0.680894,0.000140,0.026660,0.007412,-0.005345,0.003048,0.001286,0.826680,-0.557949,0.072750,0.000000,0.000000,0.000000,-1,0.819504,-0.553055,0.075821,-0.022268,0.033859,-0.004216,79.282196,207.961899,-534.774414,0,0
0.680000,1.659506,0.592228,-0.651393,0.266657,0.495880,-0.826437,0.503042,0.659810,0.558211,0.822096,-0.564583,-0.073506,0.412418,0.605528,-0.002631,0.680618,0.001202,0.024554,0.008478,-0.007314,0.003447,0.001186,0.826436,-0.558211,0.073506,0.000000,0.000000,0.000000,-1,0.819427,-0.553009,0.077438,-0.024407,0.029632,-0.003118,79.282196,209.719818,-534.104065,0,0
0.720000,1.660982,0.592757,-0.651415,0.265719,0.497054,-0.826033,0.502877,0.659564,0.558650,0.822501,-0.563837,-0.074699,0.412569,0.605917,-0.002140,0.680181,-0.004138,0.021351,0.005338,-0.009260,0.003444,-0.000144,0.826033,-0.558650,0.074699,0.000000,0.000000,0.000000,-1,0.817627,-0.554672,0.076401,-0.028662,0.032791,-0.005227,79.985352,209.368240,-534.439270,0,0
0.760000,1.661539,0.592871,-0.651390,0.265305,0.497449,-0.825928,0.502823,0.659526,0.558744,0.822668,-0.563533,-0.075153,0.412593,0.606089,-0.001975,0.680014,-0.002961,0.026752,0.005431,-0.005539,0.006116,0.002102,0.825928,-0.558744,0.075153,0.000000,0.000000,0.000000,-1,0.819992,-0.555664,0.073578,-0.025467,0.034889,-0.007391,77.875854,209.719818,-535.779968,0,0
0.800000,1.662473,0.593132,-0.651243,0.264594,0.498186,-0.825712,0.502637,0.659484,0.558960,0.823011,-0.562931,-0.075912,0.412620,0.606383,-0.001637,0.679736,-0.006163,0.023585,0.006533,-0.007658,0.002121,-0.001937,0.825712,-0.558960,0.075912,0.000000,0.000000,0.000000,-1,0.815308,-0.553986,0.077255,-0.028674,0.029604,-0.006281,79.106400,208.840866,-534.942017,0,0
0.840000,1.663770,0.593679,-0.651057,0.263707,0.499325,-0.825308,0.502329,0.659334,0.559415,0.823483,-0.562098,-0.076954,0.412713,0.606750,-0.001105,0.679354,-0.002982,0.020389,0.004394,-0.007788,0.003079,-0.000492,0.825308,-0.559415,0.076954,0.000000,0.000000,0.000000,-1,0.815887,-0.558716,0.074814,-0.027615,0.028535,-0.007350,80.161148,208.489273,-535.277222,0,0
0.880000,1.664250,0.593879,-0.650932,0.263350,0.499758,-0.825160,0.502179,0.659308,0.559580,0.823689,-0.561743,-0.077339,0.412729,0.606897,-0.000891,0.679213,-0.002998,0.016143,0.003346,-0.005091,0.004130,0.000999,0.825160,-0.559580,0.077339,0.000000,0.000000,0.000000,-1,0.820312,-0.556244,0.078979,-0.027633,0.024278,-0.009465,78.930603,209.368240,-534.439270,0,0
0.920000,1.664750,0.593921,-0.650657,0.262822,0.500139,-0.825097,0.501983,0.659427,0.559615,0.823977,-0.561264,-0.077749,0.412657,0.607115,-0.000679,0.679062,-0.007196,0.017320,0.000307,-0.007760,0.005019,-0.002173,0.825098,-0.559615,0.077749,0.000000,0.000000,0.000000,-1,0.816452,-0.554794,0.075485,-0.031904,0.022142,-0.011554,80.512741,209.192444,-534.942017,0,0
0.960000,1.665210,0.594030,-0.650152,0.262244,0.500601,-0.825001,0.501613,0.659632,0.559705,0.824386,-0.560611,-0.078123,0.412534,0.607353,-0.000373,0.678924,-0.009333,0.016250,-0.000736,-0.007710,0.005201,-0.001738,0.825001,-0.559705,0.078123,0.000000,0.000000,0.000000,-1,0.815842,-0.554474,0.078110,-0.032962,0.024260,-0.011554,78.227432,210.071411,-534.774414,0,0
1.000000,1.665517,0.594027,-0.649891,0.261858,0.500840,-0.824979,0.501442,0.659764,0.559703,0.824613,-0.560242,-0.078377,0.412453,0.607512,-0.000222,0.678831,-0.007212,0.014122,-0.001810,-0.006528,0.005152,-0.000115,0.824979,-0.559703,0.078377,0.000000,0.000000,0.000000,-1,0.817505,-0.556366,0.076599,-0.031913,0.021063,-0.013681,79.633774,210.071411,-536.115112,0,0
1.040000,1.665749,0.594059,-0.649619,0.261547,0.501061,-0.824943,0.501252,0.659886,0.559729,0.824827,-0.559899,-0.078567,0.412379,0.607640,-0.000070,0.678761,-0.006154,0.012004,-0.001809,-0.006156,0.002112,0.000184,0.824943,-0.559729,0.078567,0.000000,0.000000,0.000000,-1,0.816727,-0.555786,0.081024,-0.027660,0.018943,-0.013706,77.875854,210.071411,-534.774414,0,0
1.080000,1.666161,0.594143,-0.649313,0.261096,0.501427,-0.824863,0.501022,0.660002,0.559799,0.825110,-0.559435,-0.078902,0.412309,0.607826,0.000149,0.678637,-0.002943,0.007939,-0.001698,-0.008778,0.002121,-0.002303,0.824863,-0.559799,0.078902,0.000000,0.000000,0.000000,-1,0.816132,-0.555313,0.075943,-0.024481,0.014696,-0.014780,79.282196,209.368240,-535.444763,0,0
1.120000,1.666194,0.594135,-0.649227,0.261022,0.501463,-0.824865,0.500968,0.660049,0.559792,0.825166,-0.559349,-0.078929,0.412281,0.607856,0.000182,0.678627,-0.001883,0.006879,-0.001702,-0.008200,0.004800,-0.002452,0.824865,-0.559792,0.078930,0.000000,0.000000,0.000000,-1,0.817551,-0.557816,0.075409,-0.022356,0.012587,-0.013723,78.754807,211.301956,-534.271667,0,0
1.160000,1.666298,0.594254,-0.649235,0.260998,0.501598,-0.824791,0.500932,0.659992,0.559891,0.825195,-0.559295,-0.079010,0.412315,0.607866,0.000245,0.678598,0.003436,0.003719,0.000401,-0.006904,0.001633,0.000153,0.824791,-0.559891,0.079010,0.000000,0.000000,0.000000,-1,0.815735,-0.558411,0.078995,-0.020227,0.011537,-0.012670,79.457977,209.544037,-533.601318,0,0
1.200000,1.666593,0.594526,-0.649619,0.261083,0.501841,-0.824616,0.501094,0.659678,0.560116,0.825070,-0.559447,-0.079238,0.412506,0.607831,0.000275,0.678514,0.005550,-0.000527,-0.000659,-0.007615,0.001186,-0.002349,0.824616,-0.560116,0.079238,0.000000,0.000000,0.000000,-1,0.816284,-0.556641,0.077362,-0.018102,0.008379,-0.010544,79.809570,210.247192,-535.277222,0,0
1.240000,1.666654,0.594557,-0.649796,0.261138,0.501849,-0.824594,0.501200,0.659576,0.560142,0.824988,-0.559560,-0.079287,0.412568,0.607808,0.000239,0.678496,0.004495,0.002812,0.000488,-0.006509,0.004859,-0.001375,0.824594,-0.560142,0.079287,0.000000,0.000000,0.000000,-1,0.817673,-0.556061,0.078125,-0.019161,0.012586,-0.013748,79.106400,208.489273,-535.612366,0,0
1.280000,1.666692,0.594564,-0.649825,0.261124,0.501867,-0.824587,0.501216,0.659558,0.560147,0.824982,-0.559565,-0.079317,0.412578,0.607814,0.000240,0.678485,0.000232,0.002801,-0.000543,-0.007204,0.002774,-0.004076,0.824587,-0.560147,0.079317,0.000000,0.000000,0.000000,-1,0.815323,-0.554001,0.081467,-0.025554,0.009430,-0.011556,77.524277,209.719818,-535.779968,0,0
1.320000,1.666907,0.594615,-0.650001,0.261060,0.501975,-0.824542,0.501315,0.659447,0.560189,0.824943,-0.559599,-0.079492,0.412645,0.607840,0.000243,0.678420,0.006600,-0.002514,-0.002702,-0.009280,0.002435,0.001029,0.824542,-0.560189,0.079492,0.000000,0.000000,0.000000,-1,0.815262,-0.557755,0.080521,-0.013862,0.006210,-0.015896,78.227432,209.719818,-535.779968,0,0
1.360000,1.667058,0.594808,-0.650304,0.261185,0.502107,-0.824422,0.501450,0.659209,0.560350,0.824821,-0.559761,-0.079606,0.412790,0.607789,0.000242,0.678378,0.006603,-0.001455,-0.002702,-0.007908,-0.001082,0.000136,0.824422,-0.560350,0.079606,0.000000,0.000000,0.000000,-1,0.816650,-0.556549,0.080643,-0.019175,0.007301,-0.012663,79.106400,209.895615,-534.271667,0,0
1.400000,1.667426,0.595009,-0.650730,0.261195,0.502334,-0.824280,0.501662,0.658906,0.560516,0.824689,-0.559914,-0.079899,0.412973,0.607785,0.000248,0.678270,0.011935,0.001828,0.002638,-0.007599,0.002731,0.001995,0.824280,-0.560516,0.079899,0.000000,0.000000,0.000000,-1,0.817459,-0.556366,0.080383,-0.009578,0.009446,-0.009549,79.282196,209.368240,-535.444763,0,0
1.440000,1.668014,0.595140,-0.651544,0.261185,0.502536,-0.824160,0.502154,0.658439,0.560624,0.824393,-0.560282,-0.080377,0.413256,0.607789,0.000141,0.678094,0.010864,-0.000289,0.002655,-0.007144,0.004594,-0.000543,0.824160,-0.560624,0.080376,0.000000,0.000000,0.000000,-1,0.817230,-0.557480,0.078339,-0.015958,0.010526,-0.007373,79.106400,210.247192,-534.271667,0,0
1.480000,1.668540,0.595373,-0.652049,0.261122,0.502852,-0.823987,0.502407,0.658081,0.560818,0.824259,-0.560419,-0.080797,0.413473,0.607815,0.000164,0.677939,0.007695,0.006089,0.004788,-0.008481,0.004055,0.004347,0.823987,-0.560818,0.080797,0.000000,0.000000,0.000000,-1,0.816986,-0.555664,0.081116,-0.017010,0.014763,-0.007381,79.809570,210.598785,-534.606812,0,0
1.520000,1.668943,0.595374,-0.652401,0.260968,0.502986,-0.823954,0.502638,0.657903,0.560819,0.824167,-0.560507,-0.081129,0.413580,0.607878,0.000128,0.677817,0.009808,0.003931,0.000517,-0.005580,0.006864,-0.000898,0.823954,-0.560819,0.081129,0.000000,0.000000,0.000000,-1,0.817856,-0.557297,0.078735,-0.017034,0.009438,-0.010557,79.457977,209.192444,-534.942017,0,0
1.560000,1.669235,0.595330,-0.652691,0.260851,0.503045,-0.823955,0.502844,0.657778,0.560782,0.824078,-0.560601,-0.081372,0.413656,0.607927,0.000074,0.677727,0.003410,0.006161,0.002732,-0.004360,0.007376,-0.001416,0.823955,-0.560782,0.081372,0.000000,0.000000,0.000000,-1,0.818344,-0.555801,0.081177,-0.021280,0.013676,-0.010539,77.172684,209.719818,-534.774414,0,0
1.600000,1.669510,0.595348,-0.652803,0.260689,0.503182,-0.823923,0.502912,0.657713,0.560797,0.824088,-0.560554,-0.081598,0.413695,0.607993,0.000100,0.677644,0.002345,0.007211,0.001671,-0.005426,0.003729,-0.001977,0.823923,-0.560797,0.081598,0.000000,0.000000,0.000000,-1,0.816818,-0.556976,0.077148,-0.021273,0.015794,-0.010547,80.336945,210.774582,-535.444763,0,0
1.640000,1.669662,0.595434,-0.652776,0.260593,0.503331,-0.823863,0.502865,0.657689,0.560868,0.824147,-0.560449,-0.081719,0.413710,0.608033,0.000172,0.677599,0.000209,0.007190,-0.000442,-0.007807,0.003251,-0.001259,0.823863,-0.560868,0.081719,0.000000,0.000000,0.000000,-1,0.817352,-0.553696,0.079285,-0.024476,0.015765,-0.013718,80.512741,209.192444,-535.612366,0,0
1.680000,1.669856,0.595298,-0.652632,0.260293,0.503388,-0.823922,0.502816,0.657822,0.560756,0.824272,-0.560242,-0.081885,0.413629,0.608156,0.000211,0.677538,-0.005120,0.007171,-0.002533,-0.005243,0.004725,-0.000510,0.823922,-0.560756,0.081885,0.000000,0.000000,0.000000,-1,0.819595,-0.554703,0.078979,-0.029808,0.014688,-0.015804,78.754807,211.301956,-535.947510,0,0
1.720000,1.669850,0.595101,-0.652257,0.260010,0.503353,-0.824033,0.502637,0.658098,0.560592,0.824470,-0.559949,-0.081892,0.413462,0.608272,0.000264,0.677535,-0.006190,0.009322,-0.002501,-0.005841,0.005340,-0.002470,0.824033,-0.560592,0.081892,0.000000,0.000000,0.000000,-1,0.815598,-0.554718,0.078903,-0.029796,0.016826,-0.013681,78.754807,209.544037,-535.947510,0,0
1.760000,1.669860,0.595052,-0.651920,0.259808,0.503414,-0.824059,0.502432,0.658289,0.560552,0.824659,-0.559669,-0.081903,0.413347,0.608355,0.000363,0.677531,-0.007241,0.012518,-0.000375,-0.006326,0.006123,-0.002908,0.824059,-0.560552,0.081903,0.000000,0.000000,0.000000,-1,0.817856,-0.558441,0.078964,-0.030854,0.019993,-0.014750,79.282196,209.368240,-535.109619,0,0
1.800000,1.670196,0.595019,-0.651419,0.259262,0.503710,-0.824050,0.502113,0.658555,0.560524,0.825025,-0.559089,-0.082181,0.413185,0.608579,0.000590,0.677428,-0.004052,0.010407,0.000673,-0.003356,0.004616,-0.001950,0.824050,-0.560524,0.082181,0.000000,0.000000,0.000000,-1,0.818878,-0.558380,0.078674,-0.026599,0.016835,-0.012641,79.633774,208.665070,-536.115112,0,0
1.840000,1.670252,0.595084,-0.651261,0.259169,0.503825,-0.824009,0.501987,0.658606,0.560578,0.825131,-0.558926,-0.082223,0.413155,0.608617,0.000678,0.677413,0.000188,0.006148,-0.001474,-0.008732,0.004288,-0.002969,0.824009,-0.560578,0.082223,0.000000,0.000000,0.000000,-1,0.817291,-0.556656,0.081863,-0.022349,0.014705,-0.013731,79.106400,209.895615,-535.947510,0,0
1.880000,1.670390,0.595090,-0.651299,0.259078,0.503897,-0.823994,0.502010,0.658584,0.560584,0.825145,-0.558888,-0.082337,0.413168,0.608655,0.000696,0.677371,0.005496,0.005102,-0.001489,-0.006642,0.005881,-0.004700,0.823994,-0.560584,0.082337,0.000000,0.000000,0.000000,-1,0.815735,-0.555954,0.080063,-0.018103,0.010468,-0.013748,79.282196,209.368240,-535.109619,0,0
1.920000,1.670545,0.595131,-0.651580,0.259111,0.503937,-0.823959,0.502181,0.658425,0.560617,0.825031,-0.559039,-0.082462,0.413264,0.608641,0.000648,0.677324,0.007602,-0.002314,-0.001476,-0.007156,0.004877,-0.002186,0.823959,-0.560617,0.082462,0.000000,0.000000,0.000000,-1,0.817871,-0.557968,0.080124,-0.014925,0.004122,-0.012684,79.633774,210.422989,-534.439270,0,0
1.960000,1.670635,0.595098,-0.651883,0.259173,0.503888,-0.823970,0.502391,0.658287,0.560590,0.824883,-0.559245,-0.082538,0.413347,0.608616,0.000553,0.677296,0.007611,-0.000185,-0.000419,-0.006160,0.003065,0.001156,0.823970,-0.560590,0.082538,0.000000,0.000000,0.000000,-1,0.818787,-0.556259,0.079163,-0.017048,0.006241,-0.012675,79.633774,210.422989,-534.104065,0,0
2.000000,1.670657,0.595061,-0.652067,0.259229,0.503828,-0.823989,0.502526,0.658211,0.560559,0.824784,-0.559389,-0.082559,0.413394,0.608593,0.000481,0.677289,0.007608,-0.000196,-0.001484,-0.005202,0.004300,-0.003396,0.823989,-0.560559,0.082559,0.000000,0.000000,0.000000,-1,0.819672,-0.552734,0.080032,-0.014913,0.008359,-0.012700,79.633774,209.368240,-535.444763,0,0
2.040000,1.670723,0.594728,-0.652281,0.259116,0.503592,-0.824169,0.502779,0.658252,0.560284,0.824665,-0.559554,-0.082632,0.413369,0.608639,0.000300,0.677262,0.001222,0.006156,-0.001446,-0.005550,0.004406,-0.001989,0.824169,-0.560284,0.082632,0.000000,0.000000,0.000000,-1,0.821426,-0.558640,0.079727,-0.024482,0.013647,-0.013710,79.633774,209.016663,-535.109619,0,0
2.080000,1.670851,0.594661,-0.652208,0.258940,0.503638,-0.824196,0.502754,0.658318,0.560228,0.824735,-0.559434,-0.082741,0.413329,0.608712,0.000326,0.677222,-0.004108,0.004039,-0.001397,-0.006370,0.007417,0.001777,0.824196,-0.560228,0.082741,0.000000,0.000000,0.000000,-1,0.815582,-0.556747,0.083725,-0.025559,0.009411,-0.013686,78.754807,210.247192,-534.942017,0,0
2.120000,1.670867,0.594640,-0.652152,0.258888,0.503648,-0.824206,0.502725,0.658356,0.560210,0.824770,-0.559381,-0.082755,0.413306,0.608733,0.000341,0.677217,0.002252,-0.005494,-0.001411,-0.009097,0.000045,-0.002097,0.824206,-0.560210,0.082755,0.000000,0.000000,0.000000,-1,0.815781,-0.559479,0.082275,-0.019181,0.005182,-0.012655,79.457977,208.840866,-535.277222,0,0
2.160000,1.670926,0.594893,-0.652344,0.259053,0.503853,-0.824029,0.502784,0.658101,0.560457,0.824682,-0.559496,-0.082846,0.413460,0.608665,0.000395,0.677183,0.004417,0.003018,0.002805,-0.007654,0.003344,0.000040,0.824029,-0.560457,0.082846,0.000000,0.000000,0.000000,-1,0.815598,-0.557037,0.082260,-0.018090,0.010517,-0.008422,78.403229,209.192444,-534.606812,0,0
2.200000,1.671173,0.595105,-0.652574,0.259080,0.504014,-0.823922,0.502844,0.657937,0.560595,0.824637,-0.559543,-0.082982,0.413559,0.608654,0.000432,0.677133,0.007600,0.004088,0.005982,-0.008324,0.003558,-0.000722,0.823922,-0.560595,0.082982,0.000000,0.000000,0.000000,-1,0.817398,-0.555893,0.079468,-0.014890,0.010536,-0.006316,79.106400,209.895615,-535.277222,0,0
2.240000,1.671465,0.595381,-0.652982,0.259184,0.504253,-0.823743,0.503018,0.657609,0.560824,0.824498,-0.559714,-0.083207,0.413758,0.608612,0.000456,0.677050,0.008661,0.001979,0.007048,-0.006345,0.004931,-0.003739,0.823743,-0.560824,0.083207,0.000000,0.000000,0.000000,-1,0.817276,-0.557266,0.083466,-0.013820,0.011605,-0.005263,77.524277,210.071411,-534.774414,0,0
2.280000,1.672054,0.595797,-0.653661,0.259250,0.504679,-0.823462,0.503322,0.657081,0.561169,0.824291,-0.559949,-0.083668,0.414076,0.608584,0.000501,0.676879,0.007582,-0.000168,0.003869,-0.008246,0.003308,0.001293,0.823462,-0.561169,0.083668,0.000000,0.000000,0.000000,-1,0.819489,-0.558212,0.083282,-0.017032,0.007349,-0.007353,77.700058,210.247192,-533.601318,0,0
2.320000,1.672169,0.596007,-0.653884,0.259372,0.504822,-0.823335,0.503398,0.656876,0.561342,0.824207,-0.560062,-0.083751,0.414200,0.608534,0.000526,0.676849,0.003328,-0.000147,0.006033,-0.006715,0.003130,-0.000835,0.823335,-0.561342,0.083751,0.000000,0.000000,0.000000,-1,0.813858,-0.555145,0.086899,-0.022353,0.007360,-0.006246,78.403229,209.895615,-534.606812,0,0
2.360000,1.672369,0.596125,-0.654063,0.259357,0.504965,-0.823252,0.503475,0.656733,0.561440,0.824164,-0.560100,-0.083909,0.414286,0.608540,0.000550,0.676790,0.002223,-0.002333,0.001794,-0.009394,0.006295,0.002990,0.823252,-0.561440,0.083909,0.000000,0.000000,0.000000,-1,0.816711,-0.558334,0.084198,-0.020276,-0.002261,-0.015814,79.985352,210.774582,-535.109619,0,0
2.400000,1.672141,0.595846,-0.654206,0.259478,0.504618,-0.823427,0.503664,0.656785,0.561209,0.824011,-0.560352,-0.083737,0.414255,0.608491,0.000352,0.676854,-0.004193,-0.006625,-0.004533,-0.005052,0.008002,0.001529,0.823427,-0.561209,0.083737,0.000000,0.000000,0.000000,-1,0.816864,-0.556046,0.084534,-0.029847,0.000929,-0.014687,79.633774,207.961899,-535.444763,0,0
2.440000,1.671859,0.595681,-0.653960,0.259503,0.504416,-0.823543,0.503559,0.656983,0.561072,0.824067,-0.560302,-0.083514,0.414136,0.608481,0.000316,0.676936,-0.007374,-0.002388,-0.004525,-0.008281,0.005698,0.000089,0.823543,-0.561072,0.083514,0.000000,0.000000,0.000000,-1,0.817688,-0.557327,0.081116,-0.030897,0.007264,-0.016833,77.875854,210.071411,-536.115112,0,0
2.480000,1.671565,0.595585,-0.653608,0.259520,0.504279,-0.823621,0.503360,0.657202,0.560993,0.824183,-0.560167,-0.083277,0.414003,0.608473,0.000339,0.677024,-0.007367,-0.002359,-0.001329,-0.005933,0.003666,-0.002161,0.823621,-0.560993,0.083277,0.000000,0.000000,0.000000,-1,0.812408,-0.565384,0.082947,-0.028770,0.004116,-0.013642,78.403229,209.192444,-533.266113,0,0
2.520000,1.671067,0.596189,-0.653749,0.260304,0.504358,-0.823325,0.503247,0.656863,0.561493,0.824005,-0.560495,-0.082833,0.414208,0.608151,0.000410,0.677188,0.015972,-0.024639,-0.000352,-0.012214,0.001465,-0.002114,0.823325,-0.561493,0.082833,0.000000,0.000000,0.000000,-1,0.814896,-0.557144,0.078583,-0.004351,-0.019192,-0.013744,80.336945,210.422989,-535.444763,0,0
2.560000,1.670573,0.596200,-0.654503,0.261096,0.503892,-0.823360,0.503738,0.656478,0.561502,0.823454,-0.561364,-0.082426,0.414441,0.607826,0.000057,0.677338,0.026611,-0.028859,0.001712,-0.008663,0.003061,-0.002027,0.823360,-0.561502,0.082426,0.000000,0.000000,0.000000,-1,0.815979,-0.558258,0.079315,0.007376,-0.021234,-0.005304,79.633774,209.368240,-533.768921,0,0
2.600000,1.670204,0.596443,-0.655626,0.262087,0.503550,-0.823254,0.504392,0.655804,0.561703,0.822739,-0.562458,-0.082108,0.414847,0.607418,-0.000311,0.677455,0.038346,-0.028775,0.011210,-0.007275,0.003445,-0.002793,0.823254,-0.561703,0.082108,0.000000,0.000000,0.000000,-1,0.815155,-0.555481,0.082870,0.025483,-0.024357,0.000959,79.985352,209.719818,-532.763367,0,0
2.640000,1.670144,0.596769,-0.657945,0.263468,0.503120,-0.823077,0.505799,0.654487,0.561973,0.821433,-0.564373,-0.082041,0.415639,0.606849,-0.000989,0.677479,0.050049,-0.035094,0.015404,-0.007922,0.006492,0.000829,0.823077,-0.561973,0.082041,0.000000,0.000000,0.000000,-1,0.818024,-0.551498,0.084167,0.022269,-0.030711,0.001008,78.754807,210.598785,-534.271667,0,0
2.680000,1.670109,0.596818,-0.660883,0.264999,0.502355,-0.823052,0.507703,0.652977,0.562014,0.819764,-0.566799,-0.082009,0.416543,0.606215,-0.001973,0.677489,0.040413,-0.040486,0.010172,-0.009744,0.006716,0.005454,0.823052,-0.562014,0.082009,0.000000,0.000000,0.000000,-1,0.814148,-0.560226,0.086533,0.021174,-0.038154,-0.002152,79.985352,208.665070,-534.774414,0,0
2.720000,1.670090,0.597354,-0.664725,0.267214,0.501669,-0.822754,0.510022,0.650784,0.562456,0.817603,-0.569919,-0.081964,0.417850,0.605296,-0.003082,0.677502,0.070171,-0.063741,0.015357,-0.011353,0.002642,0.010016,0.822754,-0.562456,0.081964,0.000000,0.000000,0.000000,-1,0.809799,-0.562866,0.089676,0.053068,-0.060335,0.005141,80.336945,209.368240,-535.444763,0,0
2.760000,1.670153,0.597996,-0.668027,0.269145,0.501235,-0.822389,0.511944,0.648813,0.562988,0.815766,-0.572543,-0.081980,0.419020,0.604493,-0.003952,0.677491,0.088238,-0.079580,0.020606,-0.012590,0.000122,0.007696,0.822389,-0.562988,0.081980,0.000000,0.000000,0.000000,-1,0.809479,-0.564453,0.089218,0.077501,-0.081494,0.008227,78.754807,210.598785,-535.277222,0,0
2.800000,1.670324,0.599288,-0.673510,0.272413,0.500681,-0.821651,0.515040,0.645427,0.564055,0.812727,-0.576839,-0.082048,0.421021,0.603130,-0.005299,0.677457,0.108437,-0.094368,0.024773,-0.017833,-0.004564,0.007216,0.821651,-0.564055,0.082048,0.000000,0.000000,0.000000,-1,0.806335,-0.568283,0.086441,0.090259,-0.092040,0.013494,78.579025,210.071411,-535.109619,0,0
2.840000,1.669925,0.600545,-0.679679,0.276468,0.499561,-0.820978,0.518566,0.641685,0.565092,0.809107,-0.581961,-0.081650,0.423212,0.601429,-0.007012,0.677588,0.126444,-0.117719,0.024728,-0.016244,-0.001619,0.007751,0.820978,-0.565092,0.081650,0.000000,0.000000,0.000000,-1,0.809814,-0.569107,0.081161,0.113609,-0.112218,0.008062,79.282196,209.368240,-534.774414,0,0
2.880000,1.668904,0.601420,-0.686362,0.281077,0.497658,-0.820568,0.522529,0.637823,0.565814,0.804959,-0.587808,-0.080763,0.425446,0.599481,-0.009172,0.677890,0.139176,-0.125215,0.016139,-0.009564,-0.003995,-0.002211,0.820568,-0.565814,0.080763,0.000000,0.000000,0.000000,-1,0.797501,-0.561203,0.083954,0.106108,-0.122867,0.001768,79.106400,209.895615,-535.947510,0,0
2.920000,1.667639,0.602111,-0.692904,0.285703,0.495495,-0.820280,0.526440,0.634090,0.566384,0.800771,-0.593646,-0.079687,0.427580,0.597510,-0.011406,0.678252,0.127446,-0.130516,0.015189,-0.023970,0.005639,0.004938,0.820280,-0.566384,0.079687,0.000000,0.000000,0.000000,-1,0.803452,-0.560638,0.089691,0.102909,-0.127073,0.005005,78.930603,210.071411,-534.774414,0,0
2.960000,1.666796,0.602771,-0.699744,0.290104,0.493438,-0.819975,0.530524,0.630188,0.566928,0.796482,-0.599485,-0.078960,0.429790,0.595618,-0.013665,0.678478,0.130662,-0.130443,0.022625,-0.005216,-0.002073,0.009739,0.819975,-0.566928,0.078960,0.000000,0.000000,0.000000,-1,0.807129,-0.556778,0.082443,0.100787,-0.128092,0.009286,79.457977,209.192444,-536.282715,0,0
3.000000,1.665003,0.603135,-0.707677,0.295623,0.490261,-0.819909,0.535372,0.625803,0.567227,0.791191,-0.606642,-0.077470,0.432230,0.593222,-0.016611,0.678962,0.116785,-0.137839,0.028082,-0.014871,0.019300,0.013762,0.819909,-0.567227,0.077470,0.000000,0.000000,0.000000,-1,0.815765,-0.547562,0.094116,0.093337,-0.132268,0.015752,79.633774,210.422989,-535.444763,0,0
3.040000,1.664295,0.602984,-0.712547,0.298484,0.488289,-0.820049,0.538470,0.623253,0.567103,0.788008,-0.610843,-0.076898,0.433627,0.591960,-0.018473,0.679124,0.115755,-0.129341,0.030185,-0.002255,0.016566,0.016715,0.820049,-0.567103,0.076898,0.000000,0.000000,0.000000,-1,0.835876,-0.539886,0.078796,0.088076,-0.113182,0.017852,79.457977,210.247192,-535.277222,0,0
3.080000,1.663168,0.602394,-0.716722,0.301087,0.485981,-0.820469,0.541287,0.621252,0.566616,0.785083,-0.614710,-0.076004,0.434695,0.590798,-0.020351,0.679399,0.098741,-0.127167,0.035626,0.015408,0.026730,0.002792,0.820469,-0.566616,0.076004,0.000000,0.000000,0.000000,-1,0.827805,-0.526825,0.066071,0.057227,-0.110978,0.026605,77.348480,209.544037,-535.277222,0,0
3.120000,1.658559,0.600261,-0.721056,0.305637,0.480502,-0.822012,0.544771,0.619806,0.564858,0.780904,-0.620450,-0.072328,0.435361,0.588748,-0.023606,0.680646,0.041339,-0.077587,0.013485,0.001383,0.035516,-0.031770,0.822012,-0.564858,0.072328,0.000000,0.000000,0.000000,-1,0.809479,-0.547424,0.024338,-0.001309,-0.072120,-0.010373,78.403229,209.544037,-535.947510,0,0
3.160000,1.656194,0.600138,-0.721466,0.307613,0.478830,-0.822250,0.545071,0.619635,0.564756,0.779918,-0.621911,-0.070389,0.435421,0.587880,-0.024306,0.681333,-0.001394,-0.095847,-0.009554,-0.021973,0.007490,-0.040726,0.822250,-0.564756,0.070389,0.000000,0.000000,0.000000,-1,0.798370,-0.583405,0.036331,-0.025898,-0.096572,-0.020744,78.930603,210.422989,-534.774414,0,0
3.200000,1.652083,0.600183,-0.720984,0.310610,0.476448,-0.822507,0.544755,0.619879,0.564794,0.778950,-0.623496,-0.067007,0.435241,0.586574,-0.025019,0.682547,-0.002535,-0.126496,-0.001972,-0.028593,-0.039699,-0.030462,0.822507,-0.564794,0.067007,0.000000,0.000000,0.000000,-1,0.791229,-0.664764,0.027817,-0.009014,-0.159977,-0.004657,80.864319,210.598785,-535.612366,0,0
3.240000,1.641991,0.600274,-0.723350,0.319617,0.469433,-0.823090,0.546187,0.618549,0.564869,0.774290,-0.630103,-0.058699,0.435823,0.582587,-0.027993,0.685468,0.050365,-0.234581,-0.006239,-0.018479,-0.058758,-0.011854,0.823090,-0.564869,0.058699,0.000000,0.000000,0.000000,-1,0.797699,-0.574570,0.066162,-0.003956,-0.227990,-0.028944,79.809570,210.247192,-536.617920,0,0
3.280000,1.634831,0.599656,-0.722594,0.324464,0.464773,-0.823838,0.545950,0.619224,0.564358,0.772439,-0.632888,-0.052827,0.435335,0.580428,-0.029517,0.687543,-0.084824,-0.203009,-0.030877,-0.033570,-0.004001,0.019393,0.823838,-0.564358,0.052827,0.000000,0.000000,0.000000,-1,0.768890,-0.588074,0.064972,-0.167804,-0.173041,-0.045990,78.754807,209.544037,-536.617920,0,0
3.320000,1.622452,0.598280,-0.712454,0.328610,0.459407,-0.825203,0.540150,0.625315,0.563222,0.774760,-0.630814,-0.042664,0.431845,0.578656,-0.029202,0.691242,-0.276463,-0.152506,-0.069003,-0.070549,-0.037196,0.024368,0.825203,-0.563222,0.042664,0.000000,0.000000,0.000000,-1,0.744415,-0.645782,0.069550,-0.281831,-0.140919,-0.125125,79.633774,210.071411,-536.785522,0,0
3.360000,1.606942,0.592098,-0.698291,0.330896,0.450429,-0.829229,0.533468,0.635557,0.558103,0.778408,-0.627042,-0.029986,0.425830,0.577634,-0.029836,0.695785,-0.156457,-0.158916,-0.187095,-0.083731,-0.103441,0.043455,0.829229,-0.558103,0.029986,0.000000,0.000000,0.000000,-1,0.750595,-0.645554,0.085693,-0.154316,-0.152360,-0.214493,80.336945,212.180908,-537.455811,0,0
3.400000,1.599874,0.585912,-0.693695,0.331049,0.443574,-0.832856,0.532739,0.640644,0.552959,0.778843,-0.626751,-0.024224,0.422679,0.577456,-0.031947,0.697759,-0.109623,-0.133843,-0.223773,-0.075043,-0.086002,0.071891,0.832856,-0.552959,0.024224,0.000000,0.000000,0.000000,-1,0.753891,-0.621979,0.108902,-0.139347,-0.107096,-0.244607,80.688522,209.719818,-538.126221,0,0
3.440000,1.592894,0.576317,-0.686998,0.328444,0.435233,-0.838270,0.531777,0.648270,0.544940,0.780601,-0.624755,-0.018527,0.417942,0.578436,-0.034496,0.699676,-0.160525,-0.038813,-0.256760,-0.093001,-0.078473,0.088987,0.838270,-0.544940,0.018527,0.000000,0.000000,0.000000,-1,0.721115,-0.652451,0.097916,-0.202940,0.014435,-0.275464,81.040115,210.071411,-537.791016,0,0
3.480000,1.587722,0.563774,-0.675870,0.321043,0.427431,-0.845124,0.528765,0.659429,0.534380,0.785709,-0.618431,-0.014305,0.411072,0.581526,-0.036134,0.701100,-0.191173,0.051426,-0.237701,-0.126267,-0.147063,0.074486,0.845124,-0.534380,0.014305,0.000000,0.000000,0.000000,-1,0.720596,-0.698013,0.085495,-0.201618,0.071943,-0.241600,82.446442,211.477737,-538.126221,0,0
3.520000,1.586544,0.557146,-0.669760,0.315871,0.424261,-0.848662,0.526913,0.665409,0.528766,0.789042,-0.614193,-0.013366,0.407378,0.583717,-0.036588,0.701412,-0.149523,0.072825,-0.213602,-0.123977,-0.176892,0.062791,0.848662,-0.528766,0.013366,0.000000,0.000000,0.000000,-1,0.751953,-0.699661,0.010117,-0.135551,0.062700,-0.209052,79.985352,211.829330,-538.126221,0,0
3.560000,1.586114,0.551708,-0.667204,0.312265,0.421173,-0.851530,0.526982,0.669002,0.524143,0.790430,-0.612413,-0.013044,0.405064,0.585188,-0.037710,0.701467,0.016742,-0.020854,-0.032370,-0.065245,-0.126431,-0.027922,0.851530,-0.524143,0.013044,0.000000,0.000000,0.000000,-1,0.814575,-0.577362,-0.005493,0.017270,-0.010660,0.107504,82.622238,210.598785,-538.964111,0,0
3.600000,1.588855,0.558668,-0.667641,0.313943,0.427358,-0.847824,0.525003,0.665891,0.530057,0.791083,-0.611518,-0.015312,0.407236,0.584649,-0.034833,0.700807,-0.080951,0.221822,0.208241,0.077622,0.058896,0.004295,0.847824,-0.530057,0.015312,0.000000,0.000000,0.000000,-1,0.978958,-0.461761,0.039902,-0.152921,0.340599,0.176753,79.633774,211.126160,-537.120667,0,0
3.640000,1.598848,0.563846,-0.662301,0.306398,0.438531,-0.844873,0.519745,0.666512,0.534441,0.797487,-0.602870,-0.023707,0.407306,0.588180,-0.029085,0.698069,-0.193963,0.583416,0.136385,0.171408,0.044497,0.020895,0.844873,-0.534441,0.023707,0.000000,0.000000,0.000000,-1,1.058167,-0.571793,0.008728,-0.223442,0.680871,0.090798,81.040115,210.071411,-537.791016,0,0
3.680000,1.616536,0.566610,-0.655771,0.290728,0.452872,-0.842843,0.514479,0.668718,0.536775,0.806715,-0.589680,-0.038578,0.406383,0.595099,-0.022225,0.692977,-0.166969,0.768079,0.061976,0.215324,-0.035018,-0.029850,0.842843,-0.536775,0.038578,0.000000,0.000000,0.000000,-1,0.910538,-0.511322,0.074188,-0.176227,0.827794,0.058987,79.633774,209.016663,-537.120667,0,0
3.720000,1.666814,0.574389,-0.645580,0.248814,0.489661,-0.835658,0.505110,0.670571,0.543322,0.826411,-0.557285,-0.080485,0.405810,0.612830,-0.005696,0.678030,-0.139455,0.982945,0.161098,-0.011805,0.095492,0.041280,0.835658,-0.543322,0.080485,0.000000,0.000000,0.000000,-1,0.773392,-0.418930,0.168671,-0.113857,0.956782,0.149638,79.809570,209.192444,-534.942017,0,0
3.760000,1.693423,0.578858,-0.644665,0.228512,0.507494,-0.830802,0.503032,0.669085,0.547068,0.833511,-0.542932,-0.102392,0.406761,0.621081,0.001665,0.669926,0.038825,0.821507,0.116642,-0.068336,0.121058,0.072474,0.830802,-0.547068,0.102392,0.000000,0.000000,0.000000,-1,0.824219,-0.504700,0.190094,0.089816,0.766465,0.075264,79.809570,209.192444,-532.930969,0,0
3.800000,1.725891,0.579664,-0.653916,0.206586,0.523496,-0.826604,0.508932,0.664053,0.547743,0.835650,-0.533841,-0.129240,0.409809,0.629823,0.005518,0.659810,0.268951,0.610675,0.000593,0.058390,-0.022783,0.058687,0.826604,-0.547743,0.129240,0.000000,0.000000,0.000000,-1,0.844406,-0.560608,0.141663,0.197497,0.553565,-0.037697,77.524277,210.071411,-532.763367,0,0
3.840000,1.756025,0.576964,-0.664051,0.185401,0.535727,-0.823786,0.516545,0.660024,0.545482,0.835947,-0.526655,-0.154358,0.412230,0.638158,0.007375,0.650205,0.078652,0.369062,-0.016202,-0.066355,0.008738,-0.002487,0.823786,-0.545482,0.154358,0.000000,0.000000,0.000000,-1,0.726288,-0.507889,0.173080,0.053175,0.337793,-0.008070,76.469513,209.368240,-531.087463,0,0
3.880000,1.766864,0.576806,-0.667285,0.177999,0.540729,-0.822149,0.518730,0.658417,0.545349,0.836203,-0.523545,-0.163295,0.413182,0.641037,0.008504,0.646746,0.111421,0.257159,0.024446,-0.095373,0.051407,0.013707,0.822149,-0.545349,0.163295,0.000000,0.000000,0.000000,-1,0.761963,-0.459534,0.194458,0.108263,0.229925,0.011082,75.942139,208.489273,-532.595764,0,0
3.920000,1.775836,0.576466,-0.672132,0.172957,0.544353,-0.820832,0.522031,0.656040,0.545064,0.835206,-0.522773,-0.170702,0.414614,0.642998,0.008667,0.643874,0.136725,0.194437,-0.000018,-0.058869,0.085531,0.023756,0.820832,-0.545064,0.170702,0.000000,0.000000,0.000000,-1,0.750061,-0.483307,0.171738,0.072851,0.178641,-0.037455,76.821106,210.422989,-531.757812,0,0
3.960000,1.787003,0.574694,-0.676877,0.165319,0.548242,-0.819817,0.525742,0.654307,0.543578,0.834425,-0.520876,-0.180065,0.415655,0.645959,0.008786,0.640227,0.023367,0.091718,-0.007307,-0.081841,0.059218,-0.004573,0.819817,-0.543578,0.180065,0.000000,0.000000,0.000000,-1,0.743393,-0.488327,0.180176,-0.014743,0.080203,-0.032146,77.172684,210.071411,-531.087463,0,0
4.000000,1.788706,0.573604,-0.676706,0.163245,0.548460,-0.820087,0.526001,0.654859,0.542663,0.834670,-0.519953,-0.181588,0.415323,0.646761,0.008778,0.639632,0.000726,0.044599,-0.063417,-0.064090,0.038940,0.029304,0.820087,-0.542663,0.181588,0.000000,0.000000,0.000000,-1,0.780380,-0.518433,0.214233,-0.004312,0.057406,-0.091799,75.766357,207.961899,-530.081970,0,0
4.040000,1.790527,0.570823,-0.677260,0.160599,0.547538,-0.821225,0.527307,0.655741,0.540325,0.834359,-0.519813,-0.183409,0.414809,0.647795,0.007916,0.638931,0.060289,0.053782,-0.100134,-0.030835,0.014476,0.032686,0.821225,-0.540325,0.183409,0.000000,0.000000,0.000000,-1,0.793716,-0.530457,0.247604,0.044743,0.095385,-0.107237,75.942139,209.192444,-530.249512,0,0
4.080000,1.797971,0.566965,-0.680602,0.154233,0.548412,-0.821862,0.530803,0.655590,0.537075,0.833343,-0.519081,-0.189985,0.414918,0.650258,0.006918,0.636364,0.037117,0.115448,-0.076747,-0.037987,0.017681,0.065569,0.821862,-0.537075,0.189985,0.000000,0.000000,0.000000,-1,0.727570,-0.549149,0.278519,-0.005029,0.145621,-0.059100,77.348480,209.192444,-529.579224,0,1
4.120000,1.805046,0.564855,-0.682328,0.148193,0.550470,-0.821597,0.532648,0.655551,0.535294,0.833262,-0.516949,-0.196058,0.414940,0.652575,0.007028,0.633973,0.084071,0.087549,-0.000303,-0.094272,-0.027374,0.088243,0.821597,-0.535294,0.196058,0.000000,0.000000,0.000000,-1,0.732025,-0.598785,0.287796,0.092789,0.052924,-0.001983,77.700058,207.786118,-528.238464,0,0
4.160000,1.808271,0.564622,-0.689371,0.149268,0.550947,-0.821082,0.537331,0.651880,0.535096,0.830057,-0.521066,-0.198736,0.417170,0.652179,0.005378,0.632932,0.193366,-0.084566,0.059153,-0.085990,-0.061538,0.098811,0.821082,-0.535096,0.198736,0.000000,0.000000,0.000000,-1,0.739288,-0.584869,0.314743,0.221333,-0.106319,0.075385,76.469513,207.961899,-528.741211,0,0
4.200000,1.809980,0.566353,-0.704645,0.157180,0.550597,-0.819840,0.546624,0.642890,0.536558,0.822494,-0.532480,-0.199920,0.422555,0.649159,0.001571,0.632485,0.253969,-0.166593,0.123975,-0.083664,-0.029741,0.122010,0.819840,-0.536558,0.199920,0.000000,0.000000,0.000000,-1,0.740784,-0.559586,0.356873,0.232998,-0.163052,0.125578,75.942139,209.544037,-529.579224,0,0
4.240000,1.810396,0.568955,-0.714524,0.163668,0.550852,-0.818398,0.552031,0.636402,0.538752,0.817603,-0.539958,-0.199929,0.426379,0.646657,-0.000466,0.632484,0.236043,-0.147090,0.170915,-0.068032,-0.019888,0.173622,0.818398,-0.538752,0.199929,0.000000,0.000000,0.000000,-1,0.796829,-0.574112,0.406036,0.195955,-0.127658,0.172606,73.832642,208.489273,-528.573669,0,0
4.280000,1.811175,0.573368,-0.723485,0.170352,0.552492,-0.815924,0.556132,0.629642,0.542465,0.813448,-0.546172,-0.199998,0.430322,0.644067,-0.001439,0.632455,0.193650,-0.131690,0.231909,-0.019095,-0.031647,0.206038,0.815924,-0.542465,0.199998,0.000000,0.000000,0.000000,-1,1.147858,-0.705719,0.378632,0.228787,0.092423,0.263145,74.008438,210.071411,-529.076416,0,0
4.320000,1.822923,0.580299,-0.737724,0.172509,0.560687,-0.809858,0.562499,0.618862,0.548274,0.808601,-0.550127,-0.208627,0.436542,0.643230,-0.000720,0.629036,0.242474,0.218331,0.171625,0.337999,-0.157445,0.170005,0.809858,-0.548274,0.208627,0.000000,0.000000,0.000000,-1,1.022385,-0.616272,0.176056,-0.027661,-0.060655,0.083537,74.535812,208.489273,-530.249512,0,0
