0.000000,2.185516,1.374587,-2.035218,0.974712,0.156754,-0.159264,0.174303,-0.087321,0.980813,0.139839,-0.983770,-0.112435,0.737304,0.112253,-0.006586,0.666137,-0.028056,0.020629,-0.013830,-0.011879,0.013070,0.002647,0.159264,-0.980813,0.112435,0.000000,0.000000,0.000000,-1,0.154526,-0.972260,0.110596,-0.034069,0.020965,-0.024317,58.538742,140.809372,-512.987915,0,0
0.040000,2.182241,1.374635,-2.031320,0.974566,0.157328,-0.159593,0.174601,-0.086620,0.980822,0.140487,-0.983740,-0.111886,0.737067,0.112584,-0.006480,0.666345,-0.017412,0.005841,-0.009609,-0.000245,0.012194,-0.003625,0.159593,-0.980822,0.111886,0.000000,0.000000,0.000000,-1,0.153839,-0.964310,0.107071,-0.052180,0.015693,-0.022026,57.659775,140.281998,-513.825867,0,0
0.080000,2.180799,1.374728,-2.029792,0.974541,0.157392,-0.159679,0.174651,-0.086312,0.980840,0.140594,-0.983757,-0.111603,0.736963,0.112639,-0.006474,0.666451,-0.026995,0.006893,-0.010603,-0.003063,0.015905,-0.004487,0.159679,-0.980840,0.111603,0.000000,0.000000,0.000000,-1,0.151138,-0.965439,0.108490,-0.062829,0.016735,-0.024078,59.066116,139.930405,-515.166626,0,0
0.120000,2.174364,1.375467,-2.022902,0.974468,0.157723,-0.159797,0.174589,-0.084790,0.980984,0.141175,-0.983836,-0.110162,0.736448,0.112809,-0.006322,0.666993,-0.035531,0.006837,-0.016919,-0.004829,0.014187,-0.002008,0.159797,-0.980984,0.110162,0.000000,0.000000,0.000000,-1,0.154816,-0.963776,0.110687,-0.056477,0.008221,-0.028357,58.187149,139.754608,-516.339722,0,0
0.160000,2.166041,1.375879,-2.014539,0.974385,0.157655,-0.160374,0.174927,-0.083154,0.981064,0.141334,-0.983987,-0.108602,0.735891,0.112986,-0.006468,0.667576,-0.038764,-0.011117,-0.011495,-0.002690,0.019226,0.000178,0.160374,-0.981064,0.108602,0.000000,0.000000,0.000000,-1,0.156799,-0.958908,0.106308,-0.063965,-0.007615,-0.022913,58.890320,141.160950,-513.323120,0,0
0.200000,2.160435,1.376168,-2.009400,0.974409,0.157125,-0.160745,0.175096,-0.082133,0.981120,0.140956,-0.984157,-0.107543,0.735542,0.112917,-0.006726,0.667969,-0.029215,-0.022770,-0.011525,-0.004006,0.020930,0.000184,0.160745,-0.981120,0.107543,0.000000,0.000000,0.000000,-1,0.155792,-0.960800,0.104523,-0.048003,-0.009747,-0.024094,57.659775,140.985153,-513.490723,0,0
0.240000,2.152829,1.376212,-2.002712,0.974437,0.156154,-0.161522,0.175602,-0.080942,0.981128,0.140133,-0.984411,-0.106294,0.735131,0.112822,-0.007274,0.668431,-0.020725,-0.035442,-0.007284,-0.000099,0.020969,-0.004457,0.161522,-0.981128,0.106294,0.000000,0.000000,0.000000,-1,0.158417,-0.962540,0.102600,-0.043819,-0.041443,-0.015485,58.714523,141.336746,-513.825867,0,0
0.280000,2.148601,1.376347,-1.999896,0.974608,0.154726,-0.161859,0.175709,-0.080392,0.981154,0.138798,-0.984681,-0.105538,0.734939,0.112402,-0.007845,0.668707,-0.011164,-0.042849,-0.006266,-0.004449,0.019149,-0.001305,0.161859,-0.981154,0.105538,0.000000,0.000000,0.000000,-1,0.162674,-0.964584,0.104309,-0.036331,-0.025607,-0.020929,58.538742,140.809372,-515.669373,0,0
0.320000,2.143539,1.376353,-1.996053,0.974717,0.153486,-0.162386,0.176011,-0.079714,0.981155,0.137649,-0.984930,-0.104714,0.734701,0.112119,-0.008417,0.669008,-0.028140,-0.033304,-0.009356,0.000303,0.017700,-0.001397,0.162386,-0.981155,0.104714,0.000000,0.000000,0.000000,-1,0.156723,-0.962448,0.104797,-0.055503,-0.028770,-0.019703,59.241898,140.809372,-513.658325,0,0
0.360000,2.139896,1.376723,-1.994640,0.975054,0.151249,-0.162461,0.175792,-0.079316,0.981227,0.135524,-0.985308,-0.103926,0.734557,0.111306,-0.009168,0.669293,0.008027,-0.053365,-0.002095,-0.012268,0.019969,0.001833,0.162461,-0.981227,0.103926,0.000000,0.000000,0.000000,-1,0.168869,-0.968338,0.099457,-0.008658,-0.035078,-0.013651,59.945068,140.457779,-514.999023,0,0
0.400000,2.138517,1.376036,-1.994908,0.975178,0.149675,-0.163172,0.176385,-0.079640,0.981094,0.133851,-0.985523,-0.104064,0.734657,0.110957,-0.009978,0.669230,0.008047,-0.036519,-0.012818,0.010916,0.013077,-0.004500,0.163172,-0.981094,0.104064,0.000000,0.000000,0.000000,-1,0.170273,-0.974014,0.101181,-0.023516,-0.012901,-0.021076,60.120865,140.281998,-514.831421,0,0
0.440000,2.134181,1.375666,-1.991108,0.975134,0.149132,-0.163929,0.177019,-0.079118,0.981022,0.133332,-0.985647,-0.103550,0.734473,0.111015,-0.010414,0.669415,-0.012107,-0.008987,-0.013836,-0.007572,0.009510,-0.004581,0.163929,-0.981022,0.103550,0.000000,0.000000,0.000000,-1,0.157730,-0.964447,0.102173,-0.036240,0.000911,-0.016768,58.362946,140.281998,-513.825867,0,0
0.480000,2.132759,1.375936,-1.989895,0.975183,0.148895,-0.163852,0.176872,-0.078795,0.981075,0.133167,-0.985709,-0.103175,0.734363,0.110902,-0.010446,0.669555,-0.006645,-0.009840,-0.004161,-0.006122,0.016628,-0.001002,0.163852,-0.981075,0.103175,0.000000,0.000000,0.000000,-1,0.164230,-0.963181,0.098450,-0.027737,-0.007525,-0.012541,58.187149,140.809372,-512.987915,0,0
0.520000,2.130078,1.375841,-1.987800,0.975214,0.148302,-0.164206,0.177122,-0.078462,0.981056,0.132609,-0.985825,-0.102785,0.734245,0.110802,-0.010759,0.669695,-0.009838,-0.006692,-0.007347,-0.006766,0.021263,-0.000704,0.164206,-0.981056,0.102785,0.000000,0.000000,0.000000,-1,0.157486,-0.963806,0.102448,-0.034106,0.005117,-0.019996,57.835571,139.754608,-513.993469,0,0
0.560000,2.129176,1.375904,-1.986892,0.975209,0.148295,-0.164247,0.177137,-0.078276,0.981068,0.132631,-0.985840,-0.102604,0.734181,0.110814,-0.010766,0.669763,-0.005571,-0.002475,-0.009523,-0.006929,0.018178,-0.002583,0.164247,-0.981068,0.102604,0.000000,0.000000,0.000000,-1,0.154388,-0.962067,0.082413,-0.022387,0.009331,-0.022233,59.769287,139.578827,-514.161072,0,0
0.600000,2.129042,1.375534,-1.986852,0.975165,0.148226,-0.164569,0.177472,-0.078416,0.980997,0.132504,-0.985840,-0.102775,0.734227,0.110898,-0.010918,0.669697,0.004013,-0.002467,-0.008526,-0.001864,0.015985,-0.007102,0.164569,-0.980997,0.102775,0.000000,0.000000,0.000000,-1,0.164200,-0.965744,0.107498,-0.027708,0.008293,-0.020057,59.241898,140.809372,-514.663818,0,0
0.640000,2.127865,1.375451,-1.985535,0.975113,0.148355,-0.164758,0.177649,-0.078215,0.980981,0.132647,-0.985836,-0.102624,0.734158,0.111013,-0.010935,0.669753,-0.018127,0.007165,-0.010314,-0.006906,0.018075,-0.001580,0.164758,-0.980981,0.102624,0.000000,0.000000,0.000000,-1,0.152405,-0.963516,0.101913,-0.047929,0.014613,-0.024185,60.120865,139.578827,-514.161072,0,0
0.680000,2.125603,1.375727,-1.982970,0.975074,0.148608,-0.164760,0.177601,-0.077651,0.981034,0.132996,-0.985843,-0.102108,0.733967,0.111112,-0.010819,0.669947,-0.022406,0.006039,-0.017727,-0.010097,0.016725,0.000996,0.164760,-0.981034,0.102108,0.000000,0.000000,0.000000,-1,0.156982,-0.963593,0.105515,-0.044750,0.016652,-0.032740,59.241898,141.512543,-513.993469,0,0
0.720000,2.123588,1.375394,-1.980250,0.974887,0.149295,-0.165243,0.178111,-0.077297,0.980970,0.133682,-0.985767,-0.101947,0.733848,0.111538,-0.010752,0.670008,-0.003227,0.009213,-0.017881,-0.009893,0.014707,-0.000720,0.165243,-0.980970,0.101947,0.000000,0.000000,0.000000,-1,0.150360,-0.968338,0.099014,-0.029822,0.023013,-0.031815,59.417694,142.391495,-513.490723,0,0
0.760000,2.123226,1.375452,-1.979558,0.974841,0.149609,-0.165232,0.178113,-0.077151,0.980981,0.134016,-0.985731,-0.101858,0.733800,0.111652,-0.010635,0.670043,-0.007467,0.016619,-0.018935,-0.014872,0.012643,-0.002843,0.165232,-0.980981,0.101858,0.000000,0.000000,0.000000,-1,0.160492,-0.954697,0.097595,-0.035129,0.029359,-0.032863,60.472443,139.578827,-514.831421,0,0
0.800000,2.120608,1.375061,-1.975972,0.974596,0.150550,-0.165825,0.178741,-0.076663,0.980905,0.134962,-0.985625,-0.101625,0.733636,0.112212,-0.010517,0.670132,0.004208,0.010202,-0.025387,-0.004768,0.023279,-0.005312,0.165825,-0.980905,0.101625,0.000000,0.000000,0.000000,-1,0.169327,-0.964706,0.096375,-0.009634,0.014476,-0.038331,60.120865,140.985153,-514.161072,0,0
0.840000,2.117163,1.373571,-1.972505,0.974310,0.150631,-0.167422,0.180350,-0.076614,0.980614,0.134884,-0.985617,-0.101812,0.733610,0.112792,-0.011089,0.670053,0.008424,-0.004599,-0.022175,0.002057,0.015129,-0.005270,0.167422,-0.980614,0.101812,0.000000,0.000000,0.000000,-1,0.167038,-0.961487,0.096237,-0.010696,0.013436,-0.036188,60.824036,140.281998,-514.496216,0,0
0.880000,2.116568,1.372614,-1.971741,0.974127,0.150852,-0.168285,0.181273,-0.076843,0.980426,0.134967,-0.985565,-0.102200,0.733684,0.113170,-0.011353,0.669904,0.026565,0.010224,-0.022374,-0.001003,0.016467,-0.006879,0.168285,-0.980426,0.102200,0.000000,0.000000,0.000000,-1,0.176300,-0.963562,0.094620,0.004220,0.011374,-0.029904,58.362946,141.336746,-514.496216,0,0
0.920000,2.114532,1.371533,-1.970593,0.974060,0.150034,-0.169400,0.182337,-0.077047,0.980213,0.134013,-0.985674,-0.102405,0.733743,0.113245,-0.012057,0.669815,0.025372,-0.047815,0.001279,0.001880,0.016498,-0.009220,0.169400,-0.980213,0.102405,0.000000,0.000000,0.000000,-1,0.166885,-0.960327,0.099213,0.012597,-0.061414,0.002263,60.472443,140.281998,-514.831421,0,0
0.960000,2.121120,1.370848,-1.980620,0.974571,0.146804,-0.169293,0.182171,-0.079139,0.980077,0.130481,-0.985995,-0.103870,0.734435,0.111982,-0.013212,0.669246,0.061577,-0.056170,0.014875,0.009540,0.016896,-0.004490,0.169293,-0.980077,0.103870,0.000000,0.000000,0.000000,-1,0.179871,-0.968307,0.098541,0.029706,-0.037058,0.002039,58.011368,140.985153,-514.161072,0,0
1.000000,2.126303,1.369718,-1.987941,0.974792,0.144857,-0.169694,0.182600,-0.080920,0.979852,0.128206,-0.986138,-0.105331,0.735024,0.111376,-0.014111,0.668682,0.037083,-0.047791,0.004369,0.001860,0.010491,-0.005813,0.169694,-0.979852,0.105331,0.000000,0.000000,0.000000,-1,0.158691,-0.971252,0.105713,0.004115,-0.042426,-0.006265,60.120865,139.930405,-514.161072,0,0
1.040000,2.130006,1.369870,-1.993143,0.975094,0.143426,-0.169177,0.182040,-0.081807,0.979882,0.126701,-0.986274,-0.105879,0.735320,0.110655,-0.014441,0.668470,0.024346,-0.041353,0.012974,-0.014162,0.012826,-0.001631,0.169177,-0.979882,0.105879,0.000000,0.000000,0.000000,-1,0.162094,-0.963470,0.099106,0.009525,-0.024303,0.006409,59.769287,140.633575,-514.831421,0,0
1.080000,2.136485,1.370023,-2.001172,0.975448,0.141975,-0.168360,0.181241,-0.083203,0.979913,0.125115,-0.986367,-0.106892,0.735789,0.109820,-0.014693,0.668085,0.048021,-0.037992,0.017288,-0.002558,0.018304,-0.008702,0.168360,-0.979913,0.106892,0.000000,0.000000,0.000000,-1,0.169052,-0.966263,0.097107,0.016922,-0.041271,0.004285,59.593491,141.512543,-512.652771,0,0
1.120000,2.140191,1.370046,-2.007888,0.975937,0.139077,-0.167944,0.180658,-0.084409,0.979917,0.122108,-0.986678,-0.107503,0.736181,0.108579,-0.015566,0.667837,0.019216,-0.064347,0.030390,0.002542,0.009779,-0.006963,0.167944,-0.979917,0.107503,0.000000,0.000000,0.000000,-1,0.162247,-0.965363,0.103394,-0.009699,-0.055935,0.021591,59.241898,139.754608,-512.987915,0,0
1.160000,2.143016,1.370832,-2.012534,0.976355,0.137274,-0.166992,0.179568,-0.084919,0.980074,0.120358,-0.986886,-0.107561,0.736348,0.107572,-0.015833,0.667809,0.020345,-0.047342,0.036711,-0.005676,0.017168,-0.005830,0.166992,-0.980074,0.107561,0.000000,0.000000,0.000000,-1,0.168961,-0.962341,0.097427,0.001003,-0.042119,0.026783,59.066116,140.281998,-514.161072,0,0
1.200000,2.148168,1.371927,-2.022035,0.977194,0.133001,-0.165536,0.177786,-0.086152,0.980291,0.116118,-0.987364,-0.107833,0.736746,0.105459,-0.016769,0.667684,0.028769,-0.079063,0.043149,-0.001275,0.016744,-0.011169,0.165536,-0.980291,0.107833,0.000000,0.000000,0.000000,-1,0.154999,-0.962677,0.096176,-0.003326,-0.070656,0.033316,59.241898,140.106201,-513.658325,0,0
1.240000,2.151794,1.373426,-2.028101,0.977799,0.130543,-0.163916,0.175942,-0.086581,0.980586,0.113817,-0.987655,-0.107626,0.736886,0.103980,-0.016997,0.667756,0.016016,-0.072665,0.047492,-0.016394,0.019602,-0.007941,0.163916,-0.980586,0.107626,0.000000,0.000000,0.000000,-1,0.147552,-0.958755,0.101746,-0.007551,-0.061103,0.035443,58.011368,138.875656,-514.161072,0,0
1.280000,2.157640,1.374920,-2.036186,0.978404,0.128302,-0.162064,0.173927,-0.087343,0.980877,0.111693,-0.987882,-0.107772,0.737143,0.102500,-0.017083,0.667699,0.028781,-0.075846,0.047415,-0.014512,0.022122,-0.006026,0.162064,-0.980877,0.107772,0.000000,0.000000,0.000000,-1,0.144226,-0.963104,0.108368,0.011586,-0.069591,0.034261,58.714523,139.930405,-512.150024,0,0
1.320000,2.168206,1.376408,-2.049709,0.979167,0.125396,-0.159709,0.171435,-0.089014,0.981166,0.108818,-0.988105,-0.108657,0.737706,0.100592,-0.017247,0.667364,0.026726,-0.043099,0.037733,-0.017696,0.020335,0.001634,0.159709,-0.981166,0.108657,0.000000,0.000000,0.000000,-1,0.140869,-0.958832,0.111282,-0.017017,-0.005163,0.014001,59.066116,140.281998,-514.496216,0,0
1.360000,2.177683,1.377734,-2.059997,0.979612,0.124586,-0.157604,0.169361,-0.090162,0.981421,0.108061,-0.988104,-0.109423,0.738105,0.099561,-0.016780,0.667088,0.012910,-0.016832,0.014320,-0.013393,0.014182,-0.000735,0.157604,-0.981421,0.109423,0.000000,0.000000,0.000000,-1,0.149750,-0.978363,0.114120,-0.009639,-0.016964,-0.001992,58.890320,141.512543,-514.328613,0,0
1.400000,2.180694,1.377871,-2.063855,0.979786,0.123771,-0.157163,0.168894,-0.090751,0.981448,0.107212,-0.988152,-0.109820,0.738302,0.099101,-0.016914,0.666936,0.000048,-0.028675,-0.006836,-0.010358,-0.002256,0.007001,0.157163,-0.981448,0.109820,0.000000,0.000000,0.000000,-1,0.114426,-0.931717,0.108459,-0.044725,0.030362,-0.039184,57.835571,140.809372,-513.993469,0,0
1.440000,2.197975,1.379533,-2.075895,0.979636,0.128922,-0.153921,0.166361,-0.091988,0.981765,0.112412,-0.987379,-0.111562,0.738781,0.099922,-0.014046,0.666349,0.125479,0.181854,0.083053,-0.002935,0.049972,-0.051427,0.153921,-0.981765,0.111562,0.000000,0.000000,0.000000,-1,0.193558,-0.962280,0.036133,0.165652,0.124785,0.096257,59.417694,141.336746,-513.490723,0,0
1.480000,2.209814,1.379334,-2.086569,0.979656,0.130167,-0.152746,0.165539,-0.093854,0.981727,0.113453,-0.987040,-0.113493,0.739426,0.099978,-0.013285,0.665640,0.191358,0.116407,0.108355,0.040812,0.019447,-0.077360,0.152746,-0.981727,0.113493,0.000000,0.000000,0.000000,-1,0.286560,-1.076630,0.039352,0.221215,-0.139221,0.068052,58.011368,142.743073,-513.490723,0,0
1.520000,2.241802,1.376952,-2.129916,0.981312,0.119434,-0.150870,0.163299,-0.102180,0.981271,0.101781,-0.987570,-0.119774,0.742170,0.095239,-0.016536,0.663204,-0.046812,-0.397093,0.010921,0.107279,-0.101432,0.006553,0.150870,-0.981271,0.119774,0.000000,0.000000,0.000000,-1,0.085068,-0.936676,0.214813,-0.307205,-0.096261,-0.106985,59.593491,139.403030,-512.987915,0,0
1.560000,2.172670,1.380967,-2.055365,0.980025,0.123933,-0.155534,0.166968,-0.087898,0.982036,0.108036,-0.988390,-0.106835,0.737353,0.098630,-0.016104,0.668074,-0.109904,0.292644,-0.081728,-0.129823,0.115429,0.044410,0.155534,-0.982036,0.106835,0.000000,0.000000,0.000000,-1,0.032364,-0.864136,0.120300,-0.032539,0.210156,-0.067651,59.417694,140.281998,-514.496216,0,0
1.600000,2.185328,1.379403,-2.064174,0.979530,0.127923,-0.155424,0.167540,-0.090092,0.981740,0.111585,-0.987684,-0.109680,0.738123,0.100073,-0.014848,0.667038,0.210049,0.004680,0.053232,-0.033414,0.054708,-0.043793,0.155424,-0.981740,0.109680,0.000000,0.000000,0.000000,-1,0.243042,-1.001877,0.026825,0.259542,-0.137152,0.063486,59.769287,140.281998,-513.825867,0,0
1.640000,2.222401,1.376288,-2.108128,0.980597,0.121699,-0.153682,0.166046,-0.098932,0.981143,0.104200,-0.987624,-0.117220,0.741072,0.097071,-0.016693,0.664162,0.273374,-0.268114,0.093349,0.089360,-0.020734,-0.090395,0.153682,-0.981143,0.117220,0.000000,0.000000,0.000000,-1,0.134171,-0.977295,0.122086,0.003024,-0.078131,0.026902,59.066116,142.743073,-514.161072,0,0
1.680000,2.213816,1.379017,-2.101297,0.981021,0.119705,-0.152540,0.164408,-0.096440,0.981667,0.102800,-0.988114,-0.114290,0.740228,0.095954,-0.016799,0.665261,-0.248569,0.093306,-0.005164,-0.039777,0.017357,0.008436,0.152540,-0.981667,0.114290,0.000000,0.000000,0.000000,-1,0.111328,-0.953323,0.120346,-0.235161,0.055055,-0.006905,57.483978,140.809372,-512.652771,0,0
1.720000,2.198414,1.382101,-2.087505,0.981364,0.117779,-0.151830,0.163089,-0.092667,0.982250,0.101619,-0.988707,-0.110149,0.738949,0.095023,-0.016987,0.666811,0.059605,-0.151959,0.050893,-0.010671,0.038585,0.017369,0.151830,-0.982250,0.110149,0.000000,0.000000,0.000000,-1,0.157913,-0.947815,0.118500,0.092288,-0.143731,0.036044,58.187149,140.106201,-514.328613,0,0
1.760000,2.214944,1.380887,-2.108133,0.981951,0.113967,-0.150943,0.162168,-0.096622,0.982021,0.097334,-0.988775,-0.113360,0.740259,0.093256,-0.018105,0.665577,0.137516,-0.079026,0.036166,0.005612,0.029034,-0.010607,0.150943,-0.982021,0.113360,0.000000,0.000000,0.000000,-1,0.135315,-0.968323,0.084534,0.048904,-0.024372,-0.000288,56.780823,141.512543,-513.658325,0,0
1.800000,2.225312,1.379754,-2.119979,0.982147,0.112673,-0.150641,0.161960,-0.099117,0.981807,0.095692,-0.988676,-0.115596,0.741090,0.092645,-0.018537,0.664724,-0.013502,-0.004049,-0.003336,-0.024787,0.008617,-0.023966,0.150641,-0.981807,0.115595,0.000000,0.000000,0.000000,-1,0.120071,-0.971848,0.097122,-0.089398,0.026353,-0.015385,58.362946,141.688324,-512.150024,0,0
1.840000,2.218622,1.380684,-2.112878,0.982107,0.112959,-0.150684,0.161878,-0.097493,0.981983,0.096233,-0.988805,-0.114034,0.740546,0.092782,-0.018382,0.665316,-0.064615,-0.011391,0.003480,-0.024143,0.009052,-0.023443,0.150684,-0.981983,0.114034,0.000000,0.000000,0.000000,-1,0.154037,-0.974884,0.111389,-0.050270,-0.097182,0.027387,58.538742,140.809372,-514.328613,0,0
1.880000,2.218461,1.382083,-2.116054,0.982656,0.109571,-0.149606,0.160393,-0.097294,0.982246,0.093070,-0.989206,-0.113181,0.740461,0.091147,-0.019088,0.665616,-0.011223,0.023706,0.019977,0.005377,0.026009,0.047555,0.149606,-0.982246,0.113181,0.000000,0.000000,0.000000,-1,0.151260,-0.938873,0.162369,-0.018584,0.218951,-0.032636,57.483978,140.457779,-512.987915,0,0
1.920000,2.235610,1.379671,-2.125016,0.981705,0.117911,-0.149508,0.161529,-0.099974,0.981791,0.100817,-0.987979,-0.117191,0.741429,0.094223,-0.016418,0.664180,0.120404,0.273443,-0.023483,-0.005480,0.036646,0.037045,0.149508,-0.981791,0.117191,0.000000,0.000000,0.000000,-1,0.140289,-0.948349,0.133926,0.203067,0.276138,-0.029243,58.187149,139.754608,-514.663818,0,0
1.960000,2.290222,1.371902,-2.167157,0.980168,0.131082,-0.148621,0.163479,-0.110971,0.980286,0.112005,-0.985141,-0.130199,0.745208,0.098819,-0.012284,0.659355,0.216206,0.256563,-0.014574,-0.005982,0.032806,-0.009884,0.148621,-0.980286,0.130199,0.000000,0.000000,0.000000,-1,0.139359,-0.943802,0.120499,0.157280,0.270903,-0.023542,58.714523,139.930405,-512.820374,0,0
2.000000,2.314121,1.368609,-2.183411,0.979200,0.138961,-0.147843,0.164294,-0.115469,0.979630,0.119059,-0.983543,-0.135898,0.746754,0.101525,-0.009636,0.657235,0.123607,0.269285,-0.014968,-0.009217,0.039322,-0.010944,0.147843,-0.979630,0.135898,0.000000,0.000000,0.000000,-1,0.144836,-0.940033,0.147705,0.081613,0.255996,-0.033552,59.066116,139.930405,-512.820374,0,0
2.040000,2.360994,1.360513,-2.214783,0.976934,0.154998,-0.146889,0.166929,-0.125323,0.977972,0.133175,-0.979934,-0.148306,0.750094,0.107295,-0.004571,0.652553,0.175911,0.324125,-0.040080,-0.010735,0.034200,0.031992,0.146889,-0.977972,0.148306,0.000000,0.000000,0.000000,-1,0.134872,-0.951080,0.177261,0.172393,0.369065,-0.060248,59.241898,141.160950,-511.982422,0,0
2.080000,2.397253,1.353961,-2.239954,0.975211,0.166492,-0.145754,0.168744,-0.133457,0.976583,0.143141,-0.976970,-0.158243,0.752813,0.111328,-0.000868,0.648751,0.205838,0.385667,-0.054373,-0.011416,0.011007,0.006064,0.145754,-0.976583,0.158243,0.000000,0.000000,0.000000,-1,0.133377,-0.966675,0.157944,0.170290,0.383824,-0.067744,57.659775,141.336746,-513.490723,0,0
2.120000,2.427554,1.347864,-2.255306,0.972646,0.181644,-0.144790,0.171285,-0.139794,0.975253,0.156909,-0.973377,-0.167083,0.754905,0.116879,0.004013,0.645323,0.138757,0.381487,-0.049570,-0.017273,-0.006650,-0.011291,0.144790,-0.975253,0.167083,0.000000,0.000000,0.000000,-1,0.141113,-0.976913,0.161270,0.068088,0.381800,-0.059486,58.538742,141.160950,-511.647217,0,0
2.160000,2.448050,1.343133,-2.255889,0.968820,0.201418,-0.144284,0.174775,-0.142812,0.974196,0.175615,-0.969039,-0.173562,0.755843,0.124428,0.010363,0.642738,0.083642,0.467299,-0.048405,0.015979,0.030486,-0.024514,0.144284,-0.974196,0.173562,0.000000,0.000000,0.000000,-1,0.162430,-0.928726,0.138916,0.063095,0.494041,-0.063064,58.362946,139.227234,-512.150024,0,0
2.200000,2.462263,1.340254,-2.255851,0.965900,0.215467,-0.143564,0.176951,-0.144579,0.973543,0.189010,-0.965749,-0.177776,0.756349,0.129708,0.015022,0.641004,0.093221,0.461019,-0.039938,0.020651,0.072832,-0.057277,0.143564,-0.973543,0.177776,0.000000,0.000000,0.000000,-1,0.172150,-0.893784,0.119034,0.066147,0.433817,-0.046883,59.066116,140.633575,-511.479645,0,0
2.240000,2.473602,1.337473,-2.255347,0.963274,0.227139,-0.143215,0.179121,-0.146201,0.972903,0.200046,-0.962825,-0.181517,0.756801,0.134203,0.018773,0.639444,0.101443,0.349982,-0.020419,0.042316,0.063022,-0.052413,0.143215,-0.972903,0.181517,0.000000,0.000000,0.000000,-1,0.192978,-0.964813,0.137314,0.091231,0.257171,-0.020847,58.362946,141.336746,-509.468567,0,0
2.280000,2.492856,1.332580,-2.262522,0.960450,0.239186,-0.142568,0.181731,-0.150517,0.971760,0.210973,-0.959236,-0.188032,0.758123,0.138803,0.022557,0.636769,0.058052,0.104718,-0.001081,0.110590,-0.018535,-0.074064,0.142568,-0.971760,0.188032,0.000000,0.000000,0.000000,-1,0.271912,-0.992996,0.113129,0.008669,0.062349,-0.015215,58.714523,140.985153,-510.474121,0,0
2.320000,2.479514,1.331530,-2.249089,0.959933,0.239380,-0.145691,0.184531,-0.148703,0.971512,0.210896,-0.959471,-0.186917,0.757554,0.139894,0.021518,0.637243,0.020347,-0.039263,0.006114,0.143921,-0.019699,-0.071652,0.145691,-0.971512,0.186917,0.000000,0.000000,0.000000,-1,0.294083,-0.994095,0.116196,0.007280,-0.063481,0.007639,58.890320,141.160950,-510.306519,0,0
2.360000,2.484723,1.330116,-2.258331,0.960880,0.235634,-0.145555,0.184211,-0.151274,0.971176,0.206823,-0.959996,-0.188762,0.758439,0.138391,0.020196,0.636562,0.098974,-0.107959,0.023873,0.113555,-0.053848,-0.086605,0.145555,-0.971176,0.188762,0.000000,0.000000,0.000000,-1,0.236221,-1.042694,0.068634,0.063702,-0.080284,0.024309,59.945068,140.106201,-509.636169,0,0
2.400000,2.495218,1.329879,-2.274555,0.962491,0.230132,-0.143704,0.181907,-0.154391,0.971120,0.201299,-0.960834,-0.190462,0.759497,0.135629,0.018958,0.635932,-0.041485,-0.153689,0.115685,0.060871,-0.026759,-0.169131,0.143704,-0.971120,0.190462,0.000000,0.000000,0.000000,-1,0.198883,-0.973633,0.018082,-0.107803,-0.197850,0.135808,57.308197,139.930405,-509.468567,0,0
2.440000,2.496814,1.334935,-2.283888,0.964831,0.222207,-0.140447,0.176742,-0.152868,0.972314,0.194585,-0.962941,-0.186765,0.759023,0.131402,0.017831,0.637416,-0.103572,-0.316189,0.180695,0.067744,0.037987,-0.162244,0.140447,-0.972313,0.186765,0.000000,0.000000,0.000000,-1,0.230042,-0.915527,0.065872,-0.121986,-0.345732,0.179085,59.417694,139.930405,-510.138947,0,0
2.480000,2.500422,1.342104,-2.302661,0.968924,0.206881,-0.135600,0.168652,-0.151497,0.973964,0.180952,-0.966565,-0.181680,0.758634,0.123753,0.014945,0.639482,-0.055776,-0.369001,0.197568,0.091833,0.061198,-0.098840,0.135600,-0.973964,0.181680,0.000000,0.000000,0.000000,-1,0.218765,-0.910049,0.080933,-0.041006,-0.327727,0.180521,58.538742,140.457779,-510.306519,0,0
2.520000,2.508961,1.346040,-2.321913,0.971688,0.196108,-0.131776,0.162901,-0.152098,0.974848,0.171132,-0.968715,-0.179738,0.758868,0.118271,0.012966,0.640283,0.012502,-0.321386,0.193664,0.080139,0.067927,-0.108952,0.131776,-0.974848,0.179738,0.000000,0.000000,0.000000,-1,0.200836,-0.907486,0.049057,0.031450,-0.313927,0.185234,57.659775,141.336746,-511.144470,0,0
2.560000,2.501788,1.351550,-2.333434,0.975529,0.177433,-0.129852,0.157251,-0.150251,0.976062,0.153675,-0.972596,-0.174476,0.758330,0.110336,0.007854,0.642418,0.099634,-0.363740,0.198430,0.069840,0.053912,-0.130287,0.129852,-0.976062,0.174476,0.000000,0.000000,0.000000,-1,0.198303,-0.926956,0.046234,0.063213,-0.384769,0.199102,57.483978,139.754608,-511.982422,0,0
2.600000,2.520163,1.353060,-2.364135,0.978210,0.165193,-0.125767,0.151532,-0.153958,0.976389,0.141929,-0.974171,-0.175635,0.759573,0.104244,0.005320,0.641992,0.076153,-0.397459,0.216849,0.069775,0.053080,-0.126746,0.125767,-0.976389,0.175635,0.000000,0.000000,0.000000,-1,0.178696,-0.915298,0.048889,0.028078,-0.398371,0.216471,57.308197,140.633575,-510.809296,0,0
2.640000,2.505769,1.360347,-2.367752,0.981334,0.146950,-0.124053,0.145997,-0.149411,0.977937,0.125173,-0.977794,-0.168076,0.758093,0.096606,0.000370,0.644951,0.051639,-0.403580,0.243652,0.048799,0.057176,-0.116044,0.124053,-0.977937,0.168077,0.000000,0.000000,0.000000,-1,0.162704,-0.946411,0.057983,0.033393,-0.430871,0.252772,57.659775,139.578827,-511.144470,0,0
2.680000,2.524325,1.367748,-2.409934,0.985520,0.122989,-0.116721,0.134728,-0.150046,0.979456,0.102949,-0.980999,-0.164443,0.758289,0.084967,-0.004540,0.646342,0.089887,-0.424703,0.251939,0.034753,-0.037511,-0.089553,0.116721,-0.979456,0.164443,0.000000,0.000000,0.000000,-1,0.156937,-1.088089,0.098465,0.067611,-0.361213,0.226678,56.956604,142.039917,-510.809296,0,0
2.720000,2.558811,1.370641,-2.456182,0.987783,0.110955,-0.109421,0.125852,-0.153919,0.980036,0.091898,-0.981834,-0.166003,0.759557,0.077942,-0.005768,0.645728,0.027952,-0.116645,0.233154,0.061538,-0.147406,-0.044467,0.109421,-0.980036,0.166003,0.000000,0.000000,0.000000,-1,0.181305,-1.143433,0.123962,-0.051341,0.102582,0.210947,55.550278,141.688324,-511.814819,0,0
2.760000,2.587474,1.374686,-2.483453,0.988426,0.111813,-0.102532,0.119183,-0.154157,0.980832,0.093863,-0.981699,-0.165698,0.759651,0.076020,-0.002853,0.645866,-0.035133,0.174339,0.200593,0.087074,-0.172794,-0.043094,0.102532,-0.980832,0.165698,0.000000,0.000000,0.000000,-1,0.235260,-1.196457,0.100266,-0.059573,0.277495,0.112346,54.671310,140.457779,-511.312073,0,0
2.800000,2.624529,1.379855,-2.504450,0.987455,0.127012,-0.093815,0.112902,-0.152547,0.981826,0.110392,-0.980101,-0.164973,0.759107,0.079012,0.005459,0.646130,-0.085405,0.527247,0.106977,0.178936,-0.203706,-0.067744,0.093815,-0.981826,0.164973,0.000000,0.000000,0.000000,-1,0.282715,-1.103729,0.081039,-0.141363,0.694817,0.111416,55.022903,140.106201,-512.317566,0,0
2.840000,2.650920,1.385234,-2.507899,0.985000,0.149053,-0.086940,0.109247,-0.148678,0.982833,0.133568,-0.977588,-0.162732,0.757695,0.085225,0.015385,0.646837,-0.201588,0.871122,0.066107,0.176503,-0.070817,-0.096096,0.086940,-0.982833,0.162731,0.000000,0.000000,0.000000,-1,0.203018,-0.945572,0.089279,-0.347416,0.982653,-0.035079,53.968140,140.809372,-512.317566,0,0
2.880000,2.617837,1.404287,-2.409754,0.973806,0.211730,-0.082893,0.110755,-0.123303,0.986169,0.198581,-0.969519,-0.143523,0.748437,0.107720,0.038643,0.653257,-0.596259,1.240111,-0.242228,0.099205,-0.033072,-0.023192,0.082893,-0.986169,0.143523,0.000000,0.000000,0.000000,-1,0.182098,-1.019241,0.120331,-0.671743,1.326748,-0.285270,55.198685,141.336746,-513.490723,0,0
2.920000,2.550239,1.416990,-2.299662,0.963860,0.252347,-0.085407,0.114277,-0.102035,0.988195,0.240653,-0.962242,-0.127185,0.740453,0.123784,0.052416,0.658529,-0.700036,1.445413,-0.263500,0.032528,-0.064158,0.025631,0.085407,-0.988195,0.127185,0.000000,0.000000,0.000000,-1,0.050247,-0.956085,0.163681,-0.713666,1.497841,-0.224863,55.726059,141.864120,-513.658325,0,0
2.960000,2.490405,1.433704,-2.176279,0.946391,0.312223,-0.082836,0.112369,-0.077783,0.990618,0.302850,-0.946819,-0.108698,0.730218,0.145365,0.075325,0.663308,-0.450705,1.633252,0.009781,-0.083813,0.145784,0.062247,0.082836,-0.990618,0.108698,0.000000,0.000000,0.000000,-1,-0.053329,-0.783646,0.172775,-0.253630,1.616090,0.086462,55.901855,141.336746,-514.496216,0,0
3.000000,2.519800,1.441359,-2.157112,0.930888,0.357485,-0.075186,0.107519,-0.071417,0.991635,0.349125,-0.931184,-0.104918,0.725814,0.160166,0.094356,0.662297,-0.115217,1.579069,0.112849,-0.157538,0.195858,0.076631,0.075186,-0.991635,0.104918,0.000000,0.000000,0.000000,-1,-0.201431,-0.937866,0.187683,0.073156,1.586362,0.085104,56.956604,142.039917,-513.155518,0,0
3.040000,2.631575,1.435045,-2.194763,0.902460,0.425677,-0.066069,0.109833,-0.079070,0.990800,0.416537,-0.901414,-0.118111,0.724507,0.184784,0.120933,0.652931,0.352282,1.149310,-0.192782,-0.293257,-0.038436,-0.044549,0.066069,-0.990800,0.118111,0.000000,0.000000,0.000000,-1,-0.086380,-1.071381,-0.020737,0.360484,0.743396,-0.237822,54.495514,141.336746,-513.155518,0,0
3.080000,2.647768,1.422631,-2.196410,0.895646,0.439229,-0.069973,0.119665,-0.086448,0.989044,0.428368,-0.894206,-0.129987,0.726650,0.192285,0.123304,0.647922,0.310843,0.088407,-0.151198,-0.085476,-0.041749,-0.161619,0.069973,-0.989044,0.129987,0.000000,0.000000,0.000000,-1,0.110245,-0.869965,0.014206,-0.012595,-0.179213,-0.137722,56.605026,143.094666,-513.155518,0,0
3.120000,2.612113,1.421329,-2.165740,0.897355,0.434853,-0.075213,0.123325,-0.083459,0.988851,0.423728,-0.896625,-0.128521,0.726177,0.192163,0.119983,0.649110,-0.300792,-0.091523,-0.075495,0.060102,0.168950,-0.093105,0.075213,-0.988851,0.128521,0.000000,0.000000,0.000000,-1,0.174805,-0.763611,0.068039,-0.410585,0.178585,-0.052882,55.550278,141.688324,-513.155518,0,0
3.160000,2.551673,1.430945,-2.091200,0.891130,0.447073,-0.077545,0.120943,-0.069312,0.990237,0.437333,-0.891808,-0.115836,0.720465,0.197100,0.124846,0.653066,-0.046825,0.514542,-0.161766,0.088333,0.162630,-0.036262,0.077545,-0.990237,0.115836,0.000000,0.000000,0.000000,-1,0.093063,-0.871918,0.061630,0.045732,0.520065,-0.227087,56.780823,142.567291,-514.328613,0,0
3.200000,2.544981,1.420359,-2.064274,0.881080,0.465412,-0.084204,0.131990,-0.070992,0.988706,0.454177,-0.882243,-0.123980,0.720426,0.207309,0.128387,0.649251,0.264793,0.450334,-0.226796,-0.027304,0.076550,-0.102709,0.084204,-0.988706,0.123980,0.000000,0.000000,0.000000,-1,0.054062,-0.911514,-0.032547,0.229635,0.381725,-0.178990,57.659775,141.688324,-513.825867,0,0
3.240000,2.557633,1.406588,-2.059680,0.872014,0.481111,-0.090127,0.144322,-0.076773,0.986548,0.467720,-0.873291,-0.136382,0.722006,0.216561,0.130745,0.643984,0.134513,0.258342,-0.145167,0.009650,0.071250,-0.209929,0.090127,-0.986548,0.136382,0.000000,0.000000,0.000000,-1,0.099777,-0.915298,-0.073547,0.059987,0.251631,-0.162272,58.011368,143.094666,-514.496216,0,0
3.280000,2.547225,1.402739,-2.041684,0.867882,0.487861,-0.093667,0.149063,-0.075885,0.985912,0.473879,-0.869617,-0.138582,0.721517,0.220689,0.131740,0.642926,-0.005048,0.245510,-0.161082,0.013587,0.041377,-0.176576,0.093667,-0.985912,0.138582,0.000000,0.000000,0.000000,-1,0.103912,-0.932877,-0.028946,-0.063585,0.244101,-0.177265,58.011368,143.094666,-512.485168,0,0
3.320000,2.523367,1.401431,-2.010968,0.864069,0.493803,-0.097694,0.152490,-0.071821,0.985692,0.479721,-0.866603,-0.137358,0.719939,0.224426,0.132660,0.643212,-0.098985,0.170285,-0.165398,-0.004173,0.058904,-0.158812,0.097694,-0.985692,0.137358,0.000000,0.000000,0.000000,-1,0.078964,-0.976761,-0.011307,-0.120448,0.097983,-0.173081,57.659775,143.446243,-513.490723,0,0
3.360000,2.476063,1.399138,-1.959983,0.861363,0.496919,-0.105475,0.158042,-0.064814,0.985303,0.482779,-0.865373,-0.134362,0.717729,0.228136,0.131423,0.644629,-0.008005,-0.012047,-0.180335,0.006632,-0.083911,-0.126321,0.105475,-0.985303,0.134362,0.000000,0.000000,0.000000,-1,0.149414,-1.173386,0.030457,-0.013259,0.007644,-0.204468,60.472443,143.797836,-514.161072,0,0
3.400000,2.443628,1.393303,-1.925074,0.859067,0.499127,-0.113470,0.165598,-0.061252,0.984289,0.484335,-0.864361,-0.135274,0.716867,0.231816,0.129336,0.644698,0.014618,0.110413,-0.223583,0.072748,-0.270319,-0.091390,0.113470,-0.984289,0.135274,0.000000,0.000000,0.000000,-1,0.152145,-1.222916,0.005890,-0.014937,0.170604,-0.221045,59.945068,144.676788,-513.323120,0,1
3.440000,2.420772,1.387379,-1.893331,0.853598,0.506833,-0.120378,0.172985,-0.057813,0.983226,0.491372,-0.860104,-0.137023,0.715618,0.237494,0.129606,0.643965,0.024620,0.225074,-0.194261,0.003432,-0.199818,-0.208694,0.120378,-0.983226,0.137023,0.000000,0.000000,0.000000,-1,0.188522,-1.204117,-0.083313,-0.156017,0.015748,-0.247069,59.769287,144.852585,-512.150024,0,0
3.480000,2.380774,1.385364,-1.851792,0.851964,0.507933,-0.127127,0.177141,-0.051129,0.982857,0.492725,-0.859878,-0.133535,0.713552,0.240022,0.128091,0.645620,-0.301515,-0.149697,-0.295794,0.105798,-0.227669,-0.166372,0.127127,-0.982857,0.133535,0.000000,0.000000,0.000000,-1,0.230606,-1.180069,0.114243,-0.659130,-0.423723,-0.361902,60.296661,145.028381,-513.323120,0,0
3.520000,2.185596,1.395168,-1.676582,0.860730,0.488643,-0.142732,0.173750,-0.018449,0.984617,0.478493,-0.872289,-0.100781,0.703555,0.235373,0.119309,0.659829,-0.582313,-0.573509,-0.087486,0.034850,0.020216,0.127978,0.142732,-0.984617,0.100781,0.000000,0.000000,0.000000,-1,0.132767,-0.807205,0.238739,-0.487357,-0.592134,-0.015308,62.054581,147.137878,-514.999023,0,0
3.560000,2.118527,1.402107,-1.628587,0.870263,0.471273,-0.143329,0.167610,-0.009697,0.985806,0.463194,-0.881934,-0.087429,0.701318,0.227744,0.114023,0.665796,-0.179965,-0.775141,0.107234,-0.017459,0.218243,0.156483,0.143329,-0.985806,0.087429,0.000000,0.000000,0.000000,-1,0.143173,-0.867065,0.274155,0.051303,-1.053187,0.075992,60.999817,145.379959,-515.334167,0,0
3.600000,2.097023,1.400407,-1.669333,0.897465,0.416002,-0.146625,0.168744,-0.016681,0.985519,0.407532,-0.909211,-0.085169,0.706986,0.206774,0.092260,0.670003,0.173762,-0.961574,-0.002408,0.008251,-0.090821,0.180838,0.146625,-0.985519,0.085169,0.000000,0.000000,0.000000,-1,0.155106,-1.126755,0.227005,0.143328,-0.888132,0.058680,59.769287,145.204163,-515.501770,0,0
3.640000,2.109439,1.401202,-1.708102,0.908340,0.392336,-0.144884,0.167194,-0.023102,0.985653,0.383360,-0.919532,-0.086581,0.710286,0.196938,0.083937,0.670570,0.186474,-0.814396,0.221725,-0.008150,-0.156620,0.059553,0.144884,-0.985653,0.086581,0.000000,0.000000,0.000000,-1,0.083084,-0.982605,0.066269,0.149316,-0.820742,0.244812,61.175613,147.665253,-513.155518,0,0
3.680000,2.129202,1.406299,-1.754266,0.919275,0.368301,-0.138882,0.161008,-0.029876,0.986501,0.359180,-0.929227,-0.086764,0.713427,0.185481,0.077197,0.671311,0.046895,-0.920506,0.312692,-0.057492,0.063512,-0.033739,0.138882,-0.986501,0.086764,0.000000,0.000000,0.000000,-1,0.102127,-0.833694,0.082703,-0.135532,-1.037460,0.284054,60.648239,145.379959,-514.663818,0,0
3.720000,2.096449,1.422453,-1.773024,0.938846,0.319724,-0.127846,0.144788,-0.029686,0.989017,0.312417,-0.947046,-0.074163,0.714614,0.162504,0.064570,0.677310,-0.158883,-1.019955,0.321052,-0.020577,0.166660,0.030467,0.127846,-0.989017,0.074163,0.000000,0.000000,0.000000,-1,0.108017,-0.796066,0.113373,-0.156654,-1.005394,0.314992,60.120865,146.258926,-514.161072,0,0
3.760000,2.090093,1.435211,-1.806194,0.952222,0.281960,-0.117351,0.131443,-0.031526,0.990822,0.275672,-0.958908,-0.067081,0.716036,0.144337,0.055277,0.680738,0.059703,-0.929815,0.337129,-0.005885,0.214257,0.046246,0.117351,-0.990822,0.067081,0.000000,0.000000,0.000000,-1,0.116547,-0.778854,0.105545,0.105635,-0.884718,0.312506,60.120865,146.962082,-516.507324,0,0
3.800000,2.135668,1.440762,-1.878739,0.960379,0.256273,-0.109525,0.123568,-0.039302,0.991557,0.249805,-0.965805,-0.069412,0.719217,0.132033,0.048761,0.680379,0.255799,-0.853773,0.317213,0.026599,0.198177,0.017502,0.109525,-0.991557,0.069412,0.000000,0.000000,0.000000,-1,0.182129,-0.825272,0.044556,0.305832,-0.846964,0.275656,59.241898,146.786301,-515.334167,0,0
3.840000,2.263220,1.442263,-2.047849,0.971257,0.216625,-0.098660,0.113869,-0.058855,0.991751,0.209031,-0.974479,-0.081830,0.726626,0.113708,0.037974,0.676493,0.344532,-0.682796,0.253030,0.091724,0.142859,-0.016065,0.098660,-0.991751,0.081830,0.000000,0.000000,0.000000,-1,0.163589,-0.882050,0.070709,0.274501,-0.606955,0.229191,60.999817,147.841049,-514.663818,0,0
3.880000,2.307833,1.441942,-2.104833,0.974182,0.204733,-0.095148,0.110606,-0.065407,0.991710,0.196812,-0.976630,-0.086363,0.729032,0.108136,0.034863,0.674984,0.245808,-0.538192,0.196792,0.068441,0.109660,-0.015654,0.095148,-0.991710,0.086363,0.000000,0.000000,0.000000,-1,0.121780,-0.959991,0.068314,0.100396,-0.336905,0.107016,60.824036,148.016846,-515.836914,0,0
3.920000,2.328774,1.442758,-2.141924,0.977593,0.188978,-0.092731,0.107424,-0.069026,0.991814,0.181030,-0.979552,-0.087780,0.730479,0.101441,0.030219,0.674683,-0.021770,-0.190804,0.075036,0.029370,-0.019172,-0.024914,0.092731,-0.991814,0.087780,0.000000,0.000000,0.000000,-1,0.163361,-1.069870,0.067993,-0.066338,-0.131051,0.029769,59.945068,147.489456,-514.999023,0,0
3.960000,2.286164,1.443028,-2.107271,0.978753,0.181086,-0.096184,0.109520,-0.065126,0.991849,0.173346,-0.981309,-0.083575,0.729290,0.099620,0.026451,0.676397,-0.021709,-0.061727,-0.054383,0.147636,-0.125644,-0.005679,0.096184,-0.991849,0.083575,0.000000,0.000000,0.000000,-1,0.260315,-1.122665,0.073532,-0.036258,0.038547,-0.070175,60.120865,149.423172,-515.501770,0,0
4.000000,2.278037,1.441411,-2.095828,0.977948,0.184387,-0.098079,0.111646,-0.064672,0.991641,0.176503,-0.980724,-0.083832,0.729118,0.101504,0.026890,0.676285,0.009868,0.222583,-0.119613,0.173619,-0.113110,-0.029862,0.098079,-0.991641,0.083832,0.000000,0.000000,0.000000,-1,0.215286,-1.165115,0.038483,-0.028713,0.214835,-0.248803,60.999817,149.598969,-515.669373,0,0
4.040000,2.229037,1.435117,-2.042691,0.976212,0.188575,-0.107003,0.120481,-0.061487,0.990810,0.180262,-0.980132,-0.082744,0.728087,0.106119,0.025155,0.676753,-0.127830,0.006882,-0.425615,0.079047,-0.276723,-0.023800,0.107003,-0.990810,0.082744,0.000000,0.000000,0.000000,-1,-0.010925,-1.318741,0.316879,-0.324596,0.362996,-0.382359,60.999817,149.950546,-514.999023,0,1
4.080000,2.092192,1.445932,-1.850506,0.964447,0.241204,-0.107992,0.119700,-0.034383,0.992215,0.235613,-0.969865,-0.062032,0.717785,0.125701,0.044450,0.683380,-0.696394,1.506340,0.328487,-0.160681,0.164852,0.122858,0.107992,-0.992215,0.062032,0.000000,0.000000,0.000000,-1,-0.075333,-0.766663,0.163147,-0.722393,1.346008,0.307370,60.999817,149.598969,-516.339722,0,0
4.120000,2.006273,1.462115,-1.727005,0.955973,0.276485,-0.098344,0.107146,-0.016875,0.994100,0.273194,-0.960870,-0.045756,0.710388,0.135008,0.061533,0.687994,-0.628989,1.087629,0.147343,-0.261140,0.196966,0.175985,0.098344,-0.994100,0.045756,0.000000,0.000000,0.000000,-1,-0.259125,-0.955841,0.330780,-0.580816,1.220422,0.015909,59.769287,149.071594,-516.172119,0,0
4.160000,1.920712,1.461116,-1.580022,0.936880,0.334190,-0.102827,0.109456,-0.001010,0.993991,0.332078,-0.942505,-0.037525,0.702747,0.157826,0.081555,0.688902,-0.031035,1.813541,-0.487490,-0.361265,-0.010815,0.160626,0.102827,-0.993991,0.037525,0.000000,0.000000,0.000000,-1,-0.075134,-1.006134,-0.067947,0.333103,0.765718,-0.573270,61.527206,150.829514,-514.831421,0,0
4.200000,2.011975,1.431137,-1.662416,0.930757,0.343289,-0.125876,0.138621,-0.012736,0.990264,0.338343,-0.939143,-0.059441,0.707625,0.170256,0.075063,0.681649,0.652432,-1.204376,-0.280132,-0.018027,0.057738,-0.105401,0.125876,-0.990264,0.059441,0.000000,0.000000,0.000000,-1,0.138412,-0.884125,0.014877,0.625655,-1.369507,-0.215979,62.406158,151.005295,-515.669373,0,0
4.240000,2.032848,1.426282,-1.697164,0.934928,0.330592,-0.128911,0.142864,-0.018150,0.989576,0.324806,-0.943599,-0.064198,0.710154,0.166673,0.068962,0.680548,0.651036,-1.376315,-0.203839,0.009502,0.105451,-0.049321,0.128911,-0.989576,0.064198,0.000000,0.000000,0.000000,-1,0.256516,-0.749100,0.187988,0.507438,-0.729136,-0.150347,61.351410,149.247375,-514.328613,0,0
4.280000,2.115763,1.407858,-1.790597,0.936544,0.321935,-0.138720,0.158315,-0.035369,0.986755,0.312765,-0.946101,-0.084092,0.716939,0.167466,0.060690,0.673996,0.171789,1.094335,-0.257323,0.176252,0.260360,0.028701,0.138720,-0.986755,0.084092,0.000000,0.000000,0.000000,-1,0.122269,-0.786316,0.013718,0.113078,1.518630,-0.480637,62.757751,151.708466,-511.982422,0,0
