0.000000,-1.708555,0.077531,0.141586,-0.125123,-0.095330,0.987551,-0.140690,0.987019,0.077453,-0.982115,-0.129247,-0.136911,0.078690,-0.749842,0.017268,0.656694,0.188708,-0.079292,0.064572,-0.032484,-0.002335,0.035544,-0.987551,-0.077453,0.136911,0.000000,0.000000,0.000000,-1,-0.974564,-0.072433,0.136795,0.177971,0.065484,-0.016540,-10.020142,215.696747,-562.594116,0,0
0.040000,-1.706945,0.075368,0.150661,-0.122994,-0.094126,0.987933,-0.149666,0.985865,0.075296,-0.981057,-0.138599,-0.135343,0.081369,-0.749033,0.021128,0.657177,0.155039,0.063590,0.052582,-0.024182,0.008188,0.011858,-0.987934,-0.075296,0.135344,0.000000,0.000000,0.000000,-1,-0.987671,-0.058609,0.153885,0.099515,0.122249,0.049906,-10.371719,215.696747,-561.923706,0,0
0.080000,-1.703497,0.072587,0.153745,-0.119742,-0.091300,0.988598,-0.152737,0.985602,0.072523,-0.980986,-0.142311,-0.131963,0.081576,-0.747881,0.023329,0.658388,0.089222,0.146014,0.031499,0.034451,0.025679,-0.006093,-0.988598,-0.072523,0.131963,0.000000,0.000000,0.000000,-1,-0.980682,-0.095612,0.123108,0.063189,0.120746,0.001188,-11.602264,215.872543,-561.085815,0,0
0.120000,-1.698692,0.072591,0.156929,-0.114737,-0.090985,0.989220,-0.155874,0.985111,0.072527,-0.981091,-0.145872,-0.127211,0.082709,-0.746167,0.024574,0.660144,0.072077,0.125722,0.012509,0.004922,-0.040937,-0.007872,-0.989220,-0.072527,0.127211,0.000000,0.000000,0.000000,-1,-0.977966,-0.127182,0.105698,0.030240,0.124109,0.020607,-10.899094,214.817795,-562.091309,0,0
0.160000,-1.693496,0.072502,0.158772,-0.109485,-0.090340,0.989875,-0.157690,0.984828,0.072439,-0.981400,-0.148162,-0.122070,0.083301,-0.744376,0.025432,0.662056,0.008041,0.047704,0.048402,0.006369,-0.058039,-0.026092,-0.989874,-0.072439,0.122070,0.000000,0.000000,0.000000,-1,-0.978638,-0.129868,0.091537,-0.034942,0.036335,0.034225,-10.195923,215.520966,-561.756165,0,0
0.200000,-1.691644,0.073517,0.157653,-0.107611,-0.090938,0.990025,-0.156577,0.984931,0.073451,-0.981786,-0.147111,-0.120229,0.083196,-0.743769,0.024759,0.662777,-0.059180,0.009535,0.039420,0.013234,-0.058934,-0.037923,-0.990025,-0.073451,0.120229,0.000000,0.000000,0.000000,-1,-0.981842,-0.125336,0.079590,-0.126703,-0.010441,0.013806,-10.020142,216.048340,-562.258911,0,0
0.240000,-1.690917,0.074847,0.153222,-0.107097,-0.091657,0.990015,-0.152196,0.985518,0.074777,-0.982531,-0.142668,-0.119496,0.081978,-0.743658,0.022823,0.663122,-0.137155,-0.052055,0.016770,0.005136,-0.043784,-0.033055,-0.990015,-0.074777,0.119496,0.000000,0.000000,0.000000,-1,-0.981049,-0.078918,0.110138,-0.188592,-0.033964,-0.011194,-10.723297,217.103088,-562.258911,0,0
0.280000,-1.692269,0.075749,0.145690,-0.108985,-0.091914,0.989785,-0.144759,0.986569,0.075676,-0.983447,-0.135033,-0.120827,0.079487,-0.744376,0.019935,0.662713,-0.110559,-0.053181,0.009107,0.018502,0.000679,0.006523,-0.989785,-0.075676,0.120827,0.000000,0.000000,0.000000,-1,-0.957794,-0.044540,0.149277,-0.083324,-0.091065,0.000988,-10.899094,215.169373,-561.756165,0,0
0.320000,-1.699076,0.073988,0.145620,-0.115936,-0.091100,0.989070,-0.144708,0.986709,0.073921,-0.982659,-0.134557,-0.127578,0.078951,-0.746696,0.020301,0.660151,0.083642,-0.288162,0.033010,0.015086,0.045555,0.042710,-0.989070,-0.073921,0.127578,0.000000,0.000000,0.000000,-1,-0.965317,-0.090347,0.210175,0.202591,0.114139,-0.023305,-11.250687,215.169373,-562.426514,0,0
0.360000,-1.698643,0.073206,0.151687,-0.115073,-0.090977,0.989182,-0.150701,0.985870,0.073141,-0.981859,-0.140654,-0.127157,0.080954,-0.746341,0.022615,0.660235,0.268213,0.228199,-0.019361,0.023865,-0.017206,0.083017,-0.989182,-0.073141,0.127157,0.000000,0.000000,0.000000,-1,-0.966904,-0.011322,0.048523,0.145637,0.291060,-0.020331,-9.844345,216.927292,-562.091309,0,0
0.400000,-1.685813,0.073217,0.155861,-0.102092,-0.089602,0.990731,-0.154815,0.985232,0.073151,-0.982654,-0.145912,-0.114456,0.082360,-0.741920,0.024518,0.664959,-0.157591,0.242252,0.003064,0.012475,0.070633,-0.044982,-0.990731,-0.073151,0.114456,0.000000,0.000000,0.000000,-1,-0.989594,-0.032806,0.072968,-0.321790,0.266003,0.010021,-10.020142,214.290421,-562.594116,0,0
0.440000,-1.674382,0.073111,0.140894,-0.092173,-0.086455,0.991983,-0.140054,0.987446,0.073046,-0.985844,-0.132198,-0.103124,0.076657,-0.738705,0.020019,0.669356,-0.384297,0.219569,0.065630,-0.008414,0.056719,-0.032430,-0.991983,-0.073046,0.103124,0.000000,0.000000,0.000000,-1,-1.013367,-0.047256,0.073380,-0.314614,0.140348,0.051984,-10.371719,215.696747,-562.594116,0,0
0.480000,-1.671748,0.071914,0.134479,-0.090286,-0.084352,0.992337,-0.133727,0.988410,0.071852,-0.986897,-0.126215,-0.100520,0.073864,-0.738108,0.018413,0.670374,-0.079423,-0.008281,0.057728,-0.014300,-0.015688,-0.021296,-0.992337,-0.071852,0.100520,0.000000,0.000000,0.000000,-1,-0.992920,-0.150452,0.052444,-0.024417,-0.010201,0.041775,-11.426468,216.399918,-562.258911,0,0
0.520000,-1.672417,0.069213,0.137656,-0.091045,-0.082071,0.992459,-0.136893,0.988169,0.069158,-0.986393,-0.129565,-0.101203,0.074144,-0.738312,0.020454,0.670060,0.111101,-0.012752,0.036026,0.011456,-0.060175,-0.058432,-0.992459,-0.069158,0.101203,0.000000,0.000000,0.000000,-1,-0.961700,-0.077591,0.069565,0.078662,-0.048671,0.007030,-10.723297,216.751495,-562.258911,0,0
0.560000,-1.677128,0.068967,0.140645,-0.095477,-0.082724,0.991988,-0.139849,0.987772,0.068912,-0.985559,-0.132149,-0.105879,0.075215,-0.739785,0.021370,0.668284,0.024222,-0.170084,-0.027695,0.029647,0.003864,-0.014799,-0.991988,-0.068912,0.105879,0.000000,0.000000,0.000000,-1,-0.970139,-0.050995,0.124191,-0.040011,-0.165649,-0.045943,-10.899094,216.927292,-562.426514,0,0
0.600000,-1.683408,0.070529,0.138993,-0.101589,-0.084917,0.991196,-0.138201,0.987894,0.070470,-0.985180,-0.129826,-0.112095,0.075186,-0.741886,0.020002,0.665997,-0.072541,-0.122458,-0.033515,0.010544,0.014959,0.038311,-0.991196,-0.070470,0.112095,0.000000,0.000000,0.000000,-1,-0.991623,-0.049805,0.133713,-0.072680,-0.056520,-0.042903,-10.723297,215.696747,-563.264465,0,0
0.640000,-1.685875,0.071907,0.137440,-0.103964,-0.086428,0.990819,-0.136653,0.988010,0.071845,-0.985148,-0.127930,-0.114528,0.075090,-0.742715,0.018878,0.665116,-0.011555,-0.031308,-0.025808,-0.008022,0.016776,0.007481,-0.990819,-0.071845,0.114528,0.000000,0.000000,0.000000,-1,-1.003738,-0.061157,0.095535,-0.018230,-0.015139,-0.033892,-10.899094,215.872543,-563.432007,0,0
0.680000,-1.686695,0.072342,0.138257,-0.104641,-0.087046,0.990693,-0.137457,0.987867,0.072279,-0.984965,-0.128614,-0.115337,0.075545,-0.742941,0.018957,0.664810,0.035415,-0.010970,-0.001746,-0.011687,0.011214,-0.020824,-0.990693,-0.072279,0.115337,0.000000,0.000000,0.000000,-1,-0.992981,-0.070526,0.096222,0.011754,0.019002,-0.006554,-10.371719,216.048340,-562.929260,0,0
0.720000,-1.686586,0.072079,0.139338,-0.104476,-0.086887,0.990725,-0.138527,0.987737,0.072017,-0.984832,-0.129718,-0.115231,0.075859,-0.742873,0.019418,0.664836,0.033394,0.017727,0.006670,-0.002256,0.001491,-0.019009,-0.990725,-0.072017,0.115231,0.000000,0.000000,0.000000,-1,-0.975922,-0.072937,0.117477,0.012877,0.040165,-0.008773,-12.481216,217.103088,-561.588562,0,0
0.760000,-1.683978,0.072137,0.141501,-0.101712,-0.086825,0.991018,-0.140662,0.987431,0.072074,-0.984819,-0.132068,-0.112646,0.076655,-0.741921,0.020216,0.665784,0.032577,0.112887,-0.009666,0.009023,-0.001030,0.009302,-0.991018,-0.072074,0.112646,0.000000,0.000000,0.000000,-1,-0.991318,-0.075012,0.117020,0.008887,0.145893,-0.029379,-10.723297,216.399918,-561.253418,0,0
0.800000,-1.680024,0.072845,0.142577,-0.097625,-0.087103,0.991404,-0.141718,0.987228,0.072781,-0.985081,-0.133394,-0.108722,0.077248,-0.740536,0.020463,0.667248,0.031688,0.183690,-0.025909,-0.002538,-0.002842,0.002912,-0.991404,-0.072781,0.108722,0.000000,0.000000,0.000000,-1,-0.994095,-0.077347,0.093262,0.005919,0.229467,-0.040323,-10.723297,215.345169,-561.588562,0,0
0.840000,-1.672948,0.074194,0.143506,-0.090380,-0.087565,0.992050,-0.142621,0.986998,0.074126,-0.985642,-0.134787,-0.101694,0.077967,-0.738084,0.020547,0.669874,0.027553,0.229209,-0.030321,-0.002045,-0.003221,-0.008432,-0.992050,-0.074126,0.101694,0.000000,0.000000,0.000000,-1,-0.990524,-0.077347,0.080826,0.000630,0.241119,-0.040326,-11.953842,215.520966,-562.761719,0,0
0.880000,-1.660529,0.075999,0.144632,-0.077778,-0.087747,0.993102,-0.143713,0.986703,0.075926,-0.986558,-0.136816,-0.089354,0.078857,-0.733797,0.020745,0.674457,0.025267,0.172138,-0.021580,0.004759,-0.003023,-0.010344,-0.993102,-0.075926,0.089354,0.000000,0.000000,0.000000,-1,-0.988724,-0.077301,0.079590,0.002568,0.167097,-0.027279,-12.481216,215.345169,-563.599609,0,0
0.920000,-1.653900,0.076652,0.145672,-0.071052,-0.087553,0.993623,-0.144731,0.986503,0.076576,-0.986917,-0.138367,-0.082764,0.079387,-0.731492,0.021118,0.676884,0.028371,0.133070,-0.009742,0.003983,-0.001045,-0.000260,-0.993623,-0.076576,0.082764,0.000000,0.000000,0.000000,-1,-0.990402,-0.072052,0.084030,0.005689,0.137500,-0.020801,-10.899094,216.575714,-564.772705,0,0
0.960000,-1.649049,0.076281,0.146853,-0.066214,-0.086595,0.994041,-0.145900,0.986360,0.076207,-0.987081,-0.139985,-0.077945,0.079642,-0.729815,0.021847,0.678638,0.023111,0.145861,-0.000152,0.008842,0.006292,0.005871,-0.994041,-0.076207,0.077945,0.000000,0.000000,0.000000,-1,-0.977676,-0.076843,0.073456,-0.009122,0.157755,-0.006913,-11.426468,215.696747,-563.264465,0,0
1.000000,-1.643588,0.076110,0.147393,-0.060802,-0.085693,0.994465,-0.146435,0.986294,0.076036,-0.987350,-0.141001,-0.072517,0.079720,-0.727945,0.022311,0.680620,0.006046,0.130042,0.007495,0.017887,-0.003905,0.000756,-0.994465,-0.076036,0.072517,0.000000,0.000000,0.000000,-1,-0.976028,-0.083817,0.067734,-0.020928,0.125994,-0.005637,-11.250687,215.872543,-563.432007,0,0
1.040000,-1.640307,0.076641,0.147654,-0.057462,-0.085768,0.994657,-0.146686,0.986215,0.076566,-0.987513,-0.141502,-0.069251,0.079958,-0.726796,0.022337,0.681818,0.015510,0.092953,0.005415,0.018628,-0.007250,-0.001517,-0.994657,-0.076566,0.069251,0.000000,0.000000,0.000000,-1,-0.978867,-0.077759,0.079483,-0.004010,0.086801,-0.005621,-12.129639,215.696747,-565.610718,0,0
1.080000,-1.638479,0.076419,0.148882,-0.055585,-0.085359,0.994799,-0.147899,0.986051,0.076344,-0.987439,-0.142886,-0.067434,0.080308,-0.726132,0.022910,0.682465,0.052618,0.042076,0.003186,0.015932,-0.001414,0.012049,-0.994799,-0.076344,0.067434,0.000000,0.000000,0.000000,-1,-0.983414,-0.068909,0.087006,0.060844,0.058159,-0.009212,-10.899094,217.278885,-564.772705,0,0
1.120000,-1.638445,0.075739,0.152315,-0.055360,-0.084876,0.994852,-0.151292,0.985589,0.075666,-0.986938,-0.146324,-0.067403,0.081324,-0.726008,0.024331,0.682427,0.093177,0.072752,0.003828,0.011439,0.006758,0.019603,-0.994852,-0.075666,0.067403,0.000000,0.000000,0.000000,-1,-0.987564,-0.067200,0.067184,0.068451,0.103759,-0.003050,-11.250687,215.169373,-564.437561,0,0
1.160000,-1.634302,0.074040,0.156579,-0.051175,-0.082817,0.995250,-0.155512,0.985060,0.073973,-0.986508,-0.150988,-0.063289,0.082241,-0.724487,0.026576,0.683849,0.067721,0.094055,0.016747,0.005183,0.008299,-0.011791,-0.995250,-0.073973,0.063289,0.000000,0.000000,0.000000,-1,-0.994110,-0.067078,0.033264,0.018409,0.089111,0.015503,-11.074890,216.751495,-564.940308,0,0
1.200000,-1.629228,0.072248,0.157980,-0.046334,-0.080352,0.995689,-0.156914,0.984971,0.072185,-0.986525,-0.152893,-0.058246,0.082069,-0.722764,0.027916,0.685637,0.021916,0.068906,0.040646,0.000526,0.009762,-0.022556,-0.995689,-0.072185,0.058246,0.000000,0.000000,0.000000,-1,-0.993851,-0.049225,0.055573,-0.023031,0.093624,0.044571,-10.899094,216.224121,-564.772705,0,0
1.240000,-1.624498,0.067086,0.157521,-0.042511,-0.074531,0.996312,-0.156518,0.985398,0.067036,-0.986760,-0.153091,-0.053555,0.080074,-0.721364,0.029824,0.687265,-0.020489,0.103112,0.072851,0.003438,0.013111,0.000140,-0.996312,-0.067036,0.053555,0.000000,0.000000,0.000000,-1,-0.991592,-0.061844,0.043503,-0.049512,0.122415,0.064910,-11.778061,216.048340,-564.269958,0,0
1.280000,-1.620690,0.064492,0.156527,-0.039229,-0.071355,0.996679,-0.155565,0.985721,0.064448,-0.987046,-0.152520,-0.049770,0.078770,-0.720194,0.030572,0.688608,-0.027918,0.104261,0.081432,0.007406,0.005472,-0.009044,-0.996679,-0.064448,0.049770,0.000000,0.000000,0.000000,-1,-0.984192,-0.066208,0.044403,-0.040016,0.093815,0.064943,-10.371719,215.345169,-563.264465,0,0
1.320000,-1.617058,0.061754,0.155782,-0.036120,-0.068077,0.997026,-0.154857,0.986007,0.061715,-0.987276,-0.152167,-0.046157,0.077507,-0.719077,0.031447,0.689879,-0.004649,0.062847,0.069683,0.017564,-0.009238,-0.003234,-0.997026,-0.061715,0.046157,0.000000,0.000000,0.000000,-1,-0.975830,-0.068283,0.046539,-0.026298,0.066127,0.048961,-11.250687,215.520966,-564.437561,0,0
1.360000,-1.614933,0.059886,0.155705,-0.034316,-0.065911,0.997235,-0.154798,0.986132,0.059851,-0.987350,-0.152316,-0.044043,0.076804,-0.718417,0.032177,0.690611,0.010156,0.043621,0.052584,0.021436,-0.002222,-0.001197,-0.997235,-0.059851,0.044043,0.000000,0.000000,0.000000,-1,-0.982056,-0.055618,0.032486,-0.011472,0.049068,0.037191,-11.602264,216.575714,-564.772705,0,0
1.400000,-1.613167,0.057920,0.156122,-0.032850,-0.063719,0.997427,-0.155228,0.986181,0.057888,-0.987332,-0.152927,-0.042286,0.076249,-0.717864,0.033098,0.691203,0.015372,0.016005,0.043061,0.010107,-0.000446,-0.011403,-0.997427,-0.057888,0.042287,0.000000,0.000000,0.000000,-1,-0.993362,-0.058578,0.027557,-0.009431,0.026747,0.028737,-11.250687,216.224121,-564.437561,0,0
1.440000,-1.611313,0.056444,0.156690,-0.031214,-0.061998,0.997588,-0.155801,0.986176,0.056414,-0.987295,-0.153664,-0.040441,0.075914,-0.717257,0.033897,0.691831,0.018574,0.029676,0.030201,0.002242,-0.000318,-0.013800,-0.997588,-0.056414,0.040441,0.000000,0.000000,0.000000,-1,-1.001434,-0.055664,0.024521,-0.004070,0.053066,0.011551,-11.602264,216.575714,-564.772705,0,0
1.480000,-1.607649,0.055398,0.157535,-0.027707,-0.060428,0.997788,-0.156644,0.986102,0.055370,-0.987266,-0.154763,-0.036787,0.075794,-0.715995,0.034705,0.693110,0.017593,0.070859,0.014074,-0.002563,-0.003437,-0.009947,-0.997788,-0.055370,0.036787,0.000000,0.000000,0.000000,-1,-0.994675,-0.062378,0.028519,-0.009319,0.090000,-0.003461,-11.074890,217.103088,-565.610718,0,0
1.520000,-1.604706,0.055613,0.157801,-0.024752,-0.060190,0.997880,-0.156904,0.986048,0.055584,-0.987304,-0.155196,-0.033851,0.075912,-0.714957,0.034831,0.694162,0.002738,0.100388,-0.000844,0.007447,-0.009204,-0.002174,-0.997880,-0.055584,0.033851,0.000000,0.000000,0.000000,-1,-0.982590,-0.065811,0.025070,-0.032699,0.118445,-0.020432,-13.184387,217.103088,-565.945862,0,0
1.560000,-1.601231,0.056500,0.157577,-0.021196,-0.060519,0.997942,-0.156675,0.986035,0.056470,-0.987423,-0.155156,-0.030382,0.076078,-0.713725,0.034567,0.695424,-0.012181,0.104545,-0.010346,0.015352,-0.009342,-0.005311,-0.997942,-0.056470,0.030381,0.000000,0.000000,0.000000,-1,-0.987625,-0.060303,0.024200,-0.035976,0.097194,-0.027784,-11.250687,217.278885,-565.107910,0,0
1.600000,-1.597299,0.057445,0.157055,-0.017197,-0.060831,0.998000,-0.156152,0.986063,0.057413,-0.987583,-0.154852,-0.026456,0.076152,-0.712340,0.034197,0.696852,-0.011216,0.078006,-0.017717,0.010375,-0.002890,-0.002255,-0.998000,-0.057413,0.026456,0.000000,0.000000,0.000000,-1,-0.999573,-0.045670,0.017441,-0.031741,0.092917,-0.032062,-11.426468,217.103088,-565.275513,0,0
1.640000,-1.592361,0.057746,0.156700,-0.012294,-0.060359,0.998101,-0.155800,0.986101,0.057714,-0.987712,-0.154794,-0.021527,0.076046,-0.710620,0.034153,0.698620,-0.005849,0.094932,-0.021004,-0.001640,0.012960,-0.007153,-0.998101,-0.057714,0.021527,0.000000,0.000000,0.000000,-1,-0.992859,-0.043457,0.017563,-0.032770,0.104567,-0.032097,-10.547516,217.278885,-566.113464,0,0
1.680000,-1.588440,0.057529,0.156196,-0.008486,-0.059533,0.998190,-0.155304,0.986192,0.057497,-0.987830,-0.154535,-0.017614,0.075724,-0.709276,0.034203,0.700017,-0.016489,0.093918,-0.016635,0.013785,0.016055,0.001398,-0.998190,-0.057497,0.017614,0.000000,0.000000,0.000000,-1,-0.976349,-0.040909,0.018082,-0.045534,0.104620,-0.026672,-10.723297,216.751495,-565.275513,0,0
1.720000,-1.583607,0.057028,0.155042,-0.003856,-0.058287,0.998292,-0.154171,0.986399,0.056997,-0.988037,-0.153688,-0.012789,0.075058,-0.707645,0.034159,0.701740,-0.029240,0.101325,-0.017628,0.015184,0.012960,-0.001116,-0.998292,-0.056997,0.012789,0.000000,0.000000,0.000000,-1,-0.992950,-0.049316,0.009171,-0.054028,0.115184,-0.029842,-11.778061,215.696747,-565.610718,0,0
1.760000,-1.580174,0.057311,0.154134,-0.000473,-0.058038,0.998314,-0.153272,0.986523,0.057280,-0.988184,-0.152986,-0.009363,0.074778,-0.706463,0.033868,0.702973,-0.029208,0.118204,-0.025142,-0.000587,0.002959,-0.002496,-0.998314,-0.057280,0.009363,0.000000,0.000000,0.000000,-1,-1.006866,-0.070480,-0.005905,-0.050776,0.143671,-0.041692,-10.723297,216.751495,-566.281006,0,0
1.800000,-1.575737,0.058517,0.153354,0.004051,-0.058551,0.998276,-0.152492,0.986573,0.058483,-0.988296,-0.152466,-0.004932,0.074850,-0.704886,0.033333,0.704573,-0.021720,0.135097,-0.031662,-0.008590,-0.011997,-0.010837,-0.998276,-0.058483,0.004932,0.000000,0.000000,0.000000,-1,-0.986542,-0.065201,-0.011032,-0.034849,0.130938,-0.043899,-10.547516,217.278885,-567.789307,0,0
1.840000,-1.568421,0.060994,0.152910,0.011632,-0.059883,0.998138,-0.152032,0.986494,0.060956,-0.988307,-0.152458,0.002370,0.075444,-0.702227,0.032576,0.707195,0.002541,0.062011,-0.033716,0.015838,0.003690,-0.004206,-0.998138,-0.060956,-0.002370,0.000000,0.000000,0.000000,-1,-0.992584,-0.056778,-0.002548,-0.027610,0.061023,-0.044758,-12.305435,216.927292,-566.783813,0,0
1.880000,-1.566962,0.061847,0.152609,0.013186,-0.060506,0.998081,-0.151727,0.986488,0.061807,-0.988334,-0.152251,0.003827,0.075615,-0.701690,0.032223,0.707725,-0.020937,0.044011,-0.033464,-0.001950,0.000436,0.002637,-0.998081,-0.061807,-0.003827,0.000000,0.000000,0.000000,-1,-1.011475,-0.072266,-0.001801,-0.061610,0.085382,-0.045651,-11.602264,216.224121,-566.113464,0,0
1.920000,-1.565006,0.063131,0.151552,0.015248,-0.061491,0.997991,-0.150671,0.986569,0.063089,-0.988466,-0.151331,0.005778,0.075665,-0.700989,0.031470,0.708448,-0.043130,0.100137,-0.034573,-0.013483,-0.009176,0.003978,-0.997991,-0.063089,-0.005778,0.000000,0.000000,0.000000,-1,-0.985001,-0.064484,-0.014420,-0.067849,0.138301,-0.050062,-11.953842,216.575714,-567.118958,0,0
1.960000,-1.559789,0.065021,0.149891,0.020586,-0.062599,0.997826,-0.149015,0.986698,0.064975,-0.988621,-0.150028,0.010984,0.075670,-0.699129,0.030414,0.710329,-0.034563,0.119174,-0.037913,0.012826,0.000491,-0.003435,-0.997826,-0.064975,-0.010984,0.000000,0.000000,0.000000,-1,-0.978256,-0.060120,-0.012772,-0.058374,0.105436,-0.053209,-11.250687,216.575714,-566.783813,0,0
2.000000,-1.555195,0.066802,0.148044,0.025275,-0.063713,0.997648,-0.147175,0.986856,0.066752,-0.988787,-0.148516,0.015566,0.075587,-0.697498,0.029306,0.711986,-0.041089,0.078868,-0.044099,0.001127,0.002253,0.006105,-0.997648,-0.066752,-0.015566,0.000000,0.000000,0.000000,-1,-1.004105,-0.080109,-0.018387,-0.072254,0.097966,-0.059465,-10.371719,216.751495,-566.616211,0,0
2.040000,-1.550749,0.069365,0.145840,0.029903,-0.065647,0.997395,-0.144974,0.987005,0.069309,-0.988983,-0.146669,0.019997,0.075665,-0.695900,0.027791,0.713601,-0.060107,0.132829,-0.050556,-0.003811,-0.013180,-0.003196,-0.997395,-0.069309,-0.019997,0.000000,0.000000,0.000000,-1,-0.984177,-0.078568,-0.023651,-0.083816,0.151936,-0.064904,-11.426468,214.993576,-567.956909,0,0
2.080000,-1.543769,0.072660,0.142982,0.037089,-0.067978,0.996997,-0.142120,0.987184,0.072596,-0.989154,-0.144385,0.026953,0.075750,-0.693387,0.025884,0.716105,-0.048419,0.127500,-0.053836,0.021121,-0.002264,0.005499,-0.996997,-0.072596,-0.026953,0.000000,0.000000,0.000000,-1,-0.980713,-0.070602,-0.019409,-0.072180,0.127563,-0.065968,-10.723297,216.048340,-567.621765,0,0
2.120000,-1.540992,0.074220,0.141559,0.039959,-0.069173,0.996804,-0.140698,0.987272,0.074152,-0.989246,-0.143212,0.029718,0.075778,-0.692386,0.024936,0.717103,-0.047493,0.084038,-0.056875,0.008797,0.001627,0.011163,-0.996804,-0.074152,-0.029718,0.000000,0.000000,0.000000,-1,-1.008865,-0.090240,-0.019119,-0.089332,0.092576,-0.069966,-11.602264,215.872543,-568.124512,0,0
2.160000,-1.539050,0.076315,0.139712,0.042043,-0.071039,0.996587,-0.138852,0.987374,0.076241,-0.989420,-0.141584,0.031648,0.075863,-0.691680,0.023618,0.717821,-0.070903,0.089318,-0.057786,-0.012278,-0.014000,0.012529,-0.996587,-0.076241,-0.031648,0.000000,0.000000,0.000000,-1,-1.004837,-0.079422,-0.028244,-0.090312,0.119075,-0.067927,-10.723297,214.290421,-567.956909,0,0
2.200000,-1.532894,0.079665,0.136108,0.048333,-0.073647,0.996112,-0.135258,0.987609,0.079581,-0.989631,-0.138579,0.037773,0.075748,-0.689475,0.021392,0.720020,-0.048431,0.116944,-0.046350,0.002185,0.015921,0.010048,-0.996112,-0.079581,-0.037773,0.000000,0.000000,0.000000,-1,-0.981339,-0.057770,-0.026993,-0.073242,0.118149,-0.053141,-11.953842,216.575714,-568.124512,0,0
2.240000,-1.530061,0.079706,0.134585,0.051031,-0.073371,0.995998,-0.133753,0.987811,0.079621,-0.989700,-0.137281,0.040595,0.075208,-0.688510,0.020937,0.721013,-0.051658,0.093775,-0.031306,0.019970,0.023911,0.006354,-0.995998,-0.079621,-0.040595,0.000000,0.000000,0.000000,-1,-0.977554,-0.057907,-0.044098,-0.076480,0.089711,-0.035964,-10.371719,215.345169,-568.962463,0,0
2.280000,-1.526673,0.079189,0.132461,0.054161,-0.072512,0.995896,-0.131660,0.988133,0.079107,-0.989814,-0.135404,0.043971,0.074257,-0.687387,0.020475,0.722196,-0.048505,0.068484,-0.017363,0.016251,0.019109,-0.006184,-0.995896,-0.079107,-0.043971,0.000000,0.000000,0.000000,-1,-0.987991,-0.073151,-0.050385,-0.057368,0.063326,-0.025360,-10.899094,215.872543,-567.454163,0,0
2.320000,-1.524605,0.079142,0.131348,0.056120,-0.072248,0.995807,-0.130561,0.988283,0.079060,-0.989851,-0.134450,0.046030,0.073836,-0.686683,0.020166,0.722917,-0.022999,0.049458,-0.013221,0.007815,0.005909,-0.004354,-0.995807,-0.079060,-0.046030,0.000000,0.000000,0.000000,-1,-0.991486,-0.076950,-0.036346,-0.026484,0.066486,-0.026677,-9.492752,216.927292,-568.124512,0,0
2.360000,-1.522150,0.079534,0.131326,0.058600,-0.072305,0.995660,-0.130535,0.988255,0.079450,-0.989710,-0.134624,0.048474,0.073945,-0.685781,0.020114,0.723763,0.007958,0.074869,-0.012486,0.003808,0.004514,0.015515,-0.995660,-0.079450,-0.048474,0.000000,0.000000,0.000000,-1,-0.981079,-0.076172,-0.038681,-0.021099,0.082421,-0.021452,-11.778061,216.399918,-567.956909,0,0
2.400000,-1.520739,0.079648,0.131521,0.060025,-0.072216,0.995581,-0.130727,0.988221,0.079564,-0.989600,-0.134925,0.049878,0.074039,-0.685259,0.020197,0.724245,0.000481,0.064295,-0.009189,0.014044,0.006184,0.008237,-0.995581,-0.079564,-0.049878,0.000000,0.000000,0.000000,-1,-0.980881,-0.080673,-0.049637,-0.021225,0.037967,-0.018088,-11.250687,214.817795,-570.135559,0,0
2.440000,-1.519726,0.079843,0.131631,0.061062,-0.072265,0.995515,-0.130833,0.988191,0.079758,-0.989522,-0.135117,0.050886,0.074136,-0.684880,0.020207,0.724593,0.006709,0.009237,-0.006899,0.014634,-0.000915,0.001249,-0.995515,-0.079758,-0.050886,0.000000,0.000000,0.000000,-1,-0.984253,-0.083832,-0.052887,-0.012802,0.008289,-0.020173,-11.250687,215.872543,-569.465210,0,0
2.480000,-1.520195,0.080683,0.132019,0.060735,-0.073134,0.995471,-0.131208,0.988073,0.080596,-0.989493,-0.135509,0.050415,0.074577,-0.685004,0.020041,0.724435,0.004427,-0.039500,-0.008836,0.011386,-0.006929,-0.001938,-0.995471,-0.080596,-0.050415,0.000000,0.000000,0.000000,-1,-0.982758,-0.082214,-0.048767,-0.018314,-0.054199,-0.019896,-11.074890,213.938828,-568.627258,0,0
2.520000,-1.522751,0.081312,0.132219,0.058303,-0.074089,0.995546,-0.131399,0.987997,0.081223,-0.989614,-0.135549,0.047868,0.074897,-0.685898,0.019801,0.723562,0.007488,-0.086072,-0.005495,0.015245,-0.002258,-0.001555,-0.995546,-0.081223,-0.047868,0.000000,0.000000,0.000000,-1,-0.980209,-0.083099,-0.053726,-0.021639,-0.101810,-0.014365,-11.778061,215.696747,-568.627258,0,0
2.560000,-1.528119,0.081677,0.132390,0.053051,-0.075167,0.995759,-0.131564,0.987945,0.081587,-0.989887,-0.135334,0.042523,0.075140,-0.687817,0.019535,0.721720,0.007308,-0.150605,0.001135,0.012315,-0.002733,-0.014667,-0.995759,-0.081587,-0.042523,0.000000,0.000000,0.000000,-1,-0.983551,-0.083267,-0.060272,-0.014311,-0.145217,-0.012129,-11.602264,216.224121,-568.124512,0,0
2.600000,-1.531846,0.081983,0.132468,0.049407,-0.075969,0.995885,-0.131638,0.987910,0.081891,-0.990066,-0.135142,0.038809,0.075313,-0.689147,0.019318,0.720438,-0.002316,-0.162256,-0.000883,0.009252,-0.007724,-0.025003,-0.995885,-0.081891,-0.038809,0.000000,0.000000,0.000000,-1,-0.986206,-0.099930,-0.058716,-0.023990,-0.172801,-0.017277,-11.250687,216.224121,-567.789307,0,0
2.640000,-1.536031,0.082924,0.132338,0.045378,-0.077468,0.995962,-0.131499,0.987850,0.082829,-0.990277,-0.134727,0.034639,0.075645,-0.690622,0.018787,0.719004,0.009268,-0.196219,-0.010447,0.009756,-0.017101,-0.024077,-0.995962,-0.082829,-0.034639,0.000000,0.000000,0.000000,-1,-0.991287,-0.091110,-0.036926,0.001520,-0.179251,-0.027038,-11.426468,216.048340,-567.956909,0,0
2.680000,-1.542654,0.084365,0.133093,0.039067,-0.079753,0.996049,-0.132229,0.987631,0.084265,-0.990449,-0.134998,0.028038,0.076482,-0.692915,0.018304,0.716718,0.017883,-0.160237,-0.014925,0.004762,-0.006845,-0.008888,-0.996049,-0.084265,-0.028038,0.000000,0.000000,0.000000,-1,-0.993683,-0.085159,-0.033203,-0.007929,-0.136864,-0.024993,-12.481216,215.696747,-567.286560,0,0
2.720000,-1.549508,0.084905,0.133867,0.032412,-0.081184,0.996172,-0.132986,0.987483,0.084803,-0.990588,-0.135226,0.021210,0.077005,-0.695317,0.018129,0.714336,0.017939,-0.148496,-0.006446,0.000170,0.004664,-0.012131,-0.996172,-0.084803,-0.021210,0.000000,0.000000,0.000000,-1,-0.990784,-0.074310,-0.030838,-0.003692,-0.152653,-0.014314,-10.723297,214.993576,-566.951416,0,0
2.760000,-1.555311,0.084199,0.134550,0.026625,-0.081253,0.996338,-0.133669,0.987451,0.084100,-0.990668,-0.135418,0.015430,0.077045,-0.697387,0.018397,0.712304,0.018922,-0.181254,0.000057,0.004806,0.011605,-0.009396,-0.996338,-0.084100,-0.015430,0.000000,0.000000,0.000000,-1,-0.990524,-0.069946,-0.021484,-0.011207,-0.180110,-0.005630,-10.195923,214.466202,-566.448608,0,0
2.800000,-1.563847,0.082710,0.134947,0.018001,-0.080928,0.996557,-0.134078,0.987521,0.082616,-0.990807,-0.135103,0.006925,0.076737,-0.700463,0.018733,0.709304,0.004008,-0.195916,0.016223,0.009955,0.014027,-0.015764,-0.996557,-0.082616,-0.006925,0.000000,0.000000,0.000000,-1,-0.987381,-0.071838,-0.021591,-0.019740,-0.195877,0.007279,-10.899094,215.520966,-566.448608,0,0
2.840000,-1.569429,0.081662,0.135002,0.012334,-0.080645,0.996667,-0.134144,0.987599,0.081571,-0.990885,-0.134703,0.001363,0.076440,-0.702478,0.018909,0.707336,0.005002,-0.223393,0.021652,0.007546,0.007093,-0.015238,-0.996667,-0.081571,-0.001363,0.000000,0.000000,0.000000,-1,-0.998337,-0.075119,-0.011902,-0.021884,-0.203261,0.010519,-10.195923,215.520966,-566.783813,0,0
2.880000,-1.575097,0.080689,0.135000,0.006587,-0.080446,0.996737,-0.134152,0.987677,0.080602,-0.990939,-0.134245,-0.004286,0.076151,-0.704517,0.019036,0.705333,0.000835,-0.192667,0.021573,-0.001600,0.005483,-0.016188,-0.996737,-0.080602,0.004286,0.000000,0.000000,0.000000,-1,-0.997162,-0.075348,-0.010605,-0.018474,-0.128102,0.005950,-11.250687,214.817795,-566.448608,0,0
2.920000,-1.579748,0.079561,0.135353,0.001855,-0.079955,0.996797,-0.134513,0.987719,0.079477,-0.990910,-0.134230,-0.008923,0.075925,-0.706185,0.019383,0.703678,0.020312,-0.076282,0.006077,0.002305,0.004755,-0.022443,-0.996797,-0.079477,0.008923,0.000000,0.000000,0.000000,-1,-0.991089,-0.070679,-0.017776,0.011501,-0.060482,-0.011581,-10.899094,216.224121,-565.107910,0,0
2.960000,-1.580770,0.079071,0.136793,0.000891,-0.079606,0.996826,-0.135941,0.987563,0.078988,-0.990717,-0.135580,-0.009942,0.076272,-0.706508,0.020025,0.703298,0.058665,-0.059418,-0.004930,0.004013,0.008996,-0.026132,-0.996826,-0.078988,0.009942,0.000000,0.000000,0.000000,-1,-0.989944,-0.069733,-0.011810,0.056270,-0.034123,-0.023746,-11.074890,216.048340,-565.610718,0,0
3.000000,-1.581151,0.079013,0.139012,0.000682,-0.079600,0.996827,-0.138132,0.987264,0.078931,-0.990414,-0.137747,-0.010322,0.077040,-0.706559,0.020811,0.703140,0.090642,-0.039373,-0.014836,0.006882,0.009198,-0.022133,-0.996827,-0.078931,0.010322,0.000000,0.000000,0.000000,-1,-0.988754,-0.054474,0.001114,0.083960,-0.025726,-0.031449,-12.129639,217.103088,-564.940308,0,0
3.040000,-1.581892,0.078588,0.143227,0.000224,-0.079282,0.996852,-0.142297,0.986706,0.078507,-0.989824,-0.141867,-0.011061,0.078388,-0.706672,0.022415,0.702828,0.114071,-0.029912,-0.023559,0.008098,0.024033,-0.009947,-0.996852,-0.078507,0.011061,0.000000,0.000000,0.000000,-1,-0.996719,-0.050858,0.006439,0.083999,-0.010918,-0.033635,-10.547516,215.872543,-565.778259,0,0
3.080000,-1.582923,0.077461,0.148569,-0.000539,-0.078320,0.996928,-0.147580,0.986018,0.077383,-0.989050,-0.147084,-0.012090,0.079895,-0.706868,0.024651,0.702387,0.105544,-0.035157,-0.019181,-0.000035,0.022971,-0.011968,-0.996928,-0.077383,0.012090,0.000000,0.000000,0.000000,-1,-0.987305,-0.069107,0.001343,0.092395,-0.053266,-0.031411,-10.899094,215.169373,-565.778259,0,0
3.120000,-1.584397,0.077330,0.151994,-0.001748,-0.078415,0.996919,-0.150957,0.985517,0.077253,-0.988539,-0.150357,-0.013560,0.081078,-0.707253,0.025841,0.701821,0.122461,-0.072243,-0.021294,0.009615,0.008146,-0.012217,-0.996919,-0.077253,0.013560,0.000000,0.000000,0.000000,-1,-0.973709,-0.084076,-0.005692,0.114607,-0.096755,-0.037812,-10.195923,215.169373,-564.772705,0,0
3.160000,-1.587206,0.078469,0.157271,-0.003930,-0.079981,0.996789,-0.156141,0.984619,0.078389,-0.987727,-0.155332,-0.016358,0.083380,-0.707974,0.027170,0.700773,0.145702,-0.128410,-0.026593,0.025429,-0.007228,-0.023377,-0.996789,-0.078389,0.016358,0.000000,0.000000,0.000000,-1,-0.955841,-0.092667,0.006134,0.148358,-0.198490,-0.043019,-10.723297,216.048340,-565.610718,0,0
3.200000,-1.598778,0.080956,0.165931,-0.014242,-0.084347,0.996335,-0.164630,0.983035,0.080867,-0.986253,-0.162875,-0.027887,0.087478,-0.711541,0.028813,0.696582,0.185480,-0.357143,-0.022866,0.042676,-0.009053,-0.015481,-0.996335,-0.080867,0.027887,0.000000,0.000000,0.000000,-1,-0.927277,-0.071152,0.054916,0.164824,-0.399593,-0.027479,-12.305435,214.466202,-564.772705,0,0
3.240000,-1.618557,0.080969,0.174081,-0.033028,-0.087836,0.995587,-0.172635,0.981660,0.080880,-0.984432,-0.169202,-0.047586,0.090690,-0.718031,0.030752,0.689392,0.224269,-0.582472,0.007506,0.080930,0.010613,0.027487,-0.995587,-0.080880,0.047586,0.000000,0.000000,0.000000,-1,-0.884827,-0.075134,0.110199,0.200341,-0.658727,0.012634,-12.305435,215.169373,-563.096863,0,0
3.280000,-1.653186,0.078368,0.183663,-0.066663,-0.091740,0.993549,-0.182072,0.980164,0.078288,-0.981023,-0.175678,-0.082044,0.093831,-0.729533,0.033374,0.676657,0.110080,-0.722708,0.073902,0.121311,-0.025319,0.047457,-0.993549,-0.078288,0.082044,0.000000,0.000000,0.000000,-1,-0.922592,-0.131531,0.135269,0.011772,-0.751253,0.082624,-10.547516,215.872543,-563.096863,0,0
3.320000,-1.677068,0.075044,0.182715,-0.090760,-0.092583,0.991560,-0.181188,0.980586,0.074974,-0.979251,-0.172854,-0.105773,0.092772,-0.737753,0.033169,0.667842,-0.110556,-0.858631,0.146433,0.028379,-0.060082,0.037766,-0.991560,-0.074974,0.105773,0.000000,0.000000,0.000000,-1,-1.076141,-0.102768,0.166702,-0.197046,-0.883648,0.193402,-12.305435,215.520966,-561.420959,0,0
3.360000,-1.710872,0.067655,0.175254,-0.125808,-0.090260,0.987940,-0.173959,0.982430,0.067604,-0.976683,-0.163356,-0.139299,0.088121,-0.749589,0.031935,0.655233,-0.153715,-0.768815,0.236983,-0.108709,-0.022042,0.019911,-0.987940,-0.067604,0.139299,0.000000,0.000000,0.000000,-1,-1.068573,-0.098053,0.082428,-0.085139,-0.501247,0.199624,-11.953842,216.575714,-560.415466,0,0
3.400000,-1.731469,0.059415,0.173713,-0.147443,-0.085384,0.985378,-0.172536,0.983212,0.059380,-0.973905,-0.161258,-0.159700,0.085213,-0.756696,0.033659,0.647315,0.172225,-0.251256,0.085494,-0.061314,-0.042259,-0.096009,-0.985378,-0.059380,0.159700,0.000000,0.000000,0.000000,-1,-1.011307,-0.117035,0.098648,0.232658,-0.193634,0.025555,-12.129639,216.048340,-559.912659,0,0
3.440000,-1.735142,0.058885,0.182177,-0.150381,-0.086738,0.984816,-0.180857,0.981747,0.058851,-0.971945,-0.169261,-0.163323,0.088311,-0.757537,0.036437,0.645764,0.338700,-0.044616,-0.016731,-0.018434,-0.064837,-0.049935,-0.984816,-0.058851,0.163323,0.000000,0.000000,0.000000,-1,-0.976868,-0.137192,0.112549,0.306713,0.054644,-0.040935,-11.602264,215.520966,-559.074707,0,0
3.480000,-1.734856,0.058083,0.192122,-0.149384,-0.087403,0.984909,-0.190620,0.979946,0.058050,-0.970231,-0.179072,-0.163049,0.091814,-0.757030,0.039966,0.645661,0.301653,0.035800,-0.026333,0.008041,-0.079142,-0.050500,-0.984909,-0.058050,0.163049,0.000000,0.000000,0.000000,-1,-0.900833,-0.169189,0.116821,0.202023,-0.073338,-0.023664,-11.426468,217.103088,-558.907166,0,0
3.520000,-1.737977,0.059114,0.200710,-0.151449,-0.090261,0.984335,-0.199016,0.978214,0.059080,-0.968223,-0.186951,-0.166113,0.095460,-0.757591,0.042197,0.644332,0.154081,-0.192732,-0.004119,0.083502,-0.110110,-0.049291,-0.984335,-0.059080,0.166113,0.000000,0.000000,0.000000,-1,-0.904800,-0.204193,0.091827,0.068342,-0.281807,-0.005866,-12.305435,215.520966,-558.069214,0,0
3.560000,-1.752448,0.063870,0.203903,-0.164200,-0.098057,0.981541,-0.202080,0.977287,0.063826,-0.965506,-0.187870,-0.180286,0.098487,-0.761868,0.040704,0.638905,0.010712,-0.458104,0.040513,0.057545,-0.142259,-0.101444,-0.981541,-0.063826,0.180286,0.000000,0.000000,0.000000,-1,-0.975891,-0.193085,0.047485,-0.038618,-0.481525,0.042587,-11.074890,214.993576,-558.571960,0,0
3.600000,-1.766977,0.062228,0.202643,-0.178660,-0.098977,0.978920,-0.200870,0.977642,0.062188,-0.963188,-0.185525,-0.194547,0.097781,-0.766624,0.040221,0.633331,-0.057396,-0.472620,0.073055,0.003029,-0.130897,-0.147062,-0.978920,-0.062188,0.194547,0.000000,0.000000,0.000000,-1,-1.015488,-0.151047,0.046494,-0.098888,-0.365797,0.071384,-10.020142,216.048340,-559.242310,0,0
3.640000,-1.779110,0.062442,0.197815,-0.190779,-0.100506,0.976474,-0.196145,0.978587,0.062401,-0.961837,-0.179625,-0.206407,0.096230,-0.770677,0.038026,0.628769,-0.034242,-0.230746,0.102799,-0.036999,-0.084342,-0.139238,-0.976474,-0.062401,0.206407,0.000000,0.000000,0.000000,-1,-1.006149,-0.136002,0.097183,-0.056724,-0.180163,0.102321,-10.723297,217.103088,-558.236816,0,0
3.680000,-1.781044,0.060887,0.195775,-0.193139,-0.098971,0.976167,-0.194166,0.979080,0.060850,-0.961767,-0.177786,-0.208316,0.094996,-0.771449,0.037895,0.628018,-0.048661,-0.094828,0.135402,-0.028823,-0.070880,-0.097461,-0.976167,-0.060850,0.208316,0.000000,0.000000,0.000000,-1,-1.011612,-0.113159,0.121902,-0.095462,0.010798,0.134930,-10.371719,215.696747,-557.566406,0,0
3.720000,-1.781156,0.057027,0.192846,-0.194258,-0.094726,0.976366,-0.191341,0.979867,0.056996,-0.962108,-0.175747,-0.208472,0.092664,-0.771783,0.038466,0.627921,-0.081173,0.057825,0.148931,-0.035246,-0.056163,-0.086569,-0.976366,-0.056996,0.208472,0.000000,0.000000,0.000000,-1,-0.969559,-0.144028,0.118835,-0.105597,0.197022,0.114070,-9.668549,216.048340,-557.901611,0,0
3.760000,-1.759180,0.055724,0.186845,-0.173850,-0.088545,0.980783,-0.185471,0.981070,0.055695,-0.967149,-0.172224,-0.186981,0.089529,-0.765164,0.038073,0.636443,-0.075730,0.514639,0.067234,0.036508,-0.095428,-0.055939,-0.980783,-0.055695,0.186981,0.000000,0.000000,0.000000,-1,-0.939194,-0.157013,0.133423,-0.110916,0.601053,0.051873,-10.020142,215.345169,-559.242310,0,0
3.800000,-1.753390,0.055245,0.185904,-0.155755,-0.084578,0.984168,-0.182006,0.981726,0.055564,-0.970883,-0.170470,-0.168302,0.087780,-0.759240,0.037836,0.643753,-0.146718,0.646866,0.047035,0.040977,-0.108163,-0.036176,-0.984168,-0.055564,0.168302,0.000000,0.000000,0.000000,-1,-0.988037,-0.188980,0.141098,-0.248647,0.511706,0.008533,-10.195923,216.224121,-561.420959,0,0
3.840000,-1.724311,0.055895,0.176975,-0.140804,-0.081267,0.986696,-0.175777,0.982843,0.055866,-0.974308,-0.165573,-0.152673,0.085185,-0.754374,0.036357,0.649878,-0.237077,0.376414,0.006137,-0.042219,-0.138333,-0.003000,-0.986696,-0.055866,0.152673,0.000000,0.000000,0.000000,-1,-1.150269,-0.205170,0.177994,-0.175469,0.092992,-0.026686,-9.668549,216.399918,-561.588562,0,0
3.880000,-1.720546,0.059023,0.171723,-0.137029,-0.082965,0.987087,-0.170582,0.983576,0.058989,-0.975769,-0.160296,-0.148931,0.084151,-0.753249,0.033623,0.651463,-0.041431,-0.052723,-0.008710,-0.163182,-0.146181,0.029063,-0.987087,-0.058989,0.148931,0.000000,0.000000,0.000000,-1,-1.124619,-0.186096,0.069275,-0.115847,0.065735,0.004913,-10.020142,216.399918,-561.253418,0,0
3.920000,-1.714219,0.059969,0.163917,-0.131336,-0.081847,0.987953,-0.162890,0.984822,0.059933,-0.977864,-0.153057,-0.142674,0.081419,-0.751471,0.030980,0.653990,-0.312034,0.261741,-0.025901,-0.173774,-0.114688,-0.095464,-0.987953,-0.059933,0.142674,0.000000,0.000000,0.000000,-1,-1.279282,-0.087799,0.001556,-0.369845,0.280154,-0.064232,-10.371719,215.696747,-562.258911,0,0
3.960000,-1.705834,0.063145,0.154615,-0.123392,-0.082515,0.988922,-0.153693,0.986102,0.063103,-0.980384,-0.144204,-0.134359,0.078844,-0.748975,0.027071,0.657334,-0.268589,0.231631,-0.074065,-0.290360,-0.024696,-0.132803,-0.988921,-0.063103,0.134359,0.000000,0.000000,0.000000,-1,-1.228546,-0.006378,0.168961,-0.133085,0.039857,-0.044926,-9.668549,216.399918,-562.929260,0,0
4.000000,-1.709375,0.063258,0.150499,-0.127187,-0.082613,0.988432,-0.149632,0.986719,0.063215,-0.980527,-0.139860,-0.137859,0.077384,-0.750294,0.025538,0.656063,-0.018229,-0.215881,0.101449,-0.138429,0.077345,0.114902,-0.988432,-0.063215,0.137859,0.000000,0.000000,0.000000,-1,-0.971939,0.034744,0.273849,-0.105696,-0.200028,0.129408,-9.844345,215.169373,-562.426514,0,0
4.040000,-1.715550,0.058864,0.145691,-0.134269,-0.078539,0.987828,-0.144925,0.987692,0.058830,-0.980290,-0.135261,-0.143999,0.074225,-0.752655,0.025387,0.653725,-0.223513,-0.233908,0.209641,0.087910,0.110420,0.126509,-0.987828,-0.058830,0.143999,0.000000,0.000000,0.000000,-1,-0.712967,0.137451,0.273300,-0.310235,-0.313496,0.225168,-9.844345,215.872543,-563.767212,0,0
4.080000,-1.724371,0.053113,0.136539,-0.144407,-0.072796,0.986837,-0.135923,0.989296,0.053088,-0.980139,-0.126467,-0.152756,0.069016,-0.756052,0.024264,0.650410,-0.271759,-0.375466,0.248897,0.273870,0.190539,0.120544,-0.986837,-0.053088,0.152756,0.000000,0.000000,0.000000,-1,-0.653610,0.380524,0.305496,-0.176510,-0.528776,0.313360,-7.559052,216.399918,-562.258911,0,0
4.120000,-1.773677,0.031164,0.125968,-0.196061,-0.055593,0.979015,-0.125575,0.991595,0.031159,-0.972518,-0.116830,-0.201394,0.058605,-0.772828,0.027713,0.631296,-0.074057,-1.393211,0.495137,0.281963,0.486451,0.144950,-0.979015,-0.031159,0.201394,0.000000,0.000000,0.000000,-1,-0.851837,0.354630,0.392014,-0.146032,-1.510050,0.491514,-7.207458,218.157837,-559.912659,0,0
4.160000,-1.819539,0.017179,0.117724,-0.242526,-0.045449,0.969080,-0.117435,0.992932,0.017178,-0.963011,-0.109638,-0.246149,0.051699,-0.787656,0.029347,0.613241,-0.235169,-1.539997,0.539550,0.027887,0.275036,0.135625,-0.969080,-0.017178,0.246149,0.000000,0.000000,0.000000,-1,-1.138458,-0.045242,0.243408,-0.256465,-1.131082,0.580437,-7.734833,218.333633,-559.409912,0,0
4.200000,-1.856189,-0.003764,0.104029,-0.280387,-0.025643,0.959544,-0.103841,0.994587,-0.003764,-0.954254,-0.100696,-0.281532,0.040491,-0.799454,0.032666,0.598470,-0.051496,-0.030911,0.631544,-0.199010,-0.136684,-0.094414,-0.959544,0.003764,0.281532,0.000000,0.000000,0.000000,-1,-1.002533,-0.119431,0.010757,0.121312,0.983197,0.490749,-8.086426,219.388382,-558.404419,0,0
4.240000,-1.832550,-0.019821,0.103467,-0.259368,-0.007685,0.965748,-0.103262,0.994457,-0.019820,-0.960242,-0.104866,-0.258724,0.034997,-0.792551,0.039330,0.607529,0.272600,0.992236,0.406804,-0.036785,-0.139250,-0.247967,-0.965748,0.019820,0.258724,0.000000,0.000000,0.000000,-1,-0.773697,0.065292,0.196838,0.526319,0.272137,0.231400,-7.383255,219.388382,-560.415466,0,0
