0.000000,1.545248,1.171175,-1.149121,0.850696,0.353610,-0.388943,0.354989,0.159242,0.921208,0.387685,-0.921738,0.009939,0.648366,0.273225,-0.000485,0.710612,-0.002779,-0.005688,-0.000473,-0.006558,0.014348,-0.004084,0.388943,-0.921208,-0.009939,0.000000,0.000000,0.000000,-1,0.383530,-0.908279,-0.009155,-0.000078,-0.109199,0.001557,157.860626,179.684006,-739.653564,0,0
0.040000,1.544801,1.170985,-1.149146,0.850811,0.353146,-0.389113,0.355152,0.159305,0.921135,0.387282,-0.921906,0.010117,0.648342,0.273119,-0.000706,0.710675,-0.005984,-0.007815,-0.004681,-0.007933,0.015266,0.000199,0.389113,-0.921135,-0.010118,0.000000,0.000000,0.000000,-1,0.379471,-0.909180,-0.006287,-0.003261,-0.106017,0.002642,159.087067,179.858627,-739.820557,0,0
0.080000,1.544891,1.171191,-1.149358,0.850923,0.353082,-0.388924,0.355013,0.159152,0.921215,0.387163,-0.921956,0.010077,0.648401,0.273016,-0.000679,0.710660,-0.000642,-0.003566,-0.000495,-0.011971,0.010768,0.006949,0.388924,-0.921215,-0.010077,0.000000,0.000000,0.000000,-1,0.379669,-0.908310,-0.009109,0.004203,-0.097529,0.006776,158.736649,179.509384,-740.822571,0,0
0.120000,1.545502,1.171491,-1.149945,0.851001,0.353194,-0.388654,0.354854,0.158830,0.921332,0.387139,-0.921969,0.009833,0.648525,0.272946,-0.000584,0.710574,0.002562,0.001739,0.000520,-0.008984,0.013022,0.000723,0.388654,-0.921331,-0.009833,0.000000,0.000000,0.000000,-1,0.382294,-0.907867,-0.015427,0.001006,-0.101772,0.005767,158.736649,179.858627,-741.490540,0,0
0.160000,1.543996,1.171538,-1.148514,0.851095,0.353031,-0.388595,0.354587,0.159321,0.921350,0.387176,-0.921947,0.010417,0.648336,0.272859,-0.000547,0.710780,-0.008093,-0.001452,-0.001472,-0.005737,0.013040,-0.002217,0.388596,-0.921350,-0.010417,0.000000,0.000000,0.000000,-1,0.384186,-0.908752,-0.006775,-0.006451,-0.100718,0.001589,159.787888,181.255585,-740.488525,0,0
0.200000,1.543904,1.171390,-1.148436,0.851051,0.352988,-0.388731,0.354699,0.159404,0.921292,0.387170,-0.921949,0.010456,0.648304,0.272900,-0.000602,0.710794,-0.001718,-0.003574,-0.003662,-0.002775,0.012219,0.003651,0.388731,-0.921292,-0.010456,0.000000,0.000000,0.000000,-1,0.383179,-0.906097,-0.008362,0.002074,-0.100710,0.006814,159.087067,179.160141,-740.154541,0,0
0.240000,1.544299,1.171403,-1.148854,0.851050,0.352999,-0.388723,0.354755,0.159251,0.921297,0.387121,-0.921971,0.010303,0.648363,0.272900,-0.000618,0.710740,0.003629,-0.000382,0.002647,-0.005545,0.015200,0.001941,0.388723,-0.921297,-0.010303,0.000000,0.000000,0.000000,-1,0.383301,-0.908371,-0.012405,0.005262,-0.102830,0.006788,159.087067,179.858627,-739.486511,0,0
0.280000,1.543627,1.171619,-1.148485,0.851256,0.352728,-0.388517,0.354514,0.159300,0.921381,0.386888,-0.922066,0.010558,0.648344,0.272711,-0.000628,0.710830,-0.000650,-0.005693,-0.000465,-0.011747,0.013803,-0.007645,0.388517,-0.921381,-0.010558,0.000000,0.000000,0.000000,-1,0.379379,-0.908875,0.004211,0.002063,-0.110253,0.005793,159.612686,178.636292,-740.321533,0,0
0.320000,1.544150,1.171823,-1.149275,0.851405,0.352570,-0.388334,0.354468,0.158943,0.921461,0.386602,-0.922188,0.010350,0.648481,0.272575,-0.000668,0.710756,0.001489,-0.008868,0.000597,-0.008543,0.014737,-0.004848,0.388334,-0.921460,-0.010350,0.000000,0.000000,0.000000,-1,0.382477,-0.904419,-0.010315,0.005253,-0.103894,0.004666,158.911850,179.334763,-740.321533,0,0
0.360000,1.544680,1.171736,-1.149930,0.851400,0.352487,-0.388420,0.354646,0.158744,0.921426,0.386450,-0.922254,0.010146,0.648558,0.272579,-0.000759,0.710685,0.001490,-0.001449,-0.002630,-0.005943,0.017008,-0.000169,0.388420,-0.921427,-0.010146,0.000000,0.000000,0.000000,-1,0.379822,-0.911575,-0.014145,0.002055,-0.099658,0.001491,157.685410,180.207870,-740.154541,0,0
0.400000,1.543029,1.171678,-1.148368,0.851468,0.352285,-0.388456,0.354446,0.159319,0.921404,0.386486,-0.922232,0.010789,0.648336,0.272517,-0.000760,0.710911,-0.005972,-0.002519,-0.003600,-0.009779,0.010363,-0.003829,0.388456,-0.921404,-0.010789,0.000000,0.000000,0.000000,-1,0.381012,-0.904129,-0.001617,-0.005391,-0.104959,0.001597,158.035828,179.509384,-740.154541,0,0
0.440000,1.543811,1.171619,-1.149145,0.851418,0.352336,-0.388519,0.354619,0.159066,0.921381,0.386435,-0.922257,0.010487,0.648434,0.272562,-0.000803,0.710804,-0.003824,-0.003570,-0.002554,-0.003173,0.016245,0.017841,0.388519,-0.921381,-0.010487,0.000000,0.000000,0.000000,-1,0.387070,-0.902496,-0.002884,0.004181,-0.100718,0.001472,159.437469,178.461670,-740.488525,0,0
0.480000,1.544483,1.171241,-1.149835,0.851267,0.352308,-0.388874,0.355047,0.158964,0.921234,0.386375,-0.922285,0.010235,0.648473,0.272700,-0.000963,0.710715,0.004682,-0.002510,-0.004791,-0.001805,0.018738,0.007351,0.388874,-0.921234,-0.010235,0.000000,0.000000,0.000000,-1,0.379852,-0.911240,-0.013489,0.005245,-0.099658,0.001456,157.685410,179.160141,-739.152527,0,0
0.520000,1.544607,1.171163,-1.149998,0.851249,0.352271,-0.388947,0.355138,0.158935,0.921204,0.386331,-0.922304,0.010188,0.648484,0.272717,-0.001009,0.710699,-0.003797,0.000692,-0.000472,-0.008805,0.012222,0.001750,0.388947,-0.921204,-0.010188,0.000000,0.000000,0.000000,-1,0.380386,-0.905243,-0.012924,0.001010,-0.096471,0.005743,158.736649,179.858627,-739.820557,0,0
0.560000,1.544666,1.171337,-1.150103,0.851325,0.352264,-0.388787,0.355009,0.158832,0.921271,0.386282,-0.922325,0.010161,0.648524,0.272647,-0.000966,0.710690,-0.000602,-0.002486,0.001637,-0.001870,0.017493,-0.000840,0.388787,-0.921272,-0.010161,0.000000,0.000000,0.000000,-1,0.392532,-0.900742,-0.013245,0.002059,-0.104955,0.003642,159.262268,179.334763,-741.323547,0,0
0.600000,1.544324,1.170722,-1.149940,0.851181,0.351990,-0.389350,0.355500,0.159122,0.921032,0.386148,-0.922379,0.010309,0.648412,0.272778,-0.001235,0.710741,0.002559,-0.010977,-0.003694,0.003182,0.020290,-0.002935,0.389350,-0.921032,-0.010309,0.000000,0.000000,0.000000,-1,0.380920,-0.907974,-0.006897,0.011599,-0.110266,-0.002821,158.911850,178.636292,-740.655518,0,0
0.640000,1.544174,1.170518,-1.150476,0.851356,0.351362,-0.389536,0.355756,0.159008,0.920953,0.385527,-0.922638,0.010373,0.648455,0.272616,-0.001546,0.710763,0.002561,-0.014157,-0.001550,-0.013010,0.009545,-0.008502,0.389536,-0.920953,-0.010373,0.000000,0.000000,0.000000,-1,0.383438,-0.909195,-0.009903,-0.000079,-0.115559,0.002650,159.437469,179.858627,-741.490540,0,0
0.680000,1.543308,1.170570,-1.150074,0.851566,0.350914,-0.389479,0.355649,0.159131,0.920973,0.385160,-0.922787,0.010709,0.648407,0.272422,-0.001665,0.710881,-0.003827,-0.012042,-0.003613,-0.006468,0.013579,0.001965,0.389479,-0.920973,-0.010709,0.000000,0.000000,0.000000,-1,0.384872,-0.902496,-0.006226,-0.002212,-0.102843,-0.001639,158.736649,179.858627,-739.152527,0,0
0.720000,1.543338,1.170210,-1.150211,0.851475,0.350767,-0.389811,0.355974,0.159218,0.920833,0.385063,-0.922828,0.010706,0.648373,0.272505,-0.001831,0.710880,-0.001699,0.000677,-0.006889,-0.004939,0.018336,0.004481,0.389811,-0.920833,-0.010706,0.000000,0.000000,0.000000,-1,0.373840,-0.910812,-0.009918,0.003110,-0.100721,-0.000643,159.262268,180.033249,-741.323547,0,0
0.760000,1.543836,1.170591,-1.150804,0.851627,0.350782,-0.389466,0.355747,0.158864,0.920981,0.384936,-0.922884,0.010503,0.648510,0.272367,-0.001746,0.710808,0.002588,0.001761,0.000511,-0.008377,0.011740,-0.001567,0.389466,-0.920981,-0.010503,0.000000,0.000000,0.000000,-1,0.383881,-0.907364,-0.011078,0.004204,-0.096469,0.006771,158.736649,179.509384,-741.156555,0,0
0.800000,1.543819,1.170636,-1.150726,0.851622,0.350840,-0.389425,0.355698,0.158875,0.920998,0.384993,-0.922860,0.010508,0.648506,0.272371,-0.001708,0.710810,0.002588,0.004940,0.000496,-0.004079,0.017098,-0.005102,0.389425,-0.920998,-0.010508,0.000000,0.000000,0.000000,-1,0.387970,-0.904404,-0.020874,-0.000074,-0.103898,0.001533,159.262268,177.937805,-739.987549,0,0
0.840000,1.542184,1.170309,-1.149294,0.851633,0.350499,-0.389708,0.355745,0.159507,0.920871,0.384925,-0.922880,0.011153,0.648262,0.272361,-0.001844,0.711037,-0.004889,-0.005673,-0.003633,-0.001738,0.016467,-0.009721,0.389708,-0.920871,-0.011153,0.000000,0.000000,0.000000,-1,0.387787,-0.904266,-0.013824,-0.007521,-0.099661,-0.000531,158.386230,178.112427,-740.488525,0,0
0.880000,1.539737,1.169369,-1.146744,0.851347,0.350262,-0.390544,0.356125,0.160770,0.920504,0.385205,-0.922751,0.012134,0.647774,0.272621,-0.002061,0.711381,-0.010219,0.001739,-0.006810,-0.002483,0.016207,-0.005337,0.390544,-0.920504,-0.012134,0.000000,0.000000,0.000000,-1,0.389145,-0.904404,-0.014038,-0.008591,-0.097544,-0.002656,159.612686,178.985519,-740.321533,0,0
0.920000,1.538720,1.168841,-1.145541,0.851130,0.350262,-0.391017,0.356374,0.161399,0.920298,0.385455,-0.922641,0.012547,0.647531,0.272820,-0.002147,0.711526,-0.013395,0.008127,-0.004679,-0.001750,0.015406,0.000798,0.391017,-0.920298,-0.012547,0.000000,0.000000,0.000000,-1,0.382614,-0.908585,-0.012375,-0.009623,-0.089052,0.003699,158.911850,178.287048,-740.989563,0,0
0.960000,1.538134,1.168877,-1.144630,0.851049,0.350503,-0.390977,0.356197,0.161709,0.920312,0.385796,-0.922496,0.012775,0.647411,0.272894,-0.002000,0.711606,-0.008060,0.003894,0.001665,-0.008363,0.011727,0.000400,0.390977,-0.920312,-0.012775,0.000000,0.000000,0.000000,-1,0.384750,-0.903046,-0.008606,0.003164,-0.102819,0.014257,159.262268,180.033249,-739.987549,0,0
1.000000,1.539023,1.169281,-1.145516,0.851161,0.350635,-0.390616,0.356001,0.161240,0.920470,0.385732,-0.922527,0.012415,0.647593,0.272793,-0.001886,0.711480,0.003653,0.001781,0.005799,-0.000433,0.016951,0.001597,0.390616,-0.920470,-0.012415,0.000000,0.000000,0.000000,-1,0.386703,-0.909744,-0.010498,0.007409,-0.096463,0.010991,158.386230,178.810913,-739.486511,0,0
1.040000,1.539467,1.169443,-1.145960,0.851203,0.350691,-0.390473,0.355937,0.161021,0.920533,0.385697,-0.922544,0.012237,0.647678,0.272755,-0.001843,0.711418,0.004713,-0.002460,0.005806,-0.008713,0.011292,-0.003205,0.390473,-0.920533,-0.012237,0.000000,0.000000,0.000000,-1,0.376495,-0.906693,-0.012680,0.003165,-0.107058,0.015340,158.736649,179.858627,-741.156555,0,0
1.080000,1.538628,1.170320,-1.145384,0.851636,0.350549,-0.389655,0.355108,0.160892,0.920875,0.385505,-0.922621,0.012539,0.647728,0.272359,-0.001602,0.711524,-0.000588,-0.002423,0.010134,-0.012336,0.016823,-0.000233,0.389655,-0.920875,-0.012539,0.000000,0.000000,0.000000,-1,0.382751,-0.897461,-0.007248,0.003152,-0.102824,0.011066,158.911850,179.334763,-740.989563,0,0
1.120000,1.539997,1.170390,-1.146773,0.851620,0.350641,-0.389608,0.355273,0.160373,0.920903,0.385389,-0.922676,0.012003,0.647928,0.272374,-0.001628,0.711336,0.014264,0.003923,-0.000698,-0.003637,0.019780,0.001109,0.389608,-0.920903,-0.012003,0.000000,0.000000,0.000000,-1,0.371674,-0.889832,-0.011093,0.014835,-0.101768,0.007742,158.561447,179.334763,-739.987549,0,0
1.160000,1.542509,1.171300,-1.150595,0.852316,0.349848,-0.388799,0.355118,0.158672,0.921257,0.383991,-0.923271,0.011001,0.648584,0.271733,-0.001853,0.710983,0.045146,-0.067070,0.023755,-0.032949,0.044563,0.033584,0.388799,-0.921257,-0.011001,0.000000,0.000000,0.000000,-1,0.361084,-0.884308,0.050827,0.142565,-0.147282,0.056534,158.561447,178.985519,-739.987549,0,0
1.200000,1.554621,1.173310,-1.164610,0.853295,0.349399,-0.387051,0.355605,0.152947,0.922037,0.381357,-0.924407,0.006261,0.650785,0.270828,-0.002187,0.709314,0.177239,-0.028808,0.077447,-0.016736,0.036737,0.079595,0.387051,-0.922037,-0.006261,0.000000,0.000000,0.000000,-1,0.435944,-0.916870,0.108826,0.206677,-0.024206,0.116968,158.911850,180.731720,-740.321533,0,0
1.240000,1.570635,1.176554,-1.179974,0.853730,0.351576,-0.384108,0.355145,0.146326,0.923288,0.380811,-0.924653,0.000062,0.653327,0.270432,-0.001262,0.707128,0.195586,0.149400,0.114744,0.051835,0.006418,0.108888,0.384108,-0.923288,-0.000062,0.000000,0.000000,0.000000,-1,0.397491,-0.898010,0.064301,0.163278,0.152871,0.131539,158.911850,179.334763,-739.319519,0,0
1.280000,1.604865,1.183945,-1.205597,0.852361,0.362368,-0.377055,0.352394,0.134738,0.926102,0.386393,-0.922245,-0.012851,0.657737,0.271674,0.003549,0.702540,0.219294,0.144227,0.200668,0.004811,0.012085,0.031675,0.377055,-0.926102,0.012851,0.000000,0.000000,0.000000,-1,0.415771,-0.896179,0.020187,0.165629,-0.040998,0.231314,156.984589,179.160141,-739.486511,0,0
1.320000,1.620422,1.190345,-1.220067,0.853855,0.365208,-0.370883,0.348733,0.127586,0.928497,0.386414,-0.922141,-0.018421,0.660434,0.270255,0.005879,0.700539,0.132125,0.037181,0.225513,0.044889,0.032318,0.001767,0.370883,-0.928497,0.018420,0.000000,0.000000,0.000000,-1,0.481018,-0.881866,-0.032578,0.060338,-0.037835,0.220759,157.510208,180.033249,-737.649536,0,0
1.360000,1.628839,1.198648,-1.226371,0.855774,0.368617,-0.363005,0.342262,0.122778,0.931548,0.387953,-0.921438,-0.021094,0.662210,0.268374,0.009418,0.699546,-0.026386,0.084833,0.189815,0.118013,0.049682,-0.053671,0.363005,-0.931548,0.021094,0.000000,0.000000,0.000000,-1,0.516144,-0.895660,-0.099045,-0.174966,-0.069772,0.136272,157.685410,180.207870,-739.486511,0,0
1.400000,1.596744,1.204334,-1.192900,0.857864,0.368465,-0.358195,0.333034,0.132206,0.933601,0.391355,-0.920193,-0.009296,0.658588,0.266289,0.012588,0.703700,-0.444994,-0.143315,0.030599,0.149252,0.049705,-0.114780,0.358195,-0.933601,0.009296,0.000000,0.000000,0.000000,-1,0.507370,-0.850616,-0.135406,-0.560649,-0.353093,-0.022011,157.685410,179.160141,-741.156555,0,0
1.440000,1.546779,1.203714,-1.147101,0.860473,0.361739,-0.358791,0.327159,0.147553,0.933378,0.390580,-0.920529,0.008619,0.652745,0.263847,0.012175,0.710043,-0.600730,-0.312044,-0.071168,0.148579,0.082762,-0.126788,0.358791,-0.933378,-0.008619,0.000000,0.000000,0.000000,-1,0.529877,-0.800110,-0.310165,-0.723157,-0.618428,-0.208364,158.035828,179.160141,-742.158569,0,0
1.480000,1.446803,1.191041,-1.066461,0.866642,0.337074,-0.367848,0.324541,0.179129,0.928755,0.378952,-0.924280,0.045846,0.640638,0.258186,0.004333,0.723121,-0.922847,-1.013475,-0.486748,0.162029,0.128645,-0.264319,0.367848,-0.928755,-0.045846,0.000000,0.000000,0.000000,-1,0.565063,-0.831894,-0.229691,-1.090614,-1.518332,-0.766150,159.787888,178.112427,-743.828613,0,0
1.520000,1.290480,1.140280,-0.962728,0.874798,0.271821,-0.401051,0.342533,0.238420,0.908750,0.342635,-0.932346,0.115461,0.616627,0.249078,-0.023683,0.746438,-0.950988,-0.632542,-0.980658,0.223430,-0.106707,0.078306,0.401051,-0.908750,-0.115461,0.000000,0.000000,0.000000,-1,0.586227,-1.209320,-0.012756,-0.840371,-0.401050,-0.889896,161.014328,179.334763,-745.331604,0,0
1.560000,1.245523,1.106865,-0.925374,0.869178,0.254460,-0.424003,0.357457,0.269167,0.894300,0.341691,-0.928870,0.142996,0.603534,0.253472,-0.034096,0.755206,-0.762064,-0.411787,-0.828434,0.162224,-0.315020,0.130240,0.424003,-0.894300,-0.142996,0.000000,0.000000,0.000000,-1,0.590729,-1.070969,-0.149628,-0.236650,-0.887593,-0.833723,163.817627,178.985519,-745.331604,0,0
1.600000,1.216162,1.072569,-0.926341,0.867157,0.217290,-0.448133,0.382022,0.287086,0.878431,0.319527,-0.932934,0.165939,0.594586,0.251987,-0.054074,0.761607,-0.126292,-0.810252,-0.748524,0.142596,-0.192538,0.016311,0.448133,-0.878431,-0.165939,0.000000,0.000000,0.000000,-1,0.146698,-0.871857,-0.201813,-0.263587,-0.772418,-0.386121,163.642410,179.858627,-744.830627,0,0
1.640000,1.178864,1.056954,-0.917174,0.871207,0.186144,-0.454256,0.390216,0.298881,0.870862,0.297874,-0.935960,0.187751,0.588340,0.244909,-0.066450,0.767763,-0.076164,-0.386018,0.056371,-0.422929,0.000440,-0.045632,0.454256,-0.870862,-0.187751,0.000000,0.000000,0.000000,-1,0.171677,-0.784470,-0.180054,0.016895,-0.449437,0.061410,163.992828,179.160141,-747.168640,0,0
1.680000,1.167693,1.058290,-0.916258,0.874798,0.176845,-0.451059,0.389019,0.298529,0.871518,0.288778,-0.937873,0.192357,0.588199,0.240507,-0.068974,0.769039,0.065095,-0.341559,0.008874,-0.279383,0.087049,0.012303,0.451059,-0.871518,-0.192357,0.000000,0.000000,0.000000,-1,0.324448,-0.656387,-0.146790,0.230899,-0.384024,-0.153987,165.219269,180.382492,-746.333618,0,0
1.720000,1.179940,1.055020,-0.946961,0.875359,0.160616,-0.456014,0.400311,0.288110,0.869910,0.271103,-0.944031,0.187903,0.591470,0.237090,-0.078157,0.766709,0.322536,-0.275147,-0.247428,-0.142079,0.192267,0.024375,0.456014,-0.869910,-0.187903,0.000000,0.000000,0.000000,-1,0.417404,-0.805038,-0.230774,0.307236,-0.337473,-0.219925,165.044067,180.557098,-747.836670,0,0
1.760000,1.196550,1.052851,-0.974131,0.874377,0.151993,-0.460828,0.409551,0.278188,0.868838,0.260254,-0.948425,0.180993,0.594810,0.236018,-0.084301,0.763799,0.266839,-0.103187,-0.109307,-0.043423,0.063800,-0.049781,0.460828,-0.868838,-0.180993,0.000000,0.000000,0.000000,-1,0.448517,-0.838776,-0.215866,0.320600,-0.174008,-0.092101,163.642410,181.604828,-746.166626,0,0
1.800000,1.218668,1.053659,-1.003070,0.873365,0.147933,-0.464058,0.416836,0.265843,0.869238,0.251956,-0.952598,0.170514,0.599376,0.235566,-0.088468,0.759889,0.437951,-0.050215,-0.135898,-0.015541,0.030462,-0.045352,0.464058,-0.869238,-0.170514,0.000000,0.000000,0.000000,-1,0.463348,-0.784805,-0.253998,0.484075,-0.179406,-0.158765,165.394470,180.207870,-745.832642,0,0
1.840000,1.243015,1.053845,-1.033612,0.871867,0.144570,-0.467919,0.424621,0.252908,0.869330,0.244019,-0.956628,0.159115,0.604120,0.235546,-0.092655,0.755627,0.470710,-0.106468,-0.177490,-0.004571,0.084524,-0.094883,0.467919,-0.869330,-0.159115,0.000000,0.000000,0.000000,-1,0.401764,-0.794403,-0.291672,0.389370,-0.245153,-0.166998,164.868866,180.382492,-743.995605,0,0
1.880000,1.276436,1.054096,-1.083716,0.871085,0.133056,-0.472765,0.436562,0.231222,0.869454,0.225000,-0.963759,0.143327,0.611665,0.232814,-0.101267,0.749272,0.404204,-0.206970,-0.030574,-0.096590,0.074593,-0.149535,0.472765,-0.869454,-0.143327,0.000000,0.000000,0.000000,-1,0.414856,-0.797043,-0.317276,0.412232,-0.308532,-0.011661,165.569687,179.684006,-743.995605,0,0
1.920000,1.290673,1.056751,-1.106613,0.872051,0.127419,-0.472538,0.439676,0.220132,0.870762,0.214973,-0.967112,0.135943,0.615625,0.230292,-0.104595,0.746345,0.341493,-0.151851,-0.037578,-0.057682,0.073720,-0.181333,0.472538,-0.870762,-0.135943,0.000000,0.000000,0.000000,-1,0.549301,-0.797440,-0.351959,0.256826,-0.223817,-0.077345,165.920090,180.731720,-743.995605,0,0
1.960000,1.304211,1.056033,-1.127882,0.871544,0.121839,-0.474938,0.444823,0.211000,0.870409,0.206261,-0.969863,0.129699,0.618637,0.228996,-0.108576,0.743680,0.182786,-0.120175,-0.122132,0.074363,0.072969,-0.222260,0.474938,-0.870409,-0.129699,0.000000,0.000000,0.000000,-1,0.533127,-0.791412,-0.362183,0.151371,-0.240857,-0.127164,166.270508,181.779449,-743.327576,0,0
2.000000,1.310262,1.050849,-1.145390,0.870126,0.111427,-0.480067,0.452552,0.205039,0.867845,0.195134,-0.972390,0.127983,0.619900,0.227448,-0.114911,0.742150,0.112414,-0.238966,-0.151668,0.017140,0.070558,-0.266624,0.480067,-0.867845,-0.127983,0.000000,0.000000,0.000000,-1,0.484314,-0.776077,-0.272949,-0.055683,-0.287389,-0.047020,166.095306,180.906342,-742.826599,0,0
2.040000,1.304004,1.048798,-1.144934,0.870385,0.105331,-0.480973,0.454078,0.205980,0.866825,0.190374,-0.972871,0.131454,0.619062,0.225910,-0.117354,0.742937,-0.085702,-0.161319,0.018232,0.003341,0.090747,-0.141496,0.480973,-0.866825,-0.131454,0.000000,0.000000,0.000000,-1,0.389618,-0.808105,-0.101440,0.170471,-0.225608,0.142741,165.044067,181.954071,-743.828613,0,0
2.080000,1.308943,1.055889,-1.156098,0.873716,0.101789,-0.475667,0.450713,0.198417,0.870338,0.182971,-0.974818,0.127482,0.622057,0.222046,-0.117632,0.741555,0.351871,-0.078398,0.163019,-0.079549,0.075295,0.014765,0.475667,-0.870338,-0.127482,0.000000,0.000000,0.000000,-1,0.771866,-1.204498,-0.295380,0.314938,-0.102709,0.084217,166.620926,181.779449,-742.993591,0,0
2.120000,1.317715,1.050653,-1.154991,0.869660,0.110288,-0.481173,0.454655,0.200753,0.867748,0.192299,-0.973414,0.124444,0.621382,0.227293,-0.116222,0.740753,-0.440116,0.279435,-0.172383,0.246229,-0.579899,-0.146735,0.481173,-0.867748,-0.124444,0.000000,0.000000,0.000000,-1,0.332230,-1.113205,-0.008621,-0.424060,0.167514,0.004982,166.620926,182.827164,-743.995605,0,0
2.160000,1.309330,1.048266,-1.128039,0.867136,0.125072,-0.482112,0.450951,0.213820,0.866559,0.211468,-0.968833,0.129010,0.617314,0.233278,-0.109606,0.743298,-0.081139,0.691375,0.208994,-0.506038,0.114972,0.353085,0.482112,-0.866559,-0.129010,0.000000,0.000000,0.000000,-1,0.140274,-0.685715,0.431641,0.078573,0.882635,0.357878,166.095306,181.604828,-744.830627,0,0
2.200000,1.351907,1.061500,-1.134516,0.864184,0.163333,-0.475929,0.441893,0.206030,0.873088,0.240660,-0.964818,0.105872,0.622953,0.242886,-0.094417,0.737578,0.410690,1.634302,0.469502,-0.335655,0.187373,0.537513,0.475929,-0.873088,-0.105872,0.000000,0.000000,0.000000,-1,0.633759,-0.976746,0.148880,0.540165,1.732105,0.512769,164.343246,181.954071,-742.492554,0,0
2.240000,1.496717,1.091743,-1.192305,0.849709,0.258251,-0.459675,0.428315,0.170326,0.887432,0.307474,-0.950945,0.034115,0.641340,0.267629,-0.059329,0.716615,0.660858,1.825213,0.515878,0.239742,-0.080998,0.118359,0.459675,-0.887432,-0.034115,0.000000,0.000000,0.000000,-1,0.688416,-0.924469,0.027847,0.441412,1.672799,0.557738,162.065567,180.731720,-740.321533,0,0
2.280000,1.601927,1.113811,-1.230371,0.835086,0.328821,-0.441031,0.415923,0.147326,0.897387,0.360055,-0.932830,-0.013734,0.652207,0.285471,-0.031039,0.701548,0.333375,1.790221,0.516454,0.098642,0.016177,0.000426,0.441031,-0.897387,0.013734,0.000000,0.000000,0.000000,-1,0.404221,-0.841034,0.030243,0.361518,1.652597,0.520416,161.539948,182.303299,-739.152527,0,0
2.320000,1.708752,1.134146,-1.271626,0.817165,0.395947,-0.418888,0.404121,0.124642,0.906173,0.411008,-0.909775,-0.058158,0.661566,0.302339,-0.002978,0.686231,0.426057,1.659930,0.592608,-0.000309,0.043503,-0.033988,0.418888,-0.906173,0.058157,0.000000,0.000000,0.000000,-1,0.554382,-0.916611,0.027557,0.360580,1.404634,0.604515,158.386230,179.858627,-736.814514,0,0
2.360000,1.794284,1.154503,-1.308182,0.803734,0.445563,-0.394317,0.390509,0.104978,0.914594,0.448903,-0.889075,-0.089622,0.668651,0.312596,0.020409,0.674368,0.199904,1.010972,0.523570,0.194093,0.005979,-0.081276,0.394317,-0.914594,0.089622,0.000000,0.000000,0.000000,-1,0.586105,-0.841583,0.029541,0.200785,0.538153,0.414463,159.437469,182.303299,-736.814514,0,0
2.400000,1.846809,1.167640,-1.338356,0.798435,0.469058,-0.377474,0.381772,0.090373,0.919827,0.465566,-0.878531,-0.106917,0.673606,0.315775,0.032694,0.667437,0.240013,0.407356,0.286515,0.189482,0.103818,-0.062590,0.377474,-0.919827,0.106917,0.000000,0.000000,0.000000,-1,0.480438,-0.790390,0.095520,0.252016,0.288735,0.235256,157.335007,181.604828,-735.812500,0,0
2.440000,1.880007,1.170984,-1.361699,0.795169,0.479817,-0.370785,0.380767,0.080798,0.921134,0.471934,-0.873640,-0.118450,0.676909,0.317836,0.037357,0.662857,0.275617,0.402899,0.142541,0.109653,0.130744,-0.022930,0.370785,-0.921134,0.118450,0.000000,0.000000,0.000000,-1,0.356567,-0.907700,0.102692,0.293163,0.342663,0.139888,155.582947,181.954071,-733.808472,0,0
2.480000,1.944057,1.174253,-1.404569,0.786713,0.501741,-0.359638,0.380909,0.063907,0.922401,0.485790,-0.862654,-0.140841,0.682577,0.323278,0.046204,0.653793,0.273969,0.523916,0.245194,-0.020115,-0.004784,-0.044390,0.359638,-0.922401,0.140841,0.000000,0.000000,0.000000,-1,0.335297,-0.908371,0.086060,0.258689,0.345027,0.301942,154.006088,181.779449,-734.309448,0,0
2.520000,1.983169,1.179376,-1.432146,0.783362,0.513983,-0.349521,0.377840,0.052726,0.924368,0.493538,-0.856179,-0.152900,0.686210,0.324909,0.052468,0.648689,0.267768,0.393620,0.319247,0.010144,0.034247,-0.052528,0.349521,-0.924368,0.152900,0.000000,0.000000,0.000000,-1,0.428574,-0.820297,0.151733,0.273776,0.233820,0.378866,154.356491,181.430206,-732.973450,0,0
2.560000,2.054231,1.189911,-1.489044,0.781249,0.530392,-0.329142,0.370501,0.030357,0.928336,0.502374,-0.847209,-0.172794,0.693485,0.324770,0.062450,0.640080,0.343547,0.426650,0.390622,0.121465,0.123954,-0.016651,0.329142,-0.928336,0.172794,0.000000,0.000000,0.000000,-1,0.448257,-0.805252,0.154465,0.370653,0.355760,0.387885,153.480469,181.255585,-732.806458,0,1
2.600000,2.127380,1.194823,-1.548192,0.777616,0.546004,-0.311758,0.367084,0.008299,0.930151,0.510453,-0.837741,-0.193976,0.700588,0.325829,0.070903,0.630860,0.466752,0.448859,0.352997,0.109278,0.102621,-0.094138,0.311758,-0.930151,0.193976,0.000000,0.000000,0.000000,-1,0.422195,-0.854446,0.035126,0.418076,0.340754,0.278930,151.553207,182.827164,-731.637451,0,0
2.640000,2.193148,1.194797,-1.599568,0.772206,0.560965,-0.298356,0.367051,-0.010564,0.930141,0.518625,-0.827772,-0.214060,0.706546,0.328363,0.077939,0.622009,0.282200,0.461325,0.184781,0.136581,0.088771,-0.228220,0.298356,-0.930141,0.214060,0.000000,0.000000,0.000000,-1,0.444885,-0.821594,-0.039932,0.166737,0.377674,0.157079,152.779648,180.906342,-730.802429,0,0
2.680000,2.217789,1.198660,-1.607695,0.765017,0.574959,-0.290121,0.363358,-0.013414,0.931553,0.531713,-0.818072,-0.219178,0.706684,0.331944,0.085467,0.618956,-0.189304,0.318026,0.076806,0.187692,0.095707,-0.205536,0.290121,-0.931553,0.219178,0.000000,0.000000,0.000000,-1,0.516388,-0.848801,0.061478,-0.245284,0.180300,0.045502,151.903610,181.430206,-731.971436,0,0
2.720000,2.196314,1.205086,-1.574619,0.759283,0.582619,-0.289903,0.357610,-0.001367,0.933870,0.543694,-0.812744,-0.209389,0.701790,0.334940,0.090409,0.622199,-0.451931,0.151184,-0.178029,0.301421,0.071977,-0.145332,0.289903,-0.933870,0.209389,0.000000,0.000000,0.000000,-1,0.573135,-0.939667,-0.021957,-0.502279,-0.091767,-0.386562,151.202789,180.731720,-732.305420,0,0
2.760000,2.127535,1.202782,-1.504231,0.755235,0.579940,-0.305433,0.358967,0.023930,0.933044,0.548419,-0.814308,-0.190106,0.693075,0.338674,0.087648,0.630289,-0.504718,-0.383701,-0.535634,0.327898,-0.346345,-0.356747,0.305433,-0.933044,0.190106,0.000000,0.000000,0.000000,-1,0.603561,-1.360489,-0.323364,-0.719225,-0.652898,-0.569916,151.728409,181.954071,-732.806458,0,0
2.800000,1.958521,1.200530,-1.351798,0.760281,0.556548,-0.335003,0.353221,0.078616,0.932231,0.545168,-0.827087,-0.136815,0.674255,0.337324,0.077925,0.652319,-1.902089,-0.852761,-0.817020,0.272800,-0.398671,-0.730137,0.335003,-0.932231,0.136815,0.000000,0.000000,0.000000,-1,0.659012,-1.355484,-0.683945,-2.379300,-1.062648,-0.890159,154.181290,180.207870,-735.812500,0,0
2.840000,1.643435,1.183950,-1.060169,0.770368,0.514733,-0.376274,0.329144,0.184381,0.926104,0.546074,-0.837289,-0.027380,0.635092,0.332187,0.066841,0.694149,-2.230606,-1.445032,-1.260678,0.297737,-0.566435,-0.155127,0.376274,-0.926104,0.027380,0.000000,0.000000,0.000000,-1,0.408371,-1.460190,0.445160,-1.928674,-1.385761,-1.432972,156.108551,179.334763,-737.649536,0,0
2.880000,1.417098,1.126574,-0.869284,0.780402,0.458924,-0.424689,0.328276,0.277353,0.902945,0.532172,-0.844076,0.065793,0.599428,0.328313,0.044827,0.728620,-1.998270,-1.198910,-1.161169,-0.265998,-0.354043,0.589322,0.424690,-0.902945,-0.065793,0.000000,0.000000,0.000000,-1,0.376007,-1.050461,0.436462,-1.682165,-1.627045,-1.139951,160.488708,179.858627,-743.828613,0,0
2.920000,1.262515,1.067180,-0.771410,0.799337,0.386785,-0.459845,0.336440,0.345987,0.875843,0.497864,-0.854804,0.146430,0.571603,0.316315,0.016628,0.756927,-1.100552,-1.700488,-1.235814,0.145853,0.054218,0.295905,0.459845,-0.875843,-0.146430,0.000000,0.000000,0.000000,-1,0.647247,-0.775742,0.082336,-0.926130,-1.511458,-1.132850,161.014328,179.684006,-746.667603,0,0
2.960000,1.175653,1.020960,-0.734022,0.812933,0.326412,-0.482281,0.350034,0.387984,0.852610,0.465420,-0.861930,0.201150,0.553127,0.305737,-0.007621,0.774930,-0.705854,-1.459995,-0.649823,-0.209591,0.047740,0.233544,0.482281,-0.852610,-0.201150,0.000000,0.000000,0.000000,-1,0.062424,-0.695236,0.191055,-0.414387,-1.525296,-0.469349,162.240768,180.207870,-746.834656,0,0
3.000000,1.110211,0.997304,-0.722324,0.830959,0.270707,-0.486029,0.358709,0.407074,0.840011,0.425247,-0.872358,0.241157,0.543767,0.289378,-0.027945,0.787272,-0.142321,-1.205169,-0.406147,-0.523535,0.216049,0.401847,0.486029,-0.840011,-0.241157,0.000000,0.000000,0.000000,-1,-0.004654,-0.556122,0.072510,0.008183,-1.140356,-0.418303,163.642410,180.207870,-750.174683,0,0
3.040000,1.097919,0.987121,-0.739392,0.837098,0.241993,-0.490618,0.371349,0.407192,0.834443,0.401705,-0.880701,0.250996,0.542888,0.282444,-0.040944,0.789824,0.316077,-0.643356,-0.476494,-0.437792,0.277528,0.268391,0.490618,-0.834443,-0.250996,0.000000,0.000000,0.000000,-1,0.128387,-0.641678,-0.122208,0.440101,-0.607119,-0.456318,166.445709,180.557098,-748.838684,0,0
3.080000,1.126402,0.984365,-0.798628,0.838692,0.216689,-0.499641,0.396450,0.386096,0.832921,0.373394,-0.896647,0.237909,0.551064,0.278161,-0.057274,0.784649,0.681175,-0.340687,-0.141495,-0.391487,0.121083,0.125818,0.499641,-0.832921,-0.237909,0.000000,0.000000,0.000000,-1,0.057632,-0.632645,-0.045334,0.730279,-0.289386,0.026232,165.569687,181.080963,-747.335632,0,0
3.120000,1.159713,1.000128,-0.848782,0.843036,0.209944,-0.495190,0.405403,0.357013,0.841540,0.353466,-0.910200,0.215863,0.563507,0.272999,-0.062876,0.777160,0.994461,-0.199008,0.302238,-0.478878,0.226184,0.157804,0.495190,-0.841540,-0.215863,0.000000,0.000000,0.000000,-1,0.141891,-0.681839,-0.156174,1.183754,-0.286609,0.458409,164.343246,181.954071,-747.168640,0,0
3.160000,1.201744,1.029405,-0.903493,0.851084,0.211305,-0.480632,0.404787,0.318921,0.856993,0.334370,-0.923926,0.185895,0.580144,0.265491,-0.063028,0.767447,1.356362,-0.059564,0.668857,-0.250880,0.127912,-0.080355,0.480632,-0.856993,-0.185895,0.000000,0.000000,0.000000,-1,0.739059,-0.884720,-0.754959,1.225451,-0.010520,0.747099,165.569687,180.033249,-744.329590,0,0
3.200000,1.254886,1.065637,-0.942364,0.855521,0.237666,-0.459998,0.391489,0.284501,0.875098,0.338851,-0.928749,0.150353,0.595959,0.263925,-0.050820,0.756699,-0.074039,0.628740,0.130511,0.790307,-0.171167,-0.682090,0.459998,-0.875098,-0.150353,0.000000,0.000000,0.000000,-1,1.287201,-1.000565,-0.662857,-0.249549,-0.223946,-0.157924,163.992828,180.557098,-743.828613,0,0
3.240000,1.229561,1.056135,-0.924657,0.856412,0.226701,-0.463858,0.393012,0.296382,0.870459,0.334814,-0.927774,0.164729,0.590614,0.262317,-0.054623,0.761171,-0.425608,-0.983430,-0.296590,0.366647,0.015159,-0.367620,0.463859,-0.870459,-0.164729,0.000000,0.000000,0.000000,-1,0.476578,-0.818069,-0.197876,-0.402156,-1.120205,-0.409617,165.569687,181.080963,-744.329590,0,0
3.280000,1.197595,1.039247,-0.913592,0.858224,0.201712,-0.471979,0.401290,0.309649,0.862023,0.320028,-0.929209,0.184804,0.583903,0.258177,-0.065058,0.766922,-0.325925,-0.247971,-0.515878,-0.166010,-0.128486,0.073308,0.471979,-0.862023,-0.184804,0.000000,0.000000,0.000000,-1,0.172165,-1.398941,-0.150879,-0.313539,-0.015655,-0.536842,163.292007,181.604828,-745.164612,0,0
3.320000,1.150128,1.011727,-0.871596,0.855093,0.185498,-0.484155,0.405943,0.341367,0.847749,0.322531,-0.921444,0.216599,0.569458,0.259651,-0.070955,0.776701,-0.765741,-0.571743,-0.075573,-0.143243,-0.188261,0.286896,0.484155,-0.847749,-0.216599,0.000000,0.000000,0.000000,-1,0.291672,-0.716980,0.257889,-0.576473,0.351780,-0.133517,165.569687,182.477921,-746.667603,0,0
3.360000,1.142433,1.000411,-0.837840,0.846946,0.203557,-0.491170,0.401295,0.361269,0.841693,0.348777,-0.909972,0.224288,0.561558,0.269274,-0.063392,0.779824,-0.298812,1.329565,0.152164,-0.532902,-0.003751,0.660018,0.491170,-0.841693,-0.224288,0.000000,0.000000,0.000000,-1,-0.090454,-0.915100,0.469650,-0.021429,1.547581,0.487880,164.518448,180.731720,-747.669678,0,1
3.400000,1.190104,1.021442,-0.831302,0.835394,0.259094,-0.484756,0.385759,0.351875,0.852862,0.391545,-0.899474,0.194007,0.567783,0.283935,-0.041041,0.771569,0.500135,1.902332,1.017276,-0.535125,-0.151548,0.527762,0.484756,-0.852862,-0.194007,0.000000,0.000000,0.000000,-1,0.564468,-1.082367,0.202377,0.867704,1.615346,1.124515,162.591187,180.557098,-746.166626,0,0
3.440000,1.324528,1.091336,-0.901562,0.826109,0.342625,-0.447383,0.361796,0.286184,0.887244,0.432026,-0.894822,0.112459,0.597383,0.294795,-0.006427,0.745780,1.021134,1.530336,1.104693,0.548284,-0.112176,0.237886,0.447383,-0.887244,-0.112459,0.000000,0.000000,0.000000,-1,0.886917,-0.849274,0.015015,0.530338,1.741331,1.008528,162.415970,180.033249,-744.329590,0,0
3.480000,1.421132,1.135271,-0.930387,0.807965,0.416127,-0.417171,0.338291,0.252088,0.906648,0.482445,-0.873665,0.062906,0.610936,0.308714,0.026711,0.728519,0.273392,1.712493,0.980211,0.226597,0.170717,0.078516,0.417171,-0.906648,-0.062906,0.000000,0.000000,0.000000,-1,0.483551,-0.712982,0.056824,0.292588,1.592679,0.862899,158.736649,179.509384,-741.824585,0,0
3.520000,1.487527,1.158298,-0.949876,0.790929,0.463491,-0.399510,0.326069,0.233237,0.916122,0.517794,-0.854855,0.033344,0.617322,0.319752,0.047902,0.717201,0.478877,1.466928,0.541867,0.045085,0.172744,0.054508,0.399510,-0.916122,-0.033344,0.000000,0.000000,0.000000,-1,0.497040,-0.797958,-0.034973,0.607596,1.156343,0.467821,156.283768,178.461670,-741.156555,0,0
3.560000,1.617743,1.183275,-1.051367,0.779551,0.499810,-0.377479,0.328051,0.187581,0.925848,0.533557,-0.845578,-0.017734,0.634371,0.326253,0.061509,0.698104,1.006038,0.211579,0.469408,0.168145,0.144553,-0.038486,0.377479,-0.925849,0.017734,0.000000,0.000000,0.000000,-1,0.514542,-0.824875,-0.044708,1.075257,0.066310,0.371851,155.582947,179.858627,-738.818542,0,0
3.600000,1.733069,1.193307,-1.168290,0.780778,0.508011,-0.363746,0.339131,0.144385,0.929593,0.524763,-0.849163,-0.059550,0.651142,0.325253,0.061821,0.682937,1.040507,0.175297,0.312826,0.024331,0.053571,-0.116236,0.363746,-0.929593,0.059550,0.000000,0.000000,0.000000,-1,0.309418,-0.914551,-0.024796,0.973150,0.101267,0.353672,154.531708,179.858627,-737.148499,0,0
3.640000,1.813575,1.199642,-1.246812,0.780988,0.515863,-0.352055,0.343822,0.115461,0.931909,0.521386,-0.848854,-0.087191,0.661951,0.324678,0.063952,0.672543,0.768064,0.323993,0.493862,-0.066502,0.013941,-0.096835,0.352055,-0.931909,0.087191,0.000000,0.000000,0.000000,-1,0.367188,-0.889755,0.038559,0.662587,0.255325,0.574462,152.779648,179.160141,-734.810486,0,0
3.680000,1.926986,1.220726,-1.347521,0.781322,0.534990,-0.321437,0.334451,0.075941,0.939349,0.526952,-0.841438,-0.119594,0.675458,0.321797,0.076065,0.659103,0.450791,0.452480,0.631872,0.169606,0.095904,-0.031947,0.321437,-0.939349,0.119594,0.000000,0.000000,0.000000,-1,0.583481,-0.811935,0.131226,0.399174,0.341273,0.624845,149.976349,178.461670,-734.810486,0,0
3.720000,2.010592,1.235488,-1.420284,0.780948,0.549061,-0.297747,0.325340,0.049341,0.944309,0.533174,-0.834325,-0.140099,0.684051,0.319567,0.086041,0.650036,0.472373,0.202049,0.484907,0.352018,0.173404,-0.013314,0.297747,-0.944309,0.140099,0.000000,0.000000,0.000000,-1,0.635178,-0.698822,0.064407,0.542656,0.041944,0.390596,150.677170,180.906342,-734.142456,0,1
3.760000,2.068570,1.235450,-1.478080,0.781935,0.552236,-0.289159,0.327682,0.030469,0.944297,0.530285,-0.833131,-0.157133,0.690760,0.318460,0.087268,0.643287,0.584714,0.068997,0.134306,0.316691,0.241156,-0.130904,0.289159,-0.944297,0.157133,0.000000,0.000000,0.000000,-1,0.527985,-0.728119,-0.060349,0.487211,-0.042277,0.082046,151.377991,178.810913,-733.474426,0,0
3.800000,2.096604,1.235339,-1.506951,0.783021,0.552997,-0.284732,0.328530,0.021004,0.944260,0.528153,-0.832919,-0.165230,0.694127,0.317495,0.087672,0.640077,-0.185258,0.042393,0.078026,0.233014,0.150925,-0.250862,0.284732,-0.944260,0.165230,0.000000,0.000000,0.000000,-1,0.509995,-0.958130,-0.088898,-0.334985,-0.155842,0.009714,149.275528,180.207870,-733.474426,0,0
3.840000,2.058380,1.241822,-1.470197,0.784813,0.550092,-0.285424,0.321439,0.032446,0.946374,0.529854,-0.834473,-0.151357,0.689878,0.315828,0.088577,0.645349,-0.423122,-0.267408,-0.064747,0.171744,-0.045645,-0.194066,0.285424,-0.946374,0.151357,0.000000,0.000000,0.000000,-1,0.486649,-1.151413,-0.181946,-0.414314,-0.498448,-0.094237,147.873871,179.160141,-734.810486,0,0
3.880000,1.993894,1.244813,-1.418014,0.791253,0.537265,-0.292002,0.316510,0.048737,0.947336,0.523202,-0.842004,-0.131487,0.684471,0.311838,0.084445,0.653549,-0.852618,-0.663167,-0.259269,0.271001,-0.350210,-0.427309,0.292002,-0.947336,0.131487,0.000000,0.000000,0.000000,-1,0.683762,-1.347717,-0.551437,-1.335383,-0.880590,-0.394030,149.275528,179.160141,-734.142456,0,0
3.920000,1.630933,1.233440,-1.089081,0.806893,0.489656,-0.330395,0.293327,0.153349,0.943633,0.512722,-0.858324,-0.019893,0.646807,0.302634,0.070472,0.696482,-2.972184,-1.230718,-1.166227,0.450000,-0.539949,-0.881099,0.330395,-0.943633,0.019893,0.000000,0.000000,0.000000,-1,0.699783,-1.537308,-0.490814,-3.023551,-1.287131,-1.401139,153.830887,177.413940,-743.160583,0,0
3.960000,1.307601,1.162593,-0.788398,0.811949,0.440259,-0.383291,0.281534,0.279850,0.917836,0.511349,-0.853145,0.103276,0.597667,0.301921,0.053566,0.740789,-2.483629,-0.669600,-1.699620,0.149531,-0.639431,0.395192,0.383291,-0.917836,-0.103276,0.000000,0.000000,0.000000,-1,0.294220,-1.503906,0.799133,-2.085427,-0.662049,-1.705759,155.933350,177.064713,-745.498596,0,0
4.000000,1.205906,1.098366,-0.698186,0.808079,0.407805,-0.425093,0.292521,0.348574,0.890465,0.511313,-0.843914,0.162384,0.569456,0.307454,0.037852,0.761419,-1.547345,-0.829353,-1.483711,-0.164503,-0.520882,0.890167,0.425093,-0.890465,-0.162384,0.000000,0.000000,0.000000,-1,0.485413,-0.904266,0.017151,-1.243580,-1.115316,-1.380048,158.035828,178.112427,-747.502625,0,0
4.040000,1.124444,1.012006,-0.681282,0.816993,0.322225,-0.478220,0.333890,0.411811,0.847897,0.470150,-0.852398,0.228859,0.542292,0.302473,-0.003720,0.783847,-0.548869,-1.618256,-1.564552,0.051321,-0.046070,0.211983,0.478220,-0.847897,-0.228859,0.000000,0.000000,0.000000,-1,0.256454,-0.785706,0.038055,-0.649048,-1.633078,-0.933248,163.292007,178.810913,-749.506653,0,0
4.080000,1.059212,0.969160,-0.676938,0.831910,0.253684,-0.493529,0.354543,0.441188,0.824410,0.426878,-0.860812,0.277087,0.527645,0.288180,-0.031579,0.798465,-0.256923,-1.507554,-0.568375,-0.579451,0.252480,0.415576,0.493529,-0.824410,-0.277087,0.000000,0.000000,0.000000,-1,-0.223404,-0.415009,0.180771,-0.065896,-1.590036,-0.517574,165.394470,179.858627,-750.842712,0,0
4.120000,1.031118,0.957079,-0.694273,0.843637,0.210199,-0.494058,0.368483,0.442598,0.817513,0.390510,-0.871736,0.295937,0.525619,0.275238,-0.049251,0.803457,0.330383,-1.251940,-0.505796,-0.705789,0.456338,0.450219,0.494058,-0.817513,-0.295937,0.000000,0.000000,0.000000,-1,-0.038208,-0.414246,-0.000229,0.509828,-1.116040,-0.469682,165.044067,180.207870,-751.510681,0,0
4.160000,1.047889,0.958480,-0.747515,0.848220,0.180441,-0.497960,0.390736,0.421521,0.818319,0.357559,-0.888685,0.287038,0.533775,0.267518,-0.065759,0.799497,0.886178,-0.223092,-0.216597,-0.503239,0.343191,0.255376,0.497960,-0.818319,-0.287038,0.000000,0.000000,0.000000,-1,0.110550,-0.753937,-0.151535,1.042508,-0.052105,-0.114436,163.467209,180.382492,-751.343689,0,0
4.200000,1.117067,0.979299,-0.829104,0.846232,0.180843,-0.501186,0.411137,0.376683,0.830107,0.338907,-0.908519,0.244410,0.553430,0.267414,-0.073306,0.785386,0.967213,0.077375,0.067294,-0.335902,-0.006914,0.109903,0.501186,-0.830107,-0.244410,0.000000,0.000000,0.000000,-1,0.095047,-0.754959,-0.130768,0.956320,-0.085626,0.156850,165.394470,178.461670,-749.172668,0,0
4.240000,1.154242,0.999118,-0.875809,0.849804,0.181733,-0.494779,0.415555,0.346472,0.840994,0.324263,-0.920288,0.218913,0.566661,0.263512,-0.075228,0.777044,1.235070,-0.193552,0.388934,-0.411603,0.075461,0.051387,0.494779,-0.840994,-0.218913,0.000000,0.000000,0.000000,-1,0.333939,-0.871140,-0.419144,1.458027,-0.407442,0.476142,165.044067,178.810913,-746.166626,0,0
4.280000,1.232991,1.043295,-0.977328,0.861176,0.181164,-0.474927,0.417301,0.281508,0.864068,0.290234,-0.942302,0.166828,0.594315,0.251746,-0.077692,0.759854,0.354646,0.292875,0.259223,0.261294,-0.118156,-0.874554,0.474927,-0.864068,-0.166828,0.000000,0.000000,0.000000,-1,1.404755,-1.314682,-1.206604,-0.832468,0.706929,-0.145063,162.591187,178.461670,-745.164612,0,0
