0.000000,-1.476908,1.079090,1.011160,0.793530,-0.386474,0.470051,-0.400106,0.250644,0.881528,-0.458504,-0.887589,0.044263,0.612091,-0.321268,0.004716,0.722571,0.006665,-0.014603,0.018044,0.012837,0.007429,-0.002323,-0.470052,-0.881528,-0.044263,0.000000,0.000000,0.000000,-1,-0.457672,-0.873856,-0.048004,-0.002139,-0.107053,0.018590,170.650650,195.923676,-782.573120,0,0
0.040000,-1.476539,1.079058,1.010615,0.793475,-0.386572,0.470063,-0.399994,0.250877,0.881513,-0.458696,-0.887481,0.044439,0.611997,-0.321311,0.004643,0.722632,-0.009306,-0.001888,0.010705,0.012391,0.007658,-0.003566,-0.470063,-0.881513,-0.044438,0.000000,0.000000,0.000000,-1,-0.455688,-0.871933,-0.046921,-0.012782,-0.096459,0.013341,169.424210,195.749054,-782.740112,0,0
0.080000,-1.474912,1.079304,1.009113,0.793739,-0.386381,0.469774,-0.399433,0.251362,0.881630,-0.458728,-0.887427,0.045183,0.611800,-0.321107,0.004514,0.722891,-0.006147,0.008704,0.002097,0.013079,0.008308,-0.001387,-0.469774,-0.881630,-0.045183,0.000000,0.000000,0.000000,-1,-0.454391,-0.870651,-0.041534,0.008443,-0.087995,0.001368,169.599426,197.320633,-782.907166,0,1
0.120000,-1.476016,1.080120,1.010691,0.794167,-0.386312,0.469108,-0.399219,0.250349,0.882014,-0.458173,-0.887744,0.044596,0.612214,-0.320775,0.004465,0.722688,0.020404,0.002326,-0.006691,0.011390,0.011226,0.005305,-0.469108,-0.882014,-0.044596,0.000000,0.000000,0.000000,-1,-0.462082,-0.866058,-0.041229,0.022240,-0.098604,-0.002991,170.650650,196.272903,-783.575195,0,0
0.160000,-1.477639,1.080357,1.012423,0.794187,-0.386436,0.468971,-0.399475,0.249546,0.882126,-0.457916,-0.887915,0.043815,0.612541,-0.320759,0.004512,0.722418,0.023594,-0.002979,-0.006701,0.005317,0.018143,0.005287,-0.468971,-0.882126,-0.043815,0.000000,0.000000,0.000000,-1,-0.465347,-0.866852,-0.045319,0.027552,-0.113443,-0.000855,168.723389,196.098282,-782.406128,0,0
0.200000,-1.479621,1.080296,1.014277,0.793972,-0.386709,0.469110,-0.399982,0.248834,0.882097,-0.457846,-0.887996,0.042890,0.612831,-0.320925,0.004595,0.722097,0.028917,-0.007211,-0.002476,0.002756,0.014086,-0.004275,-0.469110,-0.882097,-0.042890,0.000000,0.000000,0.000000,-1,-0.463989,-0.862793,-0.045685,0.026514,-0.096475,0.002271,168.372986,197.495255,-783.074158,0,0
0.240000,-1.481235,1.080039,1.016163,0.793860,-0.386581,0.469405,-0.400644,0.248198,0.881976,-0.457461,-0.888230,0.042153,0.613088,-0.321008,0.004870,0.721840,0.014023,-0.007211,-0.003363,0.002745,0.019107,0.000695,-0.469405,-0.881976,-0.042153,0.000000,0.000000,0.000000,-1,-0.465958,-0.863388,-0.040222,0.014803,-0.107081,0.000320,169.599426,196.272903,-782.907166,0,0
0.280000,-1.482377,1.080007,1.017204,0.793727,-0.386761,0.469481,-0.400926,0.247796,0.881961,-0.457444,-0.888264,0.041620,0.613252,-0.321111,0.004907,0.721655,0.018257,-0.010399,-0.007643,0.002898,0.017886,-0.000357,-0.469481,-0.881961,-0.041620,0.000000,0.000000,0.000000,-1,-0.465408,-0.868881,-0.045151,0.015829,-0.125114,-0.005992,168.723389,197.844482,-783.408142,0,0
0.320000,-1.484022,1.080269,1.017944,0.793365,-0.387700,0.469319,-0.400913,0.247378,0.882085,-0.458083,-0.887971,0.040827,0.613425,-0.321397,0.004579,0.721382,0.004392,-0.035851,-0.012688,0.004933,0.011632,-0.002508,-0.469319,-0.882085,-0.040827,0.000000,0.000000,0.000000,-1,-0.465897,-0.874329,-0.045319,-0.011811,-0.122993,-0.005697,168.898590,196.622147,-782.573120,0,0
0.360000,-1.483344,1.080412,1.016155,0.793039,-0.388552,0.469165,-0.400362,0.248028,0.882152,-0.459128,-0.887417,0.041135,0.613163,-0.321658,0.004092,0.721492,-0.013630,-0.010391,-0.003023,-0.000119,0.006374,0.007184,-0.469165,-0.882152,-0.041135,0.000000,0.000000,0.000000,-1,-0.464233,-0.870438,-0.042847,-0.002203,-0.112378,0.002659,168.723389,196.796768,-783.074158,0,0
0.400000,-1.484588,1.080187,1.017038,0.792722,-0.388900,0.469414,-0.400750,0.247779,0.882046,-0.459339,-0.887334,0.040568,0.613265,-0.321904,0.004107,0.721295,0.024681,-0.014614,0.008281,0.005058,0.021359,-0.001913,-0.469414,-0.882046,-0.040568,0.000000,0.000000,0.000000,-1,-0.465393,-0.850586,-0.046341,0.020208,-0.116584,0.025833,170.300247,195.923676,-781.905151,0,0
0.440000,-1.485572,1.079136,1.017800,0.792146,-0.388910,0.470376,-0.401727,0.247960,0.881550,-0.459478,-0.887279,0.040185,0.613189,-0.322347,0.004443,0.721161,0.015222,-0.012483,0.026461,0.006143,0.030217,-0.008765,-0.470376,-0.881550,-0.040185,0.000000,0.000000,0.000000,-1,-0.461716,-0.858231,-0.048538,-0.007392,-0.098549,0.033502,169.949829,197.669876,-783.909180,0,0
0.480000,-1.483476,1.077683,1.016029,0.791839,-0.388093,0.471567,-0.402376,0.249346,0.880863,-0.459440,-0.887249,0.041283,0.612620,-0.322577,0.004949,0.721538,-0.026240,0.019320,0.022519,0.010416,0.010441,0.006111,-0.471567,-0.880863,-0.041283,0.000000,0.000000,0.000000,-1,-0.460419,-0.869705,-0.029526,-0.014887,-0.099630,0.019761,169.599426,195.923676,-781.905151,0,0
0.520000,-1.483659,1.077468,1.016074,0.791686,-0.388166,0.471763,-0.402548,0.249427,0.880762,-0.459552,-0.887194,0.041213,0.612586,-0.322695,0.004984,0.721513,-0.010353,-0.011452,0.009713,0.011711,0.011194,0.008803,-0.471763,-0.880762,-0.041213,0.000000,0.000000,0.000000,-1,-0.462555,-0.869431,-0.034149,-0.006458,-0.131457,0.005983,169.424210,196.796768,-783.408142,0,0
0.560000,-1.485123,1.077671,1.016112,0.791108,-0.389485,0.471645,-0.402406,0.249318,0.880858,-0.460671,-0.886646,0.040507,0.612634,-0.323150,0.004478,0.721272,-0.012539,-0.039041,-0.002908,0.007885,0.011992,0.001276,-0.471645,-0.880858,-0.040507,0.000000,0.000000,0.000000,-1,-0.463531,-0.869827,-0.041626,-0.012886,-0.138896,-0.005613,169.249008,196.272903,-784.577148,0,0
0.600000,-1.485331,1.078492,1.014835,0.790843,-0.390884,0.470932,-0.401472,0.249449,0.881246,-0.461939,-0.885994,0.040346,0.612586,-0.323365,0.003670,0.721221,0.002331,-0.006196,-0.014949,0.009217,0.007375,0.000872,-0.470932,-0.881246,-0.040346,0.000000,0.000000,0.000000,-1,-0.463303,-0.870895,-0.032318,0.005213,-0.094371,-0.008141,171.351486,198.019104,-781.571167,0,0
0.640000,-1.485717,1.078970,1.015321,0.791046,-0.390960,0.470528,-0.401235,0.249033,0.881472,-0.461797,-0.886077,0.040129,0.612757,-0.323210,0.003562,0.721146,0.005546,0.003350,-0.010774,0.007668,0.012560,0.002074,-0.470528,-0.881472,-0.040129,0.000000,0.000000,0.000000,-1,-0.458557,-0.868073,-0.040985,0.008423,-0.103902,-0.000688,170.300247,196.272903,-783.241150,0,0
0.680000,-1.486342,1.079369,1.015893,0.791140,-0.391160,0.470203,-0.401079,0.248618,0.881660,-0.461771,-0.886106,0.039805,0.612927,-0.323138,0.003439,0.721035,0.006628,-0.003002,-0.004377,0.009510,0.013496,-0.002355,-0.470203,-0.881660,-0.039805,0.000000,0.000000,0.000000,-1,-0.463669,-0.865829,-0.038651,-0.001121,-0.103892,0.005800,167.496948,196.272903,-782.907166,0,0
0.720000,-1.486397,1.079150,1.015594,0.790910,-0.391391,0.470398,-0.401169,0.248840,0.881557,-0.462087,-0.885941,0.039796,0.612837,-0.323316,0.003390,0.721031,-0.003979,-0.008293,0.003212,0.006576,0.015209,0.001145,-0.470398,-0.881557,-0.039796,0.000000,0.000000,0.000000,-1,-0.461746,-0.869705,-0.040924,0.005259,-0.096472,0.004632,169.073807,196.796768,-782.740112,0,0
0.760000,-1.486376,1.079167,1.015696,0.790967,-0.391296,0.470382,-0.401182,0.248791,0.881565,-0.461980,-0.885997,0.039804,0.612856,-0.323272,0.003427,0.721034,0.006650,0.011844,-0.001252,0.008300,0.011249,0.000437,-0.470382,-0.881565,-0.039804,0.000000,0.000000,0.000000,-1,-0.465118,-0.871918,-0.039291,0.011624,-0.093298,0.000293,168.898590,195.923676,-783.909180,0,0
0.800000,-1.486947,1.079348,1.016557,0.791112,-0.391166,0.470245,-0.401260,0.248361,0.881650,-0.461663,-0.886175,0.039522,0.613031,-0.323159,0.003500,0.720936,0.016186,-0.001946,-0.006651,0.006607,0.011274,-0.000089,-0.470245,-0.881650,-0.039522,0.000000,0.000000,0.000000,-1,-0.463486,-0.869385,-0.043488,0.017989,-0.106022,-0.000784,169.599426,195.225189,-782.907166,0,0
0.840000,-1.487830,1.079649,1.017529,0.791205,-0.391254,0.470015,-0.401275,0.247832,0.881792,-0.461489,-0.886284,0.039085,0.613247,-0.323087,0.003476,0.720785,0.011942,0.001241,-0.003428,0.006957,0.011813,-0.003899,-0.470015,-0.881792,-0.039085,0.000000,0.000000,0.000000,-1,-0.462082,-0.870407,-0.039352,0.014818,-0.092236,0.001317,170.475449,195.050568,-782.072144,0,0
0.880000,-1.488140,1.079877,1.018130,0.791389,-0.391109,0.469827,-0.401253,0.247485,0.881900,-0.461194,-0.886445,0.038923,0.613388,-0.322945,0.003519,0.720728,0.014067,0.006540,-0.004541,0.009027,0.013064,-0.001818,-0.469827,-0.881900,-0.038923,0.000000,0.000000,0.000000,-1,-0.460968,-0.866608,-0.038635,0.016950,-0.095414,0.003435,171.701889,195.923676,-782.239136,0,0
0.920000,-1.489073,1.080086,1.019381,0.791532,-0.390997,0.469680,-0.401405,0.246886,0.881998,-0.460816,-0.886662,0.038470,0.613632,-0.322833,0.003611,0.720570,0.019355,-0.000872,-0.002475,0.009978,0.017405,-0.001646,-0.469680,-0.881998,-0.038470,0.000000,0.000000,0.000000,-1,-0.462418,-0.865891,-0.041641,0.021195,-0.106016,0.003436,169.774628,196.098282,-783.742188,0,0
0.960000,-1.490057,1.080004,1.020415,0.791449,-0.391032,0.469790,-0.401722,0.246509,0.881960,-0.460682,-0.886751,0.038013,0.613785,-0.322896,0.003710,0.720412,0.010846,-0.007227,-0.000222,0.004931,0.018419,-0.007122,-0.469790,-0.881960,-0.038013,0.000000,0.000000,0.000000,-1,-0.463150,-0.866623,-0.046097,0.003137,-0.100710,0.006802,170.300247,196.272903,-783.575195,0,0
1.000000,-1.489424,1.079886,1.019891,0.791489,-0.390857,0.469869,-0.401681,0.246774,0.881904,-0.460649,-0.886755,0.038319,0.613677,-0.322865,0.003756,0.720517,0.001287,0.006559,0.000885,0.009236,0.013221,-0.007244,-0.469869,-0.881904,-0.038319,0.000000,0.000000,0.000000,-1,-0.461731,-0.870682,-0.039520,-0.002174,-0.090109,0.005749,170.650650,194.526703,-782.907166,0,0
1.040000,-1.488589,1.079957,1.019387,0.791705,-0.390532,0.469775,-0.401504,0.246943,0.881937,-0.460432,-0.886851,0.038706,0.613607,-0.322697,0.003806,0.720652,0.002340,0.002318,-0.000173,0.009402,0.012675,-0.001195,-0.469775,-0.881937,-0.038706,0.000000,0.000000,0.000000,-1,-0.459030,-0.866638,-0.042480,0.008447,-0.098593,0.004607,169.249008,195.574432,-782.907166,0,0
1.080000,-1.488346,1.080285,1.019456,0.791975,-0.390343,0.469476,-0.401274,0.246764,0.882092,-0.460168,-0.886984,0.038796,0.613680,-0.322487,0.003792,0.720683,0.000162,0.004467,-0.002326,0.008234,0.011731,-0.000098,-0.469476,-0.882092,-0.038796,0.000000,0.000000,0.000000,-1,-0.461777,-0.866714,-0.039703,0.002054,-0.100718,0.001496,170.650650,196.272903,-783.241150,0,0
1.120000,-1.488245,1.080347,1.019366,0.792011,-0.390340,0.469418,-0.401205,0.246771,0.882122,-0.460166,-0.886983,0.038839,0.613678,-0.322460,0.003769,0.720698,0.005463,-0.002958,-0.004478,0.007092,0.014720,-0.001719,-0.469418,-0.882122,-0.038839,0.000000,0.000000,0.000000,-1,-0.460846,-0.861969,-0.040787,0.009488,-0.096482,-0.001797,169.774628,196.447525,-782.406128,0,0
1.160000,-1.487895,1.080611,1.019424,0.792300,-0.390048,0.469172,-0.401021,0.246626,0.882246,-0.459828,-0.887152,0.038984,0.613736,-0.322235,0.003806,0.720748,0.005455,0.007640,-0.007716,0.007045,0.018552,-0.005174,-0.469172,-0.882246,-0.038984,0.000000,0.000000,0.000000,-1,-0.464218,-0.863480,-0.044525,0.004168,-0.096483,-0.002802,168.898590,195.923676,-783.241150,0,0
1.200000,-1.487295,1.080577,1.018918,0.792366,-0.389907,0.469179,-0.400922,0.246845,0.882230,-0.459802,-0.887153,0.039269,0.613647,-0.322184,0.003820,0.720847,-0.000938,-0.005080,-0.007585,0.004854,0.018552,-0.006981,-0.469179,-0.882230,-0.039269,0.000000,0.000000,0.000000,-1,-0.466919,-0.868134,-0.044357,-0.003269,-0.106020,0.000515,170.475449,196.447525,-781.738159,0,0
1.240000,-1.486578,1.080505,1.018067,0.792335,-0.389928,0.469214,-0.400766,0.247219,0.882196,-0.459992,-0.887039,0.039610,0.613495,-0.322209,0.003758,0.720965,-0.000961,0.000281,-0.003392,0.005759,0.010049,-0.001192,-0.469214,-0.882196,-0.039610,0.000000,0.000000,0.000000,-1,-0.460724,-0.866745,-0.037216,0.006328,-0.089051,0.004587,169.424210,196.796768,-782.072144,0,0
1.280000,-1.486818,1.080601,1.018605,0.792472,-0.389739,0.469139,-0.400827,0.246959,0.882241,-0.459702,-0.887195,0.039490,0.613601,-0.322101,0.003845,0.720923,0.005406,-0.005025,-0.005565,0.006096,0.012475,-0.002380,-0.469139,-0.882241,-0.039490,0.000000,0.000000,0.000000,-1,-0.461426,-0.873474,-0.041733,0.003100,-0.108144,-0.001674,169.424210,196.796768,-783.742188,0,0
1.320000,-1.486657,1.080961,1.018223,0.792541,-0.389988,0.468816,-0.400462,0.246946,0.882410,-0.459901,-0.887089,0.039539,0.613607,-0.322050,0.003632,0.720941,-0.003128,-0.008214,-0.011841,0.007452,0.010432,-0.003826,-0.468816,-0.882410,-0.039539,0.000000,0.000000,0.000000,-1,-0.461487,-0.871643,-0.041092,-0.002228,-0.102849,-0.005894,169.424210,195.749054,-782.740112,0,0
1.360000,-1.486156,1.081367,1.017808,0.792771,-0.389972,0.468439,-0.400055,0.246923,0.882601,-0.459859,-0.887102,0.039744,0.613617,-0.321873,0.003496,0.721013,-0.000986,0.007690,-0.010872,0.004892,0.013034,0.003428,-0.468439,-0.882601,-0.039744,0.000000,0.000000,0.000000,-1,-0.462494,-0.867294,-0.036987,0.010542,-0.086946,-0.006106,169.599426,196.272903,-783.909180,0,0
1.400000,-1.486606,1.081614,1.018756,0.793033,-0.389680,0.468240,-0.400103,0.246430,0.882717,-0.459366,-0.887368,0.039515,0.613818,-0.321669,0.003614,0.720933,0.014936,0.008819,-0.007895,0.003747,0.015453,0.004587,-0.468240,-0.882717,-0.039515,0.000000,0.000000,0.000000,-1,-0.462097,-0.868576,-0.040268,0.016924,-0.093304,-0.004020,169.073807,195.749054,-782.740112,0,0
1.440000,-1.487431,1.081867,1.020112,0.793283,-0.389399,0.468050,-0.400246,0.245770,0.882836,-0.458808,-0.887674,0.039110,0.614085,-0.321472,0.003762,0.720792,0.019194,0.010940,-0.006887,0.004808,0.015633,-0.001036,-0.468050,-0.882836,-0.039110,0.000000,0.000000,0.000000,-1,-0.462662,-0.866898,-0.042496,0.016923,-0.094365,-0.004016,170.300247,195.574432,-784.577148,0,0
1.480000,-1.487491,1.082135,1.020632,0.793565,-0.389105,0.467816,-0.400172,0.245438,0.882962,-0.458385,-0.887895,0.039062,0.614220,-0.321252,0.003839,0.720775,0.006412,0.004574,-0.010971,0.007413,0.016232,-0.004181,-0.467816,-0.882962,-0.039062,0.000000,0.000000,0.000000,-1,-0.460144,-0.867111,-0.039978,0.003097,-0.091187,-0.006005,168.898590,196.971390,-782.239136,0,0
1.520000,-1.487685,1.082713,1.021222,0.793936,-0.388951,0.467315,-0.399882,0.244936,0.883233,-0.457996,-0.888101,0.038929,0.614425,-0.320964,0.003792,0.720729,0.012773,0.002446,-0.015285,0.008071,0.013284,0.001957,-0.467315,-0.883233,-0.038929,0.000000,0.000000,0.000000,-1,-0.460403,-0.872879,-0.036850,0.014772,-0.095434,-0.010369,168.548187,195.923676,-783.241150,0,0
1.560000,-1.488514,1.083290,1.022189,0.794162,-0.389060,0.466839,-0.399684,0.244283,0.883504,-0.457777,-0.888233,0.038499,0.614691,-0.320789,0.003686,0.720580,0.018049,-0.003850,-0.013215,0.009686,0.010121,-0.002379,-0.466839,-0.883504,-0.038499,0.000000,0.000000,0.000000,-1,-0.456589,-0.872787,-0.040878,0.014764,-0.106036,-0.010321,170.475449,196.447525,-783.074158,0,0
1.600000,-1.488844,1.084153,1.022518,0.794482,-0.389301,0.466092,-0.399113,0.243754,0.883907,-0.457718,-0.888273,0.038283,0.614908,-0.320542,0.003405,0.720507,0.001036,0.000390,-0.014114,0.008619,0.008968,-0.004472,-0.466092,-0.883907,-0.038283,0.000000,0.000000,0.000000,-1,-0.459717,-0.877975,-0.041641,0.011588,-0.088013,-0.010368,168.898590,195.923676,-783.909180,0,0
1.640000,-1.488777,1.084850,1.023226,0.795066,-0.388848,0.465475,-0.398759,0.243150,0.884233,-0.457013,-0.888637,0.038264,0.615153,-0.320086,0.003439,0.720500,0.032958,0.025841,-0.011391,0.006216,0.009157,-0.003866,-0.465475,-0.884233,-0.038264,0.000000,0.000000,0.000000,-1,-0.455322,-0.874207,-0.038864,0.039260,-0.068923,-0.006504,169.424210,196.796768,-782.406128,0,0
1.680000,-1.490800,1.085772,1.026888,0.795932,-0.387956,0.464739,-0.398950,0.241267,0.884664,-0.455336,-0.889540,0.037257,0.615916,-0.319405,0.003817,0.720149,0.054198,0.022652,-0.016932,0.011919,0.010503,-0.001546,-0.464739,-0.884664,-0.037257,0.000000,0.000000,0.000000,-1,-0.462097,-0.873764,-0.036163,0.051983,-0.083775,-0.012959,169.424210,196.447525,-783.074158,0,0
1.720000,-1.493498,1.086793,1.030400,0.796474,-0.387805,0.463937,-0.399019,0.239399,0.885139,-0.454327,-0.890110,0.035933,0.616673,-0.318980,0.003896,0.719688,0.032888,-0.001745,-0.024032,0.004586,0.014366,-0.001573,-0.463937,-0.885139,-0.035933,0.000000,0.000000,0.000000,-1,-0.462830,-0.870560,-0.039429,0.025381,-0.103922,-0.014703,170.650650,196.622147,-782.573120,0,0
1.760000,-1.494721,1.087192,1.031919,0.796666,-0.387779,0.463628,-0.399079,0.238611,0.885325,-0.453937,-0.890333,0.035339,0.616992,-0.318829,0.003927,0.719482,0.024375,0.007889,-0.011239,0.002126,0.016245,-0.010025,-0.463628,-0.885325,-0.035339,0.000000,0.000000,0.000000,-1,-0.455002,-0.862396,-0.045731,0.024361,-0.083767,-0.007336,169.249008,195.923676,-783.575195,0,0
1.800000,-1.493545,1.087292,1.031754,0.797175,-0.386886,0.463498,-0.398965,0.238632,0.885371,-0.453143,-0.890715,0.035877,0.616982,-0.318426,0.004196,0.719667,0.003159,0.020632,0.000640,0.011411,0.020350,-0.009884,-0.463498,-0.885371,-0.035877,0.000000,0.000000,0.000000,-1,-0.451675,-0.875198,-0.042084,-0.000038,-0.076327,0.005663,170.300247,195.923676,-782.907166,0,0
1.840000,-1.490824,1.087787,1.030149,0.797984,-0.385861,0.462962,-0.398205,0.239046,0.885601,-0.452388,-0.891049,0.037103,0.616813,-0.317789,0.004286,0.720093,-0.009632,0.023801,-0.007747,0.010020,0.006436,-0.000983,-0.462962,-0.885601,-0.037103,0.000000,0.000000,0.000000,-1,-0.456009,-0.871078,-0.029282,-0.000098,-0.077411,-0.010287,170.125046,197.495255,-784.076172,0,0
1.880000,-1.491130,1.088354,1.031082,0.798430,-0.385524,0.462473,-0.397997,0.238417,0.885864,-0.451783,-0.891363,0.036921,0.617068,-0.317437,0.004331,0.720029,0.012613,0.003697,-0.012171,0.005625,0.015427,0.005336,-0.462473,-0.885864,-0.036921,0.000000,0.000000,0.000000,-1,-0.454041,-0.870667,-0.040802,0.014796,-0.100724,-0.002900,169.949829,196.971390,-781.571167,0,0
1.920000,-1.491015,1.088404,1.031348,0.798604,-0.385221,0.462424,-0.398022,0.238288,0.885888,-0.451452,-0.891529,0.036971,0.617119,-0.317298,0.004445,0.720046,0.002034,0.013259,0.000668,0.006903,0.021340,-0.008668,-0.462424,-0.885888,-0.036971,0.000000,0.000000,0.000000,-1,-0.451340,-0.866806,-0.047562,0.001028,-0.083745,0.007813,170.125046,196.447525,-782.740112,0,0
1.960000,-1.488559,1.088275,1.029865,0.799091,-0.384184,0.462446,-0.397767,0.238937,0.885828,-0.450817,-0.891802,0.038116,0.616854,-0.316911,0.004713,0.720442,-0.008575,0.028110,0.004972,0.011686,0.013040,-0.000900,-0.462446,-0.885828,-0.038116,0.000000,0.000000,0.000000,-1,-0.451294,-0.872147,-0.027725,-0.004279,-0.077382,0.008906,168.022568,196.447525,-782.740112,0,0
2.000000,-1.488552,1.088448,1.030568,0.799432,-0.383658,0.462293,-0.397803,0.238578,0.885908,-0.450178,-0.892125,0.038107,0.616998,-0.316638,0.004909,0.720437,0.002061,0.012209,0.008114,0.012174,0.011122,0.011404,-0.462293,-0.885908,-0.038107,0.000000,0.000000,0.000000,-1,-0.450089,-0.876343,-0.040024,0.002126,-0.090090,0.018466,168.197769,196.272903,-782.907166,0,0
2.040000,-1.488492,1.088464,1.031043,0.799648,-0.383228,0.462277,-0.397904,0.238382,0.885915,-0.449707,-0.892362,0.038134,0.617076,-0.316465,0.005093,0.720445,0.010519,0.013319,0.010135,0.012173,0.010870,-0.004545,-0.462277,-0.885915,-0.038134,0.000000,0.000000,0.000000,-1,-0.457474,-0.873962,-0.042953,0.008487,-0.081618,0.011976,170.300247,196.971390,-781.905151,0,0
2.080000,-1.487558,1.087900,1.031291,0.799938,-0.382062,0.462738,-0.398392,0.238540,0.885654,-0.448757,-0.892820,0.038607,0.617007,-0.316226,0.005665,0.720605,0.007393,0.035602,0.022833,0.011139,0.017124,0.002947,-0.462738,-0.885654,-0.038607,0.000000,0.000000,0.000000,-1,-0.449173,-0.882797,-0.032364,0.029805,-0.073117,0.024467,169.599426,196.622147,-782.907166,0,0
2.120000,-1.488969,1.087862,1.034034,0.800337,-0.381119,0.462826,-0.399074,0.237464,0.885636,-0.447437,-0.893509,0.037956,0.617438,-0.315899,0.006231,0.720374,0.023306,0.022866,0.015264,0.020016,0.008668,0.007363,-0.462826,-0.885636,-0.037956,0.000000,0.000000,0.000000,-1,-0.446396,-0.870850,-0.034073,0.024464,-0.074187,0.018148,170.475449,195.050568,-782.072144,0,0
2.160000,-1.490226,1.087946,1.037032,0.800950,-0.379862,0.462800,-0.399720,0.236229,0.885675,-0.445761,-0.894372,0.037369,0.617931,-0.315400,0.006894,0.720165,0.035021,0.048309,0.015015,0.015885,0.016077,0.003357,-0.462800,-0.885675,-0.037369,0.000000,0.000000,0.000000,-1,-0.449387,-0.869293,-0.036057,0.038317,-0.047677,0.021067,171.526688,195.399811,-781.738159,0,0
2.200000,-1.490971,1.087881,1.040091,0.801752,-0.378062,0.462885,-0.400490,0.235034,0.885645,-0.443622,-0.895449,0.037028,0.618403,-0.314743,0.007787,0.720037,0.032791,0.044096,0.006557,0.009180,0.015619,-0.000218,-0.462885,-0.885645,-0.037028,0.000000,0.000000,0.000000,-1,-0.445557,-0.873154,-0.027863,0.030819,-0.042400,0.005170,169.949829,197.320633,-783.241150,0,0
2.240000,-1.491878,1.088649,1.043502,0.802944,-0.376317,0.462240,-0.400702,0.233324,0.886001,-0.441269,-0.896630,0.036555,0.619085,-0.313777,0.008468,0.719865,0.033804,0.063151,-0.011628,0.016302,0.010742,0.015803,-0.462240,-0.886001,-0.036555,0.000000,0.000000,0.000000,-1,-0.449890,-0.872543,-0.015274,0.041382,-0.047727,-0.011942,169.249008,196.622147,-783.575195,0,0
2.280000,-1.496863,1.090129,1.049891,0.803744,-0.375999,0.461108,-0.401046,0.230106,0.886687,-0.439497,-0.897594,0.034153,0.620380,-0.313133,0.008709,0.719028,0.057109,0.007993,-0.025468,0.008914,0.014479,0.017567,-0.461108,-0.886687,-0.034153,0.000000,0.000000,0.000000,-1,-0.454697,-0.873703,-0.025040,0.057267,-0.098626,-0.018269,169.249008,195.923676,-781.571167,0,0
2.320000,-1.500556,1.091344,1.054239,0.804244,-0.376096,0.460156,-0.401106,0.227828,0.887248,-0.438527,-0.898135,0.032375,0.621297,-0.312734,0.008703,0.718409,0.035855,0.013295,-0.024194,0.010861,0.014613,-0.010594,-0.460156,-0.887248,-0.032375,0.000000,0.000000,0.000000,-1,-0.458298,-0.867371,-0.044891,0.007313,-0.060465,-0.022146,169.949829,197.320633,-783.575195,0,0
2.360000,-1.497456,1.091921,1.053063,0.805390,-0.374389,0.459543,-0.400393,0.228046,0.887514,-0.437073,-0.898792,0.033764,0.621205,-0.311806,0.009043,0.718888,-0.007774,0.065278,-0.019661,0.002115,0.024309,-0.007313,-0.459543,-0.887514,-0.033763,0.000000,0.000000,0.000000,-1,-0.455734,-0.872330,-0.020340,-0.007530,-0.026532,-0.017880,168.723389,195.399811,-781.070129,0,0
2.400000,-1.496692,1.092500,1.054969,0.806666,-0.372297,0.459005,-0.400380,0.227029,0.887780,-0.434725,-0.899918,0.034076,0.621603,-0.310760,0.009765,0.718987,0.030459,0.057837,-0.030682,0.003789,0.018579,0.023212,-0.459004,-0.887780,-0.034076,0.000000,0.000000,0.000000,-1,-0.454422,-0.871094,-0.010086,0.049820,-0.057293,-0.027947,169.249008,196.272903,-781.571167,0,0
2.440000,-1.502376,1.093930,1.062062,0.807411,-0.372012,0.457923,-0.400871,0.223565,0.888438,-0.432885,-0.900903,0.031380,0.622990,-0.310150,0.010048,0.718045,0.058031,0.026002,-0.045732,0.004401,0.020731,0.013817,-0.457923,-0.888438,-0.031380,0.000000,0.000000,0.000000,-1,-0.451523,-0.864655,-0.017487,0.057206,-0.046716,-0.045096,170.300247,195.923676,-781.571167,0,0
2.480000,-1.505781,1.095764,1.068009,0.808884,-0.370682,0.456401,-0.400765,0.220392,0.889278,-0.430226,-0.902232,0.029715,0.624255,-0.308947,0.010482,0.717459,0.039990,0.082183,-0.050039,0.009501,0.029827,0.015128,-0.456401,-0.889278,-0.029715,0.000000,0.000000,0.000000,-1,-0.440430,-0.880127,-0.009338,0.045529,-0.007493,-0.048335,170.300247,196.971390,-781.571167,0,0
2.520000,-1.508433,1.098214,1.075260,0.811406,-0.367736,0.454302,-0.400435,0.216443,0.890396,-0.425762,-0.904391,0.028369,0.625818,-0.306867,0.011401,0.716976,0.077159,0.138368,-0.051729,0.017504,0.009826,0.023806,-0.454302,-0.890396,-0.028369,0.000000,0.000000,0.000000,-1,-0.432510,-0.879272,-0.001526,0.081719,0.055057,-0.050080,170.475449,195.749054,-780.402100,0,0
2.560000,-1.510557,1.101306,1.083660,0.814814,-0.363491,0.451611,-0.399804,0.211782,0.891799,-0.419804,-0.907206,0.027238,0.627653,-0.304027,0.012669,0.716560,0.046328,0.124579,-0.051332,0.009381,0.018493,0.014024,-0.451611,-0.891799,-0.027238,0.000000,0.000000,0.000000,-1,-0.447205,-0.876205,-0.021698,0.012639,0.001012,-0.032055,170.125046,196.098282,-780.736084,0,0
2.600000,-1.507389,1.102382,1.085096,0.817086,-0.359670,0.450565,-0.399259,0.210760,0.892285,-0.415889,-0.908965,0.028607,0.628036,-0.302104,0.013803,0.717017,-0.023666,0.153262,-0.011330,0.004596,0.009290,0.005719,-0.450565,-0.892285,-0.028607,0.000000,0.000000,0.000000,-1,-0.445862,-0.867020,-0.028229,-0.057307,0.082712,0.010896,172.227509,195.749054,-781.404114,0,0
2.640000,-1.491972,1.100961,1.076988,0.820007,-0.351976,0.451333,-0.398652,0.214591,0.891643,-0.410689,-0.911079,0.035650,0.626452,-0.299555,0.016220,0.719418,-0.141448,0.238140,0.032136,0.014398,0.027965,0.003271,-0.451333,-0.891643,-0.035650,0.000000,0.000000,0.000000,-1,-0.447983,-0.896545,-0.031693,-0.132661,0.158015,0.030533,172.052307,195.923676,-781.905151,0,0
2.680000,-1.473270,1.099265,1.068747,0.824085,-0.341315,0.452092,-0.398196,0.218596,0.890874,-0.402894,-0.914177,0.044231,0.624752,-0.295922,0.019687,0.722307,-0.075480,0.345230,0.052226,-0.009273,-0.001292,0.022289,-0.452092,-0.890874,-0.044231,0.000000,0.000000,0.000000,-1,-0.465332,-0.857010,-0.029022,-0.033492,0.260943,0.087480,170.125046,195.749054,-781.404114,0,0
2.720000,-1.460040,1.094521,1.068633,0.827419,-0.328251,0.455663,-0.401871,0.220674,0.888709,-0.392272,-0.918452,0.050675,0.623713,-0.292652,0.025409,0.724356,-0.038106,0.293353,0.104181,-0.014429,0.026328,0.007721,-0.455663,-0.888709,-0.050675,0.000000,0.000000,0.000000,-1,-0.470352,-0.870758,-0.063034,-0.043040,0.149663,0.115744,172.577927,196.796768,-781.070129,0,0
2.760000,-1.447896,1.087926,1.065108,0.828357,-0.318542,0.460821,-0.406209,0.224923,0.885666,-0.385771,-0.920837,0.056922,0.621794,-0.291395,0.030175,0.726327,-0.052929,0.202229,0.139870,-0.014459,0.016220,-0.007760,-0.460821,-0.885666,-0.056922,0.000000,0.000000,0.000000,-1,-0.479218,-0.861130,-0.065002,-0.055647,0.116867,0.162835,170.650650,195.574432,-781.237122,0,0
2.800000,-1.435297,1.080303,1.062064,0.829128,-0.307729,0.466744,-0.411408,0.229440,0.882100,-0.378537,-0.923396,0.063633,0.619688,-0.290120,0.035585,0.728389,-0.056888,0.290317,0.200151,-0.010490,0.034688,-0.002392,-0.466744,-0.882100,-0.063633,0.000000,0.000000,0.000000,-1,-0.474106,-0.842911,-0.072678,-0.037254,0.238882,0.222713,170.475449,195.749054,-781.070129,0,0
2.840000,-1.421714,1.070936,1.061827,0.830279,-0.293211,0.473987,-0.418550,0.233553,0.877649,-0.368038,-0.927081,0.071191,0.617563,-0.288133,0.042890,0.730586,-0.008877,0.347618,0.233406,0.003070,0.041880,-0.001715,-0.473987,-0.877649,-0.071191,0.000000,0.000000,0.000000,-1,-0.473297,-0.839020,-0.085953,0.014922,0.248454,0.242306,169.774628,196.098282,-781.404114,0,0
2.880000,-1.413357,1.060816,1.067767,0.830771,-0.278168,0.482122,-0.427690,0.235333,0.872754,-0.356232,-0.931258,0.076539,0.616218,-0.286367,0.051074,0.731888,0.064483,0.323256,0.271051,0.006964,0.033933,-0.009597,-0.482122,-0.872754,-0.076539,0.000000,0.000000,0.000000,-1,-0.472214,-0.841675,-0.086884,0.072477,0.213536,0.287569,172.402710,196.272903,-780.903137,0,0
2.920000,-1.409069,1.052188,1.073710,0.830224,-0.267223,0.489204,-0.435684,0.236370,0.868510,-0.347719,-0.934195,0.079815,0.615231,-0.285627,0.057493,0.732531,0.064592,0.292566,0.307357,0.020118,0.032130,-0.007725,-0.489204,-0.868510,-0.079815,0.000000,0.000000,0.000000,-1,-0.472305,-0.839554,-0.085175,0.056621,0.186015,0.317652,170.650650,193.828232,-780.235107,0,0
2.960000,-1.401222,1.037030,1.081403,0.828278,-0.249942,0.501482,-0.449058,0.239172,0.860897,-0.335115,-0.938257,0.085863,0.613034,-0.285057,0.067846,0.733709,0.011494,0.285173,0.326056,0.021944,0.022594,0.000597,-0.501482,-0.860897,-0.085863,0.000000,0.000000,0.000000,-1,-0.478271,-0.854919,-0.086716,0.020497,0.205102,0.320091,167.847366,194.875946,-778.565063,0,0
3.000000,-1.393500,1.026059,1.087002,0.827278,-0.235454,0.510070,-0.458724,0.241033,0.855263,-0.324319,-0.941522,0.091393,0.611321,-0.283885,0.075963,0.734797,0.043332,0.339205,0.299923,0.031799,0.000344,0.004677,-0.510070,-0.855263,-0.091393,0.000000,0.000000,0.000000,-1,-0.467957,-0.859512,-0.086243,0.069320,0.272902,0.284144,167.847366,194.875946,-778.565063,0,0
3.040000,-1.387753,1.020010,1.093281,0.827806,-0.223406,0.514614,-0.464814,0.240521,0.852113,-0.314143,-0.944584,0.095263,0.610742,-0.281715,0.082061,0.735457,0.069826,0.385806,0.267495,0.046658,-0.007399,0.009020,-0.514614,-0.852113,-0.095263,0.000000,0.000000,0.000000,-1,-0.459000,-0.857880,-0.082672,0.071374,0.293011,0.260629,169.249008,194.526703,-778.231079,0,0
3.080000,-1.376718,1.013368,1.102778,0.830146,-0.203517,0.519074,-0.472118,0.238644,0.848618,-0.296583,-0.949542,0.102025,0.610221,-0.276800,0.091152,0.736684,0.026007,0.361333,0.210615,0.057221,-0.020858,0.014058,-0.519074,-0.848618,-0.102025,0.000000,0.000000,0.000000,-1,-0.461655,-0.863663,-0.092331,0.017954,0.235672,0.202972,169.249008,193.828232,-777.563110,0,0
3.120000,-1.366827,1.010673,1.105916,0.832393,-0.190874,0.520277,-0.474908,0.238186,0.847189,-0.285629,-0.952279,0.107617,0.609629,-0.273027,0.096226,0.737936,-0.016804,0.295503,0.147530,0.055022,-0.004983,0.017102,-0.520277,-0.847189,-0.107617,0.000000,0.000000,0.000000,-1,-0.479279,-0.847153,-0.086334,-0.055708,0.216472,0.126219,170.125046,195.050568,-778.064087,0,0
3.160000,-1.357469,1.008981,1.105607,0.834187,-0.181817,0.520648,-0.476115,0.238976,0.846289,-0.278292,-0.953852,0.112785,0.608775,-0.270187,0.099526,0.739247,-0.067963,0.339962,0.103201,0.041369,-0.000863,0.026450,-0.520648,-0.846289,-0.112785,0.000000,0.000000,0.000000,-1,-0.481979,-0.852615,-0.091782,-0.066430,0.265190,0.092079,168.723389,195.050568,-778.398071,0,0
3.200000,-1.337737,1.009328,1.107693,0.840015,-0.161291,0.518035,-0.476349,0.237850,0.846474,-0.259743,-0.957816,0.122967,0.608111,-0.262139,0.106186,0.741760,0.043347,0.336642,0.013676,0.013579,-0.001884,0.025280,-0.518035,-0.846474,-0.122967,0.000000,0.000000,0.000000,-1,-0.537979,-0.857513,-0.106018,0.059764,0.191931,0.020813,169.599426,194.177475,-777.563110,0,0
3.240000,-1.334878,1.009359,1.112845,0.841574,-0.154225,0.517656,-0.477545,0.235382,0.846491,-0.252397,-0.959588,0.124442,0.608636,-0.259502,0.108956,0.741855,0.085808,0.192467,0.024495,-0.020323,-0.011023,0.018424,-0.517656,-0.846491,-0.124442,0.000000,0.000000,0.000000,-1,-0.535721,-0.850143,-0.104630,0.129887,0.022331,0.043144,170.825867,195.399811,-776.728027,0,0
3.280000,-1.337745,1.008997,1.120694,0.841884,-0.150289,0.518309,-0.479653,0.231759,0.846298,-0.247312,-0.961094,0.123028,0.609733,-0.258286,0.111113,0.741059,0.151732,0.106618,0.043304,-0.017412,-0.003845,0.018399,-0.518309,-0.846298,-0.123028,0.000000,0.000000,0.000000,-1,-0.497269,-0.808594,-0.098389,0.182004,-0.005216,0.054395,168.723389,194.352081,-776.394043,0,0
3.320000,-1.353178,1.008059,1.142980,0.840994,-0.146187,0.520921,-0.485421,0.221343,0.845798,-0.238946,-0.964177,0.115186,0.613283,-0.257470,0.114945,0.737822,0.258218,0.030372,0.103106,0.035951,0.048465,0.013364,-0.520921,-0.845798,-0.115186,0.000000,0.000000,0.000000,-1,-0.490509,-0.820801,-0.109833,0.253417,-0.095233,0.121028,169.073807,193.304367,-777.730103,0,0
3.360000,-1.368921,1.005213,1.161237,0.838567,-0.145444,0.525025,-0.491587,0.213402,0.844276,-0.234836,-0.966078,0.107453,0.615977,-0.258545,0.117776,0.734749,0.177525,-0.019400,0.142512,0.020387,0.003914,-0.007567,-0.525025,-0.844276,-0.107453,0.000000,0.000000,0.000000,-1,-0.553268,-0.863113,-0.135086,0.089793,-0.118511,0.153784,168.723389,194.701324,-775.726074,0,0
3.400000,-1.374595,1.001149,1.167597,0.836193,-0.144754,0.528987,-0.496086,0.211615,0.842091,-0.233838,-0.966574,0.105141,0.616327,-0.259943,0.119721,0.733647,0.043582,-0.025753,0.149338,-0.024281,-0.021022,-0.029945,-0.528987,-0.842091,-0.105141,0.000000,0.000000,0.000000,-1,-0.560532,-0.834488,-0.137939,0.004711,-0.133362,0.149470,168.548187,194.875946,-776.561035,0,0
3.440000,-1.372239,0.993472,1.164466,0.832540,-0.143482,0.535060,-0.501345,0.215716,0.837926,-0.235648,-0.965857,0.107659,0.614240,-0.262449,0.121863,0.734152,-0.113756,0.066462,0.134703,0.046443,0.004354,-0.002296,-0.535060,-0.837926,-0.107659,0.000000,0.000000,0.000000,-1,-0.435608,-0.838791,-0.085373,-0.130231,0.057448,0.132013,168.022568,194.002853,-776.728027,0,0
3.480000,-1.353368,0.989459,1.155101,0.833667,-0.132195,0.536213,-0.502375,0.221758,0.835729,-0.229389,-0.966099,0.118460,0.611034,-0.259630,0.125535,0.737205,-0.203918,0.419483,0.117069,0.131092,-0.003291,0.039634,-0.536213,-0.835729,-0.118461,0.000000,0.000000,0.000000,-1,-0.392426,-0.837921,-0.080383,-0.238461,0.345820,0.129777,169.424210,193.304367,-776.728027,0,0
3.520000,-1.323718,0.983100,1.138076,0.835128,-0.116357,0.537607,-0.503341,0.232502,0.832220,-0.221829,-0.965611,0.135602,0.605604,-0.255818,0.130357,0.742164,-0.307039,0.262620,0.150814,0.157419,-0.024958,0.028195,-0.537607,-0.832220,-0.135602,0.000000,0.000000,0.000000,-1,-0.395386,-0.867798,-0.130737,-0.273769,-0.126978,0.167403,168.372986,193.653610,-776.728027,0,0
3.560000,-1.312783,0.977101,1.121649,0.832743,-0.118131,0.540910,-0.503942,0.242902,0.828879,-0.229305,-0.962831,0.142744,0.601477,-0.258561,0.129517,0.744713,-0.225515,-0.373444,0.191056,0.094255,-0.049066,0.000349,-0.540910,-0.828879,-0.142744,0.000000,0.000000,0.000000,-1,-0.493439,-0.870453,-0.144852,-0.211239,-0.645340,0.221176,166.270508,194.002853,-778.064087,0,0
3.600000,-1.331815,0.966113,1.111494,0.821404,-0.142168,0.552344,-0.509583,0.252030,0.822682,-0.256167,-0.957219,0.134572,0.598916,-0.272054,0.123631,0.742968,-0.199960,-0.834478,0.296029,0.037253,-0.020610,0.011891,-0.552344,-0.822682,-0.134572,0.000000,0.000000,0.000000,-1,-0.523499,-0.838333,-0.109375,-0.186656,-0.906019,0.309306,166.796127,194.526703,-777.897095,0,0
3.640000,-1.353715,0.953141,1.105920,0.808177,-0.164380,0.565534,-0.517667,0.259629,0.815238,-0.280838,-0.951615,0.124732,0.596619,-0.285797,0.119296,0.740361,-0.113463,-0.423091,0.312364,0.041318,-0.025490,0.034858,-0.565534,-0.815238,-0.124732,0.000000,0.000000,0.000000,-1,-0.502182,-0.821136,-0.095291,-0.075506,-0.210501,0.320898,166.445709,193.478989,-779.233093,0,0
3.680000,-1.357785,0.941970,1.105922,0.801332,-0.165394,0.574902,-0.525775,0.263695,0.808718,-0.285355,-0.950321,0.124347,0.594409,-0.290696,0.121779,0.739827,-0.047231,0.093196,0.289082,0.095562,0.000628,0.003131,-0.574902,-0.808719,-0.124347,0.000000,0.000000,0.000000,-1,-0.471481,-0.825668,-0.145660,-0.033042,0.042787,0.252272,166.445709,194.177475,-779.567139,0,0
3.720000,-1.350173,0.937541,1.104082,0.800912,-0.158485,0.577428,-0.528483,0.266270,0.806106,-0.281508,-0.950780,0.129502,0.592693,-0.289766,0.124820,0.741061,-0.065137,0.091782,0.052057,0.093160,-0.064668,-0.039825,-0.577428,-0.806106,-0.129502,0.000000,0.000000,0.000000,-1,-0.500778,-0.906464,-0.183197,-0.105317,-0.094357,0.002650,164.868866,194.352081,-779.400085,0,0
3.760000,-1.343327,0.940766,1.089878,0.802225,-0.164218,0.573992,-0.522340,0.272546,0.808010,-0.289129,-0.948025,0.132865,0.590934,-0.290455,0.120514,0.742906,-0.241470,-0.349488,-0.097208,0.084033,-0.176411,-0.055642,-0.573992,-0.808010,-0.132865,0.000000,0.000000,0.000000,-1,-0.458542,-1.019104,-0.159927,-0.258242,-0.541987,-0.142564,165.744888,193.129745,-778.565063,0,0
3.800000,-1.344124,0.943921,1.070121,0.800164,-0.181654,0.571611,-0.514615,0.281587,0.809864,-0.308073,-0.942184,0.131834,0.588800,-0.295630,0.111896,0.743906,-0.287416,-0.385618,-0.150788,0.122835,-0.247615,0.002363,-0.571611,-0.809864,-0.131834,0.000000,0.000000,0.000000,-1,-0.439133,-1.056503,-0.103149,-0.310212,-0.405212,-0.137290,166.796127,193.478989,-780.903137,0,0
3.840000,-1.331181,0.946672,1.046047,0.801127,-0.189535,0.567691,-0.505757,0.292776,0.811475,-0.320009,-0.937208,0.138692,0.585162,-0.297051,0.105818,0.747093,-0.328613,0.040561,-0.167150,0.169665,-0.216082,0.044789,-0.567691,-0.811475,-0.138692,0.000000,0.000000,0.000000,-1,-0.378967,-1.025360,-0.094452,-0.284537,0.062261,-0.190741,168.022568,195.399811,-781.404114,0,0
3.880000,-1.306391,0.959433,1.028980,0.811970,-0.183703,0.554038,-0.491775,0.296000,0.818866,-0.314423,-0.937357,0.150003,0.584373,-0.288975,0.102509,0.751328,-0.065061,0.394532,-0.235444,0.155386,-0.257504,0.044305,-0.554038,-0.818866,-0.150003,0.000000,0.000000,0.000000,-1,-0.452759,-1.074997,-0.105682,0.067323,0.346295,-0.262916,166.620926,195.399811,-781.070129,0,0
3.920000,-1.288622,0.970474,1.027945,0.822426,-0.170985,0.542568,-0.483697,0.291820,0.825154,-0.299421,-0.941066,0.157296,0.585942,-0.279329,0.103742,0.753582,0.103734,0.373236,-0.297841,0.049114,-0.205654,0.053643,-0.542568,-0.825154,-0.157296,0.000000,0.000000,0.000000,-1,-0.531326,-0.981674,-0.067184,0.089477,0.208442,-0.280621,166.971329,197.146011,-779.066101,0,0
3.960000,-1.272950,0.979929,1.025127,0.830908,-0.161177,0.532554,-0.476182,0.289120,0.830458,-0.287823,-0.943627,0.163482,0.587006,-0.271445,0.104228,0.755564,-0.059406,0.452960,-0.157055,-0.060250,-0.117815,0.137390,-0.532554,-0.830458,-0.163482,0.000000,0.000000,0.000000,-1,-0.660065,-0.918594,0.006073,-0.097712,0.546939,-0.085425,168.723389,197.146011,-780.402100,0,0
4.000000,-1.232434,0.980088,1.022425,0.841621,-0.125142,0.525370,-0.475287,0.290337,0.830546,-0.256470,-0.948707,0.184875,0.584468,-0.256827,0.115019,0.761057,0.195359,1.461605,0.096195,-0.151265,-0.000646,0.394119,-0.525370,-0.830546,-0.184875,0.000000,0.000000,0.000000,-1,-0.510956,-0.808228,0.007492,1.884433,0.551364,0.015035,170.125046,197.146011,-778.732056,0,0
4.040000,-1.327134,1.003105,1.146177,0.844968,-0.117260,0.521804,-0.489938,0.221513,0.843144,-0.214454,-0.968082,0.129721,0.611092,-0.248407,0.125738,0.740979,2.493663,-1.705625,-0.179708,0.001693,0.133153,0.104453,-0.521804,-0.843145,-0.129721,0.000000,0.000000,0.000000,-1,-0.580353,-0.487793,-0.049286,2.440094,-2.331457,-0.061049,167.321747,195.749054,-775.726074,0,0
4.080000,-1.563125,1.014201,1.311812,0.822684,-0.210021,0.528283,-0.510680,0.135296,0.849059,-0.249795,-0.968290,0.004053,0.648717,-0.277741,0.107323,0.700363,1.899593,-2.523768,0.053913,-0.126564,0.362410,-0.057455,-0.528283,-0.849059,-0.004053,0.000000,0.000000,0.000000,-1,-0.852371,-0.549530,-0.040833,1.688419,-2.568887,-0.014462,167.847366,198.019104,-775.893066,0,0
4.120000,-1.773603,1.021510,1.436008,0.800773,-0.311857,0.511379,-0.517343,0.070157,0.852897,-0.301859,-0.947535,-0.105157,0.677453,-0.305999,0.077319,0.664412,0.675196,-1.537733,-0.612502,-0.602345,0.200889,-0.150750,-0.511379,-0.852897,0.105157,0.000000,0.000000,0.000000,-1,-1.052872,-0.571350,-0.139908,0.293848,-1.488550,-0.717721,168.898590,196.622147,-775.559082,0,0
4.160000,-1.824031,1.042563,1.444399,0.797900,-0.353944,0.487934,-0.499987,0.063536,0.863699,-0.336702,-0.933106,-0.126272,0.682026,-0.313013,0.055435,0.658628,-0.517841,-1.570670,-0.646008,-0.417828,0.349920,-0.300665,-0.487934,-0.863699,0.126272,0.000000,0.000000,0.000000,-1,-0.449921,-0.374405,-0.138611,-0.809995,-1.857089,-0.429452,166.095306,196.622147,-776.227051,0,0
4.200000,-1.837080,1.056824,1.396294,0.781661,-0.405010,0.474313,-0.484174,0.085358,0.870798,-0.393168,-0.910319,-0.129374,0.675588,-0.329041,0.030027,0.659099,-0.984398,-1.924818,0.040449,0.024392,0.496393,-0.267985,-0.474313,-0.870798,0.129374,0.000000,0.000000,0.000000,-1,-0.246231,-0.548126,-0.094910,-0.821569,-1.969598,0.192394,166.620926,197.844482,-778.732056,0,0
4.240000,-1.893971,1.055655,1.389433,0.754358,-0.461207,0.467154,-0.484578,0.088861,0.870223,-0.442864,-0.882832,-0.156458,0.674899,-0.350343,0.008997,0.649377,0.493733,0.365107,-0.062766,0.304419,0.010818,-0.057596,-0.467154,-0.870223,0.156458,0.000000,0.000000,0.000000,-1,-0.086868,-0.876511,0.203583,0.080734,0.927799,0.074702,166.445709,197.669876,-778.565063,0,0
