0.000000,-1.782964,-1.440673,-1.650126,0.982951,0.133103,0.126847,0.129348,-0.010283,-0.991546,-0.130673,0.991049,-0.027324,-0.710732,-0.092317,0.001346,0.697378,-0.003481,-0.003381,-0.000237,0.000168,0.009141,0.001179,-0.126847,0.991546,0.027324,0.000000,0.000000,0.000000,-1,-0.128098,1.001205,0.027725,0.001001,-0.109193,0.005800,133.682190,306.458130,-767.041931,0,0
0.040000,-1.782605,-1.440650,-1.649579,0.982923,0.133284,0.126879,0.129376,-0.010214,-0.991543,-0.130861,0.991025,-0.027283,-0.710707,-0.092394,0.001401,0.697393,0.001832,-0.007622,-0.000277,-0.002821,0.011219,-0.000153,-0.126879,0.991543,0.027283,0.000000,0.000000,0.000000,-1,-0.127701,1.002274,0.028564,0.003129,-0.107073,0.005767,131.930130,307.156616,-766.373901,0,0
0.080000,-1.782555,-1.440681,-1.649325,0.982899,0.133484,0.126850,0.129349,-0.010179,-0.991547,-0.131065,0.990999,-0.027271,-0.710695,-0.092456,0.001483,0.697397,0.002905,-0.004439,0.001825,-0.000469,0.011169,0.002576,-0.126850,0.991547,0.027271,0.000000,0.000000,0.000000,-1,-0.128738,1.003006,0.031219,0.001005,-0.103892,0.005776,133.156570,305.235809,-767.542908,0,0
0.120000,-1.783319,-1.440606,-1.649989,0.982878,0.133590,0.126903,0.129416,-0.010270,-0.991537,-0.131156,0.990984,-0.027383,-0.710727,-0.092513,0.001496,0.697357,-0.000324,-0.001243,0.000783,-0.003423,0.010263,0.003577,-0.126903,0.991537,0.027383,0.000000,0.000000,0.000000,-1,-0.129623,1.000732,0.030502,-0.000063,-0.104954,0.004729,131.229309,307.156616,-765.705933,0,0
0.160000,-1.785214,-1.440367,-1.651747,0.982834,0.133743,0.127081,0.129634,-0.010517,-0.991506,-0.131270,0.990960,-0.027674,-0.710814,-0.092632,0.001473,0.697252,-0.002459,-0.000187,-0.001326,-0.001184,0.010188,0.001882,-0.127081,0.991506,0.027674,0.000000,0.000000,0.000000,-1,-0.127945,1.002441,0.028488,-0.001121,-0.097532,0.004707,131.930130,306.108887,-765.037903,0,0
0.200000,-1.785748,-1.440348,-1.652377,0.982846,0.133653,0.127085,0.129646,-0.010600,-0.991504,-0.131170,0.990972,-0.027746,-0.710843,-0.092601,0.001437,0.697227,0.000731,0.001933,-0.001371,0.001811,0.010190,0.001551,-0.127085,0.991504,0.027746,0.000000,0.000000,0.000000,-1,-0.127502,1.001999,0.029282,-0.000062,-0.097534,0.003632,132.455750,305.585052,-766.874939,0,0
0.240000,-1.786095,-1.440380,-1.652799,0.982861,0.133581,0.127044,0.129610,-0.010652,-0.991508,-0.131094,0.990981,-0.027783,-0.710862,-0.092561,0.001424,0.697213,0.000729,-0.001249,-0.001356,-0.001313,0.009881,-0.000745,-0.127044,0.991508,0.027783,0.000000,0.000000,0.000000,-1,-0.126190,1.002090,0.028778,-0.001125,-0.102833,0.004731,132.455750,307.680481,-765.872925,0,0
0.280000,-1.787120,-1.440486,-1.653774,0.982870,0.133638,0.126913,0.129495,-0.010770,-0.991522,-0.131138,0.990972,-0.027891,-0.710903,-0.092535,0.001486,0.697175,-0.004630,-0.001233,-0.001295,-0.000055,0.010599,-0.000181,-0.126913,0.991522,0.027891,0.000000,0.000000,0.000000,-1,-0.128006,1.001251,0.030136,-0.004323,-0.103897,0.002644,132.455750,305.934296,-766.206909,0,0
0.320000,-1.788925,-1.440481,-1.655550,0.982870,0.133681,0.126868,0.129480,-0.011000,-0.991521,-0.131152,0.990963,-0.028121,-0.710984,-0.092534,0.001506,0.697092,-0.000375,0.003007,-0.001360,0.001227,0.009517,0.001023,-0.126868,0.991521,0.028121,0.000000,0.000000,0.000000,-1,-0.127243,1.000504,0.026932,-0.009632,-0.100715,0.003752,132.455750,307.331238,-765.538879,0,0
0.360000,-1.789934,-1.440466,-1.656581,0.982874,0.133667,0.126853,0.129484,-0.011135,-0.991519,-0.131121,0.990964,-0.028252,-0.711031,-0.092524,0.001501,0.697045,-0.002509,-0.002297,-0.002375,-0.000893,0.010053,-0.001748,-0.126853,0.991519,0.028252,0.000000,0.000000,0.000000,-1,-0.127914,1.002167,0.019638,-0.003253,-0.106014,0.004769,133.156570,307.331238,-767.208923,0,0
0.400000,-1.790404,-1.440452,-1.656917,0.982856,0.133802,0.126854,0.129494,-0.011180,-0.991517,-0.131249,0.990945,-0.028315,-0.711047,-0.092573,0.001545,0.697022,-0.002505,-0.003356,-0.001306,0.002235,0.011458,-0.001719,-0.126854,0.991517,0.028315,0.000000,0.000000,0.000000,-1,-0.125671,1.001434,0.028763,-0.000064,-0.106014,0.004734,131.930130,306.458130,-766.039917,0,0
0.440000,-1.791065,-1.440511,-1.657458,0.982849,0.133926,0.126778,0.129429,-0.011245,-0.991525,-0.131366,0.990928,-0.028386,-0.711069,-0.092591,0.001613,0.696997,-0.002547,-0.001223,-0.001314,-0.000358,0.011893,0.000392,-0.126778,0.991525,0.028386,0.000000,0.000000,0.000000,-1,-0.128510,1.003143,0.030640,-0.001137,-0.102838,0.001540,131.404510,308.029724,-765.872925,0,0
0.480000,-1.792916,-1.440423,-1.659192,0.982826,0.134057,0.126810,0.129497,-0.011477,-0.991513,-0.131464,0.990907,-0.028640,-0.711151,-0.092650,0.001636,0.696906,-0.004687,-0.002289,-0.004476,0.001719,0.011065,0.003099,-0.126810,0.991513,0.028640,0.000000,0.000000,0.000000,-1,-0.131500,1.001617,0.023788,-0.004324,-0.100718,0.001566,132.630951,307.505859,-766.039917,0,0
0.520000,-1.793422,-1.440132,-1.659698,0.982791,0.134064,0.127077,0.129778,-0.011568,-0.991476,-0.131452,0.990905,-0.028767,-0.711183,-0.092748,0.001538,0.696860,-0.007867,-0.001226,-0.002319,-0.006636,0.011424,0.000117,-0.127077,0.991476,0.028768,0.000000,0.000000,0.000000,-1,-0.126602,1.000397,0.030457,-0.006457,-0.103900,0.000540,133.857391,306.283508,-766.874939,0,0
0.560000,-1.795301,-1.440053,-1.661517,0.982778,0.134139,0.127099,0.129835,-0.011811,-0.991465,-0.131493,0.990892,-0.029024,-0.711269,-0.092783,0.001545,0.696768,-0.005735,0.000895,-0.001288,0.002099,0.011174,-0.001115,-0.127099,0.991465,0.029024,0.000000,0.000000,0.000000,-1,-0.129333,1.001083,0.030441,-0.004320,-0.100716,0.002630,133.156570,306.981995,-765.538879,0,0
0.600000,-1.795880,-1.440036,-1.662148,0.982784,0.134092,0.127099,0.129844,-0.011895,-0.991463,-0.131436,0.990897,-0.029101,-0.711298,-0.092766,0.001524,0.696740,-0.003653,-0.000155,-0.002369,0.000313,0.011345,-0.001223,-0.127099,0.991463,0.029101,0.000000,0.000000,0.000000,-1,-0.127197,1.002655,0.030869,-0.003255,-0.102835,0.003691,131.930130,306.458130,-766.373901,0,0
0.640000,-1.797532,-1.439971,-1.663676,0.982764,0.134229,0.127114,0.129890,-0.012099,-0.991455,-0.131544,0.990876,-0.029326,-0.711370,-0.092821,0.001557,0.696660,-0.003664,-0.003340,-0.004481,-0.000114,0.010438,-0.000410,-0.127114,0.991455,0.029326,0.000000,0.000000,0.000000,-1,-0.128021,1.000183,0.030167,-0.001139,-0.106019,0.001555,132.806152,307.680481,-766.206909,0,0
0.680000,-1.798972,-1.439785,-1.664853,0.982709,0.134501,0.127251,0.130059,-0.012269,-0.991430,-0.131787,0.990838,-0.029550,-0.711430,-0.092968,0.001594,0.696579,-0.001530,-0.008637,-0.001289,-0.003685,0.010736,0.000555,-0.127251,0.991430,0.029550,0.000000,0.000000,0.000000,-1,-0.128723,1.002411,0.029663,-0.001136,-0.107077,0.002623,132.630951,305.759674,-766.039917,0,0
0.720000,-1.799773,-1.439683,-1.665513,0.982679,0.134648,0.127326,0.130152,-0.012365,-0.991417,-0.131918,0.990816,-0.029675,-0.711463,-0.093048,0.001614,0.696534,-0.000466,-0.001218,-0.002398,-0.000543,0.011101,0.003635,-0.127326,0.991417,0.029675,0.000000,0.000000,0.000000,-1,-0.132767,1.001511,0.032089,-0.001127,-0.100715,0.003658,133.331772,307.505859,-766.373901,0,0
0.760000,-1.801110,-1.439418,-1.666840,0.982648,0.134672,0.127542,0.130397,-0.012562,-0.991382,-0.131909,0.990811,-0.029905,-0.711533,-0.093133,0.001534,0.696452,-0.003657,-0.001219,-0.002364,-0.002784,0.010403,0.003573,-0.127542,0.991382,0.029905,0.000000,0.000000,0.000000,-1,-0.131073,1.001724,0.032028,-0.003265,-0.104959,0.001573,131.754929,305.934296,-766.540894,0,0
0.800000,-1.802653,-1.439078,-1.668283,0.982596,0.134786,0.127823,0.130714,-0.012783,-0.991338,-0.131985,0.990792,-0.030179,-0.711611,-0.093274,0.001462,0.696353,-0.002645,-0.002268,-0.004498,-0.001693,0.008464,0.002139,-0.127823,0.991338,0.030179,0.000000,0.000000,0.000000,-1,-0.130936,1.002197,0.031967,-0.003265,-0.106019,0.001578,131.754929,306.283508,-765.872925,0,0
0.840000,-1.803659,-1.438894,-1.669159,0.982557,0.134925,0.127970,0.130884,-0.012916,-0.991314,-0.132100,0.990772,-0.030350,-0.711657,-0.093377,0.001451,0.696292,-0.002639,-0.003326,-0.002366,-0.000738,0.009938,0.003250,-0.127970,0.991314,0.030350,0.000000,0.000000,0.000000,-1,-0.132202,1.002808,0.031174,-0.002201,-0.103898,0.001557,131.579712,307.505859,-766.373901,0,0
0.880000,-1.803661,-1.438760,-1.669135,0.982537,0.134953,0.128100,0.131017,-0.012926,-0.991296,-0.132122,0.990768,-0.030381,-0.711661,-0.093433,0.001413,0.696281,-0.001570,0.003035,-0.002407,-0.003034,0.010612,0.000136,-0.128100,0.991296,0.030381,0.000000,0.000000,0.000000,-1,-0.131958,1.000885,0.032928,-0.000064,-0.100715,0.003646,132.455750,307.331238,-766.874939,0,0
0.920000,-1.804263,-1.438535,-1.669714,0.982507,0.134983,0.128298,0.131231,-0.013024,-0.991266,-0.132133,0.990762,-0.030510,-0.711695,-0.093514,0.001347,0.696235,-0.000546,-0.001189,-0.001334,-0.001569,0.010824,0.002037,-0.128298,0.991266,0.030510,0.000000,0.000000,0.000000,-1,-0.128998,1.001297,0.036575,-0.000067,-0.099656,0.002578,132.806152,308.029724,-765.538879,0,0
0.960000,-1.805705,-1.438445,-1.671258,0.982513,0.134896,0.128341,0.131300,-0.013235,-0.991254,-0.132017,0.990771,-0.030716,-0.711770,-0.093498,0.001291,0.696161,-0.002668,0.006231,-0.001344,-0.002015,0.010790,0.002427,-0.128341,0.991254,0.030716,0.000000,0.000000,0.000000,-1,-0.131821,1.000961,0.031052,-0.003249,-0.094353,0.003653,132.455750,305.585052,-766.540894,0,0
1.000000,-1.806722,-1.438231,-1.672510,0.982520,0.134675,0.128515,0.131494,-0.013421,-0.991226,-0.131769,0.990799,-0.030895,-0.711835,-0.093480,0.001143,0.696097,-0.004798,0.006229,-0.002385,0.001150,0.009155,-0.001553,-0.128515,0.991226,0.030895,0.000000,0.000000,0.000000,-1,-0.125565,1.001678,0.032501,-0.004316,-0.095415,0.002606,132.630951,306.458130,-766.707886,0,0
1.040000,-1.808805,-1.438244,-1.674742,0.982548,0.134547,0.128439,0.131452,-0.013713,-0.991228,-0.131605,0.990812,-0.031160,-0.711938,-0.093406,0.001112,0.696002,-0.003737,-0.001192,-0.001298,0.000403,0.009962,-0.000750,-0.128439,0.991228,0.031160,0.000000,0.000000,0.000000,-1,-0.129532,1.003555,0.031357,-0.003261,-0.106017,0.002642,132.105331,306.981995,-766.206909,0,0
1.080000,-1.809684,-1.438228,-1.675482,0.982530,0.134690,0.128427,0.131457,-0.013812,-0.991226,-0.131734,0.990792,-0.031277,-0.711972,-0.093454,0.001161,0.695960,-0.002706,-0.004358,-0.001292,-0.001105,0.012330,0.000080,-0.128427,0.991226,0.031277,0.000000,0.000000,0.000000,-1,-0.129044,1.002335,0.032135,-0.001129,-0.103895,0.003672,131.579712,306.807373,-766.707886,0,0
1.120000,-1.810553,-1.438141,-1.676303,0.982515,0.134746,0.128483,0.131531,-0.013929,-0.991214,-0.131772,0.990782,-0.031409,-0.712014,-0.093494,0.001155,0.695913,-0.000581,-0.001180,-0.002393,-0.001201,0.010052,-0.000266,-0.128483,0.991214,0.031409,0.000000,0.000000,0.000000,-1,-0.129883,1.001953,0.031326,-0.000069,-0.101776,0.002588,132.981369,307.156616,-765.371887,0,0
1.160000,-1.810479,-1.438063,-1.676141,0.982493,0.134833,0.128561,0.131611,-0.013916,-0.991204,-0.131858,0.990771,-0.031418,-0.712009,-0.093553,0.001157,0.695909,0.000480,-0.004361,-0.002390,0.000585,0.011772,0.001129,-0.128561,0.991204,0.031418,0.000000,0.000000,0.000000,-1,-0.127090,1.002258,0.029831,0.002058,-0.106016,0.003647,132.280548,306.458130,-767.375916,0,0
1.200000,-1.810070,-1.438113,-1.675589,0.982479,0.134969,0.128525,0.131569,-0.013838,-0.991211,-0.132004,0.990753,-0.031353,-0.711981,-0.093590,0.001221,0.695932,0.001543,-0.004362,-0.002401,0.000931,0.009461,0.000263,-0.128525,0.991210,0.031353,0.000000,0.000000,0.000000,-1,-0.127167,1.002045,0.032913,0.000990,-0.108138,0.002605,131.404510,307.331238,-765.538879,0,0
1.240000,-1.810323,-1.438100,-1.675622,0.982448,0.135188,0.128530,0.131581,-0.013844,-0.991209,-0.132220,0.990723,-0.031389,-0.711983,-0.093671,0.001296,0.695919,0.003664,-0.005424,-0.003483,0.001577,0.012270,0.002074,-0.128530,0.991209,0.031389,0.000000,0.000000,0.000000,-1,-0.127304,1.001099,0.034729,0.003117,-0.101778,0.001489,133.506989,306.981995,-766.206909,0,0
1.280000,-1.812245,-1.437785,-1.677519,0.982410,0.135232,0.128773,0.131865,-0.014127,-0.991167,-0.132219,0.990713,-0.031711,-0.712083,-0.093773,0.001210,0.695804,-0.003799,-0.002230,-0.005537,-0.005794,0.010130,0.003598,-0.128773,0.991167,0.031711,0.000000,0.000000,0.000000,-1,-0.129944,1.002014,0.034576,-0.006467,-0.106024,-0.001578,132.455750,306.283508,-765.872925,0,0
1.320000,-1.813657,-1.437584,-1.678842,0.982377,0.135335,0.128921,0.132044,-0.014323,-0.991140,-0.132290,0.990696,-0.031940,-0.712152,-0.093863,0.001183,0.695722,-0.004866,-0.001172,-0.006594,0.003952,0.011454,0.002773,-0.128921,0.991140,0.031940,0.000000,0.000000,0.000000,-1,-0.124924,1.004440,0.031342,-0.002209,-0.103902,-0.000570,132.455750,305.585052,-766.540894,0,0
1.360000,-1.813186,-1.437645,-1.678302,0.982374,0.135398,0.128877,0.131991,-0.014245,-0.991148,-0.132364,0.990689,-0.031865,-0.712124,-0.093870,0.001224,0.695749,0.007895,-0.002232,-0.005664,0.003129,0.011766,-0.000310,-0.128877,0.991148,0.031865,0.000000,0.000000,0.000000,-1,-0.130432,1.002930,0.032471,0.008428,-0.101780,0.000366,132.630951,305.759674,-766.039917,0,0
1.400000,-1.810623,-1.437685,-1.675632,0.982357,0.135480,0.128920,0.131990,-0.013888,-0.991154,-0.132491,0.990683,-0.031525,-0.711999,-0.093915,0.001254,0.695871,0.008932,-0.002215,-0.006731,-0.001680,0.010540,0.000976,-0.128920,0.991154,0.031525,0.000000,0.000000,0.000000,-1,-0.126404,1.001694,0.037125,0.010537,-0.103906,-0.003902,131.930130,307.505859,-766.707886,0,0
1.440000,-1.809251,-1.437603,-1.674215,0.982336,0.135514,0.129042,0.132090,-0.013710,-0.991143,-0.132545,0.990681,-0.031367,-0.711936,-0.093971,0.001230,0.695927,0.009984,0.000960,-0.009947,0.001402,0.009467,0.001881,-0.129042,0.991143,0.031367,0.000000,0.000000,0.000000,-1,-0.126831,1.000610,0.036514,0.010535,-0.100727,-0.004980,131.404510,307.680481,-765.538879,0,0
1.480000,-1.807517,-1.437136,-1.672568,0.982283,0.135421,0.129546,0.132573,-0.013539,-0.991081,-0.132459,0.990696,-0.031252,-0.711877,-0.094115,0.001023,0.695969,0.014216,0.008371,-0.016408,0.000167,0.011727,0.004835,-0.129546,0.991081,0.031252,0.000000,0.000000,0.000000,-1,-0.132172,1.004120,0.033157,0.014774,-0.082715,-0.012554,131.579712,306.458130,-767.375916,0,0
1.520000,-1.804011,-1.436465,-1.669900,0.982299,0.134576,0.130302,0.133270,-0.013251,-0.990991,-0.131637,0.990815,-0.030952,-0.711776,-0.094077,0.000469,0.696078,0.014218,0.035929,-0.020788,-0.003533,0.012106,0.003533,-0.130302,0.990991,0.030951,0.000000,0.000000,0.000000,-1,-0.125443,1.002396,0.032166,0.012638,-0.068940,-0.017911,131.754929,306.981995,-766.874939,0,0
1.560000,-1.800241,-1.435948,-1.667021,0.982340,0.133676,0.130917,0.133818,-0.012917,-0.990922,-0.130771,0.990941,-0.030577,-0.711659,-0.093968,-0.000051,0.696212,0.011002,0.029583,-0.022842,0.005474,0.011474,0.001589,-0.130917,0.990922,0.030577,0.000000,0.000000,0.000000,-1,-0.122803,1.001053,0.028564,0.011565,-0.071064,-0.020017,132.455750,305.934296,-766.874939,0,0
1.600000,-1.795155,-1.435673,-1.663235,0.982462,0.132358,0.131336,0.134137,-0.012435,-0.990885,-0.129519,0.991124,-0.029971,-0.711489,-0.093640,-0.000639,0.696430,0.009935,0.035940,-0.024982,0.006962,0.011862,-0.002566,-0.131336,0.990885,0.029971,0.000000,0.000000,0.000000,-1,-0.125259,1.003860,0.022629,0.012619,-0.072127,-0.022152,132.981369,306.458130,-766.039917,0,0
1.640000,-1.786171,-1.435061,-1.655633,0.982539,0.130929,0.132193,0.134832,-0.011466,-0.990802,-0.128209,0.991325,-0.028920,-0.711148,-0.093427,-0.001400,0.696806,0.012046,0.029573,-0.028164,0.008886,0.012906,0.001720,-0.132193,0.990802,0.028919,0.000000,0.000000,0.000000,-1,-0.124863,1.002747,0.031174,0.012627,-0.066825,-0.021112,131.229309,306.108887,-767.041931,0,0
1.680000,-1.781514,-1.434701,-1.652534,0.982682,0.129362,0.132674,0.135222,-0.011077,-0.990753,-0.126696,0.991536,-0.028378,-0.711009,-0.093031,-0.002102,0.696998,0.011005,0.038060,-0.023933,0.005965,0.012680,0.004184,-0.132674,0.990753,0.028378,0.000000,0.000000,0.000000,-1,-0.126465,1.000214,0.031784,0.009451,-0.065760,-0.017891,132.105331,306.981995,-766.206909,0,0
1.720000,-1.779197,-1.434374,-1.651127,0.982750,0.128449,0.133057,0.135561,-0.010913,-0.990709,-0.125804,0.991656,-0.028138,-0.710950,-0.092837,-0.002550,0.697083,0.008869,0.026397,-0.023854,0.005279,0.009276,0.001495,-0.133057,0.990709,0.028138,0.000000,0.000000,0.000000,-1,-0.129196,1.003586,0.028076,0.011565,-0.076363,-0.018930,133.331772,306.458130,-766.707886,0,0
1.760000,-1.773358,-1.433787,-1.646561,0.982819,0.127153,0.133788,0.136189,-0.010338,-0.990629,-0.124578,0.991829,-0.027477,-0.710745,-0.092629,-0.003240,0.697317,0.009924,0.032776,-0.024944,0.007735,0.012041,0.000263,-0.133788,0.990629,0.027477,0.000000,0.000000,0.000000,-1,-0.129440,1.001953,0.028030,0.008384,-0.064701,-0.018947,131.229309,307.505859,-767.375916,0,0
1.800000,-1.768472,-1.433243,-1.643038,0.982906,0.125774,0.134449,0.136762,-0.009897,-0.990555,-0.123255,0.992010,-0.026929,-0.710586,-0.092366,-0.003938,0.697510,0.010975,0.032770,-0.028144,0.004078,0.011246,-0.000577,-0.134449,0.990555,0.026929,0.000000,0.000000,0.000000,-1,-0.133636,1.002960,0.024170,0.013682,-0.067888,-0.023246,131.930130,307.505859,-767.041931,0,0
1.840000,-1.762115,-1.432634,-1.637614,0.982925,0.124804,0.135211,0.137416,-0.009196,-0.990471,-0.122371,0.992139,-0.026189,-0.710336,-0.092287,-0.004519,0.697772,0.017352,0.029589,-0.028200,-0.000059,0.013985,-0.004979,-0.135211,0.990471,0.026189,0.000000,0.000000,0.000000,-1,-0.137177,1.003326,0.027313,0.018981,-0.078493,-0.025384,131.229309,306.108887,-767.375916,0,0
1.880000,-1.750594,-1.431325,-1.627361,0.982878,0.123461,0.136778,0.138797,-0.007859,-0.990290,-0.121187,0.992318,-0.024861,-0.709859,-0.092363,-0.005491,0.698240,0.025866,0.030674,-0.025095,-0.008379,0.016134,0.001903,-0.136778,0.990290,0.024861,0.000000,0.000000,0.000000,-1,-0.151688,0.999313,0.019318,0.030705,-0.066823,-0.020247,131.579712,305.759674,-766.707886,0,0
1.920000,-1.737138,-1.429723,-1.615245,0.982793,0.122027,0.138665,0.140467,-0.006248,-0.990066,-0.119948,0.992507,-0.023281,-0.709282,-0.092521,-0.006597,0.698796,0.036482,0.030667,-0.029471,-0.014182,0.004777,-0.003185,-0.138665,0.990066,0.023281,0.000000,0.000000,0.000000,-1,-0.146866,0.996719,0.023209,0.042369,-0.075314,-0.026720,130.528488,306.807373,-767.709961,0,0
1.960000,-1.723225,-1.427939,-1.602307,0.982635,0.120941,0.140721,0.142301,-0.004486,-0.989813,-0.119077,0.992650,-0.021618,-0.708650,-0.092867,-0.007635,0.699380,0.031152,0.032780,-0.033681,-0.018657,0.009561,0.003590,-0.140721,0.989813,0.021618,0.000000,0.000000,0.000000,-1,-0.161255,0.993774,0.026917,0.020039,-0.064717,-0.029713,131.754929,305.934296,-768.210938,0,0
2.000000,-1.715668,-1.425476,-1.596250,0.982451,0.119400,0.143292,0.144763,-0.003685,-0.989460,-0.117614,0.992839,-0.020905,-0.708351,-0.093232,-0.009063,0.699618,0.013084,0.046560,-0.034615,-0.014102,0.004895,0.001403,-0.143292,0.989460,0.020905,0.000000,0.000000,0.000000,-1,-0.157486,0.995544,0.021011,0.009424,-0.059411,-0.026429,131.754929,306.981995,-765.538879,0,0
2.040000,-1.709432,-1.423511,-1.591489,0.982332,0.117892,0.145346,0.146722,-0.003037,-0.989173,-0.116174,0.993022,-0.020280,-0.708105,-0.093423,-0.010299,0.699824,0.007771,0.031743,-0.030223,-0.012247,0.008202,-0.000688,-0.145346,0.989173,0.020280,0.000000,0.000000,0.000000,-1,-0.157196,0.997986,0.019867,0.007285,-0.075314,-0.026333,132.105331,306.632751,-766.540894,0,0
2.080000,-1.702800,-1.421777,-1.585654,0.982161,0.117042,0.147177,0.148452,-0.002206,-0.988917,-0.115420,0.993124,-0.019542,-0.707797,-0.093775,-0.011217,0.700074,0.015211,0.012663,-0.027031,-0.010767,0.009755,-0.004939,-0.147177,0.988917,0.019542,0.000000,0.000000,0.000000,-1,-0.161560,0.999924,0.012985,0.011565,-0.092262,-0.015667,131.229309,305.410431,-767.375916,0,0
2.120000,-1.694477,-1.420408,-1.577776,0.981997,0.116515,0.148678,0.149819,-0.001046,-0.988713,-0.115044,0.993188,-0.018483,-0.707377,-0.094127,-0.011887,0.700441,0.010999,0.013738,-0.017420,-0.010425,0.009700,-0.006551,-0.148678,0.988713,0.018483,0.000000,0.000000,0.000000,-1,-0.155716,0.995178,0.013458,0.011588,-0.082714,-0.011455,130.353271,306.632751,-766.874939,0,0
2.160000,-1.688303,-1.419476,-1.572221,0.981922,0.115838,0.149704,0.150743,-0.000215,-0.988573,-0.114482,0.993268,-0.017673,-0.707073,-0.094255,-0.012453,0.700720,0.012071,0.007381,-0.014215,-0.009110,0.006407,-0.004504,-0.149704,0.988573,0.017673,0.000000,0.000000,0.000000,-1,-0.163086,0.997986,0.013901,0.010515,-0.100735,-0.010298,130.878891,306.458130,-767.041931,0,0
2.200000,-1.682300,-1.418303,-1.565951,0.981707,0.116032,0.150959,0.151901,0.000736,-0.988395,-0.114796,0.993245,-0.016903,-0.706731,-0.094779,-0.012792,0.700989,0.010982,-0.013815,-0.015146,-0.011150,0.010048,-0.006756,-0.150959,0.988395,0.016903,0.000000,0.000000,0.000000,-1,-0.154816,0.994553,0.012833,0.010530,-0.108149,-0.004947,130.703690,306.981995,-767.208923,0,0
2.240000,-1.677274,-1.417536,-1.560597,0.981546,0.116294,0.151796,0.152653,0.001557,-0.988279,-0.115167,0.993214,-0.016224,-0.706437,-0.095177,-0.012963,0.701227,0.004653,-0.004258,-0.004484,-0.008726,0.006442,-0.004048,-0.151796,0.988279,0.016224,0.000000,0.000000,0.000000,-1,-0.164749,0.996307,0.014236,0.003107,-0.109201,0.000459,130.878891,306.108887,-768.043945,0,0
2.280000,-1.675837,-1.416928,-1.558837,0.981415,0.116593,0.152417,0.153251,0.001833,-0.988186,-0.115495,0.993178,-0.016069,-0.706338,-0.095508,-0.013068,0.701281,0.002517,-0.018041,-0.004402,-0.011920,0.008549,-0.000719,-0.152417,0.988186,0.016069,0.000000,0.000000,0.000000,-1,-0.162659,0.997437,0.013519,-0.001149,-0.124041,0.002700,130.528488,307.505859,-767.041931,0,0
2.320000,-1.675495,-1.416483,-1.557843,0.981270,0.117228,0.152860,0.153688,0.001991,-0.988117,-0.116140,0.993103,-0.016063,-0.706283,-0.095895,-0.012998,0.701284,-0.001726,-0.022277,-0.001147,-0.009799,0.009319,-0.002544,-0.152860,0.988117,0.016063,0.000000,0.000000,0.000000,-1,-0.159790,0.996857,0.012604,0.002053,-0.124036,0.005856,132.105331,306.981995,-766.874939,0,0
2.360000,-1.673971,-1.416049,-1.555442,0.981099,0.118069,0.153311,0.154113,0.002366,-0.988050,-0.117021,0.993003,-0.015874,-0.706153,-0.096361,-0.012848,0.701354,0.000419,-0.011670,0.005205,-0.009698,0.008181,-0.003103,-0.153311,0.988050,0.015874,0.000000,0.000000,0.000000,-1,-0.164413,0.998520,0.015167,0.002076,-0.114488,0.010067,131.054092,306.981995,-766.540894,0,0
2.400000,-1.674040,-1.415842,-1.554810,0.980984,0.118758,0.153513,0.154315,0.002467,-0.988019,-0.117713,0.992920,-0.015906,-0.706120,-0.096681,-0.012675,0.701346,-0.000640,-0.022268,0.008453,-0.009863,0.010471,0.000986,-0.153513,0.988019,0.015906,0.000000,0.000000,0.000000,-1,-0.159546,0.998352,0.017380,-0.001108,-0.122965,0.013332,131.754929,306.981995,-766.206909,0,0
2.440000,-1.675660,-1.415817,-1.555715,0.980897,0.119478,0.153512,0.154342,0.002328,-0.988015,-0.118403,0.992834,-0.016157,-0.706174,-0.096938,-0.012429,0.701261,-0.003810,-0.011662,0.011629,-0.006492,0.009452,0.000918,-0.153512,0.988015,0.016157,0.000000,0.000000,0.000000,-1,-0.158966,0.998245,0.018600,-0.005332,-0.111294,0.018644,132.280548,306.807373,-765.705933,0,0
2.480000,-1.678198,-1.416048,-1.557878,0.980891,0.119876,0.153243,0.154118,0.001991,-0.988050,-0.118749,0.992787,-0.016522,-0.706297,-0.096983,-0.012210,0.701135,-0.008046,-0.010596,0.015924,-0.004655,0.008669,0.002673,-0.153243,0.988050,0.016522,0.000000,0.000000,0.000000,-1,-0.154709,0.996429,0.020966,-0.006397,-0.114475,0.018670,130.528488,306.108887,-767.709961,0,0
2.520000,-1.683074,-1.416468,-1.562256,0.980901,0.120424,0.152749,0.153711,0.001313,-0.988115,-0.119193,0.992722,-0.017223,-0.706543,-0.096999,-0.011873,0.700891,-0.011270,-0.012755,0.014973,-0.002647,0.010039,0.004765,-0.152749,0.988115,0.017223,0.000000,0.000000,0.000000,-1,-0.155441,1.000214,0.021332,-0.010639,-0.111291,0.020830,131.229309,307.855103,-766.707886,0,0
2.560000,-1.688224,-1.416954,-1.567030,0.980936,0.120853,0.152181,0.153235,0.000577,-0.988190,-0.119514,0.992670,-0.017953,-0.706808,-0.096946,-0.011554,0.700635,-0.010208,-0.012756,0.014961,-0.001079,0.010773,0.001762,-0.152181,0.988190,0.017953,0.000000,0.000000,0.000000,-1,-0.151276,1.001312,0.021637,-0.007458,-0.116594,0.019755,132.105331,306.981995,-767.876953,0,0
2.600000,-1.694171,-1.417800,-1.572426,0.981006,0.121463,0.151242,0.152400,-0.000248,-0.988319,-0.120007,0.992596,-0.018755,-0.707108,-0.096825,-0.011043,0.700358,-0.010199,-0.003214,0.015982,-0.000522,0.012246,0.004683,-0.151242,0.988319,0.018755,0.000000,0.000000,0.000000,-1,-0.149475,0.995468,0.025238,-0.009567,-0.103868,0.021849,132.280548,305.759674,-767.041931,0,0
2.640000,-1.698237,-1.418334,-1.576372,0.981078,0.121628,0.150641,0.151870,-0.000847,-0.988400,-0.120089,0.992575,-0.019302,-0.707324,-0.096666,-0.010798,0.700166,-0.008086,-0.008519,0.013856,0.002081,0.009067,0.004303,-0.150641,0.988400,0.019302,0.000000,0.000000,0.000000,-1,-0.149200,1.000809,0.022217,-0.009582,-0.113413,0.019764,131.930130,305.410431,-767.375916,0,0
2.680000,-1.703341,-1.419088,-1.581052,0.981148,0.122101,0.149801,0.151119,-0.001550,-0.988514,-0.120467,0.992516,-0.019972,-0.707579,-0.096533,-0.010364,0.699933,-0.009212,-0.011745,0.010765,0.003820,0.013973,0.004716,-0.149801,0.988514,0.019972,0.000000,0.000000,0.000000,-1,-0.143051,0.998413,0.026062,-0.010643,-0.105993,0.018679,133.682190,305.759674,-768.043945,0,0
2.720000,-1.709369,-1.419860,-1.586898,0.981251,0.122346,0.148923,0.150345,-0.002421,-0.988631,-0.120595,0.992485,-0.020770,-0.707892,-0.096304,-0.010004,0.699654,-0.013452,-0.003261,0.012903,0.000104,0.010622,0.003995,-0.148923,0.988631,0.020770,0.000000,0.000000,0.000000,-1,-0.148270,1.000397,0.021744,-0.014905,-0.108117,0.016608,131.229309,306.458130,-766.373901,0,0
2.760000,-1.714902,-1.420284,-1.591995,0.981270,0.122835,0.148390,0.149911,-0.003178,-0.988694,-0.120975,0.992422,-0.021533,-0.708163,-0.096286,-0.009678,0.699385,-0.013469,-0.014928,0.010829,0.002074,0.012603,0.000134,-0.148390,0.988694,0.021533,0.000000,0.000000,0.000000,-1,-0.140747,0.998871,0.021851,-0.013851,-0.114480,0.015561,131.229309,305.759674,-765.705933,0,0
2.800000,-1.719747,-1.421317,-1.596499,0.981391,0.123219,0.147274,0.148874,-0.003827,-0.988849,-0.121282,0.992372,-0.022100,-0.708399,-0.096024,-0.009173,0.699189,-0.010262,-0.006442,0.013950,0.005444,0.011594,-0.002218,-0.147274,0.988849,0.022100,0.000000,0.000000,0.000000,-1,-0.144714,1.001999,0.020493,-0.006400,-0.112356,0.017597,131.229309,306.108887,-767.709961,0,0
2.840000,-1.723513,-1.422376,-1.599823,0.981499,0.123690,0.146155,0.147814,-0.004292,-0.989006,-0.121703,0.992312,-0.022495,-0.708570,-0.095793,-0.008627,0.699055,-0.007141,-0.009718,0.011920,0.005667,0.012581,-0.000553,-0.146155,0.989006,0.022495,0.000000,0.000000,0.000000,-1,-0.139389,0.998688,0.021286,-0.007467,-0.112358,0.016545,131.229309,306.458130,-767.375916,0,0
2.880000,-1.725959,-1.423143,-1.601965,0.981578,0.124011,0.145350,0.147046,-0.004585,-0.989119,-0.121995,0.992270,-0.022736,-0.708678,-0.095621,-0.008239,0.698974,-0.008196,-0.009716,0.014062,0.008342,0.012559,-0.001221,-0.145350,0.989119,0.022736,0.000000,0.000000,0.000000,-1,-0.139542,1.003021,0.022720,-0.006400,-0.113416,0.017602,131.579712,306.108887,-766.707886,0,0
2.920000,-1.728764,-1.424036,-1.604330,0.981658,0.124469,0.144413,0.146152,-0.004903,-0.989250,-0.122423,0.992211,-0.023004,-0.708796,-0.095451,-0.007756,0.698883,-0.007138,-0.011839,0.012998,0.002507,0.014229,-0.000254,-0.144413,0.989250,0.023004,0.000000,0.000000,0.000000,-1,-0.141556,0.999741,0.025635,-0.006396,-0.108115,0.017578,132.105331,306.981995,-766.874939,0,0
2.960000,-1.732305,-1.424702,-1.607515,0.981717,0.124852,0.143680,0.145477,-0.005344,-0.989347,-0.122754,0.992161,-0.023410,-0.708955,-0.095327,-0.007379,0.698742,-0.005024,-0.011844,0.009785,-0.000851,0.013064,0.000730,-0.143680,0.989347,0.023410,0.000000,0.000000,0.000000,-1,-0.143127,1.001266,0.022339,-0.003229,-0.115543,0.013322,131.754929,305.934296,-767.208923,0,0
3.000000,-1.734852,-1.425107,-1.609551,0.981716,0.125379,0.143225,0.145065,-0.005625,-0.989406,-0.123245,0.992093,-0.023710,-0.709058,-0.095353,-0.007045,0.698638,-0.007163,-0.012910,0.006624,-0.000177,0.011158,-0.001325,-0.143225,0.989406,0.023710,0.000000,0.000000,0.000000,-1,-0.141449,1.000580,0.024734,-0.004297,-0.117665,0.012279,132.105331,305.585052,-767.208923,0,0
3.040000,-1.738409,-1.425601,-1.612547,0.981724,0.125963,0.142658,0.144560,-0.006039,-0.989478,-0.123776,0.992016,-0.024138,-0.709207,-0.095361,-0.006656,0.698489,-0.012551,-0.011914,0.007861,0.001987,0.010522,-0.000090,-0.142658,0.989478,0.024138,0.000000,0.000000,0.000000,-1,-0.143066,1.000153,0.026825,-0.011737,-0.114485,0.012347,132.105331,305.934296,-765.872925,0,0
3.080000,-1.744360,-1.426065,-1.617831,0.981719,0.126676,0.142060,0.144067,-0.006781,-0.989545,-0.124388,0.991921,-0.024907,-0.709473,-0.095403,-0.006227,0.698218,-0.009368,-0.019337,0.007861,0.000534,0.010471,-0.000844,-0.142060,0.989545,0.024907,0.000000,0.000000,0.000000,-1,-0.147324,1.002640,0.025787,-0.007496,-0.119789,0.010197,131.404510,306.283508,-765.872925,0,0
3.120000,-1.746366,-1.426147,-1.619326,0.981670,0.127197,0.141930,0.143976,-0.006993,-0.989556,-0.124876,0.991853,-0.025178,-0.709549,-0.095544,-0.006009,0.698122,-0.002995,-0.016160,0.005648,-0.002098,0.012275,0.000503,-0.141930,0.989556,0.025178,0.000000,0.000000,0.000000,-1,-0.144424,1.001678,0.023575,-0.001111,-0.116607,0.011176,131.229309,305.759674,-766.039917,0,0
3.160000,-1.746392,-1.426345,-1.618989,0.981652,0.127552,0.141736,0.143782,-0.006935,-0.989585,-0.125241,0.991808,-0.025147,-0.709531,-0.095603,-0.005812,0.698135,-0.000850,-0.008734,0.008782,-0.002689,0.012093,-0.001572,-0.141736,0.989585,0.025147,0.000000,0.000000,0.000000,-1,-0.138733,1.000504,0.026917,0.002090,-0.107063,0.012161,131.579712,306.458130,-767.041931,0,0
3.200000,-1.748658,-1.426992,-1.620845,0.981697,0.127974,0.141048,0.143129,-0.007169,-0.989678,-0.125642,0.991752,-0.025355,-0.709616,-0.095510,-0.005428,0.698064,-0.000920,-0.010950,0.008920,0.000576,0.008201,0.003591,-0.141048,0.989678,0.025355,0.000000,0.000000,0.000000,-1,-0.138336,1.000549,0.028183,-0.002162,-0.111302,0.013291,131.229309,306.807373,-766.373901,0,0
3.240000,-1.750337,-1.427472,-1.622123,0.981717,0.128380,0.140538,0.142646,-0.007328,-0.989747,-0.126034,0.991698,-0.025507,-0.709674,-0.095476,-0.005109,0.698012,-0.003040,-0.013068,0.011082,0.003499,0.010269,-0.000772,-0.140538,0.989747,0.025507,0.000000,0.000000,0.000000,-1,-0.141708,1.002731,0.027161,-0.002155,-0.112359,0.015423,132.280548,307.156616,-767.709961,0,0
3.280000,-1.752292,-1.427885,-1.623676,0.981727,0.128791,0.140086,0.142227,-0.007528,-0.989806,-0.126424,0.991643,-0.025708,-0.709747,-0.095463,-0.004812,0.697942,-0.003051,-0.016252,0.008969,-0.001622,0.012926,0.001453,-0.140086,0.989806,0.025708,0.000000,0.000000,0.000000,-1,-0.142471,0.997726,0.029678,-0.001102,-0.110244,0.012211,132.105331,306.632751,-766.540894,0,0
3.320000,-1.756294,-1.428092,-1.627262,0.981712,0.129238,0.139781,0.141994,-0.008026,-0.989835,-0.126802,0.991581,-0.026231,-0.709924,-0.095514,-0.004570,0.697756,-0.006319,-0.004687,0.003755,-0.001836,0.009799,0.003890,-0.139781,0.989835,0.026230,0.000000,0.000000,0.000000,-1,-0.141830,1.002914,0.028137,-0.003245,-0.106011,0.006897,131.930130,305.061188,-766.039917,0,0
3.360000,-1.758504,-1.428090,-1.629327,0.981699,0.129402,0.139724,0.141979,-0.008320,-0.989835,-0.126924,0.991557,-0.026540,-0.710028,-0.095553,-0.004507,0.697646,-0.004201,-0.003630,0.001599,0.000061,0.011371,0.003963,-0.139724,0.989835,0.026540,0.000000,0.000000,0.000000,-1,-0.144974,1.001099,0.031281,-0.007486,-0.100707,0.009047,132.455750,306.283508,-766.540894,0,0
3.400000,-1.762800,-1.428070,-1.633548,0.981697,0.129518,0.139628,0.141962,-0.008920,-0.989832,-0.126955,0.991537,-0.027144,-0.710240,-0.095559,-0.004461,0.697430,-0.010575,-0.005749,0.003806,-0.006322,0.010382,0.003160,-0.139628,0.989832,0.027144,0.000000,0.000000,0.000000,-1,-0.139114,1.001175,0.030899,-0.009627,-0.109191,0.006981,132.630951,306.807373,-765.705933,0,0
3.440000,-1.766260,-1.428047,-1.636834,0.981680,0.129724,0.139556,0.141955,-0.009388,-0.989829,-0.127094,0.991506,-0.027631,-0.710405,-0.095607,-0.004386,0.697256,-0.009515,-0.004691,0.002726,0.000442,0.011346,0.003268,-0.139556,0.989829,0.027631,0.000000,0.000000,0.000000,-1,-0.140945,1.001877,0.029007,-0.005362,-0.103887,0.009038,131.579712,306.458130,-767.041931,0,0
3.480000,-1.769503,-1.428282,-1.639970,0.981708,0.129859,0.139237,0.141692,-0.009817,-0.989862,-0.127175,0.991484,-0.028037,-0.710556,-0.095542,-0.004244,0.697111,-0.004248,-0.001584,0.004892,-0.001769,0.012747,0.001336,-0.139237,0.989862,0.028037,0.000000,0.000000,0.000000,-1,-0.141403,1.002853,0.028809,-0.002179,-0.101770,0.006866,131.930130,305.410431,-765.705933,0,0
3.520000,-1.770747,-1.428266,-1.641188,0.981705,0.129897,0.139218,0.141697,-0.009991,-0.989860,-0.127189,0.991477,-0.028214,-0.710618,-0.095548,-0.004232,0.697047,-0.002128,0.000532,0.002731,-0.002185,0.012994,0.000595,-0.139218,0.989860,0.028214,0.000000,0.000000,0.000000,-1,-0.141525,0.999146,0.027817,-0.000052,-0.100710,0.006837,131.404510,306.632751,-766.874939,0,0
3.560000,-1.771955,-1.428396,-1.642425,0.981730,0.129878,0.139058,0.141556,-0.010157,-0.989878,-0.127151,0.991478,-0.028356,-0.710676,-0.095484,-0.004189,0.696997,-0.001070,0.000530,0.001656,-0.002467,0.009267,-0.000540,-0.139058,0.989878,0.028356,0.000000,0.000000,0.000000,-1,-0.137115,0.998856,0.033005,-0.003239,-0.097529,0.006858,132.105331,304.537323,-767.208923,0,0
3.600000,-1.774048,-1.428637,-1.644653,0.981787,0.129764,0.138764,0.141294,-0.010454,-0.989912,-0.127004,0.991490,-0.028599,-0.710781,-0.095338,-0.004136,0.696910,-0.004250,0.002652,0.003809,-0.001388,0.010881,0.000744,-0.138764,0.989912,0.028599,0.000000,0.000000,0.000000,-1,-0.140671,1.001846,0.034134,-0.004303,-0.098589,0.006875,131.404510,306.283508,-767.208923,0,0
3.640000,-1.775988,-1.428589,-1.646699,0.981800,0.129679,0.138755,0.141320,-0.010747,-0.989906,-0.126879,0.991498,-0.028878,-0.710884,-0.095304,-0.004177,0.696810,-0.006383,0.004769,0.001696,-0.001916,0.011941,0.005256,-0.138755,0.989906,0.028878,0.000000,0.000000,0.000000,-1,-0.137375,1.001831,0.028687,-0.005374,-0.098593,0.004759,132.280548,307.156616,-766.373901,0,0
3.680000,-1.777456,-1.428690,-1.648313,0.981837,0.129549,0.138615,0.141204,-0.010968,-0.989920,-0.126722,0.991512,-0.029061,-0.710962,-0.095206,-0.004182,0.696744,-0.005370,0.003646,0.001785,0.001240,0.011911,-0.000375,-0.138615,0.989920,0.029061,0.000000,0.000000,0.000000,-1,-0.137955,0.999893,0.026291,-0.002179,-0.101770,0.006866,130.878891,305.759674,-766.707886,0,0
3.720000,-1.777965,-1.429023,-1.648781,0.981879,0.129590,0.138277,0.140869,-0.011008,-0.989967,-0.126768,0.991507,-0.029064,-0.710976,-0.095101,-0.004047,0.696744,-0.001118,-0.003775,0.002836,0.001315,0.012459,-0.000667,-0.138278,0.989967,0.029064,0.000000,0.000000,0.000000,-1,-0.136688,1.002411,0.026810,0.002075,-0.104949,0.007897,130.703690,306.283508,-766.540894,0,0
3.760000,-1.777536,-1.429285,-1.648267,0.981902,0.129667,0.138037,0.140617,-0.010916,-0.990004,-0.126864,0.991498,-0.028951,-0.710945,-0.095044,-0.003929,0.696785,0.001016,0.000467,0.003858,0.001348,0.012407,-0.002142,-0.138037,0.990004,0.028951,0.000000,0.000000,0.000000,-1,-0.137924,1.000397,0.027420,-0.001105,-0.097526,0.008962,133.857391,306.981995,-766.206909,0,0
3.800000,-1.777831,-1.429516,-1.648669,0.981949,0.129562,0.137804,0.140384,-0.010954,-0.990037,-0.126761,0.991511,-0.028945,-0.710959,-0.094923,-0.003883,0.696787,-0.001150,0.000424,0.002891,-0.000121,0.010360,-0.001525,-0.137804,0.990037,0.028945,0.000000,0.000000,0.000000,-1,-0.138870,1.002182,0.028931,-0.001120,-0.107071,0.006878,131.754929,306.981995,-766.206909,0,0
3.840000,-1.778287,-1.429707,-1.648945,0.981953,0.129741,0.137605,0.140192,-0.010978,-0.990063,-0.126941,0.991487,-0.028969,-0.710968,-0.094917,-0.003750,0.696779,-0.001151,-0.001697,0.002901,0.000810,0.012164,-0.001442,-0.137605,0.990063,0.028969,0.000000,0.000000,0.000000,-1,-0.138489,1.000046,0.028137,0.001018,-0.097528,0.007875,130.002869,305.934296,-766.540894,0,0
3.880000,-1.778175,-1.429895,-1.648908,0.981988,0.129664,0.137427,0.140008,-0.010958,-0.990090,-0.126873,0.991497,-0.028915,-0.710961,-0.094826,-0.003711,0.696799,0.000989,0.004666,0.004977,-0.001062,0.009956,-0.000778,-0.137427,0.990090,0.028915,0.000000,0.000000,0.000000,-1,-0.140030,1.000214,0.030090,-0.000043,-0.099646,0.008960,131.229309,306.108887,-765.371887,0,0
3.920000,-1.778314,-1.430082,-1.649143,0.982027,0.129569,0.137242,0.139820,-0.010977,-0.990116,-0.126782,0.991510,-0.028896,-0.710968,-0.094726,-0.003678,0.696806,-0.002203,0.001485,0.005027,-0.002788,0.010098,0.001194,-0.137242,0.990116,0.028896,0.000000,0.000000,0.000000,-1,-0.137268,1.000793,0.029755,0.002068,-0.109191,0.006852,132.280548,305.061188,-766.373901,0,0
3.960000,-1.779053,-1.430350,-1.649415,0.982005,0.130032,0.136960,0.139553,-0.010994,-0.990154,-0.127246,0.991449,-0.028943,-0.710975,-0.094794,-0.003416,0.696791,0.003071,-0.013385,0.004030,-0.000536,0.013463,-0.000195,-0.136960,0.990154,0.028943,0.000000,0.000000,0.000000,-1,-0.137115,1.000381,0.027893,0.005260,-0.116610,0.008978,131.054092,306.283508,-766.540894,0,0
4.000000,-1.778750,-1.430607,-1.648678,0.981983,0.130453,0.136720,0.139307,-0.010871,-0.990189,-0.127686,0.991395,-0.028849,-0.710933,-0.094861,-0.003177,0.696825,0.007326,-0.015505,0.005057,0.000398,0.009231,0.000128,-0.136720,0.990190,0.028849,0.000000,0.000000,0.000000,-1,-0.137482,1.000046,0.030792,0.006322,-0.112370,0.007883,131.930130,305.061188,-766.707886,0,0
4.040000,-1.778212,-1.430794,-1.647643,0.981942,0.130934,0.136554,0.139133,-0.010713,-0.990216,-0.128190,0.991333,-0.028737,-0.710878,-0.094977,-0.002942,0.696867,0.004139,-0.011265,0.005073,-0.000683,0.009830,0.001659,-0.136554,0.990216,0.028737,0.000000,0.000000,0.000000,-1,-0.136902,1.002121,0.035416,0.004188,-0.107074,0.004692,132.455750,307.331238,-766.206909,0,0
4.080000,-1.779785,-1.430526,-1.648856,0.981862,0.131305,0.136769,0.139385,-0.010902,-0.990178,-0.128524,0.991282,-0.029007,-0.710945,-0.095187,-0.002899,0.696770,-0.002257,-0.005973,-0.000200,-0.009914,0.008723,0.002640,-0.136769,0.990178,0.029007,0.000000,0.000000,0.000000,-1,-0.146622,1.003326,0.027512,-0.003273,-0.111321,0.000538,131.404510,306.283508,-766.540894,0,0
4.120000,-1.779775,-1.430068,-1.648565,0.981763,0.131585,0.137212,0.139840,-0.010897,-0.990114,-0.128789,0.991245,-0.029099,-0.710943,-0.095445,-0.002962,0.696736,-0.003333,-0.012338,-0.002289,-0.009669,0.016371,-0.001969,-0.137212,0.990114,0.029099,0.000000,0.000000,0.000000,-1,-0.159546,1.004120,0.026611,0.002076,-0.103889,0.007892,131.754929,307.331238,-766.206909,0,0
4.160000,-1.776241,-1.429211,-1.644898,0.981618,0.131691,0.138145,0.140725,-0.010447,-0.989994,-0.128930,0.991236,-0.028787,-0.710783,-0.095816,-0.003241,0.696847,0.013698,-0.000677,0.004956,-0.027245,0.016751,-0.000467,-0.138145,0.989994,0.028787,0.000000,0.000000,0.000000,-1,-0.166092,1.011429,0.034271,0.038177,-0.116626,-0.002022,131.930130,306.807373,-766.039917,0,0
4.200000,-1.761273,-1.426792,-1.629117,0.981134,0.132364,0.140912,0.143263,-0.008365,-0.989649,-0.129815,0.991166,-0.027170,-0.710047,-0.097045,-0.003907,0.697424,0.059319,-0.016612,-0.016762,-0.037494,0.016851,0.003607,-0.140912,0.989649,0.027170,0.000000,0.000000,0.000000,-1,-0.185272,1.002457,0.033737,0.071078,-0.121947,-0.016189,131.930130,306.458130,-766.707886,0,0
4.240000,-1.745830,-1.424538,-1.612947,0.980680,0.132935,0.143511,0.145608,-0.006141,-0.989323,-0.130634,0.991106,-0.025379,-0.709260,-0.098181,-0.004539,0.698062,0.076318,-0.024036,-0.017990,-0.049314,0.007060,0.000744,-0.143511,0.989323,0.025379,0.000000,0.000000,0.000000,-1,-0.216568,1.001572,-0.018539,0.061476,-0.182374,-0.012619,131.754929,305.585052,-767.542908,0,0
