0.000000,2.844307,-1.367750,2.778163,0.995674,-0.071721,-0.059070,-0.071684,-0.188482,-0.979457,0.059114,0.979454,-0.192808,-0.770870,0.046508,-0.000014,0.635292,0.014072,-0.030135,-0.017441,0.001218,0.012044,-0.000700,0.059070,0.979457,0.192808,0.000000,0.000000,0.000000,-1,0.060974,0.992096,0.197388,0.007282,-0.137849,-0.014350,124.396271,277.995087,-728.798401,0,0
0.040000,2.844937,-1.368079,2.779976,0.995773,-0.070514,-0.058854,-0.071228,-0.188310,-0.979523,0.057988,0.979575,-0.192537,-0.770815,0.045972,0.000281,0.635399,0.008731,-0.038625,-0.021594,0.005340,0.010879,0.003447,0.058854,0.979523,0.192537,0.000000,0.000000,0.000000,-1,0.064301,0.992172,0.192322,0.012611,-0.131485,-0.012310,124.396271,278.344330,-728.130371,0,0
0.080000,2.844813,-1.368651,2.780920,0.995858,-0.069420,-0.058714,-0.070853,-0.187854,-0.979638,0.056977,0.979741,-0.191995,-0.770666,0.045504,0.000563,0.635612,0.010892,-0.031196,-0.015261,0.004549,0.014167,-0.003152,0.058714,0.979638,0.191995,0.000000,0.000000,0.000000,-1,0.054337,0.989243,0.190002,0.013704,-0.117694,-0.007066,125.097092,279.392029,-728.798401,0,0
0.120000,2.846798,-1.369777,2.784113,0.995989,-0.068125,-0.058012,-0.069867,-0.187046,-0.979863,0.055902,0.979986,-0.191055,-0.770404,0.044779,0.000685,0.635981,0.009862,-0.030125,-0.008889,-0.010466,0.008113,0.001144,0.058012,0.979863,0.191055,0.000000,0.000000,0.000000,-1,0.051193,0.990845,0.198380,0.004137,-0.132532,-0.003702,125.447510,277.645844,-729.466370,0,0
0.160000,2.849128,-1.369842,2.787657,0.996100,-0.066874,-0.057549,-0.069181,-0.187233,-0.979876,0.054753,0.980037,-0.191129,-0.770464,0.044147,0.000907,0.635952,-0.003957,-0.019518,-0.007736,-0.000222,0.008252,0.005999,0.057549,0.979876,0.191129,0.000000,0.000000,0.000000,-1,0.063995,0.988586,0.195282,-0.008583,-0.102840,0.000559,124.746689,277.645844,-728.130371,0,0
0.200000,2.849019,-1.369328,2.787837,0.996108,-0.066616,-0.057715,-0.069322,-0.187717,-0.979774,0.054434,0.979962,-0.191604,-0.770621,0.044100,0.001064,0.635765,-0.006036,-0.002541,0.002855,-0.001547,0.007744,0.000183,0.057715,0.979774,0.191604,0.000000,0.000000,0.000000,-1,0.055237,0.990707,0.191971,-0.006435,-0.100711,0.005844,125.272308,277.471222,-729.967407,0,0
0.240000,2.850096,-1.369474,2.789118,0.996138,-0.066388,-0.057467,-0.069032,-0.187672,-0.979803,0.054262,0.979986,-0.191530,-0.770607,0.043933,0.001040,0.635794,-0.001800,-0.008909,-0.002493,-0.004794,0.022333,-0.002626,0.057467,0.979803,0.191530,0.000000,0.000000,0.000000,-1,0.055634,1.005127,0.187149,0.007353,-0.107084,-0.001725,124.221069,278.868164,-728.631348,0,0
0.280000,2.850115,-1.370264,2.789438,0.996173,-0.066045,-0.057241,-0.068705,-0.186967,-0.979961,0.054019,0.980144,-0.190789,-0.770378,0.043729,0.001045,0.636085,0.010966,-0.012096,-0.005815,-0.000310,0.019215,-0.004617,0.057241,0.979961,0.190789,0.000000,0.000000,0.000000,-1,0.057236,0.995499,0.185928,0.008386,-0.120874,-0.006993,125.272308,277.121979,-730.301392,0,0
0.320000,2.852630,-1.370861,2.793079,0.996289,-0.064851,-0.056595,-0.067824,-0.186666,-0.980079,0.052995,0.980281,-0.190372,-0.770280,0.043061,0.001168,0.636249,0.007724,-0.023773,-0.016374,-0.003586,0.012047,0.005429,0.056595,0.980079,0.190372,0.000000,0.000000,0.000000,-1,0.055222,0.991394,0.191833,0.009435,-0.118760,-0.011269,123.520248,278.169708,-728.297363,0,0
0.360000,2.853531,-1.371384,2.794557,0.996347,-0.064234,-0.056277,-0.067374,-0.186284,-0.980183,0.052477,0.980394,-0.189931,-0.770156,0.042721,0.001233,0.636422,0.009882,-0.013163,-0.011128,-0.000598,0.010967,-0.001408,0.056277,0.980183,0.189931,0.000000,0.000000,0.000000,-1,0.048050,0.993820,0.185486,0.008404,-0.108149,-0.004923,124.571472,277.471222,-727.963379,0,0
0.400000,2.855813,-1.372162,2.797176,0.996410,-0.063822,-0.055629,-0.066628,-0.185742,-0.980337,0.052234,0.980524,-0.189327,-0.769980,0.042355,0.001102,0.636659,0.008842,-0.020576,-0.006845,-0.011286,0.015818,-0.006863,0.055629,0.980337,0.189327,0.000000,0.000000,0.000000,-1,0.051224,0.987991,0.204208,0.004145,-0.120870,-0.003755,124.571472,278.169708,-728.297363,0,0
0.440000,2.859066,-1.372062,2.801081,0.996487,-0.063125,-0.055040,-0.065935,-0.186093,-0.980317,0.051640,0.980502,-0.189601,-0.770094,0.041897,0.001104,0.636552,-0.004981,-0.004670,-0.006781,-0.002229,0.006926,0.008397,0.055040,0.980317,0.189601,0.000000,0.000000,0.000000,-1,0.055023,0.990967,0.196945,-0.011770,-0.099659,0.000580,124.221069,278.169708,-727.629395,0,0
0.480000,2.860748,-1.371731,2.802751,0.996499,-0.063126,-0.054811,-0.065732,-0.186509,-0.980252,0.051657,0.980423,-0.190006,-0.770230,0.041825,0.001024,0.636393,0.000347,0.001696,-0.003679,-0.000261,0.018772,-0.004642,0.054811,0.980252,0.190006,0.000000,0.000000,0.000000,-1,0.050888,0.999344,0.187561,0.003107,-0.103902,-0.000629,124.221069,278.169708,-728.965393,0,0
0.520000,2.861965,-1.372227,2.804117,0.996532,-0.062933,-0.054445,-0.065316,-0.186140,-0.980350,0.051562,0.980506,-0.189605,-0.770110,0.041634,0.000936,0.636551,0.005658,-0.003610,-0.006913,-0.004427,0.019376,0.001511,0.054445,0.980350,0.189605,0.000000,0.000000,0.000000,-1,0.050217,0.993103,0.190643,0.007356,-0.098604,-0.002827,123.520248,278.868164,-729.967407,0,0
0.560000,2.864508,-1.372744,2.806699,0.996572,-0.062827,-0.053824,-0.064669,-0.185830,-0.980452,0.051596,0.980571,-0.189256,-0.770009,0.041394,0.000723,0.636688,0.007780,-0.002551,-0.009082,-0.000251,0.011385,-0.003983,0.053824,0.980452,0.189256,0.000000,0.000000,0.000000,-1,0.060501,0.988388,0.190948,0.000973,-0.109204,-0.001645,124.571472,277.471222,-729.633423,0,0
0.600000,2.863621,-1.372441,2.806205,0.996581,-0.062465,-0.054074,-0.064858,-0.186077,-0.980392,0.051179,0.980547,-0.189492,-0.770089,0.041334,0.000940,0.636595,-0.003887,0.001701,0.000615,0.001011,0.008667,0.009574,0.054074,0.980392,0.189492,0.000000,0.000000,0.000000,-1,0.052216,0.989304,0.191528,-0.002196,-0.102837,0.002616,124.396271,278.344330,-728.464355,0,0
0.640000,2.864404,-1.372424,2.807137,0.996599,-0.062305,-0.053930,-0.064691,-0.186154,-0.980389,0.051044,0.980543,-0.189552,-0.770114,0.041226,0.000937,0.636572,-0.004973,-0.015267,-0.002493,-0.004186,0.011982,-0.004493,0.053930,0.980389,0.189552,0.000000,0.000000,0.000000,-1,0.057053,0.995621,0.197647,-0.003278,-0.112383,-0.000520,123.870651,278.868164,-728.965393,0,0
0.680000,2.864384,-1.372178,2.807540,0.996621,-0.061897,-0.053999,-0.064694,-0.186407,-0.980340,0.050614,0.980521,-0.189782,-0.770196,0.041091,0.001099,0.636481,-0.006035,0.002752,-0.004684,0.003847,0.015113,0.003059,0.053999,0.980340,0.189782,0.000000,0.000000,0.000000,-1,0.056259,0.991211,0.188782,-0.000090,-0.109204,-0.001634,124.571472,278.169708,-726.961365,0,0
0.720000,2.864546,-1.372240,2.808328,0.996662,-0.061267,-0.053952,-0.064528,-0.186401,-0.980352,0.050007,0.980561,-0.189733,-0.770194,0.040832,0.001281,0.636500,-0.002850,-0.018451,-0.002492,0.001819,0.015162,0.004786,0.053952,0.980352,0.189733,0.000000,0.000000,0.000000,-1,0.046448,0.997620,0.190918,-0.001137,-0.098599,0.000458,123.695450,278.693542,-729.132385,0,0
0.760000,2.866225,-1.372257,2.810112,0.996688,-0.061135,-0.053629,-0.064190,-0.186500,-0.980356,0.049932,0.980551,-0.189806,-0.770226,0.040678,0.001200,0.636471,0.001414,0.004873,-0.003717,-0.007181,0.017264,0.001112,0.053629,0.980356,0.189806,0.000000,0.000000,0.000000,-1,0.048782,0.995163,0.185181,0.008429,-0.100719,0.000362,124.045853,276.947357,-728.130371,0,0
0.800000,2.868115,-1.373054,2.811967,0.996720,-0.061098,-0.053059,-0.063591,-0.185879,-0.980513,0.050045,0.980671,-0.189155,-0.770025,0.040482,0.000979,0.636727,0.003569,0.001687,-0.002634,-0.004002,0.014620,-0.001289,0.053059,0.980513,0.189155,0.000000,0.000000,0.000000,-1,0.049942,0.991272,0.193314,0.001003,-0.090114,0.002523,124.045853,278.344330,-728.798401,0,0
0.840000,2.869970,-1.372822,2.813487,0.996716,-0.061414,-0.052769,-0.063381,-0.186191,-0.980467,0.050389,0.980592,-0.189473,-0.770127,0.040511,0.000773,0.636603,0.000391,0.009115,0.001618,0.003795,0.005571,0.008525,0.052769,0.980467,0.189473,0.000000,0.000000,0.000000,-1,0.055023,0.996735,0.192535,-0.002149,-0.082680,0.011034,125.097092,277.645844,-729.800415,0,0
0.880000,2.868815,-1.372576,2.811741,0.996663,-0.062034,-0.053053,-0.063785,-0.186309,-0.980419,0.050935,0.980531,-0.189644,-0.770165,0.040841,0.000688,0.636536,-0.001706,0.014426,0.009067,-0.004072,0.013844,0.000053,0.053053,0.980419,0.189644,0.000000,0.000000,0.000000,-1,0.047485,0.994003,0.185791,-0.000045,-0.101767,0.008970,123.870651,277.820465,-728.631348,0,0
0.920000,2.869091,-1.372786,2.811966,0.996666,-0.061938,-0.052987,-0.063708,-0.186440,-0.980399,0.050845,0.980512,-0.189765,-0.770207,0.040783,0.000695,0.636488,-0.001765,-0.006794,-0.001481,0.001807,0.007211,0.013711,0.052987,0.980399,0.189765,0.000000,0.000000,0.000000,-1,0.056595,0.987885,0.203766,-0.004317,-0.101775,0.003698,123.870651,278.868164,-726.627319,0,0
0.960000,2.869332,-1.371731,2.812381,0.996662,-0.061946,-0.053178,-0.063933,-0.187134,-0.980252,0.050771,0.980379,-0.190469,-0.770432,0.040847,0.000781,0.636211,-0.004936,0.001707,0.003865,0.002608,0.009281,0.012335,0.053178,0.980252,0.190469,0.000000,0.000000,0.000000,-1,0.043869,0.995972,0.186127,-0.011736,-0.086927,0.006904,124.221069,279.217407,-728.965393,0,0
1.000000,2.871591,-1.371771,2.814312,0.996667,-0.062233,-0.052737,-0.063559,-0.187220,-0.980260,0.051131,0.980345,-0.190551,-0.770461,0.040817,0.000521,0.636179,-0.004931,0.001708,0.003854,-0.010592,0.016902,-0.005615,0.052737,0.980260,0.190551,0.000000,0.000000,0.000000,-1,0.047409,0.990189,0.192291,-0.006411,-0.100702,0.012226,124.921890,277.471222,-727.963379,0,0
1.040000,2.871812,-1.371392,2.814287,0.996648,-0.062493,-0.052794,-0.063683,-0.187570,-0.980185,0.051353,0.980261,-0.190921,-0.770574,0.040936,0.000468,0.636034,-0.002770,0.014443,0.011211,-0.000899,0.007868,0.006345,0.052794,0.980185,0.190921,0.000000,0.000000,0.000000,-1,0.052032,0.998917,0.186111,-0.008511,-0.081613,0.015354,123.870651,277.471222,-728.965393,0,0
1.080000,2.871075,-1.371369,2.812983,0.996604,-0.063072,-0.052940,-0.063935,-0.187508,-0.980180,0.051896,0.980236,-0.190904,-0.770554,0.041206,0.000339,0.636041,-0.010213,0.020798,0.008072,-0.000649,0.017592,-0.005204,0.052940,0.980180,0.190904,0.000000,0.000000,0.000000,-1,0.055801,0.994553,0.191925,-0.010660,-0.085862,0.010078,122.819412,277.820465,-728.631348,0,0
1.120000,2.870754,-1.371137,2.812130,0.996563,-0.063620,-0.053062,-0.064168,-0.187668,-0.980134,0.052398,0.980170,-0.191105,-0.770606,0.041457,0.000216,0.635962,-0.004930,0.010265,0.007055,0.002556,0.012175,0.002239,0.053062,0.980134,0.191105,0.000000,0.000000,0.000000,-1,0.058380,0.997299,0.190430,-0.003214,-0.091160,0.012148,124.746689,278.344330,-727.796387,0,0
1.160000,2.868501,-1.371100,2.809669,0.996523,-0.063866,-0.053503,-0.064642,-0.187544,-0.980127,0.052562,0.980178,-0.191020,-0.770566,0.041693,0.000305,0.635995,0.002524,0.004968,0.010192,0.006495,0.014716,-0.002009,0.053503,0.980127,0.191020,0.000000,0.000000,0.000000,-1,0.061676,0.994064,0.197723,0.009550,-0.087978,0.013056,124.396271,277.995087,-728.798401,0,0
1.200000,2.863923,-1.371095,2.804851,0.996456,-0.064180,-0.054378,-0.065546,-0.187235,-0.980126,0.052723,0.980216,-0.190778,-0.770466,0.042093,0.000537,0.636090,-0.002817,-0.002465,0.004976,0.004933,0.011650,0.008654,0.054378,0.980126,0.190778,0.000000,0.000000,0.000000,-1,0.064117,0.987976,0.190292,-0.002186,-0.106012,0.005821,124.746689,278.344330,-728.464355,0,0
1.240000,2.861479,-1.370696,2.802763,0.996443,-0.063885,-0.054952,-0.066067,-0.187467,-0.980047,0.052308,0.980191,-0.191021,-0.770540,0.042162,0.000858,0.635994,-0.013479,-0.010958,-0.001242,0.007853,0.008021,-0.005001,0.054952,0.980047,0.191021,0.000000,0.000000,0.000000,-1,0.053894,0.998062,0.185486,-0.011810,-0.126172,-0.004619,125.447510,277.995087,-729.132385,0,0
1.280000,2.862251,-1.370835,2.805158,0.996557,-0.062249,-0.054767,-0.065573,-0.187495,-0.980074,0.050740,0.980291,-0.190932,-0.770549,0.041471,0.001307,0.636029,-0.005071,-0.035293,-0.014987,0.003598,0.016859,-0.001417,0.054767,0.980074,0.190932,0.000000,0.000000,0.000000,-1,0.057663,0.996536,0.185226,-0.001208,-0.128304,-0.012172,125.797913,277.995087,-729.466370,0,0
1.320000,2.862723,-1.371308,2.806529,0.996626,-0.061320,-0.054550,-0.065164,-0.187148,-0.980168,0.049895,0.980416,-0.190512,-0.770436,0.041043,0.001510,0.636193,0.004510,-0.026813,-0.015130,-0.001098,0.014720,-0.006888,0.054550,0.980168,0.190512,0.000000,0.000000,0.000000,-1,0.047241,1.001465,0.186356,0.007303,-0.136781,-0.009037,122.293793,278.344330,-729.132385,0,0
1.360000,2.864706,-1.372394,2.809914,0.996753,-0.059835,-0.053881,-0.064183,-0.186361,-0.980383,0.048620,0.980658,-0.189596,-0.770180,0.040256,0.001708,0.636553,0.008784,-0.027868,-0.011988,-0.005464,0.018091,0.001230,0.053881,0.980383,0.189596,0.000000,0.000000,0.000000,-1,0.045593,0.989029,0.195374,0.005213,-0.104970,-0.005966,123.695450,276.248901,-727.796387,0,0
1.400000,2.867868,-1.372598,2.813390,0.996811,-0.059460,-0.053227,-0.063470,-0.186393,-0.980423,0.048375,0.980674,-0.189573,-0.770191,0.039903,0.001575,0.636562,0.004549,-0.009840,-0.009903,-0.009907,0.006943,0.004992,0.053227,0.980423,0.189573,0.000000,0.000000,0.000000,-1,0.050278,0.995789,0.193420,0.003082,-0.115570,-0.004831,123.870651,277.471222,-727.295349,0,0
1.440000,2.871745,-1.372925,2.817730,0.996886,-0.058921,-0.052406,-0.062559,-0.186363,-0.980487,0.048005,0.980713,-0.189469,-0.770181,0.039432,0.001429,0.636603,-0.003991,0.008295,-0.011948,-0.006248,0.014187,0.003097,0.052406,0.980487,0.189469,0.000000,0.000000,0.000000,-1,0.049316,0.990021,0.198441,-0.007561,-0.099677,-0.011168,125.447510,279.392029,-729.132385,0,0
1.480000,2.876972,-1.372442,2.822946,0.996934,-0.058869,-0.051539,-0.061734,-0.187137,-0.980392,0.048070,0.980568,-0.190197,-0.770433,0.039135,0.001126,0.636318,-0.012530,0.002985,-0.018216,0.001348,0.006562,0.009739,0.051539,0.980392,0.190197,0.000000,0.000000,0.000000,-1,0.054657,0.993210,0.198639,-0.011829,-0.089084,-0.017551,122.644211,278.693542,-729.132385,0,0
1.520000,2.883777,-1.371996,2.829594,0.996991,-0.058936,-0.050355,-0.060623,-0.187959,-0.980304,0.048311,0.980407,-0.190966,-0.770700,0.038783,0.000663,0.636016,-0.003024,-0.004458,-0.032114,0.000457,0.018811,0.005292,0.050355,0.980304,0.190966,0.000000,0.000000,0.000000,-1,0.058914,0.997482,0.202332,-0.002315,-0.107124,-0.028211,124.045853,278.344330,-729.466370,0,0
1.560000,2.887668,-1.371783,2.833894,0.997053,-0.058474,-0.049664,-0.059877,-0.188417,-0.980262,0.047962,0.980347,-0.191363,-0.770849,0.038383,0.000552,0.635860,0.009738,-0.003395,-0.029061,0.008320,0.012536,0.014326,0.049664,0.980262,0.191363,0.000000,0.000000,0.000000,-1,0.058762,0.987778,0.205978,0.008346,-0.110292,-0.019805,123.870651,278.518951,-728.297363,0,0
1.600000,2.889101,-1.371533,2.835732,0.997088,-0.058057,-0.049451,-0.059605,-0.188761,-0.980213,0.047574,0.980305,-0.191671,-0.770960,0.038154,0.000608,0.635739,0.009700,-0.018121,-0.023597,0.010135,0.006375,0.013620,0.049451,0.980213,0.191671,0.000000,0.000000,0.000000,-1,0.060196,0.980652,0.206665,0.009435,-0.113461,-0.012357,124.921890,278.518951,-729.633423,0,0
1.640000,2.889041,-1.370919,2.836549,0.997128,-0.057213,-0.049613,-0.059631,-0.189383,-0.980091,0.046678,0.980235,-0.192251,-0.771162,0.037879,0.000951,0.635511,0.003365,-0.020220,-0.007552,0.003366,0.003674,0.008952,0.049613,0.980091,0.192251,0.000000,0.000000,0.000000,-1,0.054489,0.986206,0.198441,0.000958,-0.124049,-0.002642,124.045853,277.296600,-729.132385,0,0
1.680000,2.887797,-1.370343,2.836396,0.997169,-0.056174,-0.049993,-0.059830,-0.189912,-0.979976,0.045555,0.980193,-0.192735,-0.771333,0.037598,0.001439,0.635319,-0.005125,-0.022332,-0.001062,0.007090,0.006352,0.013335,0.049993,0.979976,0.192735,0.000000,0.000000,0.000000,-1,0.051468,0.985321,0.209488,-0.014965,-0.108141,0.000653,124.045853,278.693542,-728.130371,0,0
1.720000,2.888683,-1.369262,2.837660,0.997183,-0.055834,-0.050088,-0.059907,-0.190998,-0.979761,0.045137,0.980001,-0.193805,-0.771684,0.037496,0.001604,0.634898,-0.016823,-0.013851,-0.000971,-0.000451,0.003195,0.015820,0.050088,0.979761,0.193805,0.000000,0.000000,0.000000,-1,0.053009,0.985382,0.207062,-0.023474,-0.124041,0.002946,123.169830,277.471222,-727.963379,0,0
1.760000,2.887661,-1.367466,2.837758,0.997207,-0.054820,-0.050728,-0.060414,-0.192683,-0.979400,0.043916,0.979729,-0.195457,-0.772228,0.037306,0.002205,0.634245,-0.015776,-0.013761,0.003331,0.008293,0.013292,0.003518,0.050728,0.979400,0.195457,0.000000,0.000000,0.000000,-1,0.054230,0.995636,0.190399,-0.012809,-0.110248,0.009148,123.870651,278.518951,-726.961365,0,0
1.800000,2.884215,-1.367544,2.835130,0.997215,-0.054061,-0.051381,-0.060897,-0.192451,-0.979415,0.043059,0.979816,-0.195207,-0.772152,0.037220,0.002694,0.634342,-0.006202,-0.031781,0.006501,0.004298,0.021439,-0.006257,0.051381,0.979415,0.195207,0.000000,0.000000,0.000000,-1,0.048172,0.995880,0.193375,-0.006465,-0.135700,0.004939,124.221069,278.868164,-726.961365,0,0
1.840000,2.883868,-1.367648,2.835870,0.997271,-0.052978,-0.051423,-0.060724,-0.192398,-0.979436,0.041995,0.979886,-0.195090,-0.772133,0.036814,0.003053,0.634386,-0.004114,-0.043456,-0.001982,-0.008851,0.016520,0.000634,0.051423,0.979436,0.195090,0.000000,0.000000,0.000000,-1,0.046051,0.993210,0.203369,-0.005449,-0.150557,-0.004579,124.396271,277.995087,-728.130371,0,0
1.880000,2.886262,-1.367372,2.840241,0.997396,-0.050978,-0.051024,-0.059963,-0.192920,-0.979380,0.040083,0.979889,-0.195475,-0.772300,0.035912,0.003542,0.634232,-0.004151,-0.045589,-0.010487,-0.003478,0.016179,0.009909,0.051024,0.979380,0.195475,0.000000,0.000000,0.000000,-1,0.048630,0.996368,0.196930,-0.004385,-0.138898,-0.006771,123.870651,277.820465,-728.631348,0,0
1.920000,2.887701,-1.367951,2.843025,0.997487,-0.049583,-0.050600,-0.059259,-0.192544,-0.979497,0.038824,0.980035,-0.194999,-0.772177,0.035239,0.003813,0.634418,0.012891,-0.017935,-0.004378,-0.009066,0.016032,-0.009360,0.050600,0.979497,0.194999,0.000000,0.000000,0.000000,-1,0.038925,0.988281,0.191086,0.013717,-0.137827,0.000471,124.396271,279.392029,-729.132385,0,0
1.960000,2.888690,-1.368797,2.845051,0.997561,-0.048490,-0.050200,-0.058626,-0.191871,-0.979668,0.037872,0.980222,-0.194246,-0.771958,0.034690,0.003992,0.634713,0.013949,-0.045495,-0.001080,-0.006469,0.013176,-0.000063,0.050200,0.979667,0.194246,0.000000,0.000000,0.000000,-1,0.040253,0.992889,0.200653,0.006297,-0.119800,0.002599,125.097092,278.344330,-727.796387,0,0
2.000000,2.891991,-1.369291,2.849195,0.997644,-0.047569,-0.049439,-0.057691,-0.191649,-0.979766,0.037131,0.980310,-0.193942,-0.771887,0.034092,0.003986,0.634833,0.012909,-0.006268,-0.002320,-0.015351,0.016755,0.002454,0.049439,0.979766,0.193942,0.000000,0.000000,0.000000,-1,0.034866,0.996872,0.193619,0.011612,-0.103902,-0.000723,125.272308,277.121979,-728.297363,0,0
2.040000,2.896585,-1.370128,2.853986,0.997712,-0.047254,-0.048349,-0.056540,-0.191137,-0.979934,0.037065,0.980425,-0.193371,-0.771722,0.033624,0.003655,0.635060,0.006516,-0.008393,-0.006505,-0.011499,0.016954,-0.003537,0.048349,0.979934,0.193371,0.000000,0.000000,0.000000,-1,0.042191,0.994461,0.188019,0.005241,-0.099659,0.000392,124.396271,277.995087,-728.130371,0,0
2.080000,2.898176,-1.370751,2.855585,0.997737,-0.047190,-0.047894,-0.056062,-0.190641,-0.980058,0.037118,0.980525,-0.192856,-0.771562,0.033455,0.003492,0.635264,0.006542,0.009729,-0.001222,-0.003369,0.013854,-0.004104,0.047894,0.980058,0.192856,0.000000,0.000000,0.000000,-1,0.041672,0.991333,0.193130,0.009525,-0.083748,0.005592,124.221069,277.121979,-728.631348,0,0
2.120000,2.899132,-1.371448,2.856058,0.997733,-0.047622,-0.047546,-0.055779,-0.190012,-0.980196,0.037645,0.980626,-0.192238,-0.771360,0.033513,0.003209,0.635508,0.012929,-0.001927,0.003011,-0.000091,0.015242,0.001946,0.047546,0.980196,0.192238,0.000000,0.000000,0.000000,-1,0.050995,0.995636,0.195648,0.013758,-0.103894,0.004572,125.272308,278.518951,-727.963379,0,0
2.160000,2.898243,-1.371939,2.855217,0.997733,-0.047568,-0.047601,-0.055803,-0.189504,-0.980293,0.037610,0.980727,-0.191729,-0.771195,0.033510,0.003239,0.635708,0.019289,0.006544,-0.003478,0.001868,0.010674,0.007047,0.047601,0.980293,0.191729,0.000000,0.000000,0.000000,-1,0.055283,0.989105,0.193344,0.012653,-0.107090,-0.006038,124.571472,278.868164,-727.629395,0,0
2.200000,2.897321,-1.372250,2.854511,0.997738,-0.047354,-0.047703,-0.055851,-0.189172,-0.980354,0.037400,0.980802,-0.191389,-0.771087,0.033461,0.003341,0.635842,0.007546,-0.014674,-0.011759,0.010417,0.010567,0.003756,0.047703,0.980354,0.191389,0.000000,0.000000,0.000000,-1,0.057343,0.992737,0.204971,0.008373,-0.121939,-0.010179,124.221069,277.820465,-726.627319,0,0
2.240000,2.896583,-1.372135,2.854745,0.997775,-0.046401,-0.047872,-0.055838,-0.189293,-0.980332,0.036426,0.980824,-0.191463,-0.771124,0.033146,0.003711,0.635810,0.012839,-0.024136,-0.012773,0.005244,0.013580,0.008397,0.047872,0.980332,0.191463,0.000000,0.000000,0.000000,-1,0.056305,0.995255,0.193985,0.015810,-0.128301,-0.010232,124.221069,278.518951,-728.965393,0,0
2.280000,2.895198,-1.372864,2.854675,0.997831,-0.045079,-0.047963,-0.055649,-0.188604,-0.980475,0.035153,0.981018,-0.190703,-0.770899,0.032666,0.004154,0.636106,0.020268,-0.030503,-0.014950,0.007274,0.017373,0.003358,0.047963,0.980475,0.190703,0.000000,0.000000,0.000000,-1,0.039246,0.996872,0.195160,0.024313,-0.126182,-0.011399,125.447510,278.693542,-728.464355,0,0
2.320000,2.898674,-1.373969,2.859182,0.997926,-0.043942,-0.047039,-0.054497,-0.187812,-0.980692,0.034259,0.981222,-0.189817,-0.770642,0.031934,0.004146,0.636454,0.023437,-0.025211,-0.021395,-0.015697,0.017691,0.003741,0.047039,0.980692,0.189817,0.000000,0.000000,0.000000,-1,0.038315,0.990448,0.191925,0.023192,-0.129385,-0.026265,124.571472,278.518951,-727.629395,0,0
2.360000,2.906119,-1.375298,2.867916,0.998069,-0.042473,-0.045320,-0.052502,-0.187026,-0.980951,0.033187,0.981436,-0.188894,-0.770388,0.030820,0.003937,0.636818,0.020192,-0.034771,-0.034089,-0.002367,0.007361,0.006464,0.045320,0.980951,0.188894,0.000000,0.000000,0.000000,-1,0.050797,0.994324,0.191879,0.019989,-0.131510,-0.029411,124.921890,277.820465,-727.295349,0,0
2.400000,2.907779,-1.376358,2.871044,0.998159,-0.040935,-0.044766,-0.051639,-0.186187,-0.981156,0.031828,0.981661,-0.187958,-0.770114,0.030052,0.004200,0.637184,0.028761,-0.022988,-0.019265,0.008899,0.012618,-0.000717,0.044766,0.981156,0.187958,0.000000,0.000000,0.000000,-1,0.056122,0.992828,0.196442,0.026452,-0.125117,-0.008237,124.571472,278.868164,-729.633423,0,0
2.440000,2.905236,-1.376843,2.869407,0.998178,-0.040051,-0.045132,-0.051816,-0.185644,-0.981250,0.030922,0.981800,-0.187381,-0.769936,0.029829,0.004614,0.637407,0.028815,-0.007067,-0.006567,0.010913,0.008328,0.019330,0.045132,0.981250,0.187381,0.000000,0.000000,0.000000,-1,0.047623,0.984131,0.189209,0.027554,-0.104963,-0.001957,125.097092,277.296600,-727.128357,0,0
2.480000,2.904289,-1.377445,2.869020,0.998199,-0.039480,-0.045171,-0.051728,-0.185055,-0.981366,0.030385,0.981935,-0.186764,-0.769743,0.029623,0.004802,0.637648,0.018147,-0.038879,-0.009495,0.003032,0.002521,-0.005612,0.045171,0.981366,0.186764,0.000000,0.000000,0.000000,-1,0.053253,0.981857,0.200089,0.009430,-0.146319,-0.006890,124.746689,278.693542,-729.800415,0,0
2.520000,2.903486,-1.376610,2.869853,0.998245,-0.037897,-0.045514,-0.051794,-0.185887,-0.981205,0.028724,0.981840,-0.187524,-0.770009,0.029120,0.005451,0.637345,-0.013707,-0.013424,-0.001809,0.003284,0.011379,0.012245,0.045514,0.981205,0.187524,0.000000,0.000000,0.000000,-1,0.039581,0.992401,0.182785,-0.009659,-0.131462,0.002827,125.447510,277.995087,-728.464355,0,0
2.560000,2.904222,-1.376570,2.871857,0.998298,-0.036621,-0.045385,-0.051432,-0.186028,-0.981197,0.027490,0.981862,-0.187595,-0.770052,0.028587,0.005810,0.637314,-0.009468,-0.041910,-0.002707,-0.002371,0.014576,-0.003910,0.045385,0.981197,0.187595,0.000000,0.000000,0.000000,-1,0.044525,1.000732,0.189438,-0.004349,-0.133584,0.001715,124.221069,278.868164,-729.299377,0,0
2.600000,2.904070,-1.376753,2.872470,0.998327,-0.035851,-0.045372,-0.051270,-0.185887,-0.981233,0.026744,0.981917,-0.187414,-0.770004,0.028286,0.006048,0.637383,0.007584,-0.014337,0.002298,-0.003608,0.021087,0.000636,0.045372,0.981233,0.187414,0.000000,0.000000,0.000000,-1,0.033051,1.001633,0.182785,0.012683,-0.109198,0.002480,125.097092,278.344330,-728.130371,0,0
2.640000,2.907413,-1.377951,2.876579,0.998398,-0.034981,-0.044472,-0.050198,-0.184961,-0.981463,0.026107,0.982123,-0.186421,-0.769705,0.027666,0.005965,0.637773,0.009673,-0.016473,-0.008360,-0.006722,0.016767,0.007167,0.044472,0.981463,0.186421,0.000000,0.000000,0.000000,-1,0.043701,0.991760,0.195007,0.002039,-0.099664,-0.002764,125.447510,278.693542,-727.796387,0,0
2.680000,2.909015,-1.378045,2.878319,0.998418,-0.034812,-0.044152,-0.049852,-0.184959,-0.981481,0.026001,0.982129,-0.186402,-0.769704,0.027499,0.005895,0.637781,0.008625,-0.004808,-0.006274,-0.002724,0.009959,-0.002518,0.044152,0.981481,0.186402,0.000000,0.000000,0.000000,-1,0.043945,0.996704,0.182266,0.011599,-0.104967,-0.003909,123.695450,277.995087,-727.796387,0,0
2.720000,2.909623,-1.378775,2.879144,0.998439,-0.034555,-0.043874,-0.049514,-0.184309,-0.981620,0.025834,0.982261,-0.185732,-0.769493,0.027313,0.005861,0.638044,0.011816,-0.007854,-0.007286,-0.000463,0.015068,-0.000521,0.043874,0.981620,0.185732,0.000000,0.000000,0.000000,-1,0.042038,0.994537,0.200760,0.012666,-0.106025,-0.002852,124.221069,277.820465,-729.299377,0,0
2.760000,2.911012,-1.378854,2.880391,0.998447,-0.034671,-0.043598,-0.049264,-0.184295,-0.981636,0.025999,0.982259,-0.185717,-0.769490,0.027270,0.005718,0.638051,0.015051,0.016543,0.001077,-0.000828,0.006554,0.013670,0.043598,0.981636,0.185717,0.000000,0.000000,0.000000,-1,0.049866,0.980408,0.187561,0.012719,-0.082686,0.006615,126.148331,278.693542,-728.798401,0,0
2.800000,2.907615,-1.379031,2.876663,0.998408,-0.035048,-0.044189,-0.049905,-0.183942,-0.981669,0.026278,0.982312,-0.185398,-0.769375,0.027605,0.005820,0.638175,-0.004062,-0.001468,0.010945,0.000718,0.006825,-0.005268,0.044189,0.981669,0.185398,0.000000,0.000000,0.000000,-1,0.040283,0.993103,0.182114,-0.007460,-0.098577,0.015419,124.396271,278.693542,-727.796387,0,0
2.840000,2.906809,-1.379052,2.875796,0.998399,-0.035122,-0.044333,-0.050059,-0.183880,-0.981673,0.026326,0.982321,-0.185343,-0.769354,0.027679,0.005851,0.638196,-0.010432,0.001714,0.012063,-0.004569,0.012849,-0.003489,0.044333,0.981673,0.185343,0.000000,0.000000,0.000000,-1,0.036835,0.995605,0.186737,-0.014911,-0.099640,0.013379,125.447510,277.296600,-728.798401,0,0
2.880000,2.907612,-1.378549,2.876717,0.998405,-0.035012,-0.044299,-0.050019,-0.184402,-0.981577,0.026199,0.982227,-0.185859,-0.769523,0.027625,0.005880,0.637994,-0.014702,-0.004503,0.010083,-0.005511,0.015661,0.004006,0.044299,0.981577,0.185859,0.000000,0.000000,0.000000,-1,0.043564,1.000259,0.187561,-0.015981,-0.097523,0.011253,125.097092,278.344330,-728.798401,0,0
2.920000,2.905440,-1.378307,2.874213,0.998371,-0.035389,-0.044758,-0.050543,-0.184506,-0.981531,0.026478,0.982194,-0.185994,-0.769557,0.027916,0.005939,0.637940,0.005503,0.005036,0.008754,0.005230,0.018728,-0.000492,0.044758,0.981531,0.185994,0.000000,0.000000,0.000000,-1,0.047745,1.003159,0.181183,0.003150,-0.104944,0.011076,124.921890,279.217407,-728.297363,0,0
2.960000,2.903268,-1.378892,2.872309,0.998368,-0.035132,-0.045026,-0.050742,-0.183855,-0.981643,0.026209,0.982325,-0.185338,-0.769344,0.027905,0.006115,0.638196,0.010794,-0.011935,0.004517,-0.001371,0.023927,-0.007847,0.045026,0.981643,0.185338,0.000000,0.000000,0.000000,-1,0.044907,0.996124,0.171143,0.015885,-0.108133,0.005632,124.045853,279.392029,-727.796387,0,0
3.000000,2.900567,-1.380516,2.870022,0.998378,-0.034690,-0.045146,-0.050734,-0.182202,-0.981951,0.025838,0.982649,-0.183667,-0.768805,0.027778,0.006279,0.638848,0.016089,-0.017246,-0.001899,0.002370,0.010175,-0.008893,0.045146,0.981951,0.183667,0.000000,0.000000,0.000000,-1,0.044739,0.991791,0.186371,0.010538,-0.124044,0.000444,124.921890,276.772766,-728.965393,0,0
3.040000,2.901025,-1.380509,2.871729,0.998424,-0.033437,-0.045063,-0.050425,-0.182295,-0.981950,0.024619,0.982675,-0.183694,-0.768833,0.027269,0.006648,0.638834,-0.000959,-0.020253,-0.004797,-0.000386,0.009948,0.008689,0.045063,0.981950,0.183694,0.000000,0.000000,0.000000,-1,0.051376,0.995575,0.180344,-0.000097,-0.118746,-0.001590,125.622711,278.868164,-727.629395,0,0
3.080000,2.899382,-1.380724,2.870669,0.998432,-0.032871,-0.045315,-0.050562,-0.182038,-0.981991,0.024030,0.982742,-0.183415,-0.768747,0.027133,0.006922,0.638940,-0.002014,-0.018132,-0.003729,0.006718,0.013905,-0.008015,0.045315,0.981991,0.183415,0.000000,0.000000,0.000000,-1,0.043106,0.987930,0.184326,0.000970,-0.118744,-0.000538,124.045853,277.995087,-727.462341,0,0
3.120000,2.899007,-1.381044,2.871163,0.998461,-0.031995,-0.045308,-0.050388,-0.181760,-0.982051,0.023185,0.982822,-0.183092,-0.768654,0.026794,0.007195,0.639063,-0.000935,-0.025546,0.001611,-0.000295,0.006032,0.001646,0.045308,0.982051,0.183093,0.000000,0.000000,0.000000,-1,0.047699,0.987305,0.184631,-0.005388,-0.121916,0.005928,125.272308,279.217407,-728.297363,0,0
3.160000,2.895682,-1.380707,2.868629,0.998452,-0.031272,-0.045997,-0.050937,-0.181951,-0.981987,0.022339,0.982810,-0.183262,-0.768711,0.026736,0.007694,0.638991,-0.011498,-0.012802,0.016562,-0.001808,0.014686,-0.004765,0.045997,0.981987,0.183262,0.000000,0.000000,0.000000,-1,0.037292,0.999634,0.178299,-0.011705,-0.103873,0.018681,125.973129,277.471222,-728.631348,0,0
3.200000,2.895677,-1.380756,2.868744,0.998456,-0.031150,-0.045986,-0.050903,-0.181910,-0.981997,0.022224,0.982822,-0.183215,-0.768697,0.026686,0.007728,0.639009,-0.011565,-0.010493,0.009208,-0.008495,0.016599,-0.004687,0.045986,0.981997,0.183215,0.000000,0.000000,0.000000,-1,0.050217,0.997009,0.185883,-0.013883,-0.119792,0.008140,124.571472,278.518951,-728.297363,0,0
3.240000,2.895029,-1.380195,2.868714,0.998463,-0.030568,-0.046239,-0.051057,-0.182439,-0.981890,0.021579,0.982742,-0.183720,-0.768866,0.026541,0.008019,0.638808,-0.022211,-0.004141,0.003978,0.007029,0.010770,0.003979,0.046239,0.981890,0.183720,0.000000,0.000000,0.000000,-1,0.051605,0.993515,0.181076,-0.023442,-0.101770,0.007100,124.571472,279.217407,-728.631348,0,0
3.280000,2.893097,-1.380022,2.867164,0.998455,-0.030225,-0.046636,-0.051386,-0.182524,-0.981858,0.021164,0.982737,-0.183795,-0.768891,0.026535,0.008282,0.638775,-0.016929,-0.030656,-0.001277,0.002238,0.015136,-0.016558,0.046636,0.981858,0.183795,0.000000,0.000000,0.000000,-1,0.051575,0.998474,0.180099,-0.018180,-0.136768,-0.000246,125.272308,278.518951,-728.965393,0,0
3.320000,2.892065,-1.379795,2.867130,0.998472,-0.029255,-0.046881,-0.051453,-0.182737,-0.981815,0.020156,0.982727,-0.183963,-0.768956,0.026239,0.008689,0.638704,-0.018008,-0.024305,-0.007675,0.008921,0.012494,0.003064,0.046881,0.981815,0.183963,0.000000,0.000000,0.000000,-1,0.054810,0.988770,0.187454,-0.023512,-0.120876,-0.007705,125.973129,279.217407,-728.297363,0,0
3.360000,2.892240,-1.378591,2.868653,0.998497,-0.027961,-0.047140,-0.051493,-0.183953,-0.981585,0.018775,0.982537,-0.185117,-0.769345,0.025819,0.009217,0.638245,-0.026614,-0.044353,-0.015898,0.004190,0.009397,0.002475,0.047140,0.981585,0.185117,0.000000,0.000000,0.000000,-1,0.050690,1.003220,0.184647,-0.021433,-0.151632,-0.013971,124.571472,278.518951,-727.963379,0,0
3.400000,2.895200,-1.378488,2.873861,0.998583,-0.025673,-0.046617,-0.050561,-0.184316,-0.981566,0.016608,0.982532,-0.185353,-0.769456,0.024769,0.009750,0.638145,-0.008561,-0.033765,-0.024654,-0.002961,0.029650,-0.004857,0.046617,0.981566,0.185353,0.000000,0.000000,0.000000,-1,0.038666,1.004333,0.179214,-0.008703,-0.130445,-0.025908,125.797913,278.693542,-728.130371,0,0
3.440000,2.901226,-1.379184,2.880842,0.998669,-0.024593,-0.045336,-0.049097,-0.184005,-0.981698,0.015801,0.982618,-0.184967,-0.769357,0.023945,0.009598,0.638298,-0.001175,-0.028490,-0.041782,-0.010241,0.020072,-0.005463,0.045336,0.981698,0.184967,0.000000,0.000000,0.000000,-1,0.032806,0.995621,0.196243,0.001850,-0.133656,-0.046221,125.097092,278.344330,-728.798401,0,0
3.480000,2.915091,-1.379601,2.896538,0.998835,-0.022522,-0.042676,-0.046104,-0.184355,-0.981778,0.014244,0.982602,-0.185178,-0.769475,0.022296,0.009237,0.638221,-0.003396,-0.050784,-0.061873,-0.006573,0.012073,0.017794,0.042676,0.981778,0.185178,0.000000,0.000000,0.000000,-1,0.045898,0.996765,0.202988,-0.007766,-0.138975,-0.057792,125.622711,277.471222,-727.629395,0,0
3.520000,2.923544,-1.379098,2.906243,0.998926,-0.021154,-0.041216,-0.044428,-0.185274,-0.981682,0.013130,0.982459,-0.186015,-0.769775,0.021299,0.009121,0.637894,0.004129,-0.013407,-0.029041,0.020567,0.000740,0.002660,0.041216,0.981682,0.186015,0.000000,0.000000,0.000000,-1,0.067856,0.975327,0.191742,0.000905,-0.114531,-0.018640,125.797913,280.090515,-728.798401,0,0
3.560000,2.919267,-1.378518,2.902507,0.998897,-0.020706,-0.042136,-0.045254,-0.185660,-0.981571,0.012502,0.982396,-0.186392,-0.769894,0.021419,0.009623,0.637739,-0.007467,-0.012309,-0.002316,0.025384,-0.009205,0.009592,0.042136,0.981571,0.186392,0.000000,0.000000,0.000000,-1,0.057144,0.974335,0.201599,-0.012830,-0.116616,0.004923,125.272308,278.518951,-728.965393,0,0
3.600000,2.914615,-1.376061,2.898892,0.998854,-0.019851,-0.043546,-0.046505,-0.187836,-0.981099,0.011296,0.982000,-0.188544,-0.770590,0.021528,0.010463,0.636882,-0.034072,-0.031396,-0.002993,0.003848,0.014781,0.008066,0.043546,0.981099,0.188544,0.000000,0.000000,0.000000,-1,0.044922,1.002258,0.196976,-0.039508,-0.143153,-0.015938,126.148331,277.296600,-727.462341,0,0
3.640000,2.918570,-1.374486,2.904619,0.998905,-0.018080,-0.043141,-0.045791,-0.189601,-0.980793,0.009553,0.981695,-0.190222,-0.771156,0.020706,0.010889,0.636216,-0.036303,-0.046276,-0.027367,0.003215,0.019970,0.008845,0.043141,0.980793,0.190222,0.000000,0.000000,0.000000,-1,0.053421,1.000992,0.196106,-0.029995,-0.143176,-0.030935,125.272308,278.518951,-729.299377,0,0
3.680000,2.921760,-1.373722,2.909247,0.998950,-0.016620,-0.042698,-0.045085,-0.190540,-0.980644,0.008162,0.981539,-0.191089,-0.771456,0.019996,0.011192,0.635870,-0.019349,-0.045240,-0.042447,0.010723,0.020348,0.005017,0.042698,0.980644,0.191089,0.000000,0.000000,0.000000,-1,0.052887,1.002319,0.194489,-0.011963,-0.149551,-0.040678,124.396271,276.598145,-728.464355,0,0
3.720000,2.925010,-1.373927,2.914835,0.999015,-0.014219,-0.042033,-0.043975,-0.190593,-0.980684,0.005933,0.981566,-0.191030,-0.771466,0.018858,0.011699,0.635884,0.010353,-0.055615,-0.040500,0.010716,0.014968,0.002787,0.042033,0.980684,0.191030,0.000000,0.000000,0.000000,-1,0.042740,0.985474,0.184647,0.010380,-0.159083,-0.034499,124.221069,277.121979,-728.965393,0,0
3.760000,2.933533,-1.375265,2.926272,0.999133,-0.011106,-0.040132,-0.041512,-0.189801,-0.980945,0.003277,0.981760,-0.190098,-0.771205,0.017057,0.011947,0.636246,0.003989,-0.051372,-0.038326,-0.020037,0.011136,-0.000721,0.040132,0.980945,0.190098,0.000000,0.000000,0.000000,-1,0.022659,0.988037,0.202011,-0.002375,-0.149543,-0.035465,124.921890,277.820465,-728.297363,0,0
3.800000,2.946095,-1.374969,2.940424,0.999242,-0.009308,-0.037798,-0.038879,-0.190654,-0.980887,0.001924,0.981613,-0.190871,-0.771487,0.015615,0.011625,0.635947,-0.014070,-0.026986,-0.038245,-0.013490,0.003091,0.014100,0.037798,0.980887,0.190871,0.000000,0.000000,0.000000,-1,0.024582,0.986115,0.200256,-0.020428,-0.128337,-0.034298,125.272308,277.471222,-728.297363,0,0
3.840000,2.954685,-1.374186,2.949988,0.999307,-0.008212,-0.036300,-0.037201,-0.191772,-0.980734,0.001092,0.981405,-0.191944,-0.771852,0.014709,0.011403,0.635530,-0.027936,-0.033149,-0.033740,-0.007842,0.005838,0.008831,0.036300,0.980734,0.191944,0.000000,0.000000,0.000000,-1,0.035034,0.985031,0.200577,-0.026787,-0.128329,-0.028910,126.148331,278.344330,-728.464355,0,0
3.880000,2.960941,-1.373330,2.957201,0.999353,-0.007172,-0.035249,-0.035970,-0.192860,-0.980567,0.000235,0.981200,-0.192993,-0.772205,0.013967,0.011336,0.635118,-0.007676,-0.010868,-0.022362,0.011046,0.013513,-0.008392,0.035249,0.980567,0.192993,0.000000,0.000000,0.000000,-1,0.037949,0.992081,0.191284,-0.008669,-0.111353,-0.020676,123.169830,277.820465,-727.629395,0,0
3.920000,2.963936,-1.373592,2.961083,0.999381,-0.006223,-0.034625,-0.035175,-0.192745,-0.980618,-0.000572,0.981229,-0.192845,-0.772168,0.013403,0.011395,0.635175,0.001836,-0.024671,-0.035167,0.000897,0.009189,0.004833,0.034625,0.980618,0.192845,0.000000,0.000000,0.000000,-1,0.031189,0.969849,0.200241,0.000817,-0.125165,-0.039865,124.921890,278.868164,-727.629395,0,0
3.960000,2.971265,-1.373411,2.969369,0.999434,-0.005139,-0.033241,-0.033607,-0.193205,-0.980583,-0.001383,0.981145,-0.193268,-0.772319,0.012542,0.011208,0.635012,-0.003571,-0.036366,-0.056330,-0.003395,-0.023399,0.004181,0.033241,0.980583,0.193268,0.000000,0.000000,0.000000,-1,0.039948,0.938934,0.203217,-0.008824,-0.142152,-0.055638,125.622711,278.169708,-727.295349,0,0
4.000000,2.975616,-1.369847,2.975961,0.999452,-0.002933,-0.032977,-0.032909,-0.196868,-0.979877,-0.003618,0.980426,-0.196857,-0.773495,0.011585,0.011828,0.633586,-0.065115,-0.015936,-0.012046,0.033261,-0.011478,0.038113,0.032977,0.979877,0.196857,0.000000,0.000000,0.000000,-1,0.048843,0.990036,0.232544,-0.076574,-0.085862,0.010805,125.622711,277.121979,-727.963379,0,0
4.040000,2.974932,-1.366417,2.973417,0.999421,-0.004919,-0.033669,-0.033972,-0.200096,-0.979187,-0.001920,0.979764,-0.200148,-0.774543,0.012553,0.011487,0.632293,-0.069072,0.076392,0.048213,0.003807,0.010956,0.018770,0.033669,0.979187,0.200148,0.000000,0.000000,0.000000,-1,0.020889,0.992737,0.182602,-0.056139,-0.032774,0.062462,124.921890,276.772766,-728.297363,0,0
4.080000,2.967905,-1.365045,2.964923,0.999355,-0.006571,-0.035307,-0.035907,-0.201123,-0.978908,-0.000669,0.979544,-0.201229,-0.774872,0.013705,0.011607,0.631863,0.000058,0.000090,0.070134,-0.017500,0.019139,-0.033276,0.035307,0.978908,0.201229,0.000000,0.000000,0.000000,-1,0.032806,1.045135,0.159119,0.026785,-0.138762,0.083301,124.571472,278.169708,-726.627319,0,0
4.120000,2.937984,-1.369263,2.939709,0.999178,-0.002285,-0.040476,-0.040137,-0.196107,-0.979761,-0.005699,0.980580,-0.196037,-0.773195,0.013717,0.014930,0.633844,0.126605,-0.154645,0.106665,-0.003305,0.055914,-0.031578,0.040476,0.979761,0.196037,0.000000,0.000000,0.000000,-1,0.049072,1.020523,0.161087,0.151192,-0.244743,0.109001,126.148331,276.947357,-728.464355,0,0
4.160000,2.904790,-1.375349,2.911969,0.998958,0.002830,-0.045560,-0.044203,-0.189108,-0.980961,-0.011392,0.981952,-0.188786,-0.770852,0.013418,0.018470,0.636605,0.161567,-0.184128,0.087316,0.000430,0.034542,-0.030018,0.045560,0.980961,0.188786,0.000000,0.000000,0.000000,-1,0.048340,1.005585,0.172256,0.146749,-0.338089,0.077560,125.622711,277.471222,-727.629395,0,0
4.200000,2.883422,-1.378739,2.897910,0.998762,0.009931,-0.048734,-0.046055,-0.185239,-0.981614,-0.018776,0.982643,-0.184553,-0.769505,0.011736,0.021933,0.638156,0.109207,-0.272206,0.035105,-0.002255,0.022903,0.005053,0.048734,0.981614,0.184552,0.000000,0.000000,0.000000,-1,0.053665,1.022461,0.265610,0.094381,-0.358336,0.009087,127.024368,278.868164,-727.629395,0,0
4.240000,2.882048,-1.380445,2.907671,0.998597,0.021110,-0.048557,-0.043856,-0.184051,-0.981938,-0.029666,0.982690,-0.182867,-0.769012,0.007395,0.025430,0.638686,0.014150,-0.184406,-0.095082,0.002392,0.031246,0.093561,0.048557,0.981938,0.182867,0.000000,0.000000,0.000000,-1,0.057953,0.981064,0.222000,-0.001725,-0.306572,-0.113479,127.024368,278.518951,-729.633423,0,0
4.280000,2.893233,-1.381508,2.930737,0.998378,0.033202,-0.046252,-0.039381,-0.183992,-0.982139,-0.041119,0.982367,-0.182386,-0.768888,0.002009,0.028408,0.638749,0.058696,-0.360387,-0.086269,0.003491,-0.016501,0.030825,0.046252,0.982138,0.182386,0.000000,0.000000,0.000000,-1,0.034119,0.979156,0.255447,0.097292,-0.414621,-0.053451,126.849152,278.693542,-727.462341,0,0
