0.000000,2.370644,-1.536870,2.337228,0.999153,-0.033688,-0.023636,-0.024436,-0.023526,-0.999425,0.033113,0.999155,-0.024329,-0.715368,0.020313,-0.003312,0.698444,-0.005207,-0.061805,0.003377,0.005966,0.011455,0.011834,0.023636,0.999425,0.024329,0.000000,0.000000,0.000000,-1,0.021347,1.011749,0.037567,-0.032070,-0.038170,-0.004935,70.492584,247.690887,-561.923706,0,0
0.040000,2.386494,-1.535997,2.353384,0.999158,-0.033396,-0.023845,-0.024671,-0.024533,-0.999395,0.032791,0.999141,-0.025336,-0.715721,0.020283,-0.003125,0.698085,-0.005962,0.048366,0.005099,-0.003994,0.016841,0.011300,0.023845,0.999395,0.025336,0.000000,0.000000,0.000000,-1,0.026016,1.015900,0.030167,-0.032794,0.079345,-0.010696,70.844177,246.636139,-561.923706,0,0
0.080000,2.403275,-1.535236,2.367308,0.999056,-0.036263,-0.023929,-0.024859,-0.025417,-0.999368,0.035632,0.999019,-0.026295,-0.716025,0.021341,-0.004086,0.697736,-0.028283,0.064249,0.004152,0.005063,0.015387,-0.002186,0.023929,0.999368,0.026295,0.000000,0.000000,0.000000,-1,0.014328,1.011002,0.021851,-0.039197,0.065676,0.000058,69.613632,247.866684,-562.761719,0,0
0.120000,2.406201,-1.535515,2.367911,0.998975,-0.038579,-0.023665,-0.024649,-0.025233,-0.999378,0.037958,0.998937,-0.026158,-0.715955,0.022078,-0.004991,0.697779,0.013249,0.057904,0.005963,-0.009382,0.012723,-0.009282,0.023665,0.999378,0.026158,0.000000,0.000000,0.000000,-1,0.020782,1.016205,0.013824,-0.008371,0.053959,-0.006529,70.316803,247.163513,-561.756165,0,0
0.160000,2.383202,-1.536425,2.344584,0.998964,-0.038893,-0.023634,-0.024580,-0.024016,-0.999409,0.038302,0.998955,-0.024947,-0.715529,0.022177,-0.005125,0.698212,0.009784,-0.039546,0.005281,-0.002760,0.021556,-0.007552,0.023634,0.999409,0.024947,0.000000,0.000000,0.000000,-1,0.020279,1.017273,0.021759,-0.012953,-0.047776,-0.012504,70.668381,246.811935,-562.426514,0,0
0.200000,2.375923,-1.536958,2.338944,0.999031,-0.037247,-0.023446,-0.024332,-0.023506,-0.999427,0.036675,0.999030,-0.024390,-0.715354,0.021520,-0.004623,0.698415,0.016092,-0.059770,-0.005354,-0.004083,0.017708,-0.001502,0.023446,0.999428,0.024390,0.000000,0.000000,0.000000,-1,0.024994,1.009857,0.025955,-0.007673,-0.056320,-0.019971,70.141006,246.636139,-562.594116,0,0
0.240000,2.361220,-1.537452,2.328616,0.999184,-0.032867,-0.023455,-0.024215,-0.022915,-0.999444,0.032311,0.999197,-0.023692,-0.715156,0.019954,-0.003096,0.698673,0.010681,-0.089385,-0.000930,0.006925,0.006171,0.005376,0.023455,0.999444,0.023692,0.000000,0.000000,0.000000,-1,0.032837,1.010193,0.034088,-0.011991,-0.083768,-0.010246,70.668381,247.515106,-563.432007,0,0
0.280000,2.349874,-1.536913,2.320053,0.999256,-0.030095,-0.024105,-0.024804,-0.023073,-0.999426,0.029521,0.999281,-0.023802,-0.715215,0.019190,-0.001893,0.698638,0.014929,-0.091435,0.006520,0.009342,0.011484,0.020921,0.024105,0.999426,0.023802,0.000000,0.000000,0.000000,-1,0.030441,1.012634,0.043152,-0.015061,-0.048746,-0.002896,70.844177,246.284561,-563.264465,0,0
0.320000,2.351810,-1.535961,2.323950,0.999298,-0.028151,-0.024735,-0.025408,-0.023820,-0.999393,0.027545,0.999320,-0.024519,-0.715478,0.018714,-0.000982,0.698384,-0.004023,-0.008797,0.008498,0.004486,0.013210,0.018389,0.024735,0.999393,0.024519,0.000000,0.000000,0.000000,-1,0.023743,1.011703,0.038116,-0.037192,0.030655,-0.007284,69.262054,247.866684,-563.096863,0,0
0.360000,2.380990,-1.534770,2.352200,0.999268,-0.029101,-0.024830,-0.025571,-0.025367,-0.999351,0.028452,0.999255,-0.026093,-0.716018,0.019089,-0.001265,0.697819,-0.025227,0.039861,0.001021,-0.003132,0.013512,0.010864,0.024830,0.999351,0.026093,0.000000,0.000000,0.000000,-1,0.025131,1.014862,0.032608,-0.053096,0.057089,-0.012586,69.789429,246.284561,-562.594116,0,0
0.400000,2.413370,-1.533731,2.382326,0.999204,-0.031371,-0.024663,-0.025510,-0.026879,-0.999313,0.030686,0.999146,-0.027658,-0.716544,0.019845,-0.002101,0.697257,-0.028372,0.061035,-0.000102,0.000056,0.016403,-0.004388,0.024663,0.999313,0.027658,0.000000,0.000000,0.000000,-1,0.028809,1.012924,0.025726,-0.047723,0.070886,-0.009484,69.965210,246.460342,-562.426514,0,0
0.440000,2.417508,-1.533084,2.383519,0.999099,-0.034324,-0.024977,-0.025922,-0.027379,-0.999289,0.033616,0.999036,-0.028244,-0.716715,0.021015,-0.003014,0.697043,-0.008041,0.086518,0.007111,0.002947,0.011667,-0.003281,0.024977,0.999289,0.028244,0.000000,0.000000,0.000000,-1,0.024033,1.014740,0.016495,-0.027458,0.077295,-0.003273,71.195755,247.339310,-563.264465,0,0
0.480000,2.404050,-1.533384,2.367612,0.999007,-0.036766,-0.025153,-0.026144,-0.026748,-0.999300,0.036067,0.998966,-0.027683,-0.716491,0.021951,-0.003808,0.697240,0.002444,0.025065,0.005128,-0.003516,0.016538,-0.011463,0.025153,0.999300,0.027683,0.000000,0.000000,0.000000,-1,0.023087,1.014450,0.013931,-0.018140,-0.005380,-0.009427,70.316803,247.866684,-562.091309,0,0
0.520000,2.380432,-1.534359,2.346710,0.999105,-0.034036,-0.025128,-0.026003,-0.025514,-0.999336,0.033372,0.999095,-0.026376,-0.716065,0.020961,-0.002879,0.697713,0.009436,-0.131769,-0.002865,0.002918,0.014229,-0.006143,0.025128,0.999336,0.026376,0.000000,0.000000,0.000000,-1,0.030930,1.011581,0.030594,-0.027039,-0.126179,-0.015297,70.492584,246.987717,-563.599609,0,0
0.560000,2.382675,-1.533839,2.353158,0.999231,-0.029844,-0.025426,-0.026206,-0.026047,-0.999317,0.029162,0.999215,-0.026809,-0.716255,0.019564,-0.001304,0.697563,0.003292,-0.047007,0.000071,0.005016,0.012539,0.010483,0.025426,0.999317,0.026809,0.000000,0.000000,0.000000,-1,0.030579,1.013458,0.033905,-0.005219,0.039140,-0.005433,69.086258,246.987717,-563.599609,0,0
0.600000,2.367384,-1.533763,2.336406,0.999175,-0.031305,-0.025886,-0.026694,-0.025658,-0.999314,0.030619,0.999180,-0.026472,-0.716119,0.020247,-0.001652,0.697683,0.019504,0.036711,0.004966,-0.000084,0.015075,0.008501,0.025886,0.999314,0.026472,0.000000,0.000000,0.000000,-1,0.025162,1.014206,0.029129,-0.013777,0.028521,-0.008523,70.316803,248.218262,-563.432007,0,0
0.640000,2.368528,-1.533663,2.337213,0.999163,-0.031643,-0.025925,-0.026745,-0.025748,-0.999311,0.030954,0.999168,-0.026573,-0.716150,0.020383,-0.001755,0.697646,-0.008311,-0.000401,-0.000006,0.000396,0.014651,0.004845,0.025925,0.999311,0.026573,0.000000,0.000000,0.000000,-1,0.026566,1.008453,0.032318,-0.032926,0.038009,-0.013736,70.141006,247.339310,-562.258911,0,0
0.680000,2.379606,-1.533350,2.347177,0.999129,-0.032763,-0.025846,-0.026710,-0.026233,-0.999299,0.032062,0.999119,-0.027085,-0.716318,0.020757,-0.002170,0.697462,-0.001823,0.038756,-0.003398,0.001056,0.009643,0.000900,0.025846,0.999299,0.027085,0.000000,0.000000,0.000000,-1,0.031433,1.014008,0.025620,-0.035070,0.031675,-0.011565,69.262054,247.866684,-563.767212,0,0
0.720000,2.378152,-1.532743,2.344599,0.999079,-0.033897,-0.026304,-0.027212,-0.026588,-0.999276,0.033173,0.999072,-0.027486,-0.716441,0.021324,-0.002397,0.697317,-0.005030,0.024027,0.007350,0.001070,0.013847,-0.000966,0.026304,0.999276,0.027486,0.000000,0.000000,0.000000,-1,0.022003,1.012314,0.025131,-0.017974,0.044459,-0.003223,68.734665,245.932968,-564.269958,0,0
0.760000,2.370501,-1.533076,2.335660,0.999035,-0.035177,-0.026282,-0.027208,-0.026113,-0.999289,0.034466,0.999040,-0.027045,-0.716274,0.021774,-0.002856,0.697474,0.017418,0.049471,0.010266,-0.005698,0.014368,-0.003027,0.026282,0.999289,0.027045,0.000000,0.000000,0.000000,-1,0.018112,1.013824,0.023880,-0.012700,0.026472,-0.001066,69.789429,246.284561,-563.264465,0,0
0.800000,2.361744,-1.533654,2.326443,0.999024,-0.035626,-0.026111,-0.027027,-0.025465,-0.999310,0.034937,0.999041,-0.026403,-0.716047,0.021875,-0.003081,0.697703,0.003384,-0.025826,-0.000019,-0.009113,0.013019,-0.002035,0.026111,0.999310,0.026403,0.000000,0.000000,0.000000,-1,0.025497,1.012833,0.031967,-0.027849,-0.038309,-0.019882,70.316803,246.811935,-562.091309,0,0
0.840000,2.373663,-1.533755,2.340083,0.999094,-0.033905,-0.025725,-0.026605,-0.025761,-0.999314,0.033219,0.999093,-0.026640,-0.716152,0.021123,-0.002616,0.697620,-0.009469,-0.042847,-0.008382,0.005235,0.013976,0.003802,0.025725,0.999314,0.026640,0.000000,0.000000,0.000000,-1,0.035141,1.014084,0.031952,-0.035254,-0.023470,-0.018814,69.789429,246.987717,-562.594116,0,0
0.880000,2.377695,-1.533096,2.344118,0.999085,-0.033915,-0.026072,-0.026971,-0.026328,-0.999289,0.033204,0.999078,-0.027218,-0.716350,0.021249,-0.002489,0.697413,0.001451,0.047216,-0.004526,0.010701,0.015878,0.005649,0.026072,0.999289,0.027218,0.000000,0.000000,0.000000,-1,0.038788,1.012314,0.031586,-0.016866,0.067661,-0.013972,68.910461,245.757172,-563.767212,0,0
0.920000,2.358120,-1.532623,2.322580,0.998993,-0.035884,-0.026934,-0.027878,-0.026064,-0.999271,0.035156,0.999016,-0.027038,-0.716257,0.022255,-0.002870,0.697476,0.007798,0.028218,0.002978,0.008680,0.010601,-0.000762,0.026934,0.999272,0.027038,0.000000,0.000000,0.000000,-1,0.038071,1.014435,0.027405,-0.030834,0.022161,-0.009432,69.262054,247.515106,-562.091309,0,0
0.960000,2.348031,-1.531866,2.311154,0.998921,-0.037233,-0.027745,-0.028732,-0.026254,-0.999242,0.036476,0.998962,-0.027296,-0.716322,0.023022,-0.003047,0.697383,-0.000632,0.054728,0.006159,0.006023,0.016459,-0.000440,0.027745,0.999242,0.027296,0.000000,0.000000,0.000000,-1,0.029572,1.012756,0.026245,-0.014681,0.076242,-0.002303,69.789429,246.636139,-562.594116,0,0
1.000000,2.336492,-1.532215,2.297506,0.998839,-0.039332,-0.027806,-0.028827,-0.025628,-0.999256,0.038590,0.998897,-0.026732,-0.716100,0.023795,-0.003765,0.697582,0.022853,0.071688,0.008039,-0.007741,0.012387,-0.005125,0.027806,0.999256,0.026732,0.000000,0.000000,0.000000,-1,0.015518,1.013550,0.020264,-0.009525,0.029540,-0.012821,71.019974,247.163513,-562.091309,0,0
1.040000,2.333108,-1.533360,2.293628,0.998841,-0.039805,-0.027069,-0.028068,-0.024759,-0.999299,0.039107,0.998901,-0.025847,-0.715794,0.023706,-0.004204,0.697896,-0.000944,-0.040742,-0.009484,-0.006485,0.018614,-0.004638,0.027069,0.999299,0.025847,0.000000,0.000000,0.000000,-1,0.026688,1.012833,0.028305,-0.021489,-0.047843,-0.019895,69.086258,246.284561,-563.599609,0,0
1.080000,2.337155,-1.533630,2.299586,0.998923,-0.037892,-0.026770,-0.027719,-0.024746,-0.999309,0.037204,0.998975,-0.025769,-0.715793,0.022915,-0.003644,0.697927,0.022554,-0.026942,-0.005471,0.000605,0.009022,0.007983,0.026770,0.999309,0.025769,0.000000,0.000000,0.000000,-1,0.035034,1.013123,0.034012,0.001059,0.009404,-0.013893,70.668381,246.108765,-562.426514,0,0
1.120000,2.324349,-1.533668,2.286837,0.998917,-0.037833,-0.027070,-0.028003,-0.024365,-0.999311,0.037147,0.998987,-0.025398,-0.715661,0.022998,-0.003520,0.698060,0.009881,0.004905,0.001973,0.007156,0.014453,0.007042,0.027070,0.999311,0.025398,0.000000,0.000000,0.000000,-1,0.027237,1.013901,0.038147,-0.016965,0.028542,-0.006367,69.965210,247.866684,-563.432007,0,0
1.160000,2.326012,-1.533319,2.287402,0.998869,-0.038935,-0.027282,-0.028253,-0.024610,-0.999298,0.038237,0.998939,-0.025683,-0.715745,0.023468,-0.003826,0.697957,0.014294,0.057891,0.004937,0.000215,0.017166,0.010130,0.027282,0.999298,0.025683,0.000000,0.000000,0.000000,-1,0.028732,1.016037,0.032669,-0.014734,0.066621,-0.011854,69.613632,246.108765,-562.761719,0,0
1.200000,2.331765,-1.533272,2.291306,0.998799,-0.040784,-0.027167,-0.028192,-0.024751,-0.999296,0.040083,0.998861,-0.025871,-0.715790,0.024091,-0.004511,0.697885,-0.002941,0.005869,-0.008584,0.002068,0.017534,0.003959,0.027167,0.999296,0.025871,0.000000,0.000000,0.000000,-1,0.035889,1.012726,0.028458,-0.028871,-0.022442,-0.022064,70.316803,246.460342,-562.761719,0,0
1.240000,2.329992,-1.533150,2.291828,0.998886,-0.038494,-0.027302,-0.028270,-0.024847,-0.999292,0.037789,0.998950,-0.025907,-0.715828,0.023317,-0.003663,0.697878,0.008549,-0.077736,-0.005174,0.014187,0.010291,0.004214,0.027302,0.999291,0.025907,0.000000,0.000000,0.000000,-1,0.043472,1.010925,0.030472,-0.014063,-0.064703,-0.010302,71.371552,246.811935,-563.096863,0,0
1.280000,2.303649,-1.532270,2.267175,0.998912,-0.036820,-0.028628,-0.029549,-0.024706,-0.999258,0.036085,0.999016,-0.025767,-0.715784,0.023180,-0.002605,0.697932,0.021619,0.007169,0.013601,0.005658,0.012583,0.008092,0.028628,0.999258,0.025767,0.000000,0.000000,0.000000,-1,0.027130,1.012024,0.031113,0.006572,0.051995,0.010407,70.668381,246.108765,-562.761719,0,0
1.320000,2.279051,-1.532453,2.241016,0.998839,-0.038372,-0.029115,-0.030042,-0.023812,-0.999265,0.037651,0.998980,-0.024937,-0.715470,0.023905,-0.002983,0.698228,0.032371,0.036902,0.021923,-0.010758,0.015170,0.003185,0.029115,0.999265,0.024937,0.000000,0.000000,0.000000,-1,0.010773,1.011398,0.026031,0.000036,0.008513,0.004229,69.086258,248.042480,-564.605164,0,0
1.360000,2.272573,-1.533396,2.234605,0.998859,-0.038288,-0.028556,-0.029452,-0.023038,-0.999301,0.037604,0.999001,-0.024139,-0.715199,0.023679,-0.003163,0.698513,0.017216,-0.033125,0.008432,-0.018501,0.014036,0.005203,0.028556,0.999301,0.024139,0.000000,0.000000,0.000000,-1,0.013107,1.015106,0.028442,-0.013973,-0.033997,-0.011483,69.086258,246.987717,-564.269958,0,0
1.400000,2.284150,-1.533958,2.247422,0.998926,-0.037041,-0.027849,-0.028716,-0.023061,-0.999322,0.036373,0.999048,-0.024100,-0.715208,0.022985,-0.002979,0.698528,-0.005063,-0.004607,-0.002194,-0.003985,0.018501,0.004098,0.027849,0.999322,0.024100,0.000000,0.000000,0.000000,-1,0.032883,1.016602,0.026230,-0.028607,0.057082,-0.012776,70.492584,247.339310,-562.929260,0,0
1.440000,2.273650,-1.533623,2.233985,0.998798,-0.039979,-0.028357,-0.029287,-0.022880,-0.999309,0.039303,0.998939,-0.024023,-0.715140,0.024214,-0.003826,0.698551,0.021857,0.083433,0.012189,0.008798,0.006535,-0.001684,0.028357,0.999309,0.024023,0.000000,0.000000,0.000000,-1,0.036743,1.007507,0.016296,0.004512,0.080533,0.003924,68.910461,247.163513,-563.767212,0,0
1.480000,2.235083,-1.533760,2.193620,0.998702,-0.041766,-0.029154,-0.030075,-0.021600,-0.999314,0.041108,0.998894,-0.022828,-0.714690,0.025130,-0.004181,0.698977,0.030254,0.037927,0.016561,0.006704,0.005355,-0.006165,0.029154,0.999314,0.022828,0.000000,0.000000,0.000000,-1,0.039291,1.010422,0.013351,0.000052,0.013808,0.004209,70.141006,246.636139,-562.258911,0,0
1.520000,2.181069,-1.533431,2.139346,0.998648,-0.042018,-0.030614,-0.031480,-0.020113,-0.999302,0.041373,0.998914,-0.021409,-0.714173,0.025728,-0.003766,0.699487,0.014183,-0.007504,0.028586,0.014247,0.010326,-0.006409,0.030614,0.999302,0.021409,0.000000,0.000000,0.000000,-1,0.035126,1.013138,0.017548,0.001205,0.024606,0.026531,70.141006,246.987717,-562.594116,0,0
1.560000,2.123746,-1.532681,2.081488,0.998568,-0.042547,-0.032428,-0.033244,-0.018626,-0.999274,0.041913,0.998921,-0.020013,-0.713654,0.026551,-0.003323,0.699987,0.048374,0.019052,0.035658,-0.003680,0.017801,-0.002054,0.032428,0.999274,0.020013,0.000000,0.000000,0.000000,-1,0.024429,1.020874,0.015915,0.022474,0.022414,0.018917,70.668381,247.515106,-562.761719,0,0
1.600000,2.091054,-1.533126,2.048522,0.998549,-0.042802,-0.032679,-0.033445,-0.017315,-0.999291,0.042206,0.998933,-0.018722,-0.713195,0.026727,-0.003340,0.700448,-0.006066,-0.003453,0.006327,-0.005747,0.019813,-0.002883,0.032679,0.999291,0.018722,0.000000,0.000000,0.000000,-1,0.027802,1.014557,0.012115,-0.050051,0.004170,-0.008150,71.019974,246.460342,-563.096863,0,0
1.640000,2.114263,-1.533091,2.071530,0.998553,-0.043012,-0.032265,-0.033069,-0.018097,-0.999289,0.042397,0.998911,-0.019493,-0.713468,0.026659,-0.003550,0.700172,-0.021960,0.029286,-0.004331,-0.006814,0.014596,-0.003151,0.032265,0.999289,0.019493,0.000000,0.000000,0.000000,-1,0.033539,1.016525,0.010757,-0.039207,0.078209,-0.019165,70.492584,246.987717,-564.269958,0,0
1.680000,2.116949,-1.533422,2.071588,0.998448,-0.045632,-0.031930,-0.032778,-0.017940,-0.999302,0.045027,0.998797,-0.019408,-0.713407,0.027477,-0.004589,0.700196,-0.014366,0.073748,-0.006688,0.009009,0.014492,-0.013625,0.031930,0.999302,0.019408,0.000000,0.000000,0.000000,-1,0.038116,1.013458,0.001862,-0.037077,0.074021,-0.013839,69.613632,245.757172,-562.761719,0,0
1.720000,2.088508,-1.533574,2.041207,0.998345,-0.047556,-0.032337,-0.033171,-0.016867,-0.999307,0.046978,0.998726,-0.018417,-0.713027,0.028304,-0.005133,0.700546,0.014297,0.026204,0.008160,0.000836,0.010336,-0.017394,0.032337,0.999307,0.018417,0.000000,0.000000,0.000000,-1,0.029266,1.012115,0.001663,0.011685,-0.006387,-0.003263,70.668381,247.163513,-562.761719,0,0
1.760000,2.044701,-1.534400,1.997757,0.998362,-0.047171,-0.032378,-0.033122,-0.015069,-0.999338,0.046652,0.998773,-0.016606,-0.712397,0.028177,-0.005009,0.701193,0.040688,-0.050091,0.005043,-0.002303,0.014182,-0.015950,0.032378,0.999338,0.016606,0.000000,0.000000,0.000000,-1,0.032486,1.015778,0.011993,0.013410,-0.132514,-0.012391,69.613632,247.866684,-563.096863,0,0
1.800000,1.992667,-1.535362,1.951247,0.998611,-0.041621,-0.032321,-0.032894,-0.013155,-0.999372,0.041169,0.999047,-0.014506,-0.711736,0.026173,-0.003108,0.701952,0.032836,-0.175166,-0.005082,0.001020,0.018236,0.000920,0.032321,0.999372,0.014506,0.000000,0.000000,0.000000,-1,0.040939,1.010284,0.025482,0.007053,-0.118783,-0.016655,70.141006,245.229797,-563.264465,0,0
1.840000,1.961580,-1.535418,1.925496,0.998806,-0.036277,-0.032705,-0.033170,-0.012285,-0.999374,0.035853,0.999266,-0.013473,-0.711436,0.024404,-0.001106,0.702326,0.036420,-0.049050,0.002946,0.005335,0.009461,0.014435,0.032705,0.999374,0.013473,0.000000,0.000000,0.000000,-1,0.032303,1.010895,0.026993,-0.000036,-0.007463,-0.005298,69.789429,248.042480,-563.599609,0,0
1.880000,1.959552,-1.535303,1.924167,0.998827,-0.035579,-0.032838,-0.033293,-0.012280,-0.999370,0.035154,0.999291,-0.013451,-0.711435,0.024202,-0.000814,0.702335,0.008832,-0.005694,-0.002352,-0.003007,0.014409,0.013832,0.032838,0.999370,0.013450,0.000000,0.000000,0.000000,-1,0.036667,1.014023,0.023926,-0.036282,-0.007622,-0.023127,70.668381,246.460342,-563.432007,0,0
1.920000,2.000610,-1.534921,1.965967,0.998860,-0.034862,-0.032606,-0.033104,-0.013808,-0.999357,0.034389,0.999297,-0.014946,-0.711972,0.023865,-0.000626,0.701802,-0.027399,-0.007852,-0.007387,0.007510,0.011065,0.007805,0.032606,0.999357,0.014946,0.000000,0.000000,0.000000,-1,0.039642,1.011627,0.021957,-0.045778,0.015741,-0.016749,71.547348,246.987717,-563.599609,0,0
1.960000,2.016729,-1.534367,1.981570,0.998833,-0.035392,-0.032860,-0.033392,-0.014544,-0.999337,0.034890,0.999268,-0.015709,-0.712230,0.024144,-0.000713,0.701531,-0.009145,0.035666,0.002966,0.007836,0.010948,0.003045,0.032860,0.999337,0.015709,0.000000,0.000000,0.000000,-1,0.036133,1.014252,0.015045,-0.027524,0.056102,-0.004258,68.910461,247.163513,-563.432007,0,0
2.000000,2.018910,-1.533999,1.982410,0.998775,-0.036736,-0.033157,-0.033717,-0.014719,-0.999323,0.036224,0.999217,-0.015940,-0.712291,0.024728,-0.001076,0.701448,-0.000605,0.039940,0.007146,0.002976,0.014929,-0.000894,0.033157,0.999323,0.015940,0.000000,0.000000,0.000000,-1,0.027298,1.014542,0.014511,-0.020196,0.014794,-0.004160,71.019974,246.811935,-563.096863,0,0
2.040000,2.014664,-1.534142,1.978356,0.998784,-0.036540,-0.033095,-0.033645,-0.014526,-0.999328,0.036035,0.999227,-0.015737,-0.712223,0.024636,-0.001032,0.701520,-0.003020,-0.034323,-0.004309,-0.004210,0.015885,-0.001775,0.033095,0.999328,0.015737,0.000000,0.000000,0.000000,-1,0.029938,1.014420,0.020874,-0.031025,-0.034052,-0.017742,69.789429,246.987717,-562.594116,0,0
2.080000,2.030226,-1.534250,1.995676,0.998858,-0.034790,-0.032750,-0.033290,-0.015062,-0.999332,0.034273,0.999281,-0.016203,-0.712412,0.023891,-0.000535,0.701355,-0.007311,-0.038617,-0.010652,0.007991,0.011730,0.004366,0.032750,0.999332,0.016203,0.000000,0.000000,0.000000,-1,0.041824,1.010132,0.024048,-0.029947,-0.028767,-0.018836,69.789429,245.932968,-563.934814,0,0
2.120000,2.038131,-1.533751,2.004517,0.998879,-0.033865,-0.033066,-0.033608,-0.015565,-0.999314,0.033327,0.999305,-0.016686,-0.712589,0.023672,-0.000092,0.701183,-0.001911,-0.019465,-0.001172,0.008987,0.009384,0.006660,0.033066,0.999314,0.016686,0.000000,0.000000,0.000000,-1,0.040970,1.014038,0.025833,-0.026595,0.014756,-0.008372,71.019974,247.866684,-563.096863,0,0
2.160000,2.047960,-1.532442,2.013487,0.998816,-0.034746,-0.034062,-0.034649,-0.016426,-0.999265,0.034161,0.999261,-0.017610,-0.712891,0.024336,-0.000035,0.700853,-0.003900,0.024029,0.006146,0.005535,0.013812,0.007475,0.034062,0.999265,0.017610,0.000000,0.000000,0.000000,-1,0.034790,1.013443,0.026276,-0.028671,0.030663,-0.006285,69.262054,246.108765,-562.761719,0,0
2.200000,2.060801,-1.532195,2.025695,0.998793,-0.035387,-0.034051,-0.034667,-0.016956,-0.999255,0.034783,0.999230,-0.018162,-0.713076,0.024560,-0.000257,0.700656,-0.021034,0.018590,-0.003333,-0.000466,0.016385,0.001766,0.034051,0.999255,0.018162,0.000000,0.000000,0.000000,-1,0.039932,1.010330,0.015121,-0.066039,0.007253,-0.018691,69.262054,247.163513,-564.102417,0,0
2.240000,2.095263,-1.531339,2.060403,0.998798,-0.035170,-0.034145,-0.034813,-0.018551,-0.999222,0.034509,0.999209,-0.019753,-0.713635,0.024516,-0.000127,0.700088,-0.024329,-0.015302,-0.003176,0.005467,0.010040,-0.003945,0.034145,0.999222,0.019753,0.000000,0.000000,0.000000,-1,0.041519,1.013718,0.013657,-0.038372,-0.003286,-0.012474,71.195755,247.690887,-562.594116,0,0
2.280000,2.092011,-1.530911,2.057567,0.998797,-0.034760,-0.034580,-0.035243,-0.018652,-0.999205,0.034087,0.999222,-0.019855,-0.713671,0.024522,0.000173,0.700052,-0.018992,-0.014225,-0.001086,0.009534,0.021807,-0.006580,0.034580,0.999205,0.019855,0.000000,0.000000,0.000000,-1,0.044662,1.017868,0.010635,-0.051192,-0.021249,-0.008046,71.195755,246.987717,-563.599609,0,0
2.320000,2.089353,-1.530243,2.056346,0.998824,-0.033334,-0.035212,-0.035856,-0.018921,-0.999178,0.032641,0.999265,-0.020094,-0.713764,0.024234,0.000901,0.699966,-0.018068,-0.074458,0.014052,0.007131,0.005430,-0.006498,0.035212,0.999178,0.020094,0.000000,0.000000,0.000000,-1,0.029190,1.005646,0.019669,-0.015133,-0.084619,0.012153,69.437836,246.636139,-562.929260,0,0
2.360000,2.067826,-1.529967,2.038223,0.998908,-0.029928,-0.035879,-0.036439,-0.018392,-0.999167,0.029243,0.999383,-0.019463,-0.713576,0.023252,0.002325,0.700188,0.020234,-0.068069,0.023258,-0.011724,0.012659,0.002922,0.035879,0.999167,0.019463,0.000000,0.000000,0.000000,-1,0.025162,1.022964,0.019577,-0.024548,-0.016970,-0.002942,70.492584,246.284561,-562.929260,0,0
2.400000,2.091242,-1.530136,2.062767,0.998963,-0.028810,-0.035267,-0.035828,-0.019201,-0.999174,0.028109,0.999400,-0.020213,-0.713859,0.022637,0.002507,0.699919,-0.045652,-0.004741,-0.002045,-0.008106,0.015032,0.000691,0.035267,0.999174,0.020213,0.000000,0.000000,0.000000,-1,0.028259,1.010635,0.022583,-0.070288,0.006244,-0.013328,68.910461,246.108765,-564.437561,0,0
2.440000,2.124163,-1.529819,2.095721,0.998978,-0.028795,-0.034852,-0.035450,-0.020530,-0.999161,0.028056,0.999375,-0.021530,-0.714324,0.022485,0.002379,0.699449,-0.033924,0.002651,-0.004298,-0.005723,0.011704,0.000519,0.034852,0.999161,0.021530,0.000000,0.000000,0.000000,-1,0.031509,1.016586,0.018967,-0.053245,0.009408,-0.014537,69.086258,246.636139,-563.264465,0,0
2.480000,2.145109,-1.529995,2.117293,0.999016,-0.028175,-0.034246,-0.034849,-0.021198,-0.999168,0.027426,0.999378,-0.022159,-0.714558,0.022050,0.002386,0.699224,-0.027672,-0.033480,-0.016998,0.002330,0.018120,-0.005543,0.034246,0.999168,0.022159,0.000000,0.000000,0.000000,-1,0.038025,1.017715,0.016891,-0.057658,-0.026770,-0.032478,68.734665,249.448807,-563.934814,0,0
2.520000,2.166159,-1.529907,2.140289,0.999083,-0.026241,-0.033844,-0.034426,-0.022041,-0.999164,0.025473,0.999413,-0.022924,-0.714851,0.021217,0.002928,0.698949,-0.012853,-0.038767,-0.009691,0.007187,0.010540,-0.007010,0.033844,0.999164,0.022924,0.000000,0.000000,0.000000,-1,0.041046,1.007553,0.015869,-0.023547,-0.027680,-0.015693,71.019974,246.460342,-563.432007,0,0
2.560000,2.147874,-1.530062,2.123044,0.999100,-0.025192,-0.034129,-0.034670,-0.021364,-0.999170,0.024442,0.999454,-0.022218,-0.714612,0.020942,0.003389,0.699199,0.029799,-0.032276,0.005936,0.003927,0.006460,-0.004945,0.034129,0.999170,0.022218,0.000000,0.000000,0.000000,-1,0.034256,1.012756,0.019440,0.013775,-0.025383,0.004250,67.855713,246.108765,-562.761719,0,0
2.600000,2.106419,-1.530358,2.082892,0.999110,-0.023870,-0.034766,-0.035241,-0.019810,-0.999183,0.023161,0.999519,-0.020633,-0.714065,0.020695,0.004063,0.699762,0.028773,-0.031088,0.019789,-0.003271,0.018319,0.001233,0.034766,0.999182,0.020633,0.000000,0.000000,0.000000,-1,0.021622,1.019562,0.022995,-0.000038,-0.017946,0.006459,69.965210,247.163513,-563.432007,0,0
2.640000,2.093830,-1.531473,2.071743,0.999169,-0.022406,-0.034057,-0.034483,-0.018880,-0.999227,0.021746,0.999571,-0.019637,-0.713738,0.019927,0.004312,0.700116,0.021225,-0.040855,-0.005696,-0.018310,0.013926,0.004868,0.034057,0.999227,0.019637,0.000000,0.000000,0.000000,-1,0.024948,1.015747,0.023605,-0.009803,-0.052132,-0.025296,68.910461,246.811935,-565.107910,0,0
2.680000,2.105863,-1.532275,2.086121,0.999250,-0.020055,-0.033129,-0.033510,-0.018979,-0.999258,0.019411,0.999619,-0.019637,-0.713769,0.018761,0.004805,0.700113,-0.017458,-0.105672,-0.027586,0.001097,0.018732,0.003343,0.033129,0.999258,0.019637,0.000000,0.000000,0.000000,-1,0.044724,1.005630,0.028809,-0.076030,-0.115743,-0.033067,69.965210,246.108765,-563.432007,0,0
2.720000,2.142007,-1.531578,2.125868,0.999320,-0.016479,-0.032984,-0.033322,-0.020663,-0.999231,0.015784,0.999651,-0.021198,-0.714350,0.017429,0.006019,0.699546,-0.052590,-0.111919,-0.016633,0.011740,0.006399,0.007611,0.032984,0.999231,0.021198,0.000000,0.000000,0.000000,-1,0.039185,1.015701,0.036789,-0.052277,-0.019229,-0.018698,69.086258,246.284561,-562.594116,0,0
2.760000,2.184810,-1.530049,2.167283,0.999285,-0.017907,-0.033295,-0.033701,-0.022883,-0.999170,0.017130,0.999578,-0.023470,-0.715129,0.018041,0.005651,0.698737,-0.014635,0.103264,0.002512,0.007400,0.017020,0.004591,0.033295,0.999170,0.023470,0.000000,0.000000,0.000000,-1,0.035019,1.014664,0.023849,-0.049747,0.105838,-0.009599,68.383087,246.636139,-564.269958,0,0
2.800000,2.203874,-1.529612,2.183625,0.999236,-0.020641,-0.033193,-0.033680,-0.023682,-0.999152,0.019837,0.999506,-0.024359,-0.715415,0.018982,0.004667,0.698426,-0.026436,0.081996,-0.006904,-0.004492,0.012612,-0.002050,0.033193,0.999152,0.024359,0.000000,0.000000,0.000000,-1,0.029053,1.014557,0.019852,-0.031830,0.059073,-0.026608,69.789429,246.987717,-561.923706,0,0
2.840000,2.215466,-1.530543,2.194144,0.999247,-0.021698,-0.032166,-0.032674,-0.023492,-0.999190,0.020925,0.999489,-0.024183,-0.715353,0.019002,0.003928,0.698493,-0.009930,-0.051588,-0.019373,0.010315,0.016740,-0.006651,0.032166,0.999190,0.024183,0.000000,0.000000,0.000000,-1,0.037735,1.006699,0.023636,-0.027906,-0.057374,-0.019810,70.141006,246.284561,-563.934814,0,0
2.880000,2.214946,-1.530486,2.195555,0.999285,-0.019770,-0.032224,-0.032687,-0.023571,-0.999188,0.018994,0.999527,-0.024200,-0.715377,0.018332,0.004623,0.698483,0.013504,-0.059939,-0.005672,0.004352,0.004825,0.003098,0.032224,0.999188,0.024200,0.000000,0.000000,0.000000,-1,0.037231,1.004150,0.028595,0.011549,-0.043546,-0.012710,70.844177,246.636139,-561.923706,0,0
2.920000,2.186366,-1.530956,2.168442,0.999304,-0.018288,-0.032519,-0.032926,-0.022412,-0.999206,0.017544,0.999582,-0.022999,-0.714968,0.017908,0.005236,0.698909,0.058267,-0.052447,0.003543,0.006757,0.010040,0.004559,0.032519,0.999206,0.022999,0.000000,0.000000,0.000000,-1,0.038284,1.013565,0.027985,0.016804,-0.074174,-0.003048,69.437836,246.636139,-563.264465,0,0
2.960000,2.152226,-1.531034,2.137626,0.999336,-0.014954,-0.033220,-0.033535,-0.021345,-0.999210,0.014233,0.999660,-0.021832,-0.714583,0.016964,0.006642,0.699314,0.019781,-0.104316,0.006169,0.003768,0.015149,0.011767,0.033220,0.999210,0.021832,0.000000,0.000000,0.000000,-1,0.030243,1.013290,0.038406,-0.007726,-0.082700,-0.009218,69.262054,246.460342,-563.096863,0,0
3.000000,2.157599,-1.530914,2.145781,0.999374,-0.012178,-0.033202,-0.033460,-0.021683,-0.999205,0.011448,0.999691,-0.022077,-0.714691,0.015964,0.007609,0.699216,0.020817,-0.081073,-0.002497,-0.005629,0.016466,0.019152,0.033202,0.999205,0.022077,0.000000,0.000000,0.000000,-1,0.037552,1.011902,0.039322,-0.005565,-0.062685,-0.021028,69.086258,246.636139,-564.605164,0,0
3.040000,2.180237,-1.530700,2.171941,0.999422,-0.008669,-0.032869,-0.033058,-0.022672,-0.999196,0.007917,0.999705,-0.022946,-0.715024,0.014589,0.008724,0.698893,-0.014309,-0.068413,-0.008664,0.006437,0.013621,0.015980,0.032869,0.999196,0.022946,0.000000,0.000000,0.000000,-1,0.037033,1.013794,0.042389,-0.054372,-0.008627,-0.017656,68.558884,247.515106,-563.767212,0,0
3.080000,2.225458,-1.529434,2.217204,0.999424,-0.008662,-0.032801,-0.033008,-0.024906,-0.999145,0.007838,0.999652,-0.025178,-0.715805,0.014553,0.008719,0.698094,-0.023460,0.073564,-0.003798,-0.000117,0.014069,0.017791,0.032801,0.999145,0.025178,0.000000,0.000000,0.000000,-1,0.033768,1.008911,0.035812,-0.046462,0.137591,-0.011874,68.383087,246.987717,-562.594116,0,0
3.120000,2.262053,-1.528394,2.247788,0.999358,-0.014698,-0.032659,-0.033041,-0.026555,-0.999101,0.013818,0.999539,-0.027024,-0.716404,0.016660,0.006575,0.697456,-0.026517,0.115980,0.001393,-0.002462,0.015975,-0.002396,0.032659,0.999101,0.027024,0.000000,0.000000,0.000000,-1,0.026596,1.019119,0.023178,-0.045461,0.117458,-0.012872,69.262054,247.163513,-562.761719,0,0
3.160000,2.276351,-1.528501,2.259135,0.999326,-0.017648,-0.032188,-0.032655,-0.026861,-0.999106,0.016767,0.999483,-0.027419,-0.716520,0.017551,0.005380,0.697325,-0.006453,0.080994,-0.005070,-0.005592,0.018503,-0.005171,0.032188,0.999106,0.027419,0.000000,0.000000,0.000000,-1,0.027466,1.014221,0.018677,-0.016982,0.027433,-0.011690,68.383087,245.932968,-562.594116,0,0
3.200000,2.271019,-1.529071,2.253027,0.999322,-0.018410,-0.031898,-0.032377,-0.026301,-0.999130,0.017555,0.999484,-0.026880,-0.716328,0.017725,0.005006,0.697521,0.011354,-0.021697,0.000502,-0.004432,0.015092,-0.008203,0.031898,0.999130,0.026880,0.000000,0.000000,0.000000,-1,0.027710,1.008118,0.023590,-0.002391,-0.075326,-0.013548,68.910461,247.866684,-564.772705,0,0
3.240000,2.229317,-1.530545,2.218707,0.999433,-0.010996,-0.031826,-0.032086,-0.024286,-0.999190,0.010215,0.999645,-0.024625,-0.715602,0.015051,0.007550,0.698305,0.036368,-0.201748,0.002046,0.009189,0.014467,0.006823,0.031826,0.999190,0.024625,0.000000,0.000000,0.000000,-1,0.044647,1.014008,0.036346,0.003664,-0.192814,-0.004632,68.558884,247.163513,-563.767212,0,0
3.280000,2.210946,-1.529819,2.205739,0.999444,-0.005605,-0.032855,-0.032982,-0.024298,-0.999161,0.004802,0.999689,-0.024469,-0.715579,0.013481,0.009801,0.698333,0.017429,-0.138046,0.017938,0.009275,0.013962,0.018454,0.032855,0.999161,0.024469,0.000000,0.000000,0.000000,-1,0.030609,1.014603,0.049881,0.016025,0.007528,0.012631,68.383087,246.636139,-563.934814,0,0
3.320000,2.202374,-1.529366,2.197760,0.999429,-0.005019,-0.033428,-0.033541,-0.024300,-0.999142,0.004203,0.999692,-0.024454,-0.715574,0.013472,0.010211,0.698333,0.054224,0.055836,0.024383,-0.004849,0.015186,0.022513,0.033428,0.999142,0.024454,0.000000,0.000000,0.000000,-1,0.026932,1.009888,0.030655,0.038609,0.087948,0.004698,67.679916,247.339310,-564.940308,0,0
3.360000,2.174894,-1.529915,2.167909,0.999407,-0.007372,-0.033636,-0.033798,-0.022979,-0.999164,0.006592,0.999709,-0.023215,-0.715123,0.014392,0.009454,0.698787,0.023105,0.002859,0.008795,-0.001745,0.011105,0.005502,0.033636,0.999164,0.023215,0.000000,0.000000,0.000000,-1,0.031891,1.015350,0.033432,-0.057654,-0.045607,-0.007905,69.262054,246.460342,-564.102417,0,0
3.400000,2.217727,-1.528722,2.212823,0.999422,-0.005327,-0.033563,-0.033687,-0.025188,-0.999115,0.004477,0.999669,-0.025352,-0.715885,0.013624,0.010157,0.698012,-0.029159,-0.021537,0.003963,-0.002603,0.014374,0.011864,0.033563,0.999115,0.025352,0.000000,0.000000,0.000000,-1,0.035995,1.004837,0.031326,-0.021176,0.039193,0.000017,68.031509,246.284561,-563.599609,0,0
3.440000,2.219700,-1.528085,2.213541,0.999399,-0.006594,-0.034020,-0.034178,-0.025593,-0.999088,0.005717,0.999651,-0.025803,-0.716030,0.014235,0.009882,0.697854,0.006252,0.060127,0.016167,0.003425,0.005215,0.001800,0.034020,0.999088,0.025803,0.000000,0.000000,0.000000,-1,0.041275,1.012451,0.022400,-0.049742,0.083862,0.019247,68.734665,246.284561,-563.599609,0,0
3.480000,2.222095,-1.526134,2.211151,0.999304,-0.011417,-0.035508,-0.035802,-0.026676,-0.999003,0.010459,0.999579,-0.027066,-0.716423,0.016477,0.008741,0.697417,-0.042380,0.155808,0.043854,-0.012284,0.018179,-0.005856,0.035508,0.999003,0.027066,0.000000,0.000000,0.000000,-1,0.013123,1.023544,0.017166,-0.053626,0.199408,0.029497,69.262054,247.163513,-563.767212,0,0
3.520000,2.229120,-1.526134,2.211970,0.999221,-0.017621,-0.035317,-0.035780,-0.026705,-0.999003,0.016660,0.999488,-0.027315,-0.716457,0.018634,0.006510,0.697352,-0.001740,0.225574,0.029420,-0.026452,0.026418,-0.013948,0.035317,0.999003,0.027315,0.000000,0.000000,0.000000,-1,0.016876,1.015411,-0.003250,-0.025048,0.169449,-0.002572,69.086258,246.284561,-565.275513,0,0
3.560000,2.220104,-1.527754,2.197440,0.999146,-0.023095,-0.034273,-0.034854,-0.025234,-0.999074,0.022208,0.999415,-0.026017,-0.715960,0.020235,0.004213,0.697835,-0.027941,0.035669,-0.004829,-0.012178,0.015605,-0.033952,0.034273,0.999074,0.026017,0.000000,0.000000,0.000000,-1,0.038437,1.016495,-0.000809,-0.058832,-0.070115,-0.023783,70.492584,246.284561,-563.934814,0,0
3.600000,2.189454,-1.528706,2.171736,0.999248,-0.018126,-0.034279,-0.034706,-0.023792,-0.999114,0.017294,0.999553,-0.024403,-0.715444,0.018461,0.005935,0.698401,0.026870,-0.158118,0.000801,0.013054,0.015336,-0.018498,0.034279,0.999114,0.024403,0.000000,0.000000,0.000000,-1,0.052628,1.009201,0.012177,0.027247,-0.141961,-0.002875,69.613632,245.405594,-563.767212,0,0
3.640000,2.109838,-1.528893,2.096274,0.999256,-0.013941,-0.035951,-0.036239,-0.021013,-0.999122,0.013174,0.999682,-0.021503,-0.714453,0.017559,0.007970,0.699418,0.094119,-0.118657,0.024622,0.018966,0.007317,-0.004413,0.035951,0.999122,0.021503,0.000000,0.000000,0.000000,-1,0.056427,1.010391,0.016632,0.079626,-0.094076,0.022107,68.734665,247.339310,-564.269958,0,0
3.680000,2.020319,-1.528718,2.009577,0.999221,-0.011081,-0.037887,-0.038081,-0.017871,-0.999115,0.010394,0.999779,-0.018279,-0.713332,0.017230,0.009635,0.700548,0.092140,-0.086686,0.045829,0.011765,0.010727,0.000932,0.037887,0.999115,0.018279,0.000000,0.000000,0.000000,-1,0.035126,1.007202,0.024597,0.051967,-0.099217,0.038320,69.613632,246.108765,-565.107910,0,0
3.720000,1.916536,-1.528065,1.914431,0.999189,-0.002394,-0.040190,-0.040221,-0.014392,-0.999087,0.001814,0.999894,-0.014477,-0.712050,0.014962,0.013474,0.701840,0.053377,-0.219167,0.035969,-0.011870,0.018201,0.014912,0.040190,0.999087,0.014477,0.000000,0.000000,0.000000,-1,0.030258,1.018311,0.035934,0.008995,-0.209544,0.018826,69.437836,246.284561,-564.269958,0,0
3.760000,1.922195,-1.527644,1.925808,0.999174,0.003309,-0.040502,-0.040448,-0.014995,-0.999069,-0.003913,0.999882,-0.014849,-0.712218,0.013037,0.015591,0.701664,-0.017776,-0.141989,0.019182,-0.010000,0.015244,0.023680,0.040502,0.999069,0.014849,0.000000,0.000000,0.000000,-1,0.032272,1.013870,0.035660,-0.069208,0.000017,0.000537,69.262054,245.757172,-563.432007,0,0
3.800000,1.985562,-1.526614,1.989304,0.999177,0.003378,-0.040423,-0.040356,-0.017950,-0.999024,-0.004101,0.999833,-0.017799,-0.713254,0.012961,0.015606,0.700612,-0.042689,0.081408,0.008946,-0.003878,0.015518,0.016091,0.040423,0.999024,0.017799,0.000000,0.000000,0.000000,-1,0.039169,1.009323,0.025940,-0.077351,0.124988,-0.000934,68.207291,246.460342,-563.096863,0,0
3.840000,2.043369,-1.524776,2.041536,0.999158,-0.002261,-0.040962,-0.041001,-0.020865,-0.998941,0.001403,0.999780,-0.020940,-0.714311,0.015141,0.013845,0.699527,-0.061778,0.110255,0.011096,0.004723,0.013952,-0.006933,0.040962,0.998941,0.020940,0.000000,0.000000,0.000000,-1,0.057480,1.010071,0.013168,-0.083763,0.114428,0.002351,69.437836,245.581390,-563.934814,0,0
3.880000,2.057647,-1.522402,2.051275,0.999062,-0.006850,-0.042755,-0.042898,-0.022359,-0.998829,0.005886,0.999726,-0.022632,-0.714852,0.017398,0.012894,0.698940,-0.041390,0.141191,0.035331,0.018692,0.005535,-0.012729,0.042755,0.998829,0.022632,0.000000,0.000000,0.000000,-1,0.061996,1.009491,0.005219,-0.036584,0.191049,0.042180,69.086258,246.284561,-563.264465,0,0
3.920000,2.032551,-1.520434,2.020994,0.998911,-0.012051,-0.045069,-0.045325,-0.021906,-0.998732,0.011048,0.999687,-0.022428,-0.714711,0.020070,0.011900,0.699031,0.008843,0.179563,0.062503,0.017935,0.009813,-0.021222,0.045069,0.998732,0.022428,0.000000,0.000000,0.000000,-1,0.053360,1.005096,-0.003723,0.005899,0.138278,0.063355,70.844177,246.284561,-561.923706,0,0
3.960000,1.949395,-1.518130,1.932611,0.998654,-0.017239,-0.048914,-0.049234,-0.018634,-0.998613,0.016304,0.999678,-0.019457,-0.713573,0.023289,0.011425,0.700101,-0.005335,0.042114,0.088696,-0.013926,0.010008,-0.030230,0.048914,0.998613,0.019457,0.000000,0.000000,0.000000,-1,0.020340,1.024078,-0.008377,-0.043249,0.065397,0.084251,70.316803,245.405594,-562.761719,0,0
4.000000,1.928139,-1.517011,1.908179,0.998522,-0.020407,-0.050364,-0.050729,-0.017795,-0.998554,0.019481,0.999633,-0.018804,-0.713289,0.024932,0.010824,0.700343,-0.015475,0.197918,0.099899,-0.037470,0.030712,-0.024420,0.050364,0.998554,0.018804,0.000000,0.000000,0.000000,-1,-0.012222,1.032516,-0.012421,0.012176,0.445526,0.072808,69.789429,246.987717,-564.269958,0,0
4.040000,1.889369,-1.516362,1.850946,0.997910,-0.038802,-0.051670,-0.052286,-0.015044,-0.998519,0.037967,0.999134,-0.017041,-0.712389,0.031966,0.004809,0.701040,0.090114,0.647836,0.055819,-0.065814,0.024873,-0.055112,0.051670,0.998519,0.017041,0.000000,0.000000,0.000000,-1,0.008072,1.014053,-0.067169,0.075966,0.792622,0.040118,72.426300,247.515106,-562.761719,0,0
4.080000,1.797550,-1.515826,1.720615,0.995587,-0.077079,-0.053537,-0.054328,-0.008201,-0.998489,0.076524,0.996991,-0.012352,-0.709954,0.046273,-0.008095,0.702679,0.211937,0.796055,0.051121,-0.006799,-0.008637,-0.144264,0.053537,0.998489,0.012352,0.000000,0.000000,0.000000,-1,0.041916,0.997803,-0.181519,0.435206,0.944920,0.022912,74.008438,245.932968,-562.258911,0,0
4.120000,1.416004,-1.515059,1.305409,0.992410,-0.109967,-0.055042,-0.053758,0.014611,-0.998447,0.110600,0.993828,0.008589,-0.701643,0.058336,-0.019796,0.709861,1.238023,1.342926,0.107164,0.000729,0.032666,-0.285814,0.055042,0.998447,-0.008589,0.000000,0.000000,0.000000,-1,0.153244,1.123825,-0.423431,1.575685,1.146029,0.259404,72.777893,244.702423,-561.756165,0,0
4.160000,0.781902,-1.474957,0.631024,0.986732,-0.147695,-0.067428,-0.056456,0.077265,-0.995411,0.152227,0.986010,0.067901,-0.678522,0.075219,-0.031244,0.730051,1.535865,0.313841,0.388892,0.114762,0.144115,-0.388001,0.067428,0.995411,-0.067901,0.000000,0.000000,0.000000,-1,0.202744,1.194870,-0.457123,1.447859,-0.689896,0.331196,74.360016,243.471878,-564.269958,0,0
4.200000,0.587558,-1.433690,0.452524,0.988622,-0.129945,-0.075764,-0.059760,0.122920,-0.990616,0.138039,0.983872,0.113756,-0.661805,0.071662,-0.023524,0.745872,1.549062,-1.165156,0.219598,0.136516,0.219132,-0.297529,0.075764,0.990616,-0.113756,0.000000,0.000000,0.000000,-1,0.208618,1.014557,-0.035599,1.682583,-2.106035,0.104574,72.953674,239.604462,-566.951416,0,0
4.240000,0.329042,-1.357307,0.301633,0.997445,-0.020401,-0.068463,-0.062943,0.202305,-0.977298,0.033788,0.979110,0.200504,-0.631394,0.033000,0.013730,0.774638,1.453321,-2.257465,0.300073,0.095142,0.038068,0.345722,0.068463,0.977298,-0.200505,0.000000,0.000000,0.000000,-1,0.063019,0.969269,0.340958,1.336806,-0.663829,0.170030,70.492584,238.549713,-568.962463,0,0
4.280000,0.282069,-1.307311,0.274104,0.997368,0.001283,-0.072494,-0.070499,0.250724,-0.965488,0.016938,0.968058,0.250155,-0.611655,0.028291,0.022707,0.790292,0.860645,0.755217,0.215608,-0.031997,-0.051914,0.549334,0.072494,0.965488,-0.250155,0.000000,0.000000,0.000000,-1,0.018234,0.917908,0.085358,0.249043,0.956051,0.077580,70.492584,236.088623,-570.303162,0,0
