0.000000,-1.188218,-0.042270,0.004058,0.373152,0.040717,0.926876,-0.004054,0.999099,-0.042258,-0.927761,0.012011,0.372980,-0.016377,-0.559680,0.013511,0.828437,0.069667,0.092087,0.094371,-0.012149,-0.004523,0.007914,-0.926876,0.042258,-0.372980,0.000000,0.000000,0.000000,-1,-0.936340,0.029678,-0.366806,0.051576,0.091793,0.077024,-18.106567,204.446060,-563.599609,0,0
0.040000,-1.186080,-0.043190,0.007253,0.374996,0.042741,0.926041,-0.007246,0.999041,-0.043176,-0.926998,0.009481,0.374946,-0.015880,-0.558816,0.015075,0.829003,0.083450,0.080341,0.084716,-0.005463,-0.015543,0.006706,-0.926041,0.043176,-0.374946,0.000000,0.000000,0.000000,-1,-0.919968,0.040817,-0.382233,0.052652,0.103354,0.067385,-17.754990,205.852402,-563.264465,0,0
0.080000,-1.183341,-0.043988,0.010382,0.377390,0.044635,0.924978,-0.010372,0.998979,-0.043974,-0.925996,0.007002,0.377468,-0.015359,-0.557701,0.016574,0.829734,0.074995,0.106751,0.077222,0.003866,-0.006880,0.002834,-0.924978,0.043974,-0.377468,0.000000,0.000000,0.000000,-1,-0.931274,0.056961,-0.401749,0.045305,0.143544,0.060899,-18.985519,205.676605,-562.426514,0,0
0.120000,-1.177157,-0.045974,0.014258,0.382908,0.047907,0.922543,-0.014243,0.998842,-0.045958,-0.923677,0.004458,0.383147,-0.015160,-0.555155,0.018688,0.831399,0.071939,0.151260,0.079211,-0.008731,0.011003,-0.018602,-0.922543,0.045958,-0.383147,0.000000,0.000000,0.000000,-1,-0.912445,0.073639,-0.401825,0.048519,0.141524,0.071535,-18.809738,204.446060,-563.264465,0,0
0.160000,-1.169064,-0.050226,0.019370,0.390045,0.053773,0.919224,-0.019344,0.998552,-0.050205,-0.920592,0.001800,0.390520,-0.015598,-0.551812,0.021930,0.833534,0.069777,0.131262,0.092096,0.000325,0.034054,-0.014219,-0.919224,0.050205,-0.390520,0.000000,0.000000,0.000000,-1,-0.936554,0.050079,-0.407944,0.024972,0.098134,0.075076,-17.930771,205.676605,-563.096863,0,0
0.200000,-1.165430,-0.052850,0.022684,0.393152,0.057477,0.917675,-0.022651,0.998347,-0.052826,-0.919194,-0.000017,0.393804,-0.015821,-0.550316,0.024006,0.834461,0.042829,0.021130,0.093784,-0.018879,-0.002746,-0.014139,-0.917675,0.052826,-0.393804,0.000000,0.000000,0.000000,-1,-0.926971,0.030731,-0.377487,0.011933,0.006052,0.081915,-17.754990,204.797653,-562.594116,0,0
0.240000,-1.165254,-0.055946,0.026443,0.393021,0.061794,0.917451,-0.026399,0.998086,-0.055916,-0.919151,-0.002243,0.393900,-0.016081,-0.550265,0.026423,0.834417,0.054524,0.017918,0.090507,-0.009154,-0.039712,0.002664,-0.917451,0.055916,-0.393900,0.000000,0.000000,0.000000,-1,-0.917358,0.012421,-0.410812,0.046071,0.032472,0.076224,-18.282364,205.676605,-563.432007,0,0
0.280000,-1.164102,-0.056673,0.029880,0.393845,0.063818,0.916959,-0.029827,0.997949,-0.056643,-0.918693,-0.005042,0.394941,-0.015455,-0.549810,0.028048,0.834676,0.107827,0.036999,0.093213,0.006543,-0.043108,-0.018161,-0.916959,0.056643,-0.394941,0.000000,0.000000,0.000000,-1,-0.904480,0.020386,-0.410309,0.129194,0.052624,0.080831,-18.809738,206.555573,-562.594116,0,0
0.320000,-1.161517,-0.056851,0.037109,0.395740,0.066856,0.915926,-0.037040,0.997697,-0.056821,-0.917615,-0.011440,0.397305,-0.013583,-0.548783,0.031096,0.835276,0.182390,0.045476,0.094728,0.007006,-0.031567,-0.010562,-0.915926,0.056821,-0.397305,0.000000,0.000000,0.000000,-1,-0.924103,0.043777,-0.411407,0.168598,0.054743,0.081582,-19.161316,206.907150,-562.929260,0,0
0.360000,-1.158648,-0.057203,0.047820,0.397616,0.071473,0.914764,-0.047724,0.997223,-0.057172,-0.916310,-0.020923,0.399923,-0.010842,-0.547650,0.035650,0.835877,0.187673,0.027520,0.100079,-0.006196,0.009127,-0.003855,-0.914764,0.057172,-0.399923,0.000000,0.000000,0.000000,-1,-0.922531,0.077042,-0.410995,0.155762,0.032533,0.084961,-19.337112,205.325027,-562.091309,0,0
0.400000,-1.157473,-0.058185,0.053787,0.398211,0.074772,0.914241,-0.053670,0.996864,-0.058152,-0.915722,-0.025910,0.400976,-0.009641,-0.547192,0.038406,0.836070,0.158904,0.018025,0.103536,-0.008626,0.023787,-0.008998,-0.914241,0.058152,-0.400976,0.000000,0.000000,0.000000,-1,-0.923325,0.081863,-0.412613,0.123752,0.008201,0.087431,-18.985519,204.621857,-563.432007,0,0
0.440000,-1.156940,-0.059707,0.059161,0.398209,0.078315,0.913945,-0.059021,0.996472,-0.059671,-0.915394,-0.030181,0.401426,-0.008818,-0.547000,0.041066,0.836078,0.146038,-0.008479,0.100542,-0.009379,0.022192,-0.011186,-0.913945,0.059671,-0.401426,0.000000,0.000000,0.000000,-1,-0.923599,0.058167,-0.397980,0.097004,-0.023695,0.073909,-18.633942,206.731354,-561.756165,0,0
0.480000,-1.159850,-0.061057,0.067536,0.394791,0.082770,0.915035,-0.067359,0.995861,-0.061019,-0.916298,-0.037547,0.398732,-0.007027,-0.548256,0.044945,0.835073,0.107486,-0.081814,0.070234,-0.007877,-0.017531,0.011068,-0.915035,0.061019,-0.398732,0.000000,0.000000,0.000000,-1,-0.922211,0.043732,-0.379700,0.075491,-0.081050,0.056180,-19.864487,205.500809,-561.588562,0,0
0.520000,-1.163364,-0.060688,0.070870,0.391315,0.083605,0.916451,-0.070681,0.995653,-0.060650,-0.917538,-0.041042,0.395524,-0.005878,-0.549731,0.046246,0.834040,0.079827,-0.075449,0.071482,-0.003211,-0.016415,0.016556,-0.916451,0.060650,-0.395524,0.000000,0.000000,0.000000,-1,-0.937424,0.096191,-0.390350,0.037247,-0.057681,0.062781,-17.930771,207.082947,-562.091309,0,0
0.560000,-1.166913,-0.063438,0.073963,0.387610,0.087175,0.917692,-0.073747,0.995260,-0.063395,-0.918869,-0.043104,0.392201,-0.006090,-0.551237,0.048300,0.832927,0.023350,-0.085032,0.065569,-0.019731,0.032796,0.001851,-0.917692,0.063395,-0.392201,0.000000,0.000000,0.000000,-1,-0.935303,0.085022,-0.374435,-0.016106,-0.072761,0.034488,-19.512909,207.610321,-560.918213,0,0
0.600000,-1.173740,-0.067391,0.075770,0.380895,0.091196,0.920110,-0.075526,0.994867,-0.067340,-0.921529,-0.043843,0.385827,-0.007070,-0.554109,0.050163,0.830901,0.029622,-0.121076,0.063533,-0.005183,-0.011462,0.016763,-0.920110,0.067340,-0.385827,0.000000,0.000000,0.000000,-1,-0.921707,0.036148,-0.389114,0.006146,-0.122389,0.051547,-19.688690,207.082947,-561.085815,0,0
0.640000,-1.177706,-0.066395,0.077760,0.377126,0.090856,0.921695,-0.077510,0.994782,-0.066346,-0.922913,-0.046420,0.382201,-0.006003,-0.555755,0.050727,0.829775,0.066824,-0.143327,0.063315,-0.001584,-0.031007,-0.010301,-0.921695,0.066346,-0.382201,0.000000,0.000000,0.000000,-1,-0.914139,0.041534,-0.368698,0.079432,-0.168108,0.034104,-18.633942,209.192444,-560.750610,0,0
0.680000,-1.184359,-0.065984,0.082536,0.370573,0.091938,0.924242,-0.082263,0.994427,-0.065936,-0.925153,-0.051597,0.376071,-0.004331,-0.558521,0.052609,0.827809,0.132657,-0.190093,0.046996,0.006945,-0.018176,0.014667,-0.924242,0.065936,-0.376071,0.000000,0.000000,0.000000,-1,-0.927460,0.053482,-0.360397,0.100787,-0.147989,0.033863,-18.282364,208.840866,-560.750610,0,0
0.720000,-1.192226,-0.065936,0.088836,0.362703,0.093771,0.927175,-0.088527,0.993892,-0.065888,-0.927690,-0.058182,0.368789,-0.002334,-0.561783,0.055213,0.825437,0.093373,-0.148829,0.041819,-0.011225,0.015182,0.004928,-0.927175,0.065888,-0.368789,0.000000,0.000000,0.000000,-1,-0.933777,0.094055,-0.370239,0.054997,-0.140672,0.022473,-16.524445,208.489273,-559.745117,0,0
0.760000,-1.196358,-0.066053,0.091115,0.358644,0.094456,0.928683,-0.090790,0.993680,-0.066005,-0.929049,-0.060643,0.364953,-0.001626,-0.563490,0.056189,0.824208,0.050781,-0.133118,0.021849,-0.003445,0.028249,-0.006858,-0.928683,0.066005,-0.364953,0.000000,0.000000,0.000000,-1,-0.928452,0.093369,-0.377319,-0.002481,-0.106032,-0.012367,-18.809738,207.961899,-559.912659,0,0
0.800000,-1.200806,-0.066461,0.091703,0.354416,0.094772,0.930273,-0.091373,0.993600,-0.066412,-0.930613,-0.061464,0.360808,-0.001503,-0.565326,0.056550,0.822925,-0.023784,-0.114369,-0.013860,-0.003382,0.027521,-0.021119,-0.930515,0.067064,-0.360061,0.000000,0.000000,0.000000,-1,-0.935715,0.102524,-0.386032,-0.085628,-0.114750,-0.040453,-19.688690,207.786118,-559.409912,0,0
0.840000,-1.205432,-0.067006,0.089124,0.350306,0.094089,0.931898,-0.088806,0.993796,-0.066956,-0.932416,-0.059303,0.356488,-0.002328,-0.567231,0.055647,0.821674,-0.076043,-0.125142,-0.034717,-0.003726,0.034683,-0.025119,-0.931898,0.066956,-0.356488,0.000000,0.000000,0.000000,-1,-0.931763,0.096832,-0.367859,-0.103786,-0.123337,-0.053064,-19.161316,208.313492,-560.247864,0,0
0.880000,-1.209615,-0.069082,0.086052,0.346522,0.094706,0.933249,-0.085740,0.993923,-0.069028,-0.934115,-0.056098,0.352537,-0.003940,-0.568961,0.054980,0.820515,-0.059046,-0.134691,-0.036929,0.002722,0.024112,-0.010684,-0.933249,0.069028,-0.352537,0.000000,0.000000,0.000000,-1,-0.934128,0.082458,-0.330612,-0.077227,-0.146605,-0.048922,-18.633942,207.082947,-558.739563,0,0
0.920000,-1.216643,-0.069883,0.083520,0.340124,0.094195,0.935651,-0.083220,0.994082,-0.069826,-0.936691,-0.054115,0.345950,-0.004798,-0.571841,0.054185,0.818559,-0.053834,-0.170708,-0.036827,0.001523,0.012632,0.015338,-0.935651,0.069826,-0.345950,0.000000,0.000000,0.000000,-1,-0.928177,0.064850,-0.313995,-0.095410,-0.167852,-0.056158,-18.809738,206.907150,-560.247864,0,0
0.960000,-1.226019,-0.069398,0.079346,0.331750,0.091846,0.938886,-0.079072,0.994454,-0.069343,-0.940048,-0.051235,0.337173,-0.005548,-0.575658,0.052365,0.815993,-0.082529,-0.149561,-0.040944,0.008862,-0.007896,0.023330,-0.938885,0.069343,-0.337173,0.000000,0.000000,0.000000,-1,-0.932236,0.059219,-0.319717,-0.109137,-0.130769,-0.055126,-17.579193,207.082947,-559.074707,0,0
1.000000,-1.230488,-0.068898,0.076509,0.327841,0.090218,0.940416,-0.076253,0.994709,-0.068843,-0.941651,-0.049140,0.332985,-0.006045,-0.577469,0.051078,0.814791,-0.086673,-0.111434,-0.041056,0.008180,-0.009624,0.013268,-0.940416,0.068843,-0.332985,0.000000,0.000000,0.000000,-1,-0.941833,0.076111,-0.325623,-0.121794,-0.089479,-0.057313,-18.633942,208.840866,-558.739563,0,0
1.040000,-1.235064,-0.068728,0.072221,0.323923,0.088444,0.941940,-0.071988,0.995039,-0.068674,-0.943341,-0.045563,0.328683,-0.007102,-0.579317,0.049298,0.813579,-0.107957,-0.104055,-0.045179,-0.005356,0.012549,0.003731,-0.941940,0.068674,-0.328682,0.000000,0.000000,0.000000,-1,-0.955307,0.086792,-0.317963,-0.152736,-0.106467,-0.062336,-18.458145,207.961899,-559.242310,0,0
1.080000,-1.242699,-0.070114,0.065021,0.317253,0.087117,0.944331,-0.064816,0.995435,-0.070056,-0.946124,-0.038982,0.321451,-0.009573,-0.582394,0.046806,0.811501,-0.147433,-0.125286,-0.050112,-0.012731,0.010495,0.009058,-0.944331,0.070056,-0.321451,0.000000,0.000000,0.000000,-1,-0.953247,0.071365,-0.313202,-0.175101,-0.111718,-0.057881,-16.700226,207.258728,-559.242310,0,0
1.120000,-1.247070,-0.070384,0.060338,0.313502,0.085734,0.945709,-0.060152,0.995709,-0.070326,-0.947681,-0.034839,0.317314,-0.010948,-0.584143,0.045008,0.810328,-0.147351,-0.109274,-0.036323,-0.006302,-0.002043,0.005195,-0.945709,0.070326,-0.317314,0.000000,0.000000,0.000000,-1,-0.953613,0.060059,-0.310379,-0.161216,-0.104228,-0.049495,-17.930771,207.434525,-559.074707,0,0
1.160000,-1.250939,-0.070137,0.056063,0.310209,0.084039,0.946946,-0.055896,0.995974,-0.070079,-0.949024,-0.031191,0.313658,-0.012013,-0.585685,0.043228,0.809296,-0.130324,-0.113507,-0.035378,-0.006667,-0.010021,0.003279,-0.946946,0.070079,-0.313658,0.000000,0.000000,0.000000,-1,-0.949921,0.057922,-0.290771,-0.153722,-0.088373,-0.052808,-17.227600,207.434525,-558.404419,0,0
1.200000,-1.259131,-0.068899,0.047723,0.303169,0.080082,0.949566,-0.047592,0.996492,-0.068845,-0.951748,-0.024320,0.305917,-0.013792,-0.588941,0.039547,0.807090,-0.139851,-0.095509,-0.035381,-0.002933,-0.010373,0.018410,-0.949566,0.068845,-0.305917,0.000000,0.000000,0.000000,-1,-0.955780,0.059769,-0.281158,-0.169719,-0.096842,-0.052652,-17.227600,207.082947,-558.739563,0,0
1.240000,-1.264007,-0.068597,0.042997,0.298912,0.078264,0.951066,-0.042883,0.996726,-0.068543,-0.953317,-0.020296,0.301289,-0.014970,-0.590873,0.037588,0.805749,-0.151656,-0.115756,-0.048000,-0.009429,-0.004975,0.022038,-0.951066,0.068543,-0.301289,0.000000,0.000000,0.000000,-1,-0.971329,0.064957,-0.277313,-0.167696,-0.117134,-0.070702,-18.106567,206.907150,-557.901611,0,0
1.280000,-1.269443,-0.068000,0.038259,0.294114,0.076191,0.952729,-0.038162,0.996959,-0.067947,-0.955008,-0.016373,0.296127,-0.016032,-0.593026,0.035547,0.804239,-0.143184,-0.123269,-0.057627,-0.018600,-0.002991,0.018814,-0.952729,0.067947,-0.296127,0.000000,0.000000,0.000000,-1,-0.958191,0.064362,-0.282303,-0.175120,-0.107599,-0.070681,-17.051819,204.094482,-557.566406,0,0
1.320000,-1.277853,-0.066671,0.028293,0.286852,0.071927,0.955271,-0.028226,0.997379,-0.066622,-0.957559,-0.007853,0.288130,-0.018321,-0.596321,0.031223,0.801929,-0.155893,-0.088460,-0.072577,0.001383,-0.009325,-0.000307,-0.955271,0.066622,-0.288130,0.000000,0.000000,0.000000,-1,-0.965057,0.038101,-0.302933,-0.175039,-0.064362,-0.091084,-16.876022,206.028198,-558.069214,0,0
1.360000,-1.279690,-0.063707,0.021529,0.285633,0.067150,0.955984,-0.021483,0.997740,-0.063664,-0.958098,-0.002353,0.286430,-0.019123,-0.597009,0.027645,0.801530,-0.162216,-0.058895,-0.083301,-0.012949,-0.023518,-0.030480,-0.955984,0.063664,-0.286430,0.000000,0.000000,0.000000,-1,-0.974106,0.071106,-0.299393,-0.186840,-0.087729,-0.098363,-17.051819,206.555573,-558.571960,0,0
1.400000,-1.281785,-0.062685,0.016229,0.283992,0.064664,0.956644,-0.016197,0.997904,-0.062644,-0.958690,0.002296,0.284445,-0.020269,-0.597802,0.025238,0.800990,-0.151697,-0.096022,-0.089636,-0.015997,0.012536,-0.005305,-0.956644,0.062644,-0.284445,0.000000,0.000000,0.000000,-1,-0.974060,0.064804,-0.288971,-0.151756,-0.090024,-0.116736,-17.930771,207.082947,-559.409912,0,0
1.440000,-1.286663,-0.058754,0.009219,0.279794,0.058947,0.958249,-0.009203,0.998232,-0.058720,-0.960016,0.007611,0.279842,-0.020737,-0.599708,0.021306,0.799667,-0.083688,-0.125857,-0.108166,0.000073,-0.020878,-0.020726,-0.958249,0.058720,-0.279842,0.000000,0.000000,0.000000,-1,-0.945923,0.035904,-0.302200,-0.089062,-0.127158,-0.122410,-16.524445,206.731354,-558.069214,0,0
1.480000,-1.290402,-0.053271,0.006779,0.276382,0.053041,0.959583,-0.006769,0.998559,-0.053246,-0.961024,0.008220,0.276342,-0.019241,-0.601214,0.018723,0.798637,0.006759,-0.155602,-0.119413,0.020740,-0.022392,-0.032694,-0.959583,0.053246,-0.276342,0.000000,0.000000,0.000000,-1,-0.939575,0.034302,-0.305130,0.009818,-0.157026,-0.143306,-15.645477,205.500809,-558.571960,0,0
1.520000,-1.292349,-0.050116,0.006652,0.274537,0.049993,0.960276,-0.006643,0.998722,-0.050095,-0.961554,0.007374,0.274518,-0.018002,-0.602011,0.017741,0.798088,0.035458,-0.164163,-0.129195,0.020701,-0.015794,-0.030612,-0.960276,0.050095,-0.274518,0.000000,0.000000,0.000000,-1,-0.947647,0.046310,-0.293137,0.042772,-0.171892,-0.146702,-15.645477,204.446060,-556.225708,0,0
1.560000,-1.301115,-0.041074,0.009489,0.266036,0.042104,0.963043,-0.009481,0.999112,-0.041062,-0.963916,0.001794,0.266199,-0.013468,-0.605573,0.016211,0.795510,0.110839,-0.236177,-0.128445,0.019943,0.005233,-0.018316,-0.963043,0.041062,-0.266199,0.000000,0.000000,0.000000,-1,-0.926544,0.044174,-0.276291,0.079861,-0.236440,-0.139290,-16.348648,203.742889,-557.901611,0,0
1.600000,-1.306901,-0.037073,0.011306,0.260422,0.038728,0.964718,-0.011298,0.999249,-0.037065,-0.965429,-0.001247,0.260664,-0.011281,-0.607899,0.015756,0.793778,0.077879,-0.219225,-0.129316,0.040600,0.011031,-0.016772,-0.964718,0.037065,-0.260664,0.000000,0.000000,0.000000,-1,-0.948318,0.071289,-0.297424,0.004415,-0.171981,-0.157057,-14.414932,206.379776,-556.393311,0,0
1.640000,-1.310627,-0.034129,0.011351,0.256853,0.035892,0.965784,-0.011344,0.999353,-0.034122,-0.966384,-0.002191,0.257094,-0.010071,-0.609386,0.014898,0.792670,0.011924,-0.182315,-0.149177,0.017465,0.037167,-0.040330,-0.965784,0.034122,-0.257094,0.000000,0.000000,0.000000,-1,-0.983215,0.036026,-0.285477,-0.026664,-0.222989,-0.175801,-14.063354,204.621857,-556.728516,0,0
1.680000,-1.317565,-0.029326,0.009829,0.250242,0.030848,0.967692,-0.009825,0.999522,-0.029322,-0.968133,-0.002170,0.250425,-0.008586,-0.612139,0.012861,0.790599,-0.005362,-0.255476,-0.159415,-0.015524,0.006704,-0.035051,-0.967692,0.029322,-0.250425,0.000000,0.000000,0.000000,-1,-0.986450,0.024261,-0.270340,-0.055347,-0.207036,-0.169246,-14.239136,204.094482,-556.896118,0,0
1.720000,-1.328379,-0.021174,0.005393,0.239935,0.021848,0.970543,-0.005392,0.999761,-0.021173,-0.970774,-0.000153,0.239996,-0.006674,-0.616407,0.008649,0.787352,-0.047649,-0.167414,-0.144503,-0.007500,0.009162,-0.040415,-0.970543,0.021173,-0.239996,0.000000,0.000000,0.000000,-1,-0.964798,0.021393,-0.274185,-0.060618,-0.197414,-0.159654,-14.063354,204.621857,-556.393311,0,0
1.760000,-1.333659,-0.017280,0.003279,0.234865,0.017566,0.971869,-0.003279,0.999845,-0.017280,-0.972022,0.000872,0.234886,-0.005775,-0.618485,0.006632,0.785747,-0.031825,-0.217184,-0.143373,0.007071,0.004113,-0.039299,-0.971869,0.017280,-0.234886,0.000000,0.000000,0.000000,-1,-0.975616,0.023239,-0.261581,-0.053171,-0.202672,-0.155430,-13.711761,204.621857,-556.058167,0,0
1.800000,-1.342882,-0.010947,0.000472,0.225941,0.010770,0.974081,-0.000472,0.999940,-0.010947,-0.974141,0.002013,0.225933,-0.004138,-0.622107,0.003590,0.782913,-0.011537,-0.199156,-0.141466,0.008612,0.007837,-0.032109,-0.974081,0.010947,-0.225933,0.000000,0.000000,0.000000,-1,-0.957214,0.017197,-0.255600,-0.027551,-0.182535,-0.153574,-13.887558,205.149231,-556.560913,0,0
1.840000,-1.346884,-0.005601,-0.000338,0.222048,0.005386,0.975021,0.000338,0.999984,-0.005601,-0.975036,0.001573,0.222043,-0.002294,-0.623677,0.001614,0.781677,0.023816,-0.139699,-0.127049,0.056610,-0.006760,-0.027530,-0.975021,0.005601,-0.222043,0.000000,0.000000,0.000000,-1,-0.901260,-0.004410,-0.249634,0.011073,-0.106050,-0.128592,-14.590729,204.446060,-555.220215,0,0
1.880000,-1.351156,0.000125,0.000162,0.217879,-0.000087,0.975976,-0.000162,1.000000,0.000125,-0.975976,-0.000185,0.217879,0.000099,-0.625348,0.000024,0.780346,0.023017,-0.084253,-0.087834,0.068841,-0.004163,-0.035920,-0.975976,-0.000125,-0.217879,0.000000,0.000000,0.000000,-1,-0.910202,-0.001251,-0.252045,-0.023909,-0.080336,-0.097523,-11.602264,204.270279,-556.728516,0,0
1.920000,-1.353246,0.002231,-0.000900,0.215836,-0.002373,0.976427,0.000900,0.999997,0.002231,-0.976429,0.000397,0.215838,0.000588,-0.626163,-0.001049,0.779691,-0.048417,-0.123339,-0.078611,0.060869,0.006275,-0.030851,-0.976427,-0.002231,-0.215838,0.000000,0.000000,0.000000,-1,-0.953018,0.009598,-0.231461,-0.084759,-0.134327,-0.095784,-12.305435,203.918686,-555.722961,0,0
1.960000,-1.357812,0.004288,-0.003368,0.211362,-0.004903,0.977396,0.003368,0.999985,0.004288,-0.977402,0.002386,0.211375,0.000611,-0.627943,-0.002657,0.778255,-0.074132,-0.167915,-0.088898,0.004282,0.013138,-0.015385,-0.977396,-0.004288,-0.211375,0.000000,0.000000,0.000000,-1,-1.018585,0.001816,-0.218872,-0.116824,-0.172478,-0.098588,-11.602264,204.270279,-554.047119,0,0
2.000000,-1.362966,0.005993,-0.006516,0.206294,-0.007208,0.978463,0.006516,0.999961,0.005993,-0.978468,0.005139,0.206333,0.000275,-0.629947,-0.004418,0.776625,-0.101818,-0.177341,-0.077993,-0.040122,0.007809,-0.012539,-0.978463,-0.005993,-0.206333,0.000000,0.000000,0.000000,-1,-1.003265,-0.003937,-0.217804,-0.135852,-0.143689,-0.078307,-11.426468,202.688141,-553.879517,0,0
2.040000,-1.370098,0.007780,-0.012029,0.199247,-0.010021,0.979898,0.012028,0.999897,0.007780,-0.979875,0.010237,0.199347,-0.000793,-0.632713,-0.007119,0.774353,-0.074973,-0.128331,-0.046425,-0.011435,0.003675,-0.018899,-0.979898,-0.007780,-0.199347,0.000000,0.000000,0.000000,-1,-0.970673,-0.006104,-0.208191,-0.079300,-0.120215,-0.058592,-12.305435,202.160767,-554.717407,0,0
2.080000,-1.375070,0.009176,-0.013776,0.194337,-0.011679,0.980865,0.013775,0.999863,0.009176,-0.980838,0.011728,0.194471,-0.000826,-0.634637,-0.008235,0.772766,-0.013252,-0.141035,-0.044725,0.016724,0.002234,-0.007800,-0.980865,-0.009176,-0.194471,0.000000,0.000000,0.000000,-1,-0.946762,-0.011856,-0.178406,-0.019769,-0.146757,-0.064281,-11.250687,203.918686,-555.387817,0,0
2.120000,-1.381081,0.011240,-0.013924,0.188408,-0.013663,0.981996,0.013923,0.999840,0.011240,-0.981992,0.011555,0.188568,-0.000102,-0.636958,-0.008947,0.770846,0.020737,-0.157058,-0.058778,0.035234,-0.000616,0.010162,-0.981996,-0.011240,-0.188568,0.000000,0.000000,0.000000,-1,-0.961075,-0.028488,-0.172211,-0.012301,-0.128902,-0.080386,-10.899094,203.215515,-553.711914,0,0
2.160000,-1.387983,0.014932,-0.014335,0.181567,-0.017287,0.983227,0.014333,0.999786,0.014931,-0.983274,0.011382,0.181776,0.001155,-0.639618,-0.010285,0.768624,-0.019592,-0.114675,-0.057562,-0.000523,-0.017936,0.011595,-0.983227,-0.014931,-0.181776,0.000000,0.000000,0.000000,-1,-0.988617,-0.023010,-0.164261,-0.046219,-0.088528,-0.067490,-11.250687,202.863937,-555.052612,0,0
2.200000,-1.390839,0.016162,-0.015008,0.178729,-0.018585,0.983723,0.015005,0.999757,0.016162,-0.983784,0.011873,0.178964,0.001397,-0.640715,-0.010939,0.767699,-0.004464,-0.060448,-0.034445,-0.005779,0.001391,0.015283,-0.983723,-0.016162,-0.178964,0.000000,0.000000,0.000000,-1,-1.003708,-0.001816,-0.160278,-0.006535,-0.017299,-0.038236,-12.481216,202.688141,-554.214661,0,0
2.240000,-1.392595,0.016842,-0.014519,0.177000,-0.019146,0.984025,0.014516,0.999753,0.016841,-0.984104,0.011303,0.177234,0.001805,-0.641389,-0.010970,0.767136,0.023346,-0.021230,-0.030544,-0.026840,0.020183,0.018589,-0.984025,-0.016841,-0.177234,0.000000,0.000000,0.000000,-1,-1.009811,0.007004,-0.158340,-0.000191,-0.020606,-0.052122,-11.602264,202.160767,-553.711914,0,0
2.280000,-1.394275,0.018048,-0.014110,0.175337,-0.020243,0.984300,0.014107,0.999738,0.018047,-0.984407,0.010721,0.175577,0.002389,-0.642033,-0.011202,0.766592,-0.014965,-0.018006,-0.025995,0.000597,0.016506,0.010706,-0.984300,-0.018047,-0.175577,0.000000,0.000000,0.000000,-1,-0.984985,-0.004318,-0.167236,-0.052245,0.008122,-0.039042,-11.778061,202.336563,-554.214661,0,0
2.320000,-1.394256,0.017948,-0.014930,0.175341,-0.020288,0.984299,0.014928,0.999727,0.017947,-0.984395,0.011546,0.175596,0.002087,-0.642026,-0.011484,0.766594,-0.016923,0.034999,-0.020848,-0.007019,0.012957,0.006803,-0.984299,-0.017947,-0.175596,0.000000,0.000000,0.000000,-1,-0.996628,-0.007111,-0.165176,-0.015944,0.036759,-0.034104,-11.778061,202.336563,-553.209167,0,0
2.360000,-1.394593,0.017754,-0.014840,0.175014,-0.020078,0.984361,0.014837,0.999732,0.017753,-0.984454,0.011498,0.175265,0.002040,-0.642155,-0.011388,0.766487,0.008503,-0.006321,-0.020884,-0.010207,0.009422,0.017504,-0.984361,-0.017753,-0.175265,0.000000,0.000000,0.000000,-1,-0.999451,-0.014252,-0.124222,-0.024692,-0.039497,-0.033751,-11.953842,202.160767,-553.711914,0,0
2.400000,-1.400808,0.018030,-0.014825,0.168888,-0.020275,0.985427,0.014822,0.999728,0.018029,-0.985524,0.011561,0.169143,0.002115,-0.644534,-0.011477,0.764487,-0.000233,-0.080454,-0.017340,-0.023149,0.002846,0.056655,-0.985427,-0.018029,-0.169143,0.000000,0.000000,0.000000,-1,-1.003220,-0.024582,-0.099350,-0.020547,-0.080765,-0.029367,-13.184387,202.336563,-553.544312,0,0
2.440000,-1.405524,0.018695,-0.014509,0.164236,-0.020824,0.986201,0.014506,0.999720,0.018694,-0.986314,0.011236,0.164492,0.002444,-0.646334,-0.011577,0.762963,0.012564,-0.069914,-0.021740,-0.012487,-0.011244,0.051440,-0.986201,-0.018694,-0.164492,0.000000,0.000000,0.000000,-1,-1.003677,-0.018173,-0.118896,-0.013165,-0.089408,-0.047502,-11.250687,201.457596,-554.047119,0,0
2.480000,-1.410609,0.020436,-0.014332,0.159197,-0.022457,0.986991,0.014329,0.999689,0.020435,-0.987143,0.010889,0.159470,0.003135,-0.648271,-0.012080,0.761307,0.001714,-0.135769,-0.042723,-0.016686,0.002262,0.040573,-0.986991,-0.020435,-0.159470,0.000000,0.000000,0.000000,-1,-1.007034,-0.013931,-0.105896,-0.041089,-0.156275,-0.063015,-12.305435,202.512360,-554.047119,0,0
2.520000,-1.421329,0.022498,-0.015538,0.148548,-0.024556,0.988600,0.015533,0.999626,0.022496,-0.988783,0.012014,0.148874,0.003458,-0.652343,-0.013225,0.757801,-0.025078,-0.181447,-0.056191,-0.019304,0.006428,0.046273,-0.988600,-0.022496,-0.148874,0.000000,0.000000,0.000000,-1,-1.006729,-0.024933,-0.111328,-0.048601,-0.171150,-0.068228,-10.723297,201.984970,-553.879517,0,0
2.560000,-1.429795,0.024145,-0.016410,0.140124,-0.026206,0.989787,0.016405,0.999574,0.024143,-0.989998,0.012854,0.140494,0.003738,-0.655545,-0.014109,0.755015,-0.028197,-0.158144,-0.054125,-0.017659,-0.006069,0.020300,-0.989787,-0.024143,-0.140494,0.000000,0.000000,0.000000,-1,-0.997192,-0.021805,-0.146835,-0.080470,-0.148880,-0.065933,-10.547516,201.457596,-553.376709,0,0
2.600000,-1.435657,0.025600,-0.019000,0.134222,-0.027919,0.990558,0.018993,0.999492,0.025597,-0.990769,0.015378,0.134685,0.003393,-0.657758,-0.015574,0.753060,-0.083562,-0.161266,-0.049421,0.001239,0.006798,-0.017003,-0.990558,-0.025597,-0.134685,0.000000,0.000000,0.000000,-1,-0.989365,-0.021835,-0.153961,-0.101814,-0.166861,-0.063570,-11.426468,202.336563,-553.209167,0,0
2.640000,-1.441891,0.027149,-0.023225,0.127889,-0.029899,0.991338,0.023215,0.999362,0.027146,-0.991517,0.019542,0.128502,0.002531,-0.660108,-0.017682,0.750958,-0.077226,-0.184486,-0.041925,0.006780,0.000519,-0.026177,-0.991338,-0.027146,-0.128502,0.000000,0.000000,0.000000,-1,-0.982651,-0.030960,-0.156662,-0.100744,-0.173127,-0.053967,-11.250687,202.512360,-552.706360,0,0
2.680000,-1.446490,0.027990,-0.025551,0.123237,-0.030929,0.991895,0.025538,0.999282,0.027986,-0.992049,0.021882,0.123938,0.002036,-0.661836,-0.018837,0.749409,-0.068621,-0.161125,-0.035687,0.013517,-0.005278,-0.038644,-0.991895,-0.027986,-0.123938,0.000000,0.000000,0.000000,-1,-0.965424,-0.030746,-0.162598,-0.087808,-0.125410,-0.047854,-10.371719,202.688141,-553.209167,0,0
2.720000,-1.450577,0.029417,-0.028448,0.119051,-0.032600,0.992353,0.028432,0.999163,0.029413,-0.992481,0.024713,0.119878,0.001571,-0.663369,-0.020398,0.748013,-0.024784,-0.103891,-0.031981,0.034406,0.004083,-0.046214,-0.992353,-0.029413,-0.119878,0.000000,0.000000,0.000000,-1,-0.963181,-0.025284,-0.162064,-0.035520,-0.090432,-0.044129,-10.899094,202.512360,-552.706360,0,0
2.760000,-1.450347,0.030130,-0.028759,0.119248,-0.033350,0.992304,0.028742,0.999133,0.030126,-0.992448,0.024929,0.120104,0.001737,-0.663284,-0.020751,0.748078,0.001915,-0.082639,-0.025875,0.022074,-0.000087,-0.040846,-0.992304,-0.030126,-0.120104,0.000000,0.000000,0.000000,-1,-0.965286,-0.025558,-0.154739,-0.031154,-0.062807,-0.034679,-11.426468,201.281815,-552.538818,0,0
2.800000,-1.448830,0.030526,-0.029537,0.120717,-0.033874,0.992109,0.029519,0.999098,0.030521,-0.992248,0.025602,0.121608,0.001643,-0.662717,-0.021172,0.748569,-0.025521,-0.013621,-0.009941,0.029691,0.006611,-0.036763,-0.992109,-0.030521,-0.121608,0.000000,0.000000,0.000000,-1,-0.970428,-0.022202,-0.167297,-0.044742,0.012494,-0.024202,-10.371719,200.578644,-553.209167,0,0
2.840000,-1.444936,0.030229,-0.030306,0.124562,-0.033775,0.991637,0.030287,0.999084,0.030224,-0.991749,0.026269,0.125471,0.001319,-0.661258,-0.021358,0.749853,-0.000975,0.005458,-0.010200,0.018309,0.006772,-0.042421,-0.991637,-0.030224,-0.125471,0.000000,0.000000,0.000000,-1,-0.977707,-0.031952,-0.165527,-0.023441,0.014607,-0.024375,-10.723297,201.633392,-552.873962,0,0
2.880000,-1.440533,0.030556,-0.030629,0.128907,-0.034256,0.991065,0.030610,0.999064,0.030552,-0.991184,0.026398,0.129835,0.001382,-0.659606,-0.021585,0.751300,-0.009418,0.020419,0.001528,0.020499,-0.001141,-0.030444,-0.991065,-0.030552,-0.129835,0.000000,0.000000,0.000000,-1,-0.972717,-0.027740,-0.150497,-0.028667,0.033821,-0.008427,-9.844345,202.160767,-552.371216,0,0
2.920000,-1.437658,0.030198,-0.030358,0.131776,-0.033942,0.990698,0.030340,0.999084,0.030193,-0.990815,0.026079,0.132685,0.001367,-0.658525,-0.021363,0.752254,0.020434,0.023708,0.013003,0.012122,-0.003986,-0.017492,-0.990698,-0.030193,-0.132685,0.000000,0.000000,0.000000,-1,-0.984207,-0.043793,-0.140289,0.003353,0.050858,0.001914,-10.371719,201.633392,-551.868408,0,0
2.960000,-1.435902,0.030916,-0.029443,0.133526,-0.034576,0.990442,0.029425,0.999089,0.030911,-0.990608,0.025016,0.134421,0.001957,-0.657864,-0.021253,0.752834,0.031175,0.051276,0.016006,0.007120,-0.017490,-0.002374,-0.990442,-0.030911,-0.134421,0.000000,0.000000,0.000000,-1,-0.978256,-0.039383,-0.140411,0.007716,0.082660,0.004957,-10.547516,202.160767,-552.371216,0,0
3.000000,-1.431520,0.030764,-0.027331,0.137943,-0.034243,0.989848,0.027315,0.999154,0.030759,-0.990063,0.022794,0.138761,0.002640,-0.656211,-0.020402,0.754297,0.062199,0.093706,0.023061,0.010112,0.001401,-0.002016,-0.989848,-0.030759,-0.138761,0.000000,0.000000,0.000000,-1,-0.981552,-0.029999,-0.148117,0.042945,0.108130,0.010980,-11.250687,201.106018,-552.706360,0,0
3.040000,-1.428133,0.030276,-0.025062,0.141384,-0.033517,0.989387,0.025048,0.999228,0.030271,-0.989638,0.020502,0.142114,0.003233,-0.654929,-0.019381,0.755435,0.077147,0.102237,0.029305,0.006340,-0.002169,-0.006964,-0.989387,-0.030271,-0.142114,0.000000,0.000000,0.000000,-1,-0.981522,-0.028152,-0.149750,0.052571,0.116670,0.018331,-10.547516,201.809189,-551.030518,0,0
3.080000,-1.422341,0.028891,-0.020923,0.147280,-0.031658,0.988588,0.020913,0.999364,0.028887,-0.988874,0.016420,0.147849,0.004115,-0.652732,-0.017353,0.757379,0.083615,0.119292,0.040910,0.007555,0.009981,0.004904,-0.988588,-0.028887,-0.147849,0.000000,0.000000,0.000000,-1,-0.982819,-0.012146,-0.137314,0.062207,0.127337,0.026739,-10.547516,202.512360,-552.706360,0,0
3.120000,-1.419640,0.027264,-0.018172,0.150067,-0.029681,0.988230,0.018164,0.999463,0.027260,-0.988509,0.013860,0.150525,0.004418,-0.651704,-0.015774,0.758297,0.080359,0.101264,0.038877,0.004252,0.015084,0.015042,-0.988230,-0.027260,-0.150525,0.000000,0.000000,0.000000,-1,-0.982895,-0.015625,-0.122330,0.042966,0.102972,0.025914,-11.426468,202.688141,-553.544312,0,0
3.160000,-1.418099,0.025071,-0.015962,0.151690,-0.027202,0.988054,0.015956,0.999558,0.025069,-0.988299,0.011963,0.152057,0.004318,-0.651117,-0.014219,0.758832,0.024913,0.072701,0.042614,0.007799,0.008467,0.031162,-0.988054,-0.025069,-0.152057,0.000000,0.000000,0.000000,-1,-0.995743,-0.025085,-0.117676,-0.002883,0.079702,0.028487,-10.723297,202.336563,-551.533264,0,0
3.200000,-1.417379,0.023109,-0.014361,0.152473,-0.025028,0.987991,0.014356,0.999630,0.023107,-0.988203,0.010661,0.152775,0.004099,-0.650842,-0.012971,0.759091,0.030253,0.081126,0.039345,-0.009797,-0.001582,0.031804,-0.987991,-0.023107,-0.152775,0.000000,0.000000,0.000000,-1,-1.005844,-0.023697,-0.130005,0.016307,0.091309,0.024034,-11.250687,202.512360,-553.041565,0,0
3.240000,-1.416610,0.022544,-0.013323,0.153266,-0.024318,0.987886,0.013319,0.999657,0.022542,-0.988095,0.009703,0.153537,0.004227,-0.650549,-0.012391,0.759352,0.057948,0.089537,0.033772,-0.017958,-0.001155,0.023533,-0.987886,-0.022542,-0.153537,0.000000,0.000000,0.000000,-1,-0.999176,-0.036453,-0.143448,0.065278,0.093365,0.018320,-11.778061,201.633392,-552.873962,0,0
3.280000,-1.413958,0.022763,-0.008550,0.155998,-0.023816,0.987470,0.008548,0.999704,0.022761,-0.987720,0.004890,0.156156,0.005877,-0.649529,-0.010643,0.760240,0.101496,0.061892,0.023945,-0.013705,-0.012441,0.012067,-0.987470,-0.022761,-0.156156,0.000000,0.000000,0.000000,-1,-0.994171,-0.024063,-0.135498,0.067315,0.068936,0.010938,-10.547516,202.512360,-553.041565,0,0
3.320000,-1.412964,0.022864,-0.004598,0.157072,-0.023300,0.987312,0.004596,0.999728,0.022862,-0.987576,0.000947,0.157136,0.007203,-0.649138,-0.009169,0.760581,0.092997,0.066143,0.026122,-0.006859,-0.001201,0.021638,-0.987312,-0.022862,-0.157136,0.000000,0.000000,0.000000,-1,-0.999847,-0.013062,-0.138107,0.068386,0.071054,0.010922,-10.723297,200.930222,-552.538818,0,0
3.360000,-1.412512,0.022167,-0.001681,0.157587,-0.022153,0.987257,0.001680,0.999753,0.022165,-0.987504,-0.001834,0.157585,0.007887,-0.648957,-0.007832,0.760744,0.094025,0.057622,0.021887,-0.012591,0.009104,0.019478,-0.987257,-0.022165,-0.157585,0.000000,0.000000,0.000000,-1,-0.993561,-0.008423,-0.130768,0.062975,0.049784,0.001456,-11.250687,202.160767,-554.047119,0,0
3.400000,-1.412931,0.021159,0.002655,0.157266,-0.020477,0.987344,-0.002655,0.999773,0.021158,-0.987553,-0.005948,0.157175,0.008909,-0.649102,-0.005858,0.760627,0.069372,0.018259,0.004121,-0.006690,0.008935,0.028208,-0.987344,-0.021158,-0.157175,0.000000,0.000000,0.000000,-1,-0.994400,-0.019409,-0.129181,0.024464,0.008280,-0.020462,-12.129639,203.039734,-551.198120,0,0
3.440000,-1.415200,0.021669,0.004853,0.155072,-0.020653,0.987687,-0.004852,0.999753,0.021667,-0.987891,-0.008153,0.154933,0.009810,-0.649952,-0.005198,0.759894,0.027737,-0.004144,-0.012517,-0.006148,-0.002274,0.021800,-0.987687,-0.021667,-0.154933,0.000000,0.000000,0.000000,-1,-0.993515,-0.026993,-0.142410,0.001002,0.001862,-0.027713,-11.426468,202.336563,-553.209167,0,0
3.480000,-1.416329,0.022469,0.005859,0.153982,-0.021298,0.987844,-0.005858,0.999730,0.022467,-0.988056,-0.009246,0.153815,0.010438,-0.650372,-0.005082,0.759527,0.030905,-0.013671,-0.011441,-0.005534,0.001059,0.004127,-0.987844,-0.022467,-0.153815,0.000000,0.000000,0.000000,-1,-0.990860,-0.021927,-0.151169,0.009477,-0.014008,-0.025589,-11.778061,202.688141,-553.544312,0,0
3.520000,-1.417336,0.022866,0.006860,0.153010,-0.021546,0.987990,-0.006859,0.999715,0.022864,-0.988201,-0.010275,0.152819,0.010912,-0.650747,-0.004837,0.759201,0.034047,-0.045420,-0.009229,-0.005022,0.001929,-0.003751,-0.987990,-0.022864,-0.152819,0.000000,0.000000,0.000000,-1,-0.986618,-0.017395,-0.149063,0.009367,-0.052117,-0.023314,-11.778061,201.984970,-551.868408,0,0
3.560000,-1.419070,0.023063,0.007878,0.151320,-0.021605,0.988249,-0.007876,0.999703,0.023061,-0.988454,-0.011273,0.151105,0.011314,-0.651398,-0.004524,0.758638,0.042532,-0.057063,-0.008185,0.001631,0.005666,0.002042,-0.988249,-0.023061,-0.151105,0.000000,0.000000,0.000000,-1,-0.984329,-0.023071,-0.157227,0.029667,-0.030920,-0.021421,-10.195923,203.918686,-553.041565,0,0
3.600000,-1.420911,0.023817,0.011334,0.149582,-0.021854,0.988508,-0.011330,0.999652,0.023815,-0.988684,-0.014762,0.149283,0.012723,-0.652071,-0.003471,0.758043,0.070270,-0.043249,-0.003125,-0.000369,-0.002171,-0.009592,-0.988508,-0.023815,-0.149283,0.000000,0.000000,0.000000,-1,-0.992233,-0.021591,-0.150375,0.047761,-0.037230,-0.016211,-11.426468,203.742889,-551.868408,0,0
3.640000,-1.422600,0.024115,0.014244,0.147979,-0.021743,0.988751,-0.014239,0.999608,0.024113,-0.988888,-0.017647,0.147612,0.013782,-0.652690,-0.002476,0.757496,0.072396,-0.049544,0.003275,-0.002627,0.002155,-0.002504,-0.988751,-0.024113,-0.147612,0.000000,0.000000,0.000000,-1,-0.986084,-0.019836,-0.146408,0.055213,-0.044567,-0.007718,-10.547516,201.809189,-552.706360,0,0
3.680000,-1.424659,0.024188,0.017475,0.146013,-0.021379,0.989052,-0.017469,0.999555,0.024185,-0.989128,-0.020809,0.145575,0.014863,-0.653446,-0.001292,0.756826,0.087313,-0.047409,0.005283,0.005592,0.001053,0.003805,-0.989052,-0.024185,-0.145575,0.000000,0.000000,0.000000,-1,-0.982056,-0.026749,-0.137878,0.061628,-0.033997,-0.009938,-12.129639,203.039734,-551.868408,0,0
3.720000,-1.426657,0.024537,0.020676,0.144112,-0.021305,0.989332,-0.020669,0.999485,0.024535,-0.989345,-0.023984,0.143598,0.016041,-0.654174,-0.000210,0.756174,0.068153,-0.043199,0.002220,0.003050,0.000639,0.000760,-0.989332,-0.024535,-0.143598,0.000000,0.000000,0.000000,-1,-0.987518,-0.024185,-0.145050,0.037102,-0.044602,-0.011839,-10.899094,203.918686,-552.371216,0,0
3.760000,-1.428925,0.024871,0.023218,0.141929,-0.021329,0.989647,-0.023209,0.999421,0.024868,-0.989605,-0.026498,0.141352,0.016999,-0.655008,0.000622,0.755431,0.071309,-0.049624,-0.005238,0.000404,0.002453,0.003916,-0.989647,-0.024868,-0.141352,0.000000,0.000000,0.000000,-1,-0.982391,-0.020691,-0.128448,0.053122,-0.021383,-0.020573,-11.250687,202.160767,-552.706360,0,0
3.800000,-1.430479,0.025190,0.025529,0.140448,-0.021361,0.989858,-0.025518,0.999357,0.025187,-0.989759,-0.028797,0.139813,0.017877,-0.655572,0.001377,0.754920,0.084192,-0.011531,-0.008675,0.007131,0.004389,0.016247,-0.989858,-0.025187,-0.139813,0.000000,0.000000,0.000000,-1,-0.982544,-0.020737,-0.133621,0.050056,0.020983,-0.020708,-10.899094,201.809189,-552.706360,0,0
3.840000,-1.430220,0.025513,0.028320,0.140772,-0.021281,0.989813,-0.028307,0.999274,0.025510,-0.989637,-0.031610,0.140068,0.018914,-0.655445,0.002327,0.755002,0.052326,0.012846,-0.007452,-0.000421,0.007322,-0.009087,-0.989813,-0.025510,-0.140068,0.000000,0.000000,0.000000,-1,-0.988312,-0.011948,-0.145706,0.017037,0.018853,-0.022575,-10.723297,203.039734,-552.873962,0,0
3.880000,-1.429294,0.025234,0.029614,0.141709,-0.020792,0.989690,-0.029601,0.999243,0.025231,-0.989466,-0.032871,0.140986,0.019231,-0.655086,0.002915,0.755304,0.021468,0.019211,-0.007232,0.004537,0.013345,-0.003759,-0.989690,-0.025231,-0.140986,0.000000,0.000000,0.000000,-1,-0.978561,-0.011322,-0.144363,-0.023391,0.029455,-0.022301,-10.899094,203.215515,-551.700867,0,0
3.920000,-1.428531,0.024784,0.029704,0.142452,-0.020309,0.989593,-0.029691,0.999252,0.024781,-0.989356,-0.032912,0.141743,0.019090,-0.654801,0.003104,0.755554,-0.010502,0.013885,-0.011221,0.011032,0.013459,-0.002621,-0.989593,-0.024781,-0.141743,0.000000,0.000000,0.000000,-1,-0.985489,-0.013611,-0.147522,-0.057531,0.013497,-0.031536,-10.723297,201.984970,-550.527710,0,0
3.960000,-1.427730,0.024386,0.028028,0.143199,-0.020129,0.989489,-0.028016,0.999310,0.024383,-0.989297,-0.031213,0.142537,0.018389,-0.654518,0.002609,0.755818,-0.036120,-0.003101,-0.016280,0.004580,0.008987,-0.002544,-0.989489,-0.024383,-0.142537,0.000000,0.000000,0.000000,-1,-0.984421,-0.023087,-0.137390,-0.066078,0.002918,-0.029328,-10.371719,201.984970,-550.192566,0,0
4.000000,-1.427927,0.024482,0.026005,0.142966,-0.020520,0.989515,-0.025995,0.999362,0.024480,-0.989386,-0.029222,0.142342,0.017764,-0.654610,0.001811,0.755756,-0.061645,0.001200,-0.009705,0.004789,-0.000407,0.006386,-0.989515,-0.024480,-0.142342,0.000000,0.000000,0.000000,-1,-0.984360,-0.021866,-0.135529,-0.090524,0.010417,-0.020643,-10.547516,201.809189,-551.700867,0,0
4.040000,-1.428097,0.024152,0.022933,0.142726,-0.020637,0.989547,-0.022924,0.999445,0.024150,-0.989497,-0.026131,0.142174,0.016634,-0.654703,0.000757,0.755703,-0.055233,0.001285,-0.000167,0.003371,0.001979,0.004601,-0.989547,-0.024150,-0.142174,0.000000,0.000000,0.000000,-1,-0.991806,-0.023941,-0.134415,-0.079861,0.009424,-0.013265,-11.426468,203.742889,-551.868408,0,0
4.080000,-1.428781,0.023894,0.020724,0.141998,-0.020713,0.989650,-0.020716,0.999500,0.023891,-0.989650,-0.023894,0.141498,0.015813,-0.654982,0.000001,0.755479,-0.059547,-0.016722,-0.000066,-0.003224,-0.003239,0.007129,-0.989650,-0.023891,-0.141498,0.000000,0.000000,0.000000,-1,-0.991730,-0.034393,-0.127319,-0.086325,-0.013895,-0.015258,-10.547516,202.863937,-552.371216,0,0
4.120000,-1.430371,0.024219,0.018892,0.140392,-0.021330,0.989866,-0.018885,0.999528,0.024216,-0.989916,-0.022094,0.139923,0.015335,-0.655594,-0.000809,0.754958,-0.065958,-0.025189,0.001077,-0.000124,-0.010467,0.017487,-0.989866,-0.024216,-0.139923,0.000000,0.000000,0.000000,-1,-0.988251,-0.035034,-0.125992,-0.090601,-0.022338,-0.011998,-10.020142,203.039734,-552.203613,0,0
4.160000,-1.432783,0.024661,0.016056,0.137950,-0.022212,0.990190,-0.016051,0.999567,0.024659,-0.990309,-0.019295,0.137534,0.014570,-0.656522,-0.002043,0.754164,-0.043608,-0.028378,0.000909,0.003923,-0.011810,0.010505,-0.990190,-0.024659,-0.137534,0.000000,0.000000,0.000000,-1,-0.986450,-0.035721,-0.130432,-0.061836,-0.014950,-0.014379,-11.426468,201.984970,-553.209167,0,0
4.200000,-1.433963,0.025105,0.014734,0.136758,-0.022856,0.990341,-0.014729,0.999576,0.025103,-0.990495,-0.018020,0.136364,0.014302,-0.656973,-0.002695,0.753774,-0.029745,-0.020970,0.000770,0.001358,-0.007673,0.002269,-0.990341,-0.025103,-0.136364,0.000000,0.000000,0.000000,-1,-0.988571,-0.031677,-0.136917,-0.056510,-0.014942,-0.013355,-11.778061,202.688141,-552.538818,0,0
4.240000,-1.434684,0.025211,0.013872,0.136025,-0.023091,0.990436,-0.013867,0.999586,0.025209,-0.990608,-0.017163,0.135649,0.014058,-0.657250,-0.003060,0.753535,-0.028669,-0.020931,0.005021,0.000019,-0.004363,0.000837,-0.990436,-0.025209,-0.135649,0.000000,0.000000,0.000000,-1,-0.984116,-0.027557,-0.138962,-0.051135,-0.003234,-0.007049,-11.250687,203.918686,-552.706360,0,0
