0.000000,0.933869,0.013286,0.005355,0.594663,0.013865,-0.803856,-0.005355,0.999897,0.013286,0.803957,-0.003596,0.594676,0.004726,0.450155,0.005381,0.892922,-0.001445,0.007434,-0.000251,-0.004860,0.001887,0.002665,0.803856,-0.013286,-0.594676,0.000000,0.000000,0.000000,-1,0.800903,-0.012466,-0.587601,-0.002173,-0.093288,0.006827,176.082047,222.989777,-804.116455,0,0
0.040000,0.934323,0.013218,0.005438,0.594296,0.013862,-0.804127,-0.005438,0.999898,0.013218,0.804228,-0.003483,0.594311,0.004676,0.450358,0.005404,0.892819,-0.003566,0.009557,0.000826,-0.001652,0.001224,0.007016,0.804127,-0.013218,-0.594311,0.000000,0.000000,0.000000,-1,0.803253,-0.010193,-0.589264,-0.001111,-0.090109,0.005738,175.556427,222.465912,-804.617432,0,0
0.080000,0.935085,0.012937,0.005576,0.593683,0.013720,-0.804582,-0.005576,0.999901,0.012936,0.804680,-0.003194,0.593700,0.004518,0.450699,0.005404,0.892648,-0.002543,0.010553,-0.000321,0.000456,0.001797,0.003139,0.804582,-0.012936,-0.593700,0.000000,0.000000,0.000000,-1,0.800812,-0.010635,-0.592148,-0.001124,-0.091174,0.002551,175.906830,223.164398,-805.285461,0,0
0.120000,0.935425,0.012674,0.005602,0.593410,0.013525,-0.804787,-0.005602,0.999904,0.012674,0.804881,-0.003013,0.593429,0.004394,0.450851,0.005357,0.892573,-0.003620,0.008427,-0.003491,-0.003944,0.000573,0.003295,0.804787,-0.012674,-0.593429,0.000000,0.000000,0.000000,-1,0.801361,-0.011734,-0.589844,-0.001124,-0.091174,0.002551,176.257248,222.116669,-807.289490,0,0
0.160000,0.935803,0.012541,0.005614,0.593106,0.013426,-0.805013,-0.005613,0.999906,0.012541,0.805105,-0.002919,0.593125,0.004331,0.451020,0.005333,0.892488,-0.003612,0.013730,-0.002452,-0.001622,0.001371,0.004227,0.805013,-0.012541,-0.593125,0.000000,0.000000,0.000000,-1,0.802750,-0.011597,-0.589828,-0.002183,-0.085873,0.002539,175.030807,222.640533,-805.118469,0,0
0.200000,0.936749,0.012232,0.005799,0.592344,0.013289,-0.805576,-0.005798,0.999908,0.012231,0.805665,-0.002574,0.592366,0.004148,0.451442,0.005348,0.892275,-0.007899,0.018964,-0.002486,-0.004581,0.000436,0.003347,0.805576,-0.012231,-0.592366,0.000000,0.000000,0.000000,-1,0.803040,-0.009933,-0.587555,-0.005364,-0.080571,0.003614,177.133286,222.989777,-806.120483,0,0
0.240000,0.937665,0.011869,0.005976,0.591604,0.013104,-0.806122,-0.005976,0.999912,0.011869,0.806207,-0.002205,0.591630,0.003944,0.451851,0.005347,0.892069,-0.004704,0.016847,-0.000385,-0.001831,0.001569,0.005952,0.806122,-0.011869,-0.591630,0.000000,0.000000,0.000000,-1,0.804199,-0.009201,-0.590454,0.001019,-0.084808,0.005690,176.082047,222.989777,-805.786499,0,0
0.280000,0.938267,0.011782,0.006086,0.591118,0.013101,-0.806479,-0.006086,0.999912,0.011782,0.806562,-0.002057,0.591146,0.003879,0.452120,0.005378,0.891933,-0.003626,0.022153,0.002770,-0.001868,0.000720,0.006413,0.806479,-0.011782,-0.591146,0.000000,0.000000,0.000000,-1,0.805679,-0.009415,-0.585022,-0.000029,-0.080563,0.008874,176.607666,223.513641,-805.953491,0,0
0.320000,0.939291,0.011894,0.006173,0.590290,0.013244,-0.807083,-0.006173,0.999910,0.011894,0.807168,-0.002039,0.590319,0.003906,0.452576,0.005444,0.891700,0.003822,0.014737,0.005911,-0.004669,0.001380,0.005221,0.807083,-0.011894,-0.590319,0.000000,0.000000,0.000000,-1,0.804886,-0.010956,-0.582016,0.001047,-0.084797,0.013136,175.731628,221.942047,-807.122498,0,0
0.360000,0.940069,0.012202,0.006307,0.589659,0.013573,-0.807538,-0.006306,0.999906,0.012202,0.807628,-0.002102,0.589689,0.004011,0.452923,0.005575,0.891523,0.005968,0.020045,0.010118,-0.002347,0.002711,0.005964,0.807538,-0.012202,-0.589689,0.000000,0.000000,0.000000,-1,0.807266,-0.011215,-0.585358,0.005312,-0.078433,0.015187,175.906830,222.465912,-806.621460,0,0
0.400000,0.940958,0.012447,0.006433,0.588937,0.013848,-0.808060,-0.006433,0.999902,0.012447,0.808153,-0.002133,0.588968,0.004089,0.453320,0.005688,0.891320,-0.000463,0.017878,0.010133,0.002364,0.000133,0.002893,0.808060,-0.012447,-0.588968,0.000000,0.000000,0.000000,-1,0.811050,-0.010880,-0.582092,0.001062,-0.086911,0.017400,176.432449,224.037491,-806.454468,0,0
0.440000,0.941892,0.012886,0.006661,0.588177,0.014338,-0.808605,-0.006661,0.999895,0.012885,0.808705,-0.002193,0.588210,0.004230,0.453737,0.005891,0.891106,0.008031,0.003039,0.010106,0.001545,0.002174,0.005553,0.808605,-0.012885,-0.588210,0.000000,0.000000,0.000000,-1,0.806015,-0.010788,-0.586517,0.012735,-0.098578,0.014133,176.432449,223.339020,-806.454468,0,0
0.480000,0.942058,0.013188,0.006432,0.588044,0.014448,-0.808700,-0.006431,0.999892,0.013187,0.808803,-0.002554,0.588074,0.004416,0.453810,0.005858,0.891068,0.012253,0.000908,0.002622,-0.002547,0.002003,0.001999,0.808700,-0.013187,-0.588074,0.000000,0.000000,0.000000,-1,0.806442,-0.012466,-0.588913,0.014837,-0.099648,0.007732,175.381226,222.989777,-806.120483,0,0
0.520000,0.942012,0.013350,0.006215,0.588083,0.014452,-0.808671,-0.006215,0.999892,0.013350,0.808776,-0.002825,0.588109,0.004538,0.453789,0.005798,0.891079,0.006929,0.000903,0.000552,-0.002229,0.000884,-0.000804,0.808671,-0.013350,-0.588109,0.000000,0.000000,0.000000,-1,0.805283,-0.013794,-0.586731,0.008444,-0.101773,0.004621,176.607666,222.465912,-807.289490,0,0
0.560000,0.942076,0.013524,0.005931,0.588035,0.014426,-0.808707,-0.005930,0.999891,0.013524,0.808814,-0.003156,0.588057,0.004680,0.453817,0.005711,0.891064,0.006866,0.000848,-0.001641,-0.006216,-0.000011,0.001112,0.808707,-0.013524,-0.588057,0.000000,0.000000,0.000000,-1,0.803268,-0.013794,-0.583984,0.006316,-0.099654,0.003571,176.432449,223.688248,-806.120483,0,0
0.600000,0.942118,0.013671,0.005707,0.588003,0.014413,-0.808730,-0.005707,0.999890,0.013671,0.808838,-0.003423,0.588021,0.004796,0.453835,0.005645,0.891055,0.005806,0.005088,-0.001648,-0.007079,-0.000504,0.002480,0.808730,-0.013671,-0.588021,0.000000,0.000000,0.000000,-1,0.803436,-0.014801,-0.584915,0.008448,-0.092233,0.003514,175.206009,223.164398,-805.953491,0,0
0.640000,0.942287,0.013831,0.005530,0.587869,0.014439,-0.808827,-0.005529,0.999889,0.013831,0.808937,-0.003659,0.587884,0.004907,0.453910,0.005603,0.891017,0.007931,0.008265,-0.002749,-0.005391,-0.000970,0.002969,0.808827,-0.013831,-0.587884,0.000000,0.000000,0.000000,-1,0.807007,-0.012299,-0.585876,0.008443,-0.093295,0.002455,175.556427,222.815155,-804.951477,0,0
0.680000,0.942733,0.013903,0.005192,0.587512,0.014300,-0.809089,-0.005191,0.999890,0.013902,0.809199,-0.003968,0.587522,0.005015,0.454108,0.005469,0.890916,0.002567,0.006040,-0.004854,0.000130,-0.001036,0.002240,0.809089,-0.013902,-0.587522,0.000000,0.000000,0.000000,-1,0.809311,-0.013077,-0.586166,0.006311,-0.095417,0.001425,175.906830,222.815155,-807.289490,0,0
0.720000,0.942945,0.013867,0.004867,0.587346,0.014081,-0.809214,-0.004866,0.999892,0.013867,0.809321,-0.004207,0.587351,0.005072,0.454201,0.005317,0.890869,0.007875,0.000737,-0.005953,-0.003092,0.000958,0.000727,0.809214,-0.013867,-0.587351,0.000000,0.000000,0.000000,-1,0.807495,-0.014053,-0.586365,0.010531,-0.100729,-0.006044,176.257248,221.767441,-805.953491,0,0
0.760000,0.943008,0.013781,0.004471,0.587301,0.013779,-0.809252,-0.004470,0.999895,0.013781,0.809357,-0.004476,0.587301,0.005123,0.454228,0.005121,0.890856,0.006787,-0.000332,-0.012318,-0.001756,-0.000272,0.000936,0.809252,-0.013781,-0.587301,0.000000,0.000000,0.000000,-1,0.807220,-0.011978,-0.584335,0.014778,-0.098612,-0.008228,177.133286,222.989777,-805.118469,0,0
0.800000,0.943243,0.013335,0.003646,0.587123,0.012935,-0.809395,-0.003646,0.999904,0.013335,0.809490,-0.004878,0.587114,0.005111,0.454331,0.004653,0.890806,0.008892,0.003898,-0.018743,-0.002128,0.000319,0.001832,0.809395,-0.013335,-0.587114,0.000000,0.000000,0.000000,-1,0.809570,-0.012909,-0.583420,0.010504,-0.094381,-0.014582,176.432449,222.291290,-806.454468,0,0
0.840000,0.943594,0.012860,0.002838,0.586850,0.012077,-0.809605,-0.002837,0.999913,0.012859,0.809691,-0.005249,0.586834,0.005082,0.454486,0.004186,0.890730,0.011011,0.004956,-0.020899,0.000423,0.001430,0.002285,0.809605,-0.012859,-0.586834,0.000000,0.000000,0.000000,-1,0.808563,-0.010956,-0.584183,0.014746,-0.097564,-0.016742,176.958069,221.767441,-806.287476,0,0
0.880000,0.943803,0.012408,0.002144,0.586690,0.011306,-0.809733,-0.002144,0.999921,0.012408,0.809809,-0.005544,0.586668,0.005039,0.454578,0.003775,0.890685,0.013084,0.000579,-0.023082,-0.001169,0.001452,0.002485,0.809733,-0.012408,-0.586668,0.000000,0.000000,0.000000,-1,0.808304,-0.009247,-0.579712,0.014740,-0.100747,-0.017791,176.782867,221.942047,-804.784424,0,0
0.920000,0.944195,0.011563,0.000966,0.586385,0.009933,-0.809971,-0.000966,0.999933,0.011563,0.810032,-0.005998,0.586356,0.004930,0.454750,0.003060,0.890600,0.013084,0.001641,-0.023089,-0.001896,0.003934,0.004675,0.809971,-0.011563,-0.586356,0.000000,0.000000,0.000000,-1,0.808365,-0.005768,-0.581665,0.014737,-0.099688,-0.018859,176.958069,222.116669,-806.287476,0,0
0.960000,0.944227,0.010840,-0.000080,0.586370,0.008734,-0.809997,0.000080,0.999941,0.010840,0.810044,-0.006421,0.586334,0.004845,0.454763,0.002429,0.890596,0.016264,-0.008961,-0.023077,-0.001388,0.004538,0.003525,0.809997,-0.010840,-0.586334,0.000000,0.000000,0.000000,-1,0.810135,-0.008179,-0.583481,0.020057,-0.110285,-0.015679,178.534927,222.640533,-805.118469,0,0
1.000000,0.944123,0.010514,-0.000865,0.586460,0.008008,-0.809938,0.000865,0.999944,0.010514,0.809977,-0.006867,0.586421,0.004879,0.454715,0.002005,0.890621,0.017337,-0.011076,-0.019889,0.000197,0.002335,0.002940,0.809938,-0.010514,-0.586421,0.000000,0.000000,0.000000,-1,0.805832,-0.007721,-0.578979,0.012623,-0.104983,-0.014557,177.133286,221.942047,-804.450439,0,0
1.040000,0.943884,0.009971,-0.002036,0.586663,0.006880,-0.809802,0.002036,0.999948,0.009971,0.809829,-0.007498,0.586618,0.004903,0.454606,0.001360,0.890678,0.020503,-0.012234,-0.015718,-0.002124,0.004371,0.002207,0.809802,-0.009971,-0.586618,0.000000,0.000000,0.000000,-1,0.801834,-0.007782,-0.586731,0.022202,-0.111337,-0.010379,176.257248,222.116669,-805.619507,0,0
1.080000,0.943065,0.009833,-0.003008,0.587332,0.006192,-0.809323,0.003007,0.999947,0.009833,0.809341,-0.008209,0.587282,0.005063,0.454239,0.000894,0.890865,0.019460,-0.016468,-0.009307,-0.006802,0.000144,0.003404,0.809323,-0.009833,-0.587282,0.000000,0.000000,0.000000,-1,0.809570,-0.008286,-0.582184,0.020104,-0.116626,-0.001823,176.082047,222.640533,-807.456482,0,0
1.120000,0.942496,0.009864,-0.003633,0.587795,0.005844,-0.808989,0.003633,0.999945,0.009864,0.809002,-0.008737,0.587742,0.005219,0.453985,0.000620,0.890994,0.005649,-0.018583,-0.005954,-0.000319,0.000266,0.003147,0.808989,-0.009864,-0.587742,0.000000,0.000000,0.000000,-1,0.807983,-0.007584,-0.581070,0.002047,-0.126158,0.004802,177.834106,224.037491,-804.784424,0,0
1.160000,0.941794,0.009837,-0.003675,0.588364,0.005792,-0.808576,0.003675,0.999945,0.009837,0.808588,-0.008759,0.588310,0.005217,0.453671,0.000594,0.891154,0.002493,-0.027047,0.004756,-0.000836,0.003489,0.008842,0.808576,-0.009837,-0.588310,0.000000,0.000000,0.000000,-1,0.803650,-0.006546,-0.581512,0.004195,-0.129329,0.011175,176.432449,223.688248,-805.452454,0,0
1.200000,0.940931,0.009875,-0.003774,0.589062,0.005757,-0.808067,0.003774,0.999944,0.009875,0.808079,-0.008866,0.589008,0.005256,0.453286,0.000556,0.891349,0.009903,-0.026087,0.003564,-0.004494,0.003267,0.004520,0.808067,-0.009875,-0.589008,0.000000,0.000000,0.000000,-1,0.801788,-0.010529,-0.586990,0.010575,-0.127209,0.011095,177.133286,223.339020,-806.454468,0,0
1.240000,0.939876,0.010247,-0.003954,0.589916,0.005941,-0.807442,0.003954,0.999940,0.010247,0.807455,-0.009237,0.589857,0.005463,0.452815,0.000557,0.891588,0.008848,-0.025025,0.005698,-0.002724,0.000695,-0.001695,0.807442,-0.010247,-0.589857,0.000000,0.000000,0.000000,-1,0.807205,-0.009415,-0.587524,0.010585,-0.125085,0.013212,176.257248,223.513641,-804.951477,0,0
1.280000,0.938974,0.010601,-0.004035,0.590646,0.006171,-0.806907,0.004035,0.999936,0.010601,0.806921,-0.009518,0.590583,0.005640,0.452412,0.000599,0.891791,0.005667,-0.019723,0.006772,-0.006660,-0.000812,0.002509,0.806907,-0.010601,-0.590583,0.000000,0.000000,0.000000,-1,0.798721,-0.010010,-0.588791,0.008458,-0.126145,0.013241,176.958069,223.862869,-803.949463,0,0
1.320000,0.937833,0.011005,-0.004081,0.591568,0.006459,-0.806230,0.004081,0.999931,0.011005,0.806245,-0.009800,0.591501,0.005831,0.451902,0.000666,0.892048,0.009934,-0.020779,0.010985,-0.004670,0.000782,0.003183,0.806229,-0.011005,-0.591501,0.000000,0.000000,0.000000,-1,0.801788,-0.010590,-0.589340,0.008468,-0.118722,0.014271,175.556427,222.815155,-806.287476,0,0
1.360000,0.937140,0.011525,-0.004050,0.592128,0.006890,-0.805814,0.004050,0.999925,0.011525,0.805834,-0.010088,0.592056,0.006056,0.451592,0.000796,0.892204,0.002453,-0.017755,0.008882,0.000002,-0.003032,0.001877,0.805814,-0.011525,-0.592056,0.000000,0.000000,0.000000,-1,0.804459,-0.015442,-0.587296,-0.002166,-0.116603,0.013315,175.381226,221.942047,-805.786499,0,0
1.400000,0.936705,0.011828,-0.003776,0.592477,0.007291,-0.805554,0.003776,0.999923,0.011828,0.805578,-0.010050,0.592404,0.006130,0.451398,0.000985,0.892301,-0.004991,-0.016696,0.007896,-0.001386,-0.000699,0.006695,0.805554,-0.011828,-0.592404,0.000000,0.000000,0.000000,-1,0.806061,-0.011490,-0.588608,-0.003229,-0.116603,0.013326,175.906830,222.116669,-805.619507,0,0
1.440000,0.936194,0.012022,-0.003394,0.592887,0.007669,-0.805249,0.003393,0.999922,0.012022,0.805278,-0.009860,0.592815,0.006130,0.451171,0.001198,0.892416,-0.004990,-0.020934,0.008979,0.000659,-0.002596,0.003719,0.805249,-0.012022,-0.592815,0.000000,0.000000,0.000000,-1,0.806625,-0.011795,-0.590805,-0.002167,-0.122963,0.014407,175.030807,224.386734,-807.790527,0,0
1.480000,0.935341,0.012264,-0.003067,0.593571,0.008050,-0.804741,0.003066,0.999920,0.012264,0.804776,-0.009747,0.593499,0.006165,0.450791,0.001396,0.892607,-0.001807,-0.028355,0.008978,0.000664,0.000240,0.002175,0.804741,-0.012264,-0.593499,0.000000,0.000000,0.000000,-1,0.802887,-0.014969,-0.592056,0.001010,-0.129327,0.012273,175.030807,222.989777,-806.120483,0,0
1.520000,0.934211,0.012656,-0.002842,0.594480,0.008487,-0.804066,0.002842,0.999916,0.012656,0.804106,-0.009809,0.594406,0.006290,0.450286,0.001581,0.892861,-0.000797,-0.030639,0.005751,-0.001560,-0.002832,0.003097,0.804066,-0.012656,-0.594406,0.000000,0.000000,0.000000,-1,0.802338,-0.014725,-0.590149,-0.000056,-0.127209,0.011212,174.680389,224.037491,-807.456482,0,0
1.560000,0.933277,0.012812,-0.002643,0.595229,0.008722,-0.803509,0.002643,0.999914,0.012811,0.803552,-0.009750,0.595155,0.006316,0.449869,0.001702,0.893070,-0.003996,-0.027462,0.002581,-0.002575,-0.000616,0.007112,0.803509,-0.012811,-0.595155,0.000000,0.000000,0.000000,-1,0.802109,-0.013199,-0.591385,-0.002200,-0.124036,0.005903,177.133286,222.640533,-807.456482,0,0
1.600000,0.932318,0.012701,-0.002529,0.595998,0.008692,-0.802939,0.002528,0.999916,0.012701,0.802982,-0.009600,0.595927,0.006241,0.449442,0.001725,0.893286,-0.002949,-0.028529,-0.001681,-0.000815,0.000326,0.004069,0.802939,-0.012701,-0.595927,0.000000,0.000000,0.000000,-1,0.802383,-0.011627,-0.593689,-0.005404,-0.127221,0.002761,176.082047,221.942047,-806.120483,0,0
1.640000,0.931358,0.012449,-0.002425,0.596767,0.008542,-0.802369,0.002424,0.999920,0.012449,0.802411,-0.009374,0.596698,0.006106,0.449014,0.001712,0.893502,-0.007256,-0.026539,-0.004847,-0.001756,-0.000216,0.004444,0.802369,-0.012449,-0.596698,0.000000,0.000000,0.000000,-1,0.800522,-0.010391,-0.592026,-0.007537,-0.126164,0.000652,175.731628,221.592819,-806.120483,0,0
1.680000,0.930576,0.012013,-0.002303,0.597393,0.008258,-0.801906,0.002303,0.999925,0.012013,0.801945,-0.009023,0.597329,0.005884,0.448665,0.001666,0.893679,-0.005124,-0.028655,-0.002734,0.000584,0.001972,0.006799,0.801906,-0.012013,-0.597329,0.000000,0.000000,0.000000,-1,0.802155,-0.011627,-0.590073,-0.005400,-0.127220,0.003825,176.782867,222.640533,-807.456482,0,0
1.720000,0.929718,0.011806,-0.002201,0.598079,0.008146,-0.801396,0.002201,0.999928,0.011806,0.801434,-0.008825,0.598018,0.005770,0.448283,0.001663,0.893871,-0.005121,-0.030773,-0.001661,-0.003773,0.000698,0.006252,0.801396,-0.011806,-0.598018,0.000000,0.000000,0.000000,-1,0.796799,-0.013397,-0.595016,-0.000077,-0.129337,0.005903,175.206009,223.513641,-806.287476,0,0
1.760000,0.928155,0.011911,-0.002078,0.599331,0.008290,-0.800459,0.002077,0.999927,0.011911,0.800499,-0.008801,0.599270,0.005791,0.447584,0.001737,0.894221,0.000236,-0.023338,0.007820,-0.009840,-0.000540,0.006878,0.800459,-0.011911,-0.599270,0.000000,0.000000,0.000000,-1,0.786728,-0.013062,-0.597885,0.004200,-0.122968,0.011146,176.958069,221.068954,-804.951477,0,0
1.800000,0.927098,0.012274,-0.001945,0.600175,0.008650,-0.799822,0.001945,0.999923,0.012274,0.799866,-0.008922,0.600112,0.005924,0.447112,0.001874,0.894457,-0.000819,-0.024398,0.009965,-0.007585,-0.005167,0.001724,0.799822,-0.012274,-0.600112,0.000000,0.000000,0.000000,-1,0.796432,-0.010651,-0.596985,0.001040,-0.120836,0.018617,176.432449,221.942047,-806.120483,0,0
1.840000,0.926312,0.012638,-0.001569,0.600801,0.009160,-0.799346,0.001569,0.999919,0.012637,0.799397,-0.008847,0.600738,0.006004,0.446761,0.002121,0.894631,-0.009369,-0.019215,0.013229,-0.000426,-0.001050,0.003875,0.799346,-0.012637,-0.600738,0.000000,0.000000,0.000000,-1,0.801346,-0.012512,-0.596298,-0.009583,-0.126132,0.021949,175.030807,222.989777,-807.456482,0,0
1.880000,0.925490,0.012907,-0.000851,0.601452,0.009799,-0.798849,0.000851,0.999916,0.012907,0.798909,-0.008443,0.601393,0.005965,0.446394,0.002500,0.894813,-0.010423,-0.027690,0.017533,-0.004598,0.001112,0.004149,0.798849,-0.012907,-0.601393,0.000000,0.000000,0.000000,-1,0.794571,-0.012695,-0.597397,-0.007448,-0.129308,0.025131,176.607666,222.815155,-806.287476,0,0
1.920000,0.924476,0.013306,-0.000108,0.602254,0.010557,-0.798235,0.000108,0.999911,0.013306,0.798305,-0.008099,0.602199,0.005979,0.445942,0.002919,0.895037,-0.007220,-0.020266,0.019592,-0.008058,0.000015,0.003002,0.798235,-0.013306,-0.602199,0.000000,0.000000,0.000000,-1,0.789948,-0.012802,-0.596405,-0.006376,-0.117646,0.025067,175.731628,222.989777,-805.452454,0,0
1.960000,0.923799,0.013665,0.000627,0.602786,0.011281,-0.797823,-0.000627,0.999906,0.013665,0.797902,-0.007737,0.602737,0.005977,0.445641,0.003326,0.895186,-0.010412,-0.013909,0.017471,-0.005037,-0.001395,0.003936,0.797823,-0.013665,-0.602737,0.000000,0.000000,0.000000,-1,0.797348,-0.013702,-0.600357,-0.008509,-0.116589,0.022958,175.206009,222.465912,-806.621460,0,0
2.000000,0.923397,0.013917,0.001193,0.603100,0.011820,-0.797578,-0.001193,0.999902,0.013917,0.797664,-0.007442,0.603056,0.005964,0.445462,0.003634,0.895274,-0.011548,-0.018241,0.017512,0.000198,-0.000594,0.005476,0.797578,-0.013917,-0.603056,0.000000,0.000000,0.000000,-1,0.792740,-0.016373,-0.599548,-0.009570,-0.113408,0.022955,176.257248,222.815155,-806.621460,0,0
2.040000,0.922843,0.014404,0.002144,0.603530,0.012778,-0.797238,-0.002144,0.999894,0.014404,0.797338,-0.006984,0.603493,0.005972,0.445217,0.004166,0.895393,-0.007290,-0.011880,0.017437,-0.007016,0.000396,0.005562,0.797238,-0.014404,-0.603493,0.000000,0.000000,0.000000,-1,0.790359,-0.016647,-0.599258,-0.006389,-0.103873,0.018622,175.556427,222.465912,-806.955505,0,0
2.080000,0.922636,0.014743,0.002738,0.603686,0.013405,-0.797109,-0.002738,0.999888,0.014742,0.797217,-0.006717,0.603655,0.005991,0.445125,0.004507,0.895437,-0.009434,-0.003409,0.011041,-0.003789,-0.001722,0.003573,0.797109,-0.014742,-0.603655,0.000000,0.000000,0.000000,-1,0.795685,-0.014862,-0.598083,-0.005331,-0.104935,0.017552,175.731628,222.291290,-806.454468,0,0
2.120000,0.922656,0.014862,0.003243,0.603664,0.013805,-0.797120,-0.003242,0.999884,0.014862,0.797233,-0.006387,0.603638,0.005933,0.445135,0.004760,0.895431,-0.007382,-0.002403,0.008894,0.000732,0.000915,0.004914,0.797120,-0.014862,-0.603638,0.000000,0.000000,0.000000,-1,0.796539,-0.016220,-0.598038,-0.005342,-0.103879,0.014356,175.556427,223.164398,-805.619507,0,0
2.160000,0.922687,0.014986,0.003649,0.603633,0.014150,-0.797137,-0.003649,0.999881,0.014986,0.797254,-0.006137,0.603612,0.005897,0.445151,0.004969,0.895423,-0.005267,-0.001348,0.005675,-0.001773,-0.000395,0.006292,0.797137,-0.014986,-0.603612,0.000000,0.000000,0.000000,-1,0.794510,-0.015594,-0.599487,-0.003221,-0.099642,0.012186,176.958069,223.513641,-807.289490,0,0
2.200000,0.922877,0.015080,0.003940,0.603477,0.014401,-0.797250,-0.003939,0.999879,0.015080,0.797371,-0.005960,0.603460,0.005875,0.445236,0.005121,0.895379,-0.003139,0.005012,0.004560,-0.004602,0.000340,0.004080,0.797250,-0.015080,-0.603460,0.000000,0.000000,0.000000,-1,0.792114,-0.015503,-0.597488,-0.002163,-0.091165,0.008945,175.206009,222.815155,-807.289490,0,0
2.240000,0.923394,0.015196,0.004165,0.603061,0.014633,-0.797561,-0.004165,0.999876,0.015196,0.797685,-0.005842,0.603047,0.005875,0.445468,0.005249,0.895263,-0.002084,0.010309,0.001333,-0.002456,-0.002520,0.004078,0.797561,-0.015196,-0.603047,0.000000,0.000000,0.000000,-1,0.796219,-0.014801,-0.597870,0.002083,-0.089048,0.006761,174.855606,222.815155,-806.287476,0,0
2.280000,0.923846,0.015261,0.004201,0.602699,0.014709,-0.797833,-0.004200,0.999875,0.015261,0.797958,-0.005846,0.602685,0.005895,0.445671,0.005281,0.895162,-0.003154,0.011366,-0.000787,-0.000927,-0.003874,0.004877,0.797833,-0.015261,-0.602685,0.000000,0.000000,0.000000,-1,0.796799,-0.016373,-0.599777,-0.002188,-0.086935,0.001480,175.381226,222.640533,-808.124512,0,0
2.320000,0.924565,0.015100,0.004207,0.602126,0.014588,-0.798268,-0.004206,0.999877,0.015100,0.798390,-0.005734,0.602113,0.005819,0.445993,0.005250,0.895002,-0.003247,0.014521,-0.007174,0.000148,-0.000342,0.006273,0.798268,-0.015100,-0.602113,0.000000,0.000000,0.000000,-1,0.798218,-0.012695,-0.595413,-0.005393,-0.081642,-0.003827,176.432449,221.942047,-806.120483,0,0
2.360000,0.925788,0.014452,0.004180,0.601151,0.014061,-0.799011,-0.004180,0.999887,0.014452,0.799124,-0.005348,0.601142,0.005532,0.446540,0.005097,0.894732,-0.006447,0.016638,-0.010340,0.001266,0.002702,0.008399,0.799011,-0.014452,-0.601142,0.000000,0.000000,0.000000,-1,0.798721,-0.011658,-0.591568,-0.003267,-0.081642,-0.003850,176.082047,222.640533,-806.454468,0,0
2.400000,0.926528,0.014026,0.004087,0.600563,0.013669,-0.799461,-0.004087,0.999893,0.014026,0.799567,-0.005156,0.600555,0.005361,0.446871,0.004962,0.894568,-0.002203,0.011337,-0.011427,0.001412,0.001056,0.005370,0.799461,-0.014026,-0.600555,0.000000,0.000000,0.000000,-1,0.800430,-0.014114,-0.593781,-0.000083,-0.089064,-0.003852,175.906830,222.116669,-805.953491,0,0
2.440000,0.927286,0.013611,0.003901,0.599960,0.013229,-0.799921,-0.003901,0.999900,0.013611,0.800020,-0.005045,0.599952,0.005215,0.447210,0.004788,0.894401,-0.002264,0.007117,-0.010337,0.001837,0.000656,0.004035,0.799921,-0.013611,-0.599952,0.000000,0.000000,0.000000,-1,0.799545,-0.012543,-0.596710,-0.002210,-0.084824,-0.004911,177.308487,221.767441,-806.955505,0,0
2.480000,0.927801,0.013065,0.003663,0.599553,0.012651,-0.800235,-0.003662,0.999908,0.013064,0.800327,-0.004902,0.599544,0.005023,0.447440,0.004561,0.894288,-0.001193,0.012419,-0.009310,-0.005756,-0.000958,0.007350,0.800235,-0.013064,-0.599544,0.000000,0.000000,0.000000,-1,0.788544,-0.014175,-0.593002,0.003117,-0.080580,-0.002862,174.329987,223.688248,-807.122498,0,0
2.520000,0.928094,0.012916,0.003475,0.599321,0.012421,-0.800412,-0.003475,0.999911,0.012916,0.800501,-0.004959,0.599311,0.004997,0.447571,0.004444,0.894223,0.000928,0.010295,-0.010387,-0.006391,-0.000253,0.002601,0.800412,-0.012916,-0.599311,0.000000,0.000000,0.000000,-1,0.796951,-0.009003,-0.592789,0.008429,-0.084821,-0.002901,174.855606,222.116669,-804.951477,0,0
2.560000,0.928662,0.012671,0.003228,0.598870,0.012081,-0.800755,-0.003228,0.999915,0.012671,0.800840,-0.005004,0.598858,0.004942,0.447824,0.004280,0.894098,0.003067,0.017720,-0.008317,-0.002339,0.001563,0.006329,0.800755,-0.012671,-0.598858,0.000000,0.000000,0.000000,-1,0.801834,-0.012909,-0.594955,0.002054,-0.080580,-0.002850,175.556427,222.815155,-805.619507,0,0
2.600000,0.930000,0.012303,0.003062,0.597801,0.011692,-0.801559,-0.003061,0.999920,0.012302,0.801638,-0.004901,0.597789,0.004812,0.448422,0.004127,0.893799,0.000901,0.013543,-0.002959,-0.000976,0.001896,0.003200,0.801559,-0.012302,-0.597789,0.000000,0.000000,0.000000,-1,0.797852,-0.009399,-0.594070,0.005250,-0.086937,0.000334,175.906830,221.767441,-805.953491,0,0
2.640000,0.930646,0.012108,0.002912,0.597285,0.011449,-0.801947,-0.002912,0.999922,0.012107,0.802024,-0.004896,0.597272,0.004757,0.448711,0.004018,0.893655,0.003029,0.020962,-0.004080,-0.005606,-0.000527,0.002164,0.801947,-0.012107,-0.597272,0.000000,0.000000,0.000000,-1,0.797043,-0.013184,-0.596252,0.002081,-0.076330,0.003513,177.834106,221.592819,-806.788452,0,0
2.680000,0.931010,0.012104,0.002878,0.596994,0.011428,-0.802165,-0.002878,0.999923,0.012103,0.802241,-0.004917,0.596980,0.004762,0.448873,0.004002,0.893574,-0.000151,0.023084,-0.001927,-0.005824,-0.000653,0.000179,0.802165,-0.012103,-0.596980,0.000000,0.000000,0.000000,-1,0.799652,-0.010742,-0.593002,-0.002165,-0.073148,0.004609,175.731628,222.640533,-806.454468,0,0
2.720000,0.932598,0.011816,0.003133,0.595717,0.011357,-0.803114,-0.003133,0.999925,0.011816,0.803189,-0.004523,0.595708,0.004573,0.449583,0.004056,0.893217,-0.008641,0.027329,0.001338,-0.005416,0.001638,0.005055,0.803114,-0.011816,-0.595708,0.000000,0.000000,0.000000,-1,0.798569,-0.011261,-0.592941,-0.003221,-0.074205,0.006753,176.958069,222.116669,-806.621460,0,0
2.760000,0.933229,0.011772,0.003300,0.595208,0.011423,-0.803491,-0.003300,0.999925,0.011771,0.803565,-0.004355,0.595201,0.004514,0.449866,0.004121,0.893075,-0.002257,0.018851,0.004497,-0.003915,-0.000466,0.002245,0.803491,-0.011771,-0.595201,0.000000,0.000000,0.000000,-1,0.799957,-0.011429,-0.592285,0.004225,-0.079503,0.008822,175.906830,222.815155,-806.287476,0,0
2.800000,0.933812,0.011856,0.003321,0.594739,0.011506,-0.803837,-0.003321,0.999924,0.011856,0.803912,-0.004382,0.594732,0.004546,0.450126,0.004151,0.892944,0.001942,0.019942,0.001240,-0.004154,0.000427,0.001653,0.803837,-0.011856,-0.594732,0.000000,0.000000,0.000000,-1,0.803482,-0.015106,-0.591644,0.004220,-0.080564,0.007763,176.607666,222.465912,-805.953491,0,0
2.840000,0.934907,0.012127,0.003295,0.593858,0.011713,-0.804485,-0.003295,0.999921,0.012126,0.804563,-0.004551,0.593849,0.004670,0.450615,0.004203,0.892697,0.000878,0.013581,0.002344,-0.002437,-0.000782,0.001885,0.804485,-0.012126,-0.593849,0.000000,0.000000,0.000000,-1,0.802139,-0.015137,-0.593643,0.002090,-0.085865,0.007811,176.607666,222.116669,-805.953491,0,0
2.880000,0.935208,0.012318,0.003317,0.593615,0.011881,-0.804661,-0.003317,0.999919,0.012317,0.804742,-0.004643,0.593606,0.004750,0.450749,0.004257,0.892628,-0.000184,0.013580,0.002357,-0.006215,-0.002377,0.000024,0.804661,-0.012317,-0.593606,0.000000,0.000000,0.000000,-1,0.797028,-0.016418,-0.592728,0.001046,-0.081618,0.012058,176.607666,222.116669,-804.951477,0,0
2.920000,0.935452,0.012646,0.003443,0.593416,0.012221,-0.804803,-0.003443,0.999914,0.012646,0.804889,-0.004733,0.593407,0.004868,0.450858,0.004387,0.892572,-0.000160,0.017827,0.007657,-0.008554,-0.003452,0.000130,0.804803,-0.012646,-0.593407,0.000000,0.000000,0.000000,-1,0.797485,-0.016983,-0.598053,0.001058,-0.081613,0.015249,177.658890,223.513641,-806.287476,0,0
2.960000,0.935869,0.013504,0.003799,0.593073,0.013125,-0.805042,-0.003798,0.999902,0.013504,0.805140,-0.004951,0.593065,0.005170,0.451044,0.004741,0.892474,-0.005515,0.021031,0.004489,-0.003558,-0.007340,-0.003630,0.805042,-0.013504,-0.593065,0.000000,0.000000,0.000000,-1,0.800354,-0.021500,-0.597733,-0.002144,-0.076319,0.011005,175.731628,221.592819,-805.452454,0,0
3.000000,0.936248,0.013926,0.004017,0.592764,0.013596,-0.805262,-0.004017,0.999895,0.013925,0.805366,-0.005020,0.592756,0.005308,0.451214,0.004934,0.892387,-0.006565,0.031631,0.005519,-0.004251,-0.006582,-0.008486,0.805262,-0.013925,-0.592756,0.000000,0.000000,0.000000,-1,0.802567,-0.028473,-0.603134,-0.012779,-0.060422,0.006796,175.030807,222.291290,-805.452454,0,0
3.040000,0.936830,0.014448,0.004368,0.592288,0.014228,-0.805601,-0.004368,0.999886,0.014447,0.805714,-0.005038,0.592283,0.005460,0.451474,0.005210,0.892252,-0.017204,0.039042,0.001351,-0.004209,-0.016360,-0.010180,0.805601,-0.014447,-0.592283,0.000000,0.000000,0.000000,-1,0.798141,-0.026016,-0.594345,-0.018104,-0.061485,0.004732,175.731628,222.989777,-805.452454,0,0
3.080000,0.937765,0.014683,0.005040,0.591524,0.014819,-0.806151,-0.005040,0.999879,0.014682,0.806271,-0.004622,0.591528,0.005410,0.451893,0.005566,0.892039,-0.026801,0.040085,-0.007054,-0.009123,-0.013165,-0.002161,0.806151,-0.014682,-0.591528,0.000000,0.000000,0.000000,-1,0.791641,-0.030884,-0.591324,-0.028749,-0.058311,0.000580,176.257248,224.212112,-805.953491,0,0
3.120000,0.939392,0.014851,0.006129,0.590195,0.015605,-0.807110,-0.006128,0.999871,0.014850,0.807238,-0.003818,0.590214,0.005234,0.452621,0.006093,0.891667,-0.032126,0.056036,-0.008147,-0.014218,-0.015301,0.004124,0.807110,-0.014850,-0.590214,0.000000,0.000000,0.000000,-1,0.794006,-0.034668,-0.592270,-0.027687,-0.039234,-0.003773,175.731628,222.989777,-805.118469,0,0
3.160000,0.940711,0.015085,0.006734,0.589119,0.016156,-0.807885,-0.006733,0.999864,0.015085,0.808019,-0.003447,0.589147,0.005198,0.453210,0.006420,0.891365,-0.026806,0.063453,-0.009298,-0.014520,-0.021063,-0.001032,0.807885,-0.015085,-0.589147,0.000000,0.000000,0.000000,-1,0.800339,-0.039490,-0.592789,-0.024496,-0.026515,-0.005993,176.432449,221.243576,-805.452454,0,0
3.200000,0.943032,0.015568,0.007332,0.587229,0.016905,-0.809245,-0.007331,0.999852,0.015567,0.809388,-0.003209,0.587266,0.005269,0.454246,0.006802,0.890835,-0.031063,0.087821,-0.016800,-0.008372,-0.023908,-0.015334,0.809245,-0.015567,-0.587266,0.000000,0.000000,0.000000,-1,0.802948,-0.035965,-0.614624,-0.053220,-0.014864,-0.013175,176.782867,222.640533,-805.118469,0,0
3.240000,0.944368,0.014625,0.009413,0.586117,0.017366,-0.810040,-0.009412,0.999849,0.014624,0.810172,-0.000947,0.586192,0.004371,0.454846,0.007517,0.890528,-0.099157,0.066581,-0.027646,-0.010098,-0.026620,-0.035039,0.810040,-0.014624,-0.586192,0.000000,0.000000,0.000000,-1,0.794601,-0.046860,-0.582108,-0.121270,-0.032886,-0.011280,177.834106,222.640533,-806.120483,0,0
3.280000,0.945553,0.013778,0.012002,0.585119,0.018195,-0.810743,-0.012001,0.999833,0.013777,0.810859,0.001668,0.585239,0.003401,0.455378,0.008479,0.890252,-0.129931,0.083609,-0.012509,-0.016142,-0.033082,0.003132,0.810744,-0.013777,-0.585239,0.000000,0.000000,0.000000,-1,0.794373,-0.033966,-0.577118,-0.148854,-0.009545,-0.000444,177.483688,223.688248,-806.120483,0,0
3.320000,0.948752,0.011809,0.016661,0.582457,0.019303,-0.812632,-0.016659,0.999792,0.011809,0.812691,0.006660,0.582657,0.001447,0.456803,0.010107,0.889509,-0.149008,0.096346,-0.000648,-0.015086,-0.017076,0.005799,0.812632,-0.011809,-0.582657,0.000000,0.000000,0.000000,-1,0.809814,-0.022720,-0.582565,-0.142457,0.004241,0.001551,175.731628,223.688248,-805.452454,0,0
3.360000,0.952908,0.008937,0.022584,0.579003,0.020365,-0.815071,-0.022582,0.999705,0.008937,0.815013,0.013231,0.579292,-0.001208,0.458642,0.012084,0.888538,-0.151126,0.063487,0.006976,-0.012810,-0.027119,-0.003105,0.815071,-0.008937,-0.579292,0.000000,0.000000,0.000000,-1,0.789200,-0.023682,-0.580338,-0.150872,-0.066735,0.040258,176.432449,222.291290,-804.784424,0,0
3.400000,0.953264,0.008110,0.026885,0.578638,0.022175,-0.815283,-0.026881,0.999606,0.008110,0.815141,0.017222,0.579006,-0.002564,0.458792,0.013804,0.888433,-0.152059,0.025377,0.048648,-0.026083,-0.015571,-0.001331,0.815283,-0.008110,-0.579006,0.000000,0.000000,0.000000,-1,0.792007,-0.026596,-0.577209,-0.152903,-0.078356,0.067989,176.607666,224.910599,-804.951477,0,0
3.440000,0.952979,0.007660,0.033507,0.578723,0.025646,-0.815121,-0.033500,0.999409,0.007659,0.814836,0.022874,0.579240,-0.004281,0.458652,0.016643,0.888450,-0.167949,0.004256,0.070177,-0.026303,-0.021531,0.004396,0.815121,-0.007659,-0.579240,0.000000,0.000000,0.000000,-1,0.788940,-0.034927,-0.579529,-0.161278,-0.102682,0.107549,176.782867,224.735977,-806.454468,0,0
3.480000,0.951565,0.009202,0.043669,0.579529,0.032824,-0.814290,-0.043653,0.999004,0.009202,0.813782,0.030213,0.580385,-0.005911,0.458009,0.021515,0.888667,-0.182597,-0.009438,0.134233,-0.023458,-0.023558,0.006105,0.814290,-0.009202,-0.580385,0.000000,0.000000,0.000000,-1,0.771912,-0.027847,-0.559006,-0.173878,-0.088840,0.146983,177.658890,223.164398,-806.287476,0,0
3.520000,0.951645,0.011121,0.052696,0.579062,0.039612,-0.814321,-0.052668,0.998550,0.011121,0.813581,0.036449,0.580309,-0.007127,0.458034,0.025964,0.888527,-0.163336,0.028764,0.158319,-0.039922,-0.011142,0.018556,0.814321,-0.011121,-0.580309,0.000000,0.000000,0.000000,-1,0.795547,-0.019531,-0.565781,-0.145116,-0.071859,0.158290,178.534927,224.037491,-804.450439,0,0
3.560000,0.952421,0.012595,0.058979,0.578099,0.044415,-0.814757,-0.058940,0.998182,0.012595,0.813835,0.040741,0.579666,-0.007922,0.458371,0.029090,0.888249,-0.130454,0.011774,0.141015,-0.030806,-0.001825,0.024292,0.814757,-0.012595,-0.579666,0.000000,0.000000,0.000000,-1,0.749741,0.007446,-0.548172,-0.091994,-0.085651,0.151385,177.834106,224.735977,-805.786499,0,0
3.600000,0.952342,0.014748,0.066609,0.577691,0.050579,-0.814687,-0.066553,0.997674,0.014748,0.813538,0.045700,0.579713,-0.008713,0.458331,0.032972,0.888127,-0.059275,0.013893,0.129557,-0.052114,0.028267,0.023271,0.814687,-0.014748,-0.579713,0.000000,0.000000,0.000000,-1,0.770630,0.047699,-0.574799,0.001468,-0.082509,0.124811,177.658890,224.910599,-807.957520,0,0
3.640000,0.953777,0.017285,0.069424,0.576235,0.054200,-0.815485,-0.069358,0.997442,0.017284,0.814335,0.046601,0.578521,-0.008256,0.458990,0.034796,0.887722,0.026922,0.162307,0.121550,-0.033304,0.077678,-0.018129,0.815485,-0.017284,-0.578521,0.000000,0.000000,0.000000,-1,0.795624,0.063965,-0.621078,0.031251,0.144312,0.081974,178.885345,224.037491,-806.120483,0,0
3.680000,0.960750,0.019771,0.070247,0.570355,0.056376,-0.819461,-0.070175,0.997339,0.019770,0.818395,0.046230,0.572793,-0.007466,0.462112,0.035706,0.886071,0.018245,0.273526,0.053066,-0.003650,0.065730,-0.058646,0.819461,-0.019770,-0.572793,0.000000,0.000000,0.000000,-1,0.870422,0.025879,-0.626480,-0.037139,0.082699,0.002164,178.184509,224.386734,-805.452454,0,0
3.720000,0.967599,0.018850,0.071427,0.564724,0.055968,-0.823380,-0.071354,0.997273,0.018849,0.822189,0.048107,0.567178,-0.008270,0.465127,0.035988,0.884474,-0.009774,0.052918,-0.002007,0.026535,0.056355,-0.032020,0.823380,-0.018849,-0.567178,0.000000,0.000000,0.000000,-1,0.816406,0.048508,-0.624695,0.028775,-0.044487,0.027540,180.111786,223.164398,-805.285461,0,0
3.760000,0.970304,0.020088,0.071046,0.562447,0.056642,-0.824891,-0.070972,0.997276,0.020086,0.823782,0.047247,0.564935,-0.007683,0.466341,0.036097,0.883835,0.048858,0.105975,0.029019,-0.014222,0.056143,-0.063544,0.824891,-0.020086,-0.564935,0.000000,0.000000,0.000000,-1,0.816696,0.009827,-0.658966,0.051235,0.043537,0.044979,178.710129,224.212112,-805.285461,0,0
3.800000,0.976157,0.022615,0.070251,0.557513,0.058008,-0.828139,-0.070175,0.997278,0.022613,0.827692,0.045304,0.559351,-0.006322,0.469345,0.036379,0.882243,0.024380,0.082646,0.027267,-0.056426,0.018218,-0.062491,0.828612,-0.022994,-0.559351,0.000000,0.000000,0.000000,-1,0.743546,0.011765,-0.607040,0.045704,-0.072076,0.011522,179.060547,224.561356,-805.953491,0,0
3.840000,0.977930,0.023574,0.069750,0.556020,0.058442,-0.829112,-0.069674,0.997291,0.023572,0.828244,0.044661,0.558585,-0.005977,0.469757,0.036313,0.882028,0.043395,0.027483,0.006032,-0.085567,0.035337,-0.048455,0.829112,-0.023572,-0.558585,0.000000,0.000000,0.000000,-1,0.718842,0.027771,-0.588776,0.053111,-0.081629,0.004038,177.483688,222.989777,-805.118469,0,0
3.880000,0.976742,0.023427,0.067949,0.557115,0.057370,-0.828451,-0.067878,0.997419,0.023425,0.827656,0.043183,0.559572,-0.005598,0.469237,0.035487,0.882341,0.059277,0.052881,-0.015536,-0.116247,0.053592,-0.020339,0.828451,-0.023425,-0.559572,0.000000,0.000000,0.000000,-1,0.731415,0.030838,-0.588120,0.053121,-0.000014,-0.010159,178.359726,223.862869,-805.953491,0,0
3.920000,0.979652,0.023900,0.066311,0.554772,0.056727,-0.830066,-0.066243,0.997517,0.023898,0.829361,0.041728,0.557153,-0.005056,0.470530,0.034868,0.881681,0.051848,0.117539,-0.025320,-0.087680,0.055132,-0.031837,0.830066,-0.023898,-0.557153,0.000000,0.000000,0.000000,-1,0.766907,0.041458,-0.600311,0.073214,0.017961,-0.042373,177.834106,223.339020,-805.452454,0,0
3.960000,0.981591,0.020707,0.061607,0.553586,0.051395,-0.831204,-0.061554,0.997889,0.020706,0.830514,0.039702,0.555581,-0.005388,0.471360,0.032039,0.881342,0.100546,0.097298,-0.073645,-0.065427,0.068573,-0.049903,0.831204,-0.020706,-0.555581,0.000000,0.000000,0.000000,-1,0.771469,0.047058,-0.607864,0.105984,-0.007551,-0.087295,179.410950,223.164398,-805.285461,0,0
4.000000,0.983335,0.018499,0.055893,0.552524,0.046335,-0.832208,-0.055854,0.998268,0.018498,0.831624,0.036262,0.554155,-0.005041,0.472120,0.028997,0.881043,0.133421,0.091954,-0.093137,-0.062006,0.065602,-0.054168,0.832208,-0.018498,-0.554155,0.000000,0.000000,0.000000,-1,0.785934,0.054184,-0.617447,0.128267,-0.006508,-0.099246,178.534927,223.339020,-804.784424,0,0
4.040000,0.985718,0.016349,0.047762,0.550984,0.039981,-0.833558,-0.047738,0.998726,0.016348,0.833149,0.030784,0.552191,-0.004098,0.473168,0.024903,0.880611,0.139790,0.063388,-0.086731,-0.050385,0.064032,-0.052805,0.833558,-0.016348,-0.552191,0.000000,0.000000,0.000000,-1,0.786316,0.051147,-0.600464,0.145352,-0.039335,-0.072694,180.111786,221.068954,-805.285461,0,1
4.080000,0.985319,0.013999,0.041348,0.551643,0.034499,-0.833367,-0.041332,0.999047,0.013998,0.833056,0.026722,0.552543,-0.003612,0.472986,0.021523,0.880800,0.160043,0.058094,-0.068860,-0.033684,0.057211,-0.048714,0.833367,-0.013998,-0.552543,0.000000,0.000000,0.000000,-1,0.783875,0.034683,-0.604919,0.197578,-0.043521,-0.037084,179.586166,222.291290,-805.452454,0,0
4.120000,0.981832,0.012302,0.035939,0.554774,0.030182,-0.831454,-0.035929,0.999279,0.012302,0.831225,0.023048,0.555458,-0.003047,0.471446,0.018745,0.881690,0.206950,0.055999,-0.031089,-0.043505,0.050952,-0.058434,0.831454,-0.012302,-0.555458,0.000000,0.000000,0.000000,-1,0.815308,0.041046,-0.634644,0.246574,-0.018047,-0.018592,179.235748,222.291290,-803.782471,0,0
4.160000,0.980130,0.014040,0.025212,0.556444,0.025697,-0.830488,-0.025206,0.999584,0.014040,0.830503,0.013121,0.556860,0.000260,0.470712,0.014426,0.882169,0.260236,0.157762,-0.014070,0.008623,0.029467,-0.132288,0.830488,-0.014040,-0.556860,0.000000,0.000000,0.000000,-1,0.910797,-0.013809,-0.712433,0.247697,0.066767,-0.020051,181.513428,220.370468,-802.947449,0,0
4.200000,0.985325,0.017509,0.016830,0.552268,0.023890,-0.833324,-0.016827,0.999705,0.017508,0.833497,0.004353,0.552507,0.003733,0.473004,0.011554,0.880977,0.178158,0.076063,-0.054282,0.098210,-0.001306,-0.162413,0.833324,-0.017508,-0.552507,0.000000,0.000000,0.000000,-1,0.920273,-0.008163,-0.689255,0.130599,-0.013845,-0.042862,180.637405,220.545090,-802.112427,0,0
4.240000,0.987970,0.018436,0.012698,0.550146,0.022379,-0.834768,-0.012696,0.999749,0.018435,0.834972,0.000456,0.550292,0.005105,0.474160,0.009960,0.880368,0.097378,0.111046,-0.055677,0.089990,0.010287,-0.119828,0.834768,-0.018435,-0.550292,0.000000,0.000000,0.000000,-1,0.965912,-0.021576,-0.655502,0.056060,0.023203,-0.081565,180.462189,221.767441,-803.949463,0,0
4.280000,0.992939,0.015353,0.009177,0.546089,0.017872,-0.837536,-0.009176,0.999840,0.015352,0.837677,-0.000699,0.546166,0.004564,0.476336,0.007691,0.879218,-0.053803,0.051605,-0.099482,0.168201,-0.000624,-0.108467,0.837536,-0.015352,-0.546166,0.000000,0.000000,0.000000,-1,0.993881,-0.021317,-0.623901,-0.090739,-0.059502,-0.085956,180.462189,220.021240,-801.611450,0,0
