0.000000,1.626422,-1.341218,1.393237,0.947150,-0.226451,-0.227215,-0.223989,0.040195,-0.973763,0.229642,0.973193,-0.012652,-0.692750,0.162555,-0.000876,0.702619,-0.594608,-0.079969,0.037614,0.058293,-0.001411,-0.077014,0.227214,0.973763,0.012652,0.000000,0.000000,0.000000,-1,0.290680,0.998932,-0.025162,-0.475163,-0.099411,0.007253,32.521530,249.448807,-527.065369,0,0
0.040000,1.725422,-1.336386,1.500947,0.947955,-0.220708,-0.229498,-0.231703,0.016211,-0.972651,0.218393,0.975205,-0.035772,-0.701341,0.161267,0.003959,0.694333,-0.277291,-0.055962,0.006332,0.054056,0.049275,-0.018575,0.229498,0.972651,0.035772,0.000000,0.000000,0.000000,-1,0.281235,1.018784,0.025192,-0.246056,-0.020220,-0.015061,33.400482,248.921432,-527.903320,0,0
0.080000,1.745434,-1.334986,1.521919,0.947903,-0.220327,-0.230078,-0.233352,0.011415,-0.972325,0.216856,0.975359,-0.040594,-0.703044,0.161327,0.004702,0.692590,-0.091908,0.018774,-0.040096,0.047846,0.016627,0.003077,0.230078,0.972325,0.040594,0.000000,0.000000,0.000000,-1,0.268814,0.897812,0.047501,-0.050046,0.056556,-0.070135,31.642563,249.624603,-527.568115,0,0
0.120000,1.745596,-1.336752,1.518587,0.947532,-0.223663,-0.228380,-0.231598,0.012102,-0.972736,0.220329,0.974591,-0.040332,-0.702809,0.161943,0.002864,0.692694,0.102021,0.126137,-0.109064,0.031599,-0.104176,0.004803,0.228380,0.972736,0.040332,0.000000,0.000000,0.000000,-1,0.220947,0.819031,0.030670,0.071465,0.121946,-0.097956,32.169937,248.394058,-527.400513,0,0
0.160000,1.738145,-1.340463,1.506809,0.947373,-0.227614,-0.225112,-0.227835,0.014599,-0.973590,0.224889,0.973642,-0.038028,-0.701926,0.162214,0.000080,0.693532,0.038067,0.050487,-0.044365,-0.016418,-0.154071,-0.008029,0.225112,0.973590,0.038028,0.000000,0.000000,0.000000,-1,0.186523,0.851242,0.036926,-0.016014,0.014507,-0.035086,32.345734,249.976181,-526.562622,0,0
0.200000,1.741027,-1.340837,1.510640,0.947681,-0.226794,-0.224643,-0.227525,0.013704,-0.973676,0.223903,0.973846,-0.038615,-0.702245,0.161738,0.000264,0.693320,-0.053664,-0.040163,0.001430,-0.042697,-0.111447,0.004384,0.224643,0.973676,0.038615,0.000000,0.000000,0.000000,-1,0.190247,0.918091,0.038925,-0.093770,-0.019100,-0.005593,31.994141,248.921432,-526.227417,0,0
0.240000,1.750154,-1.340134,1.520728,0.947770,-0.226115,-0.224955,-0.228336,0.011442,-0.973515,0.222700,0.974033,-0.040786,-0.703049,0.161600,0.000802,0.692536,-0.096158,-0.020949,0.016602,-0.034708,-0.055424,-0.001861,0.224955,0.973515,0.040786,0.000000,0.000000,0.000000,-1,0.212189,0.997131,0.012405,-0.133148,-0.027406,0.011788,33.927856,248.745636,-526.730164,0,0
0.280000,1.764522,-1.340281,1.538889,0.948709,-0.222895,-0.224206,-0.228363,0.007289,-0.973549,0.218634,0.974815,-0.043986,-0.704522,0.160129,0.001977,0.691378,-0.040912,-0.031103,-0.047740,0.001411,0.037178,-0.044734,0.224206,0.973549,0.043986,0.000000,0.000000,0.000000,-1,0.221054,1.012192,0.007614,-0.007703,-0.010348,-0.088323,33.576279,248.745636,-526.395020,0,0
0.320000,1.754137,-1.344346,1.529142,0.949714,-0.222056,-0.220757,-0.224325,0.009349,-0.974470,0.218451,0.974989,-0.040933,-0.703793,0.158563,0.000819,0.692483,0.127181,-0.030735,-0.118314,-0.017372,0.024920,-0.034143,0.220757,0.974470,0.040933,0.000000,0.000000,0.000000,-1,0.175842,0.973969,0.012665,0.148599,-0.038408,-0.141631,32.697311,249.624603,-527.232971,0,0
0.360000,1.730646,-1.349370,1.506718,0.950979,-0.220518,-0.216822,-0.219171,0.014063,-0.975585,0.218183,0.975282,-0.034957,-0.702117,0.156558,-0.000485,0.694637,0.220701,-0.068064,-0.144467,-0.054544,-0.015151,-0.014770,0.216822,0.975585,0.034957,0.000000,0.000000,0.000000,-1,0.120621,0.940689,0.067413,0.209124,-0.085114,-0.151513,31.290985,250.327774,-526.562622,0,0
0.400000,1.693042,-1.361965,1.473136,0.954457,-0.216035,-0.205769,-0.206328,0.022295,-0.978487,0.214360,0.976491,-0.022683,-0.699172,0.150000,-0.003325,0.699033,0.225802,-0.173273,-0.070762,-0.088971,-0.003725,0.121330,0.205060,0.978487,0.022683,0.000000,0.000000,0.000000,-1,0.127213,0.990677,0.176208,0.170765,-0.168998,-0.060349,32.521530,250.503555,-526.059814,0,0
0.440000,1.654547,-1.364619,1.440574,0.956269,-0.209604,-0.204002,-0.202986,0.026584,-0.978821,0.210588,0.977425,-0.017125,-0.697641,0.147852,-0.002360,0.701022,0.088673,-0.141001,-0.019749,-0.031715,0.048279,0.213801,0.204002,0.978821,0.017125,0.000000,0.000000,0.000000,-1,0.230392,1.068802,0.218491,0.001835,-0.093254,-0.004991,34.103653,250.679352,-528.238464,0,0
0.480000,1.655963,-1.363639,1.444325,0.956555,-0.207374,-0.204933,-0.204036,0.025943,-0.978620,0.208257,0.977918,-0.017496,-0.697873,0.147380,-0.001191,0.700893,-0.116285,-0.038425,0.073073,0.025459,0.090182,0.200995,0.204933,0.978620,0.017496,0.000000,0.000000,0.000000,-1,0.267609,1.106079,0.068054,-0.258488,-0.015798,0.119249,31.994141,251.382523,-526.562622,0,0
0.520000,1.704136,-1.355642,1.495802,0.955589,-0.205117,-0.211603,-0.212898,0.015996,-0.976944,0.203773,0.978607,-0.028383,-0.701423,0.148988,0.002791,0.696994,-0.240763,-0.090621,0.163794,0.047583,0.132065,-0.000704,0.211603,0.976944,0.028383,0.000000,0.000000,0.000000,-1,0.247314,1.061005,-0.032166,-0.216122,-0.115082,0.150187,35.334198,250.503555,-527.735718,0,0
0.560000,1.708390,-1.349872,1.505630,0.955490,-0.199807,-0.217061,-0.218667,0.014270,-0.975695,0.198048,0.979731,-0.030056,-0.702011,0.149027,0.006771,0.696366,0.117791,-0.127283,0.100428,0.032222,0.057828,-0.069027,0.217061,0.975695,0.030056,0.000000,0.000000,0.000000,-1,0.270660,0.949158,0.007690,0.211797,-0.093577,0.078607,33.224686,249.800400,-526.730164,0,0
0.600000,1.646611,-1.347340,1.445608,0.955270,-0.196557,-0.220965,-0.219867,0.027669,-0.975137,0.197784,0.980102,-0.016785,-0.697206,0.149319,0.008312,0.701098,0.402295,-0.068934,0.116113,0.054884,-0.040338,0.019455,0.220965,0.975137,0.016785,0.000000,0.000000,0.000000,-1,0.278671,0.922440,0.133118,0.300441,-0.036041,0.117121,34.279449,250.151978,-527.400513,0,1
0.640000,1.594610,-1.342880,1.393014,0.954302,-0.195661,-0.225884,-0.222387,0.039958,-0.974139,0.199627,0.979857,-0.005380,-0.692771,0.150861,0.009475,0.705138,0.133355,0.069950,0.125136,0.052116,-0.050815,0.159415,0.225884,0.974139,0.005380,0.000000,0.000000,0.000000,-1,0.277344,0.956787,0.208344,-0.014166,0.148318,0.117805,33.400482,249.624603,-527.232971,0,0
0.680000,1.611591,-1.338691,1.404275,0.952164,-0.201394,-0.229835,-0.226845,0.038128,-0.973184,0.204756,0.978768,-0.009381,-0.693437,0.154390,0.009042,0.703724,-0.250258,0.300106,0.151750,0.047509,-0.016397,0.198962,0.229835,0.973184,0.009381,0.000000,0.000000,0.000000,-1,0.233353,1.052277,0.074738,-0.386134,0.368801,0.129451,33.400482,249.273026,-526.562622,0,0
0.720000,1.700570,-1.332771,1.480042,0.947940,-0.216211,-0.233802,-0.234814,0.021369,-0.971805,0.215112,0.976113,-0.030513,-0.699479,0.161201,0.006680,0.696203,-0.545083,0.405305,0.068416,-0.005774,0.083965,-0.004970,0.233802,0.971805,0.030513,0.000000,0.000000,0.000000,-1,0.204071,1.028503,-0.112915,-0.490779,0.382374,-0.008281,32.873108,250.503555,-526.730164,0,0
0.760000,1.779631,-1.330271,1.547345,0.944989,-0.229543,-0.233037,-0.238147,0.005586,-0.971213,0.224237,0.973283,-0.049386,-0.705122,0.165819,0.003120,0.689418,-0.168999,0.233517,-0.060630,-0.027837,0.039575,-0.189462,0.233037,0.971213,0.049386,0.000000,0.000000,0.000000,-1,0.217606,0.958389,-0.094681,0.189636,0.114532,-0.095648,31.642563,249.273026,-526.562622,0,0
0.800000,1.750021,-1.335320,1.512776,0.944880,-0.233451,-0.229569,-0.232913,0.013529,-0.972403,0.230114,0.972274,-0.041591,-0.702307,0.166012,-0.000194,0.692246,0.440384,0.022330,-0.093328,0.002380,-0.020606,-0.091365,0.229569,0.972403,0.041591,0.000000,0.000000,0.000000,-1,0.261536,0.964752,0.082657,0.430996,0.005360,-0.099241,32.345734,250.679352,-527.232971,0,0
0.840000,1.689468,-1.340339,1.450378,0.945492,-0.233665,-0.226816,-0.226769,0.027440,-0.973562,0.233711,0.971930,-0.027044,-0.697333,0.165069,-0.002472,0.697475,0.228685,0.042960,-0.042759,0.042074,0.009653,0.092372,0.226816,0.973562,0.027044,0.000000,0.000000,0.000000,-1,0.234802,1.042053,0.133347,0.094995,0.105575,-0.035223,31.994141,249.624603,-526.227417,0,0
0.880000,1.708417,-1.340611,1.461341,0.943662,-0.241715,-0.226001,-0.226792,0.024923,-0.973624,0.240973,0.970027,-0.031300,-0.698219,0.167751,-0.005361,0.695932,-0.230699,0.212793,-0.012134,-0.006793,0.077935,0.075328,0.226001,0.973624,0.031300,0.000000,0.000000,0.000000,-1,0.183563,1.036636,0.047562,-0.291173,0.214763,-0.032637,32.521530,250.503555,-526.395020,0,0
0.920000,1.764163,-1.340354,1.510289,0.942052,-0.249587,-0.224152,-0.227991,0.013812,-0.973565,0.246086,0.968254,-0.043892,-0.702163,0.170038,-0.007809,0.691370,-0.268172,0.185851,-0.062878,-0.050354,0.057563,-0.010017,0.224152,0.973565,0.043892,0.000000,0.000000,0.000000,-1,0.160629,1.025299,0.016754,-0.265882,0.168750,-0.082731,31.642563,249.273026,-527.232971,0,0
0.960000,1.806424,-1.341519,1.548603,0.941508,-0.254409,-0.220993,-0.227217,0.005044,-0.973831,0.248866,0.967084,-0.053058,-0.705252,0.170728,-0.009880,0.688021,-0.159937,0.080782,-0.083565,-0.070435,0.047379,-0.026553,0.220993,0.973831,0.053058,0.000000,0.000000,0.000000,-1,0.154236,0.990463,0.034897,-0.145880,0.081684,-0.103576,31.994141,249.976181,-525.221924,0,0
1.000000,1.840490,-1.344244,1.580773,0.941834,-0.257052,-0.216500,-0.224608,-0.002241,-0.974447,0.249998,0.966395,-0.059847,-0.707800,0.170126,-0.011832,0.685519,-0.131386,0.006734,-0.072856,-0.046471,-0.011144,-0.018694,0.216500,0.974447,0.059847,0.000000,0.000000,0.000000,-1,0.194122,0.952911,0.043488,-0.164173,-0.014329,-0.063658,30.939392,248.921432,-528.238464,0,0
1.040000,1.856021,-1.345853,1.598088,0.942753,-0.255742,-0.214040,-0.222968,-0.006087,-0.974807,0.247996,0.966726,-0.062761,-0.709154,0.168761,-0.011971,0.684453,-0.117633,-0.072205,-0.018368,-0.007924,-0.028121,-0.019319,0.214040,0.974807,0.062761,0.000000,0.000000,0.000000,-1,0.234863,0.927094,0.043762,-0.105672,-0.073212,-0.015951,32.873108,249.800400,-528.070923,0,0
1.080000,1.855153,-1.344637,1.600071,0.943210,-0.253041,-0.215232,-0.224141,-0.006563,-0.974535,0.245184,0.967433,-0.062907,-0.709345,0.168177,-0.010556,0.684423,-0.013249,-0.089966,0.010741,0.019631,-0.047441,-0.019145,0.215232,0.974535,0.062907,0.000000,0.000000,0.000000,-1,0.235901,0.943268,0.065323,-0.022637,-0.096327,0.005863,31.466766,249.800400,-524.383972,0,0
1.120000,1.857839,-1.340054,1.609307,0.943875,-0.246959,-0.219343,-0.228531,-0.008805,-0.973497,0.238483,0.968986,-0.064749,-0.710181,0.167383,-0.006738,0.683798,-0.119661,-0.098015,0.054258,0.017504,0.008498,0.024927,0.219343,0.973497,0.064749,0.000000,0.000000,0.000000,-1,0.235611,0.989182,0.090866,-0.168329,-0.074694,0.051655,32.345734,249.273026,-525.892212,0,0
1.160000,1.866458,-1.338042,1.619850,0.943982,-0.245382,-0.220650,-0.230381,-0.011310,-0.973035,0.236269,0.969361,-0.067208,-0.711073,0.167269,-0.005491,0.682910,-0.150450,-0.075687,0.062935,0.015617,0.025867,0.017250,0.220650,0.973035,0.067208,0.000000,0.000000,0.000000,-1,0.243561,1.007812,0.063965,-0.160875,-0.071548,0.048390,30.763611,249.097229,-525.054321,0,0
1.200000,1.872845,-1.335179,1.630079,0.944344,-0.241951,-0.222875,-0.233033,-0.013831,-0.972370,0.232184,0.970190,-0.069444,-0.711973,0.166785,-0.003269,0.682105,-0.000468,-0.093047,0.021361,0.025233,0.031292,-0.006242,0.222875,0.972370,0.069444,0.000000,0.000000,0.000000,-1,0.250656,0.977875,0.068237,0.030602,-0.086906,-0.005238,30.763611,247.690887,-524.719116,0,0
1.240000,1.850849,-1.335491,1.611995,0.945149,-0.237681,-0.224057,-0.232942,-0.009602,-0.972443,0.228979,0.971296,-0.064441,-0.710491,0.165598,-0.001732,0.683942,0.077247,-0.077397,-0.002712,0.022205,-0.030182,0.002453,0.224057,0.972443,0.064441,0.000000,0.000000,0.000000,-1,0.243317,0.931564,0.050232,0.027455,-0.073117,-0.003135,31.994141,248.921432,-525.557068,0,0
1.280000,1.841068,-1.333765,1.605934,0.945554,-0.233920,-0.226294,-0.234673,-0.008249,-0.972039,0.225513,0.972221,-0.062695,-0.710017,0.164994,0.000275,0.684582,-0.010076,-0.116180,0.039686,0.016932,-0.037744,-0.016476,0.226294,0.972039,0.062695,0.000000,0.000000,0.000000,-1,0.240433,0.952103,0.042969,-0.044987,-0.120376,0.039152,32.873108,248.394058,-525.724670,0,0
1.320000,1.832793,-1.330853,1.603534,0.946179,-0.228161,-0.229538,-0.237520,-0.007779,-0.971351,0.219839,0.973592,-0.061553,-0.709843,0.164009,0.003416,0.684990,-0.020823,-0.160597,0.047415,0.016831,-0.005165,-0.022918,0.229538,0.971351,0.061553,0.000000,0.000000,0.000000,-1,0.270554,0.989609,0.039215,-0.019598,-0.166024,0.028473,33.400482,249.976181,-527.232971,0,0
1.360000,1.809005,-1.327315,1.588543,0.947138,-0.219189,-0.234275,-0.241045,-0.004278,-0.970505,0.211722,0.975673,-0.056887,-0.708573,0.162381,0.007957,0.686654,0.069594,-0.170498,0.010593,0.051857,0.026932,-0.012300,0.234275,0.970504,0.056887,0.000000,0.000000,0.000000,-1,0.298492,0.992874,0.051254,0.062345,-0.149443,-0.009511,31.642563,248.218262,-524.886719,0,0
1.400000,1.798872,-1.327770,1.581257,0.947792,-0.216201,-0.234409,-0.240628,-0.002517,-0.970614,0.209257,0.976346,-0.054410,-0.707940,0.161323,0.008882,0.687544,0.100518,-0.139958,-0.007872,0.064083,0.022260,-0.003155,0.234409,0.970614,0.054410,0.000000,0.000000,0.000000,-1,0.282852,0.983612,0.060760,0.081574,-0.117792,-0.022563,32.169937,248.394058,-525.389465,0,0
1.440000,1.777631,-1.327004,1.564320,0.948396,-0.211510,-0.236240,-0.241380,0.001563,-0.970430,0.205625,0.977375,-0.049572,-0.706471,0.160265,0.010834,0.689273,0.079315,-0.104002,-0.014185,0.046612,0.013183,0.011189,0.236240,0.970430,0.049572,0.000000,0.000000,0.000000,-1,0.268478,0.989639,0.063522,0.025238,-0.077629,-0.032930,33.224686,248.042480,-525.724670,0,0
1.480000,1.767806,-1.325805,1.558893,0.948976,-0.207048,-0.237856,-0.242531,0.002887,-0.970139,0.201552,0.978327,-0.047476,-0.705968,0.159206,0.012856,0.689998,0.022894,-0.070306,-0.037241,0.027769,0.011291,0.009272,0.237856,0.970139,0.047476,0.000000,0.000000,0.000000,-1,0.260971,0.984085,0.053925,-0.002463,-0.071405,-0.047653,33.400482,248.569855,-526.897766,0,0
1.520000,1.763967,-1.324827,1.557442,0.949214,-0.204665,-0.238967,-0.243474,0.003252,-0.969902,0.199282,0.978827,-0.046744,-0.705816,0.158731,0.014057,0.690239,0.026034,-0.083025,-0.038234,0.021348,0.003014,0.005685,0.238967,0.969902,0.046744,0.000000,0.000000,0.000000,-1,0.264923,0.969788,0.040741,-0.003534,-0.072474,-0.048706,32.697311,248.218262,-527.232971,0,0
1.560000,1.753173,-1.323427,1.550414,0.949586,-0.200763,-0.240793,-0.244803,0.004990,-0.969560,0.195853,0.979627,-0.044409,-0.705160,0.157966,0.015933,0.691044,0.011094,-0.106281,-0.027339,0.019033,-0.003450,-0.013555,0.240793,0.969560,0.044409,0.000000,0.000000,0.000000,-1,0.261215,0.976486,0.024048,-0.021730,-0.124141,-0.023869,34.455231,247.866684,-527.232971,0,0
1.600000,1.737622,-1.322342,1.540470,0.950362,-0.194959,-0.242492,-0.245793,0.007456,-0.969294,0.190781,0.980783,-0.040833,-0.704226,0.156467,0.018357,0.692276,-0.000645,-0.142134,-0.008965,0.022248,0.011724,-0.018113,0.242492,0.969294,0.040834,0.000000,0.000000,0.000000,-1,0.280228,0.992828,0.028763,-0.022806,-0.131515,-0.019571,33.224686,249.097229,-526.730164,0,0
1.640000,1.724975,-1.320184,1.533095,0.950801,-0.189541,-0.245056,-0.247821,0.009347,-0.968761,0.185910,0.981828,-0.038085,-0.703480,0.155428,0.021019,0.693193,0.013310,-0.105144,-0.016615,0.036179,0.029179,-0.004256,0.245056,0.968761,0.038085,0.000000,0.000000,0.000000,-1,0.288132,1.000488,0.036652,-0.007779,-0.080798,-0.032662,34.455231,248.218262,-527.232971,0,0
1.680000,1.718755,-1.317921,1.529622,0.950739,-0.186712,-0.247455,-0.249976,0.010298,-0.968197,0.183322,0.982361,-0.036882,-0.703087,0.155275,0.022804,0.693570,0.008136,-0.043831,-0.029526,0.045895,0.028125,0.007017,0.247455,0.968197,0.036883,0.000000,0.000000,0.000000,-1,0.283371,0.990402,0.045349,-0.041668,-0.016231,-0.037968,33.927856,248.394058,-526.059814,0,0
1.720000,1.722151,-1.316053,1.534178,0.950503,-0.185700,-0.249116,-0.251828,0.009226,-0.967728,0.182005,0.982563,-0.037996,-0.703433,0.155497,0.023851,0.693133,-0.031210,-0.024734,-0.027112,0.027037,0.019134,0.002333,0.249116,0.967728,0.037996,0.000000,0.000000,0.000000,-1,0.262482,0.972443,0.030853,-0.059784,-0.020473,-0.038877,33.576279,248.042480,-527.400513,0,0
1.760000,1.722478,-1.316007,1.536024,0.950774,-0.184266,-0.249147,-0.251889,0.008762,-0.967717,0.180500,0.982837,-0.038084,-0.703579,0.154977,0.024392,0.693082,-0.011031,-0.033344,-0.041061,0.011488,0.004314,-0.009885,0.249147,0.967716,0.038084,0.000000,0.000000,0.000000,-1,0.253632,0.964417,0.031906,-0.022570,-0.022768,-0.057267,33.752060,247.866684,-526.897766,0,0
1.800000,1.719541,-1.317112,1.534078,0.951220,-0.183241,-0.248201,-0.250803,0.009213,-0.967994,0.179663,0.983025,-0.037193,-0.703420,0.154262,0.024359,0.693405,0.018751,-0.029305,-0.061538,0.005431,-0.003578,-0.005287,0.248201,0.967994,0.037193,0.000000,0.000000,0.000000,-1,0.245834,0.965057,0.038589,0.008250,-0.024032,-0.078808,34.631027,248.042480,-527.065369,0,0
1.840000,1.713867,-1.321120,1.530347,0.952542,-0.181250,-0.244566,-0.246888,0.009992,-0.968992,0.178074,0.983386,-0.035231,-0.703168,0.152218,0.023640,0.694137,0.038887,-0.039047,-0.084018,0.005755,-0.007506,0.008196,0.244566,0.968992,0.035231,0.000000,0.000000,0.000000,-1,0.252838,0.964417,0.043655,0.020955,-0.029538,-0.101257,33.927856,248.394058,-526.730164,0,0
1.880000,1.709548,-1.323448,1.526929,0.953258,-0.180285,-0.242481,-0.244598,0.010737,-0.969565,0.177401,0.983556,-0.033862,-0.702919,0.151114,0.023146,0.694646,0.066541,-0.035982,-0.095953,0.009564,0.001291,0.005551,0.242481,0.969565,0.033862,0.000000,0.000000,0.000000,-1,0.246475,0.972839,0.040527,0.053935,-0.029645,-0.112166,33.400482,249.976181,-526.897766,0,0
1.920000,1.700874,-1.326620,1.519090,0.954149,-0.179264,-0.239715,-0.241434,0.012495,-0.970337,0.176942,0.983722,-0.031359,-0.702320,0.149753,0.022345,0.695573,0.105894,-0.032980,-0.114374,0.004548,-0.000030,0.006437,0.239715,0.970337,0.031359,0.000000,0.000000,0.000000,-1,0.236084,0.965866,0.039841,0.113568,-0.003447,-0.141490,34.631027,250.151978,-526.730164,0,0
1.960000,1.678827,-1.334072,1.496362,0.955750,-0.179393,-0.233153,-0.233870,0.017440,-0.972111,0.178456,0.983623,-0.025286,-0.700642,0.147459,0.019517,0.697837,0.173036,0.020730,-0.147057,-0.004011,-0.006444,0.012128,0.233153,0.972111,0.025286,0.000000,0.000000,0.000000,-1,0.219543,0.960495,0.041092,0.153041,0.034534,-0.156853,34.455231,250.327774,-527.232971,0,0
2.000000,1.663576,-1.339245,1.479597,0.956660,-0.180523,-0.228501,-0.228534,0.020900,-0.973312,0.180481,0.983349,-0.021261,-0.699081,0.145800,0.016345,0.699830,0.182678,0.034664,-0.130153,-0.016778,-0.009582,0.020203,0.226922,0.973709,0.019943,0.000000,0.000000,0.000000,-1,0.205917,0.968964,0.031586,0.153131,0.043243,-0.131319,34.103653,250.327774,-526.227417,0,0
2.040000,1.634449,-1.347239,1.448145,0.958048,-0.182190,-0.221251,-0.220034,0.027124,-0.975115,0.183657,0.982889,-0.014102,-0.697321,0.144203,0.013478,0.701974,0.169877,0.006341,-0.101208,-0.019972,-0.012118,-0.004123,0.221251,0.975115,0.014102,0.000000,0.000000,0.000000,-1,0.193024,0.957733,-0.013977,0.182788,-0.026460,-0.108916,33.752060,248.569855,-527.568115,0,0
2.080000,1.591778,-1.352159,1.406449,0.959396,-0.180376,-0.216852,-0.213977,0.035487,-0.976194,0.183777,0.982957,-0.004551,-0.694345,0.141987,0.011909,0.705396,0.270753,-0.098424,-0.088826,-0.025766,-0.020734,-0.022678,0.216852,0.976194,0.004550,0.000000,0.000000,0.000000,-1,0.193039,0.974350,0.006180,0.271993,-0.117411,-0.092222,33.752060,248.921432,-527.903320,0,0
2.120000,1.528337,-1.355788,1.347179,0.961204,-0.175067,-0.213163,-0.208043,0.047314,-0.976975,0.181122,0.983419,0.009056,-0.690079,0.138792,0.011608,0.710207,0.318543,-0.144990,-0.083705,-0.020094,0.006576,0.024391,0.213163,0.976975,-0.009056,0.000000,0.000000,0.000000,-1,0.188171,1.005157,0.028244,0.275123,-0.134407,-0.097509,33.576279,250.151978,-528.070923,0,0
2.160000,1.476067,-1.359654,1.299039,0.963075,-0.170171,-0.208637,-0.201885,0.056256,-0.977792,0.178128,0.983808,0.019823,-0.686840,0.135423,0.011105,0.713995,0.222713,-0.111414,-0.120385,-0.016651,0.038504,0.041796,0.208637,0.977792,-0.019823,0.000000,0.000000,0.000000,-1,0.197952,1.011902,0.006653,0.184650,-0.087147,-0.142793,35.334198,250.503555,-526.730164,0,0
2.200000,1.421355,-1.365270,1.247930,0.965263,-0.165954,-0.201808,-0.193537,0.064753,-0.978954,0.175528,0.984005,0.030385,-0.683763,0.131438,0.009608,0.717705,0.208890,-0.093490,-0.129939,-0.000956,0.028905,0.023183,0.201808,0.978954,-0.030385,0.000000,0.000000,0.000000,-1,0.206848,1.000290,-0.019135,0.191069,-0.079705,-0.139675,34.455231,251.734100,-528.908813,0,0
2.240000,1.398427,-1.367115,1.226233,0.966043,-0.164465,-0.199278,-0.190386,0.068326,-0.979329,0.174681,0.984014,0.034694,-0.682463,0.129989,0.009010,0.719212,0.224907,-0.084921,-0.119443,0.007570,0.020961,0.015559,0.199278,0.979329,-0.034694,0.000000,0.000000,0.000000,-1,0.201965,0.989777,-0.042374,0.201795,-0.076274,-0.112072,33.400482,251.030945,-527.232971,0,0
2.280000,1.349099,-1.369114,1.179327,0.967346,-0.161413,-0.195415,-0.185164,0.076431,-0.979731,0.173077,0.983923,0.044047,-0.679498,0.127512,0.008219,0.722465,0.214352,-0.085622,-0.081004,0.004582,0.010793,-0.002218,0.195415,0.979731,-0.044047,0.000000,0.000000,0.000000,-1,0.193085,0.995041,-0.061951,0.173102,-0.078159,-0.087340,33.400482,251.382523,-528.238464,0,0
2.320000,1.303881,-1.370195,1.136740,0.968515,-0.158229,-0.192203,-0.180781,0.083799,-0.979947,0.171162,0.983840,0.052556,-0.676787,0.125228,0.007772,0.725409,0.179234,-0.086604,-0.073272,-0.000553,0.013705,-0.016444,0.192203,0.979947,-0.052556,0.000000,0.000000,0.000000,-1,0.180649,0.998810,-0.084915,0.149659,-0.089744,-0.080723,34.103653,251.734100,-528.238464,0,0
2.360000,1.245800,-1.370949,1.083014,0.970118,-0.153229,-0.188127,-0.175367,0.093040,-0.980097,0.167682,0.983801,0.063388,-0.673367,0.121997,0.007590,0.729134,0.221712,-0.122678,-0.078797,-0.012315,0.022222,-0.017300,0.188127,0.980097,-0.063388,0.000000,0.000000,0.000000,-1,0.171829,1.011993,-0.065186,0.224078,-0.112172,-0.099327,34.279449,253.316238,-529.411621,0,0
2.400000,1.183696,-1.371421,1.023889,0.971590,-0.149588,-0.183402,-0.169168,0.102999,-0.980191,0.165515,0.983369,0.074768,-0.669668,0.118998,0.006678,0.733034,0.283511,-0.076456,-0.118873,-0.004050,0.039036,0.029983,0.183402,0.980191,-0.074768,0.000000,0.000000,0.000000,-1,0.187424,1.032349,-0.028839,0.239090,-0.055229,-0.126290,35.334198,253.667816,-529.746765,0,0
2.440000,1.125329,-1.373084,0.966409,0.972933,-0.148262,-0.177257,-0.161630,0.111621,-0.980519,0.165159,0.982629,0.084636,-0.666460,0.116245,0.004538,0.736409,0.200580,-0.010885,-0.132329,0.010349,0.055538,0.063549,0.177257,0.980519,-0.084636,0.000000,0.000000,0.000000,-1,0.187881,1.026321,-0.041733,0.162580,0.011329,-0.146187,34.279449,254.019409,-529.076416,0,0
2.480000,1.092180,-1.374123,0.932489,0.973534,-0.148817,-0.173451,-0.156933,0.116432,-0.980722,0.166143,0.981986,0.089996,-0.664663,0.115002,0.002748,0.738235,0.175104,0.005117,-0.120473,0.015163,0.039236,0.035323,0.173451,0.980722,-0.089996,0.000000,0.000000,0.000000,-1,0.167831,1.001144,-0.080551,0.148796,0.008401,-0.119436,34.279449,252.964645,-528.406067,0,0
2.520000,1.065846,-1.374659,0.905502,0.973971,-0.149300,-0.170561,-0.153321,0.120299,-0.980827,0.166955,0.981447,0.094277,-0.663211,0.114074,0.001359,0.739687,0.164502,0.000103,-0.090542,-0.002729,0.020318,0.013726,0.170561,0.980827,-0.094277,0.000000,0.000000,0.000000,-1,0.144211,0.972427,-0.109161,0.130772,0.013928,-0.094815,34.103653,253.492020,-529.579224,0,0
2.560000,1.022593,-1.374620,0.861378,0.974612,-0.149854,-0.166357,-0.147894,0.126969,-0.980819,0.168102,0.980522,0.101583,-0.660693,0.112665,-0.000660,0.742153,0.141087,-0.010340,-0.071194,-0.026876,-0.008514,-0.020426,0.166357,0.980819,-0.101583,0.000000,0.000000,0.000000,-1,0.141296,0.988297,-0.141388,0.116884,-0.015567,-0.077551,31.994141,252.788864,-529.579224,0,0
2.600000,0.985873,-1.373844,0.825678,0.975349,-0.148582,-0.163150,-0.143827,0.132684,-0.980667,0.167357,0.979958,0.108043,-0.658525,0.111009,-0.001597,0.744324,0.138880,-0.058845,-0.047568,-0.020633,0.017501,-0.035405,0.163150,0.980667,-0.108043,0.000000,0.000000,0.000000,-1,0.154694,1.024750,-0.125046,0.116805,-0.067179,-0.046463,34.982605,255.074158,-530.417114,0,0
2.640000,0.963260,-1.372155,0.805113,0.975881,-0.146300,-0.162026,-0.142263,0.136761,-0.980336,0.165582,0.979741,0.112650,-0.656976,0.109807,-0.001353,0.745871,0.148436,-0.089316,-0.020895,-0.008675,0.053142,-0.006384,0.162026,0.980336,-0.112650,0.000000,0.000000,0.000000,-1,0.161942,1.019348,-0.096008,0.123201,-0.056678,-0.056140,34.806824,253.843613,-528.908813,0,0
2.680000,0.925153,-1.370389,0.769025,0.976720,-0.144007,-0.158998,-0.138439,0.143048,-0.979986,0.163869,0.979183,0.119782,-0.654578,0.107873,-0.001860,0.748256,0.149563,-0.031456,-0.063739,0.007429,0.029185,0.037598,0.158998,0.979986,-0.119782,0.000000,0.000000,0.000000,-1,0.159195,1.010117,-0.074387,0.130703,-0.028221,-0.071219,32.873108,253.667816,-531.087463,0,0
2.720000,0.905446,-1.369599,0.750203,0.977155,-0.143011,-0.157216,-0.136250,0.146195,-0.979828,0.163110,0.978864,0.123370,-0.653374,0.106853,-0.002255,0.749453,0.150546,-0.067296,-0.045502,0.001887,0.041916,0.054186,0.157216,0.979828,-0.123370,0.000000,0.000000,0.000000,-1,0.162445,1.046402,-0.055847,0.103988,-0.077797,-0.049520,34.103653,251.734100,-530.249512,0,0
2.760000,0.889905,-1.370006,0.737848,0.977960,-0.139921,-0.154970,-0.134165,0.147572,-0.979909,0.159979,0.979104,0.125547,-0.652848,0.104958,-0.001918,0.750180,0.031223,-0.081038,-0.045596,0.011656,0.065379,0.073209,0.154970,0.979909,-0.125547,0.000000,0.000000,0.000000,-1,0.154953,1.023987,-0.074936,-0.050352,-0.050358,-0.063340,33.048904,254.546783,-530.584717,0,0
2.800000,0.888115,-1.375302,0.740009,0.979087,-0.136652,-0.150716,-0.130982,0.143447,-0.980952,0.155669,0.980178,0.122548,-0.654426,0.102240,-0.001892,0.749180,-0.012538,-0.103281,-0.047316,-0.021886,0.022527,0.016896,0.150716,0.980952,-0.122548,0.000000,0.000000,0.000000,-1,0.124481,0.998810,-0.111816,-0.019672,-0.123358,-0.053716,33.927856,254.019409,-531.087463,0,0
2.840000,0.877197,-1.375908,0.733440,0.979940,-0.132449,-0.148912,-0.129639,0.143863,-0.981069,0.151365,0.980694,0.123806,-0.654269,0.100146,-0.000937,0.749601,0.044753,-0.176317,-0.041095,-0.021074,0.014490,0.017086,0.148912,0.981069,-0.123806,0.000000,0.000000,0.000000,-1,0.144836,0.985641,-0.082886,0.041917,-0.177399,-0.055057,35.861572,252.788864,-530.919922,0,0
2.880000,0.853611,-1.376136,0.716916,0.981319,-0.125541,-0.145783,-0.127098,0.145817,-0.981113,0.144427,0.981314,0.127137,-0.653522,0.096645,0.000519,0.750712,0.078795,-0.180579,-0.043482,0.008560,0.003002,0.047929,0.145783,0.981113,-0.127137,0.000000,0.000000,0.000000,-1,0.164246,0.990692,-0.073181,0.014394,-0.133859,-0.043288,34.631027,254.370987,-531.087463,0,0
2.920000,0.851975,-1.378006,0.722176,0.982371,-0.118973,-0.144193,-0.126650,0.143769,-0.981474,0.137499,0.982434,0.126167,-0.654300,0.093850,0.002558,0.750385,-0.025371,-0.140961,-0.000205,0.006121,0.013278,0.045982,0.144194,0.981473,-0.126167,0.000000,0.000000,0.000000,-1,0.129456,1.005890,-0.096817,-0.057929,-0.146117,0.004193,34.103653,253.492020,-532.260620,0,0
2.960000,0.853095,-1.378076,0.728583,0.982973,-0.113785,-0.144283,-0.127523,0.142904,-0.981487,0.132297,0.983174,0.125961,-0.654620,0.092156,0.004578,0.750306,-0.030770,-0.200936,0.042675,-0.023006,0.032734,0.023315,0.144283,0.981487,-0.125961,0.000000,0.000000,0.000000,-1,0.105362,1.025757,-0.095932,-0.049531,-0.214638,0.039540,34.103653,253.843613,-530.919922,0,0
3.000000,0.851310,-1.378407,0.733936,0.983825,-0.106801,-0.143813,-0.128068,0.141978,-0.981550,0.125249,0.984091,0.126003,-0.654951,0.089652,0.007086,0.750301,0.011695,-0.245360,0.049952,-0.038451,0.044207,0.030071,0.143813,0.981550,-0.126003,0.000000,0.000000,0.000000,-1,0.112808,1.047836,-0.073074,-0.003784,-0.224212,0.036025,33.927856,255.074158,-531.757812,0,0
3.040000,0.852105,-1.379918,0.746536,0.985150,-0.095338,-0.142797,-0.128840,0.139264,-0.981838,0.113493,0.985655,0.124913,-0.655929,0.085443,0.011169,0.749888,-0.023435,-0.229435,0.052262,-0.018484,0.061817,0.058339,0.142797,0.981838,-0.124913,0.000000,0.000000,0.000000,-1,0.128723,1.034454,-0.074326,-0.078251,-0.201961,0.035454,35.861572,253.843613,-531.590271,0,0
3.080000,0.859995,-1.380503,0.760548,0.985629,-0.089373,-0.143343,-0.130383,0.137029,-0.981949,0.107402,0.986527,0.123408,-0.656733,0.083655,0.013682,0.749344,-0.119121,-0.173385,0.041075,-0.013918,0.046356,0.037363,0.143343,0.981949,-0.123408,0.000000,0.000000,0.000000,-1,0.126663,1.008301,-0.121414,-0.168629,-0.157494,0.031727,35.685776,254.019409,-531.422668,0,0
3.120000,0.887756,-1.384126,0.795603,0.986132,-0.082592,-0.143953,-0.132563,0.129885,-0.982628,0.099855,0.988083,0.117135,-0.659377,0.081575,0.016720,0.747187,-0.178712,-0.174239,0.061771,-0.016710,0.020104,-0.012809,0.143953,0.982628,-0.117135,0.000000,0.000000,0.000000,-1,0.147720,0.997818,-0.138947,-0.204795,-0.166780,0.057610,35.685776,252.964645,-530.752319,0,0
3.160000,0.932869,-1.385860,0.850286,0.986298,-0.073451,-0.147720,-0.138183,0.121321,-0.982948,0.090120,0.989892,0.109509,-0.662470,0.079866,0.021737,0.744501,-0.159176,-0.094398,0.106064,0.019471,0.022347,-0.028507,0.147720,0.982948,-0.109509,0.000000,0.000000,0.000000,-1,0.172745,1.008743,-0.130539,-0.172426,-0.069904,0.111327,36.213150,251.734100,-531.255066,0,0
3.200000,0.960541,-1.384243,0.880423,0.985829,-0.070977,-0.151995,-0.143001,0.118114,-0.982649,0.087698,0.990460,0.106290,-0.663594,0.080613,0.024223,0.743343,-0.115253,-0.044217,0.150288,0.023328,0.026872,-0.020709,0.151995,0.982649,-0.106290,0.000000,0.000000,0.000000,-1,0.179901,1.009399,-0.120163,-0.121053,-0.016566,0.153342,36.916321,251.734100,-530.584717,0,0
3.240000,0.996721,-1.379400,0.917311,0.984675,-0.070005,-0.159735,-0.151036,0.115651,-0.981740,0.087200,0.990820,0.103306,-0.664402,0.083173,0.027293,0.742232,-0.074438,0.029336,0.201908,0.024942,0.023418,-0.015514,0.159735,0.981740,-0.103306,0.000000,0.000000,0.000000,-1,0.181305,0.994507,-0.117020,-0.104687,0.049826,0.231800,37.971069,252.085693,-530.919922,0,0
3.280000,1.050439,-1.369777,0.969694,0.982333,-0.070777,-0.173240,-0.164669,0.112923,-0.979864,0.088915,0.991080,0.099273,-0.665233,0.088482,0.031690,0.740697,-0.103884,0.072555,0.293605,0.010247,0.008540,-0.014390,0.173240,0.979864,-0.099273,0.000000,0.000000,0.000000,-1,0.193024,0.978500,-0.111694,-0.127791,0.104429,0.294628,37.795288,251.558319,-530.752319,0,0
3.320000,1.074767,-1.364359,0.992467,0.980978,-0.072000,-0.180271,-0.171641,0.112044,-0.978767,0.090669,0.991091,0.097555,-0.665466,0.091530,0.033661,0.740030,-0.098348,0.124627,0.312556,0.012753,-0.000267,-0.014140,0.180271,0.978767,-0.097555,0.000000,0.000000,0.000000,-1,0.211090,0.980042,-0.111786,-0.112663,0.168082,0.305991,37.795288,251.558319,-530.417114,0,0
3.360000,1.115891,-1.351409,1.026618,0.977596,-0.078007,-0.195500,-0.186196,0.112671,-0.976031,0.098165,0.990565,0.095623,-0.665076,0.099313,0.036588,0.739238,-0.018034,0.251877,0.330663,0.015591,0.004011,-0.016163,0.195500,0.976031,-0.095623,0.000000,0.000000,0.000000,-1,0.231293,0.952133,-0.103851,0.006031,0.328081,0.315124,35.861572,253.140442,-531.590271,0,0
3.400000,1.161774,-1.330921,1.051717,0.971140,-0.096803,-0.217983,-0.206286,0.117860,-0.971368,0.119722,0.988301,0.094489,-0.663097,0.114270,0.037046,0.738832,0.045212,0.433509,0.273070,0.037296,-0.062890,-0.041573,0.217983,0.971368,-0.094489,0.000000,0.000000,0.000000,-1,0.261169,0.898148,-0.151321,0.009452,0.454596,0.251769,39.201614,251.909897,-530.752319,0,0
3.440000,1.176905,-1.325934,1.058061,0.968943,-0.105052,-0.223859,-0.211249,0.118924,-0.970171,0.128541,0.987330,0.093038,-0.662756,0.119313,0.035955,0.738394,0.011158,0.456622,0.251941,0.043628,-0.079149,-0.071864,0.223859,0.970171,-0.093038,0.000000,0.000000,0.000000,-1,0.277344,0.874191,-0.197647,-0.040604,0.466081,0.232939,37.267914,252.085693,-531.255066,0,0
3.480000,1.208739,-1.316153,1.073523,0.964368,-0.120419,-0.235570,-0.221392,0.120164,-0.967753,0.144843,0.985424,0.089223,-0.662378,0.129009,0.034243,0.737183,-0.049807,0.375931,0.230360,0.046825,-0.091365,-0.120006,0.235570,0.967753,-0.089223,0.000000,0.000000,0.000000,-1,0.295029,0.889740,-0.232956,-0.049583,0.331366,0.211142,36.740524,250.855148,-530.417114,0,0
3.520000,1.203721,-1.302830,1.057837,0.960354,-0.129020,-0.247132,-0.230694,0.129938,-0.964311,0.156528,0.983092,0.095023,-0.658671,0.136530,0.034389,0.739141,0.288859,0.109103,0.132884,0.107070,-0.028551,-0.117715,0.247132,0.964311,-0.095023,0.000000,0.000000,0.000000,-1,0.395676,0.999664,-0.127396,0.486089,0.108817,0.093832,36.037369,251.909897,-530.081970,0,0
3.560000,1.145806,-1.291351,0.993116,0.958759,-0.132799,-0.251286,-0.231065,0.150622,-0.961209,0.165497,0.979631,0.113725,-0.650848,0.139766,0.032953,0.745504,0.638025,0.146475,0.057595,0.150371,0.052006,0.027894,0.251286,0.961209,-0.113725,0.000000,0.000000,0.000000,-1,0.402435,1.033569,-0.014404,0.636344,0.215033,0.014500,36.740524,252.613068,-532.093018,0,0
3.600000,1.084006,-1.280771,0.915091,0.956511,-0.145607,-0.252757,-0.226670,0.174365,-0.958237,0.183598,0.973856,0.133778,-0.641944,0.144980,0.026934,0.752438,0.493979,0.489701,-0.051271,0.124226,0.083389,0.143284,0.252757,0.958237,-0.133778,0.000000,0.000000,0.000000,-1,0.311523,1.017944,-0.026550,0.217865,0.653568,-0.104280,35.334198,252.613068,-533.098511,0,0
3.640000,1.076772,-1.279979,0.880909,0.952365,-0.171084,-0.252451,-0.221164,0.182493,-0.958010,0.209971,0.968208,0.135962,-0.639122,0.153432,0.016617,0.753462,0.049314,0.688162,-0.131662,0.036825,0.061476,0.078223,0.252451,0.958010,-0.135962,0.000000,0.000000,0.000000,-1,0.212997,1.005768,-0.143478,-0.039914,0.664731,-0.161980,34.806824,253.140442,-531.590271,0,0
3.680000,1.097266,-1.287558,0.878293,0.948829,-0.194587,-0.248715,-0.215091,0.178430,-0.960155,0.231212,0.964520,0.127445,-0.640889,0.159809,0.006828,0.750784,-0.130468,0.453398,-0.209287,-0.046688,0.034000,-0.029522,0.248715,0.960155,-0.127445,0.000000,0.000000,0.000000,-1,0.187073,0.965775,-0.181046,-0.158055,0.391822,-0.239940,33.927856,251.558319,-532.428223,0,0
3.720000,1.107597,-1.295891,0.878508,0.948015,-0.205649,-0.242852,-0.208963,0.173270,-0.962451,0.240006,0.963165,0.121290,-0.642934,0.161219,0.001107,0.748761,-0.114182,0.258960,-0.274735,-0.055779,0.003324,-0.059756,0.242852,0.962451,-0.121290,0.000000,0.000000,0.000000,-1,0.202377,0.979691,-0.179306,-0.112179,0.127435,-0.309616,33.927856,252.261475,-532.428223,0,0
3.760000,1.103258,-1.308026,0.869807,0.949457,-0.211573,-0.231880,-0.198507,0.167537,-0.965674,0.243159,0.962896,0.117070,-0.645145,0.158910,-0.004371,0.747339,-0.053349,-0.022003,-0.303982,-0.029503,0.014017,-0.062236,0.231880,0.965674,-0.117070,0.000000,0.000000,0.000000,-1,0.207748,1.013260,-0.102829,-0.017060,-0.097235,-0.321230,32.697311,251.030945,-532.260620,0,0
3.800000,1.065179,-1.321549,0.836251,0.953847,-0.208814,-0.215809,-0.183066,0.165333,-0.969098,0.238041,0.963879,0.119476,-0.645956,0.151666,-0.008604,0.748107,0.061333,-0.106960,-0.325860,0.001766,0.084353,0.077240,0.215809,0.969098,-0.119476,0.000000,0.000000,0.000000,-1,0.224899,1.071594,0.011703,0.025652,-0.054900,-0.323851,33.048904,252.437271,-530.584717,0,0
3.840000,1.043530,-1.329039,0.815113,0.955735,-0.209201,-0.206894,-0.174243,0.164184,-0.970919,0.237086,0.963991,0.120464,-0.646353,0.148311,-0.011678,0.748395,-0.017019,0.002555,-0.281985,0.015731,0.099791,0.158031,0.206894,0.970919,-0.120464,0.000000,0.000000,0.000000,-1,0.209763,1.055954,0.080536,-0.145297,0.043244,-0.251517,30.939392,252.788864,-532.595764,0,0
3.880000,1.066650,-1.347790,0.834890,0.957192,-0.215137,-0.193647,-0.163931,0.148458,-0.975237,0.238558,0.965234,0.106835,-0.652284,0.145285,-0.017213,0.743721,-0.441329,0.118739,-0.210949,0.010134,0.053251,0.168480,0.193647,0.975237,-0.106835,0.000000,0.000000,0.000000,-1,0.197952,1.010803,0.043564,-0.547475,0.109356,-0.211359,32.169937,251.206726,-531.757812,0,0
3.920000,1.125068,-1.360423,0.892113,0.957504,-0.218365,-0.188422,-0.162549,0.131093,-0.977953,0.238251,0.967022,0.090028,-0.658859,0.144535,-0.018908,0.738008,-0.601098,0.058861,-0.160481,0.014978,-0.013674,0.088853,0.188422,0.977953,-0.090028,0.000000,0.000000,0.000000,-1,0.211578,0.925781,-0.043411,-0.618815,0.054900,-0.145617,30.939392,249.976181,-530.919922,0,0
3.960000,1.216706,-1.372512,0.985684,0.958112,-0.218822,-0.184766,-0.164218,0.108795,-0.980406,0.234636,0.969681,0.068303,-0.667273,0.143509,-0.018684,0.730618,-0.489393,-0.078702,-0.029797,0.048952,-0.084090,-0.012599,0.184766,0.980406,-0.068303,0.000000,0.000000,0.000000,-1,0.261810,0.874725,-0.096085,-0.399791,-0.210225,0.051828,30.763611,250.855148,-531.087463,0,0
4.000000,1.279458,-1.370239,1.058554,0.958965,-0.209701,-0.190820,-0.173645,0.097642,-0.979956,0.224129,0.972878,0.057222,-0.671584,0.142702,-0.012400,0.726950,-0.191517,-0.293400,0.124287,0.100455,-0.119162,-0.019530,0.190820,0.979956,-0.057221,0.000000,0.000000,0.000000,-1,0.324188,0.865616,-0.002487,-0.015597,-0.317792,0.109975,30.587814,249.976181,-530.919922,0,0
4.040000,1.294991,-1.360897,1.086314,0.959618,-0.197329,-0.200487,-0.184383,0.097045,-0.978052,0.212454,0.975522,0.056742,-0.671906,0.142026,-0.004453,0.726878,0.119197,-0.307622,0.079400,0.134398,-0.099237,0.091318,0.200487,0.978052,-0.056742,0.000000,0.000000,0.000000,-1,0.369690,0.940796,0.109741,0.095146,-0.271700,0.056743,32.345734,249.976181,-533.266113,0,0
4.080000,1.279511,-1.357697,1.079210,0.960905,-0.188737,-0.202581,-0.186446,0.099829,-0.977380,0.204692,0.976940,0.060736,-0.670884,0.139810,-0.000786,0.728263,-0.037858,-0.121312,0.065005,0.172160,-0.017053,0.176841,0.202581,0.977380,-0.060736,0.000000,0.000000,0.000000,-1,0.371780,1.009232,0.082794,-0.172544,-0.050441,0.039879,33.048904,249.273026,-530.584717,0,0
4.120000,1.308540,-1.357272,1.111258,0.960945,-0.186277,-0.204660,-0.189922,0.093987,-0.977290,0.201282,0.977991,0.054939,-0.673056,0.139735,0.001255,0.726270,-0.252632,-0.024837,0.070570,0.160117,0.064168,0.120582,0.204660,0.977290,-0.054939,0.000000,0.000000,0.000000,-1,0.288544,1.141632,-0.003387,-0.339516,-0.036078,0.100778,31.818359,250.151978,-529.746765,0,0
4.160000,1.355116,-1.356631,1.162527,0.961030,-0.182541,-0.207608,-0.195064,0.084380,-0.977154,0.195888,0.979571,0.045484,-0.676603,0.139522,0.004330,0.722996,-0.395833,-0.213170,0.089431,0.080936,0.164478,0.042097,0.207608,0.977154,-0.045484,0.000000,0.000000,0.000000,-1,0.175873,1.167297,-0.080811,-0.446519,-0.158454,0.037082,31.466766,248.745636,-531.757812,0,1
4.200000,1.426719,-1.360940,1.241504,0.962351,-0.177137,-0.206161,-0.197127,0.067365,-0.978061,0.187139,0.981878,0.029910,-0.682839,0.137025,0.006964,0.717570,-0.432373,-0.148435,-0.126788,-0.068100,0.256375,-0.083661,0.206161,0.978061,-0.029910,0.000000,0.000000,0.000000,-1,0.094818,1.420288,-0.181183,-0.454748,-0.251390,-0.162787,32.169937,247.339310,-530.417114,0,0
4.240000,1.495390,-1.375647,1.328152,0.967675,-0.161912,-0.193362,-0.188232,0.046592,-0.981019,0.167848,0.985705,0.014608,-0.690376,0.126795,0.009239,0.712193,0.022524,-0.242655,-0.341962,-0.157748,0.398910,-0.143000,0.193362,0.981019,-0.014608,0.000000,0.000000,0.000000,-1,0.016586,1.299225,-0.151443,0.228244,-0.230615,-0.422773,33.927856,247.339310,-529.411621,0,0
4.280000,1.455739,-1.383415,1.292921,0.970053,-0.157329,-0.185055,-0.179141,0.051101,-0.982495,0.164032,0.986223,0.021386,-0.688761,0.122129,0.007631,0.714587,0.439525,-0.281844,-0.448385,-0.175671,0.224063,-0.128363,0.185055,0.982495,-0.021386,0.000000,0.000000,0.000000,-1,0.020889,0.927094,-0.098206,0.530251,-0.332625,-0.452431,33.752060,248.218262,-529.914368,0,0
