0.000000,2.646926,-0.615477,1.809281,0.474244,-0.790469,-0.387623,-0.793389,-0.192882,-0.577348,0.381610,0.581339,-0.718622,-0.772293,0.512713,0.001946,0.375080,0.000042,0.010245,-0.000753,-0.000614,-0.003877,-0.001337,0.387623,0.577348,0.718622,0.000000,0.000000,0.000000,-1,0.389252,0.572937,0.715225,-0.022337,0.017893,-0.012678,73.832642,206.028198,-466.230774,0,0
0.040000,2.646926,-0.615477,1.809281,0.474244,-0.790469,-0.387623,-0.793389,-0.192882,-0.577348,0.381610,0.581339,-0.718622,-0.772293,0.512713,0.001946,0.375080,0.000042,0.010245,-0.000753,-0.000614,-0.003877,-0.001337,0.387623,0.577348,0.718622,0.000000,0.000000,0.000000,-1,0.387589,0.571518,0.714294,-0.022334,0.018952,-0.012682,73.832642,206.028198,-466.230774,0,0
0.080000,2.647572,-0.615500,1.809264,0.473993,-0.790850,-0.387152,-0.793379,-0.192865,-0.577367,0.381942,0.580826,-0.718861,-0.772289,0.512836,0.001686,0.374922,0.003226,0.022907,-0.005134,0.000253,-0.005284,-0.003620,0.387152,0.577367,0.718861,0.000000,0.000000,0.000000,-1,0.386520,0.572281,0.716812,-0.022307,0.030573,-0.015921,72.777893,206.379776,-467.571503,0,0
0.120000,2.647997,-0.615407,1.809371,0.473881,-0.791054,-0.386872,-0.793411,-0.192963,-0.577291,0.382017,0.580516,-0.719072,-0.772321,0.512891,0.001572,0.374782,-0.001088,0.009105,-0.008238,0.004546,-0.003545,-0.001283,0.386872,0.577291,0.719072,0.000000,0.000000,0.000000,-1,0.388443,0.576324,0.716644,-0.026626,0.011500,-0.016882,73.481049,206.028198,-467.236328,0,0
0.160000,2.647854,-0.615362,1.809615,0.474111,-0.790860,-0.386987,-0.793389,-0.193163,-0.577254,0.381776,0.580714,-0.719040,-0.772385,0.512778,0.001687,0.374803,-0.003262,-0.004680,-0.009230,0.002616,0.001313,-0.001450,0.386987,0.577254,0.719040,0.000000,0.000000,0.000000,-1,0.386292,0.575272,0.716766,-0.025580,0.006194,-0.017935,72.602097,206.555573,-467.403931,0,0
0.200000,2.647896,-0.615476,1.809756,0.474250,-0.790807,-0.386926,-0.793298,-0.193259,-0.577347,0.381793,0.580755,-0.718998,-0.772416,0.512711,0.001661,0.374831,-0.000005,0.006006,0.001358,-0.000299,0.000579,-0.005512,0.386926,0.577347,0.718998,0.000000,0.000000,0.000000,-1,0.388458,0.577271,0.713928,-0.024462,0.016864,-0.009461,73.832642,206.028198,-466.565979,0,0
0.240000,2.647965,-0.615598,1.809601,0.474147,-0.790909,-0.386843,-0.793259,-0.193119,-0.577447,0.382001,0.580661,-0.718963,-0.772371,0.512761,0.001567,0.374855,0.001075,0.009179,0.001338,0.002012,0.002235,-0.002303,0.386843,0.577447,0.718963,0.000000,0.000000,0.000000,-1,0.388641,0.575317,0.723038,-0.018070,0.017921,-0.009515,72.777893,207.786118,-468.241852,0,0
0.280000,2.648065,-0.615610,1.809453,0.473996,-0.791036,-0.386768,-0.793281,-0.193000,-0.577457,0.382143,0.580528,-0.718995,-0.772333,0.512835,0.001497,0.374833,-0.000015,0.002802,-0.000757,-0.000247,-0.003253,-0.008958,0.386768,0.577457,0.718995,0.000000,0.000000,0.000000,-1,0.385239,0.575500,0.720612,-0.025548,0.011549,-0.011564,72.777893,206.028198,-466.565979,0,0
0.320000,2.647979,-0.615460,1.809462,0.473980,-0.790996,-0.386871,-0.793363,-0.193028,-0.577334,0.381992,0.580574,-0.719038,-0.772342,0.512843,0.001579,0.374804,-0.002169,-0.003565,-0.001779,-0.001632,-0.001834,0.001573,0.386871,0.577334,0.719038,0.000000,0.000000,0.000000,-1,0.387100,0.573715,0.714569,-0.024491,0.010469,-0.013699,72.074722,205.676605,-466.230774,0,0
0.360000,2.648028,-0.615411,1.809597,0.474049,-0.790965,-0.386849,-0.793365,-0.193141,-0.577294,0.381903,0.580578,-0.719082,-0.772378,0.512809,0.001601,0.374775,-0.002165,0.001689,-0.006057,0.000251,-0.003579,-0.004513,0.386849,0.577294,0.719082,0.000000,0.000000,0.000000,-1,0.385971,0.574570,0.721344,-0.026628,0.011490,-0.017947,72.953674,205.149231,-468.074280,0,0
0.400000,2.648374,-0.615336,1.810091,0.474279,-0.790938,-0.386620,-0.793311,-0.193544,-0.577233,0.381728,0.580480,-0.719254,-0.772509,0.512697,0.001583,0.374660,-0.005383,-0.001526,-0.010281,-0.000649,-0.002663,0.002090,0.386620,0.577233,0.719254,0.000000,0.000000,0.000000,-1,0.384064,0.576859,0.720505,-0.025594,0.004046,-0.021123,74.184219,206.731354,-468.241852,0,0
0.440000,2.648496,-0.615393,1.810634,0.474683,-0.790747,-0.386517,-0.793174,-0.193966,-0.577280,0.381511,0.580600,-0.719272,-0.772645,0.512500,0.001620,0.374648,-0.002203,-0.006811,-0.009221,-0.002453,-0.000421,0.001232,0.386517,0.577280,0.719272,0.000000,0.000000,0.000000,-1,0.384964,0.576172,0.715408,-0.028752,0.012559,-0.016869,72.602097,207.258728,-466.398376,0,0
0.480000,2.648738,-0.615537,1.810975,0.474915,-0.790712,-0.386304,-0.793027,-0.194217,-0.577397,0.381528,0.580564,-0.719293,-0.772727,0.512387,0.001545,0.374635,-0.002151,0.006976,-0.007144,-0.001340,-0.001225,-0.003885,0.386304,0.577397,0.719293,0.000000,0.000000,0.000000,-1,0.384857,0.573242,0.724228,-0.024480,0.016795,-0.016918,73.129471,206.379776,-467.571503,0,0
0.520000,2.649081,-0.615575,1.811190,0.474969,-0.790805,-0.386047,-0.792964,-0.194383,-0.577428,0.381592,0.580381,-0.719406,-0.772780,0.512361,0.001441,0.374560,-0.003210,0.006993,-0.005004,0.001023,-0.002919,0.005753,0.386047,0.577428,0.719406,0.000000,0.000000,0.000000,-1,0.384109,0.576416,0.719193,-0.025548,0.015736,-0.016906,73.305267,205.852402,-466.733551,0,0
0.560000,2.649502,-0.615470,1.811584,0.475080,-0.790872,-0.385772,-0.792946,-0.194710,-0.577343,0.381491,0.580180,-0.719622,-0.772886,0.512307,0.001385,0.374416,-0.001113,-0.001478,-0.004986,0.000642,-0.002895,-0.000277,0.385772,0.577343,0.719622,0.000000,0.000000,0.000000,-1,0.384735,0.577133,0.714096,-0.024497,0.009400,-0.014760,72.953674,206.555573,-467.068726,0,0
0.600000,2.649394,-0.615519,1.811656,0.475197,-0.790771,-0.385836,-0.792905,-0.194760,-0.577383,0.381432,0.580302,-0.719555,-0.772902,0.512250,0.001425,0.374460,-0.004301,-0.001472,-0.003895,0.000486,-0.002142,-0.007077,0.385836,0.577383,0.719555,0.000000,0.000000,0.000000,-1,0.383087,0.574127,0.714813,-0.027695,0.007293,-0.013662,73.305267,206.555573,-467.739075,0,0
0.640000,2.649472,-0.615396,1.811922,0.475331,-0.790701,-0.385814,-0.792922,-0.194987,-0.577282,0.381229,0.580320,-0.719648,-0.772976,0.512184,0.001483,0.374398,-0.005375,-0.001502,-0.007081,-0.000728,-0.002362,0.001940,0.385814,0.577282,0.719648,0.000000,0.000000,0.000000,-1,0.383316,0.574783,0.718369,-0.026636,0.007273,-0.015801,73.305267,206.203979,-466.398376,0,0
0.680000,2.649675,-0.615319,1.812404,0.475606,-0.790596,-0.385689,-0.792871,-0.195380,-0.577219,0.380992,0.580331,-0.719765,-0.773103,0.512049,0.001519,0.374320,-0.006445,-0.003607,-0.006001,-0.003731,-0.000636,-0.000878,0.385689,0.577219,0.719765,0.000000,0.000000,0.000000,-1,0.385910,0.576431,0.720261,-0.027703,0.008313,-0.017927,73.656845,206.555573,-467.068726,0,0
0.720000,2.649868,-0.615337,1.812769,0.475828,-0.790533,-0.385545,-0.792790,-0.195668,-0.577234,0.380884,0.580320,-0.719830,-0.773196,0.511941,0.001507,0.374276,-0.003235,0.000639,-0.004978,-0.002565,0.000693,-0.002454,0.385545,0.577234,0.719830,0.000000,0.000000,0.000000,-1,0.383163,0.572449,0.718109,-0.026626,0.011500,-0.016882,71.371552,206.028198,-467.571503,0,0
0.760000,2.650166,-0.615384,1.813008,0.475921,-0.790588,-0.385318,-0.792717,-0.195850,-0.577272,0.380920,0.580184,-0.719922,-0.773255,0.511896,0.001422,0.374215,-0.003215,0.006995,-0.005003,-0.002154,-0.004823,-0.001813,0.385318,0.577272,0.719922,0.000000,0.000000,0.000000,-1,0.382629,0.574661,0.716583,-0.023438,0.008331,-0.015829,71.019974,206.379776,-467.571503,0,0
0.800000,2.650738,-0.615447,1.813462,0.476085,-0.790698,-0.384889,-0.792593,-0.196202,-0.577323,0.380973,0.579915,-0.720110,-0.773369,0.511816,0.001266,0.374090,-0.001093,0.009078,-0.009291,-0.000016,-0.002723,-0.003359,0.384889,0.577323,0.720110,0.000000,0.000000,0.000000,-1,0.380051,0.574799,0.719681,-0.021290,0.018873,-0.021212,72.953674,206.907150,-468.074280,0,0
0.840000,2.651349,-0.615642,1.813871,0.476249,-0.790840,-0.384396,-0.792402,-0.196498,-0.577483,0.381163,0.579622,-0.720245,-0.773465,0.511737,0.001045,0.374000,0.001023,0.005895,-0.010363,-0.004345,-0.002685,-0.000564,0.384396,0.577483,0.720245,0.000000,0.000000,0.000000,-1,0.383347,0.578659,0.717636,-0.023436,0.012528,-0.020106,72.074722,206.028198,-467.571503,0,0
0.880000,2.651730,-0.615826,1.814264,0.476483,-0.790856,-0.384072,-0.792222,-0.196784,-0.577633,0.381245,0.579502,-0.720298,-0.773558,0.511623,0.000914,0.373965,-0.000029,0.006983,-0.007164,-0.000725,0.001026,-0.002662,0.384072,0.577633,0.720298,0.000000,0.000000,0.000000,-1,0.382950,0.572876,0.720428,-0.021286,0.017843,-0.018012,72.777893,206.379776,-466.901123,0,0
0.920000,2.651983,-0.615778,1.814532,0.476543,-0.790941,-0.383823,-0.792192,-0.197003,-0.577600,0.381232,0.579289,-0.720477,-0.773658,0.511558,0.000812,0.373846,-0.000060,-0.001491,-0.007129,-0.004395,-0.002325,-0.002826,0.383744,0.577628,0.720477,0.000000,0.000000,0.000000,-1,0.379318,0.578659,0.720184,-0.025570,0.010420,-0.019017,74.008438,206.907150,-467.403931,0,0
0.960000,2.652615,-0.616047,1.815068,0.476864,-0.790965,-0.383374,-0.791940,-0.197390,-0.577814,0.381356,0.579147,-0.720525,-0.773754,0.511437,0.000652,0.373814,-0.001081,0.009133,-0.003969,0.000675,0.000662,-0.002202,0.383374,0.577814,0.720525,0.000000,0.000000,0.000000,-1,0.384094,0.577332,0.718719,-0.022333,0.020001,-0.013751,73.129471,206.379776,-466.565979,0,0
1.000000,2.652894,-0.616039,1.815073,0.476758,-0.791125,-0.383175,-0.791943,-0.197395,-0.577807,0.381481,0.578926,-0.720636,-0.773755,0.511489,0.000547,0.373740,0.001051,0.006004,0.001354,-0.000484,-0.004336,-0.001917,0.383175,0.577807,0.720636,0.000000,0.000000,0.000000,-1,0.382965,0.571365,0.720093,-0.024489,0.009430,-0.011564,71.723129,205.325027,-466.565979,0,0
1.040000,2.653046,-0.615606,1.815248,0.476677,-0.791170,-0.383183,-0.792152,-0.197594,-0.577453,0.381149,0.578798,-0.720915,-0.773820,0.511528,0.000657,0.373553,-0.002195,-0.001455,-0.003914,-0.001957,-0.004974,0.000108,0.383183,0.577453,0.720915,0.000000,0.000000,0.000000,-1,0.382080,0.575150,0.720947,-0.026629,0.009391,-0.015809,73.481049,206.028198,-466.230774,0,0
1.080000,2.653315,-0.615529,1.815716,0.476917,-0.791109,-0.383010,-0.792102,-0.197976,-0.577390,0.380952,0.578750,-0.721058,-0.773943,0.511411,0.000665,0.373458,-0.004337,-0.000450,-0.011380,-0.002807,-0.002836,-0.001819,0.383010,0.577390,0.721058,0.000000,0.000000,0.000000,-1,0.381088,0.579926,0.719711,-0.025581,0.008282,-0.021139,73.481049,207.786118,-467.236328,0,0
1.120000,2.653689,-0.615763,1.816303,0.477325,-0.791024,-0.382677,-0.791855,-0.198408,-0.577581,0.380955,0.578719,-0.721081,-0.774082,0.511211,0.000556,0.373442,-0.002190,0.002748,-0.009281,-0.001466,0.002222,-0.001767,0.382677,0.577581,0.721081,0.000000,0.000000,0.000000,-1,0.383179,0.576813,0.720230,-0.025558,0.012558,-0.016894,71.898926,206.555573,-468.744629,0,0
1.160000,2.653903,-0.615859,1.816572,0.477492,-0.791011,-0.382496,-0.791748,-0.198608,-0.577660,0.380968,0.578669,-0.721114,-0.774147,0.511130,0.000494,0.373420,-0.003255,-0.000399,-0.006066,0.000682,-0.000847,-0.000884,0.382496,0.577660,0.721114,0.000000,0.000000,0.000000,-1,0.379745,0.576111,0.719086,-0.029838,0.008293,-0.020041,73.305267,206.203979,-468.409424,0,0
1.200000,2.654060,-0.615831,1.817145,0.477875,-0.790830,-0.382391,-0.791649,-0.199065,-0.577637,0.380693,0.578758,-0.721188,-0.774295,0.510942,0.000548,0.373370,-0.003281,-0.005725,-0.009241,-0.001974,-0.003754,0.000720,0.382391,0.577637,0.721188,0.000000,0.000000,0.000000,-1,0.381378,0.577591,0.718445,-0.025588,0.005115,-0.020062,72.602097,206.555573,-468.074280,0,0
1.240000,2.654266,-0.615953,1.817478,0.478106,-0.790779,-0.382209,-0.791514,-0.199312,-0.577737,0.380683,0.578744,-0.721205,-0.774374,0.510830,0.000493,0.373360,-0.001117,0.002780,-0.006096,-0.000831,-0.000146,-0.002760,0.382209,0.577737,0.721205,0.000000,0.000000,0.000000,-1,0.379684,0.578018,0.720093,-0.023423,0.013627,-0.015849,73.656845,206.203979,-467.739075,0,0
1.280000,2.654476,-0.616181,1.817665,0.478258,-0.790790,-0.381996,-0.791349,-0.199427,-0.577923,0.380835,0.578688,-0.721169,-0.774412,0.510755,0.000375,0.373384,0.002083,0.002788,-0.005056,-0.002311,0.000095,-0.001076,0.381996,0.577923,0.721169,0.000000,0.000000,0.000000,-1,0.378235,0.576569,0.717682,-0.022376,0.008321,-0.016903,72.777893,205.676605,-467.571503,0,0
1.320000,2.654755,-0.616436,1.818040,0.478542,-0.790748,-0.381726,-0.791132,-0.199688,-0.578131,0.380930,0.578656,-0.721145,-0.774496,0.510616,0.000257,0.373400,0.002082,0.003829,-0.007193,-0.004010,-0.000708,-0.004302,0.381726,0.578131,0.721145,0.000000,0.000000,0.000000,-1,0.376801,0.576187,0.718704,-0.020222,0.015744,-0.015882,73.481049,206.028198,-466.230774,0,0
1.360000,2.655181,-0.616651,1.818260,0.478633,-0.790869,-0.381361,-0.790968,-0.199831,-0.578306,0.381157,0.578440,-0.721198,-0.774542,0.510572,0.000066,0.373365,0.001042,0.010206,-0.005080,-0.004896,-0.001844,-0.002677,0.381361,0.578306,0.721198,0.000000,0.000000,0.000000,-1,0.376846,0.573990,0.717926,-0.021261,0.025267,-0.016975,72.777893,206.379776,-467.571503,0,0
1.400000,2.656490,-0.616654,1.818802,0.478565,-0.791366,-0.380415,-0.790857,-0.200260,-0.578309,0.381472,0.577612,-0.721695,-0.774680,0.510605,-0.000341,0.373032,-0.002146,0.019685,-0.011484,-0.004881,-0.008698,0.000000,0.380415,0.578309,0.721695,0.000000,0.000000,0.000000,-1,0.375671,0.569794,0.722855,-0.025533,0.029406,-0.027611,72.953674,205.852402,-467.739075,0,0
1.440000,2.657546,-0.616422,1.819710,0.478682,-0.791734,-0.379501,-0.790805,-0.201011,-0.578120,0.381433,0.576847,-0.722327,-0.774923,0.510547,-0.000623,0.372607,-0.002184,0.012230,-0.016783,-0.003601,-0.010126,-0.000403,0.379501,0.578120,0.722327,0.000000,0.000000,0.000000,-1,0.375519,0.568054,0.723755,-0.027696,0.021953,-0.031827,71.371552,206.731354,-468.241852,0,0
1.480000,2.658940,-0.616248,1.820586,0.478893,-0.791963,-0.378755,-0.790726,-0.201728,-0.577977,0.381331,0.576281,-0.722832,-0.775154,0.510444,-0.000831,0.372268,-0.005386,0.017470,-0.023168,-0.003099,-0.009694,0.000495,0.378755,0.577977,0.722832,0.000000,0.000000,0.000000,-1,0.374481,0.563416,0.727219,-0.031939,0.032487,-0.038226,72.426300,205.676605,-468.241852,0,0
1.520000,2.661840,-0.615584,1.822913,0.479388,-0.792580,-0.376834,-0.790626,-0.203663,-0.577435,0.380916,0.574751,-0.724268,-0.775777,0.510200,-0.001316,0.371301,-0.011813,0.031030,-0.046600,-0.001254,-0.013364,0.006460,0.376834,0.577435,0.724268,0.000000,0.000000,0.000000,-1,0.368912,0.563492,0.732056,-0.033051,0.037546,-0.063804,72.777893,206.731354,-467.236328,0,0
1.560000,2.664929,-0.615493,1.826101,0.480706,-0.792831,-0.374620,-0.790024,-0.206196,-0.577361,0.380505,0.573499,-0.725475,-0.776592,0.509552,-0.001895,0.370484,-0.009838,0.001218,-0.064613,-0.006089,-0.016188,0.005863,0.374620,0.577361,0.725475,0.000000,0.000000,0.000000,-1,0.367218,0.566833,0.727539,-0.035302,0.007772,-0.076459,73.305267,205.852402,-467.068726,0,0
1.600000,2.666855,-0.615680,1.828848,0.482219,-0.792595,-0.373172,-0.789350,-0.208338,-0.577514,0.379989,0.573051,-0.726100,-0.777280,0.508808,-0.002193,0.370061,-0.011966,0.005378,-0.072050,-0.005954,-0.010680,0.001439,0.373172,0.577514,0.726100,0.000000,0.000000,0.000000,-1,0.368896,0.569473,0.733414,-0.026759,0.020431,-0.081899,73.305267,207.258728,-467.403931,0,0
1.640000,2.669635,-0.616333,1.832322,0.484152,-0.792446,-0.370981,-0.788257,-0.210982,-0.578047,0.379800,0.572290,-0.726798,-0.778128,0.507854,-0.002834,0.369585,0.002968,0.019139,-0.073281,-0.002084,-0.008573,0.006616,0.370981,0.578047,0.726798,0.000000,0.000000,0.000000,-1,0.371658,0.559982,0.742401,-0.016111,0.022527,-0.084120,73.481049,205.325027,-467.571503,0,0
1.680000,2.672792,-0.616541,1.836401,0.486259,-0.792253,-0.368630,-0.787274,-0.214164,-0.578216,0.379147,0.571375,-0.727859,-0.779147,0.506812,-0.003375,0.368862,0.014543,-0.012649,-0.075372,-0.001488,-0.019150,0.011323,0.368629,0.578216,0.727858,0.000000,0.000000,0.000000,-1,0.369019,0.558624,0.735458,-0.007723,-0.012516,-0.093642,72.953674,206.555573,-466.063202,0,0
1.720000,2.674034,-0.617161,1.839929,0.488803,-0.791182,-0.367564,-0.786167,-0.216845,-0.578722,0.378170,0.571848,-0.727996,-0.780007,0.505556,-0.003399,0.368769,0.007026,-0.024438,-0.088010,0.002813,-0.020510,0.006013,0.367564,0.578722,0.727996,0.000000,0.000000,0.000000,-1,0.363953,0.560669,0.730850,-0.013102,-0.002248,-0.128794,72.777893,206.379776,-467.571503,0,0
1.760000,2.677993,-0.618714,1.846669,0.493183,-0.789983,-0.364276,-0.783822,-0.221893,-0.579988,0.377351,0.571568,-0.728640,-0.781619,0.503380,-0.004182,0.368324,0.015465,0.013080,-0.154254,0.008298,-0.025697,0.017133,0.364276,0.579988,0.728640,0.000000,0.000000,0.000000,-1,0.370773,0.549347,0.747437,-0.008943,0.005761,-0.178926,72.426300,206.379776,-468.577026,0,0
1.800000,2.680524,-0.619445,1.852167,0.496825,-0.788635,-0.362242,-0.782183,-0.226081,-0.580584,0.375973,0.571788,-0.729180,-0.782957,0.501566,-0.004384,0.367955,0.022604,-0.060226,-0.178523,0.006441,-0.040041,0.021125,0.362242,0.580584,0.729180,0.000000,0.000000,0.000000,-1,0.372055,0.545578,0.745300,-0.002800,-0.069509,-0.186149,73.481049,207.082947,-467.236328,0,0
1.840000,2.681122,-0.620422,1.857720,0.501312,-0.786108,-0.361554,-0.780371,-0.230261,-0.581378,0.373774,0.573598,-0.728888,-0.784293,0.499328,-0.003895,0.368158,0.022434,-0.100543,-0.185813,0.010532,-0.032855,0.014016,0.361554,0.581378,0.728888,0.000000,0.000000,0.000000,-1,0.367874,0.560410,0.733871,0.000239,-0.102550,-0.208421,72.953674,207.258728,-466.733551,0,0
1.880000,2.681220,-0.622865,1.865461,0.508190,-0.782003,-0.360851,-0.777204,-0.235881,-0.583364,0.371075,0.576915,-0.727649,-0.786085,0.495877,-0.003252,0.369006,0.036309,-0.093161,-0.185889,0.007023,-0.022955,0.006223,0.360851,0.583364,0.727649,0.000000,0.000000,0.000000,-1,0.355530,0.572739,0.719818,0.007813,-0.094773,-0.169092,72.953674,207.258728,-466.398376,0,0
1.920000,2.680700,-0.626595,1.873012,0.515556,-0.777442,-0.360258,-0.773318,-0.241094,-0.586390,0.369029,0.580911,-0.725507,-0.787743,0.492153,-0.002783,0.370457,0.003534,-0.069221,-0.117539,-0.006880,-0.014521,-0.011274,0.360258,0.586390,0.725507,0.000000,0.000000,0.000000,-1,0.339005,0.578537,0.724594,-0.032358,-0.050757,-0.106091,71.898926,208.665070,-466.733551,0,0
1.960000,2.680795,-0.627060,1.876521,0.518405,-0.775633,-0.360068,-0.772207,-0.243724,-0.586766,0.367358,0.582230,-0.725297,-0.788579,0.490706,-0.002311,0.370602,-0.029463,-0.106861,-0.066011,-0.021064,-0.008229,-0.000703,0.360068,0.586766,0.725297,0.000000,0.000000,0.000000,-1,0.348663,0.558441,0.656097,-0.061966,-0.023808,-0.055892,72.250504,208.313492,-466.063202,0,0
2.000000,2.678727,-0.624829,1.880001,0.521087,-0.772862,-0.362151,-0.772599,-0.246807,-0.584959,0.362711,0.584612,-0.725720,-0.789559,0.489343,-0.000177,0.370324,-0.113463,-0.125300,0.000761,0.009538,-0.042539,-0.088300,0.362151,0.584959,0.725720,0.000000,0.000000,0.000000,-1,0.392624,0.548935,0.630402,-0.157076,-0.172748,-0.014114,73.481049,207.786118,-466.230774,0,0
2.040000,2.671668,-0.621127,1.881658,0.523611,-0.768263,-0.368243,-0.774246,-0.248748,-0.581952,0.355492,0.589827,-0.725072,-0.790163,0.488035,0.004034,0.370740,-0.193767,-0.276936,-0.013961,0.049481,-0.016461,-0.093510,0.368243,0.581952,0.725072,0.000000,0.000000,0.000000,-1,0.485504,0.663666,0.685806,-0.238296,-0.251341,-0.038758,72.777893,207.082947,-466.565979,0,0
2.080000,2.667336,-0.616727,1.886548,0.527329,-0.763632,-0.372547,-0.775446,-0.253324,-0.578369,0.347285,0.593880,-0.725740,-0.791580,0.486078,0.007978,0.370225,-0.140483,-0.204510,-0.083892,0.112958,0.085297,-0.039934,0.372546,0.578368,0.725740,0.000000,0.000000,0.000000,-1,0.581177,0.760437,0.907394,-0.040988,-0.087825,-0.105885,72.777893,207.082947,-467.571503,0,0
2.120000,2.663990,-0.623606,1.888805,0.532649,-0.759641,-0.373135,-0.771076,-0.253824,-0.583966,0.348894,0.598764,-0.720940,-0.791741,0.483339,0.007654,0.373459,0.317762,-0.102562,-0.046280,0.146473,0.124103,0.132774,0.373135,0.583966,0.720940,0.000000,0.000000,0.000000,-1,0.489059,0.682220,0.786850,0.351918,-0.121362,-0.059802,74.887390,208.137695,-467.571503,0,0
2.160000,2.655093,-0.635010,1.883053,0.535486,-0.756030,-0.376396,-0.766135,-0.247321,-0.593186,0.355375,0.606013,-0.711658,-0.789694,0.481884,0.006655,0.379640,0.394119,-0.198005,-0.056098,0.054085,0.043426,-0.040164,0.376396,0.593186,0.711658,0.000000,0.000000,0.000000,-1,0.402939,0.608841,0.612137,0.346231,-0.234768,-0.067855,74.711594,207.258728,-467.068726,0,0
2.200000,2.642968,-0.645758,1.877530,0.539542,-0.750351,-0.381926,-0.761367,-0.241147,-0.601804,0.359464,0.615485,-0.701402,-0.787733,0.479769,0.007129,0.386327,0.323635,-0.294136,-0.028555,0.015154,-0.010419,-0.107499,0.381926,0.601804,0.701402,0.000000,0.000000,0.000000,-1,0.381760,0.577042,0.588165,0.274880,-0.272504,-0.026678,74.008438,209.016663,-470.085327,0,0
2.240000,2.628092,-0.658857,1.869924,0.544064,-0.743728,-0.388411,-0.755581,-0.233006,-0.612214,0.364818,0.626559,-0.688717,-0.785141,0.477401,0.007512,0.394443,0.277340,-0.115274,-0.039426,-0.030226,-0.021592,-0.085995,0.388411,0.612214,0.688717,0.000000,0.000000,0.000000,-1,0.372208,0.595703,0.594147,0.246627,-0.083197,-0.058063,75.063187,209.368240,-470.085327,0,0
2.280000,2.622511,-0.668830,1.864695,0.545943,-0.741936,-0.389201,-0.750907,-0.227273,-0.620069,0.371596,0.630776,-0.681203,-0.783329,0.476442,0.005618,0.399208,0.186276,0.013283,0.002343,0.005788,-0.025479,-0.091420,0.389201,0.620069,0.681203,0.000000,0.000000,0.000000,-1,0.401581,0.606262,0.636322,0.123651,0.048670,-0.003272,75.063187,209.016663,-469.750153,0,0
2.320000,2.620841,-0.672775,1.861282,0.545504,-0.742302,-0.389118,-0.749330,-0.224006,-0.623158,0.375407,0.631513,-0.678425,-0.782294,0.476685,0.004381,0.400959,0.109704,0.049193,-0.008912,0.012463,-0.016896,-0.042103,0.389118,0.623158,0.678425,0.000000,0.000000,0.000000,-1,0.424026,0.634644,0.666794,0.105489,0.044260,-0.022290,74.711594,209.368240,-468.409424,0,0
2.360000,2.619845,-0.677490,1.857626,0.544922,-0.743145,-0.388325,-0.747317,-0.220431,-0.626839,0.380234,0.631780,-0.675482,-0.781159,0.477004,0.002589,0.402805,0.172601,0.071451,-0.005216,0.035702,0.007804,-0.008688,0.388325,0.626839,0.675482,0.000000,0.000000,0.000000,-1,0.434601,0.632095,0.628876,0.167490,0.105902,0.001500,74.184219,209.895615,-469.582581,0,0
2.400000,2.619546,-0.685101,1.849951,0.542151,-0.746305,-0.386136,-0.744379,-0.213368,-0.632751,0.389836,0.630479,-0.671211,-0.778898,0.478459,-0.001187,0.405454,0.161208,0.158477,0.014794,0.045214,-0.008423,-0.056373,0.386136,0.632751,0.671211,0.000000,0.000000,0.000000,-1,0.438522,0.604889,0.618362,0.138975,0.197886,-0.016734,73.305267,209.719818,-469.414978,0,0
2.440000,2.623940,-0.691522,1.845348,0.539341,-0.750882,-0.381165,-0.741427,-0.208834,-0.637710,0.399245,0.626549,-0.669357,-0.777421,0.479891,-0.005814,0.406556,0.167687,0.239410,-0.050534,0.062408,-0.043304,-0.049164,0.381165,0.637710,0.669357,0.000000,0.000000,0.000000,-1,0.440689,0.602661,0.616104,0.149353,0.211549,-0.142574,73.305267,209.016663,-469.079773,0,0
2.480000,2.626603,-0.698250,1.842788,0.538800,-0.753240,-0.377259,-0.737810,-0.205778,-0.642878,0.406610,0.624728,-0.666621,-0.776402,0.480115,-0.009451,0.408167,0.154447,0.166438,-0.148128,0.082336,-0.062754,-0.059840,0.377259,0.642878,0.666621,0.000000,0.000000,0.000000,-1,0.443054,0.587936,0.602997,0.100208,0.163811,-0.151602,72.426300,210.950363,-469.247375,0,0
2.520000,2.632549,-0.703242,1.845859,0.540484,-0.754785,-0.371720,-0.734077,-0.207168,-0.646694,0.411106,0.622399,-0.666041,-0.776803,0.479163,-0.012676,0.408434,0.080710,0.095287,-0.169662,0.063369,-0.046505,-0.063167,0.371720,0.646694,0.666041,0.000000,0.000000,0.000000,-1,0.441055,0.648407,0.599686,0.036981,0.078534,-0.211515,72.602097,210.774582,-470.420502,0,0
2.560000,2.637347,-0.709323,1.852371,0.545576,-0.753619,-0.366614,-0.728921,-0.210848,-0.651320,0.413547,0.622577,-0.664362,-0.777944,0.476429,-0.015082,0.409380,0.051761,0.056797,-0.206564,0.083536,-0.004988,-0.073831,0.366614,0.651320,0.664362,0.000000,0.000000,0.000000,-1,0.449829,0.641800,0.569733,0.012575,0.084082,-0.184713,72.777893,210.950363,-469.582581,0,0
2.600000,2.637515,-0.713629,1.853793,0.548090,-0.752507,-0.365144,-0.725920,-0.211099,-0.654581,0.415496,0.623835,-0.661962,-0.778002,0.475072,-0.016180,0.410801,-0.028670,0.107659,-0.083580,0.089019,-0.028879,-0.108785,0.365144,0.654581,0.661961,0.000000,0.000000,0.000000,-1,0.449844,0.631577,0.549362,-0.064775,0.127384,-0.085201,70.844177,210.071411,-469.750153,0,0
2.640000,2.639547,-0.713067,1.854204,0.547358,-0.753606,-0.363975,-0.726186,-0.211500,-0.654157,0.415996,0.622372,-0.663024,-0.778120,0.475438,-0.016714,0.410132,-0.079538,0.124157,-0.013978,0.101205,-0.021772,-0.107620,0.363975,0.654157,0.663024,0.000000,0.000000,0.000000,-1,0.480179,0.616806,0.553253,-0.121999,0.138876,0.011079,70.316803,210.247192,-468.577026,0,0
2.680000,2.644017,-0.709349,1.854923,0.544747,-0.756364,-0.362166,-0.728364,-0.212702,-0.651340,0.415617,0.618604,-0.666777,-0.778496,0.476793,-0.017165,0.407820,-0.148473,0.142988,0.073843,0.118898,-0.044986,-0.114256,0.362166,0.651340,0.666777,0.000000,0.000000,0.000000,-1,0.454315,0.637512,0.586319,-0.216567,0.157418,0.067139,70.316803,210.598785,-468.912201,0,0
2.720000,2.648696,-0.699049,1.851113,0.536330,-0.762340,-0.362198,-0.735577,-0.211771,-0.643490,0.413856,0.611547,-0.674339,-0.778210,0.481206,-0.016595,0.403181,-0.082873,0.376667,0.039476,0.079621,0.057987,0.011925,0.362198,0.643490,0.674339,0.000000,0.000000,0.000000,-1,0.429947,0.737122,0.737000,-0.030522,0.445132,0.029463,69.437836,209.368240,-469.414978,0,0
2.760000,2.660302,-0.700557,1.848852,0.530263,-0.770440,-0.353897,-0.735120,-0.209840,-0.644644,0.422398,0.601987,-0.677637,-0.777454,0.484132,-0.022027,0.400870,0.216466,0.455692,0.000637,0.048721,0.138941,0.075415,0.353897,0.644644,0.677637,0.000000,0.000000,0.000000,-1,0.378677,0.838638,0.757446,0.351909,0.551527,-0.026103,69.086258,210.071411,-469.079773,0,0
2.800000,2.674920,-0.712859,1.841239,0.522141,-0.781999,-0.340360,-0.728999,-0.202104,-0.653999,0.442639,0.589602,-0.675603,-0.774572,0.487688,-0.033011,0.401383,0.567952,0.855890,-0.011046,0.064577,0.213722,0.089503,0.340360,0.653999,0.675603,0.000000,0.000000,0.000000,-1,0.368622,0.626831,0.785645,0.566283,1.173376,0.219189,66.800964,209.544037,-469.582581,0,0
2.840000,2.702128,-0.721987,1.806531,0.484762,-0.814280,-0.319301,-0.729738,-0.175284,-0.660877,0.482171,0.553374,-0.679182,-0.764727,0.504761,-0.053244,0.396956,-0.023682,0.072536,0.253248,-0.033580,-0.152317,0.041964,0.319301,0.660877,0.679182,0.000000,0.000000,0.000000,-1,0.324463,0.653732,0.753342,-0.164045,-0.077744,0.065483,66.273590,209.719818,-468.744629,0,0
2.880000,2.703484,-0.714680,1.810497,0.485069,-0.813657,-0.320421,-0.733708,-0.179318,-0.655376,0.475794,0.552998,-0.683969,-0.766217,0.504872,-0.050695,0.394266,-0.335765,-0.029080,-0.090176,-0.002473,0.024220,0.125754,0.320421,0.655376,0.683969,0.000000,0.000000,0.000000,-1,0.210892,0.657639,0.872620,-0.445423,-0.017998,-0.122186,66.097794,209.192444,-468.912201,0,0
2.920000,2.709721,-0.703708,1.822574,0.488549,-0.812078,-0.319139,-0.738409,-0.189946,-0.647049,0.464835,0.551771,-0.692443,-0.769893,0.503475,-0.047310,0.389281,-0.508606,-0.099472,-0.146099,-0.161913,-0.000397,0.194382,0.319139,0.647049,0.692443,0.000000,0.000000,0.000000,-1,0.168716,0.560379,0.778809,-0.553691,-0.240607,-0.143949,63.812500,207.961899,-469.750153,0,0
2.960000,2.709939,-0.677849,1.847072,0.500175,-0.802263,-0.325881,-0.749385,-0.212471,-0.627119,0.433874,0.557880,-0.707477,-0.777837,0.498706,-0.034710,0.380863,-0.686612,-0.590968,-0.042749,-0.152801,-0.084730,-0.035571,0.325881,0.627119,0.707477,0.000000,0.000000,0.000000,-1,0.182114,0.612701,0.728409,-0.667055,-0.460278,-0.077262,65.921997,206.907150,-468.744629,0,0
3.000000,2.712296,-0.664587,1.860676,0.505894,-0.797948,-0.327645,-0.754329,-0.225003,-0.616734,0.418401,0.559154,-0.715743,-0.782087,0.496197,-0.029011,0.375882,-0.357030,-0.052872,-0.036696,-0.120324,0.004573,0.025636,0.327645,0.616734,0.715743,0.000000,0.000000,0.000000,-1,0.254303,0.617783,0.673553,-0.343742,-0.064231,0.148856,63.988281,206.028198,-468.241852,0,0
3.040000,2.710858,-0.651916,1.861801,0.503382,-0.797773,-0.331911,-0.761501,-0.228075,-0.606711,0.408317,0.558157,-0.722314,-0.783226,0.497709,-0.024388,0.371817,-0.394810,-0.087550,0.220450,-0.070253,0.033533,-0.068383,0.331911,0.606711,0.722314,0.000000,0.000000,0.000000,-1,0.282455,0.592361,0.674667,-0.386325,0.176437,0.287841,64.691452,205.676605,-468.241852,0,0
3.080000,2.717484,-0.628528,1.850937,0.484512,-0.808979,-0.332867,-0.777360,-0.223652,-0.587955,0.401197,0.543629,-0.737230,-0.781888,0.507215,-0.021848,0.361811,-0.293602,0.454671,0.442412,-0.069897,-0.114047,0.014570,0.332867,0.587955,0.737231,0.000000,0.000000,0.000000,-1,0.223389,0.375717,0.807358,-0.286313,0.433531,0.373458,63.812500,203.039734,-466.398376,0,0
3.120000,2.727619,-0.613812,1.844128,0.470229,-0.818999,-0.328823,-0.787112,-0.220665,-0.575988,0.399174,0.529667,-0.748407,-0.780913,0.514177,-0.022522,0.353962,-0.132466,0.155794,0.084489,-0.096096,-0.238051,0.066244,0.328823,0.575988,0.748407,0.000000,0.000000,0.000000,-1,0.267731,0.370865,0.786102,-0.089295,0.082241,-0.042229,62.933533,203.215515,-466.901123,0,0
3.160000,2.735010,-0.609319,1.851578,0.471985,-0.819791,-0.324303,-0.787925,-0.227238,-0.572309,0.395480,0.525648,-0.753187,-0.783009,0.513314,-0.022725,0.350557,0.034399,0.004338,-0.257120,-0.032021,-0.164960,0.020968,0.324303,0.572309,0.753187,0.000000,0.000000,0.000000,-1,0.329712,0.461792,0.777756,0.037453,0.009310,-0.366796,62.054581,202.336563,-466.398376,0,0
3.200000,2.741108,-0.611325,1.862216,0.478908,-0.817755,-0.319256,-0.784361,-0.235277,-0.573953,0.394239,0.525282,-0.754092,-0.785537,0.509879,-0.023864,0.349835,0.081932,-0.012653,-0.375657,0.010456,-0.112161,0.023664,0.319256,0.573953,0.754092,0.000000,0.000000,0.000000,-1,0.339752,0.483398,0.781982,0.058690,0.007000,-0.387193,62.406158,203.742889,-467.739075,0,1
3.240000,2.749604,-0.618667,1.880203,0.492434,-0.812805,-0.311219,-0.775968,-0.248056,-0.579950,0.394186,0.527083,-0.752862,-0.789517,0.503083,-0.026272,0.350541,0.080705,-0.103209,-0.317761,0.028716,-0.092630,0.026222,0.311219,0.579950,0.752862,0.000000,0.000000,0.000000,-1,0.364655,0.499115,0.762161,0.061648,-0.149926,-0.290749,60.824036,205.676605,-467.236328,0,0
3.280000,2.745554,-0.620880,1.886345,0.499656,-0.807398,-0.313770,-0.773208,-0.252418,-0.581751,0.390504,0.533285,-0.750409,-0.790962,0.499583,-0.024253,0.352431,0.076098,-0.308639,-0.196551,0.078411,-0.069636,-0.000424,0.313770,0.581751,0.750409,0.000000,0.000000,0.000000,-1,0.417770,0.505524,0.735489,0.028362,-0.386598,-0.113826,62.054581,205.500809,-468.744629,0,0
3.320000,2.728222,-0.620846,1.887117,0.506955,-0.797647,-0.326736,-0.773031,-0.253021,-0.581724,0.381339,0.547485,-0.744877,-0.791336,0.496211,-0.017250,0.356741,-0.023642,-0.368042,0.023932,0.073716,-0.095762,0.000622,0.326736,0.581724,0.744877,0.000000,0.000000,0.000000,-1,0.381470,0.428482,0.752350,-0.182975,-0.365678,0.082689,61.878784,203.215515,-465.895630,0,0
3.360000,2.703073,-0.605161,1.883787,0.508588,-0.787020,-0.349195,-0.782456,-0.253224,-0.568894,0.359306,0.562563,-0.744595,-0.791582,0.495677,-0.003193,0.357340,-0.338815,-0.534405,0.240092,0.034792,-0.156724,0.022372,0.349195,0.568894,0.744595,0.000000,0.000000,0.000000,-1,0.332260,0.436676,0.884140,-0.463801,-0.423283,0.261926,62.581955,202.160767,-468.912201,0,0
3.400000,2.692668,-0.587365,1.883856,0.506274,-0.783057,-0.361261,-0.791946,-0.256356,-0.554169,0.341335,0.566660,-0.749925,-0.792552,0.496814,0.006285,0.353551,-0.559688,-0.295411,0.194038,-0.062280,-0.082917,0.161864,0.361261,0.554169,0.749925,0.000000,0.000000,0.000000,-1,0.355286,0.818756,0.932541,-0.540185,-0.414659,-0.066699,61.878784,201.457596,-467.906677,0,0
3.440000,2.686178,-0.571534,1.896963,0.513130,-0.774498,-0.369933,-0.796729,-0.269491,-0.540923,0.319250,0.572300,-0.755349,-0.796550,0.493135,0.015907,0.349389,-0.298424,-0.143961,-0.260252,0.081422,0.362138,0.229682,0.369933,0.540923,0.755349,0.000000,0.000000,0.000000,-1,0.458405,0.867554,1.132446,0.025228,0.470877,-0.277879,63.109329,199.523895,-467.068726,0,0
3.480000,2.699471,-0.578324,1.903466,0.516220,-0.777915,-0.358280,-0.791470,-0.273461,-0.546621,0.327249,0.565744,-0.756863,-0.797895,0.491727,0.009723,0.348531,0.182046,-0.328435,0.073355,0.045514,0.259379,0.309284,0.358280,0.546621,0.756863,0.000000,0.000000,0.000000,-1,0.348343,0.773636,0.782913,0.122741,-0.657195,0.062235,61.175613,201.106018,-466.901123,0,0
3.520000,2.675400,-0.580630,1.899812,0.521973,-0.765702,-0.375825,-0.791268,-0.270159,-0.548551,0.318494,0.583707,-0.746892,-0.796716,0.488559,0.017990,0.355289,0.060204,-0.808490,0.044139,-0.027482,0.225085,0.036021,0.375825,0.548551,0.746892,0.000000,0.000000,0.000000,-1,0.421967,0.725021,0.648773,-0.015452,-0.580932,0.059825,62.581955,200.754425,-466.565979,0,0
3.560000,2.646592,-0.579553,1.892955,0.525379,-0.752329,-0.397463,-0.793662,-0.264914,-0.547650,0.306719,0.603176,-0.736276,-0.794759,0.486308,0.028544,0.362004,0.071980,-0.223308,0.214434,0.022352,0.149661,-0.068155,0.397463,0.547650,0.736276,0.000000,0.000000,0.000000,-1,0.431183,0.588654,0.731796,0.107840,-0.074314,0.212507,62.581955,200.402847,-467.571503,0,0
3.600000,2.640285,-0.590174,1.882280,0.523333,-0.752793,-0.399281,-0.790864,-0.254630,-0.556505,0.317264,0.607015,-0.728613,-0.791608,0.487506,0.025902,0.367454,0.530867,-0.046549,-0.020989,-0.025395,0.019606,0.030100,0.399281,0.556505,0.728613,0.000000,0.000000,0.000000,-1,0.257706,0.498032,0.630371,0.625386,-0.164993,-0.076673,60.999817,199.875473,-466.733551,0,0
3.640000,2.624863,-0.607649,1.872844,0.527934,-0.746172,-0.405602,-0.783826,-0.244226,-0.570939,0.326960,0.619340,-0.713804,-0.788347,0.485192,0.024939,0.377460,0.575007,-0.596203,-0.013946,-0.147897,-0.072907,-0.083432,0.405602,0.570939,0.713804,0.000000,0.000000,0.000000,-1,0.187363,0.528336,0.357956,0.369319,-0.836926,0.102544,62.581955,200.051270,-467.906677,0,0
3.680000,2.583021,-0.619028,1.858756,0.535686,-0.725763,-0.431635,-0.780909,-0.231299,-0.580244,0.321283,0.647895,-0.690658,-0.783844,0.480540,0.035196,0.391704,0.292224,-0.924174,0.135425,-0.230875,-0.019727,-0.387634,0.431635,0.580244,0.690658,0.000000,0.000000,0.000000,-1,0.252029,0.610138,0.246170,0.148375,-0.628624,0.059798,63.285126,200.402847,-466.230774,0,0
3.720000,2.554236,-0.625629,1.847744,0.539753,-0.711959,-0.449201,-0.779707,-0.221633,-0.585607,0.317370,0.666329,-0.674746,-0.780406,0.477849,0.042232,0.401053,0.236462,0.047628,0.077883,-0.157545,0.020823,-0.360522,0.449201,0.585607,0.674746,0.000000,0.000000,0.000000,-1,0.318161,0.584412,0.429718,0.164714,0.205895,0.048021,62.054581,201.984970,-466.398376,0,0
3.760000,2.559045,-0.628952,1.843190,0.536384,-0.717200,-0.444878,-0.778829,-0.217556,-0.588298,0.325142,0.662038,-0.675270,-0.779296,0.479930,0.038412,0.401111,0.122180,0.339338,0.008430,-0.106926,-0.006740,-0.190010,0.444878,0.588298,0.675270,0.000000,0.000000,0.000000,-1,0.435577,0.586227,0.591690,0.101037,0.345969,-0.039367,62.581955,201.457596,-466.230774,0,0
3.800000,2.570448,-0.632734,1.841154,0.532756,-0.725344,-0.435944,-0.777121,-0.215374,-0.591352,0.335042,0.653827,-0.678422,-0.778870,0.482258,0.032387,0.399675,0.041987,0.235474,-0.000147,0.027634,-0.004026,-0.073640,0.435944,0.591352,0.678422,0.000000,0.000000,0.000000,-1,0.506027,0.563126,0.600983,-0.087845,0.165356,0.011780,60.120865,202.160767,-466.230774,0,0
3.840000,2.575971,-0.629277,1.840557,0.529020,-0.729660,-0.433283,-0.779215,-0.215453,-0.588561,0.336097,0.648981,-0.682541,-0.778944,0.484269,0.031192,0.397186,-0.129574,0.244346,-0.070201,0.085623,-0.078749,-0.051041,0.433283,0.588561,0.682541,0.000000,0.000000,0.000000,-1,0.553558,0.540680,0.694992,-0.146493,0.249880,-0.126574,59.241898,201.633392,-465.057678,0,0
3.880000,2.587015,-0.625973,1.846968,0.528635,-0.733783,-0.426741,-0.779684,-0.220974,-0.585886,0.335615,0.642443,-0.688934,-0.780792,0.484594,0.029177,0.393296,-0.056127,0.360544,-0.212855,0.123095,-0.022837,0.029710,0.426741,0.585886,0.688934,0.000000,0.000000,0.000000,-1,0.465927,0.618164,0.706970,0.076123,0.440755,-0.327166,58.538742,201.281815,-464.052124,0,0
3.920000,2.606984,-0.634858,1.855731,0.531857,-0.740837,-0.410230,-0.772692,-0.226325,-0.593063,0.346517,0.632407,-0.692811,-0.782782,0.483381,0.020348,0.391383,0.271482,0.378129,-0.364586,0.077593,0.059937,-0.025071,0.410230,0.593063,0.692811,0.000000,0.000000,0.000000,-1,0.546234,0.674332,0.625320,0.287832,0.374085,-0.316839,58.187149,201.281815,-462.711426,0,0
3.960000,2.613406,-0.643518,1.856201,0.533333,-0.743647,-0.403169,-0.767629,-0.225234,-0.600013,0.355391,0.629491,-0.690969,-0.782550,0.482805,0.015264,0.392788,0.294477,0.423353,-0.167844,0.219191,0.050514,-0.089895,0.403169,0.600013,0.690969,0.000000,0.000000,0.000000,-1,0.552292,0.620956,0.838852,0.135915,0.632770,-0.064149,54.847107,200.402847,-462.543854,0,0
4.000000,2.656210,-0.665994,1.862185,0.530201,-0.764402,-0.366848,-0.753157,-0.225891,-0.617841,0.389411,0.603874,-0.695482,-0.782875,0.484611,-0.007205,0.390137,0.476567,0.348227,-0.498146,-0.000560,0.044864,0.240354,0.366848,0.617841,0.695482,0.000000,0.000000,0.000000,-1,0.286743,0.902954,0.870392,0.583386,0.051101,-0.533115,51.858643,201.633392,-461.705902,0,0
4.040000,2.662480,-0.688193,1.868807,0.540449,-0.762319,-0.356068,-0.738349,-0.226790,-0.635143,0.403429,0.606165,-0.685426,-0.783049,0.479110,-0.015121,0.396306,0.692125,0.075812,-0.401852,-0.069325,0.267811,0.184965,0.356068,0.635143,0.685426,0.000000,0.000000,0.000000,-1,0.138962,1.086716,0.665421,0.260972,0.185727,-0.183825,53.264984,202.688141,-461.370728,0,0
4.080000,2.675495,-0.702546,1.877324,0.546414,-0.764064,-0.342985,-0.727625,-0.230295,-0.646163,0.414722,0.602637,-0.681788,-0.783980,0.475678,-0.022876,0.398224,-0.157997,0.098139,-0.180149,-0.113371,0.292161,0.027074,0.342985,0.646163,0.681788,0.000000,0.000000,0.000000,-1,0.230698,0.715637,0.718613,-0.400148,0.062599,0.003934,50.100723,202.688141,-461.035553,0,1
4.120000,2.679731,-0.688811,1.884440,0.545625,-0.764164,-0.344016,-0.734341,-0.238183,-0.635620,0.403778,0.599435,-0.691115,-0.786595,0.476263,-0.018994,0.392532,-0.679761,-0.115548,0.067592,-0.160865,-0.012283,0.024934,0.344016,0.635620,0.691115,0.000000,0.000000,0.000000,-1,0.115631,0.538101,0.744522,-0.876012,-0.234206,-0.030680,50.452301,200.227051,-459.024475,0,0
4.160000,2.682456,-0.658891,1.903951,0.549568,-0.758413,-0.350406,-0.747197,-0.258570,-0.612240,0.373727,0.598290,-0.708786,-0.793241,0.474512,-0.007350,0.381514,-0.863703,-0.342868,-0.005682,-0.213611,-0.117916,0.024749,0.350406,0.612240,0.708786,0.000000,0.000000,0.000000,-1,0.197601,0.450439,0.671921,-0.772367,-0.896376,0.065812,51.858643,199.523895,-459.359680,0,0
4.200000,2.648532,-0.630013,1.923544,0.566019,-0.730309,-0.382456,-0.758268,-0.279153,-0.589155,0.323502,0.623477,-0.711775,-0.799523,0.465458,0.018434,0.379174,-0.378342,-0.923280,-0.223531,-0.136377,0.178697,0.091036,0.382456,0.589155,0.711775,0.000000,0.000000,0.000000,-1,0.378845,0.701706,0.684464,-0.274422,-0.846475,-0.140648,54.143936,200.051270,-457.851379,0,0
4.240000,2.620679,-0.619979,1.922638,0.570361,-0.714578,-0.405051,-0.764031,-0.280489,-0.581018,0.301571,0.640862,-0.705940,-0.799498,0.462355,0.032358,0.382077,-0.159932,-0.362206,0.436367,-0.166068,0.005682,-0.125892,0.405051,0.581018,0.705940,0.000000,0.000000,0.000000,-1,0.182907,0.465149,0.554489,-0.179032,0.220997,0.528960,56.077652,196.008041,-456.343079,0,0
4.280000,2.628035,-0.600426,1.904504,0.547553,-0.732035,-0.405352,-0.779578,-0.270259,-0.564994,0.304046,0.625368,-0.718659,-0.796315,0.474565,0.031805,0.373710,-0.220729,0.813848,0.245999,-0.184252,-0.183433,-0.086015,0.405352,0.564994,0.718659,0.000000,0.000000,0.000000,-1,0.231659,0.383881,0.674896,-0.176953,0.914930,0.089561,55.901855,198.293350,-456.845825,0,0
