0.000000,1.086631,1.201997,-0.784423,0.912642,0.255507,-0.319062,0.254660,0.255157,0.932761,0.319738,-0.932529,0.167800,0.610263,0.208995,0.000277,0.764133,0.004047,0.022244,0.007311,-0.005860,0.007590,0.000396,0.319062,-0.932761,-0.167800,0.000000,0.000000,0.000000,-1,0.318237,-0.933044,-0.165283,-0.033984,0.036990,-0.009463,41.311127,180.889938,-597.117310,0,0
0.040000,1.086815,1.202123,-0.783741,0.912437,0.256330,-0.318989,0.254403,0.255248,0.932806,0.320527,-0.932279,0.167686,0.610226,0.209239,0.000630,0.764096,-0.012974,0.032770,-0.000050,-0.000751,-0.000238,0.002403,0.318989,-0.932806,-0.167686,0.000000,0.000000,0.000000,-1,0.315735,-0.940292,-0.164459,-0.039297,0.047504,-0.017984,42.014297,181.944687,-595.106201,0,0
0.080000,1.087364,1.201943,-0.782646,0.911939,0.257799,-0.319230,0.254242,0.255646,0.932741,0.322070,-0.931764,0.167590,0.610062,0.209832,0.001164,0.764064,-0.019352,0.043265,-0.010686,-0.001908,-0.014799,-0.000242,0.319230,-0.932741,-0.167590,0.000000,0.000000,0.000000,-1,0.322006,-0.956436,-0.170563,-0.052075,0.048546,-0.020019,42.541672,182.120483,-596.279358,0,0
0.120000,1.086348,1.201436,-0.779954,0.911457,0.259193,-0.319477,0.253885,0.256665,0.932558,0.323711,-0.931097,0.168134,0.609643,0.210401,0.001736,0.764241,-0.041738,0.031639,-0.008328,0.003795,-0.024976,-0.002475,0.319477,-0.932558,-0.168134,0.000000,0.000000,0.000000,-1,0.322021,-0.959488,-0.171570,-0.071273,0.036910,-0.018761,42.190079,182.823654,-597.955200,0,0
0.160000,1.082336,1.200608,-0.774658,0.911198,0.260096,-0.319482,0.253063,0.258558,0.932259,0.325082,-0.930321,0.169777,0.608864,0.210703,0.002299,0.764776,-0.066262,0.017885,-0.007008,-0.000558,-0.028251,-0.002053,0.319482,-0.932259,-0.169777,0.000000,0.000000,0.000000,-1,0.311188,-0.955643,-0.170502,-0.097913,0.026365,-0.014254,43.069046,182.296280,-596.782104,0,0
0.200000,1.076190,1.200112,-0.767248,0.911159,0.261019,-0.318839,0.251461,0.260759,0.932080,0.326431,-0.929448,0.171956,0.607956,0.210739,0.003122,0.765486,-0.062993,0.028612,0.007864,-0.007636,-0.020313,0.000875,0.318839,-0.932080,-0.171956,0.000000,0.000000,0.000000,-1,0.313019,-0.942780,-0.177399,-0.067969,0.043599,0.017409,40.432159,181.065735,-596.614502,0,0
0.240000,1.070898,1.200784,-0.760274,0.911213,0.262611,-0.317375,0.249205,0.262052,0.932323,0.328007,-0.928636,0.173341,0.607416,0.210653,0.004376,0.765932,-0.035191,0.037429,0.045984,-0.002739,-0.005666,-0.005080,0.317375,-0.932323,-0.173341,0.000000,0.000000,0.000000,-1,0.310181,-0.921997,-0.177872,-0.052983,0.049128,0.042840,41.662704,181.944687,-597.452454,0,0
0.280000,1.066404,1.202602,-0.753392,0.911270,0.265130,-0.315109,0.246235,0.262524,0.932979,0.330085,-0.927786,0.173946,0.607207,0.210540,0.006166,0.766117,-0.016940,0.066293,0.075569,-0.008529,0.018321,-0.001927,0.315109,-0.932979,-0.173946,0.000000,0.000000,0.000000,-1,0.291931,-0.896881,-0.169693,-0.046456,0.076871,0.065057,41.662704,182.296280,-596.782104,0,0
0.320000,1.060696,1.204902,-0.744584,0.911303,0.268393,-0.312237,0.242458,0.263104,0.933804,0.332777,-0.926683,0.174693,0.606940,0.210421,0.008461,0.766339,-0.058452,0.057985,0.092974,-0.034496,0.060590,0.011089,0.312237,-0.933804,-0.174693,0.000000,0.000000,0.000000,-1,0.272141,-0.856613,-0.158630,-0.090079,0.074901,0.080317,41.662704,181.944687,-597.117310,0,0
0.360000,1.052504,1.206914,-0.732888,0.911303,0.271928,-0.309163,0.238107,0.264525,0.934522,0.335904,-0.925247,0.176315,0.606313,0.210302,0.011026,0.766835,-0.072260,0.082191,0.075952,-0.035832,0.073591,0.010436,0.309163,-0.934522,-0.176315,0.000000,0.000000,0.000000,-1,0.289871,-0.902603,-0.173630,-0.104972,0.100088,0.054770,42.365875,181.593109,-597.452454,0,0
0.400000,1.042431,1.206831,-0.718492,0.910749,0.275713,-0.307438,0.234326,0.267983,0.934493,0.340040,-0.923129,0.179459,0.604836,0.210817,0.013476,0.767820,-0.146904,0.071330,0.045683,-0.007282,0.025252,-0.001602,0.307438,-0.934493,-0.179459,0.000000,0.000000,0.000000,-1,0.322433,-0.922562,-0.168167,-0.188221,0.073187,0.007577,41.311127,182.296280,-598.122803,0,0
0.440000,1.030458,1.203986,-0.702645,0.909883,0.278439,-0.307546,0.231767,0.273691,0.933476,0.344089,-0.920633,0.184494,0.602432,0.211728,0.015164,0.769426,-0.142778,0.081425,-0.009845,0.013865,0.010853,0.018753,0.307546,-0.933476,-0.184494,0.000000,0.000000,0.000000,-1,0.337448,-0.909576,-0.171951,-0.128681,0.084379,-0.040866,42.365875,182.647858,-598.458008,0,0
0.480000,1.027839,1.200786,-0.696485,0.908430,0.280875,-0.309618,0.231992,0.277403,0.932324,0.347756,-0.918780,0.186841,0.600872,0.213385,0.015868,0.770174,-0.054545,0.060968,-0.044552,0.028319,0.022473,0.011716,0.309618,-0.932324,-0.186841,0.000000,0.000000,0.000000,-1,0.321884,-0.903107,-0.189926,-0.061706,0.064081,-0.058354,41.486908,182.823654,-598.290405,0,0
0.520000,1.030293,1.197841,-0.697022,0.907138,0.281939,-0.312429,0.233902,0.279383,0.931254,0.349844,-0.917854,0.187493,0.600055,0.214914,0.015588,0.770392,-0.024844,0.032277,-0.054275,0.005839,0.034175,-0.001640,0.312429,-0.931254,-0.187493,0.000000,0.000000,0.000000,-1,0.304535,-0.886856,-0.193817,-0.041588,0.032243,-0.064783,43.069046,181.593109,-598.793213,0,0
0.560000,1.031321,1.195261,-0.697311,0.906340,0.282000,-0.314681,0.235525,0.281156,0.930312,0.350822,-0.917294,0.188405,0.599329,0.215877,0.015076,0.770698,-0.017484,0.024909,-0.052221,-0.019347,0.043486,-0.007426,0.314681,-0.930312,-0.188405,0.000000,0.000000,0.000000,-1,0.290588,-0.896179,-0.200470,-0.061758,0.051322,-0.063633,44.123795,182.999435,-597.452454,0,0
0.600000,1.027578,1.192188,-0.691144,0.905294,0.283410,-0.316420,0.235608,0.284805,0.929180,0.353457,-0.915732,0.191058,0.597794,0.217055,0.015489,0.771550,-0.060987,0.075826,-0.043533,-0.025282,0.026027,-0.004575,0.316420,-0.929180,-0.191058,0.000000,0.000000,0.000000,-1,0.299896,-0.911697,-0.184692,-0.083952,0.092782,-0.047636,42.541672,183.526825,-597.620056,0,0
0.640000,1.027359,1.191177,-0.688128,0.904310,0.285692,-0.317181,0.235344,0.286239,0.928806,0.356142,-0.914575,0.191613,0.597172,0.218126,0.016310,0.771713,-0.041706,0.096141,-0.022440,-0.013593,0.014530,0.005303,0.317181,-0.928806,-0.191613,0.000000,0.000000,0.000000,-1,0.313980,-0.923294,-0.179688,-0.050847,0.109897,-0.028781,44.299591,182.472061,-597.284912,0,0
0.680000,1.032865,1.190788,-0.689315,0.902601,0.289556,-0.318542,0.235914,0.286239,0.928661,0.360079,-0.913359,0.190049,0.597142,0.219994,0.017390,0.771182,0.010547,0.104772,-0.004768,0.008392,0.002041,0.003083,0.318542,-0.928661,-0.190049,0.000000,0.000000,0.000000,-1,0.339005,-0.925446,-0.187042,-0.007184,0.096305,-0.008828,43.069046,182.296280,-598.122803,0,0
0.720000,1.039718,1.190014,-0.692702,0.900950,0.292567,-0.320457,0.237341,0.285991,0.928374,0.363260,-0.912477,0.188226,0.597230,0.221819,0.017917,0.770579,0.023159,0.069906,0.003701,0.022515,0.001754,-0.003684,0.320457,-0.928374,-0.188226,0.000000,0.000000,0.000000,-1,0.348541,-0.925583,-0.184570,0.004457,0.070902,-0.006692,43.596420,183.526825,-597.955200,0,0
0.760000,1.045069,1.190335,-0.695992,0.900033,0.294566,-0.321202,0.238089,0.284980,0.928493,0.365039,-0.912150,0.186359,0.597640,0.222816,0.018337,0.769963,0.034794,0.043436,0.004766,0.025813,0.005230,0.002887,0.321202,-0.928493,-0.186359,0.000000,0.000000,0.000000,-1,0.336349,-0.908157,-0.177322,0.020339,0.041242,-0.006704,44.826965,182.647858,-598.793213,0,0
0.800000,1.049454,1.190741,-0.699469,0.899541,0.295537,-0.321688,0.238836,0.283861,0.928644,0.365763,-0.912185,0.184760,0.598105,0.223361,0.018423,0.769442,0.046460,0.028598,0.003659,0.014661,0.020487,0.007438,0.321688,-0.928644,-0.184760,0.000000,0.000000,0.000000,-1,0.322052,-0.901749,-0.177322,0.020304,0.030641,-0.007730,43.069046,183.702606,-596.782104,0,0
0.840000,1.055730,1.190854,-0.704953,0.898890,0.296359,-0.322750,0.240321,0.282467,0.928686,0.366391,-0.912351,0.182686,0.598694,0.224105,0.018223,0.768772,0.035798,0.023309,0.003743,-0.002712,0.027304,0.004769,0.322750,-0.928686,-0.182686,0.000000,0.000000,0.000000,-1,0.308044,-0.907227,-0.180557,0.006463,0.031694,-0.008691,43.596420,183.526825,-597.955200,0,0
0.880000,1.058057,1.191717,-0.706547,0.898691,0.297261,-0.322476,0.240250,0.281475,0.929006,0.366926,-0.912364,0.181542,0.599098,0.224300,0.018549,0.768392,0.013394,0.015881,0.007082,-0.012402,0.021047,0.000466,0.322476,-0.929006,-0.181542,0.000000,0.000000,0.000000,-1,0.312958,-0.915924,-0.177856,-0.010576,0.024353,-0.001075,42.893250,183.878403,-597.284912,0,0
0.920000,1.059121,1.192585,-0.707027,0.898624,0.298014,-0.321966,0.239862,0.280747,0.929326,0.367343,-0.912343,0.180803,0.599390,0.224343,0.018926,0.768143,0.009148,0.018020,0.009242,-0.006033,0.008855,0.005312,0.321966,-0.929326,-0.180803,0.000000,0.000000,0.000000,-1,0.319717,-0.930206,-0.184219,-0.014830,0.030660,-0.006392,43.420624,181.944687,-598.793213,0,0
0.960000,1.059443,1.193041,-0.706636,0.898485,0.298770,-0.321655,0.239477,0.280518,0.929495,0.367935,-0.912166,0.180492,0.599474,0.224466,0.019300,0.768032,-0.005786,0.012688,0.005120,-0.001449,-0.004557,0.002544,0.321655,-0.929495,-0.180492,0.000000,0.000000,0.000000,-1,0.323898,-0.931076,-0.174393,-0.034030,0.017965,-0.005130,43.596420,183.526825,-597.955200,0,0
1.000000,1.060628,1.193384,-0.707194,0.898287,0.299433,-0.321590,0.239426,0.280142,0.929621,0.368450,-0.912064,0.179956,0.599623,0.224666,0.019537,0.767852,0.021946,0.021225,0.012328,0.002644,-0.002889,-0.002219,0.321590,-0.929621,-0.179956,0.000000,0.000000,0.000000,-1,0.323898,-0.929916,-0.188278,0.007545,0.029664,0.000896,41.838501,182.472061,-596.949707,0,0
1.040000,1.062381,1.193699,-0.708448,0.898082,0.299983,-0.321650,0.239587,0.279619,0.929737,0.368844,-0.912044,0.179249,0.599836,0.224882,0.019670,0.767618,0.020924,0.012604,0.012224,0.010962,0.008549,-0.005443,0.321650,-0.929737,-0.179249,0.000000,0.000000,0.000000,-1,0.316071,-0.914062,-0.183899,0.002196,0.025379,-0.004373,42.365875,182.647858,-598.122803,0,0
1.080000,1.063514,1.193934,-0.709177,0.897932,0.300419,-0.321661,0.239648,0.279278,0.929824,0.369170,-0.912005,0.178778,0.599974,0.225038,0.019796,0.767461,0.017709,0.013603,0.005850,-0.007330,0.019668,-0.007257,0.321661,-0.929824,-0.178778,0.000000,0.000000,0.000000,-1,0.313156,-0.894073,-0.178848,-0.007407,0.017978,-0.003206,43.596420,182.823654,-598.290405,0,0
1.120000,1.063460,1.194073,-0.709025,0.897936,0.300540,-0.321539,0.239522,0.279217,0.929875,0.369244,-0.911983,0.178733,0.599997,0.225027,0.019877,0.767445,0.015564,0.004148,0.014421,-0.011236,0.042103,0.001929,0.321539,-0.929875,-0.178733,0.000000,0.000000,0.000000,-1,0.304642,-0.883530,-0.177246,-0.011634,0.022284,0.004268,42.541672,182.823654,-597.284912,0,0
1.160000,1.063191,1.194506,-0.708465,0.897957,0.300903,-0.321139,0.239103,0.279045,0.930034,0.369463,-0.911916,0.178623,0.600060,0.224980,0.020133,0.767402,0.006019,0.017918,0.014444,-0.016497,0.046504,0.001377,0.321139,-0.930034,-0.178623,0.000000,0.000000,0.000000,-1,0.309097,-0.895889,-0.178268,-0.030777,0.030752,0.003319,43.772217,182.647858,-597.452454,0,0
1.200000,1.060490,1.194820,-0.704218,0.897742,0.302331,-0.320400,0.237727,0.279835,0.930150,0.370872,-0.911202,0.179347,0.599700,0.225137,0.021041,0.767614,-0.017195,0.029320,0.012321,-0.009700,0.020329,0.004741,0.320400,-0.930150,-0.179347,0.000000,0.000000,0.000000,-1,0.314499,-0.922241,-0.173538,-0.037147,0.040247,-0.000928,42.014297,181.944687,-597.452454,0,0
1.240000,1.060617,1.195159,-0.703233,0.897466,0.303413,-0.320148,0.237247,0.279829,0.930274,0.371844,-0.910844,0.179153,0.599684,0.225394,0.021551,0.767536,-0.003323,0.038849,0.012180,-0.004215,0.002875,0.003479,0.320148,-0.930274,-0.179153,0.000000,0.000000,0.000000,-1,0.321426,-0.931961,-0.171326,-0.015847,0.039212,0.002107,44.651169,183.175232,-596.949707,0,0
1.280000,1.062893,1.195946,-0.704287,0.897103,0.304732,-0.319915,0.237068,0.279021,0.930562,0.372835,-0.910651,0.178068,0.600003,0.225749,0.022050,0.767169,0.016863,0.021910,0.013151,0.002534,-0.000468,0.006071,0.319915,-0.930562,-0.178068,0.000000,0.000000,0.000000,-1,0.325500,-0.928726,-0.172684,0.003266,0.025399,-0.002251,44.651169,182.472061,-597.620056,0,0
1.320000,1.066517,1.196466,-0.707300,0.896778,0.305457,-0.320134,0.237593,0.277937,0.930753,0.373282,-0.910740,0.176673,0.600451,0.226101,0.022128,0.766712,0.024275,0.014417,0.004594,0.007030,0.001538,0.000114,0.320134,-0.930753,-0.176673,0.000000,0.000000,0.000000,-1,0.319595,-0.918732,-0.172836,-0.009554,0.020008,-0.012785,42.014297,182.647858,-597.117310,0,0
1.360000,1.068722,1.196461,-0.709105,0.896505,0.305845,-0.320527,0.238098,0.277511,0.930751,0.373616,-0.910739,0.175969,0.600630,0.226405,0.022097,0.766483,0.001082,0.010783,-0.007047,-0.004152,0.012248,0.006108,0.320527,-0.930751,-0.175969,0.000000,0.000000,0.000000,-1,0.314392,-0.913864,-0.172821,-0.024475,0.022051,-0.021199,43.069046,182.999435,-597.452454,0,0
1.400000,1.069712,1.196028,-0.709558,0.896183,0.306236,-0.321055,0.238486,0.277709,0.930592,0.374141,-0.910548,0.175845,0.600547,0.226761,0.022099,0.766443,-0.004233,0.017100,-0.011292,-0.004313,0.015736,0.003955,0.321055,-0.930592,-0.175845,0.000000,0.000000,0.000000,-1,0.319611,-0.913269,-0.174515,-0.024473,0.025199,-0.024407,43.947998,181.768906,-597.620056,0,0
1.440000,1.071163,1.195333,-0.710471,0.895774,0.306569,-0.321877,0.239161,0.277981,0.930338,0.374689,-0.910352,0.175689,0.600438,0.227222,0.021989,0.766395,-0.000005,0.008607,-0.013426,-0.000878,0.015146,0.002349,0.321877,-0.930338,-0.175689,0.000000,0.000000,0.000000,-1,0.323929,-0.911865,-0.169586,-0.021314,0.014597,-0.025457,42.190079,183.175232,-596.949707,0,0
1.480000,1.074029,1.194313,-0.713348,0.895367,0.306352,-0.323213,0.240580,0.278010,0.929963,0.374753,-0.910417,0.175218,0.600445,0.227720,0.021459,0.766256,0.009527,-0.005201,-0.017717,0.000914,0.019716,0.007341,0.323213,-0.929963,-0.175218,0.000000,0.000000,0.000000,-1,0.322708,-0.912613,-0.172516,-0.006449,0.007110,-0.033002,43.244827,182.472061,-599.631104,0,0
1.520000,1.076076,1.193774,-0.715615,0.895179,0.306055,-0.324012,0.241539,0.277842,0.929765,0.374584,-0.910568,0.174794,0.600530,0.227963,0.021053,0.766129,0.014994,-0.007612,-0.022106,-0.002052,0.014665,0.003300,0.324012,-0.929765,-0.174794,0.000000,0.000000,0.000000,-1,0.325531,-0.909760,-0.167175,-0.020345,-0.012990,-0.030688,42.365875,182.647858,-597.452454,0,0
1.560000,1.078629,1.192846,-0.719268,0.895142,0.304883,-0.325218,0.243121,0.277607,0.929423,0.373648,-0.911033,0.174374,0.600658,0.228085,0.020157,0.766016,0.023495,-0.020253,-0.014673,0.000770,0.013224,0.005093,0.325218,-0.929423,-0.174374,0.000000,0.000000,0.000000,-1,0.321014,-0.916367,-0.170502,0.009489,-0.010820,-0.024535,44.475372,182.999435,-597.787659,0,0
1.600000,1.081164,1.192877,-0.722593,0.895215,0.304225,-0.325633,0.244023,0.276775,0.929434,0.372884,-0.911506,0.173535,0.601021,0.228049,0.019654,0.765755,0.030950,-0.023391,-0.010460,-0.002681,0.021140,0.007291,0.325633,-0.929434,-0.173535,0.000000,0.000000,0.000000,-1,0.317230,-0.914780,-0.169189,0.010534,-0.019274,-0.022381,42.893250,181.417313,-597.620056,0,0
1.640000,1.083646,1.193137,-0.726319,0.895479,0.303215,-0.325850,0.244892,0.275683,0.929530,0.371679,-0.912173,0.172614,0.601495,0.227810,0.019048,0.765470,0.026699,-0.018124,-0.013643,-0.007704,0.006496,0.003348,0.325850,-0.929530,-0.172614,0.000000,0.000000,0.000000,-1,0.322556,-0.928696,-0.171997,-0.007535,-0.004491,-0.027623,43.772217,181.593109,-598.458008,0,0
1.680000,1.084994,1.192865,-0.728426,0.895557,0.302493,-0.326306,0.245641,0.275355,0.929430,0.370996,-0.912512,0.172292,0.601646,0.227764,0.018570,0.765376,0.007769,-0.019655,-0.015702,0.000385,0.005510,0.001302,0.326306,-0.929430,-0.172292,0.000000,0.000000,0.000000,-1,0.328522,-0.916611,-0.164597,-0.018200,-0.011882,-0.025382,44.299591,181.417313,-597.955200,0,0
1.720000,1.086479,1.192413,-0.730918,0.895661,0.301506,-0.326933,0.246606,0.275055,0.929263,0.370103,-0.912929,0.172003,0.601790,0.227701,0.017934,0.765297,0.015215,-0.027020,-0.010409,0.000368,0.014499,0.008490,0.326933,-0.929263,-0.172003,0.000000,0.000000,0.000000,-1,0.325058,-0.913467,-0.161667,-0.003300,-0.019241,-0.019078,43.772217,181.944687,-597.787659,0,0
1.760000,1.089516,1.192599,-0.735157,0.895856,0.300527,-0.327301,0.247655,0.273879,0.929332,0.368930,-0.913605,0.170929,0.602297,0.227538,0.017279,0.764961,0.030135,-0.024893,-0.009470,-0.003372,0.015391,0.009629,0.327301,-0.929332,-0.170929,0.000000,0.000000,0.000000,-1,0.321960,-0.912308,-0.166092,0.008424,-0.011869,-0.023458,44.475372,182.296280,-598.458008,0,0
1.800000,1.092455,1.192797,-0.739204,0.896031,0.299635,-0.327638,0.248637,0.272739,0.929405,0.367842,-0.914239,0.169882,0.602787,0.227390,0.016674,0.764633,0.031205,-0.022784,-0.010552,-0.006670,0.019279,0.003225,0.327638,-0.929405,-0.169882,0.000000,0.000000,0.000000,-1,0.322571,-0.916229,-0.163818,0.003101,-0.016055,-0.018074,43.069046,181.593109,-597.452454,0,0
1.840000,1.094626,1.193140,-0.742576,0.896319,0.298682,-0.327722,0.249339,0.271663,0.929532,0.366664,-0.914871,0.169024,0.603248,0.227113,0.016138,0.764363,0.021617,-0.026998,-0.008330,-0.004877,0.010113,0.007937,0.327722,-0.929532,-0.169024,0.000000,0.000000,0.000000,-1,0.324387,-0.918884,-0.161469,-0.005419,-0.015014,-0.020143,43.772217,181.944687,-597.452454,0,0
1.880000,1.096653,1.193280,-0.745473,0.896472,0.297973,-0.327949,0.250037,0.270845,0.929583,0.365814,-0.915344,0.168300,0.603599,0.226976,0.015683,0.764136,0.011012,-0.013235,-0.009365,-0.005577,0.009386,0.007823,0.327949,-0.929583,-0.168300,0.000000,0.000000,0.000000,-1,0.324158,-0.923141,-0.159302,-0.011766,-0.001243,-0.020145,42.893250,182.120483,-597.284912,0,0
1.920000,1.099347,1.193607,-0.748730,0.896529,0.297599,-0.328130,0.250711,0.269806,0.929704,0.365211,-0.915772,0.167278,0.604038,0.226936,0.015347,0.763808,0.018504,-0.005782,-0.005188,-0.005559,0.006883,0.008464,0.328130,-0.929704,-0.167278,0.000000,0.000000,0.000000,-1,0.325165,-0.921997,-0.159073,-0.004278,0.005169,-0.013835,43.244827,182.472061,-596.949707,0,0
1.960000,1.101329,1.193994,-0.750878,0.896532,0.297581,-0.328140,0.251044,0.269004,0.929846,0.364975,-0.916014,0.166464,0.604372,0.226940,0.015237,0.763544,0.018527,-0.003613,0.000131,-0.003860,0.008307,0.008154,0.328140,-0.929846,-0.166464,0.000000,0.000000,0.000000,-1,0.314606,-0.914078,-0.161316,-0.002128,0.007336,-0.008534,44.826965,182.999435,-598.793213,0,0
2.000000,1.103146,1.195191,-0.752929,0.896748,0.297694,-0.327448,0.250834,0.267676,0.930286,0.364590,-0.916367,0.165366,0.604919,0.226695,0.015350,0.763182,0.028462,-0.003095,0.008469,-0.013453,0.017703,0.005576,0.327448,-0.930286,-0.165366,0.000000,0.000000,0.000000,-1,0.319458,-0.914963,-0.162231,0.001094,0.010581,-0.001113,44.123795,181.944687,-597.787659,0,0
2.040000,1.104728,1.196107,-0.754555,0.896860,0.297904,-0.326949,0.250686,0.266647,0.930621,0.364416,-0.916598,0.164465,0.605340,0.226562,0.015473,0.762885,0.016779,0.007489,0.007457,-0.006712,0.016635,-0.000376,0.326949,-0.930621,-0.164465,0.000000,0.000000,0.000000,-1,0.319305,-0.924423,-0.169220,-0.013776,0.024334,-0.003180,43.420624,181.944687,-597.117310,0,0
2.080000,1.104442,1.196485,-0.753721,0.896800,0.298480,-0.326587,0.250222,0.266600,0.930760,0.364882,-0.916425,0.164400,0.605351,0.226605,0.015815,0.762856,-0.001291,0.022281,0.003282,-0.005375,0.002491,-0.007399,0.326587,-0.930760,-0.164400,0.000000,0.000000,0.000000,-1,0.327454,-0.923080,-0.166779,-0.033990,0.033822,-0.008386,43.772217,181.593109,-597.117310,0,0
2.120000,1.103707,1.195889,-0.752136,0.896462,0.299085,-0.326961,0.250178,0.267400,0.930542,0.365741,-0.915994,0.164890,0.605015,0.226963,0.016024,0.763013,-0.014115,0.012693,-0.002977,0.000660,0.016052,0.002201,0.326961,-0.930542,-0.164890,0.000000,0.000000,0.000000,-1,0.325714,-0.910461,-0.156189,-0.019088,0.035897,-0.012770,43.947998,181.065735,-596.949707,0,0
2.160000,1.106569,1.195651,-0.753864,0.895878,0.300101,-0.327630,0.250792,0.267129,0.930454,0.366750,-0.915741,0.164052,0.605123,0.227595,0.016162,0.762735,0.018985,0.040253,-0.000145,-0.000176,0.018360,0.009023,0.327630,-0.930454,-0.164052,0.000000,0.000000,0.000000,-1,0.329681,-0.920746,-0.157684,-0.003038,0.056086,-0.005513,43.596420,181.768906,-597.955200,0,0
2.200000,1.111321,1.196375,-0.756865,0.895198,0.301937,-0.327802,0.251130,0.265886,0.930719,0.368177,-0.915499,0.162195,0.605623,0.228305,0.016667,0.762115,0.033974,0.047881,0.023144,0.000216,0.004801,0.000711,0.327802,-0.930719,-0.162195,0.000000,0.000000,0.000000,-1,0.330948,-0.942612,-0.163239,0.008740,0.056329,0.021028,43.069046,182.647858,-596.446960,0,0
2.240000,1.113334,1.198009,-0.757368,0.894975,0.303718,-0.326763,0.250218,0.264654,0.931316,0.369337,-0.915267,0.160863,0.606106,0.228482,0.017560,0.761658,0.016929,0.027959,0.044656,0.008183,-0.006962,-0.007152,0.326763,-0.931316,-0.160863,0.000000,0.000000,0.000000,-1,0.324295,-0.920929,-0.161972,-0.016828,0.037429,0.038342,43.772217,184.054199,-598.122803,0,0
2.280000,1.112405,1.200154,-0.754930,0.895056,0.305559,-0.324821,0.248203,0.263807,0.932095,0.370500,-0.914899,0.160282,0.606417,0.228293,0.018832,0.761437,0.003116,0.035405,0.047930,-0.009544,0.017025,0.000354,0.324821,-0.932095,-0.160282,0.000000,0.000000,0.000000,-1,0.311356,-0.911957,-0.157501,-0.019972,0.057514,0.034030,43.420624,181.593109,-596.446960,0,0
2.320000,1.112455,1.201572,-0.753208,0.894824,0.307481,-0.323644,0.246844,0.263270,0.932608,0.371965,-0.914409,0.159681,0.606604,0.228454,0.019915,0.761212,0.000015,0.073456,0.039292,-0.011968,0.018347,0.002363,0.323644,-0.932608,-0.159681,0.000000,0.000000,0.000000,-1,0.309464,-0.918396,-0.163330,-0.028398,0.096606,0.023295,44.299591,181.768906,-597.620056,0,0
2.360000,1.112574,1.202676,-0.750752,0.894266,0.310047,-0.322739,0.245494,0.263122,0.933006,0.374195,-0.913585,0.159187,0.606621,0.228949,0.021206,0.761015,-0.008210,0.088807,0.034953,-0.012222,0.014793,-0.002266,0.322739,-0.933006,-0.159187,0.000000,0.000000,0.000000,-1,0.303406,-0.917633,-0.160202,-0.030460,0.114661,0.028570,45.002747,182.472061,-597.620056,0,0
2.400000,1.112187,1.204813,-0.746235,0.893469,0.314235,-0.320889,0.242949,0.262764,0.933772,0.377742,-0.912256,0.158429,0.606687,0.229601,0.023428,0.760701,0.005735,0.110141,0.051819,-0.019177,0.016612,0.000577,0.320889,-0.933772,-0.158429,0.000000,0.000000,0.000000,-1,0.299957,-0.911041,-0.156006,0.002653,0.130756,0.051690,44.123795,182.647858,-597.787659,0,0
2.440000,1.116495,1.209103,-0.744612,0.892245,0.320618,-0.317965,0.239805,0.260210,0.935299,0.382612,-0.910766,0.155285,0.607608,0.230586,0.026599,0.759562,0.044174,0.129391,0.072763,-0.020633,0.024487,-0.000705,0.317965,-0.935299,-0.155285,0.000000,0.000000,0.000000,-1,0.301682,-0.921814,-0.155701,0.008092,0.154224,0.069670,42.893250,181.768906,-596.279358,0,0
2.480000,1.119208,1.213043,-0.741593,0.891067,0.326698,-0.315068,0.236528,0.258214,0.936686,0.387368,-0.909172,0.152813,0.608285,0.231481,0.029715,0.758633,0.005950,0.151799,0.090026,-0.014546,0.012736,-0.002049,0.315068,-0.936686,-0.152813,0.000000,0.000000,0.000000,-1,0.303986,-0.931625,-0.149689,-0.045020,0.178784,0.090231,44.123795,181.593109,-598.122803,0,0
2.520000,1.117836,1.217924,-0.731040,0.889133,0.335977,-0.310744,0.230734,0.257289,0.938384,0.395226,-0.906047,0.151243,0.608400,0.232870,0.034715,0.757902,-0.047009,0.184657,0.119052,-0.008742,0.003630,0.010663,0.310744,-0.938384,-0.151243,0.000000,0.000000,0.000000,-1,0.306519,-0.935410,-0.136810,-0.074704,0.202310,0.113810,44.475372,181.593109,-596.446960,0,0
2.560000,1.117844,1.221101,-0.724585,0.887595,0.342452,-0.308062,0.227091,0.256539,0.939477,0.400756,-0.903833,0.149935,0.608507,0.233992,0.038082,0.757309,-0.041602,0.199604,0.131738,0.003431,-0.001853,0.018434,0.308062,-0.939477,-0.149934,0.000000,0.000000,0.000000,-1,0.309845,-0.940369,-0.132721,-0.041620,0.212011,0.132693,44.826965,185.108948,-596.111755,0,0
2.600000,1.119798,1.224885,-0.719964,0.885975,0.349185,-0.305153,0.223558,0.254911,0.940767,0.406289,-0.901715,0.147782,0.608950,0.235135,0.041520,0.756417,-0.000028,0.199754,0.148458,0.004692,0.000398,0.015061,0.305153,-0.940767,-0.147782,0.000000,0.000000,0.000000,-1,0.301666,-0.919113,-0.150208,0.013749,0.197347,0.151495,45.354340,181.065735,-594.938660,0,0
2.640000,1.124789,1.232487,-0.715676,0.883921,0.359204,-0.299426,0.217764,0.250463,0.943317,0.413838,-0.899022,0.143168,0.610387,0.236312,0.046861,0.754578,0.068040,0.167002,0.158702,-0.001345,0.027057,-0.010046,0.299426,-0.943317,-0.143168,0.000000,0.000000,0.000000,-1,0.290100,-0.915497,-0.154114,0.038136,0.176020,0.136471,45.705917,181.065735,-596.279358,0,0
2.680000,1.125815,1.237185,-0.710281,0.882452,0.365948,-0.295569,0.213518,0.248271,0.944866,0.419153,-0.896908,0.140951,0.610989,0.237102,0.050567,0.753604,0.000787,0.160120,0.100655,-0.008552,0.029232,-0.013712,0.295569,-0.944866,-0.140951,0.000000,0.000000,0.000000,-1,0.268646,-0.927185,-0.154617,-0.048228,0.199682,0.059284,44.299591,180.362564,-596.279358,0,0
2.720000,1.123891,1.239016,-0.702808,0.880858,0.371224,-0.293737,0.210538,0.248539,0.945464,0.423984,-0.894663,0.140772,0.610645,0.238175,0.053324,0.753354,-0.031150,0.197870,0.059218,-0.025091,0.018279,-0.013846,0.293737,-0.945464,-0.140772,0.000000,0.000000,0.000000,-1,0.259567,-0.941483,-0.153946,-0.067398,0.216426,0.036998,43.772217,181.241516,-596.111755,0,0
2.760000,1.119912,1.242167,-0.686129,0.876867,0.383040,-0.290491,0.204475,0.249710,0.946486,0.435080,-0.889340,0.140640,0.609614,0.240937,0.059295,0.752864,-0.032191,0.221026,0.044246,-0.043589,-0.003191,-0.011414,0.290491,-0.946486,-0.140640,0.000000,0.000000,0.000000,-1,0.254883,-0.944687,-0.154846,-0.056677,0.239735,0.037893,42.893250,180.362564,-596.279358,0,0
2.800000,1.119173,1.244143,-0.676273,0.873734,0.391456,-0.288705,0.200833,0.250254,0.947121,0.443006,-0.885514,0.140039,0.608983,0.243147,0.063344,0.752334,-0.032187,0.220013,0.049586,-0.019433,0.014657,-0.014670,0.288705,-0.947121,-0.140039,0.000000,0.000000,0.000000,-1,0.278015,-0.928925,-0.154755,-0.057810,0.220631,0.033712,43.772217,181.593109,-596.111755,0,0
2.840000,1.118841,1.244458,-0.669469,0.871256,0.397170,-0.288389,0.198940,0.251381,0.947223,0.448704,-0.882646,0.140004,0.608250,0.245010,0.065892,0.752104,-0.031191,0.205124,0.043242,0.000460,0.028811,-0.013057,0.288389,-0.947223,-0.140004,0.000000,0.000000,0.000000,-1,0.300659,-0.903870,-0.147888,-0.056821,0.203596,0.024180,44.123795,181.944687,-597.117310,0,0
2.880000,1.121048,1.243478,-0.661879,0.867036,0.405487,-0.289533,0.197597,0.253615,0.946908,0.457389,-0.878214,0.139771,0.606970,0.248399,0.069137,0.751735,-0.039842,0.179529,0.024218,0.012606,0.042275,-0.000183,0.289533,-0.946908,-0.139771,0.000000,0.000000,0.000000,-1,0.307236,-0.911179,-0.137085,-0.063296,0.183375,0.013653,46.057510,181.768906,-592.927612,0,0
2.920000,1.122898,1.243307,-0.658558,0.864801,0.409946,-0.289937,0.196853,0.254398,0.946853,0.461918,-0.875914,0.139305,0.606444,0.250146,0.070897,0.751416,-0.025003,0.154146,0.028455,0.015681,0.031570,0.002494,0.289937,-0.946853,-0.139305,0.000000,0.000000,0.000000,-1,0.301437,-0.924179,-0.144730,-0.039920,0.157009,0.026354,45.178543,182.296280,-596.111755,0,0
2.960000,1.124218,1.244326,-0.655770,0.863221,0.413744,-0.289251,0.195554,0.254182,0.947180,0.465412,-0.874190,0.138506,0.606328,0.251225,0.072634,0.750984,-0.008047,0.107766,0.053000,0.013880,0.019797,-0.008009,0.289251,-0.947180,-0.138506,0.000000,0.000000,0.000000,-1,0.314728,-0.934296,-0.145004,-0.025165,0.089417,0.047799,44.651169,182.472061,-594.938660,0,0
3.000000,1.125373,1.244193,-0.652842,0.861441,0.417247,-0.289524,0.194886,0.254853,0.947137,0.468976,-0.872327,0.138225,0.605880,0.252580,0.074046,0.750753,0.017360,0.064316,0.050814,0.026653,0.019128,-0.007069,0.289524,-0.947137,-0.138225,0.000000,0.000000,0.000000,-1,0.314941,-0.910706,-0.135086,0.004581,0.073454,0.040171,45.705917,181.768906,-595.273804,0,0
3.040000,1.131469,1.244454,-0.656613,0.860200,0.419376,-0.290137,0.195694,0.253920,0.947221,0.470914,-0.871578,0.136353,0.606203,0.253657,0.074553,0.750079,0.050442,0.051382,0.060151,0.019479,0.039980,0.003525,0.290137,-0.947221,-0.136353,0.000000,0.000000,0.000000,-1,0.303665,-0.917740,-0.135635,0.029116,0.066290,0.067706,45.002747,182.120483,-594.938660,0,0
3.080000,1.135715,1.245906,-0.659218,0.859550,0.421169,-0.289466,0.195513,0.252322,0.947686,0.472175,-0.871177,0.134540,0.606772,0.254083,0.075279,0.749402,0.047343,0.060124,0.088896,0.014199,0.029946,-0.001096,0.289466,-0.947686,-0.134540,0.000000,0.000000,0.000000,-1,0.337448,-0.984146,-0.144241,-0.008114,0.057004,0.093598,45.705917,181.065735,-593.933105,0,0
3.120000,1.134501,1.247591,-0.656147,0.859125,0.423136,-0.287855,0.193762,0.251656,0.948222,0.473667,-0.870417,0.134216,0.606888,0.254123,0.076543,0.749166,-0.035834,0.008376,0.103567,0.049593,-0.035924,-0.010025,0.287855,-0.948222,-0.134216,0.000000,0.000000,0.000000,-1,0.335495,-0.973511,-0.135178,-0.099904,-0.015015,0.092449,46.057510,181.417313,-594.938660,0,0
3.160000,1.117643,1.249739,-0.640025,0.860656,0.422817,-0.283720,0.188463,0.253112,0.948902,0.473025,-0.870149,0.138157,0.606091,0.252140,0.078085,0.750321,-0.090384,-0.055373,0.080787,0.022814,0.025547,0.041554,0.283720,-0.948902,-0.138157,0.000000,0.000000,0.000000,-1,0.268967,-0.865860,-0.104752,-0.076654,-0.039755,0.051879,44.826965,181.241516,-596.446960,0,0
3.200000,1.110836,1.251226,-0.634709,0.861876,0.421808,-0.281508,0.186278,0.252975,0.949370,0.471667,-0.870679,0.139459,0.606103,0.250818,0.078435,0.750718,0.028854,-0.039750,0.054232,-0.019515,0.096480,0.021615,0.281508,-0.949371,-0.139459,0.000000,0.000000,0.000000,-1,0.232651,-0.838364,-0.144974,0.061784,-0.026090,0.043297,43.596420,180.714142,-595.273804,0,0
3.240000,1.117098,1.255499,-0.643108,0.863183,0.420983,-0.278727,0.185962,0.248153,0.950704,0.469397,-0.872464,0.135914,0.608095,0.249527,0.078388,0.749542,0.099182,-0.019663,0.051481,-0.067332,0.124029,-0.024272,0.278727,-0.950704,-0.135914,0.000000,0.000000,0.000000,-1,0.192993,-0.828171,-0.177780,0.080006,0.014153,0.043005,43.596420,180.010986,-594.603455,0,0
3.280000,1.124157,1.258383,-0.649751,0.863152,0.422049,-0.277206,0.185947,0.244728,0.951594,0.469459,-0.872916,0.132759,0.609439,0.249408,0.078865,0.748438,0.097331,0.063058,0.062904,-0.087616,0.113704,-0.046120,0.277206,-0.951594,-0.132759,0.000000,0.000000,0.000000,-1,0.180557,-0.897430,-0.182587,0.050633,0.141464,0.065127,43.420624,179.483597,-595.106201,0,0
3.320000,1.131690,1.261434,-0.653888,0.861871,0.425723,-0.275569,0.185191,0.241650,0.952528,0.472104,-0.871989,0.129432,0.610489,0.250174,0.080483,0.747153,0.088084,0.158561,0.081793,-0.095011,0.055097,-0.053155,0.275569,-0.952528,-0.129432,0.000000,0.000000,0.000000,-1,0.209076,-1.001770,-0.284775,0.132895,0.213692,0.088721,45.178543,179.483597,-594.100708,0,0
3.360000,1.159376,1.270134,-0.672707,0.858276,0.435526,-0.271440,0.184535,0.231633,0.955140,0.478863,-0.869864,0.118435,0.614046,0.252449,0.084449,0.743025,0.223540,0.187676,0.140291,-0.034777,-0.052611,-0.181980,0.271440,-0.955140,-0.118435,0.000000,0.000000,0.000000,-1,0.312622,-0.980743,-0.283875,0.194689,0.196016,0.125594,44.475372,179.132019,-594.771057,0,0
3.400000,1.186945,1.277417,-0.693023,0.855169,0.443603,-0.268144,0.184753,0.222478,0.957272,0.484305,-0.868170,0.108300,0.617331,0.254465,0.087538,0.739248,0.191596,0.242138,0.073220,0.057615,-0.015766,-0.159034,0.268144,-0.957272,-0.108300,0.000000,0.000000,0.000000,-1,0.339172,-0.949783,-0.237045,0.154269,0.281008,0.038233,44.299591,178.956223,-593.597961,0,0
3.440000,1.209655,1.280059,-0.707865,0.851196,0.451167,-0.268168,0.186389,0.217790,0.958033,0.490637,-0.865457,0.101289,0.618894,0.257539,0.089866,0.736593,0.143699,0.305048,0.003044,0.067571,0.017786,-0.119826,0.268168,-0.958033,-0.101289,0.000000,0.000000,0.000000,-1,0.309586,-0.921066,-0.175095,0.094663,0.333458,-0.017964,45.530136,179.483597,-593.095154,0,0
3.480000,1.255801,1.283534,-0.737790,0.842598,0.466324,-0.269387,0.190581,0.209650,0.959023,0.503693,-0.859412,0.087778,0.621524,0.264232,0.094246,0.731442,0.221317,0.235510,0.044250,0.021430,0.068124,-0.070654,0.269387,-0.959023,-0.087778,0.000000,0.000000,0.000000,-1,0.292999,-0.868134,-0.159805,0.235092,0.241878,0.046275,46.409088,180.010986,-591.586914,0,0
3.520000,1.288699,1.287907,-0.765191,0.839627,0.472388,-0.268098,0.193347,0.201324,0.960253,0.507586,-0.858090,0.077702,0.624620,0.266456,0.095853,0.727780,0.335205,0.197638,0.074403,0.030409,0.108324,-0.095562,0.268098,-0.960253,-0.077702,0.000000,0.000000,0.000000,-1,0.344406,-0.822067,-0.227005,0.358303,0.130776,0.060651,47.463837,179.307816,-592.592407,0,1
3.560000,1.341667,1.294296,-0.815718,0.837911,0.476683,-0.265856,0.198797,0.187093,0.962017,0.508317,-0.858935,0.062004,0.630241,0.267945,0.096178,0.722324,0.384726,0.044883,0.050089,0.082517,0.141109,-0.174309,0.265856,-0.962017,-0.062004,0.000000,0.000000,0.000000,-1,0.348572,-0.830078,-0.263885,0.306693,0.000111,0.017862,44.826965,178.428848,-591.419312,0,0
3.600000,1.352280,1.290991,-0.831401,0.839330,0.472059,-0.269601,0.204055,0.186094,0.961109,0.503872,-0.861701,0.059868,0.631143,0.267813,0.092796,0.722027,0.194596,-0.094198,0.013694,0.057776,0.085804,-0.208000,0.269601,-0.961109,-0.059868,0.000000,0.000000,0.000000,-1,0.299561,-0.916275,-0.244568,0.127471,-0.107956,0.011135,45.002747,177.901474,-590.581360,0,0
3.640000,1.360395,1.292633,-0.843912,0.841472,0.468844,-0.268534,0.205187,0.182477,0.961562,0.499824,-0.864226,0.057349,0.632781,0.266297,0.091378,0.721335,0.078462,-0.142633,0.042475,0.015005,0.028395,-0.161401,0.268534,-0.961562,-0.057349,0.000000,0.000000,0.000000,-1,0.240936,-0.977753,-0.154968,0.020110,-0.084234,0.054491,43.772217,178.780441,-590.748901,0,0
3.680000,1.349073,1.294731,-0.836528,0.844080,0.465647,-0.265899,0.202336,0.182635,0.962135,0.496578,-0.865920,0.059942,0.632752,0.263919,0.091141,0.722263,0.084233,-0.006819,0.069620,-0.031952,-0.021629,-0.088343,0.265899,-0.962135,-0.059942,0.000000,0.000000,0.000000,-1,0.231674,-0.989243,-0.144379,0.167403,0.043787,0.042216,44.299591,177.901474,-591.251709,0,0
3.720000,1.392434,1.299181,-0.878481,0.843035,0.468593,-0.264032,0.206520,0.171254,0.963339,0.496630,-0.866656,0.047599,0.637217,0.264868,0.091256,0.717964,0.373042,0.126058,0.012550,-0.012124,-0.030008,-0.133965,0.264032,-0.963339,-0.047599,0.000000,0.000000,0.000000,-1,0.283401,-0.992920,-0.205719,0.381602,0.157539,-0.022726,43.596420,177.198303,-589.575806,0,0
3.760000,1.441428,1.300104,-0.923946,0.840253,0.472931,-0.265164,0.213380,0.161155,0.963586,0.498442,-0.866237,0.034497,0.641210,0.267584,0.090952,0.713426,0.397665,0.227088,-0.057265,0.038211,-0.040091,-0.174015,0.265164,-0.963586,-0.034497,0.000000,0.000000,0.000000,-1,0.318222,-1.049622,-0.176880,0.322273,0.294799,-0.070719,45.354340,177.198303,-589.240662,0,0
3.800000,1.479770,1.299384,-0.955202,0.835777,0.479788,-0.266982,0.218878,0.154808,0.963393,0.503556,-0.863619,0.024370,0.643545,0.271413,0.091903,0.709746,0.150737,0.247382,-0.043708,0.030503,-0.114091,-0.135527,0.266982,-0.963393,-0.024370,0.000000,0.000000,0.000000,-1,0.255188,-1.141861,-0.141266,0.020774,0.213567,-0.041444,43.772217,177.374100,-588.737915,0,0
3.840000,1.478361,1.297963,-0.943299,0.830423,0.488270,-0.268310,0.218128,0.158206,0.963011,0.512658,-0.858233,0.024872,0.641745,0.275187,0.095189,0.709489,-0.159131,0.212784,-0.011346,-0.009247,-0.209154,-0.096923,0.268310,-0.963011,-0.024872,0.000000,0.000000,0.000000,-1,0.297287,-1.180023,-0.089691,-0.167525,0.232003,0.001495,45.354340,176.846725,-589.240662,0,0
3.880000,1.472187,1.298427,-0.927925,0.826148,0.495795,-0.267707,0.215313,0.161273,0.963136,0.520692,-0.853334,0.026484,0.639998,0.277777,0.098822,0.709561,-0.049415,0.205609,0.016593,0.029396,-0.212935,-0.048238,0.267707,-0.963136,-0.026484,0.000000,0.000000,0.000000,-1,0.287537,-1.176071,-0.075348,-0.020749,0.189493,-0.011203,45.178543,177.374100,-589.408203,0,0
3.920000,1.481996,1.298472,-0.931217,0.822666,0.501443,-0.267911,0.215808,0.160538,0.963148,0.525973,-0.850166,0.023853,0.639976,0.280187,0.100809,0.708353,0.099316,0.117417,-0.010863,0.019625,-0.212923,-0.051494,0.267911,-0.963148,-0.023853,0.000000,0.000000,0.000000,-1,0.298111,-1.097733,-0.102737,0.139521,0.075524,-0.077003,45.178543,177.374100,-589.743408,0,0
3.960000,1.510671,1.294224,-0.959201,0.820697,0.502159,-0.272567,0.223564,0.156784,0.961997,0.525809,-0.850444,0.016408,0.641776,0.282701,0.098649,0.706026,0.104754,-0.063097,-0.174288,0.020005,-0.053750,-0.091685,0.272567,-0.961997,-0.016408,0.000000,0.000000,0.000000,-1,0.265915,-0.944504,-0.072449,0.032133,-0.118445,-0.208608,44.123795,177.022522,-587.732361,0,0
4.000000,1.501834,1.288086,-0.956207,0.822446,0.496118,-0.278297,0.227913,0.160855,0.960303,0.521189,-0.853225,0.019223,0.640775,0.282483,0.094765,0.707553,-0.016299,-0.259496,-0.224812,-0.026115,0.048346,-0.027912,0.278297,-0.960303,-0.019223,0.000000,0.000000,0.000000,-1,0.222107,-0.836395,0.032745,-0.097422,-0.332645,-0.237695,43.420624,177.725677,-588.737915,0,0
4.040000,1.486662,1.281190,-0.950716,0.826015,0.486541,-0.284564,0.232410,0.165948,0.958356,0.513502,-0.857753,0.023998,0.639545,0.281040,0.089493,0.709923,-0.115616,-0.362159,-0.218330,-0.062458,0.121961,0.056744,0.284564,-0.958356,-0.023998,0.000000,0.000000,0.000000,-1,0.205185,-0.718964,0.149490,-0.237890,-0.337560,-0.199301,45.530136,178.077271,-589.073059,0,0
4.080000,1.418610,1.269387,-0.899573,0.833404,0.468330,-0.293436,0.232465,0.184635,0.954919,0.501395,-0.864047,0.045005,0.633199,0.276688,0.082107,0.718165,-0.391803,-0.251326,-0.124995,-0.081537,0.291482,0.237876,0.293435,-0.954919,-0.045005,0.000000,0.000000,0.000000,-1,0.221771,-0.646866,0.222977,-0.468276,-0.193671,-0.106436,44.651169,178.956223,-589.240662,0,0
4.120000,1.370368,1.265033,-0.854350,0.835512,0.463570,-0.294995,0.227014,0.197683,0.953617,0.500384,-0.863727,0.059930,0.628072,0.274882,0.081754,0.723382,-0.498651,-0.115734,-0.010685,-0.066587,0.296208,0.294656,0.294995,-0.953617,-0.059930,0.000000,0.000000,0.000000,-1,0.314697,-0.762634,0.245544,-0.420556,-0.032314,0.048126,45.002747,178.956223,-590.581360,0,0
4.160000,1.324089,1.264570,-0.807623,0.836969,0.462627,-0.292335,0.217851,0.208376,0.953478,0.502021,-0.861717,0.073621,0.623492,0.272849,0.084077,0.727833,-0.130686,-0.017133,0.121388,0.061333,0.148119,0.291761,0.292335,-0.953478,-0.073621,0.000000,0.000000,0.000000,-1,0.467346,-0.907486,0.078079,0.258912,-0.039189,0.119586,44.299591,179.307816,-590.581360,0,0
4.200000,1.387013,1.275479,-0.875124,0.839150,0.462547,-0.286142,0.223412,0.186530,0.956710,0.495898,-0.866750,0.053188,0.632343,0.271197,0.082928,0.720914,0.858349,-0.053362,0.117049,0.220923,-0.015245,0.005978,0.286142,-0.956710,-0.053188,0.000000,0.000000,0.000000,-1,0.465729,-0.998016,-0.154449,0.892062,-0.141241,0.091621,43.244827,178.604645,-590.246155,0,0
4.240000,1.465657,1.281693,-0.963865,0.842822,0.457458,-0.283519,0.234176,0.162603,0.958500,0.484575,-0.874238,0.029919,0.642320,0.269194,0.078254,0.713327,0.782927,-0.293329,0.051418,0.143742,-0.033108,-0.131747,0.283519,-0.958500,-0.029919,0.000000,0.000000,0.000000,-1,0.329407,-0.949799,-0.153732,0.467507,-0.313731,-0.014168,43.244827,176.846725,-589.575806,0,0
4.280000,1.509286,1.283169,-1.019520,0.847514,0.448944,-0.283141,0.241652,0.148583,0.958920,0.472571,-0.881120,0.017438,0.648362,0.266285,0.073042,0.709496,0.340720,-0.347905,-0.017390,0.046266,0.009121,-0.136294,0.283141,-0.958920,-0.017438,0.000000,0.000000,0.000000,-1,0.258667,-0.908813,-0.107483,0.054207,-0.378196,-0.006460,43.244827,177.198303,-588.570312,0,0
4.320000,1.503092,1.284000,-1.029211,0.854885,0.435336,-0.282233,0.242399,0.145824,0.959155,0.458711,-0.888380,0.019138,0.649985,0.260673,0.067878,0.712605,-0.203156,-0.398336,0.130835,-0.039918,0.070342,-0.001457,0.279908,-0.959715,-0.024453,0.000000,0.000000,0.000000,-1,0.237320,-0.910095,-0.002243,-0.295737,-0.372610,0.132594,42.541672,177.198303,-588.570312,0,0
