0.000000,1.592093,-1.319869,1.333914,0.936421,-0.247972,-0.248246,-0.241368,0.058270,-0.968683,0.254672,0.967013,-0.005288,-0.686192,0.178281,-0.002341,0.705231,-0.015330,-0.022059,0.012404,0.006072,0.015341,-0.003182,0.248246,0.968683,0.005288,0.000000,0.000000,0.000000,-1,0.252441,0.983078,0.006424,-0.039409,-0.006325,0.002460,60.120865,219.036804,-534.942017,0,0
0.040000,1.592923,-1.319539,1.335171,0.936441,-0.247579,-0.248561,-0.241752,0.058041,-0.968601,0.254232,0.967128,-0.005501,-0.686276,0.178256,-0.002066,0.705156,-0.018520,-0.021000,0.012429,0.006841,0.014554,-0.002113,0.248561,0.968601,0.005501,0.000000,0.000000,0.000000,-1,0.260468,0.979324,0.002289,-0.041545,-0.008443,0.002484,58.187149,219.564178,-534.439270,0,0
0.080000,1.594628,-1.318341,1.337961,0.936408,-0.246547,-0.249711,-0.243042,0.057634,-0.968302,0.253123,0.967416,-0.005952,-0.686427,0.178310,-0.001243,0.704998,-0.037738,-0.043241,0.012702,0.015517,0.012380,-0.008577,0.249711,0.968302,0.005952,0.000000,0.000000,0.000000,-1,0.272751,0.977020,0.005142,-0.060887,-0.064602,-0.000351,60.120865,222.201050,-534.942017,0,0
0.120000,1.598599,-1.316125,1.346228,0.936891,-0.242520,-0.251830,-0.245602,0.056101,-0.967746,0.248826,0.968523,-0.007003,-0.686985,0.177632,0.001093,0.704626,-0.050699,-0.104679,0.012072,0.022386,0.009549,0.001526,0.251830,0.967746,0.007003,0.000000,0.000000,0.000000,-1,0.269287,0.977966,0.007782,-0.081227,-0.102706,0.002080,58.890320,218.861008,-535.444763,0,0
0.160000,1.602095,-1.314922,1.353427,0.937465,-0.239095,-0.252968,-0.247136,0.054582,-0.967442,0.245118,0.969461,-0.007920,-0.687532,0.176803,0.002854,0.704295,-0.068833,-0.118413,0.015509,0.016747,0.008617,-0.000535,0.252968,0.967442,0.007920,0.000000,0.000000,0.000000,-1,0.268463,0.981262,0.009918,-0.095067,-0.105841,0.006461,58.890320,219.915756,-535.779968,0,0
0.200000,1.608901,-1.313469,1.365283,0.938262,-0.234501,-0.254312,-0.249141,0.051935,-0.967074,0.239987,0.970728,-0.009695,-0.688481,0.175619,0.005202,0.703651,-0.073109,-0.119478,0.014525,0.011207,0.016844,0.000925,0.254312,0.967074,0.009695,0.000000,0.000000,0.000000,-1,0.263931,0.982620,0.013336,-0.094045,-0.115423,0.001162,58.011368,219.388382,-534.942017,0,0
0.240000,1.614296,-1.312775,1.378877,0.939952,-0.226942,-0.254927,-0.250483,0.048672,-0.966897,0.231837,0.972691,-0.011096,-0.689633,0.173072,0.008370,0.703123,-0.043354,-0.128067,0.002617,-0.001906,0.020027,-0.000934,0.254927,0.966897,0.011096,0.000000,0.000000,0.000000,-1,0.248947,0.988846,0.006271,-0.062127,-0.115519,-0.008673,58.011368,219.388382,-535.277222,0,0
0.280000,1.615243,-1.313105,1.383454,0.940848,-0.223575,-0.254597,-0.250390,0.047465,-0.966981,0.228277,0.973530,-0.011323,-0.690055,0.171713,0.009535,0.703027,-0.034755,-0.105767,0.008823,-0.005574,0.019698,0.004759,0.254597,0.966981,0.011323,0.000000,0.000000,0.000000,-1,0.252426,0.983521,0.018890,-0.055628,-0.085786,-0.000312,57.483978,220.267349,-534.104065,0,0
0.320000,1.617546,-1.313118,1.388539,0.941459,-0.221033,-0.254557,-0.250615,0.046189,-0.966984,0.225494,0.974172,-0.011909,-0.690503,0.170763,0.010523,0.702805,-0.029377,-0.082442,0.010798,-0.002131,0.016536,0.006981,0.254557,0.966984,0.011909,0.000000,0.000000,0.000000,-1,0.254532,0.984985,0.016251,-0.050262,-0.072019,-0.000406,58.890320,220.618927,-536.450317,0,0
0.360000,1.619508,-1.313134,1.394495,0.942330,-0.217336,-0.254519,-0.250871,0.044693,-0.966988,0.221537,0.975073,-0.012408,-0.691022,0.169389,0.011932,0.702605,-0.021925,-0.070857,0.003206,-0.003832,0.017722,0.001584,0.254519,0.966988,0.012408,0.000000,0.000000,0.000000,-1,0.255203,0.983902,0.016739,-0.041718,-0.056213,-0.009054,56.605026,220.443130,-535.612366,0,0
0.400000,1.621255,-1.313377,1.398590,0.942891,-0.215191,-0.254262,-0.250821,0.043625,-0.967050,0.219192,0.975597,-0.012841,-0.691395,0.168504,0.012681,0.702438,-0.016551,-0.047552,0.003051,0.000880,0.015768,0.010521,0.254262,0.967050,0.012841,0.000000,0.000000,0.000000,-1,0.256134,0.980789,0.019958,-0.038454,-0.035011,-0.007028,57.308197,220.091553,-535.612366,0,0
0.440000,1.622683,-1.313254,1.401259,0.943121,-0.214061,-0.254362,-0.251053,0.042975,-0.967019,0.217933,0.975874,-0.013210,-0.691621,0.168125,0.013168,0.702297,-0.014397,-0.036928,0.006185,0.003497,0.013633,0.004078,0.254362,0.967019,0.013210,0.000000,0.000000,0.000000,-1,0.262711,0.982040,0.016159,-0.037356,-0.025459,-0.004941,58.890320,219.915756,-534.439270,0,0
0.480000,1.623639,-1.312604,1.404125,0.943361,-0.212264,-0.254977,-0.251795,0.042360,-0.966853,0.216029,0.976294,-0.013486,-0.691825,0.167694,0.014075,0.702181,-0.006942,-0.041181,0.005036,0.012357,0.015248,0.003756,0.254977,0.966853,0.013486,0.000000,0.000000,0.000000,-1,0.264481,0.980438,0.022537,-0.032066,-0.033963,-0.008147,59.769287,220.443130,-534.271667,0,0
0.520000,1.624516,-1.312181,1.406321,0.943531,-0.211031,-0.255373,-0.252291,0.041874,-0.966745,0.214707,0.976582,-0.013732,-0.691988,0.167388,0.014692,0.702081,-0.010163,-0.045424,0.004022,0.009138,0.013388,0.005830,0.255373,0.966745,0.013732,0.000000,0.000000,0.000000,-1,0.260712,0.984070,0.021500,-0.032063,-0.033953,-0.007081,57.659775,221.146301,-534.942017,0,0
0.560000,1.624909,-1.311866,1.408400,0.943805,-0.209440,-0.255672,-0.252678,0.041398,-0.966664,0.213042,0.976945,-0.013849,-0.692144,0.166915,0.015398,0.702025,-0.006943,-0.037959,0.009297,0.004277,0.016627,0.002127,0.255672,0.966664,0.013849,0.000000,0.000000,0.000000,-1,0.258865,0.984406,0.019424,-0.027761,-0.023324,-0.002893,59.593491,220.618927,-535.444763,0,0
0.600000,1.625717,-1.311689,1.410786,0.944086,-0.207969,-0.255832,-0.252945,0.040823,-0.966619,0.211471,0.977283,-0.014064,-0.692338,0.166434,0.016018,0.701934,0.006923,-0.018942,0.003782,-0.001071,0.015376,0.007420,0.255832,0.966619,0.014064,0.000000,0.000000,0.000000,-1,0.255661,0.985352,0.017914,-0.012818,-0.007480,-0.007330,59.066116,221.849472,-534.606812,0,0
0.640000,1.625036,-1.311887,1.410448,0.944210,-0.207631,-0.255650,-0.252742,0.040878,-0.966670,0.211161,0.977353,-0.013880,-0.692317,0.166244,0.016065,0.701998,0.013331,-0.009408,0.003684,-0.001438,0.018010,0.005102,0.255650,0.966670,0.013880,0.000000,0.000000,0.000000,-1,0.255035,0.984589,0.018036,-0.006394,0.004169,-0.007423,58.890320,220.267349,-534.104065,0,0
0.680000,1.623522,-1.312154,1.408756,0.944246,-0.207760,-0.255412,-0.252417,0.041264,-0.966738,0.211389,0.977309,-0.013479,-0.692182,0.166206,0.015900,0.702145,0.019761,0.009638,0.001418,-0.001201,0.017637,0.003595,0.255412,0.966738,0.013479,0.000000,0.000000,0.000000,-1,0.256516,0.984268,0.014099,0.000062,0.028508,-0.009695,58.890320,219.564178,-534.774414,0,0
0.720000,1.621068,-1.312300,1.405385,0.944101,-0.208551,-0.255304,-0.252138,0.042091,-0.966775,0.212368,0.977105,-0.012845,-0.691891,0.166460,0.015514,0.702379,0.027258,0.024475,0.002363,0.004461,0.018179,0.001528,0.255304,0.966775,0.012845,0.000000,0.000000,0.000000,-1,0.257126,0.980499,0.013016,0.003275,0.032764,-0.007605,57.835571,219.915756,-535.109619,0,0
0.760000,1.618218,-1.312333,1.401741,0.943954,-0.209208,-0.255308,-0.251952,0.043004,-0.966784,0.213238,0.976925,-0.012116,-0.691568,0.166708,0.015208,0.702645,0.031522,0.022384,0.005530,0.001818,0.013715,0.000900,0.255308,0.966784,0.012116,0.000000,0.000000,0.000000,-1,0.263580,0.980743,0.010681,0.007548,0.034910,-0.004451,57.483978,219.564178,-535.109619,0,0
0.800000,1.614274,-1.311894,1.396777,0.943647,-0.210021,-0.255777,-0.252153,0.044328,-0.966672,0.214359,0.976691,-0.011128,-0.691095,0.167189,0.014983,0.703002,0.026183,0.018128,0.003467,0.011892,0.014850,-0.000508,0.255777,0.966672,0.011128,0.000000,0.000000,0.000000,-1,0.267090,0.975723,0.014542,0.002166,0.018985,-0.008611,59.241898,220.970505,-534.104065,0,0
0.840000,1.609095,-1.311365,1.391274,0.943469,-0.210132,-0.256343,-0.252408,0.045806,-0.966536,0.214842,0.976599,-0.009822,-0.690559,0.167451,0.015024,0.703465,0.013313,-0.010516,-0.001631,0.005269,0.014268,-0.003887,0.256343,0.966536,0.009822,0.000000,0.000000,0.000000,-1,0.260666,0.980453,0.003616,-0.010694,-0.003313,-0.014819,58.011368,220.443130,-535.947510,0,0
0.880000,1.606964,-1.311316,1.389442,0.943529,-0.209777,-0.256410,-0.252370,0.046277,-0.966523,0.214620,0.976654,-0.009278,-0.690386,0.167351,0.015133,0.703656,0.005875,-0.008388,-0.000512,0.007613,0.013121,-0.001191,0.256410,0.966524,0.009278,0.000000,0.000000,0.000000,-1,0.266708,0.985321,0.011429,-0.021304,0.008350,-0.013715,58.187149,219.564178,-536.115112,0,0
0.920000,1.607347,-1.311154,1.389754,0.943472,-0.209849,-0.256563,-0.252539,0.046226,-0.966482,0.214675,0.976640,-0.009382,-0.690403,0.167434,0.015168,0.703619,-0.000488,0.006383,-0.006898,0.012632,0.015925,0.002886,0.256563,0.966482,0.009382,0.000000,0.000000,0.000000,-1,0.267899,0.982300,0.007614,-0.019159,0.017833,-0.019094,59.417694,219.036804,-535.277222,0,0
0.960000,1.605625,-1.311004,1.387401,0.943310,-0.210380,-0.256724,-0.252572,0.046847,-0.966443,0.215347,0.976497,-0.008945,-0.690183,0.167692,0.014988,0.703778,0.012322,0.013801,-0.005936,0.006093,0.015490,-0.005710,0.256724,0.966443,0.008945,0.000000,0.000000,0.000000,-1,0.260483,0.981369,0.004532,-0.009552,0.023156,-0.015993,57.835571,218.861008,-534.439270,0,0
1.000000,1.603794,-1.311199,1.385087,0.943266,-0.210784,-0.256552,-0.252278,0.047396,-0.966493,0.215881,0.976383,-0.008469,-0.689989,0.167779,0.014736,0.703952,0.014527,0.016004,-0.003877,0.002100,0.015578,-0.003159,0.256552,0.966493,0.008469,0.000000,0.000000,0.000000,-1,0.264587,0.981125,0.002319,-0.009540,0.026343,-0.014939,58.538742,218.861008,-534.439270,0,0
1.040000,1.601660,-1.311336,1.382361,0.943187,-0.211278,-0.256437,-0.252017,0.048059,-0.966529,0.216531,0.976244,-0.007917,-0.689754,0.167921,0.014464,0.704154,0.015612,0.021288,-0.004971,0.008151,0.014596,-0.005598,0.256437,0.966529,0.007917,0.000000,0.000000,0.000000,-1,0.262955,0.982620,0.006241,-0.011678,0.024215,-0.015980,59.417694,221.146301,-535.277222,0,0
1.080000,1.599755,-1.311412,1.379775,0.943072,-0.211861,-0.256378,-0.251820,0.048697,-0.966548,0.217259,0.976086,-0.007427,-0.689529,0.168115,0.014183,0.704333,0.010256,0.010677,-0.007016,0.006577,0.016072,-0.001186,0.256378,0.966548,0.007426,0.000000,0.000000,0.000000,-1,0.260681,0.979172,0.003677,-0.013819,0.023127,-0.019155,58.538742,219.915756,-535.779968,0,0
1.120000,1.598099,-1.311697,1.377480,0.943017,-0.212424,-0.256114,-0.251437,0.049222,-0.966621,0.217940,0.975937,-0.006994,-0.689346,0.168225,0.013844,0.704494,0.004937,0.006479,-0.002696,-0.000209,0.013970,0.000910,0.256114,0.966621,0.006994,0.000000,0.000000,0.000000,-1,0.254120,0.976074,0.006851,-0.020230,0.010478,-0.012666,58.538742,219.915756,-535.109619,0,0
1.160000,1.596931,-1.312005,1.376799,0.943204,-0.211942,-0.255825,-0.251112,0.049336,-0.966700,0.217505,0.976036,-0.006688,-0.689303,0.167943,0.013898,0.704601,0.011328,-0.041876,-0.000498,-0.001873,0.010595,-0.002842,0.255825,0.966700,0.006688,0.000000,0.000000,0.000000,-1,0.254898,0.977463,-0.002853,0.043363,-0.085919,-0.012798,58.890320,219.564178,-533.768921,0,0
1.200000,1.581212,-1.312022,1.365565,0.944243,-0.207195,-0.255882,-0.250525,0.052150,-0.966704,0.213640,0.976909,-0.002665,-0.688251,0.166262,0.015344,0.705997,0.048384,-0.120153,0.011225,0.006722,0.003922,0.010778,0.255882,0.966704,0.002665,0.000000,0.000000,0.000000,-1,0.263794,0.975189,0.019913,0.014555,-0.121746,0.006735,58.362946,222.201050,-535.277222,0,0
1.240000,1.575953,-1.311119,1.364606,0.944933,-0.202913,-0.256765,-0.251330,0.052569,-0.966473,0.209607,0.977785,-0.001324,-0.688057,0.165045,0.017134,0.706431,0.020516,-0.187788,0.026615,0.011683,0.018558,0.011936,0.256765,0.966473,0.001324,0.000000,0.000000,0.000000,-1,0.261520,0.984146,0.016922,-0.013369,-0.212697,0.021142,59.417694,220.443130,-535.612366,0,0
1.280000,1.571317,-1.309968,1.366958,0.946068,-0.196092,-0.257881,-0.252542,0.052203,-0.966177,0.202922,0.979195,-0.000134,-0.688113,0.162994,0.019967,0.706777,-0.002035,-0.261730,0.047309,0.001061,0.020136,0.021060,0.257881,0.966177,0.000134,0.000000,0.000000,0.000000,-1,0.222672,0.993759,0.022842,-0.042247,-0.282297,0.053587,59.066116,220.443130,-535.612366,0,0
1.320000,1.565200,-1.310016,1.378923,0.949510,-0.178755,-0.257831,-0.253103,0.049169,-0.966189,0.185388,0.982664,0.001443,-0.689003,0.156697,0.026285,0.707128,-0.027718,-0.329353,0.019937,-0.058704,0.037671,0.012811,0.257831,0.966189,-0.001443,0.000000,0.000000,0.000000,-1,0.197144,1.003098,0.007828,-0.039360,-0.331609,-0.010170,58.890320,220.618927,-534.774414,0,0
1.360000,1.556080,-1.311634,1.380447,0.951828,-0.168414,-0.256244,-0.251643,0.048487,-0.966605,0.175214,0.984523,0.003771,-0.689124,0.152388,0.029396,0.707829,-0.000319,-0.376484,-0.036585,-0.065814,0.028924,0.008395,0.256244,0.966605,-0.003771,0.000000,0.000000,0.000000,-1,0.177612,0.992020,0.003632,-0.026901,-0.392486,-0.064370,58.538742,221.673676,-535.779968,0,0
1.400000,1.544301,-1.313614,1.381409,0.954472,-0.155983,-0.254268,-0.249809,0.047885,-0.967110,0.163029,0.986598,0.006738,-0.689175,0.147202,0.033097,0.708713,-0.016660,-0.456398,-0.088359,-0.080363,0.024543,0.013620,0.254268,0.967110,-0.006738,0.000000,0.000000,0.000000,-1,0.170197,1.005737,0.023346,-0.049627,-0.459817,-0.129992,58.362946,219.388382,-535.947510,0,0
1.440000,1.525464,-1.325268,1.389334,0.961280,-0.130303,-0.242819,-0.239078,0.043866,-0.970009,0.137047,0.990503,0.011015,-0.690362,0.133764,0.038303,0.709958,-0.021095,-0.410914,-0.210000,-0.071372,0.040321,0.038801,0.242819,0.970009,-0.011015,0.000000,0.000000,0.000000,-1,0.170181,0.995895,0.025833,-0.041211,-0.393168,-0.252819,58.714523,220.443130,-534.606812,0,0
1.480000,1.517933,-1.334885,1.393503,0.965043,-0.119231,-0.233403,-0.230065,0.041222,-0.972302,0.125550,0.992010,0.012350,-0.691280,0.126322,0.039005,0.710390,-0.039256,-0.372484,-0.320876,-0.066471,0.015720,0.036733,0.233403,0.972302,-0.012350,0.000000,0.000000,0.000000,-1,0.159760,0.976822,0.007111,-0.075423,-0.346552,-0.366718,56.605026,221.146301,-534.942017,0,0
1.520000,1.519170,-1.349874,1.404762,0.969525,-0.110147,-0.218838,-0.216116,0.036216,-0.975696,0.115396,0.993255,0.011308,-0.693181,0.117669,0.037307,0.710114,-0.083964,-0.295898,-0.401845,-0.059078,0.001126,0.018419,0.218838,0.975696,-0.011308,0.000000,0.000000,0.000000,-1,0.165817,0.976654,0.000183,-0.131673,-0.245324,-0.416731,55.901855,219.739960,-535.947510,0,0
1.560000,1.544393,-1.373370,1.439357,0.975238,-0.102297,-0.196078,-0.194454,0.025707,-0.980575,0.105351,0.994422,0.005178,-0.697200,0.106408,0.032533,0.708188,-0.194972,-0.077182,-0.347544,-0.008883,-0.002059,-0.006418,0.196078,0.980575,-0.005178,0.000000,0.000000,0.000000,-1,0.203247,0.985107,-0.011841,-0.224581,-0.038157,-0.350737,56.077652,221.322098,-536.785522,0,0
1.600000,1.581939,-1.387088,1.478918,0.977943,-0.101295,-0.182665,-0.181906,0.016761,-0.983173,0.102652,0.994715,-0.002035,-0.700574,0.101060,0.028553,0.705809,-0.193776,-0.028542,-0.356254,0.053541,-0.001239,-0.032110,0.182665,0.983173,0.002035,0.000000,0.000000,0.000000,-1,0.259216,0.987213,-0.034760,-0.209680,-0.022471,-0.372218,54.671310,221.322098,-535.109619,0,0
1.640000,1.608259,-1.396383,1.506658,0.979713,-0.100454,-0.173408,-0.173173,0.011122,-0.984829,0.100859,0.994880,-0.006499,-0.702690,0.097350,0.025811,0.704332,-0.171308,-0.034524,-0.360676,0.099129,0.005925,-0.044875,0.173408,0.984829,0.006499,0.000000,0.000000,0.000000,-1,0.265305,0.988708,-0.042236,-0.176716,-0.049869,-0.356391,53.968140,220.267349,-534.774414,0,0
1.680000,1.665556,-1.416546,1.570248,0.983642,-0.095157,-0.152950,-0.153639,0.000084,-0.988127,0.094041,0.995462,-0.014537,-0.706770,0.088005,0.020838,0.701639,-0.129097,-0.161611,-0.358397,0.105595,0.005632,-0.071254,0.152950,0.988127,0.014537,0.000000,0.000000,0.000000,-1,0.272171,0.997498,-0.049835,-0.139852,-0.160285,-0.383961,53.968140,220.970505,-534.774414,0,0
1.720000,1.690558,-1.427123,1.600375,0.985711,-0.090363,-0.142154,-0.143117,-0.004234,-0.989697,0.088830,0.995900,-0.017106,-0.708352,0.082403,0.018820,0.700780,-0.104535,-0.143543,-0.351198,0.151425,0.002628,-0.056306,0.142154,0.989697,0.017106,0.000000,0.000000,0.000000,-1,0.295883,0.995422,-0.035934,-0.137462,-0.112191,-0.337286,53.440765,220.091553,-534.271667,0,0
1.760000,1.722096,-1.435924,1.635562,0.987299,-0.087007,-0.132928,-0.134182,-0.008703,-0.990919,0.085060,0.996170,-0.020267,-0.709977,0.077886,0.016855,0.699702,-0.133013,-0.102737,-0.291472,0.161185,-0.000486,-0.054675,0.132928,0.990918,0.020267,0.000000,0.000000,0.000000,-1,0.250549,0.986389,-0.003235,-0.182077,-0.127505,-0.276159,51.682846,221.146301,-532.930969,0,0
1.800000,1.777892,-1.438854,1.703141,0.988776,-0.075804,-0.128748,-0.130409,-0.017360,-0.991308,0.072910,0.996972,-0.027051,-0.712949,0.072310,0.019580,0.697202,-0.241945,-0.257997,-0.245125,0.080831,0.000833,-0.019056,0.128748,0.991308,0.027051,0.000000,0.000000,0.000000,-1,0.187820,0.998611,0.009125,-0.287869,-0.271334,-0.254559,52.210220,220.618927,-533.098511,0,0
1.840000,1.842354,-1.444022,1.777068,0.990303,-0.066823,-0.121801,-0.123754,-0.025895,-0.991975,0.063132,0.997429,-0.033914,-0.715911,0.066551,0.020488,0.694711,-0.270866,-0.322519,-0.236136,0.054377,0.008330,-0.024163,0.121801,0.991975,0.033914,0.000000,0.000000,0.000000,-1,0.159225,1.022491,0.018295,-0.279460,-0.313633,-0.247008,49.924927,221.497879,-532.930969,0,0
1.880000,1.905652,-1.448229,1.850463,0.991667,-0.057117,-0.115470,-0.117511,-0.033748,-0.992498,0.052791,0.997797,-0.040179,-0.718609,0.060752,0.021806,0.692412,-0.235623,-0.314798,-0.202348,0.043755,0.029993,-0.021884,0.115470,0.992498,0.040179,0.000000,0.000000,0.000000,-1,0.135132,1.030457,0.029510,-0.244042,-0.282227,-0.171762,52.034439,220.091553,-532.930969,0,0
1.920000,2.000427,-1.451339,1.961226,0.993240,-0.041657,-0.108343,-0.110205,-0.045356,-0.992873,0.036447,0.998102,-0.049640,-0.722537,0.052545,0.024876,0.688884,-0.125157,-0.166295,-0.062074,0.003550,0.040543,-0.011264,0.108343,0.992873,0.049640,0.000000,0.000000,0.000000,-1,0.095779,1.041458,0.037735,-0.141014,-0.107480,-0.057096,50.628098,220.443130,-531.255066,0,0
1.960000,2.025401,-1.450746,1.988919,0.993425,-0.039099,-0.107598,-0.109445,-0.048629,-0.992803,0.033585,0.998051,-0.052588,-0.723644,0.051318,0.025570,0.687788,-0.092696,-0.033467,-0.014884,-0.030847,0.039409,-0.013495,0.107598,0.992803,0.052588,0.000000,0.000000,0.000000,-1,0.080841,1.026550,0.035873,-0.104396,0.000878,-0.021565,51.507065,221.673676,-531.757812,0,0
2.000000,2.045248,-1.450420,2.008491,0.993494,-0.039478,-0.106821,-0.108765,-0.050899,-0.992764,0.033755,0.997923,-0.054861,-0.724440,0.051158,0.025215,0.686974,-0.064846,0.048834,-0.048434,-0.014887,0.030094,-0.020071,0.106821,0.992764,0.054861,0.000000,0.000000,0.000000,-1,0.110855,1.013596,0.045639,-0.075519,0.103987,-0.095683,50.628098,221.146301,-532.260620,0,0
2.040000,2.087199,-1.454068,2.044246,0.993811,-0.045639,-0.101277,-0.103652,-0.053102,-0.993195,0.039950,0.997546,-0.057504,-0.725331,0.051456,0.021137,0.686149,-0.023165,0.128961,-0.087405,0.022060,0.011001,-0.010111,0.101277,0.993195,0.057504,0.000000,0.000000,0.000000,-1,0.125870,1.000031,0.040543,-0.042402,0.132664,-0.086460,50.803894,221.322098,-531.087463,0,0
2.080000,2.098918,-1.455144,2.053557,0.993861,-0.048024,-0.099673,-0.102207,-0.053569,-0.993320,0.042364,0.997409,-0.058149,-0.725531,0.051766,0.019747,0.685956,-0.019946,0.119625,-0.066088,0.029066,0.003491,-0.018491,0.099673,0.993320,0.058149,0.000000,0.000000,0.000000,-1,0.118439,0.996185,0.041443,-0.043457,0.120132,-0.067229,51.155472,220.970505,-531.087463,0,0
2.120000,2.095410,-1.455326,2.046427,0.993677,-0.051603,-0.099719,-0.102425,-0.052756,-0.993341,0.045998,0.997273,-0.057708,-0.725283,0.053092,0.018517,0.686151,-0.030656,0.079503,-0.051965,0.021817,0.007209,-0.014571,0.099719,0.993341,0.057708,0.000000,0.000000,0.000000,-1,0.126282,1.004272,0.047852,-0.056354,0.077799,-0.063774,49.924927,222.552643,-531.590271,0,0
2.160000,2.098903,-1.453279,2.047778,0.993401,-0.053839,-0.101274,-0.104161,-0.053828,-0.993103,0.048016,0.997098,-0.059081,-0.725657,0.054433,0.018348,0.685655,-0.056300,0.023618,-0.024863,0.035247,0.011643,-0.006240,0.101274,0.993103,0.059081,0.000000,0.000000,0.000000,-1,0.127228,1.016174,0.049057,-0.084120,0.018849,-0.024986,50.452301,221.322098,-532.428223,0,0
2.200000,2.101347,-1.450733,2.050905,0.993221,-0.053289,-0.103309,-0.106234,-0.055321,-0.992801,0.047191,0.997046,-0.060607,-0.726145,0.054921,0.019321,0.685072,-0.061745,-0.037616,-0.003248,0.017449,0.022626,-0.009765,0.103309,0.992801,0.060607,0.000000,0.000000,0.000000,-1,0.108917,1.015976,0.051102,-0.075782,-0.046751,-0.017348,50.979675,220.091553,-531.255066,0,0
2.240000,2.107863,-1.450380,2.060415,0.993384,-0.050356,-0.103214,-0.106013,-0.056494,-0.992759,0.044161,0.997132,-0.061459,-0.726522,0.053807,0.020321,0.684732,-0.024635,-0.078032,-0.020424,0.001599,0.016107,0.002338,0.103214,0.992759,0.061459,0.000000,0.000000,0.000000,-1,0.092621,1.004807,0.061264,-0.056821,-0.097781,-0.037544,50.628098,220.794724,-532.260620,0,0
2.280000,2.116920,-1.451281,2.073606,0.993721,-0.046239,-0.101888,-0.104474,-0.057456,-0.992867,0.040055,0.997277,-0.061926,-0.726826,0.051839,0.021268,0.684532,-0.032127,-0.094958,-0.018182,-0.010900,0.008079,-0.003882,0.101888,0.992867,0.061926,0.000000,0.000000,0.000000,-1,0.093246,1.006729,0.065781,-0.047127,-0.073286,-0.022797,49.045975,221.322098,-531.087463,0,0
2.320000,2.123869,-1.451951,2.083409,0.993951,-0.043393,-0.100890,-0.103326,-0.058152,-0.992946,0.037220,0.997364,-0.062283,-0.727046,0.050451,0.021893,0.684382,-0.003236,-0.060915,-0.001503,-0.003874,0.017781,0.000400,0.100890,0.992946,0.062283,0.000000,0.000000,0.000000,-1,0.108200,1.019012,0.052521,-0.030038,-0.062620,-0.014447,50.452301,220.618927,-531.422668,0,0
2.360000,2.118164,-1.452240,2.080136,0.994044,-0.040941,-0.100998,-0.103265,-0.057673,-0.992980,0.034829,0.997496,-0.061557,-0.726855,0.049599,0.022759,0.684619,-0.004414,-0.091750,-0.014158,0.010575,0.023438,-0.009021,0.100998,0.992980,0.061557,0.000000,0.000000,0.000000,-1,0.125351,1.017883,0.058594,-0.017460,-0.112580,-0.033533,49.045975,218.861008,-531.422668,0,0
2.400000,2.095189,-1.452279,2.066058,0.994233,-0.032013,-0.102352,-0.104033,-0.056195,-0.992985,0.026036,0.997907,-0.059201,-0.726228,0.046833,0.026271,0.685353,0.044207,-0.198864,-0.027946,0.023243,0.015133,0.008090,0.102352,0.992985,0.059201,0.000000,0.000000,0.000000,-1,0.123184,1.000137,0.073029,0.020584,-0.206863,-0.034540,49.924927,221.146301,-531.925415,0,0
2.440000,2.091204,-1.452252,2.064160,0.994271,-0.029924,-0.102611,-0.104163,-0.056010,-0.992982,0.023967,0.997982,-0.058806,-0.726135,0.046165,0.027076,0.685466,0.044165,-0.214711,-0.023620,0.020574,0.007156,0.014222,0.102611,0.992982,0.058806,0.000000,0.000000,0.000000,-1,0.109024,0.980301,0.088577,-0.005010,-0.223763,-0.030017,49.924927,219.388382,-532.595764,0,0
2.480000,2.103303,-1.451260,2.089116,0.994559,-0.017232,-0.102740,-0.103588,-0.059080,-0.992864,0.011039,0.998105,-0.060543,-0.727011,0.041547,0.031533,0.684641,-0.053835,-0.210480,-0.027135,-0.011034,-0.003622,0.022190,0.102740,0.992864,0.060543,0.000000,0.000000,0.000000,-1,0.089935,1.012299,0.076538,-0.101900,-0.195457,-0.063462,50.979675,221.497879,-530.584717,0,0
2.520000,2.127254,-1.451742,2.121553,0.994862,-0.008847,-0.100854,-0.101210,-0.062158,-0.992921,0.002515,0.998027,-0.062734,-0.727969,0.037796,0.033772,0.683734,-0.075144,-0.212566,-0.077124,0.003516,0.054503,0.002269,0.100854,0.992921,0.062734,0.000000,0.000000,0.000000,-1,0.140762,1.053558,0.058350,-0.053091,-0.208662,-0.115992,51.155472,219.915756,-532.763367,0,0
2.560000,2.136254,-1.452859,2.137145,0.995050,-0.002256,-0.099349,-0.099292,-0.063133,-0.993053,-0.004032,0.998003,-0.063044,-0.728222,0.034862,0.035491,0.683534,0.007855,-0.204390,-0.107613,0.061952,0.047016,0.000005,0.099349,0.993053,0.063044,0.000000,0.000000,0.000000,-1,0.196671,1.002563,0.058838,0.018319,-0.184320,-0.116637,50.100723,220.970505,-531.757812,0,0
2.600000,2.114431,-1.455688,2.122234,0.995145,0.004836,-0.098296,-0.097829,-0.060174,-0.993382,-0.010719,0.998176,-0.059408,-0.727105,0.031974,0.037483,0.684756,0.116743,-0.145752,-0.063905,0.106858,0.009776,0.000391,0.098296,0.993382,0.059408,0.000000,0.000000,0.000000,-1,0.202759,1.006882,0.067917,0.116607,-0.131796,-0.047284,49.045975,220.970505,-531.422668,0,0
2.640000,2.039651,-1.456628,2.053378,0.994761,0.011032,-0.101627,-0.100911,-0.052867,-0.993490,-0.016333,0.998541,-0.051477,-0.724414,0.031018,0.040709,0.687462,0.140679,-0.115575,0.107335,0.064281,0.020213,-0.009317,0.101627,0.993490,0.051477,0.000000,0.000000,0.000000,-1,0.157684,1.018051,-0.016037,0.104326,-0.107965,0.124238,49.573349,220.443130,-532.930969,0,0
2.680000,1.959492,-1.452616,1.977290,0.993913,0.015245,-0.109110,-0.108297,-0.046619,-0.993025,-0.020225,0.998796,-0.044684,-0.722014,0.032220,0.044783,0.689676,0.131327,-0.104315,0.179824,0.057867,0.023378,-0.073737,0.109110,0.993025,0.044684,0.000000,0.000000,0.000000,-1,0.191986,1.014801,-0.039337,0.134289,-0.104272,0.180454,49.924927,220.794724,-532.260620,0,0
2.720000,1.846009,-1.446697,1.868899,0.992663,0.020714,-0.119123,-0.118322,-0.036355,-0.992310,-0.024886,0.999124,-0.033638,-0.718098,0.033981,0.050135,0.693302,0.301584,-0.177079,0.218219,0.099170,0.037476,-0.081855,0.119123,0.992310,0.033638,0.000000,0.000000,0.000000,-1,0.215240,1.014526,-0.045532,0.389632,-0.218162,0.239624,50.452301,220.618927,-533.433716,0,0
2.760000,1.679946,-1.440011,1.711613,0.991093,0.030470,-0.129637,-0.129122,-0.018304,-0.991460,-0.032583,0.999368,-0.014206,-0.711267,0.034675,0.057018,0.699747,0.644088,-0.358558,0.300404,0.074617,0.016795,-0.079743,0.129637,0.991460,0.014206,0.000000,0.000000,0.000000,-1,0.189362,1.009384,-0.118912,0.759686,-0.451457,0.331377,50.452301,221.673676,-533.098511,0,0
2.800000,1.470143,-1.428663,1.515159,0.988970,0.045558,-0.140938,-0.141436,0.007877,-0.989916,-0.043989,0.998931,0.014234,-0.701224,0.034182,0.065930,0.709063,1.055890,-0.565902,0.450328,0.052925,0.016264,-0.129504,0.140938,0.989916,-0.014234,0.000000,0.000000,0.000000,-1,0.238342,1.095901,-0.186951,1.150523,-0.582173,0.520594,52.561813,219.915756,-534.774414,0,0
2.840000,1.176358,-1.391387,1.245444,0.983574,0.073767,-0.164746,-0.169086,0.057040,-0.983949,-0.063186,0.995643,0.068576,-0.681535,0.034965,0.083610,0.726152,1.378541,-0.806727,0.757672,0.092914,0.151076,-0.082273,0.164746,0.983949,-0.068576,0.000000,0.000000,0.000000,-1,0.202286,1.069336,-0.059128,1.252823,-0.747355,0.756922,51.507065,220.618927,-538.126221,0,0
2.880000,0.957739,-1.317823,1.056689,0.972442,0.111590,-0.204706,-0.217930,0.123079,-0.968172,-0.082844,0.986103,0.144006,-0.652946,0.040716,0.110097,0.748253,0.984141,-0.208678,0.708419,-0.018487,0.051222,-0.019431,0.204706,0.968172,-0.144006,0.000000,0.000000,0.000000,-1,0.176483,1.017578,-0.184036,0.802677,-0.222964,0.644458,54.495514,220.443130,-539.634521,0,0
2.920000,0.932596,-1.298515,1.036111,0.969188,0.118408,-0.215996,-0.231395,0.137038,-0.963160,-0.084447,0.983463,0.160215,-0.646516,0.043690,0.116177,0.752735,0.650087,-0.340346,0.551704,-0.106758,0.023931,-0.003771,0.215996,0.963160,-0.160215,0.000000,0.000000,0.000000,-1,-0.075836,0.948990,-0.148560,0.515910,-0.462741,0.366335,53.616562,220.267349,-539.466919,0,0
2.960000,0.854570,-1.280440,0.979345,0.966016,0.142055,-0.215948,-0.237661,0.159628,-0.958142,-0.101638,0.976903,0.187964,-0.636087,0.037576,0.124820,0.760527,0.391817,-0.295144,-0.177273,-0.221121,-0.004452,0.023566,0.215948,0.958142,-0.187964,0.000000,0.000000,0.000000,-1,0.082123,0.931778,-0.176041,0.311803,0.070534,-0.155023,53.792358,217.630463,-540.640015,0,0
3.000000,0.815231,-1.275476,0.934615,0.967536,0.137822,-0.211848,-0.234109,0.172919,-0.956709,-0.095223,0.975246,0.199571,-0.631476,0.038120,0.121569,0.764857,0.251365,0.334173,-0.047508,-0.104274,-0.035887,0.009873,0.211848,0.956709,-0.199571,0.000000,0.000000,0.000000,-1,0.105377,0.910217,-0.199799,0.190731,0.418115,-0.024353,52.913391,218.509415,-540.807617,0,0
3.040000,0.815482,-1.270468,0.915465,0.969168,0.119676,-0.215384,-0.234551,0.180288,-0.955239,-0.075488,0.976306,0.202799,-0.629699,0.045607,0.115481,0.766853,0.153038,0.531563,-0.008069,-0.113287,-0.055596,-0.007986,0.215384,0.955239,-0.202799,0.000000,0.000000,0.000000,-1,0.109070,0.901962,-0.212936,0.114518,0.575838,-0.036071,54.671310,219.212585,-541.142822,0,0
3.080000,0.822892,-1.268708,0.904234,0.970602,0.101778,-0.218112,-0.233832,0.183949,-0.954717,-0.057048,0.977652,0.202341,-0.629347,0.052457,0.109304,0.767609,0.089457,0.662567,-0.045353,-0.099033,-0.047872,-0.012656,0.218112,0.954717,-0.202341,0.000000,0.000000,0.000000,-1,0.191299,0.915253,-0.267975,0.026475,0.702760,-0.057171,54.319733,218.157837,-540.807617,0,0
3.120000,0.855943,-1.270585,0.902091,0.972433,0.067072,-0.223326,-0.232031,0.183339,-0.955274,-0.023128,0.980759,0.193848,-0.631515,0.065303,0.097565,0.766423,-0.062622,0.698872,-0.016612,0.014940,-0.038618,-0.099472,0.223326,0.955274,-0.193848,0.000000,0.000000,0.000000,-1,0.280716,0.914948,-0.317215,-0.057526,0.699007,-0.006435,56.077652,220.267349,-543.153809,0,0
3.160000,0.878752,-1.269963,0.903907,0.972514,0.046540,-0.228147,-0.232830,0.183285,-0.955090,-0.002634,0.981958,0.189083,-0.632484,0.073634,0.091220,0.765650,0.054764,0.719725,0.064430,0.059314,-0.040203,-0.143391,0.228147,0.955090,-0.189083,0.000000,0.000000,0.000000,-1,0.303894,0.913071,-0.360825,0.077989,0.733575,0.069087,55.022903,219.212585,-541.813110,0,0
3.200000,0.900733,-1.263321,0.896328,0.971280,0.018550,-0.237214,-0.236384,0.189001,-0.953101,0.027154,0.981802,0.187958,-0.631332,0.086260,0.083181,0.766198,0.198672,0.733931,0.114396,0.066665,-0.047400,-0.175994,0.237214,0.953101,-0.187958,0.000000,0.000000,0.000000,-1,0.306641,0.892715,-0.374817,0.142191,0.785009,0.134447,56.956604,219.388382,-541.310364,0,0
3.240000,0.945578,-1.251588,0.894426,0.966749,-0.025491,-0.254453,-0.244729,0.196438,-0.949484,0.074187,0.980185,0.183668,-0.629810,0.107262,0.071556,0.765972,0.046543,0.740728,0.159228,0.039951,-0.059790,-0.205584,0.254453,0.949484,-0.183668,0.000000,0.000000,0.000000,-1,0.292252,0.869034,-0.391159,-0.008192,0.688793,0.149823,57.308197,218.333633,-541.645569,0,0
3.280000,0.972667,-1.247460,0.902996,0.963950,-0.043096,-0.262570,-0.249478,0.196759,-0.948181,0.092526,0.979504,0.178914,-0.630134,0.116076,0.067464,0.764791,-0.012556,0.554423,0.169972,-0.003400,-0.102615,-0.190135,0.262570,0.948181,-0.178914,0.000000,0.000000,0.000000,-1,0.226837,1.062164,-0.316635,-0.021424,0.542586,0.145147,55.726059,219.564178,-542.148315,0,0
3.320000,0.992254,-1.243589,0.905777,0.961307,-0.058957,-0.269095,-0.252911,0.198328,-0.946944,0.109198,0.978361,0.175743,-0.629928,0.123771,0.063458,0.764097,0.116316,0.642511,0.077025,-0.012031,0.329012,-0.098091,0.269095,0.946944,-0.175743,0.000000,0.000000,0.000000,-1,0.145111,1.263062,-0.202744,0.021882,0.790295,0.131099,56.956604,219.388382,-541.980713,0,0
3.360000,1.029960,-1.238977,0.910664,0.955954,-0.090337,-0.279271,-0.257325,0.199766,-0.945451,0.141198,0.975671,0.167721,-0.630172,0.137923,0.054776,0.762142,-0.055029,0.996583,0.106856,-0.184407,0.223876,-0.045460,0.279271,0.945451,-0.167721,0.000000,0.000000,0.000000,-1,0.234650,0.934082,-0.230606,0.103560,1.022443,0.153032,58.362946,218.685211,-541.980713,0,0
3.400000,1.082939,-1.222955,0.906028,0.942754,-0.143355,-0.301103,-0.268285,0.210274,-0.940111,0.198084,0.967075,0.159777,-0.627037,0.164121,0.041074,0.760396,0.314598,1.431236,0.499725,-0.028063,-0.144777,0.051196,0.301103,0.940111,-0.159777,0.000000,0.000000,0.000000,-1,0.271545,0.799240,-0.028229,0.176343,1.544902,0.528699,60.999817,218.157837,-541.813110,0,0
3.440000,1.142108,-1.209035,0.920957,0.928776,-0.183734,-0.321896,-0.281786,0.214144,-0.935275,0.240774,0.959367,0.147118,-0.626002,0.185910,0.032397,0.756643,-0.187218,1.415489,0.390751,-0.059827,-0.123294,0.146141,0.321896,0.935275,-0.147118,0.000000,0.000000,0.000000,-1,0.314575,0.911331,-0.102432,-0.324750,1.229654,0.217366,60.472443,217.278885,-541.310364,0,0
3.480000,1.232702,-1.215177,0.955947,0.913731,-0.239187,-0.328460,-0.284407,0.200837,-0.937431,0.290188,0.949976,0.115485,-0.631943,0.207136,0.015141,0.746668,-0.125011,1.000018,-0.210081,0.079483,0.147392,0.108252,0.328460,0.937431,-0.115485,0.000000,0.000000,0.000000,-1,0.417877,1.194199,0.027939,-0.163293,1.095438,-0.205251,60.296661,217.454666,-541.477966,0,0
3.520000,1.258242,-1.219429,0.960601,0.908386,-0.259952,-0.327507,-0.282070,0.197226,-0.938903,0.308662,0.945266,0.105833,-0.633507,0.213897,0.007437,0.743546,-0.159911,1.015565,-0.133165,0.037010,0.284409,0.096220,0.327507,0.938903,-0.105833,0.000000,0.000000,0.000000,-1,0.294312,0.958359,-0.176880,-0.243668,0.878837,-0.149484,61.175613,217.278885,-540.304810,0,0
3.560000,1.327866,-1.232500,0.983096,0.895369,-0.307477,-0.322135,-0.276197,0.184011,-0.943322,0.349326,0.933594,0.079833,-0.638656,0.228478,-0.010644,0.734713,-0.176004,1.147132,-0.373307,0.031701,-0.137017,-0.060838,0.322135,0.943322,-0.079833,0.000000,0.000000,0.000000,-1,0.436569,0.806747,-0.126038,-0.168057,1.168977,-0.499518,61.175613,217.630463,-538.628967,0,0
3.600000,1.399135,-1.256392,0.999802,0.880684,-0.362700,-0.304705,-0.260192,0.167140,-0.950981,0.395849,0.916795,0.052826,-0.644344,0.241676,-0.035363,0.724681,-0.337341,0.968089,-0.380971,0.225676,-0.050255,-0.076080,0.304705,0.950981,-0.052826,0.000000,0.000000,0.000000,-1,0.529465,0.909348,-0.149384,-0.423098,0.826555,-0.308761,59.945068,218.157837,-538.796570,0,0
3.640000,1.456149,-1.265353,1.036773,0.873763,-0.383786,-0.298742,-0.258846,0.153065,-0.953714,0.411749,0.910648,0.034401,-0.649287,0.247437,-0.043512,0.717849,-0.451904,0.599192,-0.186939,0.159433,-0.106576,-0.087883,0.298742,0.953714,-0.034401,0.000000,0.000000,0.000000,-1,0.386398,0.731552,-0.112366,-0.535205,0.607592,-0.165383,60.120865,216.927292,-537.623413,0,0
3.680000,1.526915,-1.270660,1.091477,0.867057,-0.401212,-0.295366,-0.262333,0.136347,-0.955296,0.423548,0.905781,0.012969,-0.655313,0.253140,-0.048901,0.709995,-0.600684,0.617033,-0.093169,0.074294,-0.237538,-0.114442,0.295366,0.955296,-0.012969,0.000000,0.000000,0.000000,-1,0.353973,0.836685,-0.188492,-0.350115,0.439335,-0.030891,60.120865,219.036804,-537.288269,0,0
3.720000,1.534476,-1.269597,1.070812,0.854938,-0.425660,-0.296470,-0.260351,0.142225,-0.954981,0.448663,0.893636,0.010773,-0.652292,0.262923,-0.058330,0.708508,0.923390,0.551261,0.154131,0.083657,-0.015483,-0.126068,0.296470,0.954981,-0.010773,0.000000,0.000000,0.000000,-1,0.364731,0.959839,-0.112137,1.044764,0.595084,0.230430,61.351410,217.806259,-538.126221,0,0
3.760000,1.445885,-1.258388,0.960576,0.845172,-0.438960,-0.304956,-0.251881,0.176127,-0.951596,0.471424,0.881075,0.038292,-0.638505,0.270492,-0.065179,0.717564,1.280396,0.483240,0.364682,0.022909,0.042834,-0.004326,0.304956,0.951596,-0.038292,0.000000,0.000000,0.000000,-1,0.218460,1.188324,0.017395,1.498925,0.231873,0.477555,62.933533,218.333633,-540.640015,0,1
3.800000,1.301341,-1.231815,0.811538,0.842638,-0.432692,-0.320528,-0.241197,0.228906,-0.943094,0.481440,0.871997,0.088521,-0.617497,0.272831,-0.065147,0.734858,2.021999,-0.631648,0.653943,-0.175081,0.401511,0.104833,0.320528,0.943094,-0.088521,0.000000,0.000000,0.000000,-1,0.178314,1.022858,-0.404709,1.979205,-0.889901,0.589894,62.933533,215.872543,-541.980713,0,0
3.840000,1.010601,-1.152359,0.541157,0.854171,-0.389745,-0.344226,-0.209314,0.348273,-0.913725,0.476005,0.852528,0.215906,-0.567889,0.263722,-0.058013,0.777552,2.095269,-0.389415,0.277473,-0.098452,0.352495,-0.263632,0.344226,0.913725,-0.215906,0.000000,0.000000,0.000000,-1,0.449326,1.308792,-0.258759,1.871298,-0.320702,0.175253,62.581955,215.169373,-544.997314,0,0
3.880000,0.915288,-1.117564,0.443669,0.856477,-0.382041,-0.347119,-0.187960,0.395480,-0.899036,0.480747,0.835249,0.266911,-0.546371,0.260812,-0.061143,0.793547,1.624353,-0.023066,0.140195,0.189334,0.406704,0.020665,0.347119,0.899036,-0.266911,0.000000,0.000000,0.000000,-1,0.446915,1.071686,-0.297318,1.500272,0.276105,0.106647,62.054581,211.477737,-548.181519,0,0
3.920000,0.862552,-1.088208,0.372462,0.850726,-0.389914,-0.352466,-0.168881,0.432254,-0.885797,0.497740,0.813095,0.301880,-0.528344,0.264409,-0.068740,0.803875,1.333792,0.470452,0.013825,0.033764,0.071128,-0.011321,0.352466,0.885797,-0.301880,0.000000,0.000000,0.000000,-1,0.284210,0.882233,-0.388107,1.083580,0.268514,-0.034977,62.581955,211.653534,-550.360107,0,0
3.960000,0.795724,-1.052519,0.287798,0.847126,-0.396409,-0.353888,-0.140611,0.475010,-0.868674,0.512450,0.785637,0.346654,-0.506326,0.265155,-0.078291,0.816822,0.466394,-0.058492,-0.047777,-0.168051,-0.135199,0.013875,0.353888,0.868674,-0.346654,0.000000,0.000000,0.000000,-1,0.151672,0.660187,-0.321747,0.278691,-0.010489,-0.098001,63.109329,211.477737,-549.857361,0,0
4.000000,0.790288,-1.050663,0.281859,0.847374,-0.396545,-0.353143,-0.138235,0.477384,-0.867753,0.512688,0.784128,0.349706,-0.505045,0.264719,-0.078975,0.817690,0.302449,-0.017519,-0.087142,-0.201471,-0.207566,0.027960,0.353143,0.867753,-0.349707,0.000000,0.000000,0.000000,-1,0.103867,0.563309,-0.334167,-0.021550,0.104840,-0.231401,62.757751,212.180908,-549.857361,0,0
4.040000,0.791791,-1.063795,0.272318,0.844004,-0.410204,-0.345530,-0.130598,0.467665,-0.874204,0.520194,0.782957,0.341139,-0.508724,0.265764,-0.085835,0.814372,-0.484852,0.411156,-0.362823,-0.231363,-0.345991,0.006453,0.345530,0.874204,-0.341140,0.000000,0.000000,0.000000,-1,0.196487,0.536270,-0.338898,-0.804604,0.477961,-0.444053,62.933533,211.301956,-549.689819,0,0
4.080000,0.843315,-1.108658,0.305397,0.835221,-0.437630,-0.332994,-0.134058,0.425232,-0.895101,0.533323,0.792248,0.296495,-0.527611,0.270885,-0.094923,0.799523,-1.041049,0.375230,-0.478757,-0.086732,-0.286779,-0.046416,0.332994,0.895101,-0.296495,0.000000,0.000000,0.000000,-1,0.326813,0.728592,-0.373535,-1.124545,0.325298,-0.465502,62.230362,212.005112,-549.019409,0,0
4.120000,0.889041,-1.139899,0.346078,0.832106,-0.449908,-0.324320,-0.141684,0.392922,-0.908591,0.536214,0.801995,0.263208,-0.542212,0.272767,-0.097699,0.788707,-1.143224,0.279047,-0.344439,0.033224,-0.106864,-0.131430,0.324320,0.908591,-0.263208,0.000000,0.000000,0.000000,-1,0.411240,1.012878,-0.542358,-1.123189,0.282391,-0.294900,62.933533,212.708282,-547.008362,0,0
4.160000,0.957810,-1.167734,0.407757,0.826504,-0.462561,-0.320824,-0.155542,0.360078,-0.919864,0.541015,0.810174,0.225659,-0.556949,0.277451,-0.098838,0.776570,-0.593736,0.385809,-0.013524,0.115349,0.135876,-0.371036,0.320824,0.919864,-0.225659,0.000000,0.000000,0.000000,-1,0.442184,0.851028,-0.556885,-0.354997,0.497525,0.076526,62.757751,212.532501,-547.175964,0,0
4.200000,1.004218,-1.155194,0.422424,0.806032,-0.484012,-0.340654,-0.165523,0.368252,-0.914873,0.568256,0.793803,0.216707,-0.552511,0.293901,-0.102986,0.773141,0.380130,0.841150,0.566340,0.069304,-0.116167,-0.270841,0.340654,0.914873,-0.216707,0.000000,0.000000,0.000000,-1,0.403046,1.686249,0.077469,0.378797,0.780335,0.664225,64.339874,212.005112,-546.338013,0,0
4.240000,1.054360,-1.130692,0.427143,0.775335,-0.511474,-0.370473,-0.176494,0.387756,-0.904707,0.606387,0.766838,0.210369,-0.542497,0.317038,-0.108717,0.770302,0.166671,1.492333,0.424932,0.151195,0.779253,0.537578,0.370473,0.904707,-0.210369,0.000000,0.000000,0.000000,-1,0.102692,1.166870,0.078796,0.137387,1.520601,0.305374,66.097794,212.005112,-546.673218,0,0
4.280000,1.091682,-1.124212,0.420719,0.747679,-0.542300,-0.383258,-0.176390,0.394225,-0.901928,0.640205,0.741955,0.199097,-0.537205,0.334458,-0.119576,0.765016,0.077623,0.333571,-0.151700,-0.185672,0.027973,-0.146057,0.383258,0.901928,-0.199097,0.000000,0.000000,0.000000,-1,0.144089,0.872864,-0.217056,-0.038759,0.108391,-0.305853,65.921997,210.774582,-545.835266,0,1
