0.000000,2.103527,1.385605,-1.943828,0.973559,0.164389,-0.158618,0.171471,-0.067106,0.982901,0.150934,-0.984110,-0.093520,0.730442,0.114951,-0.002630,0.673226,-0.005494,-0.002286,-0.002682,-0.000934,0.016180,-0.003966,0.158618,-0.982901,0.093520,0.000000,0.000000,0.000000,-1,0.149429,-0.963837,0.091766,-0.027702,0.005175,-0.013654,60.824036,162.431778,-510.138947,0,0
0.040000,2.102935,1.385773,-1.943308,0.973587,0.164303,-0.158531,0.171352,-0.066957,0.982932,0.150884,-0.984135,-0.093342,0.730391,0.114889,-0.002617,0.673292,-0.006566,-0.004404,-0.002663,-0.007682,0.020011,-0.001408,0.158531,-0.982932,0.093342,0.000000,0.000000,0.000000,-1,0.160202,-0.961609,0.090576,-0.027682,0.012579,-0.014747,58.890320,162.607574,-509.971344,0,0
0.080000,2.101790,1.385611,-1.942115,0.973540,0.164346,-0.158775,0.171580,-0.066810,0.982902,0.150928,-0.984138,-0.093241,0.730341,0.114990,-0.002686,0.673329,0.000897,-0.000179,-0.003804,0.001427,0.021293,-0.002665,0.158775,-0.982902,0.093241,0.000000,0.000000,0.000000,-1,0.154907,-0.965485,0.089355,-0.018115,0.008330,-0.015871,59.417694,162.431778,-512.150024,0,0
0.120000,2.101338,1.385305,-1.941458,0.973455,0.164559,-0.159076,0.171904,-0.066806,0.982846,0.151109,-0.984102,-0.093321,0.730339,0.115174,-0.002727,0.673299,-0.002314,0.011587,-0.004945,-0.001544,0.011593,-0.009077,0.159076,-0.982846,0.093321,0.000000,0.000000,0.000000,-1,0.153900,-0.964813,0.088638,-0.036184,0.016827,-0.013632,59.066116,161.728607,-510.474121,0,0
0.160000,2.099723,1.385500,-1.939701,0.973439,0.164670,-0.159062,0.171843,-0.066435,0.982882,0.151284,-0.984109,-0.092968,0.730213,0.115211,-0.002663,0.673431,-0.014040,0.003166,0.000504,-0.005162,0.018068,-0.004329,0.159062,-0.982882,0.092968,0.000000,0.000000,0.000000,-1,0.148483,-0.964706,0.095139,-0.033027,0.000979,-0.009335,60.999817,161.904404,-509.971344,0,0
0.200000,2.102092,1.385809,-1.942412,0.973573,0.164344,-0.158579,0.171380,-0.066791,0.982938,0.150949,-0.984139,-0.093191,0.730334,0.114921,-0.002612,0.673348,0.017886,-0.005285,0.003489,-0.002040,0.018308,0.000361,0.158579,-0.982938,0.093191,0.000000,0.000000,0.000000,-1,0.160614,-0.968918,0.092178,-0.006395,0.007307,-0.011696,62.054581,163.310745,-511.647217,0,0
0.240000,2.102757,1.384964,-1.942915,0.973430,0.164556,-0.159233,0.172119,-0.067179,0.982783,0.151026,-0.984077,-0.093717,0.730467,0.115226,-0.002809,0.673152,0.006190,0.010487,-0.009270,0.001381,0.013865,-0.001539,0.159233,-0.982783,0.093717,0.000000,0.000000,0.000000,-1,0.151550,-0.964157,0.088745,-0.017026,0.019941,-0.020184,59.769287,160.673859,-510.809296,0,0
0.280000,2.103264,1.384839,-1.942920,0.973336,0.165059,-0.159291,0.172233,-0.067224,0.982760,0.151505,-0.983990,-0.093860,0.730483,0.115435,-0.002665,0.673099,-0.002379,0.008516,-0.007100,-0.005376,0.018069,-0.003101,0.159291,-0.982760,0.093860,0.000000,0.000000,0.000000,-1,0.157288,-0.965240,0.093430,-0.028731,0.023111,-0.021170,60.472443,162.783371,-510.474121,0,0
0.320000,2.102760,1.384499,-1.941771,0.973171,0.165701,-0.159627,0.172622,-0.067147,0.982697,0.152115,-0.983887,-0.093949,0.730457,0.115792,-0.002571,0.673067,0.002961,0.017998,-0.012503,-0.001622,0.016480,0.002288,0.159627,-0.982697,0.093950,0.000000,0.000000,0.000000,-1,0.157440,-0.969849,0.093811,-0.018079,0.026266,-0.023395,60.120865,162.431778,-510.474121,0,0
0.360000,2.101272,1.384094,-1.939701,0.972994,0.166275,-0.160109,0.173131,-0.066933,0.982622,0.152668,-0.983805,-0.093913,0.730384,0.116174,-0.002547,0.673080,0.004008,0.012711,-0.011426,-0.002821,0.017534,-0.012141,0.160109,-0.982622,0.093913,0.000000,0.000000,0.000000,-1,0.152069,-0.964890,0.097839,-0.022358,0.017814,-0.021200,59.241898,161.201233,-510.306519,0,0
0.400000,2.101001,1.384010,-1.939047,0.972914,0.166649,-0.160206,0.173253,-0.066850,0.982606,0.153041,-0.983747,-0.093912,0.730355,0.116348,-0.002453,0.673081,0.001873,0.010603,-0.010333,-0.007481,0.015870,-0.007089,0.160206,-0.982606,0.093912,0.000000,0.000000,0.000000,-1,0.161118,-0.964752,0.085114,-0.015979,0.014635,-0.021237,59.945068,163.662323,-510.976868,0,0
0.440000,2.099638,1.383633,-1.937491,0.972807,0.166844,-0.160653,0.173702,-0.066713,0.982536,0.153212,-0.983724,-0.093880,0.730308,0.116576,-0.002547,0.673093,0.007138,0.007530,-0.011452,0.004889,0.015632,-0.007195,0.160653,-0.982536,0.093880,0.000000,0.000000,0.000000,-1,0.160370,-0.964935,0.088028,-0.024477,0.024140,-0.024403,60.120865,162.080200,-509.803772,0,0
0.480000,2.097663,1.382823,-1.934828,0.972543,0.167538,-0.161527,0.174623,-0.066533,0.982385,0.153839,-0.983618,-0.093963,0.730246,0.117139,-0.002632,0.673062,0.009259,0.006460,-0.012532,-0.005048,0.017419,-0.005950,0.161527,-0.982385,0.093963,0.000000,0.000000,0.000000,-1,0.155685,-0.964981,0.094238,-0.011725,0.011476,-0.019128,59.066116,161.377029,-511.479645,0,0
0.520000,2.098934,1.382445,-1.935966,0.972481,0.167703,-0.161728,0.174894,-0.066865,0.982314,0.153923,-0.983567,-0.094355,0.730360,0.117270,-0.002672,0.672916,0.014590,0.006488,-0.009377,-0.002472,0.014480,-0.004023,0.161728,-0.982314,0.094355,0.000000,0.000000,0.000000,-1,0.159836,-0.967560,0.089401,-0.014921,0.013566,-0.022307,60.120865,162.431778,-510.138947,0,0
0.560000,2.099207,1.381898,-1.936017,0.972365,0.167954,-0.162166,0.175392,-0.067065,0.982212,0.154091,-0.983511,-0.094670,0.730428,0.117515,-0.002764,0.672798,0.009252,0.005524,-0.008275,-0.003703,0.014942,-0.001897,0.162166,-0.982212,0.094670,0.000000,0.000000,0.000000,-1,0.162262,-0.961716,0.106979,-0.013861,0.008309,-0.018034,59.241898,160.849655,-511.982422,0,0
0.600000,2.100735,1.381052,-1.937601,0.972267,0.167965,-0.162738,0.176062,-0.067641,0.982052,0.153943,-0.983470,-0.095338,0.730624,0.117717,-0.003010,0.672549,0.011354,-0.002960,-0.009327,-0.002933,0.019055,-0.014588,0.162738,-0.982052,0.095338,0.000000,0.000000,0.000000,-1,0.161453,-0.966156,0.089371,-0.013869,0.009329,-0.022299,59.593491,162.255981,-510.641724,0,0
0.640000,2.100839,1.380558,-1.937653,0.972185,0.168045,-0.163146,0.176510,-0.067824,0.981959,0.153949,-0.983443,-0.095599,0.730686,0.117888,-0.003147,0.672451,0.007103,0.002307,-0.012511,-0.001846,0.018077,-0.006397,0.163146,-0.981959,0.095600,0.000000,0.000000,0.000000,-1,0.156235,-0.965973,0.094543,-0.019212,0.002975,-0.022234,58.187149,160.498062,-508.965820,0,0
0.680000,2.101916,1.380123,-1.938748,0.972137,0.168066,-0.163412,0.176835,-0.068172,0.981877,0.153880,-0.983416,-0.095992,0.730804,0.117987,-0.003261,0.672305,0.013503,0.007582,-0.014709,-0.004355,0.015980,0.001191,0.163412,-0.981877,0.095992,0.000000,0.000000,0.000000,-1,0.166458,-0.968445,0.089111,-0.017034,0.019911,-0.023380,59.945068,162.959152,-510.641724,0,0
0.720000,2.099595,1.379645,-1.935995,0.971958,0.168488,-0.164040,0.177460,-0.067852,0.981786,0.154289,-0.983366,-0.095849,0.730695,0.118363,-0.003336,0.672357,-0.010974,0.009838,-0.008137,-0.000176,0.013463,-0.004037,0.164040,-0.981786,0.095849,0.000000,0.000000,0.000000,-1,0.147812,-0.961868,0.095901,-0.034091,0.003078,-0.011466,59.241898,160.849655,-510.306519,0,0
0.760000,2.100014,1.380267,-1.936541,0.972081,0.168332,-0.163472,0.176853,-0.067730,0.981904,0.154214,-0.983401,-0.095609,0.730654,0.118108,-0.003168,0.672447,0.006013,-0.013388,0.000348,-0.010884,0.018342,0.000429,0.163472,-0.981904,0.095609,0.000000,0.000000,0.000000,-1,0.161377,-0.961746,0.091293,-0.014946,-0.005381,-0.009452,61.878784,162.783371,-509.468567,0,0
0.800000,2.099074,1.379675,-1.935960,0.972037,0.168007,-0.164064,0.177435,-0.067835,0.981792,0.153819,-0.983449,-0.095749,0.730688,0.118191,-0.003505,0.672394,0.009222,-0.003907,-0.005044,0.015166,0.017055,-0.003479,0.164064,-0.981792,0.095749,0.000000,0.000000,0.000000,-1,0.164230,-0.967484,0.092346,-0.020222,0.019932,-0.021224,59.417694,162.431778,-510.138947,0,0
0.840000,2.097334,1.379029,-1.933754,0.971835,0.168479,-0.164779,0.178177,-0.067669,0.981669,0.154240,-0.983380,-0.095782,0.730631,0.118615,-0.003606,0.672381,-0.000354,0.001371,-0.007123,-0.007064,0.015345,-0.006243,0.164779,-0.981669,0.095782,0.000000,0.000000,0.000000,-1,0.159744,-0.966629,0.088638,-0.028756,0.010451,-0.015796,59.769287,161.728607,-510.474121,0,0
0.880000,2.095903,1.379087,-1.932145,0.971794,0.168631,-0.164866,0.178232,-0.067362,0.981680,0.154436,-0.983375,-0.095517,0.730526,0.118703,-0.003569,0.672479,-0.007774,0.010925,-0.004970,-0.001200,0.017935,-0.003049,0.164866,-0.981680,0.095517,0.000000,0.000000,0.000000,-1,0.166077,-0.963318,0.090637,-0.024480,0.017844,-0.017988,59.945068,162.607574,-508.965820,0,0
0.920000,2.094938,1.378854,-1.930877,0.971693,0.168928,-0.165156,0.178532,-0.067216,0.981636,0.154725,-0.983334,-0.095473,0.730476,0.118916,-0.003570,0.672496,0.000727,0.006745,-0.005012,-0.001262,0.015754,-0.001753,0.165156,-0.981636,0.095473,0.000000,0.000000,0.000000,-1,0.162643,-0.966461,0.090866,-0.023424,0.011528,-0.013711,60.120865,162.431778,-509.803772,0,0
0.960000,2.094208,1.378960,-1.929756,0.971633,0.169293,-0.165136,0.178510,-0.066980,0.981656,0.155127,-0.983287,-0.095300,0.730396,0.119046,-0.003426,0.672561,-0.004583,0.007855,0.000352,-0.006719,0.014630,-0.001001,0.165136,-0.981656,0.095300,0.000000,0.000000,0.000000,-1,0.157913,-0.965271,0.090149,-0.025526,0.016864,-0.009453,60.120865,163.134949,-510.138947,0,0
1.000000,2.094035,1.379209,-1.929437,0.971644,0.169419,-0.164941,0.178302,-0.066837,0.981703,0.155295,-0.983275,-0.095149,0.730348,0.119026,-0.003302,0.672618,0.001787,0.001508,0.001393,-0.000161,0.016524,-0.006374,0.164941,-0.981703,0.095149,0.000000,0.000000,0.000000,-1,0.169632,-0.965256,0.093613,-0.024481,0.010509,-0.009437,59.945068,163.310745,-509.971344,0,0
1.040000,2.092640,1.378954,-1.927941,0.971568,0.169516,-0.165290,0.178636,-0.066657,0.981655,0.155388,-0.983271,-0.095044,0.730286,0.119184,-0.003390,0.672656,-0.004605,0.003644,-0.000679,-0.001045,0.016674,-0.000897,0.165290,-0.981655,0.095044,0.000000,0.000000,0.000000,-1,0.163406,-0.965073,0.093445,-0.021319,-0.000083,-0.009422,59.417694,163.486526,-509.803772,0,0
1.080000,2.093032,1.378906,-1.928635,0.971617,0.169229,-0.165294,0.178634,-0.066798,0.981645,0.155082,-0.983310,-0.095132,0.730333,0.119077,-0.003496,0.672623,0.001758,-0.004831,-0.000697,-0.003962,0.016024,-0.001947,0.165294,-0.981646,0.095132,0.000000,0.000000,0.000000,-1,0.162521,-0.965958,0.093307,-0.025573,0.003075,-0.011532,58.362946,162.080200,-511.479645,0,0
1.120000,2.092457,1.378933,-1.928202,0.971637,0.169083,-0.165326,0.178639,-0.066712,0.981651,0.154951,-0.983342,-0.095024,0.730303,0.119033,-0.003552,0.672663,-0.001446,-0.006958,-0.001729,-0.002774,0.016044,-0.002418,0.165326,-0.981651,0.095024,0.000000,0.000000,0.000000,-1,0.162842,-0.965775,0.094376,-0.026641,0.003066,-0.012589,59.945068,160.498062,-510.641724,0,0
1.160000,2.091369,1.378996,-1.927350,0.971671,0.168838,-0.165375,0.178637,-0.066538,0.981663,0.154738,-0.983395,-0.094813,0.730244,0.118959,-0.003642,0.672741,-0.004638,-0.006947,-0.000639,-0.004792,0.017032,-0.002406,0.165375,-0.981663,0.094814,0.000000,0.000000,0.000000,-1,0.161179,-0.967056,0.093628,-0.031982,-0.001189,-0.014662,60.999817,161.201233,-509.971344,0,0
1.200000,2.088484,1.379040,-1.924820,0.971697,0.168456,-0.165610,0.178764,-0.066070,0.981671,0.154426,-0.983492,-0.094314,0.730083,0.118898,-0.003830,0.672925,-0.009993,-0.012252,-0.003739,-0.001014,0.020016,0.000733,0.165610,-0.981671,0.094314,0.000000,0.000000,0.000000,-1,0.163956,-0.961716,0.094635,-0.033068,-0.010692,-0.011422,59.593491,161.904404,-510.641724,0,0
1.240000,2.088185,1.378982,-1.924957,0.971757,0.168032,-0.165688,0.178809,-0.066115,0.981660,0.153996,-0.983562,-0.094293,0.730097,0.118765,-0.004004,0.672932,0.003867,-0.010097,0.000406,-0.003686,0.021089,0.001593,0.165688,-0.981660,0.094293,0.000000,0.000000,0.000000,-1,0.166031,-0.966248,0.089615,-0.013840,0.008388,-0.009512,60.296661,163.310745,-511.982422,0,0
1.280000,2.088372,1.378840,-1.925225,0.971752,0.167964,-0.165792,0.178922,-0.066211,0.981633,0.153902,-0.983567,-0.094393,0.730129,0.118776,-0.004071,0.672894,0.006034,-0.001576,0.005683,0.003825,0.013966,-0.006060,0.165792,-0.981633,0.094393,0.000000,0.000000,0.000000,-1,0.162018,-0.970001,0.092575,-0.026638,-0.007397,0.001300,58.714523,163.134949,-509.803772,0,0
1.320000,2.088293,1.379419,-1.925822,0.971954,0.167272,-0.165305,0.178349,-0.066120,0.981743,0.153289,-0.983691,-0.094099,0.730098,0.118348,-0.004115,0.673004,0.001720,-0.027955,0.016469,-0.012107,0.015313,-0.000959,0.165305,-0.981743,0.094099,0.000000,0.000000,0.000000,-1,0.165833,-0.961899,0.091583,-0.020266,-0.017931,0.007682,59.417694,161.377029,-510.474121,0,0
1.360000,2.090808,1.380219,-1.929377,0.972286,0.166245,-0.164386,0.177378,-0.066478,0.981895,0.152307,-0.983841,-0.094124,0.730221,0.117643,-0.004136,0.672994,0.008161,-0.008911,0.014219,0.010251,0.017433,-0.003075,0.164386,-0.981895,0.094124,0.000000,0.000000,0.000000,-1,0.164856,-0.969910,0.092880,-0.013805,0.008516,0.004336,59.593491,162.607574,-509.636169,0,0
1.400000,2.093097,1.380156,-1.931845,0.972338,0.166101,-0.164224,0.177271,-0.066938,0.981883,0.152099,-0.983834,-0.094531,0.730378,0.117532,-0.004150,0.672843,0.009244,-0.002521,0.017427,-0.005624,0.009196,-0.002276,0.164224,-0.981883,0.094531,0.000000,0.000000,0.000000,-1,0.151093,-0.971085,0.091309,-0.026561,0.008598,0.012958,60.999817,163.662323,-509.971344,0,0
1.440000,2.095012,1.381690,-1.933703,0.972590,0.166089,-0.162739,0.175738,-0.066732,0.982173,0.152268,-0.983850,-0.094091,0.730310,0.117014,-0.003584,0.673009,-0.010935,0.007105,0.027138,0.003780,0.018397,-0.003545,0.162739,-0.982173,0.094091,0.000000,0.000000,0.000000,-1,0.169495,-0.960617,0.092026,-0.029737,0.011806,0.016166,58.890320,162.959152,-511.647217,0,0
1.480000,2.096431,1.382285,-1.935226,0.972717,0.165970,-0.162099,0.175090,-0.066791,0.982284,0.152202,-0.983866,-0.094028,0.730332,0.116748,-0.003388,0.673034,0.002870,-0.006647,0.029209,-0.000295,0.013992,0.000637,0.162099,-0.982284,0.094029,0.000000,0.000000,0.000000,-1,0.162872,-0.966354,0.093597,-0.020161,0.004449,0.022511,60.999817,161.552826,-510.306519,0,0
1.520000,2.098465,1.382837,-1.937484,0.972865,0.165742,-0.161440,0.174433,-0.066992,0.982387,0.152007,-0.983891,-0.094085,0.730401,0.116434,-0.003228,0.673013,0.001806,-0.005552,0.033527,0.004942,0.017361,-0.004638,0.161440,-0.982387,0.094085,0.000000,0.000000,0.000000,-1,0.164825,-0.963181,0.088104,-0.026580,-0.004043,0.020462,60.648239,161.904404,-510.641724,0,0
1.560000,2.099005,1.383783,-1.938858,0.973153,0.164882,-0.160585,0.173473,-0.066897,0.982564,0.151264,-0.984042,-0.093704,0.730369,0.115816,-0.003191,0.673155,0.000686,-0.017272,0.026118,0.004469,0.016164,-0.002914,0.160585,-0.982564,0.093704,0.000000,0.000000,0.000000,-1,0.167007,-0.966309,0.090134,-0.023411,-0.006231,0.012989,59.945068,162.255981,-510.976868,0,0
1.600000,2.099036,1.384111,-1.939270,0.973265,0.164492,-0.160304,0.173145,-0.066853,0.982625,0.150917,-0.984110,-0.093546,0.730353,0.115573,-0.003213,0.673214,-0.004628,-0.007808,0.018664,0.003285,0.020223,-0.002924,0.160304,-0.982625,0.093546,0.000000,0.000000,0.000000,-1,0.164337,-0.965942,0.091721,-0.035118,0.004265,0.002387,59.593491,160.146484,-511.647217,0,0
1.640000,2.098128,1.384378,-1.938519,0.973318,0.164314,-0.160163,0.172950,-0.066629,0.982674,0.150796,-0.984155,-0.093269,0.730277,0.115458,-0.003206,0.673317,-0.009949,-0.002560,0.013356,0.001916,0.015832,-0.001243,0.160163,-0.982674,0.093269,0.000000,0.000000,0.000000,-1,0.161972,-0.964569,0.087372,-0.031909,0.006412,0.005550,61.175613,161.025452,-510.809296,0,0
1.680000,2.095788,1.385117,-1.936297,0.973417,0.164132,-0.159752,0.172419,-0.065984,0.982811,0.150770,-0.984229,-0.092530,0.730057,0.115248,-0.003076,0.673592,-0.015264,-0.004609,0.020861,0.000054,0.017250,-0.005997,0.159752,-0.982811,0.092530,0.000000,0.000000,0.000000,-1,0.161758,-0.963928,0.091263,-0.036136,0.011768,0.011955,59.769287,163.134949,-511.144470,0,0
1.720000,2.094876,1.385889,-1.935240,0.973496,0.164219,-0.159179,0.171780,-0.065531,0.982953,0.150989,-0.984245,-0.092004,0.729903,0.115084,-0.002805,0.673788,-0.000326,0.002897,0.032492,0.007065,0.031217,-0.005975,0.159179,-0.982953,0.092004,0.000000,0.000000,0.000000,-1,0.169189,-0.945816,0.086685,-0.014856,0.000191,0.020356,59.241898,161.201233,-509.636169,0,0
1.760000,2.096741,1.385742,-1.937423,0.973551,0.163938,-0.159132,0.171772,-0.065958,0.982926,0.150643,-0.984263,-0.092373,0.730048,0.114961,-0.002907,0.673650,0.019879,0.001754,0.023808,0.015733,0.029252,-0.000424,0.159132,-0.982926,0.092373,0.000000,0.000000,0.000000,-1,0.175964,-0.963058,0.091888,0.003323,0.033990,0.010500,58.538742,162.959152,-509.636169,0,0
1.800000,2.104047,1.384582,-1.943864,0.973335,0.164925,-0.159435,0.172405,-0.067479,0.982712,0.151315,-0.983995,-0.094113,0.730569,0.115434,-0.002779,0.673005,0.044467,0.028294,0.030962,0.016865,0.020752,-0.003857,0.159435,-0.982712,0.094113,0.000000,0.000000,0.000000,-1,0.178619,-0.956970,0.086990,0.028934,0.047812,0.016642,58.890320,161.552826,-508.630646,0,0
1.840000,2.110599,1.383564,-1.949266,0.973083,0.166173,-0.159673,0.172967,-0.068779,0.982523,0.152286,-0.983695,-0.095670,0.731015,0.115982,-0.002526,0.672428,0.062652,0.060033,0.027497,0.023005,0.024119,-0.012357,0.159673,-0.982523,0.095670,0.000000,0.000000,0.000000,-1,0.191467,-0.953094,0.078354,0.035450,0.083890,0.023913,59.769287,161.728607,-510.474121,0,0
1.880000,2.118013,1.382126,-1.954207,0.972560,0.168743,-0.160166,0.173936,-0.070161,0.982254,0.154511,-0.983160,-0.097586,0.731489,0.117117,-0.001933,0.671717,0.065893,0.070764,0.044527,0.033697,0.035569,-0.019782,0.160166,-0.982254,0.097586,0.000000,0.000000,0.000000,-1,0.189667,-0.942093,0.081390,0.064203,0.078666,0.032232,57.835571,161.904404,-508.965820,0,0
1.920000,2.128763,1.379594,-1.962194,0.971869,0.171697,-0.161217,0.175668,-0.072496,0.981776,0.156881,-0.982479,-0.100619,0.732288,0.118589,-0.001480,0.670588,0.104365,0.121580,0.042950,0.039665,0.020931,-0.017596,0.161217,-0.981776,0.100619,0.000000,0.000000,0.000000,-1,0.218399,-0.961792,0.060822,0.079310,0.144339,0.032934,59.417694,161.728607,-509.803772,0,0
1.960000,2.132491,1.377391,-1.962230,0.970954,0.175459,-0.162671,0.177664,-0.073328,0.981355,0.160260,-0.981752,-0.102371,0.732573,0.120508,-0.000823,0.669936,0.075464,0.069772,0.052928,0.051364,0.031954,-0.045181,0.162671,-0.981355,0.102371,0.000000,0.000000,0.000000,-1,0.186966,-0.937897,0.081924,0.049281,0.062901,0.045191,59.066116,162.431778,-511.144470,0,0
2.000000,2.140142,1.376685,-1.968438,0.970711,0.176987,-0.162466,0.177844,-0.074697,0.981220,0.161527,-0.981375,-0.103986,0.733041,0.121013,-0.000320,0.669333,0.075489,0.080361,0.052876,0.012095,0.045856,-0.009396,0.162466,-0.981220,0.103986,0.000000,0.000000,0.000000,-1,0.146118,-0.925034,0.091415,0.064410,0.146461,0.033042,58.714523,161.025452,-511.479645,0,0
2.040000,2.165478,1.376150,-1.988652,0.970111,0.182253,-0.160215,0.176778,-0.078490,0.981116,0.166236,-0.980114,-0.108363,0.734330,0.122231,0.002050,0.667693,0.105525,0.166069,0.044923,-0.018690,0.056632,-0.024073,0.160215,-0.981116,0.108363,0.000000,0.000000,0.000000,-1,0.131378,-0.914017,0.069214,0.089039,0.186771,0.040157,59.945068,161.904404,-509.636169,0,0
2.080000,2.203339,1.375670,-2.017402,0.968959,0.191477,-0.156378,0.174873,-0.083742,0.981023,0.174748,-0.977918,-0.114627,0.736093,0.124424,0.006239,0.665318,0.100425,0.238130,0.048956,-0.041387,0.073797,-0.049503,0.156378,-0.981023,0.114627,0.000000,0.000000,0.000000,-1,0.102493,-0.948654,0.059967,0.074538,0.335946,0.021600,58.890320,160.849655,-510.306519,0,0
2.120000,2.233986,1.375339,-2.035243,0.966900,0.204158,-0.153048,0.173642,-0.086995,0.980959,0.186957,-0.975065,-0.119566,0.737133,0.128132,0.011500,0.663389,0.086918,0.387067,0.004829,-0.065737,-0.045378,-0.075483,0.153048,-0.980959,0.119566,0.000000,0.000000,0.000000,-1,0.091293,-1.093979,0.025757,0.039575,0.445514,-0.042459,59.945068,161.201233,-509.300995,0,0
2.160000,2.253180,1.376307,-2.035077,0.963227,0.222929,-0.149988,0.172807,-0.086540,0.981147,0.205746,-0.970986,-0.121882,0.736826,0.134271,0.018919,0.662345,-0.064301,0.349397,0.051997,-0.030923,-0.103021,-0.091532,0.149988,-0.981147,0.121882,0.000000,0.000000,0.000000,-1,0.143723,-1.038071,0.028992,-0.094569,0.365998,0.061150,58.187149,160.146484,-511.312073,0,0
2.200000,2.265410,1.379017,-2.036288,0.961279,0.233445,-0.146443,0.170326,-0.085556,0.981667,0.216637,-0.968599,-0.122005,0.736349,0.137086,0.023832,0.662140,-0.018344,0.387732,0.074934,0.015727,-0.039803,-0.089595,0.146443,-0.981667,0.122005,0.000000,0.000000,0.000000,-1,0.224670,-0.992844,0.030762,-0.013520,0.420916,0.045401,57.308197,162.080200,-509.468567,0,0
2.240000,2.282822,1.379062,-2.035212,0.957098,0.251302,-0.144263,0.170378,-0.085353,0.981675,0.234383,-0.964138,-0.124507,0.736029,0.143228,0.030610,0.660916,0.065929,0.539160,-0.041345,0.090478,-0.002059,-0.097591,0.144263,-0.981675,0.124507,0.000000,0.000000,0.000000,-1,0.210266,-0.925232,0.005783,0.011010,0.523700,-0.063837,57.308197,162.431778,-509.468567,0,0
2.280000,2.286823,1.376597,-2.019253,0.951637,0.270537,-0.145589,0.173898,-0.083672,0.981202,0.253270,-0.959067,-0.126671,0.735184,0.151131,0.036617,0.659791,0.024167,0.462947,-0.036487,0.050380,0.074342,-0.130501,0.145589,-0.981203,0.126671,0.000000,0.000000,0.000000,-1,0.175583,-0.875168,-0.008102,0.022509,0.432838,-0.039083,57.308197,161.728607,-508.798218,0,0
2.320000,2.307654,1.374572,-2.023197,0.947032,0.286848,-0.144390,0.175354,-0.085225,0.980810,0.269038,-0.954178,-0.131011,0.735403,0.157125,0.042374,0.657799,0.066647,0.405980,-0.011036,0.023167,0.099950,-0.136703,0.144390,-0.980810,0.131011,0.000000,0.000000,0.000000,-1,0.175034,-0.902313,-0.002167,0.067168,0.383382,-0.003023,57.483978,161.201233,-508.630646,0,0
2.360000,2.337452,1.372336,-2.038463,0.943015,0.300928,-0.142001,0.175990,-0.088881,0.980371,0.282400,-0.949496,-0.136776,0.736321,0.161926,0.047669,0.655240,0.111243,0.337477,0.026168,0.040982,0.053736,-0.138851,0.142001,-0.980371,0.136776,0.000000,0.000000,0.000000,-1,0.184738,-0.943085,-0.008789,0.101004,0.286149,0.020516,58.538742,160.849655,-509.300995,0,0
2.400000,2.344585,1.371949,-2.033383,0.939353,0.312493,-0.141294,0.176778,-0.088155,0.980295,0.293880,-0.945821,-0.138050,0.735792,0.166240,0.051844,0.654436,0.118289,0.226176,0.017997,0.044665,0.035074,-0.147023,0.141294,-0.980295,0.138050,0.000000,0.000000,0.000000,-1,0.185013,-0.948456,0.000046,0.079479,0.226656,0.000665,58.362946,160.322281,-509.803772,0,0
2.440000,2.360810,1.370251,-2.043418,0.937493,0.318511,-0.140207,0.177366,-0.090682,0.979958,0.299413,-0.943572,-0.141507,0.736492,0.168324,0.054042,0.652937,0.061747,0.204830,-0.000660,0.041617,0.022088,-0.135571,0.140207,-0.979958,0.141507,0.000000,0.000000,0.000000,-1,0.190506,-0.964020,-0.003891,0.048390,0.175608,-0.022340,56.605026,161.728607,-508.798218,0,1
2.480000,2.355879,1.370061,-2.033846,0.935887,0.322839,-0.141035,0.178393,-0.089063,0.979920,0.303796,-0.942254,-0.140946,0.735849,0.170291,0.055297,0.653046,0.094461,0.129470,-0.016617,0.061236,0.011430,-0.146866,0.141035,-0.979920,0.140946,0.000000,0.000000,0.000000,-1,0.230194,-0.998795,0.011765,0.082261,0.131919,-0.050137,58.714523,160.673859,-507.792725,0,0
2.520000,2.348597,1.366931,-2.021799,0.933796,0.327443,-0.144241,0.182213,-0.088244,0.979291,0.307934,-0.940741,-0.142066,0.735545,0.173224,0.055636,0.652588,0.082633,0.153226,-0.081610,0.093445,-0.038439,-0.141074,0.144241,-0.979291,0.142066,0.000000,0.000000,0.000000,-1,0.193115,-1.080765,-0.013672,0.054540,0.187291,-0.133225,57.659775,162.783371,-509.468567,0,0
2.560000,2.327001,1.362283,-1.991968,0.930020,0.335242,-0.150585,0.188915,-0.084630,0.978340,0.315237,-0.938323,-0.142040,0.734284,0.178459,0.056059,0.652562,-0.011329,0.119898,-0.136161,0.035084,-0.117821,-0.157436,0.150585,-0.978340,0.142040,0.000000,0.000000,0.000000,-1,0.151871,-1.156540,-0.006699,-0.065162,0.040071,-0.134941,58.362946,161.025452,-509.133423,0,0
2.600000,2.312587,1.360293,-1.975895,0.928896,0.336780,-0.154052,0.192041,-0.082350,0.977926,0.316660,-0.937975,-0.141170,0.733556,0.180225,0.055418,0.652950,-0.043610,-0.010116,-0.108803,-0.002182,-0.178614,-0.147869,0.154052,-0.977926,0.141170,0.000000,0.000000,0.000000,-1,0.133667,-1.173065,-0.013199,-0.049415,-0.075965,-0.083492,58.714523,161.728607,-507.792725,0,0
2.640000,2.288377,1.358812,-1.957788,0.930234,0.330966,-0.158515,0.194840,-0.079406,0.977615,0.310970,-0.940296,-0.138351,0.732801,0.179382,0.052011,0.654308,-0.062106,-0.181239,-0.059014,-0.006553,-0.163696,-0.150848,0.158515,-0.977615,0.138351,0.000000,0.000000,0.000000,-1,0.185959,-1.106400,0.032425,-0.130754,-0.206317,-0.093026,58.538742,160.498062,-507.960297,0,0
2.680000,2.258808,1.359215,-1.934937,0.931913,0.324374,-0.162232,0.196236,-0.074793,0.977700,0.305007,-0.942967,-0.133354,0.731447,0.177938,0.048799,0.656461,-0.165841,-0.292866,-0.105730,0.023834,-0.105338,-0.072472,0.162232,-0.977700,0.133354,0.000000,0.000000,0.000000,-1,0.150909,-1.053513,0.127182,-0.189906,-0.408529,-0.084352,59.241898,161.201233,-508.965820,0,0
2.720000,2.216639,1.361442,-1.904132,0.935088,0.313151,-0.165970,0.196389,-0.068001,0.978165,0.295027,-0.947266,-0.125086,0.729413,0.174640,0.044233,0.659924,-0.159774,-0.441696,-0.049822,-0.020936,-0.056335,0.018316,0.165971,-0.978165,0.125086,0.000000,0.000000,0.000000,-1,0.123535,-0.841995,0.160370,-0.182270,-0.415187,-0.002357,59.241898,161.201233,-509.636169,0,0
2.760000,2.154092,1.371096,-1.870832,0.944303,0.284389,-0.165574,0.189513,-0.058631,0.980126,0.269030,-0.956914,-0.109261,0.726669,0.163039,0.035592,0.666410,-0.231430,-0.727724,0.172328,-0.016008,0.349007,0.049354,0.165574,-0.980126,0.109261,0.000000,0.000000,0.000000,-1,0.169891,-0.622375,0.169571,-0.250449,-0.923000,0.174788,58.890320,161.201233,-511.982422,0,0
2.800000,2.111407,1.378784,-1.861073,0.953732,0.252238,-0.163621,0.182851,-0.054620,0.981622,0.238665,-0.966123,-0.098215,0.725701,0.149886,0.025852,0.670987,-0.123731,-1.379132,0.172869,0.046600,0.204889,0.126730,0.163621,-0.981622,0.098215,0.000000,0.000000,0.000000,-1,0.227402,-0.967377,0.298126,0.006361,-1.520852,0.128163,58.714523,161.025452,-511.479645,0,0
2.840000,2.078942,1.382455,-1.873680,0.964261,0.208431,-0.163573,0.178708,-0.055846,0.982316,0.195611,-0.976441,-0.091098,0.726499,0.133221,0.011025,0.674040,0.091054,-1.439961,0.127753,0.068803,-0.055175,0.224530,0.163573,-0.982316,0.091098,0.000000,0.000000,0.000000,-1,0.207809,-1.133362,0.283142,0.118367,-1.095146,0.121438,59.066116,161.728607,-511.144470,0,0
2.880000,2.077506,1.384843,-1.915050,0.972644,0.166829,-0.161652,0.174035,-0.062397,0.982760,0.153867,-0.984009,-0.089724,0.728829,0.116922,-0.002670,0.674634,0.154010,-0.734077,0.180015,0.015579,-0.130795,0.155851,0.161652,-0.982761,0.089724,0.000000,0.000000,0.000000,-1,0.082321,-0.927338,0.100250,0.144797,-0.524517,0.207516,60.472443,162.080200,-510.809296,0,0
2.920000,2.127491,1.391656,-1.992550,0.978513,0.140093,-0.151279,0.162569,-0.072941,0.983997,0.126817,-0.987448,-0.094149,0.732394,0.103313,-0.008350,0.672946,0.188117,-0.509030,0.349359,-0.074832,0.098728,-0.015047,0.151279,-0.983997,0.094149,0.000000,0.000000,0.000000,-1,0.099625,-0.819885,0.044189,0.162767,-0.697811,0.366759,60.120865,161.728607,-510.809296,0,0
2.960000,2.168405,1.398023,-2.054677,0.982645,0.119209,-0.142120,0.152179,-0.079978,0.985112,0.106067,-0.989643,-0.096731,0.734737,0.092342,-0.012267,0.671926,0.187384,-0.785091,0.390881,-0.042495,0.165226,-0.052542,0.142120,-0.985112,0.096731,0.000000,0.000000,0.000000,-1,0.157181,-0.829681,0.075928,0.177052,-0.899101,0.362076,58.890320,160.146484,-511.312073,0,0
3.000000,2.208181,1.403717,-2.122110,0.986765,0.091827,-0.133650,0.141663,-0.087111,0.986075,0.078906,-0.991957,-0.098966,0.737028,0.079200,-0.018569,0.670949,0.210216,-0.946480,0.348696,0.010897,0.166571,-0.040449,0.133650,-0.986075,0.098966,0.000000,0.000000,0.000000,-1,0.185883,-0.872681,0.149658,0.191778,-0.902913,0.293795,59.945068,161.904404,-509.971344,0,0
3.040000,2.298432,1.411070,-2.255208,0.991701,0.049220,-0.118769,0.123229,-0.100553,0.987271,0.036651,-0.993713,-0.105784,0.741289,0.058159,-0.027694,0.668088,0.108144,-0.067728,0.192788,0.064016,0.077069,0.065801,0.118769,-0.987271,0.105784,0.000000,0.000000,0.000000,-1,0.159027,-0.946655,0.139099,0.104965,0.066158,0.169390,59.945068,159.794907,-510.306519,0,0
3.080000,2.340164,1.412245,-2.296048,0.992284,0.050078,-0.113419,0.118153,-0.104731,0.987457,0.037571,-0.993239,-0.109840,0.742774,0.056622,-0.025529,0.666655,0.190615,0.126759,0.150937,0.047561,0.018753,0.015710,0.113419,-0.987457,0.109840,0.000000,0.000000,0.000000,-1,0.195419,-0.980118,0.082199,0.250264,0.257520,0.134521,58.890320,161.552826,-510.306519,0,0
3.120000,2.440282,1.407969,-2.385539,0.992647,0.060924,-0.104596,0.111215,-0.117942,0.986773,0.047782,-0.991150,-0.123850,0.747402,0.057579,-0.019004,0.661599,0.231338,0.210460,0.154568,0.086902,0.060168,-0.077143,0.104596,-0.986773,0.123850,0.000000,0.000000,0.000000,-1,0.188889,-0.920746,0.039825,0.156246,0.147433,0.139924,58.714523,161.377029,-510.474121,0,0
3.160000,2.449147,1.407870,-2.392386,0.992631,0.062922,-0.103556,0.110472,-0.118773,0.986757,0.049789,-0.990926,-0.124848,0.747705,0.057975,-0.017978,0.661251,0.041253,0.037775,0.147075,0.073064,0.046480,-0.067094,0.103556,-0.986757,0.124848,0.000000,0.000000,0.000000,-1,0.165924,-0.998001,0.085678,-0.129622,-0.002091,0.115002,60.296661,161.201233,-509.636169,0,0
3.200000,2.442033,1.411718,-2.385632,0.992833,0.062287,-0.101996,0.108666,-0.115259,0.987374,0.049745,-0.991381,-0.121202,0.746541,0.057248,-0.017498,0.662641,-0.159265,-0.025237,0.087063,0.059808,-0.051353,-0.020997,0.101996,-0.987374,0.121202,0.000000,0.000000,0.000000,-1,0.168350,-1.124115,0.151474,-0.257526,0.064465,-0.020616,60.296661,161.552826,-510.976868,0,0
3.240000,2.384593,1.421505,-2.315550,0.992001,0.074166,-0.102144,0.109360,-0.100812,0.988877,0.063044,-0.992137,-0.108117,0.741777,0.061853,-0.013178,0.667659,-0.231783,0.424448,-0.079185,0.106947,-0.067718,0.017890,0.102144,-0.988877,0.108117,0.000000,0.000000,0.000000,-1,0.259338,-1.021210,0.104568,-0.214056,0.442651,-0.127838,59.945068,161.552826,-510.306519,0,1
3.280000,2.333144,1.418936,-2.251065,0.990163,0.087223,-0.109406,0.117603,-0.095153,0.988491,0.075808,-0.991634,-0.104475,0.739897,0.069208,-0.011352,0.669054,-0.117218,0.409222,-0.234514,0.173339,-0.046924,-0.004057,0.109406,-0.988491,0.104475,0.000000,0.000000,0.000000,-1,0.286545,-1.199661,0.122482,-0.126504,0.391415,-0.397851,58.362946,160.322281,-511.479645,0,0
3.320000,2.260805,1.411026,-2.161165,0.986880,0.104944,-0.122698,0.132163,-0.088561,0.987264,0.092741,-0.990527,-0.101269,0.737684,0.080355,-0.010152,0.670270,-0.203648,0.501763,-0.422752,0.081205,-0.340724,0.060657,0.122698,-0.987264,0.101269,0.000000,0.000000,0.000000,-1,0.103470,-1.310852,0.204498,-0.344954,0.875211,-0.199821,60.472443,159.970688,-511.814819,0,0
3.360000,2.197413,1.416358,-2.048946,0.980440,0.152358,-0.124601,0.136573,-0.070781,0.988098,0.141726,-0.985788,-0.090204,0.731680,0.098722,0.005851,0.674436,-0.432401,1.216996,0.062127,-0.133298,0.063400,0.125677,0.124601,-0.988098,0.090204,0.000000,0.000000,0.000000,-1,-0.083008,-0.825531,0.260406,-0.479081,1.348243,0.095606,61.878784,161.728607,-511.814819,0,0
3.400000,2.182156,1.426415,-1.988278,0.973476,0.196120,-0.117819,0.131523,-0.058338,0.989595,0.187206,-0.978843,-0.082585,0.727049,0.112662,0.023859,0.676859,-0.393419,1.772134,0.076789,-0.236685,0.169511,0.218120,0.117819,-0.989595,0.082585,0.000000,0.000000,0.000000,-1,-0.251389,-0.897049,0.397415,-0.126025,2.380545,-0.054820,60.999817,160.498062,-509.971344,0,0
3.440000,2.218633,1.428175,-1.957572,0.958619,0.261160,-0.113340,0.131638,-0.053615,0.989847,0.252432,-0.963805,-0.085775,0.724225,0.135593,0.048014,0.674394,0.003622,2.282490,-0.162573,-0.364728,0.092798,0.311640,0.113340,-0.989847,0.085775,0.000000,0.000000,0.000000,-1,-0.213974,-0.982971,0.093826,0.116494,1.536206,-0.412549,60.999817,160.849655,-510.306519,0,0
3.480000,2.247053,1.411530,-1.928412,0.940416,0.316732,-0.123691,0.148560,-0.055514,0.987344,0.305857,-0.946889,-0.099260,0.723739,0.160725,0.062925,0.668139,0.338870,0.741480,-0.489647,-0.337665,0.004373,-0.005434,0.123691,-0.987344,0.099260,0.000000,0.000000,0.000000,-1,0.091431,-0.905258,-0.048798,0.455810,-0.239062,-0.529973,62.581955,161.377029,-508.798218,0,0
3.520000,2.241474,1.380901,-1.945549,0.943428,0.296780,-0.147871,0.175656,-0.069093,0.982024,0.281228,-0.952443,-0.117315,0.729698,0.161860,0.045689,0.662763,0.338442,-1.003932,-0.248731,0.029375,0.138656,-0.092901,0.147871,-0.982024,0.117315,0.000000,0.000000,0.000000,-1,0.234085,-0.785233,0.131302,-0.016539,-0.504560,-0.042724,63.812500,161.904404,-508.630646,0,0
3.560000,2.224511,1.378298,-1.945286,0.947623,0.280974,-0.151869,0.178052,-0.069981,0.981529,0.265156,-0.957161,-0.116344,0.730402,0.157114,0.038776,0.663569,-0.170146,-0.040761,0.011542,0.097185,0.208779,0.053608,0.151869,-0.981529,0.116344,0.000000,0.000000,0.000000,-1,0.195511,-0.800949,0.147720,-0.355621,0.785074,-0.097129,63.109329,161.552826,-509.971344,0,0
3.600000,2.196022,1.381110,-1.885372,0.938305,0.310177,-0.152883,0.179298,-0.058340,0.982063,0.295695,-0.948887,-0.110355,0.725775,0.168604,0.049193,0.665134,-0.154563,1.091319,-0.236788,-0.002019,0.157250,0.010708,0.152883,-0.982063,0.110355,0.000000,0.000000,0.000000,-1,0.079071,-0.837311,0.044830,0.098975,0.870677,-0.223487,62.581955,162.431778,-509.803772,0,0
3.640000,2.241149,1.368286,-1.895429,0.925655,0.343982,-0.157605,0.190623,-0.064152,0.979565,0.326842,-0.936782,-0.124954,0.727111,0.183812,0.058188,0.658891,0.373660,0.320246,-0.111221,-0.116223,0.137600,-0.112716,0.157605,-0.979565,0.124954,0.000000,0.000000,0.000000,-1,0.078110,-0.902481,-0.005829,0.312508,0.243854,-0.082171,63.285126,161.728607,-508.463074,0,0
3.680000,2.286069,1.358201,-1.931174,0.921779,0.353485,-0.159285,0.197444,-0.074404,0.977487,0.333675,-0.932477,-0.138377,0.730507,0.188543,0.059681,0.653643,0.178741,0.260328,-0.065807,-0.035567,0.025842,-0.163539,0.159285,-0.977486,0.138377,0.000000,0.000000,0.000000,-1,0.151794,-0.964767,-0.015854,-0.056896,0.279770,-0.099682,62.757751,163.310745,-509.300995,0,0
3.720000,2.285684,1.356333,-1.922750,0.918620,0.360982,-0.160717,0.199777,-0.073367,0.977091,0.340921,-0.929682,-0.139512,0.729983,0.192045,0.061715,0.653020,-0.132357,0.224070,-0.098414,-0.010219,0.021006,-0.142976,0.160717,-0.977091,0.139512,0.000000,0.000000,0.000000,-1,0.104172,-0.930222,0.050995,-0.225458,0.166514,-0.094755,64.339874,162.431778,-508.798218,0,1
3.760000,2.254061,1.358294,-1.883868,0.915661,0.367168,-0.163562,0.200655,-0.064955,0.977506,0.348285,-0.927884,-0.133151,0.726940,0.195279,0.063528,0.655277,-0.042289,0.045447,-0.055830,-0.075106,-0.005846,-0.089160,0.163562,-0.977506,0.133151,0.000000,0.000000,0.000000,-1,0.155151,-1.135040,0.010208,0.034950,-0.000699,-0.074841,63.636703,163.134949,-509.468567,0,0
3.800000,2.249299,1.354850,-1.879014,0.914995,0.367366,-0.166814,0.204175,-0.065002,0.976774,0.347991,-0.927802,-0.134483,0.727063,0.196524,0.062298,0.654887,0.010607,0.008566,-0.148785,0.019832,-0.199923,-0.123726,0.166814,-0.976774,0.134483,0.000000,0.000000,0.000000,-1,0.200592,-1.176514,0.054062,-0.169736,0.017254,-0.199029,65.043045,163.486526,-508.463074,0,0
3.840000,2.204010,1.351959,-1.829181,0.911983,0.371026,-0.175007,0.209889,-0.055472,0.976150,0.352469,-0.926964,-0.128464,0.723864,0.200630,0.061290,0.657276,-0.133741,0.156911,-0.145026,-0.036305,-0.188324,-0.099716,0.175007,-0.976150,0.128464,0.000000,0.000000,0.000000,-1,0.177124,-1.175110,-0.051987,-0.138333,0.140678,-0.137946,65.394623,162.431778,-509.468567,0,0
3.880000,2.177077,1.350514,-1.799937,0.910383,0.372774,-0.179562,0.212794,-0.049631,0.975836,0.354854,-0.926594,-0.124508,0.721894,0.202789,0.060706,0.658833,-0.218885,-0.107661,-0.237123,0.130894,-0.236551,-0.167751,0.179562,-0.975836,0.124508,0.000000,0.000000,0.000000,-1,0.358398,-1.201569,0.106705,-0.549114,-0.667284,-0.354385,64.691452,163.838120,-508.127869,0,0
3.920000,2.083374,1.350051,-1.721626,0.914373,0.357087,-0.190817,0.216471,-0.032900,0.975734,0.342144,-0.933492,-0.107382,0.716703,0.200068,0.052786,0.665975,-0.636435,-0.829303,-0.282315,0.145700,-0.184498,0.083582,0.190817,-0.975734,0.107382,0.000000,0.000000,0.000000,-1,0.210236,-0.860352,0.266876,-0.582048,-0.863901,-0.083866,66.976746,162.959152,-509.971344,0,0
3.960000,1.983447,1.354725,-1.646029,0.922372,0.332652,-0.196398,0.213787,-0.016114,0.976747,0.321752,-0.942912,-0.085980,0.711419,0.192025,0.044051,0.674588,-0.393168,-0.895557,0.002618,0.013838,0.116396,0.180896,0.196398,-0.976747,0.085980,0.000000,0.000000,0.000000,-1,0.086655,-0.790146,0.376694,-0.029435,-1.106753,0.243801,66.097794,163.838120,-509.803772,0,0
4.000000,1.978937,1.360412,-1.706287,0.943008,0.272018,-0.191682,0.206921,-0.028209,0.977951,0.260613,-0.961879,-0.082887,0.716607,0.167086,0.024048,0.676741,0.479757,-1.071253,0.147783,-0.139863,0.031158,0.337034,0.191682,-0.977951,0.082887,0.000000,0.000000,0.000000,-1,0.069077,-1.112244,0.342957,0.505502,-0.814300,0.032157,67.679916,164.013916,-510.641724,0,0
4.040000,2.022347,1.355604,-1.776956,0.949729,0.247184,-0.192133,0.209013,-0.043711,0.976935,0.233084,-0.967982,-0.093178,0.722257,0.157907,0.014175,0.673209,0.507355,-0.659180,0.039492,-0.110575,-0.185632,0.188346,0.192133,-0.976935,0.093178,0.000000,0.000000,0.000000,-1,0.051727,-1.053757,0.091858,0.337553,-0.435396,0.113004,68.031509,165.771835,-509.636169,0,0
4.080000,2.063405,1.360195,-1.852844,0.959215,0.214427,-0.184192,0.200788,-0.058183,0.977905,0.198973,-0.975006,-0.098864,0.727369,0.142711,0.005080,0.671224,-0.114233,-0.815324,0.322947,-0.145252,0.147461,-0.074999,0.184192,-0.977905,0.098864,0.000000,0.000000,0.000000,-1,0.071213,-0.770386,0.031433,-0.210994,-0.998194,0.290884,68.383087,165.068665,-510.641724,0,0
4.120000,2.020789,1.370296,-1.843176,0.966895,0.181534,-0.179333,0.191817,-0.053579,0.979967,0.168289,-0.981924,-0.086626,0.725793,0.128601,-0.003804,0.675775,-0.251087,-1.267488,0.217040,-0.044903,0.228563,-0.008699,0.179333,-0.979967,0.086626,0.000000,0.000000,0.000000,-1,0.161636,-0.765976,0.095367,-0.287980,-1.339508,0.146811,66.449371,163.486526,-511.479645,0,0
4.160000,1.936872,1.379940,-1.810152,0.975511,0.130401,-0.177130,0.184291,-0.044973,0.981842,0.120067,-0.990441,-0.067904,0.722563,0.108880,-0.019743,0.682392,-0.181713,-1.142256,0.130807,0.047297,0.184662,0.079573,0.177130,-0.981842,0.067904,0.000000,0.000000,0.000000,-1,0.240005,-0.795242,0.149612,-0.061757,-0.822685,0.145250,67.328339,164.013916,-512.987915,0,0
4.200000,1.923401,1.386953,-1.833392,0.980679,0.093993,-0.171563,0.176543,-0.047455,0.983148,0.084268,-0.994441,-0.063132,0.723061,0.093539,-0.030182,0.683756,0.221924,-0.429251,0.158029,0.036888,0.189279,0.074563,0.171563,-0.983148,0.063132,0.000000,0.000000,0.000000,-1,0.177887,-0.810532,0.127258,0.261190,-0.346300,0.124981,68.207291,162.783371,-514.496216,0,0
4.240000,1.969260,1.386858,-1.889548,0.982060,0.084500,-0.168573,0.173689,-0.057318,0.983131,0.073412,-0.994774,-0.070967,0.726351,0.088865,-0.032753,0.680767,0.370341,-0.243411,0.098654,0.015142,0.147148,0.051088,0.168573,-0.983131,0.070967,0.000000,0.000000,0.000000,-1,0.203232,-0.906830,0.081696,0.375647,-0.122333,0.064661,67.504120,164.541290,-514.161072,0,0
4.280000,2.027506,1.384113,-1.953160,0.982770,0.080096,-0.166578,0.172197,-0.069250,0.982625,0.067169,-0.994379,-0.081849,0.730388,0.086356,-0.034026,0.676696,0.397466,-0.049881,0.066824,0.031512,0.063939,-0.013444,0.166578,-0.982625,0.081849,0.000000,0.000000,0.000000,-1,0.169540,-0.941162,0.030502,0.296380,0.066282,0.072026,67.152542,163.486526,-514.831421,0,0
