0.000000,1.040404,-1.444009,0.941873,0.989551,-0.094298,-0.109075,-0.102253,0.074386,-0.991973,0.101655,0.992761,0.063966,-0.680294,0.072230,0.002727,0.729367,-0.004582,0.021445,-0.009451,0.004038,0.012742,0.002428,0.109075,0.991973,-0.063966,0.000000,0.000000,0.000000,-1,0.110687,1.003799,-0.065506,-0.023385,0.029475,-0.020170,28.478302,246.811935,-575.163208,0,0
0.040000,1.040445,-1.444231,0.941319,0.989514,-0.094902,-0.108888,-0.102034,0.074313,-0.992001,0.102235,0.992709,0.063850,-0.680322,0.072369,0.002445,0.729328,-0.003518,0.020396,-0.008390,0.001800,0.011798,-0.001656,0.108888,0.992001,-0.063850,0.000000,0.000000,0.000000,-1,0.110611,1.005524,-0.068726,-0.023382,0.030534,-0.020174,28.478302,246.811935,-575.163208,0,0
0.080000,1.039880,-1.444345,0.940334,0.989488,-0.095322,-0.108754,-0.101869,0.074347,-0.992016,0.102647,0.992666,0.063855,-0.680310,0.072464,0.002244,0.729330,-0.002474,0.021416,-0.007333,0.001857,0.012343,-0.006120,0.108683,0.992021,-0.063887,0.000000,0.000000,0.000000,-1,0.108627,1.004395,-0.068192,-0.025513,0.027386,-0.016950,27.775146,246.108765,-574.828064,0,0
0.120000,1.038843,-1.444497,0.938748,0.989456,-0.095873,-0.108558,-0.101630,0.074419,-0.992035,0.103188,0.992608,0.063891,-0.680284,0.072581,0.001973,0.729343,-0.003545,0.016150,-0.004109,0.000070,0.012360,-0.004301,0.108558,0.992035,-0.063891,0.000000,0.000000,0.000000,-1,0.107193,1.005997,-0.068405,-0.023397,0.022100,-0.015881,27.423553,246.460342,-575.833557,0,0
0.160000,1.037202,-1.444822,0.936613,0.989449,-0.096376,-0.108176,-0.101211,0.074445,-0.992076,0.103666,0.992557,0.063905,-0.680275,0.072613,0.001657,0.729349,-0.004633,0.009776,-0.006209,-0.000006,0.013005,-0.003844,0.108176,0.992076,-0.063905,0.000000,0.000000,0.000000,-1,0.112885,1.004898,-0.068359,-0.027676,0.018884,-0.020097,27.950928,246.987717,-576.001160,0,0
0.200000,1.037040,-1.444963,0.936199,0.989438,-0.096635,-0.108044,-0.101068,0.074404,-0.992094,0.103910,0.992535,0.063851,-0.680291,0.072654,0.001520,0.729331,-0.006782,0.006560,-0.010441,0.004840,0.012805,-0.004508,0.108044,0.992093,-0.063851,0.000000,0.000000,0.000000,-1,0.109436,1.005447,-0.065353,-0.027692,0.013589,-0.020077,26.896179,247.339310,-574.325256,0,0
0.240000,1.036624,-1.445323,0.935632,0.989458,-0.096806,-0.107710,-0.100738,0.074249,-0.992139,0.104043,0.992530,0.063715,-0.680348,0.072589,0.001348,0.729284,-0.008948,0.001288,-0.005064,0.000429,0.012042,-0.002570,0.107711,0.992139,-0.063715,0.000000,0.000000,0.000000,-1,0.110443,1.003464,-0.065109,-0.029814,0.012569,-0.015796,29.533066,246.108765,-575.498413,0,0
0.280000,1.037707,-1.445517,0.936760,0.989471,-0.096776,-0.107614,-0.100667,0.074022,-0.992163,0.103984,0.992550,0.063500,-0.680432,0.072543,0.001334,0.729211,-0.006826,-0.003979,-0.001864,0.001364,0.015406,-0.004676,0.107614,0.992163,-0.063500,0.000000,0.000000,0.000000,-1,0.108749,1.006317,-0.068375,-0.028771,0.002017,-0.011503,28.302521,246.284561,-576.336304,0,0
0.320000,1.037642,-1.445549,0.937210,0.989524,-0.096270,-0.107582,-0.100674,0.073957,-0.992167,0.103472,0.992604,0.063491,-0.680455,0.072357,0.001510,0.729207,-0.006845,-0.012433,0.000298,0.002068,0.012960,-0.003511,0.107582,0.992167,-0.063491,0.000000,0.000000,0.000000,-1,0.109741,1.005356,-0.065552,-0.026660,-0.004338,-0.011496,26.896179,245.932968,-574.660461,0,0
0.360000,1.038037,-1.445582,0.938044,0.989566,-0.095839,-0.107579,-0.100709,0.073854,-0.992171,0.103034,0.992653,0.063432,-0.680493,0.072208,0.001670,0.729187,-0.008977,-0.013491,0.000319,0.002178,0.012956,-0.006911,0.107579,0.992171,-0.063432,0.000000,0.000000,0.000000,-1,0.108551,1.005875,-0.070908,-0.030912,-0.001170,-0.012540,28.302521,245.932968,-574.995605,0,0
0.400000,1.040651,-1.445852,0.941090,0.989612,-0.095436,-0.107513,-0.100717,0.073389,-0.992205,0.102583,0.992727,0.063015,-0.680663,0.072045,0.001811,0.729043,-0.017530,-0.008286,-0.003879,0.001160,0.015348,-0.003392,0.107513,0.992205,-0.063015,0.000000,0.000000,0.000000,-1,0.108780,1.003387,-0.065720,-0.037310,-0.003296,-0.013548,27.423553,246.811935,-575.833557,0,0
0.440000,1.044675,-1.446221,0.945877,0.989688,-0.094718,-0.107450,-0.100771,0.072692,-0.992251,0.101794,0.992847,0.062398,-0.680918,0.071774,0.002076,0.728831,-0.017545,-0.018818,0.002552,-0.000775,0.014509,-0.002864,0.107450,0.992251,-0.062398,0.000000,0.000000,0.000000,-1,0.109085,1.006897,-0.065903,-0.039442,-0.008542,-0.008185,29.708847,245.932968,-575.666016,0,0
0.480000,1.048208,-1.446431,0.950016,0.989739,-0.094141,-0.107489,-0.100901,0.072153,-0.992277,0.101170,0.992941,0.061914,-0.681115,0.071589,0.002319,0.728664,-0.018611,-0.019867,0.003630,0.001795,0.013537,0.001642,0.107489,0.992277,-0.061914,0.000000,0.000000,0.000000,-1,0.108810,1.005142,-0.060211,-0.037316,-0.009602,-0.008197,28.654099,246.636139,-574.325256,0,0
0.520000,1.051385,-1.446536,0.953816,0.989785,-0.093541,-0.107594,-0.101090,0.071709,-0.992290,0.100536,0.993030,0.061520,-0.681277,0.071421,0.002590,0.728528,-0.016475,-0.018799,0.004674,0.000468,0.013295,-0.000079,0.107594,0.992290,-0.061520,0.000000,0.000000,0.000000,-1,0.115311,1.008453,-0.063599,-0.041542,0.003089,-0.010343,28.302521,245.581390,-575.666016,0,0
0.560000,1.056901,-1.446720,0.959681,0.989795,-0.093225,-0.107773,-0.101359,0.071010,-0.992312,0.100162,0.993110,0.060836,-0.681533,0.071378,0.002792,0.728293,-0.019683,-0.004069,-0.003859,0.007537,0.016141,-0.002762,0.107773,0.992312,-0.060836,0.000000,0.000000,0.000000,-1,0.113220,1.001648,-0.060791,-0.037296,0.003039,-0.015702,28.302521,246.636139,-575.330811,0,0
0.600000,1.062621,-1.446892,0.965913,0.989818,-0.092748,-0.107970,-0.101659,0.070280,-0.992334,0.099625,0.993206,0.060136,-0.681800,0.071285,0.003060,0.728051,-0.012246,-0.013554,0.001448,0.002091,0.012885,0.000718,0.107970,0.992334,-0.060136,0.000000,0.000000,0.000000,-1,0.109299,1.006241,-0.061279,-0.031975,-0.002209,-0.010397,27.599350,247.690887,-574.325256,0,0
0.640000,1.066263,-1.447054,0.969879,0.989838,-0.092451,-0.108048,-0.101805,0.069785,-0.992354,0.099284,0.993269,0.059664,-0.681980,0.071210,0.003213,0.727889,-0.010097,-0.008239,0.003542,0.002762,0.013078,0.005313,0.108048,0.992354,-0.059664,0.000000,0.000000,0.000000,-1,0.108627,1.005783,-0.058472,-0.028747,0.006293,-0.007258,29.181473,247.163513,-575.498413,0,0
0.680000,1.069506,-1.447047,0.973381,0.989839,-0.092205,-0.108247,-0.102054,0.069433,-0.992353,0.099015,0.993316,0.059317,-0.682109,0.071198,0.003383,0.727769,-0.007956,-0.007150,0.006718,0.000624,0.014666,-0.000558,0.108247,0.992353,-0.059317,0.000000,0.000000,0.000000,-1,0.108368,1.005112,-0.058304,-0.029828,0.000998,-0.007230,28.654099,246.636139,-574.660461,0,0
0.720000,1.073160,-1.447239,0.977572,0.989881,-0.091697,-0.108296,-0.102187,0.068898,-0.992376,0.098460,0.993401,0.058830,-0.682304,0.071040,0.003604,0.727600,-0.008018,-0.013548,0.003570,-0.002598,0.013803,0.001701,0.108296,0.992376,-0.058830,0.000000,0.000000,0.000000,-1,0.107574,1.006180,-0.059464,-0.029846,-0.003259,-0.009344,28.302521,247.339310,-575.330811,0,0
0.760000,1.075044,-1.447483,0.979970,0.989937,-0.091210,-0.108193,-0.102150,0.068517,-0.992407,0.097930,0.993472,0.058511,-0.682442,0.070834,0.003759,0.727490,-0.009081,-0.009351,-0.000699,0.000862,0.013605,-0.000083,0.108193,0.992407,-0.058511,0.000000,0.000000,0.000000,-1,0.110779,1.007782,-0.057877,-0.028779,0.000938,-0.013630,29.357269,246.284561,-576.001160,0,0
0.800000,1.078054,-1.447724,0.983519,0.989987,-0.090702,-0.108158,-0.102193,0.068022,-0.992436,0.097373,0.993552,0.058072,-0.682622,0.070645,0.003950,0.727338,-0.010159,-0.012538,-0.001744,0.000851,0.015636,-0.000614,0.108158,0.992436,-0.058072,0.000000,0.000000,0.000000,-1,0.108154,1.004074,-0.058914,-0.030925,-0.004357,-0.013593,29.181473,246.811935,-575.498413,0,0
0.840000,1.079826,-1.447892,0.985699,0.990028,-0.090314,-0.108113,-0.102202,0.067707,-0.992457,0.096953,0.993609,0.057801,-0.682737,0.070494,0.004087,0.727244,-0.011224,-0.012537,-0.001736,0.002818,0.012746,-0.000335,0.108113,0.992457,-0.057801,0.000000,0.000000,0.000000,-1,0.110672,1.004959,-0.058029,-0.033048,-0.002238,-0.013585,27.423553,247.163513,-575.833557,0,0
0.880000,1.081811,-1.448044,0.988153,0.990070,-0.089866,-0.108095,-0.102243,0.067373,-0.992475,0.096472,0.993672,0.057516,-0.682858,0.070332,0.004255,0.727145,-0.005916,-0.009361,-0.000691,0.003630,0.013170,-0.004404,0.108095,0.992475,-0.057516,0.000000,0.000000,0.000000,-1,0.112320,1.008453,-0.054245,-0.026647,0.001997,-0.013650,28.126724,246.460342,-575.498413,0,0
0.920000,1.084351,-1.448093,0.991003,0.990086,-0.089571,-0.108197,-0.102393,0.067054,-0.992481,0.096153,0.993721,0.057218,-0.682974,0.070268,0.004409,0.727042,-0.006977,-0.007252,-0.001755,0.004260,0.015835,-0.003405,0.108197,0.992481,-0.057218,0.000000,0.000000,0.000000,-1,0.109451,1.005112,-0.056671,-0.030903,0.002008,-0.012552,28.478302,246.108765,-575.163208,0,0
0.960000,1.086613,-1.448285,0.993586,0.990117,-0.089274,-0.108158,-0.102406,0.066686,-0.992505,0.095817,0.993772,0.056885,-0.683108,0.070150,0.004516,0.726926,-0.009108,-0.008301,-0.000669,0.001857,0.014484,0.000503,0.108158,0.992505,-0.056885,0.000000,0.000000,0.000000,-1,0.110321,1.002899,-0.056198,-0.029838,0.002007,-0.012560,27.950928,247.339310,-574.660461,0,0
1.000000,1.089154,-1.448421,0.996365,0.990134,-0.089055,-0.108183,-0.102478,0.066328,-0.992522,0.095564,0.993816,0.056547,-0.683238,0.070083,0.004617,0.726810,-0.009103,-0.008281,0.001461,0.001497,0.011949,0.002623,0.108183,0.992521,-0.056547,0.000000,0.000000,0.000000,-1,0.109863,1.006241,-0.052856,-0.028764,0.004135,-0.011511,28.302521,245.581390,-574.660461,0,0
1.040000,1.092028,-1.448617,0.999493,0.990156,-0.088826,-0.108172,-0.102521,0.065901,-0.992545,0.095292,0.993865,0.056146,-0.683394,0.069999,0.004712,0.726671,-0.009113,-0.004080,-0.000652,0.001997,0.014092,-0.001181,0.108172,0.992545,-0.056146,0.000000,0.000000,0.000000,-1,0.109070,1.004303,-0.054764,-0.026634,0.006233,-0.013666,27.423553,246.108765,-576.503906,0,0
1.080000,1.094884,-1.448969,1.002561,0.990188,-0.088646,-0.108022,-0.102429,0.065399,-0.992588,0.095054,0.993914,0.055677,-0.683577,0.069881,0.004743,0.726510,-0.011246,-0.004089,-0.001701,0.000010,0.013378,0.001616,0.108022,0.992588,-0.055677,0.000000,0.000000,0.000000,-1,0.106232,1.005249,-0.055649,-0.030900,0.003067,-0.012556,27.423553,247.515106,-576.503906,0,0
1.120000,1.096875,-1.449332,1.004833,0.990234,-0.088397,-0.107812,-0.102273,0.064973,-0.992632,0.094751,0.993964,0.055298,-0.683733,0.069717,0.004776,0.726379,-0.009123,-0.006208,-0.001710,-0.001717,0.012205,-0.001465,0.107812,0.992632,-0.055298,0.000000,0.000000,0.000000,-1,0.108673,1.004211,-0.056717,-0.026642,0.005155,-0.015793,27.599350,247.339310,-574.995605,0,0
1.160000,1.096837,-1.449566,1.005143,0.990286,-0.088066,-0.107603,-0.102097,0.064816,-0.992661,0.094394,0.994004,0.055196,-0.683790,0.069525,0.004829,0.726343,-0.001682,-0.009397,-0.002822,0.000018,0.012924,-0.003093,0.107603,0.992661,-0.055196,0.000000,0.000000,0.000000,-1,0.109680,1.006851,-0.055603,-0.019197,0.000936,-0.013704,29.357269,246.987717,-575.330811,0,0
1.200000,1.096733,-1.449623,1.005248,0.990310,-0.087862,-0.107547,-0.102056,0.064776,-0.992667,0.094184,0.994024,0.055181,-0.683804,0.069434,0.004886,0.726338,-0.003803,-0.004125,-0.004920,0.005780,0.015359,-0.000910,0.107547,0.992667,-0.055181,0.000000,0.000000,0.000000,-1,0.116135,1.003967,-0.058365,-0.024509,0.008312,-0.017952,29.533066,246.460342,-576.503906,0,0
1.240000,1.097450,-1.449495,1.006019,0.990299,-0.087803,-0.107700,-0.102213,0.064765,-0.992652,0.094133,0.994030,0.055162,-0.683808,0.069470,0.004960,0.726331,-0.001664,-0.000948,-0.004946,0.008435,0.011315,-0.003203,0.107700,0.992652,-0.055162,0.000000,0.000000,0.000000,-1,0.111816,1.004089,-0.058884,-0.022374,0.008331,-0.015838,27.775146,245.405594,-575.498413,0,0
1.280000,1.097251,-1.449434,1.005785,0.990291,-0.087834,-0.107743,-0.102249,0.064821,-0.992645,0.094172,0.994024,0.055211,-0.683787,0.069497,0.004962,0.726348,-0.005899,0.006467,-0.004940,0.004486,0.012559,-0.004131,0.107743,0.992645,-0.055211,0.000000,0.000000,0.000000,-1,0.111008,1.005356,-0.060898,-0.025548,0.016785,-0.017975,28.829895,245.405594,-575.498413,0,0
1.320000,1.096662,-1.449445,1.004986,0.990277,-0.088040,-0.107700,-0.102188,0.064897,-0.992646,0.094382,0.994001,0.055269,-0.683760,0.069552,0.004869,0.726368,-0.005894,0.009625,-0.007081,0.004620,0.013412,-0.004789,0.107700,0.992646,-0.055269,0.000000,0.000000,0.000000,-1,0.112015,1.007187,-0.059921,-0.024471,0.019972,-0.016930,27.247757,245.932968,-575.666016,0,0
1.360000,1.097242,-1.449460,1.005285,0.990250,-0.088321,-0.107719,-0.102195,0.064859,-0.992648,0.094658,0.993978,0.055200,-0.683775,0.069656,0.004775,0.726345,-0.004829,0.009625,-0.007089,0.004296,0.014539,-0.004721,0.107719,0.992648,-0.055200,0.000000,0.000000,0.000000,-1,0.113785,1.003586,-0.053848,-0.022343,0.016824,-0.013739,28.302521,246.284561,-576.671509,0,0
1.400000,1.098262,-1.449222,1.006065,0.990201,-0.088549,-0.107985,-0.102445,0.064905,-0.992619,0.094904,0.993955,0.055197,-0.683758,0.069832,0.004783,0.726344,0.003701,0.004404,0.000359,0.001603,0.010860,-0.004876,0.107985,0.992619,-0.055197,0.000000,0.000000,0.000000,-1,0.110550,1.003189,-0.062958,-0.015941,0.016871,-0.008462,27.775146,245.757172,-575.163208,0,0
1.440000,1.095778,-1.448636,1.003249,0.990134,-0.088834,-0.108366,-0.102753,0.065506,-0.992548,0.095271,0.993890,0.055732,-0.683538,0.070072,0.004789,0.726528,0.005849,0.006561,0.004597,0.004351,0.012396,-0.000939,0.108366,0.992548,-0.055732,0.000000,0.000000,0.000000,-1,0.109833,1.008759,-0.053238,-0.013821,0.013693,-0.008467,28.126724,246.108765,-575.498413,0,0
1.480000,1.093494,-1.448277,1.000855,0.990106,-0.088914,-0.108554,-0.102895,0.065944,-0.992504,0.095406,0.993854,0.056143,-0.683378,0.070169,0.004810,0.726669,0.002631,0.000188,0.002515,0.002347,0.013783,-0.007547,0.108554,0.992504,-0.056143,0.000000,0.000000,0.000000,-1,0.111008,1.005692,-0.057388,-0.020233,0.009419,-0.012662,28.126724,244.702423,-574.492859,0,0
1.520000,1.093050,-1.448397,1.000436,0.990122,-0.088895,-0.108423,-0.102767,0.065923,-0.992519,0.095377,0.993857,0.056136,-0.683386,0.070115,0.004773,0.726667,-0.002683,0.000152,-0.002739,0.000616,0.014104,-0.001527,0.108423,0.992519,-0.056136,0.000000,0.000000,0.000000,-1,0.108887,1.006851,-0.058411,-0.025550,0.012588,-0.013698,27.599350,246.636139,-573.990112,0,0
1.560000,1.093149,-1.448510,1.000517,0.990130,-0.088919,-0.108330,-0.102678,0.065854,-0.992532,0.095389,0.993859,0.056074,-0.683411,0.070089,0.004734,0.726646,-0.003742,0.000172,-0.000600,0.001030,0.012717,-0.002794,0.108330,0.992532,-0.056074,0.000000,0.000000,0.000000,-1,0.109360,1.006119,-0.057007,-0.024498,0.007302,-0.012621,28.302521,245.229797,-575.666016,0,0
1.600000,1.093181,-1.448570,1.000670,0.990146,-0.088804,-0.108278,-0.102638,0.065806,-0.992540,0.095267,0.993873,0.056043,-0.683428,0.070030,0.004760,0.726635,0.000500,-0.006174,0.000456,0.001082,0.013579,-0.000964,0.108278,0.992540,-0.056043,0.000000,0.000000,0.000000,-1,0.108231,1.005310,-0.059082,-0.019176,0.004153,-0.009455,29.005692,245.932968,-575.666016,0,0
1.640000,1.090942,-1.448390,0.998878,0.990184,-0.088342,-0.108311,-0.102671,0.066087,-0.992518,0.094838,0.993896,0.056368,-0.683324,0.069883,0.004929,0.726746,0.002634,-0.008253,0.004707,-0.000584,0.013540,-0.001081,0.108311,0.992518,-0.056368,0.000000,0.000000,0.000000,-1,0.109604,1.004608,-0.059067,-0.017051,0.000994,-0.007329,29.005692,245.581390,-576.336304,0,0
1.680000,1.089963,-1.448208,0.998210,0.990201,-0.088020,-0.108416,-0.102778,0.066253,-0.992495,0.094542,0.993913,0.056557,-0.683262,0.069811,0.005076,0.726810,0.001599,-0.011401,0.005823,0.000821,0.012403,-0.002616,0.108416,0.992495,-0.056557,0.000000,0.000000,0.000000,-1,0.108215,1.007874,-0.056808,-0.021323,-0.004290,-0.006210,27.247757,246.284561,-575.330811,0,0
1.720000,1.090046,-1.448165,0.998809,0.990242,-0.087506,-0.108459,-0.102854,0.066215,-0.992490,0.094031,0.993961,0.056568,-0.683275,0.069650,0.005279,0.726812,-0.001612,-0.012508,0.000525,0.000382,0.014651,-0.002331,0.108459,0.992490,-0.056568,0.000000,0.000000,0.000000,-1,0.108887,1.005081,-0.059021,-0.023459,-0.001172,-0.012598,29.357269,246.987717,-574.995605,0,0
1.760000,1.089207,-1.448259,0.998322,0.990287,-0.087159,-0.108329,-0.102743,0.066214,-0.992502,0.093679,0.993991,0.056616,-0.683275,0.069482,0.005360,0.726828,-0.004807,-0.010419,-0.002654,0.000558,0.012580,-0.002405,0.108329,0.992502,-0.056616,0.000000,0.000000,0.000000,-1,0.108444,1.005280,-0.059204,-0.022389,-0.000103,-0.011545,26.720383,246.460342,-574.828064,0,0
1.800000,1.087319,-1.448398,0.997007,0.990362,-0.086594,-0.108099,-0.102540,0.066274,-0.992519,0.093110,0.994037,0.056756,-0.683252,0.069203,0.005484,0.726876,-0.002675,-0.011459,-0.000537,0.000757,0.013295,-0.002128,0.108099,0.992519,-0.056756,0.000000,0.000000,0.000000,-1,0.110992,1.005844,-0.058914,-0.020268,-0.002231,-0.012618,29.005692,246.284561,-576.001160,0,0
1.840000,1.086289,-1.448353,0.996520,0.990411,-0.086049,-0.108081,-0.102545,0.066349,-0.992513,0.092576,0.994079,0.056889,-0.683223,0.069009,0.005673,0.726920,0.004819,-0.013546,-0.000556,-0.000079,0.016261,-0.000927,0.108081,0.992513,-0.056889,0.000000,0.000000,0.000000,-1,0.113754,1.007797,-0.062607,-0.019202,0.000916,-0.015834,27.071976,246.460342,-574.157715,0,0
1.880000,1.084255,-1.448134,0.994809,0.990432,-0.085709,-0.108156,-0.102614,0.066642,-0.992486,0.092273,0.994089,0.057210,-0.683114,0.068921,0.005813,0.727029,-0.000478,-0.000885,-0.005887,0.008665,0.010062,-0.002345,0.108156,0.992486,-0.057210,0.000000,0.000000,0.000000,-1,0.114960,1.002899,-0.061035,-0.017056,0.007261,-0.016940,27.775146,246.460342,-575.498413,0,0
1.920000,1.083577,-1.447978,0.994201,0.990429,-0.085629,-0.108254,-0.102703,0.066789,-0.992467,0.092214,0.994086,0.057355,-0.683060,0.068929,0.005871,0.727079,0.001656,-0.001915,-0.002703,0.004127,0.010691,-0.000506,0.108254,0.992467,-0.057355,0.000000,0.000000,0.000000,-1,0.111816,1.004898,-0.060989,-0.019170,0.010458,-0.014805,29.005692,245.932968,-573.654907,0,0
1.960000,1.082415,-1.447836,0.993039,0.990423,-0.085616,-0.108312,-0.102743,0.066985,-0.992450,0.092224,0.994074,0.057547,-0.682988,0.068947,0.005889,0.727144,0.000610,0.002342,-0.000579,0.003505,0.012448,-0.003442,0.108312,0.992450,-0.057547,0.000000,0.000000,0.000000,-1,0.114853,1.006790,-0.059738,-0.019145,0.017882,-0.013768,27.423553,246.108765,-574.828064,0,0
2.000000,1.082316,-1.447588,0.992674,0.990379,-0.085864,-0.108524,-0.102925,0.067157,-0.992419,0.092502,0.994041,0.057674,-0.682925,0.069111,0.005865,0.727188,-0.000387,0.008713,-0.001630,0.006329,0.014371,-0.002064,0.108524,0.992419,-0.057674,0.000000,0.000000,0.000000,-1,0.109726,1.004929,-0.061829,-0.018083,0.018921,-0.015911,29.708847,246.284561,-575.666016,0,0
2.040000,1.080483,-1.447506,0.990454,0.990350,-0.086236,-0.108490,-0.102844,0.067430,-0.992409,0.092897,0.993990,0.057911,-0.682827,0.069227,0.005709,0.727271,0.007060,0.006593,-0.001679,0.004151,0.011558,-0.001141,0.108490,0.992409,-0.057911,0.000000,0.000000,0.000000,-1,0.108124,1.003647,-0.061966,-0.010635,0.013663,-0.011687,28.829895,245.757172,-576.168762,0,0
2.080000,1.077905,-1.447342,0.987762,0.990343,-0.086330,-0.108484,-0.102798,0.067797,-0.992389,0.093028,0.993957,0.058267,-0.682693,0.069258,0.005660,0.727394,0.009188,0.002395,0.002581,-0.000360,0.011258,-0.003699,0.108484,0.992389,-0.058267,0.000000,0.000000,0.000000,-1,0.108963,1.008804,-0.061386,-0.013815,0.015812,-0.008475,27.775146,246.108765,-576.168762,0,0
2.120000,1.075002,-1.446991,0.984445,0.990295,-0.086708,-0.108620,-0.102863,0.068330,-0.992346,0.093467,0.993888,0.058748,-0.682498,0.069440,0.005551,0.727560,0.003877,0.006633,0.002606,-0.000039,0.015207,-0.000914,0.108620,0.992346,-0.058748,0.000000,0.000000,0.000000,-1,0.108566,1.011887,-0.060196,-0.020206,0.014754,-0.008421,27.775146,245.757172,-574.157715,0,0
2.160000,1.074952,-1.447001,0.984340,0.990291,-0.086762,-0.108608,-0.102847,0.068335,-0.992347,0.093520,0.993883,0.058748,-0.682497,0.069454,0.005527,0.727560,0.000679,0.004526,0.003703,-0.001324,0.017861,-0.000685,0.108608,0.992347,-0.058748,0.000000,0.000000,0.000000,-1,0.105927,1.008209,-0.058960,-0.020206,0.014754,-0.008421,28.654099,246.284561,-574.325256,0,0
2.200000,1.074850,-1.447133,0.984033,0.990286,-0.086974,-0.108487,-0.102717,0.068294,-0.992363,0.093719,0.993867,0.058697,-0.682513,0.069483,0.005410,0.727543,-0.001387,0.006704,0.004805,-0.001538,0.012001,-0.001285,0.108487,0.992363,-0.058697,0.000000,0.000000,0.000000,-1,0.109573,1.004745,-0.057953,-0.022333,0.014765,-0.007339,28.126724,245.405594,-575.163208,0,0
2.240000,1.076542,-1.447172,0.985581,0.990265,-0.087125,-0.108552,-0.102790,0.068113,-0.992368,0.093854,0.993866,0.058495,-0.682579,0.069558,0.005383,0.727474,-0.000347,0.001378,0.001619,-0.001710,0.012667,0.001046,0.108552,0.992368,-0.058495,0.000000,0.000000,0.000000,-1,0.107086,1.004364,-0.060455,-0.018094,0.012596,-0.012691,27.775146,246.460342,-575.498413,0,0
2.280000,1.075326,-1.447304,0.984231,0.990274,-0.087261,-0.108365,-0.102589,0.068180,-0.992385,0.093985,0.993850,0.058565,-0.682556,0.069536,0.005267,0.727499,0.001783,0.006614,-0.004810,-0.000776,0.012330,-0.003005,0.108365,0.992385,-0.058565,0.000000,0.000000,0.000000,-1,0.107025,1.005753,-0.061798,-0.020228,0.014675,-0.016943,27.775146,246.460342,-577.174316,0,0
2.320000,1.073889,-1.447497,0.982644,0.990288,-0.087416,-0.108113,-0.102321,0.068236,-0.992408,0.094129,0.993832,0.058629,-0.682536,0.069497,0.005122,0.727522,0.001770,0.002378,-0.004794,-0.001088,0.013344,-0.003169,0.108113,0.992408,-0.058629,0.000000,0.000000,0.000000,-1,0.105911,1.005569,-0.059189,-0.023439,0.007282,-0.014760,28.302521,246.987717,-574.995605,0,0
2.360000,1.072235,-1.447778,0.981191,0.990342,-0.087228,-0.107771,-0.101990,0.068230,-0.992443,0.093922,0.993849,0.058675,-0.682539,0.069307,0.005073,0.727538,-0.002450,-0.006013,-0.001507,-0.000044,0.014408,-0.003810,0.107771,0.992443,-0.058675,0.000000,0.000000,0.000000,-1,0.107834,1.006241,-0.062958,-0.022384,0.003055,-0.013687,28.302521,244.526642,-575.666016,0,0
2.400000,1.069781,-1.447771,0.979011,0.990381,-0.086948,-0.107633,-0.101847,0.068456,-0.992442,0.093659,0.993858,0.058942,-0.682456,0.069160,0.005119,0.727630,0.002875,-0.007064,-0.000479,0.001132,0.012273,-0.005236,0.107633,0.992442,-0.058942,0.000000,0.000000,0.000000,-1,0.108627,1.005905,-0.062683,-0.015994,0.002014,-0.011602,28.478302,246.811935,-575.498413,0,0
2.440000,1.067497,-1.447615,0.976992,0.990406,-0.086668,-0.107634,-0.101837,0.068748,-0.992423,0.093410,0.993862,0.059263,-0.682348,0.069065,0.005211,0.727739,0.005000,-0.010222,0.001647,0.000993,0.013482,-0.003420,0.107634,0.992423,-0.059263,0.000000,0.000000,0.000000,-1,0.110657,1.004074,-0.062180,-0.017069,-0.003262,-0.009443,27.423553,246.108765,-575.498413,0,0
2.480000,1.065537,-1.447279,0.975754,0.990451,-0.085925,-0.107809,-0.102028,0.069061,-0.992381,0.092716,0.993905,0.059635,-0.682231,0.068875,0.005531,0.727865,0.003987,-0.011244,0.002748,0.003656,0.013432,-0.003277,0.107809,0.992381,-0.059635,0.000000,0.000000,0.000000,-1,0.111969,1.007004,-0.061264,-0.015998,-0.001144,-0.009460,27.247757,245.581390,-573.654907,0,0
2.520000,1.064580,-1.446994,0.975091,0.990458,-0.085613,-0.107999,-0.102216,0.069287,-0.992346,0.092441,0.993916,0.059875,-0.682147,0.068838,0.005702,0.727946,0.000803,-0.007017,0.001693,0.007281,0.014474,-0.003098,0.107999,0.992346,-0.059875,0.000000,0.000000,0.000000,-1,0.118927,1.004547,-0.061356,-0.022368,0.008351,-0.013707,27.775146,246.460342,-573.822510,0,0
2.560000,1.066163,-1.446527,0.976717,0.990409,-0.085549,-0.108499,-0.102712,0.069380,-0.992289,0.092417,0.993915,0.059928,-0.682111,0.068999,0.005894,0.727962,-0.002373,0.001428,-0.001507,0.010565,0.010397,-0.001870,0.108499,0.992289,-0.059928,0.000000,0.000000,0.000000,-1,0.114685,1.000900,-0.061172,-0.018098,0.010488,-0.011618,29.708847,245.932968,-574.660461,0,0
2.600000,1.066971,-1.446015,0.977400,0.990346,-0.085644,-0.108993,-0.103181,0.069594,-0.992225,0.092563,0.993892,0.060086,-0.682031,0.069214,0.006022,0.728015,0.006176,0.004682,0.006939,0.006226,0.010583,-0.002506,0.108993,0.992225,-0.060086,0.000000,0.000000,0.000000,-1,0.112625,1.005066,-0.061874,-0.014861,0.021118,-0.007421,29.357269,245.581390,-576.336304,0,0
2.640000,1.065715,-1.445324,0.975569,0.990243,-0.086167,-0.109518,-0.103622,0.070168,-0.992139,0.093174,0.993807,0.060554,-0.681821,0.069589,0.005993,0.728177,0.008373,0.014226,0.004781,0.003855,0.014041,-0.003472,0.109518,0.992139,-0.060554,0.000000,0.000000,0.000000,-1,0.108093,1.009384,-0.060425,-0.014852,0.023246,-0.006364,29.181473,245.757172,-575.498413,0,0
2.680000,1.065746,-1.445067,0.975112,0.990177,-0.086634,-0.109743,-0.103801,0.070358,-0.992106,0.093671,0.993753,0.060674,-0.681752,0.069833,0.005893,0.728219,0.005163,0.009980,0.003756,0.002577,0.016942,-0.000346,0.109743,0.992106,-0.060674,0.000000,0.000000,0.000000,-1,0.111267,1.005005,-0.057983,-0.017000,0.017941,-0.007393,29.357269,244.878220,-575.330811,0,0
2.720000,1.066169,-1.444795,0.975137,0.990115,-0.087014,-0.110004,-0.104026,0.070507,-0.992072,0.094080,0.993709,0.060758,-0.681698,0.070060,0.005840,0.728248,0.005159,0.008921,0.003760,0.003063,0.012002,0.001386,0.110004,0.992072,-0.060758,0.000000,0.000000,0.000000,-1,0.112549,1.003998,-0.059662,-0.015935,0.018990,-0.008470,28.126724,246.811935,-576.839111,0,0
2.760000,1.066757,-1.444617,0.975368,0.990064,-0.087358,-0.110195,-0.104188,0.070582,-0.992050,0.094441,0.993673,0.060779,-0.681671,0.070248,0.005778,0.728255,0.001975,0.014198,0.001635,0.003483,0.012665,-0.000210,0.110195,0.992050,-0.060779,0.000000,0.000000,0.000000,-1,0.111740,1.006363,-0.059280,-0.018057,0.023207,-0.010600,28.478302,244.350845,-576.503906,0,0
2.800000,1.067357,-1.444504,0.975559,0.990013,-0.087757,-0.110329,-0.104294,0.070625,-0.992036,0.094850,0.993635,0.060767,-0.681656,0.070436,0.005677,0.728252,0.004095,0.012070,0.000561,0.001411,0.014327,0.001486,0.110329,0.992036,-0.060767,0.000000,0.000000,0.000000,-1,0.110489,1.006851,-0.060303,-0.018066,0.020030,-0.010588,27.775146,245.405594,-575.163208,0,0
2.840000,1.067891,-1.444442,0.975594,0.989960,-0.088250,-0.110415,-0.104347,0.070655,-0.992028,0.095348,0.993589,0.060737,-0.681646,0.070637,0.005526,0.728243,0.000939,0.010010,0.000617,0.001462,0.015098,0.000084,0.110415,0.992028,-0.060737,0.000000,0.000000,0.000000,-1,0.111313,1.004211,-0.059601,-0.021270,0.017902,-0.011621,28.829895,245.757172,-576.168762,0,0
2.880000,1.068404,-1.444540,0.975769,0.989935,-0.088593,-0.110362,-0.104279,0.070583,-0.992040,0.095677,0.993564,0.060634,-0.681674,0.070735,0.005385,0.728209,0.000927,0.006823,-0.000437,-0.000880,0.014735,0.000423,0.110362,0.992040,-0.060634,0.000000,0.000000,0.000000,-1,0.110962,1.005692,-0.059372,-0.019143,0.016843,-0.011633,28.126724,246.460342,-575.163208,0,0
2.920000,1.068907,-1.444585,0.976078,0.989919,-0.088789,-0.110353,-0.104264,0.070525,-0.992046,0.095865,0.993551,0.060557,-0.681696,0.070799,0.005313,0.728183,0.000925,0.004724,0.001701,0.000609,0.013646,0.001185,0.110353,0.992046,-0.060557,0.000000,0.000000,0.000000,-1,0.110657,1.006424,-0.060852,-0.020221,0.012606,-0.011609,27.423553,246.811935,-574.828064,0,0
2.960000,1.068417,-1.444665,0.975545,0.989926,-0.088834,-0.110253,-0.104161,0.070536,-0.992056,0.095905,0.993546,0.060573,-0.681692,0.070778,0.005262,0.728189,-0.000122,-0.001592,0.000686,-0.000238,0.014048,-0.001439,0.110253,0.992056,-0.060573,0.000000,0.000000,0.000000,-1,0.110870,1.004333,-0.062134,-0.023437,0.005193,-0.011556,27.423553,245.405594,-573.822510,0,0
3.000000,1.067950,-1.444676,0.975283,0.989948,-0.088630,-0.110215,-0.104133,0.070558,-0.992057,0.095702,0.993562,0.060619,-0.681684,0.070694,0.005322,0.728204,-0.000129,-0.004759,0.001763,0.000655,0.012047,-0.001469,0.110215,0.992057,-0.060619,0.000000,0.000000,0.000000,-1,0.112625,1.006195,-0.060394,-0.019175,0.006251,-0.011593,26.544601,246.284561,-575.330811,0,0
3.040000,1.067933,-1.444579,0.975412,0.989952,-0.088480,-0.110299,-0.104222,0.070598,-0.992045,0.095563,0.993573,0.060667,-0.681668,0.070673,0.005404,0.728220,-0.000131,-0.003720,-0.000371,0.002357,0.013555,-0.002473,0.110299,0.992045,-0.060667,0.000000,0.000000,0.000000,-1,0.113022,1.006714,-0.063080,-0.021307,0.006242,-0.012642,27.775146,245.054016,-575.163208,0,0
3.080000,1.067872,-1.444496,0.975498,0.989958,-0.088330,-0.110367,-0.104296,0.070635,-0.992035,0.095422,0.993584,0.060714,-0.681654,0.070647,0.005481,0.728235,-0.002260,-0.002670,-0.001424,0.001220,0.012528,-0.002351,0.110367,0.992035,-0.060714,0.000000,0.000000,0.000000,-1,0.110321,1.005554,-0.062668,-0.023434,0.007302,-0.012630,27.423553,245.405594,-575.833557,0,0
3.120000,1.067416,-1.444491,0.975171,0.989972,-0.088200,-0.110344,-0.104278,0.070672,-0.992034,0.095295,0.993593,0.060766,-0.681640,0.070593,0.005519,0.728253,-0.000096,-0.005770,0.001785,-0.000283,0.013566,-0.001734,0.110344,0.992034,-0.060766,0.000000,0.000000,0.000000,-1,0.112106,1.004715,-0.062057,-0.021312,0.003084,-0.010500,29.533066,246.811935,-574.828064,0,0
3.160000,1.066636,-1.444491,0.974603,0.989996,-0.087987,-0.110296,-0.104237,0.070731,-0.992034,0.095088,0.993607,0.060852,-0.681618,0.070503,0.005578,0.728282,-0.001169,-0.006849,-0.000334,0.001810,0.012681,-0.001205,0.110296,0.992034,-0.060852,0.000000,0.000000,0.000000,-1,0.110092,1.007263,-0.061813,-0.019197,0.000936,-0.013704,27.950928,246.636139,-574.995605,0,0
3.200000,1.065716,-1.444518,0.974205,0.990051,-0.087468,-0.110217,-0.104187,0.070758,-0.992038,0.094571,0.993651,0.060941,-0.681607,0.070295,0.005739,0.728311,-0.006492,-0.004749,-0.002431,0.004102,0.016202,-0.004107,0.110217,0.992037,-0.060941,0.000000,0.000000,0.000000,-1,0.119217,1.007019,-0.064087,-0.027701,0.007273,-0.015792,29.357269,245.229797,-575.666016,0,0
3.240000,1.067446,-1.444385,0.975919,0.990025,-0.087483,-0.110438,-0.104417,0.070653,-0.992021,0.094588,0.993657,0.060814,-0.681645,0.070381,0.005813,0.728267,-0.007527,0.004784,-0.002457,0.007299,0.014495,-0.001885,0.110438,0.992021,-0.060814,0.000000,0.000000,0.000000,-1,0.119766,1.007217,-0.064240,-0.025518,0.022130,-0.012669,28.478302,246.460342,-576.168762,0,0
3.280000,1.068972,-1.444158,0.977135,0.989967,-0.087781,-0.110728,-0.104690,0.070652,-0.991992,0.094901,0.993631,0.060753,-0.681645,0.070591,0.005805,0.728247,-0.001098,0.015404,0.000651,0.009038,0.015225,-0.003486,0.110728,0.991992,-0.060753,0.000000,0.000000,0.000000,-1,0.109207,1.011063,-0.062347,-0.013769,0.033788,-0.011738,28.478302,246.460342,-575.498413,0,0
3.320000,1.068244,-1.444003,0.975372,0.989866,-0.088793,-0.110818,-0.104692,0.070923,-0.991973,0.095940,0.993522,0.060908,-0.681549,0.070973,0.005458,0.728302,0.005362,0.032355,-0.003709,-0.001611,0.019090,-0.001439,0.110818,0.991973,-0.060908,0.000000,0.000000,0.000000,-1,0.107819,1.025024,-0.064224,-0.029687,0.063309,-0.026640,28.302521,246.987717,-574.660461,0,0
3.360000,1.068590,-1.445548,0.972500,0.989713,-0.092076,-0.109496,-0.103222,0.070360,-0.992167,0.099058,0.993263,0.060132,-0.681766,0.071615,0.003828,0.728046,-0.020084,0.091407,-0.032499,-0.000106,0.046896,-0.003863,0.109496,0.992167,-0.060132,0.000000,0.000000,0.000000,-1,0.106232,1.028076,-0.057663,-0.035032,0.078942,-0.054356,28.829895,246.108765,-576.168762,0,0
3.400000,1.068698,-1.447821,0.969816,0.989655,-0.094978,-0.107526,-0.101173,0.069362,-0.992448,0.101719,0.993060,0.059035,-0.682140,0.071888,0.002128,0.727676,-0.007439,0.060551,-0.047399,-0.005841,0.026534,0.005080,0.107526,0.992448,-0.059035,0.000000,0.000000,0.000000,-1,0.098587,1.007996,-0.050583,-0.021143,0.105298,-0.067346,28.126724,245.405594,-575.833557,0,0
3.440000,1.059768,-1.450848,0.956236,0.989525,-0.099733,-0.104373,-0.097766,0.068996,-0.992815,0.106218,0.992619,0.058523,-0.682277,0.072368,-0.000676,0.727503,0.029921,0.092245,-0.057388,-0.008136,-0.001940,0.001516,0.104373,0.992815,-0.058523,0.000000,0.000000,0.000000,-1,0.101639,0.982681,-0.064880,0.017175,0.101052,-0.067627,28.829895,246.108765,-574.828064,0,0
3.480000,1.043140,-1.451411,0.936572,0.989373,-0.102722,-0.102903,-0.095940,0.070574,-0.992882,0.109253,0.992203,0.059969,-0.681695,0.072856,-0.002329,0.727997,0.053400,0.102909,-0.049087,-0.000745,-0.012108,-0.012724,0.102903,0.992882,-0.059969,0.000000,0.000000,0.000000,-1,0.104095,0.992218,-0.077225,0.034234,0.100087,-0.057103,29.005692,246.284561,-575.330811,0,0
3.520000,1.015861,-1.451194,0.905632,0.989154,-0.106258,-0.101412,-0.093880,0.073641,-0.992856,0.112967,0.991608,0.062867,-0.680560,0.073520,-0.004245,0.728982,0.057597,0.079616,-0.047967,0.002836,0.003650,-0.013061,0.101412,0.992856,-0.062867,0.000000,0.000000,0.000000,-1,0.100983,1.014145,-0.068741,0.020372,0.095825,-0.060175,27.775146,247.163513,-575.833557,0,0
3.560000,0.995226,-1.452447,0.880005,0.988846,-0.111228,-0.099050,-0.091004,0.075230,-0.993005,0.117902,0.990943,0.064269,-0.679954,0.074355,-0.006931,0.729443,0.017227,0.119755,-0.060589,0.001032,0.026389,0.000731,0.099050,0.993005,-0.064269,0.000000,0.000000,0.000000,-1,0.102844,1.012894,-0.064941,-0.009358,0.138030,-0.078213,27.423553,245.054016,-576.168762,0,0
3.600000,0.988692,-1.453960,0.869347,0.988537,-0.115387,-0.097372,-0.089049,0.075226,-0.993182,0.121925,0.990468,0.064088,-0.679931,0.075168,-0.009028,0.729358,0.001317,0.144038,-0.072267,0.005213,0.012494,-0.001982,0.097372,0.993182,-0.064088,0.000000,0.000000,0.000000,-1,0.107666,0.993912,-0.074112,-0.028459,0.166553,-0.086695,29.357269,245.581390,-575.666016,0,0
3.640000,0.983681,-1.455394,0.859635,0.988121,-0.120113,-0.095864,-0.087236,0.075158,-0.993349,0.126519,0.989911,0.063787,-0.679922,0.076240,-0.011271,0.729223,-0.012476,0.164116,-0.077560,0.011802,0.000563,-0.010325,0.095864,0.993348,-0.063787,0.000000,0.000000,0.000000,-1,0.104095,0.993988,-0.072739,-0.035872,0.187649,-0.096304,26.544601,245.581390,-573.319763,0,0
3.680000,0.976405,-1.457298,0.845294,0.987429,-0.127199,-0.093830,-0.084733,0.075146,-0.993566,0.133431,0.989026,0.063423,-0.679864,0.077932,-0.014562,0.729040,0.004590,0.174683,-0.079859,0.010265,0.000422,-0.009316,0.093830,0.993566,-0.063423,0.000000,0.000000,0.000000,-1,0.094269,1.009171,-0.065689,0.001437,0.204556,-0.099853,27.599350,245.932968,-574.995605,0,0
3.720000,0.953283,-1.460448,0.811591,0.986381,-0.137804,-0.089787,-0.079883,0.075804,-0.993918,0.143772,0.987554,0.063763,-0.679488,0.080092,-0.019863,0.729032,0.047392,0.238299,-0.071910,-0.019139,0.011728,0.006940,0.089787,0.993918,-0.063763,0.000000,0.000000,0.000000,-1,0.077454,1.010513,-0.053909,0.037042,0.331960,-0.066516,30.412018,246.284561,-575.666016,0,0
3.760000,0.943127,-1.461764,0.791995,0.985180,-0.147181,-0.088076,-0.077451,0.076436,-0.994062,0.153039,0.986152,0.063904,-0.679125,0.082692,-0.023914,0.728958,0.053189,0.376213,-0.047972,-0.005694,0.012927,0.021103,0.088076,0.994062,-0.063904,0.000000,0.000000,0.000000,-1,0.099319,0.989029,-0.046188,0.002389,0.478287,-0.049751,27.950928,245.932968,-576.001160,0,0
3.800000,0.982357,-1.462064,0.805821,0.980914,-0.172219,-0.090266,-0.078285,0.075151,-0.994095,0.177985,0.982188,0.060234,-0.679251,0.092198,-0.032285,0.727375,-0.118001,0.340442,0.086662,-0.013133,0.011612,-0.035942,0.090266,0.994094,-0.060234,0.000000,0.000000,0.000000,-1,0.056915,0.996140,-0.139404,-0.176672,0.289126,0.107884,28.478302,245.757172,-575.498413,0,0
3.840000,1.053707,-1.461662,0.870618,0.979331,-0.178735,-0.094678,-0.083292,0.070182,-0.994051,0.184317,0.981391,0.053844,-0.681048,0.096185,-0.032905,0.725148,-0.245118,0.148331,0.155483,-0.037045,0.010985,-0.108098,0.094678,0.994051,-0.053844,0.000000,0.000000,0.000000,-1,0.071564,1.040070,-0.165680,-0.327222,0.116888,0.149114,27.247757,245.581390,-574.660461,0,0
3.880000,1.154669,-1.462049,0.970249,0.978585,-0.180323,-0.099271,-0.089543,0.061332,-0.994093,0.185346,0.981693,0.043872,-0.684358,0.098584,-0.031444,0.721767,-0.354240,0.000862,0.127053,-0.027708,0.045977,-0.121808,0.099271,0.994093,-0.043872,0.000000,0.000000,0.000000,-1,0.092941,1.016617,-0.076645,-0.295970,-0.029158,0.048213,28.478302,246.108765,-575.163208,0,0
3.920000,1.246307,-1.464807,1.065615,0.979065,-0.177136,-0.100270,-0.092576,0.051199,-0.994388,0.181276,0.982854,0.033729,-0.688138,0.097986,-0.029429,0.718330,0.032546,-0.110011,-0.058762,-0.038976,-0.014973,-0.042107,0.100270,0.994388,-0.033729,0.000000,0.000000,0.000000,-1,0.026413,0.999542,-0.105728,0.067460,-0.151262,-0.091574,29.181473,245.757172,-575.498413,0,0
3.960000,1.203102,-1.466007,1.026731,0.980107,-0.172809,-0.097606,-0.089495,0.054142,-0.994515,0.177146,0.983466,0.037599,-0.687089,0.095440,-0.028941,0.719696,0.141020,-0.127270,-0.090433,-0.054012,0.040291,-0.100645,0.097606,0.994515,-0.037599,0.000000,0.000000,0.000000,-1,0.105789,1.058655,-0.131882,0.114818,-0.042562,-0.018841,29.708847,245.581390,-573.990112,0,0
4.000000,1.142768,-1.464603,0.968226,0.980584,-0.170753,-0.096431,-0.087326,0.060073,-0.994367,0.175584,0.983481,0.043996,-0.684930,0.094199,-0.028891,0.721916,0.151146,-0.066651,0.050946,0.009358,0.064288,-0.087886,0.096431,0.994367,-0.043996,0.000000,0.000000,0.000000,-1,0.054794,0.933350,-0.119568,0.162836,-0.101881,0.096063,29.181473,245.405594,-575.498413,0,0
4.040000,1.081632,-1.457327,0.911372,0.981054,-0.165961,-0.099948,-0.089488,0.069369,-0.993569,0.171827,0.983689,0.053204,-0.681631,0.093690,-0.026363,0.725194,0.210735,-0.128614,0.109307,-0.045153,-0.060220,-0.066364,0.099948,0.993569,-0.053204,0.000000,0.000000,0.000000,-1,0.021667,0.924316,-0.120239,0.238374,-0.086407,0.052807,29.181473,245.757172,-574.828064,0,0
4.080000,0.954279,-1.447106,0.786608,0.981563,-0.162484,-0.100662,-0.087345,0.087134,-0.992360,0.170014,0.982856,0.071335,-0.675110,0.092514,-0.025682,0.731443,0.500485,0.001638,-0.001018,-0.102798,-0.088399,-0.038970,0.100662,0.992360,-0.071335,0.000000,0.000000,0.000000,-1,0.061722,0.799866,-0.146362,0.791101,-0.005415,0.002408,30.412018,243.471878,-575.666016,0,0
4.120000,0.819868,-1.432279,0.651446,0.981605,-0.162058,-0.100941,-0.083720,0.109798,-0.990422,0.171589,0.980654,0.094211,-0.666632,0.092172,-0.026495,0.739191,0.961446,-0.055287,0.037168,0.017269,-0.220295,-0.091198,0.100941,0.990422,-0.094211,0.000000,0.000000,0.000000,-1,0.393707,0.867355,-0.315536,1.254471,0.007820,0.068011,27.423553,243.999252,-576.168762,0,0
4.160000,0.628668,-1.391041,0.458808,0.981412,-0.160548,-0.105140,-0.079182,0.160299,-0.983887,0.174815,0.973924,0.144607,-0.647400,0.092574,-0.026906,0.756029,1.418675,-0.054746,0.218986,0.363762,-0.001313,-0.171128,0.105140,0.983887,-0.144607,0.000000,0.000000,0.000000,-1,0.462097,1.335251,0.015182,1.239426,-0.432561,0.551304,29.884644,244.350845,-576.503906,0,0
4.200000,0.565835,-1.329986,0.417608,0.982760,-0.133544,-0.127859,-0.096726,0.217995,-0.971145,0.157564,0.966770,0.201319,-0.625189,0.092080,-0.011878,0.774931,0.729624,-0.409192,0.589998,0.278253,0.324830,0.208170,0.127859,0.971145,-0.201319,0.000000,0.000000,0.000000,-1,0.271301,1.124451,-0.178116,0.383826,0.205816,0.387225,29.708847,243.120300,-579.017761,0,0
4.240000,0.582279,-1.311671,0.431410,0.980964,-0.133621,-0.140911,-0.107145,0.232758,-0.966615,0.161958,0.963312,0.214010,-0.619313,0.097191,-0.008496,0.779059,0.278823,0.398443,0.296438,0.130390,0.157836,0.035894,0.140911,0.966615,-0.214010,0.000000,0.000000,0.000000,-1,0.271881,0.915024,-0.240387,0.013512,0.487374,0.131234,29.708847,243.471878,-579.352905,0,0
4.280000,0.623766,-1.306676,0.451228,0.976320,-0.153456,-0.152484,-0.113841,0.234932,-0.965322,0.183958,0.959822,0.211899,-0.618363,0.108066,-0.012724,0.778323,0.030640,0.215039,0.053002,0.055584,-0.098043,-0.071976,0.152484,0.965322,-0.211899,0.000000,0.000000,0.000000,-1,0.142761,0.888290,-0.267456,0.033649,0.180410,0.038480,29.357269,241.713959,-578.682556,0,0
