0.000000,1.407486,-1.164252,1.046785,0.866018,-0.312690,-0.390176,-0.342377,0.197860,-0.918493,0.364404,0.929019,0.064292,-0.633219,0.258626,0.010175,0.729413,0.001514,-0.007842,-0.001284,0.005851,0.010401,-0.000329,0.390176,0.918493,-0.064292,0.000000,0.000000,0.000000,-1,0.401093,0.928497,-0.065659,-0.019197,-0.000113,-0.012635,30.763611,244.175049,-524.719116,0,0
0.040000,1.406689,-1.163838,1.046419,0.866054,-0.312186,-0.390500,-0.342634,0.198176,-0.918329,0.364077,0.929121,0.064665,-0.633090,0.258581,0.010434,0.729537,0.001496,-0.012045,0.000814,0.008670,0.010641,-0.003145,0.390500,0.918329,-0.064665,0.000000,0.000000,0.000000,-1,0.397629,0.929657,-0.066193,-0.020260,-0.001153,-0.010492,30.939392,244.702423,-522.875671,0,0
0.080000,1.405701,-1.163640,1.045955,0.866202,-0.311631,-0.390615,-0.342699,0.198426,-0.918251,0.363663,0.929254,0.065081,-0.632988,0.258429,0.010645,0.729676,0.004700,-0.008869,0.000779,0.005747,0.011360,-0.001646,0.390615,0.918251,-0.065081,0.000000,0.000000,0.000000,-1,0.399567,0.927399,-0.067932,-0.019182,0.003084,-0.010516,30.236221,243.999252,-524.551514,0,0
0.120000,1.405146,-1.163436,1.045596,0.866223,-0.311386,-0.390764,-0.342790,0.198643,-0.918170,0.363528,0.929290,0.065329,-0.632900,0.258404,0.010758,0.729759,0.003643,-0.005701,-0.000289,0.006926,0.010129,-0.003763,0.390764,0.918170,-0.065329,0.000000,0.000000,0.000000,-1,0.397842,0.927933,-0.066788,-0.019179,0.004143,-0.010520,30.236221,244.350845,-523.210815,0,0
0.160000,1.404608,-1.163262,1.045229,0.866245,-0.311170,-0.390887,-0.342856,0.198849,-0.918101,0.363413,0.929318,0.065565,-0.632817,0.258379,0.010854,0.729839,0.002578,-0.005701,-0.000280,0.009855,0.012060,-0.002428,0.390886,0.918101,-0.065565,0.000000,0.000000,0.000000,-1,0.399246,0.930588,-0.066177,-0.019182,0.004133,-0.011585,31.642563,244.350845,-524.551514,0,0
0.200000,1.403966,-1.163048,1.044743,0.866255,-0.310952,-0.391038,-0.342929,0.199114,-0.918016,0.363320,0.929334,0.065849,-0.632711,0.258365,0.010952,0.729935,0.004717,0.000664,-0.000345,0.005797,0.013060,0.000450,0.391038,0.918016,-0.065849,0.000000,0.000000,0.000000,-1,0.398712,0.930664,-0.069046,-0.015969,0.009438,-0.010565,31.290985,245.757172,-523.546021,0,0
0.240000,1.403587,-1.162913,1.044296,0.866208,-0.310961,-0.391135,-0.342947,0.199330,-0.917962,0.363415,0.929285,0.066018,-0.632626,0.258410,0.010954,0.729992,0.004728,0.001753,0.002848,0.005547,0.011512,-0.000984,0.391135,0.917962,-0.066018,0.000000,0.000000,0.000000,-1,0.398849,0.930634,-0.069077,-0.015959,0.012615,-0.010577,30.412018,244.526642,-524.048767,0,0
0.280000,1.403201,-1.162686,1.043794,0.866115,-0.310993,-0.391315,-0.343027,0.199607,-0.917872,0.363561,0.929215,0.066204,-0.632516,0.258499,0.010970,0.730056,0.006861,0.003861,0.001759,0.008084,0.010488,-0.000935,0.391315,0.917872,-0.066203,0.000000,0.000000,0.000000,-1,0.397736,0.929672,-0.066162,-0.015950,0.015793,-0.010589,30.060440,245.229797,-524.048767,0,0
0.320000,1.402821,-1.162577,1.043036,0.865981,-0.311274,-0.391388,-0.342962,0.199917,-0.917829,0.363942,0.929054,0.066369,-0.632395,0.258634,0.010850,0.730114,0.004733,0.005960,-0.000363,0.005874,0.011950,-0.000632,0.391388,0.917829,-0.066369,0.000000,0.000000,0.000000,-1,0.395187,0.932297,-0.070450,-0.017014,0.015793,-0.010580,30.236221,244.702423,-523.546021,0,0
0.360000,1.402417,-1.162658,1.042307,0.865929,-0.311545,-0.391288,-0.342752,0.200129,-0.917861,0.364264,0.928917,0.066515,-0.632314,0.258692,0.010685,0.730167,0.005789,0.008084,-0.000426,0.002098,0.013383,0.000261,0.391288,0.917861,-0.066515,0.000000,0.000000,0.000000,-1,0.399124,0.929962,-0.070206,-0.015946,0.017901,-0.011662,29.884644,245.054016,-523.546021,0,0
0.400000,1.401918,-1.162584,1.041435,0.865814,-0.311823,-0.391321,-0.342636,0.200462,-0.917832,0.364647,0.928752,0.066721,-0.632185,0.258808,0.010549,0.730239,0.006851,0.007024,-0.000431,0.002966,0.012649,-0.000845,0.391321,0.917832,-0.066721,0.000000,0.000000,0.000000,-1,0.395264,0.932739,-0.066879,-0.015941,0.016871,-0.008462,29.708847,245.581390,-523.043213,0,0
0.440000,1.401526,-1.162565,1.040698,0.865721,-0.312093,-0.391313,-0.342503,0.200724,-0.917824,0.364992,0.928605,0.066878,-0.632084,0.258904,0.010410,0.730295,0.005801,0.009172,0.002765,0.003722,0.011756,-0.001329,0.391313,0.917824,-0.066878,0.000000,0.000000,0.000000,-1,0.395004,0.927246,-0.070587,-0.014869,0.020039,-0.009548,30.587814,245.405594,-524.551514,0,0
0.480000,1.401088,-1.162461,1.039969,0.865618,-0.312297,-0.391377,-0.342439,0.201022,-0.917783,0.365296,0.928472,0.067065,-0.631967,0.259007,0.010317,0.730360,0.006859,0.006004,0.003833,0.003993,0.012087,-0.002896,0.391377,0.917783,-0.067065,0.000000,0.000000,0.000000,-1,0.392441,0.931656,-0.066086,-0.015960,0.011566,-0.009507,30.060440,246.284561,-524.048767,0,0
0.520000,1.400597,-1.162622,1.039370,0.865664,-0.312391,-0.391199,-0.342192,0.201152,-0.917847,0.365418,0.928412,0.067232,-0.631918,0.258967,0.010200,0.730419,0.003621,0.000681,0.000645,0.003576,0.013275,0.000857,0.391199,0.917847,-0.067232,0.000000,0.000000,0.000000,-1,0.393555,0.931915,-0.067017,-0.022351,0.010508,-0.009454,28.654099,245.581390,-523.378418,0,0
0.560000,1.400946,-1.162522,1.039586,0.865571,-0.312509,-0.391313,-0.342313,0.201124,-0.917808,0.365525,0.928379,0.067111,-0.631929,0.259057,0.010202,0.730378,0.001492,-0.000357,0.002796,0.006606,0.011529,-0.001355,0.391313,0.917807,-0.067111,0.000000,0.000000,0.000000,-1,0.397171,0.929108,-0.069443,-0.021290,0.008400,-0.008389,29.884644,246.108765,-522.540466,0,0
0.600000,1.400711,-1.162430,1.039389,0.865564,-0.312443,-0.391381,-0.342347,0.201235,-0.917771,0.365511,0.928377,0.067218,-0.631884,0.259062,0.010235,0.730414,0.001492,-0.001407,0.003865,0.004722,0.010925,-0.003537,0.391381,0.917771,-0.067218,0.000000,0.000000,0.000000,-1,0.394073,0.929382,-0.069611,-0.020235,0.006271,-0.009454,30.412018,245.581390,-524.719116,0,0
0.640000,1.400060,-1.162342,1.038974,0.865642,-0.312181,-0.391416,-0.342332,0.201418,-0.917736,0.365338,0.928425,0.067486,-0.631811,0.258983,0.010319,0.730504,0.003603,-0.007762,0.003872,0.005420,0.011768,-0.000370,0.391416,0.917736,-0.067486,0.000000,0.000000,0.000000,-1,0.397629,0.927612,-0.064133,-0.022365,0.004173,-0.007299,30.939392,243.647675,-524.886719,0,0
0.680000,1.399890,-1.161910,1.039047,0.865581,-0.311874,-0.391795,-0.342689,0.201594,-0.917564,0.365148,0.928491,0.067620,-0.631737,0.259033,0.010545,0.730547,0.003586,-0.005633,0.004898,0.005345,0.011254,0.001672,0.391795,0.917564,-0.067620,0.000000,0.000000,0.000000,-1,0.398026,0.929703,-0.066757,-0.019159,0.007360,-0.006271,30.060440,245.581390,-523.378418,0,0
0.720000,1.399676,-1.161661,1.039013,0.865565,-0.311654,-0.392006,-0.342880,0.201721,-0.917465,0.365008,0.928537,0.067743,-0.631684,0.259043,0.010685,0.730587,0.002514,-0.007750,0.004915,0.006355,0.015412,-0.001288,0.392006,0.917465,-0.067743,0.000000,0.000000,0.000000,-1,0.395584,0.929489,-0.066284,-0.018110,0.002064,-0.006259,30.060440,244.175049,-524.719116,0,0
0.760000,1.399407,-1.161591,1.038889,0.865601,-0.311499,-0.392051,-0.342909,0.201796,-0.917437,0.364895,0.928572,0.067859,-0.631654,0.259006,0.010748,0.730626,0.004646,-0.005642,0.003825,0.004373,0.013089,0.000354,0.392051,0.917437,-0.067859,0.000000,0.000000,0.000000,-1,0.400208,0.930283,-0.068222,-0.019169,0.003133,-0.005190,29.533066,244.702423,-525.221924,0,0
0.800000,1.398879,-1.161146,1.038558,0.865540,-0.311206,-0.392418,-0.343195,0.202117,-0.917260,0.364771,0.928601,0.068136,-0.631523,0.259057,0.010944,0.730718,0.004652,-0.004573,0.004887,0.006096,0.013389,-0.001459,0.392417,0.917260,-0.068136,0.000000,0.000000,0.000000,-1,0.397232,0.926605,-0.068375,-0.019159,0.007360,-0.006271,30.763611,244.175049,-523.378418,0,0
0.840000,1.398616,-1.160912,1.038353,0.865493,-0.311092,-0.392611,-0.343338,0.202296,-0.917167,0.364747,0.928600,0.068276,-0.631451,0.259098,0.011032,0.730764,0.007819,-0.004556,0.005900,0.006132,0.012856,0.001259,0.392611,0.917167,-0.068276,0.000000,0.000000,0.000000,-1,0.398712,0.929489,-0.067688,-0.014900,0.007359,-0.006304,30.236221,245.405594,-523.881165,0,0
0.880000,1.398309,-1.160629,1.038002,0.865400,-0.311056,-0.392846,-0.343491,0.202549,-0.917054,0.364825,0.928557,0.068441,-0.631350,0.259185,0.011095,0.730820,0.007836,0.000750,0.006946,0.007392,0.011962,0.003850,0.392846,0.917054,-0.068441,0.000000,0.000000,0.000000,-1,0.399002,0.927917,-0.070312,-0.013814,0.012674,-0.004202,32.169937,245.581390,-524.383972,0,0
0.920000,1.397913,-1.160176,1.037358,0.865191,-0.311154,-0.393228,-0.343718,0.202981,-0.916873,0.365107,0.928430,0.068668,-0.631178,0.259385,0.011138,0.730897,0.009971,0.001819,0.007991,0.005698,0.012784,0.002948,0.393228,0.916873,-0.068668,0.000000,0.000000,0.000000,-1,0.397446,0.928467,-0.070358,-0.012752,0.011614,-0.004206,30.939392,244.350845,-524.551514,0,0
0.960000,1.397443,-1.159894,1.036741,0.865075,-0.311196,-0.393450,-0.343815,0.203325,-0.916761,0.365290,0.928341,0.068897,-0.631041,0.259496,0.011156,0.730975,0.011036,0.003917,0.005844,0.006055,0.011035,0.001713,0.393450,0.916761,-0.068897,0.000000,0.000000,0.000000,-1,0.397461,0.930344,-0.066971,-0.010619,0.013722,-0.005296,30.412018,244.526642,-523.378418,0,0
1.000000,1.397291,-1.159786,1.036386,0.864983,-0.311340,-0.393537,-0.343828,0.203497,-0.916718,0.365495,0.928254,0.068974,-0.630974,0.259586,0.011111,0.731002,0.008872,0.003915,0.004774,0.004763,0.014481,0.001790,0.393537,0.916718,-0.068974,0.000000,0.000000,0.000000,-1,0.397736,0.930069,-0.071609,-0.013820,0.011605,-0.005263,30.763611,245.932968,-522.708069,0,0
1.040000,1.396621,-1.159517,1.035456,0.864848,-0.311468,-0.393733,-0.343850,0.203942,-0.916610,0.365794,0.928114,0.069281,-0.630798,0.259718,0.011073,0.731107,0.007812,0.003935,0.006912,0.004018,0.010773,-0.002680,0.393733,0.916610,-0.069281,0.000000,0.000000,0.000000,-1,0.398132,0.931366,-0.069077,-0.011690,0.011604,-0.005279,30.763611,244.526642,-524.719116,0,0
1.080000,1.396223,-1.159308,1.034967,0.864770,-0.311480,-0.393894,-0.343916,0.204208,-0.916527,0.365916,0.928051,0.069471,-0.630692,0.259792,0.011090,0.731172,0.007801,-0.001341,0.009062,0.006511,0.016243,0.001401,0.393894,0.916527,-0.069471,0.000000,0.000000,0.000000,-1,0.399475,0.931488,-0.065369,-0.018071,0.010586,-0.000965,31.290985,245.054016,-523.210815,0,0
1.120000,1.396544,-1.159104,1.035068,0.864615,-0.311649,-0.394101,-0.344097,0.204269,-0.916445,0.366112,0.927981,0.069377,-0.630668,0.259941,0.011095,0.731140,0.005688,0.008153,0.004781,0.004260,0.011778,0.001536,0.394101,0.916445,-0.069377,0.000000,0.000000,0.000000,-1,0.394958,0.928818,-0.070847,-0.013801,0.017960,-0.005287,31.290985,244.702423,-524.551514,0,0
1.160000,1.395554,-1.158997,1.033858,0.864564,-0.311755,-0.394129,-0.343934,0.204735,-0.916402,0.366385,0.927843,0.069784,-0.630485,0.259994,0.011001,0.731280,0.009866,-0.004565,0.003709,0.003516,0.009654,0.001546,0.394129,0.916402,-0.069784,0.000000,0.000000,0.000000,-1,0.397644,0.926056,-0.068237,-0.011716,0.003131,-0.005247,31.115189,244.526642,-524.719116,0,0
1.200000,1.395151,-1.158853,1.033589,0.864579,-0.311585,-0.394230,-0.343992,0.204895,-0.916345,0.366295,0.927865,0.069966,-0.630420,0.259976,0.011078,0.731341,0.008795,-0.008771,0.006928,0.004467,0.014091,0.002445,0.394230,0.916345,-0.069966,0.000000,0.000000,0.000000,-1,0.401352,0.930420,-0.070145,-0.014913,0.002073,-0.005219,29.181473,245.757172,-523.881165,0,0
1.240000,1.393869,-1.158503,1.032515,0.864595,-0.311253,-0.394457,-0.344048,0.205430,-0.916204,0.366205,0.927858,0.070527,-0.630206,0.259955,0.011207,0.731531,0.010930,-0.004565,0.003700,0.006529,0.009211,-0.005461,0.394457,0.916204,-0.070527,0.000000,0.000000,0.000000,-1,0.407349,0.925064,-0.076538,-0.015982,-0.000035,-0.004137,29.884644,247.163513,-525.221924,0,0
1.280000,1.392395,-1.157696,1.031423,0.864523,-0.310666,-0.395079,-0.344457,0.206185,-0.915881,0.365992,0.927887,0.071240,-0.629900,0.260011,0.011544,0.731770,0.009853,-0.015088,0.011208,0.009797,0.012739,-0.004291,0.395079,0.915881,-0.071240,0.000000,0.000000,0.000000,-1,0.404449,0.926193,-0.075256,-0.011721,-0.002125,-0.000966,29.181473,246.108765,-522.875671,0,0
1.320000,1.391286,-1.157084,1.030566,0.864455,-0.310253,-0.395552,-0.344761,0.206768,-0.915635,0.365866,0.927895,0.071778,-0.629664,0.260065,0.011786,0.731950,0.011973,-0.004505,0.010069,0.011751,0.009582,-0.003203,0.395552,0.915635,-0.071778,0.000000,0.000000,0.000000,-1,0.408508,0.922546,-0.075073,-0.008509,0.002130,0.001123,30.587814,245.757172,-522.875671,0,0
1.360000,1.389925,-1.156032,1.029447,0.864249,-0.309743,-0.396401,-0.345355,0.207650,-0.915211,0.365793,0.927869,0.072490,-0.629307,0.260246,0.012159,0.732186,0.011959,-0.010840,0.012226,0.008323,0.009426,-0.000340,0.396401,0.915211,-0.072490,0.000000,0.000000,0.000000,-1,0.401672,0.923950,-0.078247,-0.008502,0.005298,0.000046,31.642563,244.350845,-524.216370,0,0
1.400000,1.388153,-1.155042,1.027997,0.864111,-0.309150,-0.397162,-0.345829,0.208618,-0.914812,0.365669,0.927850,0.073356,-0.628915,0.260360,0.012519,0.732476,0.005566,-0.010859,0.010146,0.007181,0.010954,-0.000084,0.397162,0.914812,-0.073356,0.000000,0.000000,0.000000,-1,0.403748,0.926682,-0.078568,-0.013841,0.001053,-0.000962,29.708847,244.175049,-523.713623,0,0
1.440000,1.387038,-1.154503,1.027112,0.864063,-0.308768,-0.397565,-0.346066,0.209179,-0.914594,0.365560,0.927850,0.073889,-0.628688,0.260397,0.012727,0.732655,0.006648,-0.005564,0.010119,0.008929,0.009554,-0.004724,0.397565,0.914594,-0.073889,0.000000,0.000000,0.000000,-1,0.404572,0.927765,-0.080612,-0.013826,0.005299,0.000087,29.005692,243.471878,-524.719116,0,0
1.480000,1.386083,-1.154020,1.026327,0.864005,-0.308461,-0.397928,-0.346280,0.209680,-0.914399,0.365494,0.927840,0.074350,-0.628485,0.260444,0.012902,0.732809,0.007668,-0.006610,0.011162,0.006643,0.013366,-0.006262,0.397928,0.914399,-0.074350,0.000000,0.000000,0.000000,-1,0.407303,0.923798,-0.075607,-0.011705,0.003170,-0.000986,30.587814,245.054016,-523.881165,0,0
1.520000,1.385324,-1.152956,1.025834,0.863768,-0.307963,-0.398828,-0.347008,0.210354,-0.913967,0.365364,0.927852,0.074832,-0.628208,0.260650,0.013317,0.732966,0.006609,-0.004491,0.011164,0.007453,0.011600,0.003329,0.398828,0.913968,-0.074832,0.000000,0.000000,0.000000,-1,0.403336,0.926865,-0.071686,-0.014886,0.008457,-0.002047,30.763611,244.526642,-524.383972,0,0
1.560000,1.385368,-1.152641,1.025753,0.863619,-0.308009,-0.399114,-0.347237,0.210532,-0.913840,0.365497,0.927797,0.074867,-0.628136,0.260790,0.013380,0.732977,0.006635,0.006081,0.008994,0.005229,0.012842,-0.000099,0.399114,0.913840,-0.074867,0.000000,0.000000,0.000000,-1,0.407333,0.921722,-0.073730,-0.013807,0.014792,-0.004210,30.939392,244.350845,-523.546021,0,0
1.600000,1.384988,-1.152037,1.025190,0.863379,-0.308018,-0.399628,-0.347590,0.211014,-0.913594,0.365730,0.927684,0.075121,-0.627942,0.261015,0.013496,0.733061,0.007677,-0.000283,0.007946,0.008926,0.011867,0.000322,0.399628,0.913594,-0.075121,0.000000,0.000000,0.000000,-1,0.408508,0.926102,-0.071579,-0.012753,0.009516,-0.002067,30.587814,245.054016,-522.875671,0,0
1.640000,1.384877,-1.151619,1.024807,0.863158,-0.308159,-0.399995,-0.347835,0.211345,-0.913424,0.366017,0.927562,0.075236,-0.627809,0.261224,0.013530,0.733099,0.011904,0.007126,0.006794,0.004790,0.013700,0.000315,0.399995,0.913424,-0.075236,0.000000,0.000000,0.000000,-1,0.407211,0.925400,-0.076492,-0.011674,0.016900,-0.005299,30.236221,243.999252,-523.881165,0,0
1.680000,1.384523,-1.151253,1.024161,0.862963,-0.308313,-0.400297,-0.347985,0.211744,-0.913275,0.366335,0.927420,0.075439,-0.627650,0.261410,0.013528,0.733169,0.006577,0.006068,0.006840,0.009600,0.009485,-0.002488,0.400297,0.913275,-0.075439,0.000000,0.000000,0.000000,-1,0.410767,0.923431,-0.073105,-0.013806,0.016891,-0.006348,30.412018,244.878220,-523.713623,0,0
1.720000,1.384841,-1.150858,1.024158,0.862711,-0.308527,-0.400675,-0.348292,0.211932,-0.913114,0.366637,0.927306,0.075378,-0.627575,0.261650,0.013560,0.733148,0.009780,0.010295,0.005735,0.006353,0.011218,0.005463,0.400675,0.913114,-0.075379,0.000000,0.000000,0.000000,-1,0.400223,0.928223,-0.070892,-0.016971,0.028522,-0.008498,30.763611,244.878220,-524.048767,0,0
1.760000,1.385481,-1.151006,1.023970,0.862469,-0.309313,-0.400591,-0.348137,0.211927,-0.913174,0.367353,0.927045,0.075097,-0.627583,0.261897,0.013241,0.733058,0.003407,0.021879,-0.001718,0.003004,0.012927,-0.002158,0.400591,0.913174,-0.075097,0.000000,0.000000,0.000000,-1,0.406021,0.921707,-0.078339,-0.018053,0.025315,-0.011673,30.236221,245.054016,-524.551514,0,0
1.800000,1.385253,-1.151123,1.022984,0.862287,-0.309977,-0.400468,-0.347836,0.212215,-0.913222,0.368063,0.926757,0.075169,-0.627476,0.262087,0.012911,0.733088,0.005450,0.010232,-0.001719,0.000685,0.011445,-0.003292,0.400468,0.913222,-0.075169,0.000000,0.000000,0.000000,-1,0.403320,0.922958,-0.076447,-0.018084,0.016823,-0.013772,31.290985,245.757172,-522.540466,0,0
1.840000,1.384932,-1.151192,1.022488,0.862275,-0.310122,-0.400382,-0.347677,0.212354,-0.913250,0.368242,0.926677,0.075286,-0.627422,0.262104,0.012807,0.733129,0.002236,0.002828,-0.000602,0.005303,0.011188,-0.002839,0.400382,0.913250,-0.075286,0.000000,0.000000,0.000000,-1,0.405502,0.926453,-0.076141,-0.022352,0.013646,-0.013727,30.763611,245.581390,-523.713623,0,0
1.880000,1.385284,-1.151316,1.022321,0.862136,-0.310617,-0.400298,-0.347546,0.212354,-0.913301,0.368692,0.926511,0.075124,-0.627427,0.262247,0.012594,0.733078,0.000128,0.013381,-0.004886,0.007173,0.011641,-0.001826,0.400298,0.913301,-0.075124,0.000000,0.000000,0.000000,-1,0.409042,0.923523,-0.078445,-0.023403,0.019982,-0.015873,29.884644,245.757172,-524.216370,0,0
1.920000,1.385116,-1.151272,1.021904,0.862054,-0.310812,-0.400325,-0.347491,0.212519,-0.913283,0.368936,0.926408,0.075199,-0.627363,0.262330,0.012508,0.733105,0.001171,0.005966,-0.004865,0.005330,0.009981,-0.005032,0.400325,0.913283,-0.075199,0.000000,0.000000,0.000000,-1,0.403427,0.924942,-0.082077,-0.023409,0.014725,-0.011592,29.884644,245.054016,-523.881165,0,0
1.960000,1.384282,-1.151387,1.021066,0.862140,-0.310786,-0.400159,-0.347224,0.212756,-0.913330,0.368986,0.926362,0.075513,-0.627270,0.262251,0.012424,0.733214,0.000103,0.001758,-0.001646,0.005603,0.009415,-0.006579,0.400159,0.913330,-0.075513,0.000000,0.000000,0.000000,-1,0.405533,0.925003,-0.080994,-0.023427,0.009420,-0.012637,30.412018,244.526642,-524.048767,0,0
2.000000,1.383715,-1.151407,1.020658,0.862229,-0.310617,-0.400098,-0.347121,0.212888,-0.913338,0.368874,0.926389,0.075736,-0.627217,0.262165,0.012445,0.733289,-0.003181,-0.005658,-0.002695,0.006961,0.012108,-0.002770,0.400098,0.913338,-0.075736,0.000000,0.000000,0.000000,-1,0.406372,0.924271,-0.079025,-0.026647,0.001997,-0.013650,31.115189,245.581390,-524.719116,0,0
2.040000,1.383715,-1.151453,1.020896,0.862319,-0.310422,-0.400056,-0.347136,0.212783,-0.913357,0.368651,0.926478,0.075728,-0.627257,0.262076,0.012517,0.733285,-0.006375,-0.005657,-0.002670,0.006148,0.010105,-0.000337,0.400056,0.913357,-0.075728,0.000000,0.000000,0.000000,-1,0.407990,0.925598,-0.076431,-0.029825,0.006244,-0.012576,30.587814,243.647675,-525.221924,0,0
2.080000,1.384183,-1.151447,1.021600,0.862363,-0.310246,-0.400097,-0.347291,0.212542,-0.913354,0.368402,0.926592,0.075543,-0.627351,0.262029,0.012631,0.733220,-0.009568,-0.004607,-0.003714,0.008533,0.013419,-0.001072,0.400098,0.913354,-0.075543,0.000000,0.000000,0.000000,-1,0.406113,0.923950,-0.079102,-0.031966,0.005156,-0.015751,30.060440,243.823471,-524.383972,0,0
2.120000,1.384519,-1.151587,1.022173,0.862465,-0.310093,-0.399997,-0.347303,0.212276,-0.913411,0.368152,0.926705,0.075384,-0.627456,0.261929,0.012688,0.733165,-0.007504,-0.003557,-0.005903,0.005368,0.011180,-0.004190,0.399997,0.913411,-0.075384,0.000000,0.000000,0.000000,-1,0.408005,0.924606,-0.077957,-0.031968,0.006195,-0.017886,29.708847,242.768723,-524.383972,0,0
2.160000,1.385288,-1.151764,1.023257,0.862578,-0.309907,-0.399896,-0.347395,0.211815,-0.913483,0.367799,0.926872,0.075047,-0.627638,0.261816,0.012785,0.733048,-0.009631,-0.003547,-0.004820,0.007453,0.011337,-0.000820,0.399896,0.913483,-0.075047,0.000000,0.000000,0.000000,-1,0.406433,0.923279,-0.076828,-0.030898,0.006215,-0.015764,31.290985,243.999252,-524.216370,0,0
2.200000,1.385768,-1.151817,1.023854,0.862604,-0.309849,-0.399884,-0.347480,0.211583,-0.913505,0.367657,0.926945,0.074846,-0.627729,0.261788,0.012835,0.732979,-0.009622,-0.001418,-0.003762,0.009311,0.009774,-0.000243,0.399884,0.913505,-0.074846,0.000000,0.000000,0.000000,-1,0.407745,0.926483,-0.072617,-0.030882,0.011510,-0.015783,30.060440,244.175049,-523.378418,0,0
2.240000,1.387364,-1.152063,1.025246,0.862534,-0.310178,-0.399782,-0.347582,0.210982,-0.913605,0.367727,0.926972,0.074167,-0.627970,0.261859,0.012761,0.732749,-0.007475,0.008075,-0.008075,0.005751,0.010055,-0.000510,0.399782,0.913605,-0.074167,0.000000,0.000000,0.000000,-1,0.408813,0.921570,-0.075592,-0.027682,0.016766,-0.020089,30.587814,245.054016,-523.546021,0,0
2.280000,1.387951,-1.152120,1.025663,0.862466,-0.310374,-0.399775,-0.347625,0.210810,-0.913628,0.367843,0.926945,0.073923,-0.628039,0.261926,0.012711,0.732666,-0.006483,0.005990,-0.005991,0.007513,0.012169,-0.001288,0.399775,0.913628,-0.073923,0.000000,0.000000,0.000000,-1,0.404312,0.927979,-0.074646,-0.029810,0.015727,-0.017938,31.642563,245.405594,-524.551514,0,0
2.320000,1.388423,-1.152413,1.025986,0.862493,-0.310594,-0.399546,-0.347464,0.210559,-0.913747,0.367932,0.926928,0.073685,-0.628142,0.261907,0.012582,0.732587,-0.007553,0.005971,-0.008114,0.005209,0.013896,-0.001434,0.399546,0.913747,-0.073685,0.000000,0.000000,0.000000,-1,0.408127,0.923920,-0.073715,-0.025546,0.019933,-0.021183,30.939392,245.757172,-524.216370,0,0
2.360000,1.389497,-1.152819,1.026475,0.862388,-0.311252,-0.399260,-0.347250,0.210197,-0.913912,0.368380,0.926790,0.073189,-0.628292,0.262021,0.012287,0.732423,-0.001142,0.010245,-0.003918,0.002931,0.015593,0.001198,0.399260,0.913912,-0.073189,0.000000,0.000000,0.000000,-1,0.402069,0.927246,-0.072647,-0.026591,0.022101,-0.015856,29.181473,244.702423,-524.551514,0,0
2.400000,1.390119,-1.153121,1.026732,0.862342,-0.311669,-0.399034,-0.347068,0.209965,-0.914034,0.368659,0.926702,0.072891,-0.628388,0.262074,0.012084,0.732325,-0.005399,0.014444,-0.008162,0.004409,0.010862,-0.002594,0.399034,0.914034,-0.072891,0.000000,0.000000,0.000000,-1,0.404526,0.923065,-0.076416,-0.026602,0.022061,-0.020118,30.939392,243.999252,-524.886719,0,0
2.440000,1.390361,-1.153425,1.026718,0.862353,-0.311968,-0.398778,-0.346827,0.209826,-0.914158,0.368862,0.926633,0.072745,-0.628447,0.262073,0.011901,0.732278,-0.003375,0.005981,-0.008202,0.002787,0.015622,-0.003366,0.398778,0.914158,-0.072745,0.000000,0.000000,0.000000,-1,0.403824,0.928253,-0.069702,-0.025559,0.014647,-0.020098,30.412018,243.823471,-522.372925,0,0
2.480000,1.392088,-1.154160,1.028095,0.862396,-0.312532,-0.398242,-0.346540,0.209001,-0.914455,0.369029,0.926630,0.071937,-0.628780,0.262044,0.011615,0.732006,-0.010826,0.008092,-0.009218,0.004804,0.011402,0.002647,0.398242,0.914455,-0.071937,0.000000,0.000000,0.000000,-1,0.401962,0.925247,-0.070129,-0.032994,0.019955,-0.018995,30.060440,243.823471,-522.708069,0,0
2.520000,1.392486,-1.154279,1.028397,0.862384,-0.312666,-0.398163,-0.346510,0.208840,-0.914503,0.369086,0.926621,0.071759,-0.628845,0.262058,0.011560,0.731947,-0.010817,0.010221,-0.008160,0.003799,0.010744,0.001629,0.398163,0.914503,-0.071759,0.000000,0.000000,0.000000,-1,0.403824,0.925186,-0.074539,-0.030870,0.018885,-0.020073,30.060440,245.581390,-522.372925,0,0
2.560000,1.393437,-1.154778,1.029059,0.862410,-0.313078,-0.397782,-0.346257,0.208375,-0.914705,0.369262,0.926586,0.071300,-0.629034,0.262043,0.011335,0.731793,-0.007651,0.001737,-0.009218,0.002685,0.010969,-0.002248,0.397782,0.914705,-0.071300,0.000000,0.000000,0.000000,-1,0.400604,0.927887,-0.071228,-0.030896,0.009363,-0.018971,31.290985,243.647675,-523.881165,0,0
2.600000,1.394962,-1.155595,1.030736,0.862651,-0.313212,-0.397154,-0.345965,0.207410,-0.915035,0.368974,0.926758,0.070562,-0.629420,0.261819,0.011193,0.731543,-0.012005,-0.001434,-0.009232,0.005678,0.012379,0.003088,0.397154,0.915035,-0.070562,0.000000,0.000000,0.000000,-1,0.402969,0.927750,-0.067444,-0.034096,0.008294,-0.020008,31.115189,244.878220,-523.043213,0,0
2.640000,1.395982,-1.155982,1.031820,0.862746,-0.313301,-0.396878,-0.345886,0.206853,-0.915191,0.368825,0.926852,0.070096,-0.629642,0.261731,0.011138,0.731385,-0.013074,-0.002493,-0.009219,0.004352,0.012452,0.000683,0.396878,0.915191,-0.070096,0.000000,0.000000,0.000000,-1,0.402634,0.926010,-0.070023,-0.033039,0.005127,-0.018939,30.236221,243.296097,-523.546021,0,0
2.680000,1.396585,-1.156307,1.032617,0.862884,-0.313239,-0.396626,-0.345795,0.206425,-0.915322,0.368588,0.926968,0.069804,-0.629812,0.261599,0.011130,0.731285,-0.009887,-0.005661,-0.008167,0.006007,0.010688,-0.000218,0.396626,0.915322,-0.069804,0.000000,0.000000,0.000000,-1,0.406067,0.927841,-0.068604,-0.033042,0.003018,-0.017866,29.357269,244.878220,-522.037720,0,0
2.720000,1.397921,-1.156619,1.034317,0.863031,-0.313073,-0.396438,-0.345900,0.205691,-0.915448,0.368146,0.927187,0.069226,-0.630102,0.261455,0.011225,0.731086,-0.013073,-0.002482,-0.008154,0.004441,0.011463,0.002423,0.396438,0.915448,-0.069226,0.000000,0.000000,0.000000,-1,0.401108,0.926422,-0.064682,-0.035155,0.009364,-0.018938,30.939392,243.999252,-523.210815,0,0
2.760000,1.399281,-1.157032,1.035769,0.863125,-0.313165,-0.396160,-0.345873,0.204996,-0.915614,0.367949,0.927310,0.068622,-0.630378,0.261366,0.011188,0.730880,-0.009958,-0.002490,-0.009295,0.006214,0.011068,-0.001264,0.396160,0.915614,-0.068622,0.000000,0.000000,0.000000,-1,0.403061,0.927933,-0.068909,-0.033039,0.005127,-0.018939,30.939392,246.108765,-523.210815,0,0
2.800000,1.399884,-1.157234,1.036617,0.863238,-0.313033,-0.396019,-0.345888,0.204608,-0.915695,0.367671,0.927441,0.068351,-0.630531,0.261256,0.011240,0.730787,-0.008892,-0.004579,-0.006099,0.007454,0.008362,-0.000054,0.396019,0.915695,-0.068351,0.000000,0.000000,0.000000,-1,0.403305,0.925812,-0.068069,-0.026636,0.006224,-0.014731,29.708847,244.526642,-525.054321,0,0
2.840000,1.400534,-1.157306,1.037391,0.863266,-0.312982,-0.395998,-0.345989,0.204307,-0.915724,0.367510,0.927524,0.068083,-0.630650,0.261227,0.011293,0.730694,-0.004611,0.001785,-0.005089,0.006864,0.012804,0.002226,0.395998,0.915724,-0.068083,0.000000,0.000000,0.000000,-1,0.402863,0.928879,-0.065277,-0.027675,0.016795,-0.016893,31.466766,244.175049,-523.713623,0,0
2.880000,1.401120,-1.157395,1.037834,0.863220,-0.313161,-0.395957,-0.346009,0.204112,-0.915760,0.367600,0.927507,0.067837,-0.630728,0.261274,0.011240,0.730611,-0.003534,0.007071,-0.006183,0.007592,0.011028,0.002392,0.395957,0.915760,-0.067837,0.000000,0.000000,0.000000,-1,0.404800,0.924149,-0.066971,-0.024473,0.019962,-0.017996,30.236221,245.757172,-523.546021,0,0
2.920000,1.402051,-1.157471,1.038379,0.863074,-0.313570,-0.395951,-0.346060,0.203888,-0.915790,0.367894,0.927418,0.067456,-0.630819,0.261418,0.011120,0.730482,-0.001476,0.007071,-0.006246,0.008254,0.008740,-0.000247,0.395951,0.915790,-0.067456,0.000000,0.000000,0.000000,-1,0.402496,0.930084,-0.068146,-0.025546,0.015746,-0.015841,31.290985,245.405594,-524.551514,0,0
2.960000,1.402597,-1.157786,1.038563,0.863038,-0.313981,-0.395704,-0.345850,0.203678,-0.915917,0.368177,0.927325,0.067192,-0.630906,0.261462,0.010908,0.730395,-0.002539,0.007082,-0.005172,0.005220,0.014229,0.001091,0.395704,0.915917,-0.067192,0.000000,0.000000,0.000000,-1,0.401611,0.927734,-0.064758,-0.023406,0.019972,-0.016939,30.060440,242.417130,-524.719116,0,0
3.000000,1.402946,-1.157874,1.038694,0.862981,-0.314209,-0.395648,-0.345807,0.203592,-0.915952,0.368351,0.927267,0.067040,-0.630941,0.261520,0.010816,0.730345,0.001727,0.010248,-0.006282,0.006299,0.009020,-0.000022,0.395648,0.915952,-0.067040,0.000000,0.000000,0.000000,-1,0.405167,0.926590,-0.064087,-0.020213,0.017872,-0.014825,29.708847,244.526642,-523.378418,0,0
3.040000,1.403411,-1.157842,1.038646,0.862783,-0.314674,-0.395708,-0.345822,0.203623,-0.915939,0.368798,0.927102,0.066862,-0.630932,0.261715,0.010663,0.730286,0.002801,0.010288,-0.002028,0.003569,0.016647,-0.000201,0.395708,0.915939,-0.066862,0.000000,0.000000,0.000000,-1,0.398209,0.926636,-0.067734,-0.020188,0.025296,-0.013787,31.642563,243.999252,-524.551514,0,0
3.080000,1.403611,-1.158126,1.038212,0.862669,-0.315291,-0.395465,-0.345510,0.203641,-0.916053,0.369357,0.926888,0.066739,-0.630930,0.261836,0.010345,0.730248,0.004857,0.008154,-0.003145,0.000561,0.013863,0.000989,0.395465,0.916053,-0.066739,0.000000,0.000000,0.000000,-1,0.394135,0.930573,-0.064224,-0.017020,0.015773,-0.012711,31.115189,245.229797,-522.372925,0,0
3.120000,1.403888,-1.158497,1.038280,0.862715,-0.315563,-0.395149,-0.345231,0.203445,-0.916202,0.369511,0.926839,0.066573,-0.631010,0.261800,0.010157,0.730194,0.001640,0.002840,-0.005232,0.000726,0.013242,0.003844,0.395149,0.916202,-0.066573,0.000000,0.000000,0.000000,-1,0.398712,0.928818,-0.065598,-0.021300,0.010459,-0.014789,30.060440,245.229797,-525.054321,0,0
3.160000,1.404324,-1.158760,1.038615,0.862749,-0.315732,-0.394939,-0.345091,0.203207,-0.916307,0.369562,0.926834,0.066361,-0.631106,0.261771,0.010053,0.730123,-0.003676,0.003920,-0.003065,0.004414,0.012251,0.001038,0.394939,0.916307,-0.066361,0.000000,0.000000,0.000000,-1,0.399399,0.930588,-0.067398,-0.024479,0.014706,-0.013714,29.884644,245.054016,-523.210815,0,0
3.200000,1.404699,-1.158941,1.038859,0.862749,-0.315905,-0.394801,-0.344998,0.203039,-0.916380,0.369649,0.926811,0.066185,-0.631175,0.261775,0.009963,0.730064,-0.002611,0.003920,-0.003073,0.003880,0.012926,0.000710,0.394801,0.916380,-0.066185,0.000000,0.000000,0.000000,-1,0.399948,0.927582,-0.066803,-0.022365,0.009410,-0.013711,29.533066,244.702423,-523.881165,0,0
3.240000,1.404508,-1.159123,1.038765,0.862852,-0.315846,-0.394624,-0.344835,0.202987,-0.916453,0.369561,0.926843,0.066233,-0.631196,0.261678,0.009927,0.730081,0.000507,-0.005604,-0.000963,0.003814,0.013387,-0.001150,0.394624,0.916453,-0.066233,0.000000,0.000000,0.000000,-1,0.398911,0.928040,-0.067657,-0.022369,0.006252,-0.011569,29.533066,245.405594,-524.551514,0,0
3.280000,1.404344,-1.159084,1.038716,0.862884,-0.315728,-0.394648,-0.344856,0.203022,-0.916437,0.369467,0.926875,0.066304,-0.631181,0.261646,0.009974,0.730104,0.000519,-0.002417,0.000091,0.009557,0.008475,-0.000576,0.394648,0.916437,-0.066304,0.000000,0.000000,0.000000,-1,0.400925,0.927536,-0.066284,-0.023432,0.006262,-0.010495,29.884644,245.405594,-524.886719,0,0
3.320000,1.404412,-1.158905,1.038890,0.862853,-0.315605,-0.394814,-0.345032,0.203045,-0.916366,0.369375,0.926912,0.066304,-0.631170,0.261671,0.010076,0.730103,0.003706,-0.004536,0.000075,0.005287,0.011598,-0.000865,0.394814,0.916366,-0.066304,0.000000,0.000000,0.000000,-1,0.399216,0.928925,-0.068222,-0.017047,0.004152,-0.009471,30.939392,246.108765,-523.210815,0,0
3.360000,1.403765,-1.158742,1.038402,0.862883,-0.315393,-0.394919,-0.345062,0.203289,-0.916300,0.369277,0.926931,0.066584,-0.631072,0.261640,0.010158,0.730198,0.002648,-0.002417,0.000075,0.005548,0.008810,-0.002340,0.394919,0.916300,-0.066584,0.000000,0.000000,0.000000,-1,0.402405,0.925888,-0.067871,-0.017037,0.007330,-0.009483,30.236221,246.460342,-524.886719,0,0
3.400000,1.403344,-1.158418,1.038015,0.862805,-0.315273,-0.395184,-0.345239,0.203574,-0.916170,0.369292,0.926909,0.066800,-0.630958,0.261710,0.010259,0.730270,0.003686,-0.001351,0.002177,0.006275,0.010222,-0.003009,0.395184,0.916170,-0.066800,0.000000,0.000000,0.000000,-1,0.403183,0.929489,-0.067169,-0.018089,0.011566,-0.009491,30.060440,246.284561,-525.389465,0,0
3.440000,1.403088,-1.158254,1.037743,0.862759,-0.315237,-0.395314,-0.345313,0.203744,-0.916105,0.369333,0.926884,0.066926,-0.630890,0.261753,0.010295,0.730313,0.003684,-0.000311,0.000043,0.005107,0.012042,-0.001326,0.395314,0.916105,-0.066926,0.000000,0.000000,0.000000,-1,0.402481,0.928131,-0.068176,-0.019163,0.009439,-0.010540,31.290985,245.054016,-523.546021,0,0
3.480000,1.402828,-1.158224,1.037436,0.862747,-0.315255,-0.395324,-0.345274,0.203864,-0.916092,0.369395,0.926852,0.067034,-0.630843,0.261765,0.010276,0.730350,0.003692,0.001817,0.001100,0.005997,0.011093,0.001558,0.395324,0.916092,-0.067034,0.000000,0.000000,0.000000,-1,0.402328,0.924072,-0.068375,-0.019148,0.012636,-0.008421,31.818359,243.823471,-525.054321,0,0
3.520000,1.402626,-1.157927,1.037069,0.862605,-0.315325,-0.395579,-0.345434,0.204129,-0.915973,0.369578,0.926769,0.067159,-0.630737,0.261899,0.010306,0.730393,0.003698,0.002886,0.002162,0.008641,0.007809,-0.000636,0.395579,0.915973,-0.067159,0.000000,0.000000,0.000000,-1,0.402725,0.924881,-0.068542,-0.017019,0.012635,-0.008438,30.763611,244.878220,-522.708069,0,0
3.560000,1.402262,-1.157708,1.036442,0.862468,-0.315484,-0.395752,-0.345478,0.204447,-0.915886,0.369857,0.926645,0.067336,-0.630612,0.262032,0.010266,0.730454,0.007934,0.004979,0.001048,0.003952,0.011910,-0.000184,0.395752,0.915886,-0.067336,0.000000,0.000000,0.000000,-1,0.401764,0.927811,-0.068665,-0.014885,0.015792,-0.010597,30.060440,245.581390,-523.043213,0,0
3.600000,1.401840,-1.157567,1.035841,0.862386,-0.315582,-0.395851,-0.345466,0.204721,-0.915829,0.370058,0.926551,0.067525,-0.630504,0.262111,0.010227,0.730519,0.006869,0.003930,0.002125,0.006600,0.011799,-0.002467,0.395851,0.915829,-0.067525,0.000000,0.000000,0.000000,-1,0.401382,0.928696,-0.071121,-0.015945,0.014763,-0.007389,30.236221,245.757172,-523.546021,0,0
3.640000,1.401491,-1.157390,1.035345,0.862298,-0.315652,-0.395987,-0.345504,0.204975,-0.915758,0.370228,0.926472,0.067691,-0.630403,0.262195,0.010215,0.730576,0.005804,0.003930,0.002134,0.006342,0.010771,-0.002134,0.395987,0.915758,-0.067691,0.000000,0.000000,0.000000,-1,0.402817,0.924759,-0.070770,-0.014880,0.014763,-0.007397,30.763611,244.175049,-524.048767,0,0
3.680000,1.400982,-1.157106,1.034603,0.862156,-0.315762,-0.396209,-0.345575,0.205364,-0.915644,0.370492,0.926348,0.067936,-0.630249,0.262332,0.010201,0.730660,0.008999,0.003929,0.002110,0.005113,0.010687,-0.002117,0.396209,0.915644,-0.067936,0.000000,0.000000,0.000000,-1,0.401825,0.928879,-0.070740,-0.012752,0.012664,-0.005275,29.181473,245.405594,-523.210815,0,0
3.720000,1.400042,-1.156826,1.033360,0.862017,-0.315906,-0.396398,-0.345540,0.205925,-0.915531,0.370849,0.926174,0.068352,-0.630028,0.262467,0.010138,0.730803,0.007936,0.008169,0.004233,0.004024,0.010113,-0.004737,0.396398,0.915531,-0.068352,0.000000,0.000000,0.000000,-1,0.403900,0.926361,-0.070969,-0.014874,0.015832,-0.006336,30.060440,244.878220,-523.713623,0,0
3.760000,1.399612,-1.156617,1.032784,0.861923,-0.315962,-0.396557,-0.345586,0.206222,-0.915447,0.371025,0.926089,0.068555,-0.629910,0.262557,0.010133,0.730873,0.004723,0.001815,0.004281,0.000920,0.012791,-0.002886,0.396557,0.915447,-0.068555,0.000000,0.000000,0.000000,-1,0.398453,0.931076,-0.067001,-0.014899,0.009457,-0.008442,31.115189,244.878220,-524.719116,0,0
3.800000,1.399222,-1.156760,1.032342,0.861977,-0.316010,-0.396401,-0.345383,0.206307,-0.915504,0.371089,0.926053,0.068688,-0.629877,0.262509,0.010046,0.730919,0.004707,-0.002431,0.003231,0.004813,0.012352,0.001351,0.396401,0.915504,-0.068688,0.000000,0.000000,0.000000,-1,0.401505,0.928787,-0.067947,-0.020219,0.010518,-0.008405,30.763611,245.229797,-524.383972,0,0
3.840000,1.399333,-1.156633,1.032359,0.861897,-0.316074,-0.396523,-0.345486,0.206361,-0.915453,0.371178,0.926020,0.068663,-0.629856,0.262584,0.010060,0.730911,-0.000607,0.001797,0.002191,0.005729,0.015562,-0.000215,0.396523,0.915453,-0.068663,0.000000,0.000000,0.000000,-1,0.401962,0.923691,-0.071274,-0.023407,0.013686,-0.009458,30.236221,245.757172,-525.557068,0,0
3.880000,1.399386,-1.156600,1.032364,0.861868,-0.316112,-0.396557,-0.345513,0.206375,-0.915440,0.371221,0.926004,0.068647,-0.629850,0.262612,0.010056,0.730905,-0.002755,-0.000360,0.000092,0.005405,0.013378,-0.002199,0.396557,0.915440,-0.068647,0.000000,0.000000,0.000000,-1,0.401047,0.929214,-0.069168,-0.026620,0.006283,-0.008340,30.939392,245.054016,-523.881165,0,0
3.920000,1.399869,-1.156674,1.032991,0.861912,-0.316033,-0.396522,-0.345583,0.206123,-0.915470,0.371052,0.926086,0.068444,-0.629949,0.262567,0.010108,0.730835,-0.007013,0.000690,-0.000945,0.006874,0.011212,-0.001456,0.396523,0.915470,-0.068444,0.000000,0.000000,0.000000,-1,0.404663,0.928650,-0.069641,-0.026622,0.008371,-0.011543,30.939392,245.054016,-523.881165,0,0
3.960000,1.400052,-1.156579,1.033245,0.861892,-0.315964,-0.396621,-0.345711,0.206080,-0.915431,0.370979,0.926120,0.068387,-0.629965,0.262584,0.010176,0.730815,-0.005959,-0.003537,0.000129,0.010209,0.009816,-0.002841,0.396621,0.915431,-0.068387,0.000000,0.000000,0.000000,-1,0.403748,0.921234,-0.074036,-0.025562,0.004164,-0.008340,30.236221,244.350845,-523.881165,0,0
4.000000,1.399614,-1.156210,1.033082,0.861877,-0.315624,-0.396924,-0.345967,0.206310,-0.915283,0.370775,0.926184,0.068618,-0.629871,0.262590,0.010379,0.730891,-0.002752,-0.003499,0.004367,0.007800,0.006363,-0.005647,0.396924,0.915283,-0.068618,0.000000,0.000000,0.000000,-1,0.404022,0.925720,-0.071182,-0.021285,0.009469,-0.007328,30.587814,243.999252,-523.210815,0,0
4.040000,1.399240,-1.155863,1.032800,0.861809,-0.315450,-0.397211,-0.346182,0.206570,-0.915143,0.370734,0.926186,0.068821,-0.629765,0.262650,0.010511,0.730958,0.000444,-0.000346,0.004343,0.008459,0.009951,-0.004330,0.397211,0.915143,-0.068821,0.000000,0.000000,0.000000,-1,0.405106,0.926910,-0.070938,-0.021284,0.010518,-0.008397,30.412018,243.823471,-524.719116,0,0
4.080000,1.399242,-1.155490,1.032749,0.861665,-0.315420,-0.397548,-0.346465,0.206763,-0.914993,0.370805,0.926153,0.068878,-0.629687,0.262783,0.010618,0.730976,-0.001678,0.003871,0.002214,0.011647,0.010468,-0.003418,0.397548,0.914993,-0.068878,0.000000,0.000000,0.000000,-1,0.405014,0.926880,-0.070511,-0.023410,0.011578,-0.008384,30.939392,245.054016,-524.216370,0,0
4.120000,1.399337,-1.155297,1.032784,0.861575,-0.315439,-0.397728,-0.346623,0.206841,-0.914915,0.370866,0.926129,0.068870,-0.629655,0.262867,0.010665,0.730973,-0.001678,0.002822,0.003284,0.005852,0.011065,-0.003685,0.397728,0.914915,-0.068870,0.000000,0.000000,0.000000,-1,0.403564,0.926178,-0.068466,-0.022351,0.010508,-0.009454,30.939392,243.647675,-525.892212,0,0
4.160000,1.399446,-1.155141,1.032841,0.861499,-0.315459,-0.397876,-0.346758,0.206894,-0.914852,0.370916,0.926110,0.068851,-0.629633,0.262937,0.010705,0.730966,-0.000618,0.003851,0.000076,0.008450,0.010884,-0.001598,0.397876,0.914852,-0.068851,0.000000,0.000000,0.000000,-1,0.404556,0.925919,-0.070129,-0.025529,0.016854,-0.010518,29.884644,245.757172,-524.216370,0,0
4.200000,1.399922,-1.154864,1.033040,0.861290,-0.315672,-0.398158,-0.347016,0.206955,-0.914740,0.371159,0.926024,0.068705,-0.629609,0.263135,0.010721,0.730916,-0.002745,0.004908,0.002234,0.007710,0.010446,-0.002584,0.398158,0.914740,-0.068705,0.000000,0.000000,0.000000,-1,0.404907,0.924683,-0.070969,-0.023395,0.014775,-0.006266,31.466766,244.878220,-523.713623,0,0
4.240000,1.399781,-1.154559,1.032787,0.861158,-0.315697,-0.398424,-0.347204,0.207186,-0.914617,0.371290,0.925964,0.068809,-0.629516,0.263258,0.010776,0.730950,0.002569,0.001729,0.002205,0.005766,0.011683,-0.003503,0.398424,0.914617,-0.068809,0.000000,0.000000,0.000000,-1,0.406387,0.925522,-0.073624,-0.022348,0.011567,-0.009458,30.412018,245.229797,-523.713623,0,0
4.280000,1.399941,-1.154390,1.032770,0.861036,-0.315825,-0.398587,-0.347333,0.207271,-0.914548,0.371453,0.925901,0.068771,-0.629483,0.263374,0.010776,0.730937,0.000450,0.005956,0.001141,0.006870,0.012972,0.002426,0.398587,0.914548,-0.068771,0.000000,0.000000,0.000000,-1,0.408234,0.925995,-0.066772,-0.023406,0.014735,-0.010527,29.708847,244.526642,-525.054321,0,0
4.320000,1.400405,-1.154138,1.033044,0.860864,-0.315966,-0.398846,-0.347588,0.207294,-0.914446,0.371613,0.925848,0.068626,-0.629473,0.263536,0.010816,0.730887,-0.001676,0.008065,0.000086,0.010196,0.006788,-0.001367,0.398846,0.914446,-0.068626,0.000000,0.000000,0.000000,-1,0.407303,0.926819,-0.067398,-0.021265,0.015823,-0.007352,31.115189,245.229797,-524.048767,0,0
