0.000000,-1.482840,-0.386936,-0.332337,0.205673,0.326667,0.922490,0.302133,0.875398,-0.377353,-0.930814,0.356326,0.081349,-0.249463,-0.630154,0.008342,0.735258,0.021190,0.046530,0.008734,0.003514,0.003934,0.005131,-0.922490,0.377353,-0.081349,0.000000,0.000000,0.000000,-1,-0.914368,0.383972,-0.074997,0.012758,-0.058294,0.011823,121.242569,249.008163,-778.565063,0,0
0.040000,-1.481867,-0.387514,-0.332208,0.206710,0.326851,0.922193,0.301949,0.875230,-0.377888,-0.930644,0.356568,0.082226,-0.249626,-0.629741,0.008464,0.735555,-0.006476,0.027439,0.007002,0.007825,0.006084,0.007229,-0.922193,0.377888,-0.082226,0.000000,0.000000,0.000000,-1,-0.916916,0.385818,-0.076004,-0.020228,-0.091162,0.011272,121.417770,249.532013,-777.730103,0,0
0.080000,-1.482346,-0.388644,-0.333595,0.207059,0.327720,0.921806,0.303023,0.874406,-0.378934,-0.930217,0.357790,0.081747,-0.250452,-0.629603,0.008396,0.735393,-0.039573,0.008364,0.012814,0.005272,0.005496,0.005774,-0.921806,0.378934,-0.081747,0.000000,0.000000,0.000000,-1,-0.920288,0.384018,-0.077377,-0.040398,-0.083731,0.017843,120.191330,247.611191,-779.901123,0,0
0.120000,-1.481914,-0.389664,-0.335238,0.208308,0.328111,0.921385,0.304332,0.873542,-0.379878,-0.929511,0.359538,0.082111,-0.251324,-0.629111,0.008083,0.735520,-0.037414,0.042291,0.014767,0.003966,0.002767,0.000782,-0.921385,0.379878,-0.082111,0.000000,0.000000,0.000000,-1,-0.919037,0.386520,-0.084335,-0.036115,-0.048742,0.018701,121.592972,250.055878,-778.565063,0,0
0.160000,-1.480147,-0.390720,-0.336626,0.210726,0.328102,0.920838,0.305411,0.872739,-0.380855,-0.928611,0.361490,0.083703,-0.252133,-0.628154,0.007707,0.736065,-0.027825,0.069856,0.014540,0.001619,0.004704,0.001061,-0.920838,0.380855,-0.083703,0.000000,0.000000,0.000000,-1,-0.923553,0.382935,-0.081924,-0.025470,-0.029659,0.018498,119.840912,250.405121,-779.233093,0,0
0.200000,-1.478149,-0.391380,-0.337163,0.212957,0.327838,0.920419,0.305796,0.872338,-0.381464,-0.927975,0.362696,0.085519,-0.252537,-0.627268,0.007480,0.736684,0.002857,0.031678,0.012275,-0.000784,-0.000407,0.004678,-0.920419,0.381464,-0.085519,0.000000,0.000000,0.000000,-1,-0.922485,0.381775,-0.079102,0.003181,-0.091154,0.016332,120.191330,249.008163,-777.563110,0,0
0.240000,-1.478652,-0.391713,-0.337236,0.212616,0.328294,0.920336,0.305818,0.872196,-0.381772,-0.928046,0.362626,0.085044,-0.252673,-0.627403,0.007629,0.736522,-0.005712,-0.019226,0.006216,0.001894,-0.002103,0.006080,-0.920336,0.381772,-0.085044,0.000000,0.000000,0.000000,-1,-0.919006,0.378387,-0.079605,-0.024523,-0.126155,0.007222,120.366531,249.881256,-779.066101,0,0
0.280000,-1.480049,-0.391824,-0.338418,0.211742,0.328647,0.920411,0.306834,0.871794,-0.381875,-0.927911,0.363273,0.083755,-0.253078,-0.627753,0.007408,0.736086,-0.035490,-0.004394,0.001158,0.003480,-0.001596,0.001647,-0.920411,0.381875,-0.083755,0.000000,0.000000,0.000000,-1,-0.920624,0.377029,-0.083572,-0.042588,-0.098594,0.004106,122.118591,248.135056,-779.400085,0,0
0.320000,-1.480071,-0.391694,-0.339949,0.212184,0.328217,0.920463,0.308186,0.871370,-0.381754,-0.927362,0.364675,0.083739,-0.253513,-0.627584,0.006803,0.736086,-0.026973,0.021046,-0.001180,-0.001611,-0.003352,-0.001283,-0.920463,0.381754,-0.083739,0.000000,0.000000,0.000000,-1,-0.922974,0.377197,-0.083954,-0.022381,-0.083753,0.002752,122.293793,248.309677,-778.899109,0,0
0.360000,-1.479788,-0.391246,-0.340570,0.212513,0.327593,0.920609,0.308784,0.871339,-0.381340,-0.927087,0.365309,0.084016,-0.253554,-0.627457,0.006388,0.736184,-0.003725,-0.001247,0.000797,-0.003387,-0.011437,0.003327,-0.920609,0.381340,-0.084016,0.000000,0.000000,0.000000,-1,-0.921005,0.379257,-0.083191,-0.000066,-0.108134,0.004744,121.242569,250.055878,-777.897095,0,0
0.400000,-1.479596,-0.391110,-0.340443,0.212608,0.327432,0.920644,0.308691,0.871427,-0.381215,-0.927096,0.365244,0.084197,-0.253468,-0.627420,0.006364,0.736246,0.000534,0.000876,0.001802,0.000921,-0.002934,-0.003724,-0.920644,0.381215,-0.084197,0.000000,0.000000,0.000000,-1,-0.916763,0.379822,-0.083420,-0.004316,-0.110253,0.005864,119.490509,249.008163,-778.231079,0,0
0.440000,-1.480136,-0.390978,-0.340405,0.212053,0.327523,0.920740,0.308674,0.871487,-0.381092,-0.927229,0.365021,0.083704,-0.253408,-0.627640,0.006402,0.736078,0.009004,-0.028815,-0.001349,0.003855,-0.005650,-0.000143,-0.920740,0.381092,-0.083704,0.000000,0.000000,0.000000,-1,-0.920013,0.380295,-0.079880,0.013717,-0.143126,0.001558,121.417770,248.833542,-778.732056,0,0
0.480000,-1.481291,-0.390815,-0.339946,0.210782,0.327900,0.920898,0.308294,0.871687,-0.380942,-0.927645,0.364203,0.082646,-0.253204,-0.628144,0.006662,0.735717,0.018568,-0.040477,-0.000339,0.002670,-0.003470,0.001424,-0.920898,0.380942,-0.082646,0.000000,0.000000,0.000000,-1,-0.922791,0.381287,-0.088562,0.020108,-0.143121,0.004679,121.592972,249.706635,-778.565063,0,0
0.520000,-1.482480,-0.390805,-0.338772,0.209290,0.328570,0.920999,0.307272,0.872052,-0.380933,-0.928322,0.362723,0.081552,-0.252827,-0.628731,0.007241,0.735339,0.012111,-0.023562,0.006038,-0.003317,-0.001645,0.001748,-0.920999,0.380933,-0.081552,0.000000,0.000000,0.000000,-1,-0.916245,0.376617,-0.086670,0.005253,-0.125091,0.009016,119.490509,249.008163,-779.567139,0,0
0.560000,-1.482592,-0.390766,-0.338855,0.209201,0.328559,0.921023,0.307350,0.872040,-0.380897,-0.928316,0.362760,0.081449,-0.252840,-0.628767,0.007211,0.735304,-0.017643,0.014600,0.001937,0.004824,-0.002799,-0.003283,-0.921023,0.380897,-0.081449,0.000000,0.000000,0.000000,-1,-0.917694,0.381287,-0.083450,-0.018124,-0.077392,0.002676,121.242569,247.960434,-779.567139,0,0
0.600000,-1.481845,-0.390768,-0.339319,0.210048,0.328193,0.920961,0.307754,0.871896,-0.380899,-0.927991,0.363436,0.082137,-0.252989,-0.628433,0.006947,0.735541,-0.010201,0.030499,-0.001408,0.003267,0.000388,-0.001313,-0.920961,0.380899,-0.082137,0.000000,0.000000,0.000000,-1,-0.919785,0.382217,-0.087494,-0.004298,-0.076330,0.003583,119.665710,249.182785,-778.732056,0,0
0.640000,-1.480887,-0.390873,-0.338454,0.210685,0.328117,0.920843,0.306986,0.872125,-0.380995,-0.928101,0.362956,0.083016,-0.252757,-0.628177,0.007179,0.735837,0.034455,-0.018255,0.008957,-0.002360,-0.001555,0.003105,-0.920843,0.380995,-0.083016,0.000000,0.000000,0.000000,-1,-0.921829,0.377380,-0.080017,0.031851,-0.120844,0.012959,120.716949,248.484299,-778.732056,0,0
0.680000,-1.480857,-0.390895,-0.337394,0.210372,0.328349,0.920832,0.306059,0.872442,-0.381016,-0.928478,0.361984,0.083043,-0.252432,-0.628297,0.007573,0.735843,0.014156,0.005026,0.001612,-0.001486,-0.004246,0.000920,-0.920832,0.381016,-0.083043,0.000000,0.000000,0.000000,-1,-0.923569,0.379379,-0.084946,0.011628,-0.098596,0.002444,120.716949,249.881256,-779.066101,0,0
0.720000,-1.480345,-0.390663,-0.336958,0.210634,0.328054,0.920877,0.305708,0.872658,-0.380802,-0.928535,0.361729,0.083522,-0.252216,-0.628192,0.007590,0.736005,0.012014,0.005020,-0.002621,-0.002692,-0.001422,-0.001423,-0.920877,0.380802,-0.083522,0.000000,0.000000,0.000000,-1,-0.916931,0.383286,-0.082626,0.007369,-0.096479,0.000354,121.242569,250.055878,-778.565063,0,0
0.760000,-1.480153,-0.390690,-0.336908,0.210803,0.328018,0.920851,0.305661,0.872664,-0.380826,-0.928511,0.361748,0.083698,-0.252211,-0.628125,0.007593,0.736065,-0.000756,-0.004526,-0.003499,0.001051,-0.001294,0.000614,-0.920851,0.380826,-0.083698,0.000000,0.000000,0.000000,-1,-0.916687,0.382645,-0.080963,0.008424,-0.113440,0.001483,119.490509,248.309677,-778.565063,0,0
0.800000,-1.480297,-0.390794,-0.336455,0.210553,0.328257,0.920823,0.305253,0.872765,-0.380923,-0.928703,0.361288,0.083562,-0.252104,-0.628222,0.007814,0.736016,0.017340,-0.000279,0.001603,0.003739,0.000760,0.002919,-0.920823,0.380923,-0.083562,0.000000,0.000000,0.000000,-1,-0.917099,0.380173,-0.080017,0.019072,-0.106014,0.004523,121.242569,248.658920,-778.565063,0,0
0.840000,-1.480251,-0.390782,-0.335907,0.210412,0.328345,0.920824,0.304775,0.872936,-0.380912,-0.928891,0.360793,0.083605,-0.251928,-0.628275,0.008006,0.736029,0.016205,-0.003564,0.000531,0.003725,-0.000739,0.003588,-0.920824,0.380912,-0.083605,0.000000,0.000000,0.000000,-1,-0.915771,0.381546,-0.080582,0.009507,-0.107073,0.005697,121.242569,251.103592,-779.233093,0,0
0.880000,-1.480433,-0.391074,-0.335930,0.210339,0.328659,0.920728,0.304759,0.872825,-0.381181,-0.928913,0.360778,0.083428,-0.252035,-0.628303,0.008118,0.735967,-0.007167,0.003860,0.003948,0.005064,-0.001024,0.003410,-0.920728,0.381181,-0.083428,0.000000,0.000000,0.000000,-1,-0.922516,0.379868,-0.081161,-0.009610,-0.097526,0.009056,121.067352,249.881256,-779.066101,0,0
0.920000,-1.480386,-0.391157,-0.336299,0.210530,0.328637,0.920693,0.305071,0.872682,-0.381258,-0.928767,0.361143,0.083468,-0.252180,-0.628229,0.008005,0.735982,-0.006117,0.008092,-0.000338,-0.000587,0.001661,0.002612,-0.920693,0.381258,-0.083468,0.000000,0.000000,0.000000,-1,-0.922577,0.379181,-0.082214,-0.007513,-0.104957,0.002684,123.169830,250.579742,-779.400085,0,0
0.960000,-1.480535,-0.391118,-0.336524,0.210453,0.328609,0.920720,0.305272,0.872627,-0.381222,-0.928719,0.361300,0.083332,-0.252237,-0.628260,0.007928,0.735937,-0.004014,-0.005696,-0.003490,-0.001857,-0.002041,0.001118,-0.920720,0.381222,-0.083332,0.000000,0.000000,0.000000,-1,-0.919113,0.380905,-0.083420,-0.003286,-0.117686,-0.001560,120.716949,249.182785,-778.398071,0,0
1.000000,-1.481414,-0.390909,-0.336330,0.209509,0.328786,0.920872,0.305129,0.872762,-0.381029,-0.928979,0.360814,0.082529,-0.252100,-0.628634,0.008039,0.735663,0.012943,-0.016437,-0.004745,0.000966,0.001494,0.001353,-0.920872,0.381029,-0.082529,0.000000,0.000000,0.000000,-1,-0.915604,0.385345,-0.079636,0.013740,-0.117679,0.002507,121.242569,248.658920,-778.565063,0,0
1.040000,-1.481687,-0.390924,-0.335876,0.209111,0.328992,0.920889,0.304731,0.872895,-0.381042,-0.929199,0.360304,0.082278,-0.251961,-0.628790,0.008246,0.735575,0.010843,-0.002650,-0.000528,0.005514,-0.000946,0.004428,-0.920889,0.381042,-0.082278,0.000000,0.000000,0.000000,-1,-0.919083,0.379944,-0.077728,0.011613,-0.124039,0.003623,120.366531,249.532013,-777.730103,0,0
1.080000,-1.482133,-0.390835,-0.335537,0.208558,0.329146,0.920959,0.304446,0.873030,-0.380960,-0.929417,0.359835,0.081870,-0.251822,-0.629008,0.008397,0.735435,0.010838,-0.013252,0.000583,0.001877,-0.001017,0.004142,-0.920959,0.380960,-0.081870,0.000000,0.000000,0.000000,-1,-0.919434,0.381165,-0.077499,0.003133,-0.106011,0.006826,121.242569,249.706635,-779.233093,0,0
1.120000,-1.482177,-0.391002,-0.335867,0.208676,0.329238,0.920900,0.304713,0.872870,-0.381115,-0.929303,0.360139,0.081824,-0.251983,-0.628961,0.008337,0.735420,-0.006164,0.010065,-0.001462,0.002901,-0.004253,0.003882,-0.920900,0.381115,-0.081824,0.000000,0.000000,0.000000,-1,-0.919266,0.380371,-0.078934,-0.008579,-0.098599,0.000540,120.366531,248.833542,-779.734131,0,0
1.160000,-1.482425,-0.390820,-0.336176,0.208492,0.329106,0.920989,0.305005,0.872841,-0.380947,-0.929248,0.360331,0.081602,-0.252017,-0.629036,0.008194,0.735346,-0.007276,-0.009075,-0.005671,0.001418,-0.002209,0.002821,-0.920989,0.380947,-0.081602,0.000000,0.000000,0.000000,-1,-0.921463,0.380356,-0.079773,-0.006471,-0.117684,-0.000461,121.242569,249.357391,-778.565063,0,0
1.200000,-1.483444,-0.390576,-0.336200,0.207479,0.329255,0.921164,0.305057,0.872921,-0.380721,-0.929458,0.359999,0.080671,-0.251936,-0.629439,0.008230,0.735029,0.009728,-0.027097,-0.003650,-0.002206,0.001466,0.000654,-0.921164,0.380721,-0.080671,0.000000,0.000000,0.000000,-1,-0.920670,0.377762,-0.077988,0.013722,-0.119806,-0.001738,120.541733,249.357391,-779.233093,0,0
1.240000,-1.483948,-0.390204,-0.335666,0.206722,0.329223,0.921346,0.304638,0.873218,-0.380377,-0.929764,0.359309,0.080219,-0.251637,-0.629737,0.008364,0.734874,0.016112,-0.003779,-0.007017,0.003835,-0.001837,0.002873,-0.921346,0.380377,-0.080219,0.000000,0.000000,0.000000,-1,-0.920135,0.375702,-0.077667,0.012667,-0.103905,-0.002862,122.118591,248.135056,-776.728027,0,0
1.280000,-1.483872,-0.389768,-0.335217,0.206512,0.328910,0.921505,0.304300,0.873511,-0.379974,-0.929922,0.358883,0.080303,-0.251345,-0.629821,0.008372,0.734902,0.011871,0.000463,-0.004863,-0.000096,-0.005233,0.003170,-0.921505,0.379974,-0.080303,0.000000,0.000000,0.000000,-1,-0.919678,0.374725,-0.076569,0.013726,-0.110266,-0.002845,120.716949,248.833542,-778.064087,0,0
1.320000,-1.484271,-0.389121,-0.334606,0.205744,0.328616,0.921781,0.303847,0.873929,-0.379376,-0.930240,0.358134,0.079957,-0.250928,-0.630125,0.008427,0.734784,0.021404,-0.013458,-0.008161,0.004072,-0.007076,0.003434,-0.921781,0.379376,-0.079957,0.000000,0.000000,0.000000,-1,-0.921906,0.371429,-0.076263,0.027531,-0.130410,-0.002906,121.592972,249.357391,-778.231079,0,0
1.360000,-1.485187,-0.388297,-0.333498,0.204279,0.328452,0.922165,0.302981,0.874560,-0.378613,-0.930845,0.356741,0.079140,-0.250290,-0.630702,0.008670,0.734503,0.032007,-0.039969,-0.010289,-0.000991,-0.007291,0.003166,-0.922165,0.378613,-0.079140,0.000000,0.000000,0.000000,-1,-0.921173,0.369537,-0.075516,0.033886,-0.146318,-0.006095,120.191330,249.357391,-778.899109,0,0
1.400000,-1.486535,-0.387285,-0.332306,0.202327,0.328292,0.922653,0.302063,0.875282,-0.377676,-0.931570,0.355113,0.077929,-0.249558,-0.631472,0.008933,0.734088,0.024548,-0.035738,-0.015547,0.001266,-0.004751,0.001879,-0.922653,0.377676,-0.077929,0.000000,0.000000,0.000000,-1,-0.921280,0.374207,-0.074799,0.016840,-0.135733,-0.017656,122.118591,248.135056,-778.398071,0,0
1.440000,-1.487685,-0.386245,-0.331637,0.200723,0.327928,0.923133,0.301605,0.875855,-0.376713,-0.932065,0.354037,0.076900,-0.248982,-0.632106,0.008969,0.733737,0.019217,-0.029387,-0.020837,0.003592,-0.002446,0.001826,-0.923133,0.376713,-0.076900,0.000000,0.000000,0.000000,-1,-0.920776,0.373566,-0.075577,0.027464,-0.150575,-0.016643,120.892151,249.008163,-778.565063,0,0
1.480000,-1.489718,-0.385037,-0.330006,0.197930,0.327915,0.923740,0.300323,0.876776,-0.375593,-0.933075,0.351762,0.075060,-0.248039,-0.633203,0.009409,0.733104,0.043653,-0.064473,-0.015683,0.003788,-0.001753,0.000185,-0.923740,0.375593,-0.075060,0.000000,0.000000,0.000000,-1,-0.918732,0.377380,-0.074921,0.043427,-0.166466,-0.009301,120.541733,248.658920,-777.563110,0,0
1.520000,-1.490843,-0.384702,-0.328507,0.196288,0.328312,0.923949,0.299049,0.877344,-0.375283,-0.933831,0.349970,0.074030,-0.247444,-0.633843,0.009984,0.732745,0.052194,-0.048560,-0.009466,0.004027,0.004692,0.000010,-0.923949,0.375283,-0.074031,0.000000,0.000000,0.000000,-1,-0.918304,0.376526,-0.076462,0.056233,-0.145250,-0.001028,120.541733,249.008163,-778.899109,0,0
1.560000,-1.491391,-0.384577,-0.325968,0.194905,0.328891,0.924036,0.296836,0.878145,-0.375167,-0.934827,0.347409,0.073528,-0.246593,-0.634372,0.010939,0.732560,0.061796,-0.035828,-0.003245,0.004603,0.001389,-0.002201,-0.924036,0.375167,-0.073528,0.000000,0.000000,0.000000,-1,-0.922272,0.376114,-0.074158,0.057335,-0.109198,0.001988,121.242569,250.055878,-777.563110,0,0
1.600000,-1.489972,-0.384281,-0.323131,0.195212,0.328693,0.924042,0.294379,0.879089,-0.374893,-0.935539,0.345202,0.074848,-0.245599,-0.634237,0.011703,0.732999,0.035248,0.036255,-0.009659,0.004608,-0.002029,0.001225,-0.924042,0.374892,-0.074848,0.000000,0.000000,0.000000,-1,-0.920975,0.374680,-0.074081,0.022259,-0.056200,-0.006374,121.768188,249.532013,-778.064087,0,0
1.640000,-1.488336,-0.383968,-0.322689,0.196505,0.327941,0.924035,0.294027,0.879330,-0.374603,-0.935379,0.345303,0.076369,-0.245360,-0.633730,0.011558,0.733520,0.003340,0.057361,-0.013716,0.003442,0.003846,0.003203,-0.924035,0.374603,-0.076369,0.000000,0.000000,0.000000,-1,-0.916061,0.382507,-0.074356,-0.011774,-0.067864,-0.007010,120.716949,248.135056,-778.398071,0,0
1.680000,-1.487311,-0.384063,-0.323249,0.197675,0.327560,0.923921,0.294508,0.879131,-0.374691,-0.934981,0.346169,0.077313,-0.245576,-0.633274,0.011260,0.733846,-0.016870,0.012840,-0.006906,0.007478,0.006855,0.002774,-0.923921,0.374691,-0.077313,0.000000,0.000000,0.000000,-1,-0.914856,0.382050,-0.076767,-0.012817,-0.104952,0.005934,120.366531,249.532013,-779.400085,0,0
1.720000,-1.487518,-0.385161,-0.323493,0.197884,0.328545,0.923526,0.294592,0.878669,-0.375709,-0.934911,0.346410,0.077088,-0.246032,-0.633186,0.011568,0.733764,0.010850,-0.004088,0.017335,0.007922,0.005380,0.000611,-0.923526,0.375709,-0.077088,0.000000,0.000000,0.000000,-1,-0.916245,0.377991,-0.075272,0.010646,-0.108103,0.025900,120.716949,248.135056,-778.732056,0,0
1.760000,-1.487321,-0.386148,-0.323101,0.198229,0.329418,0.923141,0.294129,0.878432,-0.376623,-0.934983,0.346180,0.077239,-0.246251,-0.633041,0.012023,0.733809,0.006647,0.015009,0.026871,0.006423,0.003534,0.001906,-0.923141,0.376623,-0.077239,0.000000,0.000000,0.000000,-1,-0.920044,0.382584,-0.076050,-0.017998,-0.064623,0.033465,121.768188,250.928986,-778.398071,0,0
1.800000,-1.486266,-0.387869,-0.323878,0.199975,0.330403,0.922412,0.294605,0.877588,-0.378216,-0.934461,0.347382,0.078158,-0.247098,-0.632348,0.012191,0.734119,-0.042234,0.039308,0.032570,0.003238,0.005832,0.001024,-0.922412,0.378216,-0.078158,0.000000,0.000000,0.000000,-1,-0.921982,0.388184,-0.080276,-0.065837,-0.072041,0.036153,122.819412,249.881256,-778.064087,0,0
1.840000,-1.485782,-0.390315,-0.327376,0.202307,0.331667,0.921449,0.297375,0.875673,-0.380480,-0.933081,0.350990,0.078526,-0.249053,-0.631435,0.011676,0.734252,-0.083711,0.040362,0.028771,0.000993,0.006544,-0.001141,-0.921449,0.380480,-0.078525,0.000000,0.000000,0.000000,-1,-0.918259,0.389740,-0.080261,-0.088173,-0.059327,0.031024,120.716949,248.484299,-778.732056,0,0
1.880000,-1.485323,-0.391782,-0.330115,0.204081,0.332228,0.920856,0.299591,0.874326,-0.381836,-0.931985,0.353805,0.078901,-0.250426,-0.630743,0.011110,0.734389,-0.091164,0.052016,0.023486,0.006168,0.008850,-0.001482,-0.920856,0.381836,-0.078901,0.000000,0.000000,0.000000,-1,-0.915268,0.390671,-0.083755,-0.090284,-0.060381,0.035307,121.242569,248.309677,-780.235107,0,0
1.920000,-1.484638,-0.393987,-0.333604,0.206541,0.333187,0.919961,0.302363,0.872478,-0.383873,-0.930547,0.357448,0.079459,-0.252291,-0.629777,0.010490,0.734588,-0.077310,0.038252,0.035100,0.004693,0.006797,-0.004297,-0.919961,0.383873,-0.079459,0.000000,0.000000,0.000000,-1,-0.914795,0.384323,-0.080826,-0.067934,-0.065670,0.042530,120.716949,249.532013,-778.398071,0,0
1.960000,-1.483873,-0.396061,-0.336172,0.208736,0.334180,0.919105,0.304339,0.870946,-0.385787,-0.929412,0.360247,0.080094,-0.253819,-0.628911,0.010152,0.734809,-0.057084,0.041372,0.046519,0.004310,-0.001464,-0.000732,-0.919105,0.385787,-0.080094,0.000000,0.000000,0.000000,-1,-0.918457,0.377045,-0.079102,-0.054073,-0.064594,0.053010,121.067352,249.881256,-778.398071,0,0
2.000000,-1.482906,-0.397577,-0.338037,0.210719,0.334753,0.918443,0.305769,0.869823,-0.387185,-0.928495,0.362419,0.080931,-0.254934,-0.628127,0.009857,0.735097,-0.044342,0.041366,0.042121,-0.000014,-0.010141,0.001829,-0.918443,0.387185,-0.080931,0.000000,0.000000,0.000000,-1,-0.919128,0.366516,-0.078003,-0.047733,-0.063550,0.042298,122.644211,249.706635,-778.899109,0,0
2.040000,-1.482125,-0.398181,-0.340047,0.212300,0.334568,0.918146,0.307439,0.868986,-0.387742,-0.927583,0.364592,0.081627,-0.255777,-0.627507,0.009223,0.735342,-0.053938,0.046652,0.033687,-0.000982,-0.021226,0.003624,-0.918146,0.387742,-0.081627,0.000000,0.000000,0.000000,-1,-0.926575,0.373245,-0.078293,-0.059463,-0.057205,0.031761,122.644211,249.706635,-778.231079,0,0
2.080000,-1.481302,-0.398041,-0.343162,0.214061,0.333481,0.918133,0.310162,0.868076,-0.387613,-0.926271,0.367743,0.082388,-0.256709,-0.626823,0.007925,0.735616,-0.057210,0.048736,0.011366,-0.008243,-0.013956,0.004446,-0.918133,0.387613,-0.082388,0.000000,0.000000,0.000000,-1,-0.925568,0.376785,-0.080688,-0.057425,-0.068899,0.010517,121.592972,249.008163,-779.233093,0,0
2.120000,-1.481547,-0.397540,-0.344998,0.214290,0.332746,0.918346,0.311821,0.867687,-0.387152,-0.925661,0.369322,0.082180,-0.257110,-0.626741,0.007112,0.735554,-0.052023,0.002013,-0.003412,-0.007221,-0.010366,0.001491,-0.918346,0.387152,-0.082180,0.000000,0.000000,0.000000,-1,-0.921295,0.381943,-0.080933,-0.046878,-0.106028,-0.004323,121.943390,250.405121,-779.901123,0,0
2.160000,-1.482672,-0.396767,-0.347103,0.213708,0.332043,0.918736,0.313748,0.867311,-0.386438,-0.925144,0.370837,0.081173,-0.257500,-0.626983,0.006221,0.735220,-0.015885,-0.008591,-0.003766,-0.003795,-0.006281,-0.000614,-0.918736,0.386438,-0.081173,0.000000,0.000000,0.000000,-1,-0.913864,0.374161,-0.084686,-0.003284,-0.115565,-0.001570,121.592972,249.008163,-778.231079,0,0
2.200000,-1.482836,-0.396017,-0.346415,0.213094,0.331603,0.919038,0.313250,0.867798,-0.385747,-0.925454,0.370089,0.081048,-0.257025,-0.627227,0.006241,0.735177,0.041533,-0.019187,-0.000099,0.004701,-0.011311,-0.002510,-0.919038,0.385747,-0.081048,0.000000,0.000000,0.000000,-1,-0.920944,0.374054,-0.079681,0.057344,-0.118733,0.006286,120.892151,250.754364,-778.565063,0,0
2.240000,-1.482361,-0.395367,-0.344261,0.212618,0.331324,0.919249,0.311464,0.868707,-0.385147,-0.926166,0.368202,0.081507,-0.256127,-0.627412,0.006752,0.735328,0.077696,-0.007522,0.001574,-0.001696,-0.011093,0.001826,-0.919249,0.385147,-0.081507,0.000000,0.000000,0.000000,-1,-0.919006,0.381607,-0.075348,0.072239,-0.119789,0.009318,121.242569,249.357391,-777.897095,0,0
2.280000,-1.482168,-0.394963,-0.341443,0.211738,0.331500,0.919388,0.309068,0.869728,-0.384774,-0.927170,0.365624,0.081698,-0.255104,-0.627752,0.007626,0.735385,0.052119,-0.014954,0.003996,0.000382,-0.003167,0.006350,-0.919388,0.384774,-0.081698,0.000000,0.000000,0.000000,-1,-0.913605,0.386459,-0.077545,0.037155,-0.125088,0.010792,122.644211,247.960434,-779.233093,0,0
2.320000,-1.482714,-0.395273,-0.339837,0.210793,0.332308,0.919314,0.307631,0.870110,-0.385060,-0.927863,0.363977,0.081185,-0.254705,-0.628119,0.008391,0.735202,0.038313,-0.025549,0.010579,0.005709,0.001399,0.003640,-0.919314,0.385060,-0.081185,0.000000,0.000000,0.000000,-1,-0.916046,0.389557,-0.078674,0.040367,-0.127199,0.017149,121.768188,249.182785,-778.398071,0,0
2.360000,-1.483035,-0.396107,-0.337869,0.210095,0.333561,0.919020,0.305811,0.870411,-0.385829,-0.928623,0.362107,0.080862,-0.254373,-0.628382,0.009438,0.735079,0.051131,-0.024466,0.026390,0.002973,0.003728,0.002188,-0.919020,0.385829,-0.080862,0.000000,0.000000,0.000000,-1,-0.911972,0.396210,-0.081711,0.057475,-0.130340,0.043567,121.592972,249.008163,-778.899109,0,0
2.400000,-1.482911,-0.398112,-0.335106,0.209894,0.335836,0.918237,0.303150,0.870520,-0.387679,-0.929540,0.359735,0.080908,-0.254198,-0.628434,0.011116,0.735072,0.066117,-0.021246,0.052807,0.006265,0.008531,-0.000802,-0.918237,0.387679,-0.080908,0.000000,0.000000,0.000000,-1,-0.905411,0.402130,-0.083679,0.067168,-0.123930,0.075343,121.242569,250.405121,-778.899109,0,0
2.440000,-1.481691,-0.402980,-0.331020,0.211106,0.340478,0.916247,0.298974,0.869957,-0.392161,-0.930618,0.356721,0.081859,-0.254603,-0.627892,0.014111,0.735344,0.064109,0.006387,0.102690,0.009600,0.012166,-0.000722,-0.916247,0.392161,-0.081859,0.000000,0.000000,0.000000,-1,-0.900330,0.412033,-0.091202,0.055650,-0.095243,0.116825,120.892151,249.706635,-778.231079,0,0
2.480000,-1.480198,-0.407539,-0.328845,0.213103,0.344356,0.914334,0.296500,0.868904,-0.396351,-0.930954,0.355564,0.083065,-0.255507,-0.627044,0.016262,0.735709,0.040865,0.012805,0.140154,0.014004,0.015682,-0.008137,-0.914334,0.396351,-0.083065,0.000000,0.000000,0.000000,-1,-0.895859,0.418030,-0.093933,0.011215,-0.089857,0.173668,121.417770,249.881256,-777.396057,0,0
2.520000,-1.478030,-0.415765,-0.327370,0.217028,0.351009,0.910874,0.294160,0.866223,-0.403890,-0.930789,0.355598,0.084742,-0.257906,-0.625391,0.019305,0.736205,-0.009932,0.040459,0.196974,0.015015,0.014140,-0.009191,-0.910874,0.403890,-0.084742,0.000000,0.000000,0.000000,-1,-0.906631,0.420761,-0.100220,-0.015174,-0.038906,0.214150,120.716949,248.135056,-779.066101,0,0
2.560000,-1.472967,-0.427115,-0.326080,0.224589,0.359254,0.905813,0.291555,0.862204,-0.414247,-0.929815,0.357130,0.088899,-0.261479,-0.622237,0.022948,0.737511,0.012459,0.087124,0.203969,0.000341,0.003020,-0.014281,-0.905813,0.414247,-0.088899,0.000000,0.000000,0.000000,-1,-0.897659,0.419891,-0.101959,0.022039,-0.018767,0.210458,122.293793,250.754364,-779.567139,0,0
2.600000,-1.469040,-0.433382,-0.324064,0.229320,0.363679,0.902856,0.288984,0.860312,-0.419942,-0.929463,0.357212,0.092190,-0.263068,-0.620242,0.025285,0.738550,0.041137,0.078642,0.212181,0.005197,-0.000051,-0.009769,-0.902856,0.419942,-0.092190,0.000000,0.000000,0.000000,-1,-0.885590,0.413544,-0.089188,0.049753,-0.002840,0.226036,121.592972,250.405121,-778.231079,0,0
2.640000,-1.463410,-0.442049,-0.320868,0.235854,0.369817,0.898670,0.285075,0.857745,-0.427792,-0.929035,0.357085,0.096877,-0.265156,-0.617457,0.028629,0.740013,0.045519,0.133807,0.235285,0.013081,-0.014248,0.007690,-0.898670,0.427792,-0.096877,0.000000,0.000000,0.000000,-1,-0.893005,0.416183,-0.081100,0.030770,0.062934,0.253605,120.892151,251.452835,-778.899109,0,0
2.680000,-1.455656,-0.453517,-0.318586,0.245429,0.377342,0.892960,0.281561,0.853678,-0.438129,-0.927625,0.358952,0.103272,-0.268551,-0.613388,0.032270,0.742021,0.000979,0.147623,0.263365,-0.003814,-0.015034,0.017319,-0.892960,0.438129,-0.103272,0.000000,0.000000,0.000000,-1,-0.892166,0.444504,-0.097626,-0.018095,0.025854,0.272395,120.892151,251.452835,-779.901123,0,0
2.720000,-1.453131,-0.461524,-0.318598,0.250010,0.383207,0.889184,0.280463,0.850315,-0.445313,-0.926734,0.360716,0.105112,-0.271377,-0.611391,0.034592,0.742536,-0.033038,0.047992,0.285462,-0.002983,-0.000810,0.007486,-0.889184,0.445313,-0.105112,0.000000,0.000000,0.000000,-1,-0.879013,0.464508,-0.102814,-0.024474,-0.160686,0.310537,122.293793,251.103592,-779.233093,0,0
2.760000,-1.455542,-0.474264,-0.317995,0.251074,0.394953,0.883727,0.278154,0.845027,-0.456683,-0.927142,0.360474,0.102307,-0.275563,-0.610665,0.039387,0.741351,-0.006522,-0.140731,0.309385,0.004714,0.007825,-0.000507,-0.883727,0.456683,-0.102307,0.000000,0.000000,0.000000,-1,-0.869781,0.466125,-0.095108,0.007356,-0.277299,0.317095,121.943390,251.103592,-779.901123,0,0
2.800000,-1.462914,-0.490279,-0.315343,0.247552,0.411657,0.877073,0.273608,0.838700,-0.470872,-0.929439,0.356540,0.094989,-0.280117,-0.611588,0.046736,0.738451,0.018987,-0.174651,0.314579,0.017637,-0.000398,0.001758,-0.877073,0.470872,-0.094989,0.000000,0.000000,0.000000,-1,-0.845642,0.475266,-0.093475,0.025469,-0.282582,0.328620,123.520248,251.976700,-779.066101,0,0
2.840000,-1.467461,-0.500161,-0.313218,0.245110,0.422017,0.872825,0.270378,0.834812,-0.479567,-0.931030,0.353539,0.090516,-0.282746,-0.612206,0.051464,0.736620,0.032874,-0.197942,0.336870,0.027182,-0.004301,-0.002959,-0.872825,0.479567,-0.090516,0.000000,0.000000,0.000000,-1,-0.858475,0.472748,-0.091064,0.008505,-0.316480,0.348107,123.520248,251.976700,-779.400085,0,0
2.880000,-1.474480,-0.514142,-0.310555,0.241155,0.436705,0.866679,0.266079,0.829064,-0.491788,-0.933299,0.349202,0.083735,-0.286512,-0.613224,0.058129,0.733818,0.038322,-0.213788,0.375176,0.008205,-0.019040,-0.007330,-0.866679,0.491788,-0.083735,0.000000,0.000000,0.000000,-1,-0.894867,0.463715,-0.091599,0.073491,-0.254953,0.370514,124.571472,252.325943,-778.398071,0,0
2.920000,-1.475451,-0.528050,-0.304016,0.240980,0.450062,0.859868,0.258580,0.824180,-0.503850,-0.935449,0.343762,0.082234,-0.289209,-0.612569,0.065334,0.732699,0.091558,0.040617,0.342573,-0.053782,-0.053563,-0.011302,-0.859868,0.503850,-0.082234,0.000000,0.000000,0.000000,-1,-0.904022,0.448547,-0.093369,0.103289,-0.007988,0.327586,122.819412,252.325943,-779.066101,0,0
2.960000,-1.469084,-0.536854,-0.298940,0.246877,0.456323,0.854881,0.253077,0.821210,-0.511435,-0.935417,0.342612,0.087253,-0.290867,-0.609730,0.069221,0.734054,0.136087,0.174113,0.281912,-0.049142,-0.062888,-0.006116,-0.854881,0.511435,-0.087253,0.000000,0.000000,0.000000,-1,-0.882294,0.475540,-0.092422,0.150946,0.097927,0.256378,122.819412,252.675186,-778.398071,0,0
3.000000,-1.456747,-0.544967,-0.290614,0.256605,0.460817,0.849589,0.245034,0.819287,-0.518390,-0.934940,0.341200,0.097318,-0.291548,-0.605261,0.073187,0.737091,0.159352,0.210099,0.241064,-0.032705,-0.042850,0.004895,-0.849589,0.518390,-0.097318,0.000000,0.000000,0.000000,-1,-0.874435,0.475998,-0.093872,0.170015,0.077762,0.242430,125.622711,252.675186,-780.068115,0,0
3.040000,-1.447971,-0.550338,-0.283880,0.262986,0.463947,0.845927,0.238727,0.818234,-0.522975,-0.934798,0.339481,0.104427,-0.291687,-0.602250,0.076170,0.739197,0.175201,0.143285,0.228420,-0.028509,-0.046977,0.010555,-0.845927,0.522975,-0.104427,0.000000,0.000000,0.000000,-1,-0.874435,0.486160,-0.092361,0.186854,-0.038894,0.220433,125.622711,254.072144,-779.734131,0,0
3.080000,-1.441048,-0.555267,-0.272208,0.265164,0.468706,0.842617,0.228465,0.818471,-0.527171,-0.936745,0.332295,0.109946,-0.290150,-0.600700,0.081103,0.740537,0.202563,-0.020057,0.187347,-0.026036,-0.042124,0.016653,-0.842617,0.527171,-0.109946,0.000000,0.000000,0.000000,-1,-0.858902,0.486389,-0.097015,0.198270,-0.153472,0.169766,123.870651,253.722900,-779.734131,0,0
3.120000,-1.440485,-0.557225,-0.261491,0.261081,0.472931,0.841530,0.219413,0.819874,-0.528833,-0.940050,0.322711,0.110286,-0.287629,-0.601770,0.085632,0.740142,0.142714,-0.127240,0.126768,-0.012794,-0.047021,0.009776,-0.841530,0.528833,-0.110286,0.000000,0.000000,0.000000,-1,-0.865982,0.487869,-0.105423,0.114026,-0.255324,0.123287,124.746689,252.500565,-779.567139,0,0
3.160000,-1.445208,-0.557328,-0.257105,0.254577,0.475655,0.841987,0.215802,0.820776,-0.528921,-0.942666,0.316354,0.106304,-0.286137,-0.604130,0.087964,0.738522,0.052163,-0.166532,0.086437,-0.029229,-0.030584,0.000591,-0.841987,0.528921,-0.106304,0.000000,0.000000,0.000000,-1,-0.875046,0.511276,-0.099182,0.045847,-0.242661,0.084624,125.097092,252.500565,-779.901123,0,0
3.200000,-1.448047,-0.557586,-0.255255,0.251073,0.477227,0.842150,0.214248,0.821041,-0.529140,-0.943960,0.313282,0.103896,-0.285541,-0.605407,0.089137,0.737565,0.061793,-0.069001,0.082688,-0.032896,-0.017863,0.004714,-0.842150,0.529140,-0.103896,0.000000,0.000000,0.000000,-1,-0.869522,0.511261,-0.103943,0.097938,-0.140913,0.062316,125.097092,253.548279,-780.569092,0,0
3.240000,-1.447643,-0.557265,-0.250357,0.249047,0.478065,0.842277,0.210266,0.822245,-0.528867,-0.945391,0.308815,0.104256,-0.283965,-0.606000,0.090781,0.737487,0.134983,-0.062711,0.036102,-0.027245,-0.017606,0.000314,-0.842277,0.528867,-0.104256,0.000000,0.000000,0.000000,-1,-0.871292,0.485809,-0.112625,0.139062,-0.244917,-0.006810,125.097092,252.500565,-777.897095,0,0
3.280000,-1.448825,-0.552404,-0.244309,0.242761,0.476347,0.845080,0.205479,0.827221,-0.522957,-0.948682,0.299609,0.101173,-0.279276,-0.609441,0.091620,0.736337,0.078040,-0.207093,-0.093483,-0.030421,-0.050469,-0.004341,-0.846333,0.522957,-0.101173,0.000000,0.000000,0.000000,-1,-0.892288,0.456573,-0.081192,0.063160,-0.287480,-0.108962,124.571472,253.024414,-780.402100,0,0
3.320000,-1.456341,-0.542727,-0.242247,0.233954,0.470716,0.850701,0.205414,0.831301,-0.516473,-0.950300,0.295577,0.097795,-0.276070,-0.612281,0.090194,0.735366,0.066307,-0.085227,-0.129028,-0.041587,-0.059899,0.016603,-0.850701,0.516473,-0.097795,0.000000,0.000000,0.000000,-1,-0.932068,0.443161,-0.079971,0.095021,-0.125331,-0.151530,124.746689,253.548279,-780.903137,0,0
3.360000,-1.456005,-0.534394,-0.238597,0.230875,0.464563,0.854914,0.203389,0.836198,-0.509320,-0.951488,0.291469,0.098570,-0.272079,-0.613749,0.088738,0.735806,0.137488,-0.015377,-0.158920,-0.077154,-0.066159,0.018599,-0.854914,0.509320,-0.098570,0.000000,0.000000,0.000000,-1,-0.969498,0.428085,-0.079514,0.180019,-0.141250,-0.163032,124.396271,253.199036,-778.899109,0,0
3.400000,-1.453511,-0.524792,-0.228605,0.226735,0.458127,0.859483,0.196122,0.842913,-0.501033,-0.954006,0.282166,0.101269,-0.265779,-0.615408,0.088911,0.736702,0.231988,-0.088558,-0.176651,-0.124160,-0.075801,0.026974,-0.859483,0.501033,-0.101269,0.000000,0.000000,0.000000,-1,-0.986282,0.436417,-0.064758,0.246902,-0.208061,-0.175168,123.345032,251.452835,-778.899109,0,0
3.440000,-1.454606,-0.516214,-0.221247,0.220689,0.452872,0.863831,0.190851,0.848495,-0.493591,-0.956490,0.273793,0.100823,-0.260467,-0.617856,0.088936,0.736547,0.253055,-0.193569,-0.207268,-0.122452,-0.057174,0.036065,-0.863830,0.493591,-0.100823,0.000000,0.000000,0.000000,-1,-0.987122,0.497864,-0.077606,0.178454,-0.500752,-0.223088,123.345032,251.103592,-778.231079,0,0
3.480000,-1.473910,-0.502835,-0.215305,0.196977,0.447910,0.872110,0.187201,0.855989,-0.481912,-0.962370,0.258185,0.084761,-0.253094,-0.627346,0.089156,0.731048,0.006861,-0.579613,-0.287911,-0.092764,0.042090,0.012922,-0.872110,0.481912,-0.084761,0.000000,0.000000,0.000000,-1,-0.893036,0.631409,-0.048004,-0.052679,-0.687465,-0.297349,122.819412,251.627457,-779.734131,0,0
3.520000,-1.499992,-0.491505,-0.221740,0.172549,0.443686,0.879414,0.193893,0.860038,-0.471953,-0.965729,0.251948,0.062371,-0.250070,-0.637401,0.086290,0.723698,-0.186539,-0.575338,-0.262397,0.006627,0.200105,0.025277,-0.879414,0.471953,-0.062371,0.000000,0.000000,0.000000,-1,-0.846588,0.760727,0.028778,-0.160771,-0.703224,-0.200352,122.118591,253.024414,-778.064087,0,0
3.560000,-1.528480,-0.488587,-0.225911,0.146273,0.447566,0.882207,0.197787,0.860561,-0.469378,-0.969270,0.243146,0.037354,-0.249178,-0.647482,0.087351,0.714875,-0.008769,-0.740165,0.112944,0.002034,0.244168,0.082154,-0.882207,0.469378,-0.037354,0.000000,0.000000,0.000000,-1,-0.907715,0.554703,0.061478,-0.086264,-0.962436,0.158470,123.695450,251.802078,-775.893066,0,0
3.600000,-1.555365,-0.492950,-0.228604,0.122258,0.457363,0.880836,0.199637,0.858022,-0.473227,-0.972213,0.233703,0.013593,-0.250321,-0.656158,0.091260,0.706023,-0.200415,-0.992531,0.091730,-0.026879,0.081476,0.075071,-0.880836,0.473227,-0.013593,0.000000,0.000000,0.000000,-1,-0.855682,0.427750,0.100555,-0.558552,-1.526822,-0.072050,122.994629,251.103592,-776.561035,0,0
3.640000,-1.650578,-0.483823,-0.270606,0.047154,0.468118,0.882407,0.236634,0.853009,-0.465167,-0.970454,0.230742,-0.070550,-0.257243,-0.684909,0.085568,0.676316,-1.285051,-1.752356,-0.370495,0.072989,-0.039844,0.063011,-0.882407,0.465167,0.070550,0.000000,0.000000,0.000000,-1,-0.799362,0.506561,0.151901,-1.500170,-1.794636,-0.488078,122.118591,251.627457,-773.388000,0,0
3.680000,-1.722105,-0.460865,-0.321846,-0.003926,0.464747,0.885435,0.283316,0.849678,-0.444723,-0.959019,0.249112,-0.135006,-0.265237,-0.705091,0.069357,0.653977,-1.764524,-1.450714,-0.710153,0.086073,0.061838,0.016895,-0.885435,0.444723,0.135006,0.000000,0.000000,0.000000,-1,-0.749542,0.813736,0.100632,-1.894802,-1.107914,-0.680424,122.293793,250.405121,-769.212952,0,0
3.720000,-1.790563,-0.419924,-0.398414,-0.046565,0.451298,0.891158,0.354252,0.841602,-0.407691,-0.933990,0.296710,-0.199062,-0.278790,-0.722362,0.038409,0.631660,-1.955827,-0.361764,-0.632116,0.141616,0.406045,-0.098430,-0.891158,0.407691,0.199062,0.000000,0.000000,0.000000,-1,-0.697784,0.734909,0.036911,-1.859944,0.105354,-0.423545,120.716949,251.278214,-769.379944,0,0
3.760000,-1.809667,-0.383896,-0.488513,-0.038147,0.432378,0.900885,0.435153,0.818758,-0.374536,-0.899548,0.377736,-0.219384,-0.301031,-0.720467,-0.001110,0.624746,-1.591199,0.634732,0.001853,0.281744,0.208213,-0.252571,-0.900885,0.374536,0.219384,0.000000,0.000000,0.000000,-1,-0.605606,0.332291,-0.046936,-1.452175,0.554771,0.202844,119.840912,251.103592,-767.542908,0,0
3.800000,-1.804875,-0.384585,-0.530882,-0.015253,0.432146,0.901675,0.469311,0.799369,-0.375175,-0.882901,0.417443,-0.215004,-0.316378,-0.712325,-0.014835,0.626321,-0.961897,0.719284,0.524267,0.296069,-0.042884,-0.261940,-0.901675,0.375175,0.215004,0.000000,0.000000,0.000000,-1,-0.829193,0.252472,-0.012085,-0.434971,0.584153,0.694638,120.366531,250.230499,-767.709961,0,0
3.840000,-1.783658,-0.407570,-0.552454,0.023485,0.440662,0.897366,0.481791,0.781511,-0.396380,-0.875971,0.441652,-0.193953,-0.330124,-0.698566,-0.016202,0.634634,0.129684,0.860570,0.697748,0.068172,-0.143908,-0.206038,-0.897366,0.396380,0.193953,0.000000,0.000000,0.000000,-1,-1.060379,0.147751,0.122208,0.795623,0.987763,0.461191,121.943390,252.151321,-768.544922,0,0
3.880000,-1.733981,-0.429640,-0.510435,0.059049,0.437991,0.897038,0.444155,0.793233,-0.416544,-0.894002,0.423020,-0.147696,-0.321525,-0.685908,-0.002360,0.652799,0.873097,-0.533708,-0.081731,-0.109768,-0.157602,0.223794,-0.897038,0.416544,0.147696,0.000000,0.000000,0.000000,-1,-0.927292,0.403839,0.476868,0.470565,-1.272448,-0.134536,120.366531,253.024414,-769.713989,0,0
3.920000,-1.763815,-0.426493,-0.502170,0.027279,0.448204,0.893515,0.438212,0.798022,-0.413681,-0.898458,0.402834,-0.174639,-0.317764,-0.697385,0.003888,0.642390,-0.140725,-0.936727,-0.162345,-0.046304,-0.056900,0.269071,-0.893515,0.413681,0.174639,0.000000,0.000000,0.000000,-1,-0.954391,0.258179,0.254898,-0.315538,-0.041676,-0.214396,120.366531,251.627457,-768.711914,0,0
3.960000,-1.763268,-0.414790,-0.512260,0.027149,0.438540,0.898301,0.448584,0.797725,-0.402998,-0.893328,0.413905,-0.175065,-0.317997,-0.697431,-0.003910,0.642224,-0.271899,0.784787,-0.339927,-0.054488,-0.142011,0.029021,-0.898301,0.402998,0.175065,0.000000,0.000000,0.000000,-1,-0.953735,0.282455,0.154984,-0.334941,0.701197,-0.437725,120.716949,251.627457,-769.379944,0,0
4.000000,-1.740710,-0.388518,-0.531419,0.043427,0.407562,0.912144,0.468989,0.797839,-0.378817,-0.882136,0.444237,-0.156494,-0.317050,-0.691178,-0.023662,0.648994,-0.701409,0.185524,-0.496301,-0.065425,-0.012118,0.017334,-0.912144,0.378817,0.156495,0.000000,0.000000,0.000000,-1,-0.951080,0.415161,0.187241,-0.795922,0.037452,-0.467942,120.366531,252.675186,-769.713989,0,0
4.040000,-1.742892,-0.371254,-0.553967,0.042393,0.394058,0.918108,0.490226,0.792506,-0.362784,-0.870564,0.465460,-0.159581,-0.319948,-0.690958,-0.037150,0.647170,-0.750971,0.309692,-0.413345,0.009492,0.053735,0.011318,-0.918108,0.362784,0.159581,0.000000,0.000000,0.000000,-1,-0.729080,0.377243,0.100266,-0.475407,0.217836,-0.372299,118.964890,249.532013,-769.713989,0,0
4.080000,-1.738496,-0.354185,-0.569891,0.043966,0.377974,0.924772,0.506051,0.789699,-0.346826,-0.861382,0.483230,-0.156554,-0.320477,-0.689617,-0.049449,0.647517,-0.194639,0.041666,-0.281047,0.242093,0.022955,-0.061431,-0.924772,0.346826,0.156554,0.000000,0.000000,0.000000,-1,-0.674713,0.370224,0.109726,0.003635,-0.278997,-0.107280,118.264069,249.532013,-769.713989,0,0
4.120000,-1.744236,-0.352506,-0.565356,0.036462,0.379604,0.924430,0.502775,0.792477,-0.345251,-0.863648,0.477369,-0.161960,-0.318569,-0.692455,-0.047699,0.645558,0.304360,-0.113557,0.132194,0.157752,0.014658,-0.013904,-0.924430,0.345251,0.161960,0.000000,0.000000,0.000000,-1,-0.848328,0.356613,0.180679,0.403586,-0.143881,0.200435,118.964890,251.627457,-768.377930,0,0
4.160000,-1.739438,-0.362013,-0.552239,0.040260,0.385285,0.921919,0.490594,0.796172,-0.354158,-0.870458,0.466546,-0.156965,-0.316644,-0.691534,-0.040630,0.647971,0.533798,0.078627,0.320267,0.037184,-0.006914,0.048479,-0.921919,0.354158,0.156965,0.000000,0.000000,0.000000,-1,-0.946777,0.361694,0.294769,0.478744,-0.006861,0.368119,118.439270,250.754364,-768.878967,0,0
4.200000,-1.724223,-0.381513,-0.534553,0.055950,0.394479,0.917200,0.472828,0.798629,-0.372325,-0.879377,0.454509,-0.141837,-0.315895,-0.686388,-0.029934,0.654359,0.165959,0.404012,0.259030,-0.055151,0.026372,0.127862,-0.917200,0.372325,0.141837,0.000000,0.000000,0.000000,-1,-0.996033,0.395004,0.158981,0.052177,0.435011,0.215524,119.140091,251.802078,-771.551025,0,0
4.240000,-1.713320,-0.385578,-0.534555,0.067435,0.392710,0.917186,0.472055,0.797319,-0.376094,-0.878986,0.458324,-0.131613,-0.316911,-0.682183,-0.030135,0.658244,-0.045807,0.591531,0.169038,-0.078846,0.018910,0.027368,-0.917186,0.376094,0.131613,0.000000,0.000000,0.000000,-1,-0.953873,0.349350,0.084686,-0.190805,0.450675,0.058574,118.439270,249.706635,-770.882996,0,0
