0.000000,1.619556,1.194580,-1.248830,0.865798,0.340188,-0.366968,0.348525,0.116259,0.930061,0.359059,-0.933143,-0.017908,0.664727,0.259021,-0.002975,0.700741,0.006726,-0.001046,0.003696,-0.011301,0.012382,-0.000116,0.366968,-0.930061,0.017908,0.000000,0.000000,0.000000,-1,0.355591,-0.917206,0.014816,0.007408,-0.098583,0.011000,160.488708,177.413940,-742.826599,0,0
0.040000,1.619964,1.195031,-1.249233,0.865946,0.340272,-0.366541,0.348174,0.115985,0.930227,0.359043,-0.933147,-0.018037,0.664830,0.258880,-0.002819,0.700695,0.004611,0.002138,0.006907,-0.010950,0.013021,-0.003220,0.366541,-0.930227,0.018037,0.000000,0.000000,0.000000,-1,0.362152,-0.914673,0.018112,0.004218,-0.098583,0.011036,161.189529,177.763184,-742.826599,0,0
0.080000,1.620330,1.195238,-1.249554,0.865996,0.340359,-0.366342,0.348028,0.115813,0.930303,0.359064,-0.933136,-0.018161,0.664895,0.258833,-0.002736,0.700651,0.008846,0.003190,0.002600,-0.002054,0.013616,-0.000705,0.366342,-0.930303,0.018161,0.000000,0.000000,0.000000,-1,0.364502,-0.912949,0.020325,0.011635,-0.095414,0.003494,159.963089,178.985519,-742.659546,0,0
0.120000,1.622045,1.195031,-1.251194,0.865867,0.340515,-0.366503,0.348401,0.115303,0.930227,0.359015,-0.933142,-0.018799,0.665087,0.258957,-0.002815,0.700423,0.008849,-0.002110,0.003680,-0.008898,0.013479,-0.000427,0.366503,-0.930227,0.018799,0.000000,0.000000,0.000000,-1,0.358597,-0.917908,0.012360,0.010590,-0.102825,0.009921,160.839127,176.715469,-740.822571,0,0
0.160000,1.621699,1.195291,-1.251051,0.866032,0.340347,-0.366267,0.348154,0.115276,0.930323,0.358854,-0.933207,-0.018660,0.665097,0.258797,-0.002786,0.700473,0.003533,-0.005290,0.006948,-0.002971,0.011133,-0.005721,0.366267,-0.930323,0.018660,0.000000,0.000000,0.000000,-1,0.365051,-0.917526,0.016693,0.008449,-0.106011,0.006768,159.612686,177.588562,-742.993591,0,0
0.200000,1.621792,1.195039,-1.251376,0.866022,0.340123,-0.366500,0.348414,0.115237,0.930230,0.358626,-0.933294,-0.018706,0.665111,0.258805,-0.002959,0.700456,0.006715,-0.002087,-0.000553,-0.001021,0.017266,0.000581,0.366500,-0.930230,0.018706,0.000000,0.000000,0.000000,-1,0.361603,-0.916138,0.021118,0.011627,-0.100716,0.002454,159.963089,177.588562,-742.659546,0,0
0.240000,1.623465,1.195140,-1.253152,0.866062,0.340158,-0.366374,0.348529,0.114588,0.930267,0.358420,-0.933361,-0.019314,0.665355,0.258767,-0.002989,0.700238,0.007792,0.003217,0.000481,-0.011195,0.013000,0.000888,0.366374,-0.930267,0.019314,0.000000,0.000000,0.000000,-1,0.356644,-0.918610,0.018600,0.010584,-0.099648,0.007779,161.189529,178.810913,-742.492554,0,0
0.280000,1.623603,1.195413,-1.253301,0.866158,0.340189,-0.366118,0.348305,0.114457,0.930367,0.358405,-0.933365,-0.019352,0.665404,0.258675,-0.002898,0.700226,0.003552,0.003221,0.004787,-0.007262,0.011636,-0.005375,0.366118,-0.930367,0.019352,0.000000,0.000000,0.000000,-1,0.361343,-0.917221,0.013565,0.001015,-0.095409,0.006802,160.839127,178.112427,-741.490540,0,0
0.320000,1.623744,1.195317,-1.253266,0.866062,0.340340,-0.366205,0.348386,0.114498,0.930332,0.358558,-0.933306,-0.019408,0.665389,0.258768,-0.002873,0.700206,0.000344,0.005333,-0.000510,-0.002878,0.016880,-0.003493,0.366205,-0.930332,0.019408,0.000000,0.000000,0.000000,-1,0.365952,-0.914703,0.021378,0.002056,-0.093298,0.000398,161.364746,177.937805,-742.659546,0,0
0.360000,1.624740,1.194907,-1.253871,0.865768,0.340698,-0.366566,0.348817,0.114405,0.930182,0.358849,-0.933186,-0.019793,0.665424,0.259051,-0.002899,0.700068,0.003529,0.007473,-0.002699,-0.006656,0.015082,0.001310,0.366566,-0.930182,0.019793,0.000000,0.000000,0.000000,-1,0.358536,-0.916260,0.019257,0.005252,-0.095415,0.002500,161.715149,177.239319,-741.657593,0,0
0.400000,1.625034,1.194975,-1.254070,0.865754,0.340808,-0.366497,0.348780,0.114316,0.930207,0.358919,-0.933157,-0.019897,0.665458,0.259065,-0.002847,0.700031,0.002480,0.001118,0.002661,-0.005382,0.014328,-0.000488,0.366497,-0.930207,0.019897,0.000000,0.000000,0.000000,-1,0.363770,-0.916718,0.021179,0.005269,-0.098588,0.007833,160.839127,177.064713,-740.822571,0,0
0.440000,1.626543,1.194925,-1.255467,0.865671,0.341002,-0.366513,0.348984,0.113843,0.930188,0.358921,-0.933144,-0.020453,0.665635,0.259146,-0.002851,0.699832,0.005676,0.004300,0.001544,-0.003552,0.015042,0.002389,0.366513,-0.930188,0.020453,0.000000,0.000000,0.000000,-1,0.362717,-0.915817,0.019882,0.007383,-0.099653,0.004623,162.591187,177.064713,-741.824585,0,0
0.480000,1.627211,1.194805,-1.256305,0.865675,0.340885,-0.366611,0.349186,0.113585,0.930144,0.358714,-0.933218,-0.020704,0.665732,0.259140,-0.002965,0.699742,0.008846,-0.008428,-0.000563,-0.004657,0.014296,-0.003096,0.366611,-0.930144,0.020704,0.000000,0.000000,0.000000,-1,0.359329,-0.914658,0.021835,0.006311,-0.106016,0.003600,161.014328,178.287048,-740.655518,0,0
0.520000,1.627491,1.194865,-1.256735,0.865743,0.340781,-0.366549,0.349181,0.113418,0.930166,0.358556,-0.933276,-0.020803,0.665794,0.259075,-0.003001,0.699707,0.003533,-0.000981,0.002635,-0.007921,0.015051,0.000696,0.366549,-0.930166,0.020803,0.000000,0.000000,0.000000,-1,0.358566,-0.917984,0.022705,0.006330,-0.101768,0.007836,160.313507,177.588562,-741.991577,0,0
0.560000,1.627547,1.195039,-1.256918,0.865845,0.340695,-0.366387,0.349048,0.113304,0.930230,0.358438,-0.933321,-0.020815,0.665837,0.258976,-0.002984,0.699702,0.005647,-0.003106,0.000496,-0.006020,0.013039,-0.007372,0.366387,-0.930230,0.020815,0.000000,0.000000,0.000000,-1,0.362427,-0.916992,0.022705,0.005249,-0.103895,0.003602,160.663910,176.890091,-741.323547,0,0
0.600000,1.628330,1.194890,-1.257860,0.865834,0.340593,-0.366509,0.349287,0.113018,0.930175,0.358233,-0.933393,-0.021110,0.665944,0.258986,-0.003107,0.699597,0.006712,-0.003106,0.000481,-0.004738,0.016509,-0.002571,0.366509,-0.930175,0.021110,0.000000,0.000000,0.000000,-1,0.361984,-0.914795,0.025146,0.008445,-0.106012,0.005704,159.262268,178.636292,-740.989563,0,0
0.640000,1.629279,1.194920,-1.259022,0.865900,0.340476,-0.366460,0.349391,0.112603,0.930186,0.357971,-0.933486,-0.021456,0.666099,0.258920,-0.003186,0.699473,0.007789,-0.004161,0.003664,-0.005300,0.014613,-0.001223,0.366460,-0.930186,0.021456,0.000000,0.000000,0.000000,-1,0.359192,-0.917206,0.024796,0.010571,-0.106012,0.005681,161.189529,178.112427,-742.158569,0,0
0.680000,1.629816,1.195181,-1.259828,0.866073,0.340309,-0.366207,0.349250,0.112248,0.930282,0.357689,-0.933590,-0.021638,0.666233,0.258753,-0.003196,0.699407,0.004576,-0.004143,0.003680,-0.008251,0.011398,-0.002367,0.366207,-0.930282,0.021638,0.000000,0.000000,0.000000,-1,0.357895,-0.915802,0.023468,0.004204,-0.101768,0.007859,160.138290,176.366226,-741.824585,0,0
0.720000,1.630330,1.195477,-1.260465,0.866209,0.340270,-0.365920,0.349059,0.111941,0.930391,0.357546,-0.933641,-0.021810,0.666348,0.258622,-0.003142,0.699346,0.010961,-0.000962,0.004660,-0.003417,0.014909,-0.003530,0.365920,-0.930391,0.021810,0.000000,0.000000,0.000000,-1,0.365891,-0.915985,0.019073,0.012701,-0.101772,0.005638,161.189529,176.715469,-742.158569,0,0
0.760000,1.630756,1.195239,-1.260965,0.866144,0.340209,-0.366131,0.349326,0.111834,0.930303,0.357443,-0.933676,-0.021980,0.666388,0.258684,-0.003259,0.699285,0.012003,0.001149,-0.000684,0.001209,0.015631,-0.001548,0.366132,-0.930304,0.021980,0.000000,0.000000,0.000000,-1,0.359116,-0.914551,0.018982,0.008438,-0.104955,0.003572,159.963089,177.239319,-741.657593,0,0
0.800000,1.630821,1.195237,-1.261255,0.866219,0.340018,-0.366132,0.349360,0.111733,0.930303,0.357228,-0.933758,-0.022003,0.666425,0.258611,-0.003340,0.699276,0.001380,-0.005208,0.003716,-0.009824,0.017461,-0.005829,0.366132,-0.930303,0.022003,0.000000,0.000000,0.000000,-1,0.362411,-0.917511,0.018234,0.002072,-0.109190,0.007916,160.663910,177.937805,-741.323547,0,0
0.840000,1.630131,1.195067,-1.261059,0.866339,0.339524,-0.366305,0.349489,0.111850,0.930240,0.356810,-0.933923,-0.021760,0.666380,0.258491,-0.003562,0.699362,0.004512,-0.010499,-0.000581,-0.000979,0.015049,0.000503,0.366305,-0.930240,0.021760,0.000000,0.000000,0.000000,-1,0.361191,-0.916321,0.021896,0.007362,-0.111320,0.001485,160.488708,177.064713,-741.824585,0,0
0.880000,1.630161,1.194960,-1.261396,0.866405,0.339248,-0.366404,0.349622,0.111762,0.930201,0.356519,-0.934034,-0.021777,0.666412,0.258425,-0.003708,0.699355,0.002391,-0.009438,0.000500,-0.007060,0.015925,-0.000003,0.366404,-0.930201,0.021777,0.000000,0.000000,0.000000,-1,0.355972,-0.917938,0.020203,0.003115,-0.109198,0.002586,159.262268,176.191605,-742.325562,0,0
0.920000,1.629940,1.195219,-1.261523,0.866617,0.338961,-0.366169,0.349407,0.111645,0.930296,0.356215,-0.934152,-0.021682,0.666456,0.258220,-0.003734,0.699389,0.000262,-0.006260,-0.000550,-0.009525,0.015257,-0.001083,0.366169,-0.930296,0.021682,0.000000,0.000000,0.000000,-1,0.358063,-0.915833,0.021652,0.003129,-0.101773,0.004680,161.014328,177.937805,-741.657593,0,0
0.960000,1.630111,1.195366,-1.261827,0.866711,0.338873,-0.366028,0.349310,0.111497,0.930350,0.356081,-0.934202,-0.021736,0.666512,0.258129,-0.003731,0.699370,0.004523,-0.000958,0.000444,-0.002503,0.014502,0.001488,0.366028,-0.930350,0.021736,0.000000,0.000000,0.000000,-1,0.364624,-0.916687,0.022797,0.007378,-0.100715,0.003564,162.240768,177.763184,-743.160583,0,0
1.000000,1.630549,1.195230,-1.262289,0.866664,0.338867,-0.366145,0.349482,0.111374,0.930300,0.356027,-0.934219,-0.021904,0.666557,0.258174,-0.003795,0.699309,0.002355,-0.000947,-0.001692,-0.003627,0.012957,-0.002190,0.366145,-0.930300,0.021904,0.000000,0.000000,0.000000,-1,0.355927,-0.916641,0.022446,0.002065,-0.097534,0.003609,160.488708,177.763184,-741.156555,0,0
1.040000,1.630712,1.195499,-1.262344,0.866719,0.339002,-0.365892,0.349250,0.111279,0.930399,0.356122,-0.934182,-0.021949,0.666594,0.258123,-0.003664,0.699294,0.000248,0.002239,0.002576,-0.010972,0.012399,0.002328,0.365892,-0.930399,0.021949,0.000000,0.000000,0.000000,-1,0.356155,-0.915771,0.022675,0.007405,-0.096464,0.009927,161.364746,177.588562,-742.325562,0,0
1.080000,1.631906,1.195787,-1.263375,0.866744,0.339255,-0.365597,0.349109,0.110837,0.930504,0.356200,-0.934142,-0.022369,0.666760,0.258100,-0.003523,0.699144,0.008762,0.002242,0.004610,-0.001126,0.014290,-0.001175,0.365597,-0.930504,0.022369,0.000000,0.000000,0.000000,-1,0.361404,-0.915512,0.019592,0.008452,-0.101770,0.006748,161.539948,179.160141,-741.490540,0,0
1.120000,1.631946,1.195720,-1.263492,0.866745,0.339184,-0.365659,0.349182,0.110816,0.930480,0.356125,-0.934170,-0.022388,0.666768,0.258098,-0.003575,0.699137,0.001292,-0.000950,-0.001677,-0.004606,0.011656,-0.002719,0.365659,-0.930480,0.022388,0.000000,0.000000,0.000000,-1,0.360474,-0.917145,0.020096,-0.000066,-0.098596,0.002573,161.014328,178.636292,-741.991577,0,0
1.160000,1.631556,1.195723,-1.263030,0.866729,0.339220,-0.365665,0.349128,0.110976,0.930481,0.356217,-0.934138,-0.022245,0.666708,0.258114,-0.003543,0.699189,0.001256,0.003298,-0.001724,-0.006412,0.017349,0.000170,0.365665,-0.930481,0.022245,0.000000,0.000000,0.000000,-1,0.360733,-0.915268,0.022934,0.007380,-0.098594,0.003555,161.014328,176.540848,-741.323547,0,0
1.200000,1.632156,1.195521,-1.263688,0.866668,0.339188,-0.365839,0.349380,0.110803,0.930407,0.356119,-0.934170,-0.022476,0.666772,0.258172,-0.003644,0.699106,0.002322,-0.004121,0.000423,-0.000437,0.015337,-0.001510,0.365839,-0.930407,0.022476,0.000000,0.000000,0.000000,-1,0.361908,-0.914993,0.020386,0.004189,-0.104954,0.004682,161.364746,175.842361,-742.993591,0,0
1.240000,1.631831,1.195395,-1.263510,0.866680,0.339024,-0.365963,0.349471,0.110901,0.930361,0.356000,-0.934218,-0.022364,0.666735,0.258159,-0.003736,0.699145,0.002324,-0.004120,0.001485,-0.002880,0.015566,-0.003901,0.365963,-0.930361,0.022364,0.000000,0.000000,0.000000,-1,0.360703,-0.916122,0.022141,0.006310,-0.107076,0.003605,161.189529,177.763184,-741.824585,0,0
1.280000,1.632060,1.195290,-1.264014,0.866732,0.338791,-0.366055,0.349620,0.110754,0.930322,0.355726,-0.934320,-0.022454,0.666789,0.258107,-0.003873,0.699112,0.007622,-0.006248,-0.002819,-0.005383,0.016290,-0.001443,0.366055,-0.930322,0.022454,0.000000,0.000000,0.000000,-1,0.363159,-0.913376,0.019501,0.008436,-0.102837,0.002499,161.715149,177.588562,-740.989563,0,0
1.320000,1.632041,1.195028,-1.264241,0.866724,0.338547,-0.366299,0.349878,0.110748,0.930226,0.355492,-0.934409,-0.022462,0.666790,0.258112,-0.004052,0.699108,0.000143,-0.004119,-0.001713,-0.004880,0.013585,-0.003801,0.366300,-0.930226,0.022462,0.000000,0.000000,0.000000,-1,0.360764,-0.918304,0.016403,0.000998,-0.108134,0.004732,161.014328,176.890091,-741.657593,0,0
1.360000,1.630925,1.194951,-1.263416,0.866815,0.338211,-0.366396,0.349855,0.111059,0.930198,0.355294,-0.934494,-0.022057,0.666673,0.258022,-0.004163,0.699252,-0.005181,-0.010482,-0.001627,-0.002184,0.013083,-0.003686,0.366396,-0.930198,0.022057,0.000000,0.000000,0.000000,-1,0.365585,-0.910721,0.019943,-0.002211,-0.112382,0.000532,160.138290,177.413940,-743.494568,0,0
1.400000,1.629740,1.194644,-1.262615,0.866858,0.337763,-0.366706,0.350038,0.111425,0.930085,0.355009,-0.934612,-0.021640,0.666534,0.257977,-0.004387,0.699400,-0.003067,-0.013667,-0.003766,-0.001121,0.019364,-0.001697,0.366706,-0.930085,0.021640,0.000000,0.000000,0.000000,-1,0.366638,-0.917114,0.021576,0.007360,-0.108141,0.000407,161.539948,176.016983,-740.822571,0,0
1.440000,1.629702,1.194107,-1.263141,0.866861,0.337212,-0.367206,0.350573,0.111392,0.929887,0.354473,-0.934815,-0.021656,0.666544,0.257967,-0.004776,0.699392,0.008629,-0.017908,-0.002815,-0.000919,0.010973,-0.000232,0.367206,-0.929887,0.021656,0.000000,0.000000,0.000000,-1,0.355560,-0.917847,0.020340,0.011599,-0.126164,0.000442,159.963089,177.937805,-741.657593,0,0
1.480000,1.628787,1.194385,-1.263801,0.867504,0.335815,-0.366968,0.350399,0.111083,0.929990,0.353068,-0.935355,-0.021304,0.666657,0.257334,-0.005212,0.699515,0.000077,-0.032734,0.000510,-0.010248,0.010373,-0.002933,0.366968,-0.929990,0.021304,0.000000,0.000000,0.000000,-1,0.363373,-0.921280,0.016342,0.011575,-0.132534,-0.004848,160.313507,176.191605,-742.325562,0,0
1.520000,1.627648,1.194231,-1.263752,0.867835,0.334775,-0.367135,0.350531,0.111143,0.929933,0.352123,-0.935720,-0.020895,0.666631,0.257004,-0.005630,0.699658,0.012778,-0.034877,-0.013448,-0.002419,0.006853,-0.005926,0.367135,-0.929933,0.020895,0.000000,0.000000,0.000000,-1,0.366287,-0.915939,0.012131,0.037008,-0.161183,-0.020955,160.313507,177.239319,-741.323547,0,0
1.560000,1.625008,1.192434,-1.265236,0.868623,0.330815,-0.368857,0.352288,0.111125,0.929271,0.348406,-0.937130,-0.020016,0.666617,0.256183,-0.007670,0.699952,0.026440,-0.108073,-0.037739,0.000619,0.014155,-0.026531,0.368857,-0.929271,0.020016,0.000000,0.000000,0.000000,-1,0.374634,-0.922928,-0.038513,0.017746,-0.217407,-0.042827,162.415970,175.842361,-741.991577,0,0
1.600000,1.611437,1.190068,-1.257099,0.869821,0.324892,-0.371290,0.353463,0.114667,0.928394,0.344202,-0.938774,-0.015098,0.665254,0.254923,-0.010180,0.701675,-0.039628,-0.131451,-0.064566,0.004915,-0.008297,-0.070624,0.371290,-0.928394,0.015098,0.000000,0.000000,0.000000,-1,0.365921,-0.923996,-0.052139,-0.074829,-0.231219,-0.060891,160.488708,177.413940,-741.156555,0,0
1.640000,1.599095,1.188413,-1.248455,0.870678,0.320629,-0.372984,0.353915,0.118204,0.927778,0.341561,-0.939800,-0.010558,0.663896,0.254010,-0.011833,0.703265,-0.093877,-0.129309,-0.057619,-0.016554,0.012510,-0.059447,0.373506,-0.927582,0.009177,0.000000,0.000000,0.000000,-1,0.360687,-0.895782,-0.031219,-0.070582,-0.265137,-0.055466,161.539948,177.064713,-740.488525,0,0
1.680000,1.583578,1.185754,-1.239771,0.872242,0.313279,-0.375567,0.355207,0.122074,0.926783,0.336189,-0.941782,-0.004801,0.662376,0.252306,-0.014863,0.705251,-0.032382,-0.247023,-0.076914,-0.008319,0.041208,-0.029352,0.375567,-0.926783,0.004801,0.000000,0.000000,0.000000,-1,0.364807,-0.884979,0.003662,-0.013341,-0.365894,-0.080108,161.890350,179.160141,-741.824585,0,0
1.720000,1.575823,1.181514,-1.242208,0.874050,0.303317,-0.379520,0.359219,0.122475,0.925182,0.327105,-0.944986,-0.001908,0.662096,0.250166,-0.019791,0.706155,0.027315,-0.087977,-0.067651,-0.042728,0.049587,0.000244,0.379520,-0.925182,0.001908,0.000000,0.000000,0.000000,-1,0.315369,-0.909073,-0.029816,0.043391,-0.118786,-0.028663,161.539948,177.763184,-742.158569,0,0
1.760000,1.575011,1.181738,-1.242665,0.874534,0.302176,-0.379314,0.359080,0.122244,0.925267,0.325963,-0.945381,-0.001598,0.662172,0.249654,-0.020143,0.706254,0.054117,-0.021115,-0.019304,-0.072048,0.010670,-0.046887,0.379314,-0.925267,0.001599,0.000000,0.000000,0.000000,-1,0.317596,-0.901352,-0.021973,0.073222,-0.135719,-0.008704,161.189529,177.413940,-741.490540,0,0
1.800000,1.580737,1.181896,-1.249868,0.874903,0.301310,-0.379152,0.359811,0.119608,0.925327,0.324160,-0.945995,-0.003769,0.663149,0.249236,-0.020731,0.705468,0.077408,0.005377,-0.038841,-0.062440,0.035022,-0.005646,0.379152,-0.925327,0.003769,0.000000,0.000000,0.000000,-1,0.267166,-0.905594,0.098587,0.097634,-0.066842,-0.033750,163.642410,176.715469,-742.492554,0,0
1.840000,1.605159,1.183060,-1.271682,0.874015,0.305469,-0.377870,0.361305,0.111414,0.925767,0.324893,-0.945661,-0.012990,0.666256,0.250194,-0.019879,0.702218,0.246167,0.112738,0.146029,-0.148424,0.014528,0.156368,0.377870,-0.925767,0.012990,0.000000,0.000000,0.000000,-1,0.239029,-0.935944,0.160110,0.376523,0.083166,0.308208,161.715149,176.890091,-741.657593,0,0
1.880000,1.637382,1.191038,-1.300634,0.875325,0.311447,-0.369875,0.357250,0.098934,0.928754,0.325851,-0.944685,-0.029206,0.672934,0.248521,-0.014519,0.696553,0.385628,0.243604,0.451315,-0.064518,-0.035736,0.038711,0.365757,-0.930252,0.029206,0.000000,0.000000,0.000000,-1,0.455917,-0.973694,-0.008331,0.423947,-0.023624,0.501764,159.612686,176.890091,-740.989563,0,0
1.920000,1.685463,1.208974,-1.348152,0.880914,0.316748,-0.351654,0.345241,0.078162,0.935254,0.323726,-0.945284,-0.040501,0.678832,0.243797,-0.010285,0.692563,0.325026,-0.009710,0.503121,0.183075,-0.017322,-0.066090,0.351654,-0.935254,0.040501,0.000000,0.000000,0.000000,-1,0.674728,-0.854538,0.057236,0.254704,-0.073521,0.459178,160.313507,177.937805,-740.989563,0,0
1.960000,1.721484,1.222004,-1.373551,0.881702,0.329289,-0.337891,0.335137,0.066975,0.939786,0.332091,-0.941851,-0.051305,0.683014,0.243196,-0.002123,0.688726,0.063188,0.530330,0.046144,0.306839,0.106214,0.067439,0.337891,-0.939786,0.051305,0.000000,0.000000,0.000000,-1,0.560562,-0.861969,0.119537,0.083090,0.468535,-0.053025,158.911850,176.191605,-740.321533,0,0
2.000000,1.744249,1.220303,-1.379867,0.875548,0.345008,-0.338209,0.337121,0.065160,0.939204,0.346070,-0.936335,-0.059259,0.683675,0.249435,0.002875,0.685830,0.112659,0.518472,-0.084121,0.180667,0.071604,0.066184,0.338209,-0.939204,0.059259,0.000000,0.000000,0.000000,-1,0.387909,-0.881119,0.076340,0.171080,0.300973,-0.086214,158.386230,177.413940,-738.484497,0,0
2.040000,1.776654,1.216074,-1.398418,0.869278,0.358829,-0.339996,0.342182,0.059576,0.937743,0.356745,-0.931500,-0.070997,0.685693,0.255585,0.006107,0.681516,0.230681,0.230188,-0.022426,0.000794,0.060714,-0.017927,0.339996,-0.937743,0.070997,0.000000,0.000000,0.000000,-1,0.258621,-0.885086,0.044937,0.280818,0.036096,0.029717,161.715149,177.937805,-738.985535,0,0
2.080000,1.821159,1.219919,-1.443871,0.871113,0.360929,-0.333006,0.340957,0.043510,0.939071,0.353427,-0.931578,-0.085159,0.691513,0.253750,0.007383,0.676288,0.243379,-0.028023,0.297715,-0.031065,0.045090,-0.047409,0.333006,-0.939071,0.085159,0.000000,0.000000,0.000000,-1,0.404922,-0.920181,0.040894,0.179922,-0.087444,0.366458,158.911850,178.287048,-738.985535,0,0
2.120000,1.851027,1.231674,-1.474948,0.875632,0.362038,-0.319683,0.331133,0.031836,0.943047,0.351596,-0.931620,-0.092006,0.695665,0.249104,0.011469,0.673695,0.144714,0.045229,0.352703,0.167072,0.026223,-0.040630,0.319683,-0.943047,0.092006,0.000000,0.000000,0.000000,-1,0.519272,-0.898178,0.054214,0.151120,-0.057806,0.334730,157.335007,176.366226,-738.484497,0,0
2.160000,1.881838,1.239617,-1.505860,0.878525,0.363826,-0.309556,0.324473,0.021100,0.945659,0.350587,-0.931228,-0.099515,0.699453,0.246013,0.014665,0.670841,0.231206,0.032236,0.172040,0.188979,0.073559,-0.056974,0.309556,-0.945659,0.099515,0.000000,0.000000,0.000000,-1,0.453659,-0.860443,0.060287,0.260947,-0.095198,0.144347,158.736649,177.413940,-737.148499,0,0
2.200000,1.907305,1.241084,-1.533352,0.880083,0.363395,-0.305612,0.323544,0.012121,0.946136,0.347525,-0.931556,-0.106907,0.702650,0.244410,0.014912,0.668075,0.277832,-0.047317,0.147420,0.122153,0.080474,-0.036655,0.305612,-0.946135,0.106907,0.000000,0.000000,0.000000,-1,0.365997,-0.886398,0.103928,0.279065,-0.152414,0.167807,157.685410,177.763184,-737.482483,0,0
2.240000,1.945398,1.244497,-1.576839,0.883742,0.360569,-0.298312,0.320534,-0.001937,0.947235,0.340965,-0.932731,-0.117286,0.707631,0.240628,0.015069,0.664176,0.323941,-0.118173,0.266368,0.062727,0.057297,-0.011299,0.298312,-0.947235,0.117286,0.000000,0.000000,0.000000,-1,0.401550,-0.868988,0.093170,0.326343,-0.294238,0.329611,157.510208,177.239319,-737.983521,0,0
2.280000,1.997264,1.253353,-1.642652,0.892411,0.350492,-0.284181,0.311333,-0.022410,0.950037,0.326611,-0.936298,-0.129118,0.714832,0.231462,0.014839,0.659713,0.299619,-0.263326,0.331114,0.166914,0.090875,-0.026732,0.284181,-0.950037,0.129118,0.000000,0.000000,0.000000,-1,0.465378,-0.851791,0.101929,0.304958,-0.367420,0.312094,158.736649,176.366226,-737.482483,0,0
2.320000,2.035128,1.258575,-1.692518,0.898973,0.341195,-0.274650,0.304901,-0.037297,0.951654,0.314456,-0.939252,-0.137560,0.720040,0.224326,0.013821,0.656528,0.273890,-0.196639,0.260891,0.174798,0.089563,-0.034777,0.274650,-0.951654,0.137560,0.000000,0.000000,0.000000,-1,0.430237,-0.879761,0.083618,0.246306,-0.239245,0.238765,156.984589,177.064713,-736.480469,0,0
2.360000,2.068307,1.262335,-1.733060,0.903398,0.335703,-0.266789,0.299605,-0.049046,0.952802,0.306773,-0.940690,-0.144887,0.724108,0.219341,0.013804,0.653732,0.184395,-0.106626,0.192330,0.150401,0.077985,-0.097355,0.266789,-0.952802,0.144887,0.000000,0.000000,0.000000,-1,0.418289,-0.871643,0.018051,0.150418,-0.216010,0.180149,157.685410,177.064713,-735.144470,0,0
2.400000,2.080816,1.265350,-1.751308,0.906461,0.330830,-0.262448,0.295833,-0.053989,0.953713,0.301348,-0.942145,-0.146809,0.725820,0.215847,0.013398,0.653005,0.044975,-0.247652,0.182802,0.154636,0.073281,-0.150578,0.262448,-0.953713,0.146809,0.000000,0.000000,0.000000,-1,0.492554,-0.898499,-0.032791,-0.043206,-0.456657,0.196134,157.159790,178.287048,-735.979492,0,0
2.440000,2.035869,1.276274,-1.731676,0.916100,0.305688,-0.259452,0.286534,-0.046500,0.956941,0.280461,-0.950996,-0.130188,0.723324,0.204688,0.007261,0.659434,-0.366335,-0.751385,0.066192,0.236306,0.053270,-0.160065,0.259452,-0.956941,0.130188,0.000000,0.000000,0.000000,-1,0.471909,-0.940369,-0.042618,-0.486705,-1.025250,-0.011283,158.736649,176.715469,-738.484497,0,0
2.480000,1.935980,1.283138,-1.666942,0.925825,0.269488,-0.264999,0.282397,-0.027235,0.958911,0.251198,-0.962619,-0.101318,0.716655,0.192521,-0.004815,0.670312,-0.573469,-1.095143,-0.096977,0.182541,-0.067731,-0.155151,0.264999,-0.958911,0.101318,0.000000,0.000000,0.000000,-1,0.488815,-1.369598,-0.076859,-0.553156,-1.223663,-0.112835,159.437469,176.366226,-739.820557,0,0
2.520000,1.843458,1.284381,-1.603851,0.932221,0.238617,-0.272078,0.282361,-0.009337,0.959263,0.226356,-0.971069,-0.076080,0.710218,0.183387,-0.016095,0.679486,-0.660971,-0.963848,-0.209359,0.161088,-0.501110,-0.243622,0.272078,-0.959263,0.076080,0.000000,0.000000,0.000000,-1,0.464355,-1.274307,-0.278595,-0.906442,-0.887810,-0.264696,159.787888,177.064713,-740.154541,0,0
2.560000,1.574840,1.274020,-1.355983,0.933436,0.207796,-0.292436,0.285717,0.062338,0.956284,0.216942,-0.976184,-0.001183,0.684156,0.180336,-0.027587,0.706150,-1.817738,-0.517034,-0.592201,0.193449,-0.217452,-0.184639,0.292436,-0.956284,0.001183,0.000000,0.000000,0.000000,-1,0.430740,-1.172272,-0.141769,-1.908480,-0.589574,-0.748563,163.116806,177.239319,-746.333618,0,0
2.600000,1.336005,1.236227,-1.126928,0.929522,0.184398,-0.319353,0.296543,0.141010,0.944552,0.219206,-0.972684,0.076390,0.654240,0.183779,-0.038268,0.732619,-1.824767,-0.615864,-0.744853,0.084685,-0.231763,-0.030543,0.319353,-0.944552,-0.076390,0.000000,0.000000,0.000000,-1,0.367828,-1.101166,-0.047302,-1.620670,-1.119636,-0.722750,163.116806,177.239319,-748.671631,0,0
2.640000,1.166566,1.188289,-1.002998,0.930635,0.127108,-0.343166,0.314680,0.200724,0.927732,0.186804,-0.971367,0.146802,0.629108,0.175561,-0.062136,0.754679,-1.160437,-1.561759,-0.875553,0.062398,-0.074252,0.206373,0.343166,-0.927732,-0.146802,0.000000,0.000000,0.000000,-1,0.387222,-0.887695,0.236450,-0.936049,-1.657437,-0.912956,165.219269,178.636292,-753.347717,0,0
2.680000,1.097909,1.151589,-0.977209,0.928825,0.077290,-0.362367,0.337409,0.227671,0.913412,0.153099,-0.970666,0.185388,0.615582,0.168418,-0.084988,0.765161,-0.678286,-1.425239,-1.045295,0.045332,0.070333,0.476221,0.362367,-0.913412,-0.185388,0.000000,0.000000,0.000000,-1,0.403152,-0.691528,0.131577,-0.632395,-1.566448,-1.042232,167.672150,177.937805,-755.685791,0,0
2.720000,1.044147,1.106505,-0.979773,0.921936,0.013335,-0.387112,0.371832,0.249513,0.894139,0.108513,-0.968280,0.225077,0.601529,0.160078,-0.115788,0.774036,-0.266521,-1.371053,-0.972427,-0.034085,0.242024,0.354624,0.387112,-0.894139,-0.225077,0.000000,0.000000,0.000000,-1,0.135437,-0.705978,0.030624,-0.014073,-1.458084,-0.900616,167.496948,181.604828,-757.188782,0,0
2.760000,1.026673,1.069327,-1.030008,0.909685,-0.057566,-0.411290,0.412118,0.247478,0.876877,0.051307,-0.967182,0.248851,0.594423,0.149116,-0.151400,0.775566,0.180929,-0.974283,-0.810018,-0.331990,0.128067,0.209162,0.411290,-0.876877,-0.248851,0.000000,0.000000,0.000000,-1,0.107529,-0.701813,-0.097931,0.280191,-0.932045,-0.788160,170.125046,184.224121,-759.025818,0,0
2.800000,1.043154,1.054713,-1.074229,0.900580,-0.084679,-0.426363,0.433876,0.235098,0.869759,0.026586,-0.968276,0.248464,0.595193,0.146674,-0.167919,0.772033,0.510972,-0.572399,-0.770794,-0.283433,0.163475,0.131887,0.426363,-0.869759,-0.248464,0.000000,0.000000,0.000000,-1,0.133743,-0.756577,-0.135498,0.618778,-0.805715,-0.681836,168.723389,183.874893,-758.357788,0,0
2.840000,1.085433,1.044971,-1.164847,0.887072,-0.126514,-0.443957,0.461134,0.198207,0.864910,-0.021428,-0.971961,0.234164,0.603055,0.138718,-0.192928,0.761486,0.911861,-0.698066,-0.442765,-0.368304,0.078289,0.170885,0.443957,-0.864910,-0.234164,0.000000,0.000000,0.000000,-1,0.124802,-0.779968,-0.092621,1.032370,-0.650533,-0.426484,170.650650,184.049500,-758.190796,0,0
2.880000,1.146026,1.051170,-1.255891,0.879620,-0.146893,-0.452428,0.472138,0.153796,0.868005,-0.057922,-0.977123,0.204636,0.616682,0.131853,-0.206894,0.748006,1.145786,-0.369063,-0.220257,-0.298482,0.100808,-0.003860,0.452428,-0.868005,-0.204636,0.000000,0.000000,0.000000,-1,0.230988,-0.755005,-0.309082,1.122032,-0.443287,-0.091209,172.052307,185.097229,-754.850769,0,0
2.920000,1.187826,1.063312,-1.314756,0.878866,-0.156195,-0.450775,0.470137,0.123075,0.873970,-0.081030,-0.980028,0.181600,0.627334,0.125110,-0.211931,0.738840,0.923928,-0.276294,0.135988,-0.144623,0.096046,-0.151347,0.450775,-0.873970,-0.181600,0.000000,0.000000,0.000000,-1,0.465607,-0.834930,-0.353012,0.813780,-0.361228,0.193703,169.249008,183.700272,-755.184753,0,0
2.960000,1.224889,1.084253,-1.374348,0.881779,-0.170212,-0.439878,0.458580,0.091264,0.883954,-0.110315,-0.981172,0.158531,0.638746,0.112865,-0.215341,0.729996,0.530330,-0.459750,0.114561,0.225756,0.055509,-0.237419,0.439878,-0.883954,-0.158531,0.000000,0.000000,0.000000,-1,0.799286,-0.854507,-0.447098,0.453519,-0.726197,0.026999,170.475449,184.922607,-754.683716,0,0
3.000000,1.223295,1.086053,-1.397951,0.878081,-0.192399,-0.438128,0.459038,0.080142,0.884795,-0.135121,-0.978039,0.158690,0.640166,0.104129,-0.223867,0.727481,0.217113,-0.934207,-0.242573,0.412351,-0.018343,-0.347994,0.438128,-0.884794,-0.158690,0.000000,0.000000,0.000000,-1,0.773575,-0.942093,-0.639893,0.062398,-1.082064,-0.431929,171.351486,186.144943,-754.516724,0,0
3.040000,1.194243,1.063290,-1.407389,0.861721,-0.230604,-0.451949,0.479525,0.079063,0.873959,-0.165806,-0.969830,0.178710,0.633235,0.098274,-0.243888,0.727924,-0.275554,-0.813981,-0.661045,0.175248,-0.002643,-0.390000,0.451949,-0.873959,-0.178710,0.000000,0.000000,0.000000,-1,0.322495,-0.737442,-0.404510,-0.323930,-0.805598,-0.593794,172.753128,185.795700,-754.516724,0,0
3.080000,1.152443,1.036937,-1.392419,0.846211,-0.260240,-0.464975,0.500785,0.090288,0.860850,-0.182045,-0.961313,0.206727,0.622333,0.096630,-0.259917,0.731988,-0.313984,-0.500528,-0.200382,-0.264215,0.072688,0.034150,0.464975,-0.860850,-0.206727,0.000000,0.000000,0.000000,-1,0.430573,-0.996902,-0.108261,-0.210459,-0.698873,-0.126427,173.453949,185.097229,-756.520752,0,0
3.120000,1.129778,1.031308,-1.387798,0.840603,-0.278540,-0.464545,0.505119,0.093482,0.857972,-0.195553,-0.955864,0.219277,0.618030,0.091654,-0.267017,0.733717,-0.101255,-0.614955,-0.152216,0.084695,-0.120407,0.173852,0.464545,-0.857972,-0.219277,0.000000,0.000000,0.000000,-1,0.695206,-1.199646,-0.335220,-0.274595,-0.550628,-0.248717,171.877106,186.319565,-756.019775,0,1
3.160000,1.095975,1.007916,-1.349425,0.834190,-0.280873,-0.474592,0.520603,0.117167,0.845721,-0.181933,-0.952566,0.243963,0.606849,0.098760,-0.270465,0.740831,-1.035042,0.419775,-0.165740,0.012530,-0.625638,-0.080180,0.474592,-0.845721,-0.243962,0.000000,0.000000,0.000000,-1,-0.206467,-1.106644,0.083267,-0.717405,0.321229,-0.002052,172.753128,186.494186,-759.192810,0,0
3.200000,1.114850,1.015297,-1.315081,0.849409,-0.233042,-0.473494,0.510219,0.133391,0.849637,-0.134841,-0.963275,0.232206,0.609059,0.113772,-0.249703,0.744145,0.269855,1.978618,0.747850,-0.639723,0.209028,0.722044,0.473494,-0.849637,-0.232206,0.000000,0.000000,0.000000,-1,0.254120,-0.754776,0.432953,0.458891,2.337959,0.828982,172.402710,188.589630,-759.860840,0,0
3.240000,1.202135,1.044209,-1.328264,0.869384,-0.156144,-0.468818,0.487877,0.120702,0.864527,-0.078404,-0.980332,0.181116,0.626013,0.132478,-0.218534,0.736750,0.832841,2.646580,0.760968,-0.049643,-0.002279,0.466592,0.468818,-0.864527,-0.181116,0.000000,0.000000,0.000000,-1,0.821686,-1.074921,0.209381,0.903177,2.449206,0.773589,172.928329,188.065765,-755.685791,0,0
3.280000,1.370699,1.098671,-1.387442,0.894443,-0.036291,-0.445706,0.447157,0.082919,0.890604,0.004637,-0.995895,0.090394,0.655959,0.156590,-0.168101,0.718985,0.746144,2.080793,1.005941,0.397540,-0.177725,0.171312,0.445706,-0.890604,-0.090394,0.000000,0.000000,0.000000,-1,0.619751,-0.944687,0.025650,0.622500,1.816451,0.903993,169.424210,188.415009,-753.681763,0,0
3.320000,1.491819,1.138240,-1.435562,0.907440,0.043848,-0.417887,0.415366,0.056517,0.907897,0.063428,-0.997438,0.033072,0.674139,0.170297,-0.131449,0.706581,0.720081,1.968225,0.883345,-0.024164,0.058730,0.109916,0.417887,-0.907897,-0.033072,0.000000,0.000000,0.000000,-1,0.340576,-0.857803,0.099503,0.834187,1.889632,0.919413,168.022568,186.668808,-749.339661,0,0
3.360000,1.607949,1.166473,-1.498531,0.913655,0.103382,-0.393125,0.392370,0.028404,0.919369,0.106213,-0.994236,-0.014612,0.689178,0.179835,-0.104078,0.694163,0.922185,1.880298,0.928318,-0.077986,0.056454,0.104131,0.393125,-0.919369,0.014612,0.000000,0.000000,0.000000,-1,0.442673,-0.853683,0.095657,0.904106,1.592765,0.913600,168.022568,184.922607,-748.337646,0,0
3.400000,1.799448,1.202359,-1.634727,0.921236,0.168152,-0.350784,0.359423,-0.023010,0.932891,0.148796,-0.985492,-0.081635,0.711667,0.185331,-0.070956,0.673905,0.982212,0.907728,0.691645,0.183166,0.132736,-0.007538,0.350784,-0.932891,0.081635,0.000000,0.000000,0.000000,-1,0.494431,-0.755905,-0.010330,1.098088,0.508483,0.415344,167.146530,185.446472,-744.162598,0,0
3.440000,1.944247,1.206135,-1.762772,0.923480,0.192162,-0.332051,0.350081,-0.068045,0.934245,0.156931,-0.979001,-0.130110,0.728292,0.186135,-0.060113,0.656758,1.049707,0.548906,0.355298,0.102824,0.148936,-0.139952,0.332051,-0.934245,0.130110,0.000000,0.000000,0.000000,-1,0.204315,-0.951553,0.016327,1.000153,0.505253,0.383463,166.095306,185.446472,-742.826599,0,0
3.480000,2.044073,1.206133,-1.849872,0.924939,0.209105,-0.317433,0.342836,-0.098241,0.934244,0.164170,-0.972946,-0.162556,0.739212,0.186666,-0.051833,0.645008,0.846249,0.666819,0.510184,-0.113118,-0.017309,-0.146229,0.317433,-0.934244,0.162556,0.000000,0.000000,0.000000,-1,0.184860,-0.966965,-0.036545,0.726851,0.606337,0.628546,165.219269,185.271851,-740.989563,0,0
3.520000,2.161236,1.220643,-1.945323,0.929869,0.232679,-0.284964,0.319263,-0.125496,0.939320,0.182798,-0.964423,-0.190980,0.749391,0.184130,-0.034083,0.635097,0.294521,0.708594,0.801153,-0.012365,0.006566,-0.203508,0.284964,-0.939320,0.190980,0.000000,0.000000,0.000000,-1,0.516129,-0.873245,0.105957,0.173198,0.717721,0.675631,162.415970,186.319565,-739.653564,0,0
3.560000,2.275363,1.239707,-2.024913,0.931616,0.265992,-0.247671,0.292127,-0.142599,0.945689,0.216228,-0.953370,-0.210551,0.755772,0.184619,-0.010401,0.628185,0.216574,0.692134,0.431913,0.361186,0.092112,-0.072261,0.247671,-0.945689,0.210551,0.000000,0.000000,0.000000,-1,0.679459,-0.745056,0.075134,0.254689,0.447937,0.348325,162.591187,184.398743,-741.490540,0,1
3.600000,2.331016,1.238996,-2.068891,0.931118,0.278017,-0.236063,0.286165,-0.155626,0.945458,0.226116,-0.947886,-0.224465,0.760133,0.185554,-0.003271,0.622701,0.299807,0.140266,0.060121,0.435706,0.234795,-0.180809,0.236063,-0.945458,0.224465,0.000000,0.000000,0.000000,-1,0.626678,-0.694992,-0.024673,0.234872,0.020106,-0.028209,161.715149,184.922607,-738.985535,0,0
3.640000,2.331965,1.232265,-2.063493,0.927971,0.284696,-0.240452,0.292602,-0.157085,0.943243,0.230767,-0.945660,-0.229074,0.760613,0.189748,-0.003183,0.620849,-0.086307,0.165199,-0.276125,0.272640,0.157370,-0.235452,0.240452,-0.943243,0.229074,0.000000,0.000000,0.000000,-1,0.414062,-0.961349,0.065643,-0.177565,-0.199692,-0.246052,160.138290,184.747986,-739.820557,0,0
3.680000,2.291609,1.229961,-2.027069,0.926418,0.280507,-0.251130,0.300079,-0.147283,0.942476,0.227384,-0.948485,-0.220620,0.757351,0.191650,-0.007839,0.624202,-0.257715,-0.433735,-0.216219,0.126052,-0.130385,-0.201821,0.251130,-0.942476,0.220620,0.000000,0.000000,0.000000,-1,0.400208,-1.140411,-0.063370,-0.372438,-0.650271,-0.236552,162.415970,186.319565,-738.651489,0,0
3.720000,2.163589,1.238353,-1.913924,0.926232,0.262357,-0.270672,0.307329,-0.109796,0.945248,0.218273,-0.958704,-0.182327,0.744707,0.191245,-0.017590,0.639161,-1.606544,-0.536220,-0.669990,0.476673,-0.544758,-0.539764,0.270672,-0.945248,0.182327,0.000000,0.000000,0.000000,-1,0.728043,-1.354950,-0.484009,-1.896209,-0.764649,-0.842579,163.817627,184.922607,-741.323547,0,0
3.760000,1.839997,1.239148,-1.610803,0.921362,0.229294,-0.313875,0.325341,-0.013023,0.945507,0.212711,-0.973270,-0.086597,0.710806,0.195072,-0.035581,0.674859,-2.808470,-1.293003,-1.223479,0.421767,-0.427341,-0.677982,0.313875,-0.945507,0.086597,0.000000,0.000000,0.000000,-1,0.637695,-1.592789,-0.237183,-2.855697,-1.706894,-1.348973,166.270508,187.367294,-747.335632,0,0
3.800000,1.475770,1.193290,-1.292594,0.915870,0.162903,-0.366940,0.354431,0.101229,0.929587,0.188578,-0.981435,0.034974,0.667021,0.193897,-0.066850,0.716253,-2.141028,-1.663411,-1.492966,0.081043,-0.748575,0.235414,0.366940,-0.929587,-0.034974,0.000000,0.000000,0.000000,-1,0.343979,-1.635880,0.526794,-2.050868,-1.387854,-1.413533,167.146530,187.891144,-751.176697,0,0
3.840000,1.284863,1.126258,-1.142296,0.905040,0.103341,-0.412581,0.391161,0.178685,0.902810,0.167019,-0.978464,0.121294,0.633455,0.195161,-0.096914,0.742465,-1.427687,-1.331252,-1.291711,-0.281508,-0.351768,0.704317,0.412581,-0.902809,-0.121294,0.000000,0.000000,0.000000,-1,0.555786,-0.843292,0.074051,-1.206133,-1.420468,-1.254629,168.372986,189.462723,-753.013733,0,0
3.880000,1.201209,1.081470,-1.095464,0.897119,0.055471,-0.438293,0.417924,0.215102,0.882650,0.143239,-0.975015,0.169790,0.614863,0.192480,-0.119967,0.755316,-1.047394,-1.542927,-1.051356,0.117493,0.039357,0.243841,0.438293,-0.882650,-0.169790,0.000000,0.000000,0.000000,-1,0.097519,-0.583725,0.157043,-0.830965,-1.464180,-0.715007,168.723389,191.558167,-757.021790,0,0
3.920000,1.095677,1.037320,-1.051254,0.891754,-0.016938,-0.452204,0.441427,0.252476,0.861045,0.099586,-0.967455,0.232624,0.593012,0.178954,-0.148655,0.770852,-0.467499,-1.234517,-0.425164,-0.503290,0.348487,0.415271,0.452204,-0.861045,-0.232624,0.000000,0.000000,0.000000,-1,-0.206253,-0.428543,0.201981,-0.312929,-1.200787,-0.414491,170.125046,191.907410,-759.025818,0,0
3.960000,1.068055,1.021951,-1.064187,0.887458,-0.058579,-0.457150,0.456174,0.253138,0.853127,0.065747,-0.965655,0.251372,0.587994,0.169047,-0.166415,0.773299,0.337645,-0.740470,-0.441587,-0.598340,0.439980,0.420790,0.457150,-0.853127,-0.251372,0.000000,0.000000,0.000000,-1,0.071014,-0.420517,0.046112,0.499401,-0.750298,-0.490365,169.073807,193.304367,-759.359802,0,0
4.000000,1.085636,1.018205,-1.117364,0.881143,-0.089396,-0.464322,0.471854,0.229932,0.851167,0.030671,-0.969092,0.244785,0.592964,0.161248,-0.182832,0.767441,0.660445,-0.794257,-0.255560,-0.398816,0.325426,0.214420,0.464322,-0.851167,-0.244785,0.000000,0.000000,0.000000,-1,0.027252,-0.642181,-0.051788,0.788858,-0.975514,-0.088326,169.949829,193.129745,-758.524780,0,0
4.040000,1.100975,1.029430,-1.175873,0.879510,-0.123882,-0.459473,0.475642,0.198258,0.857005,-0.015074,-0.972289,0.233294,0.601656,0.146163,-0.197184,0.760109,0.943980,-0.870273,-0.045598,-0.382066,0.195323,0.195192,0.459473,-0.857005,-0.233294,0.000000,0.000000,0.000000,-1,0.263885,-0.738815,-0.175873,1.047584,-0.974301,0.010934,169.249008,193.828232,-758.524780,0,0
4.080000,1.131414,1.051736,-1.246483,0.880398,-0.152800,-0.448946,0.470205,0.158075,0.868286,-0.061707,-0.975533,0.211016,0.614676,0.129094,-0.207692,0.749915,0.913343,-0.516829,0.216946,-0.105226,0.076202,-0.122251,0.448946,-0.868286,-0.211016,0.000000,0.000000,0.000000,-1,0.659164,-0.958679,-0.811630,0.471383,-0.345357,0.176131,170.300247,191.732788,-758.190796,0,0
4.120000,1.135087,1.053064,-1.248834,0.880831,-0.151098,-0.448672,0.469481,0.156604,0.868944,-0.061032,-0.976035,0.208879,0.615497,0.129319,-0.206598,0.750735,-0.646756,0.373915,-0.360242,0.854054,-0.376791,-0.783203,0.452540,-0.866038,-0.212570,0.000000,0.000000,0.000000,-1,0.963638,-0.921753,-0.783966,-0.399332,-0.872973,-0.274608,171.351486,191.383545,-757.856812,0,0
4.160000,1.079045,1.029530,-1.221424,0.871488,-0.185031,-0.454172,0.484096,0.176365,0.857057,-0.078482,-0.966778,0.243272,0.602464,0.124101,-0.221031,0.756823,-0.277222,-1.944654,-0.287900,0.191016,0.091905,-0.214125,0.454172,-0.857057,-0.243272,0.000000,0.000000,0.000000,-1,0.305573,-0.559494,-0.191177,-0.273001,-2.159112,-0.343592,170.300247,192.780502,-757.856812,0,0
4.200000,1.008523,1.009139,-1.212606,0.857522,-0.248235,-0.450595,0.498787,0.186715,0.846374,-0.125967,-0.950535,0.283929,0.588829,0.106377,-0.244792,0.762916,-0.536124,-0.726646,-0.401170,-0.198184,0.084625,0.227990,0.450595,-0.846374,-0.283929,0.000000,0.000000,0.000000,-1,0.237885,-1.017227,-0.019745,-0.603625,-0.463926,-0.401848,168.548187,192.431274,-759.192810,0,0
4.240000,0.973482,0.982711,-1.178229,0.850772,-0.256460,-0.458710,0.512568,0.212233,0.832004,-0.116023,-0.942966,0.312015,0.575874,0.111182,-0.249505,0.770555,-0.961778,0.170706,-0.120771,-0.278351,-0.774990,-0.091168,0.458710,-0.832004,-0.312015,0.000000,0.000000,0.000000,-1,0.228928,-1.223389,0.029770,-0.749446,0.525094,0.200551,167.847366,193.478989,-760.528809,0,1
4.280000,0.965718,0.971668,-1.134226,0.856022,-0.228283,-0.463803,0.511031,0.238446,0.825827,-0.077931,-0.943944,0.320775,0.569386,0.124146,-0.237859,0.777052,-0.270943,1.245138,0.163543,-0.570797,0.165335,0.642170,0.463803,-0.825827,-0.320775,0.000000,0.000000,0.000000,-1,0.035095,-0.640366,0.712479,-0.033361,1.798679,0.373061,169.424210,195.749054,-760.027832,0,0
