0.000000,-1.199276,-0.207999,-0.132960,0.385336,0.142589,0.911693,0.129712,0.969810,-0.206503,-0.913614,0.197830,0.355208,-0.122799,-0.554361,0.003911,0.823158,-0.000656,-0.005083,0.006099,-0.002553,0.003794,0.004057,-0.911693,0.206503,-0.355208,0.000000,0.000000,0.000000,-1,-0.914795,0.210587,-0.352646,-0.026624,0.005224,-0.008336,-1460.303955,2947.855713,-681.581787,0,0
0.040000,-1.199756,-0.208422,-0.133264,0.384993,0.142949,0.911782,0.129995,0.969684,-0.206917,-0.913719,0.198188,0.354739,-0.123055,-0.554516,0.003935,0.823015,-0.013449,-0.004077,0.001945,-0.005531,0.001335,0.003603,-0.911782,0.206917,-0.354739,0.000000,0.000000,0.000000,-1,-0.914780,0.207047,-0.354218,-0.037283,0.002039,-0.009306,-1460.831299,2948.383057,-679.403198,0,0
0.080000,-1.200047,-0.208671,-0.133596,0.384804,0.143104,0.911837,0.130310,0.969590,-0.207160,-0.913753,0.198537,0.354454,-0.123248,-0.554601,0.003887,0.822929,-0.013450,-0.006176,0.004083,-0.002912,0.000177,-0.001396,-0.911837,0.207160,-0.354454,0.000000,0.000000,0.000000,-1,-0.914963,0.215576,-0.351212,-0.036203,0.006285,-0.008265,-1459.600830,2948.207275,-680.911499,0,0
0.120000,-1.200483,-0.209334,-0.133857,0.384523,0.143690,0.911863,0.130544,0.969419,-0.207809,-0.913838,0.198946,0.354007,-0.123590,-0.554727,0.003994,0.822792,-0.006001,-0.006283,0.004921,-0.004488,0.007279,0.005404,-0.911863,0.207809,-0.354006,0.000000,0.000000,0.000000,-1,-0.917740,0.214249,-0.349136,-0.035140,0.007324,-0.010408,-1459.952393,2948.207275,-682.587341,0,0
0.160000,-1.201156,-0.209901,-0.134550,0.384078,0.144070,0.911991,0.131200,0.969212,-0.208363,-0.913931,0.199681,0.353351,-0.124012,-0.554929,0.003911,0.822593,-0.019844,0.002106,-0.002449,-0.004421,0.003825,-0.000699,-0.911991,0.208363,-0.353351,0.000000,0.000000,0.000000,-1,-0.917114,0.213440,-0.354111,-0.041536,0.008346,-0.014624,-1460.479736,2948.031494,-681.079041,0,0
0.200000,-1.201382,-0.210233,-0.135112,0.383992,0.144199,0.912007,0.131736,0.969069,-0.208687,-0.913890,0.200278,0.353119,-0.124302,-0.554968,0.003788,0.822524,-0.023067,-0.004269,-0.004523,-0.005886,0.008018,-0.000168,-0.912007,0.208687,-0.353119,0.000000,0.000000,0.000000,-1,-0.912918,0.215607,-0.351151,-0.055420,-0.002282,-0.018737,-1460.479736,2946.976807,-681.414246,0,0
0.240000,-1.202165,-0.210895,-0.136585,0.383571,0.144390,0.912154,0.133144,0.968737,-0.209336,-0.913863,0.201743,0.352355,-0.124979,-0.555160,0.003419,0.822293,-0.020933,0.004147,-0.009881,0.001036,0.002914,0.005202,-0.912154,0.209336,-0.352355,0.000000,0.000000,0.000000,-1,-0.911987,0.210739,-0.356949,-0.044697,0.026273,-0.023189,-1460.831299,2950.140869,-682.754944,0,0
0.280000,-1.201796,-0.210869,-0.137309,0.384010,0.144013,0.912029,0.133846,0.968646,-0.209309,-0.913576,0.202448,0.352694,-0.125170,-0.554964,0.003091,0.822397,-0.027309,0.009437,-0.010915,-0.002537,0.002651,-0.007062,-0.912029,0.209309,-0.352694,0.000000,0.000000,0.000000,-1,-0.914093,0.217422,-0.357132,-0.055371,0.016753,-0.022005,-1459.249268,2949.613525,-681.916992,0,0
0.320000,-1.201559,-0.211247,-0.138470,0.384441,0.143861,0.911871,0.134959,0.968411,-0.209679,-0.913231,0.203675,0.352881,-0.125646,-0.554772,0.002706,0.822456,-0.027335,0.000981,-0.009805,-0.001291,0.006141,-0.003869,-0.911871,0.209679,-0.352881,0.000000,0.000000,0.000000,-1,-0.915619,0.211838,-0.350052,-0.050076,0.007220,-0.022010,-1460.479736,2949.437744,-682.419800,0,0
0.360000,-1.201781,-0.211216,-0.139722,0.384373,0.143406,0.911971,0.136173,0.968248,-0.209649,-0.913079,0.204769,0.352641,-0.125981,-0.554805,0.002199,0.822384,-0.017772,-0.003277,-0.011991,-0.001084,0.000053,-0.002294,-0.911971,0.209649,-0.352641,0.000000,0.000000,0.000000,-1,-0.911606,0.209015,-0.351028,-0.042617,0.008287,-0.021007,-1459.600830,2947.855713,-682.252197,0,0
0.400000,-1.201974,-0.211160,-0.140312,0.384315,0.143159,0.912035,0.136746,0.968179,-0.209594,-0.913018,0.205267,0.352509,-0.126122,-0.554832,0.001950,0.822345,-0.017752,-0.003206,-0.004536,-0.000304,-0.001876,0.000443,-0.912035,0.209594,-0.352509,0.000000,0.000000,0.000000,-1,-0.912231,0.209381,-0.354294,-0.039392,0.010493,-0.011452,-1461.007080,2947.855713,-682.252197,0,0
0.440000,-1.201952,-0.211258,-0.140594,0.384388,0.143134,0.912008,0.137016,0.968120,-0.209690,-0.912947,0.205562,0.352522,-0.126240,-0.554799,0.001860,0.822349,-0.000680,0.005301,-0.000441,-0.001017,-0.000354,0.002470,-0.912008,0.209690,-0.352522,0.000000,0.000000,0.000000,-1,-0.915298,0.208862,-0.360703,-0.022324,0.022129,-0.012694,-1459.952393,2948.910400,-682.587341,0,0
0.480000,-1.201556,-0.211226,-0.140495,0.384732,0.143062,0.911874,0.136921,0.968140,-0.209658,-0.912817,0.205517,0.352886,-0.126199,-0.554645,0.001867,0.822459,0.000390,0.002176,0.004887,-0.003424,-0.000796,-0.007816,-0.911874,0.209658,-0.352886,0.000000,0.000000,0.000000,-1,-0.919327,0.203995,-0.358398,-0.027671,0.007381,-0.004074,-1459.249268,2947.152588,-681.581787,0,0
0.520000,-1.201997,-0.210981,-0.140664,0.384321,0.142867,0.912078,0.137092,0.968168,-0.209419,-0.912964,0.205523,0.352502,-0.126146,-0.554830,0.001756,0.822343,0.000373,-0.003151,0.002756,-0.004472,-0.006233,0.005502,-0.912078,0.209419,-0.352502,0.000000,0.000000,0.000000,-1,-0.915070,0.208344,-0.351883,-0.017037,0.007330,-0.009483,-1460.831299,2947.679932,-681.749390,0,0
0.560000,-1.201816,-0.210746,-0.140156,0.384384,0.142813,0.912060,0.136607,0.968286,-0.209189,-0.913010,0.205003,0.352684,-0.125910,-0.554801,0.001887,0.822398,0.018507,0.004290,0.005776,-0.002369,-0.001182,0.000420,-0.912060,0.209189,-0.352684,0.000000,0.000000,0.000000,-1,-0.914886,0.209030,-0.350143,-0.008500,0.009495,-0.004231,-1461.710327,2949.261963,-680.911499,0,0
0.600000,-1.201703,-0.210715,-0.139468,0.384385,0.143026,0.912026,0.135942,0.968387,-0.209159,-0.913109,0.204380,0.352790,-0.125706,-0.554800,0.002154,0.822430,0.014260,0.008522,0.005790,0.000374,0.001336,0.001625,-0.912026,0.209159,-0.352790,0.000000,0.000000,0.000000,-1,-0.916153,0.211288,-0.348526,-0.014894,0.013664,-0.011654,-1460.479736,2948.383057,-681.749390,0,0
0.640000,-1.201678,-0.210678,-0.139141,0.384356,0.143113,0.912025,0.135626,0.968439,-0.209122,-0.913168,0.204071,0.352816,-0.125600,-0.554812,0.002276,0.822437,0.008883,-0.000049,-0.003721,-0.006371,0.001083,0.003054,-0.912025,0.209122,-0.352816,0.000000,0.000000,0.000000,-1,-0.919083,0.205475,-0.347183,-0.017046,0.010438,-0.016952,-1460.128174,2947.679932,-681.749390,0,0
0.680000,-1.202123,-0.210017,-0.139052,0.383854,0.142641,0.912310,0.135559,0.968587,-0.208477,-0.913389,0.203696,0.352460,-0.125307,-0.555039,0.002153,0.822329,0.005667,-0.002243,-0.010091,-0.006757,-0.004543,0.005765,-0.912310,0.208477,-0.352460,0.000000,0.000000,0.000000,-1,-0.916977,0.201248,-0.348846,-0.020266,0.007202,-0.023307,-1461.710327,2947.152588,-680.241089,0,0
0.720000,-1.202290,-0.208890,-0.139006,0.383552,0.141674,0.912588,0.135546,0.968826,-0.207374,-0.913518,0.203237,0.352391,-0.124835,-0.555176,0.001863,0.822309,0.005693,0.003060,-0.008001,-0.004862,-0.002860,0.000020,-0.912588,0.207374,-0.352391,0.000000,0.000000,0.000000,-1,-0.921478,0.207047,-0.357376,-0.020258,0.007232,-0.020111,-1459.425049,2946.976807,-680.408691,0,0
0.760000,-1.202375,-0.208377,-0.139030,0.383414,0.141219,0.912716,0.135585,0.968928,-0.206872,-0.913570,0.203068,0.352353,-0.124633,-0.555239,0.001713,0.822298,-0.000745,-0.010740,-0.012165,-0.004703,0.002021,-0.003864,-0.912716,0.206872,-0.352353,0.000000,0.000000,0.000000,-1,-0.913757,0.208450,-0.356949,-0.026689,-0.003397,-0.024283,-1460.655518,2948.910400,-680.911499,0,0
0.800000,-1.202578,-0.208154,-0.139128,0.383213,0.141021,0.912831,0.135686,0.968960,-0.206655,-0.913639,0.203051,0.352184,-0.124569,-0.555329,0.001622,0.822246,0.001388,-0.009674,-0.012181,-0.000102,0.003718,-0.003544,-0.912831,0.206655,-0.352184,0.000000,0.000000,0.000000,-1,-0.913147,0.212723,-0.355011,-0.027747,-0.000230,-0.025352,-1460.655518,2948.558838,-681.916992,0,0
0.840000,-1.202864,-0.208010,-0.139858,0.383050,0.140666,0.912954,0.136398,0.968890,-0.206513,-0.913602,0.203630,0.351947,-0.124713,-0.555404,0.001298,0.822175,-0.013495,-0.000218,-0.019624,0.000021,0.005126,-0.003674,-0.912954,0.206513,-0.351947,0.000000,0.000000,0.000000,-1,-0.913742,0.210678,-0.357925,-0.034132,0.007117,-0.032787,-1459.600830,2948.558838,-680.576294,0,0
0.880000,-1.202612,-0.207656,-0.140307,0.383285,0.140126,0.912939,0.136843,0.968901,-0.206167,-0.913437,0.203950,0.352190,-0.124694,-0.555299,0.000998,0.822249,-0.010293,0.002957,-0.020722,0.000326,0.003123,-0.007566,-0.912939,0.206167,-0.352190,0.000000,0.000000,0.000000,-1,-0.913773,0.213715,-0.360977,-0.036245,0.012413,-0.032790,-1461.182861,2949.437744,-681.749390,0,0
0.920000,-1.202157,-0.207548,-0.141008,0.383785,0.139667,0.912799,0.137525,0.968827,-0.206061,-0.913124,0.204616,0.352614,-0.124844,-0.555074,0.000651,0.822378,-0.016694,-0.003353,-0.017441,-0.001462,0.008325,-0.007997,-0.912799,0.206061,-0.352614,0.000000,0.000000,0.000000,-1,-0.914078,0.211685,-0.354187,-0.045862,-0.002373,-0.028399,-1460.128174,2948.383057,-681.749390,0,0
0.960000,-1.202571,-0.207596,-0.141968,0.383546,0.139427,0.912936,0.138453,0.968685,-0.206108,-0.913084,0.205451,0.352231,-0.125130,-0.555182,0.000296,0.822262,-0.016744,-0.017134,-0.019509,-0.002973,0.003075,-0.004367,-0.912936,0.206108,-0.352231,0.000000,0.000000,0.000000,-1,-0.921204,0.204224,-0.356949,-0.038446,-0.008799,-0.035890,-1461.358765,2948.910400,-681.581787,0,0
1.000000,-1.203606,-0.206589,-0.143109,0.382629,0.138291,0.913493,0.139589,0.968731,-0.205122,-0.913296,0.205999,0.351361,-0.125037,-0.555594,-0.000395,0.821998,-0.018855,-0.023492,-0.021634,-0.004964,-0.002287,-0.002735,-0.913494,0.205122,-0.351361,0.000000,0.000000,0.000000,-1,-0.915924,0.201553,-0.348801,-0.039520,-0.015114,-0.031597,-1460.655518,2950.316895,-682.587341,0,0
1.040000,-1.204426,-0.206055,-0.143746,0.381899,0.137735,0.913883,0.140221,0.968750,-0.204600,-0.913505,0.206282,0.350651,-0.124997,-0.555923,-0.000756,0.821782,-0.014552,-0.011815,-0.018519,-0.000469,-0.002177,0.001805,-0.913883,0.204600,-0.350651,0.000000,0.000000,0.000000,-1,-0.911774,0.202988,-0.352615,-0.046886,0.014534,-0.032716,-1460.303955,2948.558838,-683.928040,0,0
1.080000,-1.204332,-0.205580,-0.144750,0.382060,0.136902,0.913941,0.141208,0.968705,-0.204135,-0.913285,0.207047,0.350772,-0.125083,-0.555849,-0.001310,0.821818,-0.016616,0.011469,-0.020720,-0.000930,0.000973,-0.003003,-0.913941,0.204135,-0.350772,0.000000,0.000000,0.000000,-1,-0.916046,0.207169,-0.361069,-0.035196,0.008167,-0.033848,-1461.534546,2948.383057,-682.084595,0,0
1.120000,-1.204389,-0.204663,-0.145500,0.381989,0.135798,0.914135,0.141962,0.968783,-0.203237,-0.913198,0.207406,0.350786,-0.124919,-0.555880,-0.001875,0.821821,-0.006067,-0.020317,-0.022815,-0.004886,-0.002645,-0.004194,-0.914135,0.203237,-0.350786,0.000000,0.000000,0.000000,-1,-0.915512,0.198074,-0.353638,-0.032060,-0.011948,-0.032732,-1462.061890,2949.261963,-682.252197,0,0
1.160000,-1.205186,-0.203738,-0.145891,0.381191,0.134977,0.914590,0.142367,0.968914,-0.202331,-0.913469,0.207335,0.350125,-0.124652,-0.556237,-0.002249,0.821619,-0.000617,-0.019177,-0.015430,-0.003989,-0.009079,0.004605,-0.914590,0.202331,-0.350125,0.000000,0.000000,0.000000,-1,-0.924301,0.193420,-0.344086,-0.013949,-0.012962,-0.027542,-1461.534546,2949.789307,-681.414246,0,0
1.200000,-1.206332,-0.202594,-0.145872,0.379989,0.134186,0.915206,0.142383,0.969145,-0.201211,-0.913967,0.206768,0.349159,-0.124183,-0.556776,-0.002495,0.821324,0.005776,-0.021274,-0.012285,-0.002793,-0.004555,-0.003350,-0.915206,0.201211,-0.349159,0.000000,0.000000,0.000000,-1,-0.917175,0.203400,-0.355774,-0.019267,-0.011892,-0.026439,-1459.776611,2948.734619,-681.414246,0,0
1.240000,-1.207067,-0.202081,-0.145747,0.379232,0.133921,0.915559,0.142276,0.969265,-0.200708,-0.914298,0.206377,0.348522,-0.123941,-0.557115,-0.002544,0.821130,0.008961,-0.023395,-0.013363,0.000673,0.005621,-0.002827,-0.915559,0.200708,-0.348522,0.000000,0.000000,0.000000,-1,-0.911911,0.204315,-0.351120,-0.015017,-0.014021,-0.027529,-1460.128174,2949.086182,-681.079041,0,0
1.280000,-1.207473,-0.201833,-0.145627,0.378812,0.133825,0.915747,0.142168,0.969331,-0.200466,-0.914489,0.206128,0.348169,-0.123807,-0.557304,-0.002540,0.821023,0.007906,-0.016017,-0.017638,-0.000208,0.007817,-0.003073,-0.915747,0.200466,-0.348169,0.000000,0.000000,0.000000,-1,-0.916580,0.208145,-0.346970,-0.020340,-0.007734,-0.034969,-1460.479736,2948.031494,-682.084595,0,0
1.320000,-1.208249,-0.201391,-0.145882,0.378077,0.133488,0.916100,0.142427,0.969382,-0.200032,-0.914752,0.206105,0.347489,-0.123699,-0.557632,-0.002723,0.820815,0.000538,-0.017094,-0.021839,-0.001274,0.006480,-0.003249,-0.916100,0.200032,-0.347489,0.000000,0.000000,0.000000,-1,-0.919357,0.200851,-0.348022,-0.024605,-0.009851,-0.034928,-1461.534546,2948.383057,-682.754944,0,0
1.360000,-1.209048,-0.200671,-0.146318,0.377309,0.132836,0.916511,0.142871,0.969462,-0.199327,-0.915000,0.206151,0.346808,-0.123530,-0.557975,-0.003057,0.820606,-0.004792,-0.018162,-0.022858,-0.003335,0.002043,0.002646,-0.916511,0.199327,-0.346808,0.000000,0.000000,0.000000,-1,-0.919678,0.201691,-0.341583,-0.030997,-0.009860,-0.035944,-1460.128174,2948.031494,-682.084595,0,0
1.400000,-1.210150,-0.200044,-0.146990,0.376305,0.132241,0.917010,0.143541,0.969489,-0.198713,-0.915309,0.206405,0.345842,-0.123465,-0.558422,-0.003444,0.820310,-0.007995,-0.021333,-0.021754,-0.006239,0.001894,-0.001860,-0.917010,0.198713,-0.345842,0.000000,0.000000,0.000000,-1,-0.922089,0.198395,-0.349609,-0.028899,-0.020451,-0.035920,-1460.128174,2947.328369,-681.749390,0,0
1.440000,-1.211269,-0.199298,-0.147530,0.375252,0.131592,0.917534,0.144086,0.969558,-0.197981,-0.915656,0.206496,0.344868,-0.123315,-0.558891,-0.003809,0.820012,-0.005877,-0.021372,-0.026030,-0.001487,0.004320,-0.000713,-0.917534,0.197981,-0.344868,0.000000,0.000000,0.000000,-1,-0.915436,0.202332,-0.342041,-0.029952,-0.013077,-0.040201,-1461.534546,2949.086182,-681.749390,0,0
1.480000,-1.212242,-0.198835,-0.148144,0.374378,0.131143,0.917956,0.144695,0.969560,-0.197528,-0.915917,0.206773,0.344006,-0.123300,-0.559280,-0.004133,0.819748,-0.011116,-0.023412,-0.019582,0.003466,0.002973,-0.000766,-0.917956,0.197528,-0.344006,0.000000,0.000000,0.000000,-1,-0.913422,0.196838,-0.344635,-0.036295,-0.007671,-0.028453,-1461.358765,2949.261963,-681.246643,0,0
1.520000,-1.212677,-0.198469,-0.148507,0.373979,0.130765,0.918172,0.145058,0.969579,-0.197169,-0.916023,0.206925,0.343633,-0.123255,-0.559457,-0.004360,0.819633,-0.003615,-0.014861,-0.011150,0.003286,-0.001734,0.000280,-0.918172,0.197169,-0.343633,0.000000,0.000000,0.000000,-1,-0.922226,0.192932,-0.337936,-0.024569,-0.010763,-0.018945,-1461.710327,2948.910400,-681.916992,0,0
1.560000,-1.213850,-0.197657,-0.147807,0.372702,0.130531,0.918725,0.144402,0.969838,-0.196373,-0.916647,0.205854,0.342612,-0.122732,-0.560028,-0.004233,0.819322,0.042212,-0.007385,-0.003016,-0.001472,-0.003685,0.001608,-0.918725,0.196373,-0.342611,0.000000,0.000000,0.000000,-1,-0.922485,0.194336,-0.345322,0.021286,0.009389,-0.015115,-1461.886108,2949.086182,-681.414246,0,0
1.600000,-1.213434,-0.197053,-0.146075,0.372775,0.130541,0.918693,0.142740,0.970204,-0.195780,-0.916877,0.204116,0.343035,-0.122001,-0.559999,-0.003721,0.819453,0.036912,-0.009390,0.008750,-0.003212,0.004385,-0.001829,-0.918693,0.195780,-0.343035,0.000000,0.000000,0.000000,-1,-0.916580,0.203049,-0.342468,0.008513,-0.004209,0.003146,-1461.886108,2948.383057,-683.760498,0,0
1.640000,-1.213726,-0.197741,-0.145028,0.372463,0.131617,0.918667,0.141704,0.970219,-0.196455,-0.917165,0.203351,0.342720,-0.121987,-0.560142,-0.003077,0.819360,0.019981,-0.023960,0.033482,0.006313,0.006624,0.003929,-0.918667,0.196455,-0.342720,0.000000,0.000000,0.000000,-1,-0.911545,0.213150,-0.341858,-0.029765,-0.005052,0.025817,-1460.128174,2948.031494,-682.084595,0,0
1.680000,-1.214039,-0.200302,-0.144600,0.372458,0.134168,0.918299,0.141216,0.969779,-0.198966,-0.917242,0.203785,0.342256,-0.122907,-0.560148,-0.002151,0.819221,-0.018241,-0.003629,0.055022,-0.000158,0.024423,0.000260,-0.918299,0.198966,-0.342256,0.000000,0.000000,0.000000,-1,-0.917862,0.205597,-0.308411,-0.044661,-0.028053,0.057979,-1462.413452,2951.020020,-682.587341,0,0
1.720000,-1.216261,-0.204415,-0.144440,0.370941,0.138418,0.918283,0.140941,0.968983,-0.202994,-0.917899,0.204723,0.339927,-0.124530,-0.560829,-0.000771,0.818513,0.001066,0.031461,0.072858,0.006951,-0.010108,0.021202,-0.918283,0.202994,-0.339927,0.000000,0.000000,0.000000,-1,-0.910294,0.205566,-0.357697,-0.013502,0.055719,0.069142,-1460.128174,2950.492676,-681.749390,0,0
1.760000,-1.213830,-0.206960,-0.142945,0.373297,0.140789,0.916967,0.139419,0.968678,-0.205486,-0.917176,0.204550,0.341976,-0.125142,-0.559778,0.000418,0.819139,0.017173,0.050817,0.103558,0.010122,0.010472,-0.015690,-0.916967,0.205486,-0.341976,0.000000,0.000000,0.000000,-1,-0.884964,0.244598,-0.333572,-0.023947,0.087890,0.111715,-1460.831299,2950.492676,-681.749390,0,0
1.800000,-1.209814,-0.213258,-0.141269,0.377554,0.146303,0.914357,0.137610,0.967610,-0.211646,-0.915706,0.205732,0.345192,-0.127231,-0.557867,0.002650,0.820115,-0.030517,0.100910,0.135723,0.030476,0.049463,0.018318,-0.914357,0.211646,-0.345192,0.000000,0.000000,0.000000,-1,-0.900543,0.269699,-0.310211,-0.063203,0.120881,0.127876,-1460.831299,2948.383057,-681.749390,0,0
1.840000,-1.205435,-0.219797,-0.140294,0.382253,0.151678,0.911524,0.136471,0.966353,-0.218031,-0.913925,0.207739,0.348692,-0.129623,-0.555745,0.004630,0.821173,0.015356,0.134764,0.133123,0.000514,0.033129,0.049833,-0.911524,0.218031,-0.348692,0.000000,0.000000,0.000000,-1,-0.928574,0.219009,-0.318558,0.050797,0.167208,0.100185,-1459.600830,2948.558838,-681.916992,0,0
1.880000,-1.196845,-0.223664,-0.135596,0.389854,0.155199,0.907704,0.131813,0.966141,-0.221804,-0.911394,0.206119,0.356197,-0.129920,-0.552288,0.007100,0.823437,0.032405,0.176702,0.088089,-0.027217,0.013212,0.009807,-0.907704,0.221804,-0.356197,0.000000,0.000000,0.000000,-1,-0.933014,0.246033,-0.350449,0.010254,0.170051,0.063202,-1459.600830,2947.504150,-681.916992,0,0
1.920000,-1.190017,-0.226062,-0.132816,0.395927,0.157039,0.904754,0.129057,0.965974,-0.224141,-0.909168,0.205508,0.362188,-0.130159,-0.549513,0.008477,0.825241,0.075938,0.158445,0.062256,-0.004166,-0.004247,0.032568,-0.904754,0.224141,-0.362188,0.000000,0.000000,0.000000,-1,-0.904678,0.212250,-0.334015,0.055993,0.173020,0.041530,-1459.952393,2949.613525,-681.246643,0,0
1.960000,-1.184916,-0.226378,-0.130041,0.400162,0.157383,0.902829,0.126366,0.966258,-0.224450,-0.907691,0.203903,0.366771,-0.129550,-0.547568,0.009381,0.826618,0.083407,0.176304,0.047213,-0.013064,-0.019677,0.008510,-0.902829,0.224450,-0.366771,0.000000,0.000000,0.000000,-1,-0.922760,0.217575,-0.370682,0.074046,0.172838,0.022215,-1460.303955,2948.558838,-682.252197,0,0
2.000000,-1.177781,-0.225847,-0.125932,0.405924,0.157119,0.900300,0.122410,0.966887,-0.223932,-0.905672,0.201105,0.373249,-0.128245,-0.544911,0.010473,0.828562,0.091718,0.132589,0.016414,-0.020538,-0.006647,0.002919,-0.900300,0.223932,-0.373249,0.000000,0.000000,0.000000,-1,-0.917114,0.207489,-0.369202,0.048281,0.128075,-0.008312,-1459.249268,2948.910400,-682.252197,0,0
2.040000,-1.173590,-0.224004,-0.123953,0.409202,0.155442,0.899106,0.120547,0.967535,-0.222135,-0.904446,0.199282,0.377179,-0.126972,-0.543405,0.010514,0.829746,0.054152,0.078067,-0.038493,-0.015262,-0.025816,0.004819,-0.899106,0.222135,-0.377179,0.000000,0.000000,0.000000,-1,-0.925415,0.183380,-0.386215,0.055391,0.059776,-0.063508,-1459.600830,2948.207275,-680.241089,0,0
2.080000,-1.171225,-0.220168,-0.121757,0.410579,0.152451,0.898990,0.118524,0.968636,-0.218393,-0.904089,0.196220,0.379633,-0.124810,-0.542776,0.010213,0.830489,0.090155,0.021805,-0.051357,-0.027798,-0.039774,-0.001944,-0.898990,0.218394,-0.379633,0.000000,0.000000,0.000000,-1,-0.934845,0.169296,-0.379547,0.064839,0.015289,-0.063414,-1459.600830,2949.965088,-682.587341,0,0
2.120000,-1.171422,-0.215822,-0.119494,0.409589,0.149537,0.899931,0.116444,0.969835,-0.214150,-0.904808,0.192506,0.379821,-0.122406,-0.543237,0.009961,0.830549,0.075097,-0.025906,-0.056404,-0.028200,-0.046594,-0.004517,-0.899931,0.214150,-0.379821,0.000000,0.000000,0.000000,-1,-0.905930,0.180176,-0.393234,0.043460,-0.011203,-0.065280,-1460.479736,2948.031494,-681.749390,0,0
2.160000,-1.171437,-0.209324,-0.117570,0.408601,0.144516,0.901200,0.114739,0.971419,-0.207799,-0.905472,0.188310,0.380341,-0.119207,-0.543709,0.008961,0.830717,0.072126,-0.016188,-0.043583,-0.004730,-0.027623,-0.012894,-0.901200,0.207799,-0.380341,0.000000,0.000000,0.000000,-1,-0.890472,0.187042,-0.402573,0.050938,-0.018442,-0.046135,-1459.073364,2947.679932,-682.419800,0,0
2.200000,-1.170881,-0.206028,-0.115634,0.408481,0.142252,0.901614,0.112936,0.972314,-0.204573,-0.905753,0.185389,0.381106,-0.117325,-0.543766,0.008820,0.830949,0.082800,-0.023446,-0.027675,0.006243,-0.019927,-0.013074,-0.901614,0.204573,-0.381106,0.000000,0.000000,0.000000,-1,-0.889435,0.191620,-0.424652,0.076600,0.000803,-0.026165,-1459.600830,2946.801025,-681.581787,0,0
2.240000,-1.166204,-0.202298,-0.110039,0.411546,0.140353,0.900517,0.107578,0.973683,-0.200921,-0.905017,0.179564,0.385617,-0.114288,-0.542337,0.009845,0.832293,0.123457,0.007640,0.008103,0.009297,-0.005425,-0.040226,-0.900517,0.200921,-0.385617,0.000000,0.000000,0.000000,-1,-0.879837,0.198135,-0.419540,0.096958,0.016981,0.005576,-1460.128174,2947.328369,-681.414246,0,0
2.280000,-1.163572,-0.200985,-0.103833,0.412929,0.141272,0.899740,0.101560,0.974593,-0.199635,-0.905083,0.173813,0.388090,-0.112078,-0.541658,0.011918,0.833008,0.112924,0.021688,0.036897,0.022375,0.000805,-0.030138,-0.899740,0.199635,-0.388090,0.000000,0.000000,0.000000,-1,-0.889618,0.205093,-0.419693,0.077912,0.033139,0.034427,-1461.710327,2949.261963,-681.916992,0,0
2.320000,-1.159384,-0.201504,-0.098811,0.416051,0.143097,0.898012,0.096654,0.974988,-0.200143,-0.904190,0.170066,0.391813,-0.110961,-0.540168,0.013920,0.834094,0.088493,0.011327,0.052117,0.000978,0.006888,-0.024736,-0.898012,0.200143,-0.391813,0.000000,0.000000,0.000000,-1,-0.899338,0.211319,-0.419693,0.054443,0.012031,0.042146,-1460.128174,2949.789307,-683.090088,0,0
2.360000,-1.157468,-0.202677,-0.095823,0.417454,0.145067,0.897044,0.093718,0.975038,-0.201293,-0.903853,0.168099,0.393438,-0.110655,-0.539478,0.015382,0.834555,0.057551,-0.017167,0.060993,0.000239,0.010682,-0.027568,-0.897044,0.201293,-0.393438,0.000000,0.000000,0.000000,-1,-0.894043,0.198837,-0.387787,0.030939,-0.024915,0.055250,-1461.358765,2949.261963,-682.922546,0,0
2.400000,-1.157484,-0.204457,-0.091417,0.416942,0.148496,0.896721,0.089388,0.975083,-0.203035,-0.904527,0.164810,0.393279,-0.110204,-0.539644,0.017708,0.834461,0.068250,-0.003359,0.065120,0.006538,-0.005785,0.006789,-0.896721,0.203035,-0.393279,0.000000,0.000000,0.000000,-1,-0.892197,0.202133,-0.394363,0.036387,0.021627,0.048642,-1461.007080,2950.316895,-682.587341,0,0
2.440000,-1.156139,-0.205368,-0.088851,0.417849,0.150161,0.896021,0.086870,0.975124,-0.203928,-0.904354,0.163048,0.394410,-0.109903,-0.539181,0.018955,0.834773,0.067312,0.042146,0.060696,-0.000494,0.003195,0.001161,-0.896021,0.203928,-0.394410,0.000000,0.000000,0.000000,-1,-0.913116,0.212326,-0.382172,0.043914,0.045985,0.048492,-1459.952393,2947.504150,-679.905945,0,0
2.480000,-1.156229,-0.207329,-0.085699,0.417442,0.153242,0.895689,0.083761,0.974993,-0.205847,-0.904835,0.160953,0.394168,-0.109866,-0.539301,0.020811,0.834656,0.027766,-0.006687,0.046271,-0.018938,0.001642,0.016497,-0.895689,0.205847,-0.394168,0.000000,0.000000,0.000000,-1,-0.917740,0.205414,-0.369400,0.011777,-0.002904,0.029749,-1458.897583,2946.801025,-682.252197,0,0
2.520000,-1.157849,-0.207854,-0.084545,0.415838,0.154451,0.896228,0.082627,0.974981,-0.206360,-0.905677,0.159865,0.392672,-0.109755,-0.540016,0.021525,0.834190,0.035192,-0.007844,0.037691,-0.021512,-0.000947,0.023272,-0.896228,0.206360,-0.392672,0.000000,0.000000,0.000000,-1,-0.907654,0.201401,-0.369553,0.004319,0.008600,0.013783,-1459.249268,2948.207275,-681.246643,0,0
2.560000,-1.158940,-0.208358,-0.083329,0.414699,0.155580,0.896560,0.081433,0.974977,-0.206854,-0.906308,0.158791,0.391653,-0.109623,-0.540515,0.022230,0.833866,0.016105,0.031190,0.022773,-0.003159,0.005289,0.012655,-0.896560,0.206854,-0.391653,0.000000,0.000000,0.000000,-1,-0.898148,0.220016,-0.377625,-0.006247,0.037180,0.011628,-1458.721802,2946.976807,-681.079041,0,0
2.600000,-1.158754,-0.209509,-0.082659,0.414849,0.156856,0.896268,0.080760,0.974794,-0.207979,-0.906299,0.158662,0.391724,-0.109922,-0.540421,0.022814,0.833871,0.011824,0.016454,0.033520,-0.001879,0.012037,0.014100,-0.896268,0.207979,-0.391724,0.000000,0.000000,0.000000,-1,-0.911575,0.221939,-0.368912,-0.029745,0.002352,0.024724,-1458.721802,2948.383057,-681.079041,0,0
2.640000,-1.160916,-0.212034,-0.082471,0.413045,0.159533,0.896629,0.080532,0.974282,-0.210448,-0.907143,0.159132,0.389575,-0.110892,-0.541217,0.023704,0.833202,0.004276,-0.002777,0.027170,-0.015832,0.005799,0.028689,-0.896629,0.210448,-0.389575,0.000000,0.000000,0.000000,-1,-0.908096,0.211426,-0.369736,-0.019120,0.004360,0.012916,-1460.303955,2947.855713,-682.252197,0,0
2.680000,-1.162778,-0.212853,-0.082071,0.411352,0.160726,0.897194,0.080129,0.974142,-0.211249,-0.907948,0.158789,0.387836,-0.111100,-0.541976,0.024198,0.832666,0.029843,0.000407,0.030154,-0.007301,-0.002280,0.020374,-0.897194,0.211249,-0.387836,0.000000,0.000000,0.000000,-1,-0.899094,0.200485,-0.363007,0.024617,0.021413,0.025297,-1458.018677,2946.273438,-682.084595,0,0
2.720000,-1.163229,-0.213155,-0.079487,0.410547,0.162129,0.897310,0.077606,0.974283,-0.211544,-0.908531,0.156485,0.387406,-0.110519,-0.542294,0.025382,0.832502,0.069384,0.029203,0.054236,-0.000746,0.002506,0.010972,-0.897310,0.211544,-0.387406,0.000000,0.000000,0.000000,-1,-0.904892,0.227219,-0.379593,0.070520,0.037555,0.053644,-1459.249268,2947.855713,-681.916992,0,0
2.760000,-1.162035,-0.215106,-0.075116,0.411051,0.165485,0.896466,0.073315,0.974199,-0.213451,-0.908659,0.153464,0.388313,-0.110158,-0.541949,0.027672,0.832701,0.104513,0.021850,0.062523,-0.009418,0.024021,0.012336,-0.896466,0.213451,-0.388313,0.000000,0.000000,0.000000,-1,-0.898132,0.237488,-0.369034,0.076856,0.023745,0.049385,-1459.600830,2947.855713,-681.581787,0,0
2.800000,-1.161673,-0.217675,-0.070730,0.410813,0.169529,0.895820,0.069003,0.973961,-0.215960,-0.909105,0.150533,0.388418,-0.110039,-0.541925,0.030183,0.832645,0.087372,0.022722,0.064662,0.005836,0.027539,0.022023,-0.895820,0.215960,-0.388418,0.000000,0.000000,0.000000,-1,-0.892593,0.236832,-0.358475,0.060940,0.037567,0.054783,-1459.776611,2948.734619,-681.079041,0,0
2.840000,-1.161502,-0.220279,-0.066597,0.410419,0.173526,0.895234,0.064940,0.973673,-0.218502,-0.909582,0.147814,0.388346,-0.110001,-0.541966,0.032607,0.832532,0.099142,0.038655,0.071980,-0.002272,0.017323,0.036386,-0.895234,0.218502,-0.388346,0.000000,0.000000,0.000000,-1,-0.902664,0.232132,-0.355804,0.074876,0.072476,0.050283,-1458.721802,2947.328369,-682.419800,0,0
2.880000,-1.160851,-0.221629,-0.063394,0.410531,0.175951,0.894710,0.061802,0.973581,-0.219819,-0.909750,0.145538,0.388811,-0.109703,-0.541812,0.034275,0.832605,0.106639,0.070243,0.053698,-0.007954,0.012313,0.033006,-0.894710,0.219819,-0.388811,0.000000,0.000000,0.000000,-1,-0.901184,0.238708,-0.359833,0.063172,0.102878,0.016170,-1459.073364,2946.625244,-682.084595,0,0
2.920000,-1.157644,-0.222969,-0.059351,0.412804,0.178349,0.893188,0.057847,0.973528,-0.221127,-0.908981,0.142951,0.391560,-0.109221,-0.540639,0.036150,0.833350,0.057711,0.125961,0.010202,-0.002442,0.030003,0.032352,-0.893188,0.221127,-0.391560,0.000000,0.000000,0.000000,-1,-0.895035,0.225693,-0.363022,0.050451,0.146030,-0.013722,-1459.425049,2946.625244,-682.754944,0,0
2.960000,-1.152883,-0.221586,-0.056481,0.416546,0.177631,0.891592,0.055071,0.973994,-0.219777,-0.907445,0.140648,0.395931,-0.107959,-0.538869,0.036711,0.834636,0.106477,0.166556,-0.039471,0.001013,-0.005620,0.024318,-0.891592,0.219777,-0.395931,0.000000,0.000000,0.000000,-1,-0.867783,0.176270,-0.390060,0.069677,0.202805,-0.058828,-1459.249268,2946.449463,-683.257690,0,0
3.000000,-1.144997,-0.217149,-0.053545,0.422958,0.173822,0.889322,0.052262,0.975116,-0.215447,-0.904641,0.137603,0.403348,-0.105467,-0.535913,0.036314,0.836872,0.107684,0.201632,-0.025775,0.032937,-0.046898,0.000822,-0.889322,0.215447,-0.403349,0.000000,0.000000,0.000000,-1,-0.828110,0.153091,-0.435867,0.093242,0.217982,-0.020716,-1459.600830,2948.207275,-682.922546,0,0
3.040000,-1.133622,-0.214614,-0.047772,0.432112,0.172502,0.885168,0.046659,0.975944,-0.212970,-0.900612,0.133328,0.413668,-0.103077,-0.531546,0.037458,0.839899,0.181562,0.264919,0.060765,0.051214,-0.065585,-0.043012,-0.885168,0.212970,-0.413668,0.000000,0.000000,0.000000,-1,-0.948746,0.156143,-0.470459,0.204400,0.286557,0.066587,-1460.831299,2948.031494,-684.430847,0,0
3.080000,-1.123924,-0.212434,-0.039385,0.439299,0.172973,0.881531,0.038490,0.976763,-0.210840,-0.897516,0.126552,0.422433,-0.100129,-0.527975,0.039911,0.842392,0.299667,0.216408,0.085589,-0.067215,-0.054697,-0.048026,-0.881531,0.210840,-0.422433,0.000000,0.000000,0.000000,-1,-0.994797,0.191391,-0.438675,0.200411,0.082533,-0.005059,-1459.249268,2947.855713,-683.928040,0,0
3.120000,-1.117554,-0.204872,-0.032081,0.443524,0.168761,0.880231,0.031405,0.978583,-0.203442,-0.895712,0.117875,0.428726,-0.095152,-0.525912,0.040675,0.844221,0.044184,0.090183,-0.167640,-0.086139,-0.028485,0.019210,-0.880230,0.203442,-0.428726,0.000000,0.000000,0.000000,-1,-0.901245,0.129196,-0.364166,-0.001312,0.073445,-0.189892,-1459.073364,2946.976807,-685.101196,0,0
3.160000,-1.117894,-0.199232,-0.034579,0.443469,0.162728,0.881394,0.033889,0.979633,-0.197916,-0.895649,0.117639,0.428922,-0.093426,-0.526128,0.038145,0.844397,-0.030706,0.048695,-0.158558,0.007218,-0.080149,0.073667,-0.881394,0.197916,-0.428922,0.000000,0.000000,0.000000,-1,-0.869492,0.111465,-0.396439,-0.048958,0.133094,-0.154591,-1459.073364,2949.437744,-684.430847,0,0
3.200000,-1.114964,-0.194005,-0.036591,0.446248,0.156885,0.881050,0.035897,0.980583,-0.192791,-0.894189,0.117659,0.431952,-0.091806,-0.524972,0.035779,0.845397,0.029292,0.138019,-0.118890,0.000633,-0.083248,0.041617,-0.881050,0.192791,-0.431952,0.000000,0.000000,0.000000,-1,-0.901031,0.156082,-0.368073,0.015041,0.139788,-0.116761,-1459.952393,2946.449463,-683.592896,0,0
3.240000,-1.111854,-0.189170,-0.038020,0.449088,0.151625,0.880528,0.037332,0.981451,-0.188044,-0.892707,0.117321,0.435097,-0.090194,-0.523752,0.033758,0.846409,-0.033647,0.085214,-0.102231,-0.027812,-0.018824,0.078072,-0.880528,0.188044,-0.435097,0.000000,0.000000,0.000000,-1,-0.906647,0.159119,-0.349808,-0.119366,0.038351,-0.092966,-1459.425049,2947.328369,-686.106689,0,0
3.280000,-1.113277,-0.187715,-0.044677,0.448760,0.147526,0.881391,0.043878,0.981453,-0.186615,-0.892574,0.122419,0.433964,-0.091301,-0.524101,0.030622,0.846194,-0.140139,0.030701,-0.041549,-0.026980,-0.044739,0.069431,-0.881391,0.186615,-0.433964,0.000000,0.000000,0.000000,-1,-0.920029,0.121780,-0.362000,-0.174637,0.032434,-0.046707,-1459.425049,2947.328369,-684.430847,0,0
3.320000,-1.115581,-0.187545,-0.049695,0.447431,0.145415,0.882417,0.048804,0.981252,-0.186448,-0.892986,0.126488,0.431946,-0.092511,-0.524851,0.028560,0.845670,-0.160445,0.000036,-0.034897,-0.037612,-0.064667,0.069947,-0.882417,0.186448,-0.431946,0.000000,0.000000,0.000000,-1,-0.912399,0.116989,-0.379517,-0.200319,-0.000502,-0.058103,-1458.721802,2946.976807,-684.430847,0,0
3.360000,-1.118875,-0.187493,-0.057231,0.445571,0.142430,0.883844,0.056198,0.980866,-0.186396,-0.893481,0.132723,0.429041,-0.094424,-0.525893,0.025515,0.844908,-0.190350,-0.019170,-0.049521,-0.028555,-0.069407,0.049525,-0.883844,0.186396,-0.429041,0.000000,0.000000,0.000000,-1,-0.894043,0.122910,-0.379517,-0.246118,-0.011023,-0.051316,-1459.952393,2945.746094,-683.257690,0,0
3.400000,-1.124734,-0.186928,-0.069138,0.441968,0.137454,0.886437,0.067879,0.980232,-0.185841,-0.894459,0.142306,0.423901,-0.097256,-0.527817,0.020620,0.843520,-0.255135,0.013870,-0.025740,0.001565,-0.058110,0.050610,-0.886437,0.185841,-0.423901,0.000000,0.000000,0.000000,-1,-0.881119,0.107483,-0.373871,-0.285332,0.036787,-0.036277,-1460.479736,2946.273438,-685.101196,0,0
3.440000,-1.126247,-0.188437,-0.076994,0.441785,0.135537,0.886824,0.075556,0.979388,-0.187323,-0.893934,0.149762,0.422438,-0.099948,-0.528007,0.017785,0.843151,-0.279505,0.048859,-0.021432,0.005705,-0.079840,0.048567,-0.886824,0.187323,-0.422438,0.000000,0.000000,0.000000,-1,-0.882721,0.084534,-0.425919,-0.298822,0.137586,-0.017374,-1462.765015,2948.558838,-685.939087,0,0
3.480000,-1.124020,-0.189000,-0.086924,0.445138,0.131287,0.885785,0.085268,0.978484,-0.187877,-0.891393,0.159161,0.424366,-0.102820,-0.526541,0.013635,0.843799,-0.211937,0.187815,0.003059,0.003064,-0.103344,-0.001552,-0.885785,0.187877,-0.424366,0.000000,0.000000,0.000000,-1,-0.914566,0.081177,-0.425201,-0.159121,0.216917,-0.026212,-1463.116699,2949.965088,-685.939087,0,0
3.520000,-1.117061,-0.185690,-0.094677,0.452051,0.123763,0.883364,0.092910,0.978408,-0.184624,-0.887140,0.165533,0.430791,-0.103504,-0.523346,0.009120,0.845761,-0.148338,0.182506,-0.110376,-0.050687,-0.075021,0.039205,-0.883364,0.184624,-0.430791,0.000000,0.000000,0.000000,-1,-0.940720,0.119980,-0.387436,-0.198948,0.178675,-0.153599,-1459.600830,2947.855713,-685.939087,0,0
3.560000,-1.113684,-0.184012,-0.102382,0.455829,0.118221,0.882181,0.100478,0.977969,-0.182975,-0.884378,0.172045,0.433908,-0.104823,-0.521592,0.005239,0.846715,-0.246611,0.142603,-0.189363,-0.063055,-0.071815,0.046197,-0.882181,0.182975,-0.433908,0.000000,0.000000,0.000000,-1,-0.955521,0.072601,-0.424545,-0.325823,0.185401,-0.230408,-1461.182861,2947.328369,-688.117798,0,0
3.600000,-1.110370,-0.179263,-0.117152,0.459955,0.106707,0.881507,0.115011,0.977231,-0.178305,-0.880462,0.183395,0.437210,-0.106671,-0.519631,-0.002449,0.847702,-0.279458,0.235340,-0.239543,-0.078148,-0.115851,-0.007630,-0.881507,0.178305,-0.437210,0.000000,0.000000,0.000000,-1,-0.986893,0.061569,-0.542709,-0.254292,0.231133,-0.208763,-1463.116699,2947.504150,-687.950195,0,0
3.640000,-1.103145,-0.174985,-0.132003,0.467323,0.094716,0.878998,0.129610,0.976162,-0.174094,-0.874534,0.195285,0.443907,-0.108690,-0.515978,-0.010268,0.849616,-0.240975,0.165707,-0.094715,-0.124954,-0.083884,-0.146639,-0.878998,0.174094,-0.443907,0.000000,0.000000,0.000000,-1,-1.073029,0.096954,-0.590820,-0.231748,0.193063,-0.087348,-1462.940796,2949.086182,-688.788086,0,0
3.680000,-1.098539,-0.174903,-0.137122,0.471811,0.091330,0.876957,0.134608,0.975500,-0.174013,-0.871364,0.200146,0.447958,-0.109947,-0.513744,-0.012717,0.850774,-0.047156,0.172083,-0.088784,-0.196072,-0.077058,-0.142863,-0.876957,0.174013,-0.447958,0.000000,0.000000,0.000000,-1,-1.007889,0.175995,-0.517624,0.067702,-0.036210,-0.134620,-1461.182861,2949.437744,-688.452942,0,0
3.720000,-1.100868,-0.169669,-0.136774,0.469121,0.087404,0.878798,0.134390,0.976436,-0.168856,-0.872849,0.197316,0.446320,-0.107663,-0.515023,-0.013815,0.850276,0.052757,-0.227356,-0.100846,-0.129091,0.007139,-0.071304,-0.878798,0.168856,-0.446320,0.000000,0.000000,0.000000,-1,-0.794769,0.269318,-0.432892,-0.128059,-0.398776,-0.059301,-1462.413452,2949.261963,-687.279846,0,0
3.760000,-1.120688,-0.172371,-0.143318,0.452661,0.090713,0.887057,0.140711,0.975080,-0.171518,-0.880511,0.202458,0.428616,-0.110639,-0.522925,-0.014792,0.845038,-0.252563,-0.304873,0.101027,0.207430,0.129553,-0.000461,-0.887057,0.171518,-0.428616,0.000000,0.000000,0.000000,-1,-0.710022,0.353348,-0.486542,-0.296356,-0.239001,0.149143,-1463.819824,2948.207275,-688.955688,0,0
3.800000,-1.129037,-0.180779,-0.148161,0.446840,0.097643,0.889269,0.145214,0.972927,-0.179796,-0.882750,0.209474,0.420564,-0.115488,-0.525719,-0.014113,0.842664,-0.237180,-0.245510,0.221067,0.179247,0.173552,-0.065978,-0.889269,0.179796,-0.420564,0.000000,0.000000,0.000000,-1,-0.836243,0.345367,-0.393875,-0.084902,-0.089025,0.221514,-1462.765015,2951.020020,-687.279846,0,0
3.840000,-1.131944,-0.189784,-0.145581,0.445179,0.107325,0.888986,0.142463,0.971657,-0.188647,-0.884036,0.210629,0.417272,-0.118586,-0.526594,-0.010436,0.841740,0.110817,0.040489,0.230080,0.052744,0.156721,0.023397,-0.888986,0.188647,-0.417272,0.000000,0.000000,0.000000,-1,-0.930481,0.331238,-0.458191,0.071608,-0.058714,0.180770,-1463.468262,2949.261963,-685.268799,0,0
3.880000,-1.134195,-0.197928,-0.138381,0.443400,0.118159,0.888502,0.135247,0.971103,-0.196638,-0.886062,0.207356,0.414606,-0.120094,-0.527517,-0.005080,0.840998,-0.031471,-0.175639,0.221340,-0.021929,0.117632,-0.029867,-0.888502,0.196638,-0.414606,0.000000,0.000000,0.000000,-1,-0.891373,0.259628,-0.375839,-0.067195,-0.225589,0.229346,-1462.765015,2948.910400,-684.933594,0,0
3.920000,-1.145365,-0.208819,-0.135014,0.434375,0.131554,0.891074,0.131680,0.969374,-0.207304,-0.891055,0.207384,0.403748,-0.123746,-0.531801,-0.000038,0.837779,0.010988,-0.252579,0.264987,-0.000314,0.019517,0.073930,-0.891074,0.207304,-0.403748,0.000000,0.000000,0.000000,-1,-0.875992,0.228699,-0.369980,-0.090667,-0.261368,0.254164,-1462.237671,2949.437744,-683.425293,0,0
3.960000,-1.159017,-0.222962,-0.131833,0.423404,0.148266,0.893726,0.128198,0.966784,-0.221120,-0.896824,0.208197,0.390333,-0.128731,-0.536900,0.006017,0.833745,-0.014649,-0.293723,0.282390,0.068241,-0.004765,0.050917,-0.893726,0.221120,-0.390333,0.000000,0.000000,0.000000,-1,-0.805496,0.221176,-0.325638,0.031906,-0.233693,0.271220,-1465.226074,2950.668457,-684.598389,0,0
4.000000,-1.163151,-0.230042,-0.126138,0.419634,0.157796,0.893872,0.122489,0.965921,-0.228019,-0.899391,0.205174,0.386005,-0.130104,-0.538582,0.010604,0.832400,0.094620,-0.090198,0.302086,0.094006,0.034295,0.050678,-0.893872,0.228019,-0.386005,0.000000,0.000000,0.000000,-1,-0.836517,0.293900,-0.317062,0.043187,-0.057494,0.312020,-1462.940796,2952.250488,-683.760498,0,0
4.040000,-1.164391,-0.238785,-0.120529,0.418564,0.168150,0.892485,0.116826,0.964577,-0.236522,-0.900642,0.203265,0.384094,-0.132187,-0.538962,0.015427,0.831750,0.028704,-0.107625,0.363386,0.045836,0.058934,0.077621,-0.892485,0.236522,-0.384093,0.000000,0.000000,0.000000,-1,-0.879883,0.232086,-0.264862,0.031336,-0.122941,0.335794,-1462.589233,2948.383057,-682.419800,0,0
4.080000,-1.169965,-0.250673,-0.113159,0.413478,0.182875,0.891960,0.109388,0.962550,-0.248056,-0.903919,0.200136,0.377989,-0.135036,-0.541083,0.022141,0.829762,0.131800,-0.090526,0.269845,0.012077,-0.015970,0.113127,-0.891960,0.248056,-0.377989,0.000000,0.000000,0.000000,-1,-0.876160,0.178040,-0.258286,0.156599,-0.107603,0.164314,-1462.765015,2950.668457,-681.916992,0,0
4.120000,-1.175297,-0.251931,-0.106906,0.407615,0.187609,0.893674,0.103334,0.962904,-0.249274,-0.907288,0.193955,0.373107,-0.133794,-0.543641,0.025439,0.828195,0.190983,-0.119440,0.125659,0.001813,-0.066657,0.112747,-0.893674,0.249275,-0.373107,0.000000,0.000000,0.000000,-1,-0.868576,0.213531,-0.257538,0.212945,-0.049281,0.058191,-1464.171387,2947.504150,-682.252197,0,0
4.160000,-1.178700,-0.249461,-0.094401,0.401930,0.191111,0.895505,0.091343,0.964731,-0.246882,-0.911103,0.181027,0.370297,-0.129327,-0.546009,0.030153,0.827188,0.280347,-0.067391,0.032081,0.029599,-0.014903,0.113889,-0.895505,0.246882,-0.370298,0.000000,0.000000,0.000000,-1,-0.910538,0.277466,-0.263153,0.225604,-0.041343,0.000536,-1464.171387,2950.668457,-681.246643,0,0
4.200000,-1.182386,-0.245841,-0.079304,0.395371,0.194534,0.897685,0.076839,0.966884,-0.243373,-0.915302,0.165199,0.367330,-0.123649,-0.548676,0.035619,0.826073,0.285336,-0.073159,0.010619,-0.023977,0.033773,0.081762,-0.897685,0.243373,-0.367330,0.000000,0.000000,0.000000,-1,-0.906631,0.286743,-0.321716,0.241454,-0.069023,-0.014398,-1465.226074,2949.613525,-683.257690,0,0
