0.000000,2.557409,-0.644084,1.700910,0.436599,-0.784143,-0.441022,-0.792890,-0.103752,-0.600467,0.425095,0.611845,-0.667038,-0.742864,0.530727,0.005360,0.407986,0.001895,0.000135,-0.001191,-0.000775,0.000501,-0.000305,0.441022,0.600467,0.667038,0.000000,0.000000,0.000000,-1,0.438232,0.598969,0.669052,-0.020209,0.014744,-0.009486,75.590561,184.933151,-474.945374,0,0
0.040000,2.557517,-0.644142,1.700811,0.436500,-0.784250,-0.440931,-0.792867,-0.103669,-0.600512,0.425241,0.611723,-0.667057,-0.742837,0.530775,0.005280,0.407975,0.004050,0.005471,0.003032,-0.002698,-0.001544,0.001995,0.440931,0.600512,0.667057,0.000000,0.000000,0.000000,-1,0.438400,0.596710,0.668350,-0.020226,0.007350,-0.007328,76.996887,185.987900,-474.945374,0,0
0.080000,2.557501,-0.644024,1.700725,0.436389,-0.784284,-0.440980,-0.792945,-0.103610,-0.600419,0.425209,0.611689,-0.667109,-0.742817,0.530827,0.005308,0.407943,0.003987,-0.009367,0.000958,-0.003663,-0.004075,0.000433,0.440980,0.600419,0.667109,0.000000,0.000000,0.000000,-1,0.436615,0.601440,0.666641,-0.021328,-0.002211,-0.010480,76.821106,185.460526,-474.442627,0,0
0.120000,2.557358,-0.644313,1.700772,0.436613,-0.784159,-0.440980,-0.792768,-0.103625,-0.600650,0.425308,0.611847,-0.666901,-0.742822,0.530722,0.005274,0.408071,0.002953,-0.001931,0.001988,-0.007463,0.002027,-0.003220,0.440980,0.600650,0.666901,0.000000,0.000000,0.000000,-1,0.438507,0.600922,0.662689,-0.021265,0.016873,-0.008421,74.360016,184.405777,-475.448151,0,0
0.160000,2.557772,-0.644589,1.700458,0.436311,-0.784534,-0.440613,-0.792637,-0.103355,-0.600870,0.425863,0.611412,-0.666945,-0.742733,0.530867,0.004965,0.408048,0.004099,0.015089,0.009361,-0.001495,0.000494,-0.001189,0.440613,0.600870,0.666945,0.000000,0.000000,0.000000,-1,0.438919,0.596909,0.669296,-0.015896,0.027512,-0.003176,76.996887,184.581573,-474.945374,0,0
0.200000,2.558369,-0.644498,1.700065,0.435708,-0.785075,-0.440244,-0.792731,-0.103050,-0.600797,0.426304,0.610768,-0.667254,-0.742632,0.531153,0.004693,0.407862,0.004077,0.017139,0.001902,-0.000455,-0.003690,0.003324,0.440244,0.600797,0.667254,0.000000,0.000000,0.000000,-1,0.441086,0.598251,0.672104,-0.021256,0.024237,-0.013775,76.293732,184.581573,-474.275024,0,0
0.240000,2.558906,-0.644355,1.700095,0.435441,-0.785398,-0.439933,-0.792813,-0.103085,-0.600683,0.426425,0.610347,-0.667561,-0.742645,0.531281,0.004547,0.407675,-0.001319,0.001214,-0.002250,0.003106,-0.001196,-0.002507,0.439933,0.600683,0.667562,0.000000,0.000000,0.000000,-1,0.441940,0.598984,0.665878,-0.026615,0.011539,-0.012621,75.063187,185.108948,-475.448151,0,0
0.280000,2.558844,-0.644351,1.700061,0.435439,-0.785375,-0.439976,-0.792819,-0.103058,-0.600680,0.426416,0.610381,-0.667536,-0.742636,0.531281,0.004565,0.407690,0.000809,-0.001937,0.000944,-0.001408,-0.001712,-0.000392,0.439976,0.600680,0.667536,0.000000,0.000000,0.000000,-1,0.437698,0.597794,0.668533,-0.021305,0.006252,-0.011577,75.414764,184.757355,-473.772278,0,0
0.320000,2.558643,-0.644420,1.699936,0.435456,-0.785303,-0.440088,-0.792791,-0.102954,-0.600735,0.426450,0.610491,-0.667413,-0.742601,0.531273,0.004591,0.407765,-0.000247,-0.002968,0.004151,-0.002389,-0.002941,0.001120,0.440088,0.600735,0.667413,0.000000,0.000000,0.000000,-1,0.434128,0.603210,0.664658,-0.023410,0.011578,-0.008384,74.887390,185.636322,-474.610229,0,0
0.360000,2.559091,-0.644730,1.699640,0.435167,-0.785688,-0.439686,-0.792637,-0.102695,-0.600982,0.427031,0.610039,-0.667455,-0.742516,0.531412,0.004261,0.407743,0.003024,0.016110,0.005104,0.000118,0.000702,-0.002798,0.439686,0.600982,0.667455,0.000000,0.000000,0.000000,-1,0.439316,0.598938,0.666397,-0.022320,0.019001,-0.007355,75.238968,184.581573,-474.610229,0,0
0.400000,2.559266,-0.644523,1.699488,0.434883,-0.785872,-0.439637,-0.792776,-0.102591,-0.600817,0.427063,0.609819,-0.667636,-0.742481,0.531545,0.004234,0.407632,0.001906,0.002344,0.005170,0.000884,-0.005480,0.005048,0.439637,0.600817,0.667636,0.000000,0.000000,0.000000,-1,0.437683,0.597626,0.667023,-0.022370,0.005203,-0.010499,74.711594,182.999435,-474.442627,0,0
0.440000,2.559117,-0.644503,1.699386,0.434858,-0.785827,-0.439744,-0.792799,-0.102511,-0.600801,0.427047,0.609891,-0.667580,-0.742454,0.531557,0.004275,0.407666,0.002987,-0.001935,-0.000152,0.000427,-0.002717,-0.001824,0.439744,0.600801,0.667580,0.000000,0.000000,0.000000,-1,0.440018,0.598022,0.666183,-0.024498,0.008351,-0.013691,75.942139,186.691071,-475.950928,0,0
0.480000,2.559031,-0.644378,1.699779,0.435149,-0.785610,-0.439842,-0.792833,-0.102833,-0.600701,0.426687,0.610116,-0.667605,-0.742561,0.531419,0.004429,0.407649,-0.004519,-0.011534,-0.007512,-0.004372,-0.001549,0.000837,0.439842,0.600701,0.667605,0.000000,0.000000,0.000000,-1,0.435211,0.602341,0.661514,-0.026675,-0.002299,-0.020026,74.008438,186.163696,-476.118500,0,0
0.520000,2.558819,-0.644783,1.700035,0.435617,-0.785347,-0.439850,-0.792565,-0.103004,-0.601025,0.426707,0.610427,-0.667309,-0.742619,0.531198,0.004425,0.407831,-0.003430,-0.006251,-0.008611,0.000396,0.000476,-0.000545,0.439850,0.601025,0.667309,0.000000,0.000000,0.000000,-1,0.441040,0.602112,0.666122,-0.026631,0.011480,-0.019012,76.645309,186.691071,-474.610229,0,0
0.560000,2.559122,-0.644884,1.700413,0.435829,-0.785361,-0.439614,-0.792466,-0.103296,-0.601106,0.426675,0.610358,-0.667391,-0.742717,0.531099,0.004355,0.407781,-0.002321,0.007526,-0.007605,0.000922,-0.001268,0.000242,0.439614,0.601106,0.667391,0.000000,0.000000,0.000000,-1,0.442612,0.600143,0.666412,-0.027684,0.013618,-0.016882,75.766357,183.351028,-474.777802,0,0
0.600000,2.559312,-0.644805,1.700847,0.436054,-0.785292,-0.439514,-0.792468,-0.103646,-0.601043,0.426440,0.610388,-0.667515,-0.742835,0.530993,0.004400,0.407705,-0.003442,-0.009432,-0.008594,-0.000915,-0.000930,0.001431,0.439514,0.601043,0.667514,0.000000,0.000000,0.000000,-1,0.438324,0.600540,0.670471,-0.027743,-0.002308,-0.021083,76.117935,183.702606,-474.442627,0,0
0.640000,2.559286,-0.644896,1.701240,0.436414,-0.785100,-0.439501,-0.792373,-0.103951,-0.601116,0.426250,0.610583,-0.667457,-0.742937,0.530823,0.004459,0.407739,-0.000247,-0.009420,-0.007555,-0.001940,0.000020,-0.000084,0.439501,0.601116,0.667457,0.000000,0.000000,0.000000,-1,0.439743,0.602692,0.663696,-0.021328,0.003025,-0.016891,77.524277,184.757355,-475.448151,0,0
0.680000,2.559057,-0.645153,1.701305,0.436674,-0.784917,-0.439569,-0.792213,-0.103982,-0.601320,0.426280,0.610813,-0.667228,-0.742947,0.530701,0.004472,0.407880,0.000863,-0.001941,-0.000135,0.002661,0.001310,-0.002998,0.439569,0.601320,0.667228,0.000000,0.000000,0.000000,-1,0.439362,0.598846,0.664139,-0.026625,0.007312,-0.011539,75.942139,184.581573,-475.280579,0,0
0.720000,2.558987,-0.645033,1.701361,0.436696,-0.784857,-0.439655,-0.792278,-0.104035,-0.601225,0.426136,0.610882,-0.667257,-0.742965,0.530690,0.004549,0.407861,-0.002335,0.000147,-0.003311,0.000790,-0.004011,-0.000066,0.439655,0.601225,0.667257,0.000000,0.000000,0.000000,-1,0.438339,0.595444,0.665359,-0.025568,0.007282,-0.014744,75.942139,184.933151,-474.945374,0,0
0.760000,2.559068,-0.644902,1.701675,0.436850,-0.784777,-0.439644,-0.792324,-0.104294,-0.601120,0.425893,0.610940,-0.667358,-0.743052,0.530616,0.004626,0.407798,-0.002355,-0.000951,-0.007565,-0.003212,-0.001770,-0.002655,0.439644,0.601120,0.667358,0.000000,0.000000,0.000000,-1,0.440292,0.601151,0.667587,-0.022377,0.006222,-0.014764,75.063187,185.108948,-475.783325,0,0
0.800000,2.559116,-0.645000,1.701846,0.437007,-0.784726,-0.439580,-0.792247,-0.104422,-0.601199,0.425874,0.610984,-0.667330,-0.743095,0.530543,0.004611,0.407816,-0.003424,-0.010405,0.001000,0.000331,0.004239,-0.000155,0.439580,0.601199,0.667330,0.000000,0.000000,0.000000,-1,0.440079,0.597870,0.667007,-0.020187,0.021109,-0.008445,76.293732,184.933151,-475.280579,0,0
0.840000,2.559210,-0.644937,1.701653,0.436788,-0.784871,-0.439538,-0.792306,-0.104274,-0.601148,0.425991,0.610823,-0.667404,-0.743045,0.530646,0.004558,0.407771,-0.000210,0.000156,-0.002258,-0.000863,-0.004621,-0.000549,0.439538,0.601148,0.667403,0.000000,0.000000,0.000000,-1,0.439240,0.599731,0.665695,-0.024507,0.005174,-0.013679,75.590561,184.581573,-474.945374,0,0
0.880000,2.559142,-0.644899,1.701768,0.436890,-0.784782,-0.439596,-0.792316,-0.104368,-0.601118,0.425866,0.610922,-0.667392,-0.743077,0.530597,0.004619,0.407777,-0.001309,-0.010433,-0.002210,-0.002356,-0.001295,0.002270,0.439596,0.601118,0.667392,0.000000,0.000000,0.000000,-1,0.441025,0.601288,0.665390,-0.023446,0.003065,-0.012614,76.293732,185.284744,-474.610229,0,0
0.920000,2.558961,-0.645012,1.701729,0.436986,-0.784682,-0.439679,-0.792253,-0.104329,-0.601208,0.425886,0.611057,-0.667256,-0.743063,0.530552,0.004641,0.407861,-0.000174,0.007621,0.003038,-0.002561,-0.000027,-0.001653,0.439679,0.601208,0.667256,0.000000,0.000000,0.000000,-1,0.438568,0.601837,0.669235,-0.021271,0.009518,-0.002001,76.996887,184.581573,-476.286072,0,0
0.960000,2.558978,-0.645038,1.701316,0.436666,-0.784871,-0.439659,-0.792280,-0.103999,-0.601229,0.426163,0.610870,-0.667251,-0.742953,0.530704,0.004542,0.407865,0.005158,0.007652,0.006190,-0.000649,-0.001757,-0.003448,0.439660,0.601229,0.667251,0.000000,0.000000,0.000000,-1,0.436798,0.601730,0.666931,-0.020195,0.015843,-0.005229,75.766357,184.405777,-475.783325,0,0
1.000000,2.559124,-0.645111,1.701132,0.436491,-0.785036,-0.439538,-0.792256,-0.103847,-0.601287,0.426388,0.610683,-0.667278,-0.742903,0.530787,0.004425,0.407850,0.005146,0.006566,0.002996,-0.002251,-0.001556,-0.000576,0.439538,0.601287,0.667278,0.000000,0.000000,0.000000,-1,0.438538,0.600266,0.666092,-0.018068,0.016882,-0.007380,76.821106,185.108948,-474.777802,0,0
1.040000,2.559130,-0.645130,1.700812,0.436246,-0.785178,-0.439528,-0.792278,-0.103593,-0.601302,0.426597,0.610544,-0.667271,-0.742817,0.530903,0.004352,0.407855,0.006217,0.005545,0.007255,-0.000136,-0.001036,-0.001057,0.439528,0.601302,0.667271,0.000000,0.000000,0.000000,-1,0.438095,0.600555,0.667542,-0.019114,0.022188,-0.006327,75.942139,183.526825,-475.280579,0,0
1.080000,2.559548,-0.645171,1.700397,0.435759,-0.785612,-0.439235,-0.792296,-0.103261,-0.601335,0.427060,0.610041,-0.667434,-0.742707,0.531134,0.004098,0.407757,0.007253,0.000223,0.004070,-0.001338,-0.002077,0.002075,0.439235,0.601335,0.667434,0.000000,0.000000,0.000000,-1,0.440811,0.598267,0.666885,-0.021277,0.013685,-0.009474,75.590561,185.636322,-475.280579,0,0
1.120000,2.559477,-0.645074,1.700248,0.435630,-0.785639,-0.439315,-0.792369,-0.103150,-0.601258,0.427056,0.610025,-0.667452,-0.742669,0.531195,0.004126,0.407746,-0.000219,-0.004022,0.003081,-0.000762,-0.001847,0.000136,0.439315,0.601258,0.667452,0.000000,0.000000,0.000000,-1,0.434357,0.600708,0.666931,-0.023435,0.005203,-0.010491,75.590561,185.987900,-474.275024,0,0
1.160000,2.559544,-0.645066,1.700308,0.435645,-0.785655,-0.439272,-0.792368,-0.103198,-0.601251,0.427044,0.609997,-0.667485,-0.742686,0.531188,0.004116,0.407726,0.001909,-0.002967,0.001992,-0.004915,-0.000543,-0.000554,0.439272,0.601251,0.667485,0.000000,0.000000,0.000000,-1,0.436508,0.599564,0.666824,-0.020202,0.017912,-0.010564,75.590561,185.284744,-475.280579,0,0
1.200000,2.560329,-0.645349,1.700179,0.435332,-0.786173,-0.438655,-0.792212,-0.103074,-0.601478,0.427652,0.609350,-0.667688,-0.742646,0.531338,0.003704,0.407606,0.006219,0.017131,-0.001317,-0.000682,-0.003303,-0.000375,0.438655,0.601478,0.667688,0.000000,0.000000,0.000000,-1,0.438339,0.596008,0.665176,-0.018059,0.024246,-0.012735,75.590561,183.878403,-474.945374,0,0
1.240000,2.560634,-0.645400,1.700140,0.435193,-0.786373,-0.438434,-0.792186,-0.103040,-0.601518,0.427842,0.609098,-0.667796,-0.742635,0.531405,0.003566,0.407541,0.002987,0.006530,-0.002315,-0.001331,-0.002031,0.000066,0.438434,0.601518,0.667796,0.000000,0.000000,0.000000,-1,0.436768,0.597580,0.667877,-0.022350,0.013656,-0.012662,76.293732,184.229980,-475.615723,0,0
1.280000,2.560776,-0.645405,1.700139,0.435133,-0.786460,-0.438338,-0.792183,-0.103038,-0.601522,0.427907,0.608986,-0.667856,-0.742635,0.531433,0.003512,0.407504,0.002987,0.007589,-0.002317,0.000215,-0.001455,-0.001458,0.438338,0.601522,0.667856,0.000000,0.000000,0.000000,-1,0.434250,0.596619,0.667892,-0.020203,0.021050,-0.014837,75.766357,185.108948,-474.442627,0,0
1.320000,2.562080,-0.645556,1.700467,0.434898,-0.787102,-0.437417,-0.792060,-0.103286,-0.601642,0.428375,0.608113,-0.668351,-0.742721,0.531546,0.003043,0.407204,0.006179,0.017060,-0.009834,-0.004571,-0.006092,-0.002106,0.437417,0.601642,0.668351,0.000000,0.000000,0.000000,-1,0.432938,0.598755,0.667297,-0.019143,0.028365,-0.025526,75.590561,185.636322,-476.621277,0,0
1.360000,2.562958,-0.645911,1.700930,0.435040,-0.787415,-0.436713,-0.791800,-0.103625,-0.601926,0.428711,0.607651,-0.668556,-0.742836,0.531481,0.002693,0.407081,0.011454,0.015854,-0.025850,-0.000861,-0.005795,0.000740,0.436713,0.601926,0.668556,0.000000,0.000000,0.000000,-1,0.443954,0.594360,0.668518,-0.005373,0.018672,-0.042641,75.942139,185.284744,-474.275024,0,0
1.400000,2.563435,-0.646593,1.701310,0.435431,-0.787500,-0.436170,-0.791353,-0.103873,-0.602470,0.429139,0.607499,-0.668420,-0.742921,0.531299,0.002366,0.407166,0.018915,0.014873,-0.016300,0.008273,-0.009514,0.002967,0.436170,0.602471,0.668420,0.000000,0.000000,0.000000,-1,0.438248,0.590256,0.675079,-0.008486,0.025254,-0.018139,75.766357,185.460526,-474.777802,0,0
1.440000,2.564345,-0.646240,1.701525,0.435056,-0.787979,-0.435677,-0.791542,-0.104070,-0.602189,0.429171,0.606843,-0.668995,-0.742988,0.531476,0.002189,0.406814,0.013534,-0.002054,-0.015130,-0.008187,-0.017655,0.003750,0.435677,0.602189,0.668995,0.000000,0.000000,0.000000,-1,0.427216,0.577148,0.665161,-0.010689,0.016604,-0.037266,76.469513,185.460526,-474.442627,0,0
1.480000,2.565607,-0.646335,1.702409,0.435253,-0.788354,-0.434801,-0.791392,-0.104763,-0.602265,0.429247,0.606236,-0.669496,-0.743221,0.531385,0.001868,0.406508,0.011447,0.035884,-0.036555,-0.003191,-0.025071,-0.002000,0.434801,0.602265,0.669496,0.000000,0.000000,0.000000,-1,0.442551,0.575546,0.682648,-0.010567,0.063137,-0.044898,75.766357,185.460526,-475.448151,0,0
1.520000,2.568503,-0.645294,1.703286,0.434254,-0.789785,-0.433200,-0.791921,-0.105540,-0.601433,0.429283,0.604236,-0.671279,-0.743484,0.531856,0.001317,0.405412,0.014662,0.056045,-0.032362,0.019009,-0.033013,0.021882,0.433200,0.601433,0.671279,0.000000,0.000000,0.000000,-1,0.450439,0.547867,0.691513,-0.019319,0.010956,-0.075529,75.238968,184.229980,-473.939850,0,0
1.560000,2.569990,-0.642338,1.706098,0.434570,-0.789633,-0.433162,-0.793380,-0.108006,-0.599069,0.426260,0.603999,-0.673415,-0.744310,0.531705,0.002318,0.404088,0.005532,-0.048449,-0.107466,0.004887,-0.053186,0.024355,0.433162,0.599069,0.673415,0.000000,0.000000,0.000000,-1,0.436493,0.560715,0.697556,-0.019607,-0.042474,-0.126462,75.063187,184.405777,-474.777802,0,0
1.600000,2.572563,-0.642295,1.711671,0.437855,-0.788759,-0.431441,-0.792791,-0.112429,-0.599035,0.423987,0.604333,-0.674549,-0.745794,0.530157,0.002499,0.403385,0.020392,-0.020054,-0.131092,0.002641,-0.025914,0.030987,0.431441,0.599035,0.674549,0.000000,0.000000,0.000000,-1,0.429947,0.572495,0.708694,0.010270,-0.009776,-0.140666,74.711594,185.108948,-474.442627,0,0
1.640000,2.575689,-0.643495,1.715630,0.440164,-0.788836,-0.428945,-0.791628,-0.115463,-0.599995,0.423770,0.603661,-0.675287,-0.746812,0.529070,0.001732,0.402931,0.041830,0.040372,-0.127209,-0.004842,-0.031727,0.022300,0.428945,0.599995,0.675287,0.000000,0.000000,0.000000,-1,0.430893,0.550232,0.692490,0.012818,0.134207,-0.147617,75.766357,185.108948,-474.777802,0,0
1.680000,2.589908,-0.644595,1.725202,0.442162,-0.793077,-0.418954,-0.789834,-0.122933,-0.600875,0.425036,0.596588,-0.680755,-0.749308,0.528124,-0.002029,0.399523,0.013000,0.087744,-0.164403,-0.037591,-0.056014,0.030152,0.418954,0.600875,0.680755,0.000000,0.000000,0.000000,-1,0.350174,0.552017,0.689133,-0.024698,0.079875,-0.182278,73.481049,185.636322,-474.275024,0,0
1.720000,2.595206,-0.647079,1.730892,0.445445,-0.793545,-0.414565,-0.787645,-0.127187,-0.602859,0.425668,0.595071,-0.681687,-0.750720,0.526558,-0.003698,0.398927,-0.020174,0.041051,-0.174624,-0.080824,-0.045928,-0.016709,0.414565,0.602859,0.681687,0.000000,0.000000,0.000000,-1,0.328812,0.576752,0.532974,-0.051640,-0.060610,-0.141060,75.766357,186.515289,-474.107422,0,0
1.760000,2.594971,-0.647844,1.736914,0.450628,-0.790656,-0.414485,-0.786410,-0.131852,-0.603469,0.422486,0.597895,-0.681196,-0.752276,0.524098,-0.002659,0.399243,-0.102551,-0.239434,-0.037697,-0.047374,-0.026534,-0.217634,0.414485,0.603469,0.681196,0.000000,0.000000,0.000000,-1,0.526169,0.595688,0.321472,-0.278031,-0.418064,0.028226,76.293732,185.284744,-476.286072,0,0
1.800000,2.580794,-0.639122,1.740758,0.455917,-0.780967,-0.426884,-0.791055,-0.135759,-0.596491,0.407887,0.609639,-0.679683,-0.753551,0.521538,0.006302,0.400149,-0.417454,-0.224987,0.035015,0.142361,0.032629,-0.316874,0.426884,0.596491,0.679683,0.000000,0.000000,0.000000,-1,0.713806,0.747391,0.842392,-0.461981,0.048708,-0.010449,74.887390,185.987900,-475.280579,0,0
1.840000,2.599497,-0.629403,1.751837,0.452985,-0.787945,-0.417069,-0.795168,-0.145552,-0.588662,0.403128,0.598295,-0.692481,-0.756806,0.522959,0.004605,0.392094,-0.089718,0.572788,-0.164405,0.325073,0.203239,0.325798,0.417069,0.588662,0.692482,0.000000,0.000000,0.000000,-1,0.720154,0.810623,1.165344,0.124374,0.448280,-0.199729,74.887390,184.581573,-475.950928,0,0
1.880000,2.596835,-0.643852,1.749694,0.458295,-0.786250,-0.414459,-0.787025,-0.142319,-0.600281,0.412985,0.601296,-0.684022,-0.755751,0.520434,0.000488,0.397478,0.510522,-0.623638,-0.104917,0.214035,0.147171,0.240737,0.414459,0.600281,0.684022,0.000000,0.000000,0.000000,-1,0.500626,0.666489,0.464081,0.486508,-0.671227,-0.073699,76.293732,186.691071,-476.621277,0,0
1.920000,2.564971,-0.660752,1.738354,0.469715,-0.770767,-0.430448,-0.778473,-0.131674,-0.613711,0.416350,0.623362,-0.661871,-0.752207,0.514899,0.004686,0.411148,0.376292,-0.443094,0.061609,0.030001,0.026121,-0.261786,0.430448,0.613711,0.661871,0.000000,0.000000,0.000000,-1,0.408630,0.563751,0.371353,0.299719,-0.232465,0.065662,77.348480,185.987900,-475.950928,0,0
1.960000,2.558636,-0.669979,1.727336,0.467813,-0.771338,-0.431497,-0.774250,-0.122201,-0.620970,0.426248,0.624584,-0.654375,-0.749064,0.515840,0.001752,0.415703,0.296477,0.295979,0.034955,-0.000665,-0.050291,-0.176028,0.431497,0.620970,0.654375,0.000000,0.000000,0.000000,-1,0.452148,0.580338,0.526047,0.283263,0.351741,0.015661,77.700058,188.448990,-475.950928,0,0
2.000000,2.564881,-0.681319,1.717060,0.461924,-0.779259,-0.423535,-0.768449,-0.113204,-0.629818,0.442845,0.616393,-0.651113,-0.746030,0.518648,-0.006471,0.417614,0.368824,0.354352,-0.062755,0.074588,-0.036373,-0.055883,0.423535,0.629818,0.651113,0.000000,0.000000,0.000000,-1,0.538284,0.582428,0.610031,0.311830,0.394006,-0.109362,75.238968,187.745819,-475.615723,0,0
2.040000,2.575220,-0.693975,1.711064,0.457798,-0.787584,-0.412470,-0.761160,-0.107472,-0.639598,0.459408,0.606763,-0.648678,-0.743967,0.520434,-0.015773,0.418822,0.271864,0.359328,-0.097164,0.135046,-0.043879,-0.035382,0.412470,0.639598,0.648678,0.000000,0.000000,0.000000,-1,0.545975,0.602264,0.593124,0.218879,0.289164,-0.109313,75.238968,188.800583,-474.610229,0,0
2.080000,2.576080,-0.701889,1.706908,0.457343,-0.789559,-0.409187,-0.756562,-0.103617,-0.645661,0.467389,0.604864,-0.644739,-0.742580,0.520523,-0.019594,0.421007,0.156784,-0.014724,-0.107622,0.136254,-0.048371,-0.087610,0.409187,0.645661,0.644739,0.000000,0.000000,0.000000,-1,0.518921,0.603638,0.506424,0.080384,-0.091023,-0.105749,75.063187,188.624786,-475.448151,0,0
2.120000,2.567691,-0.707083,1.704595,0.461562,-0.785235,-0.412755,-0.753465,-0.101419,-0.649619,0.468242,0.610836,-0.638458,-0.741862,0.518526,-0.018699,0.424760,0.067148,-0.085735,-0.107688,0.100139,-0.035345,-0.138153,0.412755,0.649619,0.638458,0.000000,0.000000,0.000000,-1,0.538101,0.626129,0.491989,0.042285,-0.003233,-0.119632,74.887390,188.800583,-474.610229,0,0
2.160000,2.563847,-0.711540,1.702659,0.463673,-0.783534,-0.413621,-0.750783,-0.099578,-0.653001,0.470460,0.613318,-0.634435,-0.741230,0.517490,-0.019171,0.427101,-0.003356,0.105697,-0.017271,0.125472,-0.046006,-0.141683,0.413621,0.653001,0.634435,0.000000,0.000000,0.000000,-1,0.528549,0.581543,0.475494,-0.058341,0.102416,-0.036152,74.887390,188.800583,-475.615723,0,0
2.200000,2.560435,-0.710394,1.700687,0.463261,-0.782414,-0.416193,-0.751718,-0.098194,-0.652133,0.469370,0.614968,-0.633645,-0.740793,0.517733,-0.017946,0.427616,-0.115518,-0.001574,-0.043657,0.106054,-0.066974,-0.167077,0.416193,0.652133,0.633645,0.000000,0.000000,0.000000,-1,0.514008,0.644669,0.484253,-0.198362,-0.058745,-0.056834,75.063187,188.976364,-475.783325,0,0
2.240000,2.555681,-0.707902,1.701614,0.465172,-0.779187,-0.420098,-0.753236,-0.099102,-0.650241,0.465027,0.618907,-0.633012,-0.741162,0.516899,-0.015155,0.428094,-0.182725,-0.044128,-0.057860,0.093909,-0.005573,-0.148759,0.420098,0.650241,0.633012,0.000000,0.000000,0.000000,-1,0.519928,0.869034,0.726074,-0.062621,0.187173,-0.148296,74.711594,188.976364,-474.777802,0,0
2.280000,2.582627,-0.721321,1.704659,0.460222,-0.793480,-0.398227,-0.744216,-0.100222,-0.660377,0.484085,0.600287,-0.636645,-0.741129,0.518701,-0.028962,0.425251,0.627026,0.901900,-0.136931,0.078244,0.273461,0.160718,0.398227,0.660377,0.636645,0.000000,0.000000,0.000000,-1,0.409134,0.942276,0.789978,0.773865,1.042507,-0.069567,75.238968,187.745819,-473.939850,0,0
2.320000,2.599143,-0.740443,1.686264,0.444614,-0.810620,-0.381070,-0.733254,-0.085045,-0.674615,0.514448,0.579364,-0.632203,-0.735164,0.525010,-0.045357,0.426429,0.699055,0.799713,0.267716,-0.003338,0.180060,0.093368,0.381070,0.674615,0.632203,0.000000,0.000000,0.000000,-1,0.212845,0.558914,0.603226,0.429682,0.554577,0.419653,72.777893,190.910080,-474.275024,0,0
2.360000,2.601807,-0.742095,1.669785,0.430422,-0.819292,-0.378810,-0.733446,-0.072841,-0.675834,0.526112,0.568730,-0.632259,-0.730671,0.531271,-0.050400,0.425829,-0.072689,0.144682,-0.140386,-0.165386,0.010583,-0.062633,0.378810,0.675834,0.632259,0.000000,0.000000,0.000000,-1,0.341812,0.782471,0.677353,-0.356547,0.199591,-0.185480,72.777893,190.910080,-473.269501,0,0
2.400000,2.624531,-0.728998,1.689171,0.429638,-0.824305,-0.368691,-0.740623,-0.088083,-0.666122,0.516613,0.559252,-0.648343,-0.735878,0.531653,-0.050254,0.416297,-0.579779,0.270174,0.020741,-0.160622,0.102753,0.144245,0.368691,0.666122,0.648343,0.000000,0.000000,0.000000,-1,0.188705,0.695328,0.789520,-0.631337,0.302762,0.084726,73.832642,189.152161,-474.275024,0,0
2.440000,2.639003,-0.710993,1.696742,0.421938,-0.829911,-0.364989,-0.751713,-0.095178,-0.652586,0.506849,0.549718,-0.664014,-0.738432,0.535466,-0.048028,0.407046,-0.626093,0.322434,0.173245,-0.203719,-0.079573,0.096942,0.364989,0.652586,0.664014,0.000000,0.000000,0.000000,-1,0.179077,0.499496,0.677048,-0.588122,0.093761,0.162942,72.426300,187.042664,-474.275024,0,0
2.480000,2.655049,-0.690406,1.706873,0.414937,-0.835387,-0.360493,-0.763860,-0.104590,-0.636851,0.494313,0.539619,-0.681517,-0.741796,0.538978,-0.045100,0.396494,-0.310521,0.254183,0.012302,-0.164403,-0.040934,0.032655,0.360493,0.636851,0.681517,0.000000,0.000000,0.000000,-1,0.260849,0.619507,0.697861,-0.017306,0.552536,0.075832,70.492584,188.273209,-474.442627,0,0
2.520000,2.675245,-0.683559,1.699084,0.395905,-0.849547,-0.348609,-0.768959,-0.099193,-0.631556,0.501957,0.518103,-0.692538,-0.739533,0.547138,-0.051840,0.388644,-0.113028,0.470496,0.384944,-0.019187,0.000738,-0.037173,0.348609,0.631556,0.692538,0.000000,0.000000,0.000000,-1,0.348557,0.593475,0.666397,-0.124132,0.504926,0.423068,70.316803,187.042664,-472.263977,0,0
2.560000,2.682609,-0.674581,1.684383,0.376536,-0.859364,-0.345998,-0.775936,-0.088517,-0.624570,0.506106,0.503645,-0.700141,-0.735730,0.555673,-0.054405,0.383366,-0.073803,0.644516,0.534200,-0.000524,-0.072339,-0.003730,0.345998,0.624570,0.700141,0.000000,0.000000,0.000000,-1,0.322784,0.423813,0.819214,-0.072103,0.764915,0.477087,70.316803,185.987900,-472.263977,0,0
2.600000,2.694606,-0.666689,1.668271,0.353788,-0.871460,-0.339694,-0.782143,-0.076481,-0.618388,0.512920,0.484467,-0.708664,-0.731255,0.565331,-0.059222,0.377042,-0.053557,0.750350,0.411134,-0.016909,-0.194575,0.110550,0.339694,0.618388,0.708664,0.000000,0.000000,0.000000,-1,0.356415,0.337646,0.861755,-0.075924,0.698712,0.304783,69.262054,186.691071,-471.258423,0,0
2.640000,2.714243,-0.653170,1.662600,0.334240,-0.883145,-0.329148,-0.790817,-0.072805,-0.607707,0.512730,0.463416,-0.722740,-0.729689,0.573519,-0.062897,0.366979,0.004110,0.201251,-0.094273,0.041473,-0.225108,0.085090,0.329148,0.607707,0.722740,0.000000,0.000000,0.000000,-1,0.381668,0.469131,0.730255,-0.013797,0.144696,-0.159168,68.383087,186.866867,-473.101929,0,0
2.680000,2.720670,-0.653038,1.669854,0.337315,-0.883685,-0.324529,-0.790348,-0.078547,-0.607602,0.511438,0.461444,-0.724914,-0.731570,0.572069,-0.063872,0.365326,0.026580,0.023968,-0.249278,0.053309,-0.113126,-0.005264,0.324529,0.607602,0.724914,0.000000,0.000000,0.000000,-1,0.371170,0.529251,0.723083,0.032347,0.003834,-0.271922,69.965210,185.636322,-472.263977,0,0
2.720000,2.723179,-0.657663,1.678380,0.345043,-0.881783,-0.321564,-0.786847,-0.084980,-0.611269,0.511680,0.463936,-0.723151,-0.733685,0.568579,-0.064781,0.366371,0.128443,-0.111333,-0.216510,0.035308,-0.069643,0.012323,0.321564,0.611269,0.723151,0.000000,0.000000,0.000000,-1,0.332794,0.525604,0.730392,0.116045,-0.186241,-0.207940,68.910461,186.691071,-471.258423,0,0
2.760000,2.717999,-0.662858,1.684406,0.354657,-0.877066,-0.323996,-0.783156,-0.089359,-0.615372,0.510770,0.471985,-0.718571,-0.735287,0.564481,-0.063504,0.369705,0.121483,-0.321747,-0.177292,0.003015,-0.099381,0.001354,0.323996,0.615372,0.718571,0.000000,0.000000,0.000000,-1,0.333939,0.524338,0.701019,0.086793,-0.378711,-0.176097,71.019974,186.691071,-470.923279,0,1
2.800000,2.702268,-0.667581,1.688696,0.367944,-0.867784,-0.334019,-0.779870,-0.092375,-0.619088,0.506379,0.488281,-0.710747,-0.736727,0.559113,-0.058488,0.375773,0.086995,-0.508610,-0.111327,0.011714,-0.069771,-0.024575,0.334019,0.619088,0.710747,0.000000,0.000000,0.000000,-1,0.364304,0.556564,0.682068,0.028315,-0.437043,-0.071023,69.262054,187.745819,-471.928802,0,0
2.840000,2.688410,-0.667898,1.689223,0.375488,-0.860723,-0.343750,-0.779626,-0.092762,-0.619337,0.501191,0.500550,-0.705873,-0.737246,0.556243,-0.053388,0.379754,0.013135,-0.363612,-0.009006,0.022415,-0.081572,-0.013216,0.343750,0.619337,0.705873,0.000000,0.000000,0.000000,-1,0.388290,0.530014,0.711655,-0.103852,-0.232502,0.053878,72.074722,186.339493,-473.939850,0,0
2.880000,2.665837,-0.656980,1.685130,0.379309,-0.851231,-0.362671,-0.786670,-0.090337,-0.610728,0.487108,0.516957,-0.703904,-0.737148,0.555486,-0.042202,0.382449,-0.170890,-0.465465,0.199507,0.086746,-0.058314,-0.003281,0.362671,0.610728,0.703904,0.000000,0.000000,0.000000,-1,0.449585,0.504120,0.735580,-0.221181,-0.507642,0.307235,71.371552,184.581573,-474.610229,0,0
2.920000,2.643435,-0.640530,1.675233,0.375569,-0.843911,-0.383096,-0.797411,-0.083583,-0.597620,0.472318,0.529933,-0.704335,-0.735440,0.557939,-0.030329,0.383292,-0.378904,-0.476412,0.502688,0.069388,-0.119547,0.071483,0.383096,0.597620,0.704335,0.000000,0.000000,0.000000,-1,0.432968,0.473495,0.836426,-0.493746,-0.600763,0.425818,71.371552,187.042664,-474.945374,0,0
2.960000,2.614852,-0.616814,1.668834,0.374008,-0.831836,-0.410080,-0.811808,-0.079843,-0.578440,0.448425,0.549248,-0.705154,-0.734678,0.559308,-0.013048,0.383735,-0.426053,-0.705569,0.232256,0.029159,-0.031809,0.164139,0.410080,0.578440,0.705154,0.000000,0.000000,0.000000,-1,0.502304,0.783844,1.095078,-0.315529,0.029089,-0.181963,72.074722,184.581573,-476.621277,0,0
3.000000,2.622146,-0.610799,1.682679,0.379838,-0.830880,-0.406646,-0.814068,-0.091462,-0.573522,0.439335,0.548883,-0.711134,-0.738653,0.556739,-0.011064,0.379882,-0.155194,0.270707,-0.365822,0.155488,0.222315,0.401247,0.406646,0.573522,0.711134,0.000000,0.000000,0.000000,-1,0.488953,0.816483,1.108917,-0.184829,0.066835,-0.335459,72.953674,184.757355,-475.112976,0,0
3.040000,2.619358,-0.608801,1.699066,0.393791,-0.823095,-0.409198,-0.813595,-0.104936,-0.571885,0.427776,0.558124,-0.710989,-0.743256,0.550514,-0.006249,0.380088,-0.203869,-0.774726,-0.254994,0.030667,0.216613,0.306482,0.409198,0.571885,0.710989,0.000000,0.000000,0.000000,-1,0.394409,0.795578,0.721451,-0.127258,-0.929194,-0.377981,71.898926,184.757355,-476.788879,0,0
3.080000,2.599524,-0.610997,1.712195,0.413741,-0.806383,-0.422569,-0.810902,-0.115431,-0.573685,0.413832,0.580019,-0.701656,-0.746798,0.541407,0.002925,0.386217,-0.090776,-0.940172,-0.390547,-0.028160,0.221893,0.019795,0.422569,0.573685,0.701656,0.000000,0.000000,0.000000,-1,0.434402,0.797302,0.577057,-0.092086,-0.899744,-0.399670,73.305267,186.515289,-480.140625,0,0
3.120000,2.577344,-0.618197,1.729265,0.439403,-0.785492,-0.435806,-0.804714,-0.128600,-0.579567,0.399201,0.605363,-0.688603,-0.751100,0.529292,0.012184,0.394398,0.058824,-0.200362,-0.218703,0.009735,0.130134,-0.076680,0.435806,0.579567,0.688603,0.000000,0.000000,0.000000,-1,0.425797,0.608780,0.698410,0.109177,0.003396,-0.203271,74.360016,187.570038,-480.140625,0,0
3.160000,2.581224,-0.634456,1.732638,0.447415,-0.785226,-0.428066,-0.794870,-0.129778,-0.592740,0.409881,0.605457,-0.682217,-0.751567,0.525601,0.006049,0.398566,0.551897,-0.057681,-0.359446,-0.065944,-0.005856,0.051136,0.428066,0.592740,0.682217,0.000000,0.000000,0.000000,-1,0.322830,0.558533,0.694519,0.596505,-0.241683,-0.467135,74.711594,186.866867,-479.805450,0,0
3.200000,2.570124,-0.657370,1.735079,0.463599,-0.775733,-0.428152,-0.780944,-0.129462,-0.611037,0.418572,0.617639,-0.665823,-0.751479,0.517871,0.003187,0.408752,0.600840,-0.696182,-0.453311,-0.186529,-0.076384,-0.100835,0.428152,0.611037,0.665823,0.000000,0.000000,0.000000,-1,0.184677,0.554443,0.358154,0.512046,-0.851180,-0.290548,73.832642,188.097412,-480.978577,0,0
3.240000,2.528737,-0.684080,1.732820,0.490704,-0.748656,-0.445785,-0.764851,-0.125020,-0.631960,0.417389,0.651064,-0.633958,-0.749947,0.504538,0.009466,0.427705,0.284021,-0.720542,-0.230241,-0.246612,-0.069216,-0.423814,0.445785,0.631960,0.633958,0.000000,0.000000,0.000000,-1,0.243683,0.562637,0.195358,0.184712,-0.625787,-0.319749,74.535812,188.448990,-481.984100,0,0
3.280000,2.515280,-0.697351,1.741406,0.508518,-0.734521,-0.449320,-0.755417,-0.130147,-0.642189,0.413224,0.665989,-0.621052,-0.751618,0.495577,0.012006,0.435121,0.098106,-0.181945,-0.290477,-0.165964,-0.058113,-0.371067,0.449320,0.642189,0.621051,0.000000,0.000000,0.000000,-1,0.348419,0.573502,0.388977,-0.078850,0.133855,-0.187387,73.656845,188.273209,-483.157227,0,0
3.320000,2.525727,-0.700271,1.751229,0.512703,-0.736218,-0.441722,-0.752254,-0.137224,-0.644425,0.413823,0.662686,-0.624178,-0.754007,0.493521,0.009250,0.433388,-0.112400,0.187664,-0.184763,-0.080318,-0.080567,-0.174029,0.441722,0.644425,0.624178,0.000000,0.000000,0.000000,-1,0.408295,0.534698,0.522614,-0.127989,0.087187,-0.195354,75.063187,188.976364,-481.146149,0,0
3.360000,2.536986,-0.699575,1.768246,0.520295,-0.734940,-0.434922,-0.750250,-0.150092,-0.643892,0.407944,0.661314,-0.629481,-0.758266,0.489667,0.008895,0.430326,-0.271240,-0.162571,-0.264248,0.025848,-0.103945,-0.100886,0.434922,0.643892,0.629481,0.000000,0.000000,0.000000,-1,0.546173,0.623779,0.556213,-0.311088,-0.149079,-0.320887,74.535812,188.097412,-481.984100,0,0
3.400000,2.540124,-0.697688,1.780880,0.527483,-0.730566,-0.433631,-0.749481,-0.159811,-0.642448,0.400051,0.663878,-0.631843,-0.761436,0.485939,0.011025,0.428902,-0.216150,0.151330,-0.330799,0.158166,0.028802,-0.022056,0.433631,0.642448,0.631843,0.000000,0.000000,0.000000,-1,0.636719,0.647354,0.789658,-0.164559,0.670782,-0.197257,73.656845,189.327957,-482.822021,0,0
3.440000,2.564016,-0.697511,1.790932,0.525177,-0.740991,-0.418475,-0.747948,-0.167362,-0.642312,0.405910,0.650325,-0.642117,-0.763979,0.487231,0.004111,0.422995,-0.122057,0.821506,-0.130565,0.218244,0.005042,0.147540,0.418475,0.642312,0.642117,0.000000,0.000000,0.000000,-1,0.597031,0.681076,0.687531,0.031967,0.892945,-0.221986,73.305267,190.031128,-481.816528,0,0
3.480000,2.606261,-0.712311,1.799685,0.519868,-0.762018,-0.386091,-0.737114,-0.171727,-0.653584,0.431741,0.624370,-0.650970,-0.765272,0.489739,-0.014913,0.417484,0.394261,0.477763,-0.181250,0.288775,0.204555,0.081315,0.386091,0.653584,0.650970,0.000000,0.000000,0.000000,-1,0.583755,0.866653,0.887421,0.486833,0.833968,-0.062298,71.898926,189.327957,-483.157227,0,0
3.520000,2.628336,-0.725608,1.789263,0.506896,-0.779825,-0.367328,-0.730315,-0.162137,-0.663590,0.457927,0.604636,-0.651704,-0.761698,0.495649,-0.029736,0.416250,0.533010,1.104759,0.046498,0.137357,0.096206,0.274138,0.367328,0.663590,0.651704,0.000000,0.000000,0.000000,-1,-0.029358,0.825500,0.903091,0.662643,0.729921,-0.314687,70.668381,192.667999,-482.319275,0,0
3.560000,2.647281,-0.746264,1.785010,0.501859,-0.791706,-0.348338,-0.717449,-0.156082,-0.678900,0.483120,0.590627,-0.646340,-0.758993,0.497091,-0.044395,0.418162,0.688188,0.334686,-0.414169,-0.398478,0.243341,0.126426,0.348338,0.678900,0.646340,0.000000,0.000000,0.000000,-1,0.325012,1.193863,0.570221,0.255368,-0.382454,-0.462897,70.141006,190.734283,-481.481323,0,1
3.600000,2.644158,-0.753654,1.798540,0.516519,-0.782393,-0.347951,-0.710364,-0.164637,-0.684308,0.478112,0.600630,-0.640822,-0.761902,0.489813,-0.042709,0.421622,-0.484280,0.136054,0.189052,-0.114477,0.000812,-0.004179,0.347951,0.684308,0.640822,0.000000,0.000000,0.000000,-1,0.147141,0.598633,0.693237,-0.617057,0.097265,0.083254,71.019974,189.855331,-482.654449,0,0
3.640000,2.653170,-0.736666,1.811046,0.516311,-0.782701,-0.347567,-0.719438,-0.176249,-0.671822,0.464578,0.596922,-0.654104,-0.765941,0.490292,-0.038192,0.414113,-0.698884,-0.124525,-0.160928,-0.247164,-0.133706,0.126139,0.347567,0.671822,0.654104,0.000000,0.000000,0.000000,-1,0.208374,0.507675,0.738129,-0.592114,-0.457485,-0.346315,70.844177,190.382706,-482.486877,0,0
3.680000,2.643079,-0.723834,1.839748,0.538639,-0.762581,-0.358242,-0.722336,-0.199097,-0.662262,0.433704,0.615492,-0.658081,-0.773921,0.479673,-0.024376,0.412753,-0.374090,-1.698331,-0.369547,-0.106137,-0.173722,-0.070023,0.358242,0.662262,0.658081,0.000000,0.000000,0.000000,-1,0.216629,0.542877,0.520523,-0.481172,-3.021710,-0.568739,71.195755,191.437454,-485.168274,0,0
3.720000,2.554881,-0.721545,1.879899,0.601694,-0.682052,-0.415655,-0.715204,-0.228392,-0.660545,0.355594,0.694724,-0.625229,-0.783472,0.445854,0.019165,0.432456,-0.222122,-1.328138,-0.079150,-0.027395,0.297371,-0.000549,0.415655,0.660545,0.625229,0.000000,0.000000,0.000000,-1,0.156067,0.617691,0.427673,-0.133915,-1.008188,0.471429,74.887390,190.910080,-488.017273,0,0
3.760000,2.521644,-0.707118,1.860304,0.594087,-0.672286,-0.441693,-0.728600,-0.217033,-0.649645,0.340885,0.707763,-0.618764,-0.779404,0.449345,0.032335,0.435399,-0.143547,-0.115563,0.933078,-0.288052,-0.108615,-0.236668,0.441693,0.649645,0.618764,0.000000,0.000000,0.000000,-1,0.242554,0.442398,0.518677,-0.431438,0.768064,0.696122,73.305267,190.382706,-486.173798,0,0
3.800000,2.537745,-0.680773,1.842257,0.565012,-0.697186,-0.441240,-0.748630,-0.208367,-0.629394,0.346865,0.685941,-0.639664,-0.776699,0.465372,0.030377,0.423374,-0.265313,0.892147,0.405042,-0.197802,-0.207824,-0.073273,0.441240,0.629394,0.639664,0.000000,0.000000,0.000000,-1,0.365021,0.470825,0.685638,-0.048566,0.685980,0.188498,72.074722,189.503738,-486.676575,0,0
3.840000,2.562650,-0.679696,1.835580,0.550977,-0.717869,-0.425545,-0.750658,-0.203541,-0.628557,0.364605,0.665759,-0.651020,-0.775490,0.473419,0.019646,0.417258,0.274690,0.320563,-0.116881,0.002708,-0.115999,0.054622,0.425545,0.628557,0.651020,0.000000,0.000000,0.000000,-1,0.504135,0.519958,0.640030,0.320052,0.287129,-0.098372,72.074722,189.855331,-486.676575,0,1
3.880000,2.570356,-0.691234,1.830931,0.549451,-0.724276,-0.416567,-0.744538,-0.198171,-0.637489,0.379167,0.660418,-0.648136,-0.773912,0.474477,0.012082,0.419268,0.454982,0.307164,0.038349,0.123442,-0.126823,-0.038853,0.416567,0.637489,0.648136,0.000000,0.000000,0.000000,-1,0.530029,0.478027,0.635086,0.373306,0.397947,0.203351,70.492584,191.789047,-484.833099,0,0
3.920000,2.572156,-0.698227,1.816533,0.541075,-0.732585,-0.412986,-0.742972,-0.186342,-0.642861,0.393994,0.654672,-0.645115,-0.770151,0.478983,0.006165,0.421194,0.315085,0.331601,0.272647,0.117044,-0.164833,-0.010029,0.412986,0.642861,0.645115,0.000000,0.000000,0.000000,-1,0.421799,0.462463,0.757690,0.096918,0.062668,0.364419,68.910461,190.910080,-485.671021,0,0
3.960000,2.554535,-0.670622,1.793608,0.519709,-0.735925,-0.433955,-0.764069,-0.173118,-0.621473,0.382232,0.654557,-0.652268,-0.765685,0.489755,0.016888,0.416630,-0.359615,-0.426325,0.532181,-0.006435,-0.163252,0.086563,0.433955,0.621473,0.652268,0.000000,0.000000,0.000000,-1,0.394760,0.513901,0.747208,-0.425009,-0.444623,0.474769,70.492584,189.679535,-487.179321,0,0
4.000000,2.539959,-0.649877,1.789138,0.512920,-0.730655,-0.450618,-0.777256,-0.172456,-0.605089,0.364399,0.660607,-0.656362,-0.765137,0.492693,0.028171,0.413552,-0.521559,-0.387832,0.452330,-0.068934,0.003249,0.094706,0.450618,0.605089,0.656362,0.000000,0.000000,0.000000,-1,0.476456,0.782990,0.855423,-0.716019,-0.045979,0.282709,70.492584,188.976364,-486.173798,0,0
4.040000,2.550089,-0.622466,1.800114,0.505292,-0.734471,-0.453027,-0.791175,-0.184679,-0.583040,0.344561,0.653029,-0.674412,-0.768827,0.496095,0.035270,0.401933,-0.748779,0.645919,-0.125056,0.044959,0.449629,0.356960,0.453027,0.583040,0.674412,0.000000,0.000000,0.000000,-1,0.525833,1.147141,1.161575,-0.340698,0.538217,-0.218832,69.262054,188.448990,-486.341400,0,0
4.080000,2.565276,-0.611853,1.810034,0.502777,-0.740424,-0.446079,-0.795271,-0.193973,-0.574385,0.338761,0.643542,-0.686363,-0.771867,0.497397,0.034759,0.394474,-0.020516,-0.755918,0.287896,0.001369,0.530885,0.255363,0.446079,0.574385,0.686364,0.000000,0.000000,0.000000,-1,0.441849,0.974380,0.623856,0.018859,-1.001872,0.241176,70.492584,190.734283,-485.838623,0,0
4.120000,2.531230,-0.609861,1.802194,0.507461,-0.722312,-0.469838,-0.797879,-0.187995,-0.572754,0.325380,0.665525,-0.671718,-0.769281,0.494030,0.046946,0.402414,0.085155,-0.916008,0.158772,0.007197,0.362213,-0.136470,0.469838,0.572754,0.671718,0.000000,0.000000,0.000000,-1,0.524002,0.823975,0.551041,0.034578,0.127378,0.145169,69.437836,189.679535,-486.508972,0,0
4.160000,2.519381,-0.608512,1.793844,0.504669,-0.718763,-0.478215,-0.800174,-0.181497,-0.571647,0.324084,0.671148,-0.666731,-0.766958,0.495117,0.050241,0.405105,0.140602,0.468876,0.218136,0.106075,0.114159,0.012972,0.478215,0.571647,0.666731,0.000000,0.000000,0.000000,-1,0.454483,0.543640,0.795502,0.455655,0.883933,0.185977,68.031509,190.382706,-487.179321,0,0
4.200000,2.535278,-0.615898,1.778704,0.491725,-0.736107,-0.465137,-0.798677,-0.168486,-0.577692,0.346874,0.655560,-0.670761,-0.763376,0.502630,0.038730,0.403881,0.714771,1.000504,0.106224,-0.010654,-0.034052,0.124741,0.465137,0.577692,0.670760,0.000000,0.000000,0.000000,-1,0.172211,0.408051,0.484268,0.853609,0.569988,0.032792,67.679916,189.679535,-486.173798,0,0
4.240000,2.531216,-0.646186,1.750623,0.486133,-0.744489,-0.457616,-0.785512,-0.142798,-0.602146,0.382944,0.652185,-0.654224,-0.755506,0.506284,0.024709,0.415063,0.580385,-0.727081,-0.019426,-0.321324,-0.212024,-0.301959,0.457616,0.602146,0.654224,0.000000,0.000000,0.000000,-1,0.169678,0.456482,0.086060,0.300742,-1.473738,-0.154476,68.734665,191.085876,-486.508972,0,0
4.280000,2.476938,-0.659013,1.748639,0.510973,-0.707901,-0.487630,-0.778127,-0.139862,-0.612337,0.365273,0.692326,-0.622302,-0.753846,0.492815,0.040578,0.432669,0.021421,-1.226984,-0.256111,-0.286642,-0.118745,-0.574939,0.487630,0.612337,0.622302,0.000000,0.000000,0.000000,-1,0.291214,0.620728,0.050583,-0.114529,-0.341281,-0.255641,67.504120,190.558502,-487.346924,0,0
