0.000000,-0.726786,-1.455290,-0.635860,0.993240,0.087238,0.076580,0.068443,0.092725,-0.993336,-0.093758,0.991863,0.086128,-0.673496,-0.057789,0.006376,0.736901,0.027077,0.056757,-0.036529,-0.001804,0.014766,0.009712,-0.076580,0.993337,-0.086128,0.000000,0.000000,0.000000,-1,-0.064255,1.007751,-0.082840,0.031761,-0.055167,-0.024567,121.067352,280.614380,-763.701904,0,0
0.040000,-0.724154,-1.454709,-0.633704,0.993272,0.086733,0.076736,0.068585,0.093338,-0.993269,-0.093312,0.991849,0.086762,-0.673270,-0.057673,0.006155,0.737118,0.002645,-0.059815,-0.004912,0.012878,0.013078,0.005264,-0.076736,0.993269,-0.086762,0.000000,0.000000,0.000000,-1,-0.067993,1.005493,-0.076080,-0.004344,-0.153720,0.007124,120.541733,280.789001,-764.202881,0,0
0.080000,-0.728047,-1.455229,-0.636581,0.993181,0.087769,0.076729,0.068546,0.092725,-0.993329,-0.094299,0.991816,0.086077,-0.673495,-0.058024,0.006522,0.736882,0.007998,0.003799,-0.003130,-0.006935,0.011858,0.004488,-0.076729,0.993329,-0.086076,0.000000,0.000000,0.000000,-1,-0.079025,1.004639,-0.086639,-0.001148,-0.107082,-0.000568,121.768188,280.614380,-763.033875,0,0
0.120000,-0.731570,-1.455308,-0.639450,0.993104,0.088418,0.076979,0.068765,0.092465,-0.993339,-0.094947,0.991782,0.085747,-0.673590,-0.058338,0.006669,0.736769,-0.018622,-0.043913,-0.003686,0.002501,0.012643,-0.001075,-0.076979,0.993339,-0.085747,0.000000,0.000000,0.000000,-1,-0.074020,1.006683,-0.082642,-0.010718,-0.126161,0.002815,120.191330,280.789001,-763.200867,0,0
0.160000,-0.733494,-1.455772,-0.640522,0.993037,0.089292,0.076835,0.068588,0.092021,-0.993392,-0.095772,0.991745,0.085256,-0.673751,-0.058583,0.007027,0.736599,0.000560,0.003793,-0.000929,0.000587,0.009538,-0.000590,-0.076835,0.993392,-0.085256,0.000000,0.000000,0.000000,-1,-0.083511,1.001022,-0.085648,-0.007509,-0.115554,0.005923,119.840912,280.789001,-763.868896,0,0
0.200000,-0.739559,-1.455413,-0.645625,0.992895,0.090216,0.077592,0.069272,0.091955,-0.993351,-0.096751,0.991668,0.085052,-0.673774,-0.059177,0.007109,0.736529,-0.007979,-0.021662,-0.006055,-0.010681,0.007748,-0.005524,-0.077592,0.993351,-0.085052,0.000000,0.000000,0.000000,-1,-0.084549,1.004364,-0.089081,-0.007554,-0.106033,-0.007948,121.943390,280.789001,-763.200867,0,0
0.240000,-0.743183,-1.454841,-0.649311,0.992850,0.090114,0.078284,0.069954,0.092152,-0.993285,-0.096723,0.991659,0.085189,-0.673704,-0.059399,0.006842,0.736578,0.003722,0.012255,-0.012727,-0.005121,0.013917,-0.005936,-0.078284,0.993285,-0.085189,0.000000,0.000000,0.000000,-1,-0.081360,1.002472,-0.086136,0.008424,-0.086943,-0.003955,120.892151,281.836731,-763.534851,0,0
0.280000,-0.745503,-1.454394,-0.652090,0.992854,0.089628,0.078783,0.070479,0.092310,-0.993233,-0.096294,0.991688,0.085333,-0.673649,-0.059418,0.006499,0.736630,0.000546,0.006960,-0.007354,-0.004271,0.009102,0.009787,-0.078783,0.993233,-0.085333,0.000000,0.000000,0.000000,-1,-0.085556,1.001816,-0.084763,0.000954,-0.101792,-0.008061,120.191330,281.836731,-764.870911,0,0
0.320000,-0.750605,-1.453722,-0.656861,0.992758,0.089909,0.079672,0.071326,0.092501,-0.993155,-0.096663,0.991645,0.085418,-0.673580,-0.059843,0.006307,0.736661,0.002567,-0.023831,-0.010454,-0.002299,0.006800,-0.002381,-0.079672,0.993155,-0.085418,0.000000,0.000000,0.000000,-1,-0.087967,1.006912,-0.086990,0.000945,-0.130413,-0.004740,120.016129,280.614380,-764.369873,0,0
0.360000,-0.754626,-1.453082,-0.660267,0.992644,0.090474,0.080450,0.072031,0.092760,-0.993080,-0.097311,0.991570,0.085560,-0.673484,-0.060323,0.006259,0.736710,0.011063,0.000541,-0.018111,-0.010950,0.009820,0.000676,-0.080450,0.993080,-0.085560,0.000000,0.000000,0.000000,-1,-0.081116,1.000412,-0.092087,0.021128,-0.066826,-0.022269,122.118591,280.265137,-764.703857,0,0
0.400000,-0.753459,-1.451095,-0.659707,0.992608,0.089747,0.081700,0.073188,0.094359,-0.992844,-0.096813,0.991485,0.087093,-0.672896,-0.060535,0.005615,0.737235,0.030175,-0.017489,-0.022497,0.002263,0.010635,0.000606,-0.081700,0.992844,-0.087093,0.000000,0.000000,0.000000,-1,-0.081467,1.006668,-0.085190,0.030681,-0.114528,-0.016841,121.242569,279.741272,-763.868896,0,0
0.440000,-0.752316,-1.450421,-0.658364,0.992564,0.089902,0.082058,0.073471,0.094986,-0.992764,-0.097046,0.991411,0.087675,-0.672663,-0.060719,0.005571,0.737432,0.032316,0.003715,-0.022614,0.000591,0.013904,0.002485,-0.082058,0.992764,-0.087675,0.000000,0.000000,0.000000,-1,-0.088730,1.005234,-0.085007,0.031764,-0.061525,-0.022411,120.366531,280.614380,-763.367859,0,0
0.480000,-0.753986,-1.448401,-0.660875,0.992525,0.088933,0.083577,0.074940,0.096385,-0.992519,-0.096324,0.991363,0.089000,-0.672150,-0.060951,0.004741,0.737887,0.033185,-0.016408,-0.024653,-0.003551,0.011464,0.002681,-0.083577,0.992519,-0.089000,0.000000,0.000000,0.000000,-1,-0.080688,1.006760,-0.076630,0.024291,-0.123011,-0.017796,121.592972,280.439758,-764.202881,0,0
0.520000,-0.756064,-1.447261,-0.662192,0.992383,0.089611,0.084538,0.075762,0.097178,-0.992379,-0.097143,0.991225,0.089649,-0.671855,-0.061536,0.004691,0.738107,0.027873,-0.004744,-0.022515,0.003758,0.014213,0.005497,-0.084538,0.992379,-0.089649,0.000000,0.000000,0.000000,-1,-0.085037,1.005646,-0.084183,0.022182,-0.116645,-0.014610,122.293793,280.789001,-763.534851,0,0
0.560000,-0.756058,-1.446787,-0.661750,0.992319,0.090012,0.084860,0.076008,0.097582,-0.992321,-0.097602,0.991149,0.089991,-0.671704,-0.061791,0.004742,0.738223,0.019366,-0.032302,-0.016977,-0.000178,0.013325,0.005809,-0.084860,0.992321,-0.089991,0.000000,0.000000,0.000000,-1,-0.084137,1.002655,-0.082275,0.020071,-0.122998,-0.009240,119.665710,280.963623,-764.703857,0,0
0.600000,-0.757931,-1.446095,-0.662937,0.992206,0.090644,0.085500,0.076547,0.098034,-0.992235,-0.098322,0.991046,0.090331,-0.671536,-0.062242,0.004773,0.738338,0.019374,0.000561,-0.018185,0.004491,0.012938,0.004439,-0.085500,0.992235,-0.090331,0.000000,0.000000,0.000000,-1,-0.082016,1.002075,-0.087082,0.010509,-0.114516,-0.009172,121.943390,280.789001,-763.534851,0,0
0.640000,-0.758908,-1.445641,-0.663231,0.992113,0.091290,0.085899,0.076853,0.098366,-0.992178,-0.099026,0.990954,0.090574,-0.671411,-0.062608,0.004888,0.738419,0.017080,-0.018444,-0.011643,0.000159,0.008127,0.001509,-0.085899,0.992178,-0.090574,0.000000,0.000000,0.000000,-1,-0.089432,1.004883,-0.086777,0.016890,-0.122995,-0.007077,121.592972,281.138245,-764.536865,0,0
0.680000,-0.761182,-1.444951,-0.664700,0.991985,0.092039,0.086576,0.077419,0.098792,-0.992092,-0.099864,0.990843,0.090874,-0.671252,-0.063113,0.004949,0.738521,0.012822,-0.003607,-0.014855,-0.002077,0.012135,0.004860,-0.086576,0.992092,-0.090874,0.000000,0.000000,0.000000,-1,-0.088150,1.001053,-0.084045,0.008388,-0.086958,-0.013528,120.892151,280.439758,-764.870911,0,0
0.720000,-0.764237,-1.444635,-0.668277,0.991991,0.091497,0.087071,0.077967,0.098760,-0.992052,-0.099368,0.990896,0.090836,-0.671267,-0.063113,0.004580,0.738510,0.000067,-0.003605,-0.012586,0.001759,0.012983,0.000229,-0.087071,0.992052,-0.090836,0.000000,0.000000,0.000000,-1,-0.086914,1.002945,-0.090332,-0.005404,-0.144180,0.006029,120.541733,281.487488,-764.536865,0,0
0.760000,-0.767314,-1.444651,-0.669694,0.991815,0.093141,0.087338,0.078096,0.098637,-0.992054,-0.101016,0.990755,0.090556,-0.671309,-0.063770,0.005094,0.738412,0.006238,-0.050116,0.000394,-0.006351,0.007168,0.001261,-0.087338,0.992054,-0.090556,0.000000,0.000000,0.000000,-1,-0.097580,1.001740,-0.087250,0.011595,-0.132526,0.000470,121.592972,281.138245,-764.536865,0,0
0.800000,-0.769764,-1.443844,-0.671565,0.991697,0.093657,0.088117,0.078779,0.099117,-0.991952,-0.101637,0.990658,0.090916,-0.671130,-0.064234,0.005036,0.738534,0.010470,-0.001370,-0.014770,0.000638,0.008688,-0.002544,-0.088117,0.991952,-0.090916,0.000000,0.000000,0.000000,-1,-0.086700,1.001282,-0.096802,0.006262,-0.117694,-0.006984,120.191330,279.392029,-764.202881,0,0
0.840000,-0.768986,-1.443232,-0.669561,0.991554,0.094831,0.088469,0.078957,0.099752,-0.991875,-0.102885,0.990483,0.091422,-0.670891,-0.064760,0.005372,0.738703,0.017917,-0.029987,-0.008338,-0.000017,0.008202,-0.001398,-0.088469,0.991875,-0.091422,0.000000,0.000000,0.000000,-1,-0.091141,1.003540,-0.086090,0.019030,-0.088013,-0.010450,121.417770,282.011353,-764.369873,0,0
0.880000,-0.771194,-1.442336,-0.672166,0.991525,0.094373,0.089290,0.079770,0.100241,-0.991760,-0.102546,0.990477,0.091863,-0.670712,-0.064910,0.004941,0.738855,0.012599,0.012409,-0.015919,-0.002034,0.009583,0.003973,-0.089290,0.991760,-0.091863,0.000000,0.000000,0.000000,-1,-0.090759,1.000641,-0.089600,0.011582,-0.096495,-0.010329,120.541733,280.789001,-764.202881,0,0
0.920000,-0.772792,-1.441815,-0.673806,0.991486,0.094293,0.089797,0.080257,0.100514,-0.991693,-0.102535,0.990457,0.092090,-0.670612,-0.065071,0.004749,0.738933,0.011525,0.000746,-0.015855,-0.003800,0.010092,0.001835,-0.089797,0.991693,-0.092090,0.000000,0.000000,0.000000,-1,-0.094879,1.003036,-0.089783,0.013705,-0.090137,-0.012509,120.366531,281.312866,-765.371887,0,0
0.960000,-0.774458,-1.440924,-0.676294,0.991500,0.093413,0.090568,0.081059,0.101002,-0.991578,-0.101774,0.990491,0.092572,-0.670434,-0.065060,0.004179,0.739100,0.017689,0.031627,-0.020225,0.001136,0.009261,0.003766,-0.090568,0.991578,-0.092572,0.000000,0.000000,0.000000,-1,-0.086456,1.003326,-0.089142,0.012654,-0.079533,-0.011481,120.892151,281.487488,-765.872925,0,0
1.000000,-0.774373,-1.440396,-0.677322,0.991574,0.092272,0.090927,0.081492,0.101327,-0.991510,-0.100702,0.990565,0.092954,-0.670316,-0.064807,0.003646,0.739232,0.017710,0.025278,-0.011683,-0.001664,0.010291,0.004163,-0.090927,0.991510,-0.092954,0.000000,0.000000,0.000000,-1,-0.094025,1.001389,-0.091522,0.014813,-0.073160,-0.004088,120.716949,281.312866,-765.037903,0,0
1.040000,-0.774598,-1.439796,-0.678342,0.991610,0.091441,0.091363,0.081968,0.101707,-0.991432,-0.099950,0.990603,0.093358,-0.670176,-0.064688,0.003203,0.739371,0.016645,0.030576,-0.012761,-0.006079,0.008889,0.001897,-0.091363,0.991432,-0.093358,0.000000,0.000000,0.000000,-1,-0.094330,1.001785,-0.091858,0.016921,-0.065749,-0.010527,120.016129,280.614380,-764.703857,0,0
1.080000,-0.774462,-1.438624,-0.679591,0.991670,0.089985,0.092164,0.082826,0.102509,-0.991278,-0.098647,0.990654,0.094202,-0.669880,-0.064493,0.002420,0.739659,0.026183,0.035863,-0.021403,-0.003417,0.007349,0.001627,-0.092164,0.991278,-0.094202,0.000000,0.000000,0.000000,-1,-0.096191,0.996933,-0.092148,0.023271,-0.061521,-0.019126,120.716949,280.614380,-765.371887,0,0
1.120000,-0.775159,-1.437471,-0.681747,0.991727,0.088454,0.093029,0.083766,0.103217,-0.991125,-0.097271,0.990718,0.094954,-0.669619,-0.064298,0.001584,0.739915,0.028077,0.067792,-0.032095,-0.006321,0.007868,0.002867,-0.093029,0.991125,-0.094954,0.000000,0.000000,0.000000,-1,-0.097275,0.993683,-0.101212,0.046639,-0.009595,-0.035573,120.892151,280.789001,-765.204895,0,0
1.160000,-0.768798,-1.434123,-0.679064,0.991904,0.084569,0.094729,0.085573,0.106023,-0.990675,-0.093824,0.990761,0.097928,-0.668572,-0.063621,-0.000339,0.740921,0.045077,0.037048,-0.030020,-0.000394,0.008639,-0.011127,-0.094729,0.990675,-0.097928,0.000000,0.000000,0.000000,-1,-0.102417,1.006882,-0.099335,0.045581,-0.072126,-0.021451,121.943390,281.487488,-764.870911,0,0
1.200000,-0.765237,-1.432387,-0.676696,0.991934,0.083261,0.095571,0.086398,0.107566,-0.990437,-0.092745,0.990705,0.099505,-0.667994,-0.063496,-0.001058,0.741452,0.062121,0.067798,-0.027158,-0.007181,0.018398,0.009661,-0.095571,0.990437,-0.099505,0.000000,0.000000,0.000000,-1,-0.093613,1.004425,-0.084351,0.070072,0.001022,-0.026306,121.067352,281.662109,-764.703857,0,0
1.240000,-0.758642,-1.430604,-0.674783,0.992269,0.078491,0.096128,0.087296,0.109110,-0.990189,-0.088209,0.990926,0.101415,-0.667410,-0.062101,-0.002966,0.742091,0.033235,0.053114,-0.009621,0.000852,0.012908,0.017293,-0.096128,0.990189,-0.101415,0.000000,0.000000,0.000000,-1,-0.095154,1.010315,-0.075302,0.022264,-0.076336,-0.000965,120.716949,280.614380,-765.371887,0,0
1.280000,-0.762046,-1.431232,-0.678694,0.992314,0.078030,0.096043,0.087331,0.108283,-0.990277,-0.087671,0.991053,0.100637,-0.667719,-0.061913,-0.003134,0.741828,0.003449,0.018135,-0.002751,0.001667,0.019611,0.027135,-0.096043,0.990277,-0.100637,0.000000,0.000000,0.000000,-1,-0.086105,1.000259,-0.081497,-0.010670,-0.072088,0.004698,119.140091,280.439758,-764.870911,0,0
1.320000,-0.770196,-1.434154,-0.687616,0.992473,0.077472,0.094845,0.086456,0.105263,-0.990679,-0.086733,0.991422,0.097773,-0.668849,-0.061272,-0.003032,0.740863,-0.038011,-0.023194,0.011732,0.012234,0.008100,0.009120,-0.094845,0.990679,-0.097773,0.000000,0.000000,0.000000,-1,-0.081421,0.999512,-0.088303,-0.031898,-0.127188,0.025391,119.665710,279.566650,-764.035889,0,0
1.360000,-0.772367,-1.436871,-0.689548,0.992597,0.077904,0.093178,0.084947,0.103019,-0.991045,-0.086805,0.991624,0.095639,-0.669690,-0.060793,-0.002379,0.740144,-0.040077,0.051024,0.014622,0.014229,0.010114,0.010266,-0.093178,0.991045,-0.095639,0.000000,0.000000,0.000000,-1,-0.077881,1.002914,-0.081726,-0.032907,-0.002100,0.014201,121.067352,280.265137,-765.037903,0,0
1.400000,-0.770091,-1.438661,-0.690739,0.992987,0.074591,0.091725,0.083940,0.101551,-0.991283,-0.083256,0.992030,0.094577,-0.670235,-0.059133,-0.003159,0.739783,-0.008126,0.137960,0.013887,0.016148,0.013844,0.013187,-0.091725,0.991283,-0.094577,0.000000,0.000000,0.000000,-1,-0.082031,1.006332,-0.085770,-0.003064,0.023368,0.028649,121.242569,280.439758,-764.536865,0,0
1.440000,-0.760831,-1.441953,-0.682482,0.993327,0.073834,0.088595,0.081039,0.099707,-0.991711,-0.082055,0.992274,0.093058,-0.670925,-0.057709,-0.002437,0.739272,-0.050833,-0.131131,0.089135,-0.015135,0.000400,-0.002309,-0.088595,0.991711,-0.093058,0.000000,0.000000,0.000000,-1,-0.132263,0.992355,-0.102631,-0.050931,-0.312626,0.091325,121.592972,281.487488,-764.202881,0,0
1.480000,-0.773862,-1.442716,-0.687643,0.992652,0.081688,0.089271,0.081073,0.098703,-0.991809,-0.089830,0.991758,0.091355,-0.671304,-0.060614,0.000208,0.738700,-0.011694,-0.163011,0.040949,-0.051919,-0.003589,-0.008651,-0.089271,0.991809,-0.091355,0.000000,0.000000,0.000000,-1,-0.122787,1.003830,-0.093430,0.007335,-0.179163,0.008174,120.716949,281.312866,-764.703857,0,0
1.520000,-0.774826,-1.441724,-0.688898,0.992611,0.081330,0.090048,0.081822,0.099361,-0.991682,-0.089601,0.991722,0.091972,-0.671059,-0.060782,-0.000166,0.738909,0.042345,0.159121,-0.073855,-0.014216,0.019793,0.005165,-0.090048,0.991682,-0.091972,0.000000,0.000000,0.000000,-1,-0.033173,1.010651,-0.082809,0.067834,0.159960,-0.088694,120.541733,280.789001,-763.868896,0,0
1.560000,-0.755244,-1.436772,-0.682235,0.993460,0.068172,0.091594,0.084253,0.103714,-0.991032,-0.077061,0.992268,0.097292,-0.669413,-0.056925,-0.005428,0.740686,0.079882,0.145473,0.016210,0.083949,0.011012,0.005785,-0.091594,0.991032,-0.097292,0.000000,0.000000,0.000000,-1,-0.041336,0.996979,-0.098480,0.023685,-0.205499,0.120867,120.366531,280.614380,-764.369873,0,0
1.600000,-0.729664,-1.438960,-0.651882,0.993467,0.073105,0.087630,0.079751,0.104499,-0.991322,-0.081628,0.991834,0.097986,-0.669138,-0.057109,-0.002243,0.740937,0.016076,-0.253982,0.148635,-0.022233,0.012859,0.003214,-0.087630,0.991322,-0.097986,0.000000,0.000000,0.000000,-1,-0.152237,0.989243,-0.088608,0.023655,-0.341177,0.140626,120.191330,280.090515,-766.540894,0,0
1.640000,-0.712005,-1.440623,-0.628023,0.993228,0.079410,0.084809,0.076267,0.105038,-0.991539,-0.087646,0.991293,0.098270,-0.668939,-0.058181,0.001060,0.741036,0.031837,-0.128990,0.073437,-0.081237,-0.005349,0.005054,-0.084809,0.991539,-0.098270,0.000000,0.000000,0.000000,-1,-0.146561,1.005600,-0.120300,0.024448,-0.164284,0.032384,119.840912,281.836731,-765.538879,0,0
1.680000,-0.712716,-1.438926,-0.632467,0.993426,0.075584,0.085979,0.077727,0.106055,-0.991318,-0.084046,0.991483,0.099482,-0.668560,-0.057329,-0.000723,0.741445,0.022002,0.248221,-0.074950,-0.011479,0.016266,-0.024861,-0.085979,0.991318,-0.099482,0.000000,0.000000,0.000000,-1,-0.067383,1.007706,-0.130707,0.059493,0.134588,-0.039557,121.592972,281.487488,-765.204895,0,0
1.720000,-0.700936,-1.436119,-0.628392,0.993937,0.067756,0.086596,0.078930,0.108621,-0.990945,-0.076548,0.991771,0.102615,-0.667589,-0.054931,-0.003763,0.742491,0.091060,0.060812,0.006134,0.023546,0.007651,-0.021699,-0.086596,0.990945,-0.102615,0.000000,0.000000,0.000000,-1,-0.081070,0.980316,-0.109024,0.101029,-0.122934,0.032417,120.191330,280.789001,-764.870911,0,0
1.760000,-0.683222,-1.434480,-0.608790,0.993882,0.069559,0.085790,0.077715,0.111480,-0.990723,-0.078477,0.991329,0.105392,-0.666523,-0.055239,-0.002743,0.743430,0.092114,-0.104534,0.037716,-0.006526,-0.017396,0.001892,-0.085790,0.990723,-0.105392,0.000000,0.000000,0.000000,-1,-0.109161,1.029083,-0.110565,0.078645,-0.200329,0.033013,120.716949,280.265137,-765.705933,0,0
1.800000,-0.665552,-1.431845,-0.590245,0.993853,0.070291,0.085526,0.077087,0.115070,-0.990362,-0.079455,0.990867,0.108944,-0.665176,-0.055391,-0.002282,0.744625,0.061238,0.111663,-0.018232,-0.001388,0.016199,-0.003757,-0.085526,0.990362,-0.108944,0.000000,0.000000,0.000000,-1,-0.073410,0.990723,-0.126038,0.038254,-0.030744,0.000781,121.067352,280.265137,-765.037903,0,0
1.840000,-0.652398,-1.430331,-0.578553,0.994005,0.068771,0.084996,0.076556,0.117219,-0.990151,-0.078057,0.990722,0.111252,-0.664367,-0.054686,-0.002611,0.745399,0.053812,-0.074872,0.023116,-0.000042,0.028297,-0.013001,-0.084996,0.990151,-0.111252,0.000000,0.000000,0.000000,-1,-0.104919,1.029373,-0.106674,0.064822,-0.187611,0.029916,121.067352,280.614380,-765.037903,0,0
1.880000,-0.646580,-1.428131,-0.571013,0.993838,0.070345,0.085659,0.076847,0.119626,-0.989841,-0.079878,0.990324,0.113483,-0.663462,-0.055464,-0.002179,0.746148,0.075022,0.032155,-0.011649,-0.006824,0.000669,0.001773,-0.085659,0.989841,-0.113483,0.000000,0.000000,0.000000,-1,-0.074097,0.981628,-0.144943,0.050891,-0.094385,-0.018218,121.592972,280.439758,-766.540894,0,0
1.920000,-0.640507,-1.425748,-0.564592,0.993762,0.070540,0.086378,0.077340,0.122109,-0.989499,-0.080347,0.990007,0.115892,-0.662526,-0.055802,-0.002276,0.746954,0.050485,-0.057970,-0.016290,0.012052,0.003696,-0.047240,-0.086378,0.989499,-0.115892,0.000000,0.000000,0.000000,-1,-0.091370,0.987167,-0.146851,0.097704,-0.100731,-0.008068,119.840912,280.789001,-765.872925,0,0
1.960000,-0.622997,-1.421648,-0.547231,0.993761,0.070162,0.086702,0.077318,0.126896,-0.988898,-0.080385,0.989432,0.120680,-0.660716,-0.055803,-0.002390,0.748555,0.113308,0.053353,-0.016419,-0.015303,-0.012931,-0.019503,-0.086702,0.988898,-0.120680,0.000000,0.000000,0.000000,-1,-0.101669,0.983383,-0.139999,0.105157,-0.060451,-0.013651,121.067352,281.662109,-767.041931,0,0
2.000000,-0.613660,-1.418296,-0.538525,0.993751,0.069327,0.087479,0.077910,0.130409,-0.988394,-0.079931,0.989033,0.124193,-0.659384,-0.055824,-0.002862,0.749725,0.086693,0.003522,-0.016968,-0.015411,-0.001746,-0.007735,-0.087479,0.988394,-0.124193,0.000000,0.000000,0.000000,-1,-0.092148,0.988632,-0.111908,0.079620,-0.089076,-0.013240,120.716949,280.265137,-765.705933,0,0
2.040000,-0.606262,-1.415476,-0.532786,0.993818,0.067501,0.088146,0.078576,0.133255,-0.987962,-0.078435,0.988780,0.127127,-0.658300,-0.055475,-0.003688,0.750700,0.042134,0.039594,0.001441,0.005199,0.015044,0.017721,-0.088146,0.987962,-0.127127,0.000000,0.000000,0.000000,-1,-0.074188,1.004745,-0.105728,0.031916,-0.125058,0.031060,120.366531,279.915894,-765.705933,0,0
2.080000,-0.598144,-1.416582,-0.523140,0.993850,0.069146,0.086496,0.076741,0.133060,-0.988133,-0.079834,0.988693,0.126935,-0.658380,-0.055396,-0.002530,0.750641,0.018422,-0.101247,0.043033,0.011621,0.026440,0.018567,-0.086496,0.988133,-0.126935,0.000000,0.000000,0.000000,-1,-0.070435,1.002197,-0.119675,0.013830,-0.221512,0.047651,120.716949,281.312866,-765.705933,0,0
2.120000,-0.588117,-1.416919,-0.508514,0.993642,0.073793,0.085034,0.074624,0.133877,-0.988184,-0.084305,0.988247,0.127519,-0.658074,-0.056383,-0.000277,0.750839,0.026904,-0.088539,0.033313,0.006253,0.000021,-0.013396,-0.085034,0.988184,-0.127519,0.000000,0.000000,0.000000,-1,-0.085785,0.964645,-0.169189,0.066997,-0.160035,0.037214,120.716949,281.312866,-766.707886,0,0
2.160000,-0.571985,-1.414988,-0.489767,0.993537,0.076340,0.083998,0.072999,0.136936,-0.987886,-0.086917,0.987634,0.130478,-0.656910,-0.056834,0.001111,0.751823,0.072656,-0.057790,0.034797,0.000182,-0.050676,-0.060119,-0.083998,0.987886,-0.130478,0.000000,0.000000,0.000000,-1,-0.079620,0.909378,-0.565826,0.168388,-1.742711,0.182586,119.665710,279.566650,-767.041931,0,0
2.200000,-0.560850,-1.406953,-0.419700,0.987152,0.134176,0.086760,0.066466,0.148955,-0.986608,-0.145302,0.979699,0.138123,-0.651935,-0.076941,0.022450,0.754027,0.517125,-2.046537,0.168646,-0.000582,0.004130,-0.122802,-0.086760,0.986608,-0.138123,0.000000,0.000000,0.000000,-1,-0.076263,1.044647,0.075027,0.798957,-1.659988,0.193346,122.118591,280.963623,-766.373901,0,0
2.240000,-0.445741,-1.374946,-0.281318,0.984225,0.155765,0.083898,0.054026,0.186951,-0.980883,-0.168472,0.969942,0.175587,-0.636727,-0.082371,0.033207,0.765957,1.128082,0.756510,0.060973,0.012059,0.077208,0.143909,-0.083898,0.980883,-0.175587,0.000000,0.000000,0.000000,-1,-0.076080,1.024918,-0.086014,0.688332,1.034641,-0.090971,120.191330,280.789001,-769.212952,0,0
2.280000,-0.396173,-1.357433,-0.261105,0.988633,0.126204,0.081712,0.054663,0.204571,-0.977324,-0.140058,0.970682,0.195347,-0.630221,-0.071747,0.023145,0.772747,-0.293664,0.002372,-0.141206,0.029435,0.056764,0.253666,-0.081712,0.977324,-0.195347,0.000000,0.000000,0.000000,-1,-0.033737,1.054947,-0.046967,-0.373685,0.326235,-0.202651,121.592972,279.741272,-768.544922,0,0
2.320000,-0.447716,-1.369696,-0.335367,0.990824,0.103875,0.086472,0.065740,0.188619,-0.979847,-0.118092,0.976541,0.180060,-0.636817,-0.066587,0.012413,0.768034,-0.606004,1.027368,-0.289183,0.093751,0.034130,0.089758,-0.086472,0.979847,-0.180060,0.000000,0.000000,0.000000,-1,-0.020355,1.004471,-0.074173,-0.674281,1.046005,-0.274919,120.892151,281.487488,-768.544922,0,0
2.360000,-0.517571,-1.389196,-0.450984,0.994238,0.059215,0.089358,0.078717,0.162547,-0.983556,-0.072766,0.984922,0.156949,-0.647059,-0.053292,-0.006410,0.760548,-0.638940,0.817519,-0.240005,0.027529,0.028651,0.038511,-0.089358,0.983556,-0.156949,0.000000,0.000000,0.000000,-1,0.006058,0.984482,-0.212311,-0.369673,-0.061779,-0.187116,118.789673,281.487488,-766.540894,0,0
2.400000,-0.587397,-1.397553,-0.526324,0.993968,0.053862,0.095531,0.086595,0.149048,-0.985031,-0.067295,0.987362,0.143485,-0.652195,-0.053840,-0.010824,0.756059,-0.157462,-0.081313,-0.093399,0.186916,-0.019104,-0.051400,-0.095531,0.985031,-0.143485,0.000000,0.000000,0.000000,-1,0.067276,0.992096,-0.123871,0.051184,0.033978,0.033321,121.768188,280.614380,-767.041931,0,0
2.440000,-0.564908,-1.395235,-0.507219,0.994339,0.050464,0.093502,0.084841,0.152671,-0.984629,-0.063964,0.986988,0.147525,-0.650796,-0.051977,-0.011347,0.757386,0.321851,0.073791,0.110171,0.092251,0.000112,0.041202,-0.093502,0.984629,-0.147525,0.000000,0.000000,0.000000,-1,-0.033920,0.970230,-0.082642,0.376659,-0.130242,0.104935,120.366531,280.614380,-766.707886,0,0
2.480000,-0.510133,-1.384038,-0.449243,0.994459,0.053205,0.090664,0.080635,0.167251,-0.982611,-0.067443,0.984478,0.162034,-0.645208,-0.051859,-0.008997,0.762192,0.338545,-0.006888,0.042273,0.065334,0.002771,0.107835,-0.090664,0.982611,-0.162034,0.000000,0.000000,0.000000,-1,-0.023422,0.990967,-0.036255,0.300989,0.024426,0.024229,120.016129,281.312866,-768.377930,0,0
2.520000,-0.471566,-1.373234,-0.417250,0.994944,0.046211,0.089166,0.079542,0.179440,-0.980548,-0.061312,0.982683,0.174857,-0.640439,-0.049089,-0.010873,0.766362,0.324661,0.184925,-0.013753,0.088907,0.025052,0.143973,-0.089166,0.980548,-0.174857,0.000000,0.000000,0.000000,-1,0.040497,0.999695,-0.041779,0.227543,-0.030724,0.012523,121.067352,281.312866,-768.377930,0,0
2.560000,-0.446792,-1.365571,-0.395013,0.995171,0.043387,0.088051,0.078421,0.188094,-0.979015,-0.059038,0.981192,0.183783,-0.637043,-0.047802,-0.011386,0.769261,0.152522,0.021738,0.045258,0.139718,0.023655,0.139838,-0.088051,0.979015,-0.183783,0.000000,0.000000,0.000000,-1,0.037247,1.004730,-0.065598,0.142645,-0.098495,0.068014,120.191330,281.138245,-769.212952,0,0
2.600000,-0.421855,-1.361787,-0.369506,0.995412,0.044015,0.084958,0.074937,0.193487,-0.978237,-0.059496,0.980115,0.189301,-0.634946,-0.046835,-0.010025,0.771071,0.145250,-0.007872,0.096530,0.102567,0.002522,0.104676,-0.084958,0.978237,-0.189301,0.000000,0.000000,0.000000,-1,0.012650,0.977798,-0.092697,0.151218,-0.109067,0.088178,121.242569,281.836731,-768.544922,0,0
2.640000,-0.391374,-1.356682,-0.338448,0.995708,0.044685,0.081053,0.070549,0.200429,-0.977165,-0.059910,0.978689,0.196416,-0.632231,-0.045566,-0.008361,0.773394,0.228278,0.008067,0.120009,0.037871,0.008614,0.087437,-0.081053,0.977165,-0.196416,0.000000,0.000000,0.000000,-1,-0.102631,1.033173,-0.128952,0.315940,-0.262776,0.100884,120.716949,280.614380,-768.711914,0,0
2.680000,-0.363270,-1.342561,-0.298089,0.995170,0.056326,0.080397,0.066451,0.216281,-0.974067,-0.072254,0.974705,0.211493,-0.625978,-0.049034,-0.003252,0.778291,0.373077,-0.393970,-0.025502,-0.053117,0.058068,0.085883,-0.080397,0.974067,-0.211493,0.000000,0.000000,0.000000,-1,-0.113037,1.010910,-0.125488,0.350137,-0.480407,-0.091043,121.417770,280.963623,-769.045959,0,0
2.720000,-0.375965,-1.331755,-0.300182,0.994043,0.065737,0.086936,0.070012,0.226184,-0.971565,-0.083531,0.971864,0.220234,-0.622018,-0.054560,-0.001368,0.781099,0.305379,-0.327487,-0.230354,0.007575,0.072990,0.066944,-0.086936,0.971565,-0.220234,0.000000,0.000000,0.000000,-1,-0.074783,1.234375,-0.171066,0.389730,-0.415016,-0.319410,119.665710,279.915894,-770.715942,0,0
2.760000,-0.410309,-1.312147,-0.323703,0.992032,0.073919,0.102027,0.081357,0.242491,-0.966736,-0.096201,0.967333,0.234545,-0.615426,-0.063077,-0.002367,0.785663,0.467627,-0.206825,-0.366715,0.042609,0.290389,0.089846,-0.102027,0.966736,-0.234545,0.000000,0.000000,0.000000,-1,0.048264,1.255981,-0.078735,0.538364,-0.168145,-0.426407,120.016129,280.265137,-771.383972,0,0
2.800000,-0.435543,-1.285577,-0.347540,0.990325,0.071863,0.118710,0.095830,0.264546,-0.959600,-0.100364,0.961692,0.255100,-0.606358,-0.069139,-0.007564,0.792144,0.582434,0.043302,-0.422295,0.296353,0.201685,0.239246,-0.118710,0.959600,-0.255100,0.000000,0.000000,0.000000,-1,0.216537,1.104492,0.014450,0.586475,-0.058869,-0.377436,118.088852,279.392029,-773.221008,0,0
2.840000,-0.439092,-1.259979,-0.350308,0.989071,0.069534,0.130016,0.104959,0.287262,-0.952084,-0.103551,0.955325,0.276824,-0.596864,-0.073088,-0.011085,0.798930,0.553502,-0.124886,-0.164861,0.298702,0.136386,0.321212,-0.130016,0.952084,-0.276824,0.000000,0.000000,0.000000,-1,0.102219,1.058289,0.086914,0.349903,-0.594968,-0.129881,118.964890,280.614380,-773.054016,0,0
2.880000,-0.496167,-1.259602,-0.370833,0.983870,0.103695,0.145767,0.110963,0.285382,-0.951969,-0.140314,0.952788,0.269272,-0.597749,-0.089778,-0.002281,0.796637,-1.152047,-2.026859,-0.114077,0.163482,0.128064,0.659562,-0.145767,0.951969,-0.269272,0.000000,0.000000,0.000000,-1,0.172699,1.102524,0.343567,-1.615855,-1.049668,-0.021065,119.140091,279.741272,-771.885010,0,0
2.920000,-0.698145,-1.333942,-0.546148,0.979149,0.136077,0.150830,0.121875,0.200512,-0.972081,-0.162521,0.970195,0.179747,-0.632236,-0.102000,0.004623,0.768018,-2.176792,0.118610,0.337488,0.366131,0.133525,0.408537,-0.150830,0.972081,-0.179747,0.000000,0.000000,0.000000,-1,0.186798,1.108444,0.210602,-2.483994,-0.238889,0.506066,120.366531,281.312866,-765.705933,0,0
2.960000,-0.942035,-1.403422,-0.788973,0.980289,0.144502,0.134734,0.118220,0.117378,-0.986026,-0.158298,0.982518,0.097981,-0.664253,-0.098879,0.008869,0.740886,-3.143146,-0.109887,0.687433,0.111937,0.238813,0.345723,-0.134734,0.986026,-0.097981,0.000000,0.000000,0.000000,-1,-0.354309,1.295929,-0.374023,-3.028370,1.009426,0.808528,122.819412,280.265137,-760.361816,0,0
3.000000,-1.486697,-1.459584,-1.362412,0.986264,0.122692,0.110591,0.108582,0.022960,-0.993822,-0.124473,0.992179,0.009323,-0.698924,-0.082725,0.004966,0.710378,-3.087698,0.920812,0.802370,-0.243718,0.302107,-0.364701,-0.110591,0.993822,-0.009323,0.000000,0.000000,0.000000,-1,-0.442230,1.284073,-0.877655,-2.806177,-2.277494,0.630508,124.571472,280.265137,-758.691772,0,0
3.040000,-2.667978,-1.464290,-2.442268,0.972972,0.225776,0.048486,0.068428,-0.081353,-0.994334,-0.220552,0.970777,-0.094603,-0.732961,-0.100348,0.058689,0.670264,0.059420,-1.217940,1.270900,-0.004279,0.189306,-0.120970,-0.048486,0.994334,0.094603,0.000000,0.000000,0.000000,-1,0.133423,1.335312,0.462677,-0.810592,-1.443116,1.308928,128.951630,279.392029,-753.848755,0,0
3.080000,-3.080196,-1.441346,-2.849453,0.973349,0.229193,0.007921,0.037178,-0.123620,-0.991633,-0.226296,0.965499,-0.128846,-0.745958,-0.089272,0.073186,0.655912,-1.630635,1.307687,1.424922,0.219423,0.331396,0.117095,-0.007921,0.991633,0.128846,0.000000,0.000000,0.000000,-1,0.195923,1.100327,-0.041565,-1.939972,1.904084,1.395622,130.878891,277.820465,-750.007690,0,0
3.120000,2.978946,-1.362897,3.130834,0.988450,0.147818,-0.033423,-0.002221,-0.206393,-0.978467,-0.151534,0.967239,-0.203681,-0.774359,-0.047006,0.059713,0.628167,-1.809796,1.800501,1.251494,0.017984,0.016559,-0.296623,0.033423,0.978467,0.203681,0.000000,0.000000,0.000000,-1,-0.218475,0.674164,-0.071442,-1.599147,1.751919,1.022378,132.455750,274.851929,-747.168640,0,0
3.160000,2.945074,-1.294437,3.020742,0.996245,0.068241,-0.053277,-0.032895,-0.270864,-0.962055,-0.080082,0.960196,-0.267603,-0.796039,-0.011101,0.041882,0.603692,-1.361107,1.828285,0.686907,-0.261239,-0.309803,-0.314005,0.053277,0.962055,0.267603,0.000000,0.000000,0.000000,-1,-0.119354,0.622574,-0.017975,-1.202138,1.654803,0.594018,132.981369,275.375793,-745.665649,0,0
3.200000,2.970437,-1.252486,2.977655,0.998578,-0.001223,-0.053304,-0.051077,-0.308766,-0.949766,-0.015297,0.951137,-0.308389,-0.808661,0.016169,0.021208,0.587670,-0.650009,1.568132,0.412187,-0.177312,-0.319959,-0.321161,0.053304,0.949766,0.308389,0.000000,0.000000,0.000000,-1,-0.182663,0.591400,0.004425,-0.203725,1.376740,0.391735,132.806152,273.105713,-744.162598,0,0
3.240000,2.984829,-1.243930,2.932148,0.996894,-0.060742,-0.050127,-0.066757,-0.314060,-0.947053,0.041783,0.947458,-0.317140,-0.810570,0.039324,0.002574,0.584314,0.220486,1.287177,0.403860,-0.258837,-0.350556,-0.295076,0.050127,0.947053,0.317140,0.000000,0.000000,0.000000,-1,-0.202591,0.611496,0.129898,0.587886,0.740639,0.400773,132.806152,273.105713,-743.494568,0,0
3.280000,2.957096,-1.264819,2.869641,0.993889,-0.095552,-0.055260,-0.080913,-0.290155,-0.953553,0.075079,0.952197,-0.296113,-0.803143,0.054929,-0.006169,0.593216,0.800218,0.407176,0.381231,-0.213921,-0.325272,-0.101930,0.055260,0.953553,0.296113,0.000000,0.000000,0.000000,-1,-0.025787,0.708862,0.413452,0.838198,0.119312,0.368906,134.383011,273.280334,-744.663574,0,0
3.320000,2.887107,-1.295442,2.800898,0.993118,-0.095040,-0.068447,-0.090849,-0.256260,-0.962329,0.073920,0.961924,-0.263131,-0.792545,0.058637,-0.001726,0.606986,0.878608,-0.592834,0.227450,-0.043789,-0.210559,0.280860,0.068447,0.962329,0.263131,0.000000,0.000000,0.000000,-1,0.183121,1.170029,0.914291,0.838323,-0.771792,0.018709,134.383011,274.677307,-747.001648,0,0
3.360000,2.839887,-1.326726,2.768349,0.994231,-0.079678,-0.071807,-0.088116,-0.225016,-0.970362,0.061158,0.971092,-0.230739,-0.782622,0.053600,0.003402,0.620176,0.669316,0.356455,-0.209588,0.124085,0.368993,0.678410,0.071807,0.970362,0.230739,0.000000,0.000000,0.000000,-1,0.250946,1.747757,0.923615,0.002418,0.906318,-0.108361,134.032608,274.677307,-746.667603,0,0
3.400000,2.889096,-1.326325,2.777346,0.991116,-0.118459,-0.060468,-0.086227,-0.226163,-0.970266,0.101261,0.966860,-0.234368,-0.782887,0.065362,-0.013026,0.618584,-0.472432,1.303804,0.190169,0.171786,0.692210,0.600913,0.060468,0.970265,0.234369,0.000000,0.000000,0.000000,-1,0.114380,0.875885,0.488495,-0.584707,1.205946,0.329691,134.558212,274.153442,-747.836670,0,1
3.440000,2.906157,-1.299826,2.746878,0.984069,-0.166463,-0.062438,-0.102930,-0.247085,-0.963512,0.144961,0.954588,-0.260282,-0.789214,0.085336,-0.026141,0.607598,-0.466888,0.828007,0.348622,-0.068999,-0.294063,0.170580,0.062438,0.963512,0.260282,0.000000,0.000000,0.000000,-1,-0.211166,0.873367,0.053192,0.150054,-0.800152,0.203000,136.135071,272.931091,-745.999634,0,0
3.480000,2.838724,-1.311298,2.718097,0.988630,-0.129439,-0.076532,-0.105448,-0.233928,-0.966519,0.107202,0.963599,-0.244917,-0.785410,0.074766,-0.009762,0.614367,1.089967,-2.617516,-0.263561,-0.288553,0.045536,-0.415693,0.076532,0.966519,0.244917,0.000000,0.000000,0.000000,-1,-0.552261,1.340225,-0.627228,1.769582,-3.592380,-0.274539,138.938370,272.581848,-748.671631,0,0
3.520000,2.637862,-1.366515,2.647333,0.995194,0.000635,-0.097922,-0.096235,-0.178585,-0.979207,-0.018109,0.983924,-0.177666,-0.766721,0.031171,0.037833,0.640106,0.823319,-3.046265,0.163609,-0.477011,0.405574,-0.296974,0.097922,0.979207,0.177666,0.000000,0.000000,0.000000,-1,-0.286819,0.834473,0.194962,0.414712,-2.527580,-0.028266,139.989609,271.534149,-751.677734,0,0
3.560000,2.594225,-1.394791,2.665583,0.993771,0.064151,-0.091128,-0.080236,-0.155632,-0.984551,-0.077342,0.985730,-0.149516,-0.758109,0.005304,0.055556,0.649735,0.968519,-1.032455,-0.937391,-0.463519,-0.235360,-0.184107,0.091128,0.984551,0.149516,0.000000,0.000000,0.000000,-1,-0.281204,0.745819,-0.458923,1.680489,-2.637130,-0.979922,139.989609,274.328064,-751.677734,0,0
3.600000,2.421478,-1.470386,2.587074,0.984571,0.162016,-0.066106,-0.052781,-0.085221,-0.994963,-0.166834,0.983101,-0.075355,-0.732316,-0.037291,0.079522,0.675277,2.088888,-2.599035,-0.674613,-0.046819,-0.260924,-0.515174,0.066106,0.994963,0.075355,0.000000,0.000000,0.000000,-1,0.351212,1.194778,-0.568405,2.184736,-1.467523,-0.856730,140.515228,274.153442,-758.190796,0,0
3.640000,1.402096,-1.539589,1.622320,0.975369,0.218424,-0.030759,-0.031161,-0.001607,-0.999513,-0.218367,0.975853,0.005239,-0.702093,-0.066680,0.088709,0.703385,1.335147,-0.844283,-1.303945,0.387362,0.278655,-0.574336,0.030759,0.999513,-0.005239,0.000000,0.000000,0.000000,-1,0.480942,1.279022,-0.167480,0.897910,-0.619155,-1.415465,138.763168,274.502686,-761.196838,0,0
3.680000,-0.600660,-1.532053,-0.370102,0.973386,0.228125,0.021892,0.014010,0.036111,-0.999250,-0.228745,0.972962,0.031954,-0.690167,-0.087709,0.074929,0.714397,0.876340,-0.175945,-1.028529,0.494365,0.201617,0.369768,-0.021892,0.999250,-0.031954,0.000000,0.000000,0.000000,-1,0.014359,1.005646,0.162445,1.098176,0.966173,-0.504711,136.135071,273.978821,-762.699829,0,0
3.720000,-0.496924,-1.486431,-0.307063,0.981518,0.187107,0.040171,0.025470,0.080323,-0.996443,-0.189668,0.979050,0.074073,-0.675855,-0.078632,0.055299,0.730738,0.787815,1.580811,-0.331301,0.001490,-0.026457,0.078208,-0.040171,0.996443,-0.074073,0.000000,0.000000,0.000000,-1,-0.101303,0.852661,-0.140823,0.621542,0.937841,-0.303606,135.609451,274.502686,-761.530823,0,0
3.760000,-0.468211,-1.458761,-0.319387,0.988058,0.145589,0.050455,0.035104,0.106147,-0.993731,-0.150032,0.983634,0.099768,-0.667485,-0.067677,0.037296,0.740603,0.495334,0.711232,-0.464563,-0.035269,-0.154986,-0.037851,-0.050455,0.993731,-0.099768,0.000000,0.000000,0.000000,-1,-0.096161,0.871170,-0.164276,0.606810,0.566517,-0.469835,134.733429,275.375793,-764.035889,0,0
3.800000,-0.495179,-1.426794,-0.367887,0.990140,0.122360,0.068192,0.051611,0.133903,-0.989649,-0.130225,0.983411,0.126268,-0.657641,-0.066134,0.023581,0.750052,0.637002,0.227607,-0.577760,-0.026229,-0.113917,-0.075865,-0.068192,0.989650,-0.126268,0.000000,0.000000,0.000000,-1,-0.054993,0.882858,-0.217896,0.652137,-0.341324,-0.670471,135.083832,272.931091,-764.369873,0,0
3.840000,-0.568217,-1.390245,-0.431688,0.987034,0.128160,0.096633,0.075134,0.163098,-0.983745,-0.141837,0.978251,0.151354,-0.646642,-0.078596,0.017476,0.758533,0.705925,-0.512692,-0.758138,0.080856,-0.065761,-0.041669,-0.096633,0.983745,-0.151354,0.000000,0.000000,0.000000,-1,-0.061890,1.124985,-0.143509,0.905383,-0.712621,-0.821571,131.930130,272.931091,-766.373901,0,0
3.880000,-0.621411,-1.341151,-0.461787,0.980477,0.145264,0.132524,0.101421,0.203790,-0.973747,-0.168458,0.968178,0.185078,-0.630795,-0.097768,0.014241,0.769634,1.111873,-0.529718,-0.804020,0.067033,0.199593,0.066197,-0.132524,0.973747,-0.185078,0.000000,0.000000,0.000000,-1,-0.015945,1.182114,-0.005219,1.169592,-0.405034,-0.740774,131.404510,273.454956,-767.876953,0,1
3.920000,-0.598951,-1.286858,-0.436441,0.977282,0.141338,0.157935,0.118419,0.253879,-0.959960,-0.175775,0.956854,0.231374,-0.610743,-0.106328,0.007302,0.784623,1.278352,0.190620,-0.502755,0.164374,0.165941,0.234792,-0.157935,0.959960,-0.231374,0.000000,0.000000,0.000000,-1,0.132996,1.095612,0.010727,1.553573,-0.252969,-0.442533,131.754929,271.359528,-771.551025,0,0
3.960000,-0.559886,-1.229286,-0.388928,0.973792,0.141746,0.177868,0.126997,0.309898,-0.942250,-0.188681,0.940144,0.283775,-0.587392,-0.114380,0.004602,0.801166,1.119402,-0.338480,-0.536909,0.385540,0.197521,0.272255,-0.177868,0.942250,-0.283775,0.000000,0.000000,0.000000,-1,0.273132,1.142715,0.076859,0.485520,-0.293086,-0.316762,130.528488,271.883362,-771.383972,0,0
4.000000,-0.573485,-1.209744,-0.369938,0.966708,0.169529,0.191665,0.127723,0.329361,-0.935526,-0.221726,0.928860,0.296743,-0.578922,-0.128365,0.012981,0.805111,-0.276547,-2.221068,0.416663,0.338073,0.291098,0.408208,-0.191665,0.935526,-0.296743,0.000000,0.000000,0.000000,-1,0.064133,1.353973,0.311142,-1.351110,-3.761903,0.539263,131.754929,270.311798,-771.216980,0,0
4.040000,-0.723563,-1.260875,-0.419669,0.941326,0.270433,0.201917,0.124268,0.278518,-0.952358,-0.313786,0.921571,0.228571,-0.598798,-0.164789,0.046706,0.782371,-2.186540,-3.000960,0.719929,0.386503,0.459843,0.747430,-0.201917,0.952358,-0.228571,0.000000,0.000000,0.000000,-1,0.285461,1.161514,0.706055,-2.642988,-0.618772,0.995652,133.506989,271.708740,-768.210938,0,0
4.080000,-0.970261,-1.366721,-0.652405,0.939514,0.298926,0.167202,0.123036,0.161040,-0.979249,-0.319650,0.940590,0.114521,-0.644972,-0.163558,0.059091,0.744156,-3.528368,0.998990,1.288946,0.311154,0.224532,0.816059,-0.167202,0.979249,-0.114521,0.000000,0.000000,0.000000,-1,-0.157440,1.355377,0.154282,-3.565484,3.292966,1.416844,134.908630,269.613342,-763.200867,0,0
4.120000,-1.940892,-1.456735,-1.776466,0.980582,0.164923,0.106108,0.111415,-0.023243,-0.993502,-0.161385,0.986033,-0.041167,-0.715016,-0.096620,0.019327,0.692129,-3.193546,1.806951,0.592480,-0.247560,0.716962,-0.723464,-0.106108,0.993502,0.041167,0.000000,0.000000,0.000000,-1,-0.373550,1.475555,-1.117233,-2.739458,-0.657668,0.511836,136.310287,268.914856,-758.858826,0,0
4.160000,-2.568713,-1.436617,-2.331435,0.968452,0.238417,0.072514,0.096907,-0.092223,-0.991012,-0.229586,0.966774,-0.112418,-0.737071,-0.113735,0.053276,0.664043,-1.180384,-5.532708,1.400141,-0.246639,0.216508,-1.160178,-0.072514,0.991012,0.112418,0.000000,0.000000,0.000000,-1,-0.180923,0.932297,-0.234360,-0.223080,-5.951817,1.554692,141.566467,265.771667,-759.860840,0,0
4.200000,3.038627,-1.447641,-2.814598,0.909232,0.416098,-0.012626,0.039457,-0.116335,-0.992426,-0.414415,0.901848,-0.122193,-0.732762,-0.155424,0.145696,0.646279,0.736498,-2.038033,1.524926,-0.131843,-0.055674,0.061248,0.012626,0.992426,0.122193,0.000000,0.000000,0.000000,-1,0.122116,1.238602,0.840073,-1.623660,2.708126,1.659755,143.493729,265.597046,-760.361816,0,0
4.240000,2.810616,-1.351013,3.116614,0.953352,0.293430,-0.070849,-0.005445,-0.217950,-0.975945,-0.301813,0.930804,-0.206185,-0.770955,-0.093386,0.120844,0.618308,-2.054161,3.047537,1.379557,0.125868,0.306099,-0.401665,0.070849,0.975945,0.206185,0.000000,0.000000,0.000000,-1,0.040222,0.795013,-0.324005,-1.910218,2.718070,1.224617,143.318527,261.580811,-754.516724,0,0
