0.000000,-1.408215,0.021715,0.087646,0.163120,-0.007176,0.986580,-0.087514,0.995927,0.021713,-0.982717,-0.089881,0.161828,0.036626,-0.646332,0.026367,0.761721,0.006912,-0.003082,-0.000693,-0.001808,0.002045,0.000543,-0.986580,-0.021713,-0.161828,0.000000,0.000000,0.000000,-1,-0.980682,-0.021759,-0.161331,-0.014926,0.003073,-0.011614,2.988464,235.737030,-577.006714,0,0
0.040000,-1.408317,0.021675,0.087879,0.163019,-0.007108,0.986597,-0.087745,0.995907,0.021674,-0.982713,-0.090102,0.161728,0.036687,-0.646367,0.026467,0.761685,0.013296,-0.005192,0.000331,0.002817,0.001441,-0.000641,-0.986597,-0.021674,-0.161728,0.000000,0.000000,0.000000,-1,-0.984833,-0.021347,-0.160751,-0.013854,0.006240,-0.012700,4.043228,236.440201,-577.677063,0,0
0.080000,-1.408378,0.021714,0.088276,0.162964,-0.007087,0.986606,-0.088141,0.995871,0.021712,-0.982687,-0.090499,0.161667,0.036831,-0.646382,0.026605,0.761660,0.013309,0.000093,-0.000754,0.001301,0.001250,0.000443,-0.986606,-0.021712,-0.161667,0.000000,0.000000,0.000000,-1,-0.984070,-0.018051,-0.163147,-0.015977,0.008359,-0.012691,4.043228,236.440201,-577.677063,0,0
0.120000,-1.408341,0.021635,0.088644,0.162996,-0.006946,0.986602,-0.088508,0.995841,0.021634,-0.982649,-0.090848,0.161703,0.036920,-0.646363,0.026771,0.761666,0.016490,-0.004144,-0.000762,0.001037,0.002453,-0.000696,-0.986602,-0.021634,-0.161703,0.000000,0.000000,0.000000,-1,-0.985336,-0.018250,-0.162430,-0.013864,0.003063,-0.012688,3.867432,235.912827,-578.850159,0,0
0.160000,-1.408478,0.021582,0.089231,0.162861,-0.006811,0.986625,-0.089092,0.995790,0.021580,-0.982618,-0.091414,0.161569,0.037091,-0.646405,0.027009,0.761613,0.016603,-0.007247,-0.000789,-0.000282,0.004093,-0.002402,-0.986625,-0.021580,-0.161569,0.000000,0.000000,0.000000,-1,-0.982071,-0.019684,-0.163696,-0.011722,0.006249,-0.011651,3.515854,235.209656,-576.503906,0,0
0.200000,-1.408344,0.021288,0.089985,0.162972,-0.006387,0.986610,-0.089843,0.995728,0.021286,-0.982532,-0.092109,0.161702,0.037221,-0.646346,0.027394,0.761643,0.010239,0.000179,0.000300,0.002464,0.007736,-0.001369,-0.986610,-0.021286,-0.161702,0.000000,0.000000,0.000000,-1,-0.982925,-0.015182,-0.161346,-0.023428,0.008371,-0.011568,3.867432,235.912827,-576.839111,0,0
0.240000,-1.408347,0.021034,0.090120,0.162947,-0.006115,0.986616,-0.089978,0.995722,0.021032,-0.982523,-0.092201,0.161700,0.037168,-0.646350,0.027527,0.761638,0.004893,-0.007233,0.000370,0.004789,0.004705,-0.001050,-0.986616,-0.021032,-0.161700,0.000000,0.000000,0.000000,-1,-0.981140,-0.017929,-0.162842,-0.026635,0.004135,-0.011527,4.746384,235.737030,-578.012207,0,0
0.280000,-1.408304,0.020818,0.090111,0.162971,-0.005901,0.986613,-0.089970,0.995727,0.020817,-0.982520,-0.092158,0.161743,0.037082,-0.646338,0.027594,0.761650,-0.003443,-0.001859,0.000375,0.004466,0.002155,-0.002716,-0.986613,-0.020817,-0.161743,0.000000,0.000000,0.000000,-1,-0.983093,-0.017334,-0.162064,-0.034072,0.009432,-0.011490,3.515854,235.561249,-579.185364,0,0
0.320000,-1.408151,0.020566,0.089803,0.163097,-0.005689,0.986594,-0.089663,0.995760,0.020564,-0.982527,-0.091815,0.161895,0.036884,-0.646291,0.027561,0.761701,-0.008767,-0.000808,-0.000652,0.003119,0.002025,-0.000931,-0.986594,-0.020564,-0.161895,0.000000,0.000000,0.000000,-1,-0.981903,-0.018585,-0.160278,-0.034084,0.007294,-0.013612,2.988464,234.330704,-577.341858,0,0
0.360000,-1.408293,0.020526,0.089664,0.162953,-0.005686,0.986617,-0.089525,0.995773,0.020525,-0.982564,-0.091671,0.161755,0.036826,-0.646348,0.027519,0.761656,-0.004517,-0.002937,-0.001742,0.002700,0.001406,0.007153,-0.986617,-0.020525,-0.161755,0.000000,0.000000,0.000000,-1,-0.983200,-0.017502,-0.153229,-0.034093,0.004117,-0.013600,3.867432,234.858078,-577.844604,0,0
0.400000,-1.408681,0.020393,0.089375,0.162558,-0.005637,0.986683,-0.089238,0.995802,0.020391,-0.982655,-0.091364,0.161373,0.036688,-0.646504,0.027445,0.761533,-0.007703,-0.001859,0.000410,0.001774,-0.000132,0.002681,-0.986683,-0.020391,-0.161373,0.000000,0.000000,0.000000,-1,-0.983536,-0.020630,-0.164551,-0.035148,0.007295,-0.013604,4.219009,234.506485,-578.179810,0,0
0.440000,-1.408545,0.020431,0.089182,0.162694,-0.005694,0.986660,-0.089045,0.995818,0.020430,-0.982650,-0.091181,0.161506,0.036638,-0.646455,0.027361,0.761580,-0.002174,-0.000736,-0.000746,0.002453,-0.001345,-0.002373,-0.986660,-0.020430,-0.161506,0.000000,0.000000,0.000000,-1,-0.985092,-0.021057,-0.159622,-0.029831,0.005175,-0.013637,2.636887,233.979111,-578.012207,0,0
0.480000,-1.408772,0.020476,0.089116,0.162474,-0.005770,0.986696,-0.088980,0.995823,0.020475,-0.982693,-0.091123,0.161282,0.036637,-0.646542,0.027318,0.761508,-0.002184,-0.004964,0.000335,0.002260,-0.002200,0.005353,-0.986696,-0.020475,-0.161282,0.000000,0.000000,0.000000,-1,-0.981781,-0.015182,-0.162643,-0.028752,0.007323,-0.010458,3.340057,234.330704,-578.012207,0,0
0.520000,-1.408865,0.020193,0.089169,0.162358,-0.005491,0.986717,-0.089032,0.995824,0.020191,-0.982707,-0.091128,0.161192,0.036547,-0.646582,0.027428,0.761475,0.002089,-0.001767,0.002422,0.004096,0.005115,0.001157,-0.986717,-0.020191,-0.161191,0.000000,0.000000,0.000000,-1,-0.980103,-0.017120,-0.161469,-0.028777,-0.000101,-0.011495,4.746384,233.979111,-577.006714,0,0
0.560000,-1.409138,0.020156,0.089150,0.162087,-0.005483,0.986761,-0.089014,0.995826,0.020155,-0.982753,-0.091102,0.160922,0.036531,-0.646687,0.027427,0.761386,-0.002201,-0.006072,-0.004986,0.001288,-0.000979,0.000430,-0.986761,-0.020155,-0.160922,0.000000,0.000000,0.000000,-1,-0.986908,-0.020203,-0.157272,-0.033037,0.004087,-0.016804,2.461090,234.858078,-577.174316,0,0
0.600000,-1.409382,0.020306,0.088983,0.161860,-0.005679,0.986797,-0.088847,0.995838,0.020305,-0.982806,-0.090961,0.160681,0.036537,-0.646780,0.027311,0.761311,-0.004331,-0.006072,-0.004969,-0.000751,-0.000539,0.001136,-0.986797,-0.020305,-0.160681,0.000000,0.000000,0.000000,-1,-0.976791,-0.018738,-0.160446,-0.030902,0.004106,-0.014690,3.867432,235.561249,-579.520508,0,0
0.640000,-1.409335,0.020375,0.088896,0.161911,-0.005757,0.986789,-0.088761,0.995845,0.020373,-0.982805,-0.090887,0.160727,0.036535,-0.646763,0.027256,0.761328,-0.000894,-0.000685,-0.001859,0.008914,0.001971,-0.003091,-0.986789,-0.020373,-0.160727,0.000000,0.000000,0.000000,-1,-0.983566,-0.018646,-0.159439,-0.028764,0.009372,-0.017923,3.164261,234.506485,-577.174316,0,0
0.680000,-1.409483,0.020680,0.089010,0.161793,-0.006051,0.986806,-0.088874,0.995828,0.020678,-0.982814,-0.091047,0.160581,0.036690,-0.646810,0.027198,0.761282,0.009724,-0.006032,-0.007248,0.002324,-0.001737,0.001477,-0.986806,-0.020678,-0.160581,0.000000,0.000000,0.000000,-1,-0.984360,-0.025238,-0.163132,-0.021336,0.002996,-0.020087,3.515854,234.154907,-578.179810,0,0
0.720000,-1.409531,0.021295,0.089158,0.161801,-0.006637,0.986801,-0.089020,0.995802,0.021294,-0.982800,-0.091290,0.160530,0.036972,-0.646814,0.027054,0.761271,0.003355,0.000324,-0.007223,0.004059,-0.004188,0.000710,-0.986801,-0.021294,-0.160531,0.000000,0.000000,0.000000,-1,-0.979660,-0.018448,-0.162735,-0.021302,0.011498,-0.016923,3.691635,234.330704,-577.341858,0,0
0.760000,-1.409180,0.021483,0.089448,0.162164,-0.006743,0.986741,-0.089308,0.995772,0.021482,-0.982714,-0.091608,0.160876,0.037133,-0.646671,0.027110,0.761382,0.013028,0.002484,-0.008406,0.007523,0.002790,-0.002851,-0.986741,-0.021482,-0.160876,0.000000,0.000000,0.000000,-1,-0.977066,-0.018250,-0.163773,-0.011742,0.009318,-0.023381,4.043228,236.088623,-577.341858,0,0
0.800000,-1.409097,0.021830,0.089894,0.162280,-0.007004,0.986720,-0.089751,0.995725,0.021828,-0.982654,-0.092102,0.160958,0.037408,-0.646623,0.027169,0.761407,0.017247,-0.003950,-0.016936,0.007365,0.003655,-0.000953,-0.986720,-0.021828,-0.160958,0.000000,0.000000,0.000000,-1,-0.988037,-0.023239,-0.160110,-0.012848,0.001836,-0.030802,4.219009,235.209656,-577.174316,0,0
0.840000,-1.409571,0.022827,0.090399,0.161906,-0.007945,0.986774,-0.090253,0.995657,0.022825,-0.982670,-0.092755,0.160486,0.037957,-0.646774,0.027030,0.761257,0.020406,-0.009316,-0.024398,-0.004208,-0.001421,0.000940,-0.986774,-0.022825,-0.160486,0.000000,0.000000,0.000000,-1,-0.990524,-0.023117,-0.160080,0.000952,-0.002513,-0.042611,3.691635,237.143372,-577.677063,0,0
0.880000,-1.410080,0.024442,0.091725,0.161563,-0.009366,0.986818,-0.091569,0.995499,0.024440,-0.982605,-0.094310,0.159978,0.039007,-0.646908,0.027002,0.761091,0.036402,-0.007133,-0.017074,-0.011595,-0.002660,-0.006022,-0.986818,-0.024440,-0.159978,0.000000,0.000000,0.000000,-1,-0.989685,-0.029572,-0.158844,0.012731,0.004017,-0.023551,2.812683,234.506485,-578.179810,0,0
0.920000,-1.410209,0.024908,0.092520,0.161485,-0.009707,0.986827,-0.092360,0.995414,0.024905,-0.982544,-0.095165,0.159848,0.039443,-0.646931,0.027151,0.761043,0.042825,-0.005957,-0.004345,0.002056,-0.004208,-0.000247,-0.986827,-0.024905,-0.159848,0.000000,0.000000,0.000000,-1,-0.969223,-0.023651,-0.161331,0.010583,-0.006525,-0.018168,4.043228,234.682281,-579.352905,0,0
0.960000,-1.410816,0.025940,0.094333,0.161002,-0.010487,0.986898,-0.094161,0.995219,0.025937,-0.982452,-0.097104,0.159245,0.040430,-0.647104,0.027494,0.760833,0.036615,-0.009251,-0.022426,0.005377,-0.005832,-0.000515,-0.986898,-0.025937,-0.159245,0.000000,0.000000,0.000000,-1,-0.966034,-0.023300,-0.153915,0.005234,-0.014997,-0.018095,3.515854,233.100159,-576.503906,0,0
1.000000,-1.411673,0.026731,0.095721,0.160249,-0.011126,0.987014,-0.095541,0.995067,0.026728,-0.982442,-0.098583,0.158396,0.041191,-0.647384,0.027748,0.760544,0.016431,0.008729,-0.025533,0.023192,0.007212,0.008493,-0.987014,-0.026728,-0.158396,0.000000,0.000000,0.000000,-1,-0.994598,-0.018295,-0.159393,-0.022338,0.041977,-0.042597,3.340057,234.682281,-576.336304,0,0
1.040000,-1.411124,0.027027,0.095754,0.160817,-0.011356,0.986919,-0.095573,0.995056,0.027023,-0.982346,-0.098669,0.158937,0.041307,-0.647167,0.027677,0.760725,0.002664,0.032053,-0.023381,-0.007680,0.008728,-0.000457,-0.986919,-0.027023,-0.158937,0.000000,0.000000,0.000000,-1,-0.940430,-0.016190,-0.159851,-0.029941,-0.013037,-0.035940,3.340057,235.737030,-578.012207,0,0
1.080000,-1.413349,0.028709,0.093026,0.158753,-0.013662,0.987224,-0.092854,0.995266,0.028705,-0.982942,-0.096224,0.156733,0.041092,-0.648032,0.026048,0.760058,-0.147278,-0.207851,-0.084171,0.017009,0.012241,-0.046682,-0.987224,-0.028705,-0.156733,0.000000,0.000000,0.000000,-1,-1.019257,-0.023117,-0.143326,-0.048348,-0.117848,-0.031143,2.461090,235.209656,-576.503906,0,0
1.120000,-1.421526,0.029310,0.090599,0.150729,-0.015405,0.988455,-0.090437,0.995471,0.029305,-0.984430,-0.093810,0.148653,0.040635,-0.651170,0.024765,0.757439,-0.077629,-0.181912,-0.031570,0.012121,0.005654,0.000887,-0.988455,-0.029305,-0.148653,0.000000,0.000000,0.000000,-1,-1.009094,-0.039108,-0.117462,-0.122996,-0.139209,-0.051790,4.219009,234.858078,-576.503906,0,0
1.160000,-1.423706,0.029472,0.091197,0.148607,-0.015681,0.988772,-0.091031,0.995412,0.029468,-0.984698,-0.094388,0.146497,0.040919,-0.651979,0.024893,0.756723,0.146121,0.143018,0.062420,-0.019330,-0.013318,0.085294,-0.988772,-0.029468,-0.146497,0.000000,0.000000,0.000000,-1,-0.989716,-0.040268,-0.099533,0.175713,0.301451,0.073145,3.340057,234.682281,-578.347412,0,0
1.200000,-1.418053,0.027881,0.095835,0.154089,-0.012867,0.987973,-0.095651,0.995024,0.027877,-0.983416,-0.098797,0.152091,0.041752,-0.649778,0.027286,0.758486,0.041568,0.082575,0.052804,0.013715,-0.017426,-0.027093,-0.987973,-0.027877,-0.152091,0.000000,0.000000,0.000000,-1,-0.984848,-0.038818,-0.140350,-0.023475,-0.005418,-0.013647,4.570602,235.209656,-577.174316,0,0
1.240000,-1.416887,0.027479,0.097203,0.155214,-0.012144,0.987806,-0.097013,0.994904,0.027475,-0.983106,-0.100095,0.153245,0.042028,-0.649316,0.027960,0.758842,0.059518,0.032476,0.014479,0.008680,-0.002142,0.027329,-0.987806,-0.027475,-0.153245,0.000000,0.000000,0.000000,-1,-0.981293,-0.030029,-0.132492,0.015061,0.048746,0.002896,4.746384,235.737030,-577.677063,0,0
1.280000,-1.415304,0.026855,0.098992,0.156730,-0.011093,0.987579,-0.098795,0.994745,0.026852,-0.982688,-0.101776,0.154810,0.042350,-0.648692,0.028875,0.759323,0.037284,0.060176,0.031592,-0.004639,0.008038,0.010676,-0.987579,-0.026852,-0.154810,0.000000,0.000000,0.000000,-1,-0.983994,-0.012436,-0.160263,-0.001928,0.057302,0.011519,3.515854,235.561249,-577.844604,0,0
1.320000,-1.414456,0.026422,0.099747,0.157529,-0.010462,0.987459,-0.099547,0.994682,0.026419,-0.982484,-0.102460,0.155650,0.042418,-0.648364,0.029320,0.759582,0.018971,0.012263,0.004215,-0.002699,0.004706,0.000377,-0.987459,-0.026419,-0.155650,0.000000,0.000000,0.000000,-1,-0.995148,-0.024475,-0.152832,-0.001063,0.004197,-0.004269,3.691635,234.682281,-577.006714,0,0
1.360000,-1.414735,0.026184,0.100879,0.157243,-0.010078,0.987509,-0.100674,0.994575,0.026181,-0.982415,-0.103533,0.155375,0.042698,-0.648451,0.029822,0.759472,0.031671,-0.016298,0.008486,-0.003962,0.003933,0.003153,-0.987509,-0.026181,-0.155375,0.000000,0.000000,0.000000,-1,-0.990326,-0.019287,-0.155319,0.000992,-0.017025,-0.008466,4.746384,234.330704,-577.006714,0,0
1.400000,-1.415883,0.026022,0.102518,0.156115,-0.009782,0.987690,-0.102304,0.994413,0.026019,-0.982427,-0.105106,0.154242,0.043186,-0.648856,0.030472,0.759073,0.032844,-0.033274,0.001066,0.002949,0.002444,-0.008661,-0.987690,-0.026019,-0.154242,0.000000,0.000000,0.000000,-1,-0.983093,-0.027527,-0.154968,-0.003300,-0.024478,-0.012667,2.988464,234.682281,-577.006714,0,0
1.440000,-1.416622,0.026173,0.103222,0.155412,-0.009899,0.987800,-0.103004,0.994337,0.026170,-0.982465,-0.105814,0.153512,0.043483,-0.649117,0.030674,0.758825,0.019030,-0.024787,0.002206,0.004280,-0.002959,-0.002540,-0.987800,-0.026170,-0.153512,0.000000,0.000000,0.000000,-1,-0.979462,-0.024231,-0.153610,-0.020279,-0.012744,-0.004056,3.340057,233.979111,-577.341858,0,0
1.480000,-1.417447,0.025872,0.103613,0.154574,-0.009630,0.987934,-0.103393,0.994304,0.025869,-0.982556,-0.106144,0.152698,0.043509,-0.649429,0.030902,0.758547,0.002025,-0.021526,0.010849,0.007801,0.003805,-0.000791,-0.987934,-0.025869,-0.152698,0.000000,0.000000,0.000000,-1,-0.982468,-0.020355,-0.158340,-0.038399,-0.020144,-0.002823,2.461090,234.506485,-576.503906,0,0
1.520000,-1.418375,0.024984,0.103217,0.153568,-0.008917,0.988098,-0.103002,0.994367,0.024982,-0.982755,-0.105612,0.151784,0.043058,-0.649811,0.031021,0.758241,-0.009774,-0.045929,0.005707,0.001297,0.003360,-0.008479,-0.988098,-0.024982,-0.151784,0.000000,0.000000,0.000000,-1,-0.984726,-0.021866,-0.154877,-0.038458,-0.037119,-0.005955,4.043228,234.330704,-577.341858,0,0
1.560000,-1.419815,0.024700,0.103161,0.152123,-0.008798,0.988322,-0.102946,0.994380,0.024698,-0.982986,-0.105501,0.150362,0.042955,-0.650364,0.031061,0.757771,0.003201,-0.039575,0.001314,0.008144,-0.000556,0.001314,-0.988322,-0.024698,-0.150362,0.000000,0.000000,0.000000,-1,-0.983994,-0.030014,-0.144150,-0.023538,-0.024502,-0.015705,3.340057,234.682281,-578.682556,0,0
1.600000,-1.421349,0.025269,0.103398,0.150675,-0.009484,0.988538,-0.103180,0.994342,0.025266,-0.983184,-0.105805,0.148844,0.043271,-0.650927,0.030932,0.757275,0.007486,-0.024818,-0.006233,0.002286,-0.007067,0.004069,-0.988538,-0.025266,-0.148844,0.000000,0.000000,0.000000,-1,-0.984589,-0.031601,-0.145111,-0.023511,-0.013930,-0.017876,2.812683,235.209656,-577.509460,0,0
1.640000,-1.422280,0.026160,0.103628,0.149853,-0.010424,0.988653,-0.103408,0.994295,0.026157,-0.983286,-0.106154,0.147920,0.043697,-0.651253,0.030709,0.756979,0.009631,-0.021622,-0.004134,0.002234,-0.006679,-0.000365,-0.988653,-0.026157,-0.147920,0.000000,0.000000,0.000000,-1,-0.982040,-0.034637,-0.149078,-0.017121,-0.016021,-0.014722,4.043228,233.979111,-577.677063,0,0
1.680000,-1.422907,0.026750,0.104044,0.149302,-0.011008,0.988730,-0.103819,0.994237,0.026747,-0.983326,-0.106642,0.147298,0.044065,-0.651467,0.030660,0.756775,0.019208,-0.022693,-0.005272,0.008658,-0.005693,0.000387,-0.988730,-0.026747,-0.147298,0.000000,0.000000,0.000000,-1,-0.985413,-0.031891,-0.139862,-0.003295,-0.015034,-0.022290,2.988464,235.385452,-578.012207,0,0
1.720000,-1.423997,0.027747,0.105030,0.148344,-0.011959,0.988864,-0.104797,0.994107,0.027744,-0.983368,-0.107745,0.146216,0.044780,-0.651833,0.030683,0.756417,0.028945,-0.016378,-0.014951,0.003665,-0.006253,0.007056,-0.988864,-0.027744,-0.146216,0.000000,0.000000,0.000000,-1,-0.986847,-0.033707,-0.136734,0.000999,0.000803,-0.027709,3.691635,234.682281,-576.671509,0,0
1.760000,-1.424961,0.028897,0.106508,0.147534,-0.012976,0.988972,-0.106263,0.993918,0.028893,-0.983332,-0.109353,0.145258,0.045711,-0.652136,0.030845,0.756094,0.030053,-0.002602,-0.013947,0.009388,0.003929,0.007090,-0.988972,-0.028893,-0.145258,0.000000,0.000000,0.000000,-1,-0.980865,-0.023041,-0.137589,-0.002177,0.005060,-0.025570,3.867432,236.264420,-577.844604,0,0
1.800000,-1.425385,0.029165,0.107335,0.147156,-0.013164,0.989026,-0.107083,0.993822,0.029160,-0.983300,-0.110199,0.144838,0.046088,-0.652271,0.031060,0.755946,0.033247,-0.002604,-0.013971,0.004101,0.004777,0.008867,-0.989026,-0.029160,-0.144838,0.000000,0.000000,0.000000,-1,-0.988693,-0.025757,-0.133133,0.008452,0.001850,-0.028836,4.219009,234.858078,-577.174316,0,0
1.840000,-1.426441,0.029850,0.108704,0.146210,-0.013754,0.989158,-0.108442,0.993655,0.029846,-0.983292,-0.111630,0.143790,0.046810,-0.652621,0.031329,0.755588,0.036422,-0.004776,-0.019313,-0.000237,-0.000016,0.014289,-0.989158,-0.029846,-0.143790,0.000000,0.000000,0.000000,-1,-0.989822,-0.032349,-0.132004,0.005277,0.007156,-0.027766,3.164261,234.858078,-577.509460,0,0
1.880000,-1.427163,0.030843,0.110301,0.145630,-0.014579,0.989232,-0.110025,0.993450,0.030838,-0.983202,-0.113331,0.143072,0.047717,-0.652830,0.031591,0.755340,0.031268,-0.004605,-0.007538,0.004613,0.003708,0.001730,-0.989232,-0.030838,-0.143072,0.000000,0.000000,0.000000,-1,-0.985504,-0.024292,-0.141907,-0.000048,-0.001227,-0.018106,3.867432,234.154907,-577.174316,0,0
1.920000,-1.427871,0.030857,0.111435,0.144952,-0.014508,0.989332,-0.111152,0.993324,0.030852,-0.983176,-0.114438,0.142372,0.048104,-0.653070,0.031997,0.755091,0.025920,-0.016215,-0.003190,0.002516,0.003722,0.006797,-0.989332,-0.030852,-0.142372,0.000000,0.000000,0.000000,-1,-0.988297,-0.033768,-0.134827,-0.008557,-0.004333,-0.010571,4.746384,235.033875,-577.006714,0,0
1.960000,-1.428711,0.031090,0.112354,0.144165,-0.014702,0.989445,-0.112063,0.993215,0.031085,-0.983188,-0.115362,0.141539,0.048505,-0.653359,0.032247,0.754804,0.024911,-0.004487,0.005295,0.000644,-0.002102,0.002715,-0.989444,-0.031085,-0.141539,0.000000,0.000000,0.000000,-1,-0.985687,-0.030121,-0.147751,-0.000003,0.005227,-0.007477,3.691635,234.330704,-577.677063,0,0
2.000000,-1.428708,0.031092,0.113396,0.144183,-0.014553,0.989444,-0.113098,0.993097,0.031087,-0.983067,-0.116386,0.141542,0.048846,-0.653332,0.032640,0.754789,0.039788,-0.010884,0.000943,0.003757,0.000966,-0.006209,-0.989444,-0.031087,-0.141542,0.000000,0.000000,0.000000,-1,-0.982834,-0.028809,-0.141251,0.010600,-0.004367,-0.013915,2.988464,235.033875,-578.012207,0,0
2.040000,-1.429380,0.031462,0.115298,0.143593,-0.014721,0.989527,-0.114986,0.992869,0.031457,-0.982934,-0.118299,0.140876,0.049618,-0.653529,0.033220,0.754543,0.033491,-0.011907,-0.002183,0.009516,-0.002799,0.002448,-0.989527,-0.031457,-0.140876,0.000000,0.000000,0.000000,-1,-0.980942,-0.036057,-0.138214,0.001057,0.006256,-0.010685,4.570602,235.209656,-575.833557,0,0
2.080000,-1.429522,0.031840,0.116570,0.143515,-0.014927,0.989536,-0.116247,0.992710,0.031835,-0.982797,-0.119599,0.140734,0.050178,-0.653540,0.033573,0.754480,0.031436,0.008266,0.003082,0.007480,-0.002299,0.001253,-0.989536,-0.031835,-0.140734,0.000000,0.000000,0.000000,-1,-0.986923,-0.033691,-0.143051,0.004292,0.018975,-0.009692,4.394806,234.330704,-576.336304,0,0
2.120000,-1.428865,0.032051,0.118042,0.144207,-0.014844,0.989436,-0.117707,0.992531,0.032046,-0.982522,-0.121085,0.141383,0.050728,-0.653250,0.034076,0.754672,0.041023,0.012472,-0.000204,0.003657,0.001513,-0.002477,-0.989436,-0.032046,-0.141383,0.000000,0.000000,0.000000,-1,-0.982620,-0.029572,-0.143250,0.010676,0.018953,-0.011872,3.340057,233.627533,-577.677063,0,0
2.160000,-1.428520,0.032119,0.119257,0.144571,-0.014693,0.989385,-0.118913,0.992385,0.032114,-0.982323,-0.122293,0.141723,0.051144,-0.653087,0.034520,0.754765,0.041006,0.007177,-0.000184,0.007299,0.002451,-0.001221,-0.989385,-0.032114,-0.141723,0.000000,0.000000,0.000000,-1,-0.985199,-0.031021,-0.137650,0.011739,0.016855,-0.009742,4.746384,235.033875,-577.677063,0,0
2.200000,-1.428365,0.032251,0.120929,0.144764,-0.014562,0.989359,-0.120571,0.992181,0.032245,-0.982093,-0.123956,0.141876,0.051737,-0.652982,0.035112,0.754788,0.044298,0.013621,0.001912,0.001444,0.001743,0.002701,-0.989359,-0.032245,-0.141876,0.000000,0.000000,0.000000,-1,-0.984894,-0.029099,-0.142624,0.013878,0.020031,-0.009771,4.746384,234.330704,-577.677063,0,0
2.240000,-1.427829,0.032216,0.123146,0.145318,-0.014139,0.989284,-0.122771,0.991912,0.032210,-0.981738,-0.126136,0.142407,0.052438,-0.652722,0.035975,0.754924,0.045350,0.009384,0.001921,0.005824,0.005172,0.001431,-0.989284,-0.032210,-0.142407,0.000000,0.000000,0.000000,-1,-0.983963,-0.027954,-0.140488,0.013869,0.016854,-0.009759,4.570602,236.615997,-576.839111,0,0
2.280000,-1.427630,0.032126,0.124449,0.145520,-0.013836,0.989258,-0.124064,0.991754,0.032121,-0.981546,-0.127406,0.142604,0.052826,-0.652616,0.036501,0.754963,0.042162,0.011503,0.001939,0.004410,0.005250,0.003306,-0.989259,-0.032121,-0.142604,0.000000,0.000000,0.000000,-1,-0.986313,-0.027893,-0.144745,0.008560,0.020053,-0.007599,4.746384,234.682281,-579.352905,0,0
2.320000,-1.427060,0.031747,0.126391,0.146059,-0.013107,0.989189,-0.125991,0.991524,0.031741,-0.981220,-0.129265,0.143170,0.053306,-0.652360,0.037373,0.755108,0.034709,0.007318,0.007341,0.002830,0.005908,-0.005359,-0.989189,-0.031741,-0.143170,0.000000,0.000000,0.000000,-1,-0.987137,-0.022461,-0.140488,0.003225,0.013729,-0.004338,2.988464,235.385452,-579.017761,0,0
2.360000,-1.426938,0.031109,0.127640,0.146115,-0.012283,0.989191,-0.127232,0.991385,0.031104,-0.981052,-0.130402,0.143293,0.053471,-0.652299,0.038057,0.755115,0.027280,0.004190,0.004231,0.002634,0.008719,0.003034,-0.989191,-0.031104,-0.143293,0.000000,0.000000,0.000000,-1,-0.988586,-0.025482,-0.141907,-0.003184,0.009464,-0.007468,3.340057,234.682281,-577.006714,0,0
2.400000,-1.427090,0.030808,0.128471,0.145938,-0.011886,0.989222,-0.128057,0.991288,0.030803,-0.980971,-0.131173,0.143144,0.053631,-0.652343,0.038465,0.755045,0.027258,-0.002175,0.003191,0.002055,0.000713,0.002443,-0.989222,-0.030803,-0.143144,0.000000,0.000000,0.000000,-1,-0.988113,-0.027771,-0.147720,-0.005325,0.007327,-0.009574,2.636887,234.330704,-576.336304,0,0
2.440000,-1.426808,0.030698,0.129455,0.146212,-0.011598,0.989185,-0.129033,0.991165,0.030693,-0.980802,-0.132125,0.143424,0.053905,-0.652214,0.038880,0.755116,0.021944,0.002054,0.002151,0.000858,0.004586,-0.004022,-0.989185,-0.030693,-0.143424,0.000000,0.000000,0.000000,-1,-0.986710,-0.022812,-0.143707,-0.009581,0.008387,-0.009545,2.812683,234.506485,-577.509460,0,0
2.480000,-1.426748,0.030205,0.130429,0.146219,-0.010964,0.989192,-0.130000,0.991054,0.030201,-0.980673,-0.133011,0.143485,0.054036,-0.652179,0.039410,0.755109,0.016598,-0.004309,0.001154,0.005061,0.005954,-0.003991,-0.989192,-0.030201,-0.143485,0.000000,0.000000,0.000000,-1,-0.987320,-0.028000,-0.146088,-0.014926,0.002023,-0.010545,4.394806,233.979111,-577.341858,0,0
2.520000,-1.426884,0.030142,0.130893,0.146082,-0.010853,0.989213,-0.130461,0.990995,0.030138,-0.980632,-0.133456,0.143351,0.054166,-0.652220,0.039602,0.755054,0.015520,-0.008545,0.001178,0.005128,0.001085,0.000788,-0.989213,-0.030138,-0.143351,0.000000,0.000000,0.000000,-1,-0.984467,-0.027298,-0.141052,-0.022372,0.006242,-0.012634,3.691635,234.682281,-578.012207,0,0
2.560000,-1.426973,0.030009,0.131292,0.145982,-0.010675,0.989230,-0.130856,0.990947,0.030004,-0.980595,-0.133827,0.143263,0.054248,-0.652247,0.039794,0.755015,0.008110,0.001094,0.001222,0.003283,0.003775,0.000563,-0.989230,-0.030004,-0.143263,0.000000,0.000000,0.000000,-1,-0.982254,-0.026855,-0.143051,-0.021289,0.010498,-0.010527,2.109512,233.803329,-576.503906,0,0
2.600000,-1.426649,0.029796,0.131814,0.146278,-0.010347,0.989190,-0.131375,0.990885,0.029792,-0.980481,-0.134312,0.143585,0.054331,-0.652116,0.040070,0.755107,0.011306,0.001104,0.002263,0.002739,0.000952,-0.004791,-0.989189,-0.029792,-0.143585,0.000000,0.000000,0.000000,-1,-0.986206,-0.027740,-0.144897,-0.017037,0.007330,-0.009483,3.515854,235.209656,-577.174316,0,0
2.640000,-1.426487,0.029550,0.132219,0.146408,-0.010024,0.989173,-0.131776,0.990839,0.029546,-0.980408,-0.134675,0.143746,0.054367,-0.652051,0.040307,0.755148,0.006009,0.007490,0.005477,0.002418,0.001546,-0.000129,-0.989173,-0.029546,-0.143746,0.000000,0.000000,0.000000,-1,-0.984802,-0.026245,-0.142044,-0.025512,0.019012,-0.006265,3.340057,234.330704,-576.001160,0,0
2.680000,-1.425981,0.029094,0.132450,0.146847,-0.009475,0.989114,-0.132007,0.990822,0.029090,-0.980311,-0.134842,0.144248,0.054261,-0.651868,0.040557,0.755301,0.003887,0.015018,0.005491,0.004312,0.004920,0.000434,-0.989114,-0.029090,-0.144248,0.000000,0.000000,0.000000,-1,-0.984024,-0.022141,-0.144119,-0.025506,0.020081,-0.005204,4.394806,235.033875,-577.677063,0,0
2.720000,-1.425684,0.028656,0.132581,0.147083,-0.008986,0.989083,-0.132138,0.990817,0.028652,-0.980258,-0.134910,0.144544,0.054132,-0.651765,0.040758,0.755388,0.000669,0.006555,0.006614,0.005639,0.003933,0.003675,-0.989083,-0.028652,-0.144544,0.000000,0.000000,0.000000,-1,-0.984406,-0.029495,-0.141846,-0.032981,0.014767,-0.007257,3.691635,234.682281,-577.341858,0,0
2.760000,-1.425458,0.028377,0.132414,0.147266,-0.008707,0.989059,-0.131974,0.990847,0.028373,-0.980253,-0.134708,0.144769,0.053968,-0.651692,0.040792,0.755460,-0.005715,0.009714,0.004521,0.005843,-0.000435,0.003991,-0.989059,-0.028373,-0.144769,0.000000,0.000000,0.000000,-1,-0.986679,-0.033691,-0.133606,-0.031913,0.015826,-0.007269,4.043228,232.221191,-576.671509,0,0
2.800000,-1.425639,0.028462,0.132414,0.147100,-0.008814,0.989082,-0.131974,0.990845,0.028458,-0.980278,-0.134720,0.144590,0.054003,-0.651758,0.040760,0.755403,0.003890,0.017122,0.004417,0.004509,-0.003143,0.006635,-0.989082,-0.028458,-0.144590,0.000000,0.000000,0.000000,-1,-0.986649,-0.033646,-0.140900,-0.024415,0.030652,-0.007383,4.570602,235.561249,-577.174316,0,0
2.840000,-1.424810,0.028537,0.132655,0.147924,-0.008741,0.988960,-0.132212,0.990811,0.028533,-0.980122,-0.134973,0.145409,0.054093,-0.651436,0.040848,0.755669,0.004921,0.023570,0.003342,0.003273,-0.000672,-0.001930,-0.988960,-0.028533,-0.145409,0.000000,0.000000,0.000000,-1,-0.989227,-0.028839,-0.144180,-0.025486,0.028534,-0.007367,4.043228,235.737030,-576.001160,0,0
2.880000,-1.423865,0.028348,0.132897,0.148827,-0.008393,0.988828,-0.132452,0.990784,0.028345,-0.979952,-0.135191,0.146344,0.054081,-0.651078,0.041027,0.755969,0.003837,0.016166,0.004444,-0.000522,0.002176,0.001004,-0.988828,-0.028345,-0.146344,0.000000,0.000000,0.000000,-1,-0.988449,-0.025650,-0.146927,-0.028702,0.021121,-0.007314,3.867432,234.858078,-576.168762,0,0
2.920000,-1.423417,0.028092,0.132985,0.149234,-0.008068,0.988769,-0.132541,0.990779,0.028088,-0.979879,-0.135244,0.146788,0.054004,-0.650914,0.041156,0.756109,0.001700,0.012999,0.005538,0.000350,0.002301,0.001860,-0.988769,-0.028088,-0.146788,0.000000,0.000000,0.000000,-1,-0.985077,-0.025299,-0.144424,-0.030854,0.014757,-0.008339,3.340057,235.737030,-578.012207,0,0
2.960000,-1.423278,0.027787,0.132924,0.149329,-0.007759,0.988757,-0.132481,0.990796,0.027783,-0.979872,-0.135141,0.146927,0.053866,-0.650872,0.041236,0.756150,-0.003645,0.007684,0.003469,0.005725,-0.000659,0.004547,-0.988757,-0.027783,-0.146927,0.000000,0.000000,0.000000,-1,-0.986938,-0.028702,-0.145264,-0.030850,0.016865,-0.009412,2.461090,233.451736,-577.509460,0,0
3.000000,-1.423060,0.027761,0.132984,0.149540,-0.007695,0.988726,-0.132541,0.990789,0.027758,-0.979832,-0.135198,0.147143,0.053872,-0.650789,0.041273,0.756220,0.004892,0.015085,0.002309,0.002871,-0.001661,0.001422,-0.988726,-0.027758,-0.147143,0.000000,0.000000,0.000000,-1,-0.988113,-0.027161,-0.144028,-0.024454,0.021081,-0.011608,4.394806,235.385452,-577.006714,0,0
3.040000,-1.422687,0.027747,0.133307,0.149907,-0.007583,0.988671,-0.132862,0.990746,0.027744,-0.979733,-0.135516,0.147512,0.053964,-0.650640,0.041410,0.756334,0.004781,0.011996,0.000216,-0.001762,0.000202,0.003423,-0.988671,-0.027744,-0.147512,0.000000,0.000000,0.000000,-1,-0.985291,-0.026764,-0.149673,-0.025524,0.021061,-0.013730,5.273773,235.209656,-577.174316,0,0
3.080000,-1.422132,0.027743,0.133490,0.150451,-0.007476,0.988589,-0.133043,0.990722,0.027740,-0.979624,-0.135698,0.148060,0.054010,-0.650425,0.041495,0.756511,0.009046,0.014113,0.000175,0.005649,0.000838,-0.006618,-0.988589,-0.027740,-0.148061,0.000000,0.000000,0.000000,-1,-0.983795,-0.022308,-0.156830,-0.019127,0.022138,-0.011653,3.867432,235.209656,-576.503906,0,0
3.120000,-1.420999,0.027491,0.133839,0.151530,-0.007022,0.988428,-0.133390,0.990682,0.027487,-0.979411,-0.136011,0.149181,0.054005,-0.649995,0.041740,0.756867,0.002657,0.013068,0.001296,0.002542,0.003714,0.000759,-0.988428,-0.027487,-0.149181,0.000000,0.000000,0.000000,-1,-0.987411,-0.028702,-0.151840,-0.025529,0.017903,-0.011588,3.691635,235.385452,-578.347412,0,0
3.160000,-1.420339,0.027432,0.134008,0.152169,-0.006850,0.988331,-0.133557,0.990661,0.027429,-0.979289,-0.136173,0.149834,0.054024,-0.649742,0.041841,0.757077,0.003648,0.012112,0.001315,0.001835,0.002679,-0.003960,-0.988331,-0.027429,-0.149834,0.000000,0.000000,0.000000,-1,-0.984451,-0.023483,-0.153412,-0.025526,0.017913,-0.010522,3.691635,234.330704,-577.341858,0,0
3.200000,-1.419576,0.027269,0.134252,0.152897,-0.006549,0.988220,-0.133799,0.990633,0.027266,-0.979143,-0.136392,0.150589,0.054025,-0.649451,0.042007,0.757317,0.005780,0.013172,0.001295,0.007401,-0.000185,-0.003037,-0.988220,-0.027266,-0.150589,0.000000,0.000000,0.000000,-1,-0.983627,-0.028214,-0.156235,-0.024445,0.024258,-0.011620,3.164261,234.858078,-578.850159,0,0
3.240000,-1.418792,0.027300,0.134407,0.153670,-0.006448,0.988101,-0.133953,0.990612,0.027296,-0.979001,-0.136554,0.151364,0.054071,-0.649149,0.042077,0.757569,0.005787,0.016340,0.000218,0.002261,-0.000383,-0.004230,-0.988101,-0.027296,-0.151364,0.000000,0.000000,0.000000,-1,-0.985611,-0.024307,-0.152008,-0.026593,0.017904,-0.011579,3.340057,236.791794,-576.336304,0,0
3.280000,-1.418208,0.027213,0.134619,0.154231,-0.006250,0.988015,-0.134163,0.990586,0.027210,-0.978884,-0.136752,0.151941,0.054095,-0.648925,0.042201,0.757753,0.007910,0.015271,-0.000859,0.003030,0.003147,0.000314,-0.988015,-0.027210,-0.151941,0.000000,0.000000,0.000000,-1,-0.983429,-0.026154,-0.149429,-0.022328,0.020021,-0.011620,3.515854,234.858078,-577.509460,0,0
3.320000,-1.417411,0.027244,0.135004,0.155018,-0.006111,0.987893,-0.134544,0.990533,0.027240,-0.978707,-0.137138,0.152728,0.054214,-0.648611,0.042359,0.758004,0.006750,0.013269,0.002371,0.001229,-0.002804,-0.003064,-0.987893,-0.027240,-0.152728,0.000000,0.000000,0.000000,-1,-0.988022,-0.026947,-0.154419,-0.021261,0.018981,-0.009494,2.461090,234.858078,-577.509460,0,0
3.360000,-1.416986,0.027206,0.135292,0.155430,-0.005971,0.987829,-0.134830,0.990495,0.027202,-0.978602,-0.137417,0.153148,0.054284,-0.648444,0.042492,0.758135,0.013135,0.012208,0.002325,0.001012,0.001857,0.000514,-0.987829,-0.027202,-0.153148,0.000000,0.000000,0.000000,-1,-0.985413,-0.026627,-0.153030,-0.012747,0.015821,-0.007418,3.691635,233.979111,-577.341858,0,0
3.400000,-1.416578,0.027038,0.136306,0.155813,-0.005593,0.987771,-0.135835,0.990363,0.027035,-0.978402,-0.138386,0.153551,0.054541,-0.648267,0.042942,0.758242,0.024835,0.004831,0.006524,0.005105,-0.000095,-0.001707,-0.987771,-0.027035,-0.153551,0.000000,0.000000,0.000000,-1,-0.983826,-0.031647,-0.152390,-0.001030,0.015838,-0.005378,4.746384,236.088623,-577.341858,0,0
3.440000,-1.416330,0.027226,0.137178,0.156086,-0.005607,0.987728,-0.136697,0.990239,0.027223,-0.978239,-0.139269,0.153796,0.054889,-0.648143,0.043218,0.758307,0.029116,0.012244,0.006461,0.003673,-0.004759,0.002123,-0.987728,-0.027223,-0.153796,0.000000,0.000000,0.000000,-1,-0.985641,-0.024750,-0.152588,0.000047,0.020074,-0.005402,4.570602,234.858078,-577.844604,0,0
3.480000,-1.415529,0.026996,0.138632,0.156846,-0.005042,0.987610,-0.138138,0.990045,0.026992,-0.977915,-0.140660,0.154588,0.055256,-0.647806,0.043866,0.758531,0.025766,0.018650,0.006478,0.007218,0.001953,-0.001708,-0.987610,-0.026992,-0.154588,0.000000,0.000000,0.000000,-1,-0.985001,-0.023697,-0.161026,-0.002081,0.022173,-0.007524,3.340057,234.682281,-579.352905,0,0
3.520000,-1.414565,0.026773,0.139745,0.157763,-0.004513,0.987467,-0.139241,0.989897,0.026770,-0.977611,-0.141719,0.155540,0.055510,-0.647417,0.044388,0.758815,0.025736,0.012257,0.002242,0.003733,0.004232,-0.005760,-0.987467,-0.026770,-0.155540,0.000000,0.000000,0.000000,-1,-0.982101,-0.024216,-0.157959,-0.003164,0.017917,-0.009631,3.867432,234.154907,-576.503906,0,0
3.560000,-1.413812,0.026628,0.140646,0.158483,-0.004121,0.987353,-0.140133,0.989775,0.026624,-0.977367,-0.142580,0.156285,0.055730,-0.647110,0.044798,0.759036,0.017233,0.016507,0.003358,0.005389,0.002912,0.001424,-0.987353,-0.026624,-0.156285,0.000000,0.000000,0.000000,-1,-0.985565,-0.020599,-0.152298,-0.016981,0.024295,-0.007417,5.449554,235.033875,-577.341858,0,0
3.600000,-1.413501,0.026312,0.141188,0.158745,-0.003682,0.987313,-0.140670,0.989707,0.026309,-0.977247,-0.143062,0.156593,0.055779,-0.646987,0.045114,0.759119,0.011901,0.012290,0.005547,0.002022,0.001391,0.005302,-0.987313,-0.026309,-0.156593,0.000000,0.000000,0.000000,-1,-0.983780,-0.026611,-0.151993,-0.018055,0.021118,-0.007396,4.746384,236.440201,-579.017761,0,0
3.640000,-1.413357,0.026256,0.141586,0.158880,-0.003544,0.987292,-0.141064,0.989652,0.026253,-0.977168,-0.143443,0.156736,0.055883,-0.646923,0.045287,0.759155,0.015998,0.014468,0.005516,0.004503,-0.000465,0.005033,-0.987292,-0.026253,-0.156736,0.000000,0.000000,0.000000,-1,-0.984497,-0.025406,-0.155380,-0.012715,0.027462,-0.008527,4.043228,235.737030,-578.012207,0,0
3.680000,-1.412545,0.025904,0.142565,0.159627,-0.002927,0.987173,-0.142035,0.989523,0.025901,-0.976906,-0.144348,0.157539,0.056048,-0.646598,0.045796,0.759389,0.022431,0.030343,0.004342,-0.000483,0.009711,0.005195,-0.987173,-0.025901,-0.157539,0.000000,0.000000,0.000000,-1,-0.987305,-0.016251,-0.157440,-0.012680,0.038063,-0.007502,3.515854,236.264420,-577.509460,0,0
3.720000,-1.411799,0.025360,0.143033,0.160281,-0.002213,0.987069,-0.142500,0.989470,0.025358,-0.976731,-0.144722,0.158278,0.055976,-0.646319,0.046171,0.759610,0.008563,0.020823,0.005553,0.001214,0.009595,0.001341,-0.987069,-0.025358,-0.158278,0.000000,0.000000,0.000000,-1,-0.981613,-0.019196,-0.148438,-0.029750,0.023279,-0.003053,4.043228,233.979111,-577.006714,0,0
3.760000,-1.411644,0.024668,0.143162,0.160334,-0.001493,0.987062,-0.142630,0.989469,0.024665,-0.976703,-0.144740,0.158433,0.055751,-0.646278,0.046448,0.759644,-0.003160,0.015548,0.007796,0.004258,0.004539,0.008881,-0.987062,-0.024665,-0.158433,0.000000,0.000000,0.000000,-1,-0.988510,-0.018494,-0.155502,-0.031860,0.029634,-0.003060,4.219009,235.209656,-577.844604,0,0
3.800000,-1.410936,0.023712,0.143239,0.160891,-0.000445,0.986972,-0.142710,0.989481,0.023710,-0.976600,-0.144665,0.159135,0.055397,-0.646037,0.046807,0.759853,0.004097,0.015544,0.002421,0.000247,0.007871,0.006013,-0.986972,-0.023710,-0.159135,0.000000,0.000000,0.000000,-1,-0.989105,-0.030746,-0.146347,-0.023410,0.016814,-0.014796,3.164261,235.209656,-577.844604,0,0
3.840000,-1.410999,0.024434,0.143417,0.160932,-0.001131,0.986965,-0.142884,0.989438,0.024432,-0.976568,-0.144953,0.159071,0.055730,-0.646033,0.046639,0.759842,0.003024,0.018649,-0.005042,-0.000874,-0.012586,0.010618,-0.986965,-0.024432,-0.159071,0.000000,0.000000,0.000000,-1,-0.982056,-0.032806,-0.152603,-0.024405,0.033830,-0.007395,4.043228,234.682281,-577.006714,0,0
3.880000,-1.410180,0.024670,0.143620,0.161765,-0.001209,0.986829,-0.143083,0.989403,0.024667,-0.976401,-0.145189,0.159878,0.055866,-0.645709,0.046663,0.760106,0.000978,0.035713,0.007692,0.012433,-0.000571,0.003384,-0.986829,-0.024667,-0.159878,0.000000,0.000000,0.000000,-1,-0.978912,-0.017807,-0.151810,-0.028637,0.040215,-0.004190,4.394806,235.033875,-578.012207,0,0
3.920000,-1.409268,0.023984,0.143810,0.162559,-0.000376,0.986699,-0.143273,0.989393,0.023982,-0.976242,-0.145266,0.160780,0.055646,-0.645378,0.046982,0.760383,0.006317,0.042054,0.006563,0.005192,0.003382,0.012923,-0.986699,-0.023982,-0.160780,0.000000,0.000000,0.000000,-1,-0.990982,-0.022736,-0.153137,-0.026480,0.051836,-0.007446,5.097977,235.737030,-577.341858,0,0
3.960000,-1.408460,0.023882,0.143881,0.163334,-0.000148,0.986571,-0.143344,0.989385,0.023880,-0.976102,-0.145319,0.161579,0.055611,-0.645072,0.047064,0.760641,-0.001171,0.036689,-0.000816,-0.005556,-0.000809,0.007739,-0.986571,-0.023880,-0.161579,0.000000,0.000000,0.000000,-1,-0.990005,-0.025787,-0.158737,-0.032921,0.043265,-0.018017,4.570602,234.506485,-578.179810,0,0
4.000000,-1.407140,0.024212,0.143680,0.164668,-0.000311,0.986349,-0.143145,0.989406,0.024210,-0.975907,-0.145177,0.162878,0.055641,-0.644566,0.046918,0.761077,-0.000285,0.030314,-0.005058,0.001272,-0.001928,0.002615,-0.986349,-0.024210,-0.162879,0.000000,0.000000,0.000000,-1,-0.986633,-0.021561,-0.158890,-0.027606,0.036949,-0.013774,4.394806,235.737030,-577.341858,0,0
4.040000,-1.406670,0.024172,0.143720,0.165121,-0.000198,0.986273,-0.143184,0.989401,0.024170,-0.975824,-0.145209,0.163343,0.055627,-0.644387,0.046959,0.761227,0.003980,0.028243,0.000243,-0.000360,0.002609,0.004453,-0.986273,-0.024170,-0.163343,0.000000,0.000000,0.000000,-1,-0.986893,-0.030762,-0.153732,-0.021217,0.032760,-0.008481,4.394806,235.033875,-579.017761,0,0
4.080000,-1.405531,0.024578,0.144242,0.166290,-0.000341,0.986077,-0.143699,0.989316,0.024575,-0.975550,-0.145785,0.164464,0.055923,-0.643926,0.047059,0.761589,0.009374,0.045255,0.007592,-0.004951,-0.010978,-0.000819,-0.986077,-0.024575,-0.164464,0.000000,0.000000,0.000000,-1,-0.984009,-0.018097,-0.171341,-0.033900,0.055103,0.002187,3.340057,235.033875,-578.347412,0,0
4.120000,-1.403076,0.023449,0.144028,0.168525,0.001082,0.985697,-0.143491,0.989374,0.023447,-0.975197,-0.145390,0.166889,0.055366,-0.643032,0.047409,0.762363,-0.009988,0.033722,0.018438,0.003473,0.011179,-0.002895,-0.985697,-0.023447,-0.166889,0.000000,0.000000,0.000000,-1,-0.980637,-0.011963,-0.167221,-0.033947,0.035029,0.007589,3.867432,233.803329,-579.855713,0,0
4.160000,-1.402269,0.022090,0.144146,0.169119,0.002545,0.985592,-0.143612,0.989388,0.022088,-0.975077,-0.145278,0.167690,0.054867,-0.642763,0.047914,0.762594,0.001632,0.005103,0.016328,0.002850,0.007974,0.001491,-0.985592,-0.022088,-0.167690,0.000000,0.000000,0.000000,-1,-0.991653,-0.025513,-0.166077,-0.030864,0.004244,0.000223,4.570602,234.506485,-578.179810,0,0
4.200000,-1.402723,0.021839,0.144151,0.168641,0.002724,0.985674,-0.143618,0.989392,0.021837,-0.975159,-0.145243,0.167243,0.054785,-0.642944,0.047985,0.762443,-0.000585,-0.021405,0.013247,-0.005278,-0.008619,0.003105,-0.985674,-0.021837,-0.167243,0.000000,0.000000,0.000000,-1,-0.990189,-0.036224,-0.163742,-0.023448,-0.010556,0.003417,4.219009,235.912827,-578.179810,0,0
4.240000,-1.403828,0.022263,0.144789,0.167621,0.002257,0.985849,-0.144248,0.989291,0.022261,-0.975241,-0.145938,0.166152,0.055178,-0.643335,0.048061,0.762080,0.023968,-0.005467,0.019384,-0.002829,-0.014681,0.003905,-0.985849,-0.022261,-0.166152,0.000000,0.000000,0.000000,-1,-0.973465,-0.018967,-0.166855,0.000023,0.004276,0.004245,4.746384,234.330704,-577.006714,0,0
4.280000,-1.403981,0.022159,0.146140,0.167454,0.002562,0.985877,-0.145585,0.989098,0.022157,-0.975071,-0.147239,0.166002,0.055577,-0.643359,0.048605,0.761996,0.029091,-0.001375,0.004408,0.012106,0.004656,-0.000045,-0.985877,-0.022157,-0.166002,0.000000,0.000000,0.000000,-1,-0.980713,-0.016586,-0.168091,-0.005338,0.004139,-0.010627,3.691635,233.275955,-577.341858,0,0
