0.000000,-1.514038,1.374737,1.367831,0.970596,-0.141831,0.194492,-0.190807,0.039268,0.980842,-0.146751,-0.989112,0.011051,0.692870,-0.120021,0.017226,0.710794,-0.015644,0.068609,-0.002151,0.009754,0.022346,-0.009625,-0.194492,-0.980842,-0.011051,0.000000,0.000000,0.000000,-1,-0.185501,-0.962296,-0.006897,-0.026434,0.075048,-0.017121,55.374481,173.155090,-523.043213,0,0
0.040000,-1.513509,1.375413,1.368886,0.970951,-0.140310,0.193824,-0.190199,0.038934,0.980973,-0.145187,-0.989342,0.011116,0.692983,-0.119234,0.017546,0.710809,0.015079,0.027187,-0.013955,0.005760,0.019227,0.002113,-0.193824,-0.980973,-0.011116,0.000000,0.000000,0.000000,-1,-0.192062,-0.956970,-0.011215,-0.010743,-0.004539,-0.032925,57.132401,173.506668,-520.361816,0,0
0.080000,-1.516505,1.376252,1.371416,0.971030,-0.140850,0.193035,-0.189490,0.038289,0.981136,-0.145584,-0.989290,0.010490,0.693226,-0.119131,0.017112,0.710600,0.010617,-0.028025,-0.028627,-0.000126,0.026134,-0.000450,-0.193035,-0.981136,-0.010490,0.000000,0.000000,0.000000,-1,-0.196960,-0.962357,-0.010788,-0.007606,-0.018368,-0.039289,57.308197,174.034058,-522.540466,0,0
0.120000,-1.522982,1.376998,1.376631,0.970962,-0.142221,0.192367,-0.188969,0.037159,0.981280,-0.146707,-0.989137,0.009205,0.693649,-0.119365,0.016457,0.710163,0.023377,-0.022781,-0.026543,-0.010422,0.014605,0.001164,-0.192367,-0.981280,-0.009205,0.000000,0.000000,0.000000,-1,-0.199951,-0.964066,-0.007904,-0.008652,-0.017250,-0.032893,56.429230,173.858261,-521.032166,0,0
0.160000,-1.526278,1.377135,1.379004,0.970842,-0.143182,0.192263,-0.188925,0.036685,0.981306,-0.147558,-0.989016,0.008565,0.693828,-0.119664,0.016108,0.709946,0.008427,-0.040743,-0.022095,-0.006147,0.018309,0.002858,-0.192263,-0.981306,-0.008565,0.000000,0.000000,0.000000,-1,-0.189423,-0.965500,-0.007370,-0.009804,-0.047945,-0.030639,57.835571,173.155090,-522.037720,0,0
0.200000,-1.529829,1.377762,1.380928,0.970711,-0.144849,0.191677,-0.188390,0.036205,0.981427,-0.149098,-0.988791,0.007857,0.694019,-0.120040,0.015338,0.709713,0.013685,-0.065075,-0.018849,0.002254,0.015927,0.000487,-0.191677,-0.981427,-0.007857,0.000000,0.000000,0.000000,-1,-0.196716,-0.970367,-0.008118,-0.010849,-0.041590,-0.030654,56.956604,174.034058,-521.199768,0,0
0.240000,-1.535035,1.378340,1.383176,0.970365,-0.147835,0.191148,-0.187913,0.035676,0.981537,-0.151925,-0.988368,0.006839,0.694235,-0.120906,0.014124,0.709380,-0.008643,-0.055527,-0.017643,-0.004882,0.016724,0.003405,-0.191148,-0.981537,-0.006839,0.000000,0.000000,0.000000,-1,-0.196304,-0.968674,0.000198,-0.032123,-0.036269,-0.028379,57.483978,172.803513,-521.032166,0,0
0.280000,-1.537648,1.378749,1.384227,0.970199,-0.149412,0.190764,-0.187557,0.035404,0.981615,-0.153419,-0.988141,0.006326,0.694347,-0.121326,0.013446,0.709212,0.006159,-0.060040,-0.035765,-0.006242,0.012972,0.001168,-0.190764,-0.981615,-0.006326,0.000000,0.000000,0.000000,-1,-0.188354,-0.959290,-0.018921,-0.022653,-0.055543,-0.050752,56.605026,173.682465,-520.864624,0,0
0.320000,-1.537428,1.379688,1.382167,0.970098,-0.151227,0.189841,-0.186578,0.035618,0.981794,-0.155235,-0.987857,0.006337,0.694288,-0.121637,0.012461,0.709234,0.005096,-0.057931,-0.036829,0.001487,0.022505,-0.012584,-0.189841,-0.981794,-0.006337,0.000000,0.000000,0.000000,-1,-0.186401,-0.958832,-0.005859,-0.027844,-0.023629,-0.035916,56.780823,172.100342,-521.367371,0,0
0.360000,-1.536468,1.380574,1.379583,0.970020,-0.152816,0.188966,-0.185632,0.035934,0.981962,-0.156850,-0.987601,0.006489,0.694190,-0.121886,0.011566,0.709303,-0.008676,-0.049286,-0.018643,0.002565,0.023130,0.000630,-0.188966,-0.981962,-0.006489,0.000000,0.000000,0.000000,-1,-0.200317,-0.968918,-0.000214,-0.032132,-0.043633,-0.023024,56.780823,173.155090,-522.037720,0,0
0.400000,-1.539736,1.380425,1.380259,0.969580,-0.155382,0.189132,-0.185799,0.035836,0.981934,-0.159353,-0.987204,0.005876,0.694238,-0.122862,0.010724,0.709100,-0.002269,-0.048180,-0.013367,-0.008332,0.016144,0.002519,-0.189132,-0.981934,-0.005876,0.000000,0.000000,0.000000,-1,-0.188995,-0.968079,-0.011902,-0.020416,-0.042577,-0.023119,57.835571,172.803513,-522.372925,0,0
0.440000,-1.539968,1.380607,1.378465,0.969296,-0.157357,0.188955,-0.185559,0.036136,0.981968,-0.161348,-0.986880,0.005827,0.694142,-0.123504,0.009943,0.709094,-0.005517,-0.050385,-0.013231,0.007223,0.018727,-0.007067,-0.188955,-0.981968,-0.005827,0.000000,0.000000,0.000000,-1,-0.179565,-0.970749,-0.009384,-0.034207,-0.026677,-0.022006,56.605026,172.276138,-519.523865,0,0
0.480000,-1.538054,1.381528,1.375008,0.969230,-0.158852,0.188039,-0.184546,0.036601,0.982142,-0.162898,-0.986624,0.006159,0.693987,-0.123705,0.009057,0.709223,-0.009637,-0.010067,-0.005895,0.008519,0.016322,-0.001669,-0.188039,-0.982142,-0.006159,0.000000,0.000000,0.000000,-1,-0.177429,-0.965027,-0.013611,-0.034091,0.009363,-0.018947,57.308197,174.385635,-521.534912,0,0
0.520000,-1.533166,1.382289,1.370164,0.969397,-0.158754,0.187260,-0.183634,0.037345,0.982285,-0.162935,-0.986612,0.007050,0.693722,-0.123388,0.008766,0.709541,-0.011756,0.000456,-0.013377,0.005330,0.017777,-0.005981,-0.187260,-0.982285,-0.007050,0.000000,0.000000,0.000000,-1,-0.185684,-0.964615,-0.007019,-0.031977,0.010353,-0.026424,58.538742,173.858261,-521.032166,0,0
0.560000,-1.531581,1.382550,1.368594,0.969454,-0.158721,0.186993,-0.183324,0.037582,0.982334,-0.162945,-0.986608,0.007337,0.693638,-0.123280,0.008667,0.709643,-0.007505,0.000426,-0.016606,0.001308,0.017719,0.000318,-0.186993,-0.982334,-0.007337,0.000000,0.000000,0.000000,-1,-0.182800,-0.963348,-0.005539,-0.030938,-0.000219,-0.024262,57.659775,173.330887,-520.864624,0,0
0.600000,-1.532276,1.383235,1.368471,0.969446,-0.159552,0.186325,-0.182660,0.037469,0.982462,-0.163735,-0.986478,0.007181,0.693685,-0.123331,0.008141,0.709594,-0.000135,-0.018660,-0.012219,0.004684,0.019648,-0.000433,-0.186325,-0.982462,-0.007181,0.000000,0.000000,0.000000,-1,-0.180664,-0.962357,-0.009567,-0.025635,-0.008674,-0.022140,58.187149,172.803513,-522.372925,0,0
0.640000,-1.531448,1.383647,1.367193,0.969453,-0.159989,0.185915,-0.182216,0.037621,0.982539,-0.164190,-0.986402,0.007319,0.693634,-0.123338,0.007830,0.709647,-0.006501,-0.010195,-0.013267,0.003771,0.022623,-0.004033,-0.185915,-0.982539,-0.007319,0.000000,0.000000,0.000000,-1,-0.182053,-0.959915,-0.009903,-0.024547,-0.000211,-0.023246,57.483978,174.913010,-522.708069,0,0
0.680000,-1.530723,1.383927,1.366214,0.969466,-0.160234,0.185635,-0.181910,0.037744,0.982591,-0.164451,-0.986357,0.007443,0.693592,-0.123323,0.007635,0.709692,0.002030,-0.008049,-0.010145,0.003582,0.022675,-0.002460,-0.185635,-0.982591,-0.007443,0.000000,0.000000,0.000000,-1,-0.178848,-0.964890,-0.014099,-0.026670,-0.003328,-0.016826,57.308197,174.737213,-521.534912,0,0
0.720000,-1.528523,1.384806,1.363486,0.969550,-0.160742,0.184754,-0.180960,0.038062,0.982754,-0.165002,-0.986262,0.007815,0.693483,-0.123183,0.007121,0.709829,0.014852,0.007835,-0.010306,0.010438,0.023907,-0.000669,-0.184754,-0.982754,-0.007815,0.000000,0.000000,0.000000,-1,-0.186066,-0.972687,-0.010117,-0.011694,0.024156,-0.022372,56.077652,172.803513,-522.037720,0,0
0.760000,-1.527768,1.385102,1.363111,0.969668,-0.160373,0.184458,-0.180662,0.038070,0.982808,-0.164638,-0.986322,0.007942,0.693480,-0.122943,0.007145,0.709873,-0.011766,0.016250,-0.007884,0.000407,0.017324,0.004860,-0.184458,-0.982808,-0.007942,0.000000,0.000000,0.000000,-1,-0.178329,-0.968857,-0.010681,-0.015966,0.025157,-0.028734,57.308197,173.682465,-519.859070,0,0
0.800000,-1.527678,1.385755,1.363455,0.969856,-0.159975,0.183816,-0.180046,0.037875,0.982929,-0.164206,-0.986394,0.007931,0.693551,-0.122565,0.007069,0.709870,0.005175,-0.001907,-0.023928,0.004388,0.017002,-0.003162,-0.183816,-0.982929,-0.007931,0.000000,0.000000,0.000000,-1,-0.173141,-0.960037,-0.013626,-0.014921,0.018802,-0.028718,57.308197,174.034058,-523.210815,0,0
0.840000,-1.525780,1.386654,1.361868,0.970074,-0.159676,0.182918,-0.179122,0.037978,0.983094,-0.163923,-0.986439,0.008240,0.693516,-0.122131,0.006847,0.709981,0.013821,0.035230,-0.016679,0.009777,0.023056,-0.005386,-0.182918,-0.983094,-0.008240,0.000000,0.000000,0.000000,-1,-0.176956,-0.964401,-0.002609,-0.022286,0.040076,-0.019153,56.956604,172.979294,-522.205322,0,0
0.880000,-1.526574,1.387135,1.363515,0.970293,-0.158880,0.182452,-0.178721,0.037585,0.983182,-0.163065,-0.986582,0.008074,0.693656,-0.121675,0.006987,0.709921,0.002022,-0.000699,-0.007930,-0.004575,0.014432,0.007036,-0.182452,-0.983182,-0.008074,0.000000,0.000000,0.000000,-1,-0.181992,-0.966263,-0.011459,-0.020215,0.018912,-0.016959,58.362946,172.627716,-522.205322,0,0
0.920000,-1.526748,1.387113,1.364220,0.970373,-0.158366,0.182475,-0.178769,0.037464,0.983177,-0.162538,-0.986669,0.008043,0.693698,-0.121499,0.007185,0.709908,0.016988,0.026785,-0.005902,0.004390,0.019280,-0.007323,-0.182475,-0.983177,-0.008043,0.000000,0.000000,0.000000,-1,-0.176468,-0.967758,-0.009979,0.000095,0.041198,-0.011874,56.253433,174.385635,-520.864624,0,0
0.960000,-1.528241,1.387319,1.366683,0.970556,-0.157457,0.182285,-0.178662,0.036982,0.983215,-0.161555,-0.986833,0.007762,0.693868,-0.121103,0.007469,0.709806,0.020176,0.022577,-0.002716,0.005817,0.015457,-0.002217,-0.182285,-0.983215,-0.007762,0.000000,0.000000,0.000000,-1,-0.181473,-0.976028,-0.003983,-0.013783,0.030590,-0.013857,55.901855,173.330887,-522.875671,0,0
1.000000,-1.530949,1.387521,1.370462,0.970750,-0.156469,0.182106,-0.178606,0.036267,0.983252,-0.160453,-0.987017,0.007260,0.694122,-0.120683,0.007799,0.709626,0.011676,0.031023,-0.005877,-0.000588,0.012930,0.002164,-0.182106,-0.983252,-0.007260,0.000000,0.000000,0.000000,-1,-0.176407,-0.962173,-0.011551,-0.008387,0.058087,-0.018263,55.901855,174.034058,-522.540466,0,0
1.040000,-1.530569,1.387799,1.371476,0.971018,-0.155119,0.181831,-0.178375,0.036032,0.983303,-0.159081,-0.987238,0.007319,0.694202,-0.120100,0.008193,0.709642,0.011716,0.047930,-0.010203,0.005424,0.021129,-0.004232,-0.181831,-0.983303,-0.007318,0.000000,0.000000,0.000000,-1,-0.184235,-0.958344,-0.004608,-0.012722,0.034768,-0.020273,56.429230,174.913010,-521.367371,0,0
1.080000,-1.534204,1.387976,1.375592,0.971110,-0.154718,0.181682,-0.178351,0.035264,0.983335,-0.158547,-0.987329,0.006651,0.694477,-0.119899,0.008328,0.709405,0.009326,-0.029407,-0.008683,-0.006337,0.022413,0.001967,-0.181682,-0.983335,-0.006651,0.000000,0.000000,0.000000,-1,-0.185120,-0.968857,-0.001236,-0.018203,-0.019227,-0.017897,56.956604,174.034058,-520.529419,0,0
1.120000,-1.537127,1.387786,1.377861,0.970963,-0.155393,0.181887,-0.178613,0.034895,0.983300,-0.159145,-0.987236,0.006126,0.694612,-0.120214,0.008185,0.709222,0.008353,-0.008126,0.001899,-0.002119,0.015573,0.005348,-0.181887,-0.983300,-0.006126,0.000000,0.000000,0.000000,-1,-0.180069,-0.967804,-0.006271,-0.013775,0.021196,0.001093,55.901855,174.737213,-521.199768,0,0
1.160000,-1.539020,1.387175,1.380555,0.970971,-0.154625,0.182499,-0.179297,0.034527,0.983189,-0.158327,-0.987370,0.005801,0.694738,-0.120161,0.008698,0.709101,0.011676,0.021677,0.017741,0.006810,0.016957,-0.006086,-0.182499,-0.983189,-0.005801,0.000000,0.000000,0.000000,-1,-0.175171,-0.964172,-0.008286,-0.014805,0.027610,0.007469,57.835571,172.803513,-521.032166,0,0
1.200000,-1.540115,1.386763,1.382437,0.971015,-0.153865,0.182911,-0.179760,0.034266,0.983114,-0.157534,-0.987498,0.005614,0.694826,-0.120039,0.009130,0.709030,0.019119,0.020597,0.015556,0.009159,0.020787,-0.000886,-0.182911,-0.983114,-0.005614,0.000000,0.000000,0.000000,-1,-0.176270,-0.961380,-0.001648,-0.009482,0.030747,0.003154,58.011368,174.034058,-520.529419,0,0
1.240000,-1.543593,1.386723,1.386415,0.971072,-0.153435,0.182968,-0.179933,0.033557,0.983106,-0.156983,-0.987589,0.004979,0.695078,-0.119903,0.009346,0.708803,0.030746,0.008828,0.003925,0.011001,0.020445,0.002629,-0.182968,-0.983106,-0.004979,0.000000,0.000000,0.000000,-1,-0.183701,-0.970978,-0.007523,0.006414,0.018945,-0.012905,56.429230,174.209839,-521.367371,0,0
1.280000,-1.548031,1.386910,1.391082,0.971125,-0.153292,0.182805,-0.179907,0.032685,0.983140,-0.156683,-0.987640,0.004162,0.695392,-0.119788,0.009391,0.708515,-0.004456,-0.006069,-0.004269,0.003026,0.015520,0.003750,-0.182805,-0.983140,-0.004162,0.000000,0.000000,0.000000,-1,-0.181335,-0.964752,-0.002090,-0.003226,0.005119,-0.019170,56.956604,173.682465,-522.540466,0,0
1.320000,-1.553461,1.387358,1.396034,0.971114,-0.153861,0.182384,-0.179633,0.031717,0.983222,-0.157064,-0.987583,0.003162,0.695743,-0.119834,0.009098,0.708165,0.023139,-0.020012,-0.022540,0.000194,0.027915,-0.010830,-0.182384,-0.983222,-0.003162,0.000000,0.000000,0.000000,-1,-0.177750,-0.961884,-0.015152,-0.006421,0.014544,-0.030899,56.780823,173.858261,-520.697021,0,0
1.360000,-1.552675,1.387798,1.396022,0.971314,-0.153110,0.181949,-0.179206,0.031644,0.983302,-0.156311,-0.987702,0.003298,0.695768,-0.119406,0.009212,0.708212,0.022300,0.042625,-0.006788,0.002856,0.015437,-0.008711,-0.181949,-0.983302,-0.003298,0.000000,0.000000,0.000000,-1,-0.189407,-0.971085,0.015610,0.016955,-0.022295,-0.005375,55.726059,173.506668,-522.372925,0,0
1.400000,-1.568352,1.387213,1.410104,0.970917,-0.154899,0.182553,-0.180202,0.029209,0.983196,-0.157629,-0.987498,0.000446,0.696646,-0.120255,0.008944,0.707208,0.060175,-0.114005,0.006444,-0.011112,0.011577,0.018894,-0.182553,-0.983196,-0.000446,0.000000,0.000000,0.000000,-1,-0.200790,-0.959045,0.012863,0.018765,-0.128210,-0.004992,58.187149,173.155090,-521.702515,0,0
1.440000,-1.582929,1.385520,1.417956,0.969509,-0.161620,0.184204,-0.182070,0.028046,0.982885,-0.164020,-0.986454,-0.002235,0.697083,-0.123260,0.007239,0.706279,0.006884,-0.130947,0.005862,-0.006622,0.032797,-0.020759,-0.184204,-0.982885,0.002235,0.000000,0.000000,0.000000,-1,-0.182709,-0.957870,-0.022186,-0.023717,-0.094287,-0.002659,57.835571,174.561432,-522.372925,0,0
1.480000,-1.580268,1.385163,1.412879,0.969057,-0.163907,0.184561,-0.182272,0.029026,0.982820,-0.166448,-0.986049,-0.001748,0.696739,-0.124214,0.006499,0.706459,0.006063,-0.049382,0.006628,0.006719,0.021195,-0.015267,-0.184561,-0.982820,0.001748,0.000000,0.000000,0.000000,-1,-0.175186,-0.969543,-0.011795,-0.019321,-0.040371,-0.013548,57.308197,174.034058,-521.534912,0,0
1.520000,-1.579396,1.385550,1.410573,0.968894,-0.165292,0.184181,-0.181829,0.029385,0.982891,-0.167877,-0.985807,-0.001584,0.696616,-0.124574,0.005851,0.706522,0.002780,-0.066455,-0.007133,0.008995,0.013348,-0.013379,-0.184181,-0.982891,0.001584,0.000000,0.000000,0.000000,-1,-0.183273,-0.959183,-0.006531,-0.035348,-0.060471,-0.011218,57.308197,174.737213,-521.199768,0,0
1.560000,-1.575509,1.385628,1.404016,0.968474,-0.167815,0.184110,-0.181558,0.030564,0.982905,-0.170574,-0.985344,-0.000868,0.696200,-0.125457,0.004861,0.706783,-0.030195,-0.056811,0.002835,0.000837,0.023722,-0.007398,-0.184110,-0.982905,0.000868,0.000000,0.000000,0.000000,-1,-0.181381,-0.963333,0.003998,-0.053311,-0.020160,-0.004838,57.659775,173.330887,-520.864624,0,0
1.600000,-1.571193,1.385122,1.398456,0.968185,-0.168932,0.184609,-0.181874,0.031658,0.982812,-0.171873,-0.985119,-0.000073,0.695809,-0.126043,0.004576,0.707066,-0.002317,-0.002684,0.015200,0.004494,0.016870,0.002093,-0.184609,-0.982812,0.000073,0.000000,0.000000,0.000000,-1,-0.175201,-0.970505,0.004059,-0.021233,0.015942,0.005432,57.659775,174.385635,-523.546021,0,0
1.640000,-1.573130,1.385051,1.400855,0.968244,-0.168515,0.184679,-0.182019,0.031234,0.982799,-0.171384,-0.985204,-0.000431,0.695960,-0.125917,0.004776,0.706938,0.006317,0.034394,0.016056,0.010805,0.012126,0.002987,-0.184679,-0.982799,0.000431,0.000000,0.000000,0.000000,-1,-0.177200,-0.973526,0.000580,-0.013650,0.058315,0.006279,57.483978,174.561432,-521.702515,0,0
1.680000,-1.574970,1.384739,1.405280,0.968614,-0.166033,0.184984,-0.182458,0.030479,0.982741,-0.168806,-0.985649,-0.000772,0.696223,-0.125136,0.005809,0.706810,0.032994,0.056599,0.012568,0.007387,0.011336,-0.000711,-0.184984,-0.982741,0.000772,0.000000,0.000000,0.000000,-1,-0.179398,-0.974823,-0.003799,0.010852,0.067782,-0.000338,56.956604,175.440384,-521.870117,0,0
1.720000,-1.577808,1.384702,1.410043,0.968918,-0.164215,0.185018,-0.182637,0.029615,0.982734,-0.166859,-0.985980,-0.001297,0.696527,-0.124493,0.006517,0.706618,0.039372,0.066079,0.005178,0.006200,0.005699,-0.005387,-0.185018,-0.982734,0.001297,0.000000,0.000000,0.000000,-1,-0.175735,-0.964493,0.005463,0.027848,0.068679,-0.017519,58.714523,172.979294,-519.859070,0,0
1.760000,-1.589459,1.385588,1.423641,0.969369,-0.162552,0.184120,-0.182161,0.027001,0.982898,-0.164744,-0.986330,-0.003437,0.697461,-0.123560,0.006945,0.705857,0.085929,-0.000994,-0.031155,0.014488,0.032611,0.003735,-0.184120,-0.982898,0.003437,0.000000,0.000000,0.000000,-1,-0.177887,-0.952988,0.003891,0.053947,-0.070449,-0.057682,56.780823,173.506668,-520.697021,0,0
1.800000,-1.603348,1.387317,1.434869,0.969220,-0.165409,0.182355,-0.180769,0.024724,0.983215,-0.167141,-0.985915,-0.005938,0.698290,-0.123938,0.005447,0.704983,0.000676,-0.015898,-0.041089,-0.007144,0.027633,-0.013491,-0.182355,-0.983215,0.005938,0.000000,0.000000,0.000000,-1,-0.187531,-0.969864,-0.011734,-0.014903,0.038768,-0.045839,56.253433,173.682465,-522.875671,0,0
1.840000,-1.600319,1.388071,1.433368,0.969612,-0.163897,0.181631,-0.179997,0.024894,0.983352,-0.165690,-0.986163,-0.005364,0.698227,-0.123131,0.005708,0.705185,0.024352,0.067778,-0.040519,0.000235,0.018081,-0.014504,-0.181631,-0.983352,0.005364,0.000000,0.000000,0.000000,-1,-0.169266,-0.954391,-0.000565,0.000091,0.074696,-0.054612,58.538742,174.209839,-519.356323,0,0
1.880000,-1.599286,1.389957,1.435029,0.970390,-0.161313,0.179782,-0.178200,0.024344,0.983693,-0.163059,-0.986603,-0.005123,0.698421,-0.121529,0.005986,0.705268,-0.002295,0.063616,-0.034818,0.008304,0.028600,0.002415,-0.179782,-0.983693,0.005123,0.000000,0.000000,0.000000,-1,-0.180237,-0.960205,0.010895,-0.073363,0.067429,-0.040166,57.132401,174.561432,-520.697021,0,0
1.920000,-1.588658,1.390407,1.427842,0.971039,-0.157812,0.179384,-0.177583,0.025561,0.983774,-0.159837,-0.987138,-0.003204,0.697976,-0.120131,0.007001,0.705938,-0.025574,0.101848,-0.024124,-0.018049,0.010706,0.011154,-0.179384,-0.983774,0.003204,0.000000,0.000000,0.000000,-1,-0.189163,-0.967819,0.011658,-0.024267,0.106605,-0.040694,56.429230,173.858261,-520.361816,0,0
1.960000,-1.591860,1.391012,1.433301,0.971494,-0.155687,0.178777,-0.177130,0.024509,0.983882,-0.157559,-0.987502,-0.003766,0.698346,-0.119144,0.007596,0.705733,0.040174,0.036958,-0.053151,0.002630,0.026439,0.008197,-0.178777,-0.983882,0.003766,0.000000,0.000000,0.000000,-1,-0.173889,-0.959412,0.000626,0.001897,-0.018666,-0.071321,57.483978,174.561432,-522.372925,0,0
2.000000,-1.596327,1.393651,1.437109,0.971847,-0.156461,0.176163,-0.174648,0.023488,0.984351,-0.158150,-0.987405,-0.004499,0.698723,-0.118469,0.006445,0.705485,-0.011123,-0.021331,-0.057863,0.002274,0.024939,-0.003873,-0.176163,-0.984351,0.004499,0.000000,0.000000,0.000000,-1,-0.186600,-0.965073,0.003189,-0.038350,0.040784,-0.057383,58.011368,174.385635,-521.534912,0,0
2.040000,-1.595944,1.394368,1.438767,0.972290,-0.154488,0.175459,-0.173987,0.023106,0.984477,-0.156144,-0.987724,-0.004413,0.698856,-0.117505,0.006910,0.705511,0.023198,0.056205,-0.035890,-0.015215,0.032984,0.014004,-0.175459,-0.984477,0.004413,0.000000,0.000000,0.000000,-1,-0.201614,-0.946365,0.023254,-0.000044,0.029163,-0.053375,58.187149,173.506668,-520.361816,0,0
2.080000,-1.604214,1.394161,1.446724,0.972193,-0.154915,0.175620,-0.174367,0.021746,0.984441,-0.156324,-0.987688,-0.005871,0.699342,-0.117712,0.006898,0.704994,0.004732,-0.048844,-0.056652,-0.031152,0.034230,0.017902,-0.175620,-0.984441,0.005871,0.000000,0.000000,0.000000,-1,-0.208511,-0.956589,-0.002335,-0.036476,-0.029287,-0.075245,58.890320,173.506668,-523.043213,0,0
2.120000,-1.601013,1.394115,1.442157,0.971977,-0.156193,0.175683,-0.174311,0.022548,0.984432,-0.157722,-0.987469,-0.005310,0.699060,-0.118196,0.006423,0.705198,-0.043065,-0.008604,-0.058551,-0.029334,0.030697,-0.013748,-0.175683,-0.984432,0.005310,0.000000,0.000000,0.000000,-1,-0.203659,-0.950043,-0.001831,-0.087526,-0.016496,-0.067440,55.550278,173.682465,-521.199768,0,0
2.160000,-1.581918,1.394953,1.420534,0.971760,-0.158377,0.174928,-0.172967,0.026188,0.984579,-0.160516,-0.987031,-0.001946,0.697767,-0.118716,0.005164,0.706400,-0.098792,-0.098942,-0.092923,-0.025924,0.022101,0.004127,-0.174928,-0.984579,0.001946,0.000000,0.000000,0.000000,-1,-0.199127,-0.959320,0.002182,-0.135877,-0.118644,-0.118883,56.605026,174.385635,-521.870117,0,0
2.200000,-1.565128,1.397026,1.399128,0.971415,-0.162666,0.172894,-0.170355,0.029535,0.984940,-0.165322,-0.986239,0.000980,0.696581,-0.119520,0.002717,0.707448,-0.139591,-0.165934,-0.127372,-0.024082,0.025956,-0.005200,-0.172894,-0.984940,-0.000980,0.000000,0.000000,0.000000,-1,-0.196686,-0.955017,-0.019684,-0.176468,-0.147398,-0.136571,58.538742,173.858261,-520.697021,0,0
2.240000,-1.539835,1.399270,1.368819,0.971043,-0.167241,0.170605,-0.167217,0.034241,0.985325,-0.170629,-0.985321,0.005284,0.694895,-0.120327,-0.000009,0.708972,-0.151194,-0.133047,-0.122072,-0.026081,0.030308,-0.014400,-0.170605,-0.985325,-0.005284,0.000000,0.000000,0.000000,-1,-0.189789,-0.944351,-0.018738,-0.171984,-0.080585,-0.127268,57.659775,174.034058,-520.529419,0,0
2.280000,-1.483976,1.403143,1.306724,0.970848,-0.172679,0.166241,-0.161085,0.043555,0.985979,-0.177498,-0.984015,0.014470,0.691524,-0.120662,-0.004070,0.712193,-0.173481,-0.101335,-0.129462,-0.029697,0.048357,0.002278,-0.166241,-0.985979,-0.014470,0.000000,0.000000,0.000000,-1,-0.209976,-0.929672,-0.010925,-0.220069,-0.126244,-0.140573,58.890320,172.803513,-520.697021,0,0
2.320000,-1.453071,1.403650,1.271033,0.970254,-0.176948,0.165218,-0.158950,0.049128,0.986063,-0.182598,-0.982993,0.019541,0.689490,-0.121792,-0.006302,0.713954,-0.211888,-0.139317,-0.114095,-0.048314,0.054591,0.015558,-0.165218,-0.986064,-0.019541,0.000000,0.000000,0.000000,-1,-0.204910,-0.960342,-0.015900,-0.168859,-0.113311,-0.115451,60.296661,172.803513,-522.372925,0,0
2.360000,-1.430304,1.403978,1.242674,0.969437,-0.182101,0.164410,-0.157187,0.053511,0.986118,-0.188371,-0.981823,0.023252,0.687873,-0.123311,-0.008708,0.715227,-0.073432,-0.131576,-0.083092,-0.031604,0.025776,0.007352,-0.164410,-0.986118,-0.023252,0.000000,0.000000,0.000000,-1,-0.188873,-0.965134,-0.041016,-0.068814,-0.164800,-0.069160,58.890320,172.451920,-521.367371,0,0
2.400000,-1.422819,1.404132,1.229995,0.968550,-0.187050,0.164081,-0.156352,0.055449,0.986144,-0.193557,-0.980784,0.024459,0.687139,-0.124939,-0.010724,0.715622,-0.057566,-0.201078,-0.039271,-0.024793,0.021010,-0.016557,-0.164081,-0.986144,-0.024459,0.000000,0.000000,0.000000,-1,-0.220551,-1.004211,-0.025299,-0.113596,-0.220529,-0.025991,59.769287,171.572968,-522.205322,0,0
2.440000,-1.408045,1.401729,1.203220,0.965967,-0.198340,0.166039,-0.157023,0.060466,0.985742,-0.205552,-0.978266,0.027264,0.685244,-0.129648,-0.014416,0.716536,-0.062891,-0.249244,0.020618,-0.076454,-0.011542,0.023053,-0.166039,-0.985742,-0.027264,0.000000,0.000000,0.000000,-1,-0.249664,-0.961044,0.010376,-0.034880,-0.279476,0.015167,60.824036,170.869797,-523.210815,0,0
2.480000,-1.424711,1.399348,1.207578,0.962960,-0.210277,0.168793,-0.159479,0.060615,0.985339,-0.217425,-0.975761,0.024835,0.685111,-0.134925,-0.017746,0.715613,0.042157,-0.377338,0.029878,-0.077103,0.031207,0.032953,-0.168793,-0.985339,-0.024835,0.000000,0.000000,0.000000,-1,-0.228912,-0.930542,-0.001053,0.042306,-0.461628,0.019513,61.878784,173.330887,-522.540466,0,0
2.520000,-1.472985,1.396519,1.231619,0.956796,-0.234014,0.172568,-0.163518,0.057691,0.984852,-0.240425,-0.970520,0.016933,0.685961,-0.144881,-0.024731,0.712639,0.057583,-0.539297,0.034742,-0.024560,0.051304,0.012340,-0.172568,-0.984852,-0.016933,0.000000,0.000000,0.000000,-1,-0.162216,-0.946945,-0.022263,0.026134,-0.528350,0.019888,61.527206,172.627716,-522.540466,0,0
2.560000,-1.497004,1.395768,1.239662,0.952661,-0.249557,0.173662,-0.164676,0.056614,0.984722,-0.255576,-0.966704,0.012838,0.686150,-0.150927,-0.029845,0.711005,0.033080,-0.535153,0.024264,0.021868,0.032802,-0.016749,-0.173662,-0.984722,-0.012838,0.000000,0.000000,0.000000,-1,-0.137436,-0.956253,-0.050186,-0.037588,-0.449184,-0.010809,62.230362,172.627716,-521.870117,0,0
2.600000,-1.507445,1.395891,1.236067,0.949021,-0.263057,0.173665,-0.164357,0.057166,0.984743,-0.268971,-0.963085,0.011017,0.685718,-0.155827,-0.034747,0.710142,-0.045359,-0.395582,-0.003351,0.036229,0.028490,-0.039169,-0.173665,-0.984743,-0.011017,0.000000,0.000000,0.000000,-1,-0.153290,-0.961502,-0.009506,-0.104077,-0.257424,-0.006751,62.054581,173.155090,-523.043213,0,0
2.640000,-1.491420,1.395130,1.208620,0.945932,-0.273610,0.174214,-0.163427,0.061921,0.984610,-0.280187,-0.959845,0.013857,0.683768,-0.159790,-0.038746,0.710934,-0.076106,-0.036112,0.040280,0.010609,0.028205,0.017825,-0.174214,-0.984610,-0.013858,0.000000,0.000000,0.000000,-1,-0.161682,-0.941177,0.012482,-0.099028,-0.025138,0.028561,62.581955,173.682465,-522.205322,0,0
2.680000,-1.479182,1.393656,1.194943,0.945381,-0.274706,0.175477,-0.163915,0.064683,0.984352,-0.281758,-0.959350,0.016121,0.682747,-0.160609,-0.038917,0.711721,-0.096386,-0.055142,0.043704,0.023972,0.056343,0.028405,-0.175477,-0.984352,-0.016121,0.000000,0.000000,0.000000,-1,-0.144806,-0.909698,-0.012650,-0.111145,-0.143936,0.009924,62.406158,172.451920,-523.378418,0,0
2.720000,-1.470747,1.392995,1.182005,0.944087,-0.278800,0.175981,-0.163666,0.067045,0.984235,-0.286204,-0.958006,0.017666,0.681795,-0.162243,-0.040416,0.712179,-0.076667,-0.205762,0.020677,0.031176,0.074536,0.005016,-0.175981,-0.984235,-0.017666,0.000000,0.000000,0.000000,-1,-0.111557,-0.938599,-0.028397,-0.119580,-0.111160,0.003475,63.109329,172.803513,-522.372925,0,0
2.760000,-1.422796,1.393998,1.133072,0.944359,-0.279153,0.173956,-0.159297,0.074552,0.984412,-0.287770,-0.957348,0.025935,0.678946,-0.161445,-0.041908,0.714990,-0.217018,0.234609,-0.008662,0.100882,0.020621,-0.000340,-0.173956,-0.984412,-0.025935,0.000000,0.000000,0.000000,-1,-0.038315,-1.010468,0.007874,-0.247264,0.303670,-0.038638,62.581955,171.924545,-523.546021,0,0
2.800000,-1.366144,1.398175,1.088663,0.948855,-0.267187,0.168181,-0.152186,0.079643,0.985138,-0.276610,-0.960348,0.034907,0.677183,-0.154822,-0.040029,0.718228,-0.137125,0.331063,-0.114058,0.128432,-0.071594,0.057353,-0.168181,-0.985138,-0.034907,0.000000,0.000000,0.000000,-1,-0.057938,-1.067215,0.045959,-0.140111,0.288604,-0.176839,63.636703,170.869797,-522.875671,0,0
2.840000,-1.339756,1.404619,1.070357,0.952166,-0.259718,0.161018,-0.145129,0.079367,0.986224,-0.268920,-0.962417,0.037878,0.677296,-0.149435,-0.039828,0.719272,-0.115162,0.260433,-0.191741,0.093300,-0.079129,0.090262,-0.161018,-0.986224,-0.037878,0.000000,0.000000,0.000000,-1,-0.098404,-1.043289,0.030609,-0.096866,0.211674,-0.248262,62.230362,173.330887,-522.540466,0,0
2.880000,-1.302711,1.416693,1.042348,0.956428,-0.251669,0.148011,-0.132556,0.077391,0.988150,-0.260141,-0.964714,0.040658,0.677934,-0.141690,-0.041350,0.720152,-0.004793,0.181535,-0.245571,0.012696,-0.032206,0.058130,-0.148011,-0.988150,-0.040658,0.000000,0.000000,0.000000,-1,-0.168716,-1.026199,0.021713,-0.009409,0.247811,-0.233096,62.230362,171.572968,-523.210815,0,0
2.920000,-1.294995,1.423592,1.046148,0.960190,-0.241074,0.141130,-0.126946,0.073470,0.989185,-0.248836,-0.967722,0.039942,0.679481,-0.135405,-0.039628,0.720000,0.017290,0.345709,-0.130234,-0.051619,-0.028195,0.069742,-0.141130,-0.989185,-0.039942,0.000000,0.000000,0.000000,-1,-0.202667,-0.986679,0.029572,-0.046187,0.329222,-0.135106,61.175613,171.572968,-523.546021,0,0
2.960000,-1.282477,1.425835,1.040308,0.962147,-0.234721,0.138492,-0.124600,0.073087,0.989511,-0.242381,-0.969311,0.041074,0.679703,-0.132161,-0.038211,0.720470,-0.022169,0.319300,-0.123437,-0.064176,0.002832,0.070646,-0.138492,-0.989511,-0.041074,0.000000,0.000000,0.000000,-1,-0.183441,-0.922150,0.040024,-0.050649,0.275059,-0.150849,62.054581,171.045593,-522.037720,0,0
3.000000,-1.254721,1.432520,1.027056,0.966432,-0.221010,0.131008,-0.117957,0.071308,0.990455,-0.228242,-0.972661,0.042845,0.680492,-0.124530,-0.035722,0.721212,-0.046998,0.211183,-0.132420,-0.032597,0.080772,0.083738,-0.131008,-0.990455,-0.042845,0.000000,0.000000,0.000000,-1,-0.149231,-0.925827,0.044876,-0.085942,0.211647,-0.136488,60.296661,171.748749,-523.713623,0,0
3.040000,-1.243746,1.435589,1.021454,0.968023,-0.215953,0.127651,-0.114963,0.070380,0.990873,-0.222966,-0.973864,0.043303,0.680871,-0.121505,-0.034998,0.721406,-0.089631,0.181664,-0.118127,-0.012715,0.052839,0.090819,-0.127651,-0.990873,-0.043303,0.000000,0.000000,0.000000,-1,-0.123779,-0.958633,0.050522,-0.131922,0.159613,-0.151916,60.648239,170.694000,-524.719116,0,0
3.080000,-1.206584,1.438390,0.988573,0.969498,-0.211791,0.123360,-0.110269,0.072595,0.991247,-0.218892,-0.974615,0.047027,0.680051,-0.118395,-0.035119,0.722690,-0.116566,0.113471,-0.162407,-0.000419,0.032614,0.097549,-0.123360,-0.991247,-0.047027,0.000000,0.000000,0.000000,-1,-0.102234,-0.935165,0.047546,-0.161157,0.046800,-0.210925,62.230362,170.869797,-523.546021,0,0
3.120000,-1.143547,1.448538,0.925900,0.970979,-0.211849,0.110991,-0.097461,0.073308,0.992536,-0.218405,-0.974549,0.050534,0.679547,-0.113793,-0.039517,0.723675,-0.155299,0.006118,-0.203253,0.008055,0.059903,0.093609,-0.110991,-0.992536,-0.050534,0.000000,0.000000,0.000000,-1,-0.125595,-0.944565,0.050385,-0.184620,0.028859,-0.204284,61.702988,171.397171,-523.713623,0,0
3.160000,-1.110822,1.452018,0.893560,0.971571,-0.211600,0.106182,-0.092347,0.074256,0.992954,-0.217994,-0.974531,0.052605,0.679101,-0.111893,-0.041162,0.724298,-0.168884,0.055194,-0.164977,-0.019413,0.048389,0.102989,-0.106182,-0.992954,-0.052605,0.000000,0.000000,0.000000,-1,-0.130585,-0.958298,0.064575,-0.200270,0.096033,-0.156475,63.988281,171.572968,-522.205322,0,0
3.200000,-1.088608,1.455583,0.873582,0.972468,-0.209601,0.101852,-0.088131,0.073813,0.993370,-0.215730,-0.974997,0.053309,0.679218,-0.109587,-0.041915,0.724498,-0.190048,0.072317,-0.145693,-0.024430,0.041771,0.119089,-0.101852,-0.993370,-0.053309,0.000000,0.000000,0.000000,-1,-0.120590,-0.940994,0.064087,-0.224959,0.035599,-0.163514,62.406158,170.694000,-524.383972,0,1
3.240000,-1.114524,1.461565,0.898761,0.972627,-0.210762,0.097862,-0.085310,0.067870,0.994040,-0.216148,-0.975179,0.048032,0.681308,-0.108641,-0.043404,0.722587,-0.195577,-0.016693,-0.148495,-0.020638,0.056693,0.110425,-0.097862,-0.994040,-0.048032,0.000000,0.000000,0.000000,-1,-0.122116,-0.936707,0.062973,-0.216570,-0.013055,-0.155939,62.757751,170.694000,-523.713623,0,0
3.280000,-1.134509,1.465088,0.916529,0.972322,-0.213179,0.095628,-0.083723,0.064212,0.994418,-0.218129,-0.974901,0.044587,0.682555,-0.108746,-0.044869,0.721305,-0.198694,-0.030224,-0.121772,-0.028670,0.053256,0.112534,-0.095628,-0.994418,-0.044587,0.000000,0.000000,0.000000,-1,-0.132523,-0.962296,0.076279,-0.223948,-0.018014,-0.119643,63.285126,171.221375,-524.886719,0,0
3.320000,-1.170094,1.466623,0.949714,0.971755,-0.215696,0.095748,-0.084566,0.060511,0.994579,-0.220320,-0.974584,0.040561,0.683865,-0.109767,-0.045540,0.719866,-0.168755,-0.040447,-0.080399,-0.048783,0.028179,0.130451,-0.095748,-0.994579,-0.040561,0.000000,0.000000,0.000000,-1,-0.151535,-0.992447,0.100677,-0.164230,-0.022920,-0.076409,62.581955,171.572968,-524.551514,0,0
3.360000,-1.180103,1.466101,0.958532,0.971410,-0.216853,0.096629,-0.085521,0.060061,0.994524,-0.221469,-0.974355,0.039798,0.684023,-0.110513,-0.045627,0.719595,-0.142824,0.016337,-0.009424,-0.044118,-0.002515,0.151248,-0.096629,-0.994524,-0.039798,0.000000,0.000000,0.000000,-1,-0.136490,-0.989670,0.113297,-0.151077,0.042354,-0.004314,63.812500,171.748749,-524.383972,0,0
3.400000,-1.186889,1.465037,0.966156,0.971475,-0.216000,0.097878,-0.086847,0.060008,0.994413,-0.220667,-0.974548,0.039538,0.684092,-0.110675,-0.044873,0.719552,-0.080880,0.047329,0.021944,-0.036720,0.011304,0.152758,-0.097878,-0.994413,-0.039538,0.000000,0.000000,0.000000,-1,-0.120056,-0.960815,0.106705,-0.104200,0.020455,0.033756,63.812500,171.748749,-525.724670,0,0
3.440000,-1.188854,1.461090,0.969837,0.971510,-0.214116,0.101597,-0.090304,0.061907,0.993988,-0.219118,-0.974845,0.040808,0.683519,-0.111343,-0.042984,0.720109,-0.116631,0.106542,0.125338,-0.012295,0.022614,0.153189,-0.101597,-0.993988,-0.040808,0.000000,0.000000,0.000000,-1,-0.139816,-1.027435,0.107864,-0.150228,0.185836,0.163463,63.109329,171.397171,-525.054321,0,0
3.480000,-1.220217,1.451176,1.008922,0.972081,-0.206151,0.112077,-0.100988,0.063579,0.992854,-0.211804,-0.976452,0.040985,0.683286,-0.112376,-0.036488,0.720528,0.034365,0.181917,0.376369,-0.048995,-0.080785,0.136993,-0.112077,-0.992854,-0.040985,0.000000,0.000000,0.000000,-1,-0.191467,-1.183273,0.050018,0.092867,0.094857,0.409073,62.406158,169.287674,-524.719116,0,0
3.520000,-1.279434,1.440191,1.069561,0.970903,-0.204416,0.124745,-0.114214,0.062579,0.991483,-0.210482,-0.976882,0.037411,0.683907,-0.116474,-0.031341,0.719530,0.112629,-0.036842,0.430913,-0.065059,-0.239916,0.065044,-0.124745,-0.991483,-0.037411,0.000000,0.000000,0.000000,-1,-0.082367,-1.346603,-0.169724,0.003605,-0.148245,0.347823,62.054581,170.694000,-525.054321,0,0
3.560000,-1.324979,1.427724,1.110255,0.968157,-0.208674,0.138299,-0.127729,0.063369,0.989783,-0.215305,-0.975930,0.034698,0.683756,-0.122998,-0.028156,0.718718,0.073492,-0.097907,0.231324,0.055932,-0.356821,-0.135026,-0.138299,-0.989783,-0.034698,0.000000,0.000000,0.000000,-1,-0.018829,-1.225311,-0.250046,0.107459,0.224605,0.122967,60.999817,171.748749,-525.389465,0,1
3.600000,-1.382061,1.424716,1.177358,0.969459,-0.199266,0.142976,-0.134440,0.055803,0.989349,-0.205122,-0.978355,0.027310,0.686722,-0.121485,-0.022624,0.716340,0.262186,0.174175,-0.007660,0.125245,-0.049774,-0.275333,-0.142976,-0.989349,-0.027310,0.000000,0.000000,0.000000,-1,-0.042526,-0.946640,-0.315964,0.219350,0.056557,-0.064767,59.593491,171.748749,-524.719116,0,0
3.640000,-1.441440,1.428348,1.229346,0.968128,-0.207144,0.140781,-0.133772,0.047538,0.989871,-0.211738,-0.977155,0.018313,0.689615,-0.123589,-0.025723,0.713088,0.142815,-0.535823,-0.047752,0.049198,0.078525,-0.276319,-0.140781,-0.989871,-0.018313,0.000000,0.000000,0.000000,-1,-0.123016,-0.941635,-0.243134,0.082221,-0.601898,-0.029276,60.120865,171.924545,-525.557068,0,0
3.680000,-1.495180,1.429668,1.260978,0.963258,-0.229044,0.140258,-0.133963,0.042885,0.990058,-0.232781,-0.972471,0.010626,0.690968,-0.131340,-0.033476,0.710065,0.121904,-0.433854,-0.017077,-0.009446,0.001426,-0.205225,-0.140258,-0.990058,-0.010626,0.000000,0.000000,0.000000,-1,-0.164291,-1.029022,-0.195755,0.106492,-0.331705,-0.017693,62.581955,172.276138,-523.881165,0,0
3.720000,-1.533147,1.429695,1.289607,0.960949,-0.238383,0.140534,-0.135110,0.039026,0.990062,-0.241499,-0.970387,0.005294,0.692212,-0.134891,-0.036465,0.708038,0.039902,-0.104244,0.003629,-0.005050,-0.046727,-0.163957,-0.140534,-0.990062,-0.005294,0.000000,0.000000,0.000000,-1,-0.113419,-0.995529,-0.154144,-0.032241,-0.071270,-0.033573,62.581955,173.682465,-525.892212,0,0
3.760000,-1.526544,1.431273,1.279546,0.960352,-0.241706,0.138935,-0.133214,0.039934,0.990282,-0.244906,-0.969527,0.006152,0.691785,-0.135490,-0.038296,0.708244,-0.107483,-0.162435,-0.106869,0.040531,0.032488,-0.142880,-0.138935,-0.990282,-0.006152,0.000000,0.000000,0.000000,-1,-0.055450,-0.849823,-0.096359,-0.243823,-0.211245,-0.169900,61.527206,172.276138,-524.216370,0,0
3.800000,-1.487097,1.435355,1.233223,0.959336,-0.248133,0.134555,-0.127407,0.044721,0.990842,-0.251878,-0.967693,0.011289,0.689805,-0.136104,-0.042520,0.709814,-0.256906,-0.238089,-0.158692,0.079105,0.141019,-0.085071,-0.134555,-0.990842,-0.011289,0.000000,0.000000,0.000000,-1,0.006699,-0.792343,-0.007950,-0.267143,-0.142780,-0.211523,62.054581,172.100342,-524.719116,0,0
3.840000,-1.419676,1.447581,1.159682,0.959521,-0.254079,0.121503,-0.112663,0.049116,0.992419,-0.258121,-0.965935,0.018503,0.687732,-0.133316,-0.049662,0.711888,0.075569,-0.065380,-0.259928,0.097562,0.233446,0.012857,-0.121503,-0.992419,-0.018503,0.000000,0.000000,0.000000,-1,-0.086823,-0.729111,-0.024323,0.105264,-0.167883,-0.284628,62.933533,172.979294,-525.221924,0,0
3.880000,-1.450146,1.456433,1.182047,0.958275,-0.262441,0.113284,-0.105599,0.043253,0.993468,-0.265626,-0.963978,0.013735,0.689436,-0.133457,-0.055241,0.709800,0.114846,-0.427951,-0.295094,-0.005932,0.259901,-0.022520,-0.113284,-0.993468,-0.013735,0.000000,0.000000,0.000000,-1,-0.158081,-0.765625,-0.048950,-0.003261,-0.451139,-0.335991,65.394623,174.737213,-526.562622,0,0
3.920000,-1.442458,1.471538,1.157768,0.955278,-0.278900,0.098281,-0.090763,0.039775,0.995078,-0.281436,-0.959496,0.012683,0.689714,-0.133991,-0.066388,0.708473,-0.120380,-0.062331,-0.277596,-0.044053,0.192618,-0.057721,-0.098281,-0.995078,-0.012683,0.000000,0.000000,0.000000,-1,-0.116165,-0.810944,-0.090820,-0.198620,0.031419,-0.271300,64.515671,174.209839,-525.054321,0,0
3.960000,-1.321932,1.478910,1.041661,0.957451,-0.274552,0.088930,-0.079209,0.046318,0.995781,-0.277513,-0.960456,0.022600,0.687120,-0.128712,-0.068614,0.711753,-0.314056,0.268810,-0.208089,-0.011839,0.156456,-0.022871,-0.088930,-0.995781,-0.022600,0.000000,0.000000,0.000000,-1,-0.101471,-0.893417,-0.009933,-0.357234,0.351802,-0.219070,64.515671,173.858261,-525.389465,0,0
4.000000,-1.196733,1.481314,0.927183,0.960912,-0.264062,0.083184,-0.071484,0.053626,0.995999,-0.267467,-0.963014,0.032653,0.684586,-0.122536,-0.067297,0.715400,-0.296510,0.420450,-0.188550,-0.034050,0.074811,0.041625,-0.083184,-0.995999,-0.032653,0.000000,0.000000,0.000000,-1,-0.195999,-0.983810,0.049744,-0.142825,0.402445,-0.121848,64.691452,173.682465,-525.557068,0,0
4.040000,-1.178964,1.480336,0.923309,0.964484,-0.250600,0.083491,-0.072053,0.054490,0.995911,-0.254124,-0.966556,0.034498,0.684744,-0.117801,-0.062298,0.716497,0.102560,0.227890,-0.043886,-0.129766,-0.007598,0.073149,-0.083491,-0.995911,-0.034498,0.000000,0.000000,0.000000,-1,-0.236893,-1.057312,0.013840,0.184074,-0.024593,-0.021576,63.988281,174.737213,-526.227417,0,0
4.080000,-1.237257,1.482843,0.982208,0.964613,-0.250265,0.082999,-0.073059,0.048768,0.996135,-0.253345,-0.966948,0.028758,0.686856,-0.117683,-0.062002,0.714517,0.224155,-0.089478,0.000039,-0.160653,-0.091069,0.036448,-0.082999,-0.996135,-0.028758,0.000000,0.000000,0.000000,-1,-0.267075,-1.120285,0.007858,0.219433,0.031729,-0.000755,65.218826,174.561432,-525.724670,0,0
4.120000,-1.375082,1.485111,1.125073,0.965663,-0.245861,0.083947,-0.077219,0.036895,0.996331,-0.248056,-0.968603,0.016643,0.691398,-0.116821,-0.059340,0.710493,0.280631,0.249758,0.033485,-0.159660,-0.078895,0.031306,-0.083947,-0.996331,-0.016643,0.000000,0.000000,0.000000,-1,-0.177582,-1.122147,0.016052,0.366180,0.291537,0.035484,63.812500,175.264603,-526.730164,0,1
4.160000,-1.648774,1.477524,1.411100,0.967610,-0.234753,0.092854,-0.091952,0.014811,0.995653,-0.235108,-0.971942,-0.007255,0.700010,-0.116679,-0.050804,0.702703,0.677910,0.113984,0.248256,-0.113277,-0.268278,-0.041908,-0.092854,-0.995653,0.007255,0.000000,0.000000,0.000000,-1,-0.265854,-1.332245,-0.043152,0.628364,0.132192,0.333404,63.109329,177.374100,-525.054321,0,0
4.200000,-1.805536,1.456938,1.578390,0.968016,-0.225246,0.110497,-0.113609,-0.000863,0.993525,-0.223692,-0.974302,-0.026425,0.706276,-0.119944,-0.040068,0.696550,0.339973,0.452407,0.529788,-0.090599,-0.349203,-0.069867,-0.110497,-0.993525,0.026425,0.000000,0.000000,0.000000,-1,-0.038193,-1.272095,-0.112946,0.292736,0.608475,0.518522,61.878784,176.495132,-524.886719,0,0
4.240000,-1.823286,1.440132,1.616427,0.970435,-0.205763,0.126162,-0.130158,-0.005943,0.991476,-0.203260,-0.978584,-0.032549,0.708683,-0.118502,-0.027197,0.694972,0.217296,0.781230,0.464522,0.169390,-0.187068,-0.182482,-0.126162,-0.991476,0.032549,0.000000,0.000000,0.000000,-1,0.247665,-0.936264,-0.286209,-0.037560,1.049426,0.319150,62.757751,177.022522,-525.389465,0,0
