0.000000,-1.332140,1.184270,0.991530,0.882561,-0.294821,0.366288,-0.315475,0.206359,0.926224,-0.348658,-0.933004,0.089115,0.629898,-0.242220,0.006997,0.737908,0.027901,-0.005763,0.057306,0.006715,0.015580,-0.001674,-0.366288,-0.926224,-0.089115,0.000000,0.000000,0.000000,-1,-0.364944,-0.903961,-0.088501,0.000117,0.004621,0.041529,6.855896,182.296280,-549.187012,0,0
0.040000,-1.337399,1.181269,0.996999,0.881413,-0.294304,0.369455,-0.318932,0.206138,0.925089,-0.348416,-0.933216,0.087830,0.629969,-0.243359,0.008349,0.737459,0.024681,-0.000615,0.041349,0.004846,0.020151,0.003983,-0.369455,-0.925089,-0.087830,0.000000,0.000000,0.000000,-1,-0.362228,-0.904251,-0.080124,0.003280,0.006600,0.026583,5.625351,183.175232,-549.689819,0,0
0.080000,-1.341014,1.180370,1.000680,0.880958,-0.294253,0.370579,-0.320389,0.205412,0.924747,-0.348231,-0.933392,0.086684,0.630250,-0.243808,0.008865,0.737064,0.032115,-0.003878,0.032784,0.004963,0.018131,0.005339,-0.370579,-0.924747,-0.086684,0.000000,0.000000,0.000000,-1,-0.364609,-0.905380,-0.084503,0.009637,0.003343,0.018023,6.855896,183.351028,-549.857361,0,0
0.120000,-1.343941,1.179735,1.003724,0.880635,-0.294178,0.371403,-0.321508,0.204751,0.924505,-0.348014,-0.933561,0.085730,0.630507,-0.244124,0.009274,0.736736,0.031039,0.000270,0.023192,0.005955,0.017218,0.000937,-0.371403,-0.924505,-0.085730,0.000000,0.000000,0.000000,-1,-0.364792,-0.904526,-0.085419,0.010738,0.022328,0.009421,7.559067,182.296280,-550.527710,0,0
0.160000,-1.346763,1.179200,1.007841,0.880696,-0.293081,0.372126,-0.322766,0.203690,0.924301,-0.346693,-0.934138,0.084792,0.630915,-0.244029,0.010078,0.736406,0.032152,0.026674,0.014558,0.008082,0.018158,0.000945,-0.372126,-0.924301,-0.084792,0.000000,0.000000,0.000000,-1,-0.366409,-0.905045,-0.082306,0.006485,0.033871,-0.002308,6.855896,184.405777,-549.857361,0,0
0.200000,-1.348177,1.179225,1.010165,0.880895,-0.292360,0.372223,-0.323219,0.202927,0.924311,-0.345765,-0.934530,0.084261,0.631211,-0.243809,0.010479,0.736220,0.023582,0.022291,-0.001338,0.006073,0.019312,0.002855,-0.372223,-0.924311,-0.084261,0.000000,0.000000,0.000000,-1,-0.369705,-0.908295,-0.077393,-0.005265,0.032687,-0.016062,7.559067,182.647858,-549.187012,0,0
0.240000,-1.349219,1.179429,1.012465,0.881271,-0.291347,0.372127,-0.323525,0.202083,0.924388,-0.344518,-0.935029,0.083831,0.631537,-0.243403,0.010929,0.736068,0.012982,0.038136,-0.005569,0.000804,0.013149,0.007339,-0.372127,-0.924388,-0.083831,0.000000,0.000000,0.000000,-1,-0.369019,-0.910965,-0.080750,-0.008417,0.046456,-0.016089,6.152725,183.351028,-548.851868,0,0
0.280000,-1.350982,1.179822,1.015702,0.881730,-0.290221,0.371919,-0.323869,0.200843,0.924538,-0.343018,-0.935646,0.083096,0.632019,-0.242908,0.011432,0.735811,0.013985,0.017947,-0.011882,0.004564,0.023080,0.003048,-0.371919,-0.924538,-0.083096,0.000000,0.000000,0.000000,-1,-0.363800,-0.899780,-0.081421,-0.016992,0.034729,-0.024501,6.680099,182.472061,-548.349121,0,0
0.320000,-1.349489,1.180213,1.015650,0.882350,-0.288946,0.371442,-0.323551,0.200669,0.924687,-0.341721,-0.936078,0.083572,0.632082,-0.242254,0.011755,0.735967,-0.000853,0.044389,-0.016120,0.006940,0.021672,0.003860,-0.371442,-0.924687,-0.083572,0.000000,0.000000,0.000000,-1,-0.369659,-0.900467,-0.082520,-0.026545,0.049500,-0.030874,6.680099,183.878403,-549.689819,0,0
0.360000,-1.347292,1.180618,1.015050,0.883053,-0.287498,0.370893,-0.323113,0.200666,0.924841,-0.340315,-0.936525,0.084305,0.632076,-0.241510,0.012094,0.736211,-0.001904,0.048624,-0.016117,0.005354,0.019201,0.004074,-0.370893,-0.924841,-0.084305,0.000000,0.000000,0.000000,-1,-0.371780,-0.909286,-0.083939,-0.019049,0.056991,-0.022438,8.086441,183.526825,-547.343567,0,0
0.400000,-1.345177,1.180698,1.014780,0.883720,-0.285770,0.370641,-0.322996,0.200714,0.924872,-0.338694,-0.937043,0.085072,0.632047,-0.240791,0.012637,0.736462,-0.012649,0.015802,-0.014826,-0.001994,0.017569,-0.000926,-0.370641,-0.924872,-0.085072,0.000000,0.000000,0.000000,-1,-0.371017,-0.902679,-0.092041,-0.042601,0.018819,-0.027439,6.680099,182.120483,-550.695312,0,0
0.440000,-1.342488,1.180428,1.012283,0.883832,-0.285405,0.370655,-0.322705,0.201652,0.924769,-0.338677,-0.936953,0.086125,0.631675,-0.240673,0.012656,0.736819,-0.024396,0.007356,-0.012553,-0.000592,0.022410,-0.005748,-0.370655,-0.924769,-0.086125,0.000000,0.000000,0.000000,-1,-0.369080,-0.902664,-0.092560,-0.050054,0.014634,-0.022038,7.031693,183.878403,-549.019409,0,0
0.480000,-1.339432,1.179917,1.009218,0.883833,-0.285150,0.370849,-0.322486,0.202892,0.924574,-0.338884,-0.936763,0.087366,0.631184,-0.240673,0.012661,0.737240,-0.027612,-0.002081,-0.002887,0.002670,0.021651,-0.001273,-0.370849,-0.924574,-0.087366,0.000000,0.000000,0.000000,-1,-0.366379,-0.909409,-0.092178,-0.051130,0.002023,-0.011330,6.152725,182.647858,-549.187012,0,0
0.520000,-1.335520,1.179246,1.004702,0.883661,-0.285344,0.371108,-0.322090,0.204679,0.924318,-0.339707,-0.936315,0.088961,0.630480,-0.240861,0.012452,0.737784,-0.031897,-0.011538,0.004645,0.005584,0.018923,-0.000059,-0.371108,-0.924318,-0.088961,0.000000,0.000000,0.000000,-1,-0.363525,-0.907990,-0.086136,-0.057519,-0.004262,-0.003799,7.031693,182.472061,-550.024963,0,0
0.560000,-1.333177,1.178848,1.001721,0.883483,-0.285705,0.371256,-0.321788,0.205836,0.924167,-0.340457,-0.935951,0.089916,0.630026,-0.241059,0.012221,0.738112,-0.040445,-0.020007,0.004740,0.010538,0.018161,-0.002827,-0.371256,-0.924167,-0.089916,0.000000,0.000000,0.000000,-1,-0.359467,-0.905807,-0.091660,-0.065047,-0.020245,-0.014334,7.734848,183.526825,-551.030518,0,0
0.600000,-1.329725,1.178838,0.996722,0.883226,-0.286890,0.370952,-0.320763,0.207447,0.924163,-0.342086,-0.935233,0.091199,0.629400,-0.241362,0.011466,0.738558,-0.038400,-0.033900,-0.009083,0.013012,0.018905,0.000059,-0.370952,-0.924163,-0.091199,0.000000,0.000000,0.000000,-1,-0.358765,-0.911102,-0.088058,-0.056547,-0.020316,-0.021857,6.680099,182.823654,-550.024963,0,0
0.640000,-1.327888,1.179826,0.992910,0.883066,-0.288738,0.369898,-0.319205,0.208170,0.924540,-0.343951,-0.934503,0.091661,0.629133,-0.241580,0.010311,0.738732,-0.007544,-0.037132,-0.014666,0.014109,0.007120,-0.002531,-0.369898,-0.924540,-0.091661,0.000000,0.000000,0.000000,-1,-0.355423,-0.916428,-0.092850,-0.031025,-0.024628,-0.029496,7.383270,183.878403,-550.695312,0,0
0.680000,-1.327104,1.180699,0.991288,0.883137,-0.289615,0.369042,-0.318191,0.208245,0.924872,-0.344708,-0.934215,0.091756,0.629114,-0.241532,0.009670,0.738772,-0.003252,-0.019172,-0.020110,0.011788,0.011344,-0.004115,-0.369042,-0.924872,-0.091756,0.000000,0.000000,0.000000,-1,-0.360107,-0.907501,-0.096649,-0.025656,-0.007703,-0.031732,7.559067,183.351028,-549.187012,0,0
0.720000,-1.325960,1.181489,0.989700,0.883315,-0.290108,0.368229,-0.317250,0.208350,0.925172,-0.345120,-0.934039,0.092002,0.629079,-0.241367,0.009184,0.738862,-0.006466,-0.013959,-0.029700,0.008121,0.017671,-0.004647,-0.368229,-0.925172,-0.092002,0.000000,0.000000,0.000000,-1,-0.355804,-0.904816,-0.093704,-0.034208,-0.006780,-0.046583,6.680099,182.823654,-549.689819,0,0
0.760000,-1.323349,1.183252,0.986233,0.883750,-0.291089,0.366405,-0.315164,0.208547,0.925840,-0.345914,-0.933689,0.092563,0.629015,-0.240953,0.008144,0.739064,-0.014988,-0.010794,-0.031788,0.015849,0.021268,0.001941,-0.366405,-0.925840,-0.092563,0.000000,0.000000,0.000000,-1,-0.347458,-0.901779,-0.090240,-0.035250,-0.003553,-0.041261,6.855896,182.647858,-549.187012,0,0
0.800000,-1.321899,1.184737,0.984372,0.884162,-0.291681,0.364938,-0.313630,0.208373,0.926400,-0.346256,-0.933543,0.092755,0.629093,-0.240549,0.007424,0.739136,-0.004257,-0.000106,-0.020238,0.018060,0.020470,0.002286,-0.364938,-0.926400,-0.092755,0.000000,0.000000,0.000000,-1,-0.346939,-0.909637,-0.088852,-0.027711,0.013520,-0.027534,7.559067,181.944687,-549.857361,0,0
0.840000,-1.321023,1.185601,0.983609,0.884505,-0.291713,0.364080,-0.312804,0.208168,0.926725,-0.346127,-0.933579,0.092877,0.629178,-0.240201,0.007134,0.739180,-0.008486,0.005230,-0.015976,0.017141,0.017088,0.004025,-0.364080,-0.926725,-0.092877,0.000000,0.000000,0.000000,-1,-0.351395,-0.915512,-0.088959,-0.034088,0.018797,-0.029635,6.680099,182.472061,-549.689819,0,0
0.880000,-1.318978,1.187299,0.982353,0.885360,-0.291256,0.362365,-0.311233,0.207687,0.927362,-0.345358,-0.933829,0.093229,0.629373,-0.239321,0.006755,0.739303,-0.006281,0.026399,-0.017158,0.004806,0.007440,0.006178,-0.362365,-0.927362,-0.093229,0.000000,0.000000,0.000000,-1,-0.359329,-0.919281,-0.090042,-0.026631,0.021953,-0.031835,6.504318,183.702606,-548.851868,0,0
0.920000,-1.318341,1.187846,0.981931,0.885621,-0.291145,0.361814,-0.310724,0.207537,0.927566,-0.345146,-0.933897,0.093333,0.629435,-0.239051,0.006620,0.739339,0.000009,-0.000151,-0.024562,0.001402,0.011780,-0.000188,-0.361814,-0.927566,-0.093333,0.000000,0.000000,0.000000,-1,-0.361603,-0.910461,-0.097443,-0.026683,0.009194,-0.037114,7.734848,181.768906,-549.019409,0,0
0.960000,-1.316624,1.188212,0.980333,0.885858,-0.291031,0.361325,-0.310110,0.207844,0.927703,-0.345089,-0.933864,0.093869,0.629314,-0.238808,0.006450,0.739522,-0.012748,0.012525,-0.028763,-0.001025,0.019454,-0.005817,-0.361325,-0.927703,-0.093869,0.000000,0.000000,0.000000,-1,-0.355972,-0.903214,-0.098953,-0.033047,0.020807,-0.041369,7.031693,183.175232,-550.360107,0,0
1.000000,-1.313055,1.189018,0.977242,0.886432,-0.290599,0.360265,-0.308846,0.208383,0.928003,-0.344750,-0.933878,0.094967,0.629103,-0.238214,0.006165,0.739896,-0.004252,0.012498,-0.032012,0.005193,0.026255,-0.002338,-0.360265,-0.928003,-0.094967,0.000000,0.000000,0.000000,-1,-0.347717,-0.910461,-0.093445,-0.026612,0.032495,-0.037202,7.559067,183.702606,-549.187012,0,0
1.040000,-1.310650,1.189978,0.976360,0.887290,-0.289328,0.359174,-0.307924,0.208157,0.928361,-0.343365,-0.934323,0.095604,0.629192,-0.237309,0.006282,0.740110,0.004412,0.048656,-0.016241,0.009916,0.015534,0.003121,-0.359174,-0.928361,-0.095604,0.000000,0.000000,0.000000,-1,-0.352509,-0.913559,-0.088669,-0.019093,0.048449,-0.029863,6.680099,183.878403,-549.689819,0,0
1.080000,-1.309730,1.190988,0.976574,0.887967,-0.288481,0.358180,-0.307191,0.207565,0.928736,-0.342268,-0.934717,0.095692,0.629426,-0.236593,0.006320,0.740139,-0.002088,0.019940,-0.028868,0.004313,0.016581,0.006902,-0.358180,-0.928736,-0.095692,0.000000,0.000000,0.000000,-1,-0.353470,-0.915543,-0.091904,-0.028762,0.029279,-0.041434,8.086441,181.417313,-548.684265,0,0
1.120000,-1.308658,1.191776,0.976036,0.888412,-0.288114,0.357371,-0.306474,0.207321,0.929027,-0.341756,-0.934884,0.095887,0.629525,-0.236126,0.006201,0.740206,-0.003137,0.023126,-0.027805,0.003901,0.013485,0.003983,-0.357371,-0.929027,-0.095887,0.000000,0.000000,0.000000,-1,-0.353577,-0.919800,-0.096176,-0.020217,0.035661,-0.038328,8.262238,182.999435,-549.857361,0,0
1.160000,-1.307418,1.192821,0.975814,0.889080,-0.287361,0.356314,-0.305624,0.206845,0.929414,-0.340779,-0.935221,0.096077,0.629714,-0.235418,0.006168,0.740271,0.009652,0.025260,-0.025781,0.002737,0.009614,-0.000099,-0.356314,-0.929414,-0.096077,0.000000,0.000000,0.000000,-1,-0.351318,-0.914200,-0.099640,-0.012783,0.029304,-0.038362,7.734848,182.823654,-550.360107,0,0
1.200000,-1.306197,1.193895,0.975487,0.889719,-0.286724,0.355232,-0.304729,0.206384,0.929810,-0.339913,-0.935518,0.096251,0.629897,-0.234742,0.006080,0.740330,0.005365,0.020987,-0.029991,0.003914,0.015610,-0.003389,-0.355232,-0.929810,-0.096251,0.000000,0.000000,0.000000,-1,-0.350723,-0.909027,-0.099335,-0.026631,0.032426,-0.044659,8.262238,181.593109,-550.862915,0,0
1.240000,-1.301660,1.195427,0.971821,0.890658,-0.286048,0.353419,-0.302794,0.206697,0.930372,-0.339182,-0.935656,0.097483,0.629777,-0.233750,0.005652,0.740749,-0.014946,0.007128,-0.040423,0.002192,0.020033,-0.000692,-0.353419,-0.930372,-0.097483,0.000000,0.000000,0.000000,-1,-0.350464,-0.907776,-0.096207,-0.033090,0.014363,-0.050933,7.031693,181.417313,-550.024963,0,0
1.280000,-1.300254,1.196290,0.970532,0.891017,-0.286053,0.352508,-0.301864,0.206634,0.930688,-0.339066,-0.935669,0.097765,0.629805,-0.233373,0.005336,0.740847,-0.001083,0.009302,-0.034142,0.005828,0.020700,0.003817,-0.352508,-0.930688,-0.097765,0.000000,0.000000,0.000000,-1,-0.345871,-0.910812,-0.096268,-0.020273,0.020794,-0.042534,7.559067,182.999435,-549.857361,0,0
1.320000,-1.299700,1.197076,0.970314,0.891371,-0.285885,0.351748,-0.301215,0.206286,0.930976,-0.338713,-0.935797,0.097764,0.629945,-0.232997,0.005173,0.740848,0.001074,0.012537,-0.027775,0.003191,0.018073,0.004518,-0.351748,-0.930976,-0.097764,0.000000,0.000000,0.000000,-1,-0.344482,-0.916321,-0.097198,-0.030922,0.015550,-0.037105,7.383270,182.823654,-550.360107,0,0
1.360000,-1.296428,1.198437,0.967346,0.892025,-0.285741,0.350206,-0.299558,0.206460,0.931472,-0.338463,-0.935803,0.098571,0.629880,-0.232306,0.004661,0.741123,-0.013841,0.007286,-0.023382,0.006243,0.015059,-0.000733,-0.350206,-0.931472,-0.098571,0.000000,0.000000,0.000000,-1,-0.343307,-0.916718,-0.097717,-0.038370,0.015572,-0.034916,6.152725,182.296280,-549.857361,0,0
1.400000,-1.294566,1.198902,0.965568,0.892281,-0.285676,0.349606,-0.298835,0.206746,0.931641,-0.338427,-0.935759,0.099105,0.629768,-0.232034,0.004438,0.741305,-0.020233,0.005179,-0.022258,0.001369,0.012329,0.002166,-0.349606,-0.931641,-0.099105,0.000000,0.000000,0.000000,-1,-0.348328,-0.918488,-0.099823,-0.042673,0.001794,-0.035897,8.438019,182.120483,-550.360107,0,0
1.440000,-1.292812,1.199261,0.963540,0.892398,-0.285915,0.349110,-0.298140,0.207160,0.931771,-0.338729,-0.935594,0.099627,0.629605,-0.231913,0.004122,0.741483,-0.019205,-0.011793,-0.024336,0.000782,0.013283,-0.000196,-0.349110,-0.931771,-0.099627,0.000000,0.000000,0.000000,-1,-0.339691,-0.918350,-0.097702,-0.038426,-0.004532,-0.032710,7.031693,182.472061,-549.019409,0,0
1.480000,-1.291054,1.200059,0.961066,0.892514,-0.286639,0.348219,-0.297017,0.207471,0.932061,-0.339411,-0.935304,0.100034,0.629486,-0.231799,0.003498,0.741623,-0.007454,-0.007460,-0.013792,0.007902,0.013695,-0.000155,-0.348219,-0.932061,-0.100034,0.000000,0.000000,0.000000,-1,-0.338547,-0.915161,-0.099350,-0.030932,0.001899,-0.024270,6.504318,183.351028,-549.857361,0,0
1.520000,-1.289434,1.200707,0.959123,0.892692,-0.286987,0.347476,-0.296118,0.207701,0.932295,-0.339728,-0.935146,0.100431,0.629396,-0.231613,0.003078,0.741759,-0.010652,-0.004320,-0.018044,0.009143,0.019575,-0.001406,-0.347476,-0.932295,-0.100431,0.000000,0.000000,0.000000,-1,-0.339401,-0.916443,-0.096252,-0.037300,0.011404,-0.027452,7.734848,182.120483,-549.354614,0,0
1.560000,-1.287723,1.201112,0.957507,0.892924,-0.286911,0.346941,-0.295474,0.207962,0.932441,-0.339678,-0.935112,0.100920,0.629294,-0.231364,0.002885,0.741924,-0.016985,0.011599,-0.014861,0.007540,0.015999,0.004667,-0.346941,-0.932441,-0.100920,0.000000,0.000000,0.000000,-1,-0.344940,-0.912308,-0.099884,-0.034129,0.006078,-0.030652,8.613815,183.351028,-550.192566,0,0
1.600000,-1.285800,1.201567,0.955068,0.893007,-0.287381,0.346339,-0.294619,0.208437,0.932606,-0.340203,-0.934862,0.101468,0.629107,-0.231280,0.002438,0.742110,-0.014893,-0.011719,-0.015829,0.000498,0.014591,0.003369,-0.346339,-0.932606,-0.101468,0.000000,0.000000,0.000000,-1,-0.339890,-0.917999,-0.098663,-0.041606,-0.003433,-0.028428,6.855896,181.944687,-549.187012,0,0
1.640000,-1.284631,1.202021,0.953490,0.893079,-0.287789,0.345814,-0.293945,0.208657,0.932769,-0.340597,-0.934687,0.101753,0.629021,-0.231206,0.002074,0.742208,-0.015952,-0.007512,-0.019034,0.008809,0.017730,-0.000359,-0.345814,-0.932769,-0.101753,0.000000,0.000000,0.000000,-1,-0.337402,-0.910553,-0.098572,-0.043740,-0.001354,-0.032681,8.965393,182.296280,-551.868408,0,0
1.680000,-1.282582,1.202428,0.951128,0.893212,-0.288065,0.345241,-0.293142,0.209130,0.932916,-0.340941,-0.934496,0.102353,0.628834,-0.231065,0.001709,0.742411,-0.030827,0.005172,-0.022162,0.009303,0.025980,0.006681,-0.345241,-0.932916,-0.102353,0.000000,0.000000,0.000000,-1,-0.340942,-0.918900,-0.087814,-0.055354,0.028335,-0.029506,9.141190,181.417313,-550.024963,0,0
1.720000,-1.278579,1.202919,0.947063,0.893544,-0.288055,0.344390,-0.291917,0.210052,0.933093,-0.341122,-0.934292,0.103603,0.628468,-0.230709,0.001300,0.742832,-0.053159,-0.003379,-0.026118,-0.006395,0.016284,0.012904,-0.344390,-0.933093,-0.103603,0.000000,0.000000,0.000000,-1,-0.351608,-0.911392,-0.091614,-0.085264,0.003893,-0.038770,8.438019,181.768906,-551.030518,0,0
1.760000,-1.274586,1.202519,0.942444,0.893464,-0.288372,0.344330,-0.291246,0.211618,0.932949,-0.341903,-0.933841,0.105086,0.627846,-0.230796,0.000967,0.743332,-0.086167,-0.002355,-0.030114,-0.002685,0.032253,0.011915,-0.344330,-0.932949,-0.105086,0.000000,0.000000,0.000000,-1,-0.340790,-0.890945,-0.093689,-0.121486,0.004873,-0.048081,8.613815,183.702606,-549.857361,0,0
1.800000,-1.267463,1.202210,0.934481,0.893520,-0.288774,0.343848,-0.289784,0.214101,0.932838,-0.342997,-0.933151,0.107622,0.626857,-0.230738,0.000339,0.744185,-0.116014,-0.002498,-0.045851,0.003058,0.041892,0.013933,-0.343848,-0.932838,-0.107622,0.000000,0.000000,0.000000,-1,-0.339813,-0.888123,-0.105255,-0.150242,0.020560,-0.070289,9.316986,182.647858,-550.527710,0,0
1.840000,-1.249166,1.202319,0.915751,0.894430,-0.288477,0.341725,-0.285642,0.219429,0.932877,-0.344098,-0.932004,0.113863,0.624728,-0.229748,-0.000950,0.746278,-0.151113,0.046853,-0.092617,0.001805,0.048142,0.005067,-0.341725,-0.932877,-0.113863,0.000000,0.000000,0.000000,-1,-0.340485,-0.869858,-0.121353,-0.185353,0.068836,-0.119202,7.559067,182.296280,-550.527710,0,0
1.880000,-1.223671,1.203015,0.891826,0.896505,-0.286297,0.338100,-0.279806,0.225792,0.933127,-0.343492,-0.931156,0.122316,0.622173,-0.227470,-0.002166,0.749102,-0.217110,0.099335,-0.145542,0.004299,0.067222,0.001299,-0.338100,-0.933127,-0.122316,0.000000,0.000000,0.000000,-1,-0.309647,-0.870956,-0.125900,-0.265212,0.112827,-0.174144,8.086441,181.417313,-551.365662,0,0
1.920000,-1.196405,1.204783,0.865879,0.898915,-0.284593,0.333104,-0.272596,0.231906,0.933762,-0.342991,-0.930175,0.130884,0.619703,-0.224781,-0.003989,0.751948,-0.286410,0.093527,-0.193833,0.023457,0.062805,0.004984,-0.333104,-0.933762,-0.130884,0.000000,0.000000,0.000000,-1,-0.286163,-0.883957,-0.133926,-0.321790,0.117536,-0.238708,7.734848,180.714142,-551.365662,0,0
1.960000,-1.127596,1.211778,0.800774,0.905718,-0.280938,0.317409,-0.252236,0.244596,0.936242,-0.340663,-0.928034,0.150672,0.614502,-0.216913,-0.009461,0.758450,-0.321499,0.186924,-0.288738,0.037822,0.032586,0.011100,-0.317409,-0.936242,-0.150673,0.000000,0.000000,0.000000,-1,-0.280548,-0.919220,-0.144577,-0.341877,0.230130,-0.318873,7.910645,180.186768,-552.203613,0,0
2.000000,-1.086346,1.216207,0.764458,0.910536,-0.276623,0.307253,-0.240317,0.250598,0.937789,-0.336411,-0.927728,0.161701,0.612012,-0.211164,-0.011911,0.762043,-0.303291,0.267961,-0.344579,0.022707,0.012160,0.015461,-0.307253,-0.937789,-0.161701,0.000000,0.000000,0.000000,-1,-0.304794,-0.933578,-0.154343,-0.323759,0.280462,-0.373534,8.789612,181.065735,-552.036011,0,0
2.040000,-1.027661,1.223716,0.712615,0.917406,-0.271234,0.291203,-0.222397,0.257379,0.940370,-0.330010,-0.927463,0.175799,0.609144,-0.202592,-0.015927,0.766581,-0.309969,0.217649,-0.401868,-0.007931,0.007478,0.012255,-0.291203,-0.940370,-0.175799,0.000000,0.000000,0.000000,-1,-0.286652,-0.942474,-0.174911,-0.344321,0.203834,-0.413569,9.492767,180.362564,-553.376709,0,0
2.080000,-0.965338,1.230353,0.654835,0.923439,-0.268108,0.274551,-0.203358,0.264837,0.942607,-0.325431,-0.926272,0.190039,0.605922,-0.194524,-0.020993,0.771089,-0.306834,0.189161,-0.390070,0.007583,-0.009511,-0.006037,-0.274551,-0.942607,-0.190039,0.000000,0.000000,0.000000,-1,-0.242813,-0.949402,-0.214828,-0.311265,0.205053,-0.395720,10.899109,180.362564,-555.052612,0,0
2.120000,-0.921349,1.234939,0.614793,0.927713,-0.265428,0.262483,-0.190098,0.269231,0.944128,-0.321266,-0.925777,0.199312,0.603981,-0.188551,-0.024332,0.773992,-0.241756,0.224185,-0.381118,0.028428,0.004263,-0.026961,-0.262483,-0.944128,-0.199312,0.000000,0.000000,0.000000,-1,-0.220078,-0.949677,-0.235062,-0.254693,0.243266,-0.385649,12.129654,178.780441,-557.231262,0,0
2.160000,-0.862095,1.240536,0.563084,0.933727,-0.259881,0.246203,-0.173105,0.274224,0.945958,-0.313351,-0.925885,0.211063,0.601756,-0.179884,-0.027897,0.777659,-0.217013,0.282761,-0.346382,0.026263,-0.011501,-0.020702,-0.246203,-0.945958,-0.211063,0.000000,0.000000,0.000000,-1,-0.223892,-0.950180,-0.210526,-0.226777,0.299630,-0.360509,11.074905,178.780441,-555.890564,0,0
2.200000,-0.792126,1.247487,0.503986,0.940964,-0.251873,0.226158,-0.153427,0.278204,0.948189,-0.301741,-0.926910,0.223135,0.599922,-0.168897,-0.031497,0.781393,-0.176604,0.259520,-0.339159,-0.005104,0.003335,0.019232,-0.226158,-0.948189,-0.223135,0.000000,0.000000,0.000000,-1,-0.209351,-0.976624,-0.212845,-0.200241,0.252189,-0.336034,11.250687,179.132019,-555.890564,0,0
2.240000,-0.742401,1.251860,0.461303,0.945576,-0.246880,0.211983,-0.139569,0.280781,0.949570,-0.293951,-0.927476,0.231043,0.598697,-0.161371,-0.034228,0.783805,-0.127651,0.218556,-0.301040,0.010124,-0.027725,0.008891,-0.211983,-0.949570,-0.231043,0.000000,0.000000,0.000000,-1,-0.202225,-0.948792,-0.225967,-0.127930,0.214130,-0.326864,12.481232,178.077271,-556.896118,0,0
2.280000,-0.697431,1.257270,0.421989,0.949482,-0.243410,0.198079,-0.126319,0.281359,0.951252,-0.287276,-0.928218,0.236398,0.598273,-0.154498,-0.037272,0.785372,-0.120441,0.166319,-0.337119,-0.006541,0.024509,0.011438,-0.198079,-0.951252,-0.236398,0.000000,0.000000,0.000000,-1,-0.192688,-0.922638,-0.231369,-0.166624,0.132153,-0.373131,13.711777,177.549896,-558.069214,0,0
2.320000,-0.634533,1.262148,0.361584,0.953070,-0.243371,0.180076,-0.107461,0.284129,0.952745,-0.283036,-0.927384,0.244642,0.596720,-0.146984,-0.043136,0.787693,-0.180394,0.080286,-0.364020,-0.000939,0.038637,0.007871,-0.180076,-0.952745,-0.244642,0.000000,0.000000,0.000000,-1,-0.171677,-0.908768,-0.238434,-0.200781,0.095190,-0.362075,15.293915,177.022522,-557.231262,0,0
2.360000,-0.596558,1.264027,0.324821,0.954936,-0.243549,0.169652,-0.096374,0.286189,0.953314,-0.280731,-0.926704,0.249820,0.595594,-0.142682,-0.046626,0.789136,-0.126940,0.118786,-0.323031,0.002370,0.043478,0.006748,-0.169652,-0.953314,-0.249820,0.000000,0.000000,0.000000,-1,-0.151260,-0.906601,-0.264221,-0.122804,0.144275,-0.321316,15.118118,177.901474,-558.404419,0,0
2.400000,-0.551722,1.267759,0.283487,0.957560,-0.242099,0.156419,-0.083470,0.286509,0.954434,-0.275883,-0.926984,0.254142,0.595170,-0.136755,-0.050181,0.790287,-0.064103,0.117823,-0.311797,0.012131,0.063428,-0.010339,-0.156419,-0.954434,-0.254142,0.000000,0.000000,0.000000,-1,-0.139511,-0.892105,-0.265274,-0.147389,0.112507,-0.321006,16.524460,176.143555,-558.069214,0,0
2.440000,-0.491377,1.268818,0.226349,0.960294,-0.241129,0.140330,-0.066745,0.289823,0.954750,-0.270889,-0.926207,0.262221,0.593348,-0.129719,-0.055010,0.792518,-0.189650,0.134981,-0.291712,0.009638,0.041664,-0.008714,-0.140330,-0.954750,-0.262221,0.000000,0.000000,0.000000,-1,-0.128647,-0.920258,-0.268784,-0.230189,0.168958,-0.288616,17.227615,175.791977,-558.739563,0,0
2.480000,-0.453141,1.266422,0.191760,0.962199,-0.238660,0.131204,-0.057118,0.294203,0.954035,-0.266291,-0.925465,0.269450,0.591301,-0.125054,-0.057114,0.794646,-0.245818,0.182061,-0.241386,0.007272,0.012491,0.002574,-0.131204,-0.954035,-0.269450,0.000000,0.000000,0.000000,-1,-0.131714,-0.966064,-0.263763,-0.286484,0.173662,-0.239192,16.876038,175.791977,-560.080261,0,0
2.520000,-0.419707,1.262274,0.161302,0.963709,-0.236549,0.123736,-0.048767,0.299709,0.952783,-0.262465,-0.924240,0.277297,0.588792,-0.121145,-0.058904,0.796981,-0.281056,0.125111,-0.215330,-0.007856,-0.020468,0.016005,-0.123736,-0.952783,-0.277297,0.000000,0.000000,0.000000,-1,-0.132538,-0.996262,-0.258209,-0.297354,0.085914,-0.221734,16.348663,175.264603,-560.583008,0,0
2.560000,-0.374270,1.255578,0.117084,0.965005,-0.236470,0.113342,-0.036216,0.307901,0.950729,-0.259717,-0.921563,0.288562,0.584923,-0.116548,-0.062561,0.800230,-0.188595,0.044805,-0.192307,-0.014129,-0.039155,0.027988,-0.113342,-0.950729,-0.288562,0.000000,0.000000,0.000000,-1,-0.109344,-0.976837,-0.257645,-0.189844,0.052270,-0.192612,16.876038,176.143555,-562.426514,0,0
2.600000,-0.345770,1.252767,0.088939,0.965690,-0.237088,0.105979,-0.027774,0.311459,0.949853,-0.258207,-0.920208,0.294188,0.583104,-0.113557,-0.065266,0.801770,-0.165081,0.050308,-0.169075,0.001411,-0.020422,0.033309,-0.105979,-0.949853,-0.294188,0.000000,0.000000,0.000000,-1,-0.090317,-0.965103,-0.267227,-0.181312,0.049179,-0.183079,17.579208,176.143555,-561.420959,0,0
2.640000,-0.325135,1.251324,0.068429,0.966127,-0.237770,0.100324,-0.021474,0.313330,0.949401,-0.257174,-0.919396,0.297611,0.582062,-0.111347,-0.067368,0.802662,-0.126795,0.032281,-0.170378,0.016294,-0.012360,0.033481,-0.100324,-0.949401,-0.297611,0.000000,0.000000,0.000000,-1,-0.075226,-0.953659,-0.273636,-0.135580,0.035360,-0.187643,17.755005,176.670929,-562.594116,0,0
2.680000,-0.293518,1.250547,0.036316,0.966571,-0.239676,0.091079,-0.011430,0.314596,0.949157,-0.256143,-0.918469,0.301932,0.580932,-0.107482,-0.071691,0.803633,-0.059757,0.011140,-0.164437,0.018443,0.006252,0.015921,-0.089457,-0.949123,-0.301932,0.000000,0.000000,0.000000,-1,-0.075043,-0.953796,-0.281799,-0.075916,0.029207,-0.164646,17.579208,175.088806,-560.750610,0,0
2.720000,-0.277514,1.250930,0.020085,0.966769,-0.240701,0.086146,-0.006315,0.314377,0.949277,-0.255574,-0.918276,0.302409,0.580944,-0.106300,-0.072911,0.803672,-0.047937,0.026171,-0.142219,0.011103,-0.004519,0.020610,-0.086146,-0.949277,-0.302409,0.000000,0.000000,0.000000,-1,-0.075165,-0.954346,-0.296341,-0.071615,0.028314,-0.146565,18.633957,174.034058,-561.756165,0,0
2.760000,-0.260180,1.250681,0.002235,0.966887,-0.242026,0.080952,-0.000703,0.314675,0.949199,-0.255204,-0.917825,0.304085,0.580544,-0.104526,-0.075038,0.803997,-0.053296,-0.003296,-0.121829,0.005787,-0.005146,0.007744,-0.080952,-0.949199,-0.304085,0.000000,0.000000,0.000000,-1,-0.060547,-0.951797,-0.305344,-0.091808,0.022171,-0.124014,18.985535,174.737213,-561.756165,0,0
2.800000,-0.228915,1.248163,-0.026717,0.967817,-0.241153,0.071949,0.008470,0.316952,0.948404,-0.251514,-0.917272,0.308793,0.579239,-0.100426,-0.077501,0.805227,-0.082777,0.084893,-0.093199,0.011295,0.018350,0.007356,-0.071949,-0.948404,-0.308793,0.000000,0.000000,0.000000,-1,-0.060684,-0.929855,-0.294098,-0.108619,0.078517,-0.101723,19.688705,176.495132,-561.756165,0,0
2.840000,-0.216366,1.247227,-0.037897,0.968271,-0.240399,0.068259,0.012047,0.317724,0.948107,-0.249611,-0.917202,0.310539,0.578793,-0.098633,-0.078332,0.805688,-0.089209,0.042483,-0.085312,0.010748,0.014070,0.020302,-0.068259,-0.948107,-0.310539,0.000000,0.000000,0.000000,-1,-0.047089,-0.939728,-0.301880,-0.108745,0.034062,-0.098359,20.216080,175.616180,-561.923706,0,0
2.880000,-0.203208,1.246374,-0.050970,0.968407,-0.240936,0.064330,0.016240,0.318347,0.947835,-0.248847,-0.916845,0.312202,0.578329,-0.097132,-0.079763,0.806064,-0.054215,-0.007293,-0.084350,0.021987,0.002874,0.003563,-0.064330,-0.947835,-0.312202,0.000000,0.000000,0.000000,-1,-0.029282,-0.920410,-0.310455,-0.069312,0.035240,-0.084820,21.270844,175.264603,-562.929260,0,0
2.920000,-0.170469,1.244324,-0.080539,0.969384,-0.239448,0.054406,0.025801,0.319664,0.947179,-0.244192,-0.916777,0.316055,0.577422,-0.092500,-0.082170,0.807017,-0.069766,0.130452,-0.080542,0.038048,0.027731,0.009873,-0.054406,-0.947179,-0.316055,0.000000,0.000000,0.000000,-1,-0.019287,-0.915070,-0.302383,-0.094478,0.170737,-0.093656,19.864502,174.913010,-562.594116,0,0
2.960000,-0.152987,1.243409,-0.093169,0.970609,-0.235619,0.049005,0.029917,0.320175,0.946886,-0.238795,-0.917590,0.317814,0.577196,-0.089095,-0.082204,0.807558,-0.079163,0.173011,-0.060411,0.016961,0.017549,0.026753,-0.049004,-0.946886,-0.317814,0.000000,0.000000,0.000000,-1,-0.078934,-0.941162,-0.286087,-0.106149,0.166701,-0.072244,18.106583,173.155090,-562.594116,0,0
3.000000,-0.147314,1.242802,-0.095688,0.971368,-0.232828,0.047285,0.030778,0.320671,0.946690,-0.235579,-0.918129,0.318655,0.577070,-0.087533,-0.081573,0.807882,-0.083731,0.073328,-0.072770,-0.031649,0.005528,0.032568,-0.047285,-0.946690,-0.318655,0.000000,0.000000,0.000000,-1,-0.055664,-0.950638,-0.313995,-0.096021,0.019202,-0.101598,21.446625,174.737213,-562.426514,0,0
3.040000,-0.135687,1.240061,-0.106947,0.971491,-0.232971,0.043928,0.034664,0.322883,0.945804,-0.234528,-0.917317,0.321753,0.575946,-0.086079,-0.082734,0.808722,-0.092292,0.050094,-0.065149,-0.005801,0.002689,0.004981,-0.043928,-0.945804,-0.321753,0.000000,0.000000,0.000000,-1,-0.039703,-0.935608,-0.330734,-0.149954,0.106459,-0.058894,20.216080,175.967758,-561.923706,0,0
3.080000,-0.124188,1.235249,-0.114833,0.972362,-0.229889,0.040788,0.037730,0.327117,0.944230,-0.230411,-0.916594,0.326750,0.574129,-0.083674,-0.082570,0.810282,-0.143036,0.131056,-0.016058,0.012987,0.009401,-0.000124,-0.040788,-0.944230,-0.326750,0.000000,0.000000,0.000000,-1,-0.009094,-0.940491,-0.318771,-0.162484,0.151360,-0.014222,20.216080,173.858261,-563.599609,0,0
3.120000,-0.118768,1.231311,-0.115742,0.973409,-0.225649,0.039457,0.038456,0.330774,0.942926,-0.225822,-0.916336,0.330656,0.572708,-0.081714,-0.081353,0.811609,-0.123670,0.169496,0.017738,0.030363,0.002435,0.011885,-0.039457,-0.942926,-0.330656,0.000000,0.000000,0.000000,-1,-0.010864,-0.951569,-0.308212,-0.137823,0.186552,0.012088,20.919250,174.913010,-563.599609,0,0
3.160000,-0.111352,1.227217,-0.116401,0.974930,-0.219339,0.037432,0.039122,0.334580,0.941555,-0.219044,-0.916486,0.334773,0.571309,-0.078861,-0.079471,0.813063,-0.103541,0.125117,0.029457,0.026568,-0.010014,0.026561,-0.037432,-0.941555,-0.334773,0.000000,0.000000,0.000000,-1,-0.058502,-0.961731,-0.317093,-0.113670,0.071148,0.017660,19.512924,174.561432,-564.605164,0,0
3.200000,-0.115313,1.224147,-0.110044,0.975466,-0.216651,0.039091,0.037312,0.337694,0.940516,-0.216965,-0.915983,0.337492,0.570149,-0.078637,-0.077995,0.814041,-0.047388,0.005673,0.057175,-0.038165,-0.036992,0.006941,-0.039091,-0.940516,-0.337492,0.000000,0.000000,0.000000,-1,-0.069687,-0.976364,-0.339722,-0.055159,0.019630,0.060012,20.567673,174.561432,-564.605164,0,0
3.240000,-0.123152,1.223328,-0.101406,0.975636,-0.215372,0.041830,0.034472,0.338769,0.940238,-0.216672,-0.915888,0.337940,0.569852,-0.079363,-0.076705,0.814301,-0.013140,0.023062,0.105855,-0.023158,-0.037668,-0.001599,-0.041830,-0.940238,-0.337940,0.000000,0.000000,0.000000,-1,-0.059021,-0.963287,-0.337830,-0.039004,0.037065,0.113088,19.337128,174.034058,-564.437561,0,0
3.280000,-0.146800,1.221689,-0.075598,0.976038,-0.211771,0.050034,0.025834,0.341082,0.939678,-0.216062,-0.915869,0.338380,0.569336,-0.081646,-0.072904,0.814785,0.002924,-0.017461,0.191112,-0.008499,-0.025303,0.022127,-0.050034,-0.939678,-0.338380,0.000000,0.000000,0.000000,-1,-0.059082,-0.959885,-0.309784,-0.000660,-0.024685,0.193986,20.040298,175.088806,-563.432007,0,0
3.320000,-0.167550,1.222743,-0.055215,0.975842,-0.210942,0.056879,0.018822,0.340549,0.940039,-0.217664,-0.916259,0.336292,0.569869,-0.084282,-0.070536,0.814353,0.057162,-0.075365,0.230328,-0.016989,-0.014063,0.044956,-0.056879,-0.940039,-0.336292,0.000000,0.000000,0.000000,-1,-0.096222,-0.952393,-0.281891,0.042864,-0.097441,0.230142,19.864502,175.967758,-564.605164,0,0
3.360000,-0.205724,1.224882,-0.021624,0.974529,-0.213298,0.069261,0.007331,0.338978,0.940766,-0.224141,-0.916296,0.331907,0.570886,-0.090196,-0.067824,0.813236,0.080208,-0.231842,0.261640,-0.036009,-0.009353,0.048628,-0.069261,-0.940766,-0.331907,0.000000,0.000000,0.000000,-1,-0.121323,-0.957291,-0.289597,0.060348,-0.321757,0.255350,18.106583,174.913010,-562.929260,0,0
3.400000,-0.266931,1.226396,0.024534,0.970385,-0.224546,0.089058,-0.008283,0.337531,0.941278,-0.241420,-0.914140,0.325675,0.571660,-0.101821,-0.066631,0.811417,0.076554,-0.405359,0.282576,-0.055992,-0.013342,0.022560,-0.089058,-0.941278,-0.325675,0.000000,0.000000,0.000000,-1,-0.156448,-0.946060,-0.322403,0.043076,-0.416888,0.276082,17.755005,174.209839,-562.929260,0,0
3.440000,-0.308325,1.225272,0.054242,0.966922,-0.233449,0.102780,-0.018362,0.338192,0.940898,-0.254411,-0.911662,0.322719,0.571404,-0.110172,-0.066341,0.810530,0.037057,-0.441344,0.285166,-0.059772,0.000255,-0.011372,-0.102780,-0.940898,-0.322719,0.000000,0.000000,0.000000,-1,-0.183380,-0.906601,-0.373169,-0.000676,-0.437138,0.261582,17.579208,175.440384,-561.756165,0,0
3.480000,-0.346424,1.221108,0.079735,0.963012,-0.243056,0.116327,-0.027289,0.341517,0.939479,-0.268074,-0.907904,0.322252,0.569922,-0.118588,-0.066565,0.810367,-0.005798,-0.475762,0.228125,-0.067053,0.032878,-0.050917,-0.116327,-0.939479,-0.322252,0.000000,0.000000,0.000000,-1,-0.216843,-0.807785,-0.342255,-0.070339,-0.491172,0.144074,18.106583,175.264603,-561.588562,0,0
3.520000,-0.378998,1.216886,0.092916,0.957229,-0.259364,0.128227,-0.032155,0.345073,0.938025,-0.287537,-0.902028,0.321974,0.567931,-0.128325,-0.070128,0.809981,-0.116024,-0.533307,0.073659,-0.088616,0.130240,-0.020281,-0.128227,-0.938025,-0.321974,0.000000,0.000000,0.000000,-1,-0.241150,-0.769775,-0.310776,-0.229770,-0.635427,0.004164,17.227615,174.737213,-560.750610,0,0
3.560000,-0.405304,1.206440,0.083336,0.946460,-0.290640,0.140507,-0.029662,0.355111,0.934353,-0.321456,-0.888496,0.327477,0.562110,-0.142455,-0.080478,0.810717,-0.253494,-0.866513,0.003532,-0.113857,0.133877,0.006600,-0.140507,-0.934353,-0.327477,0.000000,0.000000,0.000000,-1,-0.239639,-0.838104,-0.357666,-0.231689,-0.899369,-0.018269,16.524460,175.088806,-561.420959,0,0
3.600000,-0.425602,1.202398,0.076705,0.937627,-0.314242,0.148683,-0.027596,0.359063,0.932905,-0.346545,-0.878821,0.327995,0.559144,-0.152840,-0.088466,0.810044,-0.067132,-0.813016,-0.049249,-0.085173,0.076353,-0.043297,-0.148683,-0.932905,-0.327995,0.000000,0.000000,0.000000,-1,-0.225494,-0.880539,-0.410370,0.028006,-0.480078,-0.143302,17.227615,174.034058,-560.750610,0,0
3.640000,-0.434362,1.203316,0.066175,0.931124,-0.331889,0.151190,-0.023757,0.358479,0.933236,-0.363929,-0.872549,0.325903,0.558288,-0.159258,-0.095264,0.808626,0.019490,-0.199108,-0.206672,-0.077844,0.043541,-0.083459,-0.151190,-0.933235,-0.325903,0.000000,0.000000,0.000000,-1,-0.236679,-0.947525,-0.386063,-0.210529,-0.069851,-0.227150,18.282379,172.979294,-563.096863,0,0
3.680000,-0.406720,1.194223,0.031167,0.929441,-0.339081,0.145476,-0.011459,0.367558,0.929930,-0.368793,-0.865982,0.337738,0.553206,-0.158413,-0.100919,0.811594,-0.382667,-0.099335,-0.191115,-0.126527,-0.057466,0.049545,-0.145476,-0.929930,-0.337738,0.000000,0.000000,0.000000,-1,-0.284531,-0.962982,-0.242889,-0.358660,-0.132096,-0.203396,20.216080,174.561432,-561.923706,0,0
3.720000,-0.403141,1.190368,0.020617,0.927147,-0.345221,0.145672,-0.007655,0.371240,0.928506,-0.374619,-0.861977,0.341551,0.550989,-0.160110,-0.103880,0.812394,-0.072891,-0.191904,-0.114294,-0.138615,-0.018882,0.103270,-0.145672,-0.928505,-0.341551,0.000000,0.000000,0.000000,-1,-0.270844,-0.915787,-0.273849,0.206082,-0.131681,-0.033064,18.985535,175.440384,-562.426514,0,0
3.760000,-0.431367,1.203272,0.042106,0.924014,-0.351608,0.150230,-0.015124,0.358987,0.933220,-0.382058,-0.864581,0.326392,0.556470,-0.164758,-0.104151,0.807681,0.335303,-0.103724,-0.075120,-0.115654,0.013100,0.041373,-0.150230,-0.933220,-0.326392,0.000000,0.000000,0.000000,-1,-0.237442,-0.924606,-0.277954,0.279255,-0.128596,-0.156155,18.633957,174.034058,-561.420959,0,0
3.800000,-0.438163,1.216367,0.039500,0.920540,-0.361836,0.147247,-0.013705,0.346784,0.937845,-0.390409,-0.865341,0.314270,0.561134,-0.167313,-0.108335,0.803367,0.226385,-0.324593,-0.365302,-0.079269,0.012475,0.045471,-0.147247,-0.937845,-0.314270,0.000000,0.000000,0.000000,-1,-0.234589,-0.942245,-0.224243,0.233133,-0.364186,-0.435094,19.512924,177.022522,-559.577515,0,0
3.840000,-0.432014,1.231174,0.021705,0.916478,-0.374983,0.139482,-0.007230,0.333052,0.942881,-0.400019,-0.865138,0.302524,0.565885,-0.168856,-0.115101,0.798758,0.419122,-0.219901,-0.492870,-0.095107,0.000635,0.078281,-0.139482,-0.942881,-0.302524,0.000000,0.000000,0.000000,-1,-0.275757,-1.006760,-0.251663,0.610501,0.150333,-0.453798,20.919250,174.561432,-559.577515,0,0
3.880000,-0.411444,1.275348,0.007406,0.919353,-0.375807,0.116448,-0.002156,0.291161,0.956672,-0.393429,-0.879770,0.266869,0.583379,-0.161972,-0.118697,0.786985,0.626088,0.070198,-0.264244,-0.106178,-0.040231,0.001824,-0.116448,-0.956672,-0.266869,0.000000,0.000000,0.000000,-1,-0.171860,-0.961411,-0.253586,0.539291,-0.003135,-0.214039,20.743454,174.737213,-558.739563,0,0
3.920000,-0.412468,1.281527,0.008566,0.919392,-0.376355,0.114350,-0.002443,0.285242,0.958453,-0.393336,-0.881473,0.261329,0.585837,-0.161648,-0.119055,0.785169,0.563174,-0.011828,-0.201660,-0.080520,-0.021955,-0.004555,-0.114350,-0.958453,-0.261329,0.000000,0.000000,0.000000,-1,-0.202484,-0.944534,-0.201019,0.374152,-0.106121,-0.129277,23.907715,175.440384,-556.728516,0,0
3.960000,-0.438582,1.301116,0.025662,0.915559,-0.385942,0.113138,-0.006836,0.266336,0.963856,-0.402125,-0.883241,0.241208,0.593299,-0.165506,-0.121771,0.778316,0.306061,-0.296478,-0.062215,-0.143682,0.025547,0.078259,-0.113138,-0.963856,-0.241208,0.000000,0.000000,0.000000,-1,-0.247528,-0.972168,-0.141846,0.324175,-0.249348,0.072993,22.325592,174.561432,-556.225708,0,0
4.000000,-0.545901,1.315221,0.121290,0.909159,-0.395226,0.131252,-0.030587,0.250945,0.967518,-0.415325,-0.883642,0.216060,0.600449,-0.177290,-0.118276,0.770740,0.331750,-0.150791,0.233290,-0.050877,-0.008724,-0.010732,-0.131252,-0.967518,-0.216060,0.000000,0.000000,0.000000,-1,-0.153946,-1.007095,-0.231857,0.261197,-0.099358,0.256155,23.204544,175.791977,-554.047119,0,0
4.040000,-0.589951,1.316161,0.166366,0.908650,-0.393341,0.140133,-0.041713,0.248414,0.967755,-0.415469,-0.885197,0.209314,0.602271,-0.180589,-0.114291,0.769152,0.143409,0.139544,0.357239,0.026348,-0.126071,-0.039572,-0.140133,-0.967755,-0.209314,0.000000,0.000000,0.000000,-1,-0.108093,-1.153076,-0.287399,0.059195,0.252391,0.377850,21.973999,177.374100,-554.885010,0,0
4.080000,-0.620566,1.310565,0.206071,0.911314,-0.383562,0.149621,-0.052649,0.251860,0.966330,-0.408332,-0.888508,0.209330,0.602105,-0.181119,-0.107419,0.770147,-0.041480,0.264559,0.357139,0.038537,-0.202417,-0.085699,-0.149621,-0.966330,-0.209330,0.000000,0.000000,0.000000,-1,-0.095001,-1.214020,-0.250198,-0.235658,0.041445,0.239239,22.149796,176.846725,-554.382263,0,0
4.120000,-0.634953,1.297684,0.221219,0.910803,-0.380582,0.159987,-0.059184,0.263156,0.962936,-0.408578,-0.886513,0.217159,0.598015,-0.183844,-0.103923,0.773162,-0.256045,-0.194862,0.266777,0.064986,-0.251084,-0.033039,-0.159987,-0.962936,-0.217159,0.000000,0.000000,0.000000,-1,-0.049835,-1.014069,-0.251785,-0.155651,-0.300234,0.287839,21.798218,176.846725,-555.387817,0,0
4.160000,-0.679462,1.287946,0.250043,0.903029,-0.392150,0.175375,-0.069060,0.270414,0.960264,-0.423992,-0.879258,0.217110,0.594875,-0.193827,-0.104483,0.773071,0.123316,-0.449095,0.270085,0.126990,0.016813,-0.055183,-0.175375,-0.960264,-0.217110,0.000000,0.000000,0.000000,-1,-0.076309,-0.758423,-0.257507,0.164101,-0.474782,0.202918,21.798218,177.901474,-555.387817,0,0
4.200000,-0.732245,1.290716,0.284020,0.893918,-0.408359,0.184806,-0.077461,0.265358,0.961033,-0.441487,-0.873400,0.205576,0.596444,-0.203632,-0.107588,0.768904,0.192935,-0.464099,0.023512,0.110801,0.256840,-0.025228,-0.184806,-0.961033,-0.205576,0.000000,0.000000,0.000000,-1,-0.018784,-0.601868,-0.172684,0.062741,0.030069,-0.068780,23.380341,177.374100,-553.879517,0,0
4.240000,-0.717498,1.293937,0.274612,0.896729,-0.404448,0.179719,-0.074121,0.263094,0.961919,-0.436329,-0.875901,0.205946,0.597430,-0.200262,-0.107381,0.769053,-0.184152,0.346533,-0.173687,0.191666,0.325780,0.022047,-0.179719,-0.961919,-0.205946,0.000000,0.000000,0.000000,-1,0.064941,-0.707596,-0.123001,-0.326897,0.239826,-0.300915,21.270844,177.022522,-553.879517,0,0
