0.000000,-1.434872,0.505644,0.448069,0.330036,-0.373825,0.866793,-0.379013,0.788501,0.484371,-0.864538,-0.488386,0.118549,0.325187,-0.578774,0.001734,0.747845,0.005457,-0.003311,0.002955,0.010730,0.006191,0.001422,-0.866793,-0.484371,-0.118549,0.000000,0.000000,0.000000,-1,-0.856857,-0.478973,-0.116592,-0.017038,0.006280,-0.008414,7.559067,230.814865,-585.050903,0,0
0.040000,-1.435215,0.505469,0.448383,0.329791,-0.373752,0.866918,-0.379297,0.788458,0.484218,-0.864506,-0.488510,0.118263,0.325219,-0.578879,0.001854,0.747749,0.006521,-0.004361,0.004017,0.006155,0.005504,0.000816,-0.866918,-0.484218,-0.118263,0.000000,0.000000,0.000000,-1,-0.860764,-0.478714,-0.117447,-0.017041,0.006270,-0.009479,8.613815,230.463272,-587.732361,0,0
0.080000,-1.435491,0.505386,0.448613,0.329608,-0.373747,0.866990,-0.379496,0.788407,0.484146,-0.864489,-0.488598,0.118030,0.325258,-0.578958,0.001923,0.747671,0.006522,-0.002264,0.001880,0.007905,0.007568,0.001575,-0.866990,-0.484146,-0.118030,0.000000,0.000000,0.000000,-1,-0.857666,-0.473877,-0.115494,-0.015978,0.006260,-0.010553,10.195938,229.935898,-586.224060,0,0
0.120000,-1.435769,0.505200,0.448889,0.329400,-0.373646,0.867112,-0.379753,0.788384,0.483983,-0.864455,-0.488712,0.117801,0.325275,-0.579047,0.002042,0.747594,0.005451,-0.000129,0.003993,0.008668,0.006611,0.003970,-0.867112,-0.483983,-0.117801,0.000000,0.000000,0.000000,-1,-0.858170,-0.478226,-0.114700,-0.014902,0.008398,-0.008438,9.141190,231.693817,-585.888855,0,0
0.160000,-1.436357,0.504981,0.449477,0.329029,-0.373568,0.867287,-0.380263,0.788256,0.483790,-0.864373,-0.488978,0.117305,0.325372,-0.579207,0.002239,0.747427,0.003300,-0.006494,0.002969,0.008186,0.005092,0.000438,-0.867287,-0.483790,-0.117305,0.000000,0.000000,0.000000,-1,-0.857986,-0.476517,-0.115189,-0.022374,0.003094,-0.009426,8.438019,231.342239,-586.224060,0,0
0.200000,-1.436551,0.504814,0.449585,0.328839,-0.373498,0.867389,-0.380383,0.788287,0.483645,-0.864392,-0.488982,0.117148,0.325348,-0.579288,0.002303,0.747374,0.004377,-0.001209,0.001878,0.008548,0.007845,0.001608,-0.867389,-0.483645,-0.117147,0.000000,0.000000,0.000000,-1,-0.860794,-0.475403,-0.114304,-0.015967,0.008398,-0.008430,9.316986,229.408524,-586.391663,0,0
0.240000,-1.436762,0.504603,0.449878,0.328687,-0.373340,0.867515,-0.380658,0.788267,0.483460,-0.864329,-0.489134,0.116978,0.325362,-0.579354,0.002448,0.747317,0.008631,-0.001231,-0.000282,0.009864,0.007966,0.003056,-0.867515,-0.483460,-0.116978,0.000000,0.000000,0.000000,-1,-0.860153,-0.476974,-0.113998,-0.019184,0.005172,-0.013720,8.789612,229.935898,-586.224060,0,0
0.280000,-1.437199,0.504772,0.450210,0.328497,-0.373576,0.867485,-0.380885,0.788068,0.483608,-0.864301,-0.489275,0.116588,0.325515,-0.579436,0.002445,0.747187,0.004320,-0.000210,-0.005598,0.008171,0.005687,0.005215,-0.867485,-0.483608,-0.116588,0.000000,0.000000,0.000000,-1,-0.857925,-0.477875,-0.111374,-0.018106,0.010458,-0.014813,7.383270,229.935898,-585.218506,0,0
0.320000,-1.437294,0.504931,0.450369,0.328534,-0.373695,0.867420,-0.380976,0.787938,0.483747,-0.864247,-0.489394,0.116496,0.325615,-0.579420,0.002436,0.747156,0.005401,-0.000152,0.000784,0.012058,0.001737,0.001048,-0.867420,-0.483747,-0.116496,0.000000,0.000000,0.000000,-1,-0.855621,-0.481766,-0.117493,-0.021287,0.010508,-0.009462,9.141190,230.287491,-586.894409,0,0
0.360000,-1.437451,0.505089,0.450523,0.328515,-0.373845,0.867363,-0.381064,0.787811,0.483885,-0.864215,-0.489484,0.116349,0.325713,-0.579428,0.002416,0.747107,0.003273,-0.001202,0.001867,0.010475,0.002776,0.010529,-0.867363,-0.483885,-0.116349,0.000000,0.000000,0.000000,-1,-0.863144,-0.475616,-0.107162,-0.020230,0.010478,-0.012666,9.492767,230.287491,-585.888855,0,0
0.400000,-1.437966,0.504831,0.450759,0.328061,-0.373818,0.867546,-0.381305,0.787833,0.483659,-0.864282,-0.489469,0.115919,0.325695,-0.579623,0.002506,0.746963,-0.007374,0.001920,-0.003383,0.006538,0.004564,0.003568,-0.867546,-0.483659,-0.115919,0.000000,0.000000,0.000000,-1,-0.861008,-0.479095,-0.112350,-0.030885,0.006264,-0.010437,9.316986,229.760101,-586.056458,0,0
0.440000,-1.437797,0.504836,0.450384,0.328069,-0.373862,0.867524,-0.381008,0.787974,0.483664,-0.864409,-0.489209,0.116066,0.325588,-0.579620,0.002392,0.747012,-0.007429,-0.012744,0.010498,0.012864,-0.001093,-0.005516,-0.867524,-0.483664,-0.116066,0.000000,0.000000,0.000000,-1,-0.856705,-0.479294,-0.116989,-0.027699,-0.005289,0.000235,8.086441,230.990646,-587.229614,0,0
0.480000,-1.437813,0.504590,0.450222,0.327902,-0.373730,0.867644,-0.380932,0.788143,0.483448,-0.864506,-0.489037,0.116067,0.325458,-0.579693,0.002410,0.747013,0.006423,-0.007456,0.009301,0.011534,0.004536,-0.000983,-0.867644,-0.483448,-0.116067,0.000000,0.000000,0.000000,-1,-0.857712,-0.474899,-0.111298,-0.014886,0.013694,-0.008458,8.965393,229.760101,-586.056458,0,0
0.520000,-1.437928,0.504723,0.450630,0.328005,-0.373757,0.867593,-0.381225,0.787929,0.483565,-0.864338,-0.489361,0.115959,0.325622,-0.579648,0.002499,0.746976,-0.002086,0.010370,-0.009875,0.007593,0.002883,0.002311,-0.867593,-0.483565,-0.115959,0.000000,0.000000,0.000000,-1,-0.858139,-0.479492,-0.116089,-0.025552,0.017815,-0.021175,7.910645,230.814865,-585.050903,0,0
0.560000,-1.437594,0.505029,0.450482,0.328354,-0.373881,0.867408,-0.381045,0.787852,0.483833,-0.864285,-0.489390,0.116229,0.325681,-0.579497,0.002397,0.747067,-0.001026,0.007212,-0.007742,0.010322,0.005927,0.001148,-0.867408,-0.483833,-0.116229,0.000000,0.000000,0.000000,-1,-0.858276,-0.473480,-0.115540,-0.024478,0.015755,-0.014784,8.789612,230.639069,-586.224060,0,0
0.600000,-1.437747,0.504969,0.450669,0.328269,-0.373848,0.867454,-0.381204,0.787807,0.483780,-0.864247,-0.489488,0.116100,0.325715,-0.579534,0.002462,0.747023,0.005333,0.003087,0.000730,0.008965,0.008484,0.011898,-0.867454,-0.483780,-0.116100,0.000000,0.000000,0.000000,-1,-0.861984,-0.474762,-0.102325,-0.014893,0.010526,-0.007381,8.965393,230.814865,-586.726807,0,0
0.640000,-1.438415,0.504407,0.451401,0.327753,-0.373496,0.867801,-0.381899,0.787772,0.483288,-0.864136,-0.489812,0.115557,0.325739,-0.579755,0.002813,0.746840,0.005347,0.004170,0.003928,0.006214,0.006238,0.001177,-0.867801,-0.483288,-0.115557,0.000000,0.000000,0.000000,-1,-0.861954,-0.476120,-0.113525,-0.018086,0.012626,-0.009495,9.141190,230.639069,-586.224060,0,0
0.680000,-1.438341,0.504160,0.451570,0.327787,-0.373211,0.867911,-0.382085,0.787815,0.483072,-0.864041,-0.489960,0.115637,0.325705,-0.579740,0.002970,0.746866,0.005341,0.005200,0.000730,0.008399,0.010721,-0.001627,-0.867911,-0.483072,-0.115637,0.000000,0.000000,0.000000,-1,-0.858780,-0.473160,-0.116455,-0.018080,0.014744,-0.009503,8.438019,229.232727,-586.894409,0,0
0.720000,-1.438131,0.503901,0.451701,0.327918,-0.372864,0.868011,-0.382243,0.787877,0.482846,-0.863921,-0.490125,0.115835,0.325656,-0.579682,0.003139,0.746932,0.004288,0.008388,0.001795,0.007629,0.008435,0.000585,-0.868011,-0.482846,-0.115835,0.000000,0.000000,0.000000,-1,-0.857605,-0.477905,-0.118240,-0.018082,0.014734,-0.010568,10.020157,230.463272,-585.386108,0,0
0.760000,-1.437544,0.503886,0.451794,0.328455,-0.372533,0.867950,-0.382319,0.787848,0.482832,-0.863684,-0.490422,0.116346,0.325676,-0.579450,0.003275,0.747103,0.002086,0.001024,0.001815,0.011153,0.003798,-0.003741,-0.867950,-0.482832,-0.116346,0.000000,0.000000,0.000000,-1,-0.857910,-0.480103,-0.119781,-0.020225,0.010498,-0.010536,8.262238,230.111694,-586.056458,0,0
0.800000,-1.437123,0.503960,0.451617,0.328780,-0.372442,0.867865,-0.382164,0.787884,0.482897,-0.863628,-0.490434,0.116707,0.325649,-0.579309,0.003253,0.747223,-0.001116,-0.000040,0.000777,0.011786,0.005389,-0.003914,-0.867865,-0.482897,-0.116707,0.000000,0.000000,0.000000,-1,-0.856400,-0.476883,-0.118423,-0.022358,0.008390,-0.009446,9.141190,231.693817,-585.218506,0,0
0.840000,-1.436938,0.503966,0.451492,0.328896,-0.372398,0.867841,-0.382064,0.787929,0.482902,-0.863629,-0.490395,0.116867,0.325615,-0.579260,0.003234,0.747277,-0.002185,-0.000048,-0.000280,0.010587,0.005913,-0.000931,-0.867841,-0.482902,-0.116867,0.000000,0.000000,0.000000,-1,-0.858902,-0.476822,-0.118042,-0.024494,0.010460,-0.014764,8.789612,230.990646,-586.559204,0,0
0.880000,-1.436576,0.504060,0.451291,0.329169,-0.372360,0.867754,-0.381886,0.787965,0.482984,-0.863604,-0.490366,0.117174,0.325588,-0.579142,0.003187,0.747380,0.001001,-0.002165,-0.000297,0.010469,0.005995,-0.001218,-0.867754,-0.482984,-0.117174,0.000000,0.000000,0.000000,-1,-0.855682,-0.478226,-0.118484,-0.021308,0.005193,-0.011573,7.910645,230.814865,-585.721313,0,0
0.920000,-1.436499,0.504118,0.451300,0.329261,-0.372364,0.867717,-0.381881,0.787937,0.483035,-0.863571,-0.490409,0.117238,0.325610,-0.579102,0.003183,0.747401,0.006279,-0.001041,0.000695,0.009745,0.006259,-0.001201,-0.867717,-0.483035,-0.117238,0.000000,0.000000,0.000000,-1,-0.856079,-0.478088,-0.121643,-0.015978,0.007310,-0.011622,8.613815,230.111694,-587.397156,0,0
0.960000,-1.436296,0.504194,0.451404,0.329503,-0.372290,0.867656,-0.381947,0.787864,0.483102,-0.863449,-0.490582,0.117409,0.325665,-0.578997,0.003230,0.747458,0.004147,-0.001037,0.000711,0.011623,0.001901,-0.003075,-0.867657,-0.483102,-0.117409,0.000000,0.000000,0.000000,-1,-0.855560,-0.479340,-0.122696,-0.019173,0.006261,-0.010528,8.613815,230.111694,-586.726807,0,0
1.000000,-1.436074,0.504432,0.451314,0.329752,-0.372397,0.867516,-0.381825,0.787795,0.483311,-0.863408,-0.490612,0.117586,0.325719,-0.578890,0.003153,0.747518,-0.001187,-0.003161,-0.000308,0.011742,0.003727,-0.001661,-0.867516,-0.483311,-0.117586,0.000000,0.000000,0.000000,-1,-0.856949,-0.477707,-0.122055,-0.023441,0.004134,-0.011552,7.910645,230.463272,-585.386108,0,0
1.040000,-1.435921,0.504527,0.451118,0.329846,-0.372460,0.867453,-0.381651,0.787828,0.483393,-0.863449,-0.490510,0.117712,0.325694,-0.578850,0.003073,0.747561,-0.001209,-0.007425,-0.003488,0.011740,0.005259,-0.002298,-0.867453,-0.483393,-0.117712,0.000000,0.000000,0.000000,-1,-0.859131,-0.477280,-0.118668,-0.024521,-0.000112,-0.012593,7.910645,230.111694,-586.726807,0,0
1.080000,-1.435861,0.504578,0.450802,0.329801,-0.372575,0.867421,-0.381392,0.787926,0.483438,-0.863581,-0.490265,0.117762,0.325620,-0.578870,0.002949,0.747578,-0.004457,-0.007386,-0.004551,0.007634,0.005746,-0.003485,-0.867421,-0.483438,-0.117762,0.000000,0.000000,0.000000,-1,-0.858841,-0.477676,-0.118469,-0.024531,0.000898,-0.017924,9.316986,230.111694,-584.380615,0,0
1.120000,-1.436061,0.504976,0.450423,0.329637,-0.373109,0.867254,-0.381009,0.787898,0.483787,-0.863813,-0.489905,0.117562,0.325644,-0.578943,0.002642,0.747512,-0.008743,-0.011669,-0.009828,0.011144,0.006309,0.001763,-0.867254,-0.483787,-0.117562,0.000000,0.000000,0.000000,-1,-0.861237,-0.478043,-0.118271,-0.027746,-0.003368,-0.021079,7.383270,230.639069,-586.894409,0,0
1.160000,-1.436377,0.505344,0.450294,0.329454,-0.373593,0.867115,-0.380830,0.787786,0.484109,-0.863961,-0.489715,0.117264,0.325731,-0.579022,0.002421,0.747413,0.010412,-0.010663,-0.015306,0.004917,0.006600,-0.000885,-0.867115,-0.484109,-0.117264,0.000000,0.000000,0.000000,-1,-0.860458,-0.477249,-0.115555,-0.010719,0.000786,-0.029749,9.844360,230.287491,-586.224060,0,0
1.200000,-1.437124,0.506182,0.450859,0.329337,-0.374427,0.866800,-0.381098,0.787206,0.484841,-0.863887,-0.490012,0.116563,0.326178,-0.579074,0.002232,0.747179,0.007217,-0.003340,-0.024896,0.008966,0.006036,0.009400,-0.866800,-0.484841,-0.116563,0.000000,0.000000,0.000000,-1,-0.857529,-0.474564,-0.102798,-0.032023,-0.003435,-0.028502,8.613815,230.111694,-586.391663,0,0
1.240000,-1.437957,0.506551,0.450865,0.328759,-0.375121,0.866719,-0.381025,0.787042,0.485164,-0.864140,-0.489743,0.115817,0.326305,-0.579324,0.001976,0.746930,-0.018389,-0.017968,-0.007620,0.009938,0.009670,0.012576,-0.866719,-0.485164,-0.115817,0.000000,0.000000,0.000000,-1,-0.857376,-0.480667,-0.107559,-0.038395,-0.022222,0.001446,8.438019,230.287491,-585.553711,0,0
1.280000,-1.439839,0.505774,0.450575,0.326729,-0.375531,0.867309,-0.380960,0.787492,0.484485,-0.864938,-0.488706,0.114234,0.325961,-0.580200,0.001819,0.746401,-0.002403,-0.036785,0.020026,0.005157,0.008594,0.007972,-0.867309,-0.484485,-0.114234,0.000000,0.000000,0.000000,-1,-0.862183,-0.468658,-0.101852,-0.020288,-0.025345,0.007710,9.492767,230.990646,-585.553711,0,0
1.320000,-1.441355,0.504720,0.451021,0.325187,-0.375303,0.867987,-0.381534,0.787781,0.483562,-0.865266,-0.488414,0.112985,0.325738,-0.580863,0.002088,0.745981,0.002978,-0.015638,0.016714,0.004340,0.016720,0.012369,-0.867987,-0.483563,-0.112985,0.000000,0.000000,0.000000,-1,-0.866623,-0.471893,-0.108810,-0.011679,0.012693,-0.002088,7.734848,228.881149,-586.894409,0,0
1.360000,-1.441716,0.503849,0.452302,0.325024,-0.374383,0.868445,-0.382726,0.787670,0.482800,-0.864800,-0.489299,0.112726,0.325818,-0.580930,0.002797,0.745892,0.022157,0.020224,-0.002760,0.009650,0.008801,-0.002280,-0.868445,-0.482800,-0.112726,0.000000,0.000000,0.000000,-1,-0.859329,-0.473694,-0.116333,-0.000995,0.032725,-0.011833,7.910645,229.408524,-586.056458,0,0
1.400000,-1.441323,0.503805,0.452707,0.325499,-0.374024,0.868422,-0.383055,0.787534,0.482761,-0.864476,-0.489792,0.113070,0.325920,-0.580725,0.003027,0.746007,0.020057,0.027669,0.000425,0.008345,0.007770,-0.000517,-0.868422,-0.482761,-0.113070,0.000000,0.000000,0.000000,-1,-0.861633,-0.475937,-0.112976,0.001150,0.036971,-0.010801,7.734848,230.287491,-586.224060,0,0
1.440000,-1.440738,0.503688,0.453994,0.326441,-0.373226,0.868412,-0.384094,0.787091,0.482659,-0.863660,-0.491111,0.113585,0.326253,-0.580316,0.003641,0.746177,0.037098,0.028734,0.001356,0.008671,0.010247,0.002837,-0.868412,-0.482659,-0.113585,0.000000,0.000000,0.000000,-1,-0.859039,-0.473297,-0.115707,0.018204,0.041223,-0.008818,8.613815,230.111694,-586.056458,0,0
1.480000,-1.439865,0.503265,0.456231,0.327866,-0.371734,0.868515,-0.385943,0.786414,0.482288,-0.862295,-0.493322,0.114370,0.326758,-0.579693,0.004759,0.746433,0.044598,0.037296,0.010857,0.009796,0.011219,-0.002406,-0.868515,-0.482288,-0.114370,0.000000,0.000000,0.000000,-1,-0.859314,-0.475006,-0.119507,0.025687,0.043428,0.000703,9.316986,230.463272,-585.386108,0,0
1.520000,-1.439155,0.502943,0.458361,0.329145,-0.370433,0.868587,-0.387686,0.785729,0.482006,-0.861024,-0.495389,0.115007,0.327265,-0.579132,0.005777,0.746639,0.054151,0.029864,0.008682,0.011241,0.005474,-0.007216,-0.868587,-0.482006,-0.115007,0.000000,0.000000,0.000000,-1,-0.856827,-0.477325,-0.121506,0.026722,0.035984,-0.002473,9.141190,230.287491,-585.553711,0,0
1.560000,-1.438513,0.503052,0.460026,0.330355,-0.369649,0.868461,-0.388971,0.785035,0.482101,-0.859981,-0.497070,0.115558,0.327781,-0.578602,0.006468,0.746818,0.028517,0.025632,0.004607,0.009239,0.002212,0.001636,-0.868461,-0.482101,-0.115558,0.000000,0.000000,0.000000,-1,-0.858658,-0.474747,-0.110901,-0.001003,0.032696,-0.015029,8.789612,229.935898,-586.894409,0,0
1.600000,-1.438110,0.503214,0.461025,0.331134,-0.369245,0.868337,-0.389720,0.784576,0.482244,-0.859342,-0.498095,0.115897,0.328124,-0.578261,0.006853,0.746928,0.016768,0.025496,-0.010215,0.009297,0.008108,0.004341,-0.868337,-0.482244,-0.115898,0.000000,0.000000,0.000000,-1,-0.853027,-0.474945,-0.113754,-0.008471,0.034737,-0.023502,9.492767,229.935898,-585.888855,0,0
1.640000,-1.437607,0.503625,0.461380,0.331855,-0.369196,0.868082,-0.389909,0.784261,0.482603,-0.858978,-0.498628,0.116308,0.328362,-0.577948,0.006932,0.747065,0.007161,0.019124,-0.012247,0.012842,0.007765,0.001501,-0.868082,-0.482603,-0.116308,0.000000,0.000000,0.000000,-1,-0.855362,-0.483307,-0.118073,-0.020219,0.020991,-0.021228,8.438019,230.287491,-586.559204,0,0
1.680000,-1.437186,0.504157,0.461068,0.332307,-0.369504,0.867778,-0.389550,0.784152,0.483070,-0.858966,-0.498571,0.116639,0.328450,-0.577755,0.006707,0.747178,-0.012063,-0.007270,-0.003479,0.012218,0.001838,-0.000182,-0.867778,-0.483070,-0.116639,0.000000,0.000000,0.000000,-1,-0.859451,-0.475021,-0.111771,-0.037298,-0.000109,-0.012494,8.086441,231.342239,-586.894409,0,0
1.720000,-1.437118,0.504033,0.460052,0.331943,-0.369710,0.867830,-0.388781,0.784601,0.482961,-0.859455,-0.497711,0.116706,0.328114,-0.577917,0.006380,0.747203,-0.020604,0.004335,-0.010929,0.006715,0.010915,0.006767,-0.867830,-0.482961,-0.116706,0.000000,0.000000,0.000000,-1,-0.860596,-0.473114,-0.110672,-0.041545,0.012503,-0.023162,9.141190,230.639069,-585.218506,0,0
1.760000,-1.436953,0.504069,0.459618,0.331938,-0.369800,0.867793,-0.388432,0.784754,0.482992,-0.859615,-0.497402,0.116847,0.328000,-0.577921,0.006234,0.747251,-0.023801,0.004325,-0.011968,0.008861,0.009420,0.005687,-0.867793,-0.482992,-0.116847,0.000000,0.000000,0.000000,-1,-0.859879,-0.479141,-0.114288,-0.044743,0.010396,-0.022064,8.438019,229.935898,-585.553711,0,0
1.800000,-1.436328,0.504186,0.458591,0.332140,-0.369921,0.867664,-0.387601,0.785102,0.483095,-0.859912,-0.496763,0.117382,0.327741,-0.577836,0.005914,0.747433,-0.021641,0.011767,-0.008816,0.007709,0.005067,0.004818,-0.867664,-0.483095,-0.117382,0.000000,0.000000,0.000000,-1,-0.854980,-0.476959,-0.118530,-0.040456,0.017828,-0.019994,8.789612,230.639069,-587.229614,0,0
1.840000,-1.435313,0.504485,0.457434,0.332699,-0.370035,0.867401,-0.386628,0.785420,0.483357,-0.860134,-0.496174,0.118243,0.327504,-0.577598,0.005548,0.747724,-0.022751,0.010739,-0.008815,0.010010,0.004429,0.004031,-0.867401,-0.483357,-0.118243,0.000000,0.000000,0.000000,-1,-0.858719,-0.474442,-0.112976,-0.045779,0.018879,-0.021022,10.020157,229.760101,-586.056458,0,0
1.880000,-1.434690,0.504544,0.456562,0.332935,-0.370062,0.867299,-0.385931,0.785731,0.483408,-0.860355,-0.495662,0.118779,0.327271,-0.577498,0.005305,0.747905,-0.014240,0.007568,-0.007802,0.008107,0.009241,0.002034,-0.867299,-0.483408,-0.118779,0.000000,0.000000,0.000000,-1,-0.855362,-0.479004,-0.123764,-0.031936,0.016787,-0.017926,8.613815,229.056946,-587.397156,0,0
1.920000,-1.433974,0.504712,0.456070,0.333433,-0.369962,0.867073,-0.385370,0.785886,0.483605,-0.860335,-0.495492,0.119628,0.327155,-0.577196,0.005149,0.748189,-0.013141,0.019220,-0.007855,0.008293,0.004540,-0.000017,-0.867073,-0.483605,-0.119627,0.000000,0.000000,0.000000,-1,-0.859222,-0.478241,-0.117386,-0.028721,0.031525,-0.027594,9.668564,230.463272,-586.056458,0,0
1.960000,-1.432642,0.505272,0.455547,0.334600,-0.369952,0.866706,-0.384978,0.785807,0.484045,-0.860137,-0.495624,0.120507,0.327218,-0.576780,0.005019,0.748484,-0.003572,0.028591,-0.025008,0.011359,0.010351,0.003579,-0.866705,-0.484045,-0.120507,0.000000,0.000000,0.000000,-1,-0.852783,-0.479614,-0.120865,-0.029792,0.039880,-0.040401,8.086441,232.045410,-586.559204,0,0
2.000000,-1.431212,0.506255,0.454992,0.335999,-0.370195,0.866060,-0.384333,0.785592,0.484906,-0.859880,-0.495783,0.121680,0.327386,-0.576176,0.004720,0.748878,-0.014201,0.040186,-0.031362,0.009661,-0.000599,-0.005380,-0.866060,-0.484906,-0.121680,0.000000,0.000000,0.000000,-1,-0.856796,-0.491592,-0.125824,-0.038287,0.049395,-0.042501,8.965393,231.518036,-586.056458,0,0
2.040000,-1.428904,0.507785,0.453933,0.338172,-0.370598,0.865042,-0.383175,0.785331,0.486243,-0.859545,-0.495896,0.123573,0.327593,-0.575236,0.004195,0.749512,-0.014258,0.029717,-0.022813,0.009924,0.001426,0.000297,-0.865042,-0.486243,-0.123573,0.000000,0.000000,0.000000,-1,-0.854050,-0.477249,-0.120010,-0.026588,0.033633,-0.028684,9.844360,230.639069,-586.894409,0,0
2.080000,-1.427420,0.508440,0.453756,0.339630,-0.370430,0.864542,-0.382896,0.785112,0.486815,-0.859093,-0.496367,0.124812,0.327760,-0.574602,0.004156,0.749926,0.006010,0.030898,-0.009123,0.007761,0.007110,0.005915,-0.864542,-0.486815,-0.124812,0.000000,0.000000,0.000000,-1,-0.856735,-0.480560,-0.121506,-0.014840,0.035857,-0.017064,8.086441,230.990646,-585.218506,0,0
2.120000,-1.427110,0.508509,0.454203,0.340088,-0.370178,0.864470,-0.383232,0.784911,0.486875,-0.858763,-0.496873,0.125074,0.327911,-0.574402,0.004351,0.750012,0.015577,0.014076,0.004715,0.010222,0.004957,0.004896,-0.864470,-0.486876,-0.125074,0.000000,0.000000,0.000000,-1,-0.853409,-0.482285,-0.125290,-0.005272,0.017997,-0.001092,8.965393,229.408524,-587.062012,0,0
2.160000,-1.426977,0.508273,0.455085,0.340439,-0.369628,0.864567,-0.383975,0.784676,0.486669,-0.858292,-0.497653,0.125206,0.328084,-0.574245,0.004782,0.750053,0.020873,0.018380,0.009976,0.009800,0.004934,0.001961,-0.864567,-0.486669,-0.125206,0.000000,0.000000,0.000000,-1,-0.857529,-0.480179,-0.120712,0.001157,0.034902,-0.005466,10.195938,230.990646,-586.559204,0,0
2.200000,-1.426718,0.508000,0.456273,0.340995,-0.368883,0.864666,-0.385131,0.784229,0.486475,-0.857445,-0.499008,0.125613,0.328414,-0.573880,0.005460,0.750185,0.020870,0.028842,-0.003910,0.011559,0.007395,-0.000012,-0.864617,-0.486475,-0.125613,0.000000,0.000000,0.000000,-1,-0.853775,-0.479828,-0.127136,0.000089,0.039080,-0.011866,10.195938,229.935898,-587.564758,0,0
2.240000,-1.425796,0.508198,0.457113,0.342171,-0.368289,0.864455,-0.385581,0.783928,0.486604,-0.856882,-0.499819,0.126232,0.328638,-0.573482,0.005761,0.750388,0.020888,0.028912,0.003546,0.010527,0.001603,-0.001988,-0.864455,-0.486604,-0.126232,0.000000,0.000000,0.000000,-1,-0.851486,-0.485214,-0.128494,-0.000969,0.035962,-0.005454,8.789612,229.584320,-587.564758,0,0
2.280000,-1.424844,0.508379,0.458024,0.343391,-0.367641,0.864247,-0.386256,0.783498,0.486762,-0.856089,-0.500971,0.127043,0.328957,-0.572945,0.006200,0.750655,0.028338,0.024716,0.007762,0.011403,0.000556,-0.005770,-0.864247,-0.486762,-0.127043,0.000000,0.000000,0.000000,-1,-0.851074,-0.480164,-0.132706,0.004348,0.029655,-0.000145,10.371735,229.056946,-586.056458,0,0
2.320000,-1.423780,0.508096,0.459141,0.344603,-0.366503,0.864248,-0.387193,0.783189,0.486514,-0.855179,-0.502285,0.127982,0.329178,-0.572408,0.006888,0.750962,0.018670,0.021567,0.009972,0.010046,0.004642,-0.003915,-0.864248,-0.486514,-0.127982,0.000000,0.000000,0.000000,-1,-0.855774,-0.479202,-0.128983,-0.004180,0.030667,-0.005409,8.965393,230.463272,-587.732361,0,0
2.360000,-1.423203,0.507932,0.459649,0.345220,-0.365911,0.864252,-0.387626,0.783064,0.486372,-0.854733,-0.502912,0.128492,0.329266,-0.572135,0.007227,0.751128,0.017587,0.023598,0.000386,0.007899,0.007276,-0.003725,-0.864253,-0.486372,-0.128492,0.000000,0.000000,0.000000,-1,-0.853271,-0.482605,-0.137772,-0.006328,0.029549,-0.011780,10.547531,229.935898,-587.229614,0,0
2.400000,-1.422002,0.508109,0.459900,0.346406,-0.365356,0.864013,-0.387785,0.782889,0.486526,-0.854182,-0.503586,0.129518,0.329393,-0.571613,0.007461,0.751467,0.011144,0.009796,-0.003774,0.013137,0.006103,-0.009230,-0.864013,-0.486526,-0.129518,0.000000,0.000000,0.000000,-1,-0.853668,-0.475891,-0.139694,-0.009588,0.010456,-0.014879,8.789612,229.584320,-586.559204,0,0
2.440000,-1.421534,0.507732,0.460406,0.346845,-0.364654,0.864133,-0.388262,0.782857,0.486197,-0.853786,-0.504145,0.129949,0.329408,-0.571416,0.007853,0.751607,0.023916,0.002462,0.004680,0.005506,0.013907,-0.004328,-0.864133,-0.486197,-0.129949,0.000000,0.000000,0.000000,-1,-0.858719,-0.472656,-0.135559,0.006407,0.009491,-0.004347,10.723312,229.760101,-586.391663,0,0
2.480000,-1.421743,0.507253,0.461323,0.346816,-0.364071,0.864391,-0.389083,0.782709,0.485778,-0.853424,-0.504796,0.129803,0.329509,-0.571422,0.008320,0.751553,0.032430,-0.001736,0.008894,0.007457,0.011870,-0.004887,-0.864391,-0.485778,-0.129803,0.000000,0.000000,0.000000,-1,-0.854813,-0.470184,-0.132690,0.012783,0.006302,-0.005449,8.965393,230.463272,-586.726807,0,0
2.520000,-1.422086,0.506799,0.462398,0.346740,-0.363519,0.864653,-0.390023,0.782488,0.485381,-0.853026,-0.505535,0.129539,0.329664,-0.571448,0.008817,0.751460,0.038702,-0.008173,0.001415,0.010237,0.015761,-0.005120,-0.864653,-0.485381,-0.129539,0.000000,0.000000,0.000000,-1,-0.856033,-0.476654,-0.134552,0.009543,-0.004337,-0.010711,7.910645,227.650604,-586.391663,0,0
2.560000,-1.422889,0.506682,0.463730,0.346494,-0.363374,0.864813,-0.391090,0.782019,0.485279,-0.852637,-0.506366,0.128853,0.330009,-0.571549,0.009223,0.751227,0.023782,-0.013441,0.003682,0.005163,-0.000225,-0.003486,-0.864813,-0.485279,-0.128853,0.000000,0.000000,0.000000,-1,-0.853745,-0.481720,-0.127533,0.004211,-0.010652,-0.006385,10.195938,229.935898,-586.894409,0,0
2.600000,-1.424210,0.506801,0.464928,0.345849,-0.363720,0.864925,-0.392001,0.781498,0.485383,-0.852481,-0.506920,0.127702,0.330397,-0.571828,0.009416,0.750841,0.023778,-0.016599,0.005824,0.011517,0.004044,0.003312,-0.864925,-0.485383,-0.127702,0.000000,0.000000,0.000000,-1,-0.848404,-0.488907,-0.128403,0.002093,-0.009562,-0.003176,10.020157,230.111694,-587.062012,0,0
2.640000,-1.425099,0.507007,0.465615,0.345421,-0.364093,0.864939,-0.392492,0.781139,0.485563,-0.852428,-0.507206,0.126918,0.330667,-0.572014,0.009459,0.750580,0.014178,-0.025040,0.009123,0.016535,-0.003344,-0.001484,-0.864939,-0.485563,-0.126918,0.000000,0.000000,0.000000,-1,-0.846329,-0.499619,-0.126694,-0.022450,-0.026512,-0.003988,8.613815,229.408524,-586.391663,0,0
2.680000,-1.426817,0.508355,0.465170,0.344317,-0.366159,0.864508,-0.391851,0.780728,0.486741,-0.853170,-0.506351,0.125338,0.331003,-0.572510,0.008563,0.750064,-0.023279,-0.064299,0.004234,0.029120,-0.012161,-0.002027,-0.864508,-0.486741,-0.125338,0.000000,0.000000,0.000000,-1,-0.839798,-0.501450,-0.129150,-0.054508,-0.061495,-0.007869,10.195938,230.287491,-587.229614,0,0
2.720000,-1.428357,0.509946,0.462787,0.342742,-0.368985,0.863932,-0.389643,0.780965,0.488130,-0.854814,-0.503928,0.123897,0.330862,-0.573220,0.006890,0.749601,-0.064887,-0.091823,0.004646,0.022181,-0.014754,-0.002919,-0.863932,-0.488130,-0.123897,0.000000,0.000000,0.000000,-1,-0.843430,-0.497879,-0.122528,-0.097178,-0.089012,-0.006370,9.844360,229.584320,-586.559204,0,0
2.760000,-1.430406,0.510217,0.458737,0.339591,-0.371605,0.864053,-0.386418,0.782418,0.488367,-0.857530,-0.499731,0.122108,0.329797,-0.574613,0.004944,0.749019,-0.099048,-0.117282,-0.000327,0.020013,0.004526,-0.001733,-0.864053,-0.488367,-0.122108,0.000000,0.000000,0.000000,-1,-0.849014,-0.478821,-0.127304,-0.129196,-0.108138,-0.013507,8.789612,230.287491,-585.888855,0,0
2.800000,-1.432834,0.509143,0.452437,0.334747,-0.374100,0.864866,-0.381711,0.785309,0.487429,-0.861534,-0.493294,0.120082,0.327626,-0.576732,0.002543,0.748355,-0.105444,-0.113110,-0.007747,-0.001360,0.016024,0.000209,-0.864866,-0.487429,-0.120082,0.000000,0.000000,0.000000,-1,-0.868973,-0.468170,-0.118927,-0.117492,-0.103983,-0.022136,8.613815,229.760101,-586.726807,0,0
2.840000,-1.434693,0.508023,0.449432,0.331595,-0.375144,0.865628,-0.379586,0.786943,0.486451,-0.863689,-0.489885,0.118547,0.326383,-0.578101,0.001485,0.747845,-0.075659,-0.097347,-0.013329,-0.006473,0.026811,0.002596,-0.865628,-0.486451,-0.118547,0.000000,0.000000,0.000000,-1,-0.873856,-0.454498,-0.118271,-0.085479,-0.078591,-0.024610,9.668564,231.166443,-585.721313,0,0
2.880000,-1.436302,0.506574,0.447597,0.328972,-0.375405,0.866515,-0.378446,0.788273,0.485185,-0.865191,-0.487541,0.117249,0.325365,-0.579235,0.001017,0.747411,-0.035118,-0.070869,-0.012667,-0.010087,0.034440,-0.000686,-0.866515,-0.485185,-0.117249,0.000000,0.000000,0.000000,-1,-0.868256,-0.447235,-0.114990,-0.025734,-0.041507,-0.022017,9.141190,229.232727,-586.559204,0,0
2.920000,-1.439388,0.504084,0.448626,0.325751,-0.374626,0.868068,-0.379779,0.788970,0.483006,-0.865826,-0.487014,0.114733,0.324826,-0.580622,0.001726,0.746568,0.054478,-0.022112,-0.007131,-0.001088,0.029423,0.000704,-0.868068,-0.483006,-0.114733,0.000000,0.000000,0.000000,-1,-0.869675,-0.455399,-0.115326,0.044639,-0.010780,-0.019482,9.668564,232.221191,-586.391663,0,0
2.960000,-1.440961,0.503545,0.450978,0.325067,-0.374206,0.868505,-0.381748,0.788308,0.482534,-0.865217,-0.488406,0.113401,0.325330,-0.580913,0.002527,0.746119,0.080058,-0.009448,-0.011631,-0.001658,0.020895,-0.000292,-0.868505,-0.482534,-0.113401,0.000000,0.000000,0.000000,-1,-0.868149,-0.468933,-0.112793,0.062770,0.001896,-0.022866,8.438019,231.342239,-585.888855,0,0
3.000000,-1.442822,0.503794,0.454758,0.324967,-0.374083,0.868596,-0.384672,0.786752,0.482751,-0.863959,-0.491002,0.111769,0.326514,-0.580951,0.003551,0.745568,0.087492,0.003179,-0.011708,0.010426,0.010797,-0.001451,-0.868596,-0.482751,-0.111769,0.000000,0.000000,0.000000,-1,-0.856430,-0.470398,-0.112213,0.068133,0.017752,-0.026163,9.844360,230.287491,-586.894409,0,0
3.040000,-1.444268,0.504588,0.458685,0.325492,-0.374137,0.868376,-0.387589,0.784891,0.483447,-0.862456,-0.493931,0.110464,0.327924,-0.580718,0.004513,0.745125,0.092831,0.012662,-0.017110,0.013151,0.012729,0.000341,-0.868376,-0.483447,-0.110464,0.000000,0.000000,0.000000,-1,-0.863754,-0.475113,-0.107513,0.078802,0.024114,-0.025204,7.559067,230.463272,-586.391663,0,0
3.080000,-1.445882,0.505277,0.463245,0.326073,-0.373987,0.868222,-0.391015,0.782817,0.484050,-0.860688,-0.497323,0.109021,0.329482,-0.580458,0.005717,0.744633,0.113083,0.016933,-0.013019,0.004026,0.009746,0.000348,-0.868222,-0.484050,-0.109021,0.000000,0.000000,0.000000,-1,-0.860046,-0.474960,-0.103622,0.100124,0.030493,-0.022197,9.492767,230.287491,-584.213013,0,0
3.120000,-1.447481,0.505725,0.467616,0.326507,-0.373706,0.868180,-0.394335,0.780907,0.484442,-0.859007,-0.500527,0.107606,0.330905,-0.580257,0.006930,0.744147,0.134423,0.026517,-0.006827,0.011491,0.012625,0.004075,-0.868180,-0.484442,-0.107606,0.000000,0.000000,0.000000,-1,-0.861603,-0.473419,-0.102859,0.115066,0.036903,-0.015945,7.031693,229.584320,-585.553711,0,0
3.160000,-1.450477,0.506475,0.477550,0.327942,-0.372546,0.868138,-0.401906,0.776628,0.485098,-0.854942,-0.507994,0.104960,0.334048,-0.579596,0.009876,0.743225,0.161008,0.041232,-0.005992,0.006917,0.008413,-0.000341,-0.868138,-0.485098,-0.104960,0.000000,0.000000,0.000000,-1,-0.860565,-0.477768,-0.106094,0.142783,0.051685,-0.020477,10.899109,230.287491,-586.224060,0,0
3.200000,-1.451799,0.507284,0.482930,0.329141,-0.372076,0.867886,-0.405896,0.774107,0.485805,-0.852593,-0.512170,0.103766,0.335882,-0.579051,0.011383,0.742801,0.153557,0.039146,-0.002730,0.007290,-0.000660,-0.001046,-0.867886,-0.485805,-0.103767,0.000000,0.000000,0.000000,-1,-0.867371,-0.499283,-0.106339,0.123627,0.048581,-0.012859,7.910645,228.002182,-587.397156,0,0
3.240000,-1.452819,0.508336,0.487601,0.330435,-0.371867,0.867484,-0.409268,0.771751,0.486724,-0.850478,-0.515864,0.102821,0.337588,-0.578467,0.012594,0.742463,0.130118,0.031768,0.000672,0.003958,-0.013780,-0.003167,-0.867484,-0.486724,-0.102821,0.000000,0.000000,0.000000,-1,-0.848480,-0.498459,-0.098770,0.093786,0.034869,-0.007250,11.250687,228.529572,-585.888855,0,0
3.280000,-1.455578,0.510818,0.494803,0.331790,-0.372811,0.866561,-0.414240,0.767718,0.488891,-0.847538,-0.521173,0.100288,0.340508,-0.577849,0.013966,0.741586,0.080915,-0.011816,-0.008364,0.036406,0.006637,0.011284,-0.866561,-0.488891,-0.100288,0.000000,0.000000,0.000000,-1,-0.835327,-0.483246,-0.090408,0.046768,-0.011830,-0.018429,8.789612,227.474808,-586.224060,0,0
3.320000,-1.457958,0.511706,0.497176,0.331025,-0.373943,0.866365,-0.415853,0.766351,0.489666,-0.847047,-0.522373,0.098176,0.341503,-0.578176,0.014142,0.740870,0.048927,-0.033984,-0.000579,0.018770,-0.002506,0.015916,-0.866365,-0.489666,-0.098176,0.000000,0.000000,0.000000,-1,-0.847656,-0.496643,-0.077484,0.023296,-0.031898,-0.012845,8.965393,229.056946,-587.062012,0,0
3.360000,-1.461806,0.512946,0.499726,0.329236,-0.376056,0.866132,-0.417515,0.764754,0.490747,-0.846926,-0.523195,0.094776,0.342676,-0.578952,0.014012,0.739724,0.040375,-0.040411,-0.007951,0.012708,-0.001700,0.019459,-0.866132,-0.490747,-0.094776,0.000000,0.000000,0.000000,-1,-0.857422,-0.487793,-0.071259,0.011582,-0.025619,-0.021300,10.020157,228.002182,-586.056458,0,0
3.400000,-1.466487,0.513767,0.502561,0.326682,-0.378200,0.866166,-0.419487,0.763215,0.491461,-0.846941,-0.523897,0.090678,0.343798,-0.580055,0.013980,0.738338,0.030804,-0.023641,-0.026049,0.006913,0.013556,0.026347,-0.866166,-0.491461,-0.090678,0.000000,0.000000,0.000000,-1,-0.858337,-0.474808,-0.068634,0.017972,-0.006763,-0.043792,9.316986,227.650604,-583.710205,0,0
3.440000,-1.468388,0.514507,0.504354,0.326061,-0.379173,0.865975,-0.420679,0.762143,0.492106,-0.846589,-0.524754,0.088994,0.344573,-0.580321,0.014065,0.737766,0.046808,0.000553,-0.043306,0.007897,0.017435,0.015706,-0.865975,-0.492106,-0.088994,0.000000,0.000000,0.000000,-1,-0.856537,-0.484467,-0.078247,0.023320,0.010083,-0.054550,9.141190,228.529572,-586.224060,0,0
3.480000,-1.469809,0.516219,0.506186,0.326271,-0.380619,0.865261,-0.421666,0.760633,0.493595,-0.846017,-0.525897,0.087679,0.345673,-0.580233,0.013917,0.737323,0.032867,-0.006965,-0.048474,0.010998,0.008945,0.003526,-0.865261,-0.493595,-0.087679,0.000000,0.000000,0.000000,-1,-0.853928,-0.483810,-0.089325,0.004038,-0.016529,-0.069215,8.262238,228.353775,-585.050903,0,0
3.520000,-1.471105,0.518444,0.506767,0.326330,-0.382794,0.864279,-0.421573,0.759425,0.495529,-0.846040,-0.526063,0.086448,0.346575,-0.580226,0.013156,0.736920,0.000793,-0.040957,-0.059816,0.012274,0.007507,0.003120,-0.864279,-0.495529,-0.086448,0.000000,0.000000,0.000000,-1,-0.852356,-0.493042,-0.080185,-0.034358,-0.035613,-0.072042,8.086441,227.826401,-585.218506,0,0
3.560000,-1.472186,0.520367,0.505905,0.325890,-0.385096,0.863422,-0.420456,0.758953,0.497199,-0.846766,-0.525063,0.085420,0.346957,-0.580440,0.012001,0.736591,-0.038616,-0.038909,-0.068041,0.004626,0.002951,0.007417,-0.863422,-0.497199,-0.085420,0.000000,0.000000,0.000000,-1,-0.873322,-0.496384,-0.068604,-0.067355,-0.026142,-0.079279,8.086441,229.935898,-586.224060,0,0
3.600000,-1.473286,0.522365,0.503476,0.324853,-0.387972,0.862525,-0.418131,0.759101,0.498931,-0.848314,-0.522728,0.084373,0.346908,-0.580921,0.010241,0.736262,-0.074774,-0.038758,-0.051780,-0.002176,0.000793,0.015586,-0.862525,-0.498931,-0.084373,0.000000,0.000000,0.000000,-1,-0.844177,-0.498123,-0.079605,-0.111034,-0.038791,-0.073566,7.559067,228.353775,-585.050903,0,0
3.640000,-1.474210,0.527803,0.497195,0.323856,-0.394599,0.859889,-0.412055,0.759316,0.503636,-0.851662,-0.517427,0.083312,0.346853,-0.581409,0.005930,0.735949,-0.092174,-0.081840,-0.129236,0.027965,0.001668,0.006942,-0.859889,-0.503636,-0.083312,0.000000,0.000000,0.000000,-1,-0.837326,-0.511719,-0.075348,-0.122038,-0.087238,-0.158525,8.613815,228.353775,-585.721313,0,0
3.680000,-1.475569,0.533209,0.493069,0.323262,-0.400718,0.857279,-0.407624,0.758601,0.508299,-0.854017,-0.513761,0.081884,0.347411,-0.581690,0.002347,0.735484,-0.129597,-0.112794,-0.155470,0.025858,-0.019868,0.013769,-0.857279,-0.508299,-0.081884,0.000000,0.000000,0.000000,-1,-0.820343,-0.547363,-0.076324,-0.159390,-0.111638,-0.163470,8.438019,227.474808,-584.883362,0,0
3.720000,-1.476686,0.538824,0.487767,0.322427,-0.407241,0.854515,-0.402252,0.758218,0.513127,-0.856874,-0.509176,0.080657,0.347690,-0.582051,-0.001697,0.735068,-0.144533,-0.122230,-0.145727,0.030754,-0.040508,-0.003236,-0.854515,-0.513127,-0.080657,0.000000,0.000000,0.000000,-1,-0.819794,-0.552277,-0.102188,-0.155087,-0.117758,-0.137913,9.316986,228.353775,-586.056458,0,0
3.760000,-1.479478,0.545655,0.478360,0.318858,-0.416826,0.851226,-0.393479,0.758839,0.518978,-0.862267,-0.500420,0.077949,0.347156,-0.583531,-0.007951,0.734106,-0.082647,-0.133273,-0.079055,0.036147,-0.020024,-0.038582,-0.851226,-0.518978,-0.077949,0.000000,0.000000,0.000000,-1,-0.813354,-0.538483,-0.120407,-0.072931,-0.109812,-0.078922,8.086441,228.881149,-584.213013,0,0
3.800000,-1.481142,0.548006,0.476708,0.317650,-0.419959,0.850137,-0.391664,0.758401,0.520986,-0.863538,-0.498459,0.076423,0.347428,-0.584022,-0.009643,0.733566,0.011256,-0.088532,-0.050126,0.037988,-0.022684,-0.048424,-0.850137,-0.520986,-0.076423,0.000000,0.000000,0.000000,-1,-0.801498,-0.555664,-0.108231,0.008166,-0.070428,-0.056261,8.438019,227.826401,-584.548157,0,0
3.840000,-1.484313,0.550655,0.477843,0.316423,-0.423178,0.848997,-0.391889,0.756728,0.523245,-0.863886,-0.498279,0.073608,0.348600,-0.584529,-0.010678,0.732591,0.041092,-0.095772,-0.031160,0.055495,-0.029093,-0.027695,-0.848997,-0.523245,-0.073608,0.000000,0.000000,0.000000,-1,-0.797897,-0.549042,-0.087662,-0.002486,-0.106051,-0.014498,8.262238,229.408524,-584.380615,0,0
3.880000,-1.487719,0.553913,0.477860,0.314757,-0.427322,0.847540,-0.391115,0.755204,0.526019,-0.864845,-0.497054,0.070573,0.349635,-0.585208,-0.012374,0.731528,0.008127,-0.132245,0.032067,0.036077,-0.009885,-0.013853,-0.847540,-0.526019,-0.070573,0.000000,0.000000,0.000000,-1,-0.834152,-0.518417,-0.075195,-0.010925,-0.123562,0.038899,5.801147,228.002182,-583.710205,0,0
3.920000,-1.492469,0.551495,0.478933,0.310161,-0.427525,0.849131,-0.392510,0.755910,0.523961,-0.865873,-0.495805,0.066646,0.349144,-0.587176,-0.011988,0.730191,0.052052,-0.088306,0.088022,0.003488,0.017324,-0.009755,-0.849131,-0.523961,-0.066646,0.000000,0.000000,0.000000,-1,-0.838150,-0.501099,-0.086365,0.052209,-0.057477,0.085036,7.383270,229.232727,-584.883362,0,0
3.960000,-1.495101,0.548618,0.482165,0.308132,-0.425663,0.850803,-0.395649,0.755970,0.521508,-0.865169,-0.497312,0.064525,0.349155,-0.588072,-0.010286,0.729491,0.128961,-0.019321,0.104213,0.022846,0.020043,-0.026264,-0.850803,-0.521508,-0.064525,0.000000,0.000000,0.000000,-1,-0.801804,-0.532501,-0.104538,0.152570,0.021022,0.099944,8.613815,228.705353,-585.386108,0,0
4.000000,-1.497833,0.545837,0.490095,0.308029,-0.422492,0.852419,-0.402312,0.754086,0.519133,-0.862127,-0.502847,0.062306,0.350584,-0.588165,-0.006923,0.728770,0.198346,0.036840,0.107719,0.049059,-0.031221,-0.043178,-0.852419,-0.519133,-0.062306,0.000000,0.000000,0.000000,-1,-0.811020,-0.576843,-0.099152,0.180356,0.049671,0.106013,6.504318,228.705353,-585.050903,0,0
4.040000,-1.501073,0.541678,0.501753,0.308450,-0.417420,0.854763,-0.412111,0.751231,0.515575,-0.857335,-0.511286,0.059694,0.352677,-0.588023,-0.001823,0.727904,0.203776,0.046671,0.139592,0.029689,-0.040867,-0.034071,-0.854763,-0.515575,-0.059694,0.000000,0.000000,0.000000,-1,-0.817734,-0.523911,-0.098816,0.196432,0.058435,0.137815,8.438019,228.529572,-584.548157,0,0
4.080000,-1.502448,0.537887,0.509671,0.308988,-0.412844,0.856788,-0.418997,0.749645,0.512322,-0.853796,-0.517293,0.058651,0.353798,-0.587794,0.002114,0.727545,0.272061,0.071286,0.167731,0.040565,-0.000541,-0.049381,-0.856788,-0.512322,-0.058651,0.000000,0.000000,0.000000,-1,-0.819016,-0.518845,-0.110901,0.336169,0.120097,0.165264,5.801147,227.650604,-584.715759,0,0
4.120000,-1.505590,0.532784,0.526404,0.310996,-0.405498,0.859566,-0.432789,0.744780,0.507933,-0.846153,-0.529976,0.056128,0.357102,-0.586868,0.009390,0.726620,0.418184,0.145522,0.180163,0.045723,-0.030381,-0.042779,-0.859566,-0.507933,-0.056128,0.000000,0.000000,0.000000,-1,-0.792465,-0.564102,-0.088898,0.440695,0.169968,0.177050,8.789612,226.420059,-584.883362,0,0
4.160000,-1.510338,0.526699,0.553282,0.315075,-0.395153,0.862892,-0.454265,0.735496,0.502682,-0.833290,-0.550364,0.052232,0.363093,-0.584848,0.020382,0.725052,0.461944,0.179427,0.181817,0.079109,-0.086337,-0.033888,-0.862892,-0.502682,-0.052232,0.000000,0.000000,0.000000,-1,-0.791641,-0.589066,-0.082703,0.433264,0.193094,0.157845,8.262238,226.244263,-583.039856,0,0
4.200000,-1.512205,0.525097,0.568547,0.318785,-0.390182,0.863790,-0.465871,0.729154,0.501297,-0.825433,-0.562221,0.050669,0.367070,-0.583031,0.026124,0.724329,0.426605,0.144134,0.143857,0.072149,-0.087769,-0.032034,-0.863790,-0.501297,-0.050669,0.000000,0.000000,0.000000,-1,-0.853378,-0.567429,-0.031982,0.354025,0.114998,0.072461,8.438019,227.123230,-585.553711,0,0
4.240000,-1.518852,0.526655,0.593273,0.323687,-0.387160,0.863327,-0.483319,0.716765,0.502644,-0.813406,-0.579962,0.044886,0.374845,-0.580558,0.033295,0.722035,0.304497,0.098522,-0.094731,-0.018356,-0.059291,0.032816,-0.863327,-0.502644,-0.044886,0.000000,0.000000,0.000000,-1,-0.929001,-0.536331,-0.000595,0.282264,0.122873,-0.108116,8.789612,226.068481,-584.548157,0,0
4.280000,-1.521526,0.529363,0.604675,0.327250,-0.386941,0.862082,-0.490684,0.710085,0.504983,-0.807550,-0.588266,0.042509,0.379030,-0.578862,0.035968,0.721083,0.336764,0.160442,-0.040881,-0.101313,-0.005072,0.034987,-0.862082,-0.504983,-0.042509,0.000000,0.000000,0.000000,-1,-0.976410,-0.500458,-0.015808,0.334943,0.204330,-0.003363,9.668564,224.486343,-583.710205,0,0
