0.000000,1.701203,1.201244,-1.344862,0.871943,0.333852,-0.358131,0.352018,0.080914,0.932489,0.340291,-0.939146,-0.046969,0.677864,0.252953,-0.006579,0.690270,0.000767,0.001234,0.001955,-0.005760,0.014154,-0.002261,0.358131,-0.932489,0.046969,0.000000,0.000000,0.000000,-1,0.350388,-0.915726,0.045013,-0.001113,-0.097529,0.006835,154.531708,179.160141,-746.500610,0,0
0.040000,1.701056,1.201261,-1.344730,0.871955,0.333831,-0.358122,0.351992,0.080958,0.932495,0.340289,-0.939150,-0.046915,0.677848,0.252941,-0.006577,0.690289,-0.002429,-0.000888,0.000936,-0.004088,0.010407,-0.002771,0.358122,-0.932495,0.046915,0.000000,0.000000,0.000000,-1,0.350021,-0.917160,0.044495,-0.004298,-0.097528,0.007934,154.531708,179.160141,-746.500610,0,0
0.080000,1.700151,1.201524,-1.343899,0.872078,0.333726,-0.357922,0.351686,0.081195,0.932590,0.340291,-0.939167,-0.046559,0.677761,0.252822,-0.006503,0.690419,-0.003519,-0.002853,0.004153,-0.007885,0.012378,-0.007145,0.357922,-0.932590,0.046559,0.000000,0.000000,0.000000,-1,0.355698,-0.918457,0.042358,-0.002169,-0.099646,0.008983,154.706909,177.937805,-745.999634,0,0
0.120000,1.698403,1.201618,-1.342380,0.872198,0.333417,-0.357915,0.351476,0.081709,0.932624,0.340198,-0.939232,-0.045922,0.677571,0.252702,-0.006537,0.690649,-0.008858,-0.008162,-0.000020,-0.001226,0.014930,-0.001992,0.357915,-0.932624,0.045922,0.000000,0.000000,0.000000,-1,0.354599,-0.915405,0.051331,-0.004310,-0.102832,0.005830,154.706909,180.731720,-746.333618,0,0
0.160000,1.698942,1.201378,-1.343120,0.872178,0.333259,-0.358112,0.351755,0.081499,0.932538,0.339962,-0.939306,-0.046143,0.677647,0.252718,-0.006696,0.690568,0.006020,-0.007037,0.001937,-0.004444,0.019436,-0.000382,0.358112,-0.932538,0.046143,0.000000,0.000000,0.000000,-1,0.352188,-0.923569,0.043381,0.008452,-0.112369,0.008924,154.882111,178.112427,-744.496582,0,0
0.200000,1.698495,1.201601,-1.343301,0.872468,0.332699,-0.357927,0.351567,0.081389,0.932618,0.339412,-0.939515,-0.045957,0.677686,0.252427,-0.006830,0.690634,0.001762,-0.012340,0.002009,-0.003832,0.010575,-0.004621,0.357927,-0.932618,0.045957,0.000000,0.000000,0.000000,-1,0.350281,-0.920120,0.045578,-0.001124,-0.107073,0.005814,153.305267,178.636292,-746.333618,0,0
0.240000,1.697543,1.201652,-1.342642,0.872589,0.332383,-0.357923,0.351467,0.081610,0.932636,0.339203,-0.939607,-0.045610,0.677604,0.252304,-0.006907,0.690759,-0.006755,-0.005986,-0.002179,-0.011121,0.013340,0.003600,0.357923,-0.932636,0.045610,0.000000,0.000000,0.000000,-1,0.345535,-0.919830,0.053879,0.004201,-0.104949,0.007873,152.954849,179.684006,-744.663574,0,0
0.280000,1.698702,1.202127,-1.344028,0.872822,0.332301,-0.357431,0.351149,0.081023,0.932808,0.338933,-0.939687,-0.045968,0.677821,0.252076,-0.006822,0.690630,0.004959,-0.007039,0.001956,-0.009393,0.012458,0.003729,0.357431,-0.932808,0.045968,0.000000,0.000000,0.000000,-1,0.351410,-0.920593,0.043793,0.005267,-0.101768,0.007847,154.181290,179.160141,-746.166626,0,0
0.320000,1.698784,1.202310,-1.344399,0.872982,0.332070,-0.357257,0.351012,0.080854,0.932874,0.338665,-0.939783,-0.045976,0.677883,0.251917,-0.006857,0.690627,0.002790,-0.009082,-0.000139,-0.006107,0.012845,-0.003999,0.357257,-0.932874,0.045976,0.000000,0.000000,0.000000,-1,0.348495,-0.920090,0.046188,0.002062,-0.106014,0.004711,154.006088,178.985519,-747.001648,0,0
0.360000,1.698555,1.202436,-1.344471,0.873127,0.331802,-0.357151,0.350903,0.080803,0.932919,0.338403,-0.939882,-0.045879,0.677902,0.251771,-0.006914,0.690661,0.000653,-0.006967,-0.003314,-0.008213,0.011227,-0.002331,0.357151,-0.932919,0.045879,0.000000,0.000000,0.000000,-1,0.352432,-0.921371,0.064285,0.003123,-0.103895,0.003626,155.057327,177.937805,-747.335632,0,0
0.400000,1.698892,1.202418,-1.344964,0.873170,0.331686,-0.357152,0.350959,0.080633,0.932913,0.338233,-0.939938,-0.046002,0.677964,0.251726,-0.006977,0.690616,-0.000403,-0.003786,-0.002252,-0.004354,0.011648,-0.008862,0.357152,-0.932913,0.046002,0.000000,0.000000,0.000000,-1,0.347290,-0.918976,0.047363,0.001000,-0.110253,0.005805,155.057327,177.239319,-745.999634,0,0
0.440000,1.698947,1.202656,-1.345523,0.873420,0.331268,-0.356930,0.350788,0.080388,0.932998,0.337766,-0.940106,-0.045993,0.678053,0.251476,-0.007066,0.690618,0.005986,-0.013321,0.001978,-0.010983,0.012847,0.004483,0.356930,-0.932998,0.045993,0.000000,0.000000,0.000000,-1,0.349518,-0.921463,0.045425,0.008447,-0.109191,0.006782,154.006088,177.239319,-746.333618,0,0
0.480000,1.699332,1.202809,-1.346337,0.873613,0.330932,-0.356771,0.350714,0.080070,0.933053,0.337344,-0.940252,-0.046112,0.678169,0.251282,-0.007162,0.690574,0.001693,-0.005806,-0.002272,-0.004232,0.011575,-0.003998,0.356771,-0.933053,0.046112,0.000000,0.000000,0.000000,-1,0.357544,-0.918381,0.044632,-0.004325,-0.101778,0.001571,154.006088,177.937805,-746.667603,0,0
0.520000,1.698351,1.202411,-1.345369,0.873485,0.330823,-0.357184,0.350998,0.080493,0.932910,0.337379,-0.940254,-0.045809,0.678012,0.251405,-0.007303,0.690682,-0.007886,0.001608,-0.006456,-0.007178,0.014682,-0.003023,0.357184,-0.932910,0.045809,0.000000,0.000000,0.000000,-1,0.348816,-0.916138,0.045120,-0.001121,-0.097532,0.004707,153.305267,178.985519,-745.999634,0,0
0.560000,1.698641,1.202502,-1.345654,0.873513,0.330853,-0.357087,0.350939,0.080374,0.932943,0.337368,-0.940253,-0.045902,0.678056,0.251377,-0.007270,0.690649,0.003824,-0.001566,-0.002314,-0.004731,0.014180,0.002636,0.357087,-0.932943,0.045902,0.000000,0.000000,0.000000,-1,0.355011,-0.920761,0.039108,0.005244,-0.100718,0.001460,154.356491,178.287048,-745.665649,0,0
0.600000,1.697716,1.202201,-1.344955,0.873489,0.330571,-0.357407,0.351155,0.080682,0.932835,0.337205,-0.940326,-0.045607,0.677941,0.251396,-0.007450,0.690754,-0.003636,-0.005814,-0.005405,-0.006348,0.011448,-0.006972,0.357407,-0.932835,0.045607,0.000000,0.000000,0.000000,-1,0.349533,-0.922241,0.045990,0.003115,-0.103898,0.001498,155.933350,178.810913,-746.166626,0,0
0.640000,1.697857,1.202208,-1.345308,0.873561,0.330395,-0.357395,0.351178,0.080556,0.932837,0.336995,-0.940399,-0.045657,0.677986,0.251323,-0.007522,0.690735,-0.001517,-0.005730,-0.001188,-0.002902,0.015173,0.001615,0.357395,-0.932837,0.045657,0.000000,0.000000,0.000000,-1,0.357010,-0.918610,0.048691,0.002051,-0.094360,-0.000660,155.232529,178.461670,-747.502625,0,0
0.680000,1.698099,1.201772,-1.345472,0.873381,0.330445,-0.357787,0.351588,0.080590,0.932680,0.337034,-0.940378,-0.045795,0.677972,0.251497,-0.007653,0.690684,-0.001532,-0.001498,-0.006527,-0.004378,0.013185,-0.002719,0.357787,-0.932680,0.045795,0.000000,0.000000,0.000000,-1,0.351578,-0.921600,0.045074,-0.003276,-0.104963,-0.001618,153.480469,178.112427,-745.832642,0,0
0.720000,1.696442,1.201548,-1.344268,0.873464,0.329920,-0.358069,0.351693,0.081060,0.932599,0.336709,-0.940522,-0.045228,0.677796,0.251408,-0.007879,0.690886,-0.004728,-0.012100,-0.005380,-0.006339,0.013196,-0.003739,0.358069,-0.932599,0.045228,0.000000,0.000000,0.000000,-1,0.353333,-0.918747,0.048447,-0.004331,-0.103900,0.000517,155.407730,177.937805,-745.999634,0,0
0.760000,1.696096,1.201383,-1.344045,0.873449,0.329777,-0.358238,0.351826,0.081173,0.932539,0.336609,-0.940563,-0.045124,0.677754,0.251420,-0.007978,0.690923,-0.000466,-0.001498,-0.005474,-0.008613,0.014693,0.000027,0.358238,-0.932539,0.045124,0.000000,0.000000,0.000000,-1,0.353165,-0.917633,0.041656,0.004174,-0.103900,0.000423,154.706909,178.287048,-745.665649,0,0
0.800000,1.695758,1.201201,-1.344010,0.873488,0.329474,-0.358422,0.351988,0.081224,0.932473,0.336338,-0.940664,-0.045023,0.677733,0.251376,-0.008146,0.690957,0.002688,-0.012030,-0.006546,-0.006279,0.014551,-0.001902,0.358422,-0.932474,0.045023,0.000000,0.000000,0.000000,-1,0.349274,-0.916534,0.049591,0.006298,-0.112380,0.001501,154.181290,180.207870,-747.168640,0,0
0.840000,1.696638,1.201166,-1.345437,0.873649,0.329054,-0.358414,0.352136,0.080729,0.932461,0.335764,-0.940854,-0.045343,0.677913,0.251208,-0.008353,0.690839,0.010152,-0.012022,-0.001308,-0.006394,0.014690,0.000647,0.358414,-0.932461,0.045343,0.000000,0.000000,0.000000,-1,0.358582,-0.919785,0.040985,0.010564,-0.110255,0.004636,154.531708,179.160141,-746.834656,0,0
0.880000,1.695925,1.200748,-1.345392,0.873728,0.328387,-0.358833,0.352512,0.080831,0.932310,0.335164,-0.941078,-0.045136,0.677870,0.251117,-0.008729,0.690909,-0.000512,-0.015215,-0.008624,-0.003807,0.012525,-0.004670,0.358833,-0.932310,0.045136,0.000000,0.000000,0.000000,-1,0.346848,-0.919083,0.047485,-0.002218,-0.111325,-0.001601,154.531708,179.509384,-746.834656,0,0
0.920000,1.695586,1.200871,-1.345668,0.873975,0.327838,-0.358735,0.352423,0.080708,0.932354,0.334614,-0.941280,-0.045000,0.677913,0.250866,-0.008895,0.690956,0.005882,-0.013090,-0.005509,-0.012848,0.012615,0.005842,0.358735,-0.932354,0.045000,0.000000,0.000000,0.000000,-1,0.352936,-0.915863,0.051529,0.007367,-0.110258,0.002544,155.232529,178.810913,-746.500610,0,0
0.960000,1.696414,1.200706,-1.346833,0.874022,0.327586,-0.358849,0.352666,0.080332,0.932295,0.334234,-0.941400,-0.045317,0.678050,0.250812,-0.009076,0.690840,0.008000,-0.008790,-0.004510,-0.003686,0.013990,0.003069,0.358849,-0.932295,0.045316,0.000000,0.000000,0.000000,-1,0.346954,-0.919266,0.042999,0.009494,-0.103898,0.001428,155.057327,178.985519,-746.333618,0,0
1.000000,1.696602,1.200840,-1.347533,0.874235,0.327162,-0.358717,0.352600,0.080057,0.932343,0.333745,-0.941571,-0.045368,0.678149,0.250594,-0.009206,0.690819,0.004824,-0.016205,0.000879,-0.009810,0.012101,-0.002903,0.358717,-0.932343,0.045368,0.000000,0.000000,0.000000,-1,0.355042,-0.917145,0.045639,0.003123,-0.109195,0.004713,154.006088,178.985519,-746.667603,0,0
1.040000,1.696452,1.200629,-1.347762,0.874286,0.326803,-0.358919,0.352811,0.080020,0.932267,0.333388,-0.941699,-0.045339,0.678160,0.250536,-0.009412,0.690827,0.000557,0.000747,-0.006596,-0.005892,0.015000,0.001414,0.358919,-0.932267,0.045339,0.000000,0.000000,0.000000,-1,0.351791,-0.919662,0.044144,0.004177,-0.099659,0.000404,153.480469,178.112427,-746.166626,0,0
1.080000,1.696507,1.200502,-1.348064,0.874322,0.326582,-0.359034,0.352950,0.079940,0.932221,0.333147,-0.941782,-0.045374,0.678188,0.250495,-0.009543,0.690813,0.005869,-0.015154,-0.004455,-0.005427,0.013245,0.000021,0.359034,-0.932221,0.045374,0.000000,0.000000,0.000000,-1,0.355713,-0.917007,0.043869,0.003108,-0.113440,0.001541,154.006088,178.287048,-747.335632,0,0
1.120000,1.696032,1.200283,-1.348278,0.874473,0.325930,-0.359259,0.353167,0.079909,0.932141,0.332521,-0.942011,-0.045229,0.678195,0.250332,-0.009856,0.690861,0.003728,-0.017242,-0.003382,-0.006109,0.012265,-0.001039,0.359259,-0.932141,0.045229,0.000000,0.000000,0.000000,-1,0.354202,-0.917328,0.044189,0.000974,-0.113443,-0.000562,154.006088,176.890091,-747.335632,0,0
1.160000,1.695465,1.200080,-1.348221,0.874572,0.325429,-0.359471,0.353346,0.079971,0.932068,0.332069,-0.942179,-0.045049,0.678168,0.250224,-0.010101,0.690922,-0.003714,-0.005584,-0.005480,-0.004933,0.014862,0.000590,0.359471,-0.932068,0.045049,0.000000,0.000000,0.000000,-1,0.350769,-0.920074,0.045151,-0.001155,-0.100726,-0.003788,155.057327,177.588562,-746.333618,0,0
1.200000,1.695287,1.199955,-1.348160,0.874568,0.325304,-0.359595,0.353455,0.080018,0.932023,0.331965,-0.942218,-0.044999,0.678150,0.250225,-0.010186,0.690939,0.001598,-0.006646,-0.006596,-0.009177,0.011613,0.000472,0.359595,-0.932023,0.044999,0.000000,0.000000,0.000000,-1,0.353516,-0.916260,0.043610,0.004170,-0.109201,0.000447,155.758148,179.684006,-746.667603,0,0
1.240000,1.694897,1.199730,-1.348307,0.874666,0.324790,-0.359820,0.353671,0.080013,0.931941,0.331475,-0.942396,-0.044885,0.678148,0.250116,-0.010449,0.690977,0.004791,-0.013005,-0.004475,-0.000705,0.014995,0.000770,0.359820,-0.931941,0.044885,0.000000,0.000000,0.000000,-1,0.357178,-0.920441,0.042923,0.004178,-0.103898,0.001487,155.232529,177.763184,-746.834656,0,0
1.280000,1.694545,1.199410,-1.348215,0.874640,0.324514,-0.360133,0.353955,0.080111,0.931825,0.331241,-0.942482,-0.044795,0.678108,0.250133,-0.010652,0.691006,-0.002677,-0.004456,-0.008707,-0.005610,0.012254,-0.003444,0.360133,-0.931825,0.044795,0.000000,0.000000,0.000000,-1,0.351273,-0.918198,0.043823,-0.005396,-0.100721,-0.000550,154.706909,179.684006,-746.333618,0,0
1.320000,1.693885,1.199461,-1.347645,0.874692,0.324395,-0.360115,0.353863,0.080303,0.931844,0.331203,-0.942507,-0.044551,0.678038,0.250081,-0.010660,0.691094,-0.003730,-0.006572,-0.005493,-0.009880,0.013478,0.002431,0.360115,-0.931844,0.044551,0.000000,0.000000,0.000000,-1,0.351501,-0.916901,0.049789,0.002060,-0.103895,0.003637,154.882111,178.112427,-746.500610,0,0
1.360000,1.694871,1.199384,-1.348906,0.874747,0.324215,-0.360142,0.354034,0.079872,0.931816,0.330873,-0.942606,-0.044915,0.678194,0.250020,-0.010789,0.690960,0.007972,-0.005510,-0.004562,-0.004719,0.014442,0.002692,0.360142,-0.931816,0.044915,0.000000,0.000000,0.000000,-1,0.353439,-0.920197,0.045380,0.005239,-0.096480,-0.000686,156.108551,177.937805,-745.331604,0,0
1.400000,1.695486,1.199180,-1.349507,0.874667,0.324252,-0.360303,0.354268,0.079701,0.931742,0.330835,-0.942607,-0.045160,0.678256,0.250097,-0.010862,0.690870,0.000536,0.001911,-0.004513,-0.008283,0.010919,-0.003305,0.360303,-0.931742,0.045160,0.000000,0.000000,0.000000,-1,0.347183,-0.917633,0.044785,-0.002191,-0.096475,0.002587,155.407730,178.636292,-745.999634,0,0
1.440000,1.695063,1.199483,-1.349038,0.874762,0.324287,-0.360041,0.353954,0.079805,0.931852,0.330921,-0.942586,-0.044973,0.678220,0.250008,-0.010734,0.690940,-0.003710,0.003053,0.000835,-0.009074,0.017530,0.000178,0.360041,-0.931852,0.044973,0.000000,0.000000,0.000000,-1,0.358383,-0.917282,0.046448,-0.000064,-0.095415,0.002559,154.882111,178.810913,-746.834656,0,0
1.480000,1.694767,1.198782,-1.348668,0.874493,0.324276,-0.360703,0.354562,0.080080,0.931597,0.330980,-0.942567,-0.044947,0.678115,0.250267,-0.010958,0.690946,-0.002716,0.000904,-0.017251,0.002532,0.015627,-0.004801,0.360703,-0.931597,0.044947,0.000000,0.000000,0.000000,-1,0.352371,-0.919174,0.034454,-0.006492,-0.102854,-0.009038,154.181290,179.160141,-746.834656,0,0
1.520000,1.692435,1.198277,-1.346659,0.874436,0.323795,-0.361274,0.354859,0.080896,0.931413,0.330813,-0.942663,-0.044163,0.677809,0.250312,-0.011235,0.691225,-0.004825,-0.013928,-0.008652,-0.008719,0.011034,-0.005512,0.361274,-0.931413,0.044163,0.000000,0.000000,0.000000,-1,0.358826,-0.917252,0.049042,-0.005400,-0.112382,0.000567,153.830887,177.763184,-746.500610,0,0
1.560000,1.692266,1.198013,-1.346941,0.874490,0.323368,-0.361526,0.355122,0.080851,0.931317,0.330388,-0.942813,-0.044132,0.677822,0.250246,-0.011485,0.691232,0.003700,-0.010741,-0.004506,-0.002425,0.011548,0.004559,0.361526,-0.931317,0.044132,0.000000,0.000000,0.000000,-1,0.355255,-0.917206,0.042404,0.004174,-0.109199,0.001511,154.356491,178.287048,-746.333618,0,0
1.600000,1.691684,1.198023,-1.346843,0.874654,0.322906,-0.361542,0.355105,0.080884,0.931321,0.329972,-0.942969,-0.043920,0.677807,0.250075,-0.011644,0.691306,-0.002692,-0.011752,-0.004436,-0.011032,0.008240,-0.003606,0.361542,-0.931321,0.043920,0.000000,0.000000,0.000000,-1,0.348328,-0.918396,0.042419,-0.010700,-0.107076,0.003792,154.706909,177.937805,-745.999634,0,0
1.640000,1.690300,1.198461,-1.345649,0.874879,0.322680,-0.361197,0.354610,0.081216,0.931480,0.329906,-0.943017,-0.043371,0.677686,0.249854,-0.011544,0.691506,-0.012247,0.000971,-0.003321,-0.013129,0.014900,0.003336,0.361197,-0.931480,0.043371,0.000000,0.000000,0.000000,-1,0.347641,-0.919449,0.054871,-0.011745,-0.093290,0.005869,154.706909,178.287048,-748.003662,0,0
1.680000,1.691559,1.199050,-1.346588,0.874974,0.323093,-0.360598,0.354151,0.080762,0.931694,0.330147,-0.942915,-0.043760,0.677859,0.249773,-0.011231,0.691371,-0.004781,-0.000079,0.001924,-0.013521,0.011254,0.010119,0.360598,-0.931694,0.043760,0.000000,0.000000,0.000000,-1,0.350586,-0.913956,0.050415,-0.004299,-0.098588,0.007938,154.181290,179.509384,-746.500610,0,0
1.720000,1.692224,1.199283,-1.346974,0.874961,0.323402,-0.360353,0.353970,0.080576,0.931779,0.330375,-0.942825,-0.043973,0.677930,0.249794,-0.011055,0.691297,-0.012237,0.009453,-0.004417,-0.011231,0.016465,0.006472,0.360353,-0.931779,0.043973,0.000000,0.000000,0.000000,-1,0.342758,-0.917221,0.047180,-0.009602,-0.086924,0.009008,154.356491,178.287048,-746.667603,0,0
1.760000,1.692577,1.200077,-1.346821,0.875074,0.323932,-0.359603,0.353237,0.080467,0.932067,0.330862,-0.942652,-0.044011,0.677978,0.249702,-0.010598,0.691290,-0.019631,-0.001031,0.013798,-0.015960,0.019683,0.004344,0.359603,-0.932067,0.044011,0.000000,0.000000,0.000000,-1,0.355209,-0.915497,0.049026,-0.023366,-0.101740,0.027310,156.458969,177.239319,-746.667603,0,0
1.800000,1.691246,1.201035,-1.345445,0.875404,0.323958,-0.358775,0.352255,0.080753,0.932414,0.331034,-0.942619,-0.043424,0.677878,0.249386,-0.010231,0.691508,-0.024870,-0.009480,0.035167,0.000783,0.014002,0.010378,0.358775,-0.932414,0.043424,0.000000,0.000000,0.000000,-1,0.367279,-0.921585,0.064514,-0.016925,-0.103835,0.044268,154.356491,177.588562,-747.001648,0,0
1.840000,1.694467,1.201619,-1.348469,0.875522,0.324393,-0.358093,0.351967,0.079567,0.932625,0.331029,-0.942570,-0.044513,0.678319,0.249278,-0.009974,0.691118,0.012408,0.006444,0.047443,0.012070,0.021461,0.016721,0.358093,-0.932624,0.044513,0.000000,0.000000,0.000000,-1,0.361496,-0.910919,0.060150,0.019359,-0.091061,0.077849,154.006088,179.684006,-746.333618,0,0
1.880000,1.699983,1.203326,-1.353811,0.876027,0.325046,-0.356262,0.350831,0.077343,0.933239,0.330900,-0.942530,-0.046282,0.679148,0.248796,-0.009336,0.690487,0.025314,-0.001977,0.086690,0.007966,0.021969,0.015013,0.356262,-0.933239,0.046282,0.000000,0.000000,0.000000,-1,0.387451,-0.909439,0.055374,0.032175,-0.103756,0.095848,155.407730,181.080963,-748.003662,0,0
1.920000,1.705382,1.204485,-1.359614,0.876531,0.325138,-0.354934,0.350216,0.075079,0.933655,0.330215,-0.942681,-0.048060,0.679984,0.248298,-0.009088,0.689846,0.031698,-0.006114,0.091949,0.036041,0.025605,0.004644,0.354934,-0.933655,0.048060,0.000000,0.000000,0.000000,-1,0.386551,-0.905762,0.048172,0.033238,-0.104816,0.095841,153.830887,178.461670,-747.502625,0,0
1.960000,1.708210,1.205295,-1.363268,0.877066,0.324660,-0.354048,0.349748,0.073643,0.933945,0.329288,-0.942959,-0.048960,0.680511,0.247758,-0.009096,0.689520,0.018945,-0.016714,0.095311,0.032091,0.027084,-0.003168,0.354048,-0.933945,0.048960,0.000000,0.000000,0.000000,-1,0.387909,-0.908737,0.038849,0.009869,-0.124946,0.105763,152.254028,179.684006,-746.667603,0,0
2.000000,1.707226,1.206651,-1.363860,0.878050,0.323312,-0.352841,0.348552,0.073176,0.934429,0.327931,-0.943459,-0.048439,0.680682,0.246761,-0.009149,0.689708,0.005162,-0.049558,0.112612,0.037585,0.023815,-0.000847,0.352841,-0.934429,0.048439,0.000000,0.000000,0.000000,-1,0.392471,-0.903839,0.054779,0.007768,-0.160972,0.119777,153.130051,177.763184,-746.166626,0,0
2.040000,1.706842,1.208254,-1.366776,0.879667,0.320501,-0.351376,0.347297,0.071855,0.934998,0.324916,-0.944519,-0.048100,0.681159,0.245096,-0.009711,0.689823,0.012635,-0.093003,0.128660,0.042591,0.031556,0.013789,0.351376,-0.934998,0.048100,0.000000,0.000000,0.000000,-1,0.390503,-0.907196,0.056961,0.022704,-0.176850,0.136704,153.305267,178.985519,-747.335632,0,0
2.080000,1.708480,1.209997,-1.371524,0.881252,0.317991,-0.349682,0.346037,0.069883,0.935615,0.321954,-0.945515,-0.048452,0.681876,0.243456,-0.010166,0.689689,0.020082,-0.051574,0.124132,0.032520,0.029380,0.002940,0.349682,-0.935615,0.048452,0.000000,0.000000,0.000000,-1,0.365204,-0.920502,0.034409,0.016278,-0.149311,0.118567,153.830887,179.509384,-746.834656,0,0
2.120000,1.706960,1.212938,-1.372506,0.883055,0.315889,-0.347027,0.343406,0.069001,0.936649,0.319822,-0.946284,-0.047547,0.682202,0.241605,-0.009969,0.690020,0.004091,-0.062192,0.115835,0.014057,0.012485,-0.009156,0.347027,-0.936649,0.047547,0.000000,0.000000,0.000000,-1,0.357986,-0.918350,0.057220,-0.002823,-0.165195,0.131614,153.655670,177.937805,-745.665649,0,0
2.160000,1.706550,1.216939,-1.374606,0.885201,0.313915,-0.343331,0.339871,0.067548,0.938043,0.317657,-0.947045,-0.046897,0.682743,0.239397,-0.009401,0.690263,0.019068,-0.055797,0.139035,0.013908,0.020395,-0.002799,0.343331,-0.938043,0.046897,0.000000,0.000000,0.000000,-1,0.366089,-0.917603,0.041901,0.018533,-0.157739,0.154747,153.305267,176.890091,-746.667603,0,0
2.200000,1.705862,1.220987,-1.377146,0.887569,0.311280,-0.339597,0.336312,0.065953,0.939438,0.314826,-0.948027,-0.046149,0.683331,0.236925,-0.009063,0.690538,0.011636,-0.109850,0.153177,0.025866,0.015427,-0.019416,0.339597,-0.939438,0.046149,0.000000,0.000000,0.000000,-1,0.365570,-0.914841,0.006104,-0.000677,-0.272236,0.158666,152.254028,176.890091,-747.001648,0,0
2.240000,1.692211,1.224929,-1.370862,0.891199,0.304173,-0.336517,0.332260,0.067330,0.940782,0.308818,-0.950235,-0.041060,0.682812,0.233019,-0.010142,0.692363,-0.041678,-0.193543,0.136072,0.030380,0.026216,-0.038970,0.336517,-0.940782,0.041060,0.000000,0.000000,0.000000,-1,0.391556,-0.921890,-0.029190,-0.057150,-0.292425,0.129596,152.954849,176.540848,-746.333618,0,0
2.280000,1.671876,1.227840,-1.359264,0.894887,0.295380,-0.334556,0.328777,0.070603,0.941765,0.301799,-0.952767,-0.033932,0.681582,0.228937,-0.012015,0.694902,-0.097312,-0.265758,0.060414,0.064629,0.009682,-0.085736,0.334556,-0.941765,0.033932,0.000000,0.000000,0.000000,-1,0.379532,-0.944305,-0.119568,-0.138553,-0.490865,0.010125,152.429230,177.064713,-747.502625,0,0
2.320000,1.636730,1.229050,-1.338397,0.899676,0.280638,-0.334404,0.326123,0.077185,0.942171,0.290220,-0.956705,-0.022081,0.679075,0.223378,-0.016266,0.699067,-0.278341,-0.479974,0.027210,0.045128,-0.002134,-0.141648,0.334404,-0.942171,0.022081,0.000000,0.000000,0.000000,-1,0.382553,-0.913513,-0.069931,-0.329227,-0.672254,-0.049714,151.728409,176.016983,-747.836670,0,0
2.360000,1.571978,1.226557,-1.293242,0.904981,0.259066,-0.337481,0.324565,0.092471,0.941332,0.275074,-0.961423,-0.000399,0.673222,0.216731,-0.023175,0.706586,-0.506682,-0.601134,-0.166514,0.008146,0.026766,-0.068682,0.337481,-0.941332,0.000399,0.000000,0.000000,0.000000,-1,0.348434,-0.918808,-0.104645,-0.489305,-0.821941,-0.179175,152.604431,176.890091,-749.339661,0,0
2.400000,1.488993,1.216536,-1.232975,0.909015,0.232718,-0.345737,0.327290,0.114973,0.937903,0.258018,-0.965724,0.028346,0.664398,0.210720,-0.033007,0.716298,-0.541271,-0.618320,-0.313912,0.038312,-0.014382,-0.074544,0.345737,-0.937903,-0.028346,0.000000,0.000000,0.000000,-1,0.551514,-1.096268,-0.056656,-0.422586,-0.695284,-0.558102,154.356491,176.890091,-750.341675,0,0
2.440000,1.423016,1.194812,-1.188220,0.908465,0.206851,-0.363186,0.340642,0.137075,0.930147,0.242186,-0.968722,0.054066,0.655233,0.208893,-0.046167,0.724501,-0.424711,-0.749266,-0.674142,0.215687,-0.183943,-0.000316,0.363186,-0.930147,-0.054066,0.000000,0.000000,0.000000,-1,0.470123,-1.012939,-0.045578,-0.484067,-1.129130,-0.703323,155.407730,177.937805,-750.675659,0,0
2.480000,1.345660,1.165751,-1.148497,0.908682,0.163561,-0.384116,0.359442,0.161509,0.919085,0.212364,-0.973223,0.087970,0.644050,0.203013,-0.066668,0.734534,-0.583676,-1.117905,-0.462238,-0.019492,-0.051802,0.038730,0.384116,-0.919084,-0.087970,0.000000,0.000000,0.000000,-1,0.054459,-0.921341,-0.120636,-0.577238,-1.131730,-0.316155,155.933350,177.064713,-750.508667,0,0
2.520000,1.276519,1.152385,-1.112077,0.912488,0.127146,-0.388843,0.364306,0.179914,0.913735,0.186136,-0.975431,0.117849,0.635359,0.193376,-0.079761,0.743346,-0.255651,-0.685875,-0.116776,-0.334385,-0.007606,-0.002787,0.388843,-0.913735,-0.117849,0.000000,0.000000,0.000000,-1,0.131958,-0.867615,-0.077621,-0.124138,-0.603400,-0.091643,156.809387,176.191605,-751.343689,0,0
2.560000,1.251175,1.147092,-1.105432,0.914376,0.107555,-0.390317,0.367419,0.184498,0.911572,0.170057,-0.976930,0.129183,0.632593,0.187709,-0.087047,0.746334,0.019954,-0.317994,-0.127857,-0.191984,0.071027,0.084566,0.390317,-0.911572,-0.129183,0.000000,0.000000,0.000000,-1,0.405930,-0.793289,-0.042862,0.161716,-0.340600,-0.183205,156.108551,176.890091,-753.347717,0,0
2.600000,1.259287,1.141506,-1.125906,0.913154,0.095815,-0.396194,0.375709,0.179126,0.909261,0.158090,-0.979149,0.127571,0.633730,0.186012,-0.093929,0.744958,0.220437,-0.294858,-0.254626,0.009736,0.115972,0.084709,0.396194,-0.909261,-0.127571,0.000000,0.000000,0.000000,-1,0.414719,-0.860474,-0.132660,0.207050,-0.422364,-0.268433,157.860626,178.287048,-752.011719,0,0
2.640000,1.267128,1.133223,-1.150947,0.911160,0.079272,-0.404355,0.386941,0.172727,0.905783,0.141647,-0.981775,0.126709,0.634769,0.183615,-0.103466,0.743404,0.202190,-0.413635,-0.276226,-0.028522,0.024914,-0.014989,0.406314,-0.904919,-0.126613,0.000000,0.000000,0.000000,-1,0.271790,-0.905365,-0.159683,0.263232,-0.528418,-0.290911,158.035828,178.810913,-753.180725,0,0
2.680000,1.276810,1.125022,-1.180382,0.908862,0.060684,-0.412659,0.398713,0.164086,0.902277,0.122465,-0.984578,0.124936,0.636365,0.180477,-0.114004,0.741263,0.286146,-0.397750,-0.288924,-0.140869,-0.003088,-0.034747,0.412659,-0.902277,-0.124936,0.000000,0.000000,0.000000,-1,0.296387,-0.873047,-0.177429,0.289029,-0.376742,-0.247204,158.035828,178.461670,-752.178711,0,0
2.720000,1.293981,1.118684,-1.211799,0.906138,0.048133,-0.420235,0.409016,0.153487,0.899526,0.107798,-0.986978,0.119393,0.638995,0.178855,-0.122238,0.738075,0.263195,-0.207856,-0.210813,-0.123848,0.026480,-0.058036,0.420235,-0.899526,-0.119393,0.000000,0.000000,0.000000,-1,0.400787,-0.872681,-0.190735,0.238298,-0.303490,-0.182089,157.510208,178.985519,-751.677734,0,0
2.760000,1.304189,1.111880,-1.237118,0.903445,0.034331,-0.427327,0.418544,0.145084,0.896533,0.092777,-0.988824,0.116706,0.640635,0.176729,-0.130554,0.735737,0.086646,-0.284197,-0.211714,0.010036,0.018802,-0.080666,0.427327,-0.896533,-0.116707,0.000000,0.000000,0.000000,-1,0.439743,-0.868134,-0.230316,0.039325,-0.343832,-0.215880,158.386230,178.461670,-750.508667,0,0
2.800000,1.302673,1.105933,-1.244094,0.901372,0.025707,-0.432282,0.424588,0.143869,0.893883,0.085171,-0.989263,0.118765,0.640066,0.175878,-0.135576,0.735528,0.039912,-0.262982,-0.203849,0.007461,0.025750,-0.111551,0.432282,-0.893883,-0.118765,0.000000,0.000000,0.000000,-1,0.392929,-0.830597,-0.223526,0.041667,-0.407339,-0.145414,158.561447,178.287048,-750.007690,0,0
2.840000,1.297059,1.100198,-1.251243,0.899593,0.012923,-0.436537,0.430465,0.142438,0.891297,0.073698,-0.989719,0.122574,0.639254,0.173401,-0.141900,0.735630,0.037936,-0.296839,-0.156870,-0.043608,0.060700,-0.100952,0.436537,-0.891297,-0.122574,0.000000,0.000000,0.000000,-1,0.434631,-0.815292,-0.256729,0.034158,-0.342713,-0.176471,160.488708,178.461670,-750.508667,0,0
2.880000,1.294873,1.090745,-1.258416,0.895846,0.003026,-0.444355,0.439474,0.141930,0.886971,0.065751,-0.989872,0.125817,0.637985,0.173398,-0.148359,0.735458,-0.044957,-0.095449,-0.188777,-0.029972,0.059869,-0.144599,0.444355,-0.886971,-0.125817,0.000000,0.000000,0.000000,-1,0.392365,-0.865402,-0.272171,-0.126065,-0.159229,-0.129793,160.138290,177.763184,-750.508667,0,0
2.920000,1.288949,1.085653,-1.253960,0.894066,0.000448,-0.447935,0.443123,0.145292,0.884608,0.065478,-0.989389,0.129702,0.636214,0.174301,-0.150286,0.736386,-0.149890,-0.040209,-0.114473,-0.055570,0.019206,-0.142469,0.447935,-0.884608,-0.129702,0.000000,0.000000,0.000000,-1,0.404572,-0.960922,-0.275635,-0.168257,-0.172874,-0.037787,160.138290,178.112427,-750.842712,0,0
2.960000,1.264787,1.083780,-1.235232,0.894881,-0.006958,-0.446250,0.441889,0.154110,0.883733,0.062623,-0.988029,0.140985,0.632413,0.171933,-0.151652,0.739929,-0.184169,-0.323937,0.158433,-0.028998,-0.143870,-0.099875,0.446250,-0.883733,-0.140985,0.000000,0.000000,0.000000,-1,0.443039,-0.856598,-0.109665,-0.189983,-0.473641,0.184000,159.087067,177.413940,-751.844727,0,0
3.000000,1.244842,1.086231,-1.223109,0.897229,-0.015428,-0.441296,0.437951,0.158718,0.884877,0.056389,-0.987203,0.149163,0.630347,0.167575,-0.152657,0.742481,-0.176848,-0.223296,0.103647,0.001742,0.028279,0.039498,0.441296,-0.884877,-0.149163,0.000000,0.000000,0.000000,-1,0.280396,-0.812836,-0.192429,-0.287949,-0.120763,0.070733,159.612686,177.239319,-752.011719,0,0
3.040000,1.220596,1.085194,-1.196704,0.898636,-0.015791,-0.438412,0.434461,0.170560,0.884394,0.060810,-0.985221,0.160132,0.626088,0.167177,-0.150778,0.746547,-0.391397,0.073553,0.099354,-0.158016,0.071558,-0.032296,0.438412,-0.884394,-0.160132,0.000000,0.000000,0.000000,-1,0.252045,-0.930679,-0.027451,-0.332155,0.052177,0.154473,159.437469,177.413940,-752.512695,0,0
3.080000,1.209267,1.086341,-1.164950,0.900129,0.001810,-0.435621,0.427895,0.183867,0.884929,0.081698,-0.982949,0.164730,0.622802,0.172488,-0.142069,0.749788,-0.078256,0.784966,0.104393,-0.162946,-0.049703,0.168895,0.435621,-0.884929,-0.164730,0.000000,0.000000,0.000000,-1,0.320862,-0.913483,0.054276,0.019258,0.936352,0.123208,159.262268,177.588562,-752.679688,0,0
3.120000,1.243360,1.091590,-1.164437,0.898918,0.036684,-0.436578,0.423528,0.182248,0.887361,0.112117,-0.982568,0.148289,0.626175,0.183739,-0.129541,0.746568,0.101262,1.336470,0.231826,-0.115716,-0.026121,0.202565,0.436578,-0.887361,-0.148289,0.000000,0.000000,0.000000,-1,0.450302,-0.915665,0.130508,0.239247,1.335262,0.300879,159.087067,177.064713,-753.180725,0,0
3.160000,1.312250,1.106283,-1.177914,0.896357,0.094713,-0.433098,0.413856,0.171513,0.894040,0.158959,-0.980619,0.114540,0.634489,0.200385,-0.108016,0.738649,0.350637,1.446021,0.370103,0.017204,-0.021625,0.245048,0.433098,-0.894040,-0.114540,0.000000,0.000000,0.000000,-1,0.493546,-0.901443,0.061951,0.437355,1.321630,0.398746,157.510208,178.287048,-751.677734,0,0
3.200000,1.422041,1.131576,-1.219538,0.891430,0.168824,-0.420537,0.399269,0.146314,0.905084,0.214331,-0.974726,0.063023,0.648478,0.219010,-0.079496,0.724701,0.558414,1.486482,0.483575,0.066752,-0.006904,0.113850,0.420537,-0.905084,-0.063023,0.000000,0.000000,0.000000,-1,0.450073,-0.951141,0.049377,0.618561,1.419329,0.502680,157.860626,177.239319,-749.673706,0,0
3.240000,1.504882,1.149221,-1.260027,0.886993,0.215700,-0.408310,0.389597,0.125129,0.912445,0.247906,-0.968409,0.026952,0.658580,0.229774,-0.060890,0.713981,0.636440,1.562960,0.578105,0.041763,-0.038696,0.076330,0.408310,-0.912445,-0.026952,0.000000,0.000000,0.000000,-1,0.473389,-0.903229,0.036270,0.601219,1.446118,0.692092,156.283768,176.016983,-750.174683,0,0
3.280000,1.620795,1.176626,-1.321168,0.881232,0.276243,-0.383562,0.372138,0.094875,0.923316,0.291450,-0.956393,-0.019193,0.671854,0.241266,-0.034275,0.699449,0.612366,1.354313,0.721850,0.089827,0.020087,0.017077,0.383562,-0.923316,0.019193,0.000000,0.000000,0.000000,-1,0.570892,-0.837433,0.104965,0.536862,1.078110,0.616810,154.706909,177.239319,-748.337646,0,0
3.320000,1.750904,1.200021,-1.399030,0.872858,0.333231,-0.356477,0.357006,0.061932,0.932047,0.332664,-0.940809,-0.064908,0.684805,0.251983,-0.008694,0.683718,0.505370,0.982654,0.334322,0.202437,0.145364,-0.005536,0.356477,-0.932047,0.064908,0.000000,0.000000,0.000000,-1,0.494522,-0.768600,0.057098,0.532035,0.732993,0.251439,154.181290,177.064713,-745.498596,0,0
3.360000,1.818691,1.202210,-1.448979,0.867804,0.353436,-0.349284,0.357627,0.043782,0.932837,0.344990,-0.934434,-0.088404,0.691452,0.257090,-0.001552,0.675126,0.643502,0.510549,0.126442,0.100362,0.159888,-0.017863,0.349284,-0.932837,0.088404,0.000000,0.000000,0.000000,-1,0.302841,-0.861450,0.083633,0.753421,0.211206,0.140727,154.006088,176.191605,-745.331604,0,0
3.400000,1.910271,1.198658,-1.533317,0.865293,0.365672,-0.342857,0.363353,0.013625,0.931552,0.345314,-0.930644,-0.121079,0.702273,0.259524,0.000875,0.662918,0.828449,0.252981,0.167051,-0.077339,0.022128,-0.079911,0.342857,-0.931552,0.121079,0.000000,0.000000,0.000000,-1,0.217697,-1.012634,-0.053818,0.718570,0.138167,0.218028,152.779648,177.064713,-743.828613,0,0
3.440000,2.001942,1.199302,-1.617683,0.865173,0.377777,-0.329788,0.362609,-0.017014,0.931786,0.346397,-0.925740,-0.151705,0.713073,0.259576,0.005823,0.651240,0.220916,0.311505,0.316021,-0.068253,-0.050804,-0.156314,0.329788,-0.931786,0.151705,0.000000,0.000000,0.000000,-1,0.362167,-0.933426,0.119492,0.131186,0.246487,0.343150,152.779648,176.366226,-742.492554,0,0
3.480000,2.031824,1.206997,-1.638633,0.865210,0.387112,-0.318678,0.355009,-0.024119,0.934552,0.354089,-0.921717,-0.158297,0.715477,0.259310,0.012374,0.648613,0.107288,0.364550,0.340436,0.096224,0.031231,0.008100,0.318678,-0.934552,0.158297,0.000000,0.000000,0.000000,-1,0.512512,-0.817245,0.190491,0.244840,0.307919,0.302262,152.954849,176.540848,-741.657593,0,1
3.520000,2.086541,1.212389,-1.680229,0.863638,0.401261,-0.305155,0.348685,-0.038311,0.936457,0.364073,-0.915162,-0.173000,0.720234,0.260313,0.020451,0.642714,0.384448,0.387740,0.247924,0.203756,0.135645,-0.002391,0.305155,-0.936457,0.173000,0.000000,0.000000,0.000000,-1,0.429199,-0.836670,0.046448,0.459278,0.298255,0.218036,150.677170,175.318512,-741.156555,0,0
3.560000,2.152119,1.210714,-1.734441,0.861152,0.414371,-0.294473,0.347644,-0.057403,0.935868,0.370893,-0.908296,-0.193486,0.726643,0.262169,0.026292,0.634481,0.371443,0.313448,0.197344,0.115012,0.083893,-0.173558,0.294473,-0.935868,0.193486,0.000000,0.000000,0.000000,-1,0.455948,-0.845291,0.007065,0.265632,0.155108,0.208052,151.202789,176.890091,-740.655518,0,0
3.600000,2.187839,1.215033,-1.760169,0.859776,0.424365,-0.284076,0.342079,-0.065566,0.937381,0.379166,-0.903114,-0.201539,0.729192,0.262772,0.032601,0.631005,-0.074400,0.288914,0.103444,0.214016,0.089648,-0.216950,0.284076,-0.937381,0.201539,0.000000,0.000000,0.000000,-1,0.507278,-0.902557,-0.059845,-0.232704,0.220505,-0.010131,151.027588,174.969269,-740.822571,0,0
3.640000,2.182459,1.218950,-1.744775,0.856338,0.432526,-0.282148,0.339429,-0.059657,0.938738,0.389196,-0.899646,-0.197898,0.726961,0.265473,0.036814,0.632215,-0.365161,0.253727,-0.026157,0.221224,0.001299,-0.266578,0.282148,-0.938738,0.197898,0.000000,0.000000,0.000000,-1,0.453201,-1.012604,-0.055923,-0.567064,-0.045741,-0.094597,150.677170,174.969269,-741.156555,0,0
3.680000,2.096615,1.229610,-1.656792,0.855156,0.430061,-0.289405,0.333369,-0.028739,0.942358,0.396955,-0.902342,-0.167946,0.716212,0.266482,0.037541,0.643908,-0.849300,-0.374316,-0.284980,0.274117,-0.408731,-0.396080,0.289405,-0.942358,0.167946,0.000000,0.000000,0.000000,-1,0.588913,-1.385773,-0.299652,-1.126758,-0.643075,-0.378254,150.501968,174.794647,-743.327576,0,0
3.720000,1.956204,1.235018,-1.529059,0.858448,0.412115,-0.305334,0.329217,0.013749,0.944154,0.393297,-0.911028,-0.123873,0.701529,0.264184,0.031347,0.661121,-1.699214,-0.840220,-0.588370,0.245448,-0.432738,-0.485109,0.305334,-0.944154,0.123873,0.000000,0.000000,0.000000,-1,0.528000,-1.390518,-0.407867,-2.105562,-1.118617,-0.745067,152.604431,172.699203,-747.669678,0,0
3.760000,1.656985,1.224905,-1.254702,0.864087,0.373177,-0.337777,0.322238,0.105391,0.940774,0.386674,-0.921755,-0.029185,0.668558,0.260043,0.018285,0.696472,-2.562913,-1.041138,-0.936416,0.203147,-0.420097,-0.424647,0.337777,-0.940774,0.029185,0.000000,0.000000,0.000000,-1,0.417786,-1.445221,0.044495,-2.885393,-0.618573,-0.986574,155.582947,174.620026,-752.178711,0,0
3.800000,1.320006,1.161912,-0.915850,0.856102,0.344601,-0.385148,0.315318,0.242176,0.917565,0.409467,-0.906974,0.098669,0.615479,0.268051,0.009878,0.741105,-1.996404,-0.158311,-1.161515,-0.216614,-0.420570,0.638525,0.385148,-0.917565,-0.098669,0.000000,0.000000,0.000000,-1,0.120850,-1.130081,0.555649,-1.733476,-0.545649,-1.152775,156.634171,173.921539,-754.516724,0,0
3.840000,1.226855,1.117222,-0.838013,0.854591,0.315440,-0.412519,0.325707,0.293118,0.898887,0.404461,-0.902541,0.147755,0.594499,0.269616,-0.003388,0.757539,-1.095226,-1.134610,-1.067053,-0.214765,-0.048166,0.539708,0.412519,-0.898886,-0.147755,0.000000,0.000000,0.000000,-1,0.356598,-0.729568,-0.078583,-0.820215,-1.063921,-1.048812,159.787888,176.016983,-758.524780,0,0
3.880000,1.157706,1.067153,-0.805379,0.856565,0.266289,-0.442024,0.348014,0.334377,0.875830,0.381027,-0.904036,0.193744,0.576291,0.266490,-0.026461,0.772122,-0.643752,-1.003963,-0.910933,-0.029488,0.110556,0.074618,0.442024,-0.875830,-0.193744,0.000000,0.000000,0.000000,-1,0.312164,-0.687576,-0.029846,-0.459462,-1.260494,-0.635987,161.189529,176.016983,-759.526794,0,0
3.920000,1.090699,1.030776,-0.795711,0.866643,0.202406,-0.456028,0.367291,0.359793,0.857698,0.337679,-0.910813,0.237470,0.563334,0.252824,-0.052522,0.784842,-0.212984,-1.221795,-0.534951,-0.324467,0.260500,0.329343,0.456028,-0.857698,-0.237470,0.000000,0.000000,0.000000,-1,0.017563,-0.590027,0.125809,-0.093350,-1.288954,-0.529268,163.292007,176.715469,-761.864868,0,0
3.960000,1.069433,1.017183,-0.810232,0.871702,0.166016,-0.461058,0.380889,0.362426,0.850630,0.308317,-0.917108,0.252694,0.560487,0.243942,-0.068128,0.788483,0.175394,-1.005445,-0.494468,-0.446104,0.257017,0.353020,0.461058,-0.850630,-0.252694,0.000000,0.000000,0.000000,-1,0.080109,-0.660934,-0.052811,0.346461,-0.808531,-0.436294,162.591187,176.715469,-763.200867,0,0
4.000000,1.075744,1.009220,-0.849161,0.872983,0.135371,-0.468589,0.399778,0.351791,0.846417,0.279425,-0.926239,0.252989,0.563073,0.237602,-0.083987,0.787046,0.477305,-0.366978,-0.350693,-0.373572,0.154888,0.179823,0.468589,-0.846417,-0.252989,0.000000,0.000000,0.000000,-1,0.112076,-0.766891,-0.140396,0.616763,-0.110595,-0.228616,162.591187,176.715469,-762.532837,0,0
4.040000,1.128414,1.013605,-0.912168,0.868607,0.130902,-0.477899,0.418196,0.323646,0.848744,0.265772,-0.937080,0.226378,0.574148,0.239093,-0.092366,0.777597,0.723949,0.091316,-0.165074,-0.376947,0.059971,0.141585,0.477899,-0.848744,-0.226378,0.000000,0.000000,0.000000,-1,0.069000,-0.715546,-0.111877,0.770427,0.008341,-0.102136,163.992828,174.969269,-760.528809,0,0
4.080000,1.168011,1.022815,-0.954858,0.867419,0.133720,-0.479274,0.425229,0.300974,0.853578,0.258389,-0.944211,0.204209,0.583574,0.239450,-0.094626,0.770163,0.877043,0.106580,0.113991,-0.373317,0.130739,0.061921,0.479274,-0.853578,-0.204209,0.000000,0.000000,0.000000,-1,0.361588,-0.778793,-0.285172,1.033355,-0.076951,0.284671,163.467209,176.890091,-759.025818,0,0
4.120000,1.225816,1.048268,-1.022177,0.872189,0.136744,-0.469668,0.425831,0.260271,0.866560,0.240738,-0.955803,0.168775,0.600654,0.234151,-0.095284,0.758491,1.093601,-0.091323,0.349706,-0.018634,0.054854,-0.188906,0.469668,-0.866560,-0.168775,0.000000,0.000000,0.000000,-1,0.615692,-0.868134,-0.558136,0.731528,0.022720,0.294994,163.116806,174.794647,-758.023804,0,0
4.160000,1.261644,1.063853,-1.060032,0.875230,0.141683,-0.462491,0.423543,0.237338,0.874232,0.233630,-0.961040,0.147716,0.610364,0.231512,-0.093739,0.751712,0.363988,0.267981,0.205120,0.263004,-0.035329,-0.527226,0.462491,-0.874232,-0.147716,0.000000,0.000000,0.000000,-1,1.056259,-1.035736,-0.807800,-0.342472,0.175884,-0.070416,162.766388,175.143890,-757.355774,0,0
4.200000,1.227934,1.049418,-1.026633,0.872748,0.135163,-0.469086,0.426134,0.257855,0.867133,0.238161,-0.956683,0.167445,0.601550,0.233271,-0.095971,0.757966,-0.655708,-0.968122,-0.419484,0.492172,-0.104134,-0.499150,0.469086,-0.867133,-0.167445,0.000000,0.000000,0.000000,-1,0.405640,-0.716370,-0.250732,-0.429307,-1.578305,-0.467882,165.394470,176.016983,-757.188782,0,0
4.240000,1.138629,1.015738,-0.993585,0.875259,0.070143,-0.478541,0.441614,0.287574,0.849870,0.197229,-0.955186,0.220726,0.584585,0.218855,-0.120304,0.771939,-0.544929,-0.149382,-0.248887,-0.487575,0.087403,0.111320,0.478541,-0.849870,-0.220726,0.000000,0.000000,0.000000,-1,0.006485,-0.955231,-0.072525,-0.438449,-0.035151,-0.104572,166.270508,175.842361,-759.359802,0,0
4.280000,1.132920,1.012417,-0.986546,0.874568,0.069980,-0.479827,0.441930,0.292231,0.848115,0.199571,-0.953784,0.224650,0.582599,0.219667,-0.120261,0.773215,-0.440055,0.062870,-0.110590,-0.473342,-0.107116,0.152125,0.479827,-0.848115,-0.224650,0.000000,0.000000,0.000000,-1,0.346375,-1.279358,-0.265915,-0.306059,-0.243724,0.086380,166.445709,175.318512,-761.530823,0,0
