0.000000,-1.630906,-1.353132,-1.428733,0.956317,0.197464,0.215560,0.213774,0.030575,-0.976405,-0.199396,0.979833,-0.012973,-0.696189,-0.147675,-0.005804,0.702481,0.005232,0.009808,0.002238,-0.003068,0.008382,0.003217,-0.215560,0.976405,0.012973,0.000000,0.000000,0.000000,-1,-0.219254,0.985489,0.018661,0.002081,-0.092228,0.006776,134.383011,290.043884,-743.661621,0,0
0.040000,-1.631226,-1.353017,-1.429198,0.956320,0.197329,0.215667,0.213899,0.030492,-0.976380,-0.199244,0.979863,-0.013049,-0.696218,-0.147665,-0.005897,0.702453,0.000914,0.003435,-0.005138,-0.003586,0.009109,0.005613,-0.215667,0.976380,0.013049,0.000000,0.000000,0.000000,-1,-0.218582,0.981857,0.013123,-0.004335,-0.103902,-0.000547,134.383011,291.091583,-741.991577,0,0
0.080000,-1.632515,-1.352719,-1.430269,0.956211,0.197559,0.215941,0.214220,0.030304,-0.976315,-0.199424,0.979822,-0.013345,-0.696285,-0.147849,-0.005930,0.702348,-0.007609,-0.013531,-0.006032,-0.002641,0.005542,-0.000222,-0.215941,0.976315,0.013345,0.000000,0.000000,0.000000,-1,-0.219055,0.986099,0.012665,-0.004339,-0.114502,0.000565,134.383011,289.694641,-742.993591,0,0
0.120000,-1.631975,-1.352545,-1.429392,0.956108,0.197863,0.216118,0.214362,0.030515,-0.976278,-0.199764,0.979755,-0.013238,-0.696210,-0.148025,-0.005872,0.702386,0.012626,0.001321,0.000059,-0.003578,0.009761,-0.003061,-0.216118,0.976278,0.013238,0.000000,0.000000,0.000000,-1,-0.219070,0.984329,0.017761,0.016948,-0.109193,0.005625,134.383011,290.742340,-743.661621,0,0
0.160000,-1.630373,-1.352500,-1.427472,0.956039,0.198128,0.216182,0.214346,0.030933,-0.976268,-0.200113,0.979688,-0.012895,-0.696060,-0.148146,-0.005771,0.702509,0.017915,-0.022007,-0.002022,-0.002888,0.008061,0.004867,-0.216182,0.976268,0.012895,0.000000,0.000000,0.000000,-1,-0.218765,0.984940,0.019150,0.016917,-0.133583,0.002544,135.784668,290.742340,-743.995605,0,0
0.200000,-1.631752,-1.352294,-1.426379,0.955499,0.200518,0.216365,0.214511,0.031196,-0.976223,-0.202500,0.979193,-0.013205,-0.695972,-0.149082,-0.004980,0.702405,0.009359,-0.046376,-0.005014,-0.001973,0.009388,0.006921,-0.216365,0.976223,0.013205,0.000000,0.000000,0.000000,-1,-0.216873,0.987366,0.013672,0.010529,-0.135706,0.000496,136.135071,289.345398,-744.329590,0,0
0.240000,-1.631283,-1.352294,-1.424500,0.955217,0.201853,0.216372,0.214453,0.031599,-0.976223,-0.203890,0.978906,-0.013104,-0.695831,-0.149571,-0.004484,0.702444,0.017878,-0.025173,-0.005202,0.000506,0.010212,0.002979,-0.216372,0.976223,0.013104,0.000000,0.000000,0.000000,-1,-0.217514,0.984390,0.017792,0.013740,-0.117679,0.002507,135.083832,290.043884,-743.995605,0,0
0.280000,-1.630612,-1.352300,-1.422862,0.955024,0.202760,0.216374,0.214394,0.031950,-0.976224,-0.204853,0.978707,-0.012958,-0.695707,-0.149903,-0.004140,0.702498,0.013636,-0.029409,-0.000880,-0.001262,0.009600,0.002377,-0.216374,0.976225,0.012958,0.000000,0.000000,0.000000,-1,-0.217255,0.987305,0.015610,0.012684,-0.129335,0.006826,135.434250,288.996155,-742.325562,0,0
0.320000,-1.629639,-1.352415,-1.420714,0.954811,0.203864,0.216275,0.214215,0.032394,-0.976249,-0.206028,0.978463,-0.012741,-0.695550,-0.150269,-0.003683,0.702578,0.016812,-0.024032,-0.000946,-0.002551,0.008202,0.000824,-0.216275,0.976249,0.012741,0.000000,0.000000,0.000000,-1,-0.217422,0.984711,0.014679,0.016925,-0.117681,0.001408,134.733429,288.996155,-744.329590,0,0
0.360000,-1.627939,-1.352123,-1.418313,0.954610,0.204483,0.216581,0.214418,0.032951,-0.976186,-0.206750,0.978315,-0.012390,-0.695350,-0.150608,-0.003535,0.702704,0.017840,-0.014507,-0.011638,-0.001299,0.008754,0.004197,-0.216581,0.976186,0.012390,0.000000,0.000000,0.000000,-1,-0.216721,0.988907,0.008850,0.013704,-0.122993,-0.005978,134.733429,288.996155,-744.329590,0,0
0.400000,-1.625404,-1.351748,-1.414846,0.954344,0.205299,0.216977,0.214664,0.033751,-0.976105,-0.207717,0.978117,-0.011860,-0.695064,-0.151052,-0.003331,0.702893,0.016785,-0.003906,-0.011672,0.000775,0.005264,-0.001790,-0.216977,0.976105,0.011860,0.000000,0.000000,0.000000,-1,-0.217117,0.986298,0.006912,0.020103,-0.096488,-0.006168,134.383011,289.345398,-742.993591,0,0
0.440000,-1.620811,-1.351616,-1.410378,0.954353,0.205066,0.217157,0.214638,0.034730,-0.976076,-0.207702,0.978132,-0.010870,-0.694711,-0.151035,-0.003402,0.703245,0.030630,0.009881,-0.008695,0.000742,0.010740,-0.001104,-0.217157,0.976076,0.010870,0.000000,0.000000,0.000000,-1,-0.217422,0.987350,0.012512,0.029687,-0.091182,-0.003107,135.083832,288.996155,-742.993591,0,0
0.480000,-1.616569,-1.351409,-1.406110,0.954315,0.204983,0.217403,0.214687,0.035679,-0.976031,-0.207827,0.978115,-0.009958,-0.694369,-0.151098,-0.003448,0.703569,0.019963,-0.004863,-0.010644,-0.001026,0.010938,0.002737,-0.217403,0.976031,0.009958,0.000000,0.000000,0.000000,-1,-0.218216,0.985107,0.010590,0.014778,-0.103911,-0.007140,134.558212,290.218506,-743.494568,0,0
0.520000,-1.612837,-1.350737,-1.402328,0.954171,0.204918,0.218095,0.215198,0.036601,-0.975884,-0.207959,0.978095,-0.009174,-0.694036,-0.151331,-0.003651,0.703846,0.015684,0.002545,-0.019139,0.000245,0.009360,0.003826,-0.218095,0.975884,0.009174,0.000000,0.000000,0.000000,-1,-0.215195,0.986389,0.009674,0.015828,-0.099677,-0.011425,133.857391,289.520020,-743.160583,0,0
0.560000,-1.610789,-1.350506,-1.400219,0.954116,0.204918,0.218338,0.215341,0.037093,-0.975834,-0.208065,0.978076,-0.008737,-0.693859,-0.151421,-0.003701,0.704001,0.018890,0.004671,-0.014927,0.002579,0.012478,0.002921,-0.218338,0.975834,0.008736,0.000000,0.000000,0.000000,-1,-0.217133,0.985336,0.007980,0.015855,-0.084828,-0.007238,134.383011,289.345398,-743.327576,0,0
0.600000,-1.607032,-1.350276,-1.397251,0.954240,0.204067,0.218594,0.215451,0.037771,-0.975784,-0.207381,0.978228,-0.007924,-0.693613,-0.151208,-0.004041,0.704288,0.022102,0.024817,-0.012924,0.001217,0.010911,0.000132,-0.218594,0.975784,0.007924,0.000000,0.000000,0.000000,-1,-0.218414,0.987213,0.010559,0.024373,-0.078463,-0.005233,134.908630,290.567749,-742.492554,0,0
0.640000,-1.601880,-1.349963,-1.392969,0.954367,0.203101,0.218937,0.215588,0.038747,-0.975715,-0.206652,0.978391,-0.006808,-0.693258,-0.150986,-0.004430,0.704682,0.021011,0.014350,-0.011806,0.000233,0.009514,0.012235,-0.218937,0.975715,0.006808,0.000000,0.000000,0.000000,-1,-0.219101,0.985153,0.011719,0.012659,-0.093309,-0.007164,133.156570,289.170776,-743.828613,0,0
0.680000,-1.601466,-1.349669,-1.392656,0.954326,0.202983,0.219227,0.215859,0.038865,-0.975651,-0.206561,0.978411,-0.006726,-0.693215,-0.151051,-0.004568,0.704710,0.008234,0.006922,-0.014822,0.000126,0.009502,0.004993,-0.219227,0.975651,0.006726,0.000000,0.000000,0.000000,-1,-0.218170,0.984131,0.000824,0.005219,-0.085889,-0.008180,134.032608,289.345398,-743.327576,0,0
0.720000,-1.597288,-1.349381,-1.389336,0.954453,0.202052,0.219534,0.216005,0.039632,-0.975588,-0.205820,0.978573,-0.005817,-0.692935,-0.150828,-0.004948,0.705030,0.022091,0.031313,-0.010828,0.000768,0.011153,-0.002979,-0.219534,0.975588,0.005817,0.000000,0.000000,0.000000,-1,-0.219070,0.986420,0.012756,0.027574,-0.063620,-0.005335,134.733429,289.694641,-743.995605,0,0
0.760000,-1.594400,-1.349146,-1.387481,0.954621,0.200987,0.219779,0.216157,0.040075,-0.975536,-0.204878,0.978774,-0.005188,-0.692772,-0.150534,-0.005378,0.705249,0.001865,-0.002614,-0.009386,0.000297,0.011326,0.005554,-0.219779,0.975536,0.005188,0.000000,0.000000,0.000000,-1,-0.219559,0.984604,0.009705,-0.001159,-0.106027,-0.003764,133.156570,290.218506,-743.160583,0,0
0.800000,-1.593935,-1.348817,-1.387113,0.954571,0.200871,0.220102,0.216457,0.040213,-0.975464,-0.204793,0.978792,-0.005094,-0.692722,-0.150612,-0.005525,0.705282,0.006094,0.012308,-0.012696,-0.000571,0.007553,-0.006040,-0.220102,0.975464,0.005094,0.000000,0.000000,0.000000,-1,-0.220642,0.980621,-0.001831,0.009479,-0.081647,-0.007182,134.032608,289.694641,-743.327576,0,0
0.840000,-1.589710,-1.348541,-1.383554,0.954662,0.200121,0.220390,0.216577,0.041033,-0.975403,-0.204242,0.978911,-0.004169,-0.692423,-0.150449,-0.005830,0.705607,0.022057,0.023972,-0.011860,0.001900,0.007935,-0.005130,-0.220390,0.975403,0.004169,0.000000,0.000000,0.000000,-1,-0.221039,0.984940,0.010849,0.025431,-0.085885,-0.005211,134.032608,291.091583,-743.995605,0,0
0.880000,-1.585004,-1.348127,-1.379091,0.954641,0.199758,0.220811,0.216788,0.042076,-0.975312,-0.204117,0.978941,-0.003138,-0.692044,-0.150477,-0.006031,0.705971,0.014583,0.005941,-0.015950,-0.000808,0.010696,0.005255,-0.220811,0.975312,0.003138,0.000000,0.000000,0.000000,-1,-0.221756,0.984192,0.001343,0.008392,-0.092255,-0.011377,133.506989,289.170776,-744.162598,0,0
0.920000,-1.582277,-1.347686,-1.376755,0.954635,0.199299,0.221249,0.217111,0.042665,-0.975214,-0.203799,0.979010,-0.002540,-0.691829,-0.150475,-0.006306,0.706180,0.016736,0.008070,-0.009599,0.001752,0.011160,-0.001075,-0.221249,0.975214,0.002540,0.000000,0.000000,0.000000,-1,-0.219345,0.985168,-0.003250,0.015865,-0.103902,-0.000770,135.083832,290.742340,-744.329590,0,0
0.960000,-1.579591,-1.347716,-1.373813,0.954603,0.199480,0.221226,0.216956,0.043298,-0.975221,-0.204116,0.978945,-0.001946,-0.691601,-0.150533,-0.006185,0.706391,0.015653,-0.009782,-0.003124,0.001667,0.009658,-0.001808,-0.221226,0.975221,0.001946,0.000000,0.000000,0.000000,-1,-0.221985,0.987366,0.003632,0.015878,-0.102837,0.002417,135.259048,289.520020,-743.160583,0,0
1.000000,-1.575976,-1.347517,-1.370353,0.954608,0.199234,0.221426,0.216996,0.044087,-0.975176,-0.204051,0.978960,-0.001147,-0.691315,-0.150521,-0.006283,0.706673,0.015627,0.005046,-0.012763,0.000784,0.011731,0.008130,-0.221426,0.975176,0.001147,0.000000,0.000000,0.000000,-1,-0.218216,0.983749,0.006516,0.007332,-0.103913,-0.008122,133.857391,289.170776,-742.826599,0,0
1.040000,-1.577645,-1.347451,-1.371595,0.954500,0.199680,0.221488,0.217113,0.043831,-0.975162,-0.204429,0.978880,-0.001517,-0.691409,-0.150704,-0.006168,0.706543,-0.008817,-0.019329,-0.004935,0.003180,0.008710,-0.001196,-0.221488,0.975162,0.001517,0.000000,0.000000,0.000000,-1,-0.218948,0.984070,-0.003586,-0.008595,-0.119803,0.000635,133.506989,289.520020,-744.830627,0,0
1.080000,-1.575806,-1.347491,-1.369752,0.954517,0.199640,0.221451,0.216994,0.044223,-0.975171,-0.204477,0.978871,-0.001109,-0.691268,-0.150677,-0.006139,0.706688,0.006109,0.027321,-0.004245,-0.000946,0.005359,-0.009837,-0.221451,0.975171,0.001109,0.000000,0.000000,0.000000,-1,-0.221542,0.980042,0.002213,0.019088,-0.063612,0.000077,134.383011,288.996155,-743.995605,0,0
1.120000,-1.571213,-1.347328,-1.366278,0.954727,0.198453,0.221613,0.216995,0.045009,-0.975135,-0.203493,0.979076,-0.000092,-0.690979,-0.150311,-0.006556,0.707044,0.015619,0.011609,-0.003208,-0.001134,0.005716,0.002990,-0.221613,0.975135,0.000092,0.000000,0.000000,0.000000,-1,-0.227249,0.982513,-0.001251,0.002053,-0.102838,0.001505,134.383011,289.345398,-744.329590,0,0
1.160000,-1.571699,-1.346883,-1.366628,0.954601,0.198575,0.222047,0.217435,0.045021,-0.975036,-0.203615,0.979051,-0.000200,-0.690974,-0.150516,-0.006669,0.707004,-0.005676,0.005236,-0.010392,-0.006057,0.008668,-0.001955,-0.222047,0.975036,0.000200,0.000000,0.000000,0.000000,-1,-0.226013,0.982666,-0.006317,-0.001149,-0.088005,-0.004909,132.630951,289.694641,-742.993591,0,0
1.200000,-1.568777,-1.346468,-1.363928,0.954570,0.198273,0.222451,0.217709,0.045691,-0.974944,-0.203469,0.979081,0.000449,-0.690730,-0.150559,-0.006870,0.707232,0.013459,-0.004304,-0.009496,0.002175,0.008836,-0.004617,-0.222451,0.974944,-0.000449,0.000000,0.000000,0.000000,-1,-0.220520,0.982910,0.000732,0.010550,-0.113440,0.001459,133.857391,289.869263,-742.826599,0,0
1.240000,-1.568056,-1.346511,-1.362759,0.954494,0.198685,0.222409,0.217614,0.045936,-0.974953,-0.203925,0.978986,0.000609,-0.690642,-0.150693,-0.006691,0.707291,0.000713,-0.003241,-0.006167,0.002560,0.007789,0.006423,-0.222409,0.974953,-0.000609,0.000000,0.000000,0.000000,-1,-0.219055,0.983322,0.000198,-0.002209,-0.098602,-0.001658,133.857391,288.821533,-744.496582,0,0
1.280000,-1.567579,-1.346602,-1.362475,0.954555,0.198493,0.222320,0.217514,0.045980,-0.974974,-0.203748,0.979023,0.000715,-0.690626,-0.150591,-0.006723,0.707328,0.007032,0.002245,-0.004112,0.002807,0.007509,-0.002336,-0.222320,0.974974,-0.000715,0.000000,0.000000,0.000000,-1,-0.220215,0.983368,-0.003250,0.007376,-0.103895,0.003579,133.331772,290.043884,-743.327576,0,0
1.320000,-1.565584,-1.346761,-1.360511,0.954606,0.198422,0.222163,0.217272,0.046375,-0.975009,-0.203766,0.979019,0.001158,-0.690484,-0.150508,-0.006661,0.707485,0.008110,0.009669,-0.002029,0.000849,0.007779,0.001372,-0.222163,0.975009,-0.001158,0.000000,0.000000,0.000000,-1,-0.220749,0.983261,0.000107,0.004196,-0.091173,0.003556,135.609451,291.615448,-743.494568,0,0
1.360000,-1.565585,-1.346879,-1.360928,0.954714,0.198030,0.222048,0.217179,0.046260,-0.975035,-0.203358,0.979104,0.001157,-0.690525,-0.150324,-0.006767,0.707483,-0.004646,0.013909,-0.001906,0.000231,0.008470,0.001722,-0.222048,0.975035,-0.001157,0.000000,0.000000,0.000000,-1,-0.221024,0.982101,-0.006226,-0.006440,-0.091174,0.002610,133.857391,289.869263,-743.494568,0,0
1.400000,-1.565337,-1.346994,-1.360847,0.954773,0.197870,0.221936,0.217066,0.046254,-0.975061,-0.203201,0.979136,0.001212,-0.690526,-0.150224,-0.006783,0.707503,-0.000397,-0.003052,0.000252,0.000912,0.007041,-0.005014,-0.221936,0.975061,-0.001212,0.000000,0.000000,0.000000,-1,-0.228775,0.982086,-0.001877,-0.002177,-0.104949,0.007944,132.981369,290.043884,-741.657593,0,0
1.440000,-1.564051,-1.346843,-1.359589,0.954753,0.197805,0.222081,0.217151,0.046558,-0.975027,-0.203205,0.979135,0.001498,-0.690416,-0.150256,-0.006835,0.707603,0.002705,-0.005029,-0.000809,-0.006450,0.007227,0.002368,-0.222081,0.975027,-0.001498,0.000000,0.000000,0.000000,-1,-0.224869,0.979980,-0.005966,-0.002201,-0.114497,0.003732,134.558212,290.218506,-743.494568,0,0
1.480000,-1.563888,-1.346705,-1.359099,0.954659,0.198106,0.222215,0.217259,0.046693,-0.974996,-0.203529,0.979068,0.001535,-0.690368,-0.150415,-0.006767,0.707617,-0.000488,-0.006091,-0.001833,-0.002654,0.004984,-0.004431,-0.222215,0.974997,-0.001535,0.000000,0.000000,0.000000,-1,-0.223465,0.984680,-0.004944,0.004193,-0.095414,0.003576,133.331772,289.694641,-742.659546,0,0
1.520000,-1.559971,-1.346593,-1.355505,0.954720,0.197698,0.222316,0.217197,0.047497,-0.974972,-0.203309,0.979112,0.002407,-0.690075,-0.150308,-0.006886,0.707924,0.017598,0.012990,-0.003182,-0.001133,0.005055,0.000393,-0.222316,0.974972,-0.002407,0.000000,0.000000,0.000000,-1,-0.225906,0.979782,-0.006073,0.014810,-0.097539,0.000277,134.383011,289.694641,-743.661621,0,0
1.560000,-1.556845,-1.346332,-1.352017,0.954610,0.197955,0.222562,0.217278,0.048309,-0.974914,-0.203741,0.979020,0.003105,-0.689782,-0.150494,-0.006821,0.708171,0.010117,-0.019883,-0.007206,0.000669,0.009492,-0.005348,-0.222562,0.974914,-0.003105,0.000000,0.000000,0.000000,-1,-0.221222,0.985672,-0.008011,0.017988,-0.108142,-0.000774,133.331772,288.996155,-743.995605,0,0
1.600000,-1.552342,-1.346300,-1.347191,0.954565,0.198152,0.222577,0.217073,0.049364,-0.974907,-0.204167,0.978927,0.004108,-0.689401,-0.150575,-0.006676,0.708526,0.021731,0.005675,-0.004210,0.000394,0.011406,-0.001507,-0.222577,0.974906,-0.004108,0.000000,0.000000,0.000000,-1,-0.222672,0.988403,-0.003677,0.019070,-0.093296,0.001275,134.207809,289.520020,-743.494568,0,0
1.640000,-1.550753,-1.346296,-1.345511,0.954556,0.198199,0.222574,0.216994,0.049730,-0.974905,-0.204294,0.978899,0.004462,-0.689269,-0.150592,-0.006630,0.708652,0.014282,-0.012346,-0.001918,-0.001592,0.013986,0.007193,-0.222574,0.974905,-0.004462,0.000000,0.000000,0.000000,-1,-0.219269,0.983459,0.003510,0.006292,-0.126161,0.002627,132.630951,289.345398,-743.995605,0,0
1.680000,-1.554453,-1.346439,-1.347840,0.954292,0.199606,0.222450,0.216973,0.049193,-0.974937,-0.205546,0.978641,0.003636,-0.689468,-0.151051,-0.006129,0.708365,-0.010197,-0.022956,-0.005853,0.003670,0.007012,-0.002178,-0.222450,0.974937,-0.003636,0.000000,0.000000,0.000000,-1,-0.219055,0.981735,-0.002548,-0.004336,-0.100723,-0.001625,133.506989,289.520020,-743.828613,0,0
1.720000,-1.554700,-1.346500,-1.348168,0.954320,0.199537,0.222392,0.216931,0.049109,-0.974951,-0.205461,0.978659,0.003580,-0.689498,-0.151004,-0.006139,0.708345,0.004713,0.017329,-0.007261,0.003977,0.007212,0.001871,-0.222392,0.974951,-0.003580,0.000000,0.000000,0.000000,-1,-0.218536,0.989197,-0.003342,0.004183,-0.086938,-0.000717,133.156570,289.170776,-743.828613,0,0
1.760000,-1.553771,-1.346652,-1.347510,0.954413,0.199263,0.222240,0.216754,0.049219,-0.974985,-0.205217,0.978709,0.003784,-0.689458,-0.150849,-0.006173,0.708417,0.002482,0.004696,-0.002871,0.003658,0.013144,-0.001083,-0.222240,0.974985,-0.003784,0.000000,0.000000,0.000000,-1,-0.221832,0.987473,-0.002625,-0.004311,-0.093293,0.003660,135.609451,289.869263,-743.160583,0,0
1.800000,-1.555007,-1.346805,-1.349415,0.954572,0.198661,0.222095,0.216702,0.048773,-0.975019,-0.204531,0.978854,0.003507,-0.689618,-0.150577,-0.006367,0.708317,-0.004958,0.015295,-0.003899,-0.001782,0.008242,0.004041,-0.222095,0.975019,-0.003507,0.000000,0.000000,0.000000,-1,-0.221115,0.981339,0.000748,-0.009627,-0.082694,0.001543,135.609451,290.218506,-743.160583,0,0
1.840000,-1.557268,-1.346901,-1.352271,0.954698,0.198153,0.222009,0.216749,0.048134,-0.975040,-0.203893,0.978989,0.003004,-0.689848,-0.150360,-0.006565,0.708138,-0.013461,0.003636,-0.000560,0.002084,0.007992,0.001615,-0.222009,0.975040,-0.003004,0.000000,0.000000,0.000000,-1,-0.222839,0.983551,-0.000641,-0.011753,-0.109191,0.007005,132.630951,289.694641,-744.329590,0,0
1.880000,-1.558788,-1.347001,-1.353504,0.954654,0.198469,0.221916,0.216713,0.047845,-0.975062,-0.204138,0.978939,0.002665,-0.689953,-0.150439,-0.006442,0.708019,-0.004956,-0.011203,0.002604,-0.003762,0.007360,-0.000555,-0.221916,0.975062,-0.002665,0.000000,0.000000,0.000000,-1,-0.220322,0.983871,-0.000198,-0.004310,-0.102832,0.005830,134.032608,290.043884,-742.993591,0,0
1.920000,-1.559794,-1.347066,-1.354679,0.954695,0.198335,0.221856,0.216708,0.047577,-0.975076,-0.203948,0.978979,0.002441,-0.690050,-0.150367,-0.006488,0.707940,-0.003982,0.002655,-0.004851,0.002633,0.008246,0.004043,-0.221856,0.975076,-0.002441,0.000000,0.000000,0.000000,-1,-0.220123,0.984100,0.000702,-0.007507,-0.097536,0.002650,134.032608,289.345398,-743.995605,0,0
1.960000,-1.561113,-1.347192,-1.356043,0.954724,0.198331,0.221736,0.216652,0.047256,-0.975104,-0.203872,0.978995,0.002147,-0.690167,-0.150320,-0.006471,0.707836,-0.002908,-0.003701,-0.000578,-0.000188,0.008981,-0.001729,-0.221736,0.975104,-0.002147,0.000000,0.000000,0.000000,-1,-0.220764,0.984360,0.000397,-0.002188,-0.102833,0.004743,133.682190,289.345398,-743.661621,0,0
2.000000,-1.561476,-1.347325,-1.356447,0.954759,0.198306,0.221606,0.216544,0.047140,-0.975134,-0.203822,0.979006,0.002065,-0.690209,-0.150263,-0.006442,0.707807,0.005605,0.003721,0.000359,0.001193,0.008142,0.002859,-0.221606,0.975134,-0.002066,0.000000,0.000000,0.000000,-1,-0.220856,0.983902,0.003464,0.004201,-0.106009,0.007878,133.156570,287.424561,-745.164612,0,0
2.040000,-1.564482,-1.347661,-1.358963,0.954718,0.198863,0.221284,0.216342,0.046527,-0.975208,-0.204228,0.978922,0.001397,-0.690434,-0.150342,-0.006176,0.707574,-0.014602,-0.009001,0.001705,0.000047,0.006267,0.000818,-0.221284,0.975208,-0.001397,0.000000,0.000000,0.000000,-1,-0.220810,0.981491,-0.003387,-0.014940,-0.100711,0.005938,134.383011,288.996155,-743.327576,0,0
2.080000,-1.566114,-1.347854,-1.360659,0.954764,0.198851,0.221097,0.216236,0.046120,-0.975251,-0.204126,0.978944,0.001035,-0.690581,-0.150267,-0.006144,0.707446,-0.004109,0.001693,0.001616,0.000425,0.007552,-0.002947,-0.221097,0.975251,-0.001035,0.000000,0.000000,0.000000,-1,-0.220871,0.980637,-0.001572,-0.003246,-0.101772,0.005814,132.806152,288.821533,-743.828613,0,0
2.120000,-1.566445,-1.347913,-1.360987,0.954774,0.198864,0.221041,0.216196,0.046037,-0.975264,-0.204121,0.978945,0.000962,-0.690611,-0.150251,-0.006125,0.707420,0.001201,-0.000430,0.000504,-0.000334,0.005312,0.002915,-0.221041,0.975264,-0.000962,0.000000,0.000000,0.000000,-1,-0.222122,0.982346,0.000565,0.001004,-0.104952,0.005781,134.383011,289.694641,-744.329590,0,0
2.160000,-1.566660,-1.348015,-1.361014,0.954758,0.199053,0.220942,0.216100,0.046011,-0.975287,-0.204300,0.978908,0.000914,-0.690622,-0.150282,-0.006024,0.707404,0.002261,-0.008911,0.001594,-0.000921,0.006159,0.000609,-0.220942,0.975287,-0.000914,0.000000,0.000000,0.000000,-1,-0.223450,0.986038,-0.002396,-0.003245,-0.104951,0.006892,134.733429,288.996155,-744.663574,0,0
2.200000,-1.566798,-1.348084,-1.361055,0.954753,0.199152,0.220874,0.216035,0.045988,-0.975302,-0.204391,0.978889,0.000883,-0.690631,-0.150293,-0.005967,0.707394,0.001199,-0.007852,0.001601,-0.000516,0.009668,0.002394,-0.220874,0.975302,-0.000883,0.000000,0.000000,0.000000,-1,-0.221954,0.984665,0.002121,-0.005385,-0.118735,0.005914,133.506989,289.170776,-743.494568,0,0
2.240000,-1.569254,-1.348281,-1.362963,0.954673,0.199743,0.220683,0.215935,0.045536,-0.975345,-0.204868,0.978790,0.000340,-0.690796,-0.150434,-0.005724,0.707204,-0.013799,-0.020509,0.005075,0.001598,0.008434,0.004933,-0.220683,0.975345,-0.000340,0.000000,0.000000,0.000000,-1,-0.220139,0.979446,0.000626,-0.017061,-0.120847,0.011371,133.506989,289.520020,-743.494568,0,0
2.280000,-1.571986,-1.348548,-1.365113,0.954601,0.200377,0.220423,0.215777,0.045018,-0.975404,-0.205372,0.978684,-0.000262,-0.690986,-0.150566,-0.005446,0.706993,-0.015915,-0.023685,0.008304,-0.001989,0.007643,-0.005389,-0.220423,0.975404,0.000262,0.000000,0.000000,0.000000,-1,-0.223129,0.979218,-0.008743,-0.008550,-0.112366,0.011239,134.207809,289.869263,-744.830627,0,0
2.320000,-1.570392,-1.348743,-1.363489,0.954645,0.200376,0.220233,0.215518,0.045330,-0.975447,-0.205440,0.978670,0.000089,-0.690874,-0.150496,-0.005353,0.707118,0.002173,0.008116,0.004770,-0.000103,0.006044,0.000791,-0.220233,0.975447,-0.000089,0.000000,0.000000,0.000000,-1,-0.222031,0.981842,0.005280,0.001020,-0.104946,0.010036,133.506989,290.567749,-743.160583,0,0
2.360000,-1.571558,-1.348879,-1.364294,0.954596,0.200755,0.220100,0.215424,0.045129,-0.975477,-0.205765,0.978601,-0.000168,-0.690948,-0.150583,-0.005187,0.707028,-0.006358,-0.025812,0.005017,-0.002251,0.004381,-0.000671,-0.220100,0.975477,0.000168,0.000000,0.000000,0.000000,-1,-0.225082,0.977509,-0.008163,-0.009629,-0.128270,0.010258,135.434250,288.646912,-742.993591,0,0
2.400000,-1.571200,-1.348756,-1.363469,0.954477,0.201187,0.220220,0.215504,0.045331,-0.975450,-0.206231,0.978503,-0.000089,-0.690875,-0.150784,-0.005062,0.707057,0.002010,-0.003494,-0.001490,-0.004526,0.001006,-0.008313,-0.220220,0.975450,0.000089,0.000000,0.000000,0.000000,-1,-0.222137,0.983200,-0.004898,0.023338,-0.089051,0.004400,133.506989,289.520020,-743.494568,0,0
2.440000,-1.563654,-1.348594,-1.356064,0.954510,0.200864,0.220373,0.215317,0.046959,-0.975415,-0.206274,0.978493,0.001574,-0.690286,-0.150728,-0.005106,0.707645,0.024348,0.001810,0.000366,-0.006282,0.014942,0.011858,-0.220373,0.975415,-0.001574,0.000000,0.000000,0.000000,-1,-0.224640,0.989746,0.013260,0.012690,-0.106016,0.003530,133.857391,288.821533,-743.828613,0,0
2.480000,-1.566617,-1.348572,-1.358543,0.954392,0.201396,0.220398,0.215454,0.046430,-0.975410,-0.206677,0.978409,0.000921,-0.690478,-0.150928,-0.004968,0.707415,-0.006517,-0.027881,-0.001287,0.000000,0.011742,0.015005,-0.220398,0.975410,-0.000921,0.000000,0.000000,0.000000,-1,-0.219650,0.986771,0.010529,-0.012846,-0.138880,0.005023,133.857391,288.821533,-743.494568,0,0
2.520000,-1.572164,-1.348830,-1.362781,0.954155,0.202790,0.220148,0.215402,0.045465,-0.975466,-0.207823,0.978166,-0.000301,-0.690831,-0.151336,-0.004460,0.706986,-0.020329,-0.054375,0.007496,0.001215,0.010663,0.005879,-0.220148,0.975466,0.000301,0.000000,0.000000,0.000000,-1,-0.219376,0.982391,0.000153,-0.021329,-0.156889,0.014771,133.506989,288.472290,-744.496582,0,0
2.560000,-1.578040,-1.349549,-1.366541,0.953849,0.204982,0.219441,0.214885,0.044512,-0.975624,-0.209753,0.977753,-0.001590,-0.691181,-0.151866,-0.003504,0.706536,0.000895,-0.009795,0.005007,0.000279,0.005745,0.001706,-0.219441,0.975624,0.001590,0.000000,0.000000,0.000000,-1,-0.218903,0.981934,0.010437,0.003137,-0.106009,0.007890,134.558212,290.916962,-743.160583,0,0
2.600000,-1.579505,-1.349721,-1.367765,0.953830,0.205254,0.219270,0.214775,0.044215,-0.975662,-0.209954,0.977709,-0.001910,-0.691289,-0.151900,-0.003369,0.706423,0.000881,-0.009801,0.001817,0.000200,0.006103,0.005399,-0.219270,0.975662,0.001910,0.000000,0.000000,0.000000,-1,-0.218674,0.986374,0.010132,-0.002188,-0.118732,0.008006,134.207809,290.218506,-742.826599,0,0
2.640000,-1.582053,-1.349923,-1.369789,0.953754,0.205823,0.219068,0.214670,0.043741,-0.975707,-0.210405,0.977611,-0.002466,-0.691462,-0.152031,-0.003132,0.706227,-0.004437,-0.015101,0.002964,0.000852,0.009187,0.007010,-0.219068,0.975707,0.002466,0.000000,0.000000,0.000000,-1,-0.219727,0.983536,0.005386,-0.001106,-0.110245,0.011147,133.682190,289.345398,-743.995605,0,0
2.680000,-1.584215,-1.350457,-1.371112,0.953685,0.206698,0.218541,0.214218,0.043354,-0.975823,-0.211175,0.977444,-0.002933,-0.691604,-0.152152,-0.002663,0.706064,0.001957,-0.014037,0.007144,-0.002910,0.008262,0.001569,-0.218541,0.975823,0.002933,0.000000,0.000000,0.000000,-1,-0.223572,0.984436,0.004822,-0.003236,-0.114486,0.011190,133.331772,291.091583,-743.327576,0,0
2.720000,-1.585905,-1.350582,-1.372432,0.953628,0.207097,0.218414,0.214155,0.043047,-0.975851,-0.211498,0.977373,-0.003300,-0.691716,-0.152249,-0.002500,0.705935,-0.009862,-0.009755,0.004129,-0.001313,0.010203,0.001781,-0.218414,0.975851,0.003300,0.000000,0.000000,0.000000,-1,-0.220444,0.982895,-0.000397,-0.014933,-0.113427,0.010250,133.506989,289.170776,-744.496582,0,0
2.760000,-1.587322,-1.350704,-1.373465,0.953568,0.207501,0.218290,0.214083,0.042802,-0.975877,-0.211839,0.977298,-0.003608,-0.691805,-0.152349,-0.002331,0.705826,-0.015184,-0.019298,0.004231,-0.002474,0.005980,-0.006308,-0.218290,0.975877,0.003608,0.000000,0.000000,0.000000,-1,-0.223343,0.983490,0.000671,-0.011770,-0.127217,0.006022,134.908630,290.218506,-743.494568,0,0
2.800000,-1.590001,-1.350529,-1.374603,0.953199,0.209027,0.218450,0.214299,0.042592,-0.975839,-0.213281,0.976982,-0.004196,-0.691882,-0.152962,-0.001868,0.705619,-0.000323,-0.029907,-0.000141,-0.002268,0.003790,0.002640,-0.218450,0.975839,0.004196,0.000000,0.000000,0.000000,-1,-0.220169,0.977600,0.005859,0.000976,-0.136760,0.004861,134.733429,290.742340,-744.663574,0,0
2.840000,-1.591016,-1.350515,-1.374486,0.952954,0.210130,0.218460,0.214307,0.042620,-0.975836,-0.214363,0.976744,-0.004418,-0.691873,-0.153365,-0.001480,0.705542,0.000736,-0.040508,0.000958,-0.000962,0.002039,-0.001808,-0.218460,0.975836,0.004418,0.000000,0.000000,0.000000,-1,-0.219177,0.978912,-0.003052,0.000974,-0.138880,0.004871,134.558212,289.170776,-742.826599,0,0
2.880000,-1.589672,-1.350486,-1.372335,0.952783,0.210865,0.218494,0.214243,0.043086,-0.975830,-0.215183,0.976565,-0.004125,-0.691705,-0.153645,-0.001197,0.705646,0.012441,-0.008709,-0.003569,-0.001812,0.004624,-0.003835,-0.218494,0.975830,0.004125,0.000000,0.000000,0.000000,-1,-0.219864,0.982285,0.012772,0.016930,-0.100721,-0.000796,133.682190,289.345398,-743.327576,0,0
2.920000,-1.588816,-1.350095,-1.370709,0.952541,0.211561,0.218879,0.214547,0.043510,-0.975744,-0.215953,0.976396,-0.003945,-0.691552,-0.154041,-0.001058,0.705710,0.009103,-0.016097,-0.009812,-0.001107,0.004160,0.000801,-0.218879,0.975744,0.003944,0.000000,0.000000,0.000000,-1,-0.219955,0.979889,-0.002060,0.010529,-0.109209,-0.004942,134.733429,287.948425,-743.327576,0,0
2.960000,-1.584909,-1.349771,-1.366658,0.952458,0.211591,0.219209,0.214678,0.044443,-0.975673,-0.216185,0.976347,-0.003094,-0.691214,-0.154174,-0.001093,0.706011,0.027182,-0.001257,-0.012206,-0.001205,0.003956,-0.010494,-0.219209,0.975673,0.003094,0.000000,0.000000,0.000000,-1,-0.221649,0.979477,-0.000259,0.038168,-0.096491,-0.008495,134.383011,290.043884,-743.327576,0,0
3.000000,-1.577673,-1.349299,-1.359671,0.952444,0.211160,0.219686,0.214813,0.046039,-0.975570,-0.216116,0.976367,-0.001511,-0.690637,-0.154196,-0.001292,0.706571,0.056954,0.025241,-0.016908,-0.002116,0.005250,0.002060,-0.219686,0.975570,0.001511,0.000000,0.000000,0.000000,-1,-0.220276,0.985123,0.008286,0.055155,-0.084842,-0.017245,133.857391,288.821533,-744.162598,0,0
3.040000,-1.569705,-1.348545,-1.351922,0.952369,0.210725,0.220426,0.215167,0.047861,-0.975404,-0.216092,0.976373,0.000241,-0.689976,-0.154314,-0.001571,0.707190,0.050448,-0.003350,-0.020909,0.000669,0.010833,0.011929,-0.220426,0.975404,-0.000241,0.000000,0.000000,0.000000,-1,-0.220306,0.992218,0.014267,0.041318,-0.117705,-0.014816,132.630951,289.345398,-743.995605,0,0
3.080000,-1.567594,-1.347968,-1.348674,0.952016,0.211729,0.220988,0.215559,0.048684,-0.975276,-0.217253,0.976115,0.000708,-0.689678,-0.154887,-0.001354,0.707356,0.027053,-0.022430,-0.016308,0.000605,0.015919,0.016577,-0.220988,0.975276,-0.000708,0.000000,0.000000,0.000000,-1,-0.219864,0.985825,0.016541,0.020070,-0.124058,-0.009235,133.857391,289.520020,-744.162598,0,0
3.120000,-1.569733,-1.347758,-1.349956,0.951777,0.212587,0.221194,0.215822,0.048453,-0.975230,-0.218038,0.975940,0.000235,-0.689763,-0.155274,-0.001144,0.707189,0.010047,-0.026667,-0.012910,0.002047,0.011556,0.013022,-0.221194,0.975230,-0.000235,0.000000,0.000000,0.000000,-1,-0.218658,0.988052,0.010941,0.007323,-0.131473,-0.004806,134.032608,290.393127,-745.331604,0,0
3.160000,-1.573290,-1.347616,-1.351867,0.951376,0.214232,0.221332,0.216049,0.048070,-0.975198,-0.219558,0.975599,-0.000552,-0.689902,-0.155921,-0.000643,0.706911,0.004746,-0.022422,-0.008612,0.002444,0.008429,0.004453,-0.221332,0.975198,0.000552,0.000000,0.000000,0.000000,-1,-0.219055,0.984879,0.005310,0.005210,-0.124049,-0.002689,133.682190,288.646912,-744.663574,0,0
3.200000,-1.574027,-1.347607,-1.352033,0.951248,0.214793,0.221340,0.216066,0.048036,-0.975196,-0.220097,0.975478,-0.000715,-0.689914,-0.156127,-0.000450,0.706854,0.004681,-0.009646,-0.006493,0.001491,0.012505,0.004046,-0.221340,0.975196,0.000715,0.000000,0.000000,0.000000,-1,-0.219696,0.985229,0.011795,0.002038,-0.101784,-0.002754,133.857391,289.869263,-744.162598,0,0
3.240000,-1.576926,-1.347581,-1.354953,0.951232,0.214841,0.221363,0.216230,0.047410,-0.975191,-0.220006,0.975497,-0.001357,-0.690141,-0.156153,-0.000491,0.706627,-0.008076,-0.009646,-0.005287,0.002491,0.005217,0.006196,-0.221363,0.975191,0.001357,0.000000,0.000000,0.000000,-1,-0.219009,0.977905,0.005341,-0.010720,-0.133581,0.003912,132.981369,289.345398,-742.993591,0,0
3.280000,-1.579660,-1.347652,-1.356896,0.951063,0.215663,0.221288,0.216253,0.046975,-0.975207,-0.220711,0.975337,-0.001962,-0.690299,-0.156424,-0.000209,0.706413,-0.005942,-0.019182,-0.001012,0.001424,0.001921,0.002753,-0.221288,0.975207,0.001962,0.000000,0.000000,0.000000,-1,-0.218994,0.993027,0.036728,0.018001,-0.059383,-0.007376,134.383011,289.345398,-743.661621,0,0
3.320000,-1.584721,-1.347091,-1.364735,0.951512,0.213118,0.221823,0.217151,0.045391,-0.975082,-0.217877,0.975971,-0.003089,-0.690871,-0.155698,-0.001428,0.706012,0.064259,0.140877,-0.020591,-0.014658,0.032059,0.068688,-0.221823,0.975082,0.003089,0.000000,0.000000,0.000000,-1,-0.242981,0.981567,0.060577,0.102030,0.081599,-0.025958,134.032608,288.996155,-744.329590,0,0
3.360000,-1.563292,-1.346035,-1.348622,0.952513,0.207484,0.222867,0.217395,0.049111,-0.974847,-0.213210,0.977005,0.001672,-0.689516,-0.154050,-0.003501,0.707689,0.132188,0.184381,-0.040642,0.004346,-0.003534,0.036218,-0.222867,0.974847,-0.001672,0.000000,0.000000,0.000000,-1,-0.111084,0.973312,-0.049561,-0.002241,-0.066818,-0.016693,135.083832,290.043884,-743.661621,0,0
3.400000,-1.564162,-1.346438,-1.354499,0.953623,0.202752,0.222476,0.217297,0.047748,-0.974937,-0.208293,0.978065,0.001476,-0.690000,-0.152192,-0.005139,0.707610,-0.050561,0.076316,0.012923,0.051059,0.047387,-0.079441,-0.222476,0.974937,-0.001476,0.000000,0.000000,0.000000,-1,-0.205475,0.985519,-0.087555,-0.036112,-0.108095,0.031734,133.331772,289.345398,-745.331604,0,0
3.440000,-1.565695,-1.346925,-1.356982,0.953912,0.201905,0.222003,0.216951,0.047107,-0.975045,-0.207325,0.978271,0.001133,-0.690230,-0.151709,-0.005316,0.707487,0.011068,0.137775,-0.009308,0.023914,-0.043420,-0.044873,-0.222003,0.975045,-0.001133,0.000000,0.000000,0.000000,-1,-0.162323,1.006714,0.048553,0.125556,0.527865,-0.081418,131.930130,288.996155,-743.327576,0,0
3.480000,-1.535334,-1.344822,-1.342482,0.956713,0.185908,0.223915,0.218242,0.050712,-0.974576,-0.192537,0.981258,0.007944,-0.688850,-0.146676,-0.011388,0.709818,0.192015,0.746234,-0.078936,0.086876,0.048785,0.086298,-0.223915,0.974576,-0.007944,0.000000,0.000000,0.000000,-1,-0.150757,0.973618,0.020767,0.160592,0.369923,-0.061944,133.506989,291.615448,-744.162598,0,0
3.520000,-1.505003,-1.341749,-1.326512,0.958826,0.171241,0.226559,0.220309,0.054915,-0.973883,-0.179210,0.983698,0.014928,-0.687202,-0.142444,-0.017225,0.712157,-0.124470,-0.079602,-0.084450,0.073269,0.001306,-0.000835,-0.226559,0.973883,-0.014928,0.000000,0.000000,0.000000,-1,-0.158890,1.002533,-0.004044,-0.257927,-0.256752,-0.117262,132.630951,288.646912,-745.665649,0,0
3.560000,-1.540483,-1.335256,-1.366015,0.957797,0.167972,0.233261,0.228492,0.047456,-0.972389,-0.174404,0.984649,0.007073,-0.689795,-0.143689,-0.021331,0.709282,-0.026574,0.492770,-0.179592,0.110275,0.086480,0.054421,-0.233261,0.972388,-0.007073,0.000000,0.000000,0.000000,-1,-0.080658,1.004257,0.004532,-0.006606,0.387827,-0.139961,132.455750,290.567749,-744.496582,0,0
3.600000,-1.526961,-1.330801,-1.367151,0.959216,0.153340,0.237470,0.232787,0.048072,-0.971339,-0.160360,0.987004,0.010416,-0.689334,-0.140036,-0.027965,0.710230,-0.007292,0.383660,-0.118680,0.156583,0.023244,0.014567,-0.237470,0.971339,-0.010416,0.000000,0.000000,0.000000,-1,-0.158524,1.015503,0.048630,0.017926,0.186481,-0.077627,132.455750,288.821533,-743.160583,0,0
3.640000,-1.512458,-1.327560,-1.365017,0.960384,0.140903,0.240435,0.235763,0.049212,-0.970564,-0.148587,0.988800,0.014043,-0.688682,-0.136734,-0.033342,0.711273,0.030108,0.339220,-0.059324,0.044192,0.049853,0.071507,-0.240435,0.970564,-0.014043,0.000000,0.000000,0.000000,-1,-0.252136,1.025665,0.086258,0.074435,0.270277,-0.052035,132.455750,288.472290,-743.828613,0,0
3.680000,-1.484670,-1.324332,-1.352739,0.961916,0.125036,0.243072,0.238199,0.052780,-0.969781,-0.134087,0.990747,0.020987,-0.687050,-0.132172,-0.039657,0.713387,0.023543,0.188753,-0.060669,-0.084793,0.103095,0.101233,-0.243072,0.969781,-0.020987,0.000000,0.000000,0.000000,-1,-0.272385,0.989182,-0.005066,-0.195836,-0.030824,-0.049825,131.404510,288.821533,-745.164612,0,0
3.720000,-1.501770,-1.323131,-1.373183,0.961896,0.122257,0.244558,0.240371,0.048129,-0.969487,-0.130297,0.991331,0.016908,-0.688633,-0.131648,-0.041481,0.711852,-0.301830,0.063664,-0.045881,0.008001,-0.000524,-0.034804,-0.244558,0.969487,-0.016908,0.000000,0.000000,0.000000,-1,-0.209305,0.971786,-0.100739,-0.305131,-0.090095,0.018662,131.404510,287.424561,-743.828613,0,0
3.760000,-1.541839,-1.324695,-1.414332,0.962132,0.122469,0.243523,0.240649,0.037963,-0.969870,-0.128024,0.991746,0.007054,-0.692300,-0.131127,-0.041708,0.708369,-0.084555,-0.095162,0.089661,0.019005,-0.005865,-0.092495,-0.243523,0.969870,-0.007054,0.000000,0.000000,0.000000,-1,-0.377457,0.881042,-0.075195,0.101103,-0.352899,0.099404,131.404510,287.773804,-743.494568,0,0
3.800000,-1.540754,-1.328493,-1.401122,0.961488,0.134248,0.239831,0.236494,0.040517,-0.970788,-0.140044,0.990119,0.007207,-0.691694,-0.133998,-0.036066,0.708733,0.010835,-0.206567,0.033799,-0.165107,-0.108453,-0.040415,-0.239831,0.970788,-0.007207,0.000000,0.000000,0.000000,-1,-0.404846,0.881744,0.005386,-0.085230,-0.068964,-0.032788,131.404510,288.821533,-744.496582,0,0
3.840000,-1.556085,-1.326790,-1.416338,0.960985,0.134736,0.241566,0.238716,0.037168,-0.970378,-0.139723,0.990184,0.003554,-0.692868,-0.134749,-0.036747,0.707408,-0.152263,-0.028555,-0.098136,-0.108134,-0.061366,-0.056199,-0.241566,0.970378,-0.003554,0.000000,0.000000,0.000000,-1,-0.307373,0.893509,-0.090683,-0.132517,-0.320361,-0.116230,131.054092,288.472290,-743.828613,0,0
3.880000,-1.577449,-1.323218,-1.432923,0.959373,0.139833,0.245052,0.242732,0.033680,-0.969509,-0.143823,0.989602,-0.001630,-0.694140,-0.137784,-0.036458,0.705589,-0.102539,-0.177037,-0.133117,-0.023564,-0.083431,-0.085965,-0.245052,0.969509,0.001630,0.000000,0.000000,0.000000,-1,-0.217834,0.878021,-0.076950,-0.032461,0.015671,-0.153952,130.703690,288.821533,-744.496582,0,0
3.920000,-1.565620,-1.314674,-1.433616,0.958987,0.127160,0.253328,0.250952,0.034643,-0.967380,-0.131788,0.991277,0.001311,-0.693367,-0.136332,-0.043822,0.706212,0.076456,0.625450,-0.196152,0.060762,0.058652,-0.028260,-0.253328,0.967380,-0.001311,0.000000,0.000000,0.000000,-1,-0.177017,1.103638,0.048065,0.128630,0.650766,-0.137320,130.528488,287.599182,-743.995605,0,0
3.960000,-1.521202,-1.309344,-1.416328,0.960967,0.099459,0.258166,0.255406,0.039769,-0.966016,-0.106346,0.994247,0.012814,-0.690721,-0.128440,-0.054950,0.709498,0.088602,0.567336,-0.064123,0.071245,0.147693,0.128918,-0.258166,0.966016,-0.012814,0.000000,0.000000,0.000000,-1,-0.145889,1.089935,0.172180,-0.117771,0.191934,0.024897,128.951630,287.075317,-744.162598,0,0
4.000000,-1.521500,-1.309776,-1.426941,0.962050,0.089568,0.257753,0.255401,0.036996,-0.966127,-0.096070,0.995293,0.012716,-0.691436,-0.124729,-0.058459,0.709183,-0.249284,0.184794,0.068974,0.135484,0.110701,0.216376,-0.257753,0.966127,-0.012716,0.000000,0.000000,0.000000,-1,-0.136108,1.001846,0.286606,-0.493732,-0.144954,0.201820,129.827652,287.249939,-744.663574,0,0
4.040000,-1.644713,-1.322809,-1.547013,0.964732,0.096819,0.244783,0.245384,0.005837,-0.969408,-0.095286,0.995285,-0.018127,-0.703033,-0.121688,-0.053161,0.698649,-0.953118,-0.428471,0.475203,0.104631,0.036451,0.291306,-0.244783,0.969408,0.018127,0.000000,0.000000,0.000000,-1,-0.197708,1.180923,0.343262,-1.324051,-0.858896,0.637554,131.054092,287.075317,-741.156555,0,0
4.080000,-1.906377,-1.336699,-1.782095,0.967105,0.129364,0.219026,0.226806,-0.048650,-0.972724,-0.115180,0.990403,-0.076390,-0.723213,-0.123121,-0.035898,0.678613,-1.455830,-1.225446,0.684319,-0.026106,0.402734,0.236552,-0.219026,0.972724,0.076390,0.000000,0.000000,0.000000,-1,-0.282303,1.274429,0.338058,-1.839995,-1.808682,0.751771,133.331772,285.154510,-738.985535,0,0
4.120000,-2.402814,-1.314163,-2.213511,0.964482,0.201393,0.170923,0.203180,-0.152136,-0.967250,-0.168794,0.967624,-0.187651,-0.758991,-0.133260,-0.000701,0.637318,-2.414850,-1.199613,0.953257,-0.138068,0.135701,0.269609,-0.170923,0.967250,0.187651,0.000000,0.000000,0.000000,-1,-0.499695,0.981110,0.262177,-2.508463,-1.108636,0.963405,136.310287,281.836731,-735.144470,0,0
4.160000,-2.655402,-1.270690,-2.439667,0.963335,0.230012,0.138133,0.190880,-0.225737,-0.955305,-0.188550,0.946645,-0.261365,-0.782694,-0.134437,0.016104,0.607502,-2.100072,-1.431058,0.738088,-0.401098,-0.079939,-0.164594,-0.138133,0.955305,0.261365,0.000000,0.000000,0.000000,-1,-0.295212,0.791809,0.013412,-1.725283,-1.769509,0.714164,139.989609,278.868164,-729.967407,0,0
4.200000,-2.809513,-1.238371,-2.555241,0.957971,0.266408,0.106389,0.180571,-0.271827,-0.945254,-0.222904,0.924736,-0.308508,-0.796603,-0.140276,0.036566,0.586864,-1.061340,-0.940312,0.639327,-0.188823,-0.153444,-0.295095,-0.106389,0.945254,0.308508,0.000000,0.000000,0.000000,-1,0.110199,1.008682,0.307983,-1.239743,0.797198,0.665317,139.113571,277.995087,-730.468384,0,0
4.240000,-2.903835,-1.161195,-2.697131,0.970336,0.222826,0.093796,0.171234,-0.359551,-0.917280,-0.170669,0.906130,-0.387040,-0.824155,-0.119534,0.023319,0.553115,-1.452286,0.282484,0.186037,0.109528,0.052874,0.043410,-0.093796,0.917280,0.387040,0.000000,0.000000,0.000000,-1,-0.212631,0.770020,0.426804,-0.960267,0.015161,0.222196,139.288788,277.121979,-728.631348,0,0
