0.000000,-2.192098,1.560828,2.166665,0.999643,-0.025454,0.008105,-0.008250,-0.005594,0.999950,-0.025407,-0.999660,-0.005802,0.709056,-0.011883,-0.006100,0.705026,0.026610,-0.063731,0.012268,0.003436,0.006695,-0.012638,-0.008105,-0.999950,0.005802,0.000000,0.000000,0.000000,-1,-0.004425,-0.990463,-0.004990,0.022274,-0.159004,0.018555,137.536728,199.939926,-741.657593,0,0
0.040000,-2.187068,1.560492,2.159166,0.999575,-0.027922,0.008409,-0.008572,-0.005719,0.999947,-0.027872,-0.999594,-0.005956,0.709093,-0.012866,-0.006862,0.704965,0.021342,-0.066008,0.017791,0.004274,0.012551,-0.012685,-0.008409,-0.999947,0.005956,0.000000,0.000000,0.000000,-1,-0.005554,-0.985077,-0.004410,0.020170,-0.166414,0.026058,138.587952,198.193726,-741.323547,0,0
0.080000,-2.178357,1.560206,2.149092,0.999533,-0.029286,0.008695,-0.008868,-0.005789,0.999944,-0.029234,-0.999554,-0.006046,0.709113,-0.013452,-0.007241,0.704929,0.021348,-0.070243,0.022062,0.003141,0.014867,-0.010455,-0.008695,-0.999944,0.006046,0.000000,0.000000,0.000000,-1,-0.007553,-0.983597,-0.001709,0.025478,-0.161118,0.022784,138.062347,199.416077,-743.160583,0,0
0.120000,-2.197152,1.559231,2.165000,0.999438,-0.032177,0.009369,-0.009583,-0.006475,0.999933,-0.032115,-0.999461,-0.006779,0.709347,-0.014718,-0.008016,0.704660,0.031945,-0.041636,0.010114,-0.001708,0.014414,-0.006825,-0.009369,-0.999933,0.006779,0.000000,0.000000,0.000000,-1,-0.012360,-0.986252,0.000977,0.029709,-0.130389,0.010898,138.412750,199.765305,-741.490540,0,0
0.160000,-2.258317,1.558197,2.224772,0.999389,-0.033576,0.009736,-0.009999,-0.007664,0.999921,-0.033499,-0.999407,-0.007995,0.709762,-0.015348,-0.008370,0.704225,0.030839,-0.019393,-0.003798,0.003084,0.012051,0.001084,-0.009736,-0.999921,0.007995,0.000000,0.000000,0.000000,-1,-0.004623,-0.985535,0.012848,0.028610,-0.115565,-0.001921,138.237549,199.939926,-741.991577,0,0
0.200000,-2.315114,1.558008,2.281231,0.999380,-0.033915,0.009407,-0.009695,-0.008340,0.999918,-0.033834,-0.999390,-0.008664,0.709997,-0.015356,-0.008601,0.703984,0.026570,-0.017281,-0.009083,0.004783,0.014384,0.004184,-0.009407,-0.999918,0.008664,0.000000,0.000000,0.000000,-1,-0.005402,-0.983612,0.016724,0.027514,-0.115578,-0.010419,138.938370,200.638412,-740.989563,0,0
0.240000,-2.488463,1.557103,2.453852,0.999365,-0.034649,0.008321,-0.008692,-0.010581,0.999906,-0.034557,-0.999344,-0.010875,0.710778,-0.015244,-0.009228,0.703191,0.037243,-0.010110,-0.020755,-0.002452,0.015699,0.009602,-0.008321,-0.999906,0.010875,0.000000,0.000000,0.000000,-1,-0.023438,-0.985138,0.015945,0.039195,-0.097566,-0.018075,139.288788,199.241455,-741.991577,0,0
0.280000,-2.577227,1.555064,2.542777,0.999369,-0.034498,0.008415,-0.008868,-0.012995,0.999876,-0.034384,-0.999320,-0.013293,0.711628,-0.015235,-0.009123,0.702332,0.044726,0.011101,-0.015595,-0.016869,0.015242,0.000944,-0.008415,-0.999876,0.013293,0.000000,0.000000,0.000000,-1,-0.024399,-0.989227,0.015472,0.041372,-0.088007,-0.006441,138.412750,200.813034,-741.490540,0,0
0.320000,-2.586061,1.554116,2.551805,0.999372,-0.034311,0.008797,-0.009277,-0.013862,0.999861,-0.034184,-0.999315,-0.014172,0.711935,-0.015306,-0.008915,0.702022,0.039432,0.006870,-0.009125,-0.015602,0.010634,0.001301,-0.008797,-0.999861,0.014172,0.000000,0.000000,0.000000,-1,-0.019028,-0.990280,0.019287,0.037146,-0.095415,0.002149,138.763168,199.416077,-743.494568,0,0
0.360000,-2.600153,1.552087,2.565949,0.999366,-0.034273,0.009642,-0.010185,-0.015694,0.999825,-0.034116,-0.999289,-0.016033,0.712582,-0.015597,-0.008586,0.701363,0.030961,-0.004778,0.001675,-0.006136,0.013802,-0.003261,-0.009642,-0.999825,0.016033,0.000000,0.000000,0.000000,-1,-0.010727,-0.981964,0.014954,0.036106,-0.122963,0.013985,139.288788,199.590683,-741.323547,0,0
0.400000,-2.632783,1.550010,2.597365,0.999318,-0.035501,0.010125,-0.010761,-0.017782,0.999784,-0.035313,-0.999211,-0.018152,0.713311,-0.016214,-0.008828,0.700604,0.034258,-0.032646,0.011551,0.004083,0.019453,0.002448,-0.010125,-0.999784,0.018152,0.000000,0.000000,0.000000,-1,-0.011642,-0.982742,0.021942,0.031838,-0.132508,0.011948,139.288788,198.542969,-741.323547,0,0
0.440000,-2.646109,1.549244,2.610024,0.999293,-0.036172,0.010246,-0.010924,-0.018577,0.999768,-0.035973,-0.999173,-0.018959,0.713588,-0.016500,-0.009013,0.700314,0.033161,-0.033721,0.001995,-0.001396,0.017025,0.002983,-0.010246,-0.999768,0.018959,0.000000,0.000000,0.000000,-1,-0.016922,-0.990936,0.018875,0.030730,-0.133586,0.000264,137.887131,199.241455,-740.655518,0,0
0.480000,-2.664261,1.547790,2.626357,0.999222,-0.038001,0.010568,-0.011335,-0.020017,0.999735,-0.037779,-0.999077,-0.020433,0.714085,-0.017272,-0.009526,0.699781,0.023588,-0.034784,0.001048,-0.007849,0.010294,0.000396,-0.010568,-0.999735,0.020433,0.000000,0.000000,0.000000,-1,-0.020889,-0.987869,0.029373,0.012718,-0.121903,0.014238,140.340012,199.590683,-742.659546,0,0
0.520000,-2.639832,1.545987,2.600846,0.999164,-0.039103,0.011931,-0.012770,-0.021268,0.999692,-0.038838,-0.999009,-0.021749,0.714524,-0.018150,-0.009414,0.699312,0.018424,-0.013832,0.011849,-0.013139,0.017270,0.002711,-0.011931,-0.999692,0.021749,0.000000,0.000000,0.000000,-1,-0.028259,-0.983932,0.022537,0.021236,-0.110239,0.015156,137.536728,198.542969,-742.659546,0,0
0.560000,-2.624674,1.545162,2.585471,0.999146,-0.039332,0.012667,-0.013531,-0.021769,0.999671,-0.039043,-0.998989,-0.022283,0.714702,-0.018491,-0.009226,0.699123,0.027992,-0.009593,0.010668,-0.015592,0.015739,0.000255,-0.012667,-0.999671,0.022283,0.000000,0.000000,0.000000,-1,-0.025284,-0.988373,0.021072,0.023371,-0.098577,0.015079,139.814407,199.765305,-741.824585,0,0
0.600000,-2.589861,1.543775,2.550912,0.999135,-0.039098,0.014162,-0.015047,-0.022441,0.999635,-0.038766,-0.998983,-0.023009,0.714945,-0.018933,-0.008603,0.698871,0.014184,0.013731,0.010728,-0.007689,0.008256,-0.004638,-0.014162,-0.999635,0.023009,0.000000,0.000000,0.000000,-1,-0.014725,-0.989166,0.017395,0.006373,-0.076314,0.014103,139.288788,197.844482,-741.323547,0,0
0.640000,-2.573263,1.543476,2.535363,0.999167,-0.038057,0.014702,-0.015564,-0.022449,0.999627,-0.037712,-0.999023,-0.023022,0.714954,-0.018750,-0.008046,0.698873,0.000369,0.025392,0.010828,0.006249,0.014291,0.000079,-0.014702,-0.999627,0.023022,0.000000,0.000000,0.000000,-1,-0.006271,-0.984711,0.022858,-0.002130,-0.068894,0.013099,138.938370,199.939926,-740.655518,0,0
0.680000,-2.576879,1.543595,2.539805,0.999201,-0.037230,0.014555,-0.015397,-0.022419,0.999630,-0.036889,-0.999055,-0.022975,0.714947,-0.018402,-0.007810,0.698893,0.000432,0.022032,0.008871,0.009810,0.014965,-0.000209,-0.014555,-0.999630,0.022975,0.000000,0.000000,0.000000,-1,0.001450,-0.986588,0.027725,0.007416,-0.081621,0.009860,138.237549,199.241455,-741.991577,0,0
0.720000,-2.620043,1.543571,2.583158,0.999222,-0.037033,0.013563,-0.014424,-0.023087,0.999629,-0.036706,-0.999047,-0.023603,0.715177,-0.017988,-0.008090,0.698665,0.008881,-0.015090,0.000420,0.013731,0.013286,0.001437,-0.013563,-0.999629,0.023603,0.000000,0.000000,0.000000,-1,-0.005569,-0.984421,0.028671,0.005236,-0.121919,0.003684,139.639191,199.241455,-742.325562,0,0
0.760000,-2.646618,1.543017,2.608516,0.999181,-0.038251,0.013194,-0.014115,-0.023921,0.999614,-0.037920,-0.998982,-0.024442,0.715462,-0.018298,-0.008640,0.698358,0.012068,-0.023572,0.000419,-0.001684,0.011318,0.002978,-0.013194,-0.999614,0.024442,0.000000,0.000000,0.000000,-1,-0.017410,-0.986755,0.026474,0.011619,-0.121917,0.004677,138.412750,199.765305,-741.490540,0,0
0.800000,-2.647018,1.542643,2.608485,0.999162,-0.038685,0.013362,-0.014306,-0.024244,0.999604,-0.038346,-0.998957,-0.024777,0.715574,-0.018514,-0.008729,0.698237,0.015266,-0.019330,0.001431,-0.004873,0.010910,0.000690,-0.013362,-0.999604,0.024777,0.000000,0.000000,0.000000,-1,-0.018906,-0.985153,0.025879,0.014824,-0.116611,0.007809,138.062347,198.019104,-741.156555,0,0
0.840000,-2.635903,1.541556,2.596296,0.999108,-0.039774,0.014162,-0.015164,-0.024996,0.999572,-0.039403,-0.998896,-0.025577,0.715836,-0.019187,-0.008815,0.697950,0.009974,-0.025681,0.008970,-0.006757,0.015884,-0.000705,-0.014162,-0.999573,0.025577,0.000000,0.000000,0.000000,-1,-0.025665,-0.985779,0.023346,0.008458,-0.120846,0.012153,139.113571,197.320633,-740.822571,0,0
0.880000,-2.613201,1.540723,2.572770,0.999060,-0.040611,0.015159,-0.016196,-0.025334,0.999548,-0.040209,-0.998854,-0.025968,0.715954,-0.019836,-0.008747,0.697810,0.014254,-0.017290,0.005852,-0.011101,0.013723,-0.004194,-0.015159,-0.999548,0.025968,0.000000,0.000000,0.000000,-1,-0.026093,-0.986267,0.018082,0.011649,-0.108126,0.009933,137.887131,198.542969,-741.657593,0,0
0.920000,-2.598328,1.540281,2.557754,0.999044,-0.040763,0.015772,-0.016818,-0.025456,0.999534,-0.040342,-0.998844,-0.026118,0.715999,-0.020105,-0.008579,0.697759,0.013194,0.002850,0.003651,-0.010321,0.013267,-0.008036,-0.015772,-0.999534,0.026118,0.000000,0.000000,0.000000,-1,-0.022598,-0.986801,0.017105,0.012720,-0.092225,0.008786,140.164810,198.717590,-740.822571,0,0
0.960000,-2.575108,1.539854,2.534980,0.999049,-0.040328,0.016603,-0.017637,-0.025418,0.999521,-0.039887,-0.998863,-0.026105,0.715991,-0.020240,-0.008130,0.697769,0.007900,0.013459,0.008986,-0.002699,0.010492,-0.004285,-0.016603,-0.999521,0.026105,0.000000,0.000000,0.000000,-1,-0.016922,-0.989197,0.022598,0.006368,-0.082675,0.014131,138.763168,199.416077,-741.490540,0,0
1.000000,-2.565130,1.539547,2.525607,0.999065,-0.039730,0.017030,-0.018052,-0.025502,0.999512,-0.039276,-0.998885,-0.026195,0.716024,-0.020174,-0.007767,0.697741,0.008959,0.015572,0.012263,0.002321,0.013077,-0.005123,-0.017030,-0.999512,0.026195,0.000000,0.000000,0.000000,-1,-0.016281,-0.984131,0.021133,0.004242,-0.082675,0.014155,139.639191,199.590683,-740.989563,0,0
1.040000,-2.559896,1.539476,2.520853,0.999081,-0.039252,0.017206,-0.018214,-0.025473,0.999510,-0.038794,-0.998905,-0.026165,0.716017,-0.020064,-0.007538,0.697754,0.005748,0.016624,0.006974,0.003961,0.015363,-0.004619,-0.017206,-0.999510,0.026165,0.000000,0.000000,0.000000,-1,-0.007980,-0.984909,0.022324,0.003169,-0.080560,0.010966,138.938370,199.241455,-740.655518,0,0
1.080000,-2.574486,1.539428,2.536175,0.999116,-0.038520,0.016848,-0.017849,-0.025789,0.999508,-0.038066,-0.998925,-0.026454,0.716128,-0.019678,-0.007407,0.697652,0.013199,0.011328,0.011162,0.017062,0.013409,-0.002681,-0.016848,-0.999508,0.026454,0.000000,0.000000,0.000000,-1,-0.001038,-0.986343,0.027405,0.008483,-0.102817,0.015263,138.062347,199.765305,-740.154541,0,0
1.120000,-2.601910,1.539327,2.563330,0.999117,-0.038784,0.016168,-0.017197,-0.026348,0.999505,-0.038339,-0.998900,-0.026992,0.716320,-0.019538,-0.007738,0.697456,0.008917,-0.019422,0.009209,0.015405,0.012368,0.002793,-0.016168,-0.999505,0.026992,0.000000,0.000000,0.000000,-1,-0.010696,-0.984253,0.029175,0.008458,-0.120846,0.012153,138.412750,200.114548,-740.822571,0,0
1.160000,-2.615306,1.539140,2.576016,0.999093,-0.039493,0.015899,-0.016962,-0.026722,0.999499,-0.039048,-0.998863,-0.027368,0.716447,-0.019699,-0.008078,0.697317,0.013072,-0.023630,0.003952,0.005203,0.015246,0.001807,-0.015899,-0.999499,0.027368,0.000000,0.000000,0.000000,-1,-0.022400,-0.986298,0.025116,0.011621,-0.118737,0.004663,138.938370,199.939926,-742.325562,0,0
1.200000,-2.617206,1.538443,2.577089,0.999055,-0.040327,0.016196,-0.017306,-0.027329,0.999477,-0.039864,-0.998813,-0.028001,0.716657,-0.020105,-0.008256,0.697088,0.014107,-0.006683,-0.006768,-0.012307,0.013332,-0.003053,-0.016196,-0.999477,0.028002,0.000000,0.000000,0.000000,-1,-0.034698,-0.988464,0.026596,0.010540,-0.089067,-0.006097,138.587952,198.892212,-742.325562,0,0
1.240000,-2.598637,1.537788,2.559031,0.999061,-0.039830,0.017051,-0.018156,-0.027558,0.999455,-0.039338,-0.998826,-0.028256,0.716742,-0.020226,-0.007774,0.697002,0.003493,0.028300,-0.008924,-0.019723,0.011327,-0.001095,-0.017051,-0.999455,0.028256,0.000000,0.000000,0.000000,-1,-0.035065,-0.985336,0.026855,-0.000069,-0.064680,-0.005026,139.639191,198.542969,-740.655518,0,0
1.280000,-2.577563,1.537366,2.539195,0.999095,-0.038604,0.017868,-0.018939,-0.027541,0.999441,-0.038091,-0.998875,-0.028247,0.716743,-0.020071,-0.007054,0.697013,-0.001806,0.050563,-0.008955,-0.017196,0.014105,-0.001391,-0.017868,-0.999441,0.028247,0.000000,0.000000,0.000000,-1,-0.027054,-0.985413,0.028748,-0.005370,-0.040297,-0.006141,138.412750,199.416077,-741.824585,0,0
1.320000,-2.556385,1.537248,2.521226,0.999201,-0.035405,0.018528,-0.019499,-0.027292,0.999437,-0.034879,-0.999000,-0.027960,0.716668,-0.019153,-0.005704,0.697128,-0.005093,0.068630,-0.006787,-0.007748,0.014681,0.000864,-0.018528,-0.999437,0.027960,0.000000,0.000000,0.000000,-1,-0.023880,-0.985535,0.025360,-0.003203,-0.028622,0.002292,138.763168,200.813034,-740.154541,0,0
1.360000,-2.542016,1.537141,2.509658,0.999288,-0.032610,0.018988,-0.019877,-0.027151,0.999434,-0.032076,-0.999099,-0.027780,0.716627,-0.018310,-0.004566,0.697201,0.001326,0.069706,0.003778,-0.003153,0.015715,-0.004083,-0.018988,-0.999434,0.027780,0.000000,0.000000,0.000000,-1,-0.014008,-0.983597,0.023193,0.000018,-0.029670,0.010771,139.463989,199.416077,-742.158569,0,0
1.400000,-2.532580,1.537229,2.502756,0.999363,-0.030078,0.019199,-0.020011,-0.026942,0.999437,-0.029543,-0.999184,-0.027527,0.716560,-0.017475,-0.003609,0.697297,-0.001839,0.052758,0.014524,0.009311,0.015291,-0.003067,-0.019199,-0.999437,0.027527,0.000000,0.000000,0.000000,-1,-0.005463,-0.984695,0.026855,-0.004218,-0.055100,0.020506,139.989609,199.590683,-741.657593,0,0
1.440000,-2.532474,1.537454,2.503680,0.999396,-0.029045,0.019073,-0.019852,-0.026780,0.999444,-0.028518,-0.999219,-0.027340,0.716505,-0.017061,-0.003296,0.697366,-0.001853,0.019896,0.017858,0.016143,0.015344,-0.002682,-0.019073,-0.999444,0.027340,0.000000,0.000000,0.000000,-1,0.002090,-0.989120,0.019394,-0.003185,-0.090089,0.019589,138.763168,198.717590,-741.156555,0,0
1.480000,-2.538919,1.539143,2.510151,0.999419,-0.028993,0.017940,-0.018682,-0.025546,0.999499,-0.028521,-0.999253,-0.026073,0.716072,-0.016645,-0.003694,0.697818,-0.038225,-0.004462,0.002453,0.018428,0.011798,-0.010982,-0.017940,-0.999499,0.026072,0.000000,0.000000,0.000000,-1,-0.003922,-0.995834,-0.007248,-0.063853,-0.101775,0.004354,137.361511,200.463791,-741.156555,0,0
1.520000,-2.460834,1.543430,2.431389,0.999413,-0.029620,0.017222,-0.017840,-0.020747,0.999626,-0.029251,-0.999346,-0.021264,0.714392,-0.016609,-0.004210,0.699536,-0.089294,-0.051106,0.006410,0.002177,-0.000588,-0.012871,-0.017222,-0.999626,0.021264,0.000000,0.000000,0.000000,-1,-0.028168,-0.974411,0.030579,-0.084020,-0.165355,0.026138,138.938370,198.892212,-742.325562,0,0
1.560000,-2.387405,1.543760,2.355892,0.999327,-0.031684,0.018510,-0.019121,-0.019110,0.999635,-0.031319,-0.999315,-0.019703,0.713817,-0.017794,-0.004486,0.700092,-0.049826,-0.068014,0.043286,0.001588,0.035630,0.020214,-0.018510,-0.999635,0.019703,0.000000,0.000000,0.000000,-1,-0.005096,-0.986313,0.021027,0.017013,-0.187599,0.038953,138.412750,198.368347,-741.824585,0,0
1.600000,-2.430651,1.541998,2.394379,0.999158,-0.036463,0.018790,-0.019569,-0.021123,0.999585,-0.036051,-0.999112,-0.021819,0.714510,-0.019605,-0.006039,0.699324,0.041481,-0.114703,0.016951,0.006812,0.014325,-0.007171,-0.018790,-0.999585,0.021819,0.000000,0.000000,0.000000,-1,-0.021149,-0.986145,0.012451,0.033933,-0.226850,0.022988,139.113571,199.765305,-742.492554,0,0
1.640000,-2.406860,1.541428,2.366338,0.998977,-0.040718,0.019686,-0.020552,-0.020973,0.999569,-0.040287,-0.998951,-0.021789,0.714447,-0.021440,-0.007209,0.699324,-0.001144,-0.087027,0.024778,-0.005110,0.013851,-0.010818,-0.019686,-0.999569,0.021789,0.000000,0.000000,0.000000,-1,-0.022446,-0.985458,0.024216,0.002108,-0.178068,0.031628,139.463989,200.463791,-741.490540,0,0
1.680000,-2.393783,1.540488,2.351046,0.998865,-0.042943,0.020608,-0.021538,-0.021317,0.999541,-0.042484,-0.998850,-0.022218,0.714771,-0.022844,-0.007722,0.698942,0.033942,-0.045693,0.015698,-0.006800,0.017023,0.016726,-0.020895,-0.999521,0.022840,0.000000,0.000000,0.000000,-1,-0.048203,-0.984604,0.032730,0.047801,-0.121903,0.013852,138.938370,199.241455,-740.989563,0,0
1.720000,-2.413804,1.536418,2.369697,0.998753,-0.044374,0.022864,-0.023974,-0.024630,0.999409,-0.043785,-0.998711,-0.025663,0.715725,-0.023874,-0.007307,0.697936,0.062660,-0.009655,0.009914,-0.027001,0.015217,0.001162,-0.022864,-0.999409,0.025663,0.000000,0.000000,0.000000,-1,-0.057938,-0.982712,0.012268,0.058450,-0.093279,0.012541,138.237549,198.892212,-741.323547,0,0
1.760000,-2.382881,1.533955,2.339504,0.998724,-0.043688,0.025341,-0.026476,-0.025607,0.999321,-0.043010,-0.998717,-0.026731,0.716076,-0.024496,-0.006169,0.697565,0.024396,0.031687,0.005913,-0.035221,0.011040,-0.020703,-0.025341,-0.999321,0.026731,0.000000,0.000000,0.000000,-1,-0.058563,-0.997131,0.003418,0.002137,-0.054050,0.014049,138.938370,199.241455,-742.325562,0,0
1.800000,-2.312943,1.533588,2.272096,0.998776,-0.041165,0.027417,-0.028420,-0.024001,0.999308,-0.040479,-0.998864,-0.025142,0.715528,-0.024313,-0.004564,0.698146,-0.018245,0.089055,0.011472,-0.000537,0.010676,-0.007167,-0.027417,-0.999308,0.025142,0.000000,0.000000,0.000000,-1,-0.016434,-0.988785,0.022430,-0.005337,0.013770,-0.008513,137.536728,199.241455,-741.323547,0,0
1.840000,-2.320844,1.534631,2.284271,0.998970,-0.036878,0.026455,-0.027339,-0.023664,0.999346,-0.036228,-0.999040,-0.024648,0.715416,-0.022440,-0.003415,0.698330,0.002909,0.101730,-0.019671,0.002590,0.014101,-0.008946,-0.026455,-0.999346,0.024648,0.000000,0.000000,0.000000,-1,-0.044159,-0.980652,0.007767,-0.003255,-0.012745,-0.014799,139.989609,200.289169,-740.321533,0,0
1.880000,-2.283595,1.535261,2.249967,0.999063,-0.033922,0.026878,-0.027644,-0.022317,0.999369,-0.033300,-0.999175,-0.023234,0.714950,-0.021528,-0.002246,0.698841,-0.018357,0.064635,-0.010752,-0.013664,0.017130,-0.018076,-0.026878,-0.999369,0.023234,0.000000,0.000000,0.000000,-1,-0.036118,-0.991287,0.001938,-0.021315,-0.015919,-0.010330,139.463989,198.368347,-740.822571,0,0
1.920000,-2.225148,1.537065,2.196084,0.999212,-0.029324,0.026758,-0.027344,-0.019740,0.999431,-0.028779,-0.999375,-0.020526,0.714051,-0.019840,-0.000707,0.699812,-0.027890,0.150505,-0.015286,-0.000845,0.004497,-0.026950,-0.026758,-0.999431,0.020526,0.000000,0.000000,0.000000,-1,0.006516,-0.973816,0.009384,0.003226,0.080566,-0.006781,138.237549,200.289169,-741.991577,0,0
1.960000,-2.241803,1.539180,2.220192,0.999455,-0.021846,0.024758,-0.025177,-0.019116,0.999500,-0.021362,-0.999579,-0.019655,0.713832,-0.016468,0.001189,0.700122,0.038962,0.219446,-0.017403,0.036797,0.030262,0.004805,-0.024758,-0.999500,0.019655,0.000000,0.000000,0.000000,-1,-0.003448,-0.990097,0.025604,0.052136,0.114485,-0.012792,139.288788,198.193726,-741.991577,0,0
2.000000,-2.332346,1.539198,2.318269,0.999636,-0.014323,0.022866,-0.023171,-0.021477,0.999501,-0.013825,-0.999667,-0.021801,0.714653,-0.013116,0.003163,0.699349,0.023010,0.161148,-0.007403,0.013299,-0.001323,0.005238,-0.022866,-0.999501,0.021801,0.000000,0.000000,0.000000,-1,-0.026306,-1.007401,0.016632,0.005347,0.051947,-0.002421,138.237549,198.193726,-742.659546,0,0
2.040000,-2.316749,1.539816,2.308053,0.999701,-0.008934,0.022749,-0.022931,-0.020823,0.999520,-0.008456,-0.999743,-0.021022,0.714414,-0.011151,0.005002,0.699617,-0.017437,0.118735,-0.009956,0.001235,0.009988,-0.018062,-0.022749,-0.999520,0.021022,0.000000,0.000000,0.000000,-1,0.004227,-0.963882,0.002960,-0.040488,0.009503,-0.025126,139.814407,198.717590,-741.156555,0,0
2.080000,-2.300640,1.542955,2.296052,0.999773,-0.004779,0.020747,-0.020832,-0.018465,0.999613,-0.004394,-0.999818,-0.018561,0.713582,-0.008973,0.005729,0.700490,-0.036761,0.076267,-0.048916,0.036265,0.039163,-0.014304,-0.020747,-0.999612,0.018561,0.000000,0.000000,0.000000,-1,0.024323,-0.969803,0.008423,-0.027888,-0.050973,-0.054776,139.113571,199.416077,-741.824585,0,0
2.120000,-2.377017,1.546103,2.373256,0.999846,-0.003913,0.017092,-0.017159,-0.017755,0.999695,-0.003608,-0.999835,-0.017819,0.713341,-0.007385,0.004726,0.700763,0.004347,-0.011749,-0.089399,0.030764,0.023026,-0.005459,-0.017092,-0.999695,0.017819,0.000000,0.000000,0.000000,-1,-0.013184,-0.986847,0.018707,0.014456,-0.123118,-0.088956,139.288788,199.939926,-742.993591,0,0
2.160000,-2.523082,1.548269,2.517751,0.999900,-0.005450,0.013061,-0.013158,-0.018282,0.999746,-0.005210,-0.999818,-0.018352,0.713536,-0.006520,0.002751,0.700583,0.003252,-0.059457,-0.088111,-0.022492,0.017294,-0.013698,-0.013061,-0.999746,0.018352,0.000000,0.000000,0.000000,-1,-0.055115,-0.977783,-0.005310,-0.035507,-0.153853,-0.080821,139.989609,199.590683,-741.657593,0,0
2.200000,-2.573093,1.551619,2.565808,0.999920,-0.007368,0.010324,-0.010441,-0.016084,0.999816,-0.007200,-0.999844,-0.016160,0.712770,-0.006246,0.001096,0.701369,-0.090294,-0.031896,-0.089326,-0.043845,0.022033,-0.020631,-0.010324,-0.999816,0.016160,0.000000,0.000000,0.000000,-1,-0.032532,-0.985992,0.000732,-0.102493,-0.117820,-0.089818,139.113571,200.114548,-741.824585,0,0
2.240000,-2.616148,1.556932,2.608961,0.999950,-0.007229,0.006954,-0.007040,-0.011944,0.999904,-0.007145,-0.999903,-0.011994,0.711317,-0.005015,-0.000067,0.702853,-0.082888,0.040162,-0.113129,-0.010990,0.012920,-0.010804,-0.006954,-0.999904,0.011994,0.000000,0.000000,0.000000,-1,0.001373,-0.996521,0.000961,-0.067433,-0.031979,-0.113994,139.113571,198.717590,-742.158569,0,0
2.280000,-2.939100,1.561275,2.935808,0.999993,-0.003301,0.001915,-0.001945,-0.009320,0.999955,-0.003283,-0.999951,-0.009326,0.710394,-0.001846,-0.000481,0.703802,-0.055367,0.132434,-0.130887,0.009788,0.005341,0.001416,-0.001915,-0.999955,0.009326,0.000000,0.000000,0.000000,-1,-0.012695,-0.987961,0.012863,-0.049284,0.042244,-0.109210,138.763168,199.765305,-742.492554,0,0
2.320000,2.846180,1.562920,-2.844120,0.999995,0.002069,-0.002293,0.002308,-0.007530,0.999969,0.002052,-0.999969,-0.007535,0.709764,0.001542,-0.000085,0.704438,-0.048810,0.118726,-0.080903,-0.026264,0.014221,0.004871,0.002293,-0.999969,0.007535,0.000000,0.000000,0.000000,-1,-0.024490,-0.961487,0.047531,-0.041696,-0.008573,-0.060134,138.763168,199.765305,-741.824585,0,0
2.360000,2.695304,1.563744,-2.691930,0.999990,0.003384,-0.003044,0.003065,-0.006351,0.999975,0.003365,-0.999974,-0.006361,0.709349,0.002273,0.000113,0.704854,-0.055994,-0.029557,0.017712,-0.043220,0.022757,0.041353,0.003044,-0.999975,0.006361,0.000000,0.000000,0.000000,-1,-0.028671,-0.982391,0.052933,-0.060480,-0.165294,0.066299,138.587952,199.939926,-741.991577,0,0
2.400000,-2.833723,1.565687,2.832940,0.999999,-0.000786,0.001548,-0.001552,-0.004868,0.999987,-0.000779,-0.999988,-0.004869,0.708826,-0.000825,0.000271,0.705383,-0.021706,-0.186316,0.119101,0.020729,0.024325,0.046797,-0.001548,-0.999987,0.004869,0.000000,0.000000,0.000000,-1,0.095123,-0.993851,0.015457,0.024741,-0.279694,0.133954,137.711929,199.066833,-742.826599,0,0
2.440000,-2.503517,1.562011,2.495355,0.999953,-0.008180,0.005233,-0.005290,-0.007014,0.999961,-0.008143,-0.999942,-0.007057,0.709581,-0.004746,-0.001025,0.704607,0.039772,-0.170382,0.095972,0.106994,0.011833,-0.004707,-0.005233,-0.999961,0.007057,0.000000,0.000000,0.000000,-1,0.081146,-0.998566,-0.018692,0.026641,-0.293563,0.076555,139.288788,199.939926,-741.657593,0,0
2.480000,-2.476523,1.560784,2.460110,0.999846,-0.016436,0.006178,-0.006307,-0.007776,0.999950,-0.016387,-0.999835,-0.007878,0.709841,-0.008010,-0.003596,0.704307,0.025416,-0.186495,-0.043144,0.071913,0.002620,-0.033818,-0.006178,-0.999950,0.007878,0.000000,0.000000,0.000000,-1,0.029663,-0.984985,-0.036102,0.050636,-0.211075,-0.062365,138.237549,199.939926,-742.325562,0,0
2.520000,-2.854227,1.558387,2.836991,0.999845,-0.017256,0.003517,-0.003722,-0.011838,0.999923,-0.017213,-0.999781,-0.011901,0.711264,-0.007373,-0.004814,0.702870,0.174455,0.110352,-0.052509,0.013374,0.009063,-0.045027,-0.003517,-0.999923,0.011901,0.000000,0.000000,0.000000,-1,0.102478,-0.949814,-0.013733,0.256294,0.157954,-0.014175,139.639191,200.987656,-741.657593,0,0
2.560000,-3.025047,1.548629,3.017793,0.999970,-0.007283,0.002577,-0.002737,-0.021996,0.999754,-0.007224,-0.999732,-0.022015,0.714839,-0.003504,-0.001625,0.699278,0.288435,0.303340,-0.033362,0.128295,0.073820,-0.020642,-0.002577,-0.999754,0.022015,0.000000,0.000000,0.000000,-1,0.148544,-0.910248,0.013626,0.292388,0.188670,-0.034922,138.938370,199.590683,-741.323547,0,0
2.600000,-3.093122,1.535988,3.095879,0.999995,0.002728,0.001686,-0.001590,-0.034765,0.999394,0.002785,-0.999392,-0.034761,0.719291,0.000395,0.001554,0.694707,0.359561,0.192049,-0.012402,0.158959,0.085652,-0.033235,-0.001686,-0.999394,0.034761,0.000000,0.000000,0.000000,-1,0.159241,-0.931549,-0.036179,0.372153,0.037118,0.003177,138.412750,200.114548,-743.160583,0,0
2.640000,3.107609,1.523421,-3.102398,0.999985,0.005249,-0.001609,0.001856,-0.047321,0.998878,0.005167,-0.998866,-0.047330,0.723643,0.002455,0.001229,0.690169,0.324494,-0.008258,0.036729,0.145943,0.043998,-0.105207,0.001609,-0.998878,0.047330,0.000000,0.000000,0.000000,-1,0.112259,-0.985214,-0.086746,0.262775,-0.082598,0.062363,138.938370,199.590683,-742.325562,0,0
2.680000,-3.126919,1.513226,3.133095,0.999981,0.006152,0.000844,-0.000489,-0.057536,0.998343,0.006190,-0.998324,-0.057532,0.727160,0.001947,0.002418,0.686460,0.207733,0.066006,0.071720,0.104268,0.009284,-0.145759,-0.000844,-0.998343,0.057532,0.000000,0.000000,0.000000,-1,0.073822,-1.000320,-0.073563,0.193760,-0.008371,0.071299,138.412750,200.813034,-741.490540,0,1
2.720000,-3.081947,1.505888,3.093617,0.999926,0.011545,0.003867,-0.003111,-0.064788,0.997894,0.011772,-0.997832,-0.064747,0.729634,0.002890,0.005358,0.683811,0.170632,0.204894,0.072566,0.077277,0.003982,-0.138691,-0.003867,-0.997894,0.064747,0.000000,0.000000,0.000000,-1,0.090393,-0.990875,-0.057709,0.168412,0.134780,0.086888,139.113571,200.114548,-742.492554,0,0
2.760000,-3.066625,1.502553,3.087947,0.999763,0.021146,0.005107,-0.003656,-0.068092,0.997672,0.021445,-0.997455,-0.067998,0.730728,0.005984,0.009084,0.682582,0.164356,0.271659,0.118035,0.119762,0.008552,-0.102773,-0.005107,-0.997672,0.067998,0.000000,0.000000,0.000000,-1,0.119995,-0.968613,0.019287,0.144110,0.159218,0.122148,138.412750,199.765305,-741.490540,0,0
2.800000,-3.043777,1.498151,3.074676,0.999505,0.030637,0.007088,-0.004853,-0.072419,0.997363,0.031069,-0.996904,-0.072234,0.732147,0.008804,0.013029,0.680965,0.131433,0.209143,0.143121,0.105416,0.039004,-0.044219,-0.007088,-0.997362,0.072234,0.000000,0.000000,0.000000,-1,0.075623,-0.964111,0.015137,0.119687,0.101995,0.141822,139.288788,199.939926,-742.993591,0,0
2.840000,-2.971030,1.494052,3.012011,0.999096,0.040474,0.013014,-0.009907,-0.076027,0.997057,0.041345,-0.996284,-0.075557,0.733260,0.010422,0.018533,0.679616,0.018744,0.351168,0.116066,0.098432,0.027910,-0.073726,-0.013014,-0.997057,0.075557,0.000000,0.000000,0.000000,-1,0.127121,-1.018234,-0.010956,-0.050386,0.330942,0.104370,136.660690,199.416077,-741.490540,0,0
2.880000,-2.918573,1.496789,2.972871,0.998425,0.053675,0.016354,-0.012416,-0.072890,0.997263,0.054720,-0.995895,-0.072108,0.732022,0.014091,0.024273,0.680703,-0.204734,0.462367,0.037184,0.153774,-0.071707,-0.084712,-0.016354,-0.997263,0.072108,0.000000,0.000000,0.000000,-1,0.239655,-1.179611,-0.005173,-0.250717,0.310619,-0.012467,136.135071,198.542969,-740.655518,0,0
2.920000,-2.929027,1.511759,2.996658,0.997661,0.067217,0.012448,-0.008522,-0.058384,0.998258,0.067826,-0.996029,-0.057675,0.726932,0.020186,0.027607,0.685857,-0.371767,0.063250,-0.179324,0.295941,-0.192065,-0.064419,-0.012448,-0.998258,0.057675,0.000000,0.000000,0.000000,-1,0.175278,-1.166702,-0.008118,-0.455927,-0.120129,-0.211431,137.887131,198.892212,-741.323547,0,0
2.960000,-3.093473,1.536860,-3.125472,0.997938,0.064168,0.001632,0.000547,-0.033925,0.999424,0.064186,-0.997362,-0.033891,0.718636,0.022513,0.022897,0.694644,-0.809543,-0.235970,-0.333770,0.140975,-0.133388,-0.046357,-0.001632,-0.999424,0.033891,0.000000,0.000000,0.000000,-1,-0.010345,-1.056610,-0.027954,-1.145967,-0.596469,-0.406973,138.062347,198.019104,-741.824585,0,0
3.000000,1.645000,1.560239,-1.594457,0.998667,0.050522,-0.010528,0.010554,-0.000250,0.999944,0.050517,-0.998723,-0.000783,0.707054,0.021596,0.014139,0.706689,-1.314216,-0.628426,-0.446636,-0.020874,-0.056666,-0.028737,0.010528,-0.999944,0.000783,0.000000,0.000000,0.000000,-1,-0.093689,-1.070297,-0.075073,-1.470705,-0.844675,-0.480989,138.412750,196.971390,-744.162598,0,0
3.040000,0.409860,1.473293,-0.389861,0.999081,0.018248,-0.038792,0.036998,0.090044,0.995250,0.021654,-0.995771,0.089286,0.674491,0.020477,-0.006352,0.737972,-2.175068,-0.387084,-0.693529,-0.173099,-0.117009,-0.101770,0.038792,-0.995250,-0.089286,0.000000,0.000000,0.000000,-1,-0.184845,-1.080276,-0.157639,-2.234460,-0.353058,-0.686469,140.690430,197.146011,-746.333618,0,0
3.080000,0.327465,1.362767,-0.319025,0.997789,0.001855,-0.066430,0.064777,0.196110,0.978440,0.014842,-0.980580,0.195557,0.633664,0.026288,-0.020353,0.772893,-1.941089,-0.288226,-0.402891,-0.231316,-0.037612,0.087845,0.066430,-0.978440,-0.195557,0.000000,0.000000,0.000000,-1,-0.096024,-0.958603,-0.126282,-1.651134,-0.439252,-0.197881,139.639191,197.495255,-748.671631,0,0
3.120000,0.280828,1.312332,-0.281286,0.997444,-0.009302,-0.070839,0.070951,0.245551,0.966784,0.008401,-0.969339,0.245584,0.613659,0.025115,-0.025437,0.788762,-1.547868,-0.406563,-0.136507,-0.128487,-0.001356,0.099313,0.070839,-0.966784,-0.245584,0.000000,0.000000,0.000000,-1,0.019379,-1.058853,-0.142227,-1.373343,-0.517559,-0.101664,140.865631,198.019104,-750.508667,0,0
3.160000,0.236264,1.260784,-0.251122,0.997117,-0.025666,-0.071408,0.075807,0.295502,0.952330,-0.003341,-0.954997,0.296596,0.592668,0.021151,-0.031531,0.804552,-1.034514,-0.295332,-0.202235,-0.021543,-0.017855,0.161494,0.071408,-0.952330,-0.296596,0.000000,0.000000,0.000000,-1,0.043793,-0.883789,-0.246246,-0.917637,-0.261218,-0.259955,141.566467,196.971390,-751.510681,0,0
3.200000,0.246858,1.227133,-0.265032,0.996092,-0.031963,-0.082334,0.088258,0.325174,0.941527,-0.003321,-0.945114,0.326724,0.579697,0.024278,-0.036939,0.813632,-0.609599,0.018258,-0.361509,-0.051557,0.055571,0.054110,0.082334,-0.941527,-0.326724,0.000000,0.000000,0.000000,-1,0.015289,-0.861816,-0.283081,-0.493715,-0.119301,-0.365257,141.566467,196.971390,-751.176697,0,0
3.240000,0.272217,1.210401,-0.294867,0.994724,-0.039176,-0.094814,0.102483,0.337424,0.935758,-0.004666,-0.940537,0.339659,0.573943,0.027576,-0.043332,0.817283,-0.120491,-0.132220,-0.318354,-0.088284,0.102780,0.073759,0.094814,-0.935758,-0.339659,0.000000,0.000000,0.000000,-1,-0.005753,-0.742447,-0.266312,0.142566,-0.332127,-0.188350,142.617691,197.320633,-753.514709,0,0
3.280000,0.282585,1.218566,-0.319403,0.993947,-0.053062,-0.096197,0.108327,0.327543,0.938606,-0.018296,-0.943345,0.331309,0.577732,0.023915,-0.049544,0.814371,0.413496,-0.313979,0.074411,-0.090887,0.231788,0.053690,0.096197,-0.938606,-0.331309,0.000000,0.000000,0.000000,-1,0.017944,-0.708359,-0.298615,0.502098,-0.424894,0.161260,142.092072,196.447525,-752.679688,0,0
3.320000,0.268993,1.236678,-0.315664,0.994349,-0.060624,-0.087153,0.101807,0.311733,0.944700,-0.030104,-0.948234,0.316143,0.584481,0.017615,-0.050154,0.809664,0.681099,-0.348653,0.280107,-0.057505,0.225370,0.026425,0.087153,-0.944700,-0.316143,0.000000,0.000000,0.000000,-1,0.071671,-0.753647,-0.266708,0.758905,-0.439496,0.319116,142.968109,196.971390,-751.176697,0,0
3.360000,0.244280,1.272052,-0.301241,0.995200,-0.067161,-0.071184,0.087327,0.281067,0.955707,-0.044178,-0.957335,0.285583,0.597610,0.008436,-0.048260,0.800289,0.898365,-0.158780,0.341742,0.011275,0.183276,0.017669,0.071184,-0.955707,-0.285582,0.000000,0.000000,0.000000,-1,0.099304,-0.851562,-0.381119,0.905797,-0.101321,0.295761,141.391251,196.796768,-750.675659,0,0
3.400000,0.237055,1.316768,-0.291368,0.996360,-0.061505,-0.059017,0.072191,0.240713,0.967908,-0.045326,-0.968646,0.244277,0.614689,0.004346,-0.042437,0.787615,0.713063,0.200394,0.185797,0.046376,0.024793,-0.152955,0.059017,-0.967908,-0.244277,0.000000,0.000000,0.000000,-1,0.109940,-1.027634,-0.368805,0.581148,0.161373,0.140723,141.916870,196.272903,-749.172668,0,0
3.440000,0.248154,1.331291,-0.294149,0.996910,-0.052689,-0.058265,0.068777,0.227033,0.971455,-0.037956,-0.972461,0.229956,0.620468,0.006482,-0.038770,0.783246,0.322392,0.305122,0.035391,0.045906,-0.048015,-0.145334,0.058265,-0.971455,-0.229956,0.000000,0.000000,0.000000,-1,0.054932,-0.960785,-0.394699,0.197998,0.200420,0.024570,141.916870,195.923676,-749.506653,0,0
3.480000,0.250654,1.328206,-0.284707,0.997380,-0.041017,-0.059583,0.067472,0.230548,0.970719,-0.026079,-0.972196,0.232711,0.619298,0.010679,-0.034580,0.784321,-0.068730,0.329557,0.074691,-0.009595,0.037446,-0.151704,0.059583,-0.970719,-0.232711,0.000000,0.000000,0.000000,-1,0.101242,-0.837524,-0.315216,-0.047185,0.351084,0.103180,142.092072,195.749054,-749.673706,0,0
3.520000,0.253964,1.323243,-0.266263,0.997909,-0.019688,-0.061563,0.064475,0.236398,0.969515,-0.004535,-0.971457,0.237173,0.617320,0.018138,-0.026768,0.786047,0.084338,0.344396,0.071865,0.036597,0.153047,-0.051431,0.061563,-0.969515,-0.237173,0.000000,0.000000,0.000000,-1,0.067886,-0.911209,-0.390564,0.186477,0.087082,0.094350,140.865631,195.574432,-751.510681,0,0
3.560000,0.251207,1.330105,-0.260752,0.998107,-0.016469,-0.059253,0.061454,0.230316,0.971174,-0.002347,-0.972977,0.230892,0.619859,0.018144,-0.024844,0.784110,0.229829,-0.066903,0.112539,-0.004032,-0.063250,-0.186726,0.059253,-0.971174,-0.230892,0.000000,0.000000,0.000000,-1,0.063171,-1.186584,-0.180435,0.168216,-0.199162,0.103289,141.916870,196.272903,-749.506653,0,0
3.600000,0.265536,1.337391,-0.272466,0.998061,-0.013783,-0.060697,0.062242,0.222760,0.972884,0.000112,-0.974776,0.223186,0.622920,0.019449,-0.024315,0.781666,0.342893,0.356774,-0.159740,-0.005918,-0.082063,0.073817,0.060697,-0.972884,-0.223186,0.000000,0.000000,0.000000,-1,0.040833,-1.186142,-0.106949,0.522635,0.451340,-0.212031,140.865631,195.574432,-749.840698,0,1
3.640000,0.361488,1.358129,-0.347480,0.997189,0.006516,-0.074648,0.071875,0.198454,0.977471,0.021183,-0.980089,0.197427,0.632714,0.030974,-0.021125,0.773477,0.431451,0.321923,-0.069078,-0.157717,-0.018088,-0.016104,0.074648,-0.977471,-0.197427,0.000000,0.000000,0.000000,-1,-0.120880,-0.948090,-0.127335,0.353447,0.189914,0.086727,141.566467,195.225189,-750.174683,0,0
3.680000,0.352224,1.368661,-0.329957,0.997476,0.015620,-0.069260,0.065047,0.189932,0.979640,0.028456,-0.981673,0.188436,0.636221,0.031698,-0.016034,0.770689,0.182546,0.191295,0.491643,-0.191696,0.031718,0.126104,0.069260,-0.979640,-0.188436,0.000000,0.000000,0.000000,-1,-0.005600,-0.933167,0.054077,0.181080,-0.040346,0.665137,142.617691,194.875946,-749.172668,0,0
3.720000,0.224568,1.389717,-0.199589,0.998966,0.021408,-0.040104,0.035706,0.176516,0.983650,0.028137,-0.984065,0.175569,0.641654,0.022253,-0.004662,0.766657,0.515349,-0.021301,0.826133,0.004330,0.043434,0.266145,0.040104,-0.983650,-0.175569,0.000000,0.000000,0.000000,-1,0.059586,-0.957535,0.045197,0.672549,-0.159993,0.764505,140.690430,195.749054,-748.671631,0,0
3.760000,0.078377,1.420765,-0.052171,0.999611,0.025325,-0.011703,0.007794,0.149266,0.988766,0.026787,-0.988473,0.149011,0.652176,0.012696,0.005782,0.757939,0.760997,0.057790,0.541183,0.025650,0.016949,0.183221,0.011703,-0.988766,-0.149011,0.000000,0.000000,0.000000,-1,0.009064,-1.002914,0.016647,0.796683,0.049338,0.369680,139.814407,194.177475,-747.836670,0,0
3.800000,0.037104,1.455065,-0.001895,0.999380,0.034954,-0.004284,0.000219,0.115473,0.993311,0.035215,-0.992695,0.115393,0.664927,0.013224,0.011629,0.746700,0.927400,0.297546,0.077778,0.007084,-0.015860,0.077643,0.004284,-0.993311,-0.115393,0.000000,0.000000,0.000000,-1,0.058014,-1.015121,-0.076187,0.918026,0.263068,0.080174,142.267288,194.177475,-747.168640,0,0
3.840000,0.031372,1.487835,0.021526,0.998604,0.052765,-0.002599,-0.001784,0.082847,0.996561,0.052799,-0.995164,0.082825,0.676929,0.018828,0.018539,0.735574,0.659759,0.511750,0.108482,0.120158,0.047647,0.030838,0.002599,-0.996561,-0.082825,0.000000,0.000000,0.000000,-1,0.131729,-0.889236,-0.012238,0.550562,0.317274,0.174396,141.216049,193.478989,-747.168640,0,0
3.880000,-0.051118,1.510485,0.119749,0.997635,0.068670,0.003080,-0.007201,0.059843,0.998182,0.068361,-0.995843,0.060196,0.685127,0.022430,0.026068,0.727611,0.574843,0.239412,0.201063,0.141980,0.119566,0.069809,-0.003080,-0.998182,-0.060196,0.000000,0.000000,0.000000,-1,0.091019,-0.872116,0.029877,0.615383,0.049111,0.220631,140.515228,194.177475,-746.500610,0,0
3.920000,-0.374220,1.534343,0.445781,0.997336,0.071719,0.013322,-0.015714,0.032884,0.999336,0.071233,-0.996883,0.033923,0.694717,0.020154,0.030428,0.718356,0.729264,-0.037112,0.327191,0.078035,0.130409,0.065814,-0.013322,-0.999336,-0.033923,0.000000,0.000000,0.000000,-1,0.039078,-0.934052,-0.011307,0.765595,-0.148963,0.342197,139.113571,194.526703,-746.166626,0,0
3.960000,-1.441048,1.543606,1.512465,0.997085,0.071378,0.026958,-0.027140,0.001585,0.999630,0.071308,-0.997448,0.003518,0.705688,0.015672,0.034812,0.707493,0.730451,0.047728,0.342751,0.046993,0.021817,-0.084373,-0.026958,-0.999630,-0.003518,0.000000,0.000000,0.000000,-1,0.003448,-1.008362,-0.125717,0.626647,0.141574,0.370074,140.690430,195.050568,-745.331604,0,0
4.000000,-1.984743,1.525768,2.067214,0.995785,0.081935,0.041212,-0.039580,-0.021439,0.998986,0.082736,-0.996407,-0.018106,0.713325,0.014844,0.043440,0.699328,0.486422,0.426308,0.402233,0.044889,-0.016272,-0.133340,-0.041212,-0.998986,0.018106,0.000000,0.000000,0.000000,-1,0.080887,-1.008301,-0.078140,0.381419,0.353694,0.423942,139.989609,194.352081,-743.995605,0,1
4.040000,-2.028204,1.506276,2.123433,0.993880,0.094105,0.057847,-0.054878,-0.033845,0.997919,0.095867,-0.994987,-0.028474,0.716973,0.013678,0.053599,0.694903,0.145936,0.129426,0.391370,0.155931,-0.028753,-0.074006,-0.057847,-0.997919,0.028474,0.000000,0.000000,0.000000,-1,0.203201,-1.060196,-0.008987,0.079919,-0.088531,0.349482,138.587952,194.002853,-745.331604,0,0
4.080000,-1.985087,1.496594,2.075315,0.993727,0.088888,0.067862,-0.064897,-0.035835,0.997248,0.091076,-0.995397,-0.029842,0.717531,0.008359,0.055377,0.694271,-0.045711,-0.289768,0.120935,0.327842,-0.049627,-0.039562,-0.067862,-0.997248,0.029842,0.000000,0.000000,0.000000,-1,0.146484,-1.033966,-0.053070,-0.088525,-0.382732,0.003767,139.989609,194.002853,-743.995605,0,0
4.120000,-1.945699,1.497982,2.024270,0.994698,0.077410,0.067697,-0.065397,-0.031871,0.997350,0.079362,-0.996490,-0.026640,0.716451,0.004192,0.051315,0.695735,-0.148362,-0.273047,-0.038630,0.156824,-0.047038,-0.095777,-0.067697,-0.997350,0.026640,0.000000,0.000000,0.000000,-1,-0.045258,-1.149109,-0.058060,-0.195060,-0.364803,-0.057899,139.639191,193.304367,-745.331604,0,0
4.160000,-1.814957,1.507188,1.880813,0.995963,0.065210,0.061680,-0.060535,-0.019392,0.997978,0.066275,-0.997683,-0.015366,0.712517,0.001641,0.044895,0.700215,-0.493785,-0.326429,-0.281365,-0.020138,-0.214089,-0.067078,-0.061680,-0.997978,0.015366,0.000000,0.000000,0.000000,-1,-0.008835,-1.183578,-0.018539,-0.664064,-0.389670,-0.373860,140.515228,193.478989,-746.166626,0,0
4.200000,-1.162291,1.524409,1.213434,0.997768,0.051466,0.042555,-0.043441,0.016221,0.998924,0.050720,-0.998543,0.018420,0.700558,0.002864,0.033286,0.712813,-1.158552,-0.413889,-0.621478,0.157774,-0.036720,0.002795,-0.042555,-0.998924,-0.018420,0.000000,0.000000,0.000000,-1,0.070847,-0.947845,0.003998,-1.653653,-0.555788,-0.845131,140.690430,192.605881,-746.333618,0,0
4.240000,0.024294,1.460413,0.000063,0.999703,0.024207,-0.002676,-0.000007,0.110160,0.993914,0.024354,-0.993619,0.110127,0.666974,0.009071,0.008126,0.744982,-2.346340,-0.627884,-1.202039,-0.111303,-0.090025,0.028020,0.002676,-0.993914,-0.110127,0.000000,0.000000,0.000000,-1,-0.236191,-1.087982,-0.132736,-2.404889,-0.741958,-1.258307,143.143311,192.605881,-751.009705,0,0
