0.000000,1.623984,0.106288,-0.123582,-0.039698,0.111684,-0.992950,0.122572,0.986773,0.106088,0.991665,-0.117497,-0.052862,0.081227,0.720995,-0.003956,0.688152,-0.008841,-0.007880,0.012087,0.002075,-0.000937,0.002176,0.992951,-0.106088,0.052862,0.000000,0.000000,0.000000,-1,0.994232,-0.107544,0.058746,-0.036188,0.005295,-0.000805,59.241898,245.932968,-529.411621,0,0
0.040000,1.624081,0.106554,-0.123408,-0.039781,0.111950,-0.992917,0.122397,0.986767,0.106353,0.991684,-0.117299,-0.052957,0.081255,0.721024,-0.003795,0.688118,-0.009886,-0.000469,0.011003,0.001315,-0.001191,0.005789,0.992917,-0.106353,0.052957,0.000000,0.000000,0.000000,-1,0.991287,-0.110168,0.059097,-0.037242,0.009522,-0.001878,58.011368,245.054016,-526.897766,0,0
0.080000,1.624474,0.107112,-0.122888,-0.040162,0.112525,-0.992837,0.121876,0.986771,0.106908,0.991732,-0.116709,-0.053345,0.081259,0.721158,-0.003398,0.687980,-0.018391,0.005871,0.007857,-0.001962,-0.002986,0.001388,0.992837,-0.106908,0.053345,0.000000,0.000000,0.000000,-1,0.989120,-0.107330,0.050232,-0.048931,0.017988,-0.002884,59.241898,246.284561,-526.730164,0,0
0.120000,1.624540,0.107820,-0.121741,-0.040271,0.113184,-0.992758,0.120735,0.986835,0.107611,0.991868,-0.115527,-0.053406,0.081087,0.721199,-0.002744,0.687960,-0.019449,0.006939,0.009998,-0.003286,-0.002466,-0.005890,0.992758,-0.107611,0.053406,0.000000,0.000000,0.000000,-1,0.990845,-0.109436,0.046707,-0.039359,0.013759,-0.001877,57.132401,245.932968,-528.070923,0,0
0.160000,1.624411,0.108284,-0.121388,-0.040127,0.113612,-0.992715,0.120381,0.986828,0.108073,0.991916,-0.115168,-0.053276,0.081118,0.721150,-0.002460,0.688009,-0.004567,-0.001536,0.010980,0.000419,0.001231,-0.000602,0.992714,-0.108073,0.053276,0.000000,0.000000,0.000000,-1,0.995972,-0.105209,0.059875,-0.028725,0.007421,0.000195,56.780823,245.932968,-528.070923,0,0
0.200000,1.624886,0.108490,-0.121123,-0.040603,0.113859,-0.992667,0.120117,0.986837,0.108277,0.991929,-0.114839,-0.053745,0.081093,0.721316,-0.002274,0.687839,-0.014126,0.009036,0.006746,0.006158,0.002778,0.012203,0.992667,-0.108277,0.053745,0.000000,0.000000,0.000000,-1,0.993317,-0.106781,0.063965,-0.040412,0.021134,-0.006158,56.429230,244.878220,-528.070923,0,0
0.240000,1.625676,0.108703,-0.120537,-0.041428,0.114136,-0.992601,0.119536,0.986885,0.108489,0.991965,-0.114157,-0.054528,0.080956,0.721602,-0.001964,0.687555,-0.020511,0.014297,0.001450,-0.001863,-0.002259,-0.001031,0.992601,-0.108489,0.054528,0.000000,0.000000,0.000000,-1,0.987854,-0.113556,0.056808,-0.047870,0.022165,-0.009300,57.835571,246.284561,-528.070923,0,0
0.280000,1.625503,0.109258,-0.119568,-0.041302,0.114623,-0.992550,0.118572,0.986940,0.109041,0.992086,-0.113185,-0.054353,0.080795,0.721560,-0.001436,0.687620,-0.020547,0.001589,0.003643,-0.003826,-0.001921,-0.012865,0.992550,-0.109041,0.054354,0.000000,0.000000,0.000000,-1,0.991898,-0.110153,0.043106,-0.039410,0.002049,-0.008225,58.011368,244.702423,-528.573669,0,0
0.320000,1.624709,0.109417,-0.119334,-0.040522,0.114680,-0.992576,0.118339,0.986951,0.109199,0.992146,-0.113035,-0.053565,0.080765,0.721290,-0.001330,0.687907,0.008159,-0.013246,0.005607,0.001107,-0.000695,-0.006552,0.992576,-0.109199,0.053565,0.000000,0.000000,0.000000,-1,0.992035,-0.111465,0.055634,-0.008564,-0.011688,-0.004151,58.362946,244.702423,-526.562622,0,0
0.360000,1.624141,0.109795,-0.119877,-0.039851,0.115010,-0.992568,0.118723,0.986869,0.109516,0.992124,-0.113466,-0.053061,0.081015,0.721087,-0.001370,0.688090,-0.015249,-0.004796,0.001497,-0.005217,0.003147,0.008310,0.992568,-0.109516,0.053061,0.000000,0.000000,0.000000,-1,0.992386,-0.108109,0.057999,-0.042610,0.002030,-0.010330,57.308197,245.757172,-527.903320,0,0
0.400000,1.624357,0.109982,-0.119301,-0.040110,0.115195,-0.992533,0.118299,0.986893,0.109760,0.992168,-0.113013,-0.053212,0.080946,0.721147,-0.001128,0.688036,-0.008813,0.010047,0.002463,0.000921,-0.008770,0.002285,0.992533,-0.109760,0.053212,0.000000,0.000000,0.000000,-1,0.991592,-0.115158,0.048401,-0.030853,0.015806,-0.009408,58.714523,247.163513,-525.221924,0,0
0.440000,1.624163,0.110348,-0.119144,-0.039893,0.115528,-0.992503,0.118140,0.986872,0.110124,0.992195,-0.112861,-0.053017,0.081014,0.721072,-0.000949,0.688106,-0.002466,-0.004773,0.004610,-0.001826,-0.004408,-0.006035,0.992503,-0.110124,0.053017,0.000000,0.000000,0.000000,-1,0.991837,-0.109268,0.057831,-0.025575,-0.001122,-0.007255,58.362946,246.811935,-527.903320,0,0
0.480000,1.624064,0.110456,-0.119124,-0.039783,0.115623,-0.992496,0.118118,0.986862,0.110232,0.992202,-0.112846,-0.052918,0.081043,0.721035,-0.000907,0.688143,-0.004598,-0.006871,0.005696,-0.000492,0.001375,0.008483,0.992496,-0.110232,0.052918,0.000000,0.000000,0.000000,-1,0.996887,-0.110626,0.056473,-0.029818,0.005224,-0.008311,56.956604,245.405594,-528.573669,0,0
0.520000,1.624901,0.110586,-0.118983,-0.040615,0.115840,-0.992437,0.117977,0.986865,0.110361,0.992185,-0.112602,-0.053748,0.081037,0.721323,-0.000777,0.687841,-0.005622,0.011102,-0.000755,0.001948,0.000406,0.005730,0.992437,-0.110361,0.053748,0.000000,0.000000,0.000000,-1,0.993256,-0.110519,0.056793,-0.031936,0.012599,-0.012583,57.659775,245.054016,-527.903320,0,0
0.560000,1.625351,0.110650,-0.118552,-0.041104,0.115935,-0.992406,0.117551,0.986908,0.110424,0.992216,-0.112120,-0.054195,0.080904,0.721493,-0.000588,0.687679,-0.020544,0.010011,-0.005957,0.003398,-0.004414,0.004460,0.992406,-0.110424,0.054195,0.000000,0.000000,0.000000,-1,0.991623,-0.116837,0.053925,-0.057478,0.018931,-0.015605,56.956604,246.108765,-528.573669,0,0
0.600000,1.625393,0.110957,-0.117286,-0.041257,0.116190,-0.992370,0.116298,0.987023,0.110729,0.992357,-0.110842,-0.054234,0.080552,0.721546,-0.000039,0.687665,-0.031184,0.007944,0.000539,-0.000609,-0.003239,-0.007085,0.992370,-0.110729,0.054234,0.000000,0.000000,0.000000,-1,0.990799,-0.114532,0.043762,-0.048947,0.018978,-0.010345,58.714523,244.350845,-526.897766,0,0
0.640000,1.624884,0.111387,-0.116486,-0.040795,0.116525,-0.992350,0.115502,0.987068,0.111157,0.992469,-0.110084,-0.053726,0.080410,0.721386,0.000372,0.687849,-0.012036,0.002624,0.001489,-0.004419,-0.002918,-0.008744,0.992350,-0.111157,0.053726,0.000000,0.000000,0.000000,-1,0.987854,-0.113693,0.048401,-0.038337,0.007315,-0.011449,58.011368,245.054016,-527.568115,0,0
0.680000,1.624863,0.111595,-0.115771,-0.040833,0.116699,-0.992328,0.114794,0.987127,0.111364,0.992550,-0.109366,-0.053704,0.080224,0.721399,0.000692,0.687857,-0.023735,0.008960,-0.000569,-0.004321,-0.002238,0.003242,0.992328,-0.111364,0.053704,0.000000,0.000000,0.000000,-1,0.987045,-0.112732,0.053818,-0.059610,0.018922,-0.016654,57.132401,244.878220,-528.406067,0,0
0.720000,1.624973,0.111561,-0.114794,-0.041061,0.116637,-0.992325,0.113830,0.987243,0.111329,0.992651,-0.108385,-0.053813,0.079859,0.721477,0.001020,0.687817,-0.036526,0.007861,-0.004725,0.000427,0.000596,-0.004207,0.992325,-0.111329,0.053813,0.000000,0.000000,0.000000,-1,0.995422,-0.115723,0.050766,-0.055352,0.017871,-0.015618,58.011368,246.460342,-527.568115,0,0
0.760000,1.624965,0.111745,-0.113578,-0.041174,0.116768,-0.992305,0.112627,0.987360,0.111513,0.992784,-0.107169,-0.053805,0.079484,0.721516,0.001505,0.687819,-0.006751,-0.003806,-0.004898,-0.001903,-0.005812,-0.003313,0.992305,-0.111513,0.053805,0.000000,0.000000,0.000000,-1,0.987076,-0.117020,0.051285,-0.027744,-0.005456,-0.017875,56.253433,245.054016,-526.562622,0,0
0.800000,1.624459,0.111854,-0.113604,-0.040656,0.116822,-0.992320,0.112651,0.987345,0.111621,0.992802,-0.107248,-0.053302,0.079531,0.721336,0.001516,0.688002,0.005977,-0.018648,-0.005995,-0.002147,-0.004697,0.001172,0.992320,-0.111621,0.053302,0.000000,0.000000,0.000000,-1,0.994354,-0.115463,0.055969,-0.017116,-0.011814,-0.017933,56.780823,244.526642,-528.070923,0,0
0.840000,1.623884,0.111774,-0.113863,-0.040064,0.116692,-0.992360,0.112909,0.987325,0.111542,0.992797,-0.107577,-0.052732,0.079597,0.721131,0.001374,0.688209,0.001713,-0.018661,-0.008084,-0.000249,-0.003815,0.002642,0.992360,-0.111542,0.052732,0.000000,0.000000,0.000000,-1,0.990128,-0.112625,0.049011,-0.026691,-0.006545,-0.021075,56.780823,244.175049,-526.730164,0,0
0.880000,1.622830,0.111567,-0.113899,-0.039037,0.116376,-0.992438,0.112946,0.987344,0.111336,0.992834,-0.107746,-0.051687,0.079540,0.720775,0.001245,0.688589,0.010223,-0.021838,-0.007065,-0.000144,-0.005730,-0.003957,0.992438,-0.111336,0.051687,0.000000,0.000000,0.000000,-1,0.992813,-0.116821,0.050705,-0.007546,-0.016053,-0.017992,57.835571,245.581390,-527.400513,0,0
0.920000,1.622082,0.111591,-0.114449,-0.038227,0.116340,-0.992474,0.113489,0.987279,0.111360,0.992804,-0.108378,-0.050944,0.079747,0.720495,0.001034,0.688859,0.020862,-0.023962,-0.007129,0.001453,-0.004302,-0.000896,0.992474,-0.111360,0.050944,0.000000,0.000000,0.000000,-1,0.992569,-0.111160,0.055969,-0.010724,-0.009707,-0.019056,56.780823,245.229797,-527.400513,0,0
0.960000,1.621718,0.111378,-0.115032,-0.037823,0.116112,-0.992516,0.114067,0.987236,0.111147,0.992753,-0.109009,-0.050585,0.079884,0.720355,0.000742,0.688990,0.009218,-0.005943,-0.008227,-0.000939,-0.001218,0.002943,0.992516,-0.111147,0.050585,0.000000,0.000000,0.000000,-1,0.994980,-0.111923,0.053284,-0.020261,0.007222,-0.021176,57.835571,244.878220,-526.730164,0,0
1.000000,1.621972,0.110986,-0.115363,-0.038081,0.115766,-0.992546,0.114400,0.987241,0.110758,0.992705,-0.109329,-0.050838,0.079869,0.720444,0.000496,0.688898,0.007103,0.000400,-0.010364,0.003532,-0.001836,0.000035,0.992546,-0.110758,0.050838,0.000000,0.000000,0.000000,-1,0.996475,-0.108215,0.049255,-0.017054,0.011458,-0.021217,57.835571,246.284561,-525.724670,0,0
1.040000,1.622065,0.110509,-0.115724,-0.038186,0.115320,-0.992594,0.114762,0.987252,0.110284,0.992659,-0.109700,-0.050934,0.079836,0.720481,0.000203,0.688864,0.012435,0.001478,-0.008282,0.002721,-0.000327,0.002594,0.992594,-0.110284,0.050934,0.000000,0.000000,0.000000,-1,0.994324,-0.111084,0.054672,-0.013853,0.013575,-0.021250,56.605026,245.054016,-527.903320,0,0
1.080000,1.622558,0.110199,-0.116120,-0.038665,0.115084,-0.992603,0.115156,0.987241,0.109976,0.992595,-0.110052,-0.051425,0.079873,0.720647,-0.000026,0.688685,0.004990,0.005704,-0.010368,-0.003345,-0.001077,0.003354,0.992603,-0.109976,0.051425,0.000000,0.000000,0.000000,-1,0.993347,-0.108490,0.051041,-0.026629,0.014628,-0.022220,57.132401,244.878220,-526.730164,0,0
1.120000,1.622732,0.109580,-0.115837,-0.038942,0.114482,-0.992662,0.114885,0.987341,0.109361,0.992615,-0.109783,-0.051601,0.079559,0.720743,-0.000146,0.688621,-0.014164,0.013080,-0.014512,0.000762,0.004213,-0.004528,0.992662,-0.109361,0.051601,0.000000,0.000000,0.000000,-1,0.991867,-0.104919,0.042007,-0.039392,0.022015,-0.025345,59.593491,245.932968,-527.065369,0,0
1.160000,1.622761,0.109037,-0.115402,-0.039082,0.113932,-0.992720,0.114463,0.987449,0.108821,0.992658,-0.109376,-0.051633,0.079217,0.720792,-0.000193,0.688610,-0.008833,0.014147,-0.012431,0.001085,0.001445,-0.007535,0.992720,-0.108821,0.051633,0.000000,0.000000,0.000000,-1,0.994766,-0.109451,0.046051,-0.021315,0.012498,-0.023319,57.132401,244.878220,-527.400513,0,0
1.200000,1.622859,0.108190,-0.115595,-0.039254,0.113115,-0.992806,0.114664,0.987518,0.107979,0.992628,-0.109600,-0.051735,0.078997,0.720851,-0.000562,0.688573,0.006052,0.011966,-0.017867,-0.004418,0.003045,-0.000526,0.992806,-0.107979,0.051735,0.000000,0.000000,0.000000,-1,0.985016,-0.107559,0.053879,-0.026629,0.020914,-0.029701,57.659775,245.405594,-528.238464,0,0
1.240000,1.623203,0.107747,-0.115329,-0.039676,0.112706,-0.992836,0.114406,0.987596,0.107539,0.992641,-0.109320,-0.052079,0.078749,0.720998,-0.000618,0.688448,-0.019512,0.006698,-0.015518,-0.005531,-0.001088,-0.001694,0.992836,-0.107539,0.052079,0.000000,0.000000,0.000000,-1,0.993393,-0.109482,0.050339,-0.048989,0.019870,-0.028458,58.714523,245.054016,-526.562622,0,0
1.280000,1.623645,0.107409,-0.114565,-0.040240,0.112390,-0.992849,0.113656,0.987720,0.107203,0.992705,-0.108530,-0.052519,0.078358,0.721193,-0.000460,0.688288,-0.022633,0.031056,-0.015581,-0.001638,-0.003149,-0.005599,0.992849,-0.107203,0.052519,0.000000,0.000000,0.000000,-1,0.991119,-0.106003,0.046036,-0.042611,0.010405,-0.021015,58.187149,246.284561,-526.395020,0,0
1.320000,1.623120,0.106892,-0.113856,-0.039857,0.111665,-0.992950,0.112978,0.987866,0.106570,0.992802,-0.107945,-0.051891,0.077890,0.721026,-0.000477,0.688516,0.001741,-0.013365,-0.007084,0.001892,0.002276,0.001148,0.992950,-0.106570,0.051892,0.000000,0.000000,0.000000,-1,0.998520,-0.103241,0.054901,-0.020302,-0.006547,-0.021124,57.835571,245.581390,-528.406067,0,0
1.360000,1.622888,0.106287,-0.114038,-0.039674,0.111179,-0.993008,0.113149,0.987898,0.106087,0.992786,-0.108149,-0.051774,0.077784,0.720997,-0.000715,0.688558,0.007090,-0.008116,-0.013572,-0.000653,0.001198,0.005981,0.993008,-0.106087,0.051774,0.000000,0.000000,0.000000,-1,0.986435,-0.099274,0.058441,-0.019242,-0.004468,-0.025402,56.429230,245.229797,-527.735718,0,0
1.400000,1.622748,0.105588,-0.114131,-0.039604,0.110479,-0.993089,0.113249,0.987961,0.105392,0.992777,-0.108293,-0.051639,0.077578,0.720972,-0.001006,0.688607,-0.001465,-0.019767,-0.014534,-0.004075,0.006851,0.007581,0.993089,-0.105392,0.051639,0.000000,0.000000,0.000000,-1,0.990295,-0.108322,0.057037,-0.033056,0.007156,-0.028534,58.011368,245.054016,-528.238464,0,0
1.440000,1.623196,0.104869,-0.113832,-0.040164,0.109806,-0.993141,0.112962,0.988070,0.104677,0.992787,-0.107983,-0.052088,0.077225,0.721166,-0.001146,0.688444,-0.016316,0.008726,-0.027308,-0.012169,-0.004148,-0.001887,0.993141,-0.104677,0.052088,0.000000,0.000000,0.000000,-1,0.970047,-0.098709,0.024643,-0.059752,-0.009882,-0.038917,58.714523,246.460342,-527.903320,0,0
1.480000,1.619410,0.103810,-0.111517,-0.036775,0.108267,-0.993441,0.110687,0.988438,0.103624,0.993175,-0.106150,-0.048333,0.076027,0.719991,-0.000877,0.689806,-0.054854,-0.078984,-0.002181,-0.007937,0.003984,-0.025247,0.993441,-0.103624,0.048333,0.000000,0.000000,0.000000,-1,1.010834,-0.101669,0.038055,-0.071593,-0.084713,0.000873,56.605026,246.108765,-527.232971,0,0
1.520000,1.615955,0.104182,-0.110415,-0.033421,0.108229,-0.993564,0.109593,0.988522,0.103993,0.993415,-0.105412,-0.044899,0.075756,0.718826,-0.000494,0.691050,-0.016483,-0.106294,0.023176,0.023144,0.001149,0.009392,0.993564,-0.103993,0.044899,0.000000,0.000000,0.000000,-1,1.012039,-0.110443,0.083176,-0.003380,-0.072952,0.014149,58.187149,245.932968,-527.400513,0,0
1.560000,1.612091,0.104996,-0.111525,-0.029372,0.108658,-0.993645,0.110681,0.988315,0.104803,0.993422,-0.106900,-0.041056,0.076434,0.717416,-0.000731,0.692439,-0.016591,-0.118191,-0.006606,-0.004815,0.006628,0.037497,0.993645,-0.104803,0.041056,0.000000,0.000000,0.000000,-1,0.989166,-0.091110,0.073242,-0.073825,-0.103945,-0.017148,58.187149,245.581390,-528.741211,0,0
1.600000,1.609910,0.104607,-0.109453,-0.027472,0.107984,-0.993773,0.108638,0.988582,0.104417,0.993702,-0.105093,-0.038890,0.075556,0.716754,-0.000236,0.693221,-0.104726,-0.035595,-0.011563,-0.004454,0.024751,0.023152,0.993773,-0.104417,0.038890,0.000000,0.000000,0.000000,-1,0.979263,-0.077164,0.045410,-0.148018,0.016717,-0.027678,58.011368,245.054016,-527.903320,0,0
1.640000,1.610337,0.103737,-0.105272,-0.028439,0.107051,-0.993847,0.104513,0.989118,0.103551,0.994117,-0.100925,-0.039318,0.073758,0.717090,0.000916,0.693066,-0.160946,0.042699,-0.022083,-0.018719,0.023931,-0.002758,0.993847,-0.103551,0.039318,0.000000,0.000000,0.000000,-1,0.969986,-0.079041,0.020020,-0.204512,0.009170,-0.043192,56.956604,244.350845,-528.573669,0,0
1.680000,1.607889,0.101913,-0.096379,-0.027129,0.104763,-0.994127,0.095731,0.990195,0.101737,0.995037,-0.092409,-0.036892,0.069944,0.716627,0.003254,0.693933,-0.167752,-0.085651,-0.043927,-0.021883,0.029685,-0.021389,0.994127,-0.101737,0.036892,0.000000,0.000000,0.000000,-1,0.973587,-0.069382,0.015961,-0.189937,-0.091630,-0.062103,59.241898,244.175049,-527.735718,0,0
1.720000,1.603086,0.099555,-0.089483,-0.023278,0.101827,-0.994530,0.088921,0.991067,0.099391,0.995767,-0.086121,-0.032125,0.066670,0.715274,0.004638,0.695641,-0.179486,-0.084684,-0.053437,-0.032433,0.027400,-0.013570,0.994530,-0.099391,0.032125,0.000000,0.000000,0.000000,-1,0.947617,-0.075287,0.021454,-0.218672,-0.074745,-0.069401,57.132401,242.768723,-528.070923,0,0
1.760000,1.599597,0.097607,-0.083342,-0.020587,0.099471,-0.994828,0.082849,0.991786,0.097452,0.996349,-0.080414,-0.028659,0.063809,0.714324,0.005963,0.696875,-0.215760,-0.103801,-0.059483,-0.049301,0.018961,-0.003681,0.994827,-0.097452,0.028659,0.000000,0.000000,0.000000,-1,0.993912,-0.109772,0.058044,-0.235823,-0.118107,-0.062713,58.362946,244.350845,-528.573669,0,0
1.800000,1.594535,0.095667,-0.074334,-0.016579,0.096993,-0.995147,0.073926,0.992679,0.095521,0.997126,-0.071984,-0.023628,0.059938,0.712896,0.008254,0.698654,-0.099531,-0.069911,-0.061548,0.011079,-0.020614,0.057854,0.995147,-0.095521,0.023628,0.000000,0.000000,0.000000,-1,1.005219,-0.117157,0.095840,-0.072714,-0.029416,-0.089878,58.187149,242.768723,-528.406067,0,0
1.840000,1.594358,0.092310,-0.074813,-0.016606,0.093656,-0.995466,0.074425,0.992957,0.092179,0.997088,-0.072556,-0.023459,0.058941,0.712920,0.006881,0.698730,0.073877,-0.073612,-0.117204,0.001604,-0.021194,0.073129,0.995466,-0.092179,0.023459,0.000000,0.000000,0.000000,-1,0.996231,-0.106812,0.097702,0.057867,-0.114643,-0.140642,59.241898,244.526642,-527.735718,0,0
1.880000,1.591555,0.088610,-0.077138,-0.013878,0.089812,-0.995862,0.076760,0.993115,0.088494,0.996953,-0.075214,-0.020676,0.058489,0.711981,0.004663,0.699743,0.061714,-0.203036,-0.142188,0.004291,-0.018271,0.074890,0.995862,-0.088494,0.020676,0.000000,0.000000,0.000000,-1,1.014328,-0.094437,0.091324,-0.021250,-0.209045,-0.156719,59.417694,243.647675,-528.573669,0,0
1.920000,1.583970,0.079151,-0.074970,-0.007215,0.079826,-0.996783,0.074666,0.994069,0.079068,0.997183,-0.073855,-0.013132,0.054425,0.709651,0.001837,0.702446,-0.113534,-0.019141,-0.191586,0.016462,-0.008044,0.068411,0.996783,-0.079068,0.013132,0.000000,0.000000,0.000000,-1,1.006256,-0.078659,0.076691,-0.158048,0.025537,-0.219392,60.120865,245.054016,-528.573669,0,0
1.960000,1.586608,0.072635,-0.070582,-0.010654,0.073497,-0.997239,0.070337,0.994880,0.072571,0.997466,-0.069370,-0.015769,0.050584,0.710863,0.001126,0.701508,-0.176341,0.013410,-0.227445,-0.002625,0.003983,0.043847,0.997239,-0.072571,0.015769,0.000000,0.000000,0.000000,-1,0.986069,-0.064148,0.050354,-0.225265,-0.005328,-0.236865,58.714523,245.405594,-528.908813,0,0
2.000000,1.586156,0.066158,-0.064198,-0.011087,0.066951,-0.997695,0.064014,0.995757,0.066110,0.997887,-0.063133,-0.015325,0.046048,0.711015,0.001047,0.701667,-0.229649,-0.056226,-0.200097,-0.010115,0.003335,0.035761,0.997695,-0.066110,0.015325,0.000000,0.000000,0.000000,-1,0.992584,-0.065933,0.045212,-0.274326,-0.075796,-0.184020,58.011368,244.350845,-529.914368,0,0
2.040000,1.580761,0.056757,-0.048630,-0.007196,0.057141,-0.998340,0.048532,0.997209,0.056726,0.998796,-0.048044,-0.009949,0.037228,0.709640,0.003059,0.703574,-0.278748,-0.129961,-0.158953,-0.000782,-0.021139,0.024567,0.998340,-0.056726,0.009949,0.000000,0.000000,0.000000,-1,0.996124,-0.080292,0.032059,-0.301142,-0.141456,-0.183566,58.011368,245.054016,-528.908813,0,0
2.080000,1.579168,0.055103,-0.045844,-0.005838,0.055399,-0.998447,0.045758,0.997433,0.055075,0.998936,-0.045366,-0.008358,0.035661,0.709160,0.003423,0.704137,-0.275644,-0.149145,-0.171689,-0.002323,-0.025217,0.023700,0.998447,-0.055075,0.008358,0.000000,0.000000,0.000000,-1,1.013687,-0.079742,0.015259,-0.282177,-0.194565,-0.199494,59.769287,243.647675,-529.244019,0,0
2.120000,1.567298,0.046669,-0.034099,0.005087,0.046505,-0.998905,0.034056,0.998331,0.046652,0.999407,-0.034256,0.003494,0.028556,0.705292,0.004394,0.708328,-0.170725,-0.307027,-0.177228,0.021496,-0.027201,0.012085,0.998905,-0.046652,-0.003494,0.000000,0.000000,0.000000,-1,1.013046,-0.031586,-0.005005,-0.096227,-0.321689,-0.198329,59.769287,245.054016,-528.573669,0,0
2.160000,1.551642,0.037946,-0.032091,0.020360,0.037296,-0.999097,0.032063,0.998766,0.037937,0.999278,-0.032806,0.019139,0.024776,0.699869,0.001833,0.713839,0.040306,-0.289790,-0.143716,0.009494,0.008045,0.010915,0.999097,-0.037937,-0.019139,0.000000,0.000000,0.000000,-1,1.011765,-0.034210,-0.017410,0.030847,-0.260650,-0.123905,59.417694,244.702423,-529.914368,0,0
2.200000,1.544333,0.035157,-0.034125,0.027644,0.034214,-0.999032,0.034097,0.998800,0.035150,0.999036,-0.035036,0.026444,0.024493,0.697265,0.000041,0.716395,0.080138,-0.224293,-0.047329,0.018103,-0.001792,0.008790,0.999032,-0.035150,-0.026444,0.000000,0.000000,0.000000,-1,1.018158,-0.042053,-0.016815,0.088956,-0.152617,-0.008640,59.241898,243.823471,-529.076416,0,0
2.240000,1.538713,0.035586,-0.038719,0.033430,0.034292,-0.998853,0.038685,0.998618,0.035578,0.998692,-0.039830,0.032057,0.026244,0.695185,-0.001529,0.718350,0.133978,-0.094300,0.036993,0.018176,-0.003408,0.017348,0.998853,-0.035578,-0.032057,0.000000,0.000000,0.000000,-1,1.000427,-0.024857,-0.011337,0.106429,-0.050461,0.043042,59.417694,243.999252,-529.579224,0,0
2.280000,1.537781,0.037312,-0.043846,0.034612,0.035801,-0.998759,0.043801,0.998344,0.037304,0.998441,-0.045038,0.032987,0.028644,0.694756,-0.002783,0.718669,0.116027,-0.070690,0.067928,-0.001277,0.013531,0.017346,0.998759,-0.037304,-0.032987,0.000000,0.000000,0.000000,-1,1.000809,-0.025696,-0.019363,0.060525,-0.104308,0.060645,59.769287,243.647675,-528.908813,0,0
2.320000,1.534095,0.039710,-0.047713,0.038543,0.037877,-0.998539,0.047657,0.998075,0.039699,0.998120,-0.049118,0.036664,0.030842,0.693337,-0.003396,0.719945,0.053037,-0.125757,0.065412,-0.006901,0.005688,0.016492,0.998539,-0.039699,-0.036664,0.000000,0.000000,0.000000,-1,0.994949,-0.028793,-0.021027,0.011464,-0.126597,0.054717,60.120865,244.702423,-530.584717,0,0
2.360000,1.530956,0.041114,-0.048338,0.041767,0.039097,-0.998362,0.048278,0.997988,0.041102,0.997960,-0.049916,0.039796,0.031558,0.692175,-0.003183,0.721032,-0.004536,-0.161630,0.077701,0.002248,0.012431,0.019456,0.998362,-0.041102,-0.039796,0.000000,0.000000,0.000000,-1,1.008118,-0.029556,-0.011749,-0.077978,-0.141255,0.071445,61.175613,243.647675,-530.919922,0,0
2.400000,1.527613,0.043394,-0.045726,0.045106,0.041321,-0.998127,0.045667,0.998014,0.043380,0.997938,-0.047539,0.043129,0.031473,0.690974,-0.001505,0.722193,-0.120389,-0.123126,0.112530,0.016216,0.007522,0.031533,0.998127,-0.043380,-0.043129,0.000000,0.000000,0.000000,-1,1.030228,-0.042984,-0.019897,-0.233067,-0.099033,0.167304,60.472443,242.592926,-530.249512,0,0
2.440000,1.525446,0.053382,-0.033820,0.047111,0.051738,-0.997549,0.033766,0.998004,0.053356,0.998319,-0.036196,0.045270,0.030970,0.690222,0.006215,0.722908,-0.300670,-0.020884,0.280804,0.039667,-0.020450,0.020658,0.997549,-0.053356,-0.045270,0.000000,0.000000,0.000000,-1,1.031464,-0.087479,-0.032501,-0.335703,-0.005512,0.313698,61.175613,242.944504,-529.579224,0,0
2.480000,1.524624,0.064019,-0.024332,0.047697,0.062765,-0.996888,0.024280,0.997656,0.063975,0.998567,-0.027256,0.046061,0.031542,0.689909,0.013306,0.723086,-0.279109,-0.025137,0.393583,0.031707,-0.026418,0.011805,0.996888,-0.063975,-0.046061,0.000000,0.000000,0.000000,-1,0.995728,-0.113144,-0.027985,-0.198216,-0.003994,0.365892,60.999817,241.713959,-530.081970,0,0
2.520000,1.524193,0.078720,-0.017694,0.047969,0.077717,-0.995821,0.017638,0.996747,0.078638,0.998693,-0.021336,0.046442,0.034567,0.689626,0.020773,0.723042,-0.026948,0.008702,0.277520,-0.014437,-0.046026,0.018045,0.995821,-0.078638,-0.046442,0.000000,0.000000,0.000000,-1,0.933685,-0.173874,-0.040527,0.093976,-0.004225,0.117538,60.120865,242.944504,-532.595764,0,0
2.560000,1.523843,0.086215,-0.026027,0.049159,0.084763,-0.995188,0.025928,0.995948,0.086108,0.998454,-0.030036,0.046762,0.040151,0.689208,0.020340,0.723165,0.319343,-0.062451,0.034358,-0.067438,-0.098218,0.002526,0.995188,-0.086108,-0.046762,0.000000,0.000000,0.000000,-1,0.967865,-0.151901,-0.067932,0.328857,-0.070788,0.025413,60.472443,242.241333,-531.925415,0,0
2.600000,1.521084,0.090508,-0.036120,0.052919,0.088419,-0.994677,0.035964,0.995257,0.090384,0.997951,-0.040555,0.049488,0.045204,0.687904,0.018109,0.724166,0.300942,-0.182943,0.061616,-0.008669,-0.039331,-0.023373,0.994677,-0.090384,-0.049488,0.000000,0.000000,0.000000,-1,1.052933,-0.070511,-0.067917,0.102676,-0.261993,0.075824,60.472443,240.835007,-531.255066,0,0
2.640000,1.510672,0.094436,-0.039850,0.063790,0.091656,-0.993745,0.039662,0.994754,0.094295,0.997175,-0.045430,0.059821,0.048000,0.683949,0.017862,0.727730,-0.071853,-0.251443,0.092466,0.058348,0.029888,0.004294,0.993745,-0.094295,-0.059820,0.000000,0.000000,0.000000,-1,0.981613,-0.107651,0.027496,-0.132897,0.021699,0.053150,62.581955,241.889755,-532.595764,0,0
2.680000,1.521901,0.097058,-0.038626,0.052577,0.094830,-0.994104,0.038435,0.994551,0.096906,0.997877,-0.043303,0.048646,0.048426,0.687991,0.019478,0.723840,0.171590,0.696258,0.067841,-0.068781,-0.064898,0.111039,0.994104,-0.096906,-0.048646,0.000000,0.000000,0.000000,-1,0.901550,-0.218918,0.060394,0.248551,0.797130,0.072853,61.702988,241.010788,-532.093018,0,0
2.720000,1.545038,0.100247,-0.048631,0.030589,0.098676,-0.994649,0.048368,0.993803,0.100079,0.998361,-0.051170,0.025627,0.052818,0.695986,0.017568,0.715894,0.434450,0.622407,0.104431,-0.096227,-0.139606,0.080802,0.994649,-0.100079,-0.025627,0.000000,0.000000,0.000000,-1,0.927917,-0.282455,0.049438,0.502091,0.128829,0.081915,60.120865,241.538177,-531.925415,0,0
2.760000,1.549896,0.104136,-0.069645,0.028081,0.102218,-0.994366,0.069212,0.992172,0.103947,0.997207,-0.071741,0.020786,0.061488,0.697012,0.011552,0.714325,0.561310,-0.345063,0.059134,-0.060436,-0.177760,0.073719,0.994366,-0.103947,-0.020786,0.000000,0.000000,0.000000,-1,0.930786,-0.261887,0.062469,0.526305,-0.576540,-0.027488,62.230362,241.538177,-533.266113,0,0
2.800000,1.525006,0.103918,-0.095965,0.055492,0.098759,-0.993563,0.095301,0.990029,0.103731,0.993901,-0.100443,0.045527,0.070597,0.687206,0.001196,0.723023,0.430558,-0.540897,-0.045650,-0.082537,-0.092833,0.098292,0.993563,-0.103731,-0.045527,0.000000,0.000000,0.000000,-1,0.909225,-0.159912,0.033798,0.319873,-0.520512,-0.043142,62.581955,243.296097,-535.277222,0,0
2.840000,1.508938,0.103602,-0.104556,0.072254,0.096203,-0.992736,0.103806,0.989206,0.103417,0.991970,-0.110524,0.061488,0.073417,0.681077,-0.002609,0.728517,0.185488,-0.620055,-0.020016,-0.077880,-0.047081,0.096690,0.992736,-0.103417,-0.061488,0.000000,0.000000,0.000000,-1,0.923935,-0.151031,0.044052,0.035261,-0.628483,-0.041596,63.109329,243.823471,-535.444763,0,0
2.880000,1.479529,0.101556,-0.105488,0.101264,0.090802,-0.990707,0.104750,0.989318,0.101382,0.989330,-0.114043,0.090671,0.072931,0.670332,-0.004722,0.738453,-0.111345,-0.491367,-0.083181,-0.061935,-0.043852,0.136295,0.990707,-0.101382,-0.090671,0.000000,0.000000,0.000000,-1,0.919006,-0.148514,0.044632,-0.186795,-0.420358,-0.103508,63.285126,243.647675,-536.953064,0,0
2.920000,1.463376,0.096591,-0.095907,0.115903,0.085178,-0.989602,0.095314,0.990765,0.096441,0.988677,-0.105501,0.106714,0.067868,0.664858,-0.003407,0.743872,-0.380350,-0.344345,-0.110410,-0.075325,-0.053080,0.150568,0.989602,-0.096441,-0.106714,0.000000,0.000000,0.000000,-1,0.944778,-0.163803,0.038712,-0.495362,-0.350397,-0.103508,62.757751,242.768723,-536.785522,0,0
2.960000,1.450642,0.092738,-0.079911,0.126822,0.082076,-0.988524,0.079483,0.992525,0.092606,0.988736,-0.090315,0.119350,0.061127,0.660748,0.000867,0.748114,-0.664571,-0.389078,-0.028139,-0.043746,-0.071198,0.158061,0.988524,-0.092606,-0.119350,0.000000,0.000000,0.000000,-1,1.164642,-0.176041,-0.014084,-0.861187,-0.290019,0.004569,63.109329,244.175049,-537.791016,0,0
3.000000,1.434425,0.089081,-0.036786,0.139099,0.083078,-0.986788,0.036632,0.995361,0.088963,0.989601,-0.048522,0.135410,0.045627,0.655906,0.015414,0.753304,-0.942255,-0.115458,0.119006,0.246107,-0.136165,0.130512,0.986788,-0.088963,-0.135410,0.000000,0.000000,0.000000,-1,1.249130,-0.256760,0.011597,-0.930477,-0.098898,0.168450,61.878784,242.944504,-537.288269,0,0
3.040000,1.425633,0.095571,-0.002010,0.144844,0.094131,-0.984967,0.002001,0.995435,0.095426,0.989453,-0.015793,0.143994,0.036794,0.653184,0.030479,0.755690,-0.710226,-0.080460,0.471828,0.362598,-0.342761,0.215070,0.984967,-0.095426,-0.143994,0.000000,0.000000,0.000000,-1,1.363403,-0.527969,0.089676,-0.597519,0.226161,0.506618,61.351410,239.252869,-537.455811,0,0
3.080000,1.439144,0.105624,0.013122,0.129890,0.106229,-0.985822,-0.013049,0.994341,0.105428,0.991443,-0.000830,0.130541,0.035382,0.658390,0.039717,0.750795,-0.252003,0.951968,0.222576,0.396045,-0.473674,0.204943,0.985821,-0.105428,-0.130541,0.000000,0.000000,0.000000,-1,1.246246,-0.512405,-0.003525,0.053222,1.396051,0.007138,60.999817,240.659210,-537.791016,0,0
3.120000,1.492825,0.106752,0.007828,0.077058,0.106833,-0.991286,-0.007784,0.994277,0.106550,0.996996,-0.000495,0.077448,0.036512,0.678191,0.039095,0.732936,0.467105,1.345020,-0.096613,0.146958,-0.305315,0.046824,0.991286,-0.106550,-0.077448,0.000000,0.000000,0.000000,-1,0.922821,-0.215790,-0.066330,0.763872,1.120590,-0.330786,59.769287,240.131836,-536.617920,0,0
3.160000,1.546760,0.092850,-0.033841,0.027157,0.091824,-0.995405,0.033689,0.995122,0.092717,0.999063,-0.036052,0.023931,0.045010,0.697143,0.020320,0.715229,0.909533,0.640807,-0.301946,-0.279707,0.060521,-0.074366,0.995405,-0.092717,-0.023931,0.000000,0.000000,0.000000,-1,0.738037,0.001053,-0.160355,0.767562,0.393990,-0.102243,56.605026,241.538177,-537.288269,0,0
3.200000,1.551578,0.095518,-0.051183,0.024070,0.094247,-0.995258,0.050928,0.994138,0.095373,0.998412,-0.052982,0.019129,0.051968,0.698380,0.015175,0.713677,0.172234,-0.385945,0.326572,-0.207447,0.111760,-0.182607,0.995258,-0.095373,-0.019129,0.000000,0.000000,0.000000,-1,1.105957,0.057541,-0.359879,-0.992513,-1.437644,0.401928,57.132401,241.010788,-537.455811,0,0
3.240000,1.510491,0.106559,-0.026528,0.063064,0.104528,-0.992520,0.026374,0.993978,0.106357,0.997661,-0.032884,0.059927,0.047850,0.683920,0.026857,0.727490,-1.502664,-1.865710,0.398373,0.113437,0.163898,-0.299951,0.992520,-0.106357,-0.059927,0.000000,0.000000,0.000000,-1,1.227615,0.030228,-0.241531,-1.918997,-1.810624,0.367898,58.538742,238.549713,-540.137268,0,0
3.280000,1.458849,0.111838,0.058360,0.105055,0.117234,-0.987532,-0.057962,0.992061,0.111605,0.992776,0.045515,0.111016,0.022238,0.666331,0.058950,0.742989,-0.338555,1.460648,-0.092930,-0.027281,0.201724,0.078484,0.987532,-0.111605,-0.111016,0.000000,0.000000,0.000000,-1,0.821274,0.056747,-0.030411,0.162154,2.006532,-0.177099,56.956604,238.373917,-539.299316,0,0
3.320000,1.524634,0.106931,0.042154,0.041612,0.108463,-0.993229,-0.041900,0.993405,0.106727,0.998255,0.037176,0.045882,0.024107,0.690274,0.052118,0.721266,1.055243,2.308360,-0.254996,-0.171955,0.163474,0.015472,0.993229,-0.106727,-0.045882,0.000000,0.000000,0.000000,-1,0.760269,0.006897,-0.047440,1.499010,1.946940,-0.295906,56.780823,239.956039,-536.785522,0,0
3.360000,1.603001,0.095621,-0.017255,-0.030548,0.095968,-0.994916,0.017175,0.995284,0.095476,0.999386,-0.014171,-0.032052,0.039435,0.717266,0.028338,0.695105,1.551141,1.188419,-0.287669,-0.249005,0.077882,-0.098535,0.994916,-0.095476,0.032052,0.000000,0.000000,0.000000,-1,0.721130,-0.141449,0.003738,1.289464,0.208367,-0.235564,54.671310,241.362381,-536.450317,0,0
3.400000,1.615515,0.081791,-0.079241,-0.038103,0.084901,-0.995661,0.078894,0.993530,0.081700,0.996155,-0.075438,-0.044554,0.056838,0.720449,0.002173,0.691172,1.024318,-0.202567,-0.214450,-0.234629,-0.079174,0.016817,0.995661,-0.081700,0.044554,0.000000,0.000000,0.000000,-1,0.832504,-0.111511,0.110764,0.925373,-0.115787,-0.247505,53.089188,243.296097,-537.288269,0,0
3.440000,1.618122,0.072819,-0.106767,-0.039294,0.077301,-0.996233,0.106282,0.991671,0.072755,0.993559,-0.103023,-0.047182,0.063674,0.720789,-0.010498,0.690144,0.891344,0.252187,-0.291827,-0.141772,-0.007308,0.088163,0.996233,-0.072755,0.047182,0.000000,0.000000,0.000000,-1,0.812469,-0.018524,0.145081,0.810373,0.600073,-0.265276,52.210220,244.878220,-536.450317,0,0
3.480000,1.662064,0.063093,-0.152109,-0.080575,0.075873,-0.993857,0.151221,0.986487,0.063051,0.985211,-0.145212,-0.090960,0.077295,0.734510,-0.027965,0.673601,0.635888,0.910559,0.228629,-0.254599,0.020952,0.107893,0.993857,-0.063051,0.090960,0.000000,0.000000,0.000000,-1,0.760757,-0.077057,0.218811,0.586303,0.949518,0.408435,51.331268,247.163513,-536.953064,0,0
3.520000,1.671817,0.066187,-0.158610,-0.089190,0.080905,-0.992723,0.157600,0.985286,0.066139,0.983467,-0.150554,-0.100628,0.080859,0.737412,-0.028619,0.669975,0.611968,0.941994,0.420454,-0.231966,-0.010918,0.118183,0.992723,-0.066139,0.100628,0.000000,0.000000,0.000000,-1,1.012741,-0.224091,0.371384,0.673104,1.150301,0.818224,49.045975,245.932968,-537.120667,0,0
3.560000,1.731935,0.104561,-0.203739,-0.136280,0.133350,-0.981654,0.201227,0.973968,0.104370,0.970018,-0.183312,-0.159566,0.111038,0.753295,-0.026199,0.647712,0.970385,1.006962,1.038514,0.265889,-0.216843,0.265559,0.981654,-0.104370,0.159566,0.000000,0.000000,0.000000,-1,1.326584,-0.394028,0.572388,0.834736,0.115495,0.707925,48.167007,247.163513,-538.964111,0,0
3.600000,1.739126,0.127583,-0.252740,-0.130846,0.163347,-0.977853,0.248025,0.960361,0.127237,0.959876,-0.225884,-0.166174,0.136900,0.751229,-0.032828,0.644853,0.541130,0.371726,0.028972,0.390647,0.060236,0.545572,0.977853,-0.127237,0.166174,0.000000,0.000000,0.000000,-1,1.576523,-0.017838,0.636719,0.333275,0.866647,-0.196526,48.870178,246.811935,-539.634521,0,0
3.640000,1.763101,0.115451,-0.248967,-0.157368,0.156678,-0.975032,0.244763,0.962716,0.115195,0.956727,-0.220523,-0.189850,0.132066,0.759923,-0.034651,0.635511,-0.842695,0.502601,-0.849266,0.797322,0.216895,0.023087,0.975032,-0.115195,0.189850,0.000000,0.000000,0.000000,-1,1.562653,0.177597,-0.230148,-1.875315,-0.504531,-1.220405,49.573349,244.702423,-540.640015,0,0
3.680000,1.726160,0.091894,-0.173169,-0.136804,0.115966,-0.983787,0.171577,0.980888,0.091765,0.975626,-0.156242,-0.154086,0.095387,0.753621,-0.021389,0.649999,-2.918038,-1.441964,-1.109259,0.319695,0.185622,-0.280444,0.983787,-0.091765,0.154086,0.000000,0.000000,0.000000,-1,0.682709,0.061432,-0.127808,-2.065427,-0.078264,-0.256412,52.561813,242.417130,-541.813110,0,0
3.720000,1.703071,0.098186,-0.073740,-0.124372,0.106624,-0.986490,0.073318,0.992479,0.098028,0.989523,-0.060136,-0.131254,0.060006,0.749684,0.012636,0.658949,-1.618830,-0.400836,0.285119,-0.190515,0.197149,-0.355131,0.986490,-0.098028,0.131254,0.000000,0.000000,0.000000,-1,1.028702,0.119125,-0.329422,-1.630621,-0.825489,0.384341,53.264984,240.659210,-540.472412,0,0
3.760000,1.642924,0.121025,-0.020279,-0.069609,0.121853,-0.990104,0.020129,0.992481,0.120730,0.997371,-0.011526,-0.071539,0.048601,0.730347,0.037381,0.680319,-0.940764,-1.968459,0.408248,0.184456,0.210238,-0.440816,0.990104,-0.120730,0.071538,0.000000,0.000000,0.000000,-1,1.171738,0.062454,-0.331787,-0.590381,-1.899560,0.397345,55.022903,238.549713,-543.489014,0,0
3.800000,1.598272,0.132221,-0.011057,-0.026013,0.132082,-0.990897,0.010960,0.991211,0.131836,0.999601,-0.007431,-0.027232,0.050020,0.714922,0.043503,0.696054,0.063705,-0.641977,0.241015,0.035607,0.179596,-0.240184,0.990897,-0.131836,0.027232,0.000000,0.000000,0.000000,-1,0.795120,-0.030960,-0.165985,0.406721,0.693743,0.005964,55.550278,239.428665,-543.321411,0,0
3.840000,1.625888,0.134285,-0.027599,-0.051354,0.135147,-0.989494,0.027347,0.990620,0.133881,0.998306,-0.020184,-0.054568,0.056112,0.723972,0.039262,0.686422,0.496753,1.137048,0.092497,-0.236656,0.088929,-0.208621,0.989494,-0.133881,0.054568,0.000000,0.000000,0.000000,-1,0.689011,-0.087173,-0.101547,0.380072,1.289061,0.126451,53.792358,240.835007,-543.321411,0,0
3.880000,1.693039,0.140546,-0.047299,-0.115228,0.144649,-0.982751,0.046816,0.989032,0.140084,0.992235,-0.029866,-0.120736,0.064179,0.745821,0.036945,0.662017,0.289897,1.312744,0.189321,-0.305810,0.021722,-0.182870,0.982751,-0.140084,0.120736,0.000000,0.000000,0.000000,-1,0.685196,-0.148300,-0.028717,0.231871,1.224461,0.124647,52.913391,242.065552,-542.818665,0,0
3.920000,1.732144,0.141617,-0.055604,-0.152658,0.148023,-0.977131,0.055019,0.988459,0.141144,0.986746,-0.032214,-0.159040,0.066939,0.758313,0.035912,0.647449,0.116583,0.515314,-0.028998,-0.254703,-0.045197,-0.156995,0.977131,-0.141144,0.159040,0.000000,0.000000,0.000000,-1,0.756805,-0.227356,0.052689,0.023201,-0.046913,-0.033029,53.264984,242.768723,-541.813110,0,0
3.960000,1.733120,0.140695,-0.057361,-0.153412,0.147425,-0.977103,0.056763,0.988490,0.140231,0.986531,-0.033950,-0.160014,0.067291,0.758603,0.035025,0.647121,0.048190,-0.296763,0.003340,-0.207160,-0.107617,-0.082057,0.977103,-0.140231,0.160014,0.000000,0.000000,0.000000,-1,0.808014,-0.315536,0.162613,0.101426,-0.648884,0.044259,50.628098,244.350845,-542.651062,0,0
4.000000,1.693194,0.143471,-0.066891,-0.112333,0.149753,-0.982321,0.066154,0.987512,0.142979,0.991466,-0.048924,-0.120837,0.072443,0.745098,0.031558,0.662258,0.304087,-1.363001,0.160889,-0.119544,-0.225338,0.096616,0.982321,-0.142979,0.120837,0.000000,0.000000,0.000000,-1,0.939621,-0.429443,0.282700,0.260002,-1.830850,0.169971,52.737595,245.054016,-545.332520,0,0
4.040000,1.622337,0.147957,-0.071363,-0.040889,0.150521,-0.987761,0.070523,0.986557,0.147418,0.996672,-0.063632,-0.050955,0.076663,0.720833,0.029059,0.688243,-0.124248,-3.222021,0.135008,-0.015974,-0.311734,0.277582,0.987761,-0.147418,0.050955,0.000000,0.000000,0.000000,-1,1.063400,-0.348663,0.427979,-0.175176,-2.726443,0.097869,53.792358,243.999252,-548.349121,0,0
4.080000,1.518536,0.152745,-0.069595,0.062676,0.147944,-0.987008,0.068729,0.985965,0.152152,0.995665,-0.077372,0.051629,0.079188,0.684043,0.027330,0.724615,0.088690,-0.683064,0.036483,0.112068,-0.112283,0.395333,0.987008,-0.152152,-0.051629,0.000000,0.000000,0.000000,-1,1.117523,-0.184952,0.194595,-0.114099,-0.395198,-0.015744,56.253433,242.592926,-550.695312,0,0
4.120000,1.517301,0.150922,-0.053815,0.061468,0.147041,-0.987219,0.053177,0.987202,0.150350,0.996691,-0.061739,0.052862,0.073151,0.684264,0.032374,0.724833,-0.816689,0.662738,-0.025459,0.188120,-0.033046,0.094717,0.987219,-0.150350,-0.052862,0.000000,0.000000,0.000000,-1,1.208832,-0.245514,-0.011581,-1.057562,0.974565,-0.007170,57.308197,243.647675,-552.371216,0,0
4.160000,1.545939,0.151320,-0.019428,0.027778,0.150186,-0.988267,0.019204,0.988386,0.150744,0.999430,-0.023166,0.024571,0.060870,0.695708,0.045844,0.714271,-1.277215,1.382674,0.161845,0.264296,-0.156935,0.001698,0.988268,-0.150743,-0.024571,0.000000,0.000000,0.000000,-1,1.344131,-0.451050,-0.041351,-1.272416,1.697337,0.491423,56.077652,243.120300,-552.873962,0,1
4.200000,1.606373,0.169929,0.029223,-0.040492,0.167894,-0.984973,-0.028798,0.985176,0.169113,0.998765,0.035213,-0.035057,0.048448,0.717761,0.071168,0.690946,-1.046992,1.882576,0.506546,0.333615,-0.272995,-0.087029,0.984973,-0.169113,0.035057,0.000000,0.000000,0.000000,-1,1.049576,-0.245987,-0.119156,-0.721832,1.685317,0.118597,58.187149,241.713959,-550.192566,0,0
4.240000,1.653165,0.177002,0.051438,-0.091189,0.171020,-0.981039,-0.050612,0.983074,0.176079,0.994547,0.065709,-0.080990,0.041009,0.734039,0.082349,0.672848,-0.504571,1.386417,0.008824,0.068537,-0.069907,-0.200146,0.981039,-0.176079,0.080990,0.000000,0.000000,0.000000,-1,0.959549,-0.090103,-0.187485,-0.211250,0.566643,-0.005812,57.659775,242.241333,-550.695312,0,0
4.280000,1.657976,0.184248,0.063435,-0.098464,0.176625,-0.979341,-0.062319,0.981097,0.183207,0.993187,0.079071,-0.085596,0.038841,0.735724,0.089123,0.670268,-0.418664,-1.089203,0.318923,0.151976,0.154002,-0.387735,0.979341,-0.183207,0.085596,0.000000,0.000000,0.000000,-1,1.303268,0.055649,-0.357880,-1.092018,-2.115479,0.175131,59.945068,241.713959,-550.192566,0,0
