0.000000,-1.571412,0.690987,0.697541,0.408887,-0.488836,0.770617,-0.494994,0.590619,0.637298,-0.766676,-0.642034,-0.000475,0.452422,-0.543647,0.002178,0.706936,-0.040025,0.009746,0.011942,0.011477,0.011230,0.002775,-0.770617,-0.637298,0.000475,0.000000,0.000000,0.000000,-1,-0.760986,-0.631485,0.008423,-0.028659,-0.087952,0.030497,121.067352,218.798889,-775.392029,0,0
0.040000,-1.570313,0.690018,0.696174,0.408583,-0.488117,0.771234,-0.494583,0.591769,0.636551,-0.767104,-0.641523,0.000372,0.451786,-0.543786,0.002286,0.707235,-0.038873,0.014018,0.034248,0.008920,0.007584,0.005515,-0.771234,-0.636551,-0.000372,0.000000,0.000000,0.000000,-1,-0.758636,-0.637161,0.003372,-0.030759,-0.100660,0.040151,121.242569,217.925797,-774.557007,0,0
0.080000,-1.569565,0.689513,0.695107,0.408386,-0.487773,0.771555,-0.494157,0.592544,0.636161,-0.767483,-0.641069,0.000950,0.451357,-0.543877,0.002256,0.707439,-0.019743,0.010834,0.032985,0.014521,-0.004525,0.003468,-0.771556,-0.636161,-0.000950,0.000000,0.000000,0.000000,-1,-0.762985,-0.639557,0.001434,-0.004193,-0.075228,0.031234,121.592972,219.322754,-774.557007,0,0
0.120000,-1.568786,0.689112,0.694969,0.408718,-0.487093,0.771809,-0.494238,0.592808,0.635852,-0.767254,-0.641342,0.001551,0.451209,-0.543723,0.002524,0.707651,0.001527,0.030974,0.030530,0.005543,-0.009808,-0.000905,-0.771809,-0.635852,-0.001551,0.000000,0.000000,0.000000,-1,-0.760101,-0.616821,0.005753,0.010712,-0.051902,0.032028,122.644211,218.973511,-773.889038,0,0
0.160000,-1.567318,0.687351,0.695617,0.409288,-0.484841,0.772925,-0.495339,0.593346,0.634492,-0.766240,-0.642549,0.002689,0.450903,-0.543454,0.003707,0.708047,0.008928,0.007638,0.024171,0.010916,0.007584,-0.002042,-0.772925,-0.634492,-0.002689,0.000000,0.000000,0.000000,-1,-0.767303,-0.632553,-0.000549,0.013859,-0.081596,0.026808,121.067352,218.449646,-776.060059,0,0
0.200000,-1.567379,0.686348,0.696983,0.409405,-0.483726,0.773561,-0.496557,0.593156,0.633716,-0.765388,-0.643564,0.002643,0.451000,-0.543394,0.004531,0.708026,0.019504,0.035065,0.014373,0.006654,0.004581,0.011707,-0.773561,-0.633716,-0.002643,0.000000,0.000000,0.000000,-1,-0.756180,-0.607910,0.011826,0.007483,-0.061457,0.023597,121.768188,217.401932,-774.723999,0,0
0.240000,-1.567166,0.685967,0.697708,0.409729,-0.483066,0.773802,-0.497142,0.592981,0.633421,-0.764834,-0.644221,0.002809,0.451093,-0.543241,0.004970,0.708082,0.022679,0.009621,0.015516,0.003157,-0.017991,-0.004652,-0.773802,-0.633422,-0.002809,0.000000,0.000000,0.000000,-1,-0.752899,-0.625443,-0.001465,0.013828,-0.075249,0.017207,122.118591,217.751175,-775.058044,0,0
0.280000,-1.566905,0.685441,0.698415,0.410008,-0.482296,0.774134,-0.497775,0.592885,0.633014,-0.764273,-0.644886,0.003013,0.451140,-0.543108,0.005465,0.708150,-0.013452,0.028702,0.015828,0.013255,0.011219,0.003379,-0.774134,-0.633014,-0.003013,0.000000,0.000000,0.000000,-1,-0.760147,-0.624268,-0.003174,-0.006371,-0.084788,0.019600,122.644211,218.624268,-775.893066,0,0
0.320000,-1.565426,0.684886,0.698266,0.410790,-0.481074,0.774480,-0.497913,0.593228,0.632585,-0.763763,-0.645483,0.004159,0.450944,-0.542743,0.005941,0.708551,0.016333,0.040367,0.017573,0.005147,-0.003646,-0.002082,-0.774480,-0.632585,-0.004159,0.000000,0.000000,0.000000,-1,-0.768112,-0.634735,-0.002899,0.020228,-0.051923,0.018095,121.768188,218.798889,-776.394043,0,0
0.360000,-1.564658,0.684561,0.699315,0.411719,-0.479954,0.774682,-0.498667,0.592862,0.632333,-0.762770,-0.646652,0.004755,0.451138,-0.542307,0.006601,0.708755,0.025879,0.049904,0.008947,0.004113,0.006372,0.004252,-0.774682,-0.632333,-0.004755,0.000000,0.000000,0.000000,-1,-0.774307,-0.635086,-0.001846,0.036111,-0.084805,0.007431,121.417770,218.100418,-775.392029,0,0
0.400000,-1.565365,0.684174,0.701483,0.412026,-0.479289,0.774930,-0.500109,0.591967,0.632033,-0.761659,-0.647964,0.004209,0.451622,-0.542156,0.007346,0.708555,0.042850,0.011730,0.005742,0.002912,0.009550,0.006376,-0.774930,-0.632033,-0.004209,0.000000,0.000000,0.000000,-1,-0.763779,-0.624176,-0.004852,0.056312,-0.103882,0.011549,121.768188,218.798889,-775.058044,0,0
0.440000,-1.567244,0.683870,0.705038,0.412147,-0.478864,0.775128,-0.502335,0.590331,0.631798,-0.760128,-0.649768,0.002753,0.452510,-0.542086,0.008287,0.708031,0.052422,0.012791,0.006695,0.013227,0.012749,-0.005257,-0.775128,-0.631798,-0.002753,0.000000,0.000000,0.000000,-1,-0.763916,-0.613495,-0.010330,0.036112,-0.087984,0.008509,122.819412,217.751175,-774.390015,0,0
0.480000,-1.566796,0.683474,0.705655,0.412584,-0.478084,0.775377,-0.502861,0.590212,0.631491,-0.759543,-0.650450,0.003101,0.452568,-0.541878,0.008747,0.708148,0.005617,0.025500,-0.002418,0.012575,0.018209,-0.008236,-0.775377,-0.631491,-0.003101,0.000000,0.000000,0.000000,-1,-0.766251,-0.618423,-0.011154,-0.001110,-0.078450,0.003557,123.520248,219.497375,-775.058044,0,0
0.520000,-1.565248,0.682971,0.705389,0.413379,-0.476890,0.775689,-0.502910,0.590587,0.631101,-0.759078,-0.650986,0.004304,0.452352,-0.541503,0.009181,0.708567,0.009931,0.030894,0.005004,-0.000755,0.006757,-0.001983,-0.775689,-0.631101,-0.004304,0.000000,0.000000,0.000000,-1,-0.770813,-0.621216,-0.001938,0.019129,-0.067836,0.011796,121.417770,218.798889,-774.723999,0,0
0.560000,-1.564278,0.682339,0.706537,0.414343,-0.475410,0.776083,-0.503847,0.590313,0.630610,-0.757930,-0.652316,0.005059,0.452485,-0.541043,0.010030,0.708822,0.022679,0.023470,0.003834,0.010138,0.011073,-0.001670,-0.776083,-0.630610,-0.005059,0.000000,0.000000,0.000000,-1,-0.763718,-0.618362,-0.007202,0.020164,-0.083745,0.007602,122.118591,217.401932,-776.060059,0,0
0.600000,-1.563952,0.682130,0.706919,0.414667,-0.474915,0.776213,-0.504158,0.590220,0.630448,-0.757546,-0.652760,0.005313,0.452530,-0.540888,0.010313,0.708908,-0.000736,0.010741,-0.000104,0.007857,0.013215,-0.001691,-0.776213,-0.630448,-0.005313,0.000000,0.000000,0.000000,-1,-0.769302,-0.616577,-0.009644,-0.019203,-0.098596,0.002784,121.943390,218.275040,-775.893066,0,0
0.640000,-1.562552,0.681836,0.705612,0.414959,-0.474370,0.776390,-0.503506,0.591020,0.630220,-0.757819,-0.652433,0.006401,0.452089,-0.540754,0.010270,0.709292,-0.026247,0.007564,0.002320,0.006066,0.007066,-0.008034,-0.776390,-0.630220,-0.006401,0.000000,0.000000,0.000000,-1,-0.765259,-0.625397,-0.009705,-0.020239,-0.084807,0.006988,120.892151,218.624268,-774.891052,0,0
0.680000,-1.560973,0.681830,0.704458,0.415606,-0.473815,0.776384,-0.502827,0.591604,0.630215,-0.757917,-0.652307,0.007627,0.451767,-0.540456,0.010219,0.709725,-0.007019,0.017207,0.006368,0.014314,0.004436,-0.000338,-0.776384,-0.630215,-0.007627,0.000000,0.000000,0.000000,-1,-0.760513,-0.621918,0.000336,-0.001097,-0.093284,0.010007,122.469009,218.100418,-776.394043,0,0
0.720000,-1.561191,0.681831,0.704749,0.415578,-0.473837,0.776385,-0.502998,0.591457,0.630215,-0.757818,-0.652424,0.007458,0.451847,-0.540468,0.010273,0.709664,0.005714,-0.007183,0.004209,0.013094,0.008114,0.006054,-0.776385,-0.630215,-0.007458,0.000000,0.000000,0.000000,-1,-0.771484,-0.623352,-0.008301,0.006320,-0.114491,0.007893,119.840912,220.719711,-775.225037,0,0
0.760000,-1.561653,0.681593,0.704968,0.415212,-0.473907,0.776538,-0.503225,0.591461,0.630031,-0.757868,-0.652370,0.007100,0.451844,-0.540636,0.010330,0.709537,0.004646,-0.007185,0.003157,0.006198,0.007793,-0.002376,-0.776538,-0.630031,-0.007100,0.000000,0.000000,0.000000,-1,-0.768402,-0.616989,-0.010056,-0.008551,-0.103887,0.009073,122.293793,218.275040,-775.225037,0,0
0.800000,-1.560831,0.680913,0.703822,0.414951,-0.473444,0.776960,-0.502824,0.592364,0.629502,-0.758277,-0.651886,0.007743,0.451343,-0.540756,0.010348,0.709764,-0.033600,-0.002935,0.009944,0.010038,0.012681,-0.000039,-0.776960,-0.629502,-0.007743,0.000000,0.000000,0.000000,-1,-0.765961,-0.622757,-0.008926,-0.034058,-0.113423,0.013652,122.644211,218.275040,-775.559082,0,0
0.840000,-1.560307,0.680460,0.702202,0.414353,-0.473506,0.777241,-0.502047,0.593395,0.629150,-0.759118,-0.650902,0.008153,0.450779,-0.541038,0.010051,0.709912,-0.023935,-0.015558,0.016308,0.012302,0.006653,-0.000514,-0.777241,-0.629150,-0.008153,0.000000,0.000000,0.000000,-1,-0.765961,-0.622284,-0.008835,-0.018096,-0.119776,0.018823,122.819412,218.100418,-775.726074,0,0
0.880000,-1.560124,0.680054,0.701284,0.413855,-0.473526,0.777494,-0.501667,0.594051,0.628835,-0.759641,-0.650290,0.008298,0.450418,-0.541271,0.009909,0.709965,-0.027138,-0.012384,0.012074,0.010313,0.007330,-0.004443,-0.777494,-0.628835,-0.008298,0.000000,0.000000,0.000000,-1,-0.769791,-0.632828,-0.003891,-0.037261,-0.110248,0.009418,123.345032,219.671997,-775.559082,0,0
0.920000,-1.559419,0.680242,0.699575,0.413675,-0.473887,0.777370,-0.500575,0.594817,0.628981,-0.760459,-0.649325,0.008844,0.450004,-0.541364,0.009395,0.710165,-0.036753,-0.006045,-0.001679,0.007427,-0.004197,0.005121,-0.777370,-0.628981,-0.008844,0.000000,0.000000,0.000000,-1,-0.768356,-0.625961,-0.003250,-0.034120,-0.111328,-0.003376,121.768188,220.545090,-775.392029,0,0
0.960000,-1.559726,0.680866,0.698289,0.413143,-0.474989,0.776980,-0.499558,0.595159,0.629466,-0.761417,-0.648206,0.008601,0.449828,-0.541621,0.008650,0.710089,-0.027275,-0.042120,-0.018641,0.006717,0.006648,0.001659,-0.776980,-0.629466,-0.008601,0.000000,0.000000,0.000000,-1,-0.769852,-0.623688,-0.014893,-0.024641,-0.160118,-0.017089,121.592972,218.275040,-774.557007,0,0
1.000000,-1.560978,0.681849,0.697013,0.412072,-0.476911,0.776371,-0.498400,0.595322,0.630230,-0.762754,-0.646644,0.007623,0.449758,-0.542132,0.007569,0.709756,-0.012351,-0.052594,-0.031503,0.003651,0.003734,-0.004157,-0.776371,-0.630230,-0.007623,0.000000,0.000000,0.000000,-1,-0.775620,-0.626495,-0.005676,0.008315,-0.146340,-0.020706,121.592972,218.624268,-775.225037,0,0
1.040000,-1.564778,0.682651,0.698740,0.410399,-0.479134,0.775889,-0.499103,0.594073,0.630852,-0.763197,-0.646149,0.004670,0.450460,-0.542910,0.007044,0.708721,0.067477,-0.067397,-0.004659,0.000254,0.004463,0.006119,-0.775889,-0.630852,-0.004670,0.000000,0.000000,0.000000,-1,-0.767151,-0.620346,0.003754,0.081761,-0.170682,0.007315,122.644211,218.275040,-774.223022,0,0
1.080000,-1.569034,0.682310,0.702068,0.408577,-0.480320,0.776117,-0.501215,0.592573,0.630588,-0.762789,-0.646645,0.001368,0.451286,-0.543743,0.007383,0.707552,0.076055,-0.062071,0.013307,0.008508,0.012012,0.003184,-0.776117,-0.630588,-0.001368,0.000000,0.000000,0.000000,-1,-0.757828,-0.614685,0.000122,0.059489,-0.167480,0.021375,122.644211,218.275040,-776.227051,0,0
1.120000,-1.572187,0.681503,0.703624,0.406514,-0.481246,0.776626,-0.502466,0.592180,0.629961,-0.763069,-0.646316,-0.001080,0.451501,-0.544689,0.007507,0.706685,-0.001526,-0.046162,0.018345,0.022461,0.015611,-0.002881,-0.776626,-0.629961,0.001080,0.000000,0.000000,0.000000,-1,-0.754013,-0.611313,0.000900,-0.031924,-0.139917,0.021194,122.644211,217.576553,-774.891052,0,0
1.160000,-1.571399,0.680752,0.700511,0.405241,-0.481555,0.777100,-0.500925,0.594103,0.629377,-0.764757,-0.644318,-0.000468,0.450446,-0.545282,0.006850,0.706908,-0.091770,0.008039,0.016973,0.021744,0.014997,0.007253,-0.777100,-0.629377,0.000468,0.000000,0.000000,0.000000,-1,-0.753571,-0.629623,0.002625,-0.096728,-0.082664,0.022714,121.417770,219.497375,-774.056030,0,0
1.200000,-1.568988,0.681081,0.697444,0.405774,-0.481443,0.776891,-0.498968,0.595478,0.629633,-0.765754,-0.643132,0.001405,0.449692,-0.545046,0.006192,0.707576,-0.062022,0.017569,0.009153,0.012792,-0.021109,0.000199,-0.776891,-0.629633,-0.001405,0.000000,0.000000,0.000000,-1,-0.762466,-0.642166,0.006546,-0.054237,-0.086918,0.013755,121.417770,218.798889,-775.392029,0,0
1.240000,-1.567662,0.681839,0.695664,0.406310,-0.481765,0.776411,-0.497601,0.595998,0.630222,-0.766359,-0.642409,0.002433,0.449410,-0.544806,0.005592,0.707944,-0.020562,0.013325,0.008709,0.016905,-0.009472,0.010185,-0.776411,-0.630222,-0.002433,0.000000,0.000000,0.000000,-1,-0.761383,-0.635880,0.001144,0.020140,-0.099653,0.004483,122.644211,218.624268,-776.227051,0,0
1.280000,-1.568470,0.682960,0.696948,0.406868,-0.482430,0.775706,-0.497912,0.594817,0.631092,-0.765860,-0.643004,0.001805,0.450068,-0.544551,0.005469,0.707723,0.042075,0.000569,-0.013203,0.011882,-0.006100,0.001637,-0.775706,-0.631092,-0.001805,0.000000,0.000000,0.000000,-1,-0.767807,-0.632416,0.001740,0.045569,-0.108166,-0.017034,122.819412,218.100418,-775.726074,0,0
1.320000,-1.570286,0.684510,0.699086,0.407283,-0.483648,0.774729,-0.498553,0.593001,0.632294,-0.765223,-0.643766,0.000396,0.451078,-0.544362,0.005269,0.707104,0.025011,-0.016314,-0.034219,0.001147,0.006730,0.003023,-0.774554,-0.632508,-0.000048,0.000000,0.000000,0.000000,-1,-0.772949,-0.618607,0.001251,0.018948,-0.117723,-0.026270,121.067352,219.497375,-774.056030,0,0
1.360000,-1.571712,0.685213,0.700272,0.407117,-0.484500,0.774284,-0.498969,0.592069,0.632838,-0.765040,-0.643983,-0.000709,0.451596,-0.544440,0.005117,0.706838,0.015484,-0.009939,-0.024568,0.001991,0.016520,0.000054,-0.774284,-0.632838,0.000709,0.000000,0.000000,0.000000,-1,-0.764618,-0.609665,-0.006226,0.004121,-0.111341,-0.012308,122.118591,219.497375,-775.392029,0,0
1.400000,-1.571354,0.684970,0.699923,0.407101,-0.484268,0.774438,-0.498861,0.592361,0.632650,-0.765119,-0.643889,-0.000432,0.451434,-0.544448,0.005161,0.706935,-0.017377,0.008118,-0.001945,0.012032,0.020345,-0.008442,-0.774438,-0.632650,0.000432,0.000000,0.000000,0.000000,-1,-0.760712,-0.608017,0.002853,-0.027655,-0.076317,0.012350,121.417770,218.100418,-774.723999,0,0
1.440000,-1.567999,0.683288,0.698110,0.407952,-0.481848,0.775498,-0.498470,0.594079,0.631346,-0.764920,-0.644121,0.002169,0.450473,-0.544049,0.005870,0.707849,-0.012957,0.049519,0.033989,0.008164,0.008146,0.004870,-0.775498,-0.631346,-0.002169,0.000000,0.000000,0.000000,-1,-0.759537,-0.629837,0.002029,0.014937,-0.072051,0.028881,122.118591,219.846619,-775.726074,0,0
1.480000,-1.567489,0.682954,0.698656,0.408438,-0.481098,0.775708,-0.498929,0.593968,0.631087,-0.764361,-0.644784,0.002565,0.450529,-0.543821,0.006296,0.707985,0.013631,0.027325,0.021017,0.014813,0.000212,0.004946,-0.775708,-0.631087,-0.002565,0.000000,0.000000,0.000000,-1,-0.769943,-0.642517,0.003632,0.002144,-0.082664,0.021624,122.819412,220.195847,-775.392029,0,0
1.520000,-1.567393,0.683197,0.699506,0.409042,-0.480833,0.775554,-0.499335,0.593426,0.631276,-0.763773,-0.645480,0.002639,0.450826,-0.543540,0.006533,0.708009,0.027386,0.024116,0.003857,0.007197,-0.015010,0.008117,-0.775554,-0.631276,-0.002639,0.000000,0.000000,0.000000,-1,-0.774826,-0.626129,0.003220,0.043518,-0.082699,-0.002234,121.067352,220.195847,-776.060059,0,0
1.560000,-1.569188,0.683709,0.702270,0.409257,-0.481165,0.775234,-0.500765,0.591798,0.631672,-0.762721,-0.646727,0.001247,0.451722,-0.543437,0.006925,0.707514,0.045338,-0.011972,-0.021708,0.000942,0.010670,0.008220,-0.775234,-0.631672,-0.001247,0.000000,0.000000,0.000000,-1,-0.775009,-0.625336,-0.003555,0.043406,-0.135738,-0.021140,122.293793,218.973511,-774.557007,0,0
1.600000,-1.571885,0.684367,0.704155,0.408439,-0.482528,0.774819,-0.501611,0.590535,0.632182,-0.762604,-0.646865,-0.000843,0.452423,-0.543815,0.006750,0.706776,0.032544,-0.043783,-0.024613,0.004876,0.011791,-0.006642,-0.774819,-0.632182,0.000843,0.000000,0.000000,0.000000,-1,-0.759537,-0.620453,-0.000305,0.028548,-0.128309,-0.015691,121.067352,219.148132,-774.723999,0,0
1.640000,-1.573507,0.685082,0.705433,0.408178,-0.483477,0.774364,-0.502072,0.589549,0.632737,-0.762440,-0.647056,-0.002099,0.452970,-0.543937,0.006581,0.706334,0.020983,-0.012931,-0.018260,0.017864,0.012803,-0.001794,-0.774364,-0.632737,0.002099,0.000000,0.000000,0.000000,-1,-0.758240,-0.617096,-0.002121,0.012619,-0.115583,-0.013446,121.592972,219.322754,-776.227051,0,0
1.680000,-1.573343,0.685469,0.705183,0.408376,-0.483702,0.774120,-0.501765,0.589489,0.633036,-0.762535,-0.646944,-0.001972,0.453006,-0.543848,0.006393,0.706380,-0.010850,-0.000188,-0.004137,0.009426,0.021876,-0.005374,-0.774120,-0.633036,0.001972,0.000000,0.000000,0.000000,-1,-0.765167,-0.612488,-0.000839,-0.015983,-0.084805,0.008005,122.994629,218.275040,-775.559082,0,0
1.720000,-1.572309,0.684566,0.704503,0.408383,-0.482778,0.774692,-0.501734,0.590265,0.632337,-0.762552,-0.646925,-0.001172,0.452573,-0.543841,0.006706,0.706660,-0.020339,0.031640,0.010720,0.003483,0.021314,-0.001493,-0.774692,-0.632337,0.001172,0.000000,0.000000,0.000000,-1,-0.776932,-0.615204,-0.002411,-0.022289,-0.073117,0.025041,122.293793,220.021240,-774.891052,0,0
1.760000,-1.570282,0.682988,0.703338,0.408576,-0.481010,0.775690,-0.501691,0.591609,0.631114,-0.762478,-0.647015,0.000399,0.451821,-0.543745,0.007311,0.707210,-0.006461,0.017885,0.028715,0.000849,0.005137,-0.004056,-0.775690,-0.631114,-0.000399,0.000000,0.000000,0.000000,-1,-0.766464,-0.624725,0.000198,0.009602,-0.093256,0.027972,121.067352,219.148132,-774.056030,0,0
1.800000,-1.570610,0.682442,0.704276,0.408502,-0.480516,0.776035,-0.502469,0.591401,0.630690,-0.762004,-0.647572,0.000144,0.451928,-0.543773,0.007761,0.707115,0.019032,-0.006426,0.005120,0.011478,0.005843,-0.001534,-0.776035,-0.630690,-0.000144,0.000000,0.000000,0.000000,-1,-0.764694,-0.623596,-0.002518,0.006287,-0.121924,0.000481,122.469009,219.497375,-776.060059,0,0
1.840000,-1.570755,0.683106,0.703516,0.408359,-0.481313,0.775616,-0.501748,0.591464,0.631205,-0.762556,-0.646922,0.000032,0.451903,-0.543846,0.007225,0.707081,-0.032098,-0.016004,-0.018740,0.004544,-0.000723,-0.002150,-0.775616,-0.631205,-0.000032,0.000000,0.000000,0.000000,-1,-0.768036,-0.632034,0.001526,-0.024593,-0.113464,-0.014109,121.943390,220.719711,-775.893066,0,0
1.880000,-1.570489,0.684059,0.702436,0.408520,-0.482146,0.775014,-0.500720,0.591546,0.631944,-0.763145,-0.646227,0.000238,0.451867,-0.543780,0.006567,0.707160,-0.010806,-0.003275,-0.013714,0.009771,0.004319,0.003214,-0.775014,-0.631944,-0.000238,0.000000,0.000000,0.000000,-1,-0.764053,-0.623199,0.003845,-0.010740,-0.107092,-0.006844,121.943390,218.973511,-775.559082,0,0
1.920000,-1.570653,0.684175,0.702067,0.408275,-0.482471,0.774941,-0.500455,0.591674,0.632034,-0.763450,-0.645866,0.000111,0.451799,-0.543895,0.006358,0.707117,-0.011797,-0.005369,0.005453,0.009011,0.010665,0.006032,-0.774941,-0.632034,-0.000111,0.000000,0.000000,0.000000,-1,-0.764847,-0.616898,0.005249,-0.005345,-0.113420,0.015463,121.768188,219.846619,-775.392029,0,0
1.960000,-1.571035,0.683150,0.702065,0.407469,-0.482112,0.775588,-0.500872,0.592170,0.631239,-0.763608,-0.645681,-0.000185,0.451521,-0.544262,0.006634,0.707010,0.004293,-0.010535,0.024436,0.011260,0.013823,-0.005739,-0.775588,-0.631239,0.000185,0.000000,0.000000,0.000000,-1,-0.763184,-0.615036,-0.008408,-0.012722,-0.105974,0.031466,122.293793,218.973511,-774.891052,0,0
2.000000,-1.569898,0.681841,0.700879,0.407111,-0.481085,0.776414,-0.500701,0.593394,0.630223,-0.763910,-0.645322,0.000697,0.450838,-0.544423,0.006933,0.707319,-0.032889,0.007496,0.029020,0.013245,0.012883,-0.004216,-0.776414,-0.630223,-0.000698,0.000000,0.000000,0.000000,-1,-0.763184,-0.624008,-0.001694,-0.038220,-0.094309,0.033822,121.417770,219.497375,-774.390015,0,0
2.040000,-1.568717,0.681043,0.699290,0.406851,-0.480495,0.776915,-0.500082,0.594574,0.629603,-0.764455,-0.644676,0.001616,0.450184,-0.544543,0.006920,0.707644,-0.024424,-0.003120,0.020464,0.015669,0.006785,0.003050,-0.776915,-0.629603,-0.001616,0.000000,0.000000,0.000000,-1,-0.758743,-0.623199,0.004822,-0.017029,-0.114475,0.018788,122.293793,219.671997,-774.891052,0,0
2.080000,-1.569498,0.681658,0.698822,0.406335,-0.481555,0.776528,-0.499554,0.594511,0.630081,-0.765074,-0.643942,0.001008,0.450227,-0.544786,0.006361,0.707435,-0.016051,-0.026494,-0.010375,0.014184,-0.010483,0.005647,-0.776528,-0.630081,-0.001008,0.000000,0.000000,0.000000,-1,-0.772995,-0.647858,0.007538,-0.026768,-0.124082,-0.024674,121.943390,220.021240,-774.223022,0,0
2.120000,-1.570118,0.683665,0.697970,0.406451,-0.483493,0.775263,-0.498234,0.593967,0.631638,-0.765873,-0.642992,0.000526,0.450544,-0.544745,0.005210,0.707274,-0.026668,-0.011634,-0.032692,-0.002233,-0.015136,0.009391,-0.775263,-0.631638,-0.000526,0.000000,0.000000,0.000000,-1,-0.768646,-0.638718,0.004456,-0.011900,-0.124089,-0.029093,121.417770,218.798889,-775.392029,0,0
2.160000,-1.571815,0.685373,0.698806,0.406407,-0.485258,0.774182,-0.498035,0.592723,0.632962,-0.766025,-0.642810,-0.000788,0.451241,-0.544772,0.004519,0.706814,0.038196,-0.027529,-0.026955,0.017346,0.012586,-0.000178,-0.774182,-0.632962,0.000788,0.000000,0.000000,0.000000,-1,-0.753525,-0.608521,0.002243,0.038114,-0.126190,-0.016870,121.592972,218.624268,-776.227051,0,0
2.200000,-1.572945,0.685141,0.700388,0.406193,-0.485204,0.774328,-0.499067,0.592047,0.632782,-0.765467,-0.643473,-0.001664,0.451611,-0.544866,0.004905,0.706501,0.030911,0.011750,0.006990,0.019690,0.033096,-0.007294,-0.774328,-0.632782,0.001664,0.000000,0.000000,0.000000,-1,-0.763840,-0.601822,-0.012177,0.028753,-0.078412,0.028757,120.541733,218.624268,-774.223022,0,0
2.240000,-1.571650,0.683307,0.700805,0.406470,-0.483115,0.775488,-0.500061,0.592724,0.631361,-0.764670,-0.644421,-0.000662,0.451223,-0.544728,0.005994,0.706847,0.000158,0.022383,0.026432,0.012610,0.019987,-0.011984,-0.775488,-0.631361,0.000662,0.000000,0.000000,0.000000,-1,-0.770920,-0.620651,-0.005997,-0.016976,-0.086897,0.027172,120.716949,218.449646,-775.392029,0,0
2.280000,-1.569598,0.682363,0.698724,0.406563,-0.482079,0.776084,-0.499210,0.594220,0.630629,-0.765177,-0.643819,0.000930,0.450392,-0.544685,0.006054,0.707409,-0.064697,0.011867,0.009091,0.005866,0.006453,0.006514,-0.776084,-0.630629,-0.000930,0.000000,0.000000,0.000000,-1,-0.772141,-0.626053,0.007599,-0.067017,-0.099645,0.010762,121.592972,220.719711,-775.225037,0,0
2.320000,-1.569062,0.682598,0.696473,0.406006,-0.482787,0.775935,-0.497776,0.595228,0.630811,-0.766406,-0.642355,0.001346,0.449842,-0.544949,0.005296,0.707563,-0.030729,-0.028434,0.002514,0.006358,-0.010165,0.010913,-0.775935,-0.630811,-0.001346,0.000000,0.000000,0.000000,-1,-0.764450,-0.638184,0.006973,-0.009636,-0.127213,0.008126,121.242569,218.624268,-774.891052,0,0
2.360000,-1.569764,0.683196,0.696186,0.405626,-0.483711,0.775558,-0.497363,0.595081,0.631275,-0.766875,-0.641795,0.000800,0.449929,-0.545127,0.004825,0.707373,-0.003039,0.008679,0.007356,0.010788,-0.004787,-0.001153,-0.775558,-0.631275,-0.000800,0.000000,0.000000,0.000000,-1,-0.764984,-0.627441,-0.003693,-0.003202,-0.080556,0.013163,122.644211,218.275040,-775.893066,0,0
2.400000,-1.568502,0.682961,0.696314,0.406538,-0.482709,0.775706,-0.497534,0.595132,0.631092,-0.766281,-0.642503,0.001780,0.449896,-0.544705,0.005237,0.707716,0.015084,0.037315,0.014473,0.008845,0.010075,-0.000158,-0.775706,-0.631092,-0.001780,0.000000,0.000000,0.000000,-1,-0.767471,-0.622345,-0.000992,0.022347,-0.067824,0.019207,122.469009,218.449646,-776.060059,0,0
2.440000,-1.568199,0.682242,0.697698,0.407080,-0.481523,0.776158,-0.498649,0.594790,0.630535,-0.765268,-0.643708,0.002016,0.450076,-0.544448,0.006049,0.707793,0.024694,0.026809,0.012269,0.005162,0.008144,0.004289,-0.776158,-0.630535,-0.002016,0.000000,0.000000,0.000000,-1,-0.770493,-0.620514,-0.000259,0.014869,-0.094336,0.015154,121.592972,219.671997,-775.893066,0,0
2.480000,-1.568608,0.681663,0.698656,0.406938,-0.481053,0.776524,-0.499453,0.594592,0.630085,-0.764819,-0.644243,0.001699,0.450180,-0.544508,0.006500,0.707677,0.015105,-0.001818,0.012505,0.009358,0.004902,0.003957,-0.776524,-0.630085,-0.001699,0.000000,0.000000,0.000000,-1,-0.765030,-0.627808,0.004623,0.021243,-0.111296,0.017288,121.067352,217.751175,-776.394043,0,0
2.520000,-1.570077,0.681343,0.700397,0.406493,-0.481101,0.776727,-0.500618,0.593875,0.629836,-0.764294,-0.644867,0.000559,0.450572,-0.544707,0.006899,0.707271,0.036397,-0.000749,0.019710,0.015375,0.005386,0.002237,-0.776727,-0.629837,-0.000559,0.000000,0.000000,0.000000,-1,-0.759964,-0.626343,0.003677,0.034031,-0.102805,0.023491,122.469009,218.449646,-774.390015,0,0
2.560000,-1.570860,0.681203,0.701897,0.406546,-0.480913,0.776816,-0.501565,0.593191,0.629728,-0.763645,-0.645637,-0.000050,0.450945,-0.544678,0.007302,0.707052,0.017240,0.013019,0.011346,0.017111,0.004743,0.001431,-0.776816,-0.629728,0.000050,0.000000,0.000000,0.000000,-1,-0.759857,-0.619019,-0.000061,0.011673,-0.086919,0.011965,121.417770,219.148132,-775.392029,0,0
2.600000,-1.570371,0.681024,0.702423,0.407083,-0.480277,0.776928,-0.501950,0.593013,0.629589,-0.763106,-0.646274,0.000330,0.451038,-0.544426,0.007661,0.707182,0.008764,0.020526,0.002887,0.014630,0.015377,-0.003591,-0.776928,-0.629589,-0.000330,0.000000,0.000000,0.000000,-1,-0.768005,-0.613968,-0.000244,-0.000037,-0.080566,0.006746,120.716949,219.497375,-775.726074,0,0
2.640000,-1.569183,0.680568,0.702108,0.407609,-0.479367,0.777214,-0.501948,0.593390,0.629235,-0.762826,-0.646603,0.001254,0.450823,-0.544180,0.007979,0.707505,-0.008257,0.021581,-0.000119,0.004647,0.012810,0.002429,-0.777214,-0.629235,-0.001254,0.000000,0.000000,0.000000,-1,-0.774368,-0.621170,0.001892,-0.001121,-0.087994,0.002537,122.469009,219.846619,-775.726074,0,0
2.680000,-1.569250,0.680362,0.702539,0.407661,-0.479113,0.777344,-0.502287,0.593273,0.629075,-0.762575,-0.646899,0.001202,0.450884,-0.544153,0.008189,0.707484,0.006592,-0.009171,-0.003333,0.010590,0.010926,-0.001240,-0.777344,-0.629075,-0.001202,0.000000,0.000000,0.000000,-1,-0.767197,-0.617371,-0.006973,0.003102,-0.120862,0.001575,122.118591,219.497375,-775.058044,0,0
2.720000,-1.568867,0.680442,0.702044,0.407756,-0.479113,0.777293,-0.501961,0.593483,0.629136,-0.762738,-0.646706,0.001500,0.450770,-0.544111,0.008072,0.707591,-0.009349,0.005671,-0.004288,0.004558,0.003465,-0.007167,-0.777293,-0.629136,-0.001500,0.000000,0.000000,0.000000,-1,-0.773193,-0.624969,-0.004776,-0.010701,-0.092238,0.000534,121.768188,219.148132,-775.726074,0,0
2.760000,-1.568262,0.680483,0.701708,0.408077,-0.478884,0.777266,-0.501745,0.593632,0.629169,-0.762709,-0.646739,0.001970,0.450687,-0.543963,0.008075,0.707757,-0.002904,0.008952,-0.003330,0.004165,0.005359,-0.000746,-0.777266,-0.629169,-0.001970,0.000000,0.000000,0.000000,-1,-0.769791,-0.621170,0.003555,-0.000071,-0.099658,0.001514,122.118591,219.497375,-774.056030,0,0
2.800000,-1.568548,0.680690,0.702022,0.408113,-0.479064,0.777137,-0.501847,0.593375,0.629329,-0.762623,-0.646841,0.001747,0.450830,-0.543947,0.008049,0.707678,0.005579,-0.000598,-0.007635,0.011542,0.001934,0.005577,-0.777137,-0.629329,-0.001747,0.000000,0.000000,0.000000,-1,-0.768417,-0.629425,0.004013,0.018996,-0.117703,-0.013506,121.943390,220.021240,-774.891052,0,0
2.840000,-1.569800,0.682144,0.703051,0.408381,-0.480316,0.776222,-0.501865,0.592160,0.630459,-0.762467,-0.647027,0.000773,0.451511,-0.543830,0.007616,0.707339,-0.005117,0.001493,-0.025612,-0.005806,-0.011036,0.002955,-0.776222,-0.630459,-0.000773,0.000000,0.000000,0.000000,-1,-0.782471,-0.640503,0.000412,-0.019291,-0.098631,-0.020617,122.118591,218.798889,-775.726074,0,0
2.880000,-1.569287,0.683191,0.702473,0.409021,-0.480840,0.775561,-0.501097,0.591945,0.631271,-0.762630,-0.646834,0.001171,0.451637,-0.543543,0.007158,0.707484,-0.008292,0.004678,-0.022402,0.006717,-0.005249,-0.000157,-0.775561,-0.631271,-0.001171,0.000000,0.000000,0.000000,-1,-0.756851,-0.627792,-0.004074,0.007301,-0.101805,-0.016640,122.118591,219.846619,-774.390015,0,0
2.920000,-1.570214,0.684261,0.704503,0.409827,-0.481242,0.774886,-0.501859,0.590412,0.632101,-0.761695,-0.647935,0.000451,0.452483,-0.543170,0.007288,0.707229,0.051373,0.017520,-0.007182,0.014571,0.020300,0.004006,-0.774886,-0.632101,-0.000451,0.000000,0.000000,0.000000,-1,-0.763916,-0.604630,0.007721,0.057353,-0.085873,0.001883,121.592972,219.322754,-776.561035,0,0
2.960000,-1.571772,0.683458,0.707254,0.409560,-0.480651,0.775393,-0.503811,0.589415,0.631478,-0.760549,-0.649280,-0.000756,0.453018,-0.543280,0.008192,0.706792,0.074829,0.003766,0.012836,0.009524,0.028634,0.005301,-0.775393,-0.631478,0.000756,0.000000,0.000000,0.000000,-1,-0.758469,-0.603500,-0.000183,0.078679,-0.117644,0.025193,122.644211,218.275040,-774.223022,0,0
3.000000,-1.574542,0.681873,0.710368,0.408151,-0.480244,0.776388,-0.506296,0.588601,0.630248,-0.759656,-0.650319,-0.002908,0.453447,-0.543911,0.009225,0.706018,0.039757,-0.042864,0.026200,0.020788,0.017623,-0.011911,-0.776388,-0.630248,0.002908,0.000000,0.000000,0.000000,-1,-0.755737,-0.615341,-0.008759,0.022299,-0.146275,0.022752,122.994629,220.370468,-774.891052,0,0
3.040000,-1.574341,0.681322,0.709444,0.407580,-0.480166,0.776736,-0.505978,0.589332,0.629820,-0.760174,-0.649714,-0.002754,0.453046,-0.544175,0.009139,0.706073,-0.040040,0.014347,-0.000835,-0.001523,0.004470,0.004403,-0.776736,-0.629820,0.002754,0.000000,0.000000,0.000000,-1,-0.779129,-0.627792,0.010590,-0.035167,-0.095423,-0.002373,122.994629,218.624268,-776.227051,0,0
3.080000,-1.574620,0.681972,0.709038,0.407502,-0.480896,0.776326,-0.505472,0.589227,0.630325,-0.760552,-0.649270,-0.002968,0.453112,-0.544218,0.008703,0.706003,0.003486,-0.033318,-0.023459,0.005345,-0.012772,0.010139,-0.776326,-0.630325,0.002968,0.000000,0.000000,0.000000,-1,-0.772110,-0.665421,0.018250,0.022100,-0.151654,-0.029343,122.118591,218.100418,-774.723999,0,0
3.120000,-1.577553,0.685360,0.710824,0.407845,-0.484064,0.774173,-0.505128,0.586701,0.632952,-0.760598,-0.649203,-0.005231,0.454526,-0.544079,0.007467,0.705215,0.021383,-0.004776,-0.076978,-0.006802,-0.039549,0.015277,-0.774173,-0.632952,0.005231,0.000000,0.000000,0.000000,-1,-0.778641,-0.669617,0.019455,0.021915,-0.099793,-0.089143,123.345032,218.973511,-774.557007,0,0
3.160000,-1.580628,0.692195,0.715247,0.411110,-0.488244,0.769810,-0.504868,0.581182,0.638229,-0.759010,-0.651035,-0.007569,0.457574,-0.542596,0.005900,0.704401,0.085108,0.000496,-0.095789,0.015995,0.030303,-0.001084,-0.769810,-0.638229,0.007569,0.000000,0.000000,0.000000,-1,-0.752396,-0.594757,0.007965,0.080479,-0.089158,-0.067499,121.943390,218.275040,-773.889038,0,0
3.200000,-1.581562,0.693024,0.717357,0.411851,-0.488465,0.769273,-0.505746,0.579716,0.638866,-0.758024,-0.652174,-0.008282,0.458371,-0.542252,0.006379,0.704111,0.073769,0.053632,-0.011868,0.017823,0.060826,0.001514,-0.769151,-0.639012,0.008374,0.000000,0.000000,0.000000,-1,-0.747345,-0.575836,0.005264,0.068113,-0.041306,0.027092,121.943390,219.322754,-775.225037,0,0
3.240000,-1.581109,0.691159,0.720771,0.412911,-0.485680,0.770467,-0.508508,0.578880,0.637430,-0.755595,-0.654990,-0.007946,0.458796,-0.541737,0.008104,0.704245,0.062471,0.075025,0.075360,0.020040,0.051340,-0.007168,-0.770467,-0.637430,0.007946,0.000000,0.000000,0.000000,-1,-0.746048,-0.609970,-0.009384,0.056650,-0.041214,0.088914,121.768188,217.052689,-775.058044,0,0
3.280000,-1.580438,0.687791,0.722293,0.412243,-0.482208,0.773002,-0.511060,0.580003,0.634361,-0.754237,-0.656561,-0.007335,0.458141,-0.542009,0.010239,0.704434,-0.018452,0.006083,0.057416,0.020774,0.011650,-0.009517,-0.773002,-0.634361,0.007335,0.000000,0.000000,0.000000,-1,-0.755905,-0.632935,0.004440,-0.038196,-0.094299,0.040204,122.293793,217.925797,-773.555054,0,0
3.320000,-1.578871,0.687382,0.720411,0.412505,-0.482172,0.772884,-0.509883,0.580868,0.634516,-0.754890,-0.655822,-0.006241,0.457678,-0.541896,0.009829,0.704828,-0.022038,-0.000435,-0.046760,-0.004581,-0.037801,0.008591,-0.772884,-0.634516,0.006241,0.000000,0.000000,0.000000,-1,-0.783661,-0.678009,0.017059,-0.010975,-0.106126,-0.069605,122.994629,218.973511,-774.891052,0,0
3.360000,-1.579283,0.690188,0.720302,0.413569,-0.484115,0.771099,-0.508644,0.579584,0.636682,-0.755144,-0.655527,-0.006544,0.458402,-0.541424,0.008701,0.704735,-0.010548,-0.023837,-0.096778,-0.012089,-0.013983,0.012849,-0.771099,-0.636682,0.006544,0.000000,0.000000,0.000000,-1,-0.769104,-0.639252,0.006332,-0.017498,-0.149639,-0.099121,121.943390,218.973511,-773.889038,0,0
3.400000,-1.580180,0.695139,0.719352,0.414942,-0.487961,0.767931,-0.506010,0.577688,0.640492,-0.756160,-0.654348,-0.007206,0.459472,-0.540822,0.006405,0.704525,-0.007214,0.016534,-0.077878,0.011202,0.017674,0.001491,-0.767931,-0.640492,0.007206,0.000000,0.000000,0.000000,-1,-0.751968,-0.611877,0.012619,0.000827,-0.059448,-0.050799,121.943390,219.322754,-775.225037,0,0
3.440000,-1.578802,0.695621,0.720898,0.416980,-0.486693,0.767631,-0.506698,0.576673,0.640863,-0.754576,-0.656184,-0.006146,0.460014,-0.539870,0.007095,0.704895,0.065533,0.078187,0.029542,0.018653,0.029733,0.013355,-0.767631,-0.640863,0.006146,0.000000,0.000000,0.000000,-1,-0.749588,-0.611710,0.015045,0.087390,-0.025352,0.060847,122.118591,220.195847,-775.726074,0,0
3.480000,-1.579146,0.693514,0.724933,0.417608,-0.484022,0.768977,-0.509916,0.575633,0.639244,-0.752057,-0.659067,-0.006421,0.460542,-0.539547,0.009185,0.704773,0.122078,0.070846,0.083202,0.013255,0.007087,-0.003812,-0.768977,-0.639244,0.006421,0.000000,0.000000,0.000000,-1,-0.757080,-0.635284,-0.009399,0.118295,-0.048640,0.085077,123.345032,218.624268,-775.559082,0,0
3.520000,-1.579479,0.691200,0.728794,0.418038,-0.481298,0.770453,-0.513118,0.574763,0.637462,-0.749636,-0.661816,-0.006690,0.460968,-0.539309,0.011289,0.704647,-0.027122,0.028308,-0.002187,0.003134,-0.003758,-0.016807,-0.770453,-0.637462,0.006690,0.000000,0.000000,0.000000,-1,-0.771973,-0.646439,-0.003036,-0.064977,-0.065763,-0.019198,122.819412,219.497375,-775.058044,0,0
3.560000,-1.576019,0.692550,0.725608,0.419791,-0.481120,0.769610,-0.510712,0.575750,0.638502,-0.750299,-0.661086,-0.004020,0.460451,-0.538512,0.010485,0.705606,-0.053862,0.034635,-0.056197,0.000231,0.018476,0.016290,-0.769610,-0.638502,0.004020,0.000000,0.000000,0.000000,-1,-0.768158,-0.615784,0.024338,-0.031078,-0.089129,-0.047123,122.819412,219.497375,-774.390015,0,0
3.600000,-1.577470,0.692735,0.726259,0.419110,-0.481912,0.769485,-0.511009,0.575329,0.638644,-0.750478,-0.660876,-0.005135,0.460683,-0.538831,0.010315,0.705213,0.012127,-0.020456,-0.026887,0.006759,0.023776,0.017722,-0.769485,-0.638644,0.005135,0.000000,0.000000,0.000000,-1,-0.743103,-0.619125,0.005753,0.023249,-0.137841,-0.009208,122.118591,220.894333,-775.392029,0,0
3.640000,-1.579489,0.692447,0.728310,0.418437,-0.482223,0.769657,-0.512310,0.574417,0.638422,-0.749966,-0.661443,-0.006690,0.461170,-0.539136,0.010675,0.704657,0.044275,0.020980,0.032139,0.032841,0.011790,-0.015800,-0.769657,-0.638422,0.006690,0.000000,0.000000,0.000000,-1,-0.738693,-0.633514,-0.017822,0.046874,-0.063555,0.038064,121.592972,220.021240,-775.225037,0,0
3.680000,-1.575723,0.692235,0.728601,0.421289,-0.479485,0.769812,-0.512567,0.574369,0.638260,-0.748192,-0.663472,-0.003793,0.461170,-0.537790,0.011720,0.705667,0.019853,0.079295,0.030012,0.022330,0.011078,-0.024850,-0.769812,-0.638260,0.003793,0.000000,0.000000,0.000000,-1,-0.750473,-0.622070,-0.020981,-0.000956,-0.022215,0.033086,123.520248,218.798889,-775.392029,0,0
3.720000,-1.571050,0.691141,0.726699,0.423314,-0.476556,0.770519,-0.511938,0.575864,0.637417,-0.747479,-0.664285,-0.000196,0.460338,-0.536830,0.012512,0.706927,-0.043938,0.067680,0.028633,0.008831,0.013912,-0.021573,-0.770519,-0.637417,0.000196,0.000000,0.000000,0.000000,-1,-0.771774,-0.636765,-0.011902,-0.061595,-0.049788,0.028560,121.242569,218.275040,-775.559082,0,0
3.760000,-1.565043,0.690526,0.720728,0.424655,-0.474747,0.770898,-0.508749,0.579205,0.636943,-0.748895,-0.662674,0.004435,0.458534,-0.536217,0.011997,0.708572,-0.084543,-0.000232,-0.011034,-0.004340,-0.001958,0.002757,-0.770898,-0.636943,-0.004435,0.000000,0.000000,0.000000,-1,-0.772064,-0.634949,0.009003,-0.068164,-0.115577,-0.008301,122.819412,218.798889,-776.060059,0,0
3.800000,-1.566153,0.690292,0.719762,0.423244,-0.475756,0.771052,-0.508287,0.579808,0.636762,-0.750006,-0.661422,0.003580,0.458218,-0.536885,0.011483,0.708278,-0.008998,-0.019293,0.007369,0.000315,0.008650,0.025446,-0.771052,-0.636762,-0.003580,0.000000,0.000000,0.000000,-1,-0.769745,-0.626190,0.021622,0.007419,-0.126136,0.019634,122.118591,218.449646,-775.392029,0,0
3.840000,-1.568616,0.689056,0.721068,0.421390,-0.476117,0.771844,-0.509563,0.579735,0.635809,-0.750184,-0.661227,0.001683,0.458250,-0.537741,0.011927,0.707488,-0.006769,-0.036217,0.037208,0.008577,0.019118,0.003774,-0.772203,-0.635375,-0.001363,0.000000,0.000000,0.000000,-1,-0.760803,-0.621811,-0.010590,-0.035039,-0.126108,0.038185,122.469009,219.846619,-775.392029,0,0
3.880000,-1.568255,0.687259,0.719494,0.419996,-0.475497,0.772985,-0.509402,0.581394,0.634421,-0.751074,-0.660215,0.001964,0.457340,-0.538385,0.011977,0.707700,-0.049298,0.006219,0.031097,0.014303,0.017691,-0.009907,-0.772985,-0.634421,-0.001964,0.000000,0.000000,0.000000,-1,-0.757919,-0.624832,-0.007553,-0.076458,-0.058259,0.036208,122.994629,219.671997,-775.559082,0,0
3.920000,-1.563774,0.686011,0.715534,0.420850,-0.473478,0.773760,-0.507615,0.584004,0.633456,-0.751806,-0.659361,0.005433,0.455909,-0.537987,0.012038,0.708923,-0.070535,0.047566,0.030080,0.015505,0.003039,0.000429,-0.773760,-0.633456,-0.005433,0.000000,0.000000,0.000000,-1,-0.762817,-0.638336,-0.000595,-0.061598,-0.063568,0.030750,121.943390,219.322754,-776.561035,0,0
3.960000,-1.561981,0.685958,0.712723,0.420841,-0.473449,0.773782,-0.505993,0.585454,0.633415,-0.752904,-0.658095,0.006821,0.455128,-0.538004,0.011468,0.709422,-0.041931,-0.029849,0.018409,0.002542,-0.011834,0.005066,-0.773782,-0.633415,-0.006821,0.000000,0.000000,0.000000,-1,-0.774704,-0.641525,-0.000397,-0.036162,-0.142031,0.025505,121.067352,219.497375,-776.060059,0,0
4.000000,-1.562570,0.685617,0.711623,0.419703,-0.474099,0.774002,-0.505490,0.586174,0.633151,-0.753876,-0.656986,0.006367,0.454742,-0.538541,0.011065,0.709268,-0.031272,-0.026661,0.024658,0.007019,-0.000394,0.008122,-0.774002,-0.633151,-0.006367,0.000000,0.000000,0.000000,-1,-0.766281,-0.627777,0.004654,-0.031858,-0.105974,0.031677,122.469009,218.798889,-775.392029,0,0
4.040000,-1.562853,0.684359,0.710819,0.418474,-0.473883,0.774800,-0.505538,0.587183,0.632177,-0.754527,-0.656240,0.006155,0.454185,-0.539109,0.011159,0.709192,-0.014240,0.011518,0.029627,0.014470,0.004888,0.014120,-0.774800,-0.632177,-0.006155,0.000000,0.000000,0.000000,-1,-0.756302,-0.622437,0.002609,-0.005264,-0.095369,0.033464,121.768188,219.846619,-775.392029,0,0
4.080000,-1.563336,0.683613,0.711171,0.417898,-0.473615,0.775274,-0.506052,0.587363,0.631598,-0.754502,-0.656272,0.005784,0.454079,-0.539370,0.011437,0.709056,-0.001512,-0.003335,0.024233,0.017019,0.006354,0.003449,-0.775274,-0.631598,-0.005784,0.000000,0.000000,0.000000,-1,-0.757370,-0.627243,-0.005569,-0.012767,-0.102813,0.018688,122.819412,219.846619,-776.728027,0,0
4.120000,-1.562719,0.683618,0.710543,0.418069,-0.473475,0.775267,-0.505681,0.587678,0.631603,-0.754655,-0.656092,0.006263,0.453908,-0.539293,0.011352,0.709227,-0.019641,0.017839,0.005188,0.016585,0.002483,0.001593,-0.775267,-0.631603,-0.006263,0.000000,0.000000,0.000000,-1,-0.760666,-0.621948,-0.004181,-0.019192,-0.083753,0.002717,122.994629,217.925797,-775.559082,0,0
4.160000,-1.561952,0.683878,0.710228,0.418630,-0.473257,0.775098,-0.505389,0.587713,0.631804,-0.754540,-0.656218,0.006855,0.453889,-0.539033,0.011323,0.709436,0.001557,0.022052,-0.013148,0.015439,0.015715,0.003147,-0.775098,-0.631804,-0.006855,0.000000,0.000000,0.000000,-1,-0.766861,-0.610580,0.005280,0.014772,-0.084836,-0.012545,122.469009,218.449646,-776.394043,0,0
4.200000,-1.562354,0.683374,0.712358,0.419079,-0.472333,0.775419,-0.506848,0.586876,0.631413,-0.753312,-0.657631,0.006546,0.454328,-0.538807,0.012165,0.709313,0.016423,0.042208,-0.008054,-0.009676,0.027791,0.013596,-0.775419,-0.631413,-0.006547,0.000000,0.000000,0.000000,-1,-0.805481,-0.593323,0.003815,-0.009599,-0.103881,0.013339,123.169830,218.798889,-774.723999,0,0
4.240000,-1.562798,0.680421,0.712182,0.417163,-0.470963,0.777283,-0.507961,0.588373,0.629121,-0.753625,-0.657275,0.006217,0.453479,-0.539674,0.013042,0.709181,-0.034510,-0.038308,0.034367,-0.046860,0.034348,0.012320,-0.777283,-0.629121,-0.006217,0.000000,0.000000,0.000000,-1,-0.819519,-0.589996,0.013016,-0.045638,-0.157892,0.053338,121.417770,219.497375,-775.058044,0,0
