0.000000,-0.781078,0.222455,0.071572,0.719445,-0.104148,0.686697,-0.069749,0.972862,0.220625,-0.691039,-0.206623,0.692656,0.116111,-0.374420,-0.009349,0.919913,0.014442,-0.020482,-0.004268,0.012411,-0.003817,0.008284,-0.686697,-0.220625,-0.692656,0.000000,0.000000,0.000000,-1,-0.675980,-0.224426,-0.685303,0.012667,-0.120863,0.000406,113.358292,217.052689,-790.756226,0,0
0.040000,-0.781583,0.223186,0.071697,0.719145,-0.104663,0.686933,-0.069859,0.972692,0.221338,-0.691340,-0.207162,0.692195,0.116467,-0.374617,-0.009460,0.919787,0.012323,-0.022596,-0.004245,0.010953,-0.003089,0.006892,-0.686933,-0.221338,-0.692195,0.000000,0.000000,0.000000,-1,-0.675598,-0.225616,-0.687897,0.013750,-0.120855,0.005712,111.781433,218.275040,-789.587280,0,0
0.080000,-0.782303,0.224137,0.072036,0.718729,-0.105221,0.687282,-0.070174,0.972458,0.222265,-0.691740,-0.207977,0.691550,0.116963,-0.374893,-0.009528,0.919611,0.012361,-0.021513,0.002114,0.012966,-0.004069,0.005225,-0.687282,-0.222265,-0.691550,0.000000,0.000000,0.000000,-1,-0.674042,-0.226273,-0.681274,0.013766,-0.120849,0.009967,111.080612,215.830353,-789.587280,0,0
0.120000,-0.782825,0.224605,0.072376,0.718427,-0.105406,0.687570,-0.070496,0.972330,0.222721,-0.692021,-0.208480,0.691117,0.117239,-0.375095,-0.009492,0.919494,0.010261,-0.018320,0.006369,0.013528,-0.003552,0.009843,-0.687570,-0.222721,-0.691117,0.000000,0.000000,0.000000,-1,-0.676590,-0.224289,-0.681488,0.008471,-0.119781,0.015339,111.431030,217.925797,-790.255249,0,0
0.160000,-0.783659,0.224970,0.072853,0.717918,-0.105489,0.688088,-0.070954,0.972215,0.223077,-0.692502,-0.208974,0.690486,0.117492,-0.375437,-0.009391,0.919323,0.001790,-0.021488,0.012846,0.011498,-0.001211,0.008998,-0.688088,-0.223077,-0.690486,0.000000,0.000000,0.000000,-1,-0.676239,-0.226379,-0.682236,0.003169,-0.121895,0.019662,112.482269,217.925797,-789.921265,0,0
0.200000,-0.784636,0.224843,0.073402,0.717293,-0.105211,0.688783,-0.071490,0.972204,0.222953,-0.693095,-0.209164,0.689833,0.117532,-0.375858,-0.009172,0.919148,-0.002417,-0.022523,0.022457,0.014405,-0.000023,0.006621,-0.688783,-0.222953,-0.689833,0.000000,0.000000,0.000000,-1,-0.670837,-0.222870,-0.682877,0.002143,-0.120820,0.029242,112.131851,217.576553,-789.253235,0,0
0.240000,-0.785052,0.224495,0.073857,0.717034,-0.104733,0.689124,-0.071938,0.972249,0.222614,-0.693316,-0.209196,0.689602,0.117456,-0.376036,-0.008920,0.919087,-0.002394,-0.022503,0.027768,0.018287,-0.000256,0.006725,-0.689125,-0.222614,-0.689602,0.000000,0.000000,0.000000,-1,-0.675476,-0.218658,-0.683701,-0.001009,-0.129284,0.041016,111.255814,218.798889,-789.420227,0,0
0.280000,-0.785919,0.223440,0.074787,0.716476,-0.103523,0.689888,-0.072860,0.972415,0.221586,-0.693796,-0.209026,0.689170,0.117145,-0.376420,-0.008342,0.918975,0.004026,-0.036243,0.042649,0.014412,0.002927,0.005469,-0.689888,-0.221586,-0.689170,0.000000,0.000000,0.000000,-1,-0.682480,-0.216339,-0.673615,0.010736,-0.136683,0.055812,111.956650,217.751175,-791.090271,0,0
0.320000,-0.788229,0.221768,0.077023,0.715013,-0.101254,0.691740,-0.075063,0.972618,0.219955,-0.695070,-0.209195,0.687834,0.116792,-0.377416,-0.007128,0.918622,0.010468,-0.031980,0.059583,0.005216,0.002960,0.012144,-0.691740,-0.219955,-0.687834,0.000000,0.000000,0.000000,-1,-0.690674,-0.213364,-0.676285,0.008654,-0.130306,0.066443,111.606232,219.497375,-790.088257,0,0
0.360000,-0.789853,0.220382,0.078604,0.713968,-0.099507,0.693072,-0.076624,0.972801,0.218603,-0.695973,-0.209181,0.686924,0.116451,-0.378123,-0.006229,0.918381,0.004107,-0.026689,0.063891,0.000781,0.006444,0.012073,-0.693072,-0.218603,-0.686924,0.000000,0.000000,0.000000,-1,-0.690369,-0.208618,-0.674057,0.001228,-0.120761,0.068609,112.657471,218.100418,-790.756226,0,0
0.400000,-0.791684,0.218183,0.080525,0.712760,-0.096998,0.694669,-0.078531,0.973129,0.216456,-0.696998,-0.208834,0.685990,0.115803,-0.378939,-0.005028,0.918134,-0.001232,-0.023562,0.059735,0.002210,0.009440,0.013871,-0.694669,-0.216456,-0.685990,0.000000,0.000000,0.000000,-1,-0.695526,-0.208130,-0.669632,0.000132,-0.121834,0.060117,112.131851,218.275040,-789.921265,0,0
0.440000,-0.794041,0.215836,0.082496,0.711171,-0.094459,0.696644,-0.080490,0.973476,0.214164,-0.698396,-0.208380,0.684705,0.115098,-0.380000,-0.003805,0.917790,-0.003420,-0.020428,0.043800,0.001622,0.006965,0.009305,-0.696644,-0.214164,-0.684705,0.000000,0.000000,0.000000,-1,-0.694824,-0.204086,-0.676682,-0.006290,-0.115492,0.047394,111.781433,217.925797,-790.589233,0,0
0.480000,-0.794845,0.214472,0.083255,0.710602,-0.093139,0.697402,-0.081253,0.973705,0.212831,-0.698887,-0.207905,0.684349,0.114618,-0.380379,-0.003238,0.917695,-0.008758,-0.004535,0.038486,0.000594,0.009386,0.010032,-0.697402,-0.212831,-0.684349,0.000000,0.000000,0.000000,-1,-0.694717,-0.200500,-0.677307,-0.008428,-0.098538,0.040959,110.554993,217.751175,-789.086243,0,0
0.520000,-0.795273,0.212592,0.084053,0.710267,-0.091354,0.697979,-0.082064,0.974036,0.210994,-0.699133,-0.207141,0.684329,0.113909,-0.380605,-0.002531,0.917692,-0.007729,-0.004550,0.032105,0.006085,0.012111,0.007022,-0.697979,-0.210994,-0.684329,0.000000,0.000000,0.000000,-1,-0.692886,-0.198944,-0.679535,-0.004205,-0.107030,0.034568,111.255814,217.751175,-790.088257,0,0
0.560000,-0.795803,0.210579,0.084842,0.709849,-0.089503,0.698644,-0.082868,0.974393,0.209026,-0.699462,-0.206272,0.684255,0.113139,-0.380884,-0.001807,0.917673,-0.006703,-0.008800,0.026808,0.006811,0.010585,0.003850,-0.698644,-0.209026,-0.684255,0.000000,0.000000,0.000000,-1,-0.691498,-0.194321,-0.679260,-0.005289,-0.108098,0.029267,111.606232,218.798889,-789.420227,0,0
0.600000,-0.796065,0.209390,0.085200,0.709627,-0.088475,0.699000,-0.083238,0.974610,0.207863,-0.699643,-0.205689,0.684245,0.112663,-0.381031,-0.001427,0.917671,-0.005666,-0.008805,0.022551,0.007319,0.013100,0.005916,-0.699000,-0.207863,-0.684245,0.000000,0.000000,0.000000,-1,-0.691406,-0.195770,-0.676590,-0.004242,-0.108104,0.025000,111.080612,218.624268,-789.253235,0,0
0.640000,-0.796421,0.208014,0.085619,0.709333,-0.087292,0.699448,-0.083671,0.974859,0.206517,-0.699890,-0.205013,0.684196,0.112114,-0.381225,-0.000986,0.917658,-0.004736,-0.008687,0.018328,0.008591,0.013402,0.004814,-0.699448,-0.206517,-0.684196,0.000000,0.000000,0.000000,-1,-0.693253,-0.194275,-0.680740,0.001056,-0.110231,0.020696,110.554993,218.100418,-788.752197,0,0
0.680000,-0.796813,0.206690,0.086100,0.709020,-0.086108,0.699911,-0.084164,0.975090,0.205222,-0.700148,-0.204413,0.684112,0.111601,-0.381431,-0.000530,0.917636,0.003723,-0.009757,0.009741,0.006491,0.011328,0.000792,-0.699911,-0.205222,-0.684112,0.000000,0.000000,0.000000,-1,-0.692749,-0.194931,-0.681549,0.006343,-0.111302,0.013197,111.956650,218.798889,-788.752197,0,0
0.720000,-0.797032,0.206260,0.086333,0.708861,-0.085688,0.700124,-0.084398,0.975158,0.204801,-0.700280,-0.204264,0.684020,0.111448,-0.381535,-0.000352,0.917611,0.005825,-0.007642,0.004395,0.006093,0.008390,0.003554,-0.700124,-0.204801,-0.684020,0.000000,0.000000,0.000000,-1,-0.694077,-0.200104,-0.680283,0.007385,-0.107071,0.006784,111.606232,218.798889,-789.086243,0,0
0.760000,-0.797340,0.206112,0.086565,0.708656,-0.085483,0.700356,-0.084627,0.975169,0.204656,-0.700460,-0.204299,0.683825,0.111425,-0.381670,-0.000233,0.917558,0.006855,-0.007652,-0.003057,0.006676,0.005391,0.001925,-0.700356,-0.204656,-0.683825,0.000000,0.000000,0.000000,-1,-0.694092,-0.200867,-0.677628,0.010550,-0.108141,0.000372,110.029373,217.925797,-787.917236,0,0
0.800000,-0.797635,0.206452,0.086587,0.708472,-0.085766,0.700508,-0.084642,0.975098,0.204989,-0.700645,-0.204521,0.683570,0.111585,-0.381790,-0.000306,0.917488,0.007732,-0.004291,-0.011560,0.007271,0.001910,0.009574,-0.700508,-0.204989,-0.683570,0.000000,0.000000,0.000000,-1,-0.692078,-0.202194,-0.675293,0.008403,-0.103910,-0.006006,110.730209,217.925797,-789.253235,0,0
0.840000,-0.797712,0.206931,0.086364,0.708428,-0.086273,0.700490,-0.084417,0.975019,0.205457,-0.700716,-0.204685,0.683448,0.111761,-0.381819,-0.000506,0.917455,-0.001839,-0.003234,-0.012523,0.009755,0.001539,0.007957,-0.700490,-0.205457,-0.683448,0.000000,0.000000,0.000000,-1,-0.690704,-0.202271,-0.675674,0.002013,-0.102854,-0.009131,111.606232,218.798889,-789.420227,0,0
0.880000,-0.797593,0.207267,0.085880,0.708490,-0.086826,0.700360,-0.083938,0.974991,0.205786,-0.700712,-0.204584,0.683483,0.111822,-0.381778,-0.000787,0.917464,-0.005035,-0.001115,-0.014625,0.010037,0.001929,0.006420,-0.700360,-0.205786,-0.683483,0.000000,0.000000,0.000000,-1,-0.684280,-0.201294,-0.678162,-0.004364,-0.099674,-0.009076,111.431030,218.624268,-789.587280,0,0
0.920000,-0.796939,0.207309,0.085264,0.708897,-0.087158,0.699906,-0.083337,0.975033,0.205827,-0.700372,-0.204239,0.683934,0.111724,-0.381511,-0.001041,0.917587,-0.005024,-0.003220,-0.010360,0.017045,0.006929,0.005986,-0.699906,-0.205827,-0.683934,0.000000,0.000000,0.000000,-1,-0.686188,-0.199661,-0.680328,0.000974,-0.108144,-0.001650,111.080612,217.925797,-789.253235,0,0
0.960000,-0.796999,0.207307,0.085078,0.708839,-0.087301,0.699947,-0.083156,0.975049,0.205825,-0.700452,-0.204102,0.683893,0.111688,-0.381549,-0.001129,0.917576,0.006687,-0.012745,-0.002998,0.009777,0.003921,0.007486,-0.699947,-0.205825,-0.683893,0.000000,0.000000,0.000000,-1,-0.692566,-0.205200,-0.675247,0.007380,-0.109193,0.005730,111.606232,217.052689,-788.752197,0,0
1.000000,-0.797454,0.207573,0.085276,0.708553,-0.087439,0.700219,-0.083345,0.974978,0.206086,-0.700718,-0.204382,0.683536,0.111847,-0.381736,-0.001116,0.917479,0.002470,-0.001076,0.003376,0.005548,-0.000900,0.010669,-0.700219,-0.206086,-0.683536,0.000000,0.000000,0.000000,-1,-0.692123,-0.206589,-0.676956,0.003154,-0.099643,0.011052,111.080612,218.275040,-789.587280,0,0
1.040000,-0.797274,0.207545,0.085406,0.708689,-0.087291,0.700100,-0.083472,0.974973,0.206059,-0.700566,-0.204470,0.683666,0.111859,-0.381647,-0.001041,0.917514,-0.002828,0.005291,0.006595,0.007977,-0.000011,0.006359,-0.700100,-0.206059,-0.683666,0.000000,0.000000,0.000000,-1,-0.689331,-0.205307,-0.677673,-0.000034,-0.093284,0.009995,111.431030,218.624268,-789.587280,0,0
1.080000,-0.796817,0.207467,0.085419,0.709005,-0.087134,0.699800,-0.083486,0.974988,0.205982,-0.700244,-0.204466,0.683997,0.111826,-0.381440,-0.000994,0.917604,-0.002834,0.006351,0.004461,0.012528,0.001591,0.007041,-0.699799,-0.205982,-0.683997,0.000000,0.000000,0.000000,-1,-0.687454,-0.206467,-0.677399,-0.004288,-0.094344,0.010047,111.255814,218.449646,-790.756226,0,0
1.120000,-0.796347,0.207485,0.085355,0.709330,-0.087096,0.699475,-0.083423,0.974990,0.206000,-0.699923,-0.204474,0.684324,0.111822,-0.381227,-0.001001,0.917693,-0.003905,0.003171,0.002356,0.013242,0.000235,0.006452,-0.699475,-0.206000,-0.684324,0.000000,0.000000,0.000000,-1,-0.683899,-0.205582,-0.678864,-0.003236,-0.093288,0.006839,111.606232,217.751175,-789.086243,0,0
1.160000,-0.795585,0.207576,0.085195,0.709855,-0.087116,0.698940,-0.083265,0.974984,0.206088,-0.699409,-0.204490,0.684843,0.111833,-0.380883,-0.001049,0.917835,-0.004957,0.009541,0.003398,0.014202,-0.003293,0.004042,-0.698940,-0.206088,-0.684843,0.000000,0.000000,0.000000,-1,-0.683609,-0.206726,-0.682785,-0.001092,-0.091162,0.011061,112.482269,218.973511,-789.921265,0,0
1.200000,-0.795002,0.207554,0.085237,0.710265,-0.086952,0.698544,-0.083307,0.974985,0.206067,-0.698988,-0.204555,0.685254,0.111832,-0.380614,-0.000993,0.917947,0.001441,0.002136,0.009740,0.011853,-0.000507,0.001157,-0.698544,-0.206067,-0.685254,0.000000,0.000000,0.000000,-1,-0.687561,-0.207504,-0.686188,0.008491,-0.097515,0.016302,111.431030,217.227310,-789.587280,0,0
1.240000,-0.794534,0.207682,0.085805,0.710648,-0.086542,0.698204,-0.083859,0.974912,0.206192,-0.698532,-0.205081,0.685562,0.111999,-0.380362,-0.000731,0.918031,0.012075,-0.001033,0.010696,0.008278,-0.001739,0.002502,-0.698204,-0.206192,-0.685562,0.000000,0.000000,0.000000,-1,-0.690231,-0.210709,-0.681961,0.012749,-0.096453,0.017314,111.781433,218.624268,-789.587280,0,0
1.280000,-0.794291,0.208009,0.086428,0.710892,-0.086276,0.697989,-0.084460,0.974792,0.206512,-0.698212,-0.205760,0.685685,0.112267,-0.380202,-0.000495,0.918064,0.012088,0.005332,0.011726,0.009452,-0.002457,0.006226,-0.697989,-0.206512,-0.685685,0.000000,0.000000,0.000000,-1,-0.685867,-0.207916,-0.678467,0.010632,-0.094329,0.019455,110.730209,218.275040,-788.919250,0,0
1.320000,-0.794006,0.208090,0.087068,0.711151,-0.085820,0.697782,-0.085082,0.974721,0.206592,-0.697872,-0.206286,0.685872,0.112426,-0.380032,-0.000201,0.918115,0.009977,0.001102,0.016020,0.012083,0.001209,0.006932,-0.697782,-0.206592,-0.685872,0.000000,0.000000,0.000000,-1,-0.685654,-0.203903,-0.681198,0.010648,-0.099622,0.024798,111.080612,217.925797,-790.589233,0,0
1.360000,-0.793936,0.207823,0.087868,0.711251,-0.085050,0.697774,-0.085866,0.974708,0.206330,-0.697674,-0.206668,0.685959,0.112455,-0.379966,0.000222,0.918139,0.013183,-0.002067,0.021317,0.011342,0.002930,0.006912,-0.697774,-0.206330,-0.685959,0.000000,0.000000,0.000000,-1,-0.686340,-0.200745,-0.676407,0.015977,-0.102797,0.029008,109.854172,219.497375,-791.090271,0,0
1.400000,-0.794084,0.207525,0.088722,0.711202,-0.084266,0.697919,-0.086704,0.974695,0.206038,-0.697620,-0.207048,0.685899,0.112481,-0.379998,0.000664,0.918122,0.019345,-0.003857,0.026586,0.011579,0.005294,0.009492,-0.697919,-0.206038,-0.685899,0.000000,0.000000,0.000000,-1,-0.687897,-0.198730,-0.673569,0.021311,-0.105969,0.034282,111.255814,218.798889,-790.088257,0,0
1.440000,-0.794764,0.206945,0.090142,0.710810,-0.082994,0.698470,-0.088099,0.974690,0.205471,-0.697845,-0.207586,0.685508,0.112487,-0.380254,0.001390,0.918015,0.019356,-0.007035,0.030859,0.009399,0.007458,0.012748,-0.698470,-0.205471,-0.685508,0.000000,0.000000,0.000000,-1,-0.694214,-0.197556,-0.669312,0.017068,-0.108085,0.037530,110.905411,217.401932,-790.088257,0,0
1.480000,-0.796068,0.205920,0.091874,0.709977,-0.081321,0.699514,-0.089807,0.974745,0.204468,-0.698475,-0.207988,0.684743,0.112348,-0.380797,0.002311,0.917805,0.008718,-0.007046,0.029918,0.002981,0.007797,0.013204,-0.699514,-0.204468,-0.684743,0.000000,0.000000,0.000000,-1,-0.700531,-0.197311,-0.676468,0.009613,-0.104911,0.033343,111.606232,218.100418,-789.086243,0,0
1.520000,-0.796724,0.205172,0.092659,0.709534,-0.080379,0.700072,-0.090586,0.974826,0.203735,-0.698825,-0.207974,0.684391,0.112157,-0.381084,0.002781,0.917708,0.003386,-0.004938,0.025716,-0.000459,0.006424,0.007923,-0.700072,-0.203735,-0.684391,0.000000,0.000000,0.000000,-1,-0.700821,-0.198471,-0.677017,0.002151,-0.104919,0.028106,110.379791,217.576553,-789.587280,0,0
1.560000,-0.797316,0.204340,0.093561,0.709138,-0.079283,0.700598,-0.091480,0.974913,0.202921,-0.699110,-0.207990,0.684095,0.111950,-0.381340,0.003323,0.917625,0.003345,0.002460,0.013986,0.001471,0.002512,0.007032,-0.700598,-0.202921,-0.684095,0.000000,0.000000,0.000000,-1,-0.690643,-0.195160,-0.677444,0.003181,-0.091154,0.016332,110.029373,218.973511,-788.585205,0,0
1.600000,-0.796911,0.203646,0.094040,0.709414,-0.078374,0.700421,-0.091962,0.975008,0.202242,-0.698767,-0.207885,0.684477,0.111723,-0.381156,0.003701,0.917728,0.004407,0.006700,0.013959,0.009671,0.008425,0.008329,-0.700421,-0.202242,-0.684477,0.000000,0.000000,0.000000,-1,-0.692245,-0.195236,-0.673874,0.007444,-0.098569,0.020573,110.905411,217.751175,-790.088257,0,0
1.640000,-0.797118,0.203226,0.094491,0.709276,-0.077804,0.700624,-0.092409,0.975051,0.201830,-0.698847,-0.207897,0.684391,0.111617,-0.381243,0.003979,0.917704,0.006528,-0.003902,0.015050,0.005097,0.005922,0.009754,-0.700624,-0.201830,-0.684391,0.000000,0.000000,0.000000,-1,-0.698776,-0.196259,-0.669708,0.008507,-0.102808,0.021645,110.905411,218.100418,-789.754272,0,0
1.680000,-0.797611,0.202810,0.095023,0.708945,-0.077240,0.701021,-0.092935,0.975086,0.201423,-0.699114,-0.207947,0.684104,0.111530,-0.381457,0.004276,0.917624,0.003338,0.002451,0.013996,0.003740,0.006309,0.013526,-0.701021,-0.201423,-0.684104,0.000000,0.000000,0.000000,-1,-0.697525,-0.194061,-0.669983,0.002128,-0.093269,0.019544,111.781433,218.973511,-789.587280,0,0
1.720000,-0.797734,0.201887,0.095288,0.708818,-0.076433,0.701238,-0.093212,0.975246,0.200518,-0.699206,-0.207495,0.684147,0.111159,-0.381537,0.004571,0.917634,-0.015813,0.011975,0.008849,0.006231,0.004718,0.008595,-0.701238,-0.200518,-0.684147,0.000000,0.000000,0.000000,-1,-0.691162,-0.191452,-0.680130,-0.015959,-0.084796,0.014387,112.131851,217.925797,-790.255249,0,0
1.760000,-0.796972,0.200736,0.094946,0.709248,-0.075715,0.700881,-0.092899,0.975507,0.199391,-0.698811,-0.206529,0.684842,0.110566,-0.381253,0.004681,0.917823,-0.017952,0.011974,0.006750,0.007796,0.008213,0.003614,-0.700881,-0.199391,-0.684842,0.000000,0.000000,0.000000,-1,-0.693726,-0.188675,-0.682755,-0.014900,-0.090097,0.014399,110.905411,218.449646,-790.088257,0,0
1.800000,-0.796327,0.199560,0.094664,0.709599,-0.074962,0.700606,-0.092646,0.975765,0.198238,-0.698488,-0.205579,0.685458,0.109973,-0.381021,0.004816,0.917990,-0.013704,0.009858,0.007782,0.005813,0.007870,0.001101,-0.700606,-0.198238,-0.685458,0.000000,0.000000,0.000000,-1,-0.689987,-0.188965,-0.685165,-0.007464,-0.082680,0.011093,111.606232,217.052689,-788.752197,0,0
1.840000,-0.794877,0.198484,0.094527,0.710530,-0.074011,0.699764,-0.092533,0.975990,0.197183,-0.697556,-0.204856,0.686622,0.109451,-0.380407,0.005042,0.918306,-0.000946,0.015169,0.008686,0.014659,0.008432,0.001197,-0.699764,-0.197183,-0.686622,0.000000,0.000000,0.000000,-1,-0.685822,-0.192627,-0.680588,0.002113,-0.086916,0.014197,110.905411,217.401932,-788.752197,0,0
1.880000,-0.794374,0.198189,0.094657,0.710871,-0.073611,0.699459,-0.092665,0.976036,0.196894,-0.697191,-0.204782,0.687015,0.109340,-0.380181,0.005187,0.918412,0.001162,0.004567,0.006585,0.011837,0.005274,0.007144,-0.699459,-0.196894,-0.687015,0.000000,0.000000,0.000000,-1,-0.690842,-0.191956,-0.683670,0.004228,-0.096459,0.013153,111.431030,220.021240,-790.923279,0,0
1.920000,-0.793964,0.197938,0.094818,0.711152,-0.073237,0.699213,-0.092827,0.976070,0.196648,-0.696883,-0.204753,0.687336,0.109255,-0.379994,0.005332,0.918499,0.005393,0.005622,0.001217,0.006525,0.004983,0.002720,-0.699213,-0.196648,-0.687336,0.000000,0.000000,0.000000,-1,-0.694443,-0.192917,-0.686234,0.006322,-0.091173,0.003533,110.730209,218.973511,-790.589233,0,0
1.960000,-0.793134,0.197895,0.094846,0.711730,-0.073017,0.698648,-0.092856,0.976076,0.196606,-0.696289,-0.204804,0.687922,0.109238,-0.379613,0.005399,0.918658,0.003258,0.020462,-0.003079,0.007715,0.005215,0.001277,-0.698648,-0.196606,-0.687922,0.000000,0.000000,0.000000,-1,-0.690674,-0.193451,-0.686859,0.006320,-0.078455,0.000284,112.131851,218.624268,-790.589233,0,0
2.000000,-0.792246,0.198052,0.094804,0.712355,-0.072975,0.698016,-0.092812,0.976049,0.196760,-0.695656,-0.204947,0.688520,0.109300,-0.379201,0.005397,0.918820,0.006281,0.024929,-0.006330,0.006777,0.002272,0.002729,-0.698016,-0.196760,-0.688520,0.000000,0.000000,0.000000,-1,-0.688751,-0.196869,-0.684708,0.010571,-0.074216,-0.000845,111.431030,217.227310,-789.921265,0,0
2.040000,-0.791103,0.198598,0.094810,0.713186,-0.073115,0.697152,-0.092807,0.975941,0.197295,-0.694804,-0.205409,0.689242,0.109547,-0.378653,0.005357,0.919017,0.010527,0.024927,-0.008505,0.008446,0.001113,0.005740,-0.697152,-0.197295,-0.689242,0.000000,0.000000,0.000000,-1,-0.683487,-0.196640,-0.682053,0.011619,-0.073162,-0.005116,110.905411,218.100418,-790.088257,0,0
2.080000,-0.789426,0.199436,0.094813,0.714405,-0.073349,0.695877,-0.092794,0.975776,0.198116,-0.693552,-0.206109,0.690293,0.109927,-0.377848,0.005288,0.919303,0.009481,0.030237,-0.005329,0.011246,0.001751,0.005647,-0.695877,-0.198116,-0.690293,0.000000,0.000000,0.000000,-1,-0.683823,-0.195297,-0.684128,0.014829,-0.073154,0.000167,111.080612,217.576553,-789.587280,0,0
2.120000,-0.788435,0.199846,0.094940,0.715129,-0.073337,0.695135,-0.092911,0.975683,0.198519,-0.692790,-0.206552,0.690926,0.110136,-0.377369,0.005322,0.919475,0.015860,0.026000,-0.004317,0.011648,0.003649,0.006065,-0.695135,-0.198519,-0.690926,0.000000,0.000000,0.000000,-1,-0.685501,-0.199341,-0.688339,0.022269,-0.075275,0.000094,111.606232,219.148132,-789.420227,0,0
2.160000,-0.787114,0.200584,0.095224,0.716113,-0.073371,0.694117,-0.093174,0.975511,0.199242,-0.691738,-0.207353,0.691740,0.110524,-0.376715,0.005383,0.919696,0.017868,0.022943,-0.008618,0.010966,-0.000938,0.003782,-0.694117,-0.199242,-0.691740,0.000000,0.000000,0.000000,-1,-0.684540,-0.200836,-0.687851,0.020125,-0.077401,-0.004127,111.956650,218.798889,-790.756226,0,0
2.200000,-0.785982,0.201422,0.095386,0.716962,-0.073599,0.693216,-0.093316,0.975329,0.200063,-0.690838,-0.208125,0.692406,0.110936,-0.376152,0.005358,0.919877,0.010426,0.026125,-0.009616,0.011178,0.001592,0.004021,-0.693216,-0.200063,-0.692406,0.000000,0.000000,0.000000,-1,-0.679947,-0.198090,-0.685699,0.011627,-0.074219,-0.002984,111.956650,218.100418,-789.420227,0,0
2.240000,-0.784608,0.202027,0.095382,0.717951,-0.073732,0.692178,-0.093300,0.975209,0.200655,-0.689813,-0.208641,0.693273,0.111208,-0.375495,0.005317,0.920113,0.008308,0.027191,-0.007471,0.012277,0.004214,0.005529,-0.692178,-0.200655,-0.693273,0.000000,0.000000,0.000000,-1,-0.669968,-0.194046,-0.687622,0.005260,-0.074214,0.000277,112.307053,218.100418,-789.754272,0,0
2.280000,-0.783401,0.202163,0.095248,0.718782,-0.073670,0.691322,-0.093167,0.975194,0.200788,-0.688965,-0.208731,0.694088,0.111242,-0.374941,0.005296,0.920335,-0.000188,0.025080,-0.004177,0.021354,0.006742,0.006466,-0.691322,-0.200788,-0.694088,0.000000,0.000000,0.000000,-1,-0.674500,-0.191528,-0.687210,-0.000047,-0.078450,0.003546,109.854172,218.100418,-790.088257,0,0
2.320000,-0.782440,0.201572,0.095072,0.719392,-0.073189,0.690738,-0.093007,0.975329,0.200210,-0.688349,-0.208273,0.694836,0.110936,-0.374533,0.005382,0.920537,0.000783,-0.006612,0.003312,0.009601,0.009185,0.006863,-0.690738,-0.200210,-0.694836,0.000000,0.000000,0.000000,-1,-0.686996,-0.193771,-0.685394,0.003129,-0.111312,0.006850,113.358292,218.798889,-789.754272,0,0
2.360000,-0.782866,0.201302,0.095099,0.719083,-0.073073,0.691071,-0.093038,0.975380,0.199946,-0.688668,-0.208074,0.694580,0.110818,-0.374739,0.005422,0.920468,-0.001365,-0.000262,-0.003072,0.003236,0.005823,0.007447,-0.691071,-0.199946,-0.694580,0.000000,0.000000,0.000000,-1,-0.688080,-0.194672,-0.684311,0.000990,-0.096479,0.000425,111.606232,218.100418,-789.754272,0,0
2.400000,-0.782577,0.201120,0.094778,0.719246,-0.073119,0.690897,-0.092728,0.975446,0.199766,-0.688539,-0.207747,0.694806,0.110674,-0.374631,0.005326,0.920530,-0.009879,0.015631,-0.008366,0.007806,0.004134,0.005078,-0.690897,-0.199766,-0.694806,0.000000,0.000000,0.000000,-1,-0.680923,-0.191650,-0.695648,-0.007532,-0.082707,-0.006990,111.781433,219.322754,-790.255249,0,0
2.440000,-0.781440,0.200871,0.094077,0.719962,-0.073216,0.690141,-0.092049,0.975560,0.199523,-0.687882,-0.207176,0.695627,0.110425,-0.374156,0.005113,0.920754,-0.004596,0.014562,-0.015863,0.009507,0.007064,0.001443,-0.690141,-0.199523,-0.695627,0.000000,0.000000,0.000000,-1,-0.682602,-0.189148,-0.698196,-0.000113,-0.086956,-0.012371,112.307053,218.449646,-789.754272,0,0
2.480000,-0.780214,0.200857,0.093446,0.720757,-0.073408,0.689290,-0.091434,0.975621,0.199510,-0.687131,-0.206823,0.696474,0.110298,-0.373627,0.004893,0.920985,0.002754,0.018883,-0.019272,0.009205,0.007539,-0.001799,-0.689290,-0.199510,-0.696474,0.000000,0.000000,0.000000,-1,-0.675797,-0.190704,-0.696899,0.007321,-0.080600,-0.015673,111.781433,219.322754,-788.919250,0,0
2.520000,-0.778563,0.201341,0.092752,0.721871,-0.073898,0.688071,-0.090748,0.975588,0.199983,-0.686052,-0.206803,0.697542,0.110387,-0.372886,0.004572,0.921276,0.009081,0.025229,-0.033196,0.013038,0.007738,-0.000380,-0.688071,-0.199983,-0.697542,0.000000,0.000000,0.000000,-1,-0.673706,-0.195160,-0.700363,0.011502,-0.075329,-0.035953,112.307053,218.100418,-789.754272,0,0
2.560000,-0.776723,0.202445,0.091721,0.723125,-0.075018,0.686631,-0.089722,0.975460,0.201065,-0.684865,-0.207001,0.698649,0.110698,-0.372050,0.003989,0.921579,0.010097,0.014619,-0.042731,0.012284,0.008347,0.001460,-0.686631,-0.201065,-0.698649,0.000000,0.000000,0.000000,-1,-0.675262,-0.193558,-0.701202,0.013621,-0.090170,-0.034846,114.059113,218.798889,-789.086243,0,0
2.600000,-0.775655,0.203664,0.090761,0.723859,-0.076325,0.685713,-0.088763,0.975301,0.202259,-0.684214,-0.207273,0.699206,0.111076,-0.371563,0.003374,0.921733,0.020688,0.004012,-0.050244,0.011503,0.006824,-0.001630,-0.685713,-0.202259,-0.699206,0.000000,0.000000,0.000000,-1,-0.676102,-0.193130,-0.698837,0.027391,-0.099730,-0.046655,110.905411,218.798889,-791.090271,0,0
2.640000,-0.774852,0.205556,0.089825,0.724454,-0.078127,0.684882,-0.087815,0.975001,0.204111,-0.683707,-0.208012,0.699482,0.111770,-0.371169,0.002628,0.921810,0.032273,0.004053,-0.060073,0.008048,0.010752,0.002003,-0.684882,-0.204111,-0.699482,0.000000,0.000000,0.000000,-1,-0.666901,-0.194138,-0.693665,0.036942,-0.100796,-0.051011,112.482269,217.227310,-789.587280,0,0
2.680000,-0.774170,0.207554,0.089097,0.724985,-0.079875,0.684118,-0.087069,0.974656,0.206067,-0.683240,-0.208961,0.699656,0.112552,-0.370815,0.001951,0.921859,0.033373,-0.004405,-0.047280,0.019109,0.009320,0.002711,-0.684118,-0.206067,-0.699656,0.000000,0.000000,0.000000,-1,-0.660782,-0.194992,-0.695160,0.033809,-0.105013,-0.035001,111.080612,218.624268,-790.923279,0,0
2.720000,-0.773594,0.208836,0.088818,0.725433,-0.080830,0.683530,-0.086774,0.974417,0.207322,-0.682800,-0.209711,0.699861,0.113089,-0.370514,0.001612,0.921915,0.026024,-0.012837,-0.019502,0.022000,0.013733,0.005387,-0.683530,-0.207322,-0.699861,0.000000,0.000000,0.000000,-1,-0.662628,-0.194382,-0.699081,0.026463,-0.115573,-0.007216,112.131851,218.973511,-789.921265,0,0
2.760000,-0.773369,0.208944,0.089075,0.725614,-0.080669,0.683357,-0.087023,0.974372,0.207427,-0.682577,-0.209979,0.699998,0.113185,-0.370392,0.001723,0.921952,0.022910,-0.010677,0.001801,0.019142,0.017836,0.002778,-0.683357,-0.207427,-0.699998,0.000000,0.000000,0.000000,-1,-0.652954,-0.193298,-0.696304,0.022326,-0.105988,0.021507,112.657471,217.052689,-791.090271,0,0
2.800000,-0.772647,0.208197,0.089962,0.726132,-0.079365,0.682959,-0.087901,0.974449,0.206696,-0.681913,-0.210122,0.700602,0.113006,-0.370039,0.002314,0.922115,0.018712,-0.004245,0.034673,0.029425,0.016617,0.003932,-0.682959,-0.206696,-0.700602,0.000000,0.000000,0.000000,-1,-0.658844,-0.184753,-0.702271,0.024552,-0.111248,0.049162,110.554993,216.354218,-790.756226,0,0
2.840000,-0.772530,0.206391,0.091974,0.726257,-0.076651,0.683136,-0.089895,0.974640,0.204929,-0.681520,-0.210242,0.700949,0.112548,-0.369944,0.003590,0.922205,0.034734,-0.030697,0.062278,0.020890,0.019519,-0.006174,-0.683136,-0.204929,-0.700949,0.000000,0.000000,0.000000,-1,-0.663132,-0.183838,-0.705658,0.041638,-0.132415,0.073535,111.606232,218.798889,-789.754272,0,0
2.880000,-0.773360,0.204376,0.095375,0.725816,-0.072986,0.684005,-0.093248,0.974738,0.202957,-0.681539,-0.211091,0.700675,0.112254,-0.370218,0.005493,0.922121,0.057168,-0.027461,0.092871,0.016693,0.019637,-0.006662,-0.684005,-0.202957,-0.700675,0.000000,0.000000,0.000000,-1,-0.674698,-0.185364,-0.709229,0.071565,-0.112214,0.111408,112.657471,217.751175,-790.088257,0,0
2.920000,-0.773867,0.202383,0.100318,0.725687,-0.068148,0.684642,-0.098106,0.974665,0.201004,-0.680995,-0.213034,0.700616,0.112256,-0.370257,0.008122,0.922086,0.084893,-0.005157,0.112681,0.012782,0.016846,-0.009558,-0.684642,-0.201004,-0.700616,0.000000,0.000000,0.000000,-1,-0.673019,-0.185638,-0.705841,0.096071,-0.103713,0.123864,111.781433,218.973511,-790.589233,0,0
2.960000,-0.774363,0.201164,0.106725,0.725682,-0.062775,0.685160,-0.104374,0.974260,0.199810,-0.680067,-0.216512,0.700451,0.112884,-0.370178,0.011280,0.922008,0.124210,0.000148,0.123846,0.015559,0.016597,-0.002201,-0.685160,-0.199810,-0.700451,0.000000,0.000000,0.000000,-1,-0.680679,-0.183456,-0.697311,0.131191,-0.102638,0.133046,110.379791,218.275040,-790.589233,0,0
3.000000,-0.776109,0.200559,0.114492,0.724915,-0.057111,0.686467,-0.111952,0.973540,0.199217,-0.679680,-0.221267,0.699340,0.114057,-0.370569,0.014876,0.921655,0.144461,-0.015728,0.141782,0.003880,0.004972,0.005492,-0.686467,-0.199217,-0.699340,0.000000,0.000000,0.000000,-1,-0.678177,-0.197418,-0.679108,0.165184,-0.150344,0.135014,111.255814,218.798889,-789.420227,0,0
3.040000,-0.779845,0.201080,0.123079,0.722885,-0.052089,0.689002,-0.120295,0.972439,0.199727,-0.680416,-0.227263,0.696696,0.115920,-0.371772,0.018517,0.920872,0.164645,-0.001960,0.135117,-0.011011,0.009176,0.006206,-0.689002,-0.199727,-0.696696,0.000000,0.000000,0.000000,-1,-0.688629,-0.194992,-0.668228,0.168435,-0.105805,0.142223,111.431030,217.576553,-790.589233,0,0
3.080000,-0.782910,0.201986,0.131875,0.721315,-0.047064,0.691006,-0.128819,0.971164,0.200616,-0.680522,-0.233722,0.694453,0.118003,-0.372624,0.022212,0.920181,0.159309,-0.004100,0.129869,0.001339,0.000863,0.027765,-0.691006,-0.200616,-0.694452,0.000000,0.000000,0.000000,-1,-0.685318,-0.205460,-0.664688,0.155631,-0.109003,0.130678,110.554993,217.751175,-789.754272,0,0
3.120000,-0.786033,0.203245,0.140026,0.719674,-0.042794,0.692992,-0.136696,0.969831,0.201849,-0.680723,-0.239994,0.692112,0.120137,-0.373512,0.025532,0.919459,0.143325,-0.016847,0.121590,0.007796,-0.004053,0.025791,-0.692992,-0.201849,-0.692112,0.000000,0.000000,0.000000,-1,-0.689468,-0.207672,-0.672028,0.134326,-0.132337,0.124635,111.781433,218.275040,-789.921265,0,0
3.160000,-0.789565,0.204388,0.147425,0.717685,-0.039120,0.695268,-0.143834,0.968564,0.202968,-0.681351,-0.245671,0.689497,0.122091,-0.374627,0.028497,0.918660,0.131508,-0.045554,0.111142,0.000657,-0.005497,0.016981,-0.695268,-0.202968,-0.689497,0.000000,0.000000,0.000000,-1,-0.696793,-0.212585,-0.670578,0.136381,-0.148264,0.108729,111.956650,219.148132,-789.086243,0,0
3.200000,-0.793637,0.206255,0.154324,0.715365,-0.036474,0.697798,-0.150454,0.967172,0.204796,-0.682361,-0.251490,0.686393,0.124297,-0.375970,0.031049,0.917732,0.140980,-0.038184,0.082281,-0.001695,-0.009667,0.018242,-0.697798,-0.204796,-0.686393,0.000000,0.000000,0.000000,-1,-0.698761,-0.216858,-0.667740,0.142670,-0.139821,0.083092,110.029373,217.925797,-789.253235,0,0
3.240000,-0.797571,0.209011,0.160585,0.713205,-0.034905,0.700086,-0.156416,0.965651,0.207492,-0.683281,-0.257489,0.683247,0.126794,-0.377226,0.033134,0.916802,0.131365,-0.051992,0.070742,0.005155,-0.015774,0.018498,-0.700086,-0.207492,-0.683247,0.000000,0.000000,0.000000,-1,-0.692688,-0.227142,-0.658279,0.125627,-0.162091,0.079126,110.379791,219.322754,-788.585205,0,0
3.280000,-0.801898,0.211865,0.166343,0.710769,-0.033907,0.702608,-0.161875,0.964146,0.210283,-0.684547,-0.263197,0.679796,0.129254,-0.378676,0.034934,0.915794,0.116416,-0.061608,0.067709,0.008745,-0.018110,0.024202,-0.702608,-0.210283,-0.679796,0.000000,0.000000,0.000000,-1,-0.705521,-0.230713,-0.643814,0.111786,-0.162099,0.073960,111.255814,218.100418,-789.086243,0,0
3.320000,-0.807039,0.214224,0.171427,0.707694,-0.033305,0.705733,-0.166689,0.962819,0.212590,-0.686574,-0.268086,0.675830,0.131382,-0.380557,0.036458,0.914651,0.083451,-0.060569,0.062741,-0.001450,-0.019085,0.029773,-0.705733,-0.212590,-0.675830,0.000000,0.000000,0.000000,-1,-0.702332,-0.230667,-0.647980,0.067108,-0.149391,0.064821,109.153351,218.798889,-789.086243,0,0
3.360000,-0.811036,0.215719,0.175174,0.705253,-0.032777,0.708198,-0.170240,0.961874,0.214050,-0.688212,-0.271523,0.672784,0.132849,-0.382046,0.037609,0.913771,0.044111,-0.042567,0.055639,0.004706,-0.016297,0.021265,-0.708198,-0.214050,-0.672784,0.000000,0.000000,0.000000,-1,-0.698975,-0.220963,-0.655579,0.029884,-0.148338,0.060972,110.730209,217.925797,-789.587280,0,0
3.400000,-0.814563,0.215331,0.178015,0.702865,-0.031466,0.710627,-0.172987,0.961468,0.213671,-0.689968,-0.273111,0.670339,0.133284,-0.383492,0.038749,0.913054,0.004767,-0.065894,0.057237,0.013819,-0.000745,0.010854,-0.710627,-0.213671,-0.670339,0.000000,0.000000,0.000000,-1,-0.692215,-0.213699,-0.662857,0.004352,-0.174841,0.062437,108.802933,219.148132,-788.418213,0,0
3.440000,-0.816927,0.214333,0.179011,0.701138,-0.030714,0.712364,-0.173982,0.961504,0.212696,-0.691474,-0.273068,0.668803,0.133070,-0.384566,0.039247,0.912612,-0.004942,-0.100965,0.048981,0.021156,0.001743,0.004985,-0.712364,-0.212696,-0.668803,0.000000,0.000000,0.000000,-1,-0.693268,-0.218506,-0.673752,-0.012756,-0.220455,0.045812,109.854172,219.148132,-790.422241,0,0
3.480000,-0.820818,0.213235,0.179420,0.698315,-0.030717,0.715131,-0.174418,0.961662,0.211623,-0.694215,-0.272511,0.666185,0.132728,-0.386381,0.039396,0.911888,-0.017800,-0.140214,0.030149,0.026548,-0.003709,-0.007521,-0.715131,-0.211623,-0.666185,0.000000,0.000000,0.000000,-1,-0.666000,-0.215836,-0.660873,-0.003268,-0.253344,0.030964,109.678970,218.624268,-788.919250,0,0
3.520000,-0.825230,0.213322,0.179490,0.695258,-0.031933,0.718050,-0.174481,0.961632,0.211708,-0.697260,-0.272478,0.663011,0.132868,-0.388382,0.039117,0.911030,0.006564,-0.173091,0.013002,0.053744,-0.008446,0.008836,-0.718050,-0.211708,-0.663011,0.000000,0.000000,0.000000,-1,-0.663406,-0.238312,-0.658707,0.015801,-0.268209,0.015928,109.854172,218.449646,-788.418213,0,0
3.560000,-0.829396,0.215689,0.179916,0.692666,-0.034450,0.720435,-0.174801,0.961062,0.214020,-0.699756,-0.274177,0.659673,0.134100,-0.390103,0.038552,0.910138,0.031059,-0.153981,0.017950,0.057852,-0.027953,0.000570,-0.720435,-0.214020,-0.659673,0.000000,0.000000,0.000000,-1,-0.666901,-0.254791,-0.671890,0.030789,-0.278767,0.045595,109.328552,218.275040,-788.251221,0,0
3.600000,-0.833870,0.218102,0.181258,0.689891,-0.036468,0.722994,-0.175996,0.960316,0.216377,-0.702194,-0.276521,0.656095,0.135536,-0.391896,0.038367,0.909162,0.025747,-0.200614,0.061769,0.050845,-0.035042,-0.018618,-0.722994,-0.216377,-0.656095,0.000000,0.000000,0.000000,-1,-0.704239,-0.239090,-0.704346,0.011818,-0.307317,0.095928,109.328552,219.671997,-786.247192,0,0
3.640000,-0.840681,0.216657,0.183701,0.684992,-0.035643,0.727678,-0.178399,0.960189,0.214966,-0.706371,-0.277067,0.651363,0.135498,-0.394916,0.039313,0.907819,0.005754,-0.172964,0.110788,0.020983,-0.018906,-0.061604,-0.727678,-0.214966,-0.651363,0.000000,0.000000,0.000000,-1,-0.701691,-0.213089,-0.717331,0.010910,-0.255321,0.126551,108.627731,217.925797,-787.249207,0,0
3.680000,-0.845582,0.213393,0.187601,0.681216,-0.031998,0.731383,-0.182272,0.960171,0.211777,-0.709029,-0.277576,0.648251,0.134902,-0.397084,0.041427,0.906868,0.037818,-0.098696,0.140946,0.034270,0.002701,-0.058490,-0.731383,-0.211777,-0.648251,0.000000,0.000000,0.000000,-1,-0.664886,-0.211838,-0.671158,0.060997,-0.212877,0.149209,108.802933,219.497375,-787.416199,0,0
3.720000,-0.849400,0.210261,0.192928,0.678230,-0.027186,0.734347,-0.187511,0.959832,0.208715,-0.710524,-0.279255,0.645889,0.134637,-0.398658,0.044236,0.906084,0.048529,-0.076398,0.157745,0.064913,0.001959,-0.019104,-0.734347,-0.208715,-0.645889,0.000000,0.000000,0.000000,-1,-0.650406,-0.195496,-0.649094,0.034479,-0.196955,0.162194,108.627731,218.275040,-786.915222,0,0
3.760000,-0.854528,0.205447,0.198830,0.674032,-0.021153,0.738399,-0.193369,0.959682,0.204005,-0.712944,-0.280289,0.642766,0.133775,-0.400900,0.047571,0.905053,0.012296,-0.119880,0.144511,0.082180,0.011988,-0.024134,-0.738399,-0.204005,-0.642766,0.000000,0.000000,0.000000,-1,-0.658905,-0.194458,-0.682693,0.014189,-0.231967,0.145556,109.503754,219.846619,-787.416199,0,0
3.800000,-0.857850,0.202711,0.201521,0.671311,-0.018291,0.740950,-0.196061,0.959702,0.201325,-0.714774,-0.280423,0.640673,0.133169,-0.402405,0.049141,0.904390,0.020673,-0.169734,0.121240,0.079146,0.007264,-0.051771,-0.740950,-0.201325,-0.640673,0.000000,0.000000,0.000000,-1,-0.677017,-0.199036,-0.704895,0.044798,-0.309428,0.101956,107.050873,220.545090,-787.416199,0,0
3.840000,-0.864988,0.201018,0.205001,0.666002,-0.016738,0.745762,-0.199469,0.959346,0.199667,-0.718786,-0.281735,0.635588,0.133293,-0.405511,0.050595,0.902903,0.066158,-0.225985,0.072059,0.063267,-0.000376,-0.068025,-0.745762,-0.199667,-0.635588,0.000000,0.000000,0.000000,-1,-0.705795,-0.213608,-0.691315,0.080789,-0.313729,0.061157,107.226089,220.719711,-786.915222,0,0
3.880000,-0.874233,0.201602,0.209136,0.659494,-0.017045,0.751517,-0.203410,0.958399,0.200239,-0.723666,-0.284922,0.628591,0.134632,-0.409364,0.051716,0.900900,0.063931,-0.165599,0.033515,0.038779,-0.023943,-0.049983,-0.751517,-0.200239,-0.628591,0.000000,0.000000,0.000000,-1,-0.714264,-0.233566,-0.671478,0.060527,-0.249102,0.031305,106.525253,221.068954,-786.247192,0,0
3.920000,-0.877201,0.202715,0.210452,0.657542,-0.017845,0.753207,-0.204625,0.957912,0.201330,-0.725099,-0.286507,0.626215,0.135476,-0.410535,0.051870,0.900232,0.034131,-0.099891,0.011204,0.041293,-0.033396,-0.039205,-0.753207,-0.201330,-0.626215,0.000000,0.000000,0.000000,-1,-0.682571,-0.232605,-0.651123,0.012623,-0.178114,0.000665,107.576492,218.973511,-787.249207,0,1
3.960000,-0.879219,0.203944,0.210190,0.656265,-0.019501,0.754278,-0.204322,0.957723,0.202533,-0.726339,-0.287031,0.624536,0.136021,-0.411376,0.051351,0.899795,-0.017014,-0.106287,-0.017994,0.082525,-0.027829,-0.022956,-0.754278,-0.202533,-0.624536,0.000000,0.000000,0.000000,-1,-0.666199,-0.231934,-0.641678,-0.047035,-0.235397,-0.019694,107.401291,219.846619,-787.750244,0,0
4.000000,-0.884414,0.204067,0.206472,0.652420,-0.023509,0.757493,-0.200755,0.958451,0.202654,-0.730784,-0.284286,0.620593,0.135439,-0.413956,0.049300,0.898814,-0.099022,-0.187946,-0.040130,0.082002,-0.027449,-0.023206,-0.757493,-0.202654,-0.620593,0.000000,0.000000,0.000000,-1,-0.687103,-0.226303,-0.647385,-0.112000,-0.290557,-0.037875,107.926910,219.322754,-785.913208,0,0
4.040000,-0.887578,0.203561,0.202218,0.649918,-0.026797,0.759532,-0.196696,0.959397,0.202158,-0.734110,-0.280783,0.618258,0.134408,-0.415699,0.047285,0.898272,-0.145843,-0.183712,-0.052404,0.062480,-0.021292,-0.034070,-0.759532,-0.202158,-0.618258,0.000000,0.000000,0.000000,-1,-0.717606,-0.230148,-0.670563,-0.165173,-0.243929,-0.051328,106.875671,218.973511,-785.245178,0,0
4.080000,-0.886502,0.203015,0.194369,0.650399,-0.031195,0.758952,-0.189180,0.961020,0.201623,-0.735657,-0.274714,0.619145,0.132509,-0.415775,0.043949,0.898688,-0.186175,-0.082961,-0.055622,0.040919,-0.031562,-0.057521,-0.758952,-0.201623,-0.619145,0.000000,0.000000,0.000000,-1,-0.703064,-0.247025,-0.681992,-0.188424,-0.113507,-0.041023,106.525253,219.671997,-786.915222,0,0
4.120000,-0.879963,0.201924,0.186086,0.654777,-0.034015,0.755057,-0.181255,0.962769,0.200555,-0.733767,-0.268176,0.624233,0.130167,-0.413449,0.040889,0.900247,-0.205070,0.037998,-0.017685,0.064261,-0.051093,-0.053974,-0.755057,-0.200555,-0.624233,0.000000,0.000000,0.000000,-1,-0.659500,-0.263901,-0.704742,-0.219031,-0.055124,0.006918,107.926910,220.021240,-786.247192,0,0
4.160000,-0.874809,0.196000,0.178197,0.657482,-0.033441,0.752728,-0.173861,0.965322,0.194747,-0.733137,-0.258913,0.628868,0.125790,-0.411999,0.038936,0.901620,-0.320648,-0.021215,0.075323,0.087597,-0.069245,-0.107262,-0.752728,-0.194747,-0.628868,0.000000,0.000000,0.000000,-1,-0.657028,-0.193878,-0.714706,-0.269784,-0.216116,0.114576,106.875671,220.021240,-785.245178,0,0
4.200000,-0.875977,0.185491,0.171708,0.655039,-0.030194,0.754992,-0.167934,0.968392,0.184430,-0.736697,-0.247597,0.629264,0.119773,-0.413549,0.038187,0.901762,-0.279150,-0.233154,0.129003,0.048372,-0.005664,-0.064538,-0.754992,-0.184430,-0.629264,0.000000,0.000000,0.000000,-1,-0.845993,-0.227905,-0.703415,-0.364488,-0.329557,0.116131,107.401291,220.894333,-787.082214,0,0
4.240000,-0.883198,0.172740,0.163524,0.647840,-0.027730,0.761272,-0.160374,0.971976,0.171883,-0.744704,-0.233440,0.625237,0.112502,-0.418001,0.036817,0.900701,-0.377977,-0.185443,0.132004,-0.095280,-0.067451,-0.090644,-0.761272,-0.171883,-0.625237,0.000000,0.000000,0.000000,-1,-0.943588,-0.203171,-0.704559,-0.349451,-0.258484,0.142238,106.350052,221.592819,-784.744141,0,0
