0.000000,1.214803,-0.130692,0.051638,0.354362,-0.103998,-0.929307,-0.051174,0.990150,-0.130320,0.933707,0.093737,0.345549,-0.068304,0.567943,-0.016103,0.820070,0.017937,0.076956,-0.009452,0.001814,0.009801,-0.003068,0.929307,0.130320,-0.345549,0.000000,0.000000,0.000000,-1,0.934006,0.136948,-0.346466,-0.003004,0.082397,-0.023723,44.475372,219.212585,-601.809753,0,0
0.040000,1.217621,-0.131393,0.050789,0.351674,-0.105211,-0.930192,-0.050329,0.990102,-0.131015,0.934769,0.092890,0.342898,-0.068326,0.569107,-0.016748,0.819249,0.018991,0.076932,-0.011605,0.003814,0.005933,-0.003568,0.930192,0.131015,-0.342898,0.000000,0.000000,0.000000,-1,0.935303,0.131989,-0.345627,-0.001952,0.078160,-0.023715,43.947998,218.333633,-600.971802,0,0
0.080000,1.220716,-0.131690,0.049611,0.348668,-0.106185,-0.931212,-0.049161,0.990122,-0.131309,0.935956,0.091563,0.340003,-0.068086,0.570406,-0.017420,0.818351,0.024315,0.072736,-0.006308,-0.000594,0.000359,-0.002633,0.931212,0.131309,-0.340003,0.000000,0.000000,0.000000,-1,0.936066,0.128448,-0.341324,0.006623,0.090937,-0.016372,43.947998,219.739960,-601.307007,0,0
0.120000,1.224155,-0.131247,0.048438,0.345302,-0.106492,-0.932430,-0.048003,0.990237,-0.130870,0.937263,0.089949,0.336819,-0.067540,0.571864,-0.017889,0.817367,0.030795,0.099251,-0.002193,0.006504,-0.000041,-0.001346,0.932430,0.130870,-0.336819,0.000000,0.000000,0.000000,-1,0.940613,0.130539,-0.343643,0.008791,0.103646,-0.016436,45.002747,220.091553,-600.301453,0,0
0.160000,1.226879,-0.131030,0.047189,0.342604,-0.106962,-0.933371,-0.046768,0.990324,-0.130655,0.938315,0.088414,0.334287,-0.067069,0.573025,-0.018429,0.816581,0.029580,0.056789,-0.011611,0.007105,0.000647,-0.011065,0.933371,0.130655,-0.334287,0.000000,0.000000,0.000000,-1,0.938278,0.137344,-0.345688,0.014968,0.043165,-0.027976,45.354340,217.630463,-600.301453,0,0
0.200000,1.227481,-0.131383,0.045537,0.341877,-0.107910,-0.933528,-0.045129,0.990354,-0.131006,0.938660,0.086917,0.333710,-0.066734,0.573316,-0.019225,0.816385,0.036952,0.034477,-0.016919,0.003712,0.007086,-0.011276,0.933528,0.131006,-0.333710,0.000000,0.000000,0.000000,-1,0.937759,0.140488,-0.339828,0.013923,0.050569,-0.029061,45.178543,218.157837,-599.798706,0,0
0.240000,1.228960,-0.132154,0.044143,0.340369,-0.109232,-0.933926,-0.043744,0.990315,-0.131770,0.939274,0.085704,0.332294,-0.066634,0.573945,-0.020065,0.815932,0.022128,0.063066,-0.016926,0.001926,0.008016,-0.008358,0.933926,0.131770,-0.332294,0.000000,0.000000,0.000000,-1,0.937622,0.138718,-0.340210,-0.000920,0.070706,-0.027956,45.530136,217.454666,-600.133911,0,0
0.280000,1.230644,-0.133047,0.043076,0.338706,-0.110571,-0.934373,-0.042682,0.990243,-0.132655,0.939924,0.084812,0.330682,-0.066673,0.574642,-0.020814,0.815419,0.016732,0.046090,-0.023250,0.005554,0.008031,-0.011756,0.934373,0.132655,-0.330682,0.000000,0.000000,0.000000,-1,0.940506,0.136566,-0.341034,-0.004213,0.044160,-0.035288,44.123795,217.454666,-600.133911,0,0
0.320000,1.231624,-0.133954,0.041856,0.337685,-0.111913,-0.934582,-0.041469,0.990174,-0.133554,0.940345,0.083855,0.329726,-0.066681,0.575057,-0.021606,0.815105,0.014525,0.018564,-0.021003,0.004855,-0.000680,-0.003755,0.934582,0.133554,-0.329726,0.000000,0.000000,0.000000,-1,0.939255,0.130676,-0.329453,-0.006401,0.022997,-0.033062,45.530136,220.970505,-600.804260,0,0
0.360000,1.231949,-0.134217,0.041249,0.337322,-0.112391,-0.934656,-0.040867,0.990163,-0.133815,0.940502,0.083335,0.329410,-0.066610,0.575202,-0.021940,0.814999,0.014523,0.016454,-0.019926,0.005834,-0.001903,-0.009411,0.934656,0.133815,-0.329410,0.000000,0.000000,0.000000,-1,0.939407,0.130280,-0.336655,-0.005318,0.027253,-0.030955,46.760681,218.333633,-599.966309,0,0
0.400000,1.232183,-0.134433,0.040601,0.337037,-0.112830,-0.934706,-0.040224,0.990161,-0.134028,0.940632,0.082770,0.329183,-0.066509,0.575313,-0.022274,0.814920,0.012410,0.019647,-0.017788,0.004701,-0.003749,-0.007472,0.934706,0.134028,-0.329183,0.000000,0.000000,0.000000,-1,0.940247,0.138077,-0.331207,-0.012765,0.028324,-0.029836,45.354340,218.333633,-599.631104,0,0
0.440000,1.232749,-0.135134,0.039868,0.336447,-0.113779,-0.934803,-0.039494,0.990096,-0.134723,0.940874,0.082246,0.328622,-0.066577,0.575549,-0.022794,0.814734,0.006005,0.013299,-0.016650,0.005092,0.000637,-0.000373,0.934803,0.134723,-0.328622,0.000000,0.000000,0.000000,-1,0.939621,0.134781,-0.332306,-0.014912,0.020930,-0.027661,45.354340,217.982040,-601.307007,0,0
0.480000,1.233299,-0.135515,0.039567,0.335911,-0.114281,-0.934935,-0.039194,0.990056,-0.135101,0.941078,0.082026,0.328091,-0.066639,0.575772,-0.023045,0.814564,0.000702,0.016518,-0.012357,0.004030,-0.000747,-0.004016,0.934935,0.135101,-0.328091,0.000000,0.000000,0.000000,-1,0.937988,0.133728,-0.329437,-0.021267,0.027336,-0.022309,46.057510,218.333633,-600.636658,0,0
0.520000,1.234104,-0.135659,0.039498,0.335150,-0.114504,-0.935181,-0.039125,0.990040,-0.135243,0.941352,0.081916,0.327332,-0.066668,0.576098,-0.023142,0.814328,-0.002453,0.022943,-0.004896,0.005112,-0.003300,-0.003036,0.935181,0.135243,-0.327332,0.000000,0.000000,0.000000,-1,0.938019,0.133331,-0.328156,-0.024439,0.029514,-0.015901,46.409088,217.982040,-599.295959,0,0
0.560000,1.234826,-0.135656,0.039562,0.334477,-0.114540,-0.935417,-0.039188,0.990038,-0.135241,0.941589,0.081892,0.326657,-0.066677,0.576390,-0.023139,0.814121,-0.003512,0.023998,-0.004888,0.005028,-0.000765,-0.007160,0.935417,0.135241,-0.326657,0.000000,0.000000,0.000000,-1,0.938034,0.135620,-0.332520,-0.022297,0.033750,-0.015933,45.002747,218.685211,-600.301453,0,0
0.600000,1.236106,-0.135762,0.039630,0.333283,-0.114721,-0.935821,-0.039255,0.990021,-0.135346,0.942009,0.081844,0.325454,-0.066725,0.576906,-0.023185,0.813750,-0.002410,0.034610,-0.002804,0.004715,0.000412,0.004012,0.935821,0.135346,-0.325454,0.000000,0.000000,0.000000,-1,0.941284,0.137238,-0.316620,-0.021201,0.042243,-0.013843,46.057510,217.630463,-599.966309,0,0
0.640000,1.237874,-0.135888,0.039630,0.331623,-0.114983,-0.936379,-0.039254,0.990003,-0.135470,0.942595,0.081682,0.323794,-0.066756,0.577622,-0.023280,0.813237,0.003954,0.027207,-0.002826,0.008125,0.001233,0.007434,0.936379,0.135470,-0.323794,0.000000,0.000000,0.000000,-1,0.950333,0.133209,-0.321594,-0.013780,0.032699,-0.014930,46.584885,218.861008,-600.804260,0,0
0.680000,1.239672,-0.135641,0.039267,0.329876,-0.115019,-0.936991,-0.038897,0.990051,-0.135226,0.943223,0.081054,0.322120,-0.066530,0.578372,-0.023416,0.812719,0.010383,0.037834,0.000285,0.012182,-0.000887,-0.008981,0.936991,0.135226,-0.322120,0.000000,0.000000,0.000000,-1,0.944534,0.133972,-0.333633,-0.011576,0.053920,-0.010766,46.584885,218.157837,-599.798706,0,0
0.720000,1.240779,-0.135388,0.038928,0.328783,-0.114983,-0.937379,-0.038562,0.990098,-0.134975,0.943618,0.080524,0.321094,-0.066316,0.578840,-0.023517,0.812400,0.011515,0.057969,0.002333,0.006804,-0.000148,-0.014432,0.937380,0.134975,-0.321094,0.000000,0.000000,0.000000,-1,0.939499,0.136841,-0.332748,-0.007256,0.074043,-0.010874,46.233292,217.103088,-601.474609,0,0
0.760000,1.242119,-0.135263,0.038493,0.327464,-0.115116,-0.937825,-0.038132,0.990132,-0.134851,0.944094,0.079920,0.319843,-0.066123,0.579402,-0.023702,0.812010,0.013675,0.068538,0.001211,0.001674,0.001989,-0.012905,0.937825,0.134851,-0.319843,0.000000,0.000000,0.000000,-1,0.943253,0.137070,-0.327209,-0.005129,0.075082,-0.013026,45.881714,217.806259,-599.798706,0,0
0.800000,1.244183,-0.135273,0.037600,0.325412,-0.115580,-0.938482,-0.037248,0.990164,-0.134861,0.944838,0.078842,0.317906,-0.065844,0.580268,-0.024135,0.811400,0.014569,0.022854,-0.012476,0.006220,0.000454,-0.004832,0.938482,0.134861,-0.317906,0.000000,0.000000,0.000000,-1,0.948059,0.133301,-0.318207,-0.008562,0.008219,-0.027663,45.881714,219.212585,-599.798706,0,0
0.840000,1.243515,-0.135624,0.036871,0.325971,-0.116094,-0.938224,-0.036524,0.990144,-0.135208,0.944674,0.078342,0.318518,-0.065782,0.580012,-0.024511,0.811577,0.014378,-0.035453,-0.018645,0.009835,-0.001907,0.000311,0.938225,0.135208,-0.318518,0.000000,0.000000,0.000000,-1,0.948135,0.131516,-0.320663,-0.007586,-0.020388,-0.028628,46.057510,218.333633,-600.301453,0,0
0.880000,1.242707,-0.135673,0.036332,0.326673,-0.116253,-0.937961,-0.035990,0.990157,-0.135257,0.944452,0.077942,0.319274,-0.065656,0.579700,-0.024717,0.811804,0.012298,-0.023750,-0.013340,0.010221,-0.003268,-0.000291,0.937961,0.135257,-0.319274,0.000000,0.000000,0.000000,-1,0.944687,0.127930,-0.323425,-0.010725,-0.006569,-0.023329,45.530136,217.454666,-601.474609,0,0
0.920000,1.241888,-0.135418,0.035622,0.327356,-0.116183,-0.937731,-0.035289,0.990216,-0.135004,0.944242,0.077286,0.320053,-0.065357,0.579398,-0.024905,0.812038,0.012324,-0.017383,-0.012286,0.007062,-0.005824,-0.003372,0.937731,0.135004,-0.320053,0.000000,0.000000,0.000000,-1,0.946472,0.129852,-0.322174,-0.010747,-0.012934,-0.024371,45.530136,218.509415,-600.469055,0,0
0.960000,1.240849,-0.135406,0.035094,0.328274,-0.116264,-0.937400,-0.034766,0.990237,-0.134993,0.943942,0.076904,0.321027,-0.065212,0.578994,-0.025082,0.812333,0.008030,-0.029042,-0.013266,0.008630,-0.003477,-0.001238,0.937400,0.134993,-0.321027,0.000000,0.000000,0.000000,-1,0.944214,0.134491,-0.320786,-0.012910,-0.022485,-0.026449,46.936462,219.212585,-600.469055,0,0
1.000000,1.239949,-0.135783,0.034648,0.329084,-0.116695,-0.937062,-0.034322,0.990201,-0.135366,0.943677,0.076709,0.321854,-0.065247,0.578633,-0.025343,0.812579,0.006991,-0.020563,-0.013290,0.003459,0.001963,0.003281,0.937062,0.135366,-0.321854,0.000000,0.000000,0.000000,-1,0.939865,0.138977,-0.317673,-0.011776,-0.001283,-0.024406,48.518600,219.388382,-598.960754,0,0
1.040000,1.239860,-0.136562,0.034052,0.329124,-0.117614,-0.936934,-0.033729,0.990116,-0.136138,0.943684,0.076408,0.321904,-0.065392,0.578595,-0.025808,0.812580,0.011307,-0.000432,-0.013405,0.005587,0.006333,0.000477,0.936934,0.136138,-0.321904,0.000000,0.000000,0.000000,-1,0.942276,0.140167,-0.322800,-0.010695,0.006111,-0.026573,46.760681,218.685211,-599.966309,0,0
1.080000,1.239702,-0.137087,0.033687,0.329246,-0.118214,-0.936815,-0.033364,0.990056,-0.136658,0.943655,0.076250,0.322028,-0.065501,0.578529,-0.026104,0.812609,0.003825,-0.006815,-0.016523,0.004591,0.001571,-0.002694,0.936815,0.136658,-0.322028,0.000000,0.000000,0.000000,-1,0.940002,0.133041,-0.322083,-0.020327,-0.007685,-0.029643,45.530136,218.861008,-599.798706,0,0
1.120000,1.239347,-0.137478,0.033494,0.329571,-0.118616,-0.936650,-0.033172,0.990009,-0.137045,0.943548,0.076237,0.322343,-0.065609,0.578380,-0.026284,0.812700,0.000591,-0.018482,-0.018582,0.003352,-0.004004,0.000261,0.936650,0.137045,-0.322343,0.000000,0.000000,0.000000,-1,0.943436,0.129730,-0.324966,-0.024587,-0.009782,-0.027471,45.354340,216.224121,-601.307007,0,0
1.160000,1.238816,-0.137624,0.033545,0.330083,-0.118695,-0.936460,-0.033222,0.989988,-0.137190,0.943367,0.076395,0.322834,-0.065690,0.578159,-0.026288,0.812851,-0.005704,0.000704,-0.005808,0.008303,-0.006758,-0.001064,0.936460,0.137190,-0.322834,0.000000,0.000000,0.000000,-1,0.945068,0.132385,-0.323959,-0.025562,0.009401,-0.014752,46.233292,217.806259,-600.804260,0,0
1.200000,1.238932,-0.137505,0.033634,0.329980,-0.118563,-0.936513,-0.033311,0.990001,-0.137072,0.943400,0.076427,0.322731,-0.065666,0.578206,-0.026221,0.812821,-0.003556,0.003912,-0.002636,0.008556,-0.004687,-0.001228,0.936513,0.137072,-0.322731,0.000000,0.000000,0.000000,-1,0.943985,0.136139,-0.324646,-0.023426,0.011518,-0.014776,45.002747,218.333633,-600.301453,0,0
1.240000,1.239043,-0.137566,0.033693,0.329884,-0.118609,-0.936541,-0.033368,0.989991,-0.137132,0.943431,0.076488,0.322624,-0.065706,0.578248,-0.026219,0.812788,-0.004656,-0.005648,-0.005785,0.007917,0.002028,-0.002586,0.936541,0.137132,-0.322624,0.000000,0.000000,0.000000,-1,0.941772,0.139496,-0.325165,-0.026682,-0.004417,-0.020018,45.530136,218.861008,-600.469055,0,0
1.280000,1.238371,-0.138112,0.034069,0.330580,-0.118945,-0.936252,-0.033738,0.989903,-0.137674,0.943175,0.077100,0.323229,-0.066045,0.577947,-0.026202,0.812975,-0.013140,-0.000306,-0.002579,0.004818,0.001319,-0.003431,0.936252,0.137674,-0.323229,0.000000,0.000000,0.000000,-1,0.943619,0.136215,-0.326797,-0.036210,0.008354,-0.013600,45.881714,218.861008,-599.463501,0,0
1.320000,1.238497,-0.138196,0.034479,0.330512,-0.118898,-0.936283,-0.034144,0.989877,-0.137757,0.943184,0.077498,0.323107,-0.066196,0.577983,-0.026064,0.812942,-0.015245,0.005019,0.000615,0.005047,-0.001038,-0.001814,0.936283,0.137757,-0.323107,0.000000,0.000000,0.000000,-1,0.941223,0.133377,-0.326569,-0.036180,0.015798,-0.010432,45.881714,217.806259,-599.798706,0,0
1.360000,1.238773,-0.138008,0.035090,0.330319,-0.118541,-0.936396,-0.034750,0.989882,-0.137570,0.943230,0.077981,0.322857,-0.066293,0.578080,-0.025770,0.812874,-0.016293,0.007165,0.003816,0.004217,-0.005094,-0.006122,0.936396,0.137570,-0.322857,0.000000,0.000000,0.000000,-1,0.941101,0.137024,-0.326721,-0.039359,0.017946,-0.007219,45.705917,217.630463,-599.966309,0,0
1.400000,1.239026,-0.137877,0.035827,0.330163,-0.118195,-0.936495,-0.035479,0.989874,-0.137440,0.943257,0.078604,0.322626,-0.066449,0.578162,-0.025441,0.812814,-0.020524,0.013546,0.007023,0.005018,-0.000752,-0.005483,0.936495,0.137440,-0.322626,0.000000,0.000000,0.000000,-1,0.934692,0.137741,-0.323624,-0.042523,0.025391,-0.004027,47.288055,218.509415,-600.469055,0,0
1.440000,1.239898,-0.137936,0.036840,0.329462,-0.117985,-0.936768,-0.036482,0.989830,-0.137499,0.943464,0.079475,0.321807,-0.066755,0.578481,-0.025076,0.812573,-0.023670,0.026294,0.011259,0.001693,0.003523,-0.000367,0.936768,0.137499,-0.321807,0.000000,0.000000,0.000000,-1,0.943665,0.141418,-0.325348,-0.041449,0.028568,-0.004047,46.057510,217.982040,-599.631104,0,0
1.480000,1.240521,-0.138082,0.037527,0.328960,-0.117946,-0.936949,-0.037161,0.989784,-0.137644,0.943612,0.080098,0.321217,-0.067006,0.578707,-0.024860,0.812398,-0.022654,0.014592,0.005965,0.006715,0.003774,-0.004131,0.936949,0.137644,-0.321217,0.000000,0.000000,0.000000,-1,0.947571,0.140701,-0.324173,-0.052197,0.002013,-0.012387,46.584885,218.157837,-600.133911,0,0
1.520000,1.240336,-0.138833,0.039115,0.329349,-0.118111,-0.936792,-0.038729,0.989621,-0.138387,0.943413,0.081859,0.321357,-0.067772,0.578557,-0.024426,0.812454,-0.021678,-0.009817,0.000719,0.006018,0.002253,-0.003640,0.936792,0.138387,-0.321357,0.000000,0.000000,0.000000,-1,0.938965,0.141525,-0.326874,-0.039409,0.004148,-0.010363,46.233292,217.806259,-601.809753,0,0
1.560000,1.240278,-0.138912,0.039306,0.329429,-0.118117,-0.936763,-0.038918,0.989602,-0.138466,0.943378,0.082071,0.321407,-0.067860,0.578525,-0.024370,0.812471,-0.018462,-0.003454,0.001735,0.004750,0.002632,-0.004460,0.936763,0.138466,-0.321407,0.000000,0.000000,0.000000,-1,0.936829,0.140747,-0.324005,-0.040409,0.022193,-0.006162,46.057510,219.388382,-600.636658,0,0
1.600000,1.240976,-0.139124,0.040377,0.328905,-0.118021,-0.936959,-0.039976,0.989531,-0.138676,0.943516,0.083067,0.320744,-0.068247,0.578766,-0.024020,0.812278,-0.022618,0.024160,0.010182,-0.001321,0.002147,-0.001797,0.936959,0.138676,-0.320744,0.000000,0.000000,0.000000,-1,0.940735,0.142960,-0.322037,-0.042468,0.040258,0.000178,45.178543,219.212585,-600.133911,0,0
1.640000,1.242703,-0.139103,0.041441,0.327400,-0.117796,-0.937514,-0.041029,0.989491,-0.138655,0.943995,0.083861,0.319126,-0.068526,0.579432,-0.023641,0.811791,-0.012977,0.042180,0.012166,0.001252,0.001985,-0.004299,0.937514,0.138655,-0.319126,0.000000,0.000000,0.000000,-1,0.941696,0.141678,-0.318832,-0.029616,0.061477,0.004261,45.002747,219.388382,-600.971802,0,0
1.680000,1.244878,-0.138891,0.042019,0.325406,-0.117592,-0.938234,-0.041602,0.989496,-0.138445,0.944659,0.084083,0.317096,-0.068582,0.580300,-0.023420,0.811172,-0.009734,0.057026,0.014212,0.007109,0.004759,-0.002774,0.938234,0.138445,-0.317096,0.000000,0.000000,0.000000,-1,0.944824,0.139908,-0.318970,-0.033896,0.057212,0.001114,45.178543,219.212585,-601.474609,0,0
1.720000,1.246301,-0.138718,0.042523,0.324114,-0.117385,-0.938707,-0.042102,0.989499,-0.138273,0.945081,0.084338,0.315768,-0.068642,0.580865,-0.023213,0.810768,-0.006689,0.014579,0.005824,0.007124,0.001650,-0.004804,0.938707,0.138273,-0.315768,0.000000,0.000000,0.000000,-1,0.945801,0.141403,-0.327164,-0.026599,0.011598,-0.006229,45.354340,218.685211,-599.631104,0,0
1.760000,1.246090,-0.138573,0.042787,0.324338,-0.117145,-0.938660,-0.042364,0.989508,-0.138129,0.944992,0.084566,0.315972,-0.068662,0.580775,-0.023057,0.810836,-0.006711,0.006108,0.006920,0.005936,0.000863,-0.009422,0.938660,0.138129,-0.315972,0.000000,0.000000,0.000000,-1,0.941391,0.141922,-0.318237,-0.027648,0.015845,-0.005172,46.057510,217.982040,-600.636658,0,0
1.800000,1.246314,-0.138585,0.043103,0.324164,-0.117074,-0.938729,-0.042676,0.989493,-0.138142,0.945038,0.084842,0.315762,-0.068757,0.580854,-0.022940,0.810774,-0.004552,0.013547,0.010067,0.001777,0.005260,-0.002277,0.938729,0.138142,-0.315762,0.000000,0.000000,0.000000,-1,0.940186,0.142319,-0.316818,-0.027621,0.022229,-0.002000,45.881714,219.212585,-599.798706,0,0
1.840000,1.247021,-0.138533,0.043458,0.323535,-0.116970,-0.938958,-0.043028,0.989485,-0.138090,0.945237,0.085079,0.315100,-0.068831,0.581130,-0.022805,0.810574,-0.005592,0.023068,0.008970,0.001166,0.005571,-0.000299,0.938958,0.138090,-0.315100,0.000000,0.000000,0.000000,-1,0.941406,0.145050,-0.317856,-0.023334,0.031760,-0.002069,46.584885,217.806259,-601.809753,0,0
1.880000,1.248100,-0.138563,0.043731,0.322548,-0.117002,-0.939294,-0.043298,0.989469,-0.138120,0.945562,0.085220,0.314085,-0.068910,0.581557,-0.022741,0.810263,-0.003444,0.028380,0.011055,0.004645,0.005007,-0.005083,0.939294,0.138120,-0.314085,0.000000,0.000000,0.000000,-1,0.945938,0.142059,-0.318542,-0.024370,0.040244,-0.001027,45.881714,218.861008,-600.469055,0,0
1.920000,1.249011,-0.138371,0.043908,0.321700,-0.116843,-0.939605,-0.043474,0.989487,-0.137930,0.945843,0.085221,0.313238,-0.068873,0.581926,-0.022644,0.810004,-0.002368,0.031565,0.012098,0.007768,0.002283,-0.006601,0.939605,0.137930,-0.313238,0.000000,0.000000,0.000000,-1,0.944748,0.137009,-0.320892,-0.022229,0.042381,0.001079,45.178543,218.157837,-601.139404,0,0
1.960000,1.250199,-0.137820,0.044046,0.320569,-0.116382,-0.940048,-0.043614,0.989557,-0.137384,0.946220,0.085040,0.312146,-0.068677,0.582418,-0.022468,0.809672,0.001935,0.043239,0.015218,0.005142,-0.000086,-0.005023,0.940048,0.137384,-0.312146,0.000000,0.000000,0.000000,-1,0.945145,0.138565,-0.318237,-0.015804,0.051941,0.004189,47.112259,219.739960,-600.971802,0,0
2.000000,1.251488,-0.137221,0.043983,0.319317,-0.115949,-0.940528,-0.043556,0.989642,-0.136791,0.946647,0.084645,0.310959,-0.068403,0.582959,-0.022363,0.809308,0.006159,0.034720,0.010955,0.003167,0.002339,-0.009293,0.940528,0.136791,-0.310959,0.000000,0.000000,0.000000,-1,0.942764,0.140884,-0.317047,-0.009469,0.040220,-0.003273,46.584885,218.157837,-598.122803,0,0
2.040000,1.252241,-0.137115,0.043626,0.318558,-0.116026,-0.940776,-0.043203,0.989672,-0.136686,0.946918,0.084186,0.310255,-0.068247,0.583279,-0.022502,0.809087,0.012534,0.032571,0.008777,0.003377,0.004687,-0.009416,0.940776,0.136686,-0.310256,0.000000,0.000000,0.000000,-1,0.943588,0.138123,-0.318832,-0.009479,0.035993,-0.002192,46.584885,219.212585,-600.804260,0,0
2.080000,1.252673,-0.136706,0.043379,0.318104,-0.115756,-0.940962,-0.042961,0.989738,-0.136280,0.947082,0.083776,0.309867,-0.068005,0.583474,-0.022496,0.808967,0.009330,0.026240,0.012021,0.003541,-0.000401,-0.008889,0.940962,0.136280,-0.309867,0.000000,0.000000,0.000000,-1,0.937637,0.134659,-0.314392,-0.012675,0.033896,-0.000029,46.233292,219.564178,-601.139404,0,0
2.120000,1.253586,-0.135763,0.043063,0.317164,-0.115046,-0.941367,-0.042654,0.989880,-0.135346,0.947411,0.083080,0.309047,-0.067523,0.583881,-0.022379,0.808717,0.012605,0.046420,0.019377,-0.005698,-0.000626,-0.006596,0.941367,0.135346,-0.309047,0.000000,0.000000,0.000000,-1,0.942169,0.130096,-0.313660,-0.007229,0.068905,0.006190,45.881714,218.157837,-599.463501,0,0
2.160000,1.255510,-0.134645,0.042739,0.315258,-0.114256,-0.942103,-0.042339,0.990044,-0.134238,0.948061,0.082208,0.307282,-0.066955,0.584702,-0.022247,0.808174,0.012637,0.058044,0.017206,0.005010,-0.001655,-0.009689,0.942103,0.134238,-0.307282,0.000000,0.000000,0.000000,-1,0.951370,0.134491,-0.320618,-0.004066,0.060411,0.004066,47.991211,218.861008,-600.133911,0,0
2.200000,1.256583,-0.133774,0.042005,0.314122,-0.113755,-0.942543,-0.041617,0.990191,-0.133376,0.948470,0.081122,0.306307,-0.066378,0.585184,-0.022324,0.807871,0.025329,0.034669,0.010804,0.009651,0.003740,-0.014799,0.942543,0.133376,-0.306307,0.000000,0.000000,0.000000,-1,0.947693,0.134674,-0.316772,0.000087,0.030695,-0.002246,44.651169,217.630463,-599.631104,0,0
2.240000,1.256907,-0.133220,0.041208,0.313703,-0.113509,-0.942712,-0.040831,0.990298,-0.132826,0.948643,0.080160,0.306024,-0.065917,0.585357,-0.022493,0.807779,0.008230,0.016615,0.006741,0.004798,0.003572,-0.009573,0.942712,0.132826,-0.306024,0.000000,0.000000,0.000000,-1,0.949097,0.137756,-0.314865,-0.013799,0.021107,-0.008495,46.409088,218.685211,-599.966309,0,0
2.280000,1.256892,-0.133246,0.041023,0.313697,-0.113590,-0.942704,-0.040648,0.990302,-0.132852,0.948653,0.079995,0.306038,-0.065874,0.585356,-0.022575,0.807780,0.001831,0.007040,0.001474,0.003646,0.004630,-0.008980,0.942704,0.132852,-0.306038,0.000000,0.000000,0.000000,-1,0.948456,0.131226,-0.311768,-0.022365,0.009410,-0.013711,46.233292,218.157837,-601.474609,0,0
2.320000,1.256679,-0.133233,0.041031,0.313899,-0.113559,-0.942641,-0.040656,0.990303,-0.132840,0.948585,0.080022,0.306239,-0.065873,0.585270,-0.022561,0.807843,-0.004594,-0.002524,-0.001636,0.005815,-0.001614,-0.005529,0.942641,0.132840,-0.306239,0.000000,0.000000,0.000000,-1,0.944901,0.122360,-0.312103,-0.026635,0.003086,-0.010458,46.233292,217.454666,-600.804260,0,0
2.360000,1.256179,-0.132150,0.041336,0.314366,-0.112403,-0.942624,-0.040964,0.990434,-0.131766,0.948418,0.080036,0.306754,-0.065531,0.585088,-0.022103,0.808015,-0.001348,0.003924,0.008982,0.002902,-0.011816,-0.004281,0.942624,0.131766,-0.306754,0.000000,0.000000,0.000000,-1,0.943970,0.124481,-0.314697,-0.016984,0.019049,-0.002070,45.705917,219.388382,-599.631104,0,0
2.400000,1.256252,-0.131189,0.041184,0.314242,-0.111552,-0.942766,-0.040818,0.990566,-0.130813,0.948465,0.079589,0.306724,-0.065099,0.585150,-0.021885,0.808012,0.013653,0.027294,0.017307,0.002714,-0.003799,-0.008797,0.942766,0.130813,-0.306724,0.000000,0.000000,0.000000,-1,0.944504,0.125519,-0.314636,-0.004087,0.049859,0.008367,46.057510,217.982040,-598.625610,0,0
2.440000,1.257862,-0.129778,0.040885,0.312627,-0.110443,-0.943433,-0.040530,0.990762,-0.129414,0.949011,0.078696,0.305263,-0.064425,0.585848,-0.021643,0.807566,0.006347,0.054838,0.023643,0.001513,-0.006337,-0.008122,0.943433,0.129414,-0.305263,0.000000,0.000000,0.000000,-1,0.947998,0.121307,-0.306030,-0.024299,0.048884,0.017050,46.409088,218.333633,-599.966309,0,0
2.480000,1.260191,-0.127614,0.041303,0.310378,-0.108454,-0.944406,-0.040955,0.991023,-0.127268,0.949731,0.078180,0.303149,-0.063651,0.586834,-0.020912,0.806931,0.005331,0.056052,0.040699,0.005209,-0.005472,-0.010678,0.944406,0.127268,-0.303149,0.000000,0.000000,0.000000,-1,0.955048,0.119797,-0.325989,-0.014655,0.059582,0.028654,49.045975,218.157837,-599.798706,0,0
2.520000,1.260748,-0.126047,0.041268,0.309784,-0.107030,-0.944764,-0.040929,0.991222,-0.125713,0.949926,0.077612,0.302684,-0.063004,0.587102,-0.020483,0.806798,0.015946,0.047523,0.036391,0.010864,-0.003399,-0.027837,0.944764,0.125713,-0.302684,0.000000,0.000000,0.000000,-1,0.965057,0.120956,-0.327942,-0.000951,0.029745,0.009484,46.409088,217.982040,-599.295959,0,0
2.560000,1.260030,-0.124710,0.040742,0.310358,-0.105876,-0.944705,-0.040414,0.991410,-0.124387,0.949760,0.076784,0.303414,-0.062319,0.586864,-0.020279,0.807029,0.008219,-0.021593,0.009016,0.013974,-0.001936,-0.021141,0.944705,0.124387,-0.303414,0.000000,0.000000,0.000000,-1,0.944824,0.120865,-0.319138,-0.010759,-0.031831,-0.006189,47.463837,219.388382,-599.295959,0,0
2.600000,1.257035,-0.123950,0.040095,0.313104,-0.105131,-0.943882,-0.039777,0.991530,-0.123633,0.948886,0.076255,0.306270,-0.061853,0.585695,-0.020223,0.807915,0.019985,-0.025959,0.007850,-0.008381,0.000711,-0.017903,0.943882,0.123633,-0.306270,0.000000,0.000000,0.000000,-1,0.932693,0.118927,-0.332397,-0.004323,-0.016994,-0.005229,47.639633,217.806259,-599.798706,0,0
2.640000,1.254578,-0.123453,0.039704,0.315375,-0.104599,-0.943185,-0.039391,0.991607,-0.123140,0.948149,0.075989,0.308607,-0.061563,0.584728,-0.020160,0.808639,-0.002460,-0.052479,0.004930,-0.009347,-0.007799,-0.029787,0.943185,0.123140,-0.308607,0.000000,0.000000,0.000000,-1,0.933334,0.112534,-0.332108,-0.058833,-0.076401,-0.016303,46.936462,217.806259,-600.133911,0,0
2.680000,1.250952,-0.123353,0.040520,0.318892,-0.103967,-0.942071,-0.040201,0.991587,-0.123040,0.946938,0.077109,0.312030,-0.061797,0.583238,-0.019688,0.809708,-0.060105,-0.093897,-0.006182,-0.008737,-0.010507,-0.020078,0.942071,0.123040,-0.312030,0.000000,0.000000,0.000000,-1,0.953323,0.111710,-0.294418,-0.124981,-0.115632,-0.022034,46.233292,217.103088,-599.128357,0,0
2.720000,1.242997,-0.124852,0.048075,0.327254,-0.102289,-0.939384,-0.047683,0.991070,-0.124528,0.943733,0.085545,0.319454,-0.064673,0.579733,-0.016811,0.812062,-0.172363,-0.271872,0.000659,0.012322,-0.018617,0.048275,0.939384,0.124528,-0.319454,0.000000,0.000000,0.000000,-1,0.946869,0.100250,-0.257385,-0.176527,-0.274342,-0.005060,46.233292,219.212585,-599.463501,0,0
2.760000,1.235419,-0.125808,0.052062,0.334846,-0.101197,-0.936823,-0.051628,0.990752,-0.125476,0.940857,0.090381,0.326525,-0.066273,0.576494,-0.015219,0.814267,-0.100881,-0.242027,0.022365,0.007315,-0.025958,0.070177,0.936823,0.125476,-0.326525,0.000000,0.000000,0.000000,-1,0.942261,0.104782,-0.259598,-0.093993,-0.118374,0.025675,46.584885,219.564178,-599.798706,0,0
2.800000,1.233239,-0.124907,0.055648,0.337209,-0.098950,-0.936215,-0.055186,0.990673,-0.124583,0.939811,0.093677,0.328603,-0.066956,0.575513,-0.013426,0.814936,-0.075408,0.062200,0.047665,0.003390,0.004507,0.072484,0.936215,0.124583,-0.328603,0.000000,0.000000,0.000000,-1,0.945923,0.146088,-0.267029,-0.100327,0.238716,0.041431,44.651169,218.685211,-599.966309,0,0
2.840000,1.245302,-0.123589,0.060318,0.326237,-0.097312,-0.940266,-0.059821,0.990568,-0.123274,0.943393,0.096465,0.317338,-0.067695,0.580300,-0.011550,0.811502,-0.081146,0.264645,0.062931,0.006847,0.012422,0.031984,0.940266,0.123274,-0.317338,0.000000,0.000000,0.000000,-1,0.945724,0.122223,-0.308960,-0.101283,0.264254,0.054126,46.584885,219.915756,-600.133911,0,0
2.880000,1.253438,-0.122369,0.063219,0.318761,-0.096022,-0.942959,-0.062704,0.990540,-0.122064,0.945759,0.098037,0.309724,-0.068002,0.583535,-0.010294,0.809170,-0.072630,0.257309,0.071415,0.007099,-0.001153,-0.012877,0.942959,0.122064,-0.309724,0.000000,0.000000,0.000000,-1,0.957947,0.132446,-0.347015,-0.069224,0.295049,0.063350,46.057510,219.739960,-598.960754,0,0
2.920000,1.262214,-0.120688,0.065394,0.310555,-0.094616,-0.945835,-0.064872,0.990604,-0.120395,0.948339,0.098747,0.301499,-0.067918,0.587058,-0.009219,0.806638,-0.035152,0.314347,0.077242,0.012112,0.012051,-0.045517,0.945835,0.120395,-0.301499,0.000000,0.000000,0.000000,-1,0.970200,0.134918,-0.334839,-0.049875,0.354376,0.065108,46.760681,219.036804,-599.966309,0,0
2.960000,1.283322,-0.117105,0.068898,0.290572,-0.092258,-0.952395,-0.068372,0.990795,-0.116838,0.954407,0.099067,0.281590,-0.067431,0.595532,-0.007460,0.800462,-0.060876,0.268692,0.064829,0.023817,-0.000322,-0.022518,0.952395,0.116838,-0.281590,0.000000,0.000000,0.000000,-1,0.972473,0.111618,-0.291458,-0.089755,0.210156,0.045717,46.057510,219.388382,-598.960754,0,0
3.000000,1.287944,-0.116058,0.071330,0.286311,-0.091023,-0.953803,-0.070790,0.990747,-0.115798,0.955518,0.100674,0.277218,-0.067723,0.597331,-0.006330,0.799105,-0.066889,0.051442,0.051840,0.017007,-0.005584,-0.012729,0.953803,0.115798,-0.277218,0.000000,0.000000,0.000000,-1,0.957123,0.102783,-0.299622,-0.081968,-0.026103,0.039085,47.815430,219.388382,-600.301453,0,0
3.040000,1.287308,-0.114604,0.074383,0.287092,-0.088699,-0.953788,-0.073827,0.990693,-0.114353,0.955054,0.103245,0.277872,-0.068057,0.597019,-0.004652,0.799321,-0.072389,-0.015437,0.048872,-0.000266,-0.012715,-0.031088,0.953787,0.114353,-0.277872,0.000000,0.000000,0.000000,-1,0.947037,0.102631,-0.333374,-0.099963,0.015139,0.031613,49.045975,220.267349,-600.469055,0,0
3.080000,1.285661,-0.113414,0.078451,0.288933,-0.086223,-0.953459,-0.077867,0.990520,-0.113171,0.954177,0.106942,0.279480,-0.068800,0.596260,-0.002612,0.799833,-0.091541,0.007617,0.024437,-0.008619,-0.008633,-0.057510,0.953459,0.113171,-0.279480,0.000000,0.000000,0.000000,-1,0.944962,0.111923,-0.333359,-0.117087,0.008532,0.004072,46.936462,219.915756,-599.128357,0,0
3.120000,1.285822,-0.113980,0.081529,0.289088,-0.085889,-0.953442,-0.080911,0.990211,-0.113733,0.953877,0.110022,0.279309,-0.069943,0.596199,-0.001556,0.799782,-0.114023,-0.014826,0.002323,-0.009304,0.003820,-0.050266,0.953442,0.113733,-0.279309,0.000000,0.000000,0.000000,-1,0.943329,0.125549,-0.313171,-0.154526,-0.028755,-0.020000,46.760681,219.388382,-598.960754,0,0
3.160000,1.282342,-0.115905,0.084924,0.292850,-0.086338,-0.952252,-0.084253,0.989711,-0.115645,0.952439,0.114097,0.282563,-0.071723,0.594621,-0.000651,0.800800,-0.141842,-0.048871,-0.011189,-0.008924,0.009904,-0.030609,0.952252,0.115645,-0.282562,0.000000,0.000000,0.000000,-1,0.945679,0.124252,-0.306274,-0.180130,-0.040458,-0.026150,46.760681,219.388382,-600.301453,0,0
3.200000,1.278333,-0.120490,0.093909,0.297834,-0.087552,-0.950594,-0.093091,0.988376,-0.120199,0.950068,0.124291,0.286221,-0.076218,0.592520,0.001727,0.801940,-0.182086,0.012335,-0.004815,-0.003146,0.001414,-0.013751,0.950594,0.120199,-0.286221,0.000000,0.000000,0.000000,-1,0.948395,0.120010,-0.299683,-0.205401,0.041240,-0.011346,46.584885,221.322098,-598.458008,0,0
3.240000,1.279452,-0.121922,0.099161,0.297362,-0.087487,-0.950748,-0.098264,0.987701,-0.121621,0.949695,0.129589,0.285108,-0.078348,0.592712,0.003361,0.801588,-0.184019,0.066461,0.007782,-0.008976,-0.002587,-0.013293,0.950748,0.121621,-0.285108,0.000000,0.000000,0.000000,-1,0.937180,0.118103,-0.292236,-0.202982,0.122950,0.005375,47.463837,218.685211,-601.307007,0,0
3.280000,1.284066,-0.123221,0.106106,0.293713,-0.087277,-0.951901,-0.105104,0.986837,-0.122910,0.950098,0.136148,0.280673,-0.080936,0.594233,0.005570,0.800191,-0.169817,0.176695,0.017913,-0.021725,0.003769,-0.005277,0.951901,0.122910,-0.280673,0.000000,0.000000,0.000000,-1,0.920090,0.135437,-0.270050,-0.186644,0.254171,-0.006963,47.991211,221.673676,-599.798706,0,0
3.320000,1.299723,-0.126492,0.113850,0.279841,-0.090342,-0.955786,-0.112697,0.985588,-0.126155,0.953409,0.143017,0.265626,-0.084596,0.600025,0.007026,0.795465,-0.143542,0.428455,-0.000352,-0.044776,0.011937,0.029710,0.955786,0.126155,-0.265626,0.000000,0.000000,0.000000,-1,0.894577,0.146912,-0.202957,-0.149627,0.527391,-0.011470,46.233292,220.267349,-598.458008,0,0
3.360000,1.318142,-0.127527,0.117232,0.262662,-0.093061,-0.960390,-0.116013,0.985071,-0.127182,0.957888,0.144824,0.247945,-0.086090,0.607138,0.007264,0.789886,-0.092600,0.726071,-0.000798,-0.075426,0.028091,0.062276,0.960390,0.127182,-0.247945,0.000000,0.000000,0.000000,-1,0.904785,0.169998,-0.159088,-0.060918,0.972424,0.009611,48.694382,220.267349,-598.458008,0,0
3.400000,1.346312,-0.127294,0.118738,0.235697,-0.096525,-0.967021,-0.117501,0.984925,-0.126951,0.964697,0.143548,0.220802,-0.086559,0.618147,0.006712,0.781253,-0.012614,1.085514,0.041978,-0.062236,0.043047,0.061714,0.967021,0.126951,-0.220802,0.000000,0.000000,0.000000,-1,1.019180,0.128906,-0.134003,0.004147,1.294115,0.093127,51.331268,221.146301,-598.290405,0,0
3.440000,1.398636,-0.122769,0.118706,0.184394,-0.099514,-0.977802,-0.117536,0.985489,-0.122461,0.975799,0.137508,0.170022,-0.084975,0.638567,0.005891,0.764837,0.033559,1.468965,0.160564,0.041379,0.006445,0.036020,0.977801,0.122461,-0.170022,0.000000,0.000000,0.000000,-1,1.020905,0.106964,-0.168701,0.035813,1.475068,0.190213,53.264984,219.915756,-597.452454,0,0
3.480000,1.465040,-0.111754,0.116084,0.117694,-0.097926,-0.988210,-0.115101,0.987074,-0.111522,0.986357,0.126869,0.104901,-0.080185,0.664168,0.005777,0.743248,0.139909,1.008962,0.242427,0.026500,0.005788,-0.082172,0.988210,0.111522,-0.104901,0.000000,0.000000,0.000000,-1,1.016968,0.148926,-0.195236,0.149208,0.581263,0.207598,52.913391,219.915756,-597.117310,0,0
3.520000,1.483744,-0.104714,0.111856,0.098022,-0.093772,-0.990757,-0.111012,0.988307,-0.104523,0.988973,0.120231,0.086466,-0.076237,0.671532,0.005848,0.737020,0.151824,0.414288,0.191298,0.026211,0.044403,-0.108770,0.990757,0.104523,-0.086466,0.000000,0.000000,0.000000,-1,0.991547,0.195175,-0.140182,-0.005131,0.329320,0.105338,55.022903,220.267349,-597.452454,0,0
3.560000,1.495458,-0.102145,0.112304,0.086187,-0.092603,-0.991966,-0.111484,0.988521,-0.101967,0.990022,0.119377,0.074874,-0.075485,0.675918,0.006439,0.733073,-0.140471,0.336884,0.063868,-0.000419,0.093208,-0.065308,0.991966,0.101967,-0.074874,0.000000,0.000000,0.000000,-1,0.922195,0.194534,-0.076309,-0.186174,0.380544,0.028781,54.143936,220.091553,-595.609009,0,0
3.600000,1.515128,-0.102657,0.118435,0.067339,-0.095027,-0.993195,-0.117536,0.987767,-0.102477,0.990783,0.123637,0.055346,-0.077823,0.682840,0.007747,0.726370,-0.026143,0.472416,0.062451,-0.075409,0.099504,-0.007428,0.993195,0.102477,-0.055346,0.000000,0.000000,0.000000,-1,0.920288,0.221039,-0.044235,-0.003556,0.533340,0.061948,56.077652,220.267349,-594.771057,0,0
3.640000,1.538658,-0.101236,0.116392,0.043646,-0.096596,-0.994366,-0.115534,0.988149,-0.101063,0.992344,0.119294,0.031968,-0.076695,0.691472,0.006592,0.718290,0.092726,0.679163,0.087370,-0.066693,0.123943,-0.016951,0.994366,0.101063,-0.031968,0.000000,0.000000,0.000000,-1,0.956818,0.226044,-0.083267,0.089513,0.661659,0.080986,56.253433,221.146301,-595.273804,0,0
3.680000,1.568665,-0.096361,0.110611,0.012739,-0.095388,-0.995359,-0.109873,0.989278,-0.096212,0.993864,0.110589,0.002121,-0.073040,0.702570,0.005116,0.707838,0.135943,0.521488,0.103606,-0.027433,0.120540,-0.109436,0.995359,0.096212,-0.002121,0.000000,0.000000,0.000000,-1,0.976059,0.202652,-0.128784,0.124272,0.520963,0.100420,57.835571,220.267349,-595.776611,0,0
3.720000,1.580688,-0.095670,0.105743,0.000245,-0.096030,-0.995378,-0.105064,0.989867,-0.095524,0.994465,0.104602,-0.009846,-0.071107,0.707013,0.003210,0.703610,0.157431,0.566159,0.127748,-0.014681,0.098568,-0.147099,0.995378,0.095524,0.009846,0.000000,0.000000,0.000000,-1,0.988327,0.182693,-0.126068,0.133326,0.682137,0.119987,59.417694,218.685211,-594.938660,0,0
3.760000,1.598575,-0.092703,0.100878,-0.018315,-0.094861,-0.995322,-0.100274,0.990644,-0.092570,0.994791,0.098110,-0.027655,-0.068368,0.713550,0.001941,0.697258,0.148380,0.738827,0.131424,-0.006995,0.090123,-0.153724,0.995322,0.092570,0.027655,0.000000,0.000000,0.000000,-1,1.013962,0.166336,-0.072906,0.119985,0.846326,0.121605,58.538742,219.564178,-593.430359,0,0
3.800000,1.630945,-0.087750,0.094798,-0.051562,-0.092776,-0.994351,-0.094292,0.991680,-0.087637,0.994208,0.089241,-0.059881,-0.064497,0.725107,0.000553,0.685608,0.152967,0.842679,0.137390,0.019611,0.078699,-0.132788,0.994351,0.087637,0.059881,0.000000,0.000000,0.000000,-1,1.028946,0.153244,-0.036682,0.145250,0.739475,0.135659,58.538742,218.861008,-591.084106,0,0
3.840000,1.662809,-0.081420,0.086340,-0.084557,-0.088608,-0.992471,-0.085947,0.992975,-0.081330,0.992705,0.078422,-0.091579,-0.059260,0.736395,-0.000987,0.673951,0.132684,0.471980,0.138934,0.046653,0.070525,-0.105403,0.992471,0.081330,0.091579,0.000000,0.000000,0.000000,-1,1.033234,0.152588,-0.006531,0.055330,0.261431,0.095535,58.890320,217.454666,-591.754456,0,0
3.880000,1.667805,-0.080351,0.083215,-0.089882,-0.087662,-0.992087,-0.082851,0.993324,-0.080265,0.992500,0.074981,-0.096545,-0.057746,0.738199,-0.001790,0.672105,0.055894,0.117754,0.090768,0.041147,0.072323,-0.103075,0.992087,0.080265,0.096545,0.000000,0.000000,0.000000,-1,1.025314,0.177551,-0.017242,0.028340,-0.174322,0.048373,60.120865,218.333633,-590.916504,0,0
3.920000,1.654664,-0.080983,0.080465,-0.077019,-0.087083,-0.993219,-0.080115,0.993498,-0.080895,0.993806,0.073341,-0.083495,-0.056961,0.733828,-0.002573,0.676939,0.080315,-0.568020,0.041987,0.032095,0.096656,-0.100737,0.993219,0.080895,0.083495,0.000000,0.000000,0.000000,-1,1.126450,0.295929,0.021606,0.124206,-0.818845,-0.008547,58.362946,219.739960,-590.581360,0,0
3.960000,1.616653,-0.081717,0.072693,-0.039797,-0.084654,-0.995615,-0.072386,0.994031,-0.081626,0.996582,0.068820,-0.045687,-0.054450,0.721026,-0.004440,0.690751,0.187560,-0.599501,-0.038626,0.141470,0.227792,-0.022143,0.995615,0.081626,0.045687,0.000000,0.000000,0.000000,-1,1.110840,0.308578,-0.013062,0.150645,-0.472055,-0.075037,57.659775,219.739960,-592.257202,0,0
4.000000,1.599003,-0.085403,0.067023,-0.022429,-0.086963,-0.995959,-0.066729,0.994118,-0.085300,0.997519,0.064546,-0.028100,-0.053742,0.714956,-0.007257,0.697063,0.125263,-0.360859,-0.118936,0.128904,0.215772,-0.032937,0.995959,0.085300,0.028100,0.000000,0.000000,0.000000,-1,1.211349,0.198792,0.006775,0.149775,-0.024383,-0.113994,56.605026,218.333633,-592.257202,0,0
4.040000,1.601711,-0.089886,0.059345,-0.025534,-0.091397,-0.995487,-0.059071,0.994210,-0.089765,0.997927,0.056512,-0.030785,-0.052539,0.715983,-0.011611,0.696041,0.115802,0.324038,-0.046858,0.249966,-0.006864,-0.075081,0.995487,0.089765,0.030785,0.000000,0.000000,0.000000,-1,1.244781,0.000549,-0.034592,0.059544,0.356570,-0.039085,56.956604,217.982040,-590.916504,0,0
4.080000,1.613282,-0.090172,0.057084,-0.037271,-0.092245,-0.995039,-0.056821,0.994315,-0.090050,0.997688,0.053183,-0.042300,-0.051756,0.720050,-0.012800,0.691871,0.069568,0.465615,0.028608,0.222094,-0.110375,-0.065814,0.995039,0.090050,0.042300,0.000000,0.000000,0.000000,-1,1.044968,-0.040237,0.025436,0.060284,0.520594,0.059370,57.835571,217.806259,-591.419312,0,0
4.120000,1.628169,-0.088329,0.054603,-0.052450,-0.091067,-0.994463,-0.054363,0.994617,-0.088214,0.997143,0.049435,-0.057118,-0.050128,0.725290,-0.013367,0.686486,0.079378,0.495781,0.083815,0.050505,-0.128451,-0.031682,0.994463,0.088214,0.057118,0.000000,0.000000,0.000000,-1,0.783295,-0.082321,0.100403,0.064375,0.446660,0.081987,58.011368,217.982040,-590.916504,0,0
4.160000,1.658105,-0.081364,0.048618,-0.083160,-0.085106,-0.992895,-0.048438,0.995514,-0.081274,0.995358,0.041335,-0.086909,-0.045374,0.735796,-0.013570,0.675545,0.085761,0.744771,0.207475,-0.278952,-0.220556,0.068913,0.992895,0.081274,0.086909,0.000000,0.000000,0.000000,-1,0.693161,-0.216965,0.225235,0.051467,0.978761,0.238826,60.472443,217.982040,-588.905457,0,0
4.200000,1.693192,-0.073402,0.045259,-0.118672,-0.078236,-0.989847,-0.045122,0.996286,-0.073336,0.991908,0.035961,-0.121761,-0.041241,0.747783,-0.012495,0.662543,0.111814,1.525316,0.315141,-0.283441,-0.322527,0.146702,0.989846,0.073336,0.121761,0.000000,0.000000,0.000000,-1,0.992325,-0.192200,0.476730,0.237930,1.997504,0.336897,60.824036,217.278885,-587.899902,0,0
4.240000,1.749998,-0.064183,0.036849,-0.175798,-0.069635,-0.981960,-0.036765,0.997264,-0.064138,0.983739,0.024826,-0.177877,-0.034697,0.766639,-0.012820,0.641012,0.288298,2.090405,0.377704,-0.065624,-0.310370,0.261149,0.981960,0.064138,0.177877,0.000000,0.000000,0.000000,-1,1.102325,0.017944,0.451813,0.157684,1.819081,0.397846,60.824036,217.278885,-586.894409,0,0
4.280000,1.827509,-0.045270,0.029835,-0.252484,-0.051326,-0.966239,-0.029800,0.998531,-0.045255,0.967142,0.017368,-0.253642,-0.025630,0.791305,-0.008810,0.610820,-0.317738,0.396494,0.220432,0.099252,0.022739,0.084844,0.966239,0.045255,0.253642,0.000000,0.000000,0.000000,-1,0.977997,0.011688,0.130920,-0.490985,0.143871,0.200353,62.230362,217.278885,-584.883362,0,0
