0.000000,1.614154,1.210288,-1.265587,0.878609,0.322253,-0.352418,0.336447,0.105999,0.935718,0.338894,-0.940700,-0.015290,0.668562,0.246312,-0.005057,0.701662,-0.004420,-0.011098,-0.007170,-0.002702,0.013370,-0.003449,0.352418,-0.935718,0.015290,0.000000,0.000000,0.000000,-1,0.345490,-0.922821,0.013596,-0.004344,-0.106025,-0.002665,143.668930,197.320633,-745.832642,0,0
0.040000,1.613197,1.210143,-1.264807,0.878634,0.322023,-0.352568,0.336493,0.106302,0.935667,0.338785,-0.940745,-0.014958,0.668448,0.246286,-0.005155,0.701779,-0.007603,-0.003677,-0.006103,-0.004332,0.011579,-0.002247,0.352568,-0.935667,0.014958,0.000000,0.000000,0.000000,-1,0.348434,-0.924515,0.013748,-0.009648,-0.100721,-0.000503,143.143311,197.146011,-747.001648,0,0
0.080000,1.612142,1.209985,-1.263807,0.878616,0.321892,-0.352732,0.336529,0.106683,0.935611,0.338797,-0.940746,-0.014592,0.668305,0.246303,-0.005213,0.701909,-0.009732,-0.005798,-0.006071,-0.004679,0.013110,0.000895,0.352732,-0.935611,0.014592,0.000000,0.000000,0.000000,-1,0.345078,-0.918884,0.016754,-0.000084,-0.100723,-0.001672,142.617691,196.272903,-746.166626,0,0
0.120000,1.612090,1.209856,-1.263776,0.878580,0.321857,-0.352853,0.336640,0.106730,0.935565,0.338778,-0.940753,-0.014579,0.668287,0.246338,-0.005265,0.701914,-0.000150,0.001626,-0.005144,-0.007608,0.016757,0.000069,0.352853,-0.935565,0.014579,0.000000,0.000000,0.000000,-1,0.348114,-0.922958,0.014832,-0.002210,-0.100723,-0.001648,143.844131,195.399811,-745.999634,0,0
0.160000,1.610678,1.209517,-1.262407,0.878504,0.321695,-0.353190,0.336796,0.107287,0.935445,0.338821,-0.940745,-0.014093,0.668077,0.246413,-0.005377,0.702086,-0.008672,-0.005802,-0.007144,-0.006267,0.014196,-0.001993,0.353190,-0.935445,0.014093,0.000000,0.000000,0.000000,-1,0.347153,-0.921585,0.011749,-0.009657,-0.107084,-0.001538,143.318527,197.669876,-746.834656,0,0
0.200000,1.609675,1.209381,-1.261582,0.878533,0.321461,-0.353332,0.336829,0.107604,0.935397,0.338714,-0.940789,-0.013744,0.667958,0.246381,-0.005471,0.702209,-0.006535,-0.005798,-0.003977,-0.005569,0.015613,-0.000072,0.353332,-0.935397,0.013744,0.000000,0.000000,0.000000,-1,0.352997,-0.920334,0.012665,-0.001143,-0.106020,0.000491,142.968109,197.320633,-746.166626,0,0
0.240000,1.609288,1.209111,-1.261343,0.878496,0.321279,-0.353588,0.337043,0.107761,0.935302,0.338596,-0.940833,-0.013617,0.667898,0.246415,-0.005612,0.702254,-0.002281,-0.008978,-0.002952,-0.000988,0.015731,-0.001608,0.353588,-0.935302,0.013617,0.000000,0.000000,0.000000,-1,0.352661,-0.918091,0.012955,0.004174,-0.114499,0.002598,143.143311,195.749054,-745.999634,0,0
0.280000,1.607941,1.208595,-1.260854,0.878621,0.320384,-0.354089,0.337450,0.108073,0.935119,0.337865,-0.941103,-0.013159,0.667777,0.246277,-0.006074,0.702413,-0.002307,-0.014289,-0.006133,-0.002877,0.012832,0.002497,0.354089,-0.935119,0.013159,0.000000,0.000000,0.000000,-1,0.349792,-0.925323,0.023529,-0.002229,-0.115569,-0.003709,143.318527,196.971390,-745.498596,0,0
0.320000,1.607371,1.208350,-1.260768,0.878703,0.319897,-0.354326,0.337659,0.108172,0.935032,0.337443,-0.941257,-0.012965,0.667738,0.246188,-0.006321,0.702480,-0.004445,-0.018533,-0.009281,-0.004365,0.011097,0.002767,0.354326,-0.935032,0.012965,0.000000,0.000000,0.000000,-1,0.347336,-0.920609,0.011261,-0.007542,-0.116627,-0.002582,144.895370,196.098282,-746.667603,0,0
0.360000,1.606208,1.208189,-1.260106,0.878829,0.319367,-0.354491,0.337730,0.108442,0.934975,0.337042,-0.941406,-0.012558,0.667635,0.246054,-0.006534,0.702622,-0.007623,-0.016409,-0.006063,-0.005049,0.015618,0.000808,0.354491,-0.934975,0.012558,0.000000,0.000000,0.000000,-1,0.344833,-0.919739,0.015869,-0.002213,-0.110263,-0.000542,144.895370,198.542969,-744.997620,0,0
0.400000,1.607033,1.208245,-1.261398,0.878983,0.319014,-0.354428,0.337820,0.107989,0.934995,0.336551,-0.941578,-0.012849,0.667803,0.245894,-0.006692,0.702517,0.004111,-0.003677,-0.003047,-0.008069,0.010908,0.008925,0.354428,-0.934995,0.012849,0.000000,0.000000,0.000000,-1,0.346481,-0.924988,0.021835,0.005248,-0.100716,0.002524,144.544968,195.749054,-746.667603,0,0
0.440000,1.607250,1.208320,-1.261556,0.878986,0.319087,-0.354355,0.337771,0.107914,0.935022,0.336593,-0.941562,-0.012923,0.667831,0.245892,-0.006649,0.702491,-0.009699,0.004806,-0.002927,-0.008744,0.013208,-0.009093,0.354355,-0.935022,0.012923,0.000000,0.000000,0.000000,-1,0.344772,-0.924850,0.011185,-0.003253,-0.095415,0.002594,142.792908,196.098282,-745.999634,0,0
0.480000,1.607148,1.208549,-1.261272,0.879007,0.319266,-0.354142,0.337536,0.107945,0.935103,0.336774,-0.941497,-0.012879,0.667821,0.245875,-0.006502,0.702508,-0.006500,0.002690,-0.000815,-0.009110,0.011244,0.007369,0.354142,-0.935103,0.012879,0.000000,0.000000,0.000000,-1,0.353806,-0.920822,0.012375,0.002078,-0.096469,0.006795,143.318527,196.971390,-747.168640,0,0
0.520000,1.606594,1.208267,-1.260616,0.878889,0.319291,-0.354413,0.337716,0.108247,0.935003,0.336902,-0.941454,-0.012693,0.667708,0.245993,-0.006556,0.702574,-0.003316,-0.003673,-0.000837,-0.000958,0.017294,-0.006452,0.354413,-0.935003,0.012693,0.000000,0.000000,0.000000,-1,0.356155,-0.920654,0.016617,0.000990,-0.101778,0.001512,142.968109,196.971390,-746.500610,0,0
0.560000,1.606397,1.207982,-1.260516,0.878827,0.319162,-0.354682,0.337960,0.108362,0.934902,0.336819,-0.941485,-0.012632,0.667663,0.246053,-0.006689,0.702595,-0.003325,-0.004737,-0.002968,-0.002494,0.013667,-0.000120,0.354682,-0.934902,0.012632,0.000000,0.000000,0.000000,-1,0.349762,-0.922318,0.007004,-0.004329,-0.107079,0.001595,144.720169,196.622147,-746.166626,0,0
0.600000,1.605317,1.207947,-1.259677,0.878911,0.318879,-0.354728,0.337899,0.108656,0.934889,0.336660,-0.941547,-0.012250,0.667553,0.245965,-0.006767,0.702730,-0.004390,-0.010038,-0.000804,-0.006309,0.012709,-0.002637,0.354728,-0.934889,0.012250,0.000000,0.000000,0.000000,-1,0.351395,-0.919373,0.017105,-0.004318,-0.108134,0.004790,144.194550,197.146011,-745.999634,0,0
0.640000,1.604478,1.207703,-1.259472,0.879045,0.318243,-0.354966,0.338094,0.108795,0.934803,0.336112,-0.941746,-0.011960,0.667497,0.245820,-0.007061,0.702830,-0.002253,-0.012155,0.001299,-0.001969,0.016208,-0.004331,0.354966,-0.934803,0.011960,0.000000,0.000000,0.000000,-1,0.354309,-0.917892,0.010849,-0.001119,-0.106011,0.006873,144.895370,198.193726,-745.665649,0,0
0.680000,1.603573,1.207586,-1.258969,0.879149,0.317820,-0.355087,0.338144,0.108999,0.934761,0.335790,-0.941865,-0.011643,0.667419,0.245709,-0.007228,0.702941,-0.001204,-0.016401,-0.000826,-0.009368,0.013862,-0.001374,0.355087,-0.934761,0.011643,0.000000,0.000000,0.000000,-1,0.348618,-0.922165,0.010727,0.003115,-0.114497,0.003674,144.019348,197.669876,-743.828613,0,0
0.720000,1.603014,1.207634,-1.258866,0.879321,0.317389,-0.355048,0.338090,0.109019,0.934778,0.335395,-0.942008,-0.011443,0.667410,0.245531,-0.007362,0.703011,-0.001208,-0.008984,-0.002984,-0.003943,0.012613,-0.001677,0.355048,-0.934778,0.011443,0.000000,0.000000,0.000000,-1,0.347366,-0.919815,0.008057,-0.007515,-0.101778,0.001606,144.895370,196.796768,-748.337646,0,0
0.760000,1.601471,1.207649,-1.257455,0.879396,0.317178,-0.355051,0.337923,0.109492,0.934783,0.335368,-0.942024,-0.010895,0.667233,0.245454,-0.007375,0.703206,-0.002265,-0.004743,0.000203,-0.007944,0.014343,-0.000519,0.355051,-0.934783,0.010895,0.000000,0.000000,0.000000,-1,0.352325,-0.921463,0.011124,0.004193,-0.110252,0.006834,144.019348,197.320633,-746.834656,0,0
0.800000,1.601654,1.207648,-1.258034,0.879518,0.316841,-0.355050,0.337986,0.109297,0.934783,0.334984,-0.942160,-0.010960,0.667304,0.245326,-0.007518,0.703181,0.004117,-0.006862,0.001204,-0.004387,0.013015,-0.001240,0.355050,-0.934783,0.010960,0.000000,0.000000,0.000000,-1,0.346298,-0.921387,0.007477,-0.003247,-0.102832,0.005818,143.668930,197.320633,-747.168640,0,0
0.840000,1.600799,1.207878,-1.257336,0.879661,0.316674,-0.354844,0.337705,0.109466,0.934865,0.334890,-0.942197,-0.010649,0.667241,0.245181,-0.007476,0.703292,-0.004387,-0.002623,0.002349,-0.011369,0.012959,-0.004058,0.354844,-0.934865,0.010649,0.000000,0.000000,0.000000,-1,0.348297,-0.921524,0.012451,-0.003237,-0.099648,0.007931,144.895370,196.098282,-746.667603,0,0
0.880000,1.600791,1.208146,-1.257536,0.879817,0.316520,-0.354594,0.337489,0.109321,0.934960,0.334698,-0.942265,-0.010639,0.667296,0.245022,-0.007454,0.703296,0.006270,-0.011075,0.003333,-0.006846,0.016045,-0.001133,0.354594,-0.934960,0.010639,0.000000,0.000000,0.000000,-1,0.352631,-0.920929,0.005981,0.009512,-0.111310,0.007844,144.194550,196.796768,-744.997620,0,0
0.920000,1.600727,1.208108,-1.257830,0.879919,0.316197,-0.354630,0.337555,0.109233,0.934946,0.334365,-0.942384,-0.010617,0.667327,0.244914,-0.007592,0.703302,0.006269,-0.007896,0.003315,-0.000321,0.013636,-0.003186,0.354630,-0.934946,0.010617,0.000000,0.000000,0.000000,-1,0.350739,-0.921982,0.007965,0.007392,-0.109188,0.008921,142.617691,196.622147,-746.500610,0,0
0.960000,1.600337,1.208101,-1.257992,0.880098,0.315686,-0.354640,0.337579,0.109180,0.934944,0.333869,-0.942561,-0.010479,0.667345,0.244725,-0.007781,0.703349,0.007313,-0.015324,0.001206,-0.004756,0.013969,-0.003735,0.354640,-0.934944,0.010479,0.000000,0.000000,0.000000,-1,0.350235,-0.921112,0.007706,0.000984,-0.110260,0.001550,142.617691,198.019104,-746.500610,0,0
1.000000,1.599308,1.207955,-1.257467,0.880226,0.315162,-0.354787,0.337651,0.109400,0.934892,0.333456,-0.942711,-0.010118,0.667260,0.244587,-0.007992,0.703475,-0.004381,-0.008914,-0.003987,-0.005468,0.011736,0.000197,0.354787,-0.934892,0.010118,0.000000,0.000000,0.000000,-1,0.348541,-0.920563,0.012589,-0.000081,-0.108141,0.000489,143.668930,197.320633,-745.498596,0,0
1.040000,1.599610,1.207998,-1.258118,0.880345,0.314879,-0.354745,0.337685,0.109168,0.934907,0.333109,-0.942833,-0.010225,0.667346,0.244462,-0.008105,0.703436,0.006274,-0.008905,0.001217,-0.006906,0.014299,0.001571,0.354745,-0.934907,0.010225,0.000000,0.000000,0.000000,-1,0.347336,-0.922104,0.011246,0.004189,-0.106014,0.004687,143.143311,195.749054,-747.001648,0,0
1.080000,1.599863,1.208133,-1.258698,0.880489,0.314621,-0.354615,0.337627,0.108933,0.934955,0.332786,-0.942946,-0.010310,0.667433,0.244312,-0.008177,0.703405,0.008393,-0.007849,-0.000936,-0.006013,0.012852,-0.002452,0.354615,-0.934955,0.010310,0.000000,0.000000,0.000000,-1,0.349380,-0.923340,0.005936,0.009503,-0.102835,0.003551,141.216049,196.272903,-746.834656,0,0
1.120000,1.599703,1.208095,-1.258558,0.880486,0.314589,-0.354653,0.337646,0.108991,0.934942,0.332777,-0.942950,-0.010255,0.667411,0.244315,-0.008195,0.703424,-0.004373,0.005926,-0.005110,-0.006081,0.011236,0.001464,0.354653,-0.934942,0.010255,0.000000,0.000000,0.000000,-1,0.345505,-0.923599,0.011734,-0.000068,-0.095417,0.001495,144.720169,196.971390,-745.832642,0,0
1.160000,1.599880,1.208256,-1.258828,0.880566,0.314536,-0.354501,0.337532,0.108854,0.934999,0.332679,-0.942984,-0.010313,0.667463,0.244234,-0.008173,0.703404,0.005235,-0.007767,0.000208,-0.007211,0.014772,0.000795,0.354501,-0.934999,0.010313,0.000000,0.000000,0.000000,-1,0.351212,-0.920364,0.010483,0.003133,-0.101772,0.005743,144.019348,196.622147,-744.830627,0,0
1.200000,1.599949,1.208167,-1.258972,0.880558,0.314465,-0.354583,0.337627,0.108831,0.934967,0.332604,-0.943010,-0.010340,0.667471,0.244240,-0.008232,0.703393,-0.002211,0.003890,-0.002955,-0.003311,0.011154,-0.001002,0.354583,-0.934967,0.010340,0.000000,0.000000,0.000000,-1,0.348801,-0.923019,0.009338,0.000982,-0.096482,-0.001703,142.792908,197.844482,-746.667603,0,0
1.240000,1.599528,1.208116,-1.258497,0.880532,0.314481,-0.354635,0.337620,0.109006,0.934949,0.332681,-0.942985,-0.010192,0.667405,0.244267,-0.008224,0.703446,-0.002217,0.000707,-0.002938,-0.007833,0.012708,-0.003341,0.354635,-0.934949,0.010192,0.000000,0.000000,0.000000,-1,0.349182,-0.920456,0.011871,-0.002193,-0.099656,0.002601,143.668930,195.923676,-746.500610,0,0
1.280000,1.599514,1.208124,-1.258475,0.880532,0.314488,-0.354628,0.337611,0.109011,0.934952,0.332689,-0.942981,-0.010187,0.667403,0.244267,-0.008218,0.703448,-0.001140,-0.003528,0.001325,-0.004820,0.013550,0.004187,0.354628,-0.934952,0.010187,0.000000,0.000000,0.000000,-1,0.351456,-0.920349,0.009171,0.004188,-0.107074,0.004692,143.143311,197.495255,-747.335632,0,0
1.320000,1.599998,1.207950,-1.259166,0.880530,0.314317,-0.354785,0.337841,0.108827,0.934890,0.332462,-0.943060,-0.010363,0.667470,0.244265,-0.008361,0.703384,0.008420,-0.008831,-0.000887,-0.003330,0.014541,-0.001193,0.354785,-0.934890,0.010363,0.000000,0.000000,0.000000,-1,0.349762,-0.920303,0.002548,0.008420,-0.107082,-0.000673,142.617691,196.622147,-746.166626,0,0
1.360000,1.598894,1.207587,-1.258414,0.880538,0.313898,-0.355136,0.338082,0.109186,0.934761,0.332196,-0.943158,-0.009981,0.667333,0.244249,-0.008594,0.703517,-0.003259,-0.002390,-0.003941,-0.005832,0.012459,-0.003145,0.355136,-0.934761,0.009981,0.000000,0.000000,0.000000,-1,0.350281,-0.919891,0.012878,-0.002198,-0.106017,0.002630,143.143311,196.098282,-745.665649,0,0
1.400000,1.598754,1.207439,-1.258534,0.880572,0.313644,-0.355276,0.338227,0.109188,0.934709,0.331957,-0.943242,-0.009935,0.667330,0.244208,-0.008736,0.703531,-0.001132,-0.014049,-0.001786,-0.002706,0.017030,0.002104,0.355276,-0.934709,0.009935,0.000000,0.000000,0.000000,-1,0.352875,-0.919067,0.007858,0.003100,-0.113443,-0.000586,143.318527,197.320633,-746.500610,0,0
1.440000,1.598332,1.207131,-1.258584,0.880624,0.313168,-0.355567,0.338506,0.109259,0.934599,0.331535,-0.943392,-0.009793,0.667300,0.244146,-0.009003,0.703578,0.000979,-0.012996,-0.006072,-0.002692,0.015532,-0.001935,0.355567,-0.934599,0.009793,0.000000,0.000000,0.000000,-1,0.348999,-0.921036,0.007202,-0.002230,-0.106030,-0.005879,144.720169,196.272903,-746.166626,0,0
1.480000,1.596763,1.206533,-1.257643,0.880646,0.312451,-0.356141,0.338935,0.109750,0.934386,0.331036,-0.943573,-0.009250,0.667111,0.244107,-0.009408,0.703766,-0.005397,-0.011936,-0.004944,-0.008790,0.014632,0.004941,0.356141,-0.934386,0.009250,0.000000,0.000000,0.000000,-1,0.346848,-0.921997,0.014084,-0.000079,-0.110260,0.001562,144.019348,196.272903,-746.834656,0,0
1.520000,1.597423,1.206620,-1.258597,0.880755,0.312243,-0.356054,0.338962,0.109401,0.934417,0.330718,-0.943682,-0.009483,0.667240,0.243992,-0.009493,0.703682,0.009543,-0.010761,-0.000814,-0.006521,0.013549,0.001427,0.356054,-0.934417,0.009483,0.000000,0.000000,0.000000,-1,0.352524,-0.919754,0.007523,0.008435,-0.109196,0.003591,142.792908,195.399811,-745.665649,0,0
1.560000,1.597657,1.206560,-1.259180,0.880839,0.311944,-0.356108,0.339080,0.109221,0.934396,0.330374,-0.943802,-0.009568,0.667305,0.243900,-0.009641,0.703650,0.007414,-0.008643,-0.001865,-0.003584,0.014642,-0.002045,0.356108,-0.934396,0.009568,0.000000,0.000000,0.000000,-1,0.345215,-0.923111,0.011063,0.000986,-0.108139,0.001541,143.844131,197.146011,-746.667603,0,0
1.600000,1.597272,1.206911,-1.259233,0.881102,0.311572,-0.355783,0.338773,0.109102,0.934521,0.329988,-0.943938,-0.009422,0.667350,0.243630,-0.009663,0.703701,0.004230,-0.006523,-0.000768,-0.011148,0.008099,-0.002082,0.355783,-0.934521,0.009422,0.000000,0.000000,0.000000,-1,0.353287,-0.919052,0.007980,0.004193,-0.104952,0.005746,143.318527,197.320633,-745.164612,0,0
1.640000,1.597329,1.206803,-1.259430,0.881108,0.311441,-0.355884,0.338891,0.109067,0.934483,0.329851,-0.943986,-0.009445,0.667362,0.243620,-0.009752,0.703692,0.004230,-0.000164,-0.001862,0.000775,0.016788,0.000916,0.355884,-0.934482,0.009445,0.000000,0.000000,0.000000,-1,0.352371,-0.919800,0.008408,0.004168,-0.107082,-0.000626,144.194550,197.146011,-746.667603,0,0
1.680000,1.597029,1.206470,-1.259470,0.881107,0.311086,-0.356199,0.339180,0.109182,0.934364,0.329414,-0.944140,-0.009255,0.667314,0.243555,-0.010035,0.703756,0.005294,-0.013855,-0.004984,-0.008207,0.013481,-0.005959,0.356199,-0.934364,0.009255,0.000000,0.000000,0.000000,-1,0.349518,-0.923523,0.002655,0.005226,-0.118743,0.000478,143.318527,196.622147,-746.166626,0,0
1.720000,1.595681,1.206448,-1.258814,0.881339,0.310389,-0.356231,0.339139,0.109377,0.934356,0.328977,-0.944296,-0.008866,0.667238,0.243364,-0.010211,0.703891,-0.003209,-0.012795,-0.003829,-0.005065,0.009689,-0.001008,0.356231,-0.934356,0.008866,0.000000,0.000000,0.000000,-1,0.350876,-0.921249,0.009613,-0.004338,-0.108142,-0.000528,144.194550,196.447525,-745.665649,0,0
1.760000,1.595055,1.206204,-1.258439,0.881346,0.310102,-0.356464,0.339315,0.109575,0.934269,0.328778,-0.944368,-0.008649,0.667162,0.243351,-0.010375,0.703966,-0.003221,-0.005381,-0.009180,-0.009525,0.014683,0.004580,0.356464,-0.934269,0.008649,0.000000,0.000000,0.000000,-1,0.349075,-0.920853,0.008072,0.003102,-0.104963,-0.001688,145.070587,197.320633,-744.830627,0,0
1.800000,1.595107,1.206147,-1.258683,0.881385,0.309930,-0.356516,0.339392,0.109508,0.934249,0.328593,-0.944432,-0.008669,0.667185,0.243307,-0.010463,0.703957,0.000003,-0.006327,-0.005996,-0.008021,0.014235,-0.000307,0.356516,-0.934249,0.008669,0.000000,0.000000,0.000000,-1,0.350891,-0.922165,0.009384,0.000982,-0.101781,-0.000615,144.019348,196.622147,-746.834656,0,0
1.840000,1.595046,1.206114,-1.258639,0.881380,0.309907,-0.356548,0.339417,0.109533,0.934237,0.328580,-0.944436,-0.008648,0.667176,0.243311,-0.010480,0.703965,-0.003176,0.002155,-0.004933,-0.006817,0.010989,-0.000134,0.356548,-0.934237,0.008648,0.000000,0.000000,0.000000,-1,0.350769,-0.922028,0.006180,-0.001135,-0.095418,0.000443,144.019348,195.923676,-746.500610,0,0
1.880000,1.594997,1.206046,-1.258416,0.881304,0.310050,-0.356612,0.339453,0.109628,0.934213,0.328748,-0.944378,-0.008632,0.667141,0.243391,-0.010442,0.703971,-0.004232,0.006397,-0.003876,-0.006438,0.013146,0.000996,0.356612,-0.934213,0.008632,0.000000,0.000000,0.000000,-1,0.349258,-0.921402,0.005234,-0.002202,-0.095420,-0.000609,143.143311,197.495255,-746.667603,0,0
1.920000,1.594051,1.205913,-1.257332,0.881234,0.310097,-0.356744,0.339452,0.110034,0.934165,0.328936,-0.944316,-0.008297,0.666989,0.243463,-0.010423,0.704090,-0.004247,0.000031,-0.005973,-0.004434,0.014640,-0.005856,0.356744,-0.934165,0.008297,0.000000,0.000000,0.000000,-1,0.355072,-0.918671,0.009613,-0.003284,-0.098607,-0.004837,143.668930,196.622147,-746.166626,0,0
1.960000,1.593868,1.205392,-1.256943,0.880997,0.310210,-0.357232,0.339872,0.110316,0.933979,0.329138,-0.944246,-0.008243,0.666882,0.243702,-0.010532,0.704108,-0.008514,0.012743,-0.012369,-0.001214,0.017338,0.001080,0.357232,-0.933979,0.008243,0.000000,0.000000,0.000000,-1,0.350739,-0.921722,0.009491,-0.011801,-0.088013,-0.010110,142.617691,196.272903,-746.500610,0,0
2.000000,1.592721,1.204642,-1.255010,0.880520,0.310746,-0.357942,0.340324,0.111190,0.933711,0.329946,-0.943967,-0.007849,0.666554,0.244192,-0.010500,0.704248,-0.013818,0.012842,-0.012291,-0.005158,0.014415,-0.001776,0.357942,-0.933711,0.007849,0.000000,0.000000,0.000000,-1,0.354919,-0.920364,0.004211,-0.016052,-0.091192,-0.008985,144.019348,195.923676,-746.834656,0,0
2.040000,1.590224,1.203917,-1.252407,0.880288,0.310601,-0.358637,0.340676,0.112288,0.933451,0.330201,-0.943885,-0.006968,0.666140,0.244422,-0.010672,0.704558,-0.018108,-0.008372,-0.017469,0.000952,0.012568,-0.001628,0.358637,-0.933451,0.006968,0.000000,0.000000,0.000000,-1,0.358871,-0.915985,0.005234,-0.016086,-0.110284,-0.014217,144.019348,196.622147,-745.164612,0,0
2.080000,1.588189,1.203060,-1.250523,0.880083,0.310240,-0.359450,0.341223,0.113181,0.933143,0.330182,-0.943897,-0.006252,0.665799,0.244617,-0.010990,0.704807,-0.023426,-0.004134,-0.018497,0.000505,0.018425,0.000111,0.359450,-0.933143,0.006252,0.000000,0.000000,0.000000,-1,0.351562,-0.918488,0.012375,-0.022460,-0.098623,-0.015263,144.369751,196.622147,-746.834656,0,0
2.120000,1.587739,1.202450,-1.249601,0.879738,0.310558,-0.360022,0.341659,0.113675,0.932924,0.330653,-0.943733,-0.006100,0.665613,0.244968,-0.011031,0.704860,-0.008506,0.011778,-0.013414,-0.011846,0.014971,0.003726,0.360022,-0.932924,0.006100,0.000000,0.000000,0.000000,-1,0.353561,-0.920715,-0.002045,-0.006471,-0.085888,-0.006987,142.968109,196.971390,-745.832642,0,0
2.160000,1.585615,1.202201,-1.247080,0.879572,0.310743,-0.360266,0.341591,0.114610,0.932835,0.331162,-0.943559,-0.005339,0.665263,0.245141,-0.010937,0.705132,-0.010616,0.002345,-0.007999,-0.003622,0.009678,-0.007277,0.360266,-0.932834,0.005339,0.000000,0.000000,0.000000,-1,0.359848,-0.920532,-0.002579,-0.008594,-0.096485,-0.003725,144.019348,196.971390,-745.164612,0,0
2.200000,1.583840,1.201721,-1.245171,0.879403,0.310692,-0.360723,0.341796,0.115405,0.932661,0.331399,-0.943479,-0.004705,0.664963,0.245310,-0.011024,0.705355,-0.018076,0.004457,-0.012184,-0.000737,0.014387,-0.004171,0.360723,-0.932661,0.004705,0.000000,0.000000,0.000000,-1,0.356598,-0.915558,0.003525,-0.020305,-0.092252,-0.008933,144.895370,196.447525,-744.329590,0,0
2.240000,1.582217,1.200760,-1.243292,0.879029,0.310701,-0.361626,0.342427,0.116336,0.932314,0.331741,-0.943361,-0.004130,0.664610,0.245681,-0.011241,0.705555,-0.008537,-0.002975,-0.018642,-0.003075,0.018099,-0.000544,0.361626,-0.932314,0.004130,0.000000,0.000000,0.000000,-1,0.359009,-0.918045,-0.011551,-0.006518,-0.110284,-0.014322,142.442490,196.447525,-745.999634,0,0
2.280000,1.576195,1.199170,-1.237802,0.878778,0.309659,-0.363126,0.343184,0.118698,0.931738,0.331623,-0.943410,-0.001960,0.663709,0.245907,-0.011866,0.706314,-0.030922,-0.009251,-0.031102,-0.003217,0.010565,-0.006721,0.363126,-0.931738,0.001960,0.000000,0.000000,0.000000,-1,0.357910,-0.919266,-0.004730,-0.033138,-0.107121,-0.025744,143.143311,195.749054,-747.669678,0,0
2.320000,1.573694,1.198573,-1.235361,0.878647,0.309373,-0.363686,0.343418,0.119718,0.931521,0.331727,-0.943375,-0.001054,0.663322,0.246031,-0.012045,0.706631,-0.036234,-0.007130,-0.029989,-0.006035,0.014758,-0.006135,0.363686,-0.931521,0.001054,0.000000,0.000000,0.000000,-1,0.362213,-0.915314,-0.007660,-0.037389,-0.106060,-0.025702,143.318527,198.019104,-746.834656,0,0
2.360000,1.567768,1.196760,-1.229447,0.878163,0.308759,-0.365374,0.344295,0.122313,0.930860,0.332101,-0.943243,0.001107,0.662334,0.246497,-0.012559,0.707386,-0.024536,-0.007129,-0.027994,-0.003328,0.016783,0.000313,0.365374,-0.930860,-0.001107,0.000000,0.000000,0.000000,-1,0.357468,-0.915787,0.004044,-0.003332,-0.110285,-0.015421,144.194550,196.447525,-745.331604,0,0
2.400000,1.567403,1.196274,-1.229529,0.878142,0.308283,-0.365825,0.344731,0.122436,0.930683,0.331704,-0.943383,0.001241,0.662281,0.246502,-0.012880,0.707428,0.010610,-0.020883,-0.009170,-0.013378,0.014179,-0.003123,0.365825,-0.930683,-0.001241,0.000000,0.000000,0.000000,-1,0.357101,-0.916931,-0.008636,0.011611,-0.127220,0.003637,143.844131,197.844482,-746.333618,0,0
2.440000,1.566242,1.196342,-1.229430,0.878520,0.307282,-0.365761,0.344659,0.122449,0.930707,0.330777,-0.943707,0.001666,0.662270,0.246101,-0.013206,0.707572,0.008530,-0.038783,0.006924,-0.001060,0.011213,-0.005811,0.365761,-0.930707,-0.001666,0.000000,0.000000,0.000000,-1,0.375305,-0.911392,-0.011734,0.008448,-0.144167,0.014386,143.493729,196.447525,-745.999634,0,0
2.480000,1.563328,1.195804,-1.228595,0.879039,0.305200,-0.366255,0.345028,0.122904,0.930511,0.329006,-0.944324,0.002735,0.662080,0.245525,-0.014065,0.707933,0.005323,-0.058928,0.008104,0.008257,0.023025,-0.012997,0.366255,-0.930511,-0.002735,0.000000,0.000000,0.000000,-1,0.383408,-0.903900,-0.011627,0.007355,-0.168557,0.011317,143.668930,196.971390,-745.164612,0,0
2.520000,1.558631,1.194061,-1.228450,0.879929,0.300674,-0.367859,0.346538,0.123499,0.929871,0.325018,-0.945697,0.004475,0.661807,0.244486,-0.016183,0.708502,0.018017,-0.102410,0.001756,0.016739,0.020477,-0.002773,0.367859,-0.929871,-0.004475,0.000000,0.000000,0.000000,-1,0.377594,-0.917786,0.001221,0.026429,-0.203558,0.001691,145.245789,197.495255,-747.001648,0,0
2.560000,1.558519,1.193368,-1.232433,0.880915,0.296975,-0.368503,0.347635,0.122331,0.929616,0.321152,-0.947017,0.004525,0.662204,0.243358,-0.017876,0.708479,0.028654,-0.094989,0.000535,-0.004001,0.010289,0.005822,0.368503,-0.929616,-0.004525,0.000000,0.000000,0.000000,-1,0.352844,-0.919434,-0.002411,0.029636,-0.196131,0.004813,143.318527,198.368347,-746.500610,0,0
2.600000,1.558454,1.194260,-1.236523,0.882453,0.293416,-0.367674,0.347349,0.120637,0.929944,0.317216,-0.948343,0.004538,0.662812,0.241685,-0.019032,0.708454,0.047828,-0.098054,0.007844,-0.020048,0.018582,0.004492,0.367674,-0.929944,-0.004538,0.000000,0.000000,0.000000,-1,0.359161,-0.915375,-0.014191,0.062651,-0.188689,0.018244,143.668930,195.923676,-746.834656,0,0
2.640000,1.559595,1.194948,-1.240749,0.883566,0.290850,-0.367038,0.347250,0.118960,0.930197,0.314210,-0.949345,0.004112,0.663418,0.240459,-0.019908,0.708279,0.053168,-0.084266,0.011980,-0.007877,0.014822,-0.010079,0.367038,-0.930197,-0.004112,0.000000,0.000000,0.000000,-1,0.362000,-0.922379,-0.019653,0.036035,-0.179165,0.006794,143.668930,196.622147,-747.168640,0,0
2.680000,1.556268,1.195236,-1.241808,0.885011,0.286787,-0.366755,0.347123,0.118506,0.930302,0.310261,-0.950636,0.005329,0.663546,0.238834,-0.021285,0.708669,0.014834,-0.074752,-0.002530,-0.010478,0.007618,-0.017910,0.366755,-0.930302,-0.005329,0.000000,0.000000,0.000000,-1,0.356689,-0.915665,-0.024628,0.014753,-0.173874,0.000622,146.121811,197.320633,-746.166626,0,0
2.720000,1.552625,1.195361,-1.240682,0.885859,0.284335,-0.366617,0.346878,0.118859,0.930348,0.308106,-0.951329,0.006663,0.663389,0.237875,-0.022050,0.709116,0.010550,-0.080065,-0.007775,-0.009927,0.014684,-0.017965,0.366617,-0.930348,-0.006663,0.000000,0.000000,0.000000,-1,0.363190,-0.918289,-0.018814,0.015766,-0.186612,-0.009969,143.668930,198.019104,-747.168640,0,0
2.760000,1.546014,1.194118,-1.238688,0.886889,0.279660,-0.367721,0.347734,0.119927,0.929891,0.304153,-0.952580,0.009115,0.662919,0.236603,-0.023973,0.709917,0.005098,-0.080036,-0.047008,-0.009674,0.005804,-0.010065,0.367721,-0.929891,-0.009115,0.000000,0.000000,0.000000,-1,0.350784,-0.926117,-0.031693,0.024129,-0.175010,-0.050535,143.318527,197.669876,-745.498596,0,0
2.800000,1.541792,1.192742,-1.238379,0.887601,0.275744,-0.368958,0.348906,0.120452,0.929385,0.300714,-0.953654,0.010704,0.662655,0.235662,-0.025746,0.710415,0.044336,-0.101274,-0.065418,-0.016434,-0.001753,-0.029564,0.368958,-0.929385,-0.010704,0.000000,0.000000,0.000000,-1,0.356293,-0.914474,-0.051056,0.044255,-0.208956,-0.063368,142.968109,196.622147,-746.834656,0,0
2.840000,1.536149,1.191131,-1.236659,0.888255,0.271692,-0.370387,0.350113,0.121543,0.928789,0.297363,-0.954678,0.012838,0.662169,0.234761,-0.027570,0.711097,0.015582,-0.114012,-0.071422,-0.014095,0.014314,-0.038218,0.370387,-0.928789,-0.012838,0.000000,0.000000,0.000000,-1,0.352509,-0.916077,-0.070816,0.001700,-0.204728,-0.071428,143.668930,197.669876,-746.166626,0,0
2.880000,1.515450,1.187297,-1.223309,0.889437,0.263305,-0.373595,0.351804,0.127418,0.927361,0.291782,-0.956261,0.020698,0.659796,0.233068,-0.030999,0.713714,-0.027137,-0.186161,-0.097213,-0.009520,0.016411,-0.052620,0.373595,-0.927361,-0.020698,0.000000,0.000000,0.000000,-1,0.385178,-0.884323,-0.061768,-0.015485,-0.305487,-0.097376,145.070587,196.272903,-746.500610,0,0
2.920000,1.502525,1.181869,-1.219948,0.890370,0.253223,-0.378312,0.356096,0.130327,0.925317,0.283616,-0.958589,0.025868,0.658440,0.231349,-0.035955,0.715291,0.043892,-0.253014,-0.132806,0.012999,0.050439,-0.033489,0.378312,-0.925316,-0.025868,0.000000,0.000000,0.000000,-1,0.409119,-0.881699,-0.071121,0.053394,-0.370230,-0.144647,144.895370,197.495255,-745.665649,0,0
2.960000,1.496547,1.176352,-1.223071,0.890843,0.243985,-0.383237,0.361295,0.130953,0.923210,0.275436,-0.960897,0.028507,0.657910,0.230001,-0.040963,0.715944,0.045822,-0.311323,-0.183553,0.025882,0.041512,-0.042614,0.383237,-0.923210,-0.028507,0.000000,0.000000,0.000000,-1,0.347076,-0.901596,-0.053726,0.041502,-0.404226,-0.190102,145.771408,198.368347,-746.500610,0,0
3.000000,1.491568,1.169695,-1.231147,0.891682,0.231129,-0.389208,0.368128,0.130075,0.920631,0.263411,-0.964189,0.030901,0.657781,0.227757,-0.047811,0.716355,0.105825,-0.190310,-0.083699,-0.077303,0.023659,-0.021925,0.389208,-0.920631,-0.030901,0.000000,0.000000,0.000000,-1,0.321899,-0.899673,-0.080246,0.128242,-0.304346,-0.044716,145.771408,198.019104,-747.168640,0,0
3.040000,1.496163,1.168614,-1.245161,0.893277,0.222920,-0.390338,0.370857,0.125222,0.920209,0.254012,-0.966761,0.029186,0.659331,0.225144,-0.051691,0.715487,0.153847,-0.205077,-0.033103,-0.064990,0.015836,-0.043476,0.390338,-0.920209,-0.029186,0.000000,0.000000,0.000000,-1,0.336914,-0.917801,-0.036560,0.155947,-0.262985,-0.036698,144.194550,196.796768,-746.333618,0,0
3.080000,1.507508,1.167427,-1.260677,0.893417,0.219889,-0.391734,0.373795,0.119786,0.919744,0.249166,-0.968143,0.024825,0.661212,0.224468,-0.053904,0.713798,0.149862,0.050466,-0.028809,-0.060145,0.008580,-0.001740,0.391734,-0.919744,-0.024825,0.000000,0.000000,0.000000,-1,0.295990,-0.926514,0.030548,0.166946,0.045589,-0.002046,145.420990,197.669876,-746.166626,0,0
3.120000,1.529640,1.168065,-1.278529,0.892089,0.225448,-0.391601,0.375312,0.112925,0.919994,0.251633,-0.967688,0.016126,0.663897,0.226225,-0.052707,0.710834,0.230037,0.188426,0.059037,-0.112990,0.005458,0.076367,0.391601,-0.919994,-0.016126,0.000000,0.000000,0.000000,-1,0.292892,-0.894531,0.082184,0.283361,0.122114,0.122908,145.070587,199.066833,-745.498596,0,0
3.160000,1.570958,1.176438,-1.312698,0.892622,0.235807,-0.384216,0.371490,0.098068,0.923243,0.255386,-0.966839,-0.000062,0.669816,0.226665,-0.048084,0.705448,0.400074,0.247118,0.311126,-0.040481,0.013301,0.072295,0.384216,-0.923243,0.000062,0.000000,0.000000,0.000000,-1,0.492310,-0.917633,0.078308,0.419190,0.080043,0.346045,145.070587,198.019104,-746.166626,0,0
3.200000,1.617916,1.189066,-1.358429,0.896238,0.241431,-0.372114,0.364158,0.078519,0.928021,0.253271,-0.967236,-0.017547,0.677360,0.223511,-0.043863,0.699502,0.437013,0.079548,0.273181,0.251498,0.061582,0.084611,0.372114,-0.928021,0.017547,0.000000,0.000000,0.000000,-1,0.594376,-0.854721,0.124741,0.404711,0.155031,0.155461,145.420990,199.066833,-744.830627,0,0
3.240000,1.669984,1.194184,-1.401888,0.895530,0.253172,-0.365965,0.362538,0.061825,0.929916,0.258054,-0.965444,-0.036419,0.683762,0.225119,-0.039455,0.692989,0.345316,0.502450,0.102184,0.176546,0.058105,0.092762,0.365965,-0.929916,0.036419,0.000000,0.000000,0.000000,-1,0.434525,-0.901352,0.115326,0.343091,0.497391,0.097154,144.895370,199.241455,-745.331604,0,0
3.280000,1.730161,1.196621,-1.439860,0.890429,0.277321,-0.360874,0.362377,0.047721,0.930809,0.275355,-0.959591,-0.058002,0.689331,0.231999,-0.031015,0.685592,0.335919,0.618045,0.124104,0.067654,0.018669,0.046688,0.360874,-0.930809,0.058002,0.000000,0.000000,0.000000,-1,0.439087,-0.907516,0.102142,0.339015,0.487923,0.146173,143.668930,199.066833,-743.494568,0,0
3.320000,1.787027,1.200471,-1.478354,0.886809,0.297683,-0.353491,0.360373,0.033409,0.932210,0.289312,-0.954080,-0.077649,0.694811,0.236775,-0.023092,0.678706,0.307236,0.434692,0.167797,0.085886,0.049489,0.018771,0.353491,-0.932210,0.077649,0.000000,0.000000,0.000000,-1,0.380920,-0.866058,0.082947,0.302588,0.280073,0.114537,143.844131,200.289169,-744.997620,0,0
3.360000,1.835911,1.201835,-1.514172,0.883845,0.312541,-0.348047,0.360069,0.020410,0.932702,0.298612,-0.949685,-0.094497,0.699630,0.240345,-0.017665,0.672636,0.319620,0.384728,0.078534,0.006278,0.065362,-0.008330,0.348047,-0.932702,0.094497,0.000000,0.000000,0.000000,-1,0.319351,-0.910507,0.094147,0.321662,0.302305,0.092952,143.318527,197.669876,-745.164612,0,0
3.400000,1.885505,1.203057,-1.551304,0.881111,0.326776,-0.341850,0.359439,0.007007,0.933142,0.307324,-0.945076,-0.111282,0.704519,0.243505,-0.012252,0.666490,0.301902,0.304318,0.189718,-0.016960,0.015326,-0.022933,0.341850,-0.933142,0.111282,0.000000,0.000000,0.000000,-1,0.404465,-0.886932,0.073151,0.295439,0.127566,0.223804,142.792908,200.289169,-745.665649,0,0
3.440000,1.928335,1.207508,-1.590011,0.882185,0.333081,-0.332878,0.355284,-0.006828,0.934733,0.309069,-0.942874,-0.124362,0.709467,0.242564,-0.008390,0.661626,0.287979,0.106078,0.203531,0.099114,0.054317,-0.047579,0.332878,-0.934733,0.124362,0.000000,0.000000,0.000000,-1,0.462280,-0.885513,0.086288,0.272792,0.014030,0.161806,144.895370,198.542969,-743.661621,0,0
3.480000,1.972626,1.209469,-1.629914,0.882523,0.339553,-0.325358,0.352899,-0.020887,0.935428,0.310832,-0.940355,-0.138261,0.714435,0.242307,-0.005083,0.656387,0.205776,0.187551,0.096634,0.096960,0.039005,-0.021760,0.325358,-0.935428,0.138261,0.000000,0.000000,0.000000,-1,0.381607,-0.893173,0.152374,0.207800,0.097705,0.107895,143.143311,199.939926,-745.665649,0,0
3.520000,1.997789,1.210165,-1.650765,0.882026,0.344778,-0.321183,0.351737,-0.028188,0.935674,0.313546,-0.938261,-0.146134,0.716999,0.242858,-0.002663,0.653396,0.233590,0.167482,0.146413,0.047774,0.043005,0.018615,0.321183,-0.935674,0.146134,0.000000,0.000000,0.000000,-1,0.394394,-0.876434,0.159775,0.256910,0.046913,0.172470,143.143311,199.241455,-746.333618,0,0
3.560000,2.036915,1.212077,-1.686706,0.882820,0.349670,-0.313622,0.348719,-0.040602,0.936347,0.314679,-0.935993,-0.157781,0.721319,0.242053,0.000366,0.648929,0.268796,0.128314,0.186623,0.088645,0.067634,-0.011159,0.313622,-0.936347,0.157781,0.000000,0.000000,0.000000,-1,0.417969,-0.843857,0.127167,0.228298,0.064968,0.193978,142.792908,199.590683,-744.329590,0,0
3.600000,2.083144,1.215221,-1.726687,0.883279,0.357421,-0.303428,0.343908,-0.054051,0.937446,0.318663,-0.932378,-0.170662,0.725946,0.241522,0.005246,0.643927,0.182720,0.215239,0.179733,0.101082,0.082329,-0.016563,0.303428,-0.937446,0.170662,0.000000,0.000000,0.000000,-1,0.403687,-0.866638,0.163940,0.183696,0.104204,0.199611,141.216049,198.368347,-743.828613,0,1
3.640000,2.110414,1.217817,-1.749964,0.883692,0.362121,-0.296574,0.340161,-0.061607,0.938347,0.321524,-0.930093,-0.177621,0.728512,0.240999,0.008562,0.641183,0.201997,0.142162,0.231973,0.101833,0.064980,-0.023706,0.296574,-0.938347,0.177621,0.000000,0.000000,0.000000,-1,0.395691,-0.864929,0.116394,0.206064,0.010950,0.229570,141.566467,198.717590,-743.160583,0,0
3.680000,2.145734,1.221877,-1.782755,0.885405,0.365699,-0.286917,0.334232,-0.071924,0.939743,0.323027,-0.927950,-0.185910,0.731990,0.239051,0.012333,0.637882,0.149911,0.131566,0.236850,0.107507,0.091384,-0.060864,0.286917,-0.939743,0.185910,0.000000,0.000000,0.000000,-1,0.421661,-0.824463,0.128586,0.134878,0.049124,0.234437,140.690430,198.542969,-744.663574,0,0
3.720000,2.155013,1.219705,-1.788174,0.883779,0.369641,-0.286882,0.335829,-0.074174,0.938998,0.325813,-0.926209,-0.189689,0.732742,0.240695,0.013283,0.636380,0.126373,0.194040,0.195242,0.179992,0.089800,-0.098472,0.286882,-0.938998,0.189689,0.000000,0.000000,0.000000,-1,0.487946,-0.867554,0.022873,0.066709,0.138103,0.182665,141.566467,199.066833,-743.494568,0,0
3.760000,2.166770,1.223480,-1.793222,0.882839,0.375822,-0.281696,0.331991,-0.075086,0.940290,0.332231,-0.923645,-0.191058,0.732970,0.241419,0.017236,0.635747,-0.171715,0.221432,0.083523,0.195950,0.049817,-0.186969,0.281696,-0.940289,0.191058,0.000000,0.000000,0.000000,-1,0.520416,-0.942413,0.026749,-0.302773,0.027645,0.056398,141.916870,197.320633,-745.164612,0,0
3.800000,2.132306,1.229717,-1.756903,0.882441,0.375670,-0.283142,0.328728,-0.061895,0.942394,0.336505,-0.924684,-0.178112,0.728431,0.241752,0.018314,0.640788,-0.363289,-0.228470,-0.161245,0.233627,-0.023518,-0.183208,0.283142,-0.942394,0.178112,0.000000,0.000000,0.000000,-1,0.663605,-1.200439,-0.149933,-0.545919,-0.674725,-0.280269,139.463989,198.368347,-745.832642,0,0
3.840000,1.986738,1.230686,-1.636567,0.887029,0.346502,-0.305148,0.332870,-0.021925,0.942718,0.319963,-0.937793,-0.134788,0.714798,0.237610,0.005182,0.657707,-1.161631,-0.915038,-0.558878,0.349774,-0.289765,-0.368080,0.305148,-0.942718,0.134788,0.000000,0.000000,0.000000,-1,0.615646,-1.214066,-0.317322,-1.365112,-1.121593,-0.617059,141.741669,197.844482,-747.001648,0,0
3.880000,1.816367,1.226880,-1.488714,0.890190,0.317165,-0.327061,0.336042,0.027645,0.941441,0.307634,-0.947967,-0.081971,0.697229,0.234215,-0.006966,0.677470,-1.783237,-1.063717,-0.717296,0.261440,-0.286525,-0.416703,0.327061,-0.941441,0.081971,0.000000,0.000000,0.000000,-1,0.536102,-1.270660,-0.401306,-2.004786,-1.226814,-0.782919,141.741669,198.892212,-747.001648,0,0
3.920000,1.528555,1.200609,-1.233027,0.892793,0.268817,-0.361467,0.341347,0.119891,0.932260,0.293944,-0.955701,0.015278,0.662877,0.230120,-0.025466,0.712033,-2.285268,-1.261374,-1.016157,0.176680,-0.359305,-0.314541,0.361467,-0.932260,-0.015278,0.000000,0.000000,0.000000,-1,0.399811,-1.272537,0.195374,-2.023588,-1.394993,-1.225523,142.968109,196.272903,-750.842712,0,0
3.960000,1.275240,1.124032,-1.026011,0.888801,0.197997,-0.413316,0.369506,0.223903,0.901850,0.271107,-0.954287,0.125844,0.620293,0.228724,-0.057316,0.748089,-1.480381,-1.392128,-1.256329,-0.080461,-0.193991,0.606832,0.413316,-0.901850,-0.125844,0.000000,0.000000,0.000000,-1,0.394760,-0.978775,0.449875,-1.291137,-1.661043,-1.191974,143.493729,196.447525,-752.679688,0,0
4.000000,1.188750,1.078196,-0.977599,0.886316,0.147914,-0.438823,0.392124,0.264369,0.881106,0.246339,-0.953011,0.176314,0.601173,0.224577,-0.080045,0.762725,-0.995427,-1.252158,-1.246350,-0.001781,-0.027814,0.492766,0.438823,-0.881106,-0.176314,0.000000,0.000000,0.000000,-1,0.521667,-0.929657,0.001770,-0.708780,-1.242484,-1.348139,144.895370,198.542969,-752.345703,0,0
4.040000,1.131303,1.023768,-0.970408,0.878121,0.085594,-0.470721,0.429186,0.293867,0.854074,0.211432,-0.952006,0.221315,0.583725,0.220472,-0.111049,0.773515,-0.556315,-1.458251,-0.934210,-0.019182,-0.025397,0.197389,0.470721,-0.854074,-0.221315,0.000000,0.000000,0.000000,-1,0.116913,-0.708725,0.064377,-0.355190,-1.422623,-0.581092,147.348251,196.447525,-752.011719,0,0
4.080000,1.072603,0.991655,-0.972354,0.876628,0.019383,-0.480779,0.452191,0.308328,0.836933,0.164460,-0.951083,0.261524,0.571572,0.206262,-0.138355,0.782061,-0.009900,-0.967748,-0.483984,-0.493459,0.121250,0.325367,0.480779,-0.836933,-0.261524,0.000000,0.000000,0.000000,-1,0.037521,-0.722900,-0.018875,0.133600,-1.002583,-0.456474,147.523468,198.717590,-752.512695,0,0
4.120000,1.067400,0.983036,-0.995386,0.874082,-0.008041,-0.485712,0.465207,0.301746,0.832185,0.139870,-0.953354,0.267492,0.571149,0.200108,-0.151380,0.781556,0.372123,-0.667658,-0.454446,-0.364970,0.120500,0.222646,0.485712,-0.832185,-0.267492,0.000000,0.000000,0.000000,-1,0.134842,-0.691162,-0.139038,0.381645,-0.690843,-0.434022,147.873871,197.669876,-754.182739,0,0
4.160000,1.073705,0.978266,-1.031439,0.870540,-0.034701,-0.490873,0.479182,0.286817,0.829530,0.112005,-0.957357,0.266314,0.573892,0.193625,-0.165043,0.778407,0.412490,-0.587756,-0.196768,-0.380872,0.118852,0.109591,0.490873,-0.829530,-0.266314,0.000000,0.000000,0.000000,-1,0.089813,-0.717300,-0.067429,0.485204,-0.578956,-0.059112,147.523468,197.320633,-753.848755,0,0
4.200000,1.084902,0.985629,-1.066419,0.871026,-0.052617,-0.488410,0.483559,0.266925,0.833620,0.086506,-0.962280,0.257942,0.580121,0.185712,-0.173199,0.773934,0.645189,-0.310752,-0.006987,-0.367484,0.134981,0.201469,0.488410,-0.833620,-0.257942,0.000000,0.000000,0.000000,-1,0.252579,-0.702988,-0.149033,0.768595,-0.417615,0.063619,147.348251,197.146011,-753.347717,0,0
4.240000,1.115556,1.007135,-1.119252,0.874978,-0.064324,-0.479871,0.480736,0.233138,0.845304,0.057503,-0.970314,0.234913,0.593070,0.175533,-0.178043,0.765348,1.015121,-0.334721,0.266674,-0.162320,0.147352,0.051686,0.479871,-0.845304,-0.234913,0.000000,0.000000,0.000000,-1,0.466003,-0.734787,-0.369232,1.021557,-0.400257,0.323490,146.997849,195.050568,-751.009705,0,0
4.280000,1.151664,1.034829,-1.171642,0.881782,-0.069757,-0.466470,0.470529,0.198468,0.859775,0.032604,-0.977622,0.207828,0.607348,0.164968,-0.178590,0.756320,0.697730,-0.118310,0.355357,0.053778,0.088169,-0.268979,0.466470,-0.859775,-0.207828,0.000000,0.000000,0.000000,-1,0.900452,-0.856232,-0.660065,0.238891,-0.150204,0.227808,145.946609,195.399811,-749.339661,0,0
