0.000000,-1.434666,0.022386,-0.084718,0.133347,-0.033581,0.990500,0.084596,0.996164,0.022385,-0.987452,0.080807,0.135677,-0.019409,-0.657103,-0.039260,0.752527,0.052307,-0.016703,0.006248,-0.001153,-0.004776,0.006877,-0.990500,-0.022385,-0.135677,0.000000,0.000000,0.000000,-1,-0.984039,-0.026688,-0.135651,0.025530,-0.004282,-0.004443,-5.097961,238.901291,-567.621765,0,0
0.040000,-1.435082,0.022559,-0.082634,0.132992,-0.033441,0.990553,0.082519,0.996334,0.022557,-0.987676,0.078740,0.135264,-0.018667,-0.657282,-0.038529,0.752428,0.056257,-0.017591,0.006354,0.006437,0.000371,-0.002035,-0.990553,-0.022557,-0.135264,0.000000,0.000000,0.000000,-1,-0.986496,-0.025864,-0.126877,0.040408,-0.012769,-0.005592,-5.097961,238.549713,-567.621765,0,0
0.080000,-1.436079,0.022806,-0.080701,0.132051,-0.033351,0.990682,0.080592,0.996486,0.022804,-0.987961,0.076830,0.134275,-0.017958,-0.657678,-0.037873,0.752132,0.069043,-0.015469,0.007310,0.005971,-0.006173,0.012113,-0.990682,-0.022804,-0.134275,0.000000,0.000000,0.000000,-1,-0.983688,-0.025360,-0.127792,0.042556,-0.002227,-0.010975,-4.043213,239.604462,-567.621765,0,0
0.120000,-1.437164,0.023561,-0.077121,0.131040,-0.033544,0.990809,0.077023,0.996751,0.023559,-0.988380,0.073228,0.133198,-0.016516,-0.658125,-0.036766,0.751829,0.079687,-0.012347,0.001887,0.001567,-0.006578,0.005543,-0.990809,-0.023559,-0.133198,0.000000,0.000000,0.000000,-1,-0.989838,-0.027054,-0.120590,0.067005,-0.013904,-0.013251,-2.461075,238.725494,-568.459717,0,0
0.160000,-1.438381,0.024199,-0.074368,0.129881,-0.033728,0.990956,0.074277,0.996944,0.024196,-0.988743,0.070463,0.131990,-0.015392,-0.658611,-0.035931,0.751468,0.095620,-0.019828,-0.004602,0.000904,-0.003849,0.013520,-0.990956,-0.024196,-0.131990,0.000000,0.000000,0.000000,-1,-0.993530,-0.029312,-0.117935,0.074484,-0.004383,-0.014410,-4.570587,237.319168,-568.459717,0,0
0.200000,-1.439873,0.025133,-0.070436,0.128473,-0.034041,0.991129,0.070356,0.997205,0.025130,-0.989214,0.066503,0.130509,-0.013772,-0.659209,-0.034751,0.751030,0.101828,-0.017581,-0.001357,-0.002142,-0.002946,0.008454,-0.991129,-0.025130,-0.130509,0.000000,0.000000,0.000000,-1,-0.991364,-0.026596,-0.122177,0.080850,-0.011799,-0.014432,-5.097961,238.549713,-567.286560,0,0
0.240000,-1.441244,0.025929,-0.065341,0.127236,-0.034089,0.991287,0.065272,0.997531,0.025926,-0.989722,0.061405,0.129147,-0.011816,-0.659763,-0.033092,0.750652,0.100786,-0.009122,-0.002446,0.000808,0.004045,0.004147,-0.991287,-0.025926,-0.129147,0.000000,0.000000,0.000000,-1,-0.986008,-0.015854,-0.126297,0.075554,-0.003315,-0.013357,-4.218994,238.022339,-569.800415,0,0
0.280000,-1.441680,0.025893,-0.062442,0.126905,-0.033659,0.991344,0.062381,0.997717,0.025890,-0.989951,0.058555,0.128715,-0.010880,-0.659942,-0.031990,0.750556,0.092285,-0.005913,0.000807,0.005336,0.010036,0.002418,-0.991344,-0.025890,-0.128715,0.000000,0.000000,0.000000,-1,-0.984573,-0.019684,-0.128647,0.063895,0.006309,-0.003715,-4.043213,237.494949,-569.297607,0,0
0.320000,-1.441685,0.025190,-0.058825,0.127062,-0.032504,0.991362,0.058772,0.997954,0.025187,-0.990152,0.055064,0.128712,-0.009951,-0.659958,-0.030400,0.750621,0.090228,0.007974,0.013560,0.001479,0.011470,-0.002880,-0.991362,-0.025187,-0.128712,0.000000,0.000000,0.000000,-1,-0.990158,-0.010910,-0.126144,0.067105,0.006368,0.002652,-2.461075,238.373917,-568.794861,0,0
0.360000,-1.442014,0.024040,-0.054409,0.126940,-0.030788,0.991432,0.054366,0.998232,0.024038,-0.990419,0.050849,0.128390,-0.008930,-0.660095,-0.028362,0.750593,0.079378,0.001828,0.014856,0.007805,0.008779,0.009447,-0.991432,-0.024038,-0.128390,0.000000,0.000000,0.000000,-1,-0.978851,-0.015076,-0.121353,0.051151,0.012717,0.001686,-3.867416,238.022339,-568.124512,0,0
0.400000,-1.441882,0.023532,-0.052146,0.127166,-0.030004,0.991427,0.052107,0.998364,0.023530,-0.990512,0.048669,0.128522,-0.008372,-0.660052,-0.027346,0.750675,0.073023,0.015568,0.011660,0.011478,0.007783,0.003186,-0.991427,-0.023530,-0.128522,0.000000,0.000000,0.000000,-1,-0.988892,-0.021759,-0.123276,0.048013,0.029683,0.003778,-3.515839,238.373917,-567.789307,0,0
0.440000,-1.441464,0.023236,-0.049942,0.127661,-0.029450,0.991381,0.049908,0.998484,0.023234,-0.990561,0.046512,0.128937,-0.007750,-0.659903,-0.026423,0.750846,0.071991,0.023021,0.015902,0.002489,0.001475,0.005661,-0.991381,-0.023234,-0.128937,0.000000,0.000000,0.000000,-1,-0.985489,-0.021698,-0.123886,0.052267,0.025475,0.006956,-5.449539,240.307632,-567.956909,0,0
0.480000,-1.441197,0.022561,-0.045415,0.128088,-0.028214,0.991361,0.045387,0.998715,0.022559,-0.990724,0.042106,0.129204,-0.006507,-0.659815,-0.024501,0.751000,0.070887,0.014494,0.010618,0.001173,0.001044,0.007347,-0.991361,-0.022559,-0.129204,0.000000,0.000000,0.000000,-1,-0.993286,-0.023544,-0.122360,0.044787,0.025379,-0.003638,-3.867416,237.670746,-569.465210,0,0
0.520000,-1.441007,0.022557,-0.043432,0.128332,-0.027964,0.991337,0.043407,0.998803,0.022555,-0.990781,0.040136,0.129392,-0.005852,-0.659750,-0.023756,0.751087,0.060193,0.021033,0.007584,-0.001171,0.002582,0.005720,-0.991337,-0.022555,-0.129392,0.000000,0.000000,0.000000,-1,-0.989059,-0.015472,-0.123138,0.035208,0.025391,-0.002499,-3.867416,239.077087,-568.794861,0,0
0.560000,-1.440779,0.022244,-0.041612,0.128622,-0.027429,0.991314,0.041590,0.998887,0.022242,-0.990821,0.038368,0.129620,-0.005367,-0.659668,-0.022970,0.751187,0.056994,0.016825,0.010823,0.002255,0.006770,0.006481,-0.991314,-0.022242,-0.129620,0.000000,0.000000,0.000000,-1,-0.984604,-0.017548,-0.124542,0.024566,0.025413,-0.000286,-2.988449,238.549713,-567.621765,0,0
0.600000,-1.440409,0.021756,-0.039583,0.129063,-0.026697,0.991277,0.039563,0.998980,0.021754,-0.990847,0.036410,0.129988,-0.004877,-0.659532,-0.022047,0.751337,0.046348,0.021022,0.006630,0.006673,0.004206,0.005445,-0.991277,-0.021754,-0.129988,0.000000,0.000000,0.000000,-1,-0.987900,-0.028687,-0.128281,0.017055,0.016824,-0.012979,-3.340042,238.198120,-567.956909,0,0
0.640000,-1.439845,0.022439,-0.037599,0.129649,-0.027137,0.991189,0.037581,0.999042,0.022437,-0.990848,0.034341,0.130544,-0.003960,-0.659327,-0.021529,0.751538,0.035622,0.007119,-0.008151,0.002450,-0.006326,0.000066,-0.991189,-0.022437,-0.130544,0.000000,0.000000,0.000000,-1,-0.992004,-0.020218,-0.126587,0.011710,0.017796,-0.022529,-3.691620,237.846542,-567.956909,0,0
0.680000,-1.439782,0.023043,-0.036219,0.129727,-0.027559,0.991167,0.036201,0.999079,0.023041,-0.990889,0.032892,0.130605,-0.003277,-0.659308,-0.021209,0.751567,0.040772,-0.000090,-0.008085,-0.005385,0.000718,0.006871,-0.991167,-0.023041,-0.130605,0.000000,0.000000,0.000000,-1,-0.998688,-0.033875,-0.121124,0.008468,0.000860,-0.021375,-3.164246,238.725494,-568.459717,0,0
0.720000,-1.440340,0.024438,-0.034971,0.129160,-0.028761,0.991207,0.034953,0.999090,0.024435,-0.991008,0.031490,0.130048,-0.002347,-0.659523,-0.021199,0.751382,0.010989,0.015732,-0.015375,-0.002293,-0.011911,-0.003100,-0.991207,-0.024435,-0.130048,0.000000,0.000000,0.000000,-1,-0.992584,-0.027939,-0.146545,-0.010641,0.028304,-0.031983,-3.691620,240.307632,-568.292114,0,0
0.760000,-1.438956,0.025197,-0.034582,0.130517,-0.029506,0.991007,0.034564,0.999085,0.025195,-0.990843,0.030965,0.131417,-0.001919,-0.659005,-0.021305,0.751834,0.020571,0.020971,-0.021862,0.000208,0.005740,-0.018485,-0.991007,-0.025195,-0.131417,0.000000,0.000000,0.000000,-1,-0.986252,-0.007553,-0.144684,-0.006435,0.013445,-0.035156,-3.691620,238.901291,-569.632812,0,0
0.800000,-1.437896,0.025165,-0.034206,0.131579,-0.029458,0.990868,0.034188,0.999099,0.025163,-0.990716,0.030565,0.132468,-0.001796,-0.658607,-0.021154,0.752188,0.007730,0.000846,-0.022747,0.004616,0.017610,-0.012216,-0.990868,-0.025163,-0.132468,0.000000,0.000000,0.000000,-1,-0.987595,-0.009903,-0.137115,-0.029898,-0.000308,-0.033857,-4.394791,237.846542,-568.962463,0,0
0.840000,-1.437999,0.024790,-0.035355,0.131456,-0.029234,0.990891,0.035337,0.999068,0.024788,-0.990692,0.031757,0.132367,-0.002316,-0.658643,-0.021462,0.752145,-0.035166,-0.013678,-0.016950,0.005326,0.009437,0.001401,-0.990891,-0.024788,-0.132367,0.000000,0.000000,0.000000,-1,-0.985352,-0.018967,-0.130798,-0.063957,-0.003398,-0.025059,-3.691620,237.846542,-568.627258,0,0
0.880000,-1.438248,0.024870,-0.036641,0.131169,-0.029474,0.990922,0.036621,0.999020,0.024867,-0.990683,0.033027,0.132120,-0.002713,-0.658736,-0.021972,0.752049,-0.046833,-0.003035,-0.011572,0.005692,-0.001012,0.003931,-0.990922,-0.024867,-0.132120,0.000000,0.000000,0.000000,-1,-0.991257,-0.030472,-0.126297,-0.069277,-0.001288,-0.026091,-3.515839,238.022339,-567.118958,0,0
0.920000,-1.438522,0.025300,-0.038093,0.130838,-0.030081,0.990947,0.038072,0.998955,0.025298,-0.990672,0.034417,0.131847,-0.003032,-0.658838,-0.022659,0.751937,-0.050043,-0.003095,-0.017941,-0.000309,-0.005174,0.005550,-0.990947,-0.025298,-0.131847,0.000000,0.000000,0.000000,-1,-0.992340,-0.018295,-0.139282,-0.082015,0.017711,-0.033521,-3.340042,237.846542,-568.292114,0,0
0.960000,-1.438274,0.025667,-0.040540,0.130995,-0.030773,0.990905,0.040515,0.998849,0.025664,-0.990555,0.036785,0.132091,-0.003697,-0.658742,-0.023700,0.751987,-0.065985,0.008539,-0.019990,-0.001435,0.007368,-0.007191,-0.990905,-0.025664,-0.132091,0.000000,0.000000,0.000000,-1,-0.984711,-0.019150,-0.138596,-0.096976,-0.001340,-0.032268,-2.988449,238.198120,-569.632812,0,0
1.000000,-1.438112,0.025594,-0.044396,0.131039,-0.031213,0.990886,0.044366,0.998688,0.025591,-0.990384,0.040609,0.132252,-0.004993,-0.658672,-0.025126,0.751994,-0.081310,-0.018785,-0.021842,0.010158,0.003740,-0.003216,-0.990886,-0.025591,-0.132252,0.000000,0.000000,0.000000,-1,-0.983719,-0.025330,-0.126678,-0.103382,-0.004546,-0.035402,-3.340042,238.901291,-568.292114,0,0
1.040000,-1.438508,0.025929,-0.047807,0.130524,-0.031973,0.990929,0.047773,0.998522,0.025926,-0.990293,0.043955,0.131859,-0.005995,-0.658813,-0.026518,0.751815,-0.087649,-0.000799,-0.023990,0.006524,0.000977,0.003853,-0.990929,-0.025926,-0.131859,0.000000,0.000000,0.000000,-1,-0.993210,-0.029816,-0.144135,-0.117207,0.002852,-0.037453,-4.570587,237.670746,-567.789307,0,0
1.080000,-1.437858,0.026592,-0.052646,0.130977,-0.033293,0.990826,0.052603,0.998261,0.026589,-0.989989,0.048638,0.132501,-0.007331,-0.658556,-0.028558,0.751954,-0.098291,-0.004959,-0.016436,0.005475,0.001534,-0.011527,-0.990826,-0.026589,-0.132501,0.000000,0.000000,0.000000,-1,-0.982239,-0.028778,-0.140732,-0.116115,-0.002286,-0.020397,-3.691620,238.549713,-568.292114,0,0
1.120000,-1.437679,0.026430,-0.055390,0.131071,-0.033500,0.990807,0.055342,0.998118,0.026426,-0.989827,0.051369,0.132678,-0.008292,-0.658477,-0.029536,0.751975,-0.089759,-0.019569,0.006989,0.008736,-0.005678,-0.004758,-0.990807,-0.026426,-0.132678,0.000000,0.000000,0.000000,-1,-0.986313,-0.033920,-0.121078,-0.121414,-0.009522,-0.001153,-4.570587,239.077087,-569.465210,0,0
1.160000,-1.438404,0.026169,-0.058219,0.130273,-0.033574,0.990910,0.058166,0.997964,0.026166,-0.989771,0.054229,0.131961,-0.009333,-0.658736,-0.030511,0.751698,-0.101765,-0.005667,0.009188,0.004597,-0.007754,0.010882,-0.990910,-0.026166,-0.131961,0.000000,0.000000,0.000000,-1,-0.987411,-0.035934,-0.144089,-0.117092,0.018985,-0.010882,-3.340042,238.198120,-568.627258,0,0
1.200000,-1.437704,0.026443,-0.063363,0.130774,-0.034556,0.990810,0.063298,0.997644,0.026440,-0.989390,0.059259,0.132653,-0.010913,-0.658449,-0.032538,0.751843,-0.073092,-0.016421,-0.008044,-0.006459,-0.007694,-0.006019,-0.990810,-0.026440,-0.132653,0.000000,0.000000,0.000000,-1,-0.993179,-0.029663,-0.127838,-0.091658,-0.011835,-0.021617,-5.449539,238.549713,-568.292114,0,0
1.240000,-1.438329,0.026606,-0.065518,0.130071,-0.034961,0.990888,0.065448,0.997501,0.026603,-0.989342,0.061391,0.132034,-0.011571,-0.658672,-0.033398,0.751599,-0.073072,-0.009018,-0.009139,-0.000842,-0.003304,0.008926,-0.990888,-0.026603,-0.132034,0.000000,0.000000,0.000000,-1,-0.984238,-0.034973,-0.127991,-0.094805,0.007191,-0.025925,-3.867416,239.077087,-568.459717,0,0
1.280000,-1.438554,0.027058,-0.067728,0.129740,-0.035680,0.990906,0.067651,0.997342,0.027054,-0.989238,0.063526,0.131809,-0.012133,-0.658748,-0.034376,0.751480,-0.075173,0.004700,-0.014503,0.006668,-0.007919,0.003818,-0.990906,-0.027054,-0.131809,0.000000,0.000000,0.000000,-1,-0.987274,-0.031036,-0.130753,-0.095870,0.008241,-0.026986,-2.988449,238.198120,-567.286560,0,0
1.320000,-1.438560,0.027663,-0.070681,0.129586,-0.036661,0.990890,0.070595,0.997122,0.027659,-0.989052,0.066368,0.131801,-0.012879,-0.658736,-0.035685,0.751417,-0.068148,-0.015250,-0.015529,0.003616,-0.003377,0.001049,-0.990890,-0.027659,-0.131801,0.000000,0.000000,0.000000,-1,-0.990738,-0.037491,-0.115662,-0.089544,-0.010845,-0.029094,-2.109497,237.319168,-568.124512,0,0
1.360000,-1.439871,0.028621,-0.073874,0.128101,-0.037930,0.991035,0.073777,0.996864,0.028617,-0.989013,0.069449,0.130498,-0.013594,-0.659216,-0.037190,0.750910,-0.051042,0.006992,-0.014683,0.000298,-0.008874,0.014836,-0.991036,-0.028617,-0.130498,0.000000,0.000000,0.000000,-1,-0.984085,-0.033142,-0.120361,-0.063887,0.020952,-0.026216,-4.218994,239.428665,-568.124512,0,0
1.400000,-1.439657,0.029520,-0.075541,0.128183,-0.039047,0.990982,0.075436,0.996714,0.029515,-0.988877,0.070973,0.130707,-0.013802,-0.659133,-0.038114,0.750933,-0.030774,0.019694,-0.014891,0.006897,-0.003627,0.010346,-0.990982,-0.029515,-0.130707,0.000000,0.000000,0.000000,-1,-0.980301,-0.030624,-0.130478,-0.052145,0.027344,-0.022070,-4.570587,237.670746,-568.459717,0,0
1.440000,-1.438912,0.029856,-0.076862,0.128842,-0.039602,0.990874,0.076752,0.996603,0.029851,-0.988690,0.072206,0.131444,-0.014097,-0.658847,-0.038726,0.751147,-0.017937,0.023053,0.005237,0.009719,-0.000956,0.010426,-0.990874,-0.029851,-0.131444,0.000000,0.000000,0.000000,-1,-0.982773,-0.036713,-0.115906,-0.039300,0.034922,-0.004087,-2.285294,238.901291,-568.292114,0,0
1.480000,-1.438339,0.029738,-0.077298,0.129401,-0.039583,0.990802,0.077187,0.996573,0.029733,-0.988584,0.072629,0.132012,-0.014273,-0.658627,-0.038854,0.751330,-0.015157,0.044480,0.013675,0.007846,-0.005652,0.007730,-0.990802,-0.029733,-0.132012,0.000000,0.000000,0.000000,-1,-0.983307,-0.035355,-0.145218,-0.030662,0.068881,0.003176,-3.340042,238.198120,-567.956909,0,0
1.520000,-1.436266,0.029584,-0.077487,0.131453,-0.039607,0.990531,0.077376,0.996563,0.029579,-0.988298,0.072755,0.134066,-0.014353,-0.657846,-0.038890,0.752011,-0.000154,0.073114,0.017711,0.007224,-0.005775,-0.011152,-0.990531,-0.029579,-0.134066,0.000000,0.000000,0.000000,-1,-0.983704,-0.023102,-0.154465,-0.005022,0.086999,0.015693,-4.746368,238.198120,-567.621765,0,0
1.560000,-1.429810,0.027432,-0.076131,0.138047,-0.037765,0.989705,0.076029,0.996728,0.027429,-0.987503,0.071460,0.140467,-0.014595,-0.655403,-0.037720,0.754195,0.019143,0.093509,0.046250,0.011800,0.007943,-0.010900,-0.989705,-0.027429,-0.140467,0.000000,0.000000,0.000000,-1,-0.972092,-0.014709,-0.159256,-0.004880,0.114753,0.039025,-2.285294,238.549713,-567.956909,0,0
1.600000,-1.425243,0.025350,-0.075422,0.142737,-0.035937,0.989108,0.075327,0.996837,0.025347,-0.986890,0.070888,0.144993,-0.015065,-0.653664,-0.036806,0.755739,0.017172,0.135999,0.058893,0.021441,0.012835,-0.019054,-0.989108,-0.025347,-0.144993,0.000000,0.000000,0.000000,-1,-0.972580,-0.013504,-0.167191,-0.004762,0.142419,0.052769,-2.812668,236.615997,-568.459717,0,0
1.640000,-1.420068,0.022953,-0.074716,0.148045,-0.033836,0.988402,0.074626,0.996947,0.022951,-0.986161,0.070363,0.150118,-0.015648,-0.651687,-0.035797,0.757481,0.007169,0.135198,0.070719,0.015822,0.009447,-0.017072,-0.988402,-0.022951,-0.150118,0.000000,0.000000,0.000000,-1,-0.980789,-0.010208,-0.164871,-0.021725,0.155261,0.066702,-3.164246,238.373917,-569.130005,0,0
1.680000,-1.409521,0.017128,-0.074106,0.158884,-0.028747,0.986879,0.074028,0.997109,0.017127,-0.984518,0.070335,0.160553,-0.017479,-0.647625,-0.033763,0.761010,-0.008684,0.160786,0.087796,0.003343,0.004752,-0.006637,-0.986879,-0.017127,-0.160553,0.000000,0.000000,0.000000,-1,-0.986618,-0.014145,-0.162430,-0.032333,0.159598,0.077421,-2.812668,236.967575,-568.459717,0,0
1.720000,-1.404946,0.014403,-0.073981,0.163590,-0.026369,0.986176,0.073906,0.997161,0.014402,-0.983756,0.070529,0.165074,-0.018401,-0.645852,-0.032876,0.762533,-0.008719,0.149135,0.087840,-0.002822,-0.003206,0.006215,-0.986176,-0.014402,-0.165074,0.000000,0.000000,0.000000,-1,-0.992508,-0.020035,-0.157288,-0.025978,0.156331,0.067796,-4.394791,237.494949,-567.286560,0,0
1.760000,-1.399853,0.011751,-0.073564,0.168801,-0.024051,0.985357,0.073493,0.997227,0.011751,-0.982906,0.070433,0.170100,-0.019197,-0.643880,-0.031910,0.764220,0.002918,0.141516,0.066469,-0.007151,-0.008284,0.012813,-0.985357,-0.011751,-0.170100,0.000000,0.000000,0.000000,-1,-0.993546,-0.024704,-0.149780,-0.001710,0.109427,0.035824,-3.691620,239.604462,-568.627258,0,0
1.800000,-1.396436,0.010821,-0.072439,0.172252,-0.023185,0.984780,0.072371,0.997319,0.010821,-0.982391,0.069406,0.173468,-0.019137,-0.642573,-0.031213,0.765349,0.010816,0.091530,0.031467,-0.009574,-0.018049,0.029730,-0.984780,-0.010821,-0.173468,0.000000,0.000000,0.000000,-1,-0.984940,-0.027115,-0.141922,-0.015630,0.096573,0.020000,-2.988449,237.846542,-568.962463,0,0
1.840000,-1.395189,0.011015,-0.071975,0.173474,-0.023381,0.984561,0.071909,0.997350,0.011015,-0.982210,0.068888,0.174695,-0.018894,-0.642102,-0.031110,0.765754,0.007602,0.091438,0.022963,0.004779,-0.011415,0.023175,-0.984561,-0.011015,-0.174695,0.000000,0.000000,0.000000,-1,-0.985138,-0.021118,-0.160110,-0.009326,0.081596,0.004028,-4.043213,238.198120,-569.297607,0,0
1.880000,-1.393622,0.011080,-0.071533,0.175019,-0.023475,0.984285,0.071467,0.997381,0.011079,-0.981968,0.068405,0.176238,-0.018703,-0.641507,-0.030976,0.766263,0.011767,0.068043,0.013427,-0.003050,-0.008986,0.013366,-0.984285,-0.011079,-0.176238,0.000000,0.000000,0.000000,-1,-0.989075,-0.016556,-0.161346,-0.004101,0.059234,-0.008713,-3.867416,238.725494,-568.459717,0,0
1.920000,-1.392351,0.011721,-0.070757,0.176240,-0.024054,0.984053,0.070694,0.997429,0.011720,-0.981805,0.067501,0.177488,-0.018189,-0.641034,-0.030896,0.766674,0.009532,0.047744,-0.004593,-0.006029,-0.009672,0.017637,-0.984053,-0.011720,-0.177488,0.000000,0.000000,0.000000,-1,-0.983261,-0.020309,-0.165497,-0.013708,0.059148,-0.018226,-2.812668,238.373917,-568.794861,0,0
1.960000,-1.391287,0.012366,-0.070565,0.177244,-0.024726,0.983856,0.070501,0.997435,0.012366,-0.981638,0.067171,0.178533,-0.017863,-0.640636,-0.031038,0.767009,0.007130,0.059478,-0.008838,-0.000015,-0.006463,0.010076,-0.983856,-0.012366,-0.178533,0.000000,0.000000,0.000000,-1,-0.980560,-0.006302,-0.168716,-0.012671,0.056950,-0.026748,-3.515839,237.319168,-569.800415,0,0
2.000000,-1.390179,0.012728,-0.070376,0.178312,-0.025121,0.983653,0.070312,0.997444,0.012727,-0.981459,0.066893,0.179622,-0.017647,-0.640217,-0.031091,0.767362,0.009200,0.046686,-0.017328,0.003093,0.006425,0.010906,-0.983653,-0.012727,-0.179622,0.000000,0.000000,0.000000,-1,-0.989365,-0.005936,-0.167130,-0.012751,0.034659,-0.031991,-3.867416,239.077087,-568.794861,0,0
2.040000,-1.389843,0.013074,-0.070180,0.178623,-0.025448,0.983589,0.070116,0.997453,0.013073,-0.981416,0.066630,0.179952,-0.017446,-0.640093,-0.031130,0.767468,0.005917,0.018076,-0.018258,-0.005776,0.007138,0.012823,-0.983589,-0.013073,-0.179952,0.000000,0.000000,0.000000,-1,-0.986725,-0.018646,-0.167709,-0.023429,0.021982,-0.028664,-4.043213,238.901291,-569.632812,0,0
2.080000,-1.390146,0.013917,-0.070404,0.178261,-0.026295,0.983632,0.070339,0.997426,0.013917,-0.981466,0.066707,0.179652,-0.017199,-0.640217,-0.031483,0.767356,-0.001538,0.014924,-0.014993,-0.004176,-0.003265,0.012415,-0.983632,-0.013917,-0.179652,0.000000,0.000000,0.000000,-1,-0.982224,-0.013779,-0.172241,-0.019182,0.018793,-0.029751,-3.691620,239.252869,-569.632812,0,0
2.120000,-1.390150,0.014742,-0.070470,0.178199,-0.027116,0.983621,0.070404,0.997410,0.014742,-0.981473,0.066624,0.179646,-0.016903,-0.640227,-0.031772,0.767342,0.001451,0.019260,-0.016043,0.001397,0.000963,0.007405,-0.983621,-0.014742,-0.179646,0.000000,0.000000,0.000000,-1,-0.983353,-0.006180,-0.175659,-0.015972,0.024088,-0.029795,-3.340042,239.252869,-569.297607,0,0
2.160000,-1.389702,0.014860,-0.070433,0.178631,-0.027255,0.983539,0.070367,0.997410,0.014860,-0.981397,0.066555,0.180086,-0.016839,-0.640057,-0.031800,0.767484,0.007830,0.016081,-0.013973,-0.001434,0.009510,0.002768,-0.983521,-0.014866,-0.180181,0.000000,0.000000,0.000000,-1,-1.000519,-0.012009,-0.177429,-0.005336,0.016711,-0.025589,-3.164246,238.022339,-569.130005,0,0
2.200000,-1.389354,0.015136,-0.069934,0.178967,-0.027459,0.983472,0.069869,0.997441,0.015135,-0.981371,0.066005,0.180427,-0.016568,-0.639931,-0.031699,0.767599,0.008900,0.018197,-0.016092,-0.017047,0.003127,0.002998,-0.983472,-0.015135,-0.180427,0.000000,0.000000,0.000000,-1,-0.992477,-0.006317,-0.177216,-0.021269,0.025237,-0.020171,-4.218994,238.725494,-570.135559,0,0
2.240000,-1.389020,0.014855,-0.070067,0.179311,-0.027230,0.983416,0.070002,0.997436,0.014855,-0.981299,0.066178,0.180757,-0.016713,-0.639798,-0.031663,0.767708,-0.005981,0.015149,-0.002113,-0.000441,0.007515,0.001573,-0.983416,-0.014855,-0.180757,0.000000,0.000000,0.000000,-1,-0.972183,-0.011795,-0.192505,-0.025525,0.024199,-0.018003,-2.812668,237.670746,-570.805908,0,0
2.280000,-1.386921,0.014912,-0.070258,0.181361,-0.027459,0.983033,0.070192,0.997422,0.014911,-0.980908,0.066297,0.182821,-0.016719,-0.638991,-0.031772,0.768376,0.002414,0.021521,-0.006426,0.011231,-0.001721,-0.019770,-0.983033,-0.014911,-0.182821,0.000000,0.000000,0.000000,-1,-0.971359,-0.007309,-0.204651,-0.024477,0.018903,-0.017992,-4.746368,239.252869,-569.968018,0,0
2.320000,-1.385367,0.014746,-0.070430,0.182892,-0.027431,0.982750,0.070364,0.997412,0.014745,-0.980612,0.066453,0.184349,-0.016813,-0.638391,-0.031798,0.768871,-0.004001,0.012006,-0.005274,0.012551,0.007543,-0.019143,-0.982750,-0.014745,-0.184349,0.000000,0.000000,0.000000,-1,-0.965530,-0.007523,-0.189056,-0.015995,0.010388,-0.022287,-2.988449,239.252869,-570.973511,0,0
2.360000,-1.384565,0.014680,-0.070358,0.183684,-0.027407,0.982603,0.070292,0.997418,0.014680,-0.980469,0.066373,0.185137,-0.016802,-0.638082,-0.031756,0.769129,0.009818,0.009829,-0.011763,0.017073,0.007157,-0.003920,-0.982603,-0.014680,-0.185137,0.000000,0.000000,0.000000,-1,-0.976074,-0.007370,-0.183487,-0.015985,0.019852,-0.029779,-2.988449,238.549713,-570.303162,0,0
2.400000,-1.383916,0.015066,-0.071299,0.184268,-0.028002,0.982477,0.071231,0.997346,0.015066,-0.980292,0.067206,0.185774,-0.016944,-0.637829,-0.032247,0.769316,-0.039223,-0.002958,-0.020919,-0.007681,0.008443,0.006269,-0.982477,-0.015066,-0.185774,0.000000,0.000000,0.000000,-1,-0.986053,-0.005661,-0.174423,-0.062928,-0.009812,-0.031435,-4.218994,238.022339,-570.805908,0,0
2.440000,-1.384970,0.014917,-0.072727,0.183205,-0.028046,0.982675,0.072654,0.997246,0.014916,-0.980386,0.068663,0.184738,-0.017474,-0.638221,-0.032739,0.768958,-0.045776,-0.027304,-0.016511,0.002862,0.008217,0.009888,-0.982675,-0.014916,-0.184738,0.000000,0.000000,0.000000,-1,-0.973450,-0.009262,-0.189850,-0.066175,-0.029905,-0.028138,-2.812668,238.725494,-569.465210,0,0
2.480000,-1.385995,0.014877,-0.074151,0.182163,-0.028196,0.982864,0.074075,0.997142,0.014877,-0.980474,0.070095,0.183731,-0.017961,-0.638602,-0.033265,0.768608,-0.046888,-0.042142,-0.017511,0.009414,0.005615,-0.006119,-0.982864,-0.014877,-0.183731,0.000000,0.000000,0.000000,-1,-0.984467,-0.004929,-0.183167,-0.056704,-0.061741,-0.034484,-3.867416,238.022339,-570.135559,0,0
2.520000,-1.389744,0.014743,-0.076528,0.178429,-0.028226,0.983548,0.076445,0.996965,0.014742,-0.980979,0.072557,0.180045,-0.018835,-0.640018,-0.034100,0.767372,-0.037419,-0.066530,-0.018554,-0.005206,0.009097,0.005851,-0.983548,-0.014742,-0.180045,0.000000,0.000000,0.000000,-1,-0.983521,-0.006073,-0.186569,-0.065179,-0.050059,-0.031267,-2.636871,238.901291,-568.292114,0,0
2.560000,-1.391219,0.014526,-0.078008,0.176956,-0.028168,0.983816,0.077921,0.996854,0.014526,-0.981129,0.074090,0.178594,-0.019418,-0.640567,-0.034585,0.766878,-0.050129,-0.048472,-0.013194,0.000295,0.008453,-0.007975,-0.983816,-0.014526,-0.178594,0.000000,0.000000,0.000000,-1,-0.973358,-0.006516,-0.192642,-0.068352,-0.049979,-0.022720,-4.218994,237.319168,-567.789307,0,0
2.600000,-1.392088,0.013871,-0.079991,0.176100,-0.027810,0.983979,0.079898,0.996706,0.013871,-0.981124,0.076176,0.177742,-0.020319,-0.640871,-0.035127,0.766575,-0.048001,-0.056850,-0.003588,0.013932,0.007325,-0.012261,-0.983979,-0.013871,-0.177742,0.000000,0.000000,0.000000,-1,-0.971405,-0.007446,-0.182846,-0.070429,-0.042456,-0.011013,-2.988449,237.494949,-568.292114,0,0
2.640000,-1.393535,0.012638,-0.082470,0.174710,-0.026923,0.984252,0.082370,0.996522,0.012637,-0.981168,0.078865,0.176320,-0.021612,-0.641384,-0.035666,0.766086,-0.052173,-0.016573,0.014375,0.004683,0.004794,-0.003581,-0.984252,-0.012637,-0.176320,0.000000,0.000000,0.000000,-1,-0.980118,-0.009796,-0.191040,-0.072397,-0.001011,0.003761,-3.515839,236.615997,-569.130005,0,0
2.680000,-1.393149,0.011753,-0.083825,0.175126,-0.026323,0.984194,0.083721,0.996420,0.011753,-0.980980,0.080339,0.176702,-0.022379,-0.641208,-0.035906,0.766200,-0.043644,-0.014434,0.016432,0.000780,0.002979,-0.015787,-0.984194,-0.011753,-0.176702,0.000000,0.000000,0.000000,-1,-0.980423,-0.007797,-0.180481,-0.062879,-0.023246,0.004836,-4.570587,239.077087,-567.789307,0,0
2.720000,-1.393446,0.010835,-0.084986,0.174880,-0.025602,0.984257,0.084878,0.996332,0.010835,-0.980924,0.081647,0.176412,-0.023108,-0.641296,-0.036053,0.766098,-0.041560,-0.031358,0.018611,0.003834,0.003038,-0.004069,-0.984257,-0.010835,-0.176412,0.000000,0.000000,0.000000,-1,-0.981186,-0.009186,-0.173737,-0.058581,-0.014725,0.010097,-2.461075,237.319168,-568.459717,0,0
2.760000,-1.394204,0.009039,-0.087066,0.174237,-0.024140,0.984408,0.086952,0.996171,0.009039,-0.980857,0.084022,0.175669,-0.024477,-0.641534,-0.036265,0.765846,-0.040403,-0.000644,0.018487,0.008746,-0.001398,-0.001531,-0.984408,-0.009039,-0.175669,0.000000,0.000000,0.000000,-1,-0.978882,-0.009583,-0.170654,-0.060675,0.003212,0.002589,-2.636871,237.846542,-570.303162,0,0
2.800000,-1.394473,0.008414,-0.088259,0.173998,-0.023713,0.984460,0.088142,0.996072,0.008414,-0.980793,0.085308,0.175405,-0.025104,-0.641613,-0.036518,0.765747,-0.046872,-0.004059,0.013184,0.002390,-0.001276,0.004796,-0.984460,-0.008414,-0.175405,0.000000,0.000000,0.000000,-1,-0.982285,-0.007935,-0.167297,-0.070292,-0.002150,-0.004773,-3.691620,237.494949,-570.303162,0,0
2.840000,-1.394990,0.007872,-0.089666,0.173506,-0.023382,0.984555,0.089543,0.995952,0.007872,-0.980754,0.086794,0.174897,-0.025772,-0.641784,-0.036876,0.765564,-0.051166,-0.009424,0.005780,0.002271,-0.000062,0.007600,-0.984555,-0.007872,-0.174897,0.000000,0.000000,0.000000,-1,-0.991791,-0.010590,-0.164841,-0.072467,-0.008603,-0.015386,-2.812668,237.670746,-569.800415,0,0
2.880000,-1.396167,0.007683,-0.091758,0.172319,-0.023454,0.984762,0.091627,0.995764,0.007683,-0.980770,0.088907,0.173738,-0.026539,-0.642204,-0.037601,0.765151,-0.055477,-0.017998,-0.004808,-0.007029,-0.002907,0.008898,-0.984762,-0.007683,-0.173738,0.000000,0.000000,0.000000,-1,-0.987946,-0.009949,-0.169052,-0.078896,-0.019222,-0.018492,-2.461075,238.725494,-569.465210,0,0
2.920000,-1.397917,0.007712,-0.094653,0.170531,-0.023821,0.985064,0.094509,0.995494,0.007712,-0.980809,0.091782,0.172014,-0.027491,-0.642835,-0.038693,0.764532,-0.058729,-0.031828,-0.011124,-0.002881,-0.002237,0.002962,-0.985064,-0.007712,-0.172014,0.000000,0.000000,0.000000,-1,-0.976761,-0.011063,-0.169052,-0.082130,-0.025655,-0.026965,-2.812668,238.022339,-569.800415,0,0
2.960000,-1.399222,0.008014,-0.097208,0.169161,-0.024429,0.985286,0.097052,0.995247,0.008013,-0.980798,0.094268,0.170728,-0.028223,-0.643303,-0.039749,0.764058,-0.067295,-0.027788,-0.014315,0.008525,-0.003049,0.001676,-0.985286,-0.008013,-0.170728,0.000000,0.000000,0.000000,-1,-0.984802,-0.012772,-0.170166,-0.088517,-0.026693,-0.024781,-2.812668,237.319168,-569.800415,0,0
3.000000,-1.400661,0.008333,-0.100698,0.167632,-0.025192,0.985528,0.100525,0.994900,0.008333,-0.980711,0.097673,0.169310,-0.029253,-0.643809,-0.041164,0.763518,-0.067277,-0.024581,-0.011133,0.006127,-0.003599,0.000959,-0.985528,-0.008333,-0.169310,0.000000,0.000000,0.000000,-1,-0.971664,-0.009567,-0.167664,-0.085293,-0.016112,-0.025911,-3.515839,238.725494,-568.794861,0,0
3.040000,-1.401058,0.008560,-0.103376,0.167152,-0.025824,0.985593,0.103188,0.994625,0.008560,-0.980516,0.100271,0.168918,-0.030036,-0.643924,-0.042253,0.763331,-0.068271,0.000820,-0.013351,0.014524,-0.001038,0.001194,-0.985593,-0.008560,-0.168918,0.000000,0.000000,0.000000,-1,-0.973694,-0.006439,-0.167755,-0.101156,0.017804,-0.023785,-2.988449,238.901291,-568.962463,0,0
3.080000,-1.400817,0.008490,-0.104895,0.167356,-0.026033,0.985553,0.104699,0.994468,0.008490,-0.980322,0.101765,0.169155,-0.030547,-0.643808,-0.042814,0.763377,-0.081007,0.012493,-0.011166,0.011859,0.002050,0.001400,-0.985553,-0.008490,-0.169155,0.000000,0.000000,0.000000,-1,-0.972519,-0.006317,-0.169098,-0.096884,0.023089,-0.024903,-3.691620,239.252869,-569.968018,0,0
3.120000,-1.399456,0.008485,-0.109288,0.168574,-0.026907,0.985322,0.109067,0.993998,0.008485,-0.979636,0.106036,0.170497,-0.031933,-0.643220,-0.044511,0.763720,-0.061827,0.026016,-0.009271,0.008195,-0.003204,0.003383,-0.985322,-0.008485,-0.170497,0.000000,0.000000,0.000000,-1,-0.978714,-0.011505,-0.167114,-0.082997,0.034775,-0.020793,-2.988449,238.901291,-569.968018,0,0
3.160000,-1.398600,0.008577,-0.111150,0.169351,-0.027404,0.985175,0.110918,0.993793,0.008577,-0.979294,0.107821,0.171340,-0.032477,-0.642865,-0.045265,0.763951,-0.059661,0.034528,-0.005060,0.002295,-0.005354,0.003508,-0.985175,-0.008577,-0.171340,0.000000,0.000000,0.000000,-1,-0.984314,-0.020447,-0.169983,-0.073336,0.052867,-0.011348,-1.757919,238.022339,-569.465210,0,0
3.200000,-1.397302,0.008779,-0.112729,0.170557,-0.028011,0.984950,0.112486,0.993614,0.008779,-0.978906,0.109296,0.172619,-0.032878,-0.642347,-0.045954,0.764328,-0.045729,0.054756,0.006472,0.000636,-0.011668,0.002636,-0.984950,-0.008779,-0.172619,0.000000,0.000000,0.000000,-1,-0.977356,-0.026077,-0.174911,-0.044513,0.064658,0.004364,-2.636871,238.549713,-569.297607,0,0
3.240000,-1.394837,0.008826,-0.113423,0.172944,-0.028446,0.984521,0.113176,0.993536,0.008826,-0.978408,0.109898,0.175046,-0.033026,-0.641394,-0.046276,0.765102,0.000130,0.065494,0.023117,0.007165,-0.017251,0.000134,-0.984521,-0.008826,-0.175046,0.000000,0.000000,0.000000,-1,-0.990112,-0.010345,-0.168945,-0.010355,0.088010,0.010404,-2.988449,237.143372,-569.968018,0,0
3.280000,-1.391258,0.008561,-0.112697,0.176495,-0.028452,0.983890,0.112455,0.993620,0.008561,-0.977857,0.109132,0.178569,-0.032812,-0.640031,-0.045972,0.766271,0.011868,0.079993,0.015482,-0.006222,-0.001784,0.009623,-0.983890,-0.008561,-0.178569,0.000000,0.000000,0.000000,-1,-0.997681,-0.006226,-0.165359,-0.017913,0.064582,-0.003299,-3.515839,236.967575,-569.130005,0,0
3.320000,-1.389936,0.008079,-0.112626,0.177843,-0.028113,0.983657,0.112385,0.993632,0.008079,-0.977620,0.109111,0.179870,-0.032944,-0.639515,-0.045812,0.766705,-0.010647,0.035431,0.007301,-0.014023,0.001853,0.014510,-0.983657,-0.008079,-0.179870,0.000000,0.000000,0.000000,-1,-0.991837,-0.008331,-0.165558,-0.038266,0.026429,-0.006194,-3.515839,237.670746,-568.459717,0,0
3.360000,-1.390754,0.007681,-0.113635,0.177059,-0.027813,0.983807,0.113387,0.993521,0.007681,-0.977647,0.110191,0.179066,-0.033438,-0.639804,-0.046058,0.766428,-0.028874,-0.003790,0.004393,-0.003910,-0.004725,0.013935,-0.983807,-0.007681,-0.179066,0.000000,0.000000,0.000000,-1,-0.983978,-0.014236,-0.160660,-0.051141,-0.003253,-0.009179,-3.340042,237.143372,-569.297607,0,0
3.400000,-1.392283,0.007914,-0.114943,0.175502,-0.028102,0.984078,0.114687,0.993370,0.007914,-0.977776,0.111472,0.177561,-0.033803,-0.640372,-0.046608,0.765904,-0.037431,-0.013365,0.000232,0.004235,-0.010809,0.016108,-0.984078,-0.007914,-0.177561,0.000000,0.000000,0.000000,-1,-0.977554,-0.018204,-0.159180,-0.066047,0.001987,-0.015475,-2.988449,238.901291,-570.303162,0,0
3.440000,-1.392944,0.008140,-0.115802,0.174805,-0.028399,0.984193,0.115539,0.993270,0.008140,-0.977801,0.112290,0.176910,-0.034006,-0.640616,-0.046998,0.765667,-0.045928,-0.003863,-0.002936,0.006639,-0.010064,0.017730,-0.984193,-0.008140,-0.176910,0.000000,0.000000,0.000000,-1,-0.975586,-0.011612,-0.159775,-0.068164,0.010411,-0.020817,-3.515839,238.373917,-568.794861,0,0
3.480000,-1.393881,0.008884,-0.118622,0.173722,-0.029511,0.984352,0.118339,0.992934,0.008883,-0.977659,0.114944,0.175987,-0.034647,-0.640942,-0.048299,0.765285,-0.037388,0.010480,-0.028655,-0.003914,-0.000058,0.011940,-0.984352,-0.008883,-0.175987,0.000000,0.000000,0.000000,-1,-1.004440,-0.010147,-0.168198,-0.047974,0.016544,-0.044434,-2.285294,237.846542,-569.632812,0,0
3.520000,-1.394114,0.009701,-0.119477,0.173373,-0.030431,0.984386,0.119188,0.992824,0.009701,-0.977618,0.115645,0.175756,-0.034615,-0.641033,-0.048884,0.765172,-0.017164,0.004167,-0.023462,-0.017827,-0.000569,0.006063,-0.984386,-0.009701,-0.175756,0.000000,0.000000,0.000000,-1,-0.986038,-0.007248,-0.168076,-0.047998,-0.005540,-0.027305,-1.406326,237.319168,-568.459717,0,0
3.560000,-1.394744,0.009954,-0.120341,0.172701,-0.030755,0.984494,0.120044,0.992719,0.009954,-0.977632,0.116464,0.175136,-0.034810,-0.641265,-0.049285,0.764944,-0.033172,-0.016915,-0.012605,-0.001544,0.002706,0.007060,-0.984494,-0.009954,-0.175136,0.000000,0.000000,0.000000,-1,-0.982681,-0.005798,-0.168289,-0.056539,-0.019238,-0.019731,-2.988449,237.846542,-568.962463,0,0
3.600000,-1.396217,0.009799,-0.121848,0.171233,-0.030690,0.984752,0.121541,0.992538,0.009798,-0.977705,0.118010,0.173685,-0.035389,-0.641798,-0.049785,0.764437,-0.041647,-0.032978,-0.010372,0.002071,0.004000,0.005396,-0.984752,-0.009798,-0.173685,0.000000,0.000000,0.000000,-1,-0.986359,-0.004318,-0.167267,-0.074678,-0.022519,-0.031296,-2.285294,237.143372,-569.297607,0,0
3.640000,-1.398210,0.009748,-0.124729,0.169202,-0.030892,0.985097,0.124400,0.992184,0.009748,-0.977699,0.120897,0.171722,-0.036384,-0.642507,-0.050834,0.763726,-0.061904,-0.038310,-0.014455,-0.000514,0.004636,0.003372,-0.985097,-0.009748,-0.171722,0.000000,0.000000,0.000000,-1,-0.983978,-0.007019,-0.172928,-0.082167,-0.039404,-0.024783,-1.757919,238.725494,-568.794861,0,0
3.680000,-1.399821,0.009526,-0.127228,0.167577,-0.030900,0.985375,0.126879,0.991872,0.009526,-0.977660,0.123427,0.170136,-0.037313,-0.643071,-0.051687,0.763149,-0.058716,-0.044616,-0.009128,0.008370,0.003606,-0.004241,-0.985375,-0.009526,-0.170136,0.000000,0.000000,0.000000,-1,-0.978577,-0.005035,-0.169861,-0.077848,-0.026617,-0.016342,-1.933701,237.494949,-569.297607,0,0
3.720000,-1.400928,0.008882,-0.130171,0.166486,-0.030624,0.985568,0.129799,0.991501,0.008882,-0.977463,0.126447,0.169046,-0.038534,-0.643422,-0.052582,0.762731,-0.061791,-0.012751,0.000366,0.010471,0.002962,-0.000678,-0.985568,-0.008882,-0.169046,0.000000,0.000000,0.000000,-1,-0.977905,-0.006287,-0.170990,-0.082030,-0.005384,-0.011062,-1.230530,237.143372,-568.627258,0,0
3.760000,-1.401158,0.008434,-0.132014,0.166262,-0.030463,0.985611,0.131626,0.991264,0.008434,-0.977257,0.128330,0.168820,-0.039304,-0.643464,-0.053136,0.762618,-0.062722,-0.016113,-0.000698,0.004242,0.000286,-0.000171,-0.985611,-0.008434,-0.168820,0.000000,0.000000,0.000000,-1,-0.989838,-0.023956,-0.169342,-0.083131,-0.013896,-0.015283,-1.933701,238.198120,-569.632812,0,0
3.800000,-1.401821,0.008685,-0.133831,0.165526,-0.030924,0.985720,0.133427,0.991021,0.008685,-0.977138,0.130084,0.168166,-0.039811,-0.643686,-0.053896,0.762351,-0.059582,-0.034119,-0.000657,-0.004117,-0.015271,-0.001176,-0.985720,-0.008685,-0.168166,0.000000,0.000000,0.000000,-1,-0.978622,-0.027924,-0.166473,-0.073586,-0.031844,-0.008898,-3.340042,238.549713,-568.962463,0,0
3.840000,-1.403719,0.009458,-0.136306,0.163491,-0.031838,0.986031,0.135878,0.990680,0.009458,-0.977143,0.132434,0.166293,-0.040365,-0.644379,-0.055050,0.761654,-0.020107,-0.025459,0.020302,0.007729,-0.020388,0.000827,-0.986031,-0.009458,-0.166293,0.000000,0.000000,0.000000,-1,-0.976593,-0.042343,-0.162796,-0.029841,-0.019998,0.013090,-2.988449,237.494949,-568.627258,0,0
3.880000,-1.404467,0.010264,-0.136372,0.162650,-0.032537,0.986147,0.135942,0.990664,0.010264,-0.977274,0.132390,0.165554,-0.040099,-0.644682,-0.055319,0.761391,-0.000899,-0.015882,0.025436,0.009814,-0.036703,0.004254,-0.986147,-0.010264,-0.165554,0.000000,0.000000,0.000000,-1,-0.978943,-0.030792,-0.164246,-0.008466,0.008574,0.010687,-2.461075,238.725494,-567.789307,0,0
3.920000,-1.404607,0.011024,-0.135924,0.162427,-0.033188,0.986162,0.135498,0.990716,0.011024,-0.977373,0.131832,0.165416,-0.039670,-0.644762,-0.055391,0.761341,0.026844,0.006322,0.021935,0.007219,-0.019769,0.001170,-0.986162,-0.011024,-0.165416,0.000000,0.000000,0.000000,-1,-0.982483,-0.008286,-0.166260,0.030978,0.025500,0.009252,-2.988449,239.252869,-568.962463,0,0
3.960000,-1.403711,0.010999,-0.133807,0.163375,-0.032936,0.986014,0.133400,0.991001,0.010999,-0.977503,0.129738,0.166298,-0.038972,-0.644463,-0.054595,0.761688,0.061068,0.027288,0.009855,0.003531,0.002714,0.000039,-0.986014,-0.010999,-0.166298,0.000000,0.000000,0.000000,-1,-0.979950,-0.006653,-0.166824,0.041549,0.021025,-0.016381,-4.218994,239.077087,-568.459717,0,0
4.000000,-1.403050,0.011369,-0.131057,0.164064,-0.032932,0.985900,0.130674,0.991360,0.011369,-0.977756,0.126966,0.166950,-0.037927,-0.644272,-0.053679,0.761967,0.044998,0.011218,-0.010200,0.008406,0.005052,0.001881,-0.985900,-0.011369,-0.166950,0.000000,0.000000,0.000000,-1,-0.976959,-0.006180,-0.171844,0.021345,0.031601,-0.018394,-2.812668,236.264420,-568.794861,0,0
4.040000,-1.401828,0.011561,-0.129541,0.165284,-0.033024,0.985693,0.129171,0.991555,0.011561,-0.977750,0.125412,0.168154,-0.037333,-0.643839,-0.053186,0.762397,0.031236,0.032464,-0.003779,0.008734,0.005381,-0.003690,-0.985693,-0.011561,-0.168154,0.000000,0.000000,0.000000,-1,-0.986542,-0.004120,-0.169724,-0.007413,0.027382,-0.017090,-5.097961,239.252869,-568.292114,0,0
4.080000,-1.400582,0.011318,-0.129108,0.166548,-0.032871,0.985485,0.128741,0.991614,0.011318,-0.977593,0.124987,0.169383,-0.037253,-0.643367,-0.052966,0.762815,0.000532,0.012210,-0.006673,-0.000202,0.007610,0.000300,-0.985485,-0.011318,-0.169383,0.000000,0.000000,0.000000,-1,-0.983185,-0.004776,-0.167740,-0.020216,0.017863,-0.015890,-2.988449,237.846542,-568.962463,0,0
4.120000,-1.400304,0.010984,-0.129279,0.166856,-0.032608,0.985442,0.128911,0.991595,0.010984,-0.977518,0.125202,0.169657,-0.037428,-0.643250,-0.052929,0.762907,-0.014348,0.012312,0.004097,0.002257,0.006208,0.001918,-0.985442,-0.010984,-0.169657,0.000000,0.000000,0.000000,-1,-0.980118,-0.010223,-0.163193,-0.040418,0.019016,-0.006150,-2.109497,238.373917,-569.800415,0,0
4.160000,-1.400200,0.010516,-0.129790,0.167001,-0.032248,0.985429,0.129419,0.991534,0.010516,-0.977426,0.125777,0.169761,-0.037769,-0.643190,-0.052975,0.762938,-0.019676,0.009154,0.006282,0.005311,0.000292,0.006568,-0.985429,-0.010516,-0.169761,0.000000,0.000000,0.000000,-1,-0.983368,-0.013321,-0.158585,-0.040457,0.010493,-0.011444,-3.340042,238.549713,-569.297607,0,0
4.200000,-1.400658,0.010812,-0.130757,0.166484,-0.032642,0.985504,0.130377,0.991406,0.010812,-0.977387,0.126687,0.169308,-0.037979,-0.643353,-0.053431,0.762758,-0.009071,0.004803,-0.005505,0.001831,0.000619,0.003659,-0.985504,-0.010812,-0.169308,0.000000,0.000000,0.000000,-1,-0.992676,-0.012665,-0.168503,-0.023440,0.010420,-0.019033,-2.812668,236.967575,-568.459717,0,0
4.240000,-1.400715,0.011131,-0.130829,0.166385,-0.032957,0.985510,0.130448,0.991393,0.011130,-0.977394,0.126706,0.169252,-0.037882,-0.643381,-0.053559,0.762730,0.000481,-0.003693,-0.007678,-0.008173,-0.004510,-0.000136,-0.985510,-0.011130,-0.169252,0.000000,0.000000,0.000000,-1,-0.981918,-0.016708,-0.162888,-0.013910,-0.004440,-0.022247,-2.636871,236.791794,-567.956909,0,0
