0.000000,-1.315556,1.246050,1.016641,0.912650,-0.267870,0.308731,-0.271318,0.167902,0.947732,-0.305705,-0.948712,0.080558,0.645018,-0.208982,0.001173,0.735036,-0.019518,0.008494,-0.028465,-0.005996,0.020669,-0.004296,-0.308731,-0.947732,-0.080558,0.000000,0.000000,0.000000,-1,-0.309616,-0.931702,-0.078094,-0.041579,0.012375,-0.037010,28.302521,200.930222,-571.308716,0,0
0.040000,-1.314053,1.246396,1.015129,0.912795,-0.267881,0.308292,-0.270785,0.168139,0.947842,-0.305745,-0.948667,0.080938,0.644926,-0.208809,0.000988,0.735165,-0.005692,0.000057,-0.024276,-0.000256,0.014950,0.001150,-0.308292,-0.947842,-0.080938,0.000000,0.000000,0.000000,-1,-0.303726,-0.933838,-0.084564,-0.025617,0.006056,-0.032849,29.357269,202.336563,-570.638306,0,0
0.080000,-1.313323,1.247301,1.014438,0.913070,-0.267966,0.307404,-0.269941,0.167873,0.948130,-0.305671,-0.948690,0.080945,0.645029,-0.208482,0.000672,0.735168,0.007102,0.005360,-0.023330,0.004456,0.016611,-0.002063,-0.307404,-0.948130,-0.080945,0.000000,0.000000,0.000000,-1,-0.298630,-0.932755,-0.081467,-0.026649,0.017697,-0.033950,29.533066,203.215515,-571.476257,0,0
0.120000,-1.311932,1.248372,1.013296,0.913468,-0.267862,0.306309,-0.268887,0.167644,0.948470,-0.305410,-0.948760,0.081113,0.645119,-0.208004,0.000349,0.735225,-0.000434,0.001039,-0.028566,0.006550,0.017119,-0.000400,-0.306309,-0.948470,-0.081113,0.000000,0.000000,0.000000,-1,-0.302307,-0.930344,-0.080475,-0.027769,0.002830,-0.038147,29.533066,201.809189,-570.470764,0,0
0.160000,-1.310635,1.249377,1.011630,0.913679,-0.268317,0.305282,-0.267799,0.167585,0.948788,-0.305737,-0.948642,0.081264,0.645141,-0.207751,-0.000176,0.735277,-0.001535,-0.011660,-0.027445,0.005630,0.018032,0.000301,-0.305282,-0.948788,-0.081264,0.000000,0.000000,0.000000,-1,-0.300079,-0.932373,-0.081604,-0.022455,-0.004536,-0.032834,29.181473,201.809189,-569.130005,0,0
0.200000,-1.310591,1.250008,1.011196,0.913739,-0.268774,0.304700,-0.267219,0.167384,0.948987,-0.306065,-0.948548,0.081124,0.645219,-0.207679,-0.000529,0.735229,0.003800,-0.013711,-0.020021,0.005064,0.016065,-0.000907,-0.304700,-0.948987,-0.081124,0.000000,0.000000,0.000000,-1,-0.298019,-0.934906,-0.083679,-0.027759,-0.002368,-0.027474,29.181473,202.512360,-570.470764,0,0
0.240000,-1.308071,1.250812,1.008070,0.913876,-0.269371,0.303758,-0.266049,0.167812,0.949240,-0.306672,-0.948303,0.081693,0.645053,-0.207510,-0.001129,0.735422,-0.015345,-0.009429,-0.015628,0.004625,0.014716,-0.003756,-0.303758,-0.949240,-0.081693,0.000000,0.000000,0.000000,-1,-0.301132,-0.931229,-0.080261,-0.040521,-0.000217,-0.024187,29.357269,201.984970,-570.303162,0,0
0.280000,-1.307594,1.250864,1.007475,0.913876,-0.269470,0.303671,-0.265907,0.167943,0.949257,-0.306796,-0.948252,0.081825,0.645001,-0.207510,-0.001211,0.735467,-0.015340,-0.008360,-0.014566,0.002188,0.016319,0.000343,-0.303671,-0.949257,-0.081825,0.000000,0.000000,0.000000,-1,-0.298889,-0.932541,-0.074936,-0.041578,-0.001236,-0.019914,27.950928,201.633392,-570.638306,0,0
0.320000,-1.306864,1.251095,1.005872,0.913727,-0.270280,0.303400,-0.265453,0.168252,0.949329,-0.307633,-0.947966,0.081990,0.644881,-0.207687,-0.001641,0.735522,-0.006906,-0.021035,-0.006022,0.004755,0.016605,0.004856,-0.303400,-0.949329,-0.081990,0.000000,0.000000,0.000000,-1,-0.292831,-0.936737,-0.082748,-0.027749,-0.009663,-0.014663,29.708847,202.336563,-571.308716,0,0
0.360000,-1.307679,1.251835,1.005829,0.913654,-0.271212,0.302788,-0.264852,0.167887,0.949562,-0.308367,-0.947765,0.081560,0.645021,-0.207770,-0.002162,0.735374,-0.000459,-0.003021,-0.005078,0.007958,0.009406,-0.000746,-0.302789,-0.949562,-0.081560,0.000000,0.000000,0.000000,-1,-0.291763,-0.938416,-0.079681,-0.023430,0.008361,-0.012634,28.829895,202.160767,-570.135559,0,0
0.400000,-1.307683,1.252247,1.005778,0.913744,-0.271329,0.302410,-0.264513,0.167691,0.949691,-0.308391,-0.947766,0.081457,0.645096,-0.207660,-0.002318,0.735339,0.001665,-0.004091,-0.006158,0.006756,0.014388,0.000997,-0.302410,-0.949691,-0.081457,0.000000,0.000000,0.000000,-1,-0.296066,-0.934555,-0.080490,-0.025587,0.003026,-0.016858,29.357269,201.984970,-570.303162,0,0
0.440000,-1.307706,1.252529,1.005606,0.913762,-0.271554,0.302154,-0.264258,0.167594,0.949779,-0.308555,-0.947719,0.081380,0.645133,-0.207636,-0.002481,0.735312,0.001655,-0.006219,-0.007215,0.008270,0.018642,0.003149,-0.302154,-0.949779,-0.081380,0.000000,0.000000,0.000000,-1,-0.293762,-0.938156,-0.073151,-0.023419,0.010499,-0.010511,28.829895,202.160767,-571.141113,0,0
0.480000,-1.310428,1.253013,1.008178,0.913745,-0.271862,0.301930,-0.264299,0.166668,0.949930,-0.308572,-0.947794,0.080439,0.645492,-0.207656,-0.002572,0.734992,0.017593,-0.005124,0.001242,0.007420,0.013621,0.007548,-0.301930,-0.949930,-0.080439,0.000000,0.000000,0.000000,-1,-0.298737,-0.935135,-0.080872,-0.010646,0.007338,-0.008468,29.181473,202.512360,-571.141113,0,0
0.520000,-1.310873,1.253041,1.008665,0.913747,-0.271843,0.301941,-0.264358,0.166525,0.949939,-0.308515,-0.947824,0.080298,0.645547,-0.207654,-0.002546,0.734944,0.000567,0.001206,-0.001846,0.004806,0.017703,-0.002176,-0.301941,-0.949939,-0.080298,0.000000,0.000000,0.000000,-1,-0.294800,-0.933655,-0.076050,-0.028738,0.014707,-0.013681,29.357269,203.039734,-569.968018,0,0
0.560000,-1.310045,1.253354,1.008052,0.913916,-0.271668,0.301586,-0.264004,0.166528,0.950037,-0.308317,-0.947874,0.080471,0.645546,-0.207449,-0.002607,0.735003,-0.000519,0.001128,-0.010360,0.007824,0.019403,0.000698,-0.301586,-0.950037,-0.080471,0.000000,0.000000,0.000000,-1,-0.293610,-0.928040,-0.075409,-0.026634,0.011470,-0.020078,29.005692,201.281815,-571.979004,0,0
0.600000,-1.309969,1.253893,1.008427,0.914178,-0.271340,0.301086,-0.263634,0.166156,0.950205,-0.307856,-0.948033,0.080362,0.645690,-0.207133,-0.002621,0.734965,0.011228,0.022380,0.001273,0.009170,0.017588,0.010523,-0.301086,-0.950205,-0.080362,0.000000,0.000000,0.000000,-1,-0.296356,-0.934509,-0.078125,-0.010589,0.026402,-0.008539,29.533066,201.809189,-571.476257,0,0
0.640000,-1.311395,1.253956,1.010400,0.914290,-0.270899,0.301142,-0.263910,0.165604,0.950225,-0.307286,-0.948256,0.079917,0.645904,-0.207000,-0.002378,0.734815,0.012280,0.016044,0.003419,0.002116,0.016738,0.007636,-0.301142,-0.950225,-0.079917,0.000000,0.000000,0.000000,-1,-0.300812,-0.935822,-0.079544,-0.014846,0.024315,-0.005303,29.708847,201.984970,-570.638306,0,0
0.680000,-1.310944,1.253608,1.010714,0.914425,-0.270128,0.301425,-0.264242,0.165697,0.950116,-0.306599,-0.948459,0.080138,0.645870,-0.206841,-0.002002,0.734891,-0.003688,0.018157,0.002471,0.001285,0.016065,-0.003770,-0.301425,-0.950116,-0.080138,0.000000,0.000000,0.000000,-1,-0.300903,-0.934052,-0.076080,-0.030826,0.023240,-0.007305,29.533066,202.160767,-570.135559,0,0
0.720000,-1.310195,1.253302,1.010601,0.914546,-0.269473,0.301646,-0.264470,0.165881,0.950021,-0.306042,-0.948614,0.080439,0.645799,-0.206698,-0.001702,0.734994,0.000548,0.009693,0.003536,0.006587,0.015008,0.000467,-0.301646,-0.950021,-0.080439,0.000000,0.000000,0.000000,-1,-0.296707,-0.933990,-0.079315,-0.022303,0.021159,-0.003102,28.829895,201.809189,-570.805908,0,0
0.760000,-1.310170,1.253250,1.010705,0.914568,-0.269345,0.301692,-0.264529,0.165880,0.950004,-0.305924,-0.948650,0.080459,0.645800,-0.206672,-0.001638,0.735001,0.002695,0.012899,0.006703,0.004985,0.016014,0.001144,-0.301692,-0.950004,-0.080459,0.000000,0.000000,0.000000,-1,-0.298050,-0.931717,-0.083298,-0.024407,0.025445,0.002225,28.829895,201.809189,-570.135559,0,0
0.800000,-1.308718,1.252338,1.010541,0.914734,-0.267971,0.302411,-0.265235,0.166384,0.949719,-0.304814,-0.948951,0.081121,0.645606,-0.206475,-0.000930,0.735228,-0.004776,0.023474,0.008969,0.004895,0.021954,0.003515,-0.302411,-0.949719,-0.081121,0.000000,0.000000,0.000000,-1,-0.303299,-0.931625,-0.078613,-0.031904,0.017954,-0.006212,29.181473,202.512360,-571.141113,0,0
0.840000,-1.307894,1.251732,1.010237,0.914748,-0.267370,0.302900,-0.265672,0.166770,0.949529,-0.304390,-0.949053,0.081520,0.645457,-0.206459,-0.000577,0.735364,-0.004829,0.011754,0.001559,0.001982,0.021749,0.000572,-0.302900,-0.949529,-0.081520,0.000000,0.000000,0.000000,-1,-0.300812,-0.927139,-0.079666,-0.029779,0.018983,-0.009428,30.236221,202.512360,-570.805908,0,0
0.880000,-1.307316,1.251432,1.010020,0.914789,-0.266971,0.303128,-0.265877,0.166979,0.949435,-0.304088,-0.949128,0.081769,0.645376,-0.206410,-0.000372,0.735449,-0.001623,0.014941,0.002589,0.003033,0.021457,0.000501,-0.303128,-0.949435,-0.081769,0.000000,0.000000,0.000000,-1,-0.302017,-0.932983,-0.081238,-0.026574,0.020071,-0.006261,30.236221,202.160767,-570.135559,0,0
0.920000,-1.307168,1.251104,1.010222,0.914804,-0.266593,0.303417,-0.266175,0.167091,0.949332,-0.303783,-0.949215,0.081895,0.645333,-0.206393,-0.000142,0.735491,0.000490,0.008595,0.003663,0.001400,0.016349,0.000658,-0.303417,-0.949332,-0.081895,0.000000,0.000000,0.000000,-1,-0.308136,-0.939545,-0.084503,-0.026577,0.017963,-0.005188,29.357269,201.984970,-569.968018,0,0
0.960000,-1.306542,1.250429,1.010056,0.914776,-0.266042,0.303984,-0.266690,0.167476,0.949120,-0.303416,-0.949302,0.082253,0.645184,-0.206427,0.000220,0.735613,-0.004878,0.008573,0.004916,-0.002763,0.011467,-0.000114,-0.303984,-0.949120,-0.082253,0.000000,0.000000,0.000000,-1,-0.306107,-0.940552,-0.080688,-0.031893,0.017994,-0.001951,29.884644,201.809189,-570.470764,0,0
1.000000,-1.305967,1.249740,1.009803,0.914706,-0.265616,0.304567,-0.267200,0.167891,0.948903,-0.303178,-0.949348,0.082598,0.645023,-0.206511,0.000538,0.735730,-0.005944,0.005425,0.008134,0.003221,0.012730,0.001452,-0.304567,-0.948903,-0.082599,0.000000,0.000000,0.000000,-1,-0.304428,-0.930664,-0.079529,-0.028724,0.010569,-0.003013,29.181473,201.809189,-570.805908,0,0
1.040000,-1.306006,1.249179,1.009859,0.914564,-0.265511,0.305085,-0.267661,0.168160,0.948725,-0.303200,-0.949329,0.082726,0.644918,-0.206682,0.000731,0.735773,-0.007039,-0.000969,0.003908,-0.000198,0.019450,0.001671,-0.305085,-0.948725,-0.082726,0.000000,0.000000,0.000000,-1,-0.300964,-0.930908,-0.082352,-0.031917,0.011619,-0.004057,28.478302,202.863937,-571.141113,0,0
1.080000,-1.305006,1.248623,1.008929,0.914476,-0.265322,0.305511,-0.267951,0.168690,0.948549,-0.303208,-0.949288,0.083169,0.644713,-0.206787,0.000893,0.735924,-0.004944,0.000057,0.002935,0.003997,0.022066,0.000436,-0.305511,-0.948549,-0.083169,0.000000,0.000000,0.000000,-1,-0.300369,-0.925140,-0.084290,-0.031941,0.006294,-0.007233,28.302521,202.336563,-570.638306,0,0
1.120000,-1.303993,1.248284,1.007867,0.914414,-0.265276,0.305737,-0.268044,0.169146,0.948442,-0.303313,-0.949220,0.083564,0.644536,-0.206862,0.000940,0.736058,-0.008144,-0.002050,0.004034,0.003017,0.022234,-0.001946,-0.305737,-0.948442,-0.083564,0.000000,0.000000,0.000000,-1,-0.301544,-0.930267,-0.083313,-0.035128,0.006324,-0.004013,29.005692,202.688141,-571.643860,0,0
1.160000,-1.303340,1.247756,1.007211,0.914302,-0.265169,0.306165,-0.268356,0.169589,0.948275,-0.303375,-0.949171,0.083896,0.644364,-0.206997,0.001082,0.736170,-0.004907,0.004392,0.013573,0.004010,0.012285,0.002948,-0.306165,-0.948275,-0.083896,0.000000,0.000000,0.000000,-1,-0.303452,-0.938797,-0.086761,-0.026609,0.002135,0.001264,29.884644,201.106018,-570.135559,0,0
1.200000,-1.303098,1.247305,1.006864,0.914167,-0.265183,0.306556,-0.268658,0.169910,0.948131,-0.303515,-0.949109,0.084083,0.644239,-0.207160,0.001180,0.736234,-0.001757,-0.008337,0.011466,0.001304,0.011043,-0.004037,-0.306556,-0.948131,-0.084083,0.000000,0.000000,0.000000,-1,-0.304672,-0.934235,-0.085114,-0.030854,0.004284,0.004484,29.884644,202.160767,-570.470764,0,0
1.240000,-1.302145,1.246238,1.005817,0.913902,-0.265060,0.307451,-0.269335,0.170733,0.947792,-0.303714,-0.948996,0.084644,0.643919,-0.207477,0.001451,0.736424,-0.013460,0.005416,0.011666,0.004381,0.012672,0.002444,-0.307451,-0.947792,-0.084644,0.000000,0.000000,0.000000,-1,-0.303848,-0.933441,-0.087860,-0.028740,0.004224,-0.001924,31.115189,203.742889,-571.308716,0,0
1.280000,-1.300844,1.245700,1.004417,0.913786,-0.265017,0.307832,-0.269525,0.171384,0.947620,-0.303893,-0.948891,0.085179,0.643666,-0.207616,0.001530,0.736605,-0.006053,-0.007314,0.009526,0.004060,0.018985,-0.005138,-0.307832,-0.947620,-0.085179,0.000000,0.000000,0.000000,-1,-0.297867,-0.932755,-0.086136,-0.025484,0.017022,0.007591,28.478302,202.512360,-571.141113,0,0
1.320000,-1.300498,1.245071,1.004755,0.913817,-0.264276,0.308377,-0.270086,0.171612,0.947419,-0.303301,-0.949056,0.085445,0.643576,-0.207575,0.001972,0.736694,0.012135,0.017101,0.015684,0.006162,0.014832,-0.003254,-0.308377,-0.947419,-0.085445,0.000000,0.000000,0.000000,-1,-0.309952,-0.928482,-0.089661,-0.012702,0.021225,0.004280,29.357269,200.578644,-570.303162,0,0
1.360000,-1.300894,1.244433,1.005660,0.913770,-0.263719,0.308994,-0.270752,0.171692,0.947214,-0.302850,-0.949197,0.085484,0.643544,-0.207628,0.002387,0.736706,0.006800,0.013926,0.015739,-0.000729,0.015833,-0.003093,-0.308994,-0.947214,-0.085484,0.000000,0.000000,0.000000,-1,-0.308014,-0.929718,-0.086853,-0.023359,0.019100,0.003306,29.533066,202.160767,-569.465210,0,0
1.400000,-1.301181,1.243581,1.006415,0.913659,-0.263161,0.309796,-0.271563,0.171919,0.946941,-0.302457,-0.949310,0.085610,0.643454,-0.207756,0.002851,0.736748,0.008869,0.005409,0.013753,0.001019,0.018077,0.000542,-0.309796,-0.946941,-0.085610,0.000000,0.000000,0.000000,-1,-0.308273,-0.929596,-0.084763,-0.005275,0.011701,0.005324,28.654099,202.688141,-570.638306,0,0
1.440000,-1.304012,1.242700,1.009705,0.913437,-0.262696,0.310842,-0.272834,0.171468,0.946657,-0.301983,-0.949521,0.084953,0.643626,-0.208013,0.003441,0.736522,0.022746,0.010781,0.022150,0.004644,0.013796,-0.004692,-0.310842,-0.946657,-0.084953,0.000000,0.000000,0.000000,-1,-0.306412,-0.934479,-0.091385,-0.000966,0.022360,0.012708,27.775146,202.512360,-569.800415,0,0
1.480000,-1.305053,1.242027,1.011442,0.913402,-0.261987,0.311545,-0.273671,0.171332,0.946440,-0.301333,-0.949741,0.084797,0.643676,-0.208047,0.003966,0.736466,0.020649,0.020334,0.024261,0.002295,0.016310,-0.001248,-0.311545,-0.946440,-0.084797,0.000000,0.000000,0.000000,-1,-0.309494,-0.926285,-0.084473,-0.006274,0.031845,0.007387,29.357269,202.688141,-571.308716,0,0
1.520000,-1.306150,1.241381,1.013348,0.913399,-0.261182,0.312228,-0.274516,0.171133,0.946232,-0.300571,-0.949999,0.084614,0.643749,-0.208038,0.004527,0.736401,0.016372,0.022365,0.014700,0.001895,0.019687,-0.000575,-0.312228,-0.946232,-0.084615,0.000000,0.000000,0.000000,-1,-0.315735,-0.924576,-0.082199,-0.011626,0.027550,0.001052,29.533066,201.457596,-570.135559,0,0
1.560000,-1.307674,1.240563,1.015760,0.913353,-0.260291,0.313104,-0.275586,0.170879,0.945967,-0.299730,-0.950289,0.084340,0.643843,-0.208078,0.005193,0.736304,0.013138,0.020175,0.010619,-0.002387,0.023008,0.004384,-0.313104,-0.945967,-0.084340,0.000000,0.000000,0.000000,-1,-0.314789,-0.923721,-0.080338,-0.005225,0.032835,-0.000083,29.005692,200.578644,-570.638306,0,0
1.600000,-1.309358,1.240016,1.018223,0.913344,-0.259553,0.313745,-0.276446,0.170471,0.945789,-0.298966,-0.950564,0.083946,0.643997,-0.208075,0.005737,0.736166,0.021668,0.023360,0.011608,-0.000449,0.020176,0.001671,-0.313745,-0.945789,-0.083946,0.000000,0.000000,0.000000,-1,-0.317551,-0.927002,-0.083511,-0.000977,0.031745,-0.003307,28.478302,202.863937,-570.135559,0,0
1.640000,-1.311558,1.239210,1.021721,0.913377,-0.258316,0.314666,-0.277691,0.169901,0.945527,-0.297707,-0.951003,0.083451,0.644210,-0.208010,0.006581,0.735991,0.019492,0.016907,0.001001,-0.001893,0.022691,-0.003936,-0.314666,-0.945527,-0.083451,0.000000,0.000000,0.000000,-1,-0.315506,-0.923370,-0.087662,-0.010592,0.029530,-0.013878,28.829895,201.809189,-571.476257,0,0
1.680000,-1.310747,1.238983,1.022223,0.913687,-0.257049,0.314805,-0.277960,0.169873,0.945453,-0.296505,-0.951351,0.083762,0.644215,-0.207620,0.007102,0.736091,0.004536,0.017794,-0.018058,-0.001433,0.021900,-0.005334,-0.314805,-0.945453,-0.083762,0.000000,0.000000,0.000000,-1,-0.317551,-0.920334,-0.088821,-0.022360,0.025139,-0.030815,29.708847,201.633392,-571.308716,0,0
1.720000,-1.308947,1.239005,1.020913,0.913890,-0.256537,0.314634,-0.277719,0.170226,0.945460,-0.296105,-0.951426,0.084323,0.644077,-0.207373,0.007192,0.736281,-0.004015,0.014540,-0.026498,-0.005327,0.024333,-0.007032,-0.314634,-0.945460,-0.084323,0.000000,0.000000,0.000000,-1,-0.310486,-0.920731,-0.086838,-0.033056,0.018679,-0.042427,29.005692,203.391312,-571.308716,0,0
1.760000,-1.306446,1.239672,1.018786,0.914263,-0.256212,0.313813,-0.276819,0.170486,0.945677,-0.295794,-0.951467,0.084945,0.643978,-0.206929,0.006995,0.736494,-0.001938,0.007042,-0.030622,0.002869,0.021636,-0.000856,-0.313813,-0.945677,-0.084945,0.000000,0.000000,0.000000,-1,-0.311096,-0.925049,-0.088242,-0.024581,0.006996,-0.045644,29.181473,202.160767,-570.805908,0,0
1.800000,-1.303703,1.240899,1.015838,0.914646,-0.256499,0.312460,-0.275329,0.170690,0.946076,-0.296001,-0.951353,0.085499,0.643906,-0.206485,0.006390,0.736688,-0.009475,-0.010010,-0.042215,0.000112,0.021759,-0.005505,-0.312459,-0.946076,-0.085499,0.000000,0.000000,0.000000,-1,-0.311157,-0.926224,-0.093246,-0.041660,-0.000492,-0.054007,29.005692,202.688141,-569.632812,0,0
1.840000,-1.300280,1.241649,1.011995,0.914872,-0.256883,0.311481,-0.274069,0.171370,0.946318,-0.296471,-0.951128,0.086378,0.643647,-0.206228,0.005830,0.736991,-0.027590,-0.012142,-0.044196,0.001208,0.020491,-0.003923,-0.311481,-0.946318,-0.086378,0.000000,0.000000,0.000000,-1,-0.311554,-0.932083,-0.081116,-0.054450,-0.004726,-0.053891,29.357269,201.984970,-570.638306,0,0
1.880000,-1.297955,1.242410,1.008843,0.914952,-0.257682,0.310586,-0.272918,0.171849,0.946564,-0.297286,-0.950825,0.086908,0.643466,-0.206149,0.005167,0.737175,-0.029770,-0.030138,-0.043045,0.001260,0.012619,0.003824,-0.310586,-0.946564,-0.086908,0.000000,0.000000,0.000000,-1,-0.303284,-0.930069,-0.083878,-0.051344,-0.032284,-0.055943,29.533066,201.809189,-570.805908,0,0
1.920000,-1.295019,1.243829,1.004059,0.914961,-0.259503,0.309037,-0.270959,0.172432,0.947021,-0.299043,-0.950224,0.087454,0.643249,-0.206166,0.003884,0.737368,-0.031941,-0.042869,-0.040740,0.009003,0.016967,0.001013,-0.309037,-0.947021,-0.087454,0.000000,0.000000,0.000000,-1,-0.293304,-0.934113,-0.083160,-0.061985,-0.030163,-0.055868,28.478302,202.512360,-571.141113,0,0
1.960000,-1.290278,1.246350,0.996877,0.915165,-0.261991,0.306323,-0.267708,0.173077,0.947827,-0.301339,-0.949424,0.088257,0.643007,-0.205946,0.001938,0.737648,-0.033036,-0.046125,-0.049247,0.015369,0.015622,0.003311,-0.306323,-0.947827,-0.088257,0.000000,0.000000,0.000000,-1,-0.288971,-0.928024,-0.084000,-0.059910,-0.042932,-0.062228,28.302521,202.688141,-572.314209,0,0
2.000000,-1.287164,1.248005,0.992063,0.915264,-0.263716,0.304540,-0.265558,0.173505,0.948354,-0.302936,-0.948868,0.088771,0.642843,-0.205834,0.000624,0.737825,-0.040475,-0.041886,-0.049208,0.017034,0.018941,0.005366,-0.304540,-0.948354,-0.088771,0.000000,0.000000,0.000000,-1,-0.282944,-0.935074,-0.082123,-0.050204,-0.014200,-0.047497,28.829895,202.160767,-570.470764,0,0
2.040000,-1.283696,1.250145,0.987253,0.915588,-0.265186,0.302284,-0.263026,0.173662,0.949030,-0.304164,-0.948429,0.089252,0.642782,-0.205440,-0.000731,0.737987,-0.025492,-0.028020,-0.033310,0.018562,0.015208,0.006915,-0.302284,-0.949030,-0.089252,0.000000,0.000000,0.000000,-1,-0.287796,-0.934464,-0.083633,-0.049165,-0.027910,-0.041062,29.708847,201.281815,-571.308716,0,0
2.080000,-1.280665,1.252017,0.982340,0.915674,-0.267124,0.300309,-0.260692,0.173966,0.949619,-0.305909,-0.947830,0.089659,0.642660,-0.205324,-0.002178,0.738122,-0.024398,-0.026872,-0.023740,0.012727,0.007144,0.003721,-0.300309,-0.949619,-0.089659,0.000000,0.000000,0.000000,-1,-0.286377,-0.945007,-0.083649,-0.046982,-0.018289,-0.031527,30.236221,202.512360,-571.476257,0,0
2.120000,-1.278990,1.253183,0.979582,0.915740,-0.268256,0.299098,-0.259291,0.174067,0.949983,-0.306901,-0.947491,0.089843,0.642618,-0.205234,-0.003036,0.738182,-0.013686,-0.017215,-0.010014,0.011424,0.004610,0.005126,-0.299098,-0.949984,-0.089843,0.000000,0.000000,0.000000,-1,-0.285416,-0.950897,-0.087234,-0.029850,-0.001180,-0.013613,28.302521,202.688141,-571.308716,0,0
2.160000,-1.278617,1.254099,0.978984,0.915921,-0.268602,0.298231,-0.258465,0.173736,0.950269,-0.307058,-0.947454,0.089704,0.642744,-0.205007,-0.003433,0.738133,0.003472,0.008368,0.007861,0.012068,0.001951,0.002668,-0.298231,-0.950269,-0.089704,0.000000,0.000000,0.000000,-1,-0.288208,-0.946091,-0.084564,-0.020169,0.021178,-0.000988,28.829895,201.106018,-571.811462,0,0
2.200000,-1.279085,1.254270,0.979908,0.916068,-0.268227,0.298118,-0.258491,0.173407,0.950322,-0.306598,-0.947620,0.089518,0.642873,-0.204830,-0.003298,0.738071,0.004548,0.016774,0.006825,0.007483,0.008901,0.003108,-0.298118,-0.950322,-0.089518,0.000000,0.000000,0.000000,-1,-0.291885,-0.935562,-0.087601,-0.016972,0.025374,-0.005290,29.533066,201.809189,-571.141113,0,0
2.240000,-1.279144,1.254279,0.980605,0.916238,-0.267647,0.298114,-0.258605,0.173222,0.950325,-0.305992,-0.947818,0.089498,0.642946,-0.204625,-0.003063,0.738065,0.006706,0.025256,0.007841,0.006229,0.014763,0.001897,-0.298115,-0.950325,-0.089498,0.000000,0.000000,0.000000,-1,-0.287506,-0.927841,-0.090256,-0.011611,0.037033,-0.004310,29.533066,202.160767,-570.470764,0,0
2.280000,-1.279546,1.254362,0.982327,0.916596,-0.266464,0.298074,-0.258836,0.172732,0.950351,-0.304721,-0.948241,0.089355,0.643139,-0.204194,-0.002584,0.738018,0.019505,0.034766,0.005574,0.009180,0.025302,0.000396,-0.298074,-0.950351,-0.089355,0.000000,0.000000,0.000000,-1,-0.289200,-0.926041,-0.094513,-0.011561,0.056068,-0.007578,29.005692,202.688141,-570.303162,0,0
2.320000,-1.277839,1.254360,0.983223,0.917352,-0.264022,0.297924,-0.258993,0.172501,0.950350,-0.302306,-0.948966,0.089865,0.643231,-0.203276,-0.001703,0.738193,0.006769,0.055873,-0.002929,0.007000,0.023806,-0.000590,-0.297924,-0.950350,-0.089865,0.000000,0.000000,0.000000,-1,-0.291336,-0.926651,-0.088730,-0.016881,0.063415,-0.015021,28.829895,202.160767,-570.135559,0,0
2.360000,-1.276605,1.254483,0.983763,0.917896,-0.262375,0.297700,-0.258989,0.172297,0.950389,-0.300651,-0.949459,0.090198,0.643312,-0.202609,-0.001147,0.738307,0.006778,0.063238,-0.008283,0.003343,0.025691,0.001682,-0.297700,-0.950389,-0.090198,0.000000,0.000000,0.000000,-1,-0.299805,-0.924011,-0.083572,-0.028575,0.078147,-0.025639,29.884644,203.567108,-571.141113,0,0
2.400000,-1.271028,1.254706,0.981979,0.919154,-0.258754,0.296991,-0.258505,0.172641,0.950458,-0.297207,-0.950390,0.091795,0.643179,-0.201055,-0.000084,0.738849,-0.034837,0.069204,-0.043075,-0.004462,0.034717,0.007017,-0.296991,-0.950458,-0.091795,0.000000,0.000000,0.000000,-1,-0.301651,-0.911163,-0.084885,-0.070174,0.083118,-0.061556,29.533066,202.863937,-571.476257,0,0
2.440000,-1.264045,1.255239,0.976921,0.920051,-0.256854,0.295859,-0.257208,0.173663,0.950624,-0.295551,-0.950719,0.093713,0.642782,-0.199937,0.000120,0.739498,-0.063634,0.081595,-0.078049,-0.005639,0.044862,0.010263,-0.295859,-0.950624,-0.093713,0.000000,0.000000,0.000000,-1,-0.297302,-0.895676,-0.082382,-0.100052,0.090214,-0.096507,29.181473,202.512360,-571.476257,0,0
2.480000,-1.253610,1.256220,0.968478,0.921205,-0.254869,0.293979,-0.254964,0.175299,0.950928,-0.293896,-0.950953,0.096504,0.642145,-0.198488,0.000032,0.740440,-0.095585,0.095173,-0.099153,-0.003323,0.055252,0.014122,-0.293979,-0.950928,-0.096504,0.000000,0.000000,0.000000,-1,-0.283569,-0.919403,-0.086014,-0.139407,0.121791,-0.118691,28.478302,202.863937,-571.811462,0,0
2.520000,-1.221621,1.260922,0.943096,0.925239,-0.248655,0.286537,-0.246811,0.179086,0.952372,-0.288127,-0.951892,0.104327,0.640669,-0.193340,-0.000620,0.743077,-0.108257,0.191934,-0.168603,0.005059,0.014185,0.010027,-0.286537,-0.952372,-0.104326,0.000000,0.000000,0.000000,-1,-0.288071,-0.967377,-0.092331,-0.130789,0.214323,-0.191547,29.708847,203.039734,-571.308716,0,0
2.560000,-1.202298,1.265449,0.929276,0.928387,-0.243820,0.280444,-0.240857,0.179898,0.953743,-0.282993,-0.952989,0.108290,0.640351,-0.189223,-0.000995,0.744408,-0.093359,0.220161,-0.208241,-0.011915,-0.017708,0.019178,-0.280444,-0.953743,-0.108290,0.000000,0.000000,0.000000,-1,-0.308105,-0.956360,-0.078705,-0.127813,0.193618,-0.254347,30.763611,200.930222,-571.308716,0,0
2.600000,-1.178983,1.270968,0.910768,0.931673,-0.239730,0.272974,-0.233324,0.181095,0.955387,-0.278469,-0.953800,0.112786,0.639881,-0.184821,-0.002147,0.745915,-0.114992,0.150839,-0.260015,-0.035132,-0.000973,0.034082,-0.272974,-0.955387,-0.112786,0.000000,0.000000,0.000000,-1,-0.281906,-0.939774,-0.104370,-0.153698,0.115942,-0.293272,29.005692,202.336563,-571.979004,0,0
2.640000,-1.130864,1.282525,0.867272,0.936990,-0.236399,0.257225,-0.216794,0.183913,0.958737,-0.273951,-0.954092,0.121075,0.638749,-0.177375,-0.006547,0.748662,-0.109789,0.111629,-0.262034,-0.005227,0.064816,-0.004886,-0.257225,-0.958737,-0.121075,0.000000,0.000000,0.000000,-1,-0.257446,-0.888657,-0.130463,-0.131276,0.114075,-0.265740,30.939392,202.512360,-571.141113,0,0
2.680000,-1.105986,1.287331,0.844672,0.939376,-0.234664,0.250012,-0.209135,0.185704,0.960092,-0.271727,-0.954174,0.125369,0.638025,-0.173895,-0.008509,0.750075,-0.116158,0.104349,-0.241637,-0.002704,0.072595,-0.011181,-0.250012,-0.960092,-0.125369,0.000000,0.000000,0.000000,-1,-0.244324,-0.906357,-0.143921,-0.145009,0.123906,-0.233711,31.115189,202.336563,-572.314209,0,0
2.720000,-1.079718,1.291340,0.820953,0.941672,-0.232572,0.243237,-0.201854,0.187987,0.961205,-0.269275,-0.954238,0.130077,0.637104,-0.170469,-0.010217,0.751621,-0.121376,0.119415,-0.216085,0.002606,0.050332,-0.014043,-0.243237,-0.961205,-0.130077,0.000000,0.000000,0.000000,-1,-0.239548,-0.921646,-0.150116,-0.175914,0.117529,-0.236643,32.345734,200.754425,-572.481812,0,0
2.760000,-1.039675,1.295960,0.783680,0.944569,-0.230286,0.234003,-0.191572,0.192231,0.962470,-0.266626,-0.953947,0.137459,0.635390,-0.165984,-0.012836,0.754032,-0.195067,0.084049,-0.262253,-0.006933,0.040122,-0.010353,-0.234003,-0.962470,-0.137459,0.000000,0.000000,0.000000,-1,-0.251160,-0.927948,-0.140549,-0.260373,0.054480,-0.298606,30.939392,201.809189,-572.481812,0,0
2.800000,-0.975872,1.301231,0.718535,0.947383,-0.231991,0.220557,-0.175309,0.200472,0.963887,-0.267829,-0.951836,0.149254,0.631992,-0.161117,-0.018700,0.757811,-0.268985,-0.032813,-0.301720,-0.030679,0.028554,0.020119,-0.220557,-0.963887,-0.149254,0.000000,0.000000,0.000000,-1,-0.234131,-0.935928,-0.134323,-0.266987,-0.022806,-0.295069,33.048904,201.106018,-572.146606,0,0
2.840000,-0.940270,1.303696,0.680398,0.948405,-0.234693,0.213185,-0.166042,0.205163,0.964540,-0.270109,-0.950172,0.155608,0.630007,-0.159020,-0.022588,0.759799,-0.224124,-0.010318,-0.273384,-0.010020,0.027605,0.018874,-0.213185,-0.964540,-0.155608,0.000000,0.000000,0.000000,-1,-0.189819,-0.934525,-0.153458,-0.217810,0.013527,-0.259366,32.873108,203.039734,-572.314209,0,0
2.880000,-0.875411,1.307776,0.614431,0.950915,-0.236452,0.199628,-0.149887,0.212445,0.965609,-0.270730,-0.948134,0.166576,0.626876,-0.154073,-0.028356,0.763206,-0.186454,0.068601,-0.209959,0.029721,0.026309,0.011943,-0.199628,-0.965609,-0.166576,0.000000,0.000000,0.000000,-1,-0.151077,-0.956451,-0.153214,-0.221675,0.114482,-0.223493,32.697311,201.809189,-573.487305,0,0
2.920000,-0.836706,1.309375,0.578639,0.953090,-0.234094,0.191887,-0.141344,0.216379,0.966024,-0.267660,-0.947829,0.173141,0.625214,-0.150124,-0.030299,0.765279,-0.220239,0.180682,-0.231428,0.048866,-0.002803,0.021988,-0.191886,-0.966024,-0.173141,0.000000,0.000000,0.000000,-1,-0.145996,-0.985443,-0.139252,-0.254510,0.211477,-0.272607,33.224686,202.688141,-572.649414,0,0
2.960000,-0.791295,1.311525,0.537816,0.955868,-0.230357,0.182351,-0.131332,0.220184,0.966577,-0.262808,-0.947869,0.180213,0.623593,-0.145002,-0.032255,0.767507,-0.224592,0.182416,-0.272954,0.036355,-0.018866,0.040962,-0.182351,-0.966577,-0.180213,0.000000,0.000000,0.000000,-1,-0.171783,-0.998795,-0.123795,-0.207892,0.144631,-0.284436,33.927856,202.336563,-572.984558,0,0
3.000000,-0.720506,1.317063,0.473193,0.959947,-0.225996,0.165614,-0.114397,0.223437,0.967982,-0.255764,-0.948157,0.188634,0.622068,-0.136799,-0.036230,0.770068,-0.074466,0.140455,-0.226023,-0.007344,-0.029180,0.044042,-0.165614,-0.967982,-0.188634,0.000000,0.000000,0.000000,-1,-0.167496,-0.993195,-0.153778,-0.089512,0.157893,-0.222550,32.697311,202.863937,-572.481812,0,0
3.040000,-0.713767,1.318718,0.467567,0.960520,-0.225251,0.163290,-0.112416,0.222646,0.968396,-0.254488,-0.948520,0.188535,0.622362,-0.135639,-0.036634,0.770016,-0.064815,0.149062,-0.211216,-0.007334,-0.029132,0.039990,-0.163290,-0.968396,-0.188534,0.000000,0.000000,0.000000,-1,-0.155792,-0.985748,-0.170059,-0.079800,0.186645,-0.205688,33.752060,202.160767,-573.822510,0,0
3.080000,-0.670624,1.322950,0.432287,0.963776,-0.218843,0.152458,-0.102775,0.222750,0.969443,-0.246116,-0.949995,0.192189,0.622261,-0.129213,-0.037628,0.771154,-0.059246,0.192898,-0.166680,0.000084,-0.006280,0.012105,-0.152458,-0.969443,-0.192189,0.000000,0.000000,0.000000,-1,-0.146744,-0.974548,-0.185669,-0.094584,0.197575,-0.169393,34.455231,201.809189,-572.817017,0,0
3.120000,-0.629512,1.324736,0.399397,0.966744,-0.211751,0.143411,-0.094721,0.224414,0.969880,-0.237557,-0.951210,0.196893,0.621578,-0.123264,-0.037866,0.772666,-0.083679,0.180539,-0.129158,0.004067,-0.000167,0.019098,-0.143411,-0.969880,-0.196893,0.000000,0.000000,0.000000,-1,-0.137970,-0.967804,-0.168854,-0.109407,0.192648,-0.129843,33.752060,201.809189,-571.811462,0,0
3.160000,-0.615844,1.325271,0.388995,0.967810,-0.208879,0.140406,-0.092185,0.224906,0.970010,-0.234193,-0.951728,0.198411,0.621388,-0.121125,-0.037733,0.773164,-0.076164,0.181803,-0.106850,0.002436,0.002206,0.029557,-0.140406,-0.970010,-0.198411,0.000000,0.000000,0.000000,-1,-0.137177,-0.956055,-0.163193,-0.072090,0.189688,-0.105619,34.103653,202.863937,-573.822510,0,0
3.200000,-0.592760,1.328125,0.374087,0.970205,-0.201697,0.134242,-0.087810,0.223678,0.970700,-0.225814,-0.953565,0.199302,0.621937,-0.116373,-0.036809,0.773496,-0.011172,0.176665,-0.088159,-0.000157,0.014370,0.027519,-0.134242,-0.970700,-0.199302,0.000000,0.000000,0.000000,-1,-0.123917,-0.963806,-0.187027,-0.036934,0.186610,-0.094161,34.279449,200.930222,-572.649414,0,0
3.240000,-0.566030,1.331284,0.357339,0.972948,-0.192838,0.127223,-0.082979,0.222244,0.971454,-0.215608,-0.955731,0.200230,0.622590,-0.110754,-0.035491,0.773858,-0.057898,0.188611,-0.056950,0.010539,0.008243,0.016789,-0.127223,-0.971454,-0.200230,0.000000,0.000000,0.000000,-1,-0.108398,-0.965240,-0.180099,-0.096385,0.210310,-0.052242,34.103653,202.512360,-572.817017,0,0
3.280000,-0.550932,1.331211,0.348269,0.974431,-0.187224,0.124222,-0.080983,0.223053,0.971437,-0.209584,-0.956658,0.202188,0.622332,-0.107743,-0.034291,0.774544,-0.089622,0.218727,-0.007818,0.016068,0.007295,0.023752,-0.124222,-0.971437,-0.202188,0.000000,0.000000,0.000000,-1,-0.112411,-0.962982,-0.165787,-0.119624,0.234041,-0.006342,34.279449,201.633392,-572.649414,0,0
3.320000,-0.540225,1.330481,0.344333,0.975885,-0.180729,0.122415,-0.080344,0.224038,0.971263,-0.202960,-0.957677,0.204114,0.622040,-0.104926,-0.032372,0.775248,-0.112886,0.243377,0.023159,0.010003,0.008281,0.038328,-0.122415,-0.971263,-0.204114,0.000000,0.000000,0.000000,-1,-0.134598,-1.000244,-0.152710,-0.141784,0.260968,0.041669,34.631027,202.688141,-572.984558,0,0
3.360000,-0.541593,1.327847,0.360575,0.978320,-0.165865,0.124012,-0.084875,0.225096,0.970633,-0.188909,-0.960115,0.206138,0.621909,-0.100794,-0.026088,0.776137,-0.038111,0.236755,0.116479,-0.031887,-0.038446,0.054039,-0.124012,-0.970633,-0.206138,0.000000,0.000000,0.000000,-1,-0.170288,-1.013992,-0.153809,-0.045814,0.240530,0.124096,35.685776,203.039734,-573.990112,0,0
3.400000,-0.545946,1.326070,0.369857,0.978944,-0.160755,0.125804,-0.087584,0.225907,0.970204,-0.184385,-0.960793,0.207071,0.621684,-0.099865,-0.023557,0.776518,-0.005005,0.233974,0.159911,-0.044484,-0.043789,0.053262,-0.125804,-0.970204,-0.207071,0.000000,0.000000,0.000000,-1,-0.194748,-1.021088,-0.153381,-0.008391,0.252625,0.172766,34.279449,202.336563,-573.654907,0,0
3.440000,-0.581500,1.323965,0.416036,0.979614,-0.149483,0.134207,-0.098744,0.223491,0.969691,-0.174946,-0.963175,0.204174,0.622886,-0.099628,-0.016351,0.775770,0.092206,0.243464,0.272055,-0.059519,-0.053044,0.047421,-0.134207,-0.969691,-0.204174,0.000000,0.000000,0.000000,-1,-0.192062,-1.008301,-0.191284,0.112157,0.214707,0.312595,34.103653,202.512360,-573.822510,0,0
3.480000,-0.630553,1.320549,0.475066,0.979536,-0.138530,0.146008,-0.113271,0.220220,0.968851,-0.166369,-0.965563,0.200022,0.624359,-0.100824,-0.008152,0.774561,0.151934,0.198792,0.367642,-0.042819,-0.030645,-0.006246,-0.146008,-0.968851,-0.200022,0.000000,0.000000,0.000000,-1,-0.179947,-0.979126,-0.229065,0.100604,0.219488,0.371260,32.873108,202.336563,-573.654907,0,0
3.520000,-0.687954,1.312438,0.545377,0.978921,-0.124077,0.162228,-0.132535,0.218430,0.966811,-0.155395,-0.967932,0.197381,0.625122,-0.102625,0.002733,0.773746,0.065664,0.210259,0.345898,-0.005222,0.016661,-0.045691,-0.162228,-0.966811,-0.197381,0.000000,0.000000,0.000000,-1,-0.151535,-0.950043,-0.242462,0.024798,0.204068,0.305856,33.927856,203.039734,-572.649414,0,0
3.560000,-0.711731,1.305875,0.576476,0.978447,-0.115739,0.171015,-0.142718,0.219518,0.965113,-0.149242,-0.968719,0.198268,0.624632,-0.103444,0.008714,0.773989,0.005216,0.066912,0.191366,0.011561,0.032755,-0.052586,-0.171015,-0.965113,-0.198268,0.000000,0.000000,0.000000,-1,-0.209854,-0.912033,-0.227936,-0.086212,-0.080507,0.111764,31.994141,202.512360,-572.481812,0,0
3.600000,-0.725254,1.296505,0.584344,0.976409,-0.119762,0.179672,-0.149423,0.225921,0.962617,-0.155877,-0.966756,0.202697,0.622051,-0.108185,0.009563,0.775408,-0.176840,-0.235399,0.139586,-0.037842,0.079301,0.006179,-0.179672,-0.962617,-0.202697,0.000000,0.000000,0.000000,-1,-0.227936,-0.858978,-0.182449,-0.206065,-0.299503,0.136951,34.103653,202.863937,-572.481812,0,0
3.640000,-0.737015,1.289571,0.584998,0.973889,-0.129420,0.186525,-0.153253,0.231383,0.960716,-0.167495,-0.964216,0.205507,0.619879,-0.114004,0.007675,0.776334,-0.143386,-0.472291,0.179631,-0.036940,0.112709,0.016893,-0.186525,-0.960716,-0.205507,0.000000,0.000000,0.000000,-1,-0.194138,-0.804428,-0.227753,-0.097029,-0.562645,0.203142,31.818359,202.688141,-571.643860,0,0
3.680000,-0.763613,1.283462,0.595368,0.969980,-0.143980,0.195979,-0.158933,0.234636,0.959003,-0.184061,-0.961361,0.204710,0.618594,-0.122420,0.004817,0.776100,-0.044602,-0.586298,0.222971,0.001842,0.154575,-0.023043,-0.195979,-0.959003,-0.204710,0.000000,0.000000,0.000000,-1,-0.185516,-0.815872,-0.339554,-0.033108,-0.548912,0.200464,33.048904,202.160767,-572.817017,0,0
3.720000,-0.817549,1.274128,0.619689,0.961982,-0.170631,0.213251,-0.169783,0.237979,0.956316,-0.213926,-0.956165,0.199961,0.617261,-0.137873,-0.000274,0.774584,0.041915,-0.421880,0.136458,0.018289,0.100710,-0.199682,-0.213251,-0.956316,-0.199961,0.000000,0.000000,0.000000,-1,-0.228134,-0.903839,-0.440186,-0.008410,-0.386855,0.086741,32.873108,202.688141,-572.984558,0,0
3.760000,-0.830334,1.271897,0.620756,0.959082,-0.181425,0.217364,-0.171278,0.239533,0.955661,-0.225446,-0.953787,0.198657,0.616622,-0.142998,-0.003277,0.774156,-0.154233,-0.392338,0.005768,-0.039380,0.026904,-0.245038,-0.217364,-0.955661,-0.198657,0.000000,0.000000,0.000000,-1,-0.378281,-0.999191,-0.344559,-0.495431,-0.433390,-0.029689,31.466766,203.742889,-573.654907,0,0
3.800000,-0.812400,1.263563,0.588411,0.956152,-0.193845,0.219541,-0.167857,0.251562,0.953174,-0.239996,-0.948230,0.207993,0.611677,-0.147832,-0.008360,0.777127,-0.620828,-0.450720,-0.017027,-0.158740,-0.046017,-0.136565,-0.219541,-0.953174,-0.207993,0.000000,0.000000,0.000000,-1,-0.464630,-1.057266,-0.146576,-0.823156,-0.357118,-0.034891,29.533066,202.863937,-574.492859,0,0
3.840000,-0.763684,1.242147,0.519805,0.952023,-0.209343,0.223220,-0.160321,0.280133,0.946479,-0.260670,-0.936857,0.233131,0.599741,-0.154093,-0.015611,0.785062,-0.709144,-0.501807,0.069075,-0.218384,-0.110589,0.109321,-0.223220,-0.946479,-0.233131,0.000000,0.000000,0.000000,-1,-0.350540,-1.022232,-0.103455,-0.320234,-0.780841,0.198233,31.642563,202.160767,-574.492859,0,0
3.880000,-0.813767,1.229671,0.528832,0.938549,-0.244933,0.243176,-0.168788,0.288848,0.942379,-0.301060,-0.925513,0.229756,0.595807,-0.173597,-0.024288,0.783765,0.283233,-1.003294,0.263539,-0.021121,0.018688,0.060475,-0.243176,-0.942379,-0.229756,0.000000,0.000000,0.000000,-1,-0.224304,-0.869400,-0.238235,0.308472,-1.011348,0.252815,30.763611,202.336563,-573.990112,0,0
3.920000,-0.877441,1.230740,0.565741,0.928205,-0.269497,0.256528,-0.178792,0.281572,0.942736,-0.326295,-0.920917,0.213173,0.598636,-0.187212,-0.029136,0.778291,0.319775,-0.849132,0.212608,0.056149,0.095522,-0.051903,-0.256528,-0.942736,-0.213173,0.000000,0.000000,0.000000,-1,-0.145279,-0.811234,-0.308319,0.188376,-0.472438,0.113234,29.357269,201.633392,-572.984558,0,0
3.960000,-0.919892,1.232141,0.592004,0.921510,-0.284550,0.264292,-0.185386,0.275683,0.943202,-0.341249,-0.918167,0.201293,0.600944,-0.195499,-0.032015,0.774352,0.075457,-0.146556,0.015849,0.128275,0.135265,-0.107972,-0.264292,-0.943202,-0.201293,0.000000,0.000000,0.000000,-1,-0.178741,-0.826202,-0.232544,-0.083568,-0.090922,-0.098086,30.236221,202.160767,-572.817017,0,0
4.000000,-0.905779,1.233822,0.569331,0.920076,-0.292861,0.260177,-0.178234,0.278480,0.943759,-0.348845,-0.914703,0.204025,0.599494,-0.196455,-0.036976,0.775013,-0.229894,-0.231270,-0.216901,0.038360,0.101184,-0.001801,-0.260177,-0.943759,-0.204025,0.000000,0.000000,0.000000,-1,-0.328766,-0.888916,-0.157379,-0.370079,-0.339178,-0.262189,29.357269,201.633392,-572.984558,0,0
4.040000,-0.880606,1.233321,0.532096,0.917815,-0.304015,0.255324,-0.167984,0.285329,0.943593,-0.359718,-0.908935,0.210810,0.596170,-0.197929,-0.043777,0.776845,-0.388103,-0.415787,-0.243747,-0.073442,0.054677,0.053431,-0.255324,-0.943593,-0.210810,0.000000,0.000000,0.000000,-1,-0.447708,-0.951340,-0.135315,-0.419445,-0.507125,-0.213237,31.115189,201.984970,-572.984558,0,0
4.080000,-0.861265,1.227079,0.476175,0.906423,-0.336204,0.255663,-0.154470,0.299501,0.941508,-0.393110,-0.892898,0.219541,0.588936,-0.208289,-0.058346,0.778695,-0.182850,-0.605265,-0.112511,-0.206068,-0.006123,0.076414,-0.255663,-0.941508,-0.219541,0.000000,0.000000,0.000000,-1,-0.450058,-0.916183,-0.166931,-0.153436,-0.646082,-0.115704,31.115189,202.688141,-573.654907,0,0
4.120000,-0.869491,1.227300,0.462685,0.898468,-0.355740,0.257301,-0.150323,0.301371,0.941583,-0.412502,-0.884660,0.217297,0.587324,-0.215411,-0.066063,0.777357,-0.086418,-0.765131,-0.103071,-0.187187,0.043344,0.038280,-0.257301,-0.941583,-0.217297,0.000000,0.000000,0.000000,-1,-0.426102,-0.853394,-0.202850,-0.119854,-0.808138,-0.115357,30.236221,202.160767,-573.487305,0,0
4.160000,-0.882082,1.227579,0.449221,0.888215,-0.378908,0.259814,-0.146138,0.303131,0.941677,-0.435566,-0.874380,0.213873,0.585494,-0.224189,-0.075045,0.775438,-0.136807,-0.877417,-0.105456,-0.166288,0.088283,0.011022,-0.259814,-0.941677,-0.213873,0.000000,0.000000,0.000000,-1,-0.387711,-0.850723,-0.222473,-0.199903,-0.865391,-0.123045,29.533066,200.754425,-572.817017,0,0
4.200000,-0.899032,1.226091,0.414070,0.866168,-0.424022,0.264498,-0.135958,0.309362,0.941175,-0.480904,-0.851176,0.210310,0.580193,-0.241290,-0.093248,0.772308,-0.160909,-0.752393,-0.101475,-0.087538,0.094358,-0.007692,-0.264498,-0.941175,-0.210310,0.000000,0.000000,0.000000,-1,-0.340042,-0.851028,-0.210037,-0.183419,-0.704307,-0.113123,29.005692,203.039734,-573.319763,0,0
4.240000,-0.904686,1.225541,0.398068,0.856406,-0.442454,0.266090,-0.131191,0.311975,0.940989,-0.499357,-0.840777,0.209131,0.577776,-0.248213,-0.100933,0.770959,-0.140352,-0.652740,-0.091355,-0.058541,0.081645,0.022608,-0.266090,-0.940989,-0.209131,0.000000,0.000000,0.000000,-1,-0.327316,-0.866165,-0.161743,-0.133964,-0.553833,-0.104483,29.005692,201.984970,-572.314209,0,0
