0.000000,1.404288,-1.160867,1.009931,0.854056,-0.340754,-0.393032,-0.337485,0.211993,-0.917149,0.395843,0.915940,0.066055,-0.627696,0.270131,-0.001119,0.730086,0.003269,0.002754,0.001496,0.002277,0.015697,-0.003296,0.393032,0.917149,-0.066055,0.000000,0.000000,0.000000,-1,0.397034,0.928070,-0.067093,-0.020225,0.010498,-0.010536,19.864502,273.708099,-522.372925,0,0
0.040000,1.403903,-1.160818,1.009518,0.854052,-0.340744,-0.393052,-0.337436,0.212157,-0.917129,0.395895,0.915906,0.066214,-0.627631,0.270135,-0.001132,0.730141,0.002172,-0.000430,0.002557,0.005355,0.009308,-0.003428,0.393052,0.917129,-0.066214,0.000000,0.000000,0.000000,-1,0.396530,0.928940,-0.066681,-0.020225,0.010498,-0.010536,19.864502,271.598602,-520.697021,0,0
0.080000,1.403719,-1.160684,1.009335,0.854018,-0.340703,-0.393161,-0.337502,0.212284,-0.917076,0.395912,0.915891,0.066307,-0.627580,0.270167,-0.001096,0.730173,0.003233,-0.000440,0.001484,0.002057,0.013405,0.000190,0.393161,0.917076,-0.066307,0.000000,0.000000,0.000000,-1,0.398026,0.929291,-0.063751,-0.021293,0.008390,-0.009454,20.216080,272.301758,-522.037720,0,0
0.120000,1.403759,-1.160677,1.009438,0.854034,-0.340651,-0.393170,-0.337529,0.212253,-0.917073,0.395853,0.915918,0.066292,-0.627593,0.270151,-0.001069,0.730168,0.002157,-0.003616,0.001503,0.005481,0.011653,0.002052,0.393170,0.917073,-0.066292,0.000000,0.000000,0.000000,-1,0.396942,0.931015,-0.068756,-0.022369,0.007301,-0.012638,21.622421,270.192261,-522.037720,0,0
0.160000,1.403650,-1.160684,1.009362,0.854054,-0.340618,-0.393156,-0.337507,0.212275,-0.917076,0.395829,0.915925,0.066333,-0.627584,0.270133,-0.001065,0.730182,-0.001031,-0.000447,0.000451,0.003787,0.013939,-0.002423,0.393156,0.917076,-0.066333,0.000000,0.000000,0.000000,-1,0.397324,0.931931,-0.068039,-0.024495,0.009410,-0.013695,19.337128,271.774414,-522.875671,0,0
0.200000,1.403683,-1.160878,1.009455,0.854137,-0.340609,-0.392982,-0.337376,0.212149,-0.917154,0.395761,0.915958,0.066291,-0.627634,0.270056,-0.001107,0.730167,-0.002150,-0.002609,-0.001702,0.004342,0.014777,-0.001748,0.392982,0.917154,-0.066291,0.000000,0.000000,0.000000,-1,0.396606,0.930618,-0.067215,-0.026636,0.006224,-0.014731,19.512924,272.301758,-521.367371,0,0
0.240000,1.403374,-1.161021,1.009506,0.854324,-0.340312,-0.392833,-0.337276,0.212062,-0.917210,0.395442,0.916088,0.066390,-0.627669,0.269883,-0.001039,0.730201,0.005271,-0.013202,-0.001721,0.005071,0.009334,0.000427,0.392833,0.917210,-0.066390,0.000000,0.000000,0.000000,-1,0.398834,0.927216,-0.064590,-0.021320,0.002005,-0.012626,19.864502,272.653351,-522.037720,0,0
0.280000,1.403543,-1.160968,1.009853,0.854358,-0.340159,-0.392891,-0.337390,0.211970,-0.917189,0.395272,0.916166,0.066332,-0.627705,0.269852,-0.000948,0.730182,-0.000026,-0.004717,-0.000645,0.005943,0.010026,0.001742,0.392891,0.917189,-0.066332,0.000000,0.000000,0.000000,-1,0.400391,0.928146,-0.067566,-0.023446,0.004114,-0.013683,20.040298,273.532318,-520.529419,0,0
0.320000,1.403298,-1.160782,1.009916,0.854415,-0.339842,-0.393043,-0.337548,0.212040,-0.917115,0.395015,0.916268,0.066457,-0.627678,0.269800,-0.000785,0.730224,-0.001093,-0.004726,-0.001699,0.007073,0.010695,-0.000621,0.393043,0.917115,-0.066457,0.000000,0.000000,0.000000,-1,0.402359,0.928696,-0.069778,-0.024504,0.006233,-0.013683,19.864502,271.598602,-522.037720,0,0
0.360000,1.403372,-1.160662,1.010072,0.854398,-0.339752,-0.393157,-0.337675,0.212046,-0.917067,0.394943,0.916300,0.066446,-0.627675,0.269816,-0.000711,0.730221,-0.000078,-0.001571,-0.000700,0.007950,0.009096,0.003702,0.393157,0.917067,-0.066446,0.000000,0.000000,0.000000,-1,0.400406,0.926315,-0.067032,-0.022363,0.009420,-0.012646,20.391876,271.774414,-521.870117,0,0
0.400000,1.403194,-1.160525,1.009912,0.854368,-0.339697,-0.393269,-0.337747,0.212167,-0.917013,0.394945,0.916292,0.066537,-0.627627,0.269843,-0.000667,0.730252,0.004181,-0.001572,-0.000732,0.006282,0.010523,-0.001380,0.393269,0.917013,-0.066537,0.000000,0.000000,0.000000,-1,0.400955,0.927933,-0.065598,-0.017037,0.007330,-0.009483,19.688705,271.422791,-521.534912,0,0
0.440000,1.402928,-1.160152,1.009643,0.854279,-0.339557,-0.393585,-0.337979,0.212439,-0.916864,0.394940,0.916281,0.066719,-0.627519,0.269927,-0.000540,0.730315,0.005249,-0.002601,0.002462,0.005829,0.011481,0.001457,0.393585,0.916864,-0.066719,0.000000,0.000000,0.000000,-1,0.400101,0.929550,-0.062988,-0.019164,0.008389,-0.009471,18.985535,272.125977,-521.870117,0,0
0.480000,1.403243,-1.160161,1.009894,0.854222,-0.339681,-0.393602,-0.338026,0.212350,-0.916867,0.395023,0.916256,0.066574,-0.627554,0.269979,-0.000566,0.730265,0.002066,0.004785,-0.000738,0.004805,0.012759,0.005065,0.393602,0.916867,-0.066574,0.000000,0.000000,0.000000,-1,0.399231,0.932281,-0.063080,-0.020220,0.013656,-0.012678,19.161331,271.950195,-522.037720,0,0
0.520000,1.403391,-1.160252,1.009765,0.854150,-0.339945,-0.393529,-0.337928,0.212349,-0.916904,0.395262,0.916158,0.066501,-0.627555,0.270045,-0.000690,0.730240,0.005209,0.007934,0.000239,0.001658,0.013318,-0.002819,0.393529,0.916904,-0.066501,0.000000,0.000000,0.000000,-1,0.400879,0.923218,-0.069000,-0.019134,0.020020,-0.011645,21.095047,272.125977,-520.864624,0,0
0.560000,1.403278,-1.160157,1.009315,0.854010,-0.340206,-0.393608,-0.337906,0.212548,-0.916866,0.395584,0.916015,0.066560,-0.627475,0.270175,-0.000787,0.730260,0.006278,0.010042,-0.000842,0.007271,0.006352,-0.002440,0.393608,0.916866,-0.066560,0.000000,0.000000,0.000000,-1,0.395218,0.930176,-0.065292,-0.017014,0.015793,-0.010580,19.161331,271.598602,-520.697021,0,0
0.600000,1.402950,-1.160189,1.008544,0.853888,-0.340571,-0.393557,-0.337718,0.212793,-0.916878,0.396008,0.915822,0.066685,-0.627377,0.270287,-0.000977,0.730302,0.008402,0.007934,0.000214,0.001493,0.011619,0.002369,0.393557,0.916878,-0.066685,0.000000,0.000000,0.000000,-1,0.396301,0.931213,-0.061218,-0.015952,0.016832,-0.012723,18.985535,272.477539,-522.205322,0,0
0.640000,1.403306,-1.160321,1.008599,0.853810,-0.340877,-0.393461,-0.337627,0.212710,-0.916931,0.396254,0.915728,0.066524,-0.627410,0.270359,-0.001113,0.730247,0.002012,0.007936,0.000262,0.002840,0.014282,0.005306,0.393461,0.916931,-0.066524,0.000000,0.000000,0.000000,-1,0.396027,0.930115,-0.066605,-0.023410,0.016814,-0.014796,20.919250,272.301758,-522.372925,0,0
0.680000,1.403931,-1.160612,1.008886,0.853757,-0.341266,-0.393240,-0.337462,0.212471,-0.917047,0.396509,0.915639,0.066234,-0.627505,0.270407,-0.001302,0.730147,-0.001285,0.007850,-0.004035,0.002787,0.013067,-0.000371,0.393240,0.917047,-0.066234,0.000000,0.000000,0.000000,-1,0.399628,0.928253,-0.069962,-0.022347,0.018903,-0.018008,18.809753,272.653351,-522.372925,0,0
0.720000,1.403420,-1.160900,1.008067,0.853775,-0.341558,-0.392945,-0.337064,0.212606,-0.917162,0.396806,0.915498,0.066391,-0.627451,0.270389,-0.001538,0.730201,0.002962,0.001514,-0.001915,0.003371,0.010099,-0.003815,0.392945,0.917162,-0.066391,0.000000,0.000000,0.000000,-1,0.397171,0.927292,-0.067230,-0.022359,0.011528,-0.013719,19.864502,272.301758,-522.372925,0,0
0.760000,1.403047,-1.160891,1.007663,0.853782,-0.341560,-0.392928,-0.336985,0.212746,-0.917159,0.396859,0.915465,0.066539,-0.627395,0.270382,-0.001566,0.730251,0.001901,0.001523,-0.000842,0.007585,0.011201,-0.003637,0.392928,0.917159,-0.066539,0.000000,0.000000,0.000000,-1,0.398804,0.928589,-0.066833,-0.021288,0.012597,-0.012666,19.864502,271.950195,-522.037720,0,0
0.800000,1.402676,-1.160797,1.007229,0.853750,-0.341571,-0.392989,-0.336966,0.212939,-0.917121,0.396944,0.915416,0.066699,-0.627318,0.270412,-0.001576,0.730306,0.002960,-0.000595,-0.000841,0.004060,0.011285,-0.004850,0.392989,0.917121,-0.066699,0.000000,0.000000,0.000000,-1,0.397537,0.928329,-0.069839,-0.022368,0.008351,-0.013707,19.688705,271.422791,-521.534912,0,0
0.840000,1.402469,-1.160865,1.007086,0.853806,-0.341518,-0.392914,-0.336883,0.212954,-0.917148,0.396895,0.915432,0.066770,-0.627312,0.270360,-0.001587,0.730330,-0.001399,-0.004899,-0.002981,0.004746,0.011883,0.000928,0.392914,0.917148,-0.066770,0.000000,0.000000,0.000000,-1,0.398041,0.931137,-0.069870,-0.023445,0.005164,-0.014752,19.512924,271.950195,-522.037720,0,0
0.880000,1.402442,-1.161113,1.007273,0.853963,-0.341385,-0.392687,-0.336730,0.212769,-0.917247,0.396686,0.915525,0.066742,-0.627386,0.270215,-0.001594,0.730321,-0.007787,-0.003848,-0.004002,0.003858,0.012639,-0.000198,0.392687,0.917247,-0.066742,0.000000,0.000000,0.000000,-1,0.398560,0.928329,-0.066650,-0.028768,0.007264,-0.016849,20.567673,272.653351,-520.697021,0,0
0.920000,1.402622,-1.161324,1.007774,0.854133,-0.341166,-0.392508,-0.336673,0.212497,-0.917331,0.396369,0.915669,0.066639,-0.627494,0.270058,-0.001538,0.730286,-0.003535,-0.007016,-0.002957,0.005349,0.011273,0.000370,0.392508,0.917331,-0.066639,0.000000,0.000000,0.000000,-1,0.399139,0.928619,-0.068405,-0.027711,0.003046,-0.014711,20.567673,272.653351,-522.037720,0,0
0.960000,1.402402,-1.161316,1.007848,0.854243,-0.340900,-0.392501,-0.336695,0.212476,-0.917328,0.396114,0.915774,0.066727,-0.627503,0.269957,-0.001440,0.730316,-0.002467,-0.009106,0.000239,0.005174,0.009308,-0.003357,0.392501,0.917328,-0.066727,0.000000,0.000000,0.000000,-1,0.398163,0.927689,-0.066772,-0.025579,0.002006,-0.012593,20.216080,272.653351,-521.702515,0,0
1.000000,1.402431,-1.161206,1.008160,0.854301,-0.340637,-0.392602,-0.336846,0.212425,-0.917284,0.395859,0.915883,0.066732,-0.627524,0.269903,-0.001298,0.730318,-0.000415,-0.005977,-0.000904,0.005561,0.010404,-0.000040,0.392602,0.917284,-0.066732,0.000000,0.000000,0.000000,-1,0.396820,0.930649,-0.064774,-0.026642,0.000967,-0.010450,19.337128,271.422791,-521.534912,0,0
1.040000,1.402734,-1.161220,1.008758,0.854389,-0.340407,-0.392610,-0.336963,0.212217,-0.917289,0.395570,0.916017,0.066611,-0.627607,0.269823,-0.001179,0.730277,-0.000421,-0.009134,0.001238,0.004210,0.013359,0.001838,0.392610,0.917289,-0.066611,0.000000,0.000000,0.000000,-1,0.400284,0.925720,-0.066483,-0.021303,0.005212,-0.009442,20.391876,270.719635,-521.870117,0,0
1.080000,1.402756,-1.160853,1.009001,0.854341,-0.340142,-0.392944,-0.337299,0.212314,-0.917143,0.395387,0.916093,0.066659,-0.627568,0.269868,-0.000973,0.730293,0.002795,-0.004858,0.005461,0.006394,0.011171,0.002465,0.392944,0.917143,-0.066659,0.000000,0.000000,0.000000,-1,0.399551,0.930527,-0.066177,-0.021300,0.004173,-0.007308,21.270844,271.247009,-522.372925,0,0
1.120000,1.402783,-1.160733,1.009125,0.854333,-0.340036,-0.393054,-0.337419,0.212331,-0.917096,0.395302,0.916129,0.066667,-0.627562,0.269875,-0.000896,0.730296,0.002797,-0.002749,0.004387,0.003950,0.016269,0.001893,0.393054,0.917096,-0.066667,0.000000,0.000000,0.000000,-1,0.397598,0.930710,-0.064850,-0.021285,0.013656,-0.012670,19.864502,270.543854,-521.032166,0,0
1.160000,1.403383,-1.160864,1.009475,0.854258,-0.340314,-0.392975,-0.337391,0.212149,-0.917148,0.395487,0.916067,0.066411,-0.627634,0.269944,-0.001001,0.730208,-0.002611,0.005620,-0.003113,0.006821,0.014874,0.002110,0.392975,0.917148,-0.066411,0.000000,0.000000,0.000000,-1,0.399872,0.929367,-0.065216,-0.026604,0.016815,-0.014771,19.688705,271.774414,-521.870117,0,0
1.200000,1.403852,-1.160922,1.009809,0.854205,-0.340471,-0.392954,-0.337417,0.212008,-0.917171,0.395579,0.916042,0.066218,-0.627690,0.269993,-0.001045,0.730142,-0.002606,0.006689,-0.002052,0.006918,0.012196,0.001002,0.392954,0.917171,-0.066218,0.000000,0.000000,0.000000,-1,0.397202,0.931213,-0.066910,-0.026601,0.017874,-0.014775,19.512924,271.598602,-522.372925,0,0
1.240000,1.404303,-1.161071,1.009876,0.854100,-0.340857,-0.392849,-0.337315,0.211912,-0.917230,0.395894,0.915920,0.066018,-0.627728,0.270090,-0.001213,0.730074,0.002735,0.010944,0.000021,0.004017,0.012747,-0.000556,0.392849,0.917230,-0.066018,0.000000,0.000000,0.000000,-1,0.400070,0.925964,-0.070770,-0.022316,0.023208,-0.010567,18.985535,271.774414,-522.205322,0,0
1.280000,1.404108,-1.160823,1.009069,0.853819,-0.341316,-0.393060,-0.337337,0.212306,-0.917131,0.396480,0.915658,0.066132,-0.627571,0.270349,-0.001362,0.730113,0.005943,0.014130,0.001051,0.005026,0.007490,-0.001846,0.393060,0.917131,-0.066132,0.000000,0.000000,0.000000,-1,0.397583,0.927689,-0.068451,-0.015927,0.023207,-0.010617,20.743454,273.180725,-522.540466,0,0
1.320000,1.403887,-1.160801,1.008436,0.853683,-0.341650,-0.393066,-0.337219,0.212530,-0.917123,0.396873,0.915482,0.066223,-0.627481,0.270474,-0.001517,0.730143,0.005851,0.011974,0.001012,0.001069,0.013847,-0.003220,0.393066,0.917123,-0.066223,0.000000,0.000000,0.000000,-1,0.400085,0.932846,-0.062897,-0.020197,0.022119,-0.013775,18.809753,272.301758,-522.037720,0,0
1.360000,1.404330,-1.160919,1.008275,0.853491,-0.342218,-0.392988,-0.337094,0.212527,-0.917170,0.397392,0.915270,0.066030,-0.627482,0.270650,-0.001755,0.730077,0.002669,0.018310,-0.001119,0.005968,0.011831,0.004141,0.392988,0.917170,-0.066030,0.000000,0.000000,0.000000,-1,0.397034,0.930496,-0.069473,-0.020177,0.026385,-0.010596,18.809753,273.004944,-521.702515,0,0
1.400000,1.404574,-1.160931,1.007875,0.853261,-0.342785,-0.392994,-0.336999,0.212656,-0.917174,0.397966,0.915028,0.065933,-0.627430,0.270861,-0.001981,0.730043,0.002656,0.011975,0.001035,0.004040,0.013322,-0.003541,0.392994,0.917174,-0.065933,0.000000,0.000000,0.000000,-1,0.401672,0.929016,-0.068619,-0.020195,0.021079,-0.011641,19.512924,273.004944,-522.037720,0,0
1.440000,1.403966,-1.160908,1.006835,0.853139,-0.343111,-0.392974,-0.336796,0.213017,-0.917165,0.398399,0.914822,0.066175,-0.627285,0.270972,-0.002162,0.730125,0.002637,0.007708,-0.002145,0.001130,0.013117,-0.002154,0.392974,0.917165,-0.066175,0.000000,0.000000,0.000000,-1,0.395279,0.928650,-0.068832,-0.020198,0.020020,-0.011637,19.688705,272.125977,-521.870117,0,0
1.480000,1.403978,-1.161033,1.006550,0.853078,-0.343391,-0.392862,-0.336638,0.213052,-0.917215,0.398663,0.914709,0.066151,-0.627271,0.271027,-0.002312,0.730117,0.001513,0.010871,-0.000055,0.004065,0.012152,0.003834,0.392862,0.917215,-0.066151,0.000000,0.000000,0.000000,-1,0.397491,0.929398,-0.065125,-0.021273,0.015794,-0.010547,19.688705,271.774414,-522.875671,0,0
1.520000,1.404260,-1.160991,1.006571,0.852959,-0.343622,-0.392918,-0.336675,0.213065,-0.917198,0.398887,0.914619,0.066047,-0.627265,0.271136,-0.002379,0.730081,0.002551,0.001348,0.001038,0.003078,0.011558,0.001212,0.392918,0.917198,-0.066047,0.000000,0.000000,0.000000,-1,0.396179,0.928329,-0.064713,-0.019158,0.009458,-0.008409,19.512924,271.598602,-523.043213,0,0
1.560000,1.404237,-1.160938,1.006566,0.852949,-0.343594,-0.392964,-0.336715,0.213093,-0.917177,0.398875,0.914623,0.066064,-0.627254,0.271146,-0.002356,0.730087,0.005728,-0.007085,0.005305,0.004146,0.011106,-0.000007,0.392964,0.917177,-0.066064,0.000000,0.000000,0.000000,-1,0.399567,0.929123,-0.064011,-0.017037,0.003142,-0.004141,18.809753,273.004944,-521.032166,0,0
1.600000,1.403982,-1.160732,1.006488,0.852955,-0.343384,-0.393135,-0.336859,0.213220,-0.917095,0.398740,0.914672,0.066196,-0.627204,0.271141,-0.002234,0.730132,0.004665,-0.008124,0.007447,0.003716,0.012135,0.002017,0.393135,0.917095,-0.066196,0.000000,0.000000,0.000000,-1,0.397369,0.929535,-0.061310,-0.021298,0.003133,-0.005173,21.095047,272.477539,-519.859070,0,0
1.640000,1.404323,-1.160539,1.007013,0.852935,-0.343208,-0.393332,-0.337120,0.213138,-0.917018,0.398562,0.914757,0.066091,-0.627237,0.271160,-0.002085,0.730097,0.002482,-0.002887,0.004215,0.003885,0.012227,0.002126,0.393332,0.917018,-0.066091,0.000000,0.000000,0.000000,-1,0.396744,0.928955,-0.065277,-0.020229,0.006291,-0.007324,20.919250,272.653351,-521.032166,0,0
1.680000,1.404161,-1.160475,1.007048,0.852991,-0.343017,-0.393379,-0.337177,0.213158,-0.916993,0.398395,0.914824,0.066164,-0.627230,0.271110,-0.001999,0.730122,0.001403,-0.007122,0.004238,0.005577,0.009979,0.001009,0.393379,0.916993,-0.066164,0.000000,0.000000,0.000000,-1,0.400879,0.928314,-0.064621,-0.022372,0.001006,-0.006222,20.216080,271.598602,-522.372925,0,0
1.720000,1.403917,-1.160189,1.007259,0.853065,-0.342552,-0.393621,-0.337444,0.213227,-0.916879,0.398009,0.914982,0.066304,-0.627203,0.271043,-0.001749,0.730170,0.000323,-0.014506,0.007470,0.003840,0.012855,0.002126,0.393621,0.916879,-0.066304,0.000000,0.000000,0.000000,-1,0.403351,0.926880,-0.067795,-0.018105,0.001034,-0.003059,19.512924,270.895447,-521.702515,0,0
1.760000,1.403513,-1.159806,1.007137,0.853056,-0.342207,-0.393941,-0.337714,0.213456,-0.916726,0.397799,0.915058,0.066521,-0.627112,0.271053,-0.001538,0.730245,0.004606,-0.008133,0.009545,0.009410,0.010154,-0.001274,0.393941,0.916726,-0.066521,0.000000,0.000000,0.000000,-1,0.400604,0.927429,-0.065186,-0.018096,0.004212,-0.003071,19.512924,274.059692,-520.697021,0,0
1.800000,1.403872,-1.159235,1.007590,0.852879,-0.342029,-0.394480,-0.338253,0.213582,-0.916497,0.397722,0.915095,0.066467,-0.627063,0.271218,-0.001293,0.730227,0.003491,-0.000772,0.006304,0.006857,0.012946,0.004135,0.394480,0.916497,-0.066467,0.000000,0.000000,0.000000,-1,0.402145,0.930756,-0.065598,-0.019147,0.010547,-0.005218,18.985535,272.125977,-522.875671,0,0
1.840000,1.404151,-1.158907,1.007797,0.852729,-0.342039,-0.394795,-0.338552,0.213672,-0.916366,0.397789,0.915070,0.066406,-0.627027,0.271356,-0.001194,0.730207,0.000300,0.002387,0.004188,0.008937,0.012330,-0.000961,0.394795,0.916366,-0.066407,0.000000,0.000000,0.000000,-1,0.400375,0.930145,-0.067459,-0.021274,0.013695,-0.008409,20.040298,271.774414,-520.864624,0,0
1.880000,1.404279,-1.158765,1.007742,0.852612,-0.342173,-0.394932,-0.338650,0.213761,-0.916309,0.397957,0.915000,0.066378,-0.626991,0.271464,-0.001206,0.730197,0.001366,0.004486,0.002041,0.001400,0.011410,-0.000669,0.394932,0.916309,-0.066378,0.000000,0.000000,0.000000,-1,0.401825,0.925323,-0.067291,-0.018083,0.013685,-0.009499,20.743454,271.422791,-520.864624,0,0
1.920000,1.404046,-1.158527,1.007327,0.852483,-0.342263,-0.395132,-0.338746,0.214017,-0.916214,0.398151,0.914906,0.066506,-0.626889,0.271582,-0.001204,0.730241,0.007759,0.004504,0.004122,0.008158,0.007187,0.000909,0.395132,0.916214,-0.066506,0.000000,0.000000,0.000000,-1,0.400726,0.929779,-0.066422,-0.015949,0.011605,-0.005246,20.743454,272.829163,-522.540466,0,0
1.960000,1.403776,-1.158092,1.006832,0.852276,-0.342346,-0.395506,-0.338976,0.214398,-0.916040,0.398398,0.914786,0.066679,-0.626737,0.271773,-0.001154,0.730300,0.006662,0.009828,0.008349,0.006410,0.011786,-0.001040,0.395506,0.916040,-0.066679,0.000000,0.000000,0.000000,-1,0.404022,0.929367,-0.066391,-0.013788,0.022196,-0.005303,18.985535,271.422791,-522.875671,0,0
2.000000,1.403395,-1.157654,1.005712,0.851897,-0.342860,-0.395877,-0.339075,0.214993,-0.915864,0.399123,0.914454,0.066896,-0.626500,0.272121,-0.001295,0.730374,0.011985,0.012965,0.004035,0.000440,0.010711,-0.001814,0.395877,0.915864,-0.066896,0.000000,0.000000,0.000000,-1,0.397354,0.930679,-0.067017,-0.010596,0.022185,-0.006393,20.743454,271.422791,-522.205322,0,0
2.040000,1.403103,-1.157664,1.005060,0.851793,-0.343150,-0.395848,-0.338927,0.215209,-0.915868,0.399470,0.914294,0.067010,-0.626413,0.272215,-0.001445,0.730413,0.009835,0.005561,0.005143,0.004313,0.016856,0.003168,0.395848,0.915868,-0.067010,0.000000,0.000000,0.000000,-1,0.401398,0.929352,-0.064728,-0.014883,0.013704,-0.007393,19.864502,272.653351,-521.702515,0,0
2.080000,1.403483,-1.157645,1.005016,0.851620,-0.343530,-0.395891,-0.338932,0.215233,-0.915860,0.399834,0.914145,0.066863,-0.626403,0.272374,-0.001574,0.730362,0.003460,0.015047,-0.000171,0.003126,0.012973,0.002563,0.395891,0.915860,-0.066863,0.000000,0.000000,0.000000,-1,0.401703,0.924286,-0.067535,-0.016995,0.023197,-0.011674,20.216080,271.950195,-521.702515,0,0
2.120000,1.403428,-1.157596,1.004484,0.851443,-0.343923,-0.395932,-0.338856,0.215437,-0.915840,0.400277,0.913950,0.066892,-0.626321,0.272535,-0.001734,0.730372,0.005518,0.007617,0.001951,0.005771,0.008446,-0.000643,0.395932,0.915840,-0.066892,0.000000,0.000000,0.000000,-1,0.400131,0.927567,-0.070099,-0.018081,0.012645,-0.007364,19.337128,272.125977,-521.870117,0,0
2.160000,1.402508,-1.157387,1.003456,0.851388,-0.343913,-0.396059,-0.338795,0.215888,-0.915756,0.400445,0.913847,0.067288,-0.626141,0.272586,-0.001751,0.730507,0.004448,0.002361,0.006239,0.002013,0.010834,-0.003497,0.396059,0.915756,-0.067289,0.000000,0.000000,0.000000,-1,0.401703,0.927307,-0.069641,-0.018080,0.013695,-0.008434,20.040298,272.829163,-521.199768,0,0
2.200000,1.402261,-1.157258,1.003104,0.851323,-0.343959,-0.396158,-0.338819,0.216071,-0.915705,0.400563,0.913786,0.067406,-0.626068,0.272645,-0.001759,0.730548,0.005505,0.001282,0.004105,0.005545,0.011602,-0.002235,0.396158,0.915705,-0.067406,0.000000,0.000000,0.000000,-1,0.399582,0.927139,-0.067917,-0.015958,0.009477,-0.006304,19.864502,274.059692,-521.367371,0,0
2.240000,1.401958,-1.156992,1.002868,0.851274,-0.343827,-0.396378,-0.338973,0.216282,-0.915598,0.400536,0.913786,0.067567,-0.625984,0.272691,-0.001661,0.730603,0.001231,-0.005052,0.006292,0.007110,0.014029,0.000352,0.396378,0.915598,-0.067567,0.000000,0.000000,0.000000,-1,0.402115,0.926224,-0.069763,-0.018098,0.005251,-0.005206,19.688705,270.719635,-520.864624,0,0
2.280000,1.401536,-1.156741,1.002575,0.851259,-0.343637,-0.396576,-0.339104,0.216505,-0.915497,0.400459,0.913805,0.067773,-0.625896,0.272705,-0.001551,0.730674,0.005445,-0.002970,0.006231,0.004318,0.012146,-0.001059,0.396576,0.915497,-0.067773,0.000000,0.000000,0.000000,-1,0.402267,0.928558,-0.068542,-0.018097,0.006300,-0.006275,19.864502,273.004944,-521.702515,0,0
2.320000,1.401486,-1.156527,1.002709,0.851253,-0.343431,-0.396766,-0.339298,0.216565,-0.915411,0.400306,0.913868,0.067826,-0.625872,0.272711,-0.001414,0.730692,-0.002024,-0.006165,0.004170,0.006814,0.011393,0.001664,0.396766,0.915411,-0.067826,0.000000,0.000000,0.000000,-1,0.401260,0.930222,-0.065506,-0.023429,0.005223,-0.008360,20.743454,271.071228,-520.864624,0,0
2.360000,1.401522,-1.156493,1.002951,0.851310,-0.343251,-0.396799,-0.339376,0.216499,-0.915397,0.400118,0.913951,0.067817,-0.625898,0.272659,-0.001326,0.730689,-0.003100,-0.006204,-0.000083,0.006720,0.011971,-0.003259,0.396799,0.915397,-0.067817,0.000000,0.000000,0.000000,-1,0.401825,0.929932,-0.071274,-0.025580,0.000957,-0.011524,18.985535,271.774414,-522.540466,0,0
2.400000,1.401070,-1.156499,1.002831,0.851452,-0.342941,-0.396762,-0.339346,0.216537,-0.915400,0.399842,0.914059,0.067995,-0.625883,0.272530,-0.001230,0.730750,-0.000979,-0.009382,-0.000088,0.006360,0.012564,-0.002516,0.396762,0.915400,-0.067995,0.000000,0.000000,0.000000,-1,0.405746,0.925262,-0.067719,-0.025564,0.005204,-0.010474,20.391876,271.422791,-522.205322,0,0
2.440000,1.401220,-1.156270,1.003229,0.851452,-0.342690,-0.396979,-0.339609,0.216514,-0.915307,0.399619,0.914158,0.067971,-0.625893,0.272530,-0.001054,0.730742,0.000056,-0.005148,0.003063,0.009118,0.009101,-0.001716,0.396979,0.915307,-0.067971,0.000000,0.000000,0.000000,-1,0.405869,0.925156,-0.069611,-0.024491,0.006282,-0.008356,20.391876,272.829163,-521.534912,0,0
2.480000,1.401169,-1.155724,1.003416,0.851353,-0.342369,-0.397469,-0.340071,0.216720,-0.915087,0.399436,0.914230,0.068076,-0.625811,0.272622,-0.000786,0.730778,-0.002066,-0.001980,0.002005,0.006340,0.009870,-0.000543,0.397469,0.915087,-0.068076,0.000000,0.000000,0.000000,-1,0.403671,0.924667,-0.070084,-0.023422,0.009440,-0.010507,20.216080,272.653351,-520.697021,0,0
2.520000,1.401128,-1.155584,1.003463,0.851339,-0.342261,-0.397592,-0.340189,0.216773,-0.915031,0.399366,0.914258,0.068114,-0.625790,0.272635,-0.000709,0.730792,-0.001007,-0.003049,0.000936,0.009009,0.013100,-0.002092,0.397592,0.915031,-0.068114,0.000000,0.000000,0.000000,-1,0.404053,0.925278,-0.070862,-0.022358,0.008390,-0.009446,20.743454,271.071228,-521.534912,0,0
2.560000,1.400862,-1.155359,1.003269,0.851303,-0.342134,-0.397777,-0.340321,0.216950,-0.914940,0.399330,0.914263,0.068254,-0.625719,0.272668,-0.000620,0.730840,0.001128,-0.001981,0.001981,0.006276,0.010338,-0.002607,0.397777,0.914940,-0.068254,0.000000,0.000000,0.000000,-1,0.405212,0.924026,-0.070175,-0.023420,0.008400,-0.008372,20.040298,270.719635,-521.534912,0,0
2.600000,1.400721,-1.155070,1.003178,0.851232,-0.342021,-0.398028,-0.340524,0.217123,-0.914823,0.399310,0.914264,0.068355,-0.625650,0.272734,-0.000512,0.730874,0.004281,0.000115,0.002988,0.007184,0.009203,-0.001820,0.398028,0.914823,-0.068355,0.000000,0.000000,0.000000,-1,0.405914,0.926376,-0.070862,-0.018082,0.009497,-0.004157,19.688705,270.719635,-520.529419,0,0
2.640000,1.400303,-1.154371,1.002716,0.851006,-0.341883,-0.398629,-0.340962,0.217624,-0.914541,0.399417,0.914197,0.068630,-0.625450,0.272941,-0.000315,0.730968,0.006437,0.004400,0.008284,0.007941,0.009745,-0.001713,0.398629,0.914541,-0.068630,0.000000,0.000000,0.000000,-1,0.407440,0.924149,-0.068756,-0.014869,0.015851,-0.004205,19.688705,272.829163,-521.199768,0,0
2.680000,1.400085,-1.154023,1.002291,0.850831,-0.341971,-0.398928,-0.341138,0.217940,-0.914400,0.399640,0.914089,0.068771,-0.625324,0.273102,-0.000285,0.731017,0.005364,0.004371,0.005097,0.005613,0.011091,-0.001633,0.398928,0.914400,-0.068771,0.000000,0.000000,0.000000,-1,0.402588,0.930511,-0.068787,-0.015948,0.013704,-0.007385,19.864502,271.598602,-522.037720,0,0
2.720000,1.399940,-1.154016,1.001886,0.850747,-0.342182,-0.398924,-0.341055,0.218082,-0.914397,0.399888,0.913976,0.068830,-0.625267,0.273178,-0.000385,0.731037,0.000028,0.003284,0.001945,0.006547,0.012437,0.001233,0.398924,0.914397,-0.068830,0.000000,0.000000,0.000000,-1,0.405151,0.926376,-0.067383,-0.022342,0.013686,-0.009466,19.688705,271.774414,-522.205322,0,0
2.760000,1.400154,-1.153969,1.002022,0.850693,-0.342251,-0.398982,-0.341121,0.218059,-0.914378,0.399948,0.913956,0.068752,-0.625276,0.273228,-0.000386,0.731010,0.001046,0.004326,0.001904,0.006322,0.014089,0.000057,0.398982,0.914378,-0.068752,0.000000,0.000000,0.000000,-1,0.403702,0.926102,-0.068909,-0.022344,0.014725,-0.011600,20.040298,272.477539,-521.534912,0,0
2.800000,1.400546,-1.153919,1.002209,0.850583,-0.342439,-0.399053,-0.341200,0.218019,-0.914358,0.400113,0.913894,0.068603,-0.625292,0.273328,-0.000424,0.730959,0.001048,0.005386,0.001901,0.005305,0.010584,-0.001175,0.399053,0.914358,-0.068603,0.000000,0.000000,0.000000,-1,0.404800,0.924988,-0.073318,-0.020205,0.016853,-0.010560,20.743454,272.125977,-521.870117,0,0
2.840000,1.400064,-1.153729,1.001501,0.850470,-0.342560,-0.399191,-0.341192,0.218354,-0.914281,0.400361,0.913769,0.068825,-0.625158,0.273432,-0.000468,0.731035,0.004243,0.004335,0.002945,0.004663,0.009852,-0.001243,0.399191,0.914281,-0.068825,0.000000,0.000000,0.000000,-1,0.403976,0.923462,-0.071152,-0.017004,0.015832,-0.006319,20.391876,272.477539,-520.529419,0,0
2.880000,1.399952,-1.153522,1.001177,0.850334,-0.342689,-0.399370,-0.341280,0.218567,-0.914197,0.400574,0.913670,0.068902,-0.625073,0.273556,-0.000482,0.731061,0.006384,0.006473,0.005052,0.004759,0.011981,0.000359,0.399370,0.914197,-0.068902,0.000000,0.000000,0.000000,-1,0.401901,0.925217,-0.068954,-0.016995,0.016911,-0.004193,20.567673,271.598602,-522.037720,0,0
2.920000,1.399664,-1.153298,1.000684,0.850205,-0.342797,-0.399552,-0.341345,0.218846,-0.914106,0.400793,0.913563,0.069052,-0.624961,0.273674,-0.000496,0.731113,0.004189,0.003265,0.003982,0.002349,0.011111,0.000097,0.399552,0.914106,-0.069052,0.000000,0.000000,0.000000,-1,0.406174,0.925339,-0.073456,-0.015948,0.013704,-0.007385,18.809753,270.895447,-520.697021,0,0
2.960000,1.399134,-1.153042,1.000035,0.850109,-0.342809,-0.399746,-0.341400,0.219193,-0.914002,0.400950,0.913475,0.069304,-0.624822,0.273761,-0.000482,0.731199,0.007381,0.000116,0.007165,0.006428,0.011336,-0.004152,0.399746,0.914002,-0.069304,0.000000,0.000000,0.000000,-1,0.404388,0.923996,-0.071686,-0.014885,0.010556,-0.004185,20.919250,272.653351,-522.708069,0,0
3.000000,1.398401,-1.152601,0.999220,0.849975,-0.342736,-0.400092,-0.341560,0.219690,-0.913823,0.401097,0.913383,0.069666,-0.624624,0.273883,-0.000402,0.731323,0.005258,0.001185,0.008243,0.006783,0.012355,-0.001486,0.400092,0.913823,-0.069666,0.000000,0.000000,0.000000,-1,0.406601,0.924438,-0.071487,-0.014882,0.010566,-0.003120,20.391876,272.125977,-522.205322,0,0
3.040000,1.397893,-1.152236,0.998684,0.849873,-0.342649,-0.400385,-0.341723,0.220053,-0.913675,0.401176,0.913328,0.069926,-0.624478,0.273977,-0.000317,0.731412,0.007387,0.000135,0.009296,0.004980,0.011954,-0.003209,0.400385,0.913675,-0.069926,0.000000,0.000000,0.000000,-1,0.405273,0.925766,-0.070114,-0.012747,0.011634,-0.002075,21.622421,273.004944,-522.708069,0,0
3.080000,1.397699,-1.151792,0.998362,0.849691,-0.342649,-0.400771,-0.341993,0.220383,-0.913495,0.401331,0.913249,0.070074,-0.624346,0.274143,-0.000224,0.731462,0.007332,0.001165,0.008191,0.005067,0.010715,0.003362,0.400771,0.913495,-0.070074,0.000000,0.000000,0.000000,-1,0.403763,0.925003,-0.066330,-0.013808,0.012693,-0.002071,21.095047,272.477539,-522.540466,0,0
3.120000,1.397784,-1.151591,0.998310,0.849571,-0.342728,-0.400958,-0.342136,0.220500,-0.913413,0.401464,0.913191,0.070071,-0.624299,0.274253,-0.000202,0.731461,0.004125,-0.003060,0.009295,0.003247,0.016107,0.002536,0.400958,0.913413,-0.070071,0.000000,0.000000,0.000000,-1,0.401596,0.927673,-0.064041,-0.017018,0.008448,-0.003096,19.688705,273.180725,-522.205322,0,0
3.160000,1.398301,-1.151639,0.998777,0.849539,-0.342814,-0.400951,-0.342202,0.220317,-0.913432,0.401474,0.913203,0.069856,-0.624373,0.274282,-0.000209,0.731388,0.004128,0.001148,0.006082,0.002537,0.014607,0.005586,0.400951,0.913432,-0.069856,0.000000,0.000000,0.000000,-1,0.406204,0.927155,-0.067139,-0.020208,0.011606,-0.005213,18.809753,272.653351,-521.367371,0,0
3.200000,1.399008,-1.151578,0.999311,0.849418,-0.342992,-0.401055,-0.342366,0.220164,-0.913407,0.401590,0.913172,0.069582,-0.624434,0.274392,-0.000214,0.731294,0.000918,0.000051,0.001849,0.007545,0.009841,0.001940,0.401055,0.913408,-0.069582,0.000000,0.000000,0.000000,-1,0.408096,0.923004,-0.066864,-0.022355,0.008400,-0.008381,20.919250,272.301758,-522.037720,0,0
3.240000,1.399231,-1.151445,0.999552,0.849366,-0.342963,-0.401190,-0.342521,0.220147,-0.913353,0.401567,0.913188,0.069514,-0.624441,0.274439,-0.000151,0.731271,0.005132,0.000064,0.004974,0.004099,0.011787,0.001414,0.401190,0.913353,-0.069513,0.000000,0.000000,0.000000,-1,0.408142,0.925034,-0.073563,-0.019146,0.011596,-0.006287,19.337128,271.071228,-521.870117,0,0
3.280000,1.398652,-1.150982,0.998961,0.849240,-0.342836,-0.401566,-0.342747,0.220578,-0.913165,0.401642,0.913131,0.069818,-0.624268,0.274554,-0.000030,0.731375,0.007270,0.000093,0.008154,0.007217,0.011716,-0.002524,0.401566,0.913165,-0.069818,0.000000,0.000000,0.000000,-1,0.411667,0.922821,-0.068741,-0.013802,0.015861,-0.003148,20.391876,271.422791,-521.534912,0,0
3.320000,1.398458,-1.150394,0.998579,0.848989,-0.342854,-0.402082,-0.343114,0.221000,-0.912925,0.401860,0.913023,0.069989,-0.624099,0.274783,0.000089,0.731433,0.009430,0.008586,0.010238,0.009585,0.009896,0.001248,0.402082,0.912925,-0.069989,0.000000,0.000000,0.000000,-1,0.405167,0.924393,-0.071320,-0.009503,0.025432,0.001044,20.216080,271.598602,-521.702515,0,0
3.360000,1.398025,-1.149679,0.997233,0.848458,-0.343446,-0.402695,-0.343365,0.221816,-0.912633,0.402765,0.912602,0.070275,-0.623772,0.275265,-0.000028,0.731531,0.011595,0.020235,0.010177,0.004532,0.009792,-0.003410,0.402695,0.912633,-0.070275,0.000000,0.000000,0.000000,-1,0.400787,0.922943,-0.073456,-0.012694,0.027541,-0.000005,20.567673,272.301758,-522.372925,0,0
3.400000,1.397593,-1.149614,0.996369,0.848314,-0.343770,-0.402723,-0.343222,0.222145,-0.912606,0.403189,0.912400,0.070459,-0.623641,0.275396,-0.000187,0.731594,0.007254,0.007522,0.011285,-0.005094,0.014213,-0.002493,0.402723,0.912606,-0.070459,0.000000,0.000000,0.000000,-1,0.405182,0.928253,-0.068588,-0.015938,0.011645,-0.000985,21.095047,271.071228,-521.870117,0,0
3.440000,1.397405,-1.149641,0.996062,0.848293,-0.343865,-0.402685,-0.343134,0.222237,-0.912617,0.403309,0.912342,0.070530,-0.623604,0.275415,-0.000250,0.731618,0.004036,0.000109,0.011335,0.002237,0.017177,0.001408,0.402685,0.912617,-0.070530,0.000000,0.000000,0.000000,-1,0.402512,0.926453,-0.071533,-0.018074,0.009527,-0.000961,18.985535,272.829163,-521.870117,0,0
3.480000,1.397224,-1.149468,0.995913,0.848257,-0.343789,-0.402828,-0.343233,0.222374,-0.912547,0.403302,0.912337,0.070630,-0.623549,0.275448,-0.000190,0.731652,-0.003416,0.001160,0.010321,0.005849,0.016012,-0.001727,0.402828,0.912547,-0.070630,0.000000,0.000000,0.000000,-1,0.411194,0.923355,-0.072220,-0.027644,0.014815,-0.001972,20.040298,272.125977,-521.534912,0,0
3.520000,1.397780,-1.149064,0.996379,0.848056,-0.343812,-0.403230,-0.343646,0.222414,-0.912381,0.403372,0.912319,0.070470,-0.623533,0.275630,-0.000057,0.731598,-0.005532,0.006446,0.009253,0.009658,0.009585,-0.003184,0.403230,0.912381,-0.070470,0.000000,0.000000,0.000000,-1,0.408981,0.922806,-0.076447,-0.027613,0.022259,0.001196,20.040298,272.125977,-523.210815,0,0
3.560000,1.398260,-1.148466,0.996536,0.847714,-0.343985,-0.403802,-0.344139,0.222656,-0.912136,0.403670,0.912194,0.070370,-0.623435,0.275940,0.000053,0.731563,-0.008745,0.014920,0.011336,0.004020,0.007938,-0.007297,0.403802,0.912136,-0.070370,0.000000,0.000000,0.000000,-1,0.407806,0.924210,-0.075272,-0.032921,0.027556,0.001217,21.270844,271.247009,-522.708069,0,0
3.600000,1.399311,-1.147644,0.996946,0.847151,-0.344417,-0.404614,-0.344860,0.222922,-0.911799,0.404236,0.911967,0.070074,-0.623329,0.276450,0.000151,0.731462,-0.009780,0.018166,0.018790,0.010334,0.005727,-0.008769,0.404614,0.911799,-0.070074,0.000000,0.000000,0.000000,-1,0.414139,0.909836,-0.085312,-0.036082,0.030823,0.010817,18.809753,271.598602,-521.032166,0,0
3.640000,1.400264,-1.146374,0.997502,0.846525,-0.344535,-0.405821,-0.345956,0.223358,-0.911277,0.404610,0.911815,0.069884,-0.623154,0.277015,0.000486,0.731397,-0.024623,0.025720,0.033794,0.008317,-0.001441,-0.015428,0.405821,0.911277,-0.069884,0.000000,0.000000,0.000000,-1,0.386154,0.884125,-0.097687,-0.061665,0.008725,0.026013,21.446625,272.829163,-522.875671,0,0
3.680000,1.401684,-1.144494,1.000556,0.846358,-0.342832,-0.407608,-0.348078,0.223225,-0.910501,0.403137,0.912489,0.069596,-0.623205,0.277160,0.001794,0.731297,-0.099345,-0.082874,0.086981,-0.021454,-0.026376,-0.028091,0.407608,0.910501,-0.069596,0.000000,0.000000,0.000000,-1,0.365601,0.956909,-0.133896,-0.129961,-0.109123,0.109014,20.216080,272.301758,-521.367371,0,0
3.720000,1.405338,-1.140881,1.011869,0.847487,-0.335800,-0.411101,-0.353368,0.221016,-0.909001,0.396102,0.915637,0.068648,-0.624064,0.276080,0.006009,0.730950,-0.096225,-0.107101,0.104043,-0.022933,0.044978,-0.045656,0.411101,0.909001,-0.068648,0.000000,0.000000,0.000000,-1,0.415207,0.956406,-0.091034,-0.097895,-0.054213,0.091515,20.040298,271.774414,-521.199768,0,0
3.760000,1.408605,-1.138932,1.017041,0.847246,-0.333985,-0.413071,-0.356013,0.220117,-0.908187,0.394244,0.916517,0.067590,-0.624408,0.276261,0.007538,0.730574,-0.049153,-0.008889,0.073479,-0.005738,0.050980,-0.014426,0.413071,0.908187,-0.067590,0.000000,0.000000,0.000000,-1,0.380920,0.949692,-0.045624,-0.088130,0.054334,0.032439,20.567673,273.004944,-522.037720,0,0
3.800000,1.418080,-1.138743,1.025122,0.846147,-0.335786,-0.413863,-0.357927,0.217322,-0.908108,0.394872,0.916525,0.063700,-0.625525,0.277252,0.007590,0.729241,-0.082014,0.086979,0.016907,-0.036681,0.038868,0.031000,0.413863,0.908108,-0.063700,0.000000,0.000000,0.000000,-1,0.389877,0.947861,-0.041168,-0.089113,0.105956,0.002425,20.919250,273.004944,-521.367371,0,0
3.840000,1.429604,-1.138445,1.032755,0.844054,-0.339828,-0.414838,-0.359807,0.214722,-0.907983,0.397633,0.915648,0.058964,-0.626571,0.279152,0.006865,0.727623,-0.042528,0.084167,0.057090,-0.017911,0.002555,-0.009456,0.414838,0.907983,-0.058964,0.000000,0.000000,0.000000,-1,0.406830,0.907837,-0.084457,-0.059187,0.088564,0.069373,21.622421,273.004944,-520.697021,0,0
3.880000,1.433594,-1.135884,1.035228,0.842390,-0.340851,-0.417372,-0.362336,0.215018,-0.906907,0.398863,0.915198,0.057626,-0.626447,0.280625,0.007387,0.727158,-0.038281,0.043437,0.122147,-0.007399,0.010070,-0.023795,0.417372,0.906907,-0.057626,0.000000,0.000000,0.000000,-1,0.379517,0.931534,-0.059998,-0.059288,0.019065,0.113312,21.095047,271.071228,-520.529419,0,0
3.920000,1.438030,-1.132295,1.039473,0.840772,-0.340573,-0.420847,-0.366049,0.215125,-0.905389,0.398886,0.915276,0.056205,-0.626387,0.282023,0.008765,0.726654,-0.008555,0.021119,0.114537,-0.047388,0.023124,0.003287,0.420847,0.905389,-0.056205,0.000000,0.000000,0.000000,-1,0.412399,0.915527,-0.062775,-0.037950,0.038075,0.107749,21.095047,272.125977,-521.534912,0,0
3.960000,1.443851,-1.126178,1.044490,0.837919,-0.340382,-0.426652,-0.371905,0.216064,-0.902775,0.399473,0.915126,0.054455,-0.625979,0.284469,0.010855,0.726023,-0.057393,0.033165,0.156417,-0.003709,0.002285,-0.001484,0.426652,0.902775,-0.054455,0.000000,0.000000,0.000000,-1,0.417130,0.905899,-0.034332,-0.079307,0.053366,0.157017,21.446625,272.829163,-520.864624,0,0
4.000000,1.450802,-1.121436,1.050606,0.835461,-0.340610,-0.431266,-0.376930,0.215911,-0.900725,0.399911,0.915078,0.051999,-0.626009,0.286553,0.012522,0.725150,-0.051965,0.038796,0.192573,-0.014136,0.005174,0.017667,0.431266,0.900725,-0.051999,0.000000,0.000000,0.000000,-1,0.375015,0.933563,-0.018753,-0.072894,0.032507,0.192201,20.919250,271.950195,-520.697021,0,0
4.040000,1.459314,-1.113994,1.061183,0.832839,-0.337987,-0.438343,-0.385034,0.215177,-0.897467,0.397654,0.916222,0.049071,-0.626217,0.288647,0.016244,0.724066,-0.060958,-0.080053,0.170655,-0.085560,0.065011,0.054412,0.438343,0.897467,-0.049071,0.000000,0.000000,0.000000,-1,0.349365,0.955887,0.029037,-0.087186,-0.067600,0.133029,22.852966,273.532318,-521.199768,0,0
4.080000,1.467116,-1.112293,1.072301,0.832840,-0.335522,-0.440230,-0.388743,0.211612,-0.896716,0.394026,0.917957,0.045807,-0.627579,0.288516,0.018406,0.722887,-0.109079,-0.067156,0.075087,-0.084914,0.057859,0.079041,0.440230,0.896716,-0.045807,0.000000,0.000000,0.000000,-1,0.402481,0.987427,0.072983,-0.164074,-0.061093,0.033461,23.028763,273.708099,-520.697021,0,0
4.120000,1.481190,-1.113786,1.089295,0.833596,-0.334605,-0.439497,-0.391096,0.204355,-0.897376,0.390080,0.919934,0.039487,-0.630427,0.287781,0.019597,0.720666,-0.236008,-0.078380,0.003662,-0.037016,0.090051,0.112470,0.439497,0.897376,-0.039487,0.000000,0.000000,0.000000,-1,0.421280,1.013031,0.157120,-0.423044,-0.067152,-0.053995,22.852966,272.125977,-519.859070,0,0
4.160000,1.513674,-1.117561,1.128085,0.835495,-0.332923,-0.437162,-0.395662,0.187582,-0.899035,0.381313,0.924108,0.024999,-0.636968,0.285958,0.021920,0.715555,-0.615183,0.000830,-0.142839,-0.034544,0.116376,0.211141,0.437162,0.899035,-0.024999,0.000000,0.000000,0.000000,-1,0.347961,1.044250,0.280594,-0.934080,0.173986,-0.331116,22.325592,270.192261,-521.032166,0,0
4.200000,1.637392,-1.140389,1.251227,0.839966,-0.348050,-0.416316,-0.396116,0.131080,-0.908796,0.370877,0.928267,-0.027766,-0.658910,0.282347,0.017240,0.697008,-1.413925,0.511406,-0.839541,-0.153681,0.164797,0.261281,0.416316,0.908796,0.027766,0.000000,0.000000,0.000000,-1,0.187042,1.212479,0.209488,-1.531799,0.666974,-1.093229,21.446625,270.719635,-516.172119,0,0
4.240000,1.835767,-1.184713,1.430308,0.848581,-0.384493,-0.363421,-0.372853,0.052729,-0.926391,0.375354,0.921621,-0.098615,-0.688198,0.275119,-0.004335,0.671322,-1.577310,1.072075,-1.719266,-0.138980,0.281708,0.068088,0.363421,0.926391,0.098615,0.000000,0.000000,0.000000,-1,0.373062,1.048676,0.258591,-1.462997,1.013162,-1.682053,14.590744,269.489075,-514.328613,0,0
4.280000,2.082619,-1.221770,1.657951,0.858808,-0.416594,-0.298159,-0.340685,-0.029768,-0.939706,0.382601,0.908605,-0.167492,-0.716950,0.264063,-0.029445,0.644505,-1.738510,0.362807,-1.452223,0.352537,-0.035516,0.044041,0.298159,0.939706,0.167492,0.000000,0.000000,0.000000,-1,0.597794,0.813354,0.119324,-1.874956,0.017063,-1.283086,10.899109,268.610138,-511.814819,0,0
