0.000000,1.903729,1.386102,-1.748547,0.972163,0.157403,-0.173562,0.180753,-0.032471,0.982992,0.149090,-0.987001,-0.060019,0.718445,0.117669,-0.008516,0.685506,0.003721,-0.000268,0.000563,-0.006005,0.015051,-0.002142,0.173562,-0.982992,0.060019,0.000000,0.000000,0.000000,-1,0.171844,-0.964905,0.054932,-0.028774,-0.005328,-0.004018,51.155472,151.356888,-543.824219,0,0
0.040000,1.901121,1.386488,-1.746769,0.972338,0.156544,-0.173359,0.180437,-0.032084,0.983063,0.148331,-0.987150,-0.059443,0.718308,0.117283,-0.008711,0.685713,-0.010179,-0.021399,0.006074,-0.002232,0.017380,-0.000696,0.173359,-0.983063,0.059443,0.000000,0.000000,0.000000,-1,0.169693,-0.968002,0.059601,-0.038363,-0.006395,-0.005005,50.452301,151.005295,-543.824219,0,0
0.080000,1.899653,1.386674,-1.745684,0.972417,0.156145,-0.173272,0.180291,-0.031856,0.983097,0.147986,-0.987220,-0.059129,0.718227,0.117106,-0.008802,0.685827,-0.012271,-0.007659,0.002842,-0.000238,0.013966,0.003798,0.173272,-0.983097,0.059129,0.000000,0.000000,0.000000,-1,0.167755,-0.968719,0.060822,-0.037262,0.007354,-0.007196,50.979675,150.126343,-544.326965,0,0
0.120000,1.899180,1.387232,-1.745343,0.972529,0.155993,-0.172782,0.179762,-0.031699,0.983199,0.147895,-0.987249,-0.058870,0.718175,0.116878,-0.008663,0.685923,-0.005825,0.003002,0.010215,-0.008780,0.020370,0.001173,0.172782,-0.983199,0.058870,0.000000,0.000000,0.000000,-1,0.164764,-0.965042,0.056290,-0.023360,0.027475,-0.007379,51.682846,151.884262,-543.991821,0,0
0.160000,1.899567,1.387311,-1.744765,0.972395,0.156935,-0.172685,0.179703,-0.031582,0.983214,0.148846,-0.987104,-0.058912,0.718138,0.117191,-0.008299,0.685912,-0.003710,0.008226,0.002720,0.002379,0.020583,-0.008314,0.172685,-0.983214,0.058912,0.000000,0.000000,0.000000,-1,0.164597,-0.962006,0.050232,-0.027682,0.006293,-0.007266,50.628098,149.071594,-545.332520,0,0
0.200000,1.898281,1.387749,-1.743744,0.972500,0.156645,-0.172353,0.179311,-0.031324,0.983294,0.148629,-0.987158,-0.058551,0.718049,0.116968,-0.008260,0.686044,0.005797,-0.012951,0.003799,-0.016225,0.017824,-0.006351,0.172353,-0.983294,0.058551,0.000000,0.000000,0.000000,-1,0.162460,-0.968979,0.060471,-0.020254,-0.001133,-0.008361,51.155472,151.356888,-544.159363,0,0
0.240000,1.901411,1.388129,-1.747135,0.972631,0.156425,-0.171816,0.178837,-0.031867,0.983363,0.148348,-0.987176,-0.058969,0.718239,0.116696,-0.008169,0.685893,0.014332,0.000709,-0.008014,0.003615,0.017710,-0.002344,0.171816,-0.983363,0.058969,0.000000,0.000000,0.000000,-1,0.171478,-0.968491,0.057678,-0.011739,0.014565,-0.028727,50.979675,150.829514,-543.321411,0,0
0.280000,1.901186,1.387415,-1.746863,0.972501,0.156490,-0.172492,0.179536,-0.031941,0.983233,0.148356,-0.987163,-0.059158,0.718262,0.116958,-0.008401,0.685821,0.006862,0.005916,-0.017573,-0.001014,0.014742,-0.001480,0.172492,-0.983233,0.059158,0.000000,0.000000,0.000000,-1,0.167450,-0.965744,0.052353,-0.031964,0.014590,-0.026440,51.331268,150.477921,-544.326965,0,0
0.320000,1.896910,1.387227,-1.742531,0.972425,0.156487,-0.172919,0.179855,-0.031195,0.983198,0.148463,-0.987187,-0.058479,0.718001,0.117111,-0.008515,0.686067,-0.004888,-0.008832,-0.008894,-0.000770,0.018248,-0.003395,0.172919,-0.983198,0.058479,0.000000,0.000000,0.000000,-1,0.172073,-0.967422,0.055893,-0.026669,-0.001230,-0.018964,51.331268,151.532684,-543.656616,0,0
0.360000,1.895635,1.386844,-1.741761,0.972429,0.155988,-0.173350,0.180250,-0.031120,0.983128,0.147961,-0.987269,-0.058379,0.717971,0.117079,-0.008841,0.686099,0.004657,-0.020485,-0.008929,-0.002498,0.015202,-0.001601,0.173350,-0.983128,0.058379,0.000000,0.000000,0.000000,-1,0.171280,-0.965408,0.048035,-0.024492,0.014657,-0.019041,50.628098,151.181091,-544.662109,0,0
0.400000,1.893905,1.386486,-1.740181,0.972377,0.155826,-0.173785,0.180646,-0.030895,0.983063,0.147818,-0.987301,-0.058191,0.717890,0.117174,-0.009043,0.686165,-0.003817,-0.010873,-0.000382,-0.004672,0.015839,-0.006402,0.173785,-0.983063,0.058191,0.000000,0.000000,0.000000,-1,0.167496,-0.964920,0.054001,-0.026649,-0.003250,-0.008304,52.210220,151.708466,-544.829712,0,0
0.440000,1.893488,1.386760,-1.740394,0.972519,0.155200,-0.173553,0.180373,-0.030888,0.983113,0.147218,-0.987400,-0.058033,0.717886,0.116862,-0.009171,0.686221,0.007895,-0.012946,0.004866,-0.003067,0.015675,-0.003910,0.173553,-0.983113,0.058033,0.000000,0.000000,0.000000,-1,0.172791,-0.969788,0.051132,-0.021299,0.002084,-0.004104,50.628098,151.181091,-543.991821,0,0
0.480000,1.892631,1.386932,-1.739870,0.972593,0.154858,-0.173443,0.180223,-0.030765,0.983144,0.146912,-0.987458,-0.057831,0.717842,0.116697,-0.009240,0.686294,0.002574,-0.011848,0.009162,-0.002163,0.015341,-0.008072,0.173443,-0.983144,0.057831,0.000000,0.000000,0.000000,-1,0.165375,-0.967224,0.053558,-0.025577,-0.004270,-0.004047,51.155472,150.653717,-544.159363,0,0
0.520000,1.890489,1.387680,-1.738359,0.972801,0.154191,-0.172869,0.179545,-0.030370,0.983281,0.146363,-0.987574,-0.057228,0.717704,0.116251,-0.009233,0.686514,-0.012323,-0.005510,0.007131,-0.008059,0.014882,-0.007927,0.172869,-0.983281,0.057228,0.000000,0.000000,0.000000,-1,0.171722,-0.968399,0.048477,-0.034070,0.002107,-0.001874,51.507065,151.005295,-544.494568,0,0
0.560000,1.888677,1.388084,-1.737095,0.972940,0.153620,-0.172595,0.179191,-0.030077,0.983354,0.145871,-0.987672,-0.056790,0.717601,0.115946,-0.009310,0.686672,-0.002774,-0.018183,0.011362,0.000379,0.015581,-0.004041,0.172595,-0.983354,0.056790,0.000000,0.000000,0.000000,-1,0.167953,-0.965881,0.057678,-0.028767,-0.006348,0.000247,50.276520,151.532684,-542.651062,0,0
0.600000,1.888139,1.388430,-1.736982,0.973060,0.153188,-0.172302,0.178859,-0.030000,0.983417,0.145479,-0.987742,-0.056591,0.717574,0.115684,-0.009345,0.686744,-0.005951,-0.009739,0.008159,-0.004348,0.017536,0.001087,0.172302,-0.983417,0.056591,0.000000,0.000000,0.000000,-1,0.167953,-0.967163,0.055130,-0.034069,0.004206,-0.004013,51.682846,149.423172,-544.997314,0,0
0.640000,1.886752,1.389063,-1.735997,0.973218,0.152759,-0.171788,0.178274,-0.029722,0.983532,0.145138,-0.987816,-0.056159,0.717478,0.115346,-0.009286,0.686902,-0.001648,-0.012896,0.011316,-0.002370,0.016994,-0.004050,0.171788,-0.983532,0.056159,0.000000,0.000000,0.000000,-1,0.169983,-0.963242,0.053467,-0.026642,-0.009506,0.002373,51.507065,149.950546,-544.159363,0,0
0.680000,1.885025,1.389594,-1.735256,0.973445,0.151759,-0.171388,0.177781,-0.029504,0.983628,0.144218,-0.987977,-0.055701,0.717400,0.114838,-0.009468,0.687066,-0.000632,-0.027715,0.012428,-0.004182,0.020127,-0.003012,0.171388,-0.983628,0.055701,0.000000,0.000000,0.000000,-1,0.171616,-0.964005,0.056595,-0.025611,-0.019058,0.000270,51.155472,152.060059,-543.489014,0,0
0.720000,1.884963,1.389757,-1.736595,0.973684,0.150389,-0.171239,0.177583,-0.029716,0.983657,0.142843,-0.988180,-0.055640,0.717468,0.114281,-0.009895,0.687082,0.006798,-0.034092,0.010257,-0.003011,0.018737,0.001244,0.171239,-0.983657,0.055640,0.000000,0.000000,0.000000,-1,0.168243,-0.968613,0.056641,-0.011740,-0.002194,-0.008423,50.803894,151.005295,-544.829712,0,0
0.760000,1.887854,1.389755,-1.740111,0.973799,0.149823,-0.171080,0.177480,-0.030340,0.983657,0.142183,-0.988247,-0.056136,0.717683,0.114014,-0.010066,0.686899,0.013240,-0.009792,0.003724,-0.002913,0.018874,-0.008345,0.171080,-0.983657,0.056136,0.000000,0.000000,0.000000,-1,0.163162,-0.964203,0.047333,-0.019207,-0.009577,-0.005142,49.924927,150.477921,-544.326965,0,0
0.800000,1.887133,1.390470,-1.740339,0.974056,0.148868,-0.170452,0.176779,-0.030262,0.983785,0.141296,-0.988394,-0.055794,0.717654,0.113441,-0.010157,0.687023,-0.000699,-0.044682,0.010367,-0.015865,0.015569,-0.002846,0.170452,-0.983785,0.055794,0.000000,0.000000,0.000000,-1,0.163773,-0.965897,0.057922,-0.026715,-0.032817,0.001395,49.924927,151.532684,-546.002869,0,0
0.840000,1.888575,1.390888,-1.742954,0.974311,0.147734,-0.169980,0.176294,-0.030654,0.983860,0.140139,-0.988552,-0.055911,0.717787,0.112857,-0.010394,0.686976,0.008922,-0.033043,0.009189,0.000506,0.017155,0.006070,0.169980,-0.983860,0.055911,0.000000,0.000000,0.000000,-1,0.169571,-0.965607,0.058594,-0.004320,-0.010699,-0.011645,50.979675,151.532684,-544.997314,0,0
0.880000,1.893680,1.390268,-1.748872,0.974366,0.147033,-0.170271,0.176710,-0.031805,0.983749,0.139228,-0.988620,-0.056971,0.718182,0.112695,-0.010806,0.686584,0.013250,0.001751,-0.008025,-0.010481,0.016830,0.000051,0.170271,-0.983749,0.056971,0.000000,0.000000,0.000000,-1,0.155441,-0.964233,0.052414,-0.017026,0.018891,-0.019115,49.749130,151.005295,-543.824219,0,0
0.920000,1.893614,1.390604,-1.748701,0.974406,0.147123,-0.169961,0.176390,-0.031716,0.983809,0.139351,-0.988610,-0.056855,0.718153,0.112620,-0.010656,0.686629,-0.000613,-0.005630,-0.004678,-0.006570,0.018767,-0.005540,0.169961,-0.983809,0.056855,0.000000,0.000000,0.000000,-1,0.167725,-0.966736,0.055557,-0.024529,-0.001191,-0.014720,51.155472,151.356888,-544.159363,0,0
0.960000,1.893130,1.390490,-1.748521,0.974428,0.146824,-0.170096,0.176507,-0.031704,0.983789,0.139051,-0.988654,-0.056809,0.718147,0.112557,-0.010807,0.686643,0.000449,-0.004591,-0.006821,-0.000738,0.015817,0.000534,0.170096,-0.983789,0.056809,0.000000,0.000000,0.000000,-1,0.167908,-0.966995,0.059097,-0.028731,0.023111,-0.021170,51.682846,150.477921,-544.997314,0,0
1.000000,1.893506,1.389990,-1.748431,0.974279,0.147298,-0.170540,0.176993,-0.031775,0.983699,0.139478,-0.988582,-0.057029,0.718172,0.112888,-0.010813,0.686563,0.006871,-0.004547,-0.003689,-0.005867,0.019069,-0.003455,0.170540,-0.983699,0.057028,0.000000,0.000000,0.000000,-1,0.161087,-0.960663,0.056046,-0.015987,0.005181,-0.012679,50.979675,151.181091,-543.991821,0,0
1.040000,1.895514,1.389998,-1.750482,0.974302,0.147285,-0.170418,0.176920,-0.032136,0.983701,0.139408,-0.988572,-0.057368,0.718298,0.112838,-0.010793,0.686440,0.011153,0.003915,-0.004815,-0.007576,0.024716,-0.002025,0.170418,-0.983701,0.057368,0.000000,0.000000,0.000000,-1,0.174545,-0.964188,0.053207,-0.012762,0.018910,-0.017017,50.803894,152.060059,-545.164917,0,0
1.080000,1.896542,1.389239,-1.751086,0.974120,0.147736,-0.171066,0.177635,-0.032377,0.983564,0.139769,-0.988497,-0.057782,0.718380,0.113231,-0.010891,0.686287,0.011162,0.012338,-0.010182,0.002884,0.021116,-0.003095,0.171066,-0.983564,0.057782,0.000000,0.000000,0.000000,-1,0.173615,-0.953766,0.054413,-0.018086,0.018911,-0.016976,51.507065,150.653717,-544.494568,0,0
1.120000,1.896686,1.388668,-1.750970,0.973987,0.148009,-0.171589,0.178191,-0.032457,0.983461,0.139992,-0.988453,-0.057987,0.718406,0.113515,-0.010996,0.686211,0.011168,0.009229,-0.002721,0.002025,0.029695,-0.003574,0.171589,-0.983460,0.057987,0.000000,0.000000,0.000000,-1,0.183273,-0.948563,0.056747,0.005353,0.016866,-0.008627,50.100723,151.356888,-544.494568,0,0
1.160000,1.903243,1.386661,-1.757379,0.973678,0.148312,-0.173072,0.179919,-0.033965,0.983095,0.139926,-0.988357,-0.059755,0.718922,0.114140,-0.011526,0.685558,0.050584,0.012464,-0.002006,0.019174,0.031496,-0.003038,0.173072,-0.983095,0.059755,0.000000,0.000000,0.000000,-1,0.197327,-0.960922,0.054016,0.028819,0.035866,-0.015272,50.979675,150.126343,-544.662109,0,0
1.200000,1.908762,1.384843,-1.762050,0.973289,0.149279,-0.174425,0.181513,-0.035144,0.982760,0.140575,-0.988170,-0.061302,0.719329,0.114965,-0.011764,0.684990,0.058116,0.046283,-0.009671,0.019499,0.021365,-0.011009,0.174425,-0.982760,0.061302,0.000000,0.000000,0.000000,-1,0.201660,-0.950638,0.039764,0.029923,0.050674,-0.017467,51.155472,150.653717,-543.824219,0,0
1.240000,1.909274,1.381301,-1.761355,0.972501,0.150578,-0.177676,0.184954,-0.035677,0.982099,0.141544,-0.987954,-0.062546,0.719501,0.116585,-0.012555,0.684521,0.051588,-0.000171,0.007534,0.037534,0.030271,-0.028657,0.177676,-0.982099,0.062546,0.000000,0.000000,0.000000,-1,0.219238,-0.958221,0.037491,0.023420,0.003122,-0.005520,52.210220,150.302139,-543.489014,0,0
1.280000,1.907608,1.379109,-1.760194,0.972177,0.150135,-0.179811,0.187109,-0.035868,0.981684,0.140936,-0.988015,-0.062961,0.719549,0.117172,-0.013507,0.684351,0.052608,-0.005512,0.003242,0.043531,0.010981,-0.018360,0.179811,-0.981684,0.062962,0.000000,0.000000,0.000000,-1,0.220993,-0.978348,0.049072,0.029720,-0.019200,-0.014008,51.155472,150.653717,-544.494568,0,0
1.320000,1.907967,1.377083,-1.761799,0.972007,0.149000,-0.181665,0.189003,-0.036546,0.981296,0.139574,-0.988162,-0.063684,0.719763,0.117401,-0.014620,0.684065,0.065349,-0.030708,0.018124,0.040808,0.000248,-0.014490,0.181665,-0.981296,0.063684,0.000000,0.000000,0.000000,-1,0.226486,-0.996643,0.050278,0.063826,-0.019080,-0.000423,50.100723,149.950546,-543.489014,0,0
1.360000,1.917361,1.373178,-1.773733,0.971773,0.146824,-0.184662,0.192306,-0.039571,0.980537,0.136660,-0.988371,-0.066689,0.720769,0.117628,-0.016650,0.682919,0.078117,-0.028552,0.023278,0.033448,0.003273,-0.021965,0.184661,-0.980537,0.066689,0.000000,0.000000,0.000000,-1,0.205170,-0.967987,0.046219,0.038338,-0.011502,0.016791,50.276520,151.181091,-543.656616,0,0
1.400000,1.921816,1.373279,-1.778936,0.971946,0.146167,-0.184269,0.192000,-0.040550,0.980557,0.135853,-0.988428,-0.067477,0.721106,0.117239,-0.016785,0.682627,0.046261,-0.006187,0.036217,-0.006077,0.023175,-0.015215,0.184269,-0.980557,0.067477,0.000000,0.000000,0.000000,-1,0.169617,-0.957733,0.054565,0.017140,0.011902,0.027521,50.100723,150.302139,-543.153809,0,0
1.440000,1.930413,1.374177,-1.787591,0.972206,0.146216,-0.182858,0.190782,-0.042021,0.980733,0.135715,-0.988360,-0.068748,0.721626,0.116749,-0.016332,0.682172,0.054844,0.007677,0.046755,-0.008023,0.020497,-0.015373,0.182858,-0.980733,0.068748,0.000000,0.000000,0.000000,-1,0.184616,-0.947937,0.053665,0.034189,-0.003762,0.051950,50.276520,150.126343,-542.986267,0,0
1.480000,1.948010,1.376137,-1.806411,0.972918,0.145225,-0.179833,0.188088,-0.045155,0.981114,0.134362,-0.988368,-0.071247,0.722724,0.115298,-0.015729,0.681270,0.059097,-0.020568,0.074524,0.003623,0.034733,-0.012135,0.179833,-0.981114,0.071247,0.000000,0.000000,0.000000,-1,0.183838,-0.943710,0.071182,0.033156,-0.003644,0.064741,50.803894,150.653717,-544.829712,0,0
1.520000,1.960443,1.377496,-1.819364,0.973366,0.144850,-0.177700,0.186195,-0.047259,0.981376,0.133754,-0.988324,-0.072971,0.723463,0.114396,-0.015186,0.680650,0.069817,-0.000398,0.079690,0.005406,0.038886,0.001034,0.177700,-0.981376,0.072971,0.000000,0.000000,0.000000,-1,0.172928,-0.951874,0.076035,0.054528,0.016534,0.070892,50.979675,149.423172,-543.991821,0,0
1.560000,1.988907,1.378821,-1.847666,0.973893,0.145361,-0.174362,0.183531,-0.052154,0.981629,0.133597,-0.988003,-0.077471,0.725175,0.113384,-0.014054,0.679019,0.144490,0.028377,0.100307,-0.007263,0.029115,-0.003282,0.174362,-0.981629,0.077471,0.000000,0.000000,0.000000,-1,0.159760,-0.939590,0.072678,0.139888,0.044415,0.109542,50.276520,151.181091,-543.321411,0,0
1.600000,2.053782,1.382317,-1.911626,0.975131,0.146921,-0.165933,0.176588,-0.062631,0.982290,0.133926,-0.987163,-0.087017,0.728831,0.110968,-0.010979,0.675552,0.178721,0.037372,0.157542,-0.011484,0.054205,-0.012661,0.165933,-0.982290,0.087017,0.000000,0.000000,0.000000,-1,0.153503,-0.923447,0.076675,0.162346,0.040586,0.154126,49.397552,150.302139,-544.159363,0,0
1.640000,2.079068,1.383529,-1.936814,0.975637,0.147242,-0.162639,0.173842,-0.066632,0.982517,0.133830,-0.986854,-0.090605,0.730218,0.109927,-0.009863,0.674240,0.195724,0.024847,0.161712,-0.010784,0.067829,-0.013426,0.162639,-0.982517,0.090605,0.000000,0.000000,0.000000,-1,0.140350,-0.924606,0.089630,0.179356,0.042582,0.141203,52.210220,148.544220,-542.483521,0,0
1.680000,2.139612,1.384318,-1.993717,0.976056,0.151373,-0.156206,0.169065,-0.076093,0.982663,0.136862,-0.985544,-0.099862,0.733487,0.109217,-0.006593,0.670839,0.244289,0.264993,0.131678,-0.029513,0.053784,-0.007165,0.156206,-0.982663,0.099863,0.000000,0.000000,0.000000,-1,0.107117,-0.922333,0.077484,0.228259,0.384514,0.122497,49.573349,150.477921,-543.656616,0,0
1.720000,2.242109,1.384148,-2.072852,0.973789,0.174995,-0.145299,0.162667,-0.089300,0.982632,0.158980,-0.980511,-0.115425,0.737989,0.114386,0.004634,0.665031,0.229414,0.600029,0.167837,-0.082876,0.017437,-0.053993,0.145300,-0.982632,0.115425,0.000000,0.000000,0.000000,-1,0.047638,-1.045166,0.060806,0.188587,0.616801,0.157089,50.100723,150.653717,-541.477966,0,0
1.760000,2.301278,1.383902,-2.114926,0.971589,0.191990,-0.138400,0.158973,-0.096188,0.982586,0.175334,-0.976672,-0.123977,0.740229,0.118532,0.012474,0.661707,0.187776,0.574482,0.153341,-0.093798,-0.095203,-0.066024,0.138400,-0.982586,0.123976,0.000000,0.000000,0.000000,-1,0.083038,-1.083267,0.042786,0.121303,0.535412,0.173896,51.155472,149.247375,-540.807617,0,0
1.800000,2.373661,1.386099,-2.167371,0.969024,0.211467,-0.127572,0.151926,-0.103176,0.982992,0.194708,-0.971924,-0.132108,0.742346,0.122380,0.022609,0.658358,0.106766,0.466308,0.251323,-0.015114,-0.083613,-0.098264,0.127572,-0.982992,0.132108,0.000000,0.000000,0.000000,-1,0.210632,-1.013489,0.003647,0.061371,0.398143,0.218553,50.100723,148.192627,-541.142822,0,0
1.840000,2.432121,1.390286,-2.213487,0.967722,0.223240,-0.116953,0.143713,-0.107603,0.983752,0.207028,-0.968806,-0.136212,0.743562,0.123377,0.030285,0.656488,0.057537,0.133692,0.132571,0.121328,-0.016492,-0.134472,0.116953,-0.983752,0.136212,0.000000,0.000000,0.000000,-1,0.277878,-0.917938,0.004074,0.024024,0.109041,0.109133,50.452301,147.841049,-541.813110,0,0
1.880000,2.460750,1.391530,-2.237991,0.967368,0.227163,-0.112235,0.140071,-0.110334,0.983975,0.211139,-0.967586,-0.138553,0.744354,0.123340,0.033218,0.655454,0.051107,0.158680,0.085653,0.156426,0.083645,-0.127063,0.112235,-0.983975,0.138553,0.000000,0.000000,0.000000,-1,0.218170,-0.892944,0.024216,0.040062,0.183645,0.044810,51.507065,149.598969,-542.148315,0,0
1.920000,2.478953,1.390197,-2.250771,0.966299,0.232498,-0.110502,0.139670,-0.112940,0.983736,0.216237,-0.966017,-0.141607,0.745125,0.124868,0.035476,0.654170,0.111788,0.225661,-0.000294,0.056185,0.083086,-0.105688,0.110502,-0.983736,0.141607,0.000000,0.000000,0.000000,-1,0.128586,-0.923630,0.016052,0.134081,0.351335,-0.031120,50.452301,148.895798,-541.813110,0,0
1.960000,2.510123,1.384759,-2.268696,0.963193,0.245634,-0.109191,0.141720,-0.118861,0.982745,0.228417,-0.962048,-0.149297,0.746885,0.129657,0.039908,0.650968,0.172930,0.388606,-0.017359,0.010010,0.052600,-0.140996,0.109191,-0.982745,0.149297,0.000000,0.000000,0.000000,-1,0.105927,-0.947144,-0.016495,0.108651,0.364366,0.003118,50.452301,148.192627,-541.142822,0,0
2.000000,2.548890,1.380715,-2.292004,0.959630,0.260714,-0.105542,0.141895,-0.124755,0.981989,0.242851,-0.957322,-0.156713,0.748515,0.134469,0.045860,0.647719,0.065022,0.209220,0.053396,-0.001126,0.037256,-0.189672,0.105542,-0.981989,0.156713,0.000000,0.000000,0.000000,-1,0.126678,-0.940216,-0.033279,0.023950,0.135998,0.046179,51.682846,149.071594,-540.304810,0,0
2.040000,2.563632,1.380589,-2.304688,0.959345,0.262659,-0.103288,0.140393,-0.126627,0.981965,0.244843,-0.956544,-0.158355,0.749054,0.134520,0.047244,0.646986,0.043113,-0.009839,0.073563,0.038512,0.041978,-0.189162,0.103288,-0.981965,0.158355,0.000000,0.000000,0.000000,-1,0.180542,-0.982529,-0.001938,0.029537,-0.113089,0.026828,53.089188,150.126343,-542.651062,0,0
2.080000,2.569825,1.378515,-2.317508,0.961018,0.256422,-0.103407,0.140253,-0.129800,0.981571,0.238274,-0.957810,-0.160704,0.750254,0.132180,0.044940,0.646242,0.076483,-0.155925,-0.031615,0.082796,-0.051098,-0.142271,0.103407,-0.981571,0.160704,0.000000,0.000000,0.000000,-1,0.177994,-1.052170,0.023926,0.042097,-0.105516,-0.070242,51.331268,149.071594,-540.640015,0,1
2.120000,2.545898,1.378372,-2.297576,0.961587,0.252658,-0.107301,0.142917,-0.127072,0.981543,0.234360,-0.959175,-0.158300,0.749493,0.131947,0.042382,0.647344,0.054147,-0.100132,-0.067891,0.066039,-0.070657,-0.137304,0.107301,-0.981543,0.158300,0.000000,0.000000,0.000000,-1,0.182846,-1.072403,0.013336,0.015352,-0.131116,-0.090180,52.210220,148.192627,-541.477966,0,0
2.160000,2.511593,1.377414,-2.269680,0.962474,0.246625,-0.113221,0.147125,-0.123641,0.981360,0.228029,-0.961191,-0.155286,0.748565,0.131501,0.038343,0.648758,0.063228,-0.219085,-0.101625,0.072661,-0.109628,-0.143994,0.113221,-0.981360,0.155286,0.000000,0.000000,0.000000,-1,0.168839,-1.139359,0.014313,0.062887,-0.225736,-0.127480,51.331268,148.720001,-540.975220,0,0
2.200000,2.493173,1.369389,-2.261358,0.963840,0.237521,-0.120815,0.154215,-0.127425,0.979786,0.217325,-0.962988,-0.159447,0.750119,0.130558,0.032165,0.647489,0.102854,-0.140738,-0.104356,-0.012417,-0.204967,-0.144798,0.120815,-0.979786,0.159447,0.000000,0.000000,0.000000,-1,0.079300,-1.167557,-0.000717,0.041011,-0.089885,-0.097991,52.034439,149.071594,-541.645569,0,0
2.240000,2.472688,1.366925,-2.245170,0.964198,0.233579,-0.125552,0.158143,-0.126419,0.979290,0.212870,-0.964085,-0.158832,0.749908,0.130590,0.029109,0.647871,-0.102855,-0.183378,-0.137757,-0.045489,-0.168033,-0.185458,0.125552,-0.979290,0.158832,0.000000,0.000000,0.000000,-1,0.119675,-1.123611,-0.012787,-0.189588,-0.241875,-0.159552,52.034439,149.071594,-539.634521,0,0
2.280000,2.408476,1.370288,-2.192917,0.965962,0.221706,-0.133281,0.161852,-0.116067,0.979965,0.201795,-0.968181,-0.148000,0.746664,0.128424,0.022940,0.652284,-0.327135,-0.408938,-0.137303,-0.002787,-0.102539,-0.116841,0.133281,-0.979966,0.148000,0.000000,0.000000,0.000000,-1,0.120865,-1.067062,0.100220,-0.412663,-0.448066,-0.126155,52.386017,149.774765,-541.980713,0,0
2.320000,2.298160,1.381577,-2.103693,0.969668,0.200017,-0.140492,0.162011,-0.095556,0.982151,0.183022,-0.975122,-0.125063,0.739981,0.122310,0.014369,0.661258,-0.410043,-0.460723,-0.011820,-0.029698,0.044957,0.015089,0.140492,-0.982151,0.125063,0.000000,0.000000,0.000000,-1,0.106873,-0.856674,0.134979,-0.438989,-0.474208,0.024358,50.452301,149.598969,-542.818665,0,0
2.360000,2.238367,1.391082,-2.059764,0.972927,0.183595,-0.140376,0.157802,-0.083961,0.983895,0.168852,-0.979410,-0.110660,0.736130,0.115944,0.009671,0.666766,-0.400810,-0.688238,0.125323,-0.031032,0.268548,0.019818,0.140376,-0.983895,0.110660,0.000000,0.000000,0.000000,-1,0.126343,-0.663727,0.142487,-0.413297,-0.874574,0.139648,51.155472,151.356888,-542.483521,0,0
2.400000,2.170081,1.401491,-2.023470,0.978655,0.151250,-0.139135,0.151526,-0.073696,0.985702,0.138834,-0.985745,-0.095041,0.732699,0.103309,-0.000103,0.672666,-0.351844,-1.424057,0.159661,0.005656,0.299896,0.063360,0.139135,-0.985702,0.095041,0.000000,0.000000,0.000000,-1,0.211975,-0.856232,0.241806,-0.309851,-1.870280,0.132991,49.045975,150.302139,-543.153809,0,0
2.440000,2.027760,1.414009,-1.989734,0.989222,0.042494,-0.140125,0.142643,-0.063519,0.987734,0.033073,-0.997075,-0.068896,0.728292,0.063552,-0.036748,0.681324,0.032969,-1.591921,0.111497,0.117108,-0.044081,0.250120,0.140125,-0.987734,0.068896,0.000000,0.000000,0.000000,-1,0.267670,-1.068817,0.320450,0.095243,-1.324190,0.092647,45.530136,151.708466,-542.483521,0,0
2.480000,2.022386,1.414525,-1.998457,0.989737,0.028475,-0.140034,0.141619,-0.064549,0.987814,0.019089,-0.997508,-0.067919,0.728389,0.058380,-0.041511,0.681408,0.121038,-1.334631,0.103457,0.127636,-0.081003,0.252531,0.140034,-0.987814,0.067919,0.000000,0.000000,0.000000,-1,0.224487,-1.081345,0.272003,0.254404,-0.771684,0.054186,45.354340,152.939011,-541.980713,0,0
2.520000,2.124035,1.407114,-2.126967,0.990337,0.003072,-0.138644,0.138392,-0.086029,0.986634,-0.008896,-0.996288,-0.085622,0.735185,0.048105,-0.050171,0.674293,0.531577,0.327594,0.037581,-0.013873,-0.003860,0.099360,0.138644,-0.986634,0.085622,0.000000,0.000000,0.000000,-1,0.108505,-0.950897,0.157425,0.559676,0.543632,0.040496,45.354340,151.532684,-541.310364,0,0
2.560000,2.284273,1.392646,-2.268185,0.990698,0.023772,-0.133987,0.135835,-0.113807,0.984173,0.008147,-0.993218,-0.115978,0.745064,0.053555,-0.042224,0.663497,0.501599,0.244255,0.073281,-0.041000,0.114636,-0.080608,0.133987,-0.984173,0.115978,0.000000,0.000000,0.000000,-1,0.099319,-0.875534,0.021103,0.451429,0.251977,0.111675,45.705917,150.829514,-540.304810,0,0
2.600000,2.359574,1.386416,-2.337245,0.991146,0.030612,-0.129201,0.132073,-0.127160,0.983050,0.013664,-0.991410,-0.130077,0.749730,0.054248,-0.038526,0.658390,0.380351,0.219635,0.157409,0.012096,0.108752,-0.136623,0.129201,-0.983050,0.130077,0.000000,0.000000,0.000000,-1,0.167694,-0.874161,-0.035141,0.284139,0.162524,0.170835,43.947998,151.181091,-540.640015,0,0
2.640000,2.426064,1.385355,-2.404347,0.992203,0.030042,-0.120957,0.123950,-0.136501,0.982855,0.013016,-0.990184,-0.139160,0.752972,0.051128,-0.035838,0.655084,0.115104,-0.231648,0.234661,0.049438,0.102850,-0.173020,0.120957,-0.982855,0.139160,0.000000,0.000000,0.000000,-1,0.169449,-0.899460,-0.007812,-0.026580,-0.529543,0.233366,46.409088,150.477921,-539.634521,0,0
2.680000,2.442439,1.389723,-2.436129,0.993158,0.014320,-0.115898,0.116765,-0.137101,0.983651,-0.001804,-0.990454,-0.137835,0.753010,0.043520,-0.039077,0.655405,-0.044693,-0.610809,0.234126,0.053551,0.084191,-0.145648,0.115898,-0.983651,0.137835,0.000000,0.000000,0.000000,-1,0.173126,-0.908585,0.069153,-0.149472,-0.667319,0.222051,44.475372,152.060059,-541.477966,0,0
2.720000,2.433749,1.401968,-2.459984,0.993832,-0.019054,-0.109251,0.105864,-0.130483,0.985782,-0.033038,-0.991267,-0.127661,0.750329,0.028924,-0.047409,0.658727,-0.161758,-0.559256,0.194358,0.065005,0.053974,-0.025794,0.109251,-0.985782,0.127661,0.000000,0.000000,0.000000,-1,0.170349,-0.948303,0.123657,-0.168114,-0.448585,0.165979,44.299591,151.884262,-540.304810,0,0
2.760000,2.434576,1.409795,-2.474228,0.994015,-0.033043,-0.104130,0.099217,-0.125914,0.987067,-0.045727,-0.991491,-0.121882,0.748634,0.022098,-0.050044,0.660723,-0.071238,-0.174048,0.160252,0.053737,0.013022,0.012564,0.104130,-0.987067,0.121882,0.000000,0.000000,0.000000,-1,0.143250,-1.008759,0.137787,-0.060338,0.017026,0.121851,43.069046,153.466385,-540.137268,0,0
2.800000,2.463103,1.414279,-2.497430,0.994804,-0.028185,-0.097832,0.093610,-0.124641,0.987776,-0.040035,-0.991802,-0.121355,0.748465,0.021853,-0.046050,0.661212,0.015353,0.372619,0.061653,0.048225,-0.119310,0.001173,0.097832,-0.987776,0.121355,0.000000,0.000000,0.000000,-1,0.157257,-1.144455,0.114761,-0.003874,0.456756,0.027082,42.190079,153.993759,-539.969666,0,0
2.840000,2.485709,1.414225,-2.505364,0.995374,-0.013653,-0.095097,0.092650,-0.125423,0.987768,-0.025414,-0.992009,-0.123578,0.749062,0.026365,-0.040221,0.660752,0.035009,0.563994,0.025627,0.089107,-0.195918,-0.036542,0.095097,-0.987768,0.123578,0.000000,0.000000,0.000000,-1,0.222092,-1.132401,0.050461,0.012556,0.612406,0.022110,44.651169,154.345352,-539.299316,0,1
2.880000,2.519312,1.414347,-2.515735,0.995823,0.009346,-0.090821,0.091273,-0.126279,0.987787,-0.002237,-0.991951,-0.126605,0.749785,0.033549,-0.031028,0.660102,-0.007698,0.531102,0.018624,0.164703,-0.060767,-0.098559,0.090821,-0.987787,0.126605,0.000000,0.000000,0.000000,-1,0.275345,-1.061569,0.023453,-0.081221,0.336940,-0.102904,45.705917,153.290604,-539.299316,0,0
2.920000,2.482218,1.413401,-2.466088,0.995135,0.022039,-0.096026,0.098012,-0.122323,0.987639,0.010020,-0.992246,-0.123888,0.748556,0.040094,-0.028724,0.661234,-0.150506,0.005390,-0.252086,0.117597,-0.181673,-0.058459,0.096026,-0.987639,0.123888,0.000000,0.000000,0.000000,-1,0.165009,-1.181763,0.096527,-0.239120,-0.001187,-0.247427,45.530136,153.466385,-540.137268,0,0
2.960000,2.422712,1.416482,-2.404272,0.994569,0.024231,-0.101219,0.103335,-0.113782,0.988117,0.012427,-0.993210,-0.115668,0.745657,0.042770,-0.029770,0.664289,-0.405163,0.165803,-0.090914,-0.023384,-0.090252,0.043909,0.101219,-0.988117,0.115668,0.000000,0.000000,0.000000,-1,-0.016617,-0.804901,0.194763,-0.551732,0.308101,-0.023509,46.057510,153.290604,-540.640015,0,0
3.000000,2.316945,1.439344,-2.283355,0.994642,0.037726,-0.096249,0.099183,-0.085693,0.991373,0.029153,-0.995607,-0.088975,0.736429,0.046477,-0.022778,0.674532,-0.938155,0.416574,0.214831,-0.140438,0.214044,0.111968,0.096249,-0.991373,0.088975,0.000000,0.000000,0.000000,-1,-0.137756,-0.918274,0.268250,-1.016674,0.563747,0.238011,44.651169,154.696930,-541.310364,0,0
3.040000,2.183022,1.463521,-2.131820,0.994706,0.053683,-0.087622,0.090657,-0.056967,0.994252,0.048383,-0.996932,-0.061532,0.726843,0.049646,-0.013496,0.684874,-0.911594,0.709353,0.263598,-0.225379,0.075978,0.206718,0.087622,-0.994252,0.061532,0.000000,0.000000,0.000000,-1,-0.259415,-1.092270,0.446671,-0.557475,1.358105,0.244257,48.518600,155.751678,-542.986267,0,0
3.080000,2.162601,1.478817,-2.036012,0.988863,0.127825,-0.076229,0.082088,-0.041205,0.995773,0.124144,-0.990940,-0.051239,0.721337,0.072751,0.016606,0.688553,0.170072,1.693732,-0.129866,-0.358364,-0.081559,0.355881,0.076229,-0.995773,0.051239,0.000000,0.000000,0.000000,-1,-0.187393,-0.938324,0.131592,0.217105,1.250366,-0.281223,47.112259,155.048523,-542.315918,0,0
3.120000,2.208904,1.466906,-2.053946,0.984183,0.156351,-0.083297,0.091833,-0.048177,0.994608,0.151495,-0.986526,-0.061774,0.723556,0.085751,0.023563,0.684513,0.335227,0.476064,-0.314079,-0.212722,0.096506,0.031961,0.083297,-0.994608,0.061774,0.000000,0.000000,0.000000,-1,0.064590,-0.790634,0.031967,0.370522,-0.074218,-0.344564,49.045975,155.575897,-543.824219,0,0
3.160000,2.231036,1.446024,-2.081296,0.983453,0.152181,-0.098295,0.108581,-0.060807,0.992226,0.145021,-0.986480,-0.076325,0.728111,0.089534,0.016044,0.679397,0.368210,-0.453298,-0.478107,0.026247,0.202019,-0.043686,0.098295,-0.992226,0.076325,0.000000,0.000000,0.000000,-1,0.267929,-0.803238,0.003281,0.465909,0.330240,-0.587582,50.628098,155.400101,-540.975220,0,0
3.200000,2.287594,1.407228,-2.100195,0.973807,0.191386,-0.122768,0.140549,-0.082237,0.986652,0.178736,-0.978064,-0.106982,0.735361,0.112848,0.019027,0.667942,0.580313,1.771518,-0.529639,0.291203,0.131992,-0.133837,0.122767,-0.986652,0.106982,0.000000,0.000000,0.000000,-1,0.356445,-0.803070,-0.085007,0.403433,1.709843,-0.414360,51.682846,154.696930,-539.969666,0,0
3.240000,2.328146,1.394444,-2.098164,0.963932,0.233632,-0.127485,0.151603,-0.088292,0.984490,0.218752,-0.968308,-0.120526,0.737012,0.130674,0.030959,0.662403,0.050535,0.982074,-0.234934,0.122653,0.192223,-0.237363,0.127485,-0.984490,0.120526,0.000000,0.000000,0.000000,-1,0.091049,-0.826141,-0.111389,-0.021349,0.897899,-0.259943,52.386017,155.048523,-538.964111,0,0
3.280000,2.324899,1.385063,-2.054344,0.952524,0.273094,-0.134601,0.163495,-0.085856,0.982801,0.256841,-0.958148,-0.126429,0.735665,0.148365,0.041540,0.659591,0.029373,0.243667,-0.138254,-0.109256,0.077146,-0.203608,0.134601,-0.982801,0.126429,0.000000,0.000000,0.000000,-1,0.015549,-0.925827,-0.053162,-0.000028,0.101485,-0.135676,53.616562,155.575897,-541.477966,0,0
3.320000,2.311138,1.382456,-2.040489,0.951956,0.273266,-0.138220,0.166954,-0.084742,0.982316,0.256721,-0.958198,-0.126294,0.735356,0.149662,0.040287,0.659720,-0.061222,-0.155428,-0.116880,-0.122717,0.065446,-0.135174,0.138220,-0.982316,0.126294,0.000000,0.000000,0.000000,-1,0.042511,-0.918503,0.046036,-0.164918,-0.221314,-0.111881,53.089188,154.696930,-539.634521,0,1
3.360000,2.254725,1.385857,-1.993808,0.954102,0.263392,-0.142530,0.167678,-0.075487,0.982947,0.248141,-0.961731,-0.116187,0.732423,0.147138,0.036049,0.663782,-0.296864,-0.300097,-0.074028,-0.049039,0.012778,-0.055686,0.142530,-0.982947,0.116187,0.000000,0.000000,0.000000,-1,0.155182,-1.169891,0.055573,-0.204258,-0.169781,-0.152251,52.386017,154.696930,-539.299316,0,0
3.400000,2.202947,1.384365,-1.947939,0.954664,0.257401,-0.149535,0.172327,-0.068259,0.982672,0.242734,-0.963891,-0.109522,0.730145,0.147138,0.031911,0.666499,0.013245,-0.072947,-0.244540,0.043687,-0.253931,-0.063348,0.149535,-0.982672,0.109522,0.000000,0.000000,0.000000,-1,0.221970,-1.279510,0.035797,0.057871,-0.001517,-0.277427,55.022903,156.630646,-540.137268,0,0
3.440000,2.181989,1.374379,-1.925196,0.952441,0.259445,-0.159826,0.183029,-0.067725,0.980772,0.243632,-0.963380,-0.111989,0.730095,0.151512,0.028697,0.665719,0.007635,0.204332,-0.268973,0.013712,-0.237429,-0.098257,0.159826,-0.980772,0.111989,0.000000,0.000000,0.000000,-1,0.145706,-1.188507,-0.037598,-0.080543,0.343885,-0.268060,53.089188,156.806442,-541.310364,0,0
3.480000,2.156754,1.369980,-1.889716,0.948657,0.269126,-0.166195,0.189411,-0.062542,0.979904,0.253323,-0.961072,-0.110306,0.728269,0.157406,0.029909,0.666297,-0.209456,0.230993,-0.253541,-0.000881,-0.232071,-0.185349,0.166195,-0.979904,0.110306,0.000000,0.000000,0.000000,-1,0.276779,-1.134384,0.003510,-0.456933,-0.494322,-0.318462,54.319733,156.279068,-539.466919,0,0
3.520000,2.027642,1.369845,-1.780990,0.952074,0.247926,-0.179132,0.195208,-0.041647,0.979877,0.235477,-0.967883,-0.088048,0.721417,0.153564,0.019526,0.674978,-0.684080,-1.132676,-0.203201,0.067481,-0.085064,-0.020619,0.179132,-0.979877,0.088048,0.000000,0.000000,0.000000,-1,0.202652,-0.876984,0.141159,-0.847723,-1.466805,0.000353,52.913391,157.333817,-539.802063,0,0
3.560000,1.753406,1.384273,-1.584444,0.968705,0.168392,-0.182361,0.185427,-0.002531,0.982655,0.165010,-0.985717,-0.033676,0.707974,0.124941,-0.006127,0.695072,-0.791489,-2.062736,0.127106,0.028134,0.168278,0.198105,0.182361,-0.982655,0.033676,0.000000,0.000000,0.000000,-1,0.264191,-0.978516,0.370071,-0.738847,-2.174353,0.115085,50.100723,156.630646,-540.137268,0,0
3.600000,1.597834,1.389177,-1.490162,0.977821,0.106140,-0.180557,0.180036,0.014549,0.983552,0.107021,-0.994245,-0.004883,0.701455,0.101993,-0.026208,0.704891,-0.364096,-1.869572,0.063410,0.101166,-0.061308,0.444290,0.180557,-0.983552,0.004883,0.000000,0.000000,0.000000,-1,0.273834,-1.105194,0.398392,0.078086,-0.974034,0.045658,48.518600,157.158020,-541.980713,0,0
3.640000,1.588168,1.392003,-1.519728,0.981741,0.067573,-0.177816,0.177611,0.009078,0.984059,0.068110,-0.997673,-0.003089,0.702807,0.087216,-0.039024,0.704934,0.444142,-0.468020,0.107285,0.058284,-0.137462,0.334191,0.177816,-0.984059,0.003089,0.000000,0.000000,0.000000,-1,0.139893,-1.098328,0.211380,0.685918,-0.120805,0.235896,47.815430,157.509613,-538.628967,0,0
3.680000,1.827290,1.403101,-1.762119,0.984556,0.067705,-0.161450,0.163865,-0.031739,0.985972,0.061631,-0.997200,-0.042344,0.717398,0.080698,-0.034785,0.691099,1.043988,0.398924,0.502076,-0.127255,0.035441,0.045944,0.161450,-0.985972,0.042344,0.000000,0.000000,0.000000,-1,0.011658,-0.819992,0.014481,1.060975,0.485999,0.460823,45.881714,156.279068,-537.455811,0,0
3.720000,2.040893,1.402854,-1.965498,0.985581,0.080147,-0.149022,0.154302,-0.064276,0.985931,0.069441,-0.994709,-0.075716,0.728967,0.080404,-0.027292,0.679262,0.994218,0.324786,0.272630,-0.135793,0.208831,-0.080797,0.149022,-0.985931,0.075716,0.000000,0.000000,0.000000,-1,0.097687,-0.749084,-0.037750,0.582231,-0.202934,0.172024,46.233292,156.630646,-536.785522,0,0
3.760000,2.168595,1.398793,-2.104225,0.987426,0.070528,-0.141474,0.147378,-0.087031,0.985244,0.057174,-0.993706,-0.096331,0.736680,0.073948,-0.028608,0.671577,0.201487,-0.530185,0.234042,-0.017435,0.234878,-0.136568,0.141474,-0.985244,0.096331,0.000000,0.000000,0.000000,-1,0.173691,-0.748795,-0.026321,-0.052459,-0.610337,0.200844,46.936462,154.521149,-537.455811,0,0
3.800000,2.157838,1.409320,-2.128180,0.990369,0.035383,-0.133859,0.136440,-0.085045,0.986991,0.023539,-0.995749,-0.089053,0.735606,0.058395,-0.037493,0.673845,-0.151996,-0.868100,0.223136,0.059379,0.210273,-0.087726,0.133859,-0.986991,0.089053,0.000000,0.000000,0.000000,-1,0.182693,-0.823486,0.069885,-0.168357,-0.898532,0.187909,43.947998,155.400101,-535.277222,0,0
3.840000,2.130058,1.415836,-2.126979,0.991369,0.008440,-0.130827,0.131078,-0.081484,0.988018,-0.002321,-0.996639,-0.081887,0.733952,0.047523,-0.045353,0.676017,-0.090347,-0.841277,0.146919,0.051867,0.164531,-0.012002,0.130827,-0.988018,0.081887,0.000000,0.000000,0.000000,-1,0.148972,-0.890778,0.136780,-0.065278,-0.578023,0.144361,43.069046,155.575897,-536.450317,0,0
3.880000,2.123085,1.423134,-2.145088,0.991980,-0.016968,-0.125252,0.123524,-0.079925,0.989118,-0.026794,-0.996656,-0.077188,0.732989,0.036343,-0.051858,0.677286,-0.001125,-0.212111,0.150261,0.011039,0.078275,0.068351,0.125252,-0.989118,0.077188,0.000000,0.000000,0.000000,-1,0.140381,-0.963211,0.146698,-0.024445,-0.090947,0.129434,44.123795,157.333817,-535.109619,0,0
3.920000,2.142882,1.426430,-2.164840,0.992511,-0.017061,-0.120958,0.119219,-0.080524,0.989597,-0.026623,-0.996607,-0.077887,0.733301,0.034828,-0.050314,0.677145,0.051936,0.157727,0.056845,0.030760,-0.045193,0.056116,0.120958,-0.989597,0.077887,0.000000,0.000000,0.000000,-1,0.182938,-1.105911,0.112335,0.075413,0.275545,0.018623,42.893250,155.048523,-534.942017,0,0
3.960000,2.178305,1.424401,-2.190424,0.992777,-0.007018,-0.119773,0.118755,-0.084713,0.989303,-0.017089,-0.996381,-0.083268,0.734976,0.038007,-0.046553,0.675425,0.202762,0.445145,-0.013582,0.084497,-0.150696,0.011993,0.119773,-0.989303,0.083268,0.000000,0.000000,0.000000,-1,0.271530,-1.168472,0.037766,0.215601,0.566143,-0.051734,44.826965,155.927475,-533.098511,0,0
4.000000,2.242642,1.417177,-2.231624,0.992663,0.016675,-0.119762,0.120804,-0.093917,0.988224,0.005231,-0.995440,-0.095242,0.738549,0.046537,-0.038769,0.671473,0.215160,0.746169,-0.104294,0.167271,-0.148083,-0.077633,0.119762,-0.988224,0.095242,0.000000,0.000000,0.000000,-1,0.314911,-1.110962,-0.010284,0.071073,0.795514,-0.219793,44.651169,154.345352,-533.266113,0,0
4.040000,2.219461,1.406887,-2.180969,0.990506,0.044603,-0.130034,0.133731,-0.093502,0.986597,0.031847,-0.994620,-0.098579,0.738679,0.060356,-0.033231,0.670527,-0.264944,-0.048589,-0.383098,0.173891,-0.383597,-0.058784,0.130034,-0.986597,0.098579,0.000000,0.000000,0.000000,-1,0.155777,-1.334824,0.132050,-0.430609,-0.227554,-0.333515,45.002747,154.696930,-533.601318,0,0
4.080000,2.128807,1.411035,-2.093319,0.990009,0.040872,-0.134951,0.137855,-0.079393,0.987265,0.029637,-0.996005,-0.084234,0.733764,0.060894,-0.035881,0.675719,-0.555172,0.161427,0.330158,-0.061917,-0.100771,0.098524,0.132031,-0.988111,0.078768,0.000000,0.000000,0.000000,-1,0.005768,-0.854080,0.134766,-0.603292,0.042266,0.549965,44.475372,154.521149,-533.098511,0,1
4.120000,2.059639,1.438568,-2.020608,0.992298,0.042372,-0.116402,0.118729,-0.057325,0.991271,0.035330,-0.997456,-0.061914,0.726556,0.055433,-0.027896,0.684299,-0.558789,-0.131673,0.591065,-0.145470,0.165114,0.067892,0.116402,-0.991271,0.061914,0.000000,0.000000,0.000000,-1,-0.211807,-1.050003,0.264053,-0.540995,-0.458998,0.521532,43.772217,155.927475,-535.109619,0,0
4.160000,1.924597,1.469013,-1.905207,0.995226,0.020983,-0.095314,0.095979,-0.033349,0.994825,0.017695,-0.999223,-0.035204,0.718293,0.040708,-0.027015,0.694023,-0.444962,-0.210369,0.215484,-0.347451,-0.050387,0.303725,0.095314,-0.994825,0.035204,0.000000,0.000000,0.000000,-1,-0.247665,-0.894775,0.361557,-0.385054,0.430649,0.059965,43.596420,154.696930,-534.606812,0,0
4.200000,1.851521,1.463858,-1.800761,0.993368,0.051990,-0.102556,0.103925,-0.024329,0.994287,0.049198,-0.998351,-0.029571,0.715414,0.054484,-0.018646,0.696324,-0.027749,0.720790,-0.562535,-0.285570,0.124826,0.192276,0.102556,-0.994288,0.029571,0.000000,0.000000,0.000000,-1,-0.096329,-0.876129,0.133133,0.172269,0.054908,-0.587469,44.651169,156.103271,-533.266113,0,0
4.240000,1.897057,1.435649,-1.850217,0.990601,0.049205,-0.127628,0.129510,-0.037160,0.990882,0.044014,-0.998097,-0.043183,0.719539,0.062094,-0.029051,0.691060,0.533465,-0.461695,-0.370697,-0.083927,0.150168,0.053298,0.127628,-0.990882,0.043183,0.000000,0.000000,0.000000,-1,0.162079,-0.766678,0.068497,0.589775,-0.375956,-0.441012,46.057510,155.751678,-533.936523,0,0
4.280000,1.988968,1.414569,-1.943139,0.988583,0.049862,-0.142186,0.144931,-0.056605,0.987821,0.041206,-0.997151,-0.063185,0.726012,0.067077,-0.034772,0.683519,0.766391,0.688620,-0.589879,0.126491,0.241728,-0.023863,0.142186,-0.987821,0.063185,0.000000,0.000000,0.000000,-1,0.376190,-0.777176,0.013535,0.804326,1.390764,-0.664493,44.651169,155.400101,-532.595764,0,0
