0.000000,-0.783303,-1.432762,-0.731112,0.994157,0.047171,0.097091,0.091873,0.102431,-0.990488,-0.056667,0.993621,0.097499,-0.669744,-0.051902,-0.015089,0.740623,-0.011259,-0.046028,0.008570,0.001449,0.011892,-0.004277,-0.097091,0.990488,-0.097499,0.000000,0.000000,0.000000,-1,-0.092804,1.002090,-0.100998,-0.008567,-0.150528,0.014602,125.797913,268.914856,-783.575195,0,0
0.040000,-0.783303,-1.432762,-0.731112,0.994157,0.047171,0.097091,0.091873,0.102431,-0.990488,-0.056667,0.993621,0.097499,-0.669744,-0.051902,-0.015089,0.740623,-0.011259,-0.046028,0.008570,0.001449,0.011892,-0.004277,-0.097091,0.990488,-0.097499,0.000000,0.000000,0.000000,-1,-0.094437,1.002792,-0.098328,-0.005380,-0.154769,0.014586,125.097092,268.914856,-783.575195,0,0
0.080000,-0.781766,-1.433341,-0.727415,0.994105,0.049361,0.096537,0.091112,0.102342,-0.990568,-0.058775,0.993524,0.097241,-0.669799,-0.052431,-0.014095,0.740555,0.006826,-0.054502,0.012676,0.003489,0.010164,0.002758,-0.096537,0.990568,-0.097241,0.000000,0.000000,0.000000,-1,-0.093597,1.002701,-0.092896,0.001013,-0.146284,0.016605,125.447510,269.613342,-783.241150,0,0
0.120000,-0.783494,-1.433993,-0.726991,0.994022,0.051546,0.096249,0.090639,0.101898,-0.990657,-0.060872,0.993459,0.096617,-0.669983,-0.053056,-0.013201,0.740361,-0.005959,-0.025892,0.004180,-0.001987,0.011708,0.002912,-0.096249,0.990657,-0.096617,0.000000,0.000000,0.000000,-1,-0.093826,1.008026,-0.095444,-0.005385,-0.102837,0.002651,126.673950,269.089478,-783.742188,0,0
0.160000,-0.784531,-1.434272,-0.727818,0.994019,0.051774,0.096154,0.090540,0.101617,-0.990695,-0.061063,0.993475,0.096321,-0.670090,-0.053095,-0.013092,0.740263,-0.003838,0.003784,-0.002354,0.002053,0.018811,-0.000542,-0.096154,0.990695,-0.096321,0.000000,0.000000,0.000000,-1,-0.094513,1.001587,-0.095230,0.004199,-0.097531,0.005712,125.272308,269.089478,-783.408142,0,0
0.200000,-0.783873,-1.434465,-0.726952,0.994027,0.051996,0.095956,0.090325,0.101552,-0.990721,-0.061258,0.993470,0.096249,-0.670117,-0.053095,-0.012945,0.740241,0.000406,-0.025895,0.003059,-0.000373,0.007112,0.000149,-0.095956,0.990721,-0.096249,0.000000,0.000000,0.000000,-1,-0.097107,0.999542,-0.098785,-0.006438,-0.115551,0.008038,126.148331,272.057983,-784.243164,0,0
0.240000,-0.784521,-1.434391,-0.727226,0.993996,0.052361,0.096070,0.090401,0.101582,-0.990711,-0.061634,0.993448,0.096238,-0.670108,-0.053261,-0.012847,0.740239,0.004671,0.016503,-0.003566,-0.003250,0.013027,-0.001479,-0.096070,0.990711,-0.096238,0.000000,0.000000,0.000000,-1,-0.099548,1.005280,-0.095734,0.005261,-0.078454,0.001360,126.673950,268.740234,-783.074158,0,0
0.280000,-0.784387,-1.434242,-0.727624,0.994016,0.051823,0.096161,0.090540,0.101656,-0.990691,-0.061116,0.993469,0.096356,-0.670075,-0.053114,-0.013075,0.740275,0.003605,0.010142,-0.002463,-0.000961,0.010637,-0.003833,-0.096161,0.990691,-0.096356,0.000000,0.000000,0.000000,-1,-0.096451,1.003860,-0.108948,-0.001118,-0.110250,0.007956,125.097092,268.914856,-783.241150,0,0
0.320000,-0.783207,-1.434316,-0.726287,0.994023,0.051984,0.095996,0.090355,0.101722,-0.990701,-0.061265,0.993454,0.096417,-0.670053,-0.053107,-0.012958,0.740298,0.001501,0.004851,0.003970,0.000537,0.013739,0.000623,-0.095996,0.990701,-0.096417,0.000000,0.000000,0.000000,-1,-0.100693,1.006454,-0.096573,0.002090,-0.069967,0.004548,125.797913,269.613342,-781.905151,0,0
0.360000,-0.782711,-1.433959,-0.727831,0.994109,0.049931,0.096197,0.090747,0.101847,-0.990652,-0.059262,0.993546,0.096716,-0.669990,-0.052493,-0.013782,0.740384,0.016385,0.068445,-0.006066,-0.004511,0.014398,0.006826,-0.096197,0.990652,-0.096716,0.000000,0.000000,0.000000,-1,-0.089783,0.993118,-0.102158,0.001022,-0.055131,0.000238,126.148331,269.613342,-782.907166,0,0
0.400000,-0.778849,-1.433927,-0.726031,0.994244,0.047881,0.095845,0.090585,0.102033,-0.990648,-0.057213,0.993628,0.097109,-0.669907,-0.051673,-0.014417,0.740504,-0.003793,0.056794,0.000603,0.004369,0.007445,-0.009138,-0.095845,0.990648,-0.097109,0.000000,0.000000,0.000000,-1,-0.097183,1.002411,-0.111649,0.040423,0.010608,0.003761,125.797913,268.914856,-783.575195,0,0
0.440000,-0.763612,-1.432184,-0.715432,0.994489,0.043156,0.095548,0.090631,0.104291,-0.990409,-0.052707,0.993610,0.099805,-0.669028,-0.049993,-0.016009,0.741381,-0.014435,0.062074,-0.015255,0.002699,-0.000800,-0.008868,-0.095548,0.990409,-0.099805,0.000000,0.000000,0.000000,-1,-0.099533,1.009354,-0.092270,-0.022401,-0.057264,-0.008004,125.272308,269.438721,-784.744141,0,0
0.480000,-0.768790,-1.432405,-0.721935,0.994510,0.041849,0.095912,0.091162,0.103535,-0.990439,-0.051379,0.993745,0.099152,-0.669295,-0.049683,-0.016634,0.741147,0.011050,0.021793,-0.008973,-0.001699,0.022424,0.008270,-0.095912,0.990439,-0.099152,0.000000,0.000000,0.000000,-1,-0.091949,1.001129,-0.097412,-0.007518,-0.106019,0.001625,126.148331,270.311798,-783.575195,0,0
0.520000,-0.768948,-1.432629,-0.721996,0.994518,0.041962,0.095773,0.091022,0.103363,-0.990470,-0.051462,0.993758,0.098977,-0.669361,-0.049668,-0.016550,0.741090,-0.008092,-0.024843,-0.000031,0.007028,0.009759,-0.006782,-0.095773,0.990470,-0.098977,0.000000,0.000000,0.000000,-1,-0.091644,1.001938,-0.104752,-0.006447,-0.143112,0.011354,125.447510,269.962555,-782.907166,0,0
0.560000,-0.768123,-1.432922,-0.720037,0.994496,0.043111,0.095490,0.090628,0.103323,-0.990510,-0.052569,0.993713,0.098848,-0.669389,-0.049949,-0.016030,0.741058,0.000443,-0.034371,0.008437,0.002244,0.011138,-0.001036,-0.095490,0.990510,-0.098848,0.000000,0.000000,0.000000,-1,-0.091263,1.008835,-0.093277,-0.002174,-0.111307,0.010100,124.221069,269.787964,-783.742188,0,0
0.600000,-0.768556,-1.433823,-0.720082,0.994532,0.043561,0.094912,0.090044,0.102648,-0.990634,-0.052895,0.993763,0.098164,-0.669649,-0.049879,-0.015686,0.740835,-0.012321,0.002727,0.003108,0.007144,0.014783,0.005757,-0.094912,0.990634,-0.098164,0.000000,0.000000,0.000000,-1,-0.097305,1.001251,-0.101196,-0.018099,-0.102819,0.014492,123.870651,268.740234,-783.408142,0,0
0.640000,-0.769226,-1.434431,-0.720766,0.994564,0.043590,0.094559,0.089717,0.102134,-0.990717,-0.052843,0.993815,0.097668,-0.669844,-0.049753,-0.015569,0.740670,-0.011228,0.010156,0.008382,-0.007446,0.013708,-0.002170,-0.094559,0.990717,-0.097668,0.000000,0.000000,0.000000,-1,-0.104919,1.000702,-0.101395,-0.000036,-0.063607,0.003479,126.148331,270.311798,-783.575195,0,0
0.680000,-0.769879,-1.434037,-0.722300,0.994572,0.042685,0.094895,0.090132,0.102289,-0.990663,-0.051993,0.993838,0.097887,-0.669775,-0.049575,-0.016013,0.740734,0.003634,0.030281,-0.003590,-0.007766,0.008452,-0.007155,-0.094895,0.990663,-0.097887,0.000000,0.000000,0.000000,-1,-0.098007,1.003601,-0.094986,-0.008569,-0.100715,0.003740,125.097092,269.264099,-783.575195,0,0
0.720000,-0.771069,-1.433899,-0.723765,0.994564,0.042401,0.095107,0.090372,0.102260,-0.990644,-0.051730,0.993854,0.097872,-0.669782,-0.049558,-0.016191,0.740725,0.006858,0.011211,-0.001441,-0.006395,0.012194,0.001024,-0.095107,0.990644,-0.097872,0.000000,0.000000,0.000000,-1,-0.098343,1.002014,-0.101257,0.005241,-0.094360,-0.000696,125.447510,271.010284,-782.907166,0,0
0.760000,-0.771146,-1.433326,-0.724096,0.994538,0.042107,0.095509,0.090782,0.102655,-0.990566,-0.051514,0.993825,0.098271,-0.669629,-0.049613,-0.016425,0.740855,0.001528,0.003783,-0.004547,-0.002803,0.010899,-0.003489,-0.095509,0.990566,-0.098271,0.000000,0.000000,0.000000,-1,-0.101440,1.001541,-0.100067,0.004188,-0.091176,0.001429,124.921890,269.438721,-782.406128,0,0
0.800000,-0.771692,-1.432953,-0.724888,0.994519,0.041835,0.095821,0.091108,0.102859,-0.990515,-0.051295,0.993816,0.098484,-0.669548,-0.049639,-0.016625,0.740922,0.005786,0.013322,-0.005706,-0.005467,0.010843,-0.001308,-0.095821,0.990515,-0.098484,0.000000,0.000000,0.000000,-1,-0.095016,1.002640,-0.097534,0.008440,-0.080577,-0.000793,125.097092,269.264099,-782.907166,0,0
0.840000,-0.772154,-1.432867,-0.725888,0.994532,0.041294,0.095926,0.091268,0.102832,-0.990503,-0.050766,0.993841,0.098501,-0.669552,-0.049496,-0.016862,0.740923,-0.000599,-0.006817,-0.001288,0.001031,0.011878,0.001592,-0.095926,0.990503,-0.098501,0.000000,0.000000,0.000000,-1,-0.094360,1.003342,-0.097610,-0.003249,-0.104952,0.005828,125.447510,269.264099,-784.243164,0,0
0.880000,-0.773565,-1.433133,-0.726998,0.994523,0.041611,0.095881,0.091207,0.102534,-0.990539,-0.051049,0.993859,0.098177,-0.669666,-0.049584,-0.016737,0.740816,-0.006976,-0.003635,-0.000166,-0.001745,0.011292,-0.002622,-0.095881,0.990539,-0.098177,0.000000,0.000000,0.000000,-1,-0.097702,1.002747,-0.102676,0.002077,-0.092230,0.005712,124.571472,268.740234,-783.074158,0,0
0.920000,-0.772681,-1.432972,-0.726264,0.994527,0.041451,0.095905,0.091237,0.102720,-0.990517,-0.050909,0.993846,0.098376,-0.669595,-0.049540,-0.016800,0.740882,0.003672,0.012267,-0.000357,-0.002911,0.009803,-0.004667,-0.095905,0.990517,-0.098376,0.000000,0.000000,0.000000,-1,-0.100891,0.994781,-0.104294,0.000989,-0.082701,-0.002829,125.973129,268.390991,-784.076172,0,0
0.960000,-0.772528,-1.431791,-0.727343,0.994503,0.040141,0.096707,0.092126,0.103495,-0.990354,-0.049763,0.993820,0.099228,-0.669287,-0.049406,-0.017535,0.741152,0.007895,0.035567,-0.016477,-0.004139,0.000521,-0.005889,-0.096707,0.990354,-0.099229,0.000000,0.000000,0.000000,-1,-0.107117,0.994232,-0.110413,0.009425,-0.089088,-0.019912,125.272308,268.740234,-784.076172,0,0
1.000000,-0.774018,-1.430040,-0.729208,0.994390,0.039640,0.098066,0.093474,0.104616,-0.990110,-0.049507,0.993722,0.100324,-0.668852,-0.049754,-0.018150,0.741507,0.023769,-0.011103,-0.030282,-0.009310,0.013155,-0.006823,-0.098066,0.990110,-0.100324,0.000000,0.000000,0.000000,-1,-0.103394,1.010483,-0.096558,0.013628,-0.075329,-0.035977,124.746689,269.962555,-782.573120,0,0
1.040000,-0.778668,-1.428945,-0.734502,0.994297,0.038916,0.099293,0.094753,0.104924,-0.989956,-0.048943,0.993719,0.100639,-0.668718,-0.049972,-0.018823,0.741596,0.013145,0.055673,-0.040044,-0.002453,0.015842,0.007118,-0.099293,0.989956,-0.100639,0.000000,0.000000,0.000000,-1,-0.092468,1.006073,-0.105453,0.032803,-0.013840,-0.038593,123.870651,270.835663,-783.074158,0,0
1.080000,-0.775096,-1.426554,-0.734957,0.994321,0.034737,0.100589,0.096388,0.106637,-0.989615,-0.045103,0.993691,0.102683,-0.668020,-0.049072,-0.020765,0.742233,0.043935,0.084255,-0.060710,0.011768,0.027963,0.008582,-0.100589,0.989615,-0.102683,0.000000,0.000000,0.000000,-1,-0.069168,1.010513,-0.080338,0.023144,-0.001158,-0.065137,124.571472,269.787964,-783.742188,0,0
1.120000,-0.776717,-1.426532,-0.740181,0.994422,0.031153,0.100771,0.096958,0.106148,-0.989612,-0.041526,0.993862,0.102536,-0.668158,-0.047934,-0.022167,0.742143,0.015233,0.059891,-0.046413,0.041124,0.016568,0.022412,-0.100771,0.989612,-0.102536,0.000000,0.000000,0.000000,-1,-0.058823,1.009888,-0.082840,0.021170,-0.160080,0.007935,127.199570,269.264099,-783.575195,0,0
1.160000,-0.769504,-1.429367,-0.728197,0.994524,0.036110,0.098076,0.093811,0.105208,-0.990015,-0.046068,0.993794,0.101244,-0.668594,-0.048580,-0.019447,0.741784,0.011038,-0.174304,0.027082,0.018196,0.018896,0.020983,-0.098076,0.990016,-0.101244,0.000000,0.000000,0.000000,-1,-0.084930,0.999634,-0.083649,-0.001162,-0.237454,0.022359,125.973129,269.787964,-784.076172,0,0
1.200000,-0.773446,-1.430855,-0.728908,0.994460,0.039430,0.097445,0.092905,0.104042,-0.990224,-0.049183,0.993791,0.099803,-0.669069,-0.049447,-0.018033,0.741334,-0.021961,-0.063026,-0.001762,0.010180,0.005290,0.012019,-0.097445,0.990224,-0.099803,0.000000,0.000000,0.000000,-1,-0.102692,0.998413,-0.110764,-0.007605,-0.163287,-0.009816,126.849152,269.962555,-782.573120,0,0
1.240000,-0.778271,-1.430147,-0.731204,0.994263,0.041890,0.098418,0.093612,0.104351,-0.990125,-0.051746,0.993658,0.099831,-0.668970,-0.050638,-0.017442,0.741358,0.018378,-0.070555,-0.024522,-0.005769,0.012515,-0.014290,-0.098418,0.990125,-0.099831,0.000000,0.000000,0.000000,-1,-0.103516,1.007858,-0.113937,0.040235,-0.100755,-0.023391,126.673950,267.343262,-783.408142,0,0
1.280000,-0.775181,-1.428326,-0.727772,0.994160,0.042097,0.099370,0.094452,0.106017,-0.989868,-0.052205,0.993473,0.101422,-0.668341,-0.051078,-0.017643,0.741889,0.043977,0.043942,-0.028514,-0.002116,0.013763,-0.007144,-0.099370,0.989868,-0.101422,0.000000,0.000000,0.000000,-1,-0.107224,0.999130,-0.099564,0.028608,-0.032895,-0.019314,124.571472,269.787964,-783.742188,0,0
1.320000,-0.776961,-1.426929,-0.731363,0.994123,0.040192,0.100520,0.095756,0.106707,-0.989669,-0.050503,0.993478,0.102231,-0.668054,-0.050874,-0.018718,0.742135,-0.015561,-0.030251,-0.012637,-0.009953,0.011186,0.002072,-0.100520,0.989669,-0.102231,0.000000,0.000000,0.000000,-1,-0.117935,0.987137,-0.112518,-0.021416,-0.187661,-0.002108,126.148331,268.216370,-784.577148,0,0
1.360000,-0.788169,-1.425984,-0.738997,0.993792,0.043666,0.102323,0.097198,0.106664,-0.989533,-0.054123,0.993336,0.101757,-0.668089,-0.052711,-0.018036,0.741993,0.003477,-0.120386,-0.023095,-0.013888,-0.005585,-0.016712,-0.102323,0.989533,-0.101757,0.000000,0.000000,0.000000,-1,-0.117249,0.996796,-0.125122,0.044323,-0.186671,-0.049641,124.746689,269.264099,-784.911194,0,0
1.400000,-0.790215,-1.422968,-0.738436,0.993443,0.046025,0.104650,0.099146,0.108924,-0.989093,-0.056922,0.992984,0.103647,-0.667247,-0.054392,-0.017883,0.742633,0.064004,-0.043166,-0.068798,-0.007669,0.014386,-0.020819,-0.104650,0.989093,-0.103647,0.000000,0.000000,0.000000,-1,-0.061829,0.990173,-0.097855,0.070924,-0.019200,-0.078346,125.097092,268.216370,-783.241150,0,0
1.440000,-0.777347,-1.419844,-0.729530,0.993541,0.041852,0.105475,0.100231,0.112106,-0.988628,-0.053201,0.992814,0.107187,-0.666004,-0.053334,-0.019622,0.743780,0.063033,0.074523,-0.067148,0.038306,0.007313,0.010706,-0.105475,0.988628,-0.107187,0.000000,0.000000,0.000000,-1,-0.077698,1.026001,-0.082657,0.056075,-0.099738,-0.052290,124.921890,268.740234,-784.076172,0,0
1.480000,-0.775198,-1.417955,-0.727848,0.993452,0.041241,0.106551,0.101284,0.113669,-0.988342,-0.052872,0.992662,0.108747,-0.665401,-0.053549,-0.020168,0.744290,0.049194,0.007747,-0.054975,0.026427,0.031860,0.029707,-0.106551,0.988342,-0.108747,0.000000,0.000000,0.000000,-1,-0.089233,1.001343,-0.080338,0.032662,-0.067951,-0.064940,123.169830,267.692505,-785.078186,0,0
1.520000,-0.779591,-1.416396,-0.733027,0.993320,0.040332,0.108111,0.102903,0.114288,-0.988104,-0.052208,0.992629,0.109374,-0.665143,-0.053836,-0.021012,0.744477,0.026795,0.022559,-0.075000,0.014025,0.013666,0.023482,-0.108111,0.988104,-0.109374,0.000000,0.000000,0.000000,-1,-0.086273,0.999756,-0.099640,0.041088,-0.119917,-0.075436,124.045853,268.216370,-783.241150,0,0
1.560000,-0.786252,-1.412762,-0.739789,0.992976,0.039932,0.111378,0.106093,0.116241,-0.987539,-0.052382,0.992418,0.111188,-0.664369,-0.054949,-0.022200,0.745051,0.054393,0.042544,-0.094529,0.035465,0.010051,0.015775,-0.111378,0.987538,-0.111188,0.000000,0.000000,0.000000,-1,-0.051697,1.026489,-0.076889,0.031579,0.006233,-0.085474,124.921890,268.740234,-783.074158,0,0
1.600000,-0.785337,-1.414229,-0.742224,0.993225,0.036726,0.110251,0.105396,0.114914,-0.987768,-0.048946,0.992696,0.110265,-0.664840,-0.053442,-0.023053,0.744715,0.023639,0.025635,-0.060015,0.056387,0.047128,0.042683,-0.110251,0.987768,-0.110265,0.000000,0.000000,0.000000,-1,-0.050369,1.031677,-0.049957,0.022120,-0.309569,0.008599,123.695450,268.914856,-783.241150,0,0
1.640000,-0.791372,-1.418747,-0.733156,0.992814,0.052085,0.107739,0.101362,0.112548,-0.988463,-0.063610,0.992280,0.106459,-0.665922,-0.057607,-0.016567,0.743610,-0.041012,-0.532830,0.118767,0.076230,0.018465,0.084914,-0.107739,0.988463,-0.106459,0.000000,0.000000,0.000000,-1,-0.021851,1.005219,0.010330,-0.069025,-0.647558,0.154731,122.819412,269.438721,-784.076172,0,0
1.680000,-0.787586,-1.425927,-0.708601,0.992051,0.073267,0.102303,0.093947,0.109611,-0.989525,-0.083713,0.991271,0.101856,-0.667193,-0.062656,-0.006966,0.742213,-0.050012,-0.467950,0.256857,0.102456,0.011635,0.141148,-0.102303,0.989525,-0.101856,0.000000,0.000000,0.000000,-1,0.054062,1.003769,0.064621,-0.148108,-1.048994,0.411643,123.695450,269.264099,-783.575195,0,0
1.720000,-0.782628,-1.438297,-0.674847,0.990336,0.102747,0.093158,0.082541,0.103154,-0.991235,-0.111456,0.989344,0.093676,-0.669609,-0.069178,0.006831,0.739453,-0.469695,-1.705950,0.580885,0.199314,0.001029,0.173403,-0.093158,0.991235,-0.093676,0.000000,0.000000,0.000000,-1,0.125961,1.026077,0.091858,-0.869360,-2.087435,0.796581,122.293793,268.914856,-782.907166,0,0
1.760000,-0.927423,-1.497956,-0.731464,0.979444,0.193128,0.058226,0.048611,0.054159,-0.997348,-0.195770,0.979678,0.043658,-0.685862,-0.088115,0.050135,0.720635,-0.930446,-1.283432,0.955294,0.064909,0.134915,0.023852,-0.058226,0.997348,-0.043658,0.000000,0.000000,0.000000,-1,-0.008636,1.197754,0.004593,-0.851848,-1.049181,1.000191,124.921890,270.137177,-779.400085,0,0
1.800000,-1.059397,-1.552503,-0.835358,0.974900,0.222072,0.015952,0.013564,0.012272,-0.999833,-0.222230,0.974953,0.008952,-0.698870,-0.084292,0.073790,0.706421,-0.939622,-0.549411,1.192482,0.023307,0.184204,0.145030,-0.015952,0.999833,-0.008952,0.000000,0.000000,0.000000,-1,-0.052383,1.163376,0.242172,-1.301908,-0.061085,0.991118,125.447510,272.057983,-778.899109,0,0
1.840000,2.653721,-1.524794,2.869478,0.976681,0.213609,-0.021556,-0.012360,-0.044294,-0.998942,-0.214338,0.975914,-0.040621,-0.717913,-0.070081,0.082146,0.687707,-1.240112,0.966887,0.706073,-0.100642,0.143483,0.138593,0.021556,0.998942,0.040621,0.000000,0.000000,0.000000,-1,0.001923,1.142670,-0.002869,-1.161113,0.884091,0.635338,126.498749,272.057983,-776.561035,0,0
1.880000,2.647588,-1.475761,2.840230,0.980867,0.189410,-0.044994,-0.028166,-0.090615,-0.995488,-0.192632,0.977708,-0.083547,-0.734001,-0.054919,0.080935,0.672069,-0.888202,0.129157,0.594284,-0.062648,0.084728,-0.093328,0.044994,0.995488,0.083547,0.000000,0.000000,0.000000,-1,-0.035004,1.033737,0.015564,-0.767553,0.078234,0.566559,127.374771,272.232605,-773.054016,0,0
1.920000,2.613661,-1.440056,2.792775,0.982533,0.174117,-0.065673,-0.044558,-0.122517,-0.991466,-0.180677,0.977074,-0.112619,-0.744592,-0.043500,0.082713,0.660946,-0.668048,0.534067,0.531526,0.011247,-0.033320,-0.027979,0.065673,0.991466,0.112619,0.000000,0.000000,0.000000,-1,0.118393,0.906601,0.148315,-0.610325,0.587992,0.429560,128.601212,272.756470,-773.555054,0,0
1.960000,2.623954,-1.410822,2.775151,0.986328,0.144722,-0.078823,-0.057074,-0.148717,-0.987231,-0.154596,0.978233,-0.138424,-0.753901,-0.029065,0.077404,0.651764,-0.540933,0.780835,0.356689,0.018544,-0.105487,0.002293,0.078823,0.987231,0.138424,0.000000,0.000000,0.000000,-1,0.075089,0.864639,0.127914,-0.510667,0.686451,0.334410,129.126831,273.978821,-772.385986,0,0
2.000000,2.645057,-1.388467,2.766937,0.989692,0.114230,-0.086378,-0.066355,-0.168743,-0.983424,-0.126912,0.979019,-0.159424,-0.761226,-0.015723,0.070048,0.644501,-0.403180,0.629089,0.265439,-0.053389,-0.132655,-0.016022,0.086378,0.983424,0.159424,0.000000,0.000000,0.000000,-1,0.015533,0.846146,0.164307,-0.338877,0.472179,0.260088,130.002869,273.454956,-770.548950,0,0
2.040000,2.655105,-1.374628,2.754722,0.991659,0.091147,-0.091126,-0.073539,-0.180508,-0.980821,-0.105848,0.979341,-0.172299,-0.765582,-0.005750,0.064322,0.640088,-0.194197,0.550475,0.158183,-0.068177,-0.119676,0.091434,0.091126,0.980821,0.172299,0.000000,0.000000,0.000000,-1,0.038391,0.882980,0.272461,-0.148148,0.492063,0.084510,131.054092,274.851929,-770.882996,0,0
2.080000,2.683983,-1.367462,2.759156,0.993779,0.066658,-0.089216,-0.075359,-0.187348,-0.979399,-0.082000,0.980029,-0.181159,-0.768486,0.002830,0.055699,0.637431,-0.125548,0.693381,0.009984,-0.013945,-0.093611,0.112771,0.089216,0.979399,0.181159,0.000000,0.000000,0.000000,-1,0.143188,0.895523,0.289047,-0.119682,0.631872,-0.007915,131.754929,273.454956,-771.216980,0,0
2.120000,2.722466,-1.363644,2.770446,0.995694,0.039853,-0.083702,-0.074595,-0.191670,-0.978621,-0.055044,0.980650,-0.187872,-0.770590,0.011271,0.045013,0.635640,-0.085259,0.584168,0.002586,0.090783,-0.079939,0.074991,0.083702,0.978621,0.187872,0.000000,0.000000,0.000000,-1,0.122406,0.880920,0.272400,-0.053796,0.430483,0.025243,131.054092,273.454956,-770.548950,0,0
2.160000,2.746188,-1.362754,2.769121,0.996714,0.015195,-0.079557,-0.075166,-0.192382,-0.978437,-0.030173,0.981202,-0.190608,-0.771315,0.019438,0.035566,0.635162,0.026482,0.801488,-0.013454,-0.009840,-0.104063,0.111440,0.079557,0.978437,0.190608,0.000000,0.000000,0.000000,-1,0.048737,0.874603,0.294159,0.058706,0.851181,-0.112988,132.105331,273.105713,-769.212952,0,0
2.200000,2.819741,-1.369703,2.798396,0.997627,-0.027346,-0.063183,-0.067213,-0.188093,-0.979849,0.014911,0.981771,-0.189485,-0.770585,0.030678,0.015661,0.636406,0.172201,0.791550,-0.277754,0.030872,-0.067144,0.092544,0.063183,0.979849,0.189485,0.000000,0.000000,0.000000,-1,0.111298,0.960114,0.296600,0.220434,0.551921,-0.301698,131.404510,272.407227,-769.546997,0,0
2.240000,2.870239,-1.379654,2.832810,0.997816,-0.042071,-0.050921,-0.057735,-0.180995,-0.981788,0.032088,0.982584,-0.183029,-0.768414,0.032471,0.006127,0.639099,0.302559,0.420427,-0.311555,0.071469,0.127389,0.171708,0.050921,0.981788,0.183029,0.000000,0.000000,0.000000,-1,0.144150,1.190674,0.436325,0.312797,0.284778,-0.282363,129.652451,272.407227,-769.546997,0,0
2.280000,2.918294,-1.392988,2.864782,0.997614,-0.056845,-0.039168,-0.048337,-0.170139,-0.984234,0.049284,0.983779,-0.172481,-0.764891,0.034378,-0.003306,0.643233,0.253295,0.495960,-0.139030,0.121812,0.166401,0.289692,0.039168,0.984234,0.172481,0.000000,0.000000,0.000000,-1,0.117706,1.012085,0.403839,0.308312,0.518285,-0.108918,130.002869,273.105713,-768.878967,0,0
2.320000,2.956391,-1.406262,2.880561,0.996485,-0.078160,-0.030162,-0.042271,-0.158244,-0.986495,0.072331,0.984302,-0.160992,-0.760875,0.039570,-0.013856,0.647543,0.501782,0.451336,-0.204322,-0.053736,-0.008452,0.106418,0.030162,0.986495,0.160992,0.000000,0.000000,0.000000,-1,-0.213440,1.126175,0.122803,0.638930,0.087540,-0.311661,128.601212,273.454956,-770.882996,0,0
2.360000,3.011245,-1.437351,2.948556,0.997814,-0.063781,-0.017294,-0.025524,-0.130578,-0.991109,0.060956,0.989384,-0.131921,-0.751717,0.029701,-0.014521,0.658657,0.792543,-0.947293,-0.346944,-0.249563,0.115458,0.037681,0.017294,0.991109,0.131920,0.000000,0.000000,0.000000,-1,-0.140793,1.182327,0.160767,0.707374,-1.286335,-0.206225,128.426010,273.629578,-773.388000,0,0
2.400000,2.924874,-1.456516,2.923668,0.999696,-0.002576,-0.024520,-0.024654,-0.111334,-0.993477,-0.000171,0.993780,-0.111364,-0.745385,0.009133,0.008281,0.666520,0.254943,-1.971640,0.244394,0.093141,0.294258,0.120676,0.024520,0.993477,0.111364,0.000000,0.000000,0.000000,-1,0.005722,0.750320,-0.220505,0.548455,-2.192316,0.128304,129.652451,273.454956,-773.555054,0,0
2.440000,2.732322,-1.489127,2.830230,0.994805,0.096489,-0.032463,-0.024992,-0.077656,-0.996667,-0.098688,0.992300,-0.074841,-0.732684,-0.024395,0.044750,0.678658,0.912944,-1.802941,-0.384831,-0.279915,-0.395257,-0.393734,0.032463,0.996667,0.074841,0.000000,0.000000,0.000000,-1,-0.316986,0.801346,-0.199722,0.846557,-1.583563,-0.453200,127.024368,272.931091,-775.058044,0,0
2.480000,2.709477,-1.519872,2.838721,0.991498,0.128366,-0.021317,-0.015182,-0.048585,-0.998704,-0.129236,0.990536,-0.046223,-0.722203,-0.039180,0.052116,0.688602,1.097871,-0.384414,-0.410291,-0.238587,-0.064484,-0.218800,0.021317,0.998704,0.046223,0.000000,0.000000,0.000000,-1,0.348083,1.263504,-0.215866,1.257335,-0.463736,-0.295778,126.498749,273.105713,-776.895081,0,0
2.520000,1.949228,-1.558000,2.107662,0.987410,0.157733,-0.011890,-0.010995,-0.006544,-0.999918,-0.157798,0.987460,-0.004728,-0.706874,-0.051897,0.060014,0.702876,0.605638,-0.932375,-0.292829,0.355755,0.245855,-0.222486,0.011890,0.999918,0.004728,0.000000,0.000000,0.000000,-1,0.049454,1.000504,0.015228,0.172930,-0.119277,-0.356649,126.148331,271.708740,-777.229065,0,0
2.560000,-0.147256,-1.563470,0.011067,0.987493,0.157658,0.001075,-0.000081,0.007326,-0.999973,-0.157662,0.987467,0.007247,-0.702303,-0.056093,0.055740,0.707472,0.439982,0.569983,-0.264808,-0.048180,-0.062946,0.121352,-0.001075,0.999973,-0.007247,0.000000,0.000000,0.000000,-1,-0.161102,0.972458,-0.066895,0.591428,0.600660,-0.326218,126.148331,272.756470,-779.233093,0,0
2.600000,-0.442082,-1.541861,-0.306078,0.990712,0.135415,0.012378,0.008718,0.027587,-0.999581,-0.135700,0.990405,0.026150,-0.695876,-0.051781,0.044305,0.714921,0.677616,0.860188,-0.462334,-0.148725,-0.027124,-0.040744,-0.012378,0.999581,-0.026150,0.000000,0.000000,0.000000,-1,0.046997,0.950699,-0.183914,0.676876,0.887622,-0.563536,126.849152,271.359528,-777.897095,0,0
2.640000,-0.628684,-1.500745,-0.557877,0.996731,0.069524,0.041162,0.037054,0.059382,-0.997547,-0.071798,0.995811,0.056612,-0.685700,-0.038857,0.011169,0.726761,0.445390,1.469435,-0.708243,0.111780,-0.059208,-0.118941,-0.041162,0.997547,-0.056612,0.000000,0.000000,0.000000,-1,0.051620,0.956619,-0.018143,0.631138,0.798582,-0.550929,124.921890,271.534149,-781.404114,0,0
2.680000,-0.620828,-1.466951,-0.584837,0.997622,0.033371,0.060299,0.057226,0.086431,-0.994613,-0.038403,0.995699,0.084315,-0.675810,-0.033514,-0.008100,0.736269,0.826367,0.478592,-0.409065,0.099819,-0.066299,0.078487,-0.060299,0.994613,-0.084315,0.000000,0.000000,0.000000,-1,0.030594,0.914291,-0.054413,0.833484,0.336613,-0.364924,125.272308,270.137177,-782.406128,0,0
2.720000,-0.570888,-1.441423,-0.548770,0.997400,0.018263,0.069716,0.067298,0.110070,-0.991643,-0.025784,0.993756,0.108554,-0.666854,-0.032077,-0.016470,0.744316,0.699049,0.529569,-0.349388,0.100310,-0.077352,0.054141,-0.069716,0.991643,-0.108554,0.000000,0.000000,0.000000,-1,-0.006119,0.942795,-0.067535,0.640150,0.459622,-0.346329,126.148331,269.613342,-782.907166,0,0
2.760000,-0.551999,-1.403782,-0.546571,0.996193,-0.000805,0.087174,0.086404,0.142020,-0.986085,-0.011587,0.989863,0.141549,-0.654336,-0.032705,-0.028879,0.754944,0.609001,0.054289,-0.444050,0.098847,-0.039552,0.072091,-0.087174,0.986085,-0.141549,0.000000,0.000000,0.000000,-1,0.012054,0.943268,-0.075790,0.534006,-0.180906,-0.451831,123.695450,268.914856,-784.243164,0,1
2.800000,-0.582040,-1.368911,-0.571070,0.993905,0.001577,0.110230,0.108386,0.168699,-0.979690,-0.020140,0.985666,0.167500,-0.643760,-0.042703,-0.034986,0.763234,0.536485,-0.230910,-0.444091,0.114792,0.008850,0.083150,-0.110230,0.979690,-0.167500,0.000000,0.000000,0.000000,-1,-0.001572,0.999222,-0.111313,0.521172,-0.355817,-0.436008,122.118591,269.438721,-785.078186,0,0
2.840000,-0.602682,-1.349513,-0.583372,0.992200,0.007773,0.124414,0.120900,0.183182,-0.975617,-0.030374,0.983048,0.180813,-0.638006,-0.050420,-0.036849,0.767495,0.445065,-0.329476,-0.420300,0.110285,0.022400,0.038647,-0.124414,0.975617,-0.180813,0.000000,0.000000,0.000000,-1,-0.047562,1.035751,-0.083389,0.445906,-0.322874,-0.384269,121.592972,268.565613,-784.243164,0,0
2.880000,-0.603294,-1.326330,-0.585044,0.990517,0.004186,0.137323,0.133663,0.201785,-0.970267,-0.031771,0.979421,0.199312,-0.630361,-0.054670,-0.041862,0.773242,0.606470,0.369341,-0.329489,0.070566,0.093698,0.120027,-0.137323,0.970267,-0.199312,0.000000,0.000000,0.000000,-1,-0.025787,1.167435,-0.056137,0.781548,0.386490,-0.332665,121.417770,267.692505,-787.082214,0,0
2.920000,-0.560330,-1.284710,-0.559049,0.988542,-0.017031,0.149979,0.149673,0.239237,-0.959356,-0.019542,0.970812,0.239045,-0.614463,-0.053966,-0.053070,0.785307,0.729488,0.091528,-0.355120,0.244553,0.230998,0.177446,-0.149979,0.959356,-0.239045,0.000000,0.000000,0.000000,-1,0.197235,1.174866,-0.054276,0.563105,-0.123514,-0.358803,118.789673,268.216370,-788.919250,0,0
2.960000,-0.568280,-1.268068,-0.565665,0.986880,-0.018045,0.160446,0.159788,0.251687,-0.954527,-0.023158,0.967640,0.251269,-0.609082,-0.058179,-0.056351,0.788961,0.252133,-0.088656,-0.315007,0.389740,0.211748,0.217501,-0.160446,0.954527,-0.251269,0.000000,0.000000,0.000000,-1,0.248825,1.188660,0.095688,0.290425,-0.221866,-0.190478,119.665710,267.343262,-788.752197,0,0
3.000000,-0.552093,-1.250250,-0.533345,0.986242,-0.004257,0.165253,0.160194,0.271323,-0.949063,-0.040797,0.962479,0.268272,-0.601383,-0.064824,-0.051737,0.794644,0.666988,-0.854435,0.182760,0.451752,0.320727,0.362938,-0.165253,0.949063,-0.268273,0.000000,0.000000,0.000000,-1,0.414078,1.208908,0.341415,-1.807539,-4.111378,0.807546,119.490509,266.819397,-785.913208,0,0
3.040000,-0.697480,-1.316141,-0.560005,0.979562,0.119493,0.161800,0.133813,0.213433,-0.967750,-0.150173,0.969622,0.193081,-0.627106,-0.100982,-0.004635,0.772347,-1.876851,-1.888571,1.336625,0.506100,0.243523,0.741513,-0.161800,0.967750,-0.193081,0.000000,0.000000,0.000000,-1,-0.269257,1.274765,0.559326,-1.846035,-1.110926,1.548605,117.913651,268.740234,-784.076172,0,0
3.080000,-0.819471,-1.435311,-0.676501,0.985604,0.137261,0.098708,0.084564,0.105324,-0.990836,-0.146400,0.984919,0.092201,-0.668596,-0.082944,0.017833,0.738771,-3.193663,1.454050,1.907269,-0.316469,0.324456,0.523322,-0.098708,0.990836,-0.092200,0.000000,0.000000,0.000000,-1,-0.641937,1.676697,-0.479950,-3.312486,2.276951,1.898377,123.345032,273.804199,-777.229065,0,0
3.120000,-2.288298,-1.519497,-2.215403,0.996552,0.073426,0.038635,0.040988,-0.030812,-0.998685,-0.072139,0.996825,-0.033715,-0.717823,-0.039848,0.011669,0.694987,-3.129016,-0.189920,0.773671,-0.651368,0.680942,-0.705209,-0.038635,0.998684,0.033715,0.000000,0.000000,0.000000,-1,-0.391769,1.193863,-0.634827,-1.688322,-4.987419,1.308006,124.396271,276.248901,-773.889038,0,0
3.160000,2.650685,-1.475306,2.953149,0.954203,0.295763,-0.044948,-0.017861,-0.093658,-0.995444,-0.298625,0.950659,-0.084086,-0.730059,-0.095164,0.117653,0.666419,0.898363,-4.780616,1.448862,-0.072445,-0.001700,-0.180521,0.044948,0.995444,0.084086,0.000000,0.000000,0.000000,-1,0.271591,1.044815,0.440063,1.108380,-3.309567,1.674884,124.921890,274.677307,-772.052002,0,0
3.200000,2.259566,-1.460411,2.619438,0.933598,0.348083,-0.085048,-0.054943,-0.095482,-0.993914,-0.354085,0.932589,-0.070017,-0.724413,-0.101165,0.151548,0.664849,-0.506833,-1.893802,2.075724,0.186543,0.050901,0.370046,0.085048,0.993914,0.070017,0.000000,0.000000,0.000000,-1,0.157562,1.336273,-0.113266,-1.356436,0.261638,1.976329,130.178070,276.772766,-770.047974,0,0
3.240000,2.306403,-1.384084,2.625425,0.943183,0.302431,-0.137630,-0.091618,-0.161445,-0.982620,-0.319394,0.939399,-0.124564,-0.746524,-0.070598,0.153051,0.643656,-2.119231,2.820506,1.792461,0.123432,0.389695,-0.006873,0.137630,0.982620,0.124564,0.000000,0.000000,0.000000,-1,-0.127304,0.692627,-0.199310,-2.067035,2.914785,1.609460,133.682190,277.121979,-768.043945,0,0
3.280000,2.537834,-1.249294,2.682112,0.976709,0.117705,-0.179402,-0.140137,-0.283219,-0.948762,-0.162484,0.951805,-0.260127,-0.793734,0.007065,0.107683,0.598616,-1.498334,2.635880,0.981217,-0.379765,-0.335969,-0.452510,0.179402,0.948762,0.260127,0.000000,0.000000,0.000000,-1,-0.279694,0.448380,-0.193344,-1.281821,2.149155,0.790516,133.857391,277.995087,-764.202881,0,0
3.320000,2.607134,-1.209700,2.688108,0.982332,0.051356,-0.179962,-0.154781,-0.317591,-0.935510,-0.105198,0.946836,-0.304031,-0.806838,0.032046,0.088357,0.583248,-0.909718,1.948079,0.453420,-0.459656,-0.487130,-0.497375,0.179962,0.935510,0.304031,0.000000,0.000000,0.000000,-1,-0.331497,0.371597,-0.194092,-0.651256,1.779515,0.326772,134.207809,275.899658,-762.532837,0,0
3.360000,2.681694,-1.200872,2.669525,0.986273,-0.038909,-0.160474,-0.164405,-0.322002,-0.932355,-0.015396,0.945939,-0.323979,-0.811211,0.062657,0.054200,0.578855,0.617790,1.735590,0.139702,-0.440900,-0.564206,-0.531483,0.160474,0.932355,0.323979,0.000000,0.000000,0.000000,-1,-0.113358,0.413498,-0.054718,1.099751,1.309571,0.127698,135.609451,276.248901,-762.532837,0,0
3.400000,2.669188,-1.239490,2.601785,0.985011,-0.088578,-0.148011,-0.167184,-0.279026,-0.945618,0.042462,0.956189,-0.289653,-0.799013,0.080024,0.033025,0.595049,1.431977,0.709125,0.011970,-0.225846,-0.494813,-0.227077,0.148011,0.945618,0.289653,0.000000,0.000000,0.000000,-1,0.217651,0.827728,0.729080,1.487229,0.165304,-0.075643,134.032608,277.121979,-763.701904,0,0
3.440000,2.596805,-1.293869,2.535254,0.986855,-0.077737,-0.141686,-0.155801,-0.224665,-0.961900,0.042944,0.971330,-0.233823,-0.781879,0.074672,0.031572,0.618136,1.402867,-0.487438,-0.416306,0.193351,0.088042,0.747195,0.141686,0.961900,0.233823,0.000000,0.000000,0.000000,-1,0.399048,1.458038,1.015244,1.415310,-0.013457,-0.504849,134.383011,275.725037,-767.709961,0,0
3.480000,2.579239,-1.339749,2.503727,0.988714,-0.086822,-0.122096,-0.136364,-0.183969,-0.973427,0.062053,0.979090,-0.193732,-0.769158,0.072542,0.019516,0.634628,0.349467,0.427733,-0.265224,0.299565,0.847236,0.684762,0.122096,0.973427,0.193732,0.000000,0.000000,0.000000,-1,0.362106,1.737427,0.696121,-0.704545,1.110250,0.146357,133.682190,276.423523,-768.043945,0,0
3.520000,2.658200,-1.311682,2.534541,0.983513,-0.136087,-0.119090,-0.146163,-0.210446,-0.966617,0.106482,0.968087,-0.226867,-0.777950,0.090703,0.004051,0.621731,-1.174372,1.718106,0.521199,0.180776,0.457913,0.325043,0.119090,0.966617,0.226867,0.000000,0.000000,0.000000,-1,-0.259354,1.183624,0.339340,-1.048502,1.275157,0.532342,132.806152,275.899658,-766.206909,0,0
3.560000,2.655247,-1.284588,2.530803,0.981363,-0.139699,-0.131954,-0.161913,-0.231273,-0.959321,0.103498,0.962807,-0.249581,-0.784573,0.096107,0.009067,0.612476,0.016424,-1.786481,0.117550,-0.529507,0.406310,0.115882,0.131954,0.959321,0.249581,0.000000,0.000000,0.000000,-1,-0.320709,1.277802,-0.241074,0.272787,-2.490270,0.108222,135.083832,276.423523,-767.375916,0,0
3.600000,2.511634,-1.295510,2.494848,0.986493,-0.034487,-0.160134,-0.163798,-0.216928,-0.962347,-0.001549,0.975578,-0.219647,-0.778310,0.063691,0.051934,0.622478,0.516629,-3.064280,-0.050264,-0.559121,-0.344656,-0.866055,0.160134,0.962347,0.219647,0.000000,0.000000,0.000000,-1,-0.727631,0.494263,-0.040100,1.074850,-3.065820,-0.509659,134.558212,274.502686,-768.210938,0,1
3.640000,2.346325,-1.349504,2.434133,0.984831,0.074462,-0.156728,-0.142648,-0.166817,-0.975615,-0.098791,0.983172,-0.153664,-0.759163,0.022455,0.084145,0.645048,1.933712,-1.846719,-1.185090,-0.842427,-0.395918,-0.204781,0.156728,0.975615,0.153664,0.000000,0.000000,0.000000,-1,-0.050705,1.027817,-0.647430,2.011879,-2.304875,-1.416944,130.528488,275.725037,-771.718018,0,0
3.680000,2.015732,-1.439373,2.214163,0.974149,0.192462,-0.118287,-0.104847,-0.078613,-0.991376,-0.200101,0.978150,-0.056402,-0.726148,-0.030164,0.109615,0.678073,2.162601,-3.263025,-1.096124,-0.002808,0.101870,-0.591177,0.118287,0.991376,0.056402,0.000000,0.000000,0.000000,-1,0.379501,1.274811,-0.439682,2.112401,-2.755091,-1.169237,128.951630,273.804199,-775.559082,0,0
3.720000,1.328309,-1.500604,1.594283,0.962447,0.262793,-0.068083,-0.070115,-0.001647,-0.997537,-0.262258,0.964851,0.016841,-0.697720,-0.069038,0.118365,0.703143,0.726534,-0.936062,-1.214188,0.508684,0.551519,-0.377767,0.068083,0.997538,-0.016841,0.000000,0.000000,0.000000,-1,0.502914,1.129425,0.160919,-0.183726,-0.803955,-0.913399,127.024368,272.931091,-778.064087,0,0
3.760000,0.882290,-1.531031,1.155735,0.962288,0.270296,-0.030698,-0.036379,0.016031,-0.999209,-0.269590,0.962644,0.025260,-0.693000,-0.084386,0.108329,0.707739,0.740111,1.187956,-0.862216,0.283770,-0.025424,0.435050,0.030698,0.999209,-0.025259,0.000000,0.000000,0.000000,-1,-0.043915,0.902008,0.020477,0.877197,1.332529,-0.819853,125.272308,275.026550,-779.400085,0,0
3.800000,0.186410,-1.520539,0.416960,0.973446,0.228727,-0.009310,-0.020345,0.045932,-0.998737,-0.228010,0.972406,0.049365,-0.685228,-0.076027,0.086585,0.719156,0.799491,1.374858,-0.659480,-0.053225,-0.096729,0.069843,0.009310,0.998737,-0.049365,0.000000,0.000000,0.000000,-1,-0.055527,0.944641,-0.189377,0.835466,1.115571,-0.563122,124.746689,272.407227,-780.903137,0,0
3.840000,-0.170666,-1.477845,0.017266,0.982405,0.186094,0.015764,-0.001602,0.092803,-0.995683,-0.186754,0.978139,0.091469,-0.670472,-0.068792,0.063757,0.735982,0.881953,0.364602,-0.576051,-0.053725,-0.077959,-0.062706,-0.015764,0.995683,-0.091469,0.000000,0.000000,0.000000,-1,-0.054443,0.853699,-0.076752,1.054252,-0.316847,-0.613318,123.520248,272.581848,-781.738159,0,0
3.880000,-0.299061,-1.432646,-0.103294,0.980609,0.191727,0.040573,0.014199,0.136978,-0.990472,-0.195458,0.971843,0.131599,-0.654223,-0.078691,0.059186,0.749864,0.990746,-0.503728,-0.588223,-0.000092,-0.116769,0.063637,-0.040573,0.990472,-0.131599,0.000000,0.000000,0.000000,-1,-0.007263,0.856445,-0.085388,0.791333,-0.488678,-0.661767,122.293793,270.661041,-783.241150,0,0
3.920000,-0.425088,-1.397561,-0.220862,0.977866,0.196786,0.071086,0.037761,0.168183,-0.985032,-0.205796,0.965914,0.157030,-0.642778,-0.091224,0.052394,0.758795,0.562779,-0.159501,-0.810568,0.057841,-0.120240,0.053163,-0.071086,0.985032,-0.157030,0.000000,0.000000,0.000000,-1,0.035309,0.938141,-0.105225,0.604816,-0.304446,-0.822228,120.716949,269.089478,-784.744141,0,0
3.960000,-0.527451,-1.358546,-0.318192,0.974652,0.197007,0.106032,0.065905,0.200086,-0.977559,-0.213801,0.959768,0.182030,-0.630979,-0.104168,0.042699,0.767588,0.682602,-0.079075,-0.911177,0.150435,-0.006978,0.080269,-0.106032,0.977559,-0.182030,0.000000,0.000000,0.000000,-1,0.043945,1.174347,-0.069809,0.656771,0.115213,-0.945958,120.716949,268.740234,-785.078186,0,1
4.000000,-0.587213,-1.316598,-0.391249,0.974071,0.178253,0.139325,0.095896,0.232467,-0.967865,-0.204914,0.956130,0.209345,-0.618922,-0.110737,0.026493,0.777156,0.683485,0.620801,-0.819675,0.181699,0.241546,0.144877,-0.139325,0.967865,-0.209345,0.000000,0.000000,0.000000,-1,0.056458,1.092010,0.019089,0.762245,0.524844,-0.688358,117.388031,268.565613,-787.249207,0,0
4.040000,-0.571598,-1.284267,-0.388703,0.974963,0.161467,0.152893,0.107111,0.261541,-0.959231,-0.194872,0.951591,0.237698,-0.607397,-0.110545,0.017278,0.786480,1.174945,0.124257,-0.362261,0.209351,0.132780,0.256787,-0.152893,0.959231,-0.237698,0.000000,0.000000,0.000000,-1,0.220901,1.047836,-0.041809,1.272607,-0.250544,-0.236277,118.439270,267.168640,-787.917236,0,0
4.080000,-0.566516,-1.242870,-0.376062,0.971415,0.162704,0.172859,0.118288,0.299573,-0.946712,-0.205818,0.940098,0.271764,-0.591625,-0.118737,0.013927,0.797300,-0.042079,0.109098,-0.558331,0.421440,0.088856,0.263249,-0.172859,0.946712,-0.271764,0.000000,0.000000,0.000000,-1,0.287506,1.128387,0.110016,-0.270500,-0.484978,-0.304372,117.212830,265.946289,-788.752197,0,0
4.120000,-0.655431,-1.256054,-0.435683,0.963316,0.190840,0.188684,0.130648,0.280652,-0.950876,-0.234420,0.940646,0.245424,-0.599425,-0.134082,0.019075,0.788890,-1.379311,-2.175513,0.259189,0.460611,0.228720,0.384828,-0.188684,0.950876,-0.245424,0.000000,0.000000,0.000000,-1,0.263031,1.480301,0.643478,-1.869842,-2.338022,0.556638,115.811172,266.295532,-785.078186,0,0
4.160000,-0.779502,-1.315093,-0.507568,0.952145,0.248621,0.177788,0.122935,0.221039,-0.967486,-0.279835,0.943043,0.179897,-0.622738,-0.149162,0.040967,0.766988,-2.077865,-1.253863,1.190291,0.440819,0.512815,0.823375,-0.177788,0.967486,-0.179897,0.000000,0.000000,0.000000,-1,-0.242584,1.166687,0.335144,-2.491940,-0.973375,1.372144,116.512009,268.390991,-780.736084,0,0
4.200000,-1.178395,-1.465251,-0.945839,0.968911,0.227457,0.097342,0.085437,0.061636,-0.994435,-0.232191,0.971835,0.040287,-0.683189,-0.114498,0.049345,0.719520,-3.179228,2.425021,1.875116,-0.258920,0.327067,0.021778,-0.097342,0.994435,-0.040287,0.000000,0.000000,0.000000,-1,-0.540619,1.804733,-0.683823,-2.940909,0.682460,1.233463,120.892151,271.359528,-776.227051,0,0
4.240000,-2.551638,-1.489092,-2.323544,0.972745,0.227391,0.045404,0.059563,-0.055795,-0.996664,-0.224099,0.972204,-0.067818,-0.723940,-0.099094,0.061709,0.679914,-2.006357,-3.303361,1.117910,-0.539679,0.744883,-0.986199,-0.045404,0.996664,0.067818,0.000000,0.000000,0.000000,-1,-0.376862,1.075027,-0.476395,-1.295262,-5.474661,1.606905,122.293793,272.756470,-774.557007,0,0
