0.000000,0.886143,-0.063699,0.008985,0.632822,-0.043626,-0.773067,-0.008967,0.997932,-0.063656,0.774245,0.047215,0.631122,-0.030694,0.428365,-0.009595,0.903033,-0.006254,0.007050,-0.005700,-0.010479,0.000416,0.003421,0.773067,0.063656,-0.631122,0.000000,0.000000,0.000000,-1,0.766373,0.061554,-0.631531,-0.009638,-0.081639,-0.001653,172.227509,241.848740,-779.734131,0,0
0.040000,0.886288,-0.064023,0.009010,0.632713,-0.043867,-0.773143,-0.008992,0.997911,-0.063979,0.774334,0.047432,0.630997,-0.030845,0.428428,-0.009656,0.902998,-0.011571,0.020824,-0.008894,-0.006770,-0.002425,-0.000534,0.773143,0.063979,-0.630997,0.000000,0.000000,0.000000,-1,0.766525,0.060699,-0.632065,-0.018127,-0.071034,0.000520,172.577927,241.848740,-780.736084,0,0
0.080000,0.887021,-0.064467,0.009345,0.632163,-0.044034,-0.773583,-0.009325,0.997879,-0.064423,0.774779,0.047940,0.630412,-0.031114,0.428749,-0.009611,0.902836,-0.022171,0.033550,-0.003515,-0.009606,-0.001526,-0.000600,0.773583,0.064423,-0.630412,0.000000,0.000000,0.000000,-1,0.765945,0.063080,-0.627853,-0.026599,-0.059362,0.006943,173.278748,242.197983,-780.402100,0,0
0.120000,0.888202,-0.064927,0.009945,0.631278,-0.044068,-0.774304,-0.009924,0.997844,-0.064881,0.775493,0.048642,0.629479,-0.031444,0.429269,-0.009458,0.902580,-0.028472,0.046216,0.001880,-0.005810,-0.000993,0.003472,0.774304,0.064881,-0.629479,0.000000,0.000000,0.000000,-1,0.771423,0.067261,-0.622330,-0.030829,-0.050874,0.011207,173.278748,240.801010,-778.732056,0,0
0.160000,0.890894,-0.065608,0.011115,0.629245,-0.043991,-0.775961,-0.011091,0.997787,-0.065560,0.777128,0.049860,0.627365,-0.031990,0.430458,-0.009119,0.901997,-0.018880,0.046226,0.008156,-0.000540,0.002143,0.004592,0.775961,0.065560,-0.627365,0.000000,0.000000,0.000000,-1,0.776596,0.066071,-0.621887,-0.015923,-0.063584,0.019609,171.701889,239.927917,-780.235107,0,0
0.200000,0.892739,-0.065721,0.011822,0.627842,-0.043727,-0.777111,-0.011796,0.997771,-0.065674,0.778251,0.050400,0.625927,-0.032185,0.431278,-0.008854,0.901601,-0.007179,0.029273,0.013421,0.002124,0.001221,0.004742,0.777111,0.065674,-0.625927,0.000000,0.000000,0.000000,-1,0.781403,0.066025,-0.619888,-0.006348,-0.071000,0.022728,171.351486,240.626404,-778.231079,0,0
0.240000,0.893868,-0.065459,0.012224,0.626978,-0.043328,-0.777831,-0.012197,0.997784,-0.065412,0.778942,0.050499,0.625060,-0.032149,0.431783,-0.008634,0.901363,-0.000788,0.025041,0.017624,0.003190,0.001467,0.002074,0.777831,0.065412,-0.625060,0.000000,0.000000,0.000000,-1,0.779907,0.062897,-0.624252,-0.001030,-0.077358,0.024826,171.877106,242.547211,-780.068115,0,0
0.280000,0.894954,-0.064582,0.012639,0.626141,-0.042441,-0.778554,-0.012612,0.997836,-0.064537,0.779608,0.050229,0.624250,-0.031839,0.432274,-0.008275,0.901142,0.005610,0.010186,0.017699,-0.000844,-0.000206,0.004911,0.778554,0.064537,-0.624250,0.000000,0.000000,0.000000,-1,0.776352,0.063721,-0.619919,0.003206,-0.094323,0.023792,173.278748,241.150253,-781.070129,0,0
0.320000,0.895227,-0.063849,0.012904,0.625932,-0.041718,-0.778761,-0.012877,0.997879,-0.063806,0.779771,0.049966,0.624068,-0.031565,0.432400,-0.008002,0.901094,0.003471,0.003821,0.015625,-0.001844,-0.002938,0.004057,0.778761,0.063806,-0.624068,0.000000,0.000000,0.000000,-1,0.779541,0.061386,-0.621979,0.000007,-0.096447,0.021710,173.278748,240.451782,-778.732056,0,0
0.360000,0.895331,-0.063358,0.013174,0.625857,-0.041171,-0.778850,-0.013147,0.997907,-0.063315,0.779827,0.049866,0.624006,-0.031401,0.432448,-0.007775,0.901078,-0.001854,0.000637,0.013571,0.000813,-0.004065,-0.001071,0.778850,0.063315,-0.624006,0.000000,0.000000,0.000000,-1,0.777496,0.059052,-0.626572,-0.005311,-0.099627,0.021783,172.227509,240.451782,-779.400085,0,0
0.400000,0.895227,-0.062647,0.013796,0.625956,-0.040223,-0.778820,-0.013768,0.997943,-0.062606,0.779737,0.049912,0.624115,-0.031216,0.432398,-0.007340,0.901112,-0.007166,-0.001483,0.014705,0.001301,-0.003600,-0.001083,0.778820,0.062606,-0.624115,0.000000,0.000000,0.000000,-1,0.778046,0.060013,-0.628616,-0.006377,-0.098569,0.020726,173.979568,242.197983,-779.400085,0,0
0.440000,0.895074,-0.062196,0.014243,0.626088,-0.039585,-0.778747,-0.014215,0.997965,-0.062156,0.779622,0.049985,0.624252,-0.031110,0.432327,-0.007038,0.901153,-0.000774,-0.001478,0.013658,-0.002029,-0.002113,-0.000214,0.778747,0.062156,-0.624252,0.000000,0.000000,0.000000,-1,0.771255,0.059128,-0.625259,-0.002125,-0.098569,0.020679,173.278748,239.054810,-778.064087,0,0
0.480000,0.894935,-0.061736,0.014404,0.626198,-0.039119,-0.778682,-0.014376,0.997991,-0.061697,0.779532,0.049829,0.624378,-0.030938,0.432266,-0.006864,0.901189,0.004529,0.001694,0.009331,-0.005214,-0.005804,-0.000058,0.778682,0.061697,-0.624378,0.000000,0.000000,0.000000,-1,0.776794,0.056000,-0.621582,0.001048,-0.094336,0.015306,173.103546,239.927917,-780.569092,0,0
0.520000,0.895336,-0.061062,0.014574,0.625884,-0.038507,-0.778965,-0.014546,0.998030,-0.061024,0.779780,0.049525,0.624091,-0.030670,0.432451,-0.006648,0.901111,-0.007181,0.014403,0.001960,-0.000950,-0.005955,0.003135,0.778965,0.061024,-0.624091,0.000000,0.000000,0.000000,-1,0.780731,0.057251,-0.617798,-0.010665,-0.086924,0.009020,172.227509,242.547211,-779.066101,0,0
0.560000,0.896018,-0.061003,0.014875,0.625363,-0.038307,-0.779393,-0.014847,0.998029,-0.060966,0.780193,0.049697,0.623562,-0.030707,0.432754,-0.006510,0.900965,-0.006123,0.006983,0.001983,-0.001698,-0.001166,0.003338,0.779393,0.060966,-0.623562,0.000000,0.000000,0.000000,-1,0.777832,0.060852,-0.618820,-0.006418,-0.089046,0.007919,173.278748,241.848740,-780.736084,0,0
0.600000,0.896457,-0.061047,0.014974,0.625025,-0.038301,-0.779665,-0.014946,0.998025,-0.061009,0.780462,0.049785,0.623218,-0.030747,0.432950,-0.006481,0.900870,-0.002941,0.007018,-0.000110,-0.000902,-0.000447,0.005009,0.779665,0.061009,-0.623218,0.000000,0.000000,0.000000,-1,0.781693,0.062164,-0.621826,-0.003238,-0.091170,0.005766,171.877106,241.848740,-779.400085,0,0
0.640000,0.897158,-0.061180,0.014992,0.624480,-0.038428,-0.780095,-0.014963,0.998017,-0.061142,0.780898,0.049855,0.622666,-0.030808,0.433264,-0.006513,0.900717,-0.002949,0.012315,-0.003325,0.002513,-0.000320,0.002641,0.780095,0.061142,-0.622666,0.000000,0.000000,0.000000,-1,0.782974,0.060745,-0.617416,-0.009627,-0.093293,0.003718,172.928329,241.499496,-778.732056,0,0
0.680000,0.897828,-0.061354,0.015054,0.623961,-0.038559,-0.780504,-0.015025,0.998005,-0.061315,0.781311,0.049985,0.622137,-0.030897,0.433563,-0.006533,0.900570,-0.001892,0.003836,-0.003298,0.004119,0.000086,0.004187,0.780504,0.061315,-0.622137,0.000000,0.000000,0.000000,-1,0.782242,0.062805,-0.617081,-0.005376,-0.095414,0.003681,172.402710,241.674118,-778.899109,0,0
0.720000,0.898033,-0.061550,0.015013,0.623802,-0.038747,-0.780621,-0.014984,0.997994,-0.061511,0.781439,0.050068,0.621970,-0.030976,0.433654,-0.006597,0.900523,0.004481,-0.002525,-0.003340,-0.002301,0.002240,0.001212,0.780621,0.061511,-0.621970,0.000000,0.000000,0.000000,-1,0.775955,0.061508,-0.618286,0.007381,-0.101773,0.004633,172.928329,242.197983,-778.398071,0,0
0.760000,0.898166,-0.061492,0.014627,0.623682,-0.038950,-0.780707,-0.014599,0.998003,-0.061454,0.781542,0.049725,0.621868,-0.030866,0.433721,-0.006760,0.900493,0.002350,0.004914,-0.006472,-0.000953,0.000726,0.002773,0.780707,0.061454,-0.621868,0.000000,0.000000,0.000000,-1,0.782318,0.060516,-0.620178,0.000989,-0.098599,0.000434,173.453949,243.071075,-779.233093,0,0
0.800000,0.898317,-0.061654,0.014395,0.623557,-0.039228,-0.780793,-0.014367,0.997997,-0.061615,0.781646,0.049638,0.621744,-0.030888,0.433790,-0.006902,0.900458,0.003401,-0.004629,-0.007504,0.001464,0.000260,0.002207,0.780793,0.061615,-0.621744,0.000000,0.000000,0.000000,-1,0.778687,0.063461,-0.615799,0.000981,-0.103902,-0.000606,173.453949,240.277161,-779.233093,0,0
0.840000,0.898321,-0.061830,0.014193,0.623548,-0.039492,-0.780787,-0.014165,0.997989,-0.061791,0.781657,0.049589,0.621734,-0.030923,0.433793,-0.007032,0.900454,0.003393,-0.004632,-0.009631,-0.003001,-0.000145,0.004608,0.780787,0.061791,-0.621734,0.000000,0.000000,0.000000,-1,0.779510,0.064590,-0.616714,0.005235,-0.101781,-0.000662,173.278748,241.150253,-779.066101,0,0
0.880000,0.898338,-0.062037,0.013654,0.623515,-0.039990,-0.780788,-0.013628,0.997983,-0.061997,0.781693,0.049296,0.621713,-0.030899,0.433807,-0.007319,0.900446,0.007648,-0.001451,-0.009693,-0.000606,-0.000336,0.006066,0.780788,0.061997,-0.621713,0.000000,0.000000,0.000000,-1,0.779724,0.063248,-0.619354,0.004164,-0.101784,-0.002778,172.052307,240.626404,-778.899109,0,0
0.920000,0.898297,-0.062284,0.013224,0.623532,-0.040449,-0.780750,-0.013198,0.997974,-0.062244,0.781686,0.049116,0.621735,-0.030918,0.433793,-0.007566,0.900450,0.004467,-0.001416,-0.009624,-0.003346,0.000546,0.001816,0.780750,0.062244,-0.621735,0.000000,0.000000,0.000000,-1,0.777573,0.063324,-0.619095,0.003103,-0.103903,-0.001693,173.278748,241.499496,-779.734131,0,0
0.960000,0.898231,-0.062425,0.012972,0.623575,-0.040713,-0.780703,-0.012947,0.997968,-0.062384,0.781656,0.049009,0.621781,-0.030927,0.433766,-0.007709,0.900462,0.004477,-0.003532,-0.006424,-0.004030,0.000360,0.005280,0.780703,0.062384,-0.621781,0.000000,0.000000,0.000000,-1,0.777924,0.063187,-0.615479,0.006302,-0.101780,0.000390,172.577927,241.848740,-780.068115,0,0
1.000000,0.898365,-0.062618,0.012518,0.623454,-0.041153,-0.780776,-0.012493,0.997962,-0.062577,0.781760,0.048768,0.621669,-0.030914,0.433831,-0.007957,0.900428,0.009798,-0.000349,-0.005434,-0.003585,0.002410,0.005580,0.780776,0.062577,-0.621669,0.000000,0.000000,0.000000,-1,0.779877,0.063705,-0.619080,0.006307,-0.100718,0.001449,172.577927,242.547211,-778.064087,0,0
1.040000,0.898512,-0.062680,0.012129,0.623324,-0.041452,-0.780865,-0.012105,0.997963,-0.062639,0.781870,0.048497,0.621552,-0.030858,0.433903,-0.008148,0.900394,0.007668,0.000710,-0.006479,0.000523,-0.000185,0.003312,0.780865,0.062639,-0.621552,0.000000,0.000000,0.000000,-1,0.782379,0.063812,-0.618057,0.004173,-0.100721,-0.000655,172.577927,242.197983,-778.732056,0,0
1.080000,0.898667,-0.062777,0.011886,0.623193,-0.041687,-0.780956,-0.011863,0.997960,-0.062736,0.781978,0.048361,0.621427,-0.030848,0.433976,-0.008281,0.900358,0.005552,-0.000332,-0.006404,0.001103,0.000847,0.004057,0.780956,0.062736,-0.621427,0.000000,0.000000,0.000000,-1,0.781113,0.065933,-0.616104,0.005240,-0.100719,0.000397,172.052307,240.975632,-779.567139,0,0
1.120000,0.898802,-0.063116,0.011370,0.623069,-0.042279,-0.781024,-0.011347,0.997944,-0.063074,0.782085,0.048162,0.621308,-0.030888,0.434041,-0.008589,0.900322,0.009801,-0.003511,-0.006438,-0.000826,0.004827,0.001633,0.781024,0.063074,-0.621308,0.000000,0.000000,0.000000,-1,0.778488,0.064636,-0.615387,0.007362,-0.100721,-0.000690,172.753128,240.626404,-779.567139,0,0
1.160000,0.898775,-0.063270,0.010969,0.623074,-0.042648,-0.780999,-0.010947,0.997939,-0.063228,0.782086,0.047945,0.621323,-0.030870,0.434034,-0.008803,0.900324,0.006615,-0.003510,-0.005340,-0.000268,0.000020,0.000397,0.780999,0.063228,-0.621323,0.000000,0.000000,0.000000,-1,0.775848,0.064682,-0.618088,0.003117,-0.100718,0.001484,173.979568,241.499496,-779.734131,0,0
1.200000,0.898636,-0.063366,0.010674,0.623171,-0.042900,-0.780908,-0.010652,0.997936,-0.063324,0.782013,0.047780,0.621428,-0.030850,0.433975,-0.008954,0.900352,0.006626,0.001793,-0.003237,-0.007211,0.000000,0.002821,0.780908,0.063324,-0.621428,0.000000,0.000000,0.000000,-1,0.777786,0.063934,-0.621063,0.006318,-0.096474,0.003557,173.278748,240.801010,-779.734131,0,0
1.240000,0.898775,-0.063356,0.010497,0.623055,-0.043009,-0.780995,-0.010476,0.997939,-0.063314,0.782108,0.047629,0.621320,-0.030806,0.434040,-0.009034,0.900321,0.003464,0.009222,-0.001075,-0.000401,0.002299,0.001813,0.780995,0.063314,-0.621320,0.000000,0.000000,0.000000,-1,0.785126,0.061249,-0.617950,-0.001112,-0.091170,0.005742,171.701889,240.277161,-779.233093,0,0
1.280000,0.899493,-0.063430,0.010658,0.622501,-0.043001,-0.781437,-0.010636,0.997932,-0.063388,0.782547,0.047771,0.620756,-0.030872,0.434360,-0.008989,0.900165,-0.002920,0.001803,-0.000971,0.002758,-0.000552,0.008268,0.781437,0.063388,-0.620756,0.000000,0.000000,0.000000,-1,0.782196,0.063461,-0.611389,-0.003244,-0.098591,0.005799,173.278748,241.150253,-780.402100,0,0
1.320000,0.899912,-0.063498,0.010665,0.622174,-0.043069,-0.781694,-0.010644,0.997928,-0.063455,0.782807,0.047800,0.620426,-0.030902,0.434548,-0.009006,0.900073,0.002394,0.004984,-0.002108,-0.002488,0.000723,0.007831,0.781694,0.063455,-0.620426,0.000000,0.000000,0.000000,-1,0.777664,0.064957,-0.613007,0.003134,-0.094352,0.004646,172.052307,242.372604,-779.567139,0,0
1.360000,0.900286,-0.063511,0.010453,0.621872,-0.043230,-0.781925,-0.010431,0.997929,-0.063468,0.783050,0.047626,0.620133,-0.030860,0.434720,-0.009111,0.899991,0.007711,0.008165,-0.002181,-0.004139,-0.000755,0.004304,0.781925,0.063468,-0.620133,0.000000,0.000000,0.000000,-1,0.780060,0.061188,-0.614975,0.005265,-0.089051,0.004599,173.103546,242.023361,-780.903137,0,0
1.400000,0.901065,-0.063220,0.010319,0.621253,-0.043123,-0.782422,-0.010298,0.997949,-0.063178,0.783542,0.047307,0.619535,-0.030696,0.435075,-0.009120,0.899825,0.001371,0.008167,0.003234,0.002612,-0.001456,0.002760,0.782422,0.063178,-0.619535,0.000000,0.000000,0.000000,-1,0.784653,0.064758,-0.616837,0.002093,-0.092223,0.009967,171.526688,240.102539,-779.734131,0,0
1.440000,0.901341,-0.063126,0.010338,0.621037,-0.043050,-0.782598,-0.010317,0.997955,-0.063084,0.783713,0.047251,0.619323,-0.030657,0.435200,-0.009095,0.899766,0.001378,0.007111,0.005366,0.002055,0.001675,0.002487,0.782598,0.063084,-0.619323,0.000000,0.000000,0.000000,-1,0.779297,0.065628,-0.616318,0.005276,-0.095406,0.008882,172.402710,241.674118,-779.567139,0,0
1.480000,0.901629,-0.062953,0.010159,0.620802,-0.043040,-0.782785,-0.010139,0.997968,-0.062912,0.783902,0.046992,0.619104,-0.030539,0.435334,-0.009142,0.899705,0.007738,0.009222,-0.000033,-0.003091,0.000641,0.004938,0.782785,0.062912,-0.619104,0.000000,0.000000,0.000000,-1,0.782745,0.060379,-0.619492,0.003145,-0.085869,0.005671,172.577927,241.848740,-779.400085,0,0
1.520000,0.902549,-0.062729,0.010051,0.620074,-0.042974,-0.783365,-0.010031,0.997983,-0.062688,0.784479,0.046729,0.618392,-0.030410,0.435751,-0.009156,0.899507,-0.003960,0.009221,-0.000967,0.000982,-0.000783,0.004013,0.783365,0.062688,-0.618392,0.000000,0.000000,0.000000,-1,0.784943,0.061691,-0.614700,-0.008558,-0.091171,0.004761,172.928329,241.150253,-780.402100,0,0
1.560000,0.903019,-0.062825,0.010220,0.619714,-0.042967,-0.783651,-0.010199,0.997975,-0.062783,0.784762,0.046901,0.618021,-0.030488,0.435959,-0.009108,0.899404,-0.007129,0.006032,0.001233,0.000910,0.000235,0.005884,0.783651,0.062783,-0.618021,0.000000,0.000000,0.000000,-1,0.786224,0.063385,-0.613892,-0.007487,-0.092228,0.006881,172.753128,240.626404,-779.233093,0,0
1.600000,0.903481,-0.062957,0.010336,0.619357,-0.043020,-0.783930,-0.010316,0.997966,-0.062915,0.785041,0.047054,0.617653,-0.030571,0.436164,-0.009091,0.899302,-0.000754,0.007092,0.000094,0.000235,0.002270,0.006920,0.783930,0.062915,-0.617653,0.000000,0.000000,0.000000,-1,0.784683,0.063477,-0.611038,-0.000048,-0.090109,0.005726,172.402710,242.023361,-778.565063,0,0
1.640000,0.904385,-0.063053,0.010203,0.618642,-0.043220,-0.784483,-0.010183,0.997961,-0.063012,0.785607,0.046970,0.616941,-0.030581,0.436571,-0.009186,0.899103,0.004551,0.003910,-0.002078,0.002947,0.000724,0.003568,0.784483,0.063012,-0.616941,0.000000,0.000000,0.000000,-1,0.785156,0.061554,-0.614151,0.004196,-0.096472,0.004644,173.453949,241.324875,-777.229065,0,0
1.680000,0.904595,-0.062968,0.010052,0.618470,-0.043257,-0.784617,-0.010032,0.997968,-0.062927,0.785745,0.046789,0.616779,-0.030509,0.436669,-0.009239,0.899057,0.005616,0.001792,-0.001016,-0.000209,0.000901,0.004306,0.784617,0.062927,-0.616779,0.000000,0.000000,0.000000,-1,0.785736,0.061646,-0.612183,0.004196,-0.101772,0.005732,171.526688,241.499496,-779.400085,0,0
1.720000,0.904698,-0.062856,0.009910,0.618382,-0.043261,-0.784686,-0.009890,0.997976,-0.062814,0.785815,0.046604,0.616703,-0.030426,0.436718,-0.009280,0.899036,0.005628,-0.000342,0.000082,-0.000827,0.000235,0.002811,0.784686,0.062814,-0.616703,0.000000,0.000000,0.000000,-1,0.781433,0.062363,-0.614609,0.005260,-0.100711,0.005715,172.753128,242.023361,-778.565063,0,0
1.760000,0.904649,-0.062669,0.009698,0.618410,-0.043243,-0.784665,-0.009679,0.997990,-0.062628,0.785796,0.046325,0.616749,-0.030297,0.436701,-0.009333,0.899048,0.003503,0.001777,0.000096,-0.004605,-0.000693,0.003818,0.784665,0.062628,-0.616749,0.000000,0.000000,0.000000,-1,0.781403,0.062241,-0.610901,-0.000053,-0.096471,0.005755,172.753128,240.975632,-779.567139,0,0
1.800000,0.904817,-0.062671,0.009667,0.618277,-0.043272,-0.784768,-0.009648,0.997990,-0.062630,0.785901,0.046294,0.616617,-0.030290,0.436777,-0.009350,0.899011,-0.000757,0.001774,-0.001985,-0.002191,-0.000314,0.003534,0.784768,0.062630,-0.616617,0.000000,0.000000,0.000000,-1,0.785110,0.065002,-0.613464,-0.000057,-0.096472,0.004691,172.402710,240.975632,-779.233093,0,0
1.840000,0.904966,-0.062791,0.009582,0.618157,-0.043425,-0.784854,-0.009563,0.997984,-0.062750,0.785997,0.046295,0.616495,-0.030325,0.436844,-0.009417,0.898977,0.001369,-0.002465,-0.000926,0.000943,0.001810,0.001688,0.784854,0.062750,-0.616495,0.000000,0.000000,0.000000,-1,0.783371,0.064621,-0.613892,0.002065,-0.102833,0.004696,171.877106,241.150253,-779.400085,0,0
1.880000,0.904976,-0.062861,0.009369,0.618140,-0.043613,-0.784857,-0.009351,0.997981,-0.062820,0.786012,0.046171,0.616484,-0.030310,0.436851,-0.009528,0.898972,0.004554,-0.001425,-0.003065,-0.002066,0.001389,0.005065,0.784857,0.062820,-0.616484,0.000000,0.000000,0.000000,-1,0.781601,0.067078,-0.614716,0.004191,-0.102833,0.004673,172.052307,240.626404,-779.233093,0,0
1.920000,0.904930,-0.062916,0.009196,0.618169,-0.043760,-0.784826,-0.009178,0.997979,-0.062874,0.785991,0.046070,0.616519,-0.030297,0.436833,-0.009617,0.898981,0.006692,-0.001421,0.000102,-0.003225,0.004203,0.001803,0.784826,0.062874,-0.616519,0.000000,0.000000,0.000000,-1,0.779434,0.061813,-0.613434,0.005259,-0.101772,0.005720,173.804367,239.927917,-779.233093,0,0
1.960000,0.904752,-0.062740,0.008926,0.618296,-0.043781,-0.784725,-0.008909,0.997993,-0.062698,0.785895,0.045757,0.616665,-0.030159,0.436758,-0.009697,0.899021,0.007758,0.002818,0.000071,-0.003582,-0.001495,0.001614,0.784725,0.062698,-0.616665,0.000000,0.000000,0.000000,-1,0.783707,0.062515,-0.612427,0.003138,-0.094350,0.005710,173.804367,241.324875,-778.899109,0,0
2.000000,0.905236,-0.062823,0.008877,0.617914,-0.043899,-0.785019,-0.008859,0.997988,-0.062782,0.786196,0.045748,0.616282,-0.030184,0.436976,-0.009745,0.898914,-0.002885,-0.002484,-0.001915,0.006561,0.003762,0.004710,0.785019,0.062782,-0.616282,0.000000,0.000000,0.000000,-1,0.788422,0.067215,-0.608261,-0.003257,-0.106016,0.003706,172.402710,241.674118,-778.565063,0,0
2.040000,0.905463,-0.063214,0.008849,0.617737,-0.044234,-0.785140,-0.008832,0.997964,-0.063172,0.786335,0.045958,0.616088,-0.030352,0.437075,-0.009846,0.898859,0.002414,-0.008866,-0.004044,0.001787,0.004256,0.007217,0.785140,0.063172,-0.616088,0.000000,0.000000,0.000000,-1,0.787231,0.069870,-0.609665,0.002046,-0.107081,0.000461,172.928329,240.102539,-779.734131,0,0
2.080000,0.905516,-0.063544,0.008620,0.617688,-0.044637,-0.785156,-0.008602,0.997945,-0.063501,0.786376,0.045978,0.616034,-0.030450,0.437099,-0.010023,0.898842,0.004525,-0.006751,-0.008333,0.001450,0.003714,0.006949,0.785156,0.063501,-0.616034,0.000000,0.000000,0.000000,-1,0.787323,0.065216,-0.611481,0.005221,-0.104967,-0.003839,172.402710,240.626404,-777.229065,0,0
2.120000,0.905660,-0.064003,0.007966,0.617548,-0.045407,-0.785221,-0.007950,0.997921,-0.063959,0.786493,0.045740,0.615903,-0.030513,0.437170,-0.010419,0.898801,0.004507,-0.007815,-0.012583,0.001369,-0.000009,0.005399,0.785221,0.063959,-0.615903,0.000000,0.000000,0.000000,-1,0.786713,0.066895,-0.610336,0.005214,-0.108149,-0.004888,172.928329,240.102539,-780.736084,0,0
2.160000,0.905615,-0.064285,0.007543,0.617566,-0.045888,-0.785180,-0.007527,0.997906,-0.064240,0.786483,0.045583,0.615927,-0.030547,0.437154,-0.010670,0.898805,0.009818,-0.007816,-0.013706,-0.000145,0.003844,0.006506,0.785180,0.064240,-0.615927,0.000000,0.000000,0.000000,-1,0.781967,0.067230,-0.613327,0.011583,-0.111333,-0.007071,172.928329,240.102539,-778.732056,0,0
2.200000,0.905250,-0.064537,0.006725,0.617816,-0.046574,-0.784942,-0.006711,0.997896,-0.064492,0.786294,0.045112,0.616204,-0.030484,0.437000,-0.011087,0.898876,0.018314,-0.005723,-0.014844,-0.002807,0.002174,0.001366,0.784942,0.064492,-0.616204,0.000000,0.000000,0.000000,-1,0.782455,0.063416,-0.617340,0.012650,-0.100732,-0.008195,172.928329,242.197983,-779.400085,0,0
2.240000,0.904999,-0.064668,0.005781,0.617970,-0.047250,-0.784781,-0.005769,0.997893,-0.064623,0.786181,0.044462,0.616395,-0.030338,0.436901,-0.011536,0.898924,0.007693,-0.002541,-0.012614,-0.000677,-0.002840,0.001039,0.784781,0.064623,-0.616395,0.000000,0.000000,0.000000,-1,0.782806,0.063889,-0.613434,0.004157,-0.100727,-0.004910,172.753128,240.626404,-777.897095,0,0
2.280000,0.904960,-0.064850,0.005449,0.617985,-0.047596,-0.784748,-0.005437,0.997883,-0.064804,0.786171,0.044315,0.616418,-0.030347,0.436887,-0.011725,0.898928,0.004508,-0.001479,-0.011520,-0.002750,-0.000839,0.003656,0.784748,0.064804,-0.616418,0.000000,0.000000,0.000000,-1,0.779861,0.068069,-0.610260,-0.000083,-0.099662,-0.001677,173.278748,242.197983,-779.734131,0,0
2.320000,0.905042,-0.065099,0.005175,0.617909,-0.047964,-0.784785,-0.005164,0.997868,-0.065053,0.786233,0.044250,0.616344,-0.030399,0.436925,-0.011903,0.898905,0.006662,-0.001468,-0.004098,-0.002421,0.003398,0.006878,0.784785,0.065053,-0.616344,0.000000,0.000000,0.000000,-1,0.785126,0.067444,-0.612213,0.008436,-0.101776,0.002494,172.753128,240.975632,-780.235107,0,0
2.360000,0.905243,-0.065019,0.004658,0.617726,-0.048230,-0.784913,-0.004648,0.997876,-0.064973,0.786380,0.043784,0.616190,-0.030249,0.437024,-0.012121,0.898859,0.014103,-0.005723,-0.000944,-0.000550,0.000792,0.004190,0.784913,0.064973,-0.616190,0.000000,0.000000,0.000000,-1,0.782486,0.063126,-0.614090,0.012707,-0.103889,0.007775,171.001068,241.324875,-779.233093,0,0
2.400000,0.905137,-0.064653,0.004369,0.617794,-0.048116,-0.784867,-0.004360,0.997901,-0.064608,0.786328,0.043336,0.616287,-0.030022,0.436984,-0.012169,0.898886,0.014125,-0.002535,0.004360,-0.000931,-0.001619,0.002747,0.784867,0.064608,-0.616287,0.000000,0.000000,0.000000,-1,0.781433,0.060287,-0.616013,0.008468,-0.102824,0.011008,173.278748,241.150253,-779.400085,0,0
2.440000,0.904942,-0.064229,0.004227,0.617939,-0.047862,-0.784768,-0.004219,0.997929,-0.064184,0.786215,0.042973,0.616458,-0.029801,0.436902,-0.012138,0.898934,0.006689,-0.001475,0.005502,-0.001015,-0.004065,-0.001752,0.784768,0.064184,-0.616458,0.000000,0.000000,0.000000,-1,0.779556,0.061127,-0.612244,0.002105,-0.097518,0.014245,173.979568,242.197983,-780.736084,0,0
2.480000,0.904920,-0.063625,0.004270,0.617957,-0.047361,-0.784784,-0.004261,0.997968,-0.063582,0.786201,0.042635,0.616499,-0.029539,0.436896,-0.011986,0.898947,0.004581,0.000651,0.009771,-0.005228,-0.002455,0.004255,0.784784,0.063582,-0.616499,0.000000,0.000000,0.000000,-1,0.781906,0.060760,-0.613510,0.003181,-0.095393,0.017415,173.979568,240.801010,-779.734131,0,0
2.520000,0.904960,-0.062914,0.004417,0.617930,-0.046714,-0.784844,-0.004408,0.998012,-0.062873,0.786221,0.042310,0.616495,-0.029252,0.436917,-0.011766,0.898949,0.002447,-0.000436,0.011956,-0.002709,-0.002387,0.001688,0.784844,0.062873,-0.616495,0.000000,0.000000,0.000000,-1,0.785172,0.060928,-0.614441,-0.001069,-0.097512,0.018535,173.103546,242.372604,-779.567139,0,0
2.560000,0.905236,-0.062400,0.004788,0.617728,-0.046092,-0.785040,-0.004779,0.998042,-0.062359,0.786377,0.042273,0.616298,-0.029100,0.437040,-0.011490,0.898898,-0.006054,0.004865,0.012026,0.002039,-0.002102,0.003261,0.785040,0.062359,-0.616298,0.000000,0.000000,0.000000,-1,0.784027,0.059479,-0.613205,-0.004254,-0.092211,0.018546,172.928329,240.801010,-779.734131,0,0
2.600000,0.905493,-0.062040,0.005111,0.617539,-0.045622,-0.785216,-0.005101,0.998063,-0.062000,0.786524,0.042293,0.616110,-0.029007,0.437154,-0.011270,0.898848,-0.003929,0.006984,0.010931,-0.001189,-0.002521,0.002905,0.785216,0.062000,-0.616110,0.000000,0.000000,0.000000,-1,0.785187,0.057541,-0.615692,-0.002135,-0.091154,0.016391,174.329987,240.801010,-779.734131,0,0
2.640000,0.905943,-0.061424,0.005369,0.617194,-0.044998,-0.785523,-0.005359,0.998100,-0.061386,0.786793,0.042096,0.615780,-0.028785,0.437357,-0.011026,0.898759,0.006695,0.001681,0.009775,-0.000794,-0.000915,0.004986,0.785523,0.061386,-0.615780,0.000000,0.000000,0.000000,-1,0.778442,0.057724,-0.612274,0.006359,-0.095398,0.014189,173.103546,242.372604,-779.567139,0,0
2.680000,0.906136,-0.060899,0.005245,0.617034,-0.044670,-0.785667,-0.005236,0.998132,-0.060862,0.786919,0.041667,0.615648,-0.028521,0.437450,-0.010969,0.898723,0.007726,0.009068,0.004437,-0.003288,-0.004236,0.002153,0.785667,0.060862,-0.615648,0.000000,0.000000,0.000000,-1,0.784378,0.059341,-0.614395,0.004213,-0.083747,0.006714,173.804367,241.324875,-778.565063,0,0
2.720000,0.906562,-0.060648,0.005146,0.616694,-0.044551,-0.785941,-0.005137,0.998148,-0.060610,0.787186,0.041415,0.615323,-0.028384,0.437644,-0.010965,0.898633,0.001332,0.014361,-0.000835,-0.000068,-0.002261,0.003904,0.785941,0.060610,-0.615323,0.000000,0.000000,0.000000,-1,0.789215,0.062973,-0.609436,-0.005375,-0.089054,0.002589,173.103546,243.420319,-778.565063,0,0
2.760000,0.907493,-0.060901,0.005177,0.615963,-0.044770,-0.786502,-0.005168,0.998133,-0.060864,0.787758,0.041554,0.614581,-0.028499,0.438061,-0.011020,0.898426,-0.002951,0.005871,-0.007131,0.004880,-0.000179,0.002994,0.786502,0.060864,-0.614581,0.000000,0.000000,0.000000,-1,0.787659,0.062958,-0.607864,-0.001140,-0.091181,-0.001703,173.278748,241.848740,-779.066101,0,0
2.800000,0.908175,-0.061231,0.004895,0.615414,-0.045231,-0.786905,-0.004886,0.998114,-0.061193,0.788189,0.041503,0.614032,-0.028582,0.438368,-0.011229,0.898271,0.007674,0.009050,-0.009390,-0.000925,0.001826,0.006595,0.786905,0.061193,-0.614032,0.000000,0.000000,0.000000,-1,0.785645,0.061203,-0.609848,0.010543,-0.091186,-0.005023,173.629166,240.801010,-779.066101,0,0
2.840000,0.908411,-0.061305,0.004428,0.615207,-0.045586,-0.787046,-0.004420,0.998112,-0.061266,0.788353,0.041170,0.613844,-0.028511,0.438480,-0.011458,0.898215,0.010817,0.005832,-0.014698,-0.003874,-0.001543,0.002302,0.787046,0.061266,-0.613844,0.000000,0.000000,0.000000,-1,0.786804,0.058044,-0.615417,0.009472,-0.090129,-0.007144,173.103546,240.626404,-779.567139,0,0
2.880000,0.908760,-0.061283,0.003580,0.614893,-0.046105,-0.787261,-0.003573,0.998116,-0.061245,0.788602,0.040472,0.613570,-0.028313,0.438649,-0.011839,0.898134,0.009758,0.004773,-0.013616,-0.001602,-0.003902,-0.002656,0.787262,0.061245,-0.613570,0.000000,0.000000,0.000000,-1,0.780029,0.057205,-0.616745,0.005218,-0.092249,-0.007087,172.052307,240.626404,-779.567139,0,0
2.920000,0.908577,-0.061325,0.003049,0.615013,-0.046457,-0.787147,-0.003043,0.998116,-0.061287,0.788511,0.040088,0.613713,-0.028217,0.438574,-0.012084,0.898171,0.002327,0.013252,-0.012508,-0.006812,-0.003196,-0.003734,0.787147,0.061287,-0.613713,0.000000,0.000000,0.000000,-1,0.778854,0.052719,-0.618011,-0.003280,-0.077408,-0.008124,173.103546,242.023361,-779.233093,0,0
2.960000,0.908843,-0.061282,0.002804,0.614792,-0.046585,-0.787312,-0.002799,0.998119,-0.061244,0.788684,0.039856,0.613505,-0.028142,0.438697,-0.012188,0.898111,-0.005112,0.025969,-0.014609,-0.008595,-0.009516,-0.003225,0.787312,0.061244,-0.613505,0.000000,0.000000,0.000000,-1,0.778412,0.046722,-0.623550,-0.007511,-0.071040,-0.003851,172.227509,240.801010,-778.064087,0,0
3.000000,0.909043,-0.060499,0.002734,0.614629,-0.046019,-0.787473,-0.002729,0.998167,-0.060462,0.788811,0.039311,0.613377,-0.027774,0.438794,-0.012051,0.898078,-0.009344,0.036554,-0.003930,-0.009381,-0.018058,-0.010692,0.787473,0.060462,-0.613377,0.000000,0.000000,0.000000,-1,0.775665,0.039398,-0.619919,-0.012790,-0.059367,0.003600,172.577927,241.848740,-778.732056,0,0
3.040000,0.909925,-0.059668,0.003258,0.613955,-0.045077,-0.788053,-0.003252,0.998215,-0.059633,0.789334,0.039175,0.612713,-0.027511,0.439189,-0.011645,0.897898,-0.027373,0.046103,0.004741,-0.012296,-0.017717,-0.005909,0.788053,0.059633,-0.612713,0.000000,0.000000,0.000000,-1,0.776169,0.043106,-0.613770,-0.034008,-0.047690,0.013355,172.928329,241.499496,-779.734131,0,0
3.080000,0.911920,-0.059019,0.004811,0.612446,-0.043692,-0.789304,-0.004803,0.998247,-0.058985,0.790498,0.039916,0.611163,-0.027550,0.440068,-0.010833,0.897477,-0.041156,0.052471,0.012316,-0.009717,-0.018488,-0.001554,0.789304,0.058985,-0.611163,0.000000,0.000000,0.000000,-1,0.779175,0.041565,-0.613129,-0.045675,-0.047679,0.020929,173.453949,243.769562,-780.569092,0,0
3.120000,0.913244,-0.058608,0.006182,0.611457,-0.042582,-0.790131,-0.006171,0.998264,-0.058575,0.791254,0.040692,0.610132,-0.027660,0.440646,-0.010146,0.897197,-0.048560,0.051423,0.021980,-0.008744,-0.015118,0.002359,0.790131,0.058575,-0.610132,0.000000,0.000000,0.000000,-1,0.787735,0.043533,-0.609711,-0.050956,-0.044485,0.029483,173.453949,241.674118,-777.563110,0,0
3.160000,0.915318,-0.058075,0.008527,0.609908,-0.040815,-0.791420,-0.008512,0.998278,-0.058043,0.792426,0.042137,0.608511,-0.027928,0.441548,-0.009005,0.896758,-0.060260,0.049295,0.029583,-0.000054,-0.016600,-0.004923,0.791420,0.058043,-0.608511,0.000000,0.000000,0.000000,-1,0.787674,0.044464,-0.622192,-0.067945,-0.063555,0.039330,173.453949,241.674118,-778.231079,0,0
3.200000,0.916209,-0.057829,0.012194,0.609346,-0.038423,-0.791973,-0.012173,0.998254,-0.057797,0.792811,0.044859,0.607814,-0.028624,0.441898,-0.007319,0.896579,-0.066603,0.023865,0.043600,0.004536,-0.001660,-0.015995,0.791973,0.057797,-0.607814,0.000000,0.000000,0.000000,-1,0.799225,0.056534,-0.624710,-0.067928,-0.078386,0.046842,172.052307,241.674118,-778.565063,0,0
3.240000,0.916577,-0.057786,0.014569,0.609143,-0.036959,-0.792199,-0.014544,0.998225,-0.057754,0.792927,0.046702,0.607524,-0.029129,0.442029,-0.006251,0.896506,-0.079411,0.002645,0.034265,0.007316,-0.015564,-0.003026,0.792199,0.057754,-0.607524,0.000000,0.000000,0.000000,-1,0.782547,0.034454,-0.593597,-0.090243,-0.105939,0.055722,174.329987,243.245697,-778.732056,0,0
3.280000,0.916918,-0.057264,0.017533,0.608973,-0.034756,-0.792429,-0.017503,0.998207,-0.057233,0.792998,0.048723,0.607273,-0.029549,0.442143,-0.004812,0.896445,-0.089958,-0.011100,0.058913,-0.017054,-0.014111,0.023242,0.792429,0.057233,-0.607273,0.000000,0.000000,0.000000,-1,0.789413,0.060669,-0.587250,-0.080644,-0.081549,0.058698,172.753128,241.674118,-779.233093,0,0
3.320000,0.918937,-0.057932,0.022767,0.607556,-0.032205,-0.793624,-0.022727,0.998064,-0.057900,0.793951,0.053214,0.605648,-0.031003,0.442962,-0.002645,0.896001,-0.072034,0.006863,0.026756,-0.007399,-0.012322,0.000484,0.793624,0.057900,-0.605648,0.000000,0.000000,0.000000,-1,0.776733,0.042145,-0.605530,-0.078637,-0.107034,0.032198,173.453949,240.626404,-780.235107,0,0
3.360000,0.917864,-0.057841,0.025195,0.608482,-0.030599,-0.792977,-0.025150,0.998011,-0.057809,0.793169,0.055120,0.606502,-0.031501,0.442444,-0.001520,0.896242,-0.084789,-0.036597,0.035606,-0.025659,-0.019830,0.001003,0.792977,0.057809,-0.606502,0.000000,0.000000,0.000000,-1,0.769608,0.043045,-0.604233,-0.092394,-0.139865,0.055899,173.629166,240.801010,-779.400085,0,0
3.400000,0.916243,-0.057607,0.028155,0.609850,-0.028519,-0.792004,-0.028105,0.997945,-0.057575,0.792018,0.057372,0.607795,-0.032051,0.441673,-0.000115,0.896603,-0.095356,-0.034457,0.051672,-0.023388,-0.016804,0.003654,0.792004,0.057575,-0.607795,0.000000,0.000000,0.000000,-1,0.766678,0.039764,-0.607040,-0.098760,-0.148339,0.061326,173.453949,242.023361,-778.565063,0,0
3.440000,0.911917,-0.056466,0.034438,0.613404,-0.023517,-0.789419,-0.034376,0.997814,-0.056436,0.789021,0.061756,0.611255,-0.032920,0.439646,0.003025,0.897562,-0.062307,-0.051390,0.077983,-0.044866,-0.009455,0.004535,0.789419,0.056436,-0.611255,0.000000,0.000000,0.000000,-1,0.738617,0.047607,-0.609039,-0.053989,-0.149351,0.092749,172.753128,241.324875,-777.897095,0,0
3.480000,0.908752,-0.054914,0.037130,0.615914,-0.020441,-0.787548,-0.037065,0.997804,-0.054886,0.786941,0.062996,0.613804,-0.032808,0.438203,0.004627,0.898265,-0.039955,-0.055626,0.096928,-0.057538,-0.006546,-0.002026,0.787549,0.054886,-0.613804,0.000000,0.000000,0.000000,-1,0.719635,0.054749,-0.604294,-0.027345,-0.141906,0.108377,172.227509,242.197983,-779.066101,0,0
3.520000,0.905850,-0.053331,0.039577,0.618194,-0.017503,-0.785831,-0.039510,0.997796,-0.053306,0.785032,0.064002,0.616140,-0.032625,0.436882,0.006121,0.898906,-0.019702,-0.010040,0.101817,-0.071002,0.009393,0.015096,0.785831,0.053306,-0.616140,0.000000,0.000000,0.000000,-1,0.729843,0.091248,-0.628525,-0.015614,-0.040142,0.097152,174.154770,240.626404,-779.901123,0,0
3.560000,0.910884,-0.050598,0.043416,0.614204,-0.013312,-0.789035,-0.043347,0.997779,-0.050576,0.787956,0.065266,0.612263,-0.032257,0.439122,0.008363,0.897809,-0.011095,0.213631,0.083689,-0.036105,0.057517,-0.039470,0.789035,0.050576,-0.612263,0.000000,0.000000,0.000000,-1,0.769714,0.103989,-0.666443,-0.017618,0.180363,0.084478,172.928329,240.801010,-779.400085,0,0
3.600000,0.919924,-0.049386,0.045319,0.607038,-0.011785,-0.794586,-0.045248,0.997755,-0.049366,0.793384,0.065921,0.605142,-0.032174,0.443164,0.009339,0.895815,-0.040881,0.316432,0.058024,0.014237,0.021907,-0.090552,0.794586,0.049366,-0.605142,0.000000,0.000000,0.000000,-1,0.837189,0.058136,-0.683426,-0.046451,0.152754,0.056200,173.629166,241.848740,-778.398071,0,0
3.640000,0.927844,-0.048944,0.047299,0.600742,-0.010764,-0.799371,-0.047225,0.997685,-0.048924,0.798047,0.067141,0.598843,-0.032455,0.446682,0.010195,0.894046,-0.039936,0.207216,0.048933,0.034141,0.016399,-0.076999,0.799371,0.048924,-0.598843,0.000000,0.000000,0.000000,-1,0.777222,0.098984,-0.646667,-0.040231,-0.026430,0.050557,173.629166,240.451782,-777.396057,0,0
3.680000,0.933352,-0.047903,0.051058,0.596332,-0.008057,-0.802698,-0.050977,0.997551,-0.047885,0.801118,0.069474,0.594461,-0.032863,0.449099,0.012018,0.892797,-0.033580,0.157383,0.066141,-0.051141,0.052213,-0.005362,0.802698,0.047885,-0.594461,0.000000,0.000000,0.000000,-1,0.755997,0.096786,-0.612183,-0.027259,0.115681,0.078493,171.877106,240.801010,-777.730103,0,0
3.720000,0.940292,-0.046515,0.052879,0.590713,-0.006345,-0.806857,-0.052797,0.997522,-0.046498,0.805152,0.070066,0.588915,-0.032698,0.452188,0.013030,0.891228,-0.013279,0.250693,0.074006,-0.038775,0.034480,-0.049315,0.806857,0.046498,-0.588915,0.000000,0.000000,0.000000,-1,0.786102,0.071106,-0.650650,-0.014468,0.149610,0.080327,174.329987,240.102539,-778.398071,0,0
3.760000,0.947771,-0.044981,0.054508,0.584618,-0.004674,-0.811295,-0.054426,0.997505,-0.044966,0.809481,0.070444,0.582905,-0.032436,0.455517,0.013983,0.889526,-0.018618,0.234784,0.070945,-0.021516,0.021715,-0.071758,0.811295,0.044966,-0.582905,0.000000,0.000000,0.000000,-1,0.782898,0.057449,-0.632736,-0.047466,0.095540,0.080935,174.505188,241.324875,-777.563110,0,0
3.800000,0.957029,-0.043169,0.058901,0.577029,-0.001313,-0.816722,-0.058813,0.997336,-0.043156,0.814603,0.072936,0.575415,-0.032706,0.459590,0.016199,0.887381,-0.066452,0.142535,0.095316,-0.042476,0.025631,-0.039576,0.816722,0.043156,-0.575415,0.000000,0.000000,0.000000,-1,0.764786,0.099350,-0.599762,-0.067609,0.037269,0.108012,172.753128,240.626404,-777.897095,0,0
3.840000,0.961164,-0.043123,0.063264,0.573655,0.000926,-0.819096,-0.063163,0.997072,-0.043109,0.816658,0.076467,0.572034,-0.033726,0.461352,0.018076,0.886392,-0.066477,0.126621,0.093253,-0.052541,0.063275,-0.024417,0.819096,0.043109,-0.572034,0.000000,0.000000,0.000000,-1,0.759369,0.109070,-0.587067,-0.058136,0.059488,0.078024,173.278748,239.753296,-779.066101,0,0
3.880000,0.965872,-0.042296,0.065985,0.569756,0.002794,-0.821809,-0.065878,0.996931,-0.042284,0.819169,0.078230,0.568191,-0.034033,0.463407,0.019393,0.885279,-0.053805,0.182760,0.058821,-0.062440,0.066786,-0.018875,0.821809,0.042284,-0.568191,0.000000,0.000000,0.000000,-1,0.760284,0.110931,-0.587708,-0.051876,0.081698,0.041688,174.329987,240.801010,-777.730103,0,0
3.920000,0.973955,-0.046372,0.068646,0.563339,0.000300,-0.826226,-0.068518,0.996572,-0.046356,0.823380,0.082725,0.561429,-0.036531,0.466852,0.019476,0.883366,-0.024296,0.193241,-0.009644,-0.069146,0.073548,-0.025852,0.826226,0.046356,-0.561429,0.000000,0.000000,0.000000,-1,0.758698,0.126724,-0.579773,-0.016990,0.095398,-0.014072,175.030807,240.451782,-778.398071,0,0
3.960000,0.978176,-0.049241,0.068340,0.560021,-0.002592,-0.828475,-0.068204,0.996457,-0.049221,0.825666,0.084070,0.557859,-0.037765,0.468662,0.018590,0.882374,0.008604,0.187840,-0.024874,-0.065566,0.077961,-0.021517,0.828475,0.049221,-0.557859,0.000000,0.000000,0.000000,-1,0.766830,0.133270,-0.577377,0.019131,0.082669,-0.018667,174.329987,241.499496,-777.396057,0,0
4.000000,0.980252,-0.055698,0.066456,0.558655,-0.009163,-0.829349,-0.066304,0.996245,-0.055670,0.826746,0.086090,0.555950,-0.040187,0.469478,0.016199,0.881880,0.060689,0.118929,-0.008145,-0.063908,0.080744,-0.013584,0.829349,0.055670,-0.555950,0.000000,0.000000,0.000000,-1,0.762650,0.150909,-0.551483,0.093625,-0.019050,0.021392,174.154770,239.578674,-777.563110,0,0
4.040000,0.980107,-0.063361,0.062594,0.559133,-0.017649,-0.828890,-0.062428,0.996039,-0.063319,0.826724,0.087149,0.555816,-0.042655,0.469332,0.012694,0.881900,0.126794,0.143370,0.046284,-0.054003,0.078939,-0.006256,0.828890,0.063319,-0.555816,0.000000,0.000000,0.000000,-1,0.752487,0.122513,-0.573547,0.141564,0.030803,0.036594,174.855606,238.880203,-778.231079,0,1
4.080000,0.979034,-0.064174,0.056821,0.559947,-0.021460,-0.828250,-0.056674,0.996331,-0.064130,0.826588,0.082849,0.556677,-0.041652,0.468964,0.009979,0.882178,0.224532,0.124238,0.034631,-0.053165,0.060947,-0.061106,0.828250,0.064130,-0.556677,0.000000,0.000000,0.000000,-1,0.787796,0.124466,-0.608917,0.309526,0.019140,0.033732,174.329987,238.356339,-777.062073,0,0
4.120000,0.979203,-0.061417,0.049782,0.559529,-0.023133,-0.828488,-0.049668,0.996878,-0.061378,0.827322,0.075492,0.556633,-0.038787,0.469233,0.007520,0.882190,0.335096,0.158140,0.027928,-0.022778,0.059365,-0.068291,0.828488,0.061378,-0.556633,0.000000,0.000000,0.000000,-1,0.837616,0.046188,-0.687210,0.321130,0.083756,-0.003918,174.680389,239.753296,-778.064087,0,0
4.160000,0.985936,-0.054009,0.036456,0.553357,-0.024858,-0.832573,-0.036395,0.997878,-0.053983,0.832149,0.060173,0.551278,-0.032405,0.472558,0.003275,0.880698,0.258150,0.082727,-0.062363,0.055015,-0.041196,-0.129005,0.832573,0.053983,-0.551278,0.000000,0.000000,0.000000,-1,0.915161,0.033508,-0.652649,0.232596,-0.024469,-0.058830,175.030807,240.451782,-778.398071,0,0
4.200000,0.987341,-0.052262,0.029899,0.551968,-0.027107,-0.833425,-0.029854,0.998188,-0.052238,0.833331,0.053715,0.550159,-0.030087,0.473303,0.000780,0.880386,0.187893,0.047714,-0.078450,0.071727,-0.006492,-0.090451,0.833425,0.052238,-0.550159,0.000000,0.000000,0.000000,-1,0.965271,0.060501,-0.656052,0.177356,-0.014913,-0.048691,176.432449,239.753296,-778.064087,0,0
4.240000,0.989320,-0.050896,0.024524,0.550136,-0.029032,-0.834570,-0.024490,0.998405,-0.050874,0.834716,0.048426,0.548547,-0.028213,0.474268,-0.001290,0.879927,0.149750,0.093341,-0.052706,0.130701,0.009627,-0.107504,0.834570,0.050874,-0.548547,0.000000,0.000000,0.000000,-1,1.069504,0.010330,-0.686661,0.128311,-0.048886,-0.078845,175.906830,239.578674,-778.565063,0,0
4.280000,0.985733,-0.052817,0.016728,0.552911,-0.034768,-0.832515,-0.016704,0.998466,-0.052792,0.833073,0.043096,0.551482,-0.027218,0.472777,-0.005127,0.880747,0.029083,-0.285253,-0.115618,0.218175,-0.040494,-0.126237,0.832515,0.052792,-0.551482,0.000000,0.000000,0.000000,-1,1.004654,0.020370,-0.653687,0.006767,-0.450721,-0.087393,175.731628,239.753296,-779.066101,0,0
