0.000000,-1.521941,1.234228,1.169590,0.886975,-0.323220,0.329855,-0.304025,0.128972,0.943894,-0.347627,-0.937494,0.016128,0.659901,-0.237628,-0.006733,0.712754,-0.049468,0.014566,0.003189,0.008124,0.014344,0.004714,-0.329855,-0.943894,-0.016128,0.000000,0.000000,0.000000,-1,-0.324005,-0.924286,-0.016083,-0.047892,-0.089051,0.005185,108.627731,198.368347,-734.142456,0,0
0.040000,-1.514514,1.233959,1.161769,0.886950,-0.323160,0.329981,-0.303240,0.131447,0.943804,-0.348375,-0.937171,0.018592,0.658960,-0.237648,-0.006979,0.713616,-0.054752,0.010342,0.013901,0.019846,0.009967,-0.009744,-0.329981,-0.943805,-0.018592,0.000000,0.000000,0.000000,-1,-0.310135,-0.933838,-0.028336,-0.057417,-0.100692,0.019170,108.978149,198.717590,-736.146484,0,0
0.080000,-1.509158,1.234992,1.156662,0.887478,-0.322808,0.328903,-0.301672,0.132601,0.944146,-0.348391,-0.937130,0.020299,0.658517,-0.237078,-0.007399,0.714209,-0.024006,0.011251,-0.004665,0.016693,0.018319,0.006245,-0.328903,-0.944146,-0.020299,0.000000,0.000000,0.000000,-1,-0.315842,-0.922562,-0.015259,-0.026649,-0.089059,-0.000368,109.153351,198.193726,-735.311462,0,0
0.120000,-1.509393,1.235167,1.156099,0.887267,-0.323552,0.328743,-0.301446,0.132705,0.944203,-0.349125,-0.936858,0.020211,0.658474,-0.237290,-0.007738,0.714175,-0.008048,-0.036442,0.007073,0.002235,0.019383,0.002252,-0.328743,-0.944203,-0.020211,0.000000,0.000000,0.000000,-1,-0.327347,-0.925735,-0.018600,-0.006452,-0.139934,0.009212,108.978149,199.416077,-734.476440,0,1
0.160000,-1.509753,1.234756,1.155657,0.886874,-0.324226,0.329137,-0.301743,0.132995,0.944068,-0.349865,-0.936584,0.020117,0.658362,-0.237699,-0.007871,0.714140,0.003665,-0.005698,0.005743,0.005758,0.014472,-0.001978,-0.329137,-0.944068,-0.020117,0.000000,0.000000,0.000000,-1,-0.325104,-0.929199,-0.023071,0.002074,-0.112369,0.008994,110.730209,198.368347,-735.144470,0,0
0.200000,-1.508882,1.234470,1.154698,0.886782,-0.324222,0.329389,-0.301862,0.133393,0.943973,-0.349995,-0.936529,0.020420,0.658211,-0.237798,-0.007827,0.714247,-0.004879,-0.007880,0.003647,0.006513,0.015415,-0.010571,-0.329389,-0.943973,-0.020420,0.000000,0.000000,0.000000,-1,-0.318909,-0.932724,-0.032471,-0.000068,-0.111315,0.004758,108.452530,197.146011,-735.979492,0,0
0.240000,-1.506492,1.234828,1.152368,0.886971,-0.324099,0.329002,-0.301241,0.133959,0.944092,-0.350052,-0.936491,0.021185,0.657995,-0.237593,-0.007998,0.714513,-0.005959,-0.003645,-0.000619,0.018165,0.014969,0.001563,-0.329002,-0.944092,-0.021185,0.000000,0.000000,0.000000,-1,-0.311539,-0.926331,-0.014832,-0.004329,-0.107079,0.001595,110.379791,197.669876,-734.810486,0,0
0.280000,-1.506704,1.235690,1.151850,0.886988,-0.324872,0.328194,-0.300428,0.133783,0.944375,-0.350708,-0.936248,0.021064,0.658054,-0.237556,-0.008553,0.714464,-0.011290,-0.030150,0.000616,0.014641,0.009088,-0.006082,-0.328194,-0.944375,-0.021064,0.000000,0.000000,0.000000,-1,-0.313553,-0.935287,-0.027145,-0.006471,-0.133583,0.002802,108.627731,199.066833,-735.812500,0,0
0.320000,-1.505410,1.235501,1.150771,0.887034,-0.324592,0.328345,-0.300447,0.134180,0.944313,-0.350574,-0.936288,0.021500,0.657905,-0.237511,-0.008447,0.714618,0.007818,0.030227,-0.010575,-0.012399,0.023232,0.002655,-0.328345,-0.944313,-0.021500,0.000000,0.000000,0.000000,-1,-0.349380,-0.924057,-0.021057,0.011599,-0.074230,-0.010430,110.379791,199.066833,-735.478455,0,0
0.360000,-1.506261,1.233790,1.152084,0.886647,-0.323996,0.329975,-0.302098,0.134443,0.943749,-0.350133,-0.936457,0.021325,0.657815,-0.237945,-0.007661,0.714565,-0.002727,0.034497,0.010808,-0.005306,0.021096,0.004570,-0.329975,-0.943749,-0.021325,0.000000,0.000000,0.000000,-1,-0.332001,-0.926682,-0.011597,-0.001067,-0.068894,0.013087,109.854172,198.193726,-735.979492,0,0
0.400000,-1.507738,1.233165,1.154566,0.886745,-0.323095,0.330595,-0.302971,0.133931,0.943542,-0.349130,-0.936842,0.020874,0.658016,-0.237861,-0.007042,0.714414,0.004701,0.035547,0.005406,0.002668,0.015106,0.008713,-0.330595,-0.943542,-0.020874,0.000000,0.000000,0.000000,-1,-0.327927,-0.928436,-0.012161,0.004229,-0.067842,0.007706,109.328552,199.066833,-736.480469,0,0
0.440000,-1.509070,1.233321,1.157556,0.887293,-0.321710,0.330476,-0.303235,0.132965,0.943594,-0.347506,-0.937455,0.020425,0.658389,-0.237301,-0.006467,0.714262,0.015311,0.031297,-0.000011,0.010270,0.012899,-0.007071,-0.330476,-0.943594,-0.020425,0.000000,0.000000,0.000000,-1,-0.311371,-0.929977,-0.031738,0.019079,-0.071035,-0.000953,110.029373,198.019104,-736.146484,0,0
0.480000,-1.508190,1.234437,1.158590,0.888267,-0.320116,0.329406,-0.302407,0.132229,0.943963,-0.345734,-0.938105,0.020650,0.658671,-0.236280,-0.006198,0.714343,0.012082,0.019604,-0.000017,0.026320,0.011605,-0.002254,-0.329406,-0.943963,-0.020650,0.000000,0.000000,0.000000,-1,-0.304718,-0.933167,-0.020554,0.013766,-0.083753,0.002354,109.153351,199.590683,-734.309448,0,0
0.520000,-1.506785,1.235549,1.156577,0.888443,-0.320733,0.328329,-0.301180,0.132416,0.944329,-0.346353,-0.937868,0.021046,0.658593,-0.236076,-0.006842,0.714476,-0.025164,-0.038705,0.002775,0.018500,0.011559,-0.011028,-0.328329,-0.944329,-0.021046,0.000000,0.000000,0.000000,-1,-0.309830,-0.932770,-0.032074,-0.022410,-0.137819,0.006188,108.102112,197.844482,-735.979492,0,0
0.560000,-1.504163,1.235739,1.152357,0.888054,-0.322049,0.328093,-0.300454,0.133612,0.944392,-0.347977,-0.937247,0.021894,0.658131,-0.236466,-0.007553,0.714766,-0.000702,-0.046117,0.007854,0.023589,0.012553,-0.012346,-0.328093,-0.944392,-0.021894,0.000000,0.000000,0.000000,-1,-0.308777,-0.932205,-0.030609,-0.004330,-0.145235,0.009213,107.926910,199.765305,-734.810486,0,0
0.600000,-1.504839,1.235509,1.150407,0.887119,-0.324382,0.328325,-0.300391,0.134287,0.944316,-0.350408,-0.936346,0.021687,0.657865,-0.237424,-0.008392,0.714684,-0.037927,-0.076861,0.010529,-0.009734,0.004710,0.009877,-0.328325,-0.944316,-0.021687,0.000000,0.000000,0.000000,-1,-0.341492,-0.937546,-0.016983,-0.036238,-0.180217,0.012914,109.153351,199.241455,-734.643433,0,0
0.640000,-1.496635,1.233266,1.139436,0.885765,-0.326125,0.330247,-0.300823,0.138459,0.943576,-0.353449,-0.935132,0.024537,0.656271,-0.238829,-0.008838,0.715675,-0.054850,0.051389,0.010065,-0.015868,0.032397,-0.002166,-0.330247,-0.943575,-0.024537,0.000000,0.000000,0.000000,-1,-0.346115,-0.911179,-0.026703,-0.063801,-0.085856,0.014919,108.978149,200.114548,-735.144470,0,0
0.680000,-1.493274,1.231296,1.138290,0.885985,-0.323722,0.332016,-0.302352,0.139583,0.942921,-0.351588,-0.935799,0.025790,0.655860,-0.238646,-0.007460,0.716128,-0.062193,0.064143,0.032436,-0.011902,0.035466,0.025638,-0.332016,-0.942921,-0.025791,0.000000,0.000000,0.000000,-1,-0.338898,-0.916824,-0.005569,-0.046699,-0.016927,0.025057,108.978149,200.114548,-735.144470,0,0
0.720000,-1.484413,1.229268,1.128427,0.885301,-0.323882,0.333679,-0.302688,0.143376,0.942244,-0.353018,-0.935170,0.028896,0.654414,-0.239363,-0.007388,0.717212,-0.007030,0.000501,0.012968,0.036301,0.000746,0.001476,-0.333679,-0.942244,-0.028896,0.000000,0.000000,0.000000,-1,-0.281525,-0.948242,-0.008743,-0.005337,-0.102817,0.015415,110.029373,199.066833,-734.810486,0,0
0.760000,-1.487265,1.231221,1.134233,0.886761,-0.321684,0.331926,-0.301847,0.140838,0.942896,-0.350062,-0.936314,0.027791,0.655388,-0.237848,-0.006918,0.716832,0.026946,0.069372,-0.014318,0.002244,0.033976,-0.000514,-0.331926,-0.942896,-0.027791,0.000000,0.000000,0.000000,-1,-0.329681,-0.908920,-0.028305,0.041399,-0.009564,-0.015305,109.503754,200.289169,-734.309448,0,0
0.800000,-1.490298,1.231488,1.138428,0.887130,-0.320840,0.331757,-0.302206,0.139465,0.942985,-0.348816,-0.936809,0.026764,0.655916,-0.237472,-0.006502,0.716477,0.059926,0.017430,-0.001751,0.017411,0.015022,0.000824,-0.331757,-0.942985,-0.026764,0.000000,0.000000,0.000000,-1,-0.315125,-0.942520,-0.015289,0.059475,-0.080576,-0.000292,109.503754,200.289169,-734.309448,0,0
0.840000,-1.494016,1.231476,1.142837,0.887244,-0.320411,0.331866,-0.302828,0.138136,0.942981,-0.347984,-0.937153,0.025531,0.656425,-0.237361,-0.006139,0.716050,0.018450,-0.000594,-0.001213,0.007525,0.010471,-0.006253,-0.331866,-0.942981,-0.025531,0.000000,0.000000,0.000000,-1,-0.335297,-0.927383,-0.032928,0.020125,-0.103898,0.001311,108.802933,198.193726,-734.643433,0,0
0.880000,-1.497385,1.231488,1.146900,0.887378,-0.319965,0.331939,-0.303377,0.136900,0.942985,-0.347165,-0.937486,0.024412,0.656899,-0.237229,-0.005795,0.715662,0.028056,0.032275,0.001726,-0.000199,0.013206,0.019880,-0.331939,-0.942985,-0.024412,0.000000,0.000000,0.000000,-1,-0.332138,-0.929779,-0.004532,0.029722,-0.071031,0.002120,108.978149,200.114548,-736.146484,0,0
0.920000,-1.499271,1.230728,1.149116,0.887201,-0.319664,0.332699,-0.304333,0.136521,0.942732,-0.346778,-0.937644,0.023837,0.657047,-0.237425,-0.005357,0.715465,0.008945,0.000487,0.014847,0.007320,0.020262,-0.010297,-0.332699,-0.942732,-0.023837,0.000000,0.000000,0.000000,-1,-0.313217,-0.925919,-0.032974,0.010613,-0.103876,0.016308,108.978149,200.114548,-736.146484,0,0
0.960000,-1.501517,1.231580,1.152552,0.887780,-0.318836,0.331950,-0.304066,0.135148,0.943016,-0.345530,-0.938125,0.023034,0.657571,-0.236820,-0.005163,0.715186,0.013205,0.017400,0.004009,0.011256,0.008827,0.012689,-0.331950,-0.943016,-0.023034,0.000000,0.000000,0.000000,-1,-0.320343,-0.926910,-0.013092,0.014843,-0.085867,0.006606,108.978149,200.813034,-736.146484,0,0
1.000000,-1.501567,1.232376,1.152887,0.888110,-0.318693,0.331202,-0.303426,0.134742,0.943280,-0.345244,-0.938232,0.022966,0.657724,-0.236467,-0.005337,0.715160,0.001484,0.020566,-0.004391,0.013545,0.014951,0.008653,-0.331202,-0.943280,-0.022966,0.000000,0.000000,0.000000,-1,-0.317657,-0.928329,-0.014313,-0.002191,-0.085877,0.000412,108.978149,199.066833,-735.812500,0,0
1.040000,-1.504042,1.232779,1.155441,0.888192,-0.318802,0.330879,-0.303421,0.133813,0.943414,-0.345038,-0.938328,0.022120,0.658077,-0.236379,-0.005379,0.714864,0.000434,-0.003810,0.003175,0.010673,0.018319,0.006343,-0.330879,-0.943414,-0.022120,0.000000,0.000000,0.000000,-1,-0.325333,-0.926880,-0.023499,0.006312,-0.104955,0.003595,107.926910,198.717590,-735.478455,0,0
1.080000,-1.504402,1.232626,1.156458,0.888346,-0.318214,0.331030,-0.303689,0.133562,0.943363,-0.344405,-0.938563,0.022011,0.658174,-0.236223,-0.005080,0.714828,0.023858,0.018462,0.008135,0.008170,0.014256,-0.002281,-0.331030,-0.943363,-0.022011,0.000000,0.000000,0.000000,-1,-0.322861,-0.933990,-0.028961,0.025491,-0.084800,0.010739,109.153351,198.542969,-736.647461,0,0
1.120000,-1.501990,1.232977,1.154378,0.888621,-0.317846,0.330646,-0.303107,0.134060,0.943480,-0.344207,-0.938617,0.022787,0.657985,-0.235930,-0.005153,0.715099,-0.003780,0.001448,0.003127,0.010776,0.015425,0.000539,-0.330646,-0.943480,-0.022787,0.000000,0.000000,0.000000,-1,-0.319870,-0.928055,-0.022247,-0.002173,-0.099648,0.007920,109.153351,198.542969,-736.647461,0,0
1.160000,-1.502952,1.232725,1.154119,0.888131,-0.318945,0.330906,-0.303291,0.134234,0.943396,-0.345310,-0.938219,0.022485,0.657916,-0.236442,-0.005474,0.714991,-0.027217,-0.070646,0.004776,-0.004925,0.014670,0.011025,-0.330906,-0.943396,-0.022485,0.000000,0.000000,0.000000,-1,-0.340073,-0.925598,-0.012177,-0.021367,-0.160084,0.005213,109.328552,198.368347,-735.812500,0,0
1.200000,-1.504222,1.230911,1.153017,0.886788,-0.320870,0.332640,-0.304706,0.135262,0.942793,-0.347508,-0.937415,0.022178,0.657523,-0.237853,-0.005653,0.714883,0.007963,0.007822,0.013613,-0.005586,0.015593,-0.000634,-0.332640,-0.942793,-0.022178,0.000000,0.000000,0.000000,-1,-0.334503,-0.925232,-0.024628,0.009556,-0.095394,0.016281,108.102112,199.241455,-734.977478,0,0
1.240000,-1.506966,1.230167,1.157235,0.886961,-0.319602,0.333400,-0.305916,0.134258,0.942545,-0.346000,-0.937992,0.021310,0.657912,-0.237690,-0.004788,0.714585,0.010069,0.016291,0.006109,0.005504,0.017145,0.005975,-0.333400,-0.942545,-0.021310,0.000000,0.000000,0.000000,-1,-0.327896,-0.925400,-0.015335,0.016982,-0.079503,0.008681,108.102112,199.241455,-734.977478,0,0
1.280000,-1.507522,1.230383,1.157538,0.886931,-0.319884,0.333208,-0.305770,0.134083,0.942617,-0.346206,-0.937921,0.021112,0.657977,-0.237719,-0.004938,0.714515,0.012222,-0.016604,0.007236,0.017611,0.014882,-0.003028,-0.333208,-0.942617,-0.021112,0.000000,0.000000,0.000000,-1,-0.315750,-0.929428,-0.024841,0.011647,-0.120846,0.012118,110.029373,199.066833,-735.478455,0,0
1.320000,-1.507827,1.231102,1.157336,0.886979,-0.320446,0.332539,-0.305122,0.133873,0.942856,-0.346652,-0.937759,0.020967,0.658054,-0.237658,-0.005362,0.714461,0.004781,-0.016603,0.008376,0.020954,0.010758,-0.009886,-0.332539,-0.942856,-0.020967,0.000000,0.000000,0.000000,-1,-0.306442,-0.929443,-0.032364,0.006328,-0.119787,0.011108,109.678970,199.066833,-734.476440,0,0
1.360000,-1.504817,1.231644,1.154675,0.887335,-0.320056,0.331964,-0.304297,0.134478,0.943037,-0.346466,-0.937806,0.021935,0.657823,-0.237280,-0.005512,0.714799,0.000529,0.022616,0.001859,0.004571,0.014723,-0.007377,-0.331964,-0.943037,-0.021935,0.000000,0.000000,0.000000,-1,-0.327393,-0.928314,-0.029312,0.002078,-0.085870,0.004620,109.678970,199.066833,-734.476440,0,0
1.400000,-1.503804,1.231626,1.154189,0.887525,-0.319535,0.331959,-0.304248,0.134633,0.943031,-0.346024,-0.937961,0.022272,0.657765,-0.237084,-0.005346,0.714918,-0.003739,0.007771,0.000910,0.011631,0.014701,-0.000769,-0.331959,-0.943031,-0.022272,0.000000,0.000000,0.000000,-1,-0.316055,-0.930878,-0.014587,0.001009,-0.093292,0.004665,109.678970,199.765305,-735.144470,0,0
1.440000,-1.504136,1.232157,1.155011,0.887834,-0.319188,0.331466,-0.303900,0.134180,0.943208,-0.345537,-0.938144,0.022128,0.657937,-0.236758,-0.005347,0.714868,-0.022825,-0.001817,-0.004226,0.006973,0.016068,0.016345,-0.331466,-0.943208,-0.022128,0.000000,0.000000,0.000000,-1,-0.329666,-0.927307,-0.000290,-0.021350,-0.104963,-0.001418,109.503754,200.987656,-736.313477,0,0
1.480000,-1.505016,1.231704,1.155798,0.887644,-0.319254,0.331912,-0.304397,0.134113,0.943057,-0.345588,-0.938131,0.021865,0.657964,-0.236962,-0.005196,0.714777,-0.004722,0.014088,-0.001303,-0.011380,0.025256,0.010543,-0.331912,-0.943057,-0.021865,0.000000,0.000000,0.000000,-1,-0.343292,-0.917801,-0.011322,-0.007510,-0.095417,0.001577,109.503754,200.987656,-736.313477,0,0
1.520000,-1.506889,1.230631,1.158341,0.887482,-0.318611,0.332961,-0.305663,0.133744,0.942700,-0.344886,-0.938403,0.021308,0.658109,-0.237147,-0.004530,0.714586,0.000637,0.014102,0.009280,-0.009019,0.019070,0.010077,-0.332961,-0.942700,-0.021308,0.000000,0.000000,0.000000,-1,-0.337448,-0.929153,-0.016754,0.004225,-0.078442,0.008817,111.080612,199.765305,-736.146484,0,0
1.560000,-1.507386,1.229998,1.158792,0.887260,-0.318593,0.333568,-0.306270,0.133845,0.942488,-0.344917,-0.938394,0.021180,0.658072,-0.237384,-0.004311,0.714543,0.001696,0.013039,0.008210,0.016689,0.015776,0.000092,-0.333568,-0.942488,-0.021180,0.000000,0.000000,0.000000,-1,-0.315414,-0.925049,-0.022278,0.003161,-0.090101,0.011009,108.627731,198.368347,-734.476440,0,0
1.600000,-1.506841,1.230251,1.158889,0.887557,-0.318028,0.333319,-0.306065,0.133720,0.942573,-0.344336,-0.938604,0.021347,0.658120,-0.237074,-0.004185,0.714602,-0.003571,0.021464,0.001776,0.000021,0.010550,-0.001480,-0.333319,-0.942573,-0.021347,0.000000,0.000000,0.000000,-1,-0.333298,-0.932022,-0.022827,-0.002177,-0.082691,0.003588,108.627731,199.765305,-737.148499,0,0
1.640000,-1.504732,1.229937,1.157442,0.887727,-0.317291,0.333568,-0.306142,0.134282,0.942468,-0.343829,-0.938773,0.022069,0.657909,-0.236900,-0.003899,0.714856,-0.003569,0.020405,0.002845,0.002162,0.016625,-0.008998,-0.333568,-0.942468,-0.022069,0.000000,0.000000,0.000000,-1,-0.327576,-0.925720,-0.032791,-0.002169,-0.083748,0.005720,107.751694,199.241455,-735.645508,0,0
1.680000,-1.502114,1.229503,1.154594,0.887591,-0.317304,0.333917,-0.306133,0.135318,0.942322,-0.344187,-0.938620,0.022970,0.657515,-0.237043,-0.003905,0.715171,0.018769,-0.051659,0.022070,0.005212,0.000748,-0.021616,-0.333917,-0.942322,-0.022970,0.000000,0.000000,0.000000,-1,-0.333588,-0.948227,-0.048233,0.020175,-0.154753,0.024942,108.802933,198.892212,-736.647461,0,0
1.720000,-1.501424,1.228314,1.154097,0.887307,-0.316937,0.335018,-0.307089,0.135924,0.941924,-0.344067,-0.938656,0.023278,0.657287,-0.237349,-0.003442,0.715281,-0.002480,0.046918,0.006971,-0.003696,0.042418,0.010354,-0.335018,-0.941924,-0.023278,0.000000,0.000000,0.000000,-1,-0.338715,-0.899506,-0.012924,0.003185,-0.064655,0.011958,110.554993,197.844482,-734.309448,0,0
1.760000,-1.502885,1.228439,1.157050,0.887778,-0.315704,0.334935,-0.307382,0.134969,0.941966,-0.342588,-0.939210,0.022781,0.657653,-0.236860,-0.002909,0.715110,-0.004621,0.056375,-0.014387,0.018681,0.015178,0.027679,-0.334935,-0.941966,-0.022781,0.000000,0.000000,0.000000,-1,-0.313736,-0.923401,0.002335,-0.003259,-0.044543,-0.009337,109.854172,198.542969,-736.313477,0,0
1.800000,-1.501622,1.229877,1.155815,0.888261,-0.315807,0.333554,-0.305975,0.134802,0.942448,-0.342596,-0.939199,0.023110,0.657714,-0.236342,-0.003437,0.715223,-0.050358,-0.011471,-0.007199,0.020138,0.011829,0.004205,-0.333554,-0.942448,-0.023110,0.000000,0.000000,0.000000,-1,-0.314331,-0.932602,-0.026840,-0.049010,-0.114510,-0.004262,108.452530,199.939926,-735.979492,0,0
1.840000,-1.495294,1.231287,1.149565,0.888885,-0.315610,0.332076,-0.303914,0.136169,0.942918,-0.342812,-0.939068,0.025120,0.657190,-0.235671,-0.004084,0.715921,-0.009927,0.055316,-0.012206,0.011718,0.019319,0.003407,-0.332076,-0.942918,-0.025120,0.000000,0.000000,0.000000,-1,-0.320358,-0.923599,-0.021713,-0.011782,-0.062568,-0.010225,109.153351,198.542969,-735.979492,0,0
1.880000,-1.493413,1.231287,1.148647,0.889240,-0.314659,0.332028,-0.303789,0.136448,0.942918,-0.342002,-0.939346,0.025745,0.657086,-0.235299,-0.003795,0.716141,-0.030166,0.006543,-0.012825,-0.002917,0.017503,0.001728,-0.332028,-0.942918,-0.025745,0.000000,0.000000,0.000000,-1,-0.333160,-0.931061,-0.035324,-0.022429,-0.083772,-0.010012,108.277313,199.066833,-736.480469,0,0
1.920000,-1.487356,1.231691,1.142540,0.889513,-0.314456,0.331486,-0.302603,0.138142,0.943053,-0.342341,-0.939167,0.027724,0.656439,-0.235002,-0.004134,0.716830,0.016682,0.026646,-0.007124,0.016774,0.015913,-0.021104,-0.331486,-0.943053,-0.027724,0.000000,0.000000,0.000000,-1,-0.312134,-0.924454,-0.042130,0.018000,-0.076341,-0.004109,108.802933,199.241455,-736.313477,0,0
1.960000,-1.487469,1.232460,1.144283,0.890253,-0.313118,0.330767,-0.302183,0.137314,0.943308,-0.340785,-0.939735,0.027626,0.656756,-0.234220,-0.003814,0.716797,-0.003525,0.011804,-0.005773,0.000002,0.011469,0.011299,-0.330767,-0.943308,-0.027626,0.000000,0.000000,0.000000,-1,-0.330765,-0.931839,-0.016327,0.006305,-0.086940,-0.001805,109.153351,198.193726,-735.311462,0,0
2.000000,-1.487009,1.232034,1.143553,0.890053,-0.313276,0.331154,-0.302449,0.137701,0.943167,-0.341072,-0.939626,0.027811,0.656609,-0.234434,-0.003776,0.716862,-0.001406,-0.012576,-0.002492,-0.005088,0.022421,-0.009466,-0.331154,-0.943167,-0.027812,0.000000,0.000000,0.000000,-1,-0.335953,-0.919617,-0.036652,-0.003283,-0.118744,-0.000492,110.029373,199.416077,-736.480469,0,0
2.040000,-1.487870,1.231568,1.144623,0.889954,-0.313069,0.331616,-0.302996,0.137559,0.943012,-0.340844,-0.939716,0.027563,0.656664,-0.234543,-0.003513,0.716777,0.003957,0.012879,0.004781,0.008862,0.016376,0.013143,-0.331616,-0.943012,-0.027563,0.000000,0.000000,0.000000,-1,-0.322510,-0.927979,-0.014282,0.005276,-0.090106,0.007795,107.576492,199.066833,-733.808472,0,0
2.080000,-1.491187,1.231670,1.148254,0.889992,-0.312969,0.331610,-0.303406,0.136419,0.943046,-0.340382,-0.939915,0.026455,0.657099,-0.234506,-0.003337,0.716391,0.011387,0.007512,-0.007052,-0.006052,0.017356,0.003033,-0.331610,-0.943045,-0.026455,0.000000,0.000000,0.000000,-1,-0.337662,-0.925690,-0.023422,0.013730,-0.089067,-0.006132,109.328552,198.717590,-735.478455,0,0
2.120000,-1.491104,1.231096,1.148239,0.889842,-0.312826,0.332147,-0.303897,0.136645,0.942855,-0.340336,-0.939930,0.026526,0.657014,-0.234669,-0.003116,0.716417,0.010348,0.016002,-0.001757,0.003549,0.020461,-0.010034,-0.332147,-0.942855,-0.026526,0.000000,0.000000,0.000000,-1,-0.327896,-0.922989,-0.037262,0.011633,-0.086935,0.001328,109.503754,199.590683,-736.313477,0,0
2.160000,-1.491099,1.231001,1.148926,0.890029,-0.312197,0.332236,-0.304073,0.136473,0.942823,-0.339688,-0.940164,0.026535,0.657081,-0.234472,-0.002835,0.716421,0.025252,0.019191,0.003383,0.005149,0.019239,-0.007355,-0.332236,-0.942823,-0.026535,0.000000,0.000000,0.000000,-1,-0.322571,-0.926788,-0.027206,0.026539,-0.083747,0.006468,109.328552,198.717590,-734.142456,0,0
2.200000,-1.491346,1.232007,1.149955,0.890571,-0.311650,0.331297,-0.303347,0.135773,0.943158,-0.338916,-0.940447,0.026377,0.657347,-0.233893,-0.002898,0.716366,0.018834,0.003278,-0.002861,0.020323,0.014187,-0.006536,-0.331297,-0.943158,-0.026377,0.000000,0.000000,0.000000,-1,-0.310974,-0.928970,-0.032913,0.023316,-0.101778,0.001266,108.102112,200.987656,-736.981506,0,0
2.240000,-1.490868,1.233257,1.149337,0.890917,-0.311920,0.330109,-0.302187,0.135478,0.943573,-0.339042,-0.940400,0.026441,0.657457,-0.233516,-0.003397,0.716386,0.008206,-0.027521,-0.004806,0.021362,0.015182,-0.006152,-0.330109,-0.943573,-0.026441,0.000000,0.000000,0.000000,-1,-0.313614,-0.926147,-0.028809,0.012655,-0.126168,-0.001697,108.102112,198.892212,-737.315491,0,0
2.280000,-1.492835,1.233858,1.149312,0.890422,-0.313873,0.329595,-0.301666,0.135253,0.943771,-0.340803,-0.939782,0.025748,0.657537,-0.234032,-0.004261,0.716139,0.005996,-0.084788,-0.015161,-0.000987,0.026230,-0.002725,-0.329595,-0.943771,-0.025748,0.000000,0.000000,0.000000,-1,-0.335648,-0.916306,-0.029968,0.007253,-0.187675,-0.011998,108.277313,198.717590,-735.478455,0,0
2.320000,-1.499317,1.232980,1.151721,0.888698,-0.317698,0.330581,-0.302748,0.134863,0.943481,-0.344326,-0.938552,0.023670,0.657679,-0.235847,-0.005225,0.715407,0.033634,-0.078431,-0.017614,-0.013810,0.026885,-0.001385,-0.330581,-0.943481,-0.023670,0.000000,0.000000,0.000000,-1,-0.344391,-0.916595,-0.025055,0.029576,-0.180257,-0.014405,107.751694,198.542969,-735.979492,0,0
2.360000,-1.503946,1.231694,1.154294,0.887530,-0.319584,0.331897,-0.304203,0.134574,0.943054,-0.346050,-0.937953,0.022220,0.657787,-0.237078,-0.005379,0.714899,0.021927,-0.072077,-0.021760,-0.029080,0.012970,-0.005017,-0.331897,-0.943054,-0.022220,0.000000,0.000000,0.000000,-1,-0.363953,-0.929794,-0.033157,0.029576,-0.174958,-0.015492,108.802933,199.590683,-735.979492,0,0
2.400000,-1.503026,1.229527,1.150158,0.885864,-0.322096,0.333915,-0.305509,0.136666,0.942331,-0.349156,-0.936791,0.022664,0.656988,-0.238819,-0.005799,0.715051,0.000672,-0.043492,-0.033419,-0.017113,0.016168,-0.013637,-0.333915,-0.942331,-0.022664,0.000000,0.000000,0.000000,-1,-0.351028,-0.926163,-0.036301,0.001900,-0.146355,-0.030208,108.802933,199.939926,-734.643433,0,0
2.440000,-1.506987,1.231214,1.155402,0.886685,-0.321388,0.332415,-0.304766,0.134420,0.942894,-0.347719,-0.937358,0.021240,0.657842,-0.237958,-0.005816,0.714553,0.068735,0.044486,-0.046264,0.003665,0.026604,0.015640,-0.332415,-0.942894,-0.021240,0.000000,0.000000,0.000000,-1,-0.328751,-0.916290,-0.005600,0.066763,-0.056260,-0.046222,110.029373,198.368347,-736.814514,0,0
2.480000,-1.511365,1.231960,1.159550,0.886724,-0.321913,0.331803,-0.304677,0.132874,0.943142,-0.347697,-0.937399,0.019743,0.658427,-0.237911,-0.006035,0.714027,-0.000428,-0.063649,-0.039692,-0.004287,-0.005970,-0.007784,-0.331803,-0.943142,-0.019743,0.000000,0.000000,0.000000,-1,-0.336090,-0.949112,-0.027527,0.000798,-0.166508,-0.036487,108.627731,199.066833,-734.810486,0,0
2.520000,-1.511102,1.234045,1.156600,0.886494,-0.324559,0.329834,-0.302482,0.132980,0.943833,-0.350191,-0.936471,0.019713,0.658369,-0.238104,-0.007730,0.714000,0.035797,-0.006381,-0.029718,0.031341,0.030427,0.000792,-0.329834,-0.943833,-0.019713,0.000000,0.000000,0.000000,-1,-0.298492,-0.913406,-0.018921,0.037028,-0.109241,-0.026508,108.802933,198.542969,-736.647461,0,0
2.560000,-1.522044,1.236392,1.171883,0.888333,-0.321559,0.327817,-0.302437,0.127481,0.944606,-0.345537,-0.938269,0.015994,0.660465,-0.236195,-0.006707,0.712708,0.110281,0.065648,-0.040508,0.029400,0.021861,0.035343,-0.327817,-0.944606,-0.015994,0.000000,0.000000,0.000000,-1,-0.298416,-0.922745,0.019348,0.114671,-0.021257,-0.036271,108.102112,198.892212,-735.311462,0,0
2.600000,-1.529037,1.237494,1.179388,0.888667,-0.321591,0.326880,-0.302423,0.124810,0.944967,-0.344691,-0.938617,0.013658,0.661475,-0.235842,-0.006732,0.711888,0.060283,-0.032934,-0.027812,0.027976,0.009878,0.022600,-0.326880,-0.944967,-0.013658,0.000000,0.000000,0.000000,-1,-0.297760,-0.939423,-0.007889,0.069976,-0.126203,-0.025731,108.102112,200.289169,-736.647461,0,0
2.640000,-1.536931,1.239878,1.185483,0.888626,-0.323877,0.324726,-0.301090,0.122118,0.945744,-0.345960,-0.938185,0.011001,0.662478,-0.235844,-0.008013,0.710940,0.066634,-0.053083,-0.030987,0.031604,0.020924,-0.016770,-0.324726,-0.945744,-0.011001,0.000000,0.000000,0.000000,-1,-0.293121,-0.924820,-0.027771,0.067819,-0.155892,-0.027701,107.226089,199.416077,-734.810486,0,0
2.680000,-1.550560,1.241769,1.196822,0.888160,-0.326814,0.323056,-0.300789,0.118042,0.946357,-0.347417,-0.937688,0.006538,0.663999,-0.236297,-0.009172,0.709355,0.099612,-0.081691,-0.019523,0.032529,0.018791,-0.015312,-0.323056,-0.946357,-0.006538,0.000000,0.000000,0.000000,-1,-0.290527,-0.927567,-0.021851,0.099737,-0.187679,-0.015144,107.926910,199.416077,-734.476440,0,0
2.720000,-1.557985,1.243916,1.203242,0.888325,-0.328324,0.321064,-0.299644,0.115379,0.947049,-0.347983,-0.937492,0.004114,0.664987,-0.236083,-0.010120,0.708487,0.113446,-0.051034,-0.031577,0.006309,0.022595,-0.021520,-0.320930,-0.947095,-0.003962,0.000000,0.000000,0.000000,-1,-0.314621,-0.924500,-0.025482,0.119903,-0.158015,-0.030393,108.978149,199.765305,-734.810486,0,0
2.760000,-1.570479,1.243103,1.213959,0.887256,-0.330428,0.321860,-0.301585,0.112430,0.946787,-0.349031,-0.937111,0.000102,0.666094,-0.237209,-0.010198,0.707069,0.082750,-0.087014,0.013606,-0.029321,0.026697,-0.049580,-0.321860,-0.946787,-0.000102,0.000000,0.000000,0.000000,-1,-0.331909,-0.929428,-0.038574,0.083908,-0.189751,0.016951,107.226089,199.765305,-734.476440,0,0
2.800000,-1.588398,1.243137,1.233495,0.887484,-0.329896,0.321778,-0.303693,0.106506,0.946798,-0.346616,-0.937990,-0.005664,0.668327,-0.237006,-0.009291,0.705040,0.186942,0.086810,-0.021303,0.045136,0.000997,0.001538,-0.321778,-0.946798,0.005664,0.000000,0.000000,0.000000,-1,-0.276642,-0.945801,0.007202,0.187050,-0.028641,-0.012570,108.452530,199.939926,-735.979492,0,0
2.840000,-1.602456,1.245754,1.252175,0.889574,-0.326767,0.319189,-0.303275,0.100039,0.947637,-0.341588,-0.939796,-0.010109,0.670754,-0.234826,-0.008348,0.703474,0.135741,0.096279,-0.068654,0.030843,0.002233,-0.004600,-0.319189,-0.947637,0.010109,0.000000,0.000000,0.000000,-1,-0.288345,-0.945404,0.005508,0.136900,-0.006457,-0.065303,106.700470,198.892212,-733.975464,0,0
2.880000,-1.608122,1.249175,1.259746,0.891147,-0.325689,0.315885,-0.300936,0.096747,0.948724,-0.339550,-0.940514,-0.011796,0.671974,-0.233128,-0.008805,0.702869,0.019691,-0.040560,-0.093403,0.026578,0.031625,-0.030107,-0.315885,-0.948724,0.011796,0.000000,0.000000,0.000000,-1,-0.289307,-0.917099,-0.018311,0.020815,-0.143263,-0.089999,108.627731,199.416077,-734.810486,0,0
2.920000,-1.613043,1.252708,1.262833,0.891538,-0.327903,0.312473,-0.298038,0.094801,0.949835,-0.341076,-0.939943,-0.013209,0.672671,-0.232632,-0.010631,0.702341,-0.017166,-0.128389,0.019086,0.097064,0.016394,-0.011103,-0.312473,-0.949835,0.013209,0.000000,0.000000,0.000000,-1,-0.185547,-0.942978,-0.004364,0.007285,-0.192962,-0.002401,106.875671,200.114548,-734.476440,0,0
2.960000,-1.606377,1.254863,1.248825,0.889836,-0.334331,0.310507,-0.294738,0.098318,0.950570,-0.350897,-0.936352,-0.010816,0.670920,-0.235105,-0.015119,0.703110,-0.102506,-0.266289,-0.028300,0.193821,-0.073218,0.025622,-0.310322,-0.950570,0.010816,0.000000,0.000000,0.000000,-1,-0.116501,-1.023788,0.036438,-0.101380,-0.368993,-0.024874,106.525253,198.717590,-734.476440,0,0
3.000000,-1.610746,1.262552,1.239563,0.887364,-0.347403,0.303144,-0.286895,0.098664,0.952868,-0.360938,-0.932511,-0.012117,0.670973,-0.236335,-0.021534,0.702480,-0.117792,-0.388340,-0.111636,0.082700,-0.015302,0.046324,-0.303144,-0.952868,0.012117,0.000000,0.000000,0.000000,-1,-0.241669,-0.959946,0.030640,-0.116671,-0.491042,-0.108188,107.751694,199.241455,-733.975464,0,0
3.040000,-1.619438,1.267975,1.234315,0.883854,-0.360667,0.297862,-0.281491,0.098461,0.954499,-0.373584,-0.927483,-0.014500,0.670800,-0.239326,-0.028221,0.701394,0.043880,-0.351214,-0.100829,0.074107,-0.000167,-0.020481,-0.297862,-0.954499,0.014500,0.000000,0.000000,0.000000,-1,-0.214676,-0.953918,-0.004654,0.009901,-0.476180,-0.096886,108.627731,200.463791,-733.140442,0,0
3.080000,-1.642790,1.272685,1.259122,0.881966,-0.370019,0.291929,-0.278797,0.088495,0.956256,-0.380448,-0.924454,-0.025379,0.674287,-0.240886,-0.033006,0.697296,0.247081,-0.177336,-0.100671,0.072478,0.030262,-0.019153,-0.291427,-0.956256,0.025379,0.000000,0.000000,0.000000,-1,-0.218948,-0.925995,0.006226,0.248203,-0.280038,-0.097206,110.029373,198.717590,-731.136414,0,0
3.120000,-1.685865,1.277013,1.282274,0.878855,-0.380613,0.287660,-0.277606,0.082395,0.957155,-0.388007,-0.921056,-0.033248,0.676333,-0.243304,-0.037092,0.694262,0.218388,-0.489992,-0.030874,0.066194,0.014482,-0.073668,-0.287660,-0.957155,0.033248,0.000000,0.000000,0.000000,-1,-0.191620,-0.931351,-0.032898,0.233425,-0.594781,-0.004143,110.029373,199.066833,-731.136414,0,0
3.160000,-1.728859,1.275841,1.309150,0.872013,-0.396463,0.287074,-0.280804,0.075195,0.956815,-0.400928,-0.914966,-0.045757,0.678707,-0.249469,-0.041938,0.689465,0.174369,-0.372085,0.116926,0.069102,-0.067019,-0.149441,-0.287074,-0.956815,0.045757,0.000000,0.000000,0.000000,-1,-0.209503,-1.021027,-0.115753,0.208439,-0.444066,0.106078,110.730209,197.320633,-730.802429,0,0
3.200000,-1.734958,1.274516,1.300341,0.865609,-0.409578,0.288039,-0.281351,0.078004,0.956429,-0.414201,-0.908934,-0.047714,0.677370,-0.255005,-0.046563,0.688458,0.054262,-0.210957,0.098360,0.084441,0.008965,-0.170349,-0.288039,-0.956429,0.047714,0.000000,0.000000,0.000000,-1,-0.203598,-0.947464,-0.122635,0.055426,-0.313669,0.101858,110.730209,197.320633,-730.802429,0,0
3.240000,-1.716550,1.270282,1.284641,0.865631,-0.406089,0.292873,-0.283975,0.083554,0.955184,-0.412360,-0.910006,-0.042992,0.675476,-0.255399,-0.044223,0.690325,-0.126649,0.204746,0.242004,0.064922,-0.023408,-0.160866,-0.292873,-0.955184,0.042992,0.000000,0.000000,0.000000,-1,-0.223587,-0.995255,-0.128494,-0.125517,0.102147,0.245578,113.358292,197.495255,-729.633423,0,0
3.280000,-1.655373,1.263231,1.226100,0.865261,-0.400409,0.301657,-0.284931,0.102299,0.953074,-0.412478,-0.910608,-0.025574,0.668681,-0.256228,-0.041433,0.696776,-0.636578,0.149787,0.360616,0.178228,-0.215353,-0.096024,-0.301657,-0.953074,0.025574,0.000000,0.000000,0.000000,-1,-0.095764,-1.227463,-0.066727,-0.568482,0.020681,0.363582,113.183090,195.225189,-729.466370,0,1
3.320000,-1.522514,1.255571,1.091331,0.864805,-0.395243,0.309670,-0.275072,0.143019,0.950726,-0.420056,-0.907375,0.014963,0.653227,-0.256540,-0.042247,0.711124,-1.422409,-0.146417,0.100430,0.040367,-0.121341,-0.142187,-0.309670,-0.950726,-0.014963,0.000000,0.000000,0.000000,-1,-0.269302,-1.072067,-0.157150,-1.292482,-0.120712,0.115844,113.183090,195.225189,-729.466370,0,0
3.360000,-1.354299,1.243853,0.899952,0.858024,-0.406715,0.313653,-0.251556,0.199642,0.947028,-0.447789,-0.891474,0.068986,0.630356,-0.261071,-0.053199,0.729152,-2.584621,-0.159215,0.070451,-0.055378,0.024071,-0.189379,-0.315441,-0.942482,-0.110563,0.000000,0.000000,0.000000,-1,-0.372696,-0.959900,-0.354263,-3.231985,-0.261815,0.074035,115.811172,191.558167,-729.967407,0,0
3.400000,-0.966517,1.172251,0.462225,0.846757,-0.425460,0.319354,-0.173060,0.347354,0.921627,-0.503044,-0.835661,0.220494,0.565444,-0.264624,-0.081215,0.776950,-3.347671,-1.231076,0.080806,-0.334699,-0.168904,0.187657,-0.319354,-0.921627,-0.220494,0.000000,0.000000,0.000000,-1,-0.709015,-1.036484,0.177856,-3.534554,-0.961594,0.050744,118.088852,186.843430,-730.134399,0,0
3.440000,-0.900008,1.109336,0.291511,0.798664,-0.487801,0.352400,-0.129712,0.432288,0.892357,-0.587632,-0.758404,0.281979,0.520672,-0.296498,-0.112946,0.792611,-1.681599,-1.313266,0.400012,-0.119066,-0.167930,0.365765,-0.352400,-0.892357,-0.281979,0.000000,0.000000,0.000000,-1,-0.471466,-1.060287,0.083786,-1.680460,-1.415864,0.403596,119.840912,186.144943,-728.130371,0,0
3.480000,-0.785460,1.030943,0.142504,0.786044,-0.500015,0.363482,-0.073001,0.508800,0.857784,-0.613845,-0.700791,0.363437,0.477966,-0.299716,-0.130952,0.815212,-3.018323,-0.367361,-0.159677,0.117099,-0.175007,0.075000,-0.363482,-0.857784,-0.363437,0.000000,0.000000,0.000000,-1,-0.267242,-0.853760,-0.428207,-3.017184,-0.469958,-0.156093,122.819412,182.128693,-728.631348,0,0
3.520000,-0.735170,0.980843,0.032134,0.759240,-0.533223,0.373133,-0.017874,0.556035,0.830967,-0.650565,-0.637573,0.412633,0.444571,-0.309904,-0.156011,0.825819,-2.038639,-1.775524,-0.304530,0.097956,0.301044,0.015416,-0.373133,-0.830967,-0.412633,0.000000,0.000000,0.000000,-1,-0.275177,-0.529922,-0.397217,-2.037500,-1.878121,-0.300946,122.819412,182.128693,-728.631348,0,0
3.560000,-0.707359,0.970165,-0.030864,0.743175,-0.559295,0.367260,0.017440,0.564895,0.824979,-0.668869,-0.606699,0.429570,0.432640,-0.313109,-0.174284,0.827291,0.311314,0.106367,-0.319778,-0.099278,0.294049,0.245503,-0.367260,-0.824979,-0.429570,0.000000,0.000000,0.000000,-1,-0.466537,-0.530930,-0.184067,0.312453,0.003771,-0.316194,124.045853,178.810913,-729.800415,0,0
3.600000,-0.718733,0.986806,-0.022351,0.740176,-0.565993,0.363031,0.012323,0.551219,0.834269,-0.672301,-0.613032,0.414974,0.439881,-0.314671,-0.175769,0.822552,0.674010,-0.297383,-0.196435,-0.141531,0.187770,0.159633,-0.363031,-0.834269,-0.414974,0.000000,0.000000,0.000000,-1,-0.508041,-0.644974,-0.336395,0.675149,-0.399978,-0.192851,126.148331,179.160141,-729.132385,0,0
3.640000,-0.797662,1.031882,0.034543,0.719180,-0.589797,0.367314,-0.017724,0.512898,0.858266,-0.694598,-0.623758,0.358413,0.460399,-0.329889,-0.177718,0.804750,1.612064,-0.882718,-0.271146,-0.037899,0.259283,-0.137696,-0.367314,-0.858266,-0.358413,0.000000,0.000000,0.000000,-1,-0.386795,-0.642944,-0.583206,1.566481,-1.022385,-0.244542,126.148331,179.160141,-729.132385,0,0
3.680000,-0.840670,1.064358,0.080401,0.717139,-0.595893,0.361417,-0.038958,0.483499,0.874478,-0.695840,-0.641202,0.323521,0.477001,-0.332730,-0.175274,0.794380,0.902226,0.755363,-0.227103,0.087385,0.021557,-0.455287,-0.361417,-0.874478,-0.323521,0.000000,0.000000,0.000000,-1,-0.257980,-0.874802,-0.901398,1.078379,0.272110,-0.254578,126.498749,179.509384,-726.460327,0,0
3.720000,-0.823372,1.079964,0.097219,0.739329,-0.577817,0.345716,-0.045753,0.469135,0.881941,-0.671788,-0.667862,0.320408,0.487285,-0.319921,-0.167290,0.795121,0.280863,-0.226288,-0.149873,-0.053470,0.212110,0.138203,-0.345716,-0.881941,-0.320408,0.000000,0.000000,0.000000,-1,-0.398895,-0.611557,0.007385,0.282003,-0.328881,-0.146290,127.024368,180.382492,-727.963379,0,0
3.760000,-0.862912,1.110020,0.138591,0.738003,-0.584152,0.337813,-0.061427,0.440380,0.895708,-0.671995,-0.681786,0.289120,0.502121,-0.321425,-0.166385,0.785414,1.168040,0.281605,-0.124714,-0.290681,-0.227263,0.273525,-0.337813,-0.895708,-0.289120,0.000000,0.000000,0.000000,-1,-0.768082,-1.363907,-0.100952,1.061603,0.104741,-0.157903,128.075592,180.033249,-728.631348,0,0
3.800000,-0.905534,1.155062,0.207617,0.752369,-0.577047,0.317740,-0.083248,0.395189,0.914820,-0.653461,-0.714733,0.249290,0.526282,-0.313660,-0.159478,0.774088,0.810969,0.903388,-0.493758,-0.000558,0.190775,-0.098183,-0.317740,-0.914820,-0.249290,0.000000,0.000000,0.000000,-1,-0.318298,-0.724045,-0.347473,0.812108,0.800797,-0.490175,127.549973,180.557098,-727.796387,0,0
3.840000,-0.889118,1.183708,0.254592,0.790883,-0.537195,0.293130,-0.095072,0.365326,0.926012,-0.604537,-0.760236,0.237858,0.544908,-0.290080,-0.142871,0.773639,1.489233,2.358393,-0.237617,-0.143515,0.427492,0.323322,-0.293130,-0.926012,-0.237858,0.000000,0.000000,0.000000,-1,-0.437698,-0.587875,-0.043762,1.490372,2.255803,-0.234033,127.374771,180.731720,-730.635376,0,0
3.880000,-1.017436,1.214959,0.444412,0.817352,-0.494056,0.296385,-0.149776,0.314536,0.937355,-0.556330,-0.810540,0.183088,0.574397,-0.280221,-0.113138,0.760752,1.294028,1.078642,0.420242,0.216917,-0.166038,0.228376,-0.296385,-0.937355,-0.183088,0.000000,0.000000,0.000000,-1,-0.013596,-1.220840,0.124557,1.436667,0.730200,0.499964,126.849152,182.303299,-729.466370,0,0
3.920000,-1.074924,1.238269,0.555736,0.842803,-0.455245,0.287115,-0.172216,0.277309,0.945221,-0.509926,-0.846081,0.155316,0.593755,-0.264192,-0.093814,0.754226,0.917658,0.247467,-0.260083,0.210165,-0.140259,-0.022357,-0.287115,-0.945220,-0.155316,0.000000,0.000000,0.000000,-1,-0.076950,-1.085480,-0.177673,0.918798,0.144879,-0.256500,123.345032,184.398743,-730.468384,0,0
3.960000,-1.146785,1.258669,0.633682,0.845149,-0.455394,0.279891,-0.181829,0.247465,0.951682,-0.502654,-0.855206,0.126341,0.606495,-0.262667,-0.091824,0.744808,1.147564,0.302688,-0.202235,0.045455,0.125510,0.112226,-0.279891,-0.951682,-0.126341,0.000000,0.000000,0.000000,-1,-0.222137,-0.851837,0.031021,1.148704,0.200101,-0.198651,124.921890,183.874893,-732.639404,0,0
4.000000,-1.301203,1.285284,0.816402,0.856334,-0.439309,0.271475,-0.205234,0.192887,0.959517,-0.473889,-0.877384,0.075014,0.630165,-0.255704,-0.080302,0.728738,1.347555,0.336652,-0.179063,0.075659,-0.047563,0.148409,-0.271475,-0.959518,-0.075014,0.000000,0.000000,0.000000,-1,-0.201935,-0.985092,0.018723,1.379623,0.294518,-0.162265,123.870651,184.573364,-732.973450,0,0
4.040000,-1.426669,1.297923,0.945327,0.856690,-0.441532,0.266705,-0.218480,0.157786,0.963001,-0.467278,-0.883263,0.038708,0.644243,-0.256119,-0.077833,0.716447,0.824219,-0.286671,-0.118360,0.030713,0.068210,-0.049549,-0.266705,-0.963001,-0.038708,0.000000,0.000000,0.000000,-1,-0.235992,-0.894791,-0.088257,0.825358,-0.389256,-0.114776,125.097092,184.049500,-731.470398,0,0
4.080000,-1.554373,1.303180,1.060114,0.849270,-0.456983,0.264398,-0.230695,0.129248,0.964404,-0.474889,-0.880035,0.004343,0.654920,-0.262505,-0.080350,0.704070,0.892485,-0.443444,-0.026925,0.084482,0.030597,-0.059775,-0.264398,-0.964404,-0.004343,0.000000,0.000000,0.000000,-1,-0.180237,-0.951309,-0.071579,0.893624,-0.546029,-0.023341,125.447510,185.446472,-731.804443,0,0
4.120000,-1.720984,1.301069,1.223303,0.845079,-0.465215,0.263469,-0.250541,0.090744,0.963844,-0.472303,-0.880534,-0.039870,0.669740,-0.267177,-0.077954,0.688468,0.948025,-0.001370,-0.049743,0.116023,-0.002312,-0.192519,-0.263469,-0.963844,0.039870,0.000000,0.000000,0.000000,-1,-0.147446,-0.966156,-0.152649,0.953455,-0.138916,-0.029029,127.725189,185.271851,-730.969421,0,1
4.160000,-1.866083,1.294101,1.372146,0.844799,-0.466914,0.261355,-0.267806,0.053911,0.961963,-0.463244,-0.882658,-0.079499,0.683810,-0.268613,-0.073811,0.674391,0.798470,-0.018190,0.047716,0.090868,0.022144,-0.197693,-0.261355,-0.961963,0.079499,0.000000,0.000000,0.000000,-1,-0.170486,-0.939819,-0.118195,0.799609,-0.120774,0.051300,127.024368,185.970322,-730.301392,0,0
4.200000,-1.910636,1.283992,1.424485,0.846038,-0.461612,0.266710,-0.279866,0.041242,0.959153,-0.453756,-0.886123,-0.094297,0.689038,-0.269026,-0.067865,0.669512,0.286957,0.299082,0.232754,0.001695,-0.156143,-0.114408,-0.266709,-0.959153,0.094297,0.000000,0.000000,0.000000,-1,-0.321960,-1.111969,-0.010681,0.288097,0.196499,0.236338,126.673950,186.668808,-730.301392,0,0
4.240000,-1.846781,1.275464,1.374849,0.849833,-0.446498,0.280043,-0.285488,0.056668,0.956706,-0.443036,-0.892989,-0.079312,0.684192,-0.267463,-0.059557,0.675868,-0.349447,0.529241,0.302553,0.060027,-0.108358,-0.128842,-0.280043,-0.956706,0.079312,0.000000,0.000000,0.000000,-1,-0.220016,-1.065063,-0.049530,-0.388800,0.345011,0.298442,126.673950,187.018051,-730.969421,0,0
