0.000000,-1.359532,1.394397,1.187857,0.971226,-0.165164,0.171584,-0.162775,0.065570,0.984482,-0.173851,-0.984084,0.036799,0.683531,-0.119943,-0.000829,0.719999,-0.006680,-0.011832,-0.003074,0.002745,0.017990,-0.002630,-0.171584,-0.984482,-0.036799,0.000000,0.000000,0.000000,-1,-0.169708,-0.961807,-0.038513,-0.009674,-0.012904,-0.021183,49.397552,172.803513,-553.544312,0,0
0.040000,-1.360498,1.394636,1.188342,0.971176,-0.165658,0.171390,-0.162589,0.065403,0.984524,-0.174304,-0.984012,0.036584,0.683591,-0.120045,-0.001066,0.719924,0.025239,-0.014017,-0.009705,0.005664,0.014645,0.001306,-0.171390,-0.984524,-0.036584,0.000000,0.000000,0.000000,-1,-0.167252,-0.975632,-0.036057,0.002000,-0.024568,-0.022295,49.397552,172.803513,-553.544312,0,0
0.080000,-1.367964,1.395242,1.194214,0.970943,-0.167341,0.171073,-0.162415,0.064228,0.984630,-0.175757,-0.983805,0.035183,0.684020,-0.120521,-0.001712,0.719436,0.022015,-0.037418,0.001099,0.005485,0.013881,0.013668,-0.171073,-0.984630,-0.035183,0.000000,0.000000,0.000000,-1,-0.169830,-0.969559,-0.024826,0.016821,-0.051070,-0.024441,48.694382,172.100342,-555.220215,0,0
0.120000,-1.375714,1.395503,1.200419,0.970660,-0.168958,0.171089,-0.162572,0.063126,0.984675,-0.177169,-0.983600,0.033806,0.684421,-0.121098,-0.002221,0.718956,0.027164,-0.077864,-0.020095,-0.005104,0.021403,-0.003944,-0.171089,-0.984675,-0.033806,0.000000,0.000000,0.000000,-1,-0.169403,-0.958893,-0.036026,-0.006664,-0.061763,-0.035938,49.045975,171.748749,-554.214661,0,0
0.160000,-1.379411,1.396014,1.201866,0.970329,-0.171220,0.170718,-0.162193,0.062709,0.984765,-0.179317,-0.983235,0.033078,0.684570,-0.121760,-0.003140,0.718700,0.017778,-0.022668,-0.007443,0.002551,0.023629,-0.000781,-0.170718,-0.984764,-0.033078,0.000000,0.000000,0.000000,-1,-0.160751,-0.969116,-0.027435,-0.009680,-0.023397,-0.010490,50.100723,173.155090,-555.220215,0,0
0.200000,-1.390064,1.395985,1.209420,0.969704,-0.174363,0.171089,-0.162689,0.061492,0.984759,-0.182226,-0.982760,0.031262,0.685009,-0.123010,-0.004064,0.718063,0.030435,-0.090150,0.025735,0.001778,0.013538,0.008573,-0.171089,-0.984759,-0.031262,0.000000,0.000000,0.000000,-1,-0.181931,-0.957428,-0.023148,0.030615,-0.113040,0.032146,48.870178,173.330887,-554.382263,0,0
0.240000,-1.411002,1.394143,1.226015,0.968478,-0.178741,0.173497,-0.165394,0.059397,0.984437,-0.186265,-0.982102,0.027962,0.685769,-0.125456,-0.004654,0.716910,0.071969,-0.113421,0.042584,-0.001186,0.020097,0.003624,-0.173497,-0.984437,-0.027962,0.000000,0.000000,0.000000,-1,-0.180023,-0.970261,-0.024246,0.049832,-0.095049,0.030864,49.573349,172.979294,-554.717407,0,0
0.280000,-1.429239,1.392849,1.241249,0.967590,-0.181825,0.175239,-0.167484,0.057283,0.984209,-0.188992,-0.981661,0.024973,0.686537,-0.127200,-0.005008,0.715864,0.084745,-0.116572,0.045694,-0.004113,0.016146,0.002177,-0.175239,-0.984209,-0.024973,0.000000,0.000000,0.000000,-1,-0.180618,-0.974152,-0.022278,0.057217,-0.114155,0.026617,50.452301,172.451920,-554.214661,0,0
0.320000,-1.457466,1.391478,1.261366,0.965659,-0.189995,0.177215,-0.169888,0.054313,0.983965,-0.196573,-0.980282,0.020170,0.687600,-0.130848,-0.007038,0.714168,0.057703,-0.233337,0.017580,-0.000840,0.017687,-0.001070,-0.177215,-0.983965,-0.020170,0.000000,0.000000,0.000000,-1,-0.176941,-0.963913,-0.013382,0.061014,-0.244686,-0.000621,49.221756,171.924545,-555.722961,0,0
0.360000,-1.487399,1.391248,1.281754,0.963574,-0.199632,0.177965,-0.171177,0.050903,0.983924,-0.205482,-0.978548,0.014876,0.688802,-0.134585,-0.009987,0.712277,0.101326,-0.235565,0.006598,0.005434,0.021934,0.001693,-0.177965,-0.983924,-0.014876,0.000000,0.000000,0.000000,-1,-0.173889,-0.962280,-0.013962,0.074922,-0.217211,-0.007224,50.803894,173.858261,-554.885010,0,0
0.400000,-1.512150,1.391143,1.298380,0.961764,-0.207823,0.178381,-0.172099,0.048078,0.983906,-0.213054,-0.976984,0.010473,0.689785,-0.137696,-0.012567,0.710689,0.060993,-0.195278,0.009955,0.001715,0.016239,-0.008615,-0.178381,-0.983906,-0.010473,0.000000,0.000000,0.000000,-1,-0.182648,-0.973190,-0.008499,0.030334,-0.180061,0.000440,48.870178,173.330887,-552.371216,0,0
0.440000,-1.526290,1.390650,1.307513,0.960554,-0.212828,0.178996,-0.172999,0.046630,0.983818,-0.217731,-0.975976,0.007972,0.690281,-0.139736,-0.014029,0.709781,0.054819,-0.144652,0.011971,-0.001226,0.006660,0.003730,-0.178996,-0.983818,-0.007972,0.000000,0.000000,0.000000,-1,-0.183334,-0.978210,-0.000610,0.040110,-0.113368,-0.003082,49.221756,171.924545,-554.382263,0,0
0.480000,-1.550776,1.390358,1.327394,0.959401,-0.217617,0.179425,-0.174171,0.043251,0.983765,-0.221844,-0.975075,0.003593,0.691476,-0.141649,-0.015336,0.708210,0.068780,-0.088708,-0.008586,0.002499,0.009629,-0.006326,-0.179425,-0.983765,-0.003593,0.000000,0.000000,0.000000,-1,-0.176437,-0.966461,-0.012802,0.039022,-0.101934,-0.026554,49.221756,172.627716,-553.711914,0,0
0.520000,-1.563847,1.390865,1.335360,0.958312,-0.222738,0.178958,-0.174025,0.041746,0.983856,-0.226613,-0.973984,0.001244,0.691976,-0.143344,-0.017217,0.707337,0.037664,-0.166027,-0.009121,0.002963,0.024643,-0.005699,-0.178958,-0.983856,-0.001244,0.000000,0.000000,0.000000,-1,-0.177261,-0.959320,0.006607,0.014375,-0.162210,-0.016549,48.694382,172.451920,-553.544312,0,0
0.560000,-1.579860,1.390419,1.345372,0.956821,-0.228719,0.179394,-0.174862,0.040100,0.983776,-0.232202,-0.972666,-0.001626,0.692522,-0.145693,-0.019064,0.706274,0.022913,-0.131944,0.011109,-0.003635,0.026516,0.011649,-0.179394,-0.983776,0.001626,0.000000,0.000000,0.000000,-1,-0.186935,-0.960876,0.010452,-0.012154,-0.143020,-0.003631,49.045975,173.506668,-553.544312,0,0
0.600000,-1.591423,1.389539,1.350679,0.955177,-0.234850,0.180228,-0.175917,0.039360,0.983618,-0.238096,-0.971235,-0.003718,0.692736,-0.148241,-0.020884,0.705482,0.020645,-0.187443,-0.007822,-0.006570,0.017752,0.001684,-0.180228,-0.983618,0.003718,0.000000,0.000000,0.000000,-1,-0.186829,-0.971375,0.004318,0.005738,-0.193021,-0.027019,48.870178,173.330887,-552.371216,0,0
0.640000,-1.602709,1.389705,1.356204,0.953802,-0.240536,0.180011,-0.175972,0.038353,0.983648,-0.243506,-0.969882,-0.005747,0.693036,-0.150247,-0.022905,0.704700,0.039774,-0.184438,-0.026090,-0.003140,0.015218,-0.002878,-0.180011,-0.983648,0.005747,0.000000,0.000000,0.000000,-1,-0.170242,-0.978256,0.000397,0.026043,-0.155045,-0.043299,49.221756,173.330887,-553.041565,0,0
0.680000,-1.615564,1.391334,1.362832,0.952535,-0.246738,0.178321,-0.174654,0.036855,0.983940,-0.249347,-0.968381,-0.007988,0.693482,-0.151912,-0.025605,0.703811,0.011025,-0.180243,-0.031212,0.011726,0.010658,-0.010292,-0.178321,-0.983940,0.007988,0.000000,0.000000,0.000000,-1,-0.169647,-0.961365,0.005661,-0.023048,-0.194201,-0.040641,48.870178,172.627716,-552.371216,0,0
0.720000,-1.638718,1.393620,1.372996,0.949589,-0.259536,0.175844,-0.172814,0.034636,0.984345,-0.261564,-0.965112,-0.011962,0.694067,-0.155731,-0.030876,0.702186,0.065366,-0.185834,-0.037999,0.007571,0.023759,-0.001601,-0.175844,-0.984345,0.011962,0.000000,0.000000,0.000000,-1,-0.169678,-0.956299,0.005539,0.030353,-0.138100,-0.043396,51.155472,173.506668,-553.209167,0,0
0.760000,-1.644628,1.394338,1.375218,0.948737,-0.263153,0.175066,-0.172198,0.034114,0.984472,-0.265039,-0.964151,-0.012949,0.694185,-0.156785,-0.032402,0.701766,-0.001422,-0.099899,-0.023954,0.001238,0.020986,-0.009668,-0.175066,-0.984472,0.012949,0.000000,0.000000,0.000000,-1,-0.178574,-0.972321,0.008301,-0.045040,-0.078680,-0.033446,51.331268,172.979294,-553.041565,0,0
0.800000,-1.644108,1.394726,1.372696,0.948276,-0.265057,0.174691,-0.171736,0.034473,0.984540,-0.266982,-0.963616,-0.012830,0.694016,-0.157343,-0.033245,0.701769,-0.014000,-0.035278,-0.023032,-0.005622,0.001187,0.009616,-0.174691,-0.984540,0.012830,0.000000,0.000000,0.000000,-1,-0.169662,-0.967865,0.017349,-0.019381,-0.037449,-0.041257,50.452301,173.506668,-554.214661,0,0
0.840000,-1.650345,1.396315,1.375708,0.947676,-0.268263,0.173048,-0.170304,0.033652,0.984817,-0.270014,-0.962758,-0.013795,0.694229,-0.157933,-0.034918,0.701344,0.007023,-0.111699,-0.039954,0.009504,0.021331,-0.005448,-0.173048,-0.984817,0.013795,0.000000,0.000000,0.000000,-1,-0.163361,-0.964432,0.009216,-0.013268,-0.120162,-0.051647,49.573349,171.924545,-552.371216,0,0
0.880000,-1.656183,1.397708,1.376376,0.946501,-0.273294,0.171598,-0.168980,0.033274,0.985058,-0.274920,-0.961355,-0.014688,0.694247,-0.159264,-0.037207,0.700908,0.001671,-0.128555,-0.030261,-0.001803,0.022594,-0.002725,-0.171598,-0.985058,0.014688,0.000000,0.000000,0.000000,-1,-0.175568,-0.966080,0.015976,-0.025971,-0.105223,-0.039886,50.276520,173.330887,-553.376709,0,0
0.920000,-1.658040,1.398454,1.374225,0.945520,-0.277138,0.170838,-0.168188,0.033493,0.985186,-0.278755,-0.960246,-0.014943,0.694077,-0.160402,-0.038871,0.700727,-0.020526,-0.092805,-0.036614,-0.004562,0.022112,-0.003102,-0.170838,-0.985186,0.014943,0.000000,0.000000,0.000000,-1,-0.174377,-0.965103,0.011124,-0.047250,-0.089449,-0.052564,50.628098,172.979294,-552.706360,0,0
0.960000,-1.655669,1.399513,1.367914,0.944602,-0.280862,0.169834,-0.166952,0.034344,0.985367,-0.282585,-0.959133,-0.014449,0.693669,-0.161393,-0.040636,0.700803,-0.031183,-0.099118,-0.032244,-0.006558,0.021545,0.000108,-0.169834,-0.985367,0.014449,0.000000,0.000000,0.000000,-1,-0.177338,-0.965164,0.019730,-0.053603,-0.087220,-0.040805,48.870178,174.034058,-555.387817,0,0
1.000000,-1.654880,1.399770,1.364277,0.943843,-0.283548,0.169592,-0.166577,0.034899,0.985411,-0.285330,-0.958323,-0.014294,0.693404,-0.162288,-0.041728,0.700794,-0.027936,-0.091597,-0.020576,-0.007990,0.022886,0.006687,-0.169592,-0.985411,0.014294,0.000000,0.000000,0.000000,-1,-0.169083,-0.961624,0.012634,-0.049342,-0.094547,-0.031223,49.749130,174.209839,-551.868408,0,0
1.040000,-1.654314,1.400385,1.358922,0.942576,-0.288079,0.168997,-0.165796,0.035663,0.985515,-0.289934,-0.956942,-0.014147,0.693012,-0.163733,-0.043627,0.700730,-0.023779,-0.137279,-0.022572,0.003241,0.024959,-0.001986,-0.168997,-0.985515,0.014147,0.000000,0.000000,0.000000,-1,-0.171738,-0.957413,0.006317,-0.048399,-0.135844,-0.030010,49.221756,172.979294,-552.036011,0,0
1.080000,-1.649052,1.400662,1.347079,0.940716,-0.294212,0.168797,-0.165095,0.037564,0.985562,-0.296305,-0.955002,-0.013236,0.692169,-0.165894,-0.046054,0.700900,-0.032114,-0.094693,0.000772,-0.000637,0.023373,-0.008094,-0.168797,-0.985562,0.013236,0.000000,0.000000,0.000000,-1,-0.165085,-0.966354,0.005188,-0.050249,-0.061496,-0.007902,50.452301,172.451920,-552.873962,0,0
1.120000,-1.644209,1.400599,1.340657,0.940251,-0.295624,0.168920,-0.164911,0.038637,0.985551,-0.297879,-0.954523,-0.012423,0.691744,-0.166440,-0.046606,0.701154,-0.016990,-0.027902,0.007861,0.009207,0.019258,-0.007464,-0.168921,-0.985551,0.012423,0.000000,0.000000,0.000000,-1,-0.145172,-0.962311,0.011353,-0.030938,-0.015929,-0.005027,50.276520,172.979294,-553.711914,0,0
1.160000,-1.642683,1.402078,1.338918,0.940434,-0.295860,0.167485,-0.163425,0.038589,0.985801,-0.298122,-0.954451,-0.012061,0.691720,-0.165994,-0.047215,0.701242,-0.004142,0.013204,-0.013706,0.022801,0.029563,-0.003104,-0.167485,-0.985801,0.012061,0.000000,0.000000,0.000000,-1,-0.147079,-0.948715,0.013046,-0.031924,0.029398,-0.028626,50.628098,171.572968,-551.365662,0,0
1.200000,-1.635874,1.403849,1.335254,0.941662,-0.292874,0.165821,-0.161584,0.038780,0.986097,-0.295233,-0.955364,-0.010807,0.691681,-0.164259,-0.046774,0.701719,-0.038980,0.119048,-0.022359,0.015385,0.040311,-0.000278,-0.165821,-0.986097,0.010806,0.000000,0.000000,0.000000,-1,-0.152695,-0.953552,0.007797,-0.079529,0.144708,-0.044669,50.276520,172.979294,-553.376709,0,0
1.240000,-1.614330,1.406057,1.319646,0.943792,-0.287076,0.163840,-0.158850,0.040756,0.986461,-0.289866,-0.957040,-0.007137,0.691045,-0.161323,-0.045593,0.703102,-0.090042,0.165308,-0.060489,-0.006616,-0.006215,0.001881,-0.163840,-0.986461,0.007137,0.000000,0.000000,0.000000,-1,-0.192307,-0.999542,0.027344,-0.139194,0.160285,-0.079421,50.100723,173.155090,-552.873962,0,0
1.280000,-1.579854,1.408376,1.290862,0.945883,-0.281349,0.161701,-0.155413,0.044679,0.986839,-0.284871,-0.958565,-0.001465,0.689686,-0.158319,-0.044647,0.705177,-0.124267,0.136464,-0.087811,-0.046124,0.003440,0.031418,-0.161701,-0.986839,0.001465,0.000000,0.000000,0.000000,-1,-0.201111,-0.958832,0.009155,-0.097050,0.051799,-0.127280,49.573349,173.330887,-552.036011,0,0
1.320000,-1.559329,1.412142,1.271774,0.946939,-0.279909,0.157979,-0.150978,0.046541,0.987441,-0.283746,-0.958898,0.001812,0.688946,-0.156357,-0.045637,0.706274,-0.069437,-0.009017,-0.127104,-0.028285,0.056182,-0.012364,-0.157979,-0.987441,-0.001812,0.000000,0.000000,0.000000,-1,-0.179199,-0.914032,-0.026184,-0.100402,0.009326,-0.138814,50.979675,172.979294,-553.376709,0,0
1.360000,-1.538197,1.415067,1.250937,0.947542,-0.279523,0.155018,-0.147234,0.048769,0.987899,-0.283700,-0.958900,0.005055,0.688062,-0.155057,-0.046755,0.707348,-0.113986,0.036666,-0.113077,-0.025005,0.071563,-0.023494,-0.155018,-0.987899,-0.005055,0.000000,0.000000,0.000000,-1,-0.189880,-0.934158,-0.022736,-0.148142,0.050821,-0.119423,50.628098,173.330887,-554.047119,0,0
1.400000,-1.503276,1.417842,1.217222,0.948437,-0.278136,0.152012,-0.142934,0.052755,0.988325,-0.282908,-0.959092,0.010280,0.686550,-0.153328,-0.047665,0.709132,-0.097978,0.023189,-0.081187,-0.048825,0.043837,-0.007817,-0.152011,-0.988325,-0.010280,0.000000,0.000000,0.000000,-1,-0.216873,-0.975266,-0.004135,-0.075898,-0.035662,-0.078112,50.628098,172.627716,-553.711914,0,0
1.440000,-1.492745,1.419455,1.203523,0.947831,-0.281115,0.150305,-0.140710,0.054135,0.988570,-0.286039,-0.958146,0.011755,0.685919,-0.153744,-0.049471,0.709528,-0.000344,-0.112080,-0.046275,-0.063638,0.009383,0.009024,-0.150305,-0.988570,-0.011755,0.000000,0.000000,0.000000,-1,-0.202087,-0.991211,0.002228,-0.017492,-0.108511,-0.051658,50.628098,171.924545,-552.706360,0,0
1.480000,-1.499115,1.419513,1.206645,0.946889,-0.284261,0.150320,-0.140824,0.053675,0.988578,-0.289083,-0.957243,0.010794,0.686007,-0.154913,-0.050569,0.709112,0.008268,-0.097077,-0.027217,-0.045985,-0.002983,0.013525,-0.150320,-0.988579,-0.010794,0.000000,0.000000,0.000000,-1,-0.178894,-1.011566,0.001175,-0.021591,-0.071262,-0.032590,50.803894,173.858261,-554.214661,0,0
1.520000,-1.503762,1.419881,1.208734,0.946189,-0.286750,0.150005,-0.140596,0.053252,0.988634,-0.291479,-0.956524,0.010071,0.686088,-0.155718,-0.051551,0.708786,0.010578,-0.041954,-0.022113,-0.026493,-0.024473,0.013427,-0.150005,-0.988634,-0.010071,0.000000,0.000000,0.000000,-1,-0.169083,-1.003494,0.000519,-0.003353,-0.020487,-0.039314,50.100723,172.451920,-552.538818,0,0
1.560000,-1.515477,1.420942,1.219417,0.945987,-0.287902,0.149066,-0.140172,0.051386,0.988793,-0.292336,-0.956280,0.008255,0.686722,-0.155840,-0.052157,0.708101,0.031960,-0.017550,-0.017042,-0.023984,0.033455,0.012100,-0.149066,-0.988793,-0.008255,0.000000,0.000000,0.000000,-1,-0.181320,-0.946487,0.005371,-0.001078,0.011473,-0.019210,49.397552,173.155090,-552.873962,0,0
1.600000,-1.519069,1.420272,1.223773,0.946097,-0.287182,0.149756,-0.141017,0.051000,0.988693,-0.291573,-0.956517,0.007753,0.686903,-0.155844,-0.051615,0.707964,-0.020028,0.027124,0.002374,-0.029749,0.043136,0.011080,-0.149756,-0.988693,-0.007753,0.000000,0.000000,0.000000,-1,-0.174301,-0.944351,0.006134,-0.058459,0.043331,-0.011428,51.331268,173.682465,-553.711914,0,0
1.640000,-1.508117,1.419603,1.214556,0.946549,-0.285393,0.150322,-0.141162,0.052529,0.988592,-0.290033,-0.956970,0.009434,0.686401,-0.155359,-0.050885,0.708610,-0.050835,0.057758,-0.007086,-0.000160,0.043661,0.004368,-0.150322,-0.988592,-0.009434,0.000000,0.000000,0.000000,-1,-0.135651,-0.944183,-0.016006,-0.088217,0.071817,-0.024087,50.628098,174.385635,-554.047119,0,0
1.680000,-1.487014,1.419889,1.195965,0.947405,-0.282812,0.149808,-0.139897,0.055040,0.988635,-0.287843,-0.957595,0.012581,0.685526,-0.154155,-0.050339,0.709758,-0.081668,0.077831,-0.013315,0.025754,0.049624,-0.009270,-0.149808,-0.988635,-0.012581,0.000000,0.000000,0.000000,-1,-0.119019,-0.934158,-0.022064,-0.109462,0.090857,-0.027190,51.155472,173.155090,-552.203613,0,0
1.720000,-1.464313,1.420575,1.175908,0.948362,-0.280116,0.148810,-0.138140,0.057574,0.988738,-0.285528,-0.958238,0.015906,0.684632,-0.152730,-0.049924,0.710957,-0.094357,0.111677,-0.018672,0.027884,0.061675,-0.004861,-0.148810,-0.988738,-0.015906,0.000000,0.000000,0.000000,-1,-0.116333,-0.910278,-0.020157,-0.121055,0.137383,-0.035797,50.276520,173.682465,-554.047119,0,0
1.760000,-1.427543,1.421697,1.144496,0.950211,-0.274742,0.147026,-0.135252,0.061425,0.988905,-0.280725,-0.959554,0.021207,0.683297,-0.150006,-0.048917,0.712889,-0.127297,0.155923,-0.045218,0.035270,0.082625,0.003507,-0.147026,-0.988905,-0.021207,0.000000,0.000000,0.000000,-1,-0.100449,-0.904831,-0.002472,-0.169973,0.192077,-0.078236,50.452301,173.506668,-554.549866,0,0
1.800000,-1.358964,1.426746,1.088751,0.954742,-0.262243,0.140344,-0.127195,0.066550,0.989643,-0.268867,-0.962704,0.030182,0.681544,-0.142851,-0.047144,0.716148,-0.133364,0.294286,-0.087248,0.052758,0.019550,0.045487,-0.140344,-0.989643,-0.030182,0.000000,0.000000,0.000000,-1,-0.080124,-0.999451,0.026306,-0.138731,0.328521,-0.098165,51.507065,172.803513,-552.873962,0,0
1.840000,-1.335421,1.427906,1.071535,0.956683,-0.256089,0.138478,-0.125022,0.068180,0.989809,-0.262920,-0.964246,0.033210,0.681046,-0.139899,-0.045681,0.717299,-0.083174,0.337758,-0.081408,0.060841,-0.042769,0.072928,-0.138478,-0.989809,-0.033210,0.000000,0.000000,0.000000,-1,-0.095718,-1.073502,0.046448,-0.068446,0.332740,-0.098726,48.870178,170.869797,-555.387817,0,0
1.880000,-1.317889,1.432827,1.065476,0.960262,-0.245287,0.133157,-0.120343,0.066578,0.990497,-0.251821,-0.967162,0.034413,0.681775,-0.134073,-0.043513,0.717853,-0.028132,0.253775,-0.113487,0.035104,-0.075741,0.074788,-0.133157,-0.990497,-0.034413,0.000000,0.000000,0.000000,-1,-0.103394,-1.045746,0.017395,-0.064523,0.258185,-0.143221,52.737595,171.924545,-554.717407,0,0
1.920000,-1.268423,1.439337,1.029584,0.964554,-0.232331,0.125135,-0.112348,0.067530,0.991372,-0.238777,-0.970290,0.039034,0.681540,-0.126434,-0.041686,0.719569,-0.121673,0.317188,-0.130049,0.008512,-0.018287,0.072588,-0.125135,-0.991372,-0.039034,0.000000,0.000000,0.000000,-1,-0.131958,-1.010330,0.069733,-0.128125,0.341981,-0.131323,50.979675,172.979294,-554.047119,0,0
1.960000,-1.249810,1.442392,1.020738,0.967218,-0.222990,0.121512,-0.109163,0.066937,0.991767,-0.229288,-0.972520,0.040401,0.681887,-0.121777,-0.039514,0.720166,-0.037378,0.336643,-0.086032,-0.033304,-0.021248,0.130153,-0.121512,-0.991767,-0.040401,0.000000,0.000000,0.000000,-1,-0.161804,-1.006882,0.083862,-0.034360,0.324406,-0.082979,51.507065,172.451920,-554.885010,0,0
2.000000,-1.262864,1.444638,1.045249,0.969864,-0.212102,0.119905,-0.108844,0.063124,0.992053,-0.217985,-0.975207,0.038136,0.683484,-0.117393,-0.035875,0.719570,0.032855,0.269390,-0.026663,-0.042433,0.002902,0.104527,-0.119905,-0.992053,-0.038136,0.000000,0.000000,0.000000,-1,-0.152191,-0.924286,0.052032,0.003991,0.286770,-0.028804,50.100723,174.209839,-555.555420,0,0
2.040000,-1.280834,1.444235,1.078509,0.972848,-0.197326,0.120955,-0.111235,0.059659,0.992002,-0.202963,-0.978521,0.036089,0.685036,-0.112607,-0.029929,0.719131,-0.068930,0.361512,-0.005984,-0.025820,0.091214,0.085360,-0.120955,-0.992002,-0.036089,0.000000,0.000000,0.000000,-1,-0.152527,-0.895630,0.053345,-0.104260,0.393878,-0.016648,51.331268,173.330887,-554.382263,0,0
2.080000,-1.255277,1.442795,1.069144,0.975908,-0.181320,0.121351,-0.111924,0.061385,0.991819,-0.187286,-0.981506,0.039612,0.684637,-0.107080,-0.024077,0.720574,-0.100560,0.442230,0.017400,-0.033556,0.088819,0.104797,-0.121351,-0.991819,-0.039612,0.000000,0.000000,0.000000,-1,-0.156708,-0.907867,0.071060,-0.130700,0.434339,0.005777,50.628098,172.979294,-553.711914,0,0
2.120000,-1.232184,1.440687,1.060817,0.978395,-0.166638,0.122375,-0.113233,0.063335,0.991548,-0.172980,-0.983982,0.043098,0.684098,-0.102277,-0.018493,0.721947,-0.137202,0.311726,-0.007389,-0.041993,0.069139,0.120490,-0.122375,-0.991548,-0.043098,0.000000,0.000000,0.000000,-1,-0.168686,-0.928848,0.078430,-0.177175,0.245371,-0.042159,51.331268,173.330887,-555.722961,0,0
2.160000,-1.189470,1.439396,1.029065,0.980307,-0.155593,0.121611,-0.112262,0.067558,0.991379,-0.162467,-0.985508,0.048760,0.682640,-0.098095,-0.014963,0.723986,-0.174876,0.209612,-0.054648,-0.047639,0.071137,0.130135,-0.121611,-0.991379,-0.048760,0.000000,0.000000,0.000000,-1,-0.167496,-0.918549,0.082062,-0.203956,0.213357,-0.068464,51.507065,172.803513,-555.220215,0,0
2.200000,-1.202404,1.438746,1.046855,0.980894,-0.150858,0.122833,-0.114004,0.065872,0.991294,-0.157636,-0.986358,0.047415,0.683302,-0.096905,-0.012734,0.723564,-0.194115,0.166255,-0.046867,-0.043564,0.058143,0.133811,-0.122833,-0.991294,-0.047415,0.000000,0.000000,0.000000,-1,-0.165421,-0.953049,0.090546,-0.223295,0.148833,-0.059550,51.155472,173.858261,-555.555420,0,0
2.240000,-1.241657,1.438158,1.088695,0.980959,-0.148512,0.125150,-0.117176,0.061316,0.991216,-0.154882,-0.987008,0.042747,0.684999,-0.096967,-0.010851,0.721980,-0.199598,0.096324,-0.048679,-0.039919,0.030172,0.135810,-0.125150,-0.991216,-0.042747,0.000000,0.000000,0.000000,-1,-0.160233,-0.965744,0.086746,-0.217276,0.038543,-0.074097,50.452301,174.561432,-556.225708,0,0
2.280000,-1.291539,1.438563,1.137383,0.980525,-0.150022,0.126740,-0.119657,0.055372,0.991270,-0.155730,-0.987131,0.036343,0.687170,-0.098112,-0.010547,0.719764,-0.195716,-0.041537,-0.065221,-0.029052,0.027815,0.115231,-0.126740,-0.991270,-0.036343,0.000000,0.000000,0.000000,-1,-0.154541,-0.963913,0.080978,-0.223867,-0.031329,-0.070588,51.331268,172.979294,-557.063660,0,1
2.320000,-1.310290,1.438443,1.154191,0.980113,-0.152046,0.127515,-0.120680,0.053402,0.991254,-0.157525,-0.986930,0.033991,0.687881,-0.099118,-0.010907,0.718941,-0.226420,-0.019059,-0.039492,-0.028674,0.022153,0.115854,-0.127515,-0.991254,-0.033991,0.000000,0.000000,0.000000,-1,-0.160477,-0.971161,0.087708,-0.261014,-0.012029,-0.045870,51.858643,173.155090,-556.225708,0,0
2.360000,-1.348757,1.436377,1.189817,0.979227,-0.155000,0.130725,-0.124407,0.049831,0.990979,-0.160116,-0.986657,0.029513,0.689181,-0.101354,-0.010661,0.717386,-0.238098,-0.052714,-0.012626,-0.039334,0.010877,0.118716,-0.130725,-0.990979,-0.029513,0.000000,0.000000,0.000000,-1,-0.174133,-0.980499,0.093933,-0.274940,-0.062608,-0.017874,50.452301,173.506668,-557.901611,0,0
2.400000,-1.367174,1.431567,1.202239,0.977589,-0.160774,0.135913,-0.129461,0.049998,0.990323,-0.166013,-0.985724,0.028064,0.689117,-0.105292,-0.010920,0.716877,-0.214673,-0.117903,0.040720,-0.038236,-0.016726,0.103519,-0.135913,-0.990323,-0.028064,0.000000,0.000000,0.000000,-1,-0.166809,-1.038193,0.071808,-0.231280,-0.113915,0.046964,49.924927,174.737213,-557.734009,0,0
2.440000,-1.351155,1.425864,1.182574,0.976353,-0.163910,0.140956,-0.133678,0.054671,0.989516,-0.169898,-0.984959,0.031467,0.687425,-0.108226,-0.010526,0.718069,-0.169202,0.020942,0.166624,-0.032003,-0.068513,0.129475,-0.140956,-0.989516,-0.031467,0.000000,0.000000,0.000000,-1,-0.183472,-1.077927,0.105133,-0.147295,0.069665,0.200096,49.749130,173.858261,-557.231262,0,0
2.480000,-1.353679,1.414970,1.187532,0.975256,-0.160959,0.151553,-0.143937,0.058036,0.987884,-0.167804,-0.985253,0.033432,0.686256,-0.111072,-0.005920,0.718805,0.068773,0.052204,0.344701,-0.078519,-0.177293,0.123611,-0.151553,-0.987884,-0.033432,0.000000,0.000000,0.000000,-1,-0.203827,-1.160126,0.032867,0.068981,0.011461,0.324345,49.573349,173.330887,-557.398865,0,0
2.520000,-1.392097,1.403071,1.224412,0.972984,-0.162212,0.164282,-0.157025,0.056676,0.985967,-0.169246,-0.985127,0.029674,0.686774,-0.116209,-0.001807,0.717519,0.075160,-0.235563,0.265831,0.009741,-0.194117,-0.053182,-0.164282,-0.985967,-0.029674,0.000000,0.000000,0.000000,-1,-0.115417,-1.176865,-0.155701,0.045273,-0.345419,0.216139,49.221756,174.385635,-556.058167,0,0
2.560000,-1.422417,1.395970,1.239915,0.969135,-0.176592,0.172026,-0.164503,0.056508,0.984757,-0.183621,-0.982661,0.025714,0.686825,-0.124156,-0.004220,0.716128,-0.012882,-0.367077,0.130645,0.084304,-0.183777,-0.195096,-0.172026,-0.984757,-0.025714,0.000000,0.000000,0.000000,-1,-0.087967,-1.144745,-0.272751,-0.027447,-0.343435,0.085661,48.870178,175.791977,-555.052612,0,0
2.600000,-1.441937,1.393840,1.248932,0.966741,-0.186910,0.174575,-0.166994,0.055686,0.984384,-0.193713,-0.980797,0.022621,0.687102,-0.128767,-0.006963,0.715026,0.121065,-0.365790,0.043311,0.070174,-0.135718,-0.259422,-0.174575,-0.984384,-0.022621,0.000000,0.000000,0.000000,-1,-0.168671,-0.985794,-0.246048,0.172396,-0.380304,-0.003107,48.518600,174.737213,-555.387817,0,0
2.640000,-1.515841,1.394883,1.301535,0.962270,-0.208570,0.174744,-0.168702,0.046556,0.984567,-0.213487,-0.976899,0.009613,0.690308,-0.136632,-0.014031,0.710359,0.187260,-0.585866,-0.044800,-0.033874,0.056192,-0.231598,-0.174744,-0.984567,-0.009613,0.000000,0.000000,0.000000,-1,-0.243362,-0.915131,-0.231873,0.158570,-0.665909,-0.077567,48.518600,173.682465,-554.047119,0,0
2.680000,-1.566518,1.397447,1.331787,0.958016,-0.229034,0.172481,-0.167580,0.040834,0.985012,-0.232644,-0.972562,0.000738,0.692178,-0.143248,-0.021730,0.707034,0.167546,-0.718806,-0.103807,-0.086125,0.046902,-0.226176,-0.172481,-0.985013,-0.000738,0.000000,0.000000,0.000000,-1,-0.255981,-1.008286,-0.202057,0.128679,-0.653625,-0.124256,50.100723,175.264603,-553.879517,0,0
2.720000,-1.607801,1.400522,1.356082,0.954366,-0.245990,0.169336,-0.165561,0.036105,0.985538,-0.248546,-0.968600,-0.006269,0.693637,-0.148331,-0.028549,0.704308,0.110915,-0.440149,-0.092912,-0.043267,-0.047476,-0.205188,-0.167487,-0.985834,0.008960,0.000000,0.000000,0.000000,-1,-0.181229,-1.033722,-0.192673,-0.044598,-0.188856,-0.150222,48.694382,174.913010,-554.885010,0,0
2.760000,-1.569781,1.409972,1.304702,0.952622,-0.258592,0.160132,-0.154496,0.042109,0.987096,-0.261998,-0.965068,0.000162,0.691077,-0.149436,-0.036850,0.706203,-0.131262,-0.142418,-0.203800,0.066855,0.071339,-0.121694,-0.160132,-0.987096,-0.000163,0.000000,0.000000,0.000000,-1,-0.082321,-0.876343,-0.102081,-0.217245,-0.154847,-0.255543,50.276520,174.385635,-555.052612,0,0
2.800000,-1.522542,1.421914,1.248755,0.952272,-0.266882,0.148160,-0.140707,0.046948,0.988938,-0.270886,-0.962585,0.007155,0.688870,-0.147920,-0.044539,0.708233,-0.172434,-0.231972,-0.382120,0.071332,0.190476,0.002303,-0.148160,-0.988937,-0.007155,0.000000,0.000000,0.000000,-1,-0.141724,-0.738144,0.019424,-0.101740,-0.217656,-0.402152,49.573349,174.385635,-553.711914,0,0
2.840000,-1.526848,1.432882,1.245493,0.951692,-0.274626,0.137345,-0.130268,0.043937,0.990505,-0.278053,-0.960547,0.006040,0.689513,-0.146804,-0.051017,0.707402,0.124540,-0.305673,-0.328750,-0.039184,0.280284,0.019407,-0.137345,-0.990505,-0.006040,0.000000,0.000000,0.000000,-1,-0.191650,-0.669708,-0.039368,0.134385,-0.366295,-0.321396,50.452301,174.913010,-554.885010,0,0
2.880000,-1.572475,1.449796,1.271246,0.947986,-0.294537,0.120705,-0.115330,0.035619,0.992688,-0.296683,-0.954976,-0.000203,0.691478,-0.148185,-0.063624,0.704167,-0.055718,-0.372787,-0.373975,-0.033500,0.312574,-0.083684,-0.120705,-0.992688,0.000203,0.000000,0.000000,0.000000,-1,-0.127213,-0.713318,-0.103928,-0.147753,-0.308563,-0.383344,50.452301,175.264603,-553.544312,0,0
2.920000,-1.533194,1.460493,1.223520,0.946722,-0.302682,0.110002,-0.103509,0.037464,0.993923,-0.304963,-0.952355,0.004138,0.690130,-0.147143,-0.070625,0.705040,-0.259546,-0.200850,-0.340014,-0.004759,0.265560,-0.104687,-0.110002,-0.993923,-0.004138,0.000000,0.000000,0.000000,-1,-0.118576,-0.795990,-0.074387,-0.333412,-0.132187,-0.327169,50.276520,172.979294,-554.382263,0,0
2.960000,-1.399539,1.470648,1.087536,0.947349,-0.304671,0.098518,-0.088531,0.046458,0.994989,-0.307721,-0.951324,0.017039,0.686267,-0.143239,-0.076210,0.709021,-0.323361,0.111272,-0.262920,-0.025093,0.175745,-0.037206,-0.098518,-0.994989,-0.017039,0.000000,0.000000,0.000000,-1,-0.160980,-0.890503,-0.008011,-0.251034,0.284784,-0.248406,50.628098,175.440384,-554.047119,0,0
3.000000,-1.263949,1.478553,0.963177,0.951781,-0.293944,0.087810,-0.075625,0.052588,0.995749,-0.297312,-0.954375,0.027823,0.683990,-0.135079,-0.076574,0.712775,-0.095112,0.149340,-0.150844,-0.116139,0.052923,0.030997,-0.087810,-0.995749,-0.027823,0.000000,0.000000,0.000000,-1,-0.237534,-1.010468,0.011475,-0.079061,0.032533,-0.148654,51.858643,175.264603,-552.538818,0,0
3.040000,-1.276061,1.477602,0.972757,0.950923,-0.296337,0.089046,-0.076908,0.052394,0.995661,-0.299717,-0.953645,0.027032,0.684013,-0.136417,-0.076998,0.712452,0.026262,-0.228561,-0.124775,-0.163609,-0.056585,0.034921,-0.089046,-0.995661,-0.027032,0.000000,0.000000,0.000000,-1,-0.246231,-1.123077,0.013168,0.044692,-0.250170,-0.135770,51.858643,175.264603,-554.549866,0,0
3.080000,-1.315811,1.483519,1.007716,0.949798,-0.301278,0.084348,-0.073709,0.046529,0.996194,-0.304056,-0.952401,0.021986,0.685799,-0.136697,-0.080092,0.710337,0.176414,0.101827,-0.108026,-0.133578,-0.135139,0.028593,-0.084348,-0.996194,-0.021986,0.000000,0.000000,0.000000,-1,-0.152115,-1.119339,-0.028946,0.168670,0.222579,-0.094825,51.155472,174.209839,-553.544312,0,1
3.120000,-1.417578,1.488450,1.124457,0.954326,-0.287496,0.081290,-0.074195,0.035506,0.996611,-0.289408,-0.957123,0.012553,0.690338,-0.130984,-0.075368,0.707528,0.286061,0.362254,-0.005451,-0.067239,-0.148576,-0.026295,-0.081290,-0.996611,-0.012553,0.000000,0.000000,0.000000,-1,-0.208435,-1.363770,-0.133408,0.299792,0.514041,0.042623,52.386017,174.034058,-553.376709,0,0
3.160000,-1.523071,1.483462,1.259857,0.961934,-0.259021,0.087124,-0.083041,0.026686,0.996189,-0.260359,-0.965503,0.004161,0.694818,-0.123076,-0.062331,0.705830,0.188373,0.948220,0.247722,-0.096882,-0.305294,-0.095906,-0.087124,-0.996189,-0.004161,0.000000,0.000000,0.000000,-1,-0.105072,-1.280731,-0.044525,0.127889,0.923401,0.209677,51.682846,174.737213,-552.706360,0,0
3.200000,-1.549495,1.477861,1.311607,0.967668,-0.234545,0.092781,-0.089702,0.023785,0.995685,-0.235739,-0.971814,0.001977,0.696761,-0.116341,-0.051294,0.705944,0.138394,0.702596,0.143564,0.027931,-0.271436,-0.087531,-0.092781,-0.995685,-0.001977,0.000000,0.000000,0.000000,-1,0.003510,-1.154526,-0.182602,0.081887,0.584571,0.105837,50.452301,174.913010,-554.549866,0,0
3.240000,-1.541335,1.471649,1.326139,0.972172,-0.212349,0.098942,-0.096037,0.023976,0.995089,-0.213679,-0.976900,0.002916,0.697366,-0.110554,-0.041132,0.706941,-0.012681,0.387029,0.148049,0.239139,-0.008497,-0.242796,-0.098942,-0.995089,-0.002916,0.000000,0.000000,0.000000,-1,0.219833,-0.940369,-0.281082,0.010253,0.469330,0.127065,51.331268,175.440384,-553.376709,0,0
3.280000,-1.548421,1.467897,1.349545,0.975130,-0.196407,0.102692,-0.100214,0.022541,0.994711,-0.197683,-0.980263,0.002298,0.698264,-0.106200,-0.034010,0.707101,0.148884,0.671642,0.118031,0.347947,0.061376,-0.289114,-0.102692,-0.994711,-0.002298,0.000000,0.000000,0.000000,-1,0.307587,-1.032928,-0.279144,0.179484,0.801857,0.124507,50.628098,175.088806,-555.052612,0,0
3.320000,-1.589792,1.456753,1.433408,0.981363,-0.154857,0.113776,-0.112724,0.015585,0.993504,-0.155625,-0.987814,-0.002161,0.701416,-0.095372,-0.014916,0.706185,0.090758,0.648129,0.323111,0.374656,-0.088237,-0.204707,-0.113776,-0.993504,0.002162,0.000000,0.000000,0.000000,-1,0.122559,-1.070129,-0.130661,-0.044092,0.170946,0.044445,51.331268,177.549896,-553.041565,0,0
3.360000,-1.578665,1.456129,1.427723,0.982130,-0.149434,0.114413,-0.113248,0.016314,0.993433,-0.150319,-0.988637,-0.000900,0.701198,-0.093654,-0.012802,0.706672,-0.049543,-0.212923,-0.245717,0.094790,-0.014731,-0.083908,-0.114413,-0.993433,0.000900,0.000000,0.000000,0.000000,-1,-0.112274,-0.971130,-0.044632,-0.050997,-0.422195,-0.299508,50.276520,176.846725,-554.047119,0,0
3.400000,-1.595716,1.464323,1.429561,0.980623,-0.164594,0.106239,-0.105214,0.014960,0.994337,-0.165252,-0.986248,-0.002648,0.701483,-0.096157,-0.021031,0.705857,0.054709,-0.596357,-0.245088,-0.027885,0.044935,-0.020379,-0.106239,-0.994337,0.002648,0.000000,0.000000,0.000000,-1,-0.187027,-0.884201,0.046844,0.074654,-0.497588,-0.203256,51.682846,176.495132,-554.717407,0,0
3.440000,-1.648247,1.465949,1.470749,0.978841,-0.176021,0.104342,-0.104132,0.010453,0.994509,-0.176145,-0.984331,-0.008098,0.702938,-0.099636,-0.025537,0.703775,0.032109,0.064961,0.140385,-0.104338,0.205324,0.030339,-0.104342,-0.994509,0.008098,0.000000,0.000000,0.000000,-1,-0.193939,-0.693024,0.007156,-0.083006,0.207297,0.194821,50.979675,175.791977,-552.371216,0,0
3.480000,-1.609543,1.458455,1.439594,0.979349,-0.168308,0.112021,-0.111142,0.014666,0.993696,-0.168890,-0.985625,-0.004343,0.701610,-0.099574,-0.020264,0.705279,-0.160013,0.235826,0.173194,-0.033609,0.356749,-0.046213,-0.112021,-0.993696,0.004343,0.000000,0.000000,0.000000,-1,-0.086685,-0.584595,-0.073669,-0.233247,0.236242,0.114913,50.803894,175.616180,-553.209167,0,0
3.520000,-1.504239,1.456046,1.341359,0.980374,-0.160668,0.114245,-0.111498,0.026040,0.993423,-0.162586,-0.986665,0.007615,0.697624,-0.097533,-0.017324,0.709583,-0.372769,0.121630,-0.038857,0.118243,0.426773,-0.044951,-0.114245,-0.993423,-0.007615,0.000000,0.000000,0.000000,-1,0.030853,-0.642960,-0.013306,-0.450360,0.068267,-0.071336,50.803894,176.319351,-553.879517,0,0
3.560000,-1.341671,1.455852,1.178346,0.980754,-0.160142,0.111694,-0.105972,0.043864,0.993401,-0.163985,-0.986119,0.026049,0.691166,-0.096256,-0.018914,0.716008,-0.480842,-0.019612,-0.081168,0.122284,0.254357,0.073550,-0.111694,-0.993401,-0.026049,0.000000,0.000000,0.000000,-1,-0.020660,-0.791611,0.085114,-0.367444,0.021674,-0.068608,51.331268,176.846725,-555.387817,0,0
3.600000,-1.234228,1.453649,1.070539,0.980956,-0.159856,0.110322,-0.102557,0.056061,0.993146,-0.164946,-0.985547,0.038599,0.686712,-0.095532,-0.019886,0.720350,-0.151460,-0.000487,0.046175,-0.034820,0.051267,0.196970,-0.110322,-0.993146,-0.038599,0.000000,0.000000,0.000000,-1,-0.197952,-1.033600,0.148712,-0.079815,-0.062671,0.093537,51.155472,177.022522,-555.555420,0,1
3.640000,-1.260922,1.447046,1.090440,0.979044,-0.166292,0.117555,-0.109465,0.057038,0.992353,-0.171726,-0.984425,0.037640,0.686361,-0.100442,-0.019731,0.720021,0.049366,-0.306816,0.254569,-0.073317,-0.095507,0.136380,-0.117555,-0.992353,-0.037640,0.000000,0.000000,0.000000,-1,-0.137802,-1.117203,0.022415,-0.016409,-0.350374,0.251791,52.561813,177.374100,-554.885010,0,0
3.680000,-1.285538,1.435329,1.101205,0.975219,-0.179312,0.129596,-0.120435,0.061115,0.990838,-0.185590,-0.981892,0.038005,0.684854,-0.109420,-0.020440,0.720128,-0.108988,-0.281608,0.343059,0.045947,-0.139960,0.006709,-0.129596,-0.990838,-0.038005,0.000000,0.000000,0.000000,-1,-0.017242,-1.125061,-0.035339,-0.108298,0.105636,0.425507,50.979675,177.901474,-554.717407,0,0
3.720000,-1.305875,1.411541,1.131306,0.973749,-0.168488,0.153051,-0.143513,0.067474,0.987346,-0.176682,-0.983392,0.041522,0.682780,-0.114239,-0.008653,0.721586,0.069419,0.412331,0.594751,0.200674,-0.156865,0.056903,-0.153051,-0.987346,-0.041522,0.000000,0.000000,0.000000,-1,0.016434,-1.215683,0.025269,0.145114,0.307475,0.609217,49.045975,177.374100,-555.220215,0,0
3.760000,-1.344234,1.400434,1.175560,0.972789,-0.162444,0.165207,-0.156469,0.065277,0.985523,-0.170877,-0.984556,0.038084,0.683635,-0.116624,-0.002073,0.720443,0.342435,0.164897,0.644697,0.118851,-0.317287,0.082044,-0.165207,-0.985523,-0.038084,0.000000,0.000000,0.000000,-1,-0.330032,-1.533005,0.038879,0.541786,0.083597,0.689010,50.452301,177.022522,-554.549866,0,0
3.800000,-1.515957,1.369343,1.340837,0.965044,-0.169624,0.199793,-0.194826,0.045609,0.979777,-0.175306,-0.984453,0.010968,0.690737,-0.131906,0.008863,0.710919,0.218452,-0.575731,0.499289,-0.073660,-0.505621,-0.174930,-0.199793,-0.979777,-0.010967,0.000000,0.000000,0.000000,-1,-0.154999,-1.169647,-0.340240,0.136888,-0.584852,0.097010,49.045975,178.428848,-553.879517,0,0
3.840000,-1.580992,1.365524,1.385416,0.960302,-0.190462,0.203824,-0.200342,0.037571,0.979005,-0.194121,-0.980975,-0.002078,0.693688,-0.140843,0.003497,0.706363,0.387908,-0.365454,-0.123896,0.062024,0.067461,-0.387958,-0.203824,-0.979005,0.002078,0.000000,0.000000,0.000000,-1,-0.157227,-0.873291,-0.451370,0.482893,-0.366170,-0.186673,49.749130,178.428848,-553.879517,0,0
3.880000,-1.675282,1.368987,1.466464,0.958202,-0.205202,0.199349,-0.199352,0.020875,0.979706,-0.205199,-0.978497,-0.020905,0.699684,-0.144549,-0.002090,0.699673,0.571129,-0.721016,-0.085633,0.037133,0.049728,-0.507798,-0.199349,-0.979706,0.020905,0.000000,0.000000,0.000000,-1,-0.216522,-1.111176,-0.438583,0.474116,-0.937664,-0.022534,49.045975,179.483597,-552.538818,0,0
3.920000,-1.760147,1.366677,1.512888,0.949232,-0.243567,0.199082,-0.202365,0.011732,0.979240,-0.240847,-0.969813,-0.038153,0.702790,-0.158629,-0.014857,0.693327,-0.197814,-0.895438,0.050953,-0.043151,-0.155587,-0.401023,-0.199082,-0.979240,0.038153,0.000000,0.000000,0.000000,-1,-0.222046,-1.054596,-0.135681,-0.488930,-0.796144,0.029147,50.979675,177.901474,-553.376709,0,0
3.960000,-1.661968,1.371844,1.384274,0.942387,-0.270495,0.196822,-0.194215,0.036651,0.980274,-0.272373,-0.962023,-0.017994,0.693493,-0.167525,-0.027236,0.700186,-0.838133,-0.506417,-0.157538,0.031203,-0.028729,-0.084614,-0.196822,-0.980274,0.017994,0.000000,0.000000,0.000000,-1,-0.030899,-0.907318,0.176468,-0.476283,0.489771,-0.306020,51.331268,179.307816,-554.382263,0,0
4.000000,-1.574957,1.386053,1.323601,0.952077,-0.244553,0.183692,-0.178110,0.044947,0.982983,-0.248648,-0.968594,-0.000764,0.690633,-0.152999,-0.023513,0.706445,0.237586,0.736986,-0.258963,0.127616,0.202008,0.046874,-0.183692,-0.982983,0.000764,0.000000,0.000000,0.000000,-1,-0.071014,-0.622665,-0.009247,0.226089,0.354243,-0.287522,51.507065,180.186768,-553.544312,0,0
4.040000,-1.620342,1.399396,1.365312,0.953329,-0.249288,0.170353,-0.166974,0.034802,0.985347,-0.251563,-0.967804,-0.008447,0.694077,-0.149933,-0.029251,0.703506,0.080563,-0.691341,-0.436692,0.100544,0.453303,-0.061304,-0.170353,-0.985347,0.008447,0.000000,0.000000,0.000000,-1,-0.065704,-0.490494,-0.096405,-0.025793,-1.027296,-0.561635,51.507065,178.780441,-555.555420,0,0
4.080000,-1.666101,1.420926,1.371155,0.945881,-0.288475,0.148632,-0.146344,0.029611,0.988791,-0.289643,-0.957029,-0.014208,0.694708,-0.156476,-0.050745,0.700229,-0.091136,-1.047445,-0.558693,0.073101,0.482840,-0.147952,-0.148632,-0.988790,0.014208,0.000000,0.000000,0.000000,-1,-0.115463,-0.554779,-0.135345,-0.136127,-0.925256,-0.524941,51.507065,179.132019,-555.220215,0,0
4.120000,-1.680677,1.437390,1.357353,0.939553,-0.315849,0.132209,-0.129993,0.028175,0.991115,-0.316768,-0.948391,-0.014586,0.693895,-0.160630,-0.066494,0.698774,-0.064805,-0.353848,-0.232312,-0.027657,0.364222,-0.125350,-0.132209,-0.991115,0.014586,0.000000,0.000000,0.000000,-1,-0.181534,-0.701508,-0.085052,-0.103990,-0.117810,-0.142570,52.737595,179.307816,-554.382263,0,0
4.160000,-1.653959,1.440412,1.332038,0.940411,-0.314389,0.129565,-0.126327,0.030748,0.991512,-0.315704,-0.948796,-0.010800,0.692904,-0.159010,-0.067159,0.700064,-0.188870,0.355551,-0.032664,-0.054196,0.249584,-0.077435,-0.129565,-0.991512,0.010800,0.000000,0.000000,0.000000,-1,-0.174637,-0.880249,0.005554,-0.328687,0.857453,-0.058192,52.561813,179.132019,-554.885010,0,0
4.200000,-1.477469,1.442766,1.209030,0.956565,-0.262342,0.127125,-0.119416,0.045190,0.991815,-0.265940,-0.963916,0.011899,0.689107,-0.138497,-0.050361,0.709516,-0.154168,0.900138,-0.013668,-0.098980,-0.151602,0.049420,-0.127125,-0.991815,-0.011899,0.000000,0.000000,0.000000,-1,-0.264526,-1.228241,0.029297,-0.100393,0.624681,-0.027131,52.561813,180.186768,-555.890564,0,0
4.240000,-1.461233,1.444436,1.203468,0.959566,-0.252074,0.125268,-0.117617,0.045258,0.992027,-0.255734,-0.966649,0.013780,0.689298,-0.134082,-0.047318,0.710388,0.084356,-0.050044,-0.134468,-0.187506,-0.280647,0.037736,-0.125268,-0.992027,-0.013780,0.000000,0.000000,0.000000,-1,-0.283051,-1.208389,0.078918,0.121342,-0.175868,-0.231457,52.386017,180.362564,-556.058167,0,0
