0.000000,0.932098,-1.054094,0.711384,0.907311,-0.139536,-0.396631,-0.322534,0.374196,-0.869453,0.269738,0.916792,0.294508,-0.556464,0.207592,0.057009,0.802498,0.093281,0.290485,0.009201,0.070013,0.053185,-0.014986,0.396631,0.869453,-0.294508,0.000000,0.000000,0.000000,-1,0.462189,0.915558,-0.300644,0.034862,0.264747,-0.004459,60.999817,222.025269,-537.455811,0,0
0.040000,0.940588,-1.051760,0.709303,0.904072,-0.148489,-0.400756,-0.323076,0.376406,-0.868298,0.279779,0.914478,0.292325,-0.555730,0.212138,0.054422,0.801998,0.045064,0.203573,0.000382,0.055680,0.040440,0.003430,0.400756,0.868298,-0.292325,0.000000,0.000000,0.000000,-1,0.436356,0.886703,-0.301239,0.011206,0.193721,-0.011466,61.351410,220.970505,-537.120667,0,0
0.080000,0.948735,-1.050144,0.710151,0.901469,-0.154674,-0.404264,-0.324309,0.377196,-0.867495,0.286665,0.913126,0.289868,-0.555519,0.215557,0.052923,0.801332,-0.000883,0.151766,0.007420,0.021563,0.008894,-0.005680,0.404264,0.867495,-0.289868,0.000000,0.000000,0.000000,-1,0.422409,0.875290,-0.293304,-0.044258,0.148340,0.005114,60.296661,221.322098,-537.120667,0,0
0.120000,0.957062,-1.050128,0.713830,0.899638,-0.158958,-0.406675,-0.325704,0.376010,-0.867487,0.290808,0.912880,0.286499,-0.556131,0.217872,0.052086,0.800335,-0.070142,0.108633,0.037951,0.010531,0.019369,-0.010071,0.406675,0.867487,-0.286499,0.000000,0.000000,0.000000,-1,0.422897,0.891174,-0.303680,-0.104092,0.061703,0.027209,60.472443,222.904221,-535.277222,0,0
0.160000,0.965051,-1.050141,0.720857,0.898435,-0.159941,-0.408942,-0.328331,0.373704,-0.867493,0.291571,0.913654,0.283235,-0.557112,0.219108,0.052669,0.799277,-0.078958,0.002727,0.039510,0.024804,0.021789,-0.018431,0.408942,0.867493,-0.283235,0.000000,0.000000,0.000000,-1,0.438156,0.884125,-0.292892,-0.110692,-0.010298,0.029661,61.175613,221.146301,-536.953064,0,0
0.200000,0.971344,-1.049000,0.729853,0.897724,-0.157266,-0.411533,-0.332339,0.371472,-0.866925,0.289210,0.915028,0.281214,-0.557906,0.219394,0.054813,0.798500,-0.100440,-0.078720,0.050747,0.022809,0.011142,-0.009634,0.411533,0.866925,-0.281214,0.000000,0.000000,0.000000,-1,0.418930,0.871277,-0.284653,-0.156671,-0.096889,0.056975,63.460907,222.728424,-537.120667,0,0
0.240000,0.977572,-1.049024,0.742059,0.897834,-0.152022,-0.413259,-0.336834,0.367373,-0.866937,0.283613,0.917566,0.278634,-0.559426,0.218463,0.057937,0.797471,-0.151617,-0.137794,0.080067,0.004710,0.006872,-0.003623,0.413259,0.866937,-0.278634,0.000000,0.000000,0.000000,-1,0.413101,0.879105,-0.283554,-0.172812,-0.159306,0.064791,63.285126,222.552643,-536.953064,0,0
0.280000,0.983131,-1.051366,0.758196,0.899329,-0.143342,-0.413111,-0.341321,0.360415,-0.868102,0.273326,0.921713,0.275206,-0.562074,0.215569,0.062174,0.796076,-0.115632,-0.178279,0.054336,-0.011088,0.013291,0.007979,0.413111,0.868102,-0.275206,0.000000,0.000000,0.000000,-1,0.385986,0.884842,-0.254791,-0.120704,-0.158506,0.037751,62.406158,221.322098,-535.779968,0,0
0.320000,0.983545,-1.053256,0.764008,0.900576,-0.139057,-0.411858,-0.342274,0.357239,-0.869039,0.267978,0.923603,0.274125,-0.563296,0.213623,0.063856,0.795604,-0.055947,-0.133952,0.037677,-0.035378,0.019007,0.023896,0.411858,0.869039,-0.274125,0.000000,0.000000,0.000000,-1,0.359818,0.883179,-0.250504,-0.064136,-0.104602,0.026457,61.878784,222.201050,-536.953064,0,0
0.360000,0.982365,-1.054101,0.766861,0.901522,-0.135647,-0.410923,-0.342782,0.355733,-0.869457,0.264118,0.924691,0.274203,-0.563823,0.212136,0.065094,0.795528,-0.007786,-0.047106,0.037988,-0.056843,0.022099,0.013064,0.410923,0.869457,-0.274203,0.000000,0.000000,0.000000,-1,0.384323,0.919647,-0.274750,-0.009551,-0.006165,0.020338,61.527206,220.794724,-536.282715,0,0
0.400000,0.981711,-1.053884,0.766597,0.901597,-0.135216,-0.410901,-0.342819,0.355959,-0.869349,0.263814,0.924667,0.274577,-0.563707,0.212005,0.065232,0.795634,0.022213,0.031111,0.021440,-0.003460,0.067815,-0.007009,0.410901,0.869349,-0.274577,0.000000,0.000000,0.000000,-1,0.486893,1.033371,-0.275635,0.009701,0.049659,-0.013045,62.933533,222.552643,-535.612366,0,0
0.440000,0.978608,-1.054049,0.761565,0.901781,-0.136933,-0.409928,-0.340925,0.357575,-0.869431,0.265634,0.923791,0.275771,-0.563124,0.212146,0.064059,0.796104,0.051742,0.027961,-0.089571,0.080261,0.166733,0.012480,0.409928,0.869431,-0.275771,0.000000,0.000000,0.000000,-1,0.485504,0.998383,-0.286804,-0.002318,0.042243,-0.127979,62.054581,221.322098,-535.444763,0,0
0.480000,0.976911,-1.060006,0.758589,0.903492,-0.139812,-0.405159,-0.336290,0.354823,-0.872359,0.265726,0.924420,0.273562,-0.564603,0.210813,0.061739,0.795594,-0.161596,-0.019514,-0.187879,0.070472,0.102937,-0.056470,0.405159,0.872359,-0.273562,0.000000,0.000000,0.000000,-1,0.494858,0.984467,-0.311478,-0.291574,-0.080767,-0.263767,61.527206,221.849472,-536.617920,0,0
0.520000,0.980161,-1.074523,0.766269,0.907729,-0.140070,-0.395486,-0.330189,0.343069,-0.879363,0.258851,0.928808,0.265164,-0.569977,0.206262,0.059930,0.793089,-0.361181,-0.107122,-0.273360,0.103446,0.110353,-0.024494,0.395486,0.879363,-0.265164,0.000000,0.000000,0.000000,-1,0.483948,0.981644,-0.268951,-0.428962,-0.081920,-0.276546,60.648239,222.376846,-535.779968,0,0
0.560000,0.997571,-1.093179,0.788532,0.911541,-0.141247,-0.386190,-0.326049,0.324011,-0.888093,0.250570,0.935450,0.249296,-0.578410,0.201974,0.058617,0.788170,-0.581123,-0.001689,-0.215587,0.065730,0.075881,-0.003633,0.386190,0.888093,-0.249296,0.000000,0.000000,0.000000,-1,0.397079,0.916824,-0.227783,-0.732855,0.073362,-0.212983,60.120865,222.904221,-533.601318,0,0
0.600000,1.039501,-1.115159,0.832596,0.913612,-0.146241,-0.379377,-0.325485,0.296125,-0.897981,0.243665,0.943888,0.222944,-0.590454,0.199730,0.057461,0.779853,-0.760819,0.092483,-0.229457,0.000155,0.004668,0.007017,0.379377,0.897981,-0.222944,0.000000,0.000000,0.000000,-1,0.354568,0.876205,-0.200333,-0.791339,0.150113,-0.275671,59.945068,222.025269,-533.433716,0,0
0.640000,1.106106,-1.145567,0.896993,0.916002,-0.157917,-0.368785,-0.322373,0.257403,-0.910944,0.238780,0.953313,0.184874,-0.606985,0.197818,0.053545,0.767834,-0.781823,0.238098,-0.289500,-0.031154,-0.049723,0.002287,0.368785,0.910944,-0.184874,0.000000,0.000000,0.000000,-1,0.331268,0.891113,-0.172211,-0.788938,0.260036,-0.300604,59.241898,224.134766,-530.417114,0,0
0.680000,1.151041,-1.163050,0.937872,0.917001,-0.167274,-0.362117,-0.319732,0.234556,-0.918017,0.238497,0.957603,0.161606,-0.616612,0.197452,0.050121,0.760454,-0.716797,0.264551,-0.291168,-0.033885,-0.013079,-0.001847,0.362117,0.918017,-0.161605,0.000000,0.000000,0.000000,-1,0.326111,0.932602,-0.129532,-0.711995,0.350083,-0.297277,58.714523,222.201050,-531.255066,0,0
0.720000,1.214183,-1.184007,0.991460,0.917368,-0.182987,-0.353484,-0.315665,0.206515,-0.926125,0.242468,0.961180,0.131687,-0.628324,0.198405,0.044171,0.750928,-0.637623,0.387440,-0.286916,-0.026198,0.003105,0.010105,0.353484,0.926125,-0.131687,0.000000,0.000000,0.000000,-1,0.305573,0.917007,-0.097626,-0.630764,0.470607,-0.319665,59.066116,223.255798,-530.249512,0,0
0.760000,1.279517,-1.203440,1.042118,0.916769,-0.202940,-0.344021,-0.310117,0.181152,-0.933280,0.251720,0.962288,0.103140,-0.638842,0.200776,0.036121,0.741799,-0.554397,0.484427,-0.334800,-0.045117,-0.040702,0.017172,0.344021,0.933280,-0.103140,0.000000,0.000000,0.000000,-1,0.301285,0.880325,-0.085632,-0.538204,0.481841,-0.363038,59.066116,221.146301,-527.903320,0,0
0.800000,1.333348,-1.221765,1.081392,0.916702,-0.221749,-0.332392,-0.301843,0.160769,-0.939704,0.261817,0.961759,0.080443,-0.647204,0.202252,0.027262,0.734492,-0.357767,0.381513,-0.349788,-0.028895,-0.055091,-0.007279,0.332392,0.939704,-0.080444,0.000000,0.000000,0.000000,-1,0.317642,0.897232,-0.089844,-0.331952,0.376974,-0.359983,57.659775,222.552643,-526.562622,0,0
0.840000,1.367777,-1.237619,1.103062,0.917090,-0.237350,-0.320330,-0.291920,0.147454,-0.945008,0.271531,0.960168,0.065942,-0.652628,0.202745,0.018693,0.729809,-0.223701,0.333983,-0.332537,-0.005679,-0.066682,-0.019080,0.320330,0.945008,-0.065942,0.000000,0.000000,0.000000,-1,0.302856,0.893036,-0.064392,-0.219095,0.342368,-0.320246,56.956604,222.904221,-527.568115,0,0
0.880000,1.397449,-1.250453,1.119568,0.916544,-0.252467,-0.310173,-0.283375,0.137315,-0.949127,0.282215,0.957813,0.054313,-0.656680,0.203997,0.010644,0.725977,-0.191292,0.407919,-0.239311,-0.000710,-0.037689,0.009620,0.310173,0.949127,-0.054313,0.000000,0.000000,0.000000,-1,0.328232,0.927063,-0.043060,-0.209003,0.423846,-0.214098,56.429230,223.080017,-527.400513,0,0
0.920000,1.432103,-1.257865,1.138762,0.913604,-0.269013,-0.304893,-0.279563,0.128902,-0.951435,0.295249,0.954472,0.042560,-0.659951,0.207809,0.003653,0.721988,-0.139930,0.401564,-0.124608,0.030480,-0.036167,-0.000455,0.304893,0.951435,-0.042560,0.000000,0.000000,0.000000,-1,0.340408,0.931671,-0.049164,-0.130035,0.380495,-0.089905,54.847107,223.255798,-526.897766,0,0
0.960000,1.458882,-1.260063,1.151108,0.909550,-0.283546,-0.303844,-0.279222,0.124589,-0.952110,0.307822,0.950831,0.034147,-0.661592,0.212657,-0.001503,0.719077,-0.104687,0.368375,-0.048003,0.033467,-0.017524,-0.011751,0.303844,0.952110,-0.034147,0.000000,0.000000,0.000000,-1,0.341751,0.935562,-0.055054,-0.110795,0.354583,-0.028168,57.308197,222.552643,-526.897766,0,0
1.000000,1.480983,-1.259416,1.160294,0.905103,-0.296106,-0.305138,-0.280920,0.122264,-0.951912,0.319175,0.947297,0.027480,-0.662450,0.217762,-0.005297,0.716737,-0.060033,0.300991,-0.003294,0.024360,-0.002632,-0.039186,0.305138,0.951912,-0.027480,0.000000,0.000000,0.000000,-1,0.328430,0.966507,-0.067825,-0.050323,0.273123,-0.016613,56.605026,222.904221,-525.892212,0,0
1.040000,1.485222,-1.258790,1.155003,0.901966,-0.304821,-0.305845,-0.280813,0.123989,-0.951720,0.328025,0.944305,0.026236,-0.661767,0.221239,-0.008379,0.716274,0.042023,0.226847,0.000477,0.020022,0.014711,-0.040612,0.305845,0.951720,-0.026236,0.000000,0.000000,0.000000,-1,0.326248,0.965530,-0.058716,0.049625,0.222318,-0.010806,53.968140,223.431595,-526.395020,0,0
1.080000,1.474658,-1.256792,1.136126,0.899099,-0.311607,-0.307443,-0.280147,0.130068,-0.951104,0.336359,0.941267,0.029649,-0.659428,0.224344,-0.010963,0.717429,0.080319,0.186432,-0.012398,0.016394,0.008261,-0.027343,0.307443,0.951104,-0.029649,0.000000,0.000000,0.000000,-1,0.327286,0.950287,-0.043289,0.035574,0.166040,-0.026466,56.605026,223.255798,-526.562622,0,0
1.120000,1.468880,-1.253583,1.123152,0.896087,-0.317398,-0.310302,-0.281186,0.135013,-0.950108,0.343458,0.938632,0.031735,-0.657522,0.227591,-0.012606,0.718128,0.027996,0.103890,-0.004103,0.030915,0.005351,-0.008396,0.310302,0.950108,-0.031735,0.000000,0.000000,0.000000,-1,0.344284,0.970871,-0.039688,0.004584,0.111169,-0.004714,56.956604,222.201050,-527.232971,0,0
1.160000,1.468323,-1.250936,1.119383,0.894335,-0.319892,-0.312785,-0.282938,0.137168,-0.949279,0.346571,0.937472,0.032165,-0.656697,0.229493,-0.012862,0.718274,0.025999,0.110551,0.028986,0.027700,0.028977,-0.009156,0.312785,0.949279,-0.032165,0.000000,0.000000,0.000000,-1,0.318359,0.974854,-0.041977,0.000411,0.117771,0.021927,56.780823,223.431595,-527.065369,0,0
1.200000,1.467368,-1.250525,1.114263,0.892905,-0.323516,-0.313142,-0.282582,0.138787,-0.949150,0.350525,0.935989,0.032504,-0.656052,0.230964,-0.014245,0.718365,0.022774,0.096717,0.023698,-0.020371,0.016060,-0.007245,0.313142,0.949150,-0.032504,0.000000,0.000000,0.000000,-1,0.265427,0.957367,-0.023483,-0.000758,0.101678,-0.000375,55.726059,222.728424,-527.400513,0,0
1.240000,1.468348,-1.253423,1.110579,0.892170,-0.328120,-0.310436,-0.279603,0.138605,-0.950058,0.354761,0.934412,0.031915,-0.656058,0.231581,-0.016891,0.718103,0.022522,0.082494,-0.025429,-0.042156,0.007385,0.007211,0.310436,0.950058,-0.031915,0.000000,0.000000,0.000000,-1,0.283585,0.958572,-0.020386,0.006512,0.081099,-0.049359,55.022903,222.728424,-526.059814,0,0
1.280000,1.466769,-1.254412,1.106807,0.891764,-0.330147,-0.309450,-0.278238,0.139238,-0.950367,0.356848,0.933604,0.032308,-0.655786,0.231930,-0.018069,0.718211,0.046943,0.065482,-0.031946,0.002241,0.011425,0.027501,0.309450,0.950367,-0.032308,0.000000,0.000000,0.000000,-1,0.312729,0.967575,-0.006317,0.023557,0.073799,-0.036680,56.253433,223.958969,-527.232971,0,0
1.320000,1.467009,-1.255391,1.104007,0.891020,-0.333003,-0.308533,-0.277016,0.139598,-0.950671,0.359646,0.932535,0.032137,-0.655608,0.232616,-0.019491,0.718115,0.028845,0.067661,-0.026488,0.010071,0.020261,0.024828,0.308533,0.950671,-0.032137,0.000000,0.000000,0.000000,-1,0.322083,0.966248,-0.005753,-0.010525,0.077955,-0.046019,56.077652,223.783188,-525.724670,0,0
1.360000,1.469619,-1.256737,1.103818,0.890385,-0.335790,-0.307342,-0.275846,0.139074,-0.951087,0.362109,0.931613,0.031203,-0.655765,0.233177,-0.020879,0.717750,0.003197,0.053767,-0.041149,0.014237,0.008675,0.025587,0.307342,0.951087,-0.031203,0.000000,0.000000,0.000000,-1,0.314301,0.962448,-0.017410,-0.026576,0.056717,-0.052207,56.605026,222.904221,-527.903320,0,0
1.400000,1.473760,-1.258308,1.106712,0.890288,-0.337287,-0.305981,-0.274912,0.137606,-0.951571,0.363058,0.931290,0.029785,-0.656296,0.233202,-0.021742,0.717231,-0.019354,0.002852,-0.050364,0.007312,0.011991,0.010101,0.305981,0.951571,-0.029785,0.000000,0.000000,0.000000,-1,0.315994,0.962677,-0.026749,-0.047105,-0.023979,-0.074117,55.022903,224.134766,-526.730164,0,0
1.440000,1.476285,-1.260356,1.110708,0.891279,-0.336358,-0.304114,-0.273712,0.135640,-0.952199,0.361530,0.931915,0.028828,-0.657041,0.232128,-0.021846,0.716894,-0.027072,-0.063013,-0.072412,0.013665,0.013819,0.003209,0.304114,0.952199,-0.028828,0.000000,0.000000,0.000000,-1,0.322174,0.966049,-0.020615,-0.059005,-0.074943,-0.087683,56.253433,224.310562,-527.568115,0,0
1.480000,1.479355,-1.262270,1.117261,0.892890,-0.333632,-0.302386,-0.272956,0.133045,-0.952782,0.358109,0.933268,0.027728,-0.658050,0.230449,-0.021170,0.716530,-0.047431,-0.099028,-0.074215,0.021055,0.014961,0.007342,0.302386,0.952782,-0.027728,0.000000,0.000000,0.000000,-1,0.314377,0.969666,-0.008453,-0.070768,-0.096074,-0.082186,53.616562,223.431595,-526.059814,0,0
1.520000,1.485927,-1.264486,1.128328,0.894827,-0.330168,-0.300457,-0.272503,0.129112,-0.953453,0.353592,0.935050,0.025561,-0.659574,0.228432,-0.020140,0.715804,-0.053860,-0.113679,-0.057044,0.004765,0.015969,0.017413,0.300457,0.953453,-0.025561,0.000000,0.000000,0.000000,-1,0.274338,0.969177,-0.014282,-0.084488,-0.076769,-0.056584,54.671310,223.080017,-525.389465,0,0
1.560000,1.492461,-1.268623,1.138272,0.896919,-0.327896,-0.296684,-0.270191,0.124742,-0.954692,0.350049,0.936442,0.023288,-0.661228,0.226127,-0.020176,0.715008,-0.054713,-0.046799,-0.041362,-0.028190,0.017583,0.003040,0.296684,0.954692,-0.023288,0.000000,0.000000,0.000000,-1,0.273880,0.977524,-0.025040,-0.057588,0.012241,-0.051800,55.022903,224.134766,-526.395020,0,0
1.600000,1.495360,-1.272763,1.140983,0.897903,-0.328688,-0.292805,-0.266932,0.122360,-0.955916,0.350026,0.936479,0.022130,-0.662082,0.224904,-0.021606,0.714562,-0.005400,0.058116,-0.033682,-0.014897,0.022523,-0.003123,0.292805,0.955916,-0.022130,0.000000,0.000000,0.000000,-1,0.280731,0.987717,-0.026306,-0.016865,0.089657,-0.040688,55.198685,222.201050,-524.551514,0,0
1.640000,1.494428,-1.275826,1.136124,0.897434,-0.332552,-0.289864,-0.263677,0.122422,-0.956811,0.353675,0.935105,0.022179,-0.661973,0.225171,-0.024099,0.714499,0.038431,0.116321,-0.037487,-0.005959,0.024436,-0.010001,0.289864,0.956811,-0.022179,0.000000,0.000000,0.000000,-1,0.291260,0.972992,-0.030624,0.046104,0.148844,-0.053116,54.319733,222.376846,-528.070923,0,0
1.680000,1.490398,-1.277099,1.127745,0.896398,-0.336459,-0.288558,-0.261542,0.124105,-0.957180,0.357863,0.933485,0.023250,-0.661257,0.226085,-0.026202,0.714799,0.076882,0.156515,-0.042203,0.004349,0.015003,-0.005834,0.288558,0.957180,-0.023250,0.000000,0.000000,0.000000,-1,0.296402,0.970612,-0.036438,0.060096,0.195482,-0.049138,55.374481,223.080017,-526.395020,0,0
1.720000,1.482302,-1.278262,1.107040,0.892564,-0.347587,-0.287252,-0.257921,0.128996,-0.957516,0.369875,0.928732,0.025487,-0.659182,0.229644,-0.031335,0.715375,0.056899,0.227451,-0.044430,0.011943,0.009037,-0.017787,0.287252,0.957516,-0.025487,0.000000,0.000000,0.000000,-1,0.319458,0.955368,-0.045776,0.030362,0.228244,-0.057553,54.495514,223.607391,-525.557068,0,0
1.760000,1.480148,-1.277645,1.098494,0.890215,-0.353127,-0.287784,-0.257335,0.131464,-0.957338,0.375895,0.926293,0.026159,-0.658140,0.231889,-0.033469,0.715513,0.039785,0.194576,-0.048388,0.042202,-0.003084,-0.018839,0.287784,0.957338,-0.026159,0.000000,0.000000,0.000000,-1,0.344681,0.954193,-0.037079,-0.003922,0.161488,-0.061298,55.022903,221.673676,-526.730164,0,0
1.800000,1.481837,-1.277743,1.094438,0.888157,-0.358309,-0.287734,-0.256716,0.132463,-0.957366,0.381148,0.924158,0.025664,-0.657653,0.233796,-0.035510,0.715242,-0.005257,0.088593,-0.056116,0.058274,-0.001998,-0.008668,0.287734,0.957366,-0.025664,0.000000,0.000000,0.000000,-1,0.335388,0.961288,-0.029022,-0.050120,0.030097,-0.067905,54.495514,222.904221,-527.232971,0,0
1.840000,1.485866,-1.278285,1.098022,0.888045,-0.358921,-0.287319,-0.256727,0.131306,-0.957523,0.381402,0.924086,0.024461,-0.658080,0.233881,-0.035742,0.714810,-0.053526,-0.036323,-0.049901,0.039723,0.003567,-0.004699,0.287319,0.957523,-0.024461,0.000000,0.000000,0.000000,-1,0.299271,0.966888,-0.028839,-0.087593,-0.048162,-0.055602,54.143936,223.958969,-526.227417,0,0
1.880000,1.490427,-1.278990,1.106061,0.889368,-0.356086,-0.286754,-0.257171,0.128935,-0.957726,0.378006,0.925515,0.023096,-0.659040,0.232633,-0.034615,0.714388,-0.068573,-0.099721,-0.033539,0.008199,0.011085,-0.004477,0.286754,0.957726,-0.023096,0.000000,0.000000,0.000000,-1,0.281219,0.987244,-0.025223,-0.083460,-0.103090,-0.039449,53.089188,224.310562,-526.562622,0,0
1.920000,1.490409,-1.280407,1.110953,0.891469,-0.351894,-0.285400,-0.256582,0.127073,-0.958133,0.373427,0.927374,0.022992,-0.659811,0.230549,-0.033353,0.714411,-0.015365,-0.120801,-0.021098,-0.008438,0.037458,-0.000354,0.285400,0.958133,-0.022992,0.000000,0.000000,0.000000,-1,0.268784,1.008102,-0.013382,-0.016380,-0.108334,-0.032492,55.022903,223.080017,-527.065369,0,0
1.960000,1.484882,-1.281878,1.109979,0.893556,-0.347819,-0.283865,-0.255196,0.126696,-0.958553,0.369368,0.928962,0.024448,-0.660002,0.228414,-0.032387,0.714965,0.028317,-0.103924,-0.027907,-0.017736,0.048131,0.013996,0.283865,0.958553,-0.024448,0.000000,0.000000,0.000000,-1,0.257950,0.996399,-0.006470,0.016689,-0.079834,-0.042443,53.616562,222.025269,-526.730164,0,0
2.000000,1.475461,-1.283741,1.103059,0.895099,-0.345489,-0.281843,-0.252718,0.127654,-0.959082,0.367330,0.929700,0.026951,-0.659639,0.226718,-0.032399,0.715839,0.077404,-0.055311,-0.039141,-0.028059,0.033930,0.024647,0.281843,0.959082,-0.026951,0.000000,0.000000,0.000000,-1,0.246887,0.977417,-0.000473,0.073179,-0.047162,-0.058983,53.616562,223.080017,-528.070923,0,0
2.040000,1.465643,-1.285712,1.094417,0.896213,-0.344352,-0.279685,-0.249926,0.128966,-0.959638,0.366523,0.929941,0.029519,-0.659115,0.225407,-0.032937,0.716711,0.099699,-0.060727,-0.052099,-0.032447,0.011126,0.029153,0.279685,0.959638,-0.029519,0.000000,0.000000,0.000000,-1,0.250595,0.954224,-0.010864,0.077394,-0.055706,-0.066441,53.968140,222.728424,-527.065369,0,0
2.080000,1.445471,-1.288799,1.078004,0.898714,-0.340713,-0.276092,-0.245164,0.131648,-0.960502,0.363602,0.930905,0.034784,-0.658081,0.222570,-0.033244,0.718531,0.081341,-0.130751,-0.065558,-0.020492,-0.018393,0.004770,0.276092,0.960502,-0.034784,0.000000,0.000000,0.000000,-1,0.269867,0.941849,-0.048019,0.056904,-0.134166,-0.075576,54.671310,222.728424,-527.735718,0,0
2.120000,1.426243,-1.290531,1.064650,0.901565,-0.335046,-0.273726,-0.241929,0.134104,-0.960982,0.358681,0.932610,0.039846,-0.657194,0.219484,-0.032317,0.720332,0.082289,-0.191957,-0.040834,0.010637,-0.011107,-0.019480,0.273726,0.960982,-0.039846,0.000000,0.000000,0.000000,-1,0.301086,0.983856,-0.087601,0.077954,-0.259706,-0.020938,53.264984,222.376846,-527.735718,0,0
2.160000,1.397724,-1.289493,1.046553,0.905452,-0.324617,-0.273461,-0.240326,0.138959,-0.960694,0.349858,0.935582,0.047807,-0.655493,0.215465,-0.029137,0.723225,0.144899,-0.320602,0.023095,0.035957,0.028685,-0.042892,0.273461,0.960694,-0.047807,0.000000,0.000000,0.000000,-1,0.317902,0.983444,-0.100677,0.226774,-0.381081,0.028434,52.737595,224.662140,-527.232971,0,0
2.200000,1.325261,-1.282754,0.994527,0.912296,-0.302961,-0.275556,-0.238198,0.154793,-0.958802,0.333134,0.940348,0.069052,-0.649702,0.208234,-0.022156,0.730777,0.426506,-0.576242,0.102853,0.070147,0.035293,-0.044733,0.275556,0.958802,-0.069052,0.000000,0.000000,0.000000,-1,0.362595,0.983963,-0.110291,0.465957,-0.594112,0.132844,54.319733,223.783188,-528.070923,0,0
2.240000,1.256308,-1.272350,0.942680,0.917207,-0.283810,-0.279614,-0.237915,0.172782,-0.955795,0.319576,0.943185,0.090954,-0.642937,0.202868,-0.015539,0.738401,0.723545,-0.721980,0.269421,0.084338,0.026322,-0.010395,0.279614,0.955795,-0.090954,0.000000,0.000000,0.000000,-1,0.342957,0.965439,-0.193680,0.908365,-0.641430,0.407640,54.495514,223.255798,-529.579224,0,0
2.280000,1.150488,-1.242100,0.856114,0.920067,-0.258109,-0.294713,-0.243818,0.211562,-0.946464,0.306641,0.942667,0.131720,-0.627851,0.199859,-0.004749,0.752222,0.884218,-0.368768,0.670564,0.049082,0.011422,-0.079035,0.294713,0.946464,-0.131720,0.000000,0.000000,0.000000,-1,0.323349,0.938995,-0.290100,0.825007,-0.401121,0.850559,55.726059,224.486343,-530.417114,0,0
2.320000,1.088723,-1.197649,0.808144,0.916811,-0.234790,-0.323003,-0.263570,0.251845,-0.931185,0.299979,0.938855,0.169011,-0.611546,0.203730,0.009412,0.764472,0.858645,-0.490321,0.811840,0.020335,0.013792,-0.123393,0.323003,0.931185,-0.169011,0.000000,0.000000,0.000000,-1,0.359619,0.944717,-0.269089,0.784948,-0.553337,0.768345,58.714523,222.552643,-532.260620,0,0
2.360000,1.040332,-1.156679,0.786099,0.916264,-0.199983,-0.347084,-0.284727,0.284328,-0.915472,0.281764,0.937638,0.203579,-0.597570,0.202784,0.027327,0.775269,0.481538,-0.902282,0.810982,0.020500,0.090830,-0.057896,0.347084,0.915472,-0.203579,0.000000,0.000000,0.000000,-1,0.423813,0.885178,-0.201813,0.384062,-0.935183,0.587519,57.835571,222.376846,-534.104065,0,0
2.400000,0.992226,-1.136604,0.772589,0.921751,-0.162243,-0.352210,-0.293629,0.301250,-0.907210,0.253292,0.939641,0.230038,-0.589590,0.193301,0.041944,0.783109,0.341547,-0.823246,0.077764,0.013833,-0.007796,0.014752,0.352210,0.907210,-0.230038,0.000000,0.000000,0.000000,-1,0.376953,0.929092,-0.290375,0.275086,-0.629676,0.063081,57.835571,223.080017,-533.433716,0,0
2.440000,0.953721,-1.126982,0.756582,0.926394,-0.138407,-0.350197,-0.294749,0.312245,-0.903120,0.234346,0.939865,0.248466,-0.584312,0.185327,0.049568,0.788528,0.185563,-0.389994,0.194535,-0.012566,0.026704,-0.067269,0.350197,0.903120,-0.248466,0.000000,0.000000,0.000000,-1,0.302292,0.872742,-0.316269,0.083796,-0.296540,0.233767,58.362946,221.497879,-533.601318,0,0
2.480000,0.950359,-1.118085,0.763686,0.925944,-0.126392,-0.355884,-0.302505,0.315935,-0.899264,0.226095,0.940325,0.254304,-0.582174,0.184179,0.055734,0.789965,0.032847,-0.177206,0.180007,-0.068775,-0.088489,-0.062652,0.355884,0.899264,-0.254304,0.000000,0.000000,0.000000,-1,0.321762,0.830505,-0.311218,-0.017239,-0.153655,0.106177,58.362946,222.201050,-535.947510,0,0
2.520000,0.942788,-1.113822,0.764284,0.926652,-0.117620,-0.357047,-0.305343,0.318518,-0.897392,0.219277,0.940591,0.259240,-0.580709,0.182089,0.059311,0.791266,-0.065331,-0.189760,0.082790,-0.012290,-0.074974,-0.044333,0.357047,0.897392,-0.259240,0.000000,0.000000,0.000000,-1,0.356720,0.815170,-0.310013,-0.171791,-0.166799,0.056289,59.241898,223.080017,-533.433716,0,0
2.560000,0.947875,-1.111617,0.780567,0.926837,-0.106754,-0.359967,-0.311881,0.314909,-0.896416,0.209053,0.943099,0.258575,-0.581668,0.179929,0.064863,0.790620,-0.295121,-0.149568,0.074896,0.015658,-0.078149,-0.079987,0.359967,0.896416,-0.258575,0.000000,0.000000,0.000000,-1,0.403961,0.839417,-0.351517,-0.355926,-0.146619,0.058706,58.714523,223.255798,-533.936523,0,0
2.600000,0.962304,-1.115968,0.802009,0.927225,-0.101613,-0.360457,-0.315755,0.305435,-0.898337,0.201379,0.946776,0.251122,-0.585378,0.178247,0.067938,0.788001,-0.351672,-0.170944,0.053043,0.050523,-0.046927,-0.109611,0.360457,0.898337,-0.251122,0.000000,0.000000,0.000000,-1,0.437286,0.837753,-0.363663,-0.359119,-0.138234,0.049112,59.241898,222.728424,-533.433716,0,0
2.640000,0.978799,-1.117550,0.826844,0.926826,-0.094630,-0.363370,-0.322196,0.296537,-0.899030,0.192828,0.950321,0.244349,-0.588630,0.177032,0.072432,0.785448,-0.313887,-0.050940,0.089641,0.071429,-0.079588,-0.121465,0.363370,0.899030,-0.244349,0.000000,0.000000,0.000000,-1,0.417313,0.798553,-0.399261,-0.307433,0.006328,0.105697,58.714523,223.607391,-533.266113,0,0
2.680000,1.002612,-1.119461,0.853596,0.925309,-0.092991,-0.367637,-0.328717,0.286683,-0.899865,0.189074,0.953502,0.234703,-0.592436,0.177955,0.075351,0.782096,-0.214583,0.001406,0.139810,0.038766,-0.110360,-0.167794,0.367637,0.899865,-0.234703,0.000000,0.000000,0.000000,-1,0.391663,0.781815,-0.396225,-0.213645,0.004551,0.144393,60.824036,223.958969,-532.930969,0,0
2.720000,1.015803,-1.112644,0.869781,0.922377,-0.088970,-0.375906,-0.337994,0.285276,-0.896871,0.187031,0.954307,0.233060,-0.592461,0.180165,0.079699,0.781139,-0.226869,0.053043,0.229259,0.019373,-0.106496,-0.155306,0.375906,0.896871,-0.233060,0.000000,0.000000,0.000000,-1,0.406876,0.898331,-0.376816,-0.255703,0.101830,0.240233,59.945068,221.673676,-532.093018,0,0
2.760000,1.046487,-1.106932,0.898538,0.917504,-0.090444,-0.387307,-0.350059,0.278625,-0.894330,0.188800,0.956132,0.223979,-0.594748,0.185164,0.083442,0.777835,-0.138833,0.214907,0.324913,0.083793,0.301104,-0.139318,0.387307,0.894330,-0.223979,0.000000,0.000000,0.000000,-1,0.455795,1.056870,-0.173141,-0.137657,0.650628,0.372557,60.296661,223.431595,-531.422668,0,0
2.800000,1.104301,-1.095553,0.929471,0.905445,-0.114726,-0.408665,-0.366640,0.273736,-0.889181,0.213879,0.954938,0.205789,-0.597059,0.201557,0.081561,0.772167,-0.325610,1.304642,0.533211,-0.041661,0.097177,0.024484,0.408665,0.889181,-0.205789,0.000000,0.000000,0.000000,-1,0.271835,0.999420,-0.163956,-0.398967,1.448428,0.507954,62.230362,222.552643,-528.573669,0,0
2.840000,1.180238,-1.094123,0.955837,0.890732,-0.163053,-0.424275,-0.374768,0.264708,-0.888526,0.257186,0.950444,0.174677,-0.602359,0.223214,0.069348,0.763236,0.097003,0.357648,-0.498814,-0.212392,-0.010703,0.030924,0.424275,0.888526,-0.174677,0.000000,0.000000,0.000000,-1,0.294968,0.844650,-0.126511,0.239836,-0.097803,-1.064685,62.581955,222.904221,-528.908813,0,0
2.880000,1.143131,-1.117781,0.915417,0.901417,-0.169813,-0.398260,-0.346999,0.266748,-0.899131,0.258919,0.948688,0.181526,-0.602732,0.214362,0.057796,0.766435,0.302540,-0.112781,-1.198561,-0.058584,-0.056053,0.097801,0.398260,0.899131,-0.181526,0.000000,0.000000,0.000000,-1,0.455063,1.010620,0.037170,0.104712,0.268900,-1.042640,61.527206,223.255798,-529.914368,0,0
2.920000,1.123706,-1.155855,0.871563,0.909817,-0.200230,-0.363511,-0.308534,0.259471,-0.915140,0.277559,0.944766,0.174293,-0.607465,0.209380,0.035373,0.765438,-0.327605,0.665186,-0.351790,0.154570,0.108862,0.225547,0.363511,0.915140,-0.174293,0.000000,0.000000,0.000000,-1,0.412857,0.997940,-0.034760,-0.490400,0.604758,-0.127368,58.714523,223.255798,-531.925415,0,0
2.960000,1.174681,-1.163125,0.905395,0.904483,-0.219365,-0.365773,-0.311893,0.244772,-0.918046,0.290919,0.944439,0.152974,-0.613746,0.216400,0.030491,0.758655,-0.571122,0.774004,0.071558,0.002010,0.034041,0.074941,0.365773,0.918046,-0.152974,0.000000,0.000000,0.000000,-1,0.387878,0.918594,-0.101990,-0.492424,0.873012,0.017592,60.472443,224.310562,-528.573669,0,0
3.000000,1.249769,-1.168833,0.950509,0.894011,-0.250850,-0.371239,-0.318345,0.227408,-0.920295,0.315279,0.940936,0.123448,-0.621119,0.229101,0.022524,0.749144,-0.391256,0.828148,-0.025919,0.060112,-0.018058,0.019459,0.371239,0.920295,-0.123448,0.000000,0.000000,0.000000,-1,0.488327,0.820084,-0.080261,-0.398848,0.887206,-0.049237,59.417694,223.255798,-528.573669,0,0
3.040000,1.318587,-1.174579,0.987852,0.883172,-0.283440,-0.373722,-0.322193,0.212449,-0.922527,0.340878,0.935161,0.096307,-0.627379,0.241335,0.013088,0.740258,-0.418955,0.829145,-0.033166,0.119763,-0.118374,0.032159,0.373722,0.922527,-0.096307,0.000000,0.000000,0.000000,-1,0.479736,0.822266,-0.038376,-0.484346,0.777126,-0.042835,57.659775,224.662140,-526.897766,0,0
3.080000,1.391243,-1.179227,1.037569,0.873974,-0.308491,-0.375504,-0.328657,0.193993,-0.924311,0.357987,0.931236,0.068157,-0.634788,0.250929,0.006899,0.730774,-0.527341,0.527556,-0.005619,0.102371,-0.087123,0.030453,0.375504,0.924311,-0.068157,0.000000,0.000000,0.000000,-1,0.459641,0.861053,-0.043411,-0.560804,0.461856,-0.004839,58.187149,223.431595,-525.724670,0,0
3.120000,1.458896,-1.182227,1.093077,0.868043,-0.323655,-0.376496,-0.336450,0.174185,-0.925452,0.365107,0.930004,0.042307,-0.642563,0.256825,0.004431,0.721896,-0.530070,0.367184,-0.052926,0.031341,-0.071723,-0.013586,0.376496,0.925452,-0.042307,0.000000,0.000000,0.000000,-1,0.370224,0.882553,-0.080338,-0.540130,0.360060,-0.131392,59.593491,223.783188,-526.059814,0,0
3.160000,1.534956,-1.190376,1.156443,0.863815,-0.340776,-0.371073,-0.339890,0.149489,-0.928509,0.371884,0.928184,0.013305,-0.652116,0.260945,-0.000311,0.711795,-0.486733,0.379514,-0.206708,0.014380,-0.025997,-0.070267,0.371073,0.928509,-0.013305,0.000000,0.000000,0.000000,-1,0.404678,0.901108,-0.071075,-0.471031,0.412005,-0.239720,59.066116,223.958969,-524.216370,0,0
3.200000,1.576106,-1.196809,1.187968,0.861498,-0.352646,-0.365325,-0.338885,0.136468,-0.930878,0.378126,0.925752,-0.001940,-0.657071,0.263111,-0.004870,0.706404,-0.388845,0.414757,-0.287471,0.054734,-0.045334,-0.053820,0.365325,0.930878,0.001940,0.000000,0.000000,0.000000,-1,0.484467,0.916199,-0.000458,-0.413627,0.415842,-0.281727,58.890320,224.486343,-523.378418,0,1
3.240000,1.635364,-1.203807,1.234726,0.858081,-0.368092,-0.358059,-0.338734,0.118327,-0.933412,0.385949,0.922229,-0.023151,-0.663872,0.266176,-0.010503,0.698795,-0.463170,0.380961,-0.164223,0.142765,-0.008317,-0.010975,0.358059,0.933412,0.023151,0.000000,0.000000,0.000000,-1,0.505447,0.933685,-0.033569,-0.529181,0.424010,-0.088038,58.011368,223.958969,-523.210815,0,0
3.280000,1.719729,-1.202961,1.300172,0.849525,-0.389672,-0.355616,-0.346509,0.096132,-0.933108,0.397792,0.915923,-0.053358,-0.672077,0.273845,-0.015689,0.687804,-0.426997,0.607142,0.011431,0.168340,0.062620,-0.158110,0.355616,0.933108,0.053358,0.000000,0.000000,0.000000,-1,0.511948,0.987961,-0.131546,-0.386664,0.656695,-0.006920,58.011368,223.255798,-520.864624,0,0
3.320000,1.761274,-1.202311,1.323885,0.841948,-0.407466,-0.353688,-0.349278,0.088037,-0.932874,0.411252,0.908967,-0.068196,-0.674927,0.280306,-0.021322,0.682237,-0.147081,0.639137,-0.073954,0.158473,0.026537,-0.211568,0.353688,0.932874,0.068196,0.000000,0.000000,0.000000,-1,0.526810,0.952011,-0.063904,0.088369,0.440634,-0.111000,57.659775,222.552643,-520.529419,0,0
3.360000,1.746413,-1.203329,1.296298,0.837125,-0.417251,-0.353727,-0.345803,0.097380,-0.933240,0.423842,0.903559,-0.062767,-0.671288,0.284175,-0.026112,0.684057,0.407746,-0.144851,0.032328,0.199343,0.120150,-0.056541,0.353727,0.933240,0.062767,0.000000,0.000000,0.000000,-1,0.577988,0.996933,0.118347,0.567395,-0.559555,0.206500,57.308197,223.255798,-521.534912,0,0
3.400000,1.656354,-1.196709,1.222782,0.842696,-0.396616,-0.364086,-0.343516,0.124621,-0.930842,0.414559,0.909487,-0.031227,-0.661306,0.279799,-0.019081,0.695717,0.879879,-0.678208,0.435488,0.159626,0.027395,0.085244,0.364086,0.930842,0.031227,0.000000,0.000000,0.000000,-1,0.398209,1.014893,-0.021179,1.097529,-0.840748,0.504929,58.714523,223.255798,-524.886719,0,0
3.440000,1.471063,-1.170243,1.063602,0.849284,-0.358023,-0.387990,-0.340840,0.189398,-0.920846,0.403168,0.914302,0.038825,-0.636605,0.274449,-0.005961,0.720678,2.003968,-1.095262,0.828895,-0.032918,0.148246,-0.059335,0.387990,0.920845,-0.038825,0.000000,0.000000,0.000000,-1,0.087189,1.219559,-0.143265,2.161960,-1.493306,0.743080,60.472443,223.607391,-529.579224,0,0
3.480000,1.295535,-1.135762,0.918396,0.858493,-0.313843,-0.405576,-0.334890,0.255855,-0.906855,0.388379,0.914352,0.114547,-0.609937,0.265902,0.007049,0.746474,2.093499,-1.618096,0.644794,-0.318387,0.312703,-0.028718,0.405576,0.906856,-0.114547,0.000000,0.000000,0.000000,-1,0.126770,1.254761,-0.026627,1.877414,-1.413563,0.541511,62.581955,224.662140,-531.255066,0,0
3.520000,1.071866,-1.088286,0.730716,0.875464,-0.259915,-0.407440,-0.309678,0.345542,-0.885833,0.371029,0.901690,0.222020,-0.571818,0.249027,0.015919,0.781509,1.517361,-0.700142,-0.091382,-0.062973,0.185212,-0.019893,0.407440,0.885833,-0.222020,0.000000,0.000000,0.000000,-1,0.490921,1.043045,-0.260101,1.528729,-0.423038,-0.016661,60.824036,224.662140,-532.930969,0,0
3.560000,0.988986,-1.062921,0.649048,0.879037,-0.249418,-0.406307,-0.293947,0.387433,-0.873780,0.375353,0.887517,0.267252,-0.553252,0.245532,0.013987,0.795883,1.505375,-0.291104,0.158594,0.036519,0.128601,-0.003302,0.406307,0.873780,-0.267252,0.000000,0.000000,0.000000,-1,0.460449,0.899246,-0.204926,1.314859,-0.330548,0.359644,62.054581,222.728424,-536.450317,0,0
3.600000,0.919989,-1.019308,0.585181,0.879323,-0.230263,-0.416857,-0.289407,0.436776,-0.851745,0.378198,0.869601,0.317428,-0.530358,0.244962,0.018223,0.811407,0.997625,-0.341026,0.706033,-0.137132,0.201142,0.043014,0.416857,0.851745,-0.317428,0.000000,0.000000,0.000000,-1,0.292816,1.020966,-0.276337,0.386514,-0.320763,0.827026,63.285126,222.904221,-537.288269,0,0
3.640000,0.911845,-0.980067,0.598609,0.875841,-0.197452,-0.440358,-0.313847,0.460122,-0.830535,0.366609,0.865622,0.341024,-0.518338,0.246605,0.035570,0.818075,0.089379,-0.412924,0.358593,-0.223378,-0.256774,0.065695,0.440358,0.830535,-0.341024,0.000000,0.000000,0.000000,-1,0.106339,0.501556,-0.339890,0.072738,-0.209033,-0.039197,63.285126,222.552643,-537.958618,0,0
3.680000,0.901967,-0.983013,0.591809,0.878832,-0.195932,-0.435046,-0.309345,0.460212,-0.832172,0.363263,0.865919,0.343839,-0.518358,0.243691,0.034620,0.818975,-0.084860,-0.027917,-0.389355,-0.284228,-0.272495,-0.006915,0.435046,0.832172,-0.343839,0.000000,0.000000,0.000000,-1,0.247757,0.524216,-0.298416,-0.349568,0.062979,-0.640980,62.230362,224.310562,-538.293762,0,0
3.720000,0.899496,-1.011169,0.585701,0.885141,-0.209133,-0.415678,-0.293456,0.442387,-0.847453,0.361122,0.872099,0.330204,-0.527387,0.238245,0.025862,0.815128,-0.616292,0.137205,-0.640465,-0.143828,-0.327968,0.018375,0.415678,0.847453,-0.330204,0.000000,0.000000,0.000000,-1,0.365189,0.587891,-0.367218,-0.807076,0.141805,-0.601506,61.175613,223.958969,-536.953064,0,0
3.760000,0.927482,-1.055761,0.612898,0.891219,-0.224519,-0.394108,-0.283344,0.402911,-0.870275,0.354183,0.887273,0.295466,-0.546086,0.232501,0.018277,0.804611,-0.711968,-0.017218,-0.389859,0.137325,-0.027517,-0.242071,0.394108,0.870275,-0.295466,0.000000,0.000000,0.000000,-1,0.590530,0.983902,-0.565735,-0.653350,0.037484,-0.311475,60.999817,224.134766,-535.109619,0,0
3.800000,0.946210,-1.069695,0.630158,0.891699,-0.230237,-0.389696,-0.283082,0.388125,-0.877054,0.353182,0.892384,0.280915,-0.552870,0.232116,0.016511,0.800116,-0.278030,0.256918,-0.058675,0.235365,0.189688,-0.223159,0.389696,0.877054,-0.280915,0.000000,0.000000,0.000000,-1,0.474426,0.821167,-0.583115,0.151563,0.336227,0.168016,61.702988,224.486343,-534.104065,0,0
3.840000,0.954489,-1.059903,0.625862,0.885447,-0.238295,-0.398998,-0.286429,0.396279,-0.872308,0.365981,0.886667,0.282630,-0.549213,0.238853,0.015029,0.800680,0.418091,0.258848,0.277888,0.024525,-0.170144,-0.290628,0.398998,0.872308,-0.282630,0.000000,0.000000,0.000000,-1,0.407745,0.454590,-0.446091,0.130752,0.340114,0.358855,62.230362,222.552643,-535.612366,0,0
3.880000,0.981634,-1.039630,0.634448,0.872434,-0.247991,-0.421140,-0.300243,0.407966,-0.862217,0.385633,0.878672,0.281466,-0.543829,0.252025,0.016323,0.800292,0.278115,0.515485,0.194916,-0.210843,-0.133869,0.126666,0.421140,0.862217,-0.281466,0.000000,0.000000,0.000000,-1,0.580811,1.908722,0.160736,0.359772,0.675828,-0.443171,62.581955,223.255798,-535.612366,0,1
3.920000,0.987006,-1.051658,0.617479,0.868850,-0.271542,-0.413962,-0.287251,0.404517,-0.868247,0.403220,0.873288,0.273463,-0.545635,0.256029,0.004922,0.797940,-0.438354,0.680697,-0.393531,0.226174,1.250726,0.357524,0.413963,0.868247,-0.273463,0.000000,0.000000,0.000000,-1,0.342880,1.059647,-0.337189,-0.191275,0.587688,-0.134950,62.757751,223.783188,-534.774414,0,0
3.960000,1.007821,-1.054632,0.619906,0.861693,-0.288584,-0.417379,-0.286731,0.401714,-0.869719,0.418654,0.869106,0.263408,-0.546939,0.262970,-0.000583,0.794798,0.019271,0.320579,-0.040978,-0.187108,-0.069319,-0.005573,0.417379,0.869719,-0.263408,0.000000,0.000000,0.000000,-1,0.245834,0.887848,-0.084320,0.397301,0.359707,-0.380488,62.406158,224.837936,-535.444763,0,0
4.000000,1.003787,-1.073186,0.583290,0.856544,-0.322833,-0.402631,-0.262899,0.398404,-0.878726,0.444091,0.858518,0.256378,-0.548125,0.267153,-0.018910,0.792358,-0.423849,0.927423,-0.857984,0.056079,-0.054232,0.419876,0.402631,0.878726,-0.256378,0.000000,0.000000,0.000000,-1,0.498291,0.902359,0.080200,-0.553487,0.865863,-0.985442,60.999817,225.189514,-535.444763,0,0
4.040000,1.039804,-1.119268,0.592644,0.853409,-0.360725,-0.376259,-0.243721,0.361930,-0.899781,0.460753,0.859584,0.220958,-0.563587,0.268124,-0.037480,0.780432,-0.961611,0.467768,-0.750885,0.193672,0.185790,0.031139,0.376259,0.899781,-0.220958,0.000000,0.000000,0.000000,-1,0.623596,1.036575,-0.137482,-1.127100,0.474288,-0.389337,59.593491,225.892685,-532.763367,0,0
4.080000,1.101455,-1.146103,0.645897,0.850327,-0.376695,-0.367486,-0.248014,0.329040,-0.911165,0.464149,0.865929,0.186366,-0.577694,0.270346,-0.041831,0.769047,-1.138137,0.453715,-0.212542,0.252646,0.046553,0.103099,0.367486,0.911165,-0.186366,0.000000,0.000000,0.000000,-1,0.500427,0.796173,-0.076965,-1.129251,0.492812,0.010106,60.296661,226.595856,-531.087463,0,0
4.120000,1.245683,-1.169169,0.777238,0.839389,-0.397746,-0.370438,-0.274155,0.278666,-0.920426,0.469325,0.874153,0.124865,-0.599136,0.280362,-0.041262,0.748819,-1.209341,0.390337,-0.080717,-0.065842,-0.274064,0.032321,0.370438,0.920426,-0.124865,0.000000,0.000000,0.000000,-1,0.361176,0.709824,-0.062271,-1.226349,0.223159,-0.173496,58.011368,226.068481,-530.249512,0,0
4.160000,1.326981,-1.184627,0.860913,0.839142,-0.402801,-0.365503,-0.285660,0.245475,-0.926359,0.462860,0.881756,0.090924,-0.612932,0.280806,-0.039710,0.737486,-1.115019,0.030757,-0.249487,0.016211,-0.182676,0.035397,0.365503,0.926359,-0.090924,0.000000,0.000000,0.000000,-1,0.342453,0.773499,-0.060684,-0.967382,0.065031,-0.316600,58.362946,226.771652,-526.227417,0,0
4.200000,1.415396,-1.204042,0.953304,0.841552,-0.407781,-0.354267,-0.292368,0.207620,-0.933496,0.454214,0.889162,0.055501,-0.628178,0.278643,-0.039777,0.725374,-0.797686,0.126143,-0.351381,-0.044422,-0.182336,-0.009593,0.354267,0.933496,-0.055501,0.000000,0.000000,0.000000,-1,0.273972,0.739227,-0.053940,-0.728566,0.304928,-0.484476,57.308197,225.013733,-526.227417,0,0
4.240000,1.521010,-1.230697,1.051378,0.842073,-0.424162,-0.333167,-0.289584,0.165581,-0.942722,0.455033,0.890320,0.016601,-0.644184,0.276996,-0.047295,0.711382,-0.753785,0.288333,-0.450339,0.091699,-0.153384,0.029525,0.333167,0.942722,-0.016601,0.000000,0.000000,0.000000,-1,0.520523,0.871368,-0.028534,-0.782733,0.316957,-0.444684,58.011368,225.716888,-525.221924,0,0
4.280000,1.593796,-1.243396,1.119400,0.841784,-0.433636,-0.321497,-0.289372,0.140281,-0.946882,0.455702,0.890102,-0.007396,-0.653624,0.276538,-0.051331,0.702615,-0.711156,0.242391,-0.378055,0.235448,-0.022306,-0.085063,0.321497,0.946882,0.007396,0.000000,0.000000,0.000000,-1,0.611542,1.065613,-0.154968,-0.563808,0.055654,-0.291996,56.077652,224.837936,-523.378418,0,1
