0.000000,-0.955899,-1.404856,-0.817051,0.982195,0.130724,0.134925,0.120438,0.113045,-0.986263,-0.144181,0.984953,0.095288,-0.665932,-0.094290,0.003475,0.740022,-0.000238,0.010078,-0.005229,0.004477,0.016453,-0.000110,-0.134925,0.986263,-0.095288,0.000000,0.000000,0.000000,-1,-0.135330,0.998871,-0.099777,-0.004309,-0.091173,0.003650,131.054092,276.598145,-773.555054,0,0
0.040000,-0.955678,-1.404894,-0.817039,0.982229,0.130521,0.134873,0.120409,0.113021,-0.986270,-0.143972,0.984983,0.095296,-0.665941,-0.094201,0.003416,0.740025,-0.005549,0.002659,-0.003006,-0.002151,0.010587,-0.005412,-0.134873,0.986270,-0.095296,0.000000,0.000000,0.000000,-1,-0.136902,0.996719,-0.098404,-0.006444,-0.086937,0.000463,132.105331,276.947357,-773.889038,0,0
0.080000,-0.956270,-1.404869,-0.818174,0.982289,0.129987,0.134949,0.120555,0.112901,-0.986266,-0.143438,0.985067,0.095231,-0.665987,-0.094049,0.003186,0.740004,-0.005529,0.010085,0.000152,-0.001647,0.012132,-0.002380,-0.134949,0.986266,-0.095231,0.000000,0.000000,0.000000,-1,-0.142715,0.999023,-0.098892,-0.010680,-0.096469,0.006935,131.579712,278.518951,-773.054016,0,0
0.120000,-0.958645,-1.404812,-0.820391,0.982231,0.130143,0.135221,0.120847,0.112672,-0.986256,-0.143590,0.985073,0.094942,-0.666074,-0.094205,0.003141,0.739906,-0.010887,-0.006785,0.004559,-0.010729,0.010158,-0.004408,-0.135221,0.986256,-0.094942,0.000000,0.000000,0.000000,-1,-0.141541,0.998672,-0.097000,-0.010682,-0.093290,0.005857,133.331772,277.471222,-773.054016,0,0
0.160000,-0.960686,-1.404732,-0.822532,0.982209,0.130044,0.135479,0.121145,0.112466,-0.986243,-0.143492,0.985109,0.094711,-0.666152,-0.094269,0.003007,0.739829,-0.005581,0.003808,-0.000871,-0.003284,0.010980,-0.001618,-0.135479,0.986243,-0.094711,0.000000,0.000000,0.000000,-1,-0.139481,0.995026,-0.097458,-0.007503,-0.097534,0.003714,132.806152,276.947357,-773.889038,0,0
0.200000,-0.963029,-1.404769,-0.824499,0.982132,0.130424,0.135671,0.121339,0.112203,-0.986249,-0.143853,0.985089,0.094373,-0.666250,-0.094470,0.003070,0.739714,-0.014091,-0.020572,0.002520,-0.005641,0.013308,-0.004016,-0.135671,0.986249,-0.094373,0.000000,0.000000,0.000000,-1,-0.142029,0.998154,-0.099487,-0.013885,-0.116613,0.007062,131.930130,276.772766,-773.388000,0,0
0.240000,-0.964993,-1.404671,-0.826022,0.982038,0.130853,0.135935,0.121581,0.112083,-0.986233,-0.144288,0.985045,0.094161,-0.666295,-0.094716,0.003134,0.739642,-0.006648,-0.007855,-0.000816,-0.007818,0.009418,-0.003266,-0.135935,0.986233,-0.094161,0.000000,0.000000,0.000000,-1,-0.135498,0.994598,-0.097778,-0.001130,-0.099656,0.002590,134.032608,277.121979,-773.388000,0,0
0.280000,-0.965711,-1.404690,-0.826475,0.981996,0.131117,0.135987,0.121618,0.112016,-0.986236,-0.144545,0.985018,0.094053,-0.666320,-0.094825,0.003211,0.739605,-0.012037,-0.016238,0.002514,-0.000014,0.009797,-0.001025,-0.135987,0.986236,-0.094053,0.000000,0.000000,0.000000,-1,-0.139816,0.999313,-0.095901,-0.016001,-0.109190,0.008115,132.981369,277.820465,-772.385986,0,0
0.320000,-0.969134,-1.404873,-0.829264,0.981885,0.131767,0.136160,0.121797,0.111554,-0.986266,-0.145147,0.984984,0.093484,-0.666492,-0.095112,0.003371,0.739413,-0.010964,-0.017296,0.004629,-0.008326,0.009187,-0.004416,-0.136160,0.986266,-0.093484,0.000000,0.000000,0.000000,-1,-0.143372,0.999924,-0.096100,-0.008559,-0.118729,0.010204,134.383011,277.471222,-773.054016,0,0
0.360000,-0.971695,-1.405064,-0.831120,0.981777,0.132485,0.136243,0.121864,0.111201,-0.986298,-0.145820,0.984927,0.093029,-0.666623,-0.095387,0.003592,0.739257,-0.013077,-0.025771,0.010005,-0.003451,0.012039,0.003216,-0.136243,0.986298,-0.093029,0.000000,0.000000,0.000000,-1,-0.140091,0.995514,-0.092072,-0.018098,-0.122957,0.018838,133.156570,277.296600,-773.555054,0,0
0.400000,-0.975919,-1.405908,-0.834133,0.981645,0.133765,0.135945,0.121582,0.110274,-0.986437,-0.146941,0.984859,0.091986,-0.666968,-0.095712,0.004122,0.738902,-0.020518,-0.020472,0.008996,-0.004375,0.011824,0.000937,-0.135945,0.986437,-0.091986,0.000000,0.000000,0.000000,-1,-0.134659,0.998230,-0.093414,-0.022379,-0.113429,0.009268,131.579712,276.772766,-774.390015,0,0
0.440000,-0.978791,-1.406744,-0.836361,0.981605,0.134482,0.135525,0.121216,0.109450,-0.986573,-0.147509,0.984853,0.091136,-0.667274,-0.095799,0.004490,0.738612,-0.017408,-0.018290,0.009005,0.006573,0.009154,-0.000234,-0.135525,0.986574,-0.091136,0.000000,0.000000,0.000000,-1,-0.128098,0.998932,-0.091400,-0.019171,-0.114481,0.014556,133.331772,277.820465,-772.052002,0,0
0.480000,-0.979740,-1.407570,-0.836834,0.981611,0.135027,0.134934,0.120662,0.108847,-0.986708,-0.147920,0.984845,0.090553,-0.667497,-0.095764,0.004863,0.738412,-0.015276,-0.016168,0.010041,0.002809,0.010576,-0.001778,-0.134934,0.986708,-0.090553,0.000000,0.000000,0.000000,-1,-0.143707,0.998199,-0.100983,-0.015997,-0.102829,0.008086,132.806152,277.645844,-773.221008,0,0
0.520000,-0.981804,-1.407634,-0.838784,0.981576,0.135151,0.135069,0.120828,0.108569,-0.986719,-0.148020,0.984859,0.090239,-0.667602,-0.095857,0.004850,0.738306,-0.014229,0.005020,-0.000707,-0.003725,0.007926,-0.003557,-0.135069,0.986719,-0.090239,0.000000,0.000000,0.000000,-1,-0.138351,0.998169,-0.098145,-0.011758,-0.094355,0.002683,133.857391,277.296600,-772.552979,0,0
0.560000,-0.981689,-1.407471,-0.838839,0.981584,0.134970,0.135192,0.120953,0.108670,-0.986692,-0.147865,0.984873,0.090344,-0.667564,-0.095842,0.004746,0.738342,-0.004668,0.007134,-0.005077,0.001159,0.011248,-0.006168,-0.135192,0.986692,-0.090344,0.000000,0.000000,0.000000,-1,-0.137009,0.993393,-0.098587,-0.004322,-0.092238,0.000464,132.981369,278.518951,-773.722046,0,0
0.600000,-0.981736,-1.407050,-0.838621,0.981505,0.135192,0.135542,0.121238,0.108974,-0.986623,-0.148154,0.984809,0.090568,-0.667451,-0.096048,0.004724,0.738418,-0.005820,-0.021435,-0.001688,-0.008440,0.009501,-0.006371,-0.135542,0.986623,-0.090568,0.000000,0.000000,0.000000,-1,-0.143066,0.998337,-0.094635,-0.001155,-0.100726,-0.003788,131.579712,278.868164,-773.054016,0,0
0.640000,-0.983253,-1.406641,-0.840179,0.981449,0.135119,0.136014,0.121708,0.109054,-0.986557,-0.148136,0.984810,0.090586,-0.667422,-0.096201,0.004540,0.738426,0.000551,0.026256,-0.013677,0.001905,0.009659,-0.001867,-0.136014,0.986557,-0.090586,0.000000,0.000000,0.000000,-1,-0.132065,0.998199,-0.090881,-0.002208,-0.060446,-0.009276,131.930130,277.471222,-772.052002,0,0
0.680000,-0.984305,-1.406466,-0.842375,0.981572,0.133984,0.136254,0.122076,0.108902,-0.986528,-0.147018,0.984981,0.090539,-0.667482,-0.095905,0.004032,0.738412,-0.006870,0.011425,-0.005017,-0.008385,0.017119,-0.006523,-0.136254,0.986528,-0.090539,0.000000,0.000000,0.000000,-1,-0.149597,1.002167,-0.094742,0.002046,-0.091182,-0.002802,132.105331,278.344330,-772.552979,0,0
0.720000,-0.984773,-1.405645,-0.843259,0.981538,0.133503,0.136971,0.122778,0.109333,-0.986393,-0.146662,0.984999,0.090923,-0.667323,-0.096011,0.003631,0.738545,0.016490,0.029430,-0.017063,-0.006706,0.013820,0.002544,-0.136971,0.986393,-0.090923,0.000000,0.000000,0.000000,-1,-0.129395,0.995270,-0.091660,0.004133,-0.073180,-0.016735,131.229309,278.518951,-772.719971,0,0
0.760000,-0.985165,-1.405371,-0.844223,0.981581,0.132918,0.137231,0.123085,0.109393,-0.986349,-0.146116,0.985072,0.091018,-0.667302,-0.095909,0.003328,0.738578,-0.005915,-0.014000,-0.011228,0.015603,0.010081,0.000610,-0.137231,0.986348,-0.091018,0.000000,0.000000,0.000000,-1,-0.122864,0.997116,-0.086792,-0.013919,-0.103908,-0.004696,131.930130,277.820465,-773.388000,0,0
0.800000,-0.986091,-1.406073,-0.845239,0.981652,0.132896,0.136738,0.122678,0.108809,-0.986464,-0.145976,0.985139,0.090509,-0.667521,-0.095718,0.003460,0.738405,-0.006936,0.008276,-0.003862,0.008610,0.013811,0.004342,-0.136738,0.986464,-0.090509,0.000000,0.000000,0.000000,-1,-0.137527,0.996048,-0.085098,0.002064,-0.093295,0.002526,132.806152,277.296600,-773.221008,0,0
0.840000,-0.987271,-1.406141,-0.846162,0.981609,0.133160,0.136789,0.122728,0.108651,-0.986475,-0.146221,0.985121,0.090311,-0.667579,-0.095827,0.003532,0.738338,0.006840,-0.008700,-0.011381,0.001718,0.009604,0.007120,-0.136789,0.986475,-0.090311,0.000000,0.000000,0.000000,-1,-0.117889,1.001556,-0.083908,-0.001172,-0.069996,-0.014563,132.455750,275.899658,-771.885010,0,0
0.880000,-0.988575,-1.407112,-0.848580,0.981840,0.132159,0.136107,0.122272,0.107721,-0.986634,-0.145054,0.985358,0.089606,-0.667928,-0.095231,0.003349,0.738100,-0.019732,0.010384,-0.011156,0.019957,0.012802,0.004217,-0.136107,0.986634,-0.089606,0.000000,0.000000,0.000000,-1,-0.126038,1.000534,-0.083481,-0.021353,-0.098605,-0.003574,132.105331,277.296600,-772.552979,0,0
0.920000,-0.992042,-1.407846,-0.852003,0.981864,0.132280,0.135810,0.122095,0.106825,-0.986753,-0.145035,0.985439,0.088737,-0.668263,-0.095162,0.003451,0.737805,-0.008105,0.000868,-0.010111,0.004218,0.014514,0.007774,-0.135810,0.986753,-0.088737,0.000000,0.000000,0.000000,-1,-0.133881,0.992691,-0.083710,0.004152,-0.085891,-0.009232,131.404510,277.995087,-773.555054,0,0
0.960000,-0.999472,-1.407841,-0.858725,0.981675,0.133002,0.136470,0.122814,0.106005,-0.986752,-0.145707,0.985431,0.087728,-0.668570,-0.095658,0.003454,0.737463,-0.031585,-0.058521,-0.020219,0.001552,0.013523,0.002218,-0.136470,0.986752,-0.087728,0.000000,0.000000,0.000000,-1,-0.129364,0.998306,-0.085693,-0.028884,-0.121959,-0.022533,132.280548,276.772766,-771.383972,0,0
1.000000,-1.007922,-1.408020,-0.866515,0.981499,0.133697,0.137057,0.123501,0.104931,-0.986781,-0.146311,0.985451,0.086478,-0.668971,-0.096117,0.003458,0.737039,-0.015637,0.017791,-0.035624,0.009967,0.013982,-0.003961,-0.137057,0.986781,-0.086478,0.000000,0.000000,0.000000,-1,-0.122437,0.990814,-0.091400,-0.006562,-0.057307,-0.036899,132.105331,277.296600,-771.885010,0,0
1.040000,-1.007702,-1.407456,-0.867701,0.981630,0.132266,0.137508,0.124050,0.105144,-0.986690,-0.144964,0.985622,0.086805,-0.668895,-0.095798,0.002786,0.737153,0.003455,0.046390,-0.054036,0.020001,0.006749,-0.004321,-0.137509,0.986690,-0.086805,0.000000,0.000000,0.000000,-1,-0.100113,1.003860,-0.082245,-0.006637,-0.061577,-0.056026,132.981369,277.121979,-773.388000,0,0
1.080000,-1.012790,-1.408294,-0.875275,0.981980,0.129920,0.137247,0.124208,0.103672,-0.986825,-0.142437,0.986090,0.085666,-0.669448,-0.094902,0.001938,0.736770,-0.027413,0.059144,-0.056868,0.041651,0.025916,0.007770,-0.137247,0.986825,-0.085666,0.000000,0.000000,0.000000,-1,-0.106491,1.007828,-0.082687,-0.013994,-0.086980,-0.028174,131.754929,277.995087,-772.887024,0,0
1.120000,-1.015009,-1.409742,-0.877533,0.982109,0.130018,0.136223,0.123343,0.102478,-0.987059,-0.142295,0.986202,0.084608,-0.669893,-0.094553,0.002266,0.736409,-0.016749,-0.061668,-0.022375,0.024513,0.020250,0.001356,-0.136223,0.987059,-0.084608,0.000000,0.000000,0.000000,-1,-0.115204,0.998154,-0.081100,-0.023609,-0.160131,-0.025610,131.754929,276.947357,-772.218994,0,0
1.160000,-1.021736,-1.410171,-0.883059,0.981915,0.131263,0.136427,0.123580,0.101526,-0.987127,-0.143425,0.986135,0.083468,-0.670247,-0.095056,0.002610,0.736021,-0.018989,0.007181,-0.066254,0.032729,0.011423,0.000414,-0.136427,0.987127,-0.083468,0.000000,0.000000,0.000000,-1,-0.097000,1.003616,-0.087402,-0.022645,-0.079619,-0.068533,131.930130,277.471222,-771.718018,0,0
1.200000,-1.024096,-1.410126,-0.886029,0.981962,0.130670,0.136662,0.123915,0.101186,-0.987120,-0.142815,0.986249,0.083169,-0.670374,-0.094941,0.002295,0.735921,0.000089,0.009279,-0.082407,0.037907,0.017793,-0.000877,-0.136662,0.987120,-0.083169,0.000000,0.000000,0.000000,-1,-0.083832,1.006042,-0.070038,0.012381,-0.086001,-0.082718,131.404510,276.947357,-773.555054,0,0
1.240000,-1.035315,-1.410640,-0.897811,0.981955,0.130211,0.137150,0.124702,0.099403,-0.987202,-0.142178,0.986491,0.081372,-0.671040,-0.094969,0.001873,0.735311,-0.023433,0.006105,-0.110770,0.058934,0.026256,0.030224,-0.137150,0.987202,-0.081372,0.000000,0.000000,0.000000,-1,-0.065552,1.017761,-0.036789,-0.020669,-0.065900,-0.111165,131.404510,276.248901,-773.221008,0,0
1.280000,-1.048493,-1.410836,-0.912458,0.982010,0.128846,0.138043,0.125991,0.097447,-0.987234,-0.140653,0.986865,0.079461,-0.671770,-0.094838,0.000972,0.734663,-0.029762,0.054886,-0.103450,0.080914,0.028483,0.048165,-0.138043,0.987234,-0.079461,0.000000,0.000000,0.000000,-1,-0.052078,1.015671,-0.025894,-0.038628,-0.069035,-0.080105,130.878891,277.121979,-772.052002,0,0
1.320000,-1.069738,-1.412047,-0.933106,0.981819,0.129641,0.138651,0.127016,0.094114,-0.987426,-0.141060,0.987085,0.075936,-0.673010,-0.095339,0.000895,0.733462,-0.091190,-0.069022,-0.011781,0.095240,0.014009,0.075448,-0.138651,0.987426,-0.075936,0.000000,0.000000,0.000000,-1,-0.024673,1.008987,0.045822,-0.162581,-0.065682,0.036127,131.054092,277.645844,-772.552979,0,0
1.360000,-1.110820,-1.418763,-0.981881,0.983104,0.122841,0.135707,0.125936,0.084124,-0.988465,-0.132840,0.988855,0.067232,-0.676711,-0.091907,-0.001059,0.730490,-0.288131,0.416725,0.104143,0.104030,0.013610,0.126360,-0.135707,0.988465,-0.067232,0.000000,0.000000,0.000000,-1,-0.039307,0.992157,0.072296,-0.303238,0.417922,0.135485,131.404510,275.899658,-771.551025,0,0
1.400000,-1.132877,-1.426744,-1.020005,0.985644,0.107723,0.130009,0.122325,0.075131,-0.989642,-0.116375,0.991338,0.060875,-0.680007,-0.084575,-0.005012,0.728294,-0.248367,0.477345,0.201317,0.098118,-0.013248,0.182534,-0.130009,0.989642,-0.060875,0.000000,0.000000,0.000000,-1,0.071777,0.971329,0.317139,-0.603171,-0.621877,0.317933,131.404510,276.947357,-771.216980,0,0
1.440000,-1.327673,-1.447743,-1.185506,0.983110,0.138931,0.119134,0.113745,0.046131,-0.992438,-0.143376,0.989227,0.029549,-0.690549,-0.091476,0.008776,0.717424,-1.403238,-1.647848,0.568282,0.190911,-0.021110,0.346687,-0.119134,0.992438,-0.029549,0.000000,0.000000,0.000000,-1,-0.017899,1.295898,0.058533,-1.583834,-1.747230,0.722078,133.857391,279.392029,-767.208923,0,0
1.480000,-2.081450,-1.481408,-1.882563,0.976972,0.198646,0.077881,0.084966,-0.027383,-0.996008,-0.195721,0.979689,-0.043630,-0.715539,-0.099090,0.041172,0.690282,-0.861091,-0.504037,1.163463,0.013168,0.366068,-0.007970,-0.077881,0.996008,0.043630,0.000000,0.000000,0.000000,-1,-0.075272,1.218109,0.087387,-0.709854,-0.609725,1.350860,134.383011,278.868164,-766.039917,0,0
1.520000,-2.866555,-1.490078,-2.660499,0.978436,0.205384,0.021898,0.037312,-0.071478,-0.996744,-0.203150,0.976068,-0.077600,-0.729300,-0.083195,0.062132,0.676269,-1.072696,0.168337,1.299980,-0.118300,0.180136,-0.025476,-0.021898,0.996744,0.077600,0.000000,0.000000,0.000000,-1,-0.064102,1.130981,0.163239,-1.189507,0.439489,1.092928,138.763168,276.947357,-763.534851,0,0
1.560000,3.092917,-1.455141,-3.064525,0.984741,0.173568,-0.012650,0.009932,-0.128624,-0.991644,-0.173745,0.976386,-0.128386,-0.748624,-0.061279,0.062246,0.657216,-1.300580,0.774016,0.795556,0.001709,0.142954,0.121157,0.012650,0.991644,0.128386,0.000000,0.000000,0.000000,-1,-0.036972,1.119339,0.212616,-1.128902,0.976428,0.700516,140.865631,275.899658,-761.530823,0,0
1.600000,2.950286,-1.393450,3.082316,0.991120,0.128670,-0.033544,-0.010451,-0.176108,-0.984315,-0.132560,0.975925,-0.173199,-0.764923,-0.038638,0.054288,0.640666,-0.953288,1.116217,0.627435,-0.059149,0.009764,-0.143124,0.033544,0.984315,0.173199,0.000000,0.000000,0.000000,-1,0.084290,0.824814,0.077698,-0.829420,0.883030,0.630623,141.391251,276.423523,-759.359802,0,0
1.640000,2.895819,-1.360239,2.990179,0.994741,0.088908,-0.050852,-0.031526,-0.206614,-0.977915,-0.097451,0.974375,-0.202724,-0.775255,-0.018504,0.047824,0.629564,-0.584727,0.863825,0.583027,0.023473,-0.162302,-0.070400,0.050852,0.977915,0.202724,0.000000,0.000000,0.000000,-1,0.028061,0.810471,0.215347,-0.515065,0.839441,0.547576,139.989609,275.026550,-757.021790,0,0
1.680000,2.875167,-1.342869,2.938224,0.996637,0.056346,-0.059492,-0.045637,-0.221302,-0.974137,-0.068054,0.973576,-0.217987,-0.780373,-0.003431,0.040861,0.623969,-0.386202,1.100066,0.457445,-0.044706,-0.156357,0.000763,0.059492,0.974137,0.217987,0.000000,0.000000,0.000000,-1,-0.021439,0.829956,0.206589,-0.341063,1.019481,0.415072,141.391251,275.725037,-755.351746,0,0
1.720000,2.868506,-1.325406,2.877754,0.997850,0.001447,-0.065521,-0.063355,-0.234529,-0.970043,-0.016770,0.972108,-0.233933,-0.785225,0.019710,0.026200,0.618342,-0.155048,0.953558,0.322594,-0.110015,-0.149333,-0.009079,0.065521,0.970043,0.233933,0.000000,0.000000,0.000000,-1,-0.004364,0.838104,0.296265,-0.102385,0.838030,0.309016,141.916870,273.105713,-755.184753,0,0
1.760000,2.866107,-1.322062,2.856081,0.997592,-0.018059,-0.066964,-0.069336,-0.236211,-0.969225,0.001685,0.971534,-0.236895,-0.785923,0.027800,0.020765,0.617350,-0.051010,0.920641,0.288621,-0.099160,-0.150957,0.035902,0.066964,0.969225,0.236895,0.000000,0.000000,0.000000,-1,0.094803,0.901581,0.322433,0.029251,0.800857,0.264120,143.143311,272.581848,-754.015747,0,0
1.800000,2.856379,-1.319546,2.794567,0.995086,-0.070081,-0.069951,-0.084555,-0.233795,-0.968602,0.051526,0.969757,-0.238571,-0.785406,0.049222,0.005865,0.616993,0.015611,0.696862,0.238902,0.028911,-0.055913,0.100326,0.069951,0.968602,0.238571,0.000000,0.000000,0.000000,-1,0.055832,0.897308,0.350967,-0.032825,0.685164,0.178102,141.040848,273.280334,-755.351746,0,0
1.840000,2.865495,-1.316774,2.770290,0.992297,-0.103213,-0.068505,-0.091179,-0.234175,-0.967909,0.083859,0.966700,-0.241782,-0.785534,0.061866,-0.004886,0.615699,-0.019767,0.972362,0.098734,-0.033928,-0.093733,0.103479,0.068505,0.967909,0.241782,0.000000,0.000000,0.000000,-1,-0.010193,0.843140,0.316452,0.014786,0.941564,0.063666,142.617691,272.756470,-752.846741,0,0
1.880000,2.897736,-1.319387,2.763794,0.988243,-0.140597,-0.060065,-0.091765,-0.231226,-0.968563,0.122288,0.962688,-0.241409,-0.784359,0.074061,-0.019833,0.615550,0.156128,0.794067,-0.022601,-0.087027,-0.102947,0.084473,0.060065,0.968563,0.241409,0.000000,0.000000,0.000000,-1,-0.040222,0.955734,0.375320,0.206534,0.554434,-0.039881,141.216049,273.105713,-753.514709,0,0
1.920000,2.916226,-1.326644,2.765300,0.986197,-0.156517,-0.054019,-0.088831,-0.224820,-0.970343,0.139731,0.961747,-0.235621,-0.782087,0.078427,-0.027399,0.617607,0.292757,0.437740,-0.087386,-0.079333,0.021494,0.166982,0.054019,0.970343,0.235621,0.000000,0.000000,0.000000,-1,0.070648,1.138336,0.500473,0.306023,0.275506,-0.102478,142.617691,272.407227,-753.848755,0,0
1.960000,2.943935,-1.340673,2.777887,0.984404,-0.170124,-0.044792,-0.081144,-0.213177,-0.973638,0.156091,0.962088,-0.223656,-0.778016,0.080740,-0.035764,0.622007,0.194763,0.286101,-0.104769,0.044273,0.199427,0.309074,0.044792,0.973638,0.223657,0.000000,0.000000,0.000000,-1,0.112289,1.081116,0.570541,0.198772,0.278736,-0.068336,141.391251,272.232605,-754.683716,0,0
2.000000,2.960447,-1.350319,2.776232,0.981522,-0.187248,-0.039399,-0.078137,-0.204260,-0.975793,0.174667,0.960841,-0.215117,-0.774742,0.085636,-0.043649,0.624929,0.326124,0.525873,0.003328,0.053359,0.018958,0.331957,0.039399,0.975793,0.215117,0.000000,0.000000,0.000000,-1,0.039368,0.795883,0.424515,0.415006,0.413508,0.012706,140.690430,271.534149,-754.349731,0,0
2.040000,2.960081,-1.370279,2.766856,0.980066,-0.195390,-0.035955,-0.072904,-0.185354,-0.979964,0.184811,0.963051,-0.195904,-0.768330,0.087298,-0.048435,0.632220,0.981550,-0.427585,-0.220830,-0.181478,-0.137526,-0.075756,0.035955,0.979964,0.195904,0.000000,0.000000,0.000000,-1,-0.181442,1.012604,0.133926,1.146400,-1.605805,-0.441513,141.916870,271.708740,-755.184753,0,0
2.080000,2.897003,-1.420688,2.793074,0.993674,-0.106301,-0.036214,-0.051070,-0.140554,-0.988755,0.100015,0.984350,-0.145094,-0.754871,0.052119,-0.021130,0.653457,0.771335,-2.656835,0.031948,-0.206364,0.273467,-0.253126,0.036214,0.988755,0.145094,0.000000,0.000000,0.000000,-1,0.025574,1.538010,0.331177,0.724865,-2.948042,0.262735,143.143311,272.232605,-757.355774,0,0
2.120000,2.725529,-1.438128,2.699956,0.998155,-0.028780,-0.053463,-0.056539,-0.119588,-0.991212,0.022134,0.992406,-0.120995,-0.748121,0.028511,0.010469,0.662867,0.559164,-2.343987,0.091379,0.080891,0.352110,0.268867,0.053463,0.991212,0.120995,0.000000,0.000000,0.000000,-1,-0.059509,0.799408,-0.040741,0.276188,-2.290292,-0.159711,143.493729,273.629578,-759.025818,0,0
2.160000,2.732923,-1.459413,2.763746,0.998617,0.028529,-0.044171,-0.041007,-0.103312,-0.993803,-0.032916,0.994240,-0.102000,-0.742282,0.004202,0.025963,0.669572,0.753592,-0.385796,-0.629101,-0.343640,-0.431502,-0.231348,0.044171,0.993803,0.102000,0.000000,0.000000,0.000000,-1,-0.030075,0.781433,-0.437149,1.322904,-0.992122,-0.563237,143.318527,271.010284,-761.530823,0,0
2.200000,2.684229,-1.517916,2.755344,0.997240,0.070484,-0.023340,-0.019912,-0.048962,-0.998602,-0.071528,0.996311,-0.047424,-0.723468,-0.017476,0.032783,0.689357,1.661541,-1.658071,-0.652514,0.069296,-0.078863,-0.510406,0.023340,0.998602,0.047424,0.000000,0.000000,0.000000,-1,0.194748,1.334381,-0.350647,1.526991,-1.622133,-0.728583,141.741669,271.883362,-763.701904,0,0
2.240000,-1.705255,-1.566994,-1.579969,0.992155,0.124958,0.003768,0.003802,-0.000035,-0.999993,-0.124957,0.992162,-0.000510,-0.705815,-0.045607,0.042925,0.705622,0.718052,-0.812054,-0.662952,0.250152,0.384254,-0.157950,-0.003768,0.999993,0.000510,0.000000,0.000000,0.000000,-1,0.279968,1.144577,0.397812,0.817513,-0.024183,-0.580118,140.865631,272.057983,-765.538879,0,0
2.280000,-0.626106,-1.533918,-0.544790,0.996489,0.080886,0.021606,0.019108,0.031533,-0.999320,-0.081512,0.996224,0.029877,-0.695536,-0.035941,0.021533,0.717269,0.566114,2.220528,-0.410098,0.017959,0.033502,0.060303,-0.021606,0.999320,-0.029877,0.000000,0.000000,0.000000,-1,-0.138123,0.899033,-0.208511,0.620119,2.035104,-0.341517,139.463989,273.105713,-765.204895,0,0
2.320000,-0.506980,-1.504490,-0.502885,0.999477,0.003160,0.032171,0.031933,0.058054,-0.997803,-0.005021,0.998308,0.057923,-0.686203,-0.012785,-0.009891,0.727230,0.776292,1.258023,-0.300635,-0.127345,-0.122513,-0.156615,-0.032171,0.997803,-0.057923,0.000000,0.000000,0.000000,-1,-0.168808,0.891220,-0.197678,0.779725,0.614487,-0.298571,139.814407,272.057983,-767.208923,0,0
2.360000,-0.462491,-1.469777,-0.473022,0.998908,-0.012555,0.044996,0.045944,0.089774,-0.994902,0.008452,0.995883,0.090253,-0.674329,-0.012379,-0.019815,0.738061,0.836538,-0.001688,-0.420069,-0.091738,-0.095137,-0.105121,-0.044996,0.994902,-0.090253,0.000000,0.000000,0.000000,-1,-0.077682,0.947052,-0.135651,0.914818,-0.145846,-0.407255,137.711929,271.010284,-767.542908,0,0
2.400000,-0.456156,-1.428265,-0.462555,0.997986,-0.010397,0.062573,0.063388,0.127122,-0.989860,0.002337,0.991833,0.127525,-0.660178,-0.020067,-0.024580,0.750439,0.862931,-0.109871,-0.447528,0.045712,-0.055396,0.005104,-0.062573,0.989860,-0.127525,0.000000,0.000000,0.000000,-1,-0.017410,0.906723,-0.176437,0.595720,-0.333508,-0.407146,138.237549,271.883362,-768.711914,0,0
2.440000,-0.492437,-1.398881,-0.485439,0.996724,0.000834,0.080877,0.079820,0.151306,-0.985259,-0.013059,0.988487,0.150743,-0.650898,-0.030978,-0.026048,0.758085,0.549040,-0.733190,-0.387006,0.051352,-0.047469,-0.031096,-0.080877,0.985259,-0.150743,0.000000,0.000000,0.000000,-1,-0.044327,0.960541,-0.118896,0.618675,-1.063943,-0.373255,138.412750,272.057983,-769.212952,0,0
2.480000,-0.526238,-1.366352,-0.480801,0.994130,0.036147,0.101975,0.093896,0.180005,-0.979174,-0.053750,0.983001,0.175554,-0.640033,-0.050795,-0.018837,0.766435,0.848853,-0.799960,-0.374053,0.052308,-0.023699,0.094011,-0.101975,0.979174,-0.175554,0.000000,0.000000,0.000000,-1,-0.072845,1.018555,-0.042130,0.918772,-0.674848,-0.378319,136.485489,271.883362,-770.715942,0,1
2.520000,-0.514936,-1.325384,-0.455281,0.991733,0.046367,0.119651,0.106831,0.218208,-0.970037,-0.071087,0.974800,0.211451,-0.624915,-0.061288,-0.019428,0.778041,0.990827,-0.002697,-0.385599,0.054587,0.103098,0.199076,-0.119651,0.970037,-0.211451,0.000000,0.000000,0.000000,-1,-0.006424,1.075623,-0.040146,0.921734,0.159616,-0.326804,136.135071,271.883362,-774.390015,0,0
2.560000,-0.484566,-1.287620,-0.432115,0.990855,0.035580,0.130154,0.117013,0.253724,-0.960173,-0.067186,0.966622,0.247241,-0.610305,-0.062507,-0.025794,0.789275,0.804313,0.149105,-0.255518,0.131879,0.147127,0.193972,-0.130154,0.960173,-0.247241,0.000000,0.000000,0.000000,-1,0.024475,1.235367,-0.088120,0.738056,-0.121156,-0.202248,136.310287,268.914856,-774.223022,0,0
2.600000,-0.482509,-1.263310,-0.417595,0.989068,0.044975,0.140437,0.122749,0.276655,-0.953097,-0.081718,0.959916,0.268110,-0.600896,-0.069781,-0.024430,0.795901,0.329835,-0.599303,-0.182024,0.197596,0.281949,0.183530,-0.140437,0.953097,-0.268110,0.000000,0.000000,0.000000,-1,0.125748,1.147568,-0.037979,0.121112,-0.659708,-0.171744,137.887131,269.787964,-774.390015,0,0
2.640000,-0.510990,-1.261101,-0.433641,0.987234,0.056160,0.149044,0.128057,0.276560,-0.952427,-0.094708,0.959354,0.265837,-0.601007,-0.076628,-0.022602,0.795241,-0.217415,-0.233537,-0.180834,0.299862,0.153302,0.250563,-0.149044,0.952427,-0.265837,0.000000,0.000000,0.000000,-1,0.094162,1.120560,-0.027130,-0.261157,-0.178336,-0.144173,135.434250,270.486420,-773.722046,0,0
2.680000,-0.531470,-1.265157,-0.450280,0.986484,0.059954,0.152498,0.130958,0.270911,-0.953655,-0.098489,0.960736,0.259398,-0.603360,-0.079104,-0.022378,0.793220,0.033368,-0.201363,0.061975,0.156054,0.271474,0.208983,-0.152498,0.953655,-0.259398,0.000000,0.000000,0.000000,-1,0.093536,1.238861,0.027771,0.021337,-0.309457,0.083068,135.784668,270.137177,-774.723999,0,0
2.720000,-0.531024,-1.270527,-0.443276,0.986434,0.067167,0.149787,0.126859,0.267191,-0.955257,-0.104183,0.961300,0.255046,-0.605020,-0.080173,-0.018844,0.791939,-0.331919,-0.344276,0.210249,0.312400,0.206013,0.321666,-0.149787,0.955257,-0.255046,0.000000,0.000000,0.000000,-1,0.228500,1.119766,0.387909,-1.779626,-3.519219,0.474813,136.310287,269.613342,-774.557007,0,0
2.760000,-0.787570,-1.361722,-0.586447,0.971303,0.186917,0.147081,0.114862,0.172874,-0.978224,-0.208273,0.967045,0.146444,-0.642648,-0.117396,0.023804,0.756740,-2.740331,-0.954720,1.101161,0.142397,0.116061,1.116888,-0.147081,0.978224,-0.146444,0.000000,0.000000,0.000000,-1,-0.295380,1.332047,-0.151443,-3.368943,3.113790,1.414422,136.835892,269.787964,-769.045959,0,0
2.800000,-1.250432,-1.476921,-1.156797,0.991793,0.091818,0.088968,0.085818,0.037708,-0.995597,-0.094768,0.995062,0.029519,-0.693644,-0.064023,0.002091,0.717464,-3.258635,2.814223,1.034550,-0.182410,0.489968,-0.535590,-0.088968,0.995597,-0.029519,0.000000,0.000000,0.000000,-1,-0.307587,1.393982,-1.113525,-3.036530,1.531027,0.793499,138.237549,269.787964,-763.367859,0,0
2.840000,-2.573896,-1.491574,-2.432024,0.988854,0.142676,0.042553,0.051560,-0.060039,-0.996864,-0.139674,0.987947,-0.066726,-0.727258,-0.066770,0.033386,0.682292,-1.121328,-5.086638,1.608294,-0.148976,0.218331,-1.106460,-0.042553,0.996864,0.066726,0.000000,0.000000,0.000000,-1,0.020233,1.032547,-0.482071,-0.520246,-5.702539,1.643003,141.391251,268.740234,-761.697876,0,0
2.880000,2.715941,-1.485694,3.030234,0.950849,0.307659,-0.035098,-0.009446,-0.084473,-0.996381,-0.309510,0.947740,-0.077415,-0.726763,-0.102583,0.118542,0.668760,-0.461134,-2.020555,1.528695,0.005064,0.172152,0.800530,0.035098,0.996381,0.077415,0.000000,0.000000,0.000000,-1,0.040771,1.433350,0.090714,-1.836619,1.862840,1.463811,142.968109,267.168640,-762.866882,0,0
2.920000,2.627853,-1.396035,2.875486,0.967527,0.237888,-0.085448,-0.045725,-0.167754,-0.984768,-0.248599,0.956696,-0.151429,-0.756093,-0.063538,0.110452,0.641939,-2.200029,2.870125,1.498132,0.037980,0.440021,-0.345200,0.085448,0.984768,0.151429,0.000000,0.000000,0.000000,-1,0.016296,0.851791,-0.198395,-2.308043,2.546709,1.490386,144.720169,266.120911,-758.524780,0,0
2.960000,2.692878,-1.295224,2.838923,0.984476,0.129903,-0.118038,-0.081104,-0.259729,-0.962270,-0.155659,0.956904,-0.245161,-0.788886,-0.015464,0.086735,0.608191,-1.845615,2.415799,1.125038,-0.188228,-0.300023,-0.396101,0.118038,0.962270,0.245161,0.000000,0.000000,0.000000,-1,-0.198532,0.505844,-0.148224,-1.591782,1.957506,0.959674,146.647430,264.200104,-754.349731,0,0
3.000000,2.748892,-1.231815,2.824463,0.990355,0.054808,-0.127253,-0.103695,-0.315945,-0.943094,-0.091894,0.947193,-0.307214,-0.808318,0.015120,0.067779,0.584636,-1.111971,1.455360,0.486247,-0.346674,-0.445703,-0.418085,0.127253,0.943094,0.307214,0.000000,0.000000,0.000000,-1,-0.255493,0.526306,-0.077545,-0.650498,1.300325,0.343818,146.121811,262.628540,-751.844727,0,0
3.040000,2.793434,-1.205700,2.812542,0.992551,-0.002173,-0.121810,-0.115375,-0.337884,-0.934089,-0.039128,0.941185,-0.335618,-0.816403,0.035996,0.049283,0.574249,-0.109244,1.374459,0.259626,-0.404403,-0.435493,-0.406083,0.121810,0.934089,0.335618,0.000000,0.000000,0.000000,-1,-0.265518,0.435928,-0.037888,0.123099,1.304419,0.237411,144.194550,262.453918,-750.675659,0,0
3.080000,2.813432,-1.217827,2.779837,0.992404,-0.052172,-0.111415,-0.122344,-0.323312,-0.938350,0.012934,0.944853,-0.327239,-0.812858,0.053674,0.030288,0.579192,0.712637,1.048680,0.055249,-0.346950,-0.498897,-0.313964,0.111415,0.938350,0.327239,0.000000,0.000000,0.000000,-1,-0.145309,0.483673,0.137894,0.874367,0.758006,-0.039651,144.895370,263.850861,-751.677734,0,0
3.120000,2.816210,-1.259155,2.756460,0.992431,-0.073984,-0.098018,-0.115192,-0.284161,-0.951832,0.042568,0.955918,-0.290532,-0.801112,0.059035,0.017304,0.595344,1.246620,0.301785,-0.286591,-0.141765,-0.365070,0.027568,0.098018,0.951832,0.290532,0.000000,0.000000,0.000000,-1,0.256027,1.091751,0.912842,1.088277,-0.531576,-0.285099,144.369751,264.374725,-750.508667,0,0
3.160000,2.796922,-1.304266,2.747467,0.994196,-0.060450,-0.088995,-0.101140,-0.243193,-0.964691,0.036673,0.968093,-0.247895,-0.788239,0.051250,0.016595,0.613007,0.946093,-0.233747,-0.365959,0.154444,0.390336,0.725173,0.088995,0.964691,0.247895,0.000000,0.000000,0.000000,-1,0.384598,1.977524,1.087662,0.706558,-0.041931,-0.395855,143.844131,263.152374,-753.347717,0,0
3.200000,2.832696,-1.312981,2.773562,0.994637,-0.068474,-0.077512,-0.091732,-0.237895,-0.966949,0.047771,0.968874,-0.242901,-0.786676,0.050912,0.009452,0.615191,-0.499679,0.747533,0.039123,0.379794,1.089966,0.772388,0.077512,0.966949,0.242901,0.000000,0.000000,0.000000,-1,0.381226,1.470657,0.609955,-0.680592,0.994948,0.319999,142.092072,262.104675,-752.679688,0,0
3.240000,2.850675,-1.278137,2.741187,0.989258,-0.120501,-0.082750,-0.112455,-0.265680,-0.957480,0.093393,0.956501,-0.276377,-0.795505,0.073210,-0.003344,0.601499,-0.657953,1.185108,0.552668,0.052427,-0.251380,0.251211,0.082750,0.957480,0.276377,0.000000,0.000000,0.000000,-1,-0.247940,0.711624,0.288162,0.335220,-0.686672,0.225976,142.968109,261.580811,-750.174683,0,1
3.280000,2.793301,-1.293977,2.710737,0.991167,-0.094276,-0.093274,-0.114142,-0.248320,-0.961930,0.067525,0.964079,-0.256888,-0.789996,0.065955,0.008149,0.609500,1.247234,-2.081869,-0.483265,-0.312742,-0.016999,-0.097616,0.093274,0.961930,0.256888,0.000000,0.000000,0.000000,-1,-0.543625,1.443390,-0.874329,1.528841,-2.904704,-0.538792,143.844131,262.104675,-754.349731,0,0
3.320000,2.609772,-1.353016,2.651826,0.993481,0.031472,-0.109566,-0.101640,-0.190663,-0.976379,-0.051619,0.981151,-0.186221,-0.769800,0.022788,0.052347,0.635727,1.078183,-3.549390,0.099629,-0.630318,0.454971,-0.598041,0.109566,0.976379,0.186221,0.000000,0.000000,0.000000,-1,-0.344040,0.858063,0.380386,0.570310,-1.970354,-0.326082,145.420990,262.279297,-756.854797,0,0
3.360000,2.537433,-1.387007,2.646266,0.989536,0.100201,-0.103819,-0.086868,-0.160792,-0.983158,-0.115207,0.981889,-0.150405,-0.758408,-0.004395,0.072199,0.647754,0.978568,-0.339722,-1.039172,-0.469099,-0.297611,-0.208846,0.103819,0.983158,0.150405,0.000000,0.000000,0.000000,-1,-0.013168,0.724686,-0.617767,1.804435,-2.330575,-0.878428,146.472229,261.580811,-758.190796,0,0
3.400000,2.179901,-1.486489,2.376635,0.978693,0.193366,-0.069064,-0.058314,-0.060748,-0.996448,-0.196875,0.979244,-0.048178,-0.722430,-0.046735,0.092029,0.683697,2.202993,-1.053148,-0.987752,0.192136,-0.011188,-0.566198,0.069064,0.996448,0.048178,0.000000,0.000000,0.000000,-1,0.349121,1.333099,-0.597382,1.773551,-0.535151,-1.260619,142.792908,263.152374,-763.033875,0,0
3.440000,1.808804,-1.538626,2.013093,0.978751,0.202655,-0.031259,-0.029070,-0.013767,-0.999483,-0.202980,0.979153,-0.007584,-0.707125,-0.061370,0.082814,0.699536,0.677236,0.108422,-1.251681,0.304343,0.358718,-0.526367,0.031259,0.999483,0.007584,0.000000,0.000000,0.000000,-1,0.299255,1.121719,0.193298,0.380397,0.598537,-1.031254,142.792908,263.152374,-763.701904,0,0
3.480000,-0.278572,-1.550135,-0.081523,0.980644,0.195718,0.005681,0.001682,0.020591,-0.999787,-0.195793,0.980444,0.019863,-0.696454,-0.070859,0.068243,0.710827,1.358081,-0.504226,-0.450122,0.116643,0.040222,0.592510,-0.005681,0.999787,-0.019863,0.000000,0.000000,0.000000,-1,-0.041214,0.959976,-0.010132,1.273073,0.150279,-0.194478,141.216049,263.326996,-766.540894,0,0
3.520000,-0.225462,-1.490789,-0.040283,0.982875,0.183407,0.017867,0.003219,0.079858,-0.996801,-0.184247,0.979788,0.077900,-0.675485,-0.069071,0.061578,0.731545,0.855131,0.365268,-0.363405,-0.032624,-0.145147,-0.049420,-0.017867,0.996801,-0.077900,0.000000,0.000000,0.000000,-1,-0.059738,0.810364,-0.142014,0.726749,0.100090,-0.427567,141.741669,264.898560,-765.705933,0,0
3.560000,-0.316332,-1.468009,-0.136626,0.983673,0.177114,0.031919,0.013975,0.101651,-0.994722,-0.179424,0.978927,0.097516,-0.667927,-0.071523,0.055210,0.738722,0.563937,0.127470,-0.566547,-0.014986,-0.195985,-0.020633,-0.031919,0.994722,-0.097516,0.000000,0.000000,0.000000,-1,-0.012131,0.873444,-0.110245,0.764366,-0.064454,-0.568713,141.916870,262.628540,-767.542908,0,0
3.600000,-0.403814,-1.432180,-0.227556,0.983656,0.171676,0.054292,0.031171,0.134611,-0.990408,-0.177337,0.975914,0.127059,-0.656122,-0.077290,0.046884,0.749221,0.809448,0.088224,-0.580777,0.058702,-0.084570,-0.004838,-0.054292,0.990408,-0.127059,0.000000,0.000000,0.000000,-1,-0.043152,0.977463,-0.142502,0.829608,-0.178131,-0.725286,140.690430,262.803162,-769.713989,0,0
3.640000,-0.485244,-1.389436,-0.306070,0.981686,0.170923,0.084128,0.054347,0.171986,-0.983599,-0.182588,0.970158,0.159547,-0.642292,-0.087682,0.038324,0.760463,0.849607,-0.247221,-0.859464,0.036368,0.015882,0.037888,-0.084128,0.983599,-0.159547,0.000000,0.000000,0.000000,-1,-0.023209,1.133957,-0.077896,0.838373,-0.310938,-0.911997,139.463989,262.628540,-769.546997,0,0
3.680000,-0.564692,-1.340486,-0.383029,0.978264,0.167559,0.122165,0.085315,0.211737,-0.973596,-0.189002,0.962856,0.192840,-0.627233,-0.100789,0.026639,0.771823,0.906891,0.064334,-0.957236,0.102252,0.175132,0.125930,-0.122165,0.973596,-0.192840,0.000000,0.000000,0.000000,-1,0.035492,1.123230,0.034073,1.111396,0.078384,-0.765716,138.062347,262.977783,-769.212952,0,1
3.720000,-0.558382,-1.284824,-0.380472,0.976225,0.156995,0.149456,0.104757,0.261918,-0.959388,-0.189764,0.952235,0.239245,-0.607261,-0.107759,0.016594,0.786986,1.505958,-0.068578,-0.514350,0.202114,0.090005,0.289019,-0.149456,0.959388,-0.239245,0.000000,0.000000,0.000000,-1,0.159225,1.076736,-0.035355,1.290731,-0.268967,-0.502323,137.186310,262.104675,-774.056030,0,0
3.760000,-0.541618,-1.235095,-0.358909,0.973247,0.154750,0.169830,0.115714,0.308440,-0.944179,-0.198495,0.938572,0.282282,-0.587904,-0.115012,0.012189,0.800620,0.589555,0.067094,-0.527200,0.345275,0.176548,0.254770,-0.169830,0.944179,-0.282282,0.000000,0.000000,0.000000,-1,0.208054,1.221420,0.051605,0.377728,0.007755,-0.488190,137.011108,261.580811,-773.555054,0,0
3.800000,-0.552733,-1.218480,-0.371663,0.971940,0.150035,0.181169,0.125319,0.321513,-0.938576,-0.199068,0.934943,0.293689,-0.582395,-0.118199,0.007683,0.804230,0.223538,-0.162171,0.010792,0.358781,0.286034,0.362689,-0.181169,0.938576,-0.293689,0.000000,0.000000,0.000000,-1,0.064011,1.219589,0.257477,-1.250584,-3.736655,0.407204,137.011108,262.279297,-773.889038,0,0
3.840000,-0.714054,-1.267281,-0.420235,0.944932,0.262280,0.195735,0.121934,0.272872,-0.954292,-0.303702,0.925608,0.225865,-0.601289,-0.159746,0.044890,0.781612,-2.094046,-3.124530,0.657089,0.361552,0.252282,0.740178,-0.195735,0.954292,-0.225865,0.000000,0.000000,0.000000,-1,0.077423,1.260986,0.964493,-2.974021,-1.305736,1.034313,136.835892,261.056946,-771.718018,0,0
3.880000,-0.984971,-1.379929,-0.672642,0.942192,0.295440,0.158078,0.118200,0.148388,-0.981840,-0.313532,0.943767,0.104889,-0.649792,-0.159143,0.059809,0.740856,-3.666333,1.867411,1.649668,0.127331,0.328097,0.982712,-0.158078,0.981840,-0.104889,0.000000,0.000000,0.000000,-1,-0.237366,1.694138,-0.614227,-3.928444,3.550136,1.819642,138.763168,260.533081,-769.880981,0,0
3.920000,-1.880958,-1.472649,-1.710365,0.980946,0.170404,0.093314,0.097037,-0.013632,-0.995187,-0.168312,0.985280,-0.029908,-0.711422,-0.093981,0.026355,0.695954,-3.365649,2.241686,0.954312,-0.224008,0.862433,-0.722306,-0.093314,0.995187,0.029908,0.000000,0.000000,0.000000,-1,-0.343384,1.528076,-1.361359,-2.173359,-3.736854,0.990720,140.690430,260.009216,-763.701904,0,0
3.960000,-2.879858,-1.451184,-2.567502,0.950608,0.308854,0.030877,0.064803,-0.100198,-0.992855,-0.303553,0.945817,-0.115264,-0.735879,-0.126942,0.092636,0.658625,-0.730764,-6.978718,1.801902,-0.156913,0.213032,-1.068557,-0.030877,0.992855,0.115264,0.000000,0.000000,0.000000,-1,-0.069153,0.875351,0.524841,0.677489,-3.922309,1.719629,142.792908,258.612244,-765.705933,0,0
4.000000,2.679482,-1.422789,3.098253,0.913378,0.401769,-0.065747,-0.006389,-0.147329,-0.989067,-0.407062,0.903812,-0.132000,-0.740389,-0.133504,0.159649,0.639150,-1.873884,2.059250,1.591816,0.011997,0.292610,0.682514,0.065747,0.989067,0.132000,0.000000,0.000000,0.000000,-1,0.142075,1.400620,-0.119720,-2.291338,2.938109,1.611827,143.143311,258.961487,-767.375916,0,0
4.040000,2.710180,-1.339420,3.026852,0.949001,0.300336,-0.095890,-0.026254,-0.227809,-0.973352,-0.314177,0.926230,-0.208306,-0.772191,-0.088735,0.132761,0.614997,-2.334726,3.961331,1.638306,0.047268,0.325522,-0.484383,0.095890,0.973352,0.208306,0.000000,0.000000,0.000000,-1,-0.008682,0.589371,-0.309464,-1.958239,3.115880,1.378654,144.369751,254.945236,-761.530823,0,0
4.080000,2.753750,-1.267369,2.968830,0.973989,0.196406,-0.113001,-0.051364,-0.294345,-0.954318,-0.220695,0.935300,-0.276601,-0.797643,-0.045460,0.104588,0.592251,-1.723494,2.938723,1.256437,-0.121683,-0.364947,-0.586064,0.113001,0.954318,0.276601,0.000000,0.000000,0.000000,-1,-0.345062,0.234665,-0.299622,-1.282061,2.124047,1.015077,144.720169,254.945236,-759.526794,0,0
4.120000,2.803840,-1.198457,2.896349,0.990211,0.070351,-0.120550,-0.088327,-0.352910,-0.931479,-0.108074,0.933009,-0.343242,-0.819507,0.005484,0.069744,0.568784,-0.187399,1.554878,0.355420,-0.449957,-0.648276,-0.593761,0.120550,0.931479,0.343242,0.000000,0.000000,0.000000,-1,-0.313538,0.322296,-0.174713,0.082069,1.507030,0.311409,142.968109,254.595993,-759.192810,0,0
4.160000,2.825110,-1.204056,2.866650,0.993518,0.021609,-0.111598,-0.097350,-0.345107,-0.933501,-0.058686,0.938315,-0.340766,-0.818442,0.023136,0.052014,0.571762,0.637250,1.692525,0.226573,-0.435435,-0.594146,-0.487998,0.111598,0.933501,0.340766,0.000000,0.000000,0.000000,-1,-0.240677,0.462189,0.077789,1.165983,1.608586,0.150084,142.442490,253.373657,-760.361816,0,0
4.200000,2.836812,-1.233641,2.824947,0.994669,-0.027920,-0.099269,-0.103006,-0.314358,-0.943700,-0.004858,0.948894,-0.315558,-0.810028,0.040408,0.032137,0.584113,1.356581,1.624527,0.123217,-0.339946,-0.481511,-0.237769,0.099269,0.943700,0.315558,0.000000,0.000000,0.000000,-1,0.287735,1.134155,1.039154,1.295542,0.558817,0.042767,144.194550,253.024414,-758.357788,0,0
4.240000,2.804268,-1.294021,2.768440,0.994766,-0.047550,-0.090438,-0.099616,-0.254450,-0.961942,0.022728,0.965916,-0.257855,-0.791687,0.046472,0.021381,0.608782,0.770439,0.346373,-0.268767,0.118303,0.705829,0.819568,0.090438,0.961942,0.257856,0.000000,0.000000,0.000000,-1,0.300217,1.957794,1.054214,0.394837,0.273191,-0.233220,142.617691,253.548279,-760.194824,0,0
