0.000000,-1.506185,1.075293,1.000713,0.773907,-0.419446,0.474482,-0.400281,0.256615,0.879730,-0.490758,-0.870755,0.030700,0.609629,-0.336158,-0.006674,0.717848,0.001717,0.008726,-0.009718,0.005488,0.006759,0.002013,-0.474482,-0.879730,-0.030700,0.000000,0.000000,0.000000,-1,-0.463440,-0.866989,-0.029602,0.005232,-0.095423,-0.002818,116.336792,201.162277,-771.885010,0,0
0.040000,-1.506180,1.075431,1.000778,0.773992,-0.419426,0.474361,-0.400195,0.256523,0.879795,-0.490694,-0.870791,0.030694,0.609667,-0.336094,-0.006698,0.717846,0.004966,0.004527,-0.007626,0.006679,0.005894,0.000253,-0.474361,-0.879795,-0.030694,0.000000,0.000000,0.000000,-1,-0.462769,-0.864395,-0.028046,0.009469,-0.099669,-0.006037,116.336792,201.162277,-771.885010,0,0
0.080000,-1.507023,1.075861,1.001616,0.774101,-0.419622,0.474009,-0.400092,0.255984,0.879999,-0.490606,-0.870856,0.030270,0.609887,-0.336011,-0.006803,0.717697,0.008167,-0.003950,-0.003370,0.011088,0.018000,0.001980,-0.474009,-0.879999,-0.030270,0.000000,0.000000,0.000000,-1,-0.462921,-0.863998,-0.027023,0.011618,-0.101780,0.000331,117.563232,200.638412,-771.718018,0,0
0.120000,-1.507963,1.076104,1.002479,0.774099,-0.419835,0.473824,-0.400132,0.255523,0.880115,-0.490576,-0.870888,0.029811,0.610075,-0.336011,-0.006865,0.717536,0.007120,-0.007127,0.000908,0.007622,0.015933,0.003169,-0.473824,-0.880115,-0.029811,0.000000,0.000000,0.000000,-1,-0.463577,-0.864441,-0.031174,0.009515,-0.108130,0.007829,115.811172,200.987656,-771.718018,0,0
0.160000,-1.508603,1.076100,1.002922,0.773970,-0.420047,0.473847,-0.400249,0.255348,0.880113,-0.490685,-0.870837,0.029508,0.610146,-0.336106,-0.006899,0.717431,0.004992,-0.007126,0.000930,0.010636,0.015596,-0.005556,-0.473847,-0.880113,-0.029508,0.000000,0.000000,0.000000,-1,-0.465042,-0.866394,-0.037628,0.005246,-0.108136,0.003621,117.037613,202.559235,-772.887024,0,0
0.200000,-1.507730,1.076173,1.002098,0.774081,-0.419944,0.473757,-0.399984,0.255643,0.880147,-0.490725,-0.870801,0.029918,0.610025,-0.336022,-0.006954,0.717573,-0.004538,0.012000,-0.002258,0.005297,0.012700,-0.001500,-0.473757,-0.880147,-0.029918,0.000000,0.000000,0.000000,-1,-0.465927,-0.867905,-0.026016,-0.001127,-0.090116,0.001483,116.687210,200.813034,-772.887024,0,0
0.240000,-1.507647,1.076359,1.002219,0.774247,-0.419825,0.473591,-0.399877,0.255506,0.880236,-0.490550,-0.870898,0.029947,0.610081,-0.335899,-0.006950,0.717583,0.005009,-0.007088,-0.004406,0.009052,0.012026,0.001199,-0.473591,-0.880236,-0.029947,0.000000,0.000000,0.000000,-1,-0.465164,-0.867218,-0.034546,0.006290,-0.117683,0.000462,116.687210,201.511505,-772.218994,0,0
0.280000,-1.508399,1.076628,1.002218,0.773985,-0.420549,0.473376,-0.399677,0.255379,0.880364,-0.491127,-0.870586,0.029576,0.610129,-0.336087,-0.007273,0.717450,-0.000325,-0.020870,-0.005350,0.007617,0.015511,-0.006664,-0.473376,-0.880364,-0.029576,0.000000,0.000000,0.000000,-1,-0.466705,-0.864807,-0.034958,-0.004335,-0.114500,0.001628,115.986389,202.209991,-773.555054,0,0
0.320000,-1.507557,1.076604,1.001208,0.773964,-0.420592,0.473374,-0.399422,0.255826,0.880350,-0.491329,-0.870456,0.030031,0.609945,-0.336083,-0.007359,0.717608,-0.004503,0.005718,-0.004375,0.004654,0.014459,0.001604,-0.473374,-0.880350,-0.030031,0.000000,0.000000,0.000000,-1,-0.468979,-0.866837,-0.026138,-0.002212,-0.102843,-0.001639,117.388031,200.813034,-772.552979,0,0
0.360000,-1.508354,1.076612,1.001705,0.773785,-0.420903,0.473389,-0.399558,0.255592,0.880356,-0.491539,-0.870352,0.029598,0.610040,-0.336232,-0.007438,0.717456,0.002922,-0.016552,-0.005417,0.002473,0.015015,0.011410,-0.473389,-0.880356,-0.029598,0.000000,0.000000,0.000000,-1,-0.468002,-0.864502,-0.024780,0.004146,-0.125109,-0.002672,115.635971,201.511505,-772.887024,0,0
0.400000,-1.510283,1.076641,1.002243,0.773074,-0.422173,0.473420,-0.399673,0.255363,0.880370,-0.492562,-0.869805,0.028683,0.610129,-0.336751,-0.007844,0.717133,0.001836,-0.043060,-0.006344,0.006959,0.015441,-0.004184,-0.473420,-0.880370,-0.028683,0.000000,0.000000,0.000000,-1,-0.465668,-0.866913,-0.032532,0.000955,-0.137828,-0.000452,116.512009,202.035370,-772.385986,0,0
0.440000,-1.509975,1.076900,1.001009,0.772808,-0.422925,0.473183,-0.399166,0.255733,0.880493,-0.493391,-0.869330,0.028815,0.609971,-0.336939,-0.008282,0.717174,-0.015136,-0.001704,-0.003154,0.007989,0.011123,-0.002694,-0.473183,-0.880493,-0.028815,0.000000,0.000000,0.000000,-1,-0.467987,-0.867783,-0.030563,-0.014949,-0.102835,0.003820,116.862411,200.987656,-772.052002,0,0
0.480000,-1.509418,1.076829,1.000283,0.772747,-0.422984,0.473230,-0.399033,0.256057,0.880459,-0.493594,-0.869206,0.029083,0.609838,-0.336982,-0.008348,0.717267,-0.004455,-0.002565,-0.000086,0.005533,0.012570,0.002410,-0.473230,-0.880459,-0.029083,0.000000,0.000000,0.000000,-1,-0.468079,-0.866531,-0.024017,-0.000062,-0.108133,0.005807,117.037613,201.511505,-771.551025,0,0
0.520000,-1.510705,1.076662,1.000931,0.772319,-0.423559,0.473414,-0.399322,0.255877,0.880380,-0.494029,-0.868979,0.028482,0.609910,-0.337297,-0.008450,0.717056,0.000858,-0.017409,0.000988,0.004267,0.015038,0.003641,-0.473414,-0.880380,-0.028482,0.000000,0.000000,0.000000,-1,-0.465378,-0.865616,-0.029205,0.000990,-0.113437,0.003692,116.862411,201.336884,-771.049988,0,0
0.560000,-1.509671,1.076733,0.999484,0.772246,-0.423797,0.473321,-0.398899,0.256421,0.880413,-0.494486,-0.868703,0.028968,0.609684,-0.337345,-0.008678,0.717223,-0.019364,-0.003636,-0.006296,0.007135,0.014111,-0.002938,-0.473321,-0.880413,-0.028968,0.000000,0.000000,0.000000,-1,-0.466629,-0.866699,-0.026077,-0.020283,-0.104962,-0.000366,117.388031,200.114548,-772.552979,0,0
0.600000,-1.509171,1.076901,0.998654,0.772208,-0.424046,0.473159,-0.398562,0.256672,0.880493,-0.494816,-0.868507,0.029196,0.609578,-0.337368,-0.008882,0.717300,-0.008740,-0.010000,-0.007449,0.006652,0.012359,0.005087,-0.473159,-0.880493,-0.029196,0.000000,0.000000,0.000000,-1,-0.466980,-0.867859,-0.028000,0.000962,-0.117687,-0.002671,117.388031,201.162277,-772.552979,0,0
0.640000,-1.511651,1.077120,1.000091,0.771677,-0.425146,0.473038,-0.398768,0.255995,0.880597,-0.495477,-0.868169,0.028010,0.609851,-0.337752,-0.009199,0.716883,0.013625,-0.021470,-0.003392,0.005386,0.015088,-0.001317,-0.473038,-0.880597,-0.028010,0.000000,0.000000,0.000000,-1,-0.465851,-0.864365,-0.033737,0.006308,-0.114496,0.004702,116.512009,201.686127,-771.049988,0,0
0.680000,-1.511881,1.077179,0.999968,0.771534,-0.425456,0.472992,-0.398693,0.256016,0.880625,-0.495761,-0.868011,0.027899,0.609840,-0.337855,-0.009334,0.716842,-0.000171,-0.003438,0.000933,0.010514,0.014933,-0.003016,-0.472992,-0.880625,-0.027899,0.000000,0.000000,0.000000,-1,-0.465698,-0.870071,-0.025879,-0.004313,-0.101773,0.004762,116.336792,201.162277,-772.552979,0,0
0.720000,-1.511767,1.077208,0.999647,0.771466,-0.425613,0.472963,-0.398589,0.256130,0.880639,-0.495951,-0.867900,0.027951,0.609792,-0.337903,-0.009424,0.716859,-0.003364,-0.004501,-0.000092,0.009279,0.012764,-0.000018,-0.472963,-0.880639,-0.027951,0.000000,0.000000,0.000000,-1,-0.466171,-0.868988,-0.026840,-0.002181,-0.103890,0.006875,117.563232,201.336884,-772.385986,0,0
0.760000,-1.511886,1.077268,0.999596,0.771409,-0.425770,0.472914,-0.398532,0.256122,0.880667,-0.496085,-0.867826,0.027892,0.609794,-0.337942,-0.009500,0.716837,0.004077,-0.010861,0.000917,0.006727,0.009222,-0.001664,-0.472914,-0.880667,-0.027892,0.000000,0.000000,0.000000,-1,-0.465485,-0.867279,-0.031815,0.005249,-0.115554,0.005782,117.738449,201.162277,-772.552979,0,0
0.800000,-1.511921,1.077201,0.999167,0.771182,-0.426114,0.472974,-0.398472,0.256325,0.880635,-0.496486,-0.867597,0.027879,0.609709,-0.338107,-0.009641,0.716831,0.003031,-0.009640,0.004115,0.007902,0.010075,-0.009338,-0.472974,-0.880635,-0.027879,0.000000,0.000000,0.000000,-1,-0.460464,-0.866226,-0.032150,0.003137,-0.107069,0.007895,116.512009,202.384613,-771.718018,0,0
0.840000,-1.511346,1.077203,0.998528,0.771196,-0.426109,0.472956,-0.398306,0.256578,0.880636,-0.496597,-0.867524,0.028150,0.609604,-0.338094,-0.009695,0.716925,-0.006533,-0.000097,0.004175,0.008952,0.018789,-0.001055,-0.472956,-0.880636,-0.028150,0.000000,0.000000,0.000000,-1,-0.460938,-0.872940,-0.028305,-0.002174,-0.106008,0.009012,117.738449,201.511505,-772.887024,0,0
0.880000,-1.511619,1.077280,0.998683,0.771157,-0.426246,0.472896,-0.398289,0.256480,0.880673,-0.496671,-0.867486,0.028018,0.609643,-0.338122,-0.009750,0.716878,0.007286,-0.003278,0.004035,0.010174,0.013577,0.002780,-0.472896,-0.880673,-0.028018,0.000000,0.000000,0.000000,-1,-0.468033,-0.860016,-0.031387,0.008452,-0.112369,0.008924,117.563232,201.686127,-773.388000,0,0
0.920000,-1.512617,1.076710,0.998963,0.770554,-0.426749,0.473425,-0.398782,0.256640,0.880403,-0.497211,-0.867191,0.027575,0.609578,-0.338567,-0.009755,0.716723,0.005151,-0.026597,0.007359,0.005453,0.016145,-0.006254,-0.473425,-0.880403,-0.027575,0.000000,0.000000,0.000000,-1,-0.466736,-0.862167,-0.029572,0.002084,-0.114485,0.012195,117.388031,201.162277,-772.552979,0,0
0.960000,-1.512254,1.076142,0.998384,0.770262,-0.426735,0.473914,-0.399054,0.257141,0.880133,-0.497446,-0.867050,0.027776,0.609374,-0.338786,-0.009654,0.716795,-0.002272,-0.002210,0.008397,0.005728,0.015097,-0.003779,-0.473914,-0.880133,-0.027776,0.000000,0.000000,0.000000,-1,-0.463623,-0.872498,-0.029526,-0.001097,-0.108122,0.013265,116.336792,199.765305,-771.216980,0,0
1.000000,-1.512352,1.076206,0.998174,0.770148,-0.426998,0.473861,-0.398953,0.257195,0.880163,-0.497703,-0.866904,0.027726,0.609350,-0.338866,-0.009782,0.716776,-0.003374,-0.013730,-0.000042,0.009826,0.007238,0.002076,-0.473861,-0.880163,-0.027726,0.000000,0.000000,0.000000,-1,-0.472168,-0.868103,-0.028641,0.000988,-0.115557,0.003702,116.862411,201.686127,-773.388000,0,0
1.040000,-1.513037,1.075995,0.998415,0.769826,-0.427353,0.474065,-0.399171,0.257199,0.880063,-0.498026,-0.866728,0.027412,0.609347,-0.339102,-0.009831,0.716665,0.010476,0.000061,0.005063,0.004903,0.014050,-0.004357,-0.474065,-0.880063,-0.027412,0.000000,0.000000,0.000000,-1,-0.469116,-0.865356,-0.033844,0.007409,-0.091163,0.009903,116.862411,202.035370,-772.052002,0,0
1.080000,-1.512289,1.075679,0.998089,0.769933,-0.426874,0.474322,-0.399321,0.257480,0.879913,-0.497740,-0.866881,0.027783,0.609235,-0.339030,-0.009610,0.716798,-0.003336,0.010666,0.006233,0.005343,0.016174,-0.005771,-0.474322,-0.879913,-0.027783,0.000000,0.000000,0.000000,-1,-0.469223,-0.863068,-0.029831,-0.008536,-0.094342,0.011157,117.212830,201.336884,-771.383972,0,0
1.120000,-1.510792,1.075229,0.996718,0.769914,-0.426516,0.474675,-0.399300,0.258242,0.879699,-0.497787,-0.866830,0.028517,0.608924,-0.339047,-0.009489,0.717055,-0.015045,0.005362,0.004261,0.007786,0.014938,0.000669,-0.474675,-0.879699,-0.028517,0.000000,0.000000,0.000000,-1,-0.469360,-0.864929,-0.025574,-0.013861,-0.091166,0.008010,115.986389,201.162277,-773.221008,0,0
1.160000,-1.510565,1.074884,0.996412,0.769759,-0.426465,0.474971,-0.399475,0.258529,0.879535,-0.497885,-0.866770,0.028643,0.608808,-0.339163,-0.009409,0.717100,0.000900,-0.005108,0.005211,0.007869,0.013736,0.003466,-0.474971,-0.879535,-0.028643,0.000000,0.000000,0.000000,-1,-0.470856,-0.867691,-0.028366,0.006340,-0.110244,0.012129,116.687210,201.162277,-772.552979,0,0
1.200000,-1.511482,1.074656,0.997100,0.769505,-0.426672,0.475198,-0.399822,0.258363,0.879426,-0.498000,-0.866718,0.028219,0.608877,-0.339352,-0.009362,0.716953,0.014730,-0.010406,0.008274,0.008279,0.012163,0.002844,-0.475198,-0.879426,-0.028219,0.000000,0.000000,0.000000,-1,-0.465744,-0.867996,-0.029892,0.016971,-0.104944,0.010924,117.212830,201.686127,-772.052002,0,0
1.240000,-1.512585,1.074790,0.998310,0.769526,-0.426731,0.475111,-0.400035,0.257815,0.879490,-0.497797,-0.866852,0.027688,0.609102,-0.339338,-0.009311,0.716769,0.009391,0.001243,-0.000232,0.011518,0.011021,-0.003272,-0.475111,-0.879490,-0.027688,0.000000,0.000000,0.000000,-1,-0.464371,-0.869003,-0.032288,0.004191,-0.097534,0.003585,117.212830,200.987656,-772.052002,0,0
1.280000,-1.511330,1.075206,0.997375,0.769918,-0.426470,0.474711,-0.399487,0.257991,0.879688,-0.497632,-0.866928,0.028263,0.609029,-0.339047,-0.009409,0.716968,-0.009761,0.009867,-0.005359,0.005717,0.010532,0.000553,-0.474711,-0.879688,-0.028263,0.000000,0.000000,0.000000,-1,-0.471603,-0.870987,-0.023697,-0.009643,-0.089060,-0.001619,117.212830,202.384613,-773.722046,0,0
1.320000,-1.510761,1.075327,0.997044,0.770108,-0.426263,0.474588,-0.399312,0.258065,0.879746,-0.497478,-0.867008,0.028526,0.608998,-0.338907,-0.009396,0.717060,-0.006571,0.009866,-0.005394,0.005121,0.012436,0.002556,-0.474588,-0.879745,-0.028526,0.000000,0.000000,0.000000,-1,-0.468414,-0.868225,-0.027817,-0.002190,-0.090116,0.001495,116.161591,201.336884,-771.049988,0,0
1.360000,-1.510622,1.075412,0.997284,0.770313,-0.425979,0.474509,-0.399311,0.257929,0.879786,-0.497160,-0.867188,0.028588,0.609056,-0.338758,-0.009298,0.717083,0.004072,0.007748,-0.002310,0.007041,0.014689,-0.000648,-0.474509,-0.879786,-0.028588,0.000000,0.000000,0.000000,-1,-0.468811,-0.867310,-0.031433,0.003127,-0.093295,0.002514,116.512009,202.733856,-771.718018,0,0
1.400000,-1.509118,1.075443,0.996424,0.770707,-0.425346,0.474438,-0.399066,0.258257,0.879801,-0.496747,-0.867401,0.029300,0.608923,-0.338471,-0.009159,0.717333,-0.001241,0.007754,-0.000124,0.010953,0.013682,-0.008618,-0.474438,-0.879801,-0.029300,0.000000,0.000000,0.000000,-1,-0.464630,-0.865768,-0.035995,-0.004312,-0.089054,0.002577,115.635971,201.511505,-772.887024,0,0
1.440000,-1.507759,1.075614,0.995552,0.771079,-0.424883,0.474249,-0.398715,0.258524,0.879882,-0.496451,-0.867548,0.029935,0.608814,-0.338197,-0.009117,0.717555,-0.007619,0.021670,-0.002224,0.008871,0.012618,-0.003588,-0.474249,-0.879882,-0.029935,0.000000,0.000000,0.000000,-1,-0.465378,-0.867264,-0.033524,-0.008553,-0.079511,0.003644,116.336792,200.813034,-771.551025,0,0
1.480000,-1.507069,1.075723,0.995486,0.771437,-0.424363,0.474132,-0.398617,0.258497,0.879934,-0.495974,-0.867810,0.030256,0.608827,-0.337937,-0.008969,0.717668,0.006201,0.020609,-0.002372,0.009166,0.014043,0.003538,-0.474132,-0.879934,-0.030256,0.000000,0.000000,0.000000,-1,-0.464951,-0.870285,-0.031509,0.015884,-0.094355,0.002378,116.512009,201.336884,-772.719971,0,0
1.520000,-1.507673,1.076240,0.996955,0.771966,-0.423887,0.473696,-0.398614,0.257665,0.880179,-0.495151,-0.868291,0.029941,0.609172,-0.337549,-0.008805,0.717560,0.015775,0.014253,0.000738,0.010775,0.008689,-0.002194,-0.473696,-0.880179,-0.029941,0.000000,0.000000,0.000000,-1,-0.462921,-0.871490,-0.032135,0.011647,-0.079511,0.003422,116.687210,201.162277,-772.218994,0,0
1.560000,-1.506995,1.076315,0.997120,0.772401,-0.423191,0.473610,-0.398601,0.257563,0.880215,-0.494483,-0.868660,0.030258,0.609217,-0.337233,-0.008566,0.717674,0.005161,0.029099,0.002915,0.008125,0.013333,-0.003876,-0.473609,-0.880215,-0.030258,0.000000,0.000000,0.000000,-1,-0.465485,-0.866882,-0.034134,0.003168,-0.071021,0.008795,116.687210,201.511505,-772.552979,0,0
1.600000,-1.505975,1.076200,0.996962,0.772793,-0.422396,0.473680,-0.398646,0.257681,0.880160,-0.493835,-0.869012,0.030748,0.609172,-0.336950,-0.008271,0.717848,0.004096,0.018501,0.005102,0.010896,0.020327,-0.001845,-0.473680,-0.880160,-0.030748,0.000000,0.000000,0.000000,-1,-0.463882,-0.864716,-0.036591,0.001031,-0.090103,0.009969,115.986389,201.860748,-772.552979,0,0
1.640000,-1.504197,1.076282,0.996083,0.773332,-0.421552,0.473552,-0.398358,0.257992,0.880200,-0.493223,-0.869330,0.031585,0.609048,-0.336554,-0.008074,0.718141,-0.006571,0.018640,-0.003278,0.007533,0.014279,-0.001252,-0.473552,-0.880200,-0.031585,0.000000,0.000000,0.000000,-1,-0.466019,-0.865921,-0.032837,-0.003249,-0.084815,0.001482,115.986389,201.162277,-772.218994,0,0
1.680000,-1.503945,1.076173,0.996271,0.773492,-0.421159,0.473640,-0.398488,0.257970,0.880147,-0.492867,-0.869527,0.031711,0.609059,-0.336440,-0.007892,0.718187,0.007252,0.011221,-0.001267,0.003532,0.015340,0.001773,-0.473640,-0.880147,-0.031711,0.000000,0.000000,0.000000,-1,-0.468262,-0.862640,-0.029984,0.012706,-0.094350,0.005604,115.285553,201.162277,-772.218994,0,0
1.720000,-1.504698,1.075959,0.997324,0.773480,-0.420944,0.473852,-0.398917,0.257652,0.880046,-0.492539,-0.869725,0.031367,0.609192,-0.336454,-0.007669,0.718070,0.014708,-0.001492,0.005091,0.008611,0.014827,-0.004064,-0.473852,-0.880046,-0.031367,0.000000,0.000000,0.000000,-1,-0.467880,-0.870270,-0.037491,0.004205,-0.106008,0.008942,116.512009,203.083084,-774.056030,0,0
1.760000,-1.504489,1.075778,0.996917,0.773395,-0.420925,0.474007,-0.398951,0.257904,0.879956,-0.492644,-0.869660,0.031533,0.609089,-0.336517,-0.007650,0.718128,-0.000199,-0.004541,0.001020,0.007057,0.011518,-0.004233,-0.474007,-0.879956,-0.031533,0.000000,0.000000,0.000000,-1,-0.466949,-0.868439,-0.035767,-0.002189,-0.104954,0.004753,116.512009,202.733856,-773.054016,0,0
1.800000,-1.504171,1.075748,0.996630,0.773363,-0.420968,0.474020,-0.398894,0.258029,0.879946,-0.492740,-0.869601,0.031629,0.609037,-0.336540,-0.007684,0.718161,-0.002344,-0.002428,-0.004283,0.003271,0.012117,0.000592,-0.474020,-0.879946,-0.031629,0.000000,0.000000,0.000000,-1,-0.471603,-0.866760,-0.027145,0.000985,-0.103900,0.000458,117.037613,202.209991,-772.218994,0,0
1.840000,-1.504546,1.075655,0.996916,0.773261,-0.421050,0.474114,-0.399036,0.257960,0.879902,-0.492785,-0.869582,0.031456,0.609066,-0.336616,-0.007664,0.718101,0.005101,-0.003488,-0.003295,0.002388,0.015537,0.000496,-0.474114,-0.879902,-0.031456,0.000000,0.000000,0.000000,-1,-0.471466,-0.864334,-0.030289,0.007364,-0.109199,0.001475,115.986389,201.511505,-772.887024,0,0
1.880000,-1.505531,1.075483,0.997631,0.773009,-0.421309,0.474295,-0.399348,0.257756,0.879820,-0.492929,-0.869517,0.030999,0.609150,-0.336804,-0.007647,0.717942,0.011474,-0.011971,-0.003324,0.002692,0.014082,-0.001243,-0.474295,-0.879820,-0.030999,0.000000,0.000000,0.000000,-1,-0.471024,-0.862549,-0.033524,0.004192,-0.117672,0.007931,116.862411,201.336884,-771.718018,0,0
1.920000,-1.506050,1.074977,0.997448,0.772474,-0.421771,0.474756,-0.399675,0.258071,0.879579,-0.493502,-0.869200,0.030782,0.609020,-0.337200,-0.007695,0.717866,-0.001266,-0.013960,0.003221,0.006174,0.016130,-0.006175,-0.474756,-0.879579,-0.030782,0.000000,0.000000,0.000000,-1,-0.467377,-0.866791,-0.036530,-0.004304,-0.110248,0.009055,115.635971,202.559235,-771.216980,0,0
1.960000,-1.505015,1.074797,0.996112,0.772349,-0.421858,0.474882,-0.399462,0.258691,0.879494,-0.493869,-0.868974,0.031284,0.608764,-0.337290,-0.007797,0.718040,-0.014027,-0.009720,0.002278,0.007932,0.011619,-0.003842,-0.474882,-0.879494,-0.031284,0.000000,0.000000,0.000000,-1,-0.468765,-0.867599,-0.033112,-0.017072,-0.109193,0.006000,117.738449,200.813034,-772.887024,0,0
2.000000,-1.504477,1.074838,0.995178,0.772238,-0.422121,0.474828,-0.399190,0.259044,0.879513,-0.494263,-0.868740,0.031537,0.608617,-0.337368,-0.007983,0.718126,-0.014031,-0.005483,0.000131,0.008154,0.009320,0.004056,-0.474828,-0.879513,-0.031537,0.000000,0.000000,0.000000,-1,-0.470718,-0.866089,-0.027908,-0.001125,-0.103894,0.004736,117.738449,201.162277,-772.887024,0,0
2.040000,-1.505898,1.074834,0.996063,0.771907,-0.422672,0.474877,-0.399422,0.258693,0.879511,-0.494592,-0.868577,0.030862,0.608759,-0.337611,-0.008096,0.717890,0.021021,-0.027756,-0.004409,0.005791,0.011561,-0.000464,-0.474877,-0.879511,-0.030862,0.000000,0.000000,0.000000,-1,-0.469315,-0.866348,-0.031540,0.023296,-0.128283,0.001386,117.037613,200.114548,-770.882996,0,0
2.080000,-1.507703,1.074894,0.997262,0.771546,-0.423329,0.474878,-0.399688,0.258185,0.879540,-0.494941,-0.868408,0.030002,0.608966,-0.337875,-0.008236,0.717588,0.010411,-0.015970,-0.000083,0.007273,0.016365,-0.007703,-0.474878,-0.879540,-0.030002,0.000000,0.000000,0.000000,-1,-0.465057,-0.864029,-0.035980,-0.002193,-0.109195,0.004772,116.512009,201.336884,-771.718018,0,0
2.120000,-1.506747,1.074910,0.996019,0.771499,-0.423463,0.474836,-0.399355,0.258674,0.879547,-0.495283,-0.868198,0.030454,0.608763,-0.337905,-0.008397,0.717744,-0.012966,-0.001125,0.001171,0.008664,0.015931,-0.001452,-0.474836,-0.879547,-0.030454,0.000000,0.000000,0.000000,-1,-0.464432,-0.863052,-0.029236,-0.011752,-0.102832,0.005912,118.088852,201.162277,-770.214966,0,0
2.160000,-1.506603,1.074863,0.995712,0.771421,-0.423562,0.474873,-0.399310,0.258819,0.879525,-0.495439,-0.868106,0.030526,0.608703,-0.337961,-0.008447,0.717768,-0.002333,-0.005365,0.002137,0.006703,0.016091,0.003411,-0.474873,-0.879525,-0.030526,0.000000,0.000000,0.000000,-1,-0.465714,-0.867676,-0.025421,0.002068,-0.109191,0.006852,115.460770,202.035370,-771.718018,0,0
2.200000,-1.507550,1.074901,0.996393,0.771256,-0.423869,0.474868,-0.399458,0.258529,0.879543,-0.495578,-0.868043,0.030074,0.608821,-0.338083,-0.008504,0.717610,0.008293,-0.009609,0.000975,0.007430,0.011531,0.005156,-0.474868,-0.879543,-0.030074,0.000000,0.000000,0.000000,-1,-0.466583,-0.868484,-0.028900,0.009495,-0.113437,0.003598,117.212830,200.289169,-771.383972,0,0
2.240000,-1.509081,1.075369,0.997540,0.771170,-0.424434,0.474502,-0.399408,0.257847,0.879766,-0.495752,-0.867969,0.029321,0.609098,-0.338140,-0.008722,0.717346,0.009322,-0.010598,-0.006476,0.013229,0.012685,0.000147,-0.474502,-0.879766,-0.029321,0.000000,0.000000,0.000000,-1,-0.462494,-0.871094,-0.026276,0.008408,-0.112386,-0.002777,117.212830,201.336884,-772.052002,0,0
2.280000,-1.510099,1.076139,0.998350,0.771316,-0.424891,0.473856,-0.399048,0.257157,0.880131,-0.495815,-0.867951,0.028797,0.609377,-0.338025,-0.009009,0.717159,0.008243,-0.001067,-0.012892,0.008936,0.010075,0.003300,-0.473856,-0.880131,-0.028797,0.000000,0.000000,0.000000,-1,-0.464264,-0.867828,-0.027664,0.010523,-0.106032,-0.007083,117.388031,201.511505,-771.551025,0,0
2.320000,-1.511060,1.076701,0.999203,0.771426,-0.425212,0.473389,-0.398851,0.256548,0.880398,-0.495803,-0.867974,0.028312,0.609624,-0.337939,-0.009192,0.716988,0.015684,-0.007427,-0.011883,0.011643,0.010327,0.000587,-0.473389,-0.880398,-0.028312,0.000000,0.000000,0.000000,-1,-0.465195,-0.867416,-0.025406,0.015844,-0.099670,-0.007171,116.862411,202.035370,-771.718018,0,0
2.360000,-1.512470,1.077395,1.000973,0.771756,-0.425247,0.472819,-0.398790,0.255513,0.880727,-0.495338,-0.868262,0.027609,0.610048,-0.337693,-0.009228,0.716742,0.016772,0.008479,-0.008776,0.008097,0.018712,0.001578,-0.472819,-0.880727,-0.027609,0.000000,0.000000,0.000000,-1,-0.469757,-0.863342,-0.024918,0.013738,-0.093303,-0.002921,118.264069,202.035370,-772.719971,0,0
2.400000,-1.512881,1.077436,1.001761,0.771904,-0.425006,0.472794,-0.398961,0.255179,0.880746,-0.494969,-0.868478,0.027413,0.610187,-0.337588,-0.009085,0.716676,0.004016,0.005368,-0.004362,0.006669,0.014108,-0.000084,-0.472794,-0.880746,-0.027413,0.000000,0.000000,0.000000,-1,-0.465012,-0.866821,-0.025299,0.003127,-0.093295,0.002514,115.986389,200.813034,-772.218994,0,0
2.440000,-1.512823,1.077528,1.001968,0.772057,-0.424819,0.472712,-0.398946,0.255052,0.880790,-0.494743,-0.868606,0.027435,0.610240,-0.337476,-0.009025,0.716684,0.001888,0.007486,-0.005411,0.007639,0.013084,-0.001862,-0.472712,-0.880790,-0.027435,0.000000,0.000000,0.000000,-1,-0.467331,-0.866455,-0.026260,0.002047,-0.099661,-0.000636,115.986389,200.463791,-773.555054,0,0
2.480000,-1.513081,1.077605,1.002465,0.772171,-0.424679,0.472651,-0.399015,0.254818,0.880826,-0.494508,-0.868744,0.027310,0.610337,-0.337393,-0.008953,0.716641,0.016771,0.012785,-0.006661,0.007599,0.019241,0.001974,-0.472626,-0.880843,-0.027197,0.000000,0.000000,0.000000,-1,-0.466507,-0.861008,-0.023407,0.015870,-0.080582,-0.004066,115.986389,201.860748,-772.218994,0,0
2.520000,-1.513962,1.077692,1.004220,0.772516,-0.424111,0.472599,-0.399397,0.254076,0.880867,-0.493662,-0.869238,0.026889,0.610645,-0.337147,-0.008623,0.716499,0.015703,0.025499,-0.010959,0.004932,0.020196,0.006808,-0.472599,-0.880868,-0.026889,0.000000,0.000000,0.000000,-1,-0.467041,-0.863159,-0.017426,0.017978,-0.078470,-0.009417,115.811172,202.035370,-771.049988,0,0
2.560000,-1.515298,1.078064,1.006375,0.772918,-0.423702,0.472306,-0.399666,0.253039,0.881044,-0.492812,-0.869740,0.026239,0.611073,-0.336854,-0.008389,0.716275,0.026307,0.032904,-0.020682,0.005769,0.014726,0.011194,-0.472306,-0.881044,-0.026239,0.000000,0.000000,0.000000,-1,-0.470047,-0.862167,-0.012146,0.032841,-0.054101,-0.020328,117.913651,201.686127,-772.719971,0,0
2.600000,-1.518890,1.079047,1.012970,0.774335,-0.421974,0.471533,-0.400592,0.249940,0.881508,-0.489828,-0.871475,0.024498,0.612352,-0.335823,-0.007469,0.715677,0.032654,0.048836,-0.030389,0.004248,0.030144,0.012321,-0.471533,-0.881508,-0.024498,0.000000,0.000000,0.000000,-1,-0.470627,-0.852951,-0.012039,0.031745,-0.055174,-0.028821,115.285553,200.813034,-772.552979,0,0
2.640000,-1.520812,1.079524,1.016119,0.774913,-0.421330,0.471159,-0.401019,0.248455,0.881733,-0.488562,-0.872211,0.023570,0.612962,-0.335400,-0.007098,0.715356,0.026233,0.033975,-0.039820,-0.001283,0.026844,0.018474,-0.471159,-0.881733,-0.023570,0.000000,0.000000,0.000000,-1,-0.477875,-0.859451,0.000870,0.026381,-0.071091,-0.038264,115.635971,201.511505,-772.887024,0,0
2.680000,-1.523747,1.080087,1.019698,0.775214,-0.421255,0.470730,-0.401483,0.246758,0.881999,-0.487703,-0.872728,0.022164,0.613655,-0.335179,-0.006915,0.714867,0.018769,0.015940,-0.043905,-0.012760,0.013026,0.022881,-0.470730,-0.881999,-0.022164,0.000000,0.000000,0.000000,-1,-0.483627,-0.873688,-0.008957,0.004066,-0.099704,-0.029379,116.862411,202.733856,-771.049988,0,0
2.720000,-1.525316,1.080370,1.021388,0.775275,-0.421384,0.470515,-0.401687,0.245949,0.882132,-0.487439,-0.872894,0.021414,0.613985,-0.335134,-0.006891,0.714604,-0.017256,0.024492,-0.009500,-0.001836,0.009543,-0.000238,-0.470515,-0.882132,-0.021414,0.000000,0.000000,0.000000,-1,-0.472748,-0.865448,-0.033707,-0.034052,-0.053007,0.002742,116.687210,202.559235,-773.221008,0,0
2.760000,-1.516607,1.078834,1.015579,0.776459,-0.417906,0.471663,-0.401402,0.248992,0.881408,-0.485786,-0.873703,0.025584,0.612757,-0.334271,-0.005762,0.716072,-0.085047,0.133763,0.036500,-0.009736,0.022002,-0.006825,-0.471663,-0.881408,-0.025584,0.000000,0.000000,0.000000,-1,-0.476593,-0.862015,-0.019073,-0.101793,0.069000,0.058251,117.212830,200.638412,-773.388000,0,0
2.800000,-1.506082,1.076202,1.010097,0.778223,-0.412303,0.473681,-0.401995,0.252422,0.880161,-0.482461,-0.875379,0.030697,0.611372,-0.332980,-0.003590,0.717869,-0.103976,0.240891,0.069205,-0.003278,0.011906,0.018841,-0.473681,-0.880161,-0.030697,0.000000,0.000000,0.000000,-1,-0.466141,-0.867874,-0.003403,-0.082492,0.154916,0.084244,116.161591,201.336884,-773.722046,0,0
2.840000,-1.492135,1.072457,1.006480,0.781922,-0.401941,0.476489,-0.403861,0.255635,0.878378,-0.474863,-0.879258,0.037559,0.610067,-0.330210,0.000666,0.720263,-0.066811,0.191044,0.063701,0.010227,0.008077,0.019355,-0.476489,-0.878378,-0.037559,0.000000,0.000000,0.000000,-1,-0.476608,-0.860062,-0.037567,-0.078386,0.056288,0.065497,117.738449,200.813034,-774.223022,0,0
2.880000,-1.479745,1.069249,0.998495,0.783310,-0.396464,0.478791,-0.404173,0.260377,0.876840,-0.472301,-0.880352,0.043715,0.608116,-0.329147,0.002668,0.722392,-0.120048,0.100922,0.061508,-0.012114,0.008264,-0.011277,-0.478791,-0.876840,-0.043715,0.000000,0.000000,0.000000,-1,-0.487183,-0.847153,-0.055161,-0.109175,-0.005168,0.089515,117.738449,201.511505,-772.887024,0,0
2.920000,-1.469634,1.065687,0.991197,0.783766,-0.392348,0.481429,-0.404873,0.265028,0.875122,-0.470944,-0.880808,0.048869,0.606191,-0.328783,0.004324,0.724166,-0.127396,0.151871,0.083702,0.000518,0.043136,-0.004720,-0.481429,-0.875122,-0.048869,0.000000,0.000000,0.000000,-1,-0.482788,-0.827744,-0.056458,-0.164229,0.124229,0.124641,115.110352,202.384613,-773.054016,0,0
2.960000,-1.445051,1.057627,0.976062,0.786178,-0.380385,0.487064,-0.406645,0.275068,0.871193,-0.465365,-0.882975,0.061571,0.601984,-0.326848,0.009011,0.728495,-0.168537,0.250568,0.149666,0.007831,0.044289,0.003420,-0.487064,-0.871193,-0.061571,0.000000,0.000000,0.000000,-1,-0.488266,-0.859406,-0.060577,-0.167278,0.151843,0.156461,114.935150,201.511505,-773.889038,0,0
3.000000,-1.425223,1.050393,0.964774,0.788197,-0.369743,0.491971,-0.408684,0.283223,0.867619,-0.460134,-0.884915,0.072128,0.598508,-0.325153,0.013299,0.732043,-0.159971,0.246352,0.166611,0.001630,0.009892,0.012176,-0.491971,-0.867619,-0.072128,0.000000,0.000000,0.000000,-1,-0.490967,-0.851868,-0.058060,-0.154449,0.140212,0.177647,117.037613,201.511505,-775.225037,0,0
3.040000,-1.413707,1.044332,0.959257,0.788998,-0.362181,0.496293,-0.411413,0.288488,0.864589,-0.456313,-0.886340,0.078610,0.596217,-0.324376,0.016764,0.734183,-0.130123,0.234719,0.188674,0.011551,0.021281,0.019803,-0.496293,-0.864589,-0.078610,0.000000,0.000000,0.000000,-1,-0.472992,-0.835617,-0.060944,-0.096929,0.128598,0.208977,116.336792,202.559235,-775.225037,0,0
3.080000,-1.402984,1.036313,0.956744,0.789687,-0.352347,0.502241,-0.416340,0.293506,0.860532,-0.450616,-0.888654,0.085082,0.593948,-0.323549,0.021729,0.736253,-0.069446,0.232682,0.214606,0.028578,0.023709,0.025298,-0.502241,-0.860532,-0.085082,0.000000,0.000000,0.000000,-1,-0.473770,-0.833862,-0.060242,-0.054366,0.136032,0.216984,116.336792,202.209991,-775.893066,0,0
3.120000,-1.393881,1.027466,0.958731,0.790781,-0.340097,0.508920,-0.423137,0.297041,0.855992,-0.442290,-0.892245,0.090987,0.592189,-0.322208,0.028128,0.738039,-0.037600,0.236888,0.197206,0.032830,0.009175,0.030120,-0.508920,-0.855992,-0.090987,0.000000,0.000000,0.000000,-1,-0.478378,-0.855087,-0.058060,-0.035318,0.140236,0.192289,117.037613,202.559235,-776.895081,0,0
3.160000,-1.389095,1.023699,0.961080,0.792100,-0.332859,0.511647,-0.426474,0.297891,0.854038,-0.436689,-0.894688,0.094004,0.591651,-0.320853,0.031673,0.738917,-0.037672,0.271825,0.168318,0.033741,-0.003430,0.037546,-0.511647,-0.854038,-0.094004,0.000000,0.000000,0.000000,-1,-0.477661,-0.867798,-0.052963,-0.043906,0.215455,0.154814,117.388031,202.559235,-777.563110,0,0
3.200000,-1.374467,1.019518,0.964838,0.797839,-0.315515,0.513715,-0.430522,0.298317,0.851856,-0.422023,-0.900809,0.102173,0.591048,-0.315557,0.038784,0.741338,-0.059006,0.351261,0.126681,0.040250,-0.014203,0.047135,-0.513715,-0.851856,-0.102173,0.000000,0.000000,0.000000,-1,-0.473297,-0.856613,-0.055069,-0.059920,0.237686,0.132552,115.635971,202.559235,-777.563110,0,0
3.240000,-1.367166,1.017313,0.966414,0.800453,-0.307023,0.514793,-0.432536,0.298705,0.850699,-0.414955,-0.903611,0.106301,0.590645,-0.313030,0.042258,0.742539,-0.048355,0.291901,0.140648,0.036826,0.014395,0.047448,-0.514793,-0.850699,-0.106301,0.000000,0.000000,0.000000,-1,-0.481323,-0.829285,-0.068390,-0.025896,0.147597,0.151731,115.110352,203.083084,-777.396057,0,0
3.280000,-1.365634,1.014104,0.971038,0.801126,-0.300995,0.517300,-0.436164,0.298241,0.849007,-0.409827,-0.905789,0.107645,0.590601,-0.312038,0.045493,0.742801,0.052605,0.153030,0.155047,0.027264,0.020089,0.035074,-0.517300,-0.849007,-0.107645,0.000000,0.000000,0.000000,-1,-0.510498,-0.834427,-0.080780,0.155770,-0.040054,0.153767,115.285553,202.908463,-778.231079,0,0
3.320000,-1.379136,1.010118,0.988055,0.799002,-0.298475,0.522024,-0.443997,0.292636,0.846895,-0.405539,-0.908448,0.101295,0.592679,-0.313185,0.049135,0.740428,0.247002,-0.051601,0.150634,0.007574,0.013017,0.017097,-0.522024,-0.846895,-0.101295,0.000000,0.000000,0.000000,-1,-0.536362,-0.837997,-0.082077,0.326784,-0.240433,0.152786,114.759949,202.733856,-777.730103,0,0
3.360000,-1.416175,1.004939,1.022493,0.792069,-0.303314,0.529743,-0.457547,0.279457,0.844129,-0.404077,-0.910991,0.082569,0.597922,-0.318127,0.052543,0.733842,0.383081,-0.206348,0.179619,-0.008236,0.018247,0.006534,-0.529743,-0.844129,-0.082569,0.000000,0.000000,0.000000,-1,-0.506409,-0.812561,-0.068237,0.382255,-0.318789,0.218479,115.460770,204.480057,-775.726074,0,0
3.400000,-1.441410,0.999098,1.044891,0.786032,-0.307051,0.536538,-0.467947,0.271610,0.840984,-0.403954,-0.912112,0.069811,0.600960,-0.322400,0.055155,0.729290,0.352751,-0.198729,0.311820,0.044137,0.022548,0.005587,-0.536538,-0.840984,-0.069811,0.000000,0.000000,0.000000,-1,-0.475037,-0.877670,-0.062561,0.313882,-0.213568,0.392144,114.584732,203.956192,-775.225037,0,0
3.440000,-1.466296,0.986123,1.070480,0.777730,-0.306313,0.548916,-0.484278,0.264761,0.833893,-0.400764,-0.914371,0.057572,0.603199,-0.327666,0.061403,0.724580,0.274511,0.029317,0.380791,0.072216,-0.063431,-0.007385,-0.548916,-0.833893,-0.057572,0.000000,0.000000,0.000000,-1,-0.469254,-0.928940,-0.082993,0.254205,0.043927,0.302287,114.409531,204.829285,-776.060059,0,0
3.480000,-1.476616,0.980485,1.094095,0.778028,-0.295952,0.554153,-0.494564,0.255405,0.830767,-0.387401,-0.920424,0.052345,0.606275,-0.325973,0.068761,0.722111,0.295713,0.247211,0.039156,0.099136,-0.114270,-0.058525,-0.554153,-0.830768,-0.052345,0.000000,0.000000,0.000000,-1,-0.458511,-0.901978,-0.127243,0.309316,0.148362,-0.048755,114.935150,204.654663,-776.227051,0,0
3.520000,-1.482755,0.984941,1.109699,0.782452,-0.290554,0.550770,-0.495168,0.246008,0.833240,-0.377594,-0.924694,0.048616,0.609883,-0.322079,0.070987,0.720603,0.278709,0.185314,-0.229498,0.085713,-0.023907,-0.081999,-0.550770,-0.833240,-0.048616,0.000000,0.000000,0.000000,-1,-0.498779,-0.767059,-0.115570,0.141323,-0.061928,-0.291673,115.110352,203.083084,-775.058044,0,0
3.560000,-1.483950,0.997205,1.113227,0.789028,-0.291853,0.540607,-0.486829,0.239726,0.839958,-0.374742,-0.925933,0.047068,0.612828,-0.317659,0.067664,0.720386,-0.064991,-0.109448,-0.244596,0.037006,0.072807,-0.065175,-0.540607,-0.839958,-0.047068,0.000000,0.000000,0.000000,-1,-0.484619,-0.784332,-0.101624,-0.258988,-0.253571,-0.117265,114.409531,202.733856,-776.060059,0,0
3.600000,-1.462880,1.001544,1.082624,0.790104,-0.297628,0.535866,-0.476042,0.252799,0.842304,-0.386159,-0.920603,0.058054,0.608122,-0.318057,0.061545,0.724734,-0.363821,-0.064531,0.012715,0.090173,0.022526,-0.038382,-0.535866,-0.842304,-0.058054,0.000000,0.000000,0.000000,-1,-0.438797,-0.820999,-0.102722,-0.347583,-0.151539,0.051319,113.883911,201.860748,-775.559082,0,0
3.640000,-1.449219,0.998053,1.064506,0.788373,-0.298477,0.537939,-0.473953,0.262806,0.840417,-0.392219,-0.917521,0.065725,0.604120,-0.319651,0.060303,0.727479,-0.329345,-0.064349,0.133599,0.090109,0.019861,-0.038462,-0.537939,-0.840418,-0.065725,0.000000,0.000000,0.000000,-1,-0.525772,-0.814880,-0.098953,-0.429863,-0.249850,0.244138,116.336792,203.606949,-777.229065,0,0
3.680000,-1.427593,0.986511,1.031610,0.781717,-0.301411,0.545957,-0.473346,0.283214,0.834107,-0.406032,-0.910462,0.078722,0.595773,-0.325106,0.058716,0.732061,-0.632759,-0.243208,0.346232,-0.008990,0.011215,-0.015349,-0.545957,-0.834107,-0.078722,0.000000,0.000000,0.000000,-1,-0.570984,-0.844788,-0.091660,-0.742943,-0.322765,0.407476,112.832672,205.353149,-776.227051,0,0
3.720000,-1.389998,0.963057,0.976704,0.769843,-0.303032,0.561706,-0.473174,0.319629,0.820941,-0.428309,-0.897780,0.102677,0.580417,-0.334331,0.057457,0.740295,-0.557204,-0.010006,0.316687,0.041168,-0.019849,0.009629,-0.561706,-0.820941,-0.102677,0.000000,0.000000,0.000000,-1,-0.502502,-0.844467,-0.104904,-0.435981,-0.057907,0.274187,113.183090,203.606949,-778.231079,0,0
3.760000,-1.375561,0.954075,0.960992,0.767142,-0.299295,0.567376,-0.474120,0.331233,0.815779,-0.432092,-0.894822,0.112201,0.575263,-0.336114,0.058792,0.743400,-0.219545,0.055539,0.188214,0.063836,-0.036852,0.003330,-0.567376,-0.815779,-0.112201,0.000000,0.000000,0.000000,-1,-0.511856,-0.874008,-0.103668,-0.132439,-0.119586,0.146665,112.657471,204.829285,-778.398071,0,0
3.800000,-1.369328,0.949058,0.952227,0.764892,-0.298793,0.570668,-0.474526,0.337745,0.812867,-0.435620,-0.892553,0.116553,0.572406,-0.337750,0.058983,0.744847,-0.185850,-0.085557,0.129962,0.066747,-0.065703,0.016700,-0.570668,-0.812867,-0.116553,0.000000,0.000000,0.000000,-1,-0.484436,-0.880890,-0.093796,-0.327197,-0.226716,0.116320,111.781433,207.797836,-778.231079,0,0
3.840000,-1.352280,0.945674,0.922580,0.761926,-0.305137,0.571280,-0.466496,0.353321,0.810892,-0.449278,-0.884339,0.126860,0.566071,-0.340784,0.053881,0.748683,-0.520015,-0.191688,0.062820,0.095939,-0.101462,0.021269,-0.571280,-0.810892,-0.126860,0.000000,0.000000,0.000000,-1,-0.494141,-0.951035,-0.125214,-0.543430,-0.403884,0.043979,112.307053,205.527771,-778.064087,0,0
3.880000,-1.339753,0.940916,0.896557,0.757459,-0.312208,0.573396,-0.460153,0.367744,0.808098,-0.463158,-0.875951,0.134888,0.560095,-0.344745,0.049205,0.751680,-0.491654,-0.350721,0.016440,0.087617,-0.142677,0.003616,-0.573396,-0.808098,-0.134888,0.000000,0.000000,0.000000,-1,-0.461121,-0.946747,-0.127899,-0.277930,-0.494087,-0.015981,111.431030,205.353149,-778.565063,0,0
3.920000,-1.340970,0.940401,0.878770,0.750975,-0.326497,0.573965,-0.453861,0.376136,0.807794,-0.479631,-0.867134,0.134285,0.556901,-0.350313,0.042348,0.751897,-0.110129,-0.410132,-0.013035,0.110693,-0.147040,0.008141,-0.573965,-0.807794,-0.134285,0.000000,0.000000,0.000000,-1,-0.463638,-0.949844,-0.119049,-0.051565,-0.497300,-0.039736,113.007889,204.829285,-777.396057,0,0
3.960000,-1.355773,0.951296,0.873832,0.746884,-0.346963,0.567257,-0.445222,0.372701,0.814169,-0.493904,-0.860645,0.123889,0.559083,-0.354234,0.032801,0.748912,0.037214,-0.373214,-0.139331,0.116421,-0.170939,-0.004102,-0.567257,-0.814169,-0.123889,0.000000,0.000000,0.000000,-1,-0.462021,-1.044907,-0.139023,0.120017,-0.511337,-0.210695,111.606232,205.877014,-776.728027,0,0
4.000000,-1.370547,0.958017,0.877230,0.743651,-0.359558,0.563650,-0.442269,0.367679,0.818053,-0.501380,-0.857630,0.114404,0.561598,-0.356940,0.027720,0.745945,0.173888,-0.409439,-0.258746,0.098837,-0.251970,-0.022147,-0.563650,-0.818053,-0.114404,0.000000,0.000000,0.000000,-1,-0.456436,-1.073242,-0.100662,0.243065,-0.453153,-0.297411,113.007889,205.178528,-777.062073,0,0
4.040000,-1.393008,0.971180,0.888427,0.742126,-0.375162,0.555430,-0.437962,0.355883,0.825552,-0.507384,-0.855921,0.099803,0.567107,-0.358453,0.021181,0.741251,0.176027,-0.244093,-0.289300,0.100917,-0.210504,0.011470,-0.555430,-0.825552,-0.099803,0.000000,0.000000,0.000000,-1,-0.466660,-0.962738,-0.062363,0.000816,-0.180705,-0.311926,111.080612,205.003906,-776.561035,0,0
4.080000,-1.387265,0.988439,0.880142,0.749222,-0.382424,0.540757,-0.423952,0.350369,0.835169,-0.508853,-0.854982,0.100375,0.569754,-0.353826,0.013999,0.741614,-0.203242,0.182081,-0.303014,-0.000411,-0.068152,0.038516,-0.540757,-0.835169,-0.100375,0.000000,0.000000,0.000000,-1,-0.615906,-0.871979,-0.072601,-0.226058,0.197929,-0.217528,113.533493,203.257706,-777.897095,0,0
4.120000,-1.369219,0.992160,0.867998,0.755296,-0.377407,0.535809,-0.417291,0.353481,0.837209,-0.505367,-0.855929,0.109494,0.568402,-0.349532,0.013389,0.744693,-0.201507,0.351926,-0.160184,-0.119052,-0.010172,0.040799,-0.535809,-0.837209,-0.109494,0.000000,0.000000,0.000000,-1,-0.693970,-0.727020,-0.010422,-0.067870,0.428262,-0.041606,111.956650,203.432327,-778.398071,0,0
4.160000,-1.349022,0.993202,0.877991,0.769335,-0.352733,0.532638,-0.420131,0.348736,0.837779,-0.481262,-0.868310,0.120101,0.570197,-0.338858,0.022526,0.748026,0.633989,1.903315,0.038490,-0.135209,0.135951,0.459181,-0.532638,-0.837779,-0.120101,0.000000,0.000000,0.000000,-1,-0.427994,-0.906067,0.311478,2.767378,0.587827,-0.423540,111.781433,203.606949,-778.899109,0,0
4.200000,-1.560473,1.024671,1.108283,0.769326,-0.372037,0.519352,-0.464811,0.231746,0.854544,-0.438280,-0.898822,0.005362,0.618914,-0.338031,0.032748,0.708243,2.556288,-2.815874,-0.106065,-0.135906,0.194235,0.033224,-0.519352,-0.854544,-0.005362,0.000000,0.000000,0.000000,-1,-0.745163,-0.457123,0.016876,1.696821,-3.150805,0.077424,111.956650,201.686127,-770.381958,0,0
4.240000,-1.739530,1.019360,1.212168,0.727312,-0.451968,0.516471,-0.490580,0.183888,0.851773,-0.479946,-0.872875,-0.087983,0.638633,-0.368971,0.014298,0.675133,1.335313,-2.897259,0.074764,-0.294259,0.410596,-0.081269,-0.516471,-0.851773,0.087983,0.000000,0.000000,0.000000,-1,-0.972870,-0.517136,-0.045929,0.730498,-2.560422,-0.015643,114.759949,202.733856,-766.373901,0,0
