0.000000,1.680613,-1.218444,1.369435,0.892141,-0.293966,-0.343028,-0.338134,0.069022,-0.938564,0.299583,0.953320,-0.037822,-0.682082,0.231681,0.015924,0.693423,0.005127,0.043511,-0.009331,-0.000315,0.020009,-0.000347,0.343028,0.938564,0.037822,0.000000,0.000000,0.000000,-1,0.345108,0.946732,0.033295,-0.022226,0.058101,-0.017091,58.011368,222.904221,-524.886719,0,0
0.040000,1.681389,-1.218846,1.368831,0.891865,-0.295273,-0.342623,-0.337722,0.069151,-0.938702,0.300866,0.952907,-0.038047,-0.682049,0.232020,0.015306,0.693356,-0.001236,0.045678,-0.003967,0.002485,0.008029,-0.004752,0.342623,0.938702,0.038047,0.000000,0.000000,0.000000,-1,0.354355,0.942581,0.029449,-0.031862,0.036960,-0.012675,57.308197,223.607391,-523.546021,0,0
0.080000,1.681621,-1.218459,1.368251,0.891494,-0.295984,-0.342975,-0.338038,0.069420,-0.938569,0.301611,0.952667,-0.038166,-0.681953,0.232429,0.015164,0.693316,-0.016250,0.005418,-0.004751,0.016095,0.004241,-0.007054,0.342975,0.938569,0.038166,0.000000,0.000000,0.000000,-1,0.364120,0.946869,0.042130,-0.044746,0.004100,-0.015648,56.956604,223.255798,-523.546021,0,0
0.120000,1.683553,-1.217234,1.371156,0.891358,-0.295151,-0.344043,-0.339365,0.068666,-0.938145,0.300519,0.952980,-0.038958,-0.682212,0.232522,0.015950,0.693013,-0.032352,-0.037994,-0.003366,0.014828,0.011943,0.007779,0.344043,0.938145,0.038958,0.000000,0.000000,0.000000,-1,0.347229,0.951630,0.042648,-0.060840,-0.040340,-0.011096,57.659775,223.255798,-523.546021,0,0
0.160000,1.687025,-1.216932,1.376623,0.891826,-0.293567,-0.344188,-0.340014,0.066864,-0.938040,0.298391,0.953597,-0.040186,-0.682852,0.231961,0.016767,0.692550,-0.046202,-0.044284,0.003158,-0.000010,0.013162,0.003363,0.344188,0.938040,0.040186,0.000000,0.000000,0.000000,-1,0.342636,0.951431,0.042053,-0.063981,-0.029669,-0.002589,57.483978,222.728424,-522.708069,0,0
0.200000,1.690616,-1.216857,1.381976,0.892300,-0.292212,-0.344111,-0.340436,0.065056,-0.938015,0.296485,0.954138,-0.041430,-0.683497,0.231401,0.017420,0.692085,-0.038695,-0.030456,0.009430,-0.002390,0.017628,0.007322,0.344111,0.938015,0.041430,0.000000,0.000000,0.000000,-1,0.341064,0.957809,0.054016,-0.060759,-0.021187,-0.001580,58.187149,223.783188,-523.378418,0,0
0.240000,1.695092,-1.216926,1.387683,0.892665,-0.291395,-0.343858,-0.340737,0.063101,-0.938039,0.295037,0.954519,-0.042961,-0.684201,0.230974,0.017838,0.691521,-0.027005,-0.025246,-0.000279,-0.003114,0.018428,0.012184,0.343858,0.938039,0.042961,0.000000,0.000000,0.000000,-1,0.339615,0.954758,0.054611,-0.041586,-0.006502,-0.016698,56.780823,223.431595,-522.708069,0,0
0.280000,1.698069,-1.217394,1.391145,0.892955,-0.291174,-0.343293,-0.340522,0.061842,-0.938200,0.294409,0.954669,-0.043929,-0.684661,0.230660,0.017850,0.691171,-0.016352,-0.006208,-0.007879,-0.003678,0.016557,0.010682,0.343293,0.938201,0.043929,0.000000,0.000000,0.000000,-1,0.346909,0.955261,0.057175,-0.036216,0.011472,-0.020003,57.132401,222.728424,-524.048767,0,0
0.320000,1.703376,-1.217765,1.395418,0.892762,-0.292447,-0.342710,-0.340441,0.060325,-0.938329,0.295085,0.954377,-0.045704,-0.685226,0.230904,0.017375,0.690540,-0.010923,0.034043,-0.008075,0.010195,0.015696,0.010829,0.342710,0.938329,0.045704,0.000000,0.000000,0.000000,-1,0.363174,0.938919,0.055450,-0.032929,0.042187,-0.020144,59.593491,222.376846,-521.032166,0,0
0.360000,1.706876,-1.216963,1.397829,0.892164,-0.293588,-0.343293,-0.341326,0.059634,-0.938051,0.295873,0.954070,-0.047006,-0.685481,0.231558,0.017294,0.690071,-0.013101,0.022375,-0.010126,0.021591,-0.000277,0.005957,0.343293,0.938051,0.047006,0.000000,0.000000,0.000000,-1,0.370560,0.945145,0.041245,-0.036167,0.029458,-0.022202,57.659775,222.552643,-522.540466,0,0
0.400000,1.708403,-1.216005,1.398715,0.891648,-0.294197,-0.344110,-0.342264,0.059485,-0.937719,0.296344,0.953892,-0.047653,-0.685532,0.232105,0.017420,0.689833,-0.004604,0.016018,-0.010142,0.022436,0.011805,0.005875,0.344111,0.937719,0.047653,0.000000,0.000000,0.000000,-1,0.357742,0.951859,0.053452,-0.034025,0.029507,-0.016892,57.659775,222.904221,-522.875671,0,0
0.440000,1.711116,-1.215487,1.400638,0.891234,-0.295040,-0.344461,-0.342856,0.058909,-0.937539,0.296903,0.953667,-0.048654,-0.685744,0.232556,0.017338,0.689472,-0.012016,0.022553,-0.002606,0.013144,0.012656,0.003470,0.344461,0.937539,0.048654,0.000000,0.000000,0.000000,-1,0.356903,0.954910,0.054260,-0.028693,0.029535,-0.013737,57.132401,222.025269,-523.713623,0,0
0.480000,1.712116,-1.215140,1.400827,0.890874,-0.295806,-0.344735,-0.343188,0.058900,-0.937418,0.297599,0.953430,-0.049045,-0.685751,0.232954,0.017184,0.689335,0.009279,0.019420,0.002574,0.010124,0.016577,0.004071,0.344735,0.937418,0.049045,0.000000,0.000000,0.000000,-1,0.343628,0.950745,0.054688,-0.013755,0.033837,-0.006412,57.132401,223.431595,-523.378418,0,0
0.520000,1.713487,-1.215094,1.401013,0.890505,-0.296944,-0.344710,-0.343242,0.058843,-0.937402,0.298640,0.953080,-0.049523,-0.685782,0.233378,0.016795,0.689171,0.005065,0.034282,0.005743,-0.002516,0.017432,0.005805,0.344710,0.937402,0.049523,0.000000,0.000000,0.000000,-1,0.334564,0.960175,0.055008,-0.015856,0.048606,-0.012843,57.132401,222.728424,-523.713623,0,0
0.560000,1.715777,-1.216559,1.400942,0.890294,-0.299275,-0.343236,-0.341884,0.058635,-0.937911,0.300819,0.952364,-0.050114,-0.685889,0.233696,0.015461,0.688988,0.013593,0.055278,-0.014663,-0.007238,0.017899,0.001598,0.343236,0.937911,0.050114,0.000000,0.000000,0.000000,-1,0.332352,0.947144,0.051376,-0.011574,0.068591,-0.027866,57.835571,224.134766,-522.372925,0,0
0.600000,1.717777,-1.217784,1.401035,0.890133,-0.301166,-0.341999,-0.340757,0.058409,-0.938335,0.302571,0.951781,-0.050632,-0.685995,0.233939,0.014369,0.688823,0.001919,0.063769,-0.022028,-0.008716,0.009861,0.004223,0.341999,0.938335,0.050632,0.000000,0.000000,0.000000,-1,0.337311,0.946533,0.041641,-0.023304,0.069574,-0.036301,57.308197,224.310562,-523.210815,0,0
0.640000,1.719998,-1.219243,1.400900,0.889908,-0.303484,-0.340531,-0.339398,0.058224,-0.938839,0.304750,0.951056,-0.051188,-0.686089,0.234256,0.013038,0.688648,-0.002359,0.059493,-0.026247,0.003998,0.009907,-0.007624,0.340531,0.938839,0.051188,0.000000,0.000000,0.000000,-1,0.360184,0.950439,0.043945,-0.029705,0.064290,-0.035166,59.066116,221.849472,-524.216370,0,0
0.680000,1.721552,-1.219132,1.400503,0.889275,-0.305308,-0.340554,-0.339479,0.058376,-0.938801,0.306504,0.950463,-0.051733,-0.686045,0.234965,0.012408,0.688462,-0.024810,0.015128,-0.013105,0.026053,0.004940,-0.008840,0.340554,0.938801,0.051733,0.000000,0.000000,0.000000,-1,0.368820,0.937378,0.039047,-0.058591,0.007232,-0.020879,56.429230,222.728424,-522.708069,0,0
0.720000,1.721912,-1.218007,1.401725,0.889159,-0.304500,-0.341579,-0.340590,0.058139,-0.938413,0.305605,0.950737,-0.052015,-0.686118,0.235051,0.013108,0.688346,-0.053689,-0.038808,-0.004137,0.026478,-0.003735,-0.016065,0.341579,0.938412,0.052015,0.000000,0.000000,0.000000,-1,0.356796,0.949539,0.039307,-0.081071,-0.041385,-0.009869,58.011368,222.904221,-522.875671,0,0
0.760000,1.723835,-1.216749,1.408657,0.890247,-0.300090,-0.342645,-0.342150,0.055967,-0.937977,0.300655,0.952267,-0.052851,-0.686864,0.233758,0.015283,0.687998,-0.059067,-0.082102,-0.001738,0.000281,0.014355,-0.005900,0.342645,0.937977,0.052851,0.000000,0.000000,0.000000,-1,0.343536,0.948151,0.052032,-0.080123,-0.073238,-0.018280,57.483978,221.673676,-523.043213,0,0
0.800000,1.726032,-1.216942,1.413655,0.891149,-0.297743,-0.342349,-0.342246,0.054228,-0.938044,0.297861,0.953105,-0.053576,-0.687477,0.232731,0.016178,0.687714,-0.063351,-0.081151,-0.013430,-0.000293,0.011571,-0.002673,0.342349,0.938044,0.053576,0.000000,0.000000,0.000000,-1,0.338913,0.953201,0.059601,-0.082277,-0.073326,-0.027851,56.780823,224.486343,-523.713623,0,0
0.840000,1.729218,-1.217517,1.419591,0.892160,-0.295518,-0.341644,-0.342029,0.052114,-0.938243,0.295072,0.953915,-0.054581,-0.688227,0.231590,0.016917,0.687330,-0.051670,-0.088586,-0.015629,-0.005187,0.015401,0.009536,0.341644,0.938243,0.054581,0.000000,0.000000,0.000000,-1,0.336639,0.965424,0.067780,-0.069524,-0.084940,-0.023645,58.187149,223.783188,-522.037720,0,0
0.880000,1.733811,-1.218432,1.427825,0.893543,-0.292596,-0.340543,-0.341597,0.049174,-0.938559,0.291365,0.954971,-0.056011,-0.689271,0.230023,0.017837,0.686787,-0.036704,-0.072609,-0.006230,0.001910,0.029290,0.014180,0.340543,0.938559,0.056011,0.000000,0.000000,0.000000,-1,0.341339,0.962479,0.076508,-0.040564,-0.026557,-0.009174,57.308197,222.201050,-522.875671,0,0
0.920000,1.738286,-1.218476,1.433270,0.893848,-0.292005,-0.340248,-0.341819,0.047308,-0.938574,0.290165,0.955246,-0.057527,-0.689940,0.229666,0.018148,0.686227,-0.002263,0.018633,0.002792,0.003258,0.016290,0.014540,0.340248,0.938574,0.057527,0.000000,0.000000,0.000000,-1,0.349182,0.946548,0.072128,-0.023324,0.040174,-0.008492,58.187149,222.376846,-523.378418,0,0
0.960000,1.740873,-1.218176,1.434546,0.893368,-0.293322,-0.340376,-0.342158,0.046910,-0.938471,0.291241,0.954862,-0.058454,-0.690093,0.230215,0.017800,0.685898,0.009541,0.052516,0.001510,0.007311,0.008032,0.012651,0.340376,0.938471,0.058455,0.000000,0.000000,0.000000,-1,0.354538,0.960190,0.077820,-0.003026,0.068697,-0.016214,58.362946,222.904221,-522.540466,0,0
1.000000,1.743810,-1.218084,1.434890,0.892580,-0.295814,-0.340287,-0.342259,0.046804,-0.938439,0.293530,0.954098,-0.059469,-0.690153,0.231135,0.016937,0.685550,0.025465,0.055526,-0.016731,0.016235,0.023154,0.017878,0.340287,0.938439,0.059469,0.000000,0.000000,0.000000,-1,0.357986,0.956299,0.072861,0.005414,0.056887,-0.033280,56.429230,222.025269,-523.378418,0,0
1.040000,1.745656,-1.218337,1.434053,0.891872,-0.298333,-0.339943,-0.341985,0.047058,-0.938526,0.295990,0.953301,-0.060056,-0.690085,0.231971,0.015923,0.685360,0.022233,0.041821,-0.010254,0.012687,0.020214,0.006946,0.339943,0.938526,0.060056,0.000000,0.000000,0.000000,-1,0.345215,0.958267,0.060760,-0.000941,0.055967,-0.018313,59.066116,223.255798,-522.540466,0,0
1.080000,1.745212,-1.218639,1.431897,0.891461,-0.299846,-0.339690,-0.341602,0.047756,-0.938631,0.297667,0.952792,-0.059855,-0.689848,0.232460,0.015229,0.685449,0.037347,0.062092,0.001324,0.003144,0.019209,0.001607,0.339690,0.938631,0.059855,0.000000,0.000000,0.000000,-1,0.339127,0.953934,0.059219,0.027961,0.096325,-0.005904,56.956604,222.201050,-522.205322,0,0
1.120000,1.743695,-1.219027,1.427644,0.890765,-0.302210,-0.339422,-0.341034,0.049156,-0.938765,0.300389,0.951973,-0.059278,-0.689363,0.233275,0.014155,0.685683,0.055563,0.096030,0.006379,-0.000295,0.015169,-0.000058,0.339422,0.938765,0.059278,0.000000,0.000000,0.000000,-1,0.340927,0.954956,0.060562,0.036498,0.103727,-0.007064,56.956604,222.904221,-523.546021,0,0
1.160000,1.739528,-1.219709,1.418397,0.889442,-0.306511,-0.339035,-0.339933,0.052210,-0.938999,0.305515,0.950434,-0.057755,-0.688293,0.234800,0.012175,0.686276,0.068257,0.077913,-0.005372,0.005340,0.004803,-0.000550,0.339035,0.938999,0.057755,0.000000,0.000000,0.000000,-1,0.347321,0.938385,0.053665,0.040662,0.079287,-0.015527,58.011368,222.904221,-522.875671,0,0
1.200000,1.735118,-1.219765,1.411141,0.888582,-0.308774,-0.339234,-0.339493,0.054667,-0.939019,0.308490,0.949563,-0.056250,-0.687417,0.235762,0.011181,0.686840,0.051130,0.047201,-0.005118,0.011871,0.004173,-0.000831,0.339234,0.939019,0.056251,0.000000,0.000000,0.000000,-1,0.344986,0.944824,0.051483,0.010726,0.039038,-0.016209,57.659775,224.310562,-521.870117,0,0
1.240000,1.732827,-1.219861,1.407673,0.888250,-0.309687,-0.339274,-0.339213,0.055830,-0.939051,0.309753,0.949198,-0.055459,-0.687001,0.236135,0.010743,0.687135,0.023515,0.032414,-0.005857,0.005712,0.005773,-0.003976,0.339274,0.939051,0.055459,0.000000,0.000000,0.000000,-1,0.346680,0.946747,0.045380,-0.009492,0.043279,-0.016068,56.956604,222.552643,-523.546021,0,0
1.280000,1.731176,-1.219989,1.404290,0.887756,-0.311131,-0.339246,-0.338903,0.056957,-0.939096,0.311504,0.948659,-0.054879,-0.686600,0.236686,0.010101,0.687356,0.000113,0.036652,-0.005689,0.004214,0.011344,-0.009805,0.339246,0.939096,0.054879,0.000000,0.000000,0.000000,-1,0.342819,0.955078,0.042145,-0.023334,0.042233,-0.014892,56.605026,223.607391,-522.540466,0,0
1.320000,1.730049,-1.220274,1.402081,0.887514,-0.312039,-0.339043,-0.338513,0.057660,-0.939193,0.312614,0.948318,-0.054455,-0.686351,0.236960,0.009627,0.687517,0.000109,0.027175,0.000738,0.005439,0.014038,-0.012478,0.339043,0.939193,0.054455,0.000000,0.000000,0.000000,-1,0.351135,0.949951,0.046600,-0.022293,0.030622,-0.010595,58.011368,223.958969,-523.546021,0,0
1.360000,1.728861,-1.219861,1.400088,0.887125,-0.312657,-0.339491,-0.338779,0.058401,-0.939052,0.313428,0.948069,-0.054113,-0.686083,0.237375,0.009497,0.687643,-0.002015,0.024025,0.003967,0.010866,0.011174,-0.008443,0.339491,0.939052,0.054113,0.000000,0.000000,0.000000,-1,0.351120,0.953064,0.050690,-0.035062,0.035891,-0.013712,57.308197,222.904221,-522.875671,0,0
1.400000,1.730062,-1.219602,1.400282,0.886723,-0.313609,-0.339666,-0.339031,0.058376,-0.938962,0.314295,0.947756,-0.054559,-0.686095,0.237809,0.009245,0.687484,-0.017849,0.036586,-0.012930,0.012995,0.011263,-0.005533,0.339666,0.938962,0.054559,0.000000,0.000000,0.000000,-1,0.359589,0.949829,0.046570,-0.042497,0.050623,-0.024363,58.362946,224.310562,-523.546021,0,0
1.440000,1.731722,-1.219104,1.400329,0.886048,-0.315111,-0.340036,-0.339494,0.058440,-0.938791,0.315695,0.947254,-0.055198,-0.686077,0.238532,0.008870,0.687257,-0.000738,0.049408,-0.000319,0.019187,0.018561,-0.009009,0.340036,0.938791,0.055198,0.000000,0.000000,0.000000,-1,0.366409,0.966904,0.052170,-0.009444,0.053930,-0.009717,56.605026,223.958969,-522.540466,0,0
1.480000,1.728540,-1.218390,1.395656,0.885340,-0.316195,-0.340871,-0.339877,0.060142,-0.938545,0.317264,0.946786,-0.054221,-0.685460,0.239282,0.008610,0.687616,0.040742,0.021986,0.013319,0.023005,0.021843,-0.005072,0.340871,0.938545,0.054221,0.000000,0.000000,0.000000,-1,0.361938,0.951248,0.045700,0.013987,0.030909,0.021082,58.538742,223.080017,-523.043213,0,0
1.520000,1.721549,-1.215766,1.387358,0.884054,-0.316758,-0.343676,-0.341786,0.063409,-0.937636,0.318796,0.946384,-0.052206,-0.684261,0.240604,0.009090,0.688342,0.044046,0.020278,0.058054,0.009443,0.001603,0.000604,0.343676,0.937636,0.052206,0.000000,0.000000,0.000000,-1,0.346619,0.942993,0.057709,0.020444,0.029065,0.050868,59.241898,222.728424,-524.719116,0,0
1.560000,1.718793,-1.214095,1.383669,0.883198,-0.317304,-0.345368,-0.343090,0.064961,-0.937054,0.319766,0.946096,-0.051490,-0.683690,0.241481,0.009362,0.688598,0.038884,0.020308,0.059229,-0.001725,0.008900,0.007379,0.345368,0.937054,0.051490,0.000000,0.000000,0.000000,-1,0.336075,0.955933,0.058014,0.010837,0.027929,0.042424,57.835571,221.322098,-523.043213,0,0
1.600000,1.716779,-1.213405,1.380519,0.882609,-0.318135,-0.346110,-0.343517,0.066164,-0.936813,0.320933,0.945734,-0.050888,-0.683252,0.242097,0.009212,0.688819,0.036674,0.016888,0.032617,-0.015620,0.017182,0.008011,0.346110,0.936813,0.050888,0.000000,0.000000,0.000000,-1,0.325790,0.952911,0.055450,0.023528,0.026561,0.009306,57.132401,222.728424,-522.708069,0,0
1.640000,1.713764,-1.214558,1.375875,0.882489,-0.319460,-0.345193,-0.342147,0.067549,-0.937215,0.322721,0.945189,-0.049691,-0.682757,0.242256,0.008229,0.689266,0.052611,0.019927,0.017549,-0.018899,0.015177,0.016090,0.345193,0.937215,0.049691,0.000000,0.000000,0.000000,-1,0.336182,0.952560,0.067398,0.025649,0.026531,0.006094,58.187149,222.376846,-524.048767,0,0
1.680000,1.713991,-1.215071,1.375036,0.882321,-0.320449,-0.344706,-0.341618,0.067743,-0.937394,0.323738,0.944840,-0.049700,-0.682693,0.242447,0.007678,0.689268,0.037701,0.022053,0.017647,-0.006846,0.013366,0.017927,0.344706,0.937394,0.049700,0.000000,0.000000,0.000000,-1,0.334335,0.951996,0.065720,-0.003110,0.024400,0.004194,59.593491,222.025269,-523.378418,0,0
1.720000,1.716695,-1.215257,1.376668,0.882031,-0.321575,-0.344398,-0.341558,0.067152,-0.937459,0.324591,0.944500,-0.050607,-0.682914,0.242759,0.007251,0.688944,0.000561,0.018818,0.008431,-0.006004,0.008907,0.024207,0.344398,0.937459,0.050607,0.000000,0.000000,0.000000,-1,0.339645,0.946243,0.079697,-0.024435,0.028485,-0.012701,58.011368,224.310562,-524.216370,0,0
1.760000,1.723175,-1.215878,1.381781,0.881783,-0.323226,-0.343487,-0.341325,0.065295,-0.937675,0.325509,0.944067,-0.052749,-0.683600,0.243033,0.006575,0.688173,0.015364,0.013269,-0.019366,0.001880,0.007729,0.027421,0.343488,0.937675,0.052749,0.000000,0.000000,0.000000,-1,0.354080,0.951523,0.078949,-0.002192,0.008148,-0.035169,57.132401,223.080017,-523.713623,0,0
1.800000,1.723657,-1.216346,1.382223,0.881927,-0.323322,-0.343028,-0.340923,0.065062,-0.937837,0.325541,0.944050,-0.052848,-0.683687,0.242890,0.006394,0.688139,0.051394,-0.032368,-0.029060,0.015691,0.017546,0.022653,0.343028,0.937837,0.052848,0.000000,0.000000,0.000000,-1,0.367706,0.947586,0.055817,0.073074,-0.091538,-0.047098,56.780823,222.728424,-522.037720,0,0
1.840000,1.703252,-1.216893,1.365900,0.883489,-0.318490,-0.343527,-0.339313,0.070513,-0.938027,0.322976,0.945300,-0.045770,-0.681679,0.241244,0.007537,0.690694,0.193854,-0.109632,-0.020270,0.044276,0.007667,-0.004190,0.343527,0.938027,0.045770,0.000000,0.000000,0.000000,-1,0.398941,0.957306,0.036224,0.186131,-0.047905,-0.022570,58.890320,222.728424,-523.043213,0,0
1.880000,1.684152,-1.217114,1.347097,0.883766,-0.317066,-0.344132,-0.337725,0.076835,-0.938103,0.323882,0.945286,-0.039177,-0.679358,0.240959,0.007452,0.693077,0.210223,-0.051125,0.012497,0.049255,0.008262,-0.026146,0.344132,0.938103,0.039177,0.000000,0.000000,0.000000,-1,0.400284,0.942322,-0.020370,0.192607,-0.047581,0.012534,57.132401,222.025269,-525.054321,0,0
1.920000,1.653119,-1.216206,1.316764,0.883953,-0.314467,-0.346030,-0.336063,0.087256,-0.937789,0.325097,0.945249,-0.028551,-0.675509,0.240756,0.007747,0.696896,0.279418,-0.076348,0.035498,0.061090,0.002610,-0.052309,0.346030,0.937789,0.028551,0.000000,0.000000,0.000000,-1,0.419250,0.926971,-0.028992,0.274520,-0.088711,0.033359,57.132401,222.025269,-525.054321,0,0
1.960000,1.621464,-1.213984,1.287209,0.884264,-0.310464,-0.348840,-0.335337,0.097731,-0.937015,0.325002,0.945548,-0.017690,-0.671607,0.240394,0.008873,0.700768,0.328257,-0.160691,0.079124,0.070410,-0.010044,-0.046682,0.348840,0.937015,0.017690,0.000000,0.000000,0.000000,-1,0.405334,0.912048,-0.032913,0.329656,-0.223635,0.104814,57.659775,222.552643,-524.551514,0,0
2.000000,1.557596,-1.206691,1.232318,0.885730,-0.297805,-0.356082,-0.335908,0.118248,-0.934443,0.320388,0.947275,0.004701,-0.663849,0.238651,0.013442,0.708639,0.418594,-0.289125,0.166272,0.043363,-0.027949,-0.027083,0.356082,0.934443,-0.004701,0.000000,0.000000,0.000000,-1,0.389023,0.881454,-0.048416,0.430734,-0.300376,0.169302,57.835571,222.025269,-525.724670,0,0
2.040000,1.490558,-1.197478,1.175352,0.887375,-0.283566,-0.363534,-0.336561,0.140492,-0.931122,0.315108,0.948606,0.029232,-0.655296,0.236583,0.018475,0.717129,0.602563,-0.415999,0.203754,0.019568,-0.049027,-0.024357,0.363534,0.931122,-0.029232,0.000000,0.000000,0.000000,-1,0.351547,0.922592,-0.074844,0.626144,-0.480321,0.185507,59.593491,222.728424,-526.395020,0,0
2.080000,1.404465,-1.186775,1.105506,0.891450,-0.262297,-0.369482,-0.334823,0.168100,-0.927165,0.305303,0.950233,0.062029,-0.644461,0.231636,0.024896,0.728282,0.676499,-0.595219,0.181480,-0.012075,0.035527,-0.007520,0.369482,0.927165,-0.062029,0.000000,0.000000,0.000000,-1,0.369827,1.020782,-0.025711,0.683213,-0.619112,0.182388,59.066116,222.904221,-526.897766,0,0
2.120000,1.282977,-1.165669,1.009726,0.897180,-0.228564,-0.377923,-0.333709,0.209717,-0.919052,0.289319,0.950672,0.111880,-0.627611,0.223973,0.035294,0.744778,1.001045,-0.779310,0.324537,0.011969,0.057449,0.067095,0.377923,0.919052,-0.111880,0.000000,0.000000,0.000000,-1,0.326538,0.979950,-0.037048,1.054660,-0.783120,0.321811,58.890320,222.728424,-530.752319,0,0
2.160000,1.197342,-1.144511,0.941603,0.900110,-0.203925,-0.384990,-0.334309,0.243337,-0.910508,0.279357,0.948263,0.150856,-0.613579,0.219301,0.043040,0.757348,1.155815,-0.739175,0.429718,-0.063442,0.042007,0.067543,0.384990,0.910508,-0.150856,0.000000,0.000000,0.000000,-1,0.347992,0.925354,-0.371536,1.265536,-0.621917,0.577379,61.175613,224.310562,-532.595764,0,0
2.200000,1.066053,-1.085417,0.833428,0.898227,-0.162560,-0.408365,-0.345354,0.313677,-0.884498,0.271879,0.935511,0.225612,-0.582867,0.217852,0.058541,0.780627,1.574007,-0.767673,0.791987,0.006659,0.166390,-0.296284,0.408365,0.884498,-0.225612,0.000000,0.000000,0.000000,-1,0.450516,1.069214,-0.390579,1.512375,-0.775549,0.691095,60.472443,221.849472,-535.277222,0,0
2.240000,0.976088,-1.038719,0.762193,0.898142,-0.129439,-0.420223,-0.350312,0.366960,-0.861755,0.265750,0.921187,0.284238,-0.558333,0.214814,0.069167,0.798332,1.091182,-0.560992,0.340064,0.120594,0.058365,-0.026401,0.420223,0.861755,-0.284238,0.000000,0.000000,0.000000,-1,0.625061,0.873779,-0.295883,0.896642,-0.523124,0.258142,61.702988,221.673676,-536.450317,0,0
2.280000,0.934479,-1.019357,0.731964,0.899886,-0.112452,-0.421378,-0.350148,0.389720,-0.851771,0.260003,0.914042,0.311329,-0.547457,0.211249,0.073693,0.806371,0.592574,-0.508615,0.153042,0.176201,0.037297,0.017079,0.421378,0.851771,-0.311329,0.000000,0.000000,0.000000,-1,0.443420,0.790726,-0.345169,0.306137,-0.565155,0.054076,62.054581,221.673676,-537.791016,0,0
2.320000,0.897622,-1.009592,0.715526,0.904795,-0.090579,-0.416104,-0.349135,0.401682,-0.846615,0.243827,0.911289,0.331815,-0.541133,0.203145,0.079591,0.812141,0.161872,-0.614872,0.014125,-0.023541,-0.097698,-0.023379,0.416104,0.846615,-0.331815,0.000000,0.000000,0.000000,-1,0.248154,0.719406,-0.362900,0.039535,-0.579207,-0.096145,62.406158,220.970505,-539.466919,0,0
2.360000,0.869333,-1.011273,0.707901,0.911253,-0.072232,-0.405464,-0.345136,0.403250,-0.847508,0.224721,0.912234,0.342533,-0.539785,0.193303,0.083711,0.815021,-0.037092,-0.404837,-0.184334,-0.182899,-0.114903,-0.011105,0.405464,0.847508,-0.342533,0.000000,0.000000,0.000000,-1,0.244568,0.762833,-0.335541,-0.122816,-0.275494,-0.243039,61.878784,222.201050,-537.623413,0,0
2.400000,0.861963,-1.024242,0.705685,0.916091,-0.071466,-0.394551,-0.337085,0.395614,-0.854320,0.217145,0.915632,0.338328,-0.543633,0.187880,0.081584,0.813946,-0.320247,0.059182,-0.293606,-0.120381,-0.090191,0.005717,0.394551,0.854320,-0.338328,0.000000,0.000000,0.000000,-1,0.339569,0.753677,-0.334793,-0.427206,0.154189,-0.285967,61.527206,221.497879,-537.623413,0,0
2.440000,0.884893,-1.044406,0.723332,0.917639,-0.082332,-0.388793,-0.332541,0.376613,-0.864627,0.217611,0.922705,0.318216,-0.552904,0.187589,0.077401,0.808156,-0.617595,0.238078,-0.196092,-0.003478,-0.131625,-0.042807,0.388793,0.864626,-0.318216,0.000000,0.000000,0.000000,-1,0.406067,0.745468,-0.369400,-0.722722,0.218876,-0.168863,60.999817,222.376846,-537.455811,0,0
2.480000,0.914179,-1.061013,0.749725,0.917880,-0.090006,-0.386517,-0.332534,0.357147,-0.872850,0.216605,0.929702,0.297888,-0.561882,0.188002,0.075599,0.802015,-0.708157,0.179233,-0.147230,0.030628,-0.067658,-0.117195,0.384866,0.877900,-0.284904,0.000000,0.000000,0.000000,-1,0.458221,0.830231,-0.417892,-0.619656,0.119616,-0.134135,60.472443,221.497879,-535.947510,0,0
2.520000,0.965071,-1.086135,0.798791,0.918369,-0.099470,-0.383019,-0.333830,0.325006,-0.884833,0.212497,0.940466,0.265269,-0.576215,0.187994,0.073983,0.791935,-0.376854,0.146272,-0.039947,0.104790,-0.029776,-0.203099,0.383019,0.884833,-0.265269,0.000000,0.000000,0.000000,-1,0.489380,0.861740,-0.486954,-0.283794,0.147459,0.019759,60.824036,222.201050,-535.612366,0,0
2.560000,0.983015,-1.090245,0.814415,0.917269,-0.103118,-0.384687,-0.336219,0.317252,-0.886740,0.213481,0.942718,0.256335,-0.579586,0.189504,0.073848,0.789122,-0.223396,0.105893,0.063416,0.097841,-0.031470,-0.231748,0.384687,0.886740,-0.256335,0.000000,0.000000,0.000000,-1,0.466995,0.814911,-0.474014,-0.210579,-0.008494,0.108197,61.175613,222.201050,-533.936523,0,0
2.600000,0.999652,-1.090084,0.836964,0.915990,-0.098116,-0.389018,-0.343392,0.309686,-0.886666,0.207470,0.945763,0.249977,-0.582307,0.189551,0.077944,0.786710,-0.134723,-0.199629,0.127792,0.066655,-0.104363,-0.229591,0.389018,0.886666,-0.249977,0.000000,0.000000,0.000000,-1,0.471130,0.754379,-0.490906,-0.129187,-0.217027,0.123262,60.472443,221.849472,-533.601318,0,0
2.640000,1.002347,-1.087626,0.847636,0.915730,-0.090254,-0.391526,-0.348311,0.307445,-0.885527,0.200295,0.947276,0.250100,-0.582706,0.188158,0.082044,0.786332,-0.081383,-0.232776,0.209533,0.103698,-0.138685,-0.220679,0.391526,0.885527,-0.250100,0.000000,0.000000,0.000000,-1,0.543900,0.976761,-0.441833,-0.021435,-0.328322,0.345496,61.527206,222.904221,-534.606812,0,0
2.680000,1.004951,-1.076024,0.862897,0.913019,-0.075751,-0.400822,-0.360744,0.308754,-0.880077,0.190422,0.948121,0.254572,-0.580881,0.187859,0.090552,0.786820,0.057807,-0.097979,0.357093,0.158275,0.278004,-0.078070,0.400822,0.880077,-0.254572,0.000000,0.000000,0.000000,-1,0.412506,1.087051,-0.153259,-0.035210,0.437015,0.296925,62.581955,222.904221,-534.271667,0,0
2.720000,1.047261,-1.062354,0.883121,0.901905,-0.093866,-0.421612,-0.376175,0.309004,-0.873504,0.212272,0.946417,0.243382,-0.580844,0.202310,0.090101,0.783309,-0.021534,0.741293,0.399306,-0.176693,0.031159,-0.040783,0.421612,0.873504,-0.243382,0.000000,0.000000,0.000000,-1,0.248184,0.898483,-0.321030,0.005594,0.786783,0.438051,63.812500,223.431595,-534.774414,0,0
2.760000,1.077830,-1.050374,0.891527,0.891956,-0.111959,-0.438041,-0.386874,0.312383,-0.867609,0.233973,0.943336,0.235317,-0.579710,0.215122,0.088004,0.780970,0.147555,0.719556,0.342679,-0.224677,0.051412,-0.050113,0.438041,0.867609,-0.235317,0.000000,0.000000,0.000000,-1,0.248550,0.903137,-0.331345,0.178861,0.310707,0.043257,63.636703,223.958969,-534.606812,0,0
2.800000,1.082043,-1.045690,0.877547,0.887666,-0.127057,-0.442612,-0.385591,0.320354,-0.865270,0.251731,0.938738,0.235375,-0.577048,0.222099,0.082697,0.781568,0.249734,0.471686,-0.230327,-0.138520,0.027094,-0.045173,0.442612,0.865270,-0.235375,0.000000,0.000000,0.000000,-1,0.547531,0.965012,-0.093674,0.120770,0.830877,-0.403547,64.164078,222.728424,-532.763367,0,0
2.840000,1.107847,-1.059184,0.861172,0.882819,-0.169535,-0.438050,-0.371402,0.318988,-0.871956,0.287560,0.932472,0.218643,-0.579911,0.233198,0.064876,0.777890,-0.293309,0.766805,-0.168630,0.162002,0.088829,0.189895,0.438050,0.871956,-0.218643,0.000000,0.000000,0.000000,-1,0.492340,0.922455,-0.078400,-0.432820,0.593537,-0.079833,63.636703,225.013733,-532.930969,0,0
2.880000,1.142979,-1.066393,0.884978,0.879209,-0.183386,-0.439728,-0.374015,0.306068,-0.875463,0.295134,0.934180,0.200508,-0.585797,0.237881,0.061708,0.772299,-0.513661,0.328460,-0.041701,0.016876,0.031107,0.119011,0.439728,0.875463,-0.200508,0.000000,0.000000,0.000000,-1,0.444717,0.880035,-0.067780,-0.521388,0.285177,-0.211155,63.285126,225.013733,-532.260620,0,0
2.920000,1.181425,-1.081635,0.916390,0.879003,-0.195903,-0.434714,-0.372812,0.286014,-0.882727,0.297263,0.937986,0.178372,-0.594688,0.239081,0.057783,0.765407,-0.473032,0.240304,-0.296297,0.005121,0.017496,0.108548,0.434714,0.882727,-0.178372,0.000000,0.000000,0.000000,-1,0.410812,0.945358,-0.099716,-0.507570,0.338499,-0.286035,64.515671,223.080017,-531.757812,0,0
2.960000,1.235990,-1.100786,0.959300,0.878108,-0.214377,-0.427748,-0.370826,0.260004,-0.891564,0.302347,0.941510,0.148815,-0.606071,0.241392,0.051727,0.756130,-0.572112,0.399053,-0.083060,0.017427,0.041343,0.045849,0.427748,0.891564,-0.148815,0.000000,0.000000,0.000000,-1,0.498077,0.878616,-0.088013,-0.647061,0.492199,-0.046897,62.933533,222.201050,-530.919922,0,0
3.000000,1.306605,-1.108547,1.014644,0.871642,-0.234348,-0.430489,-0.378752,0.235433,-0.895052,0.311106,0.943214,0.116454,-0.616392,0.248665,0.048420,0.745575,-0.667325,0.507124,0.033393,0.110527,-0.019564,0.018309,0.430489,0.895052,-0.116454,0.000000,0.000000,0.000000,-1,0.521118,0.872284,-0.107635,-0.657978,0.337247,0.033667,63.285126,224.662140,-527.903320,0,0
3.040000,1.355416,-1.111211,1.057374,0.867616,-0.243862,-0.433328,-0.386386,0.217868,-0.896236,0.312966,0.945021,0.094801,-0.623488,0.252711,0.048261,0.738289,-0.609566,0.242315,0.032877,0.074973,-0.037823,-0.006624,0.433328,0.896236,-0.094801,0.000000,0.000000,0.000000,-1,0.455872,0.845490,-0.064590,-0.574739,0.101486,-0.032144,64.164078,223.080017,-527.735718,0,0
3.080000,1.413245,-1.116971,1.117514,0.866715,-0.247661,-0.432977,-0.394134,0.191987,-0.898776,0.305717,0.949634,0.068786,-0.633629,0.253222,0.050211,0.729296,-0.498746,0.014559,-0.083241,-0.005518,-0.059039,0.020843,0.432977,0.898776,-0.068786,0.000000,0.000000,0.000000,-1,0.414703,0.824753,-0.029999,-0.531387,0.055321,-0.098357,62.757751,223.783188,-525.724670,0,0
3.120000,1.447027,-1.121762,1.152720,0.867101,-0.250136,-0.430776,-0.396708,0.176244,-0.900866,0.301261,0.952035,0.053591,-0.639779,0.252761,0.050609,0.724040,-0.511433,0.086134,-0.132412,-0.017125,-0.069598,0.033617,0.430776,0.900867,-0.053591,0.000000,0.000000,0.000000,-1,0.414841,0.858963,-0.004684,-0.556021,0.158478,-0.282854,63.109329,224.486343,-526.395020,0,0
3.160000,1.484093,-1.130718,1.188954,0.868675,-0.255501,-0.424410,-0.395329,0.158744,-0.904718,0.298529,0.953687,0.036890,-0.646730,0.251585,0.048660,0.718385,-0.524431,0.161791,-0.312634,-0.009569,-0.045755,0.032206,0.424410,0.904718,-0.036890,0.000000,0.000000,0.000000,-1,0.472458,0.901230,-0.023010,-0.530728,0.147032,-0.374625,61.351410,223.431595,-526.059814,0,0
3.200000,1.545650,-1.148787,1.246899,0.872561,-0.266413,-0.409465,-0.388296,0.130359,-0.912268,0.296418,0.955003,0.010299,-0.658009,0.248746,0.042950,0.709440,-0.481666,0.254591,-0.355917,0.070424,0.003748,-0.025590,0.409465,0.912268,-0.010299,0.000000,0.000000,0.000000,-1,0.482468,0.909210,-0.052795,-0.470453,0.328515,-0.334225,61.175613,223.958969,-524.216370,0,1
3.240000,1.595940,-1.160173,1.288499,0.873299,-0.279471,-0.399054,-0.383380,0.111197,-0.916872,0.300613,0.953693,-0.010036,-0.665608,0.248965,0.036974,0.702577,-0.400331,0.322064,-0.273696,0.075494,-0.004412,-0.036037,0.399054,0.916872,0.010036,0.000000,0.000000,0.000000,-1,0.455460,0.910767,-0.025299,-0.394725,0.320604,-0.271928,61.175613,224.310562,-523.881165,0,0
3.280000,1.637018,-1.167918,1.318968,0.872479,-0.292809,-0.391208,-0.379701,0.097694,-0.919936,0.307584,0.951167,-0.025944,-0.670956,0.250579,0.031159,0.697178,-0.270065,0.414457,-0.244146,0.028515,-0.015777,-0.050831,0.391208,0.919936,0.025944,0.000000,0.000000,0.000000,-1,0.409332,0.892929,-0.022430,-0.167418,0.505749,-0.290365,59.593491,224.837936,-523.713623,0,0
3.320000,1.676291,-1.181199,1.332857,0.869182,-0.319158,-0.377704,-0.369115,0.089523,-0.925062,0.329054,0.943464,-0.039994,-0.674473,0.255115,0.018033,0.692588,-0.017070,0.664473,-0.331126,0.062725,-0.055860,-0.066789,0.377704,0.925062,0.039994,0.000000,0.000000,0.000000,-1,0.483475,0.886353,-0.026901,0.004465,0.696976,-0.339289,60.472443,223.607391,-522.205322,0,0
3.360000,1.690939,-1.189167,1.327255,0.865278,-0.338497,-0.369749,-0.361443,0.089809,-0.928059,0.347352,0.936672,-0.044638,-0.674557,0.259408,0.008301,0.691095,0.135299,0.645969,-0.267243,0.129061,-0.018879,-0.068212,0.369749,0.928059,0.044638,0.000000,0.000000,0.000000,-1,0.553467,1.084656,0.014511,0.224381,0.346376,-0.107440,59.417694,224.310562,-522.205322,0,0
3.400000,1.679450,-1.192716,1.301683,0.861809,-0.350179,-0.366960,-0.355851,0.098145,-0.929375,0.361463,0.931527,-0.040029,-0.671508,0.262852,0.002047,0.692807,0.309154,0.068133,0.130940,0.195647,0.161323,-0.013708,0.366960,0.929375,0.040029,0.000000,0.000000,0.000000,-1,0.554871,1.067245,0.039749,0.476295,-0.133890,0.305752,59.417694,224.310562,-523.881165,0,0
3.440000,1.595621,-1.177039,1.224720,0.860034,-0.336505,-0.383543,-0.360914,0.130142,-0.923474,0.360669,0.932645,-0.009523,-0.659435,0.264400,0.008672,0.703678,0.809558,-0.564391,0.462876,0.073092,0.104373,0.055357,0.383543,0.923474,0.009523,0.000000,0.000000,0.000000,-1,0.361237,0.974762,-0.000687,1.013780,-0.696940,0.477342,59.417694,224.310562,-523.881165,0,0
3.480000,1.488710,-1.160392,1.134549,0.862928,-0.311834,-0.397636,-0.361613,0.168585,-0.916960,0.352975,0.935061,0.032714,-0.644521,0.261220,0.017323,0.718371,1.478520,-0.914011,0.580445,-0.072395,0.041353,-0.023896,0.397636,0.916960,-0.032714,0.000000,0.000000,0.000000,-1,0.239807,1.008148,-0.228973,1.966071,-1.066123,0.660968,60.824036,224.662140,-525.221924,0,0
3.520000,1.285427,-1.120108,0.956594,0.868117,-0.267720,-0.417969,-0.355975,0.251031,-0.900147,0.345911,0.930220,0.122622,-0.611241,0.255094,0.029472,0.748627,2.249199,-1.020674,0.629199,-0.190400,0.127639,-0.118878,0.417969,0.900147,-0.122622,0.000000,0.000000,0.000000,-1,0.293854,1.065765,-0.134583,1.935378,-0.912526,0.547706,61.527206,223.958969,-530.584717,0,0
3.560000,1.105063,-1.069284,0.807943,0.876648,-0.216740,-0.429548,-0.347520,0.332193,-0.876857,0.332743,0.917971,0.215895,-0.576316,0.244770,0.041993,0.778578,0.900815,-1.144228,0.185226,-0.078993,0.149510,0.211729,0.429548,0.876857,-0.215895,0.000000,0.000000,0.000000,-1,0.484695,0.978027,-0.187790,0.818502,-1.208033,0.068492,63.636703,223.255798,-532.930969,0,0
3.600000,1.033572,-1.052653,0.760565,0.885229,-0.187932,-0.425501,-0.341404,0.358795,-0.868740,0.315932,0.914302,0.253455,-0.564132,0.234580,0.048556,0.790171,1.012493,-0.810853,0.158608,0.190695,0.160084,-0.051644,0.425501,0.868740,-0.253455,0.000000,0.000000,0.000000,-1,0.581085,0.995102,-0.259460,0.971089,-0.863580,0.209836,62.230362,223.255798,-535.612366,0,0
3.640000,0.954240,-1.024633,0.713354,0.893459,-0.148813,-0.423776,-0.339890,0.392765,-0.854523,0.293608,0.907519,0.300340,-0.547803,0.223028,0.059404,0.804140,0.683263,-1.017933,0.322801,-0.038827,0.046172,0.100450,0.423776,0.854523,-0.300340,0.000000,0.000000,0.000000,-1,0.298126,0.855515,-0.244858,0.424122,-0.864408,0.338723,64.691452,224.662140,-536.617920,0,0
3.680000,0.904177,-1.000959,0.700410,0.899271,-0.107411,-0.423998,-0.347722,0.412486,-0.841989,0.265332,0.904609,0.333588,-0.536935,0.211912,0.073876,0.813226,0.195701,-0.517129,0.178756,-0.235690,-0.034310,0.019760,0.423998,0.841989,-0.333588,0.000000,0.000000,0.000000,-1,0.170380,0.775192,-0.316803,0.077910,-0.361457,0.085976,63.460907,222.728424,-538.126221,0,0
3.720000,0.895912,-0.999516,0.699813,0.900982,-0.100004,-0.422175,-0.348257,0.413622,-0.841210,0.258745,0.904940,0.337839,-0.536078,0.209047,0.076215,0.814316,-0.068726,-0.076727,-0.078653,-0.240244,-0.079125,0.024500,0.422175,0.841210,-0.337839,0.000000,0.000000,0.000000,-1,0.262146,0.716217,-0.286163,-0.281269,0.133462,-0.233755,62.757751,224.134766,-537.791016,0,0
3.760000,0.906347,-1.014015,0.706676,0.902925,-0.107916,-0.416031,-0.343131,0.401904,-0.848961,0.258821,0.909301,0.325860,-0.542024,0.208038,0.072511,0.810970,-0.512516,0.183873,-0.311624,-0.127350,-0.153297,0.057122,0.416031,0.848961,-0.325860,0.000000,0.000000,0.000000,-1,0.314896,0.653488,-0.241547,-0.819948,0.276310,-0.373932,62.230362,224.310562,-537.623413,0,0
3.800000,0.960927,-1.055321,0.753702,0.905712,-0.128078,-0.404081,-0.337346,0.359438,-0.870059,0.256677,0.924338,0.282341,-0.562124,0.206993,0.065557,0.798043,-1.126728,0.320690,-0.418168,-0.043241,-0.195483,0.000557,0.404081,0.870059,-0.282341,0.000000,0.000000,0.000000,-1,0.396500,0.746902,-0.319901,-1.205432,0.305540,-0.427514,62.406158,224.486343,-535.444763,0,0
3.840000,1.011305,-1.085134,0.801670,0.907690,-0.139941,-0.395620,-0.335401,0.324659,-0.884366,0.252200,0.935421,0.247754,-0.577771,0.205679,0.062057,0.787417,-1.185432,0.246861,-0.385476,0.017939,-0.095364,-0.083927,0.395620,0.884366,-0.247754,0.000000,0.000000,0.000000,-1,0.430984,0.944305,-0.397919,-1.032900,0.239687,-0.329530,62.406158,225.189514,-533.433716,0,0
3.880000,1.073446,-1.114390,0.861097,0.909301,-0.152140,-0.387331,-0.334315,0.287179,-0.897642,0.247801,0.945717,0.210269,-0.594107,0.204700,0.058714,0.775685,-0.677106,0.220118,-0.175188,0.046690,0.099947,-0.220410,0.387331,0.897642,-0.210269,0.000000,0.000000,0.000000,-1,0.451828,1.056061,-0.453827,-0.199276,0.246332,0.061345,62.230362,226.068481,-531.590271,0,0
3.920000,1.091782,-1.107162,0.868650,0.903685,-0.160777,-0.396869,-0.341419,0.288828,-0.894433,0.258432,0.943784,0.206117,-0.593451,0.211558,0.058319,0.774376,0.495596,0.210702,0.432574,0.055554,0.078421,-0.217695,0.396869,0.894433,-0.206117,0.000000,0.000000,0.000000,-1,0.473007,0.850128,-0.445480,0.542779,0.194348,0.524527,61.175613,223.607391,-531.255066,0,0
3.960000,1.080820,-1.075727,0.848141,0.893593,-0.160520,-0.419195,-0.356344,0.314216,-0.879936,0.272965,0.935682,0.223581,-0.582193,0.221947,0.062792,0.779646,0.525869,0.222873,0.603811,0.054545,-0.209266,-0.180899,0.419195,0.879936,-0.223581,0.000000,0.000000,0.000000,-1,0.494461,0.534454,-0.311020,0.110093,0.494335,0.427683,64.691452,224.310562,-532.260620,0,0
4.000000,1.087347,-1.063927,0.846796,0.887808,-0.164499,-0.429809,-0.363675,0.321551,-0.874268,0.282022,0.932494,0.225651,-0.578923,0.228085,0.063820,0.780226,0.134428,0.485159,0.439673,0.064652,-0.339814,-0.085368,0.429809,0.874268,-0.225651,0.000000,0.000000,0.000000,-1,0.591782,1.589783,-0.047623,-0.128237,0.500508,0.059842,63.285126,223.607391,-533.266113,0,1
4.040000,1.108442,-1.072545,0.851281,0.885273,-0.182624,-0.427714,-0.359434,0.314939,-0.878419,0.295125,0.931376,0.213166,-0.582488,0.232648,0.056907,0.776753,-0.204055,0.069537,-0.299739,-0.350367,0.366728,-0.034164,0.427714,0.878420,-0.213166,0.000000,0.000000,0.000000,-1,0.225693,1.189743,-0.490982,-0.127168,0.100950,-0.310466,64.164078,224.486343,-532.763367,0,0
4.080000,1.094953,-1.071686,0.825139,0.884157,-0.192981,-0.425470,-0.351632,0.324738,-0.878009,0.307606,0.925907,0.219261,-0.578826,0.235223,0.050907,0.779127,0.617315,0.848451,0.219371,0.009131,-0.047107,-0.008736,0.425470,0.878009,-0.219261,0.000000,0.000000,0.000000,-1,0.374557,0.763641,0.080582,0.176443,1.647909,0.443086,63.636703,225.365311,-533.601318,0,0
4.120000,1.135741,-1.057161,0.821338,0.865319,-0.229532,-0.445576,-0.359694,0.334726,-0.870964,0.349060,0.913933,0.207083,-0.575220,0.256088,0.041947,0.775746,-0.039758,1.406886,0.348081,-0.055485,-0.054604,0.237494,0.445576,0.870964,-0.207083,0.000000,0.000000,0.000000,-1,0.475281,0.858017,-0.067978,-0.315705,0.572542,-0.057225,63.460907,224.134766,-534.439270,0,0
4.160000,1.178510,-1.070318,0.844368,0.859972,-0.252684,-0.443395,-0.358709,0.318715,-0.877353,0.363010,0.913549,0.183446,-0.582626,0.262344,0.034493,0.768462,-0.383687,-0.036898,-0.473726,0.123774,-0.085697,0.200780,0.443395,0.877353,-0.183446,0.000000,0.000000,0.000000,-1,0.580383,0.844437,-0.008743,-0.432768,-0.077900,-0.529013,62.581955,224.310562,-532.595764,0,0
4.200000,1.192069,-1.088008,0.859412,0.864739,-0.257221,-0.431352,-0.351651,0.303101,-0.885704,0.358565,0.917587,0.171651,-0.589488,0.258221,0.030869,0.764770,-0.489202,0.168804,-0.337317,0.136122,0.014351,0.146337,0.431352,0.885704,-0.171651,0.000000,0.000000,0.000000,-1,0.387711,1.013504,-0.018692,-0.584499,0.414777,-0.056680,61.878784,226.420059,-531.590271,0,0
4.240000,1.250155,-1.097707,0.908205,0.859922,-0.271202,-0.432416,-0.359226,0.280291,-0.890165,0.362617,0.920807,0.143606,-0.599171,0.263041,0.029123,0.755615,-0.791848,0.418768,0.114724,-0.107877,0.107516,0.148885,0.432416,0.890165,-0.143606,0.000000,0.000000,0.000000,-1,0.295364,0.883804,-0.010361,-0.959890,0.507686,0.018325,62.054581,225.541107,-529.076416,0,0
4.280000,1.359096,-1.107397,1.001328,0.849845,-0.294591,-0.437012,-0.376451,0.241011,-0.894538,0.368847,0.924732,0.093923,-0.615409,0.272600,0.027691,0.739050,-0.734147,0.589182,-0.011005,0.034637,-0.007468,-0.003535,0.437012,0.894538,-0.093923,0.000000,0.000000,0.000000,-1,0.483276,0.891037,-0.093231,-0.678764,0.581066,-0.058703,64.339874,226.068481,-529.914368,0,0
4.320000,1.411642,-1.112863,1.041986,0.844617,-0.309971,-0.436508,-0.381709,0.223040,-0.896968,0.375393,0.924214,0.070065,-0.622799,0.277650,0.024533,0.731048,-0.572923,0.476897,-0.123692,0.020370,-0.033702,0.003003,0.436508,0.896968,-0.070065,0.000000,0.000000,0.000000,-1,0.407486,0.789429,-0.027664,-0.577391,0.398834,-0.177057,61.702988,225.892685,-526.059814,0,0
