0.000000,-2.072740,-1.447637,-1.943868,0.985524,0.130936,0.107695,0.114398,-0.044775,-0.992426,-0.125122,0.990379,-0.059106,-0.722739,-0.084862,0.006028,0.685865,0.002873,-0.002612,-0.000536,-0.003710,0.011710,0.003837,-0.107695,0.992426,0.059106,0.000000,0.000000,0.000000,-1,-0.110214,1.004227,0.061142,0.005250,-0.102835,0.003597,175.206009,298.949493,-782.907166,0,0
0.040000,-2.072679,-1.447631,-1.943781,0.985520,0.130961,0.107704,0.114407,-0.044768,-0.992425,-0.125147,0.990376,-0.059102,-0.722736,-0.084875,0.006034,0.685866,0.004994,-0.002614,-0.001623,-0.001687,0.012824,0.003093,-0.107704,0.992425,0.059102,0.000000,0.000000,0.000000,-1,-0.108978,1.003754,0.059509,0.006320,-0.103892,0.005718,176.257248,298.600250,-784.577148,0,0
0.080000,-2.071400,-1.447641,-1.942452,0.985507,0.131004,0.107770,0.114457,-0.044612,-0.992426,-0.125204,0.990378,-0.058960,-0.722682,-0.084913,0.006031,0.685918,0.006067,0.001629,0.000473,-0.004138,0.011038,0.003464,-0.107770,0.992426,0.058960,0.000000,0.000000,0.000000,-1,-0.110275,1.002899,0.063034,0.008456,-0.096469,0.006724,175.731628,299.124115,-785.078186,0,0
0.120000,-2.069812,-1.447615,-1.941007,0.985514,0.130856,0.107887,0.114546,-0.044456,-0.992423,-0.125068,0.990404,-0.058801,-0.722629,-0.084899,0.005944,0.685977,0.007124,0.003796,0.000461,-0.004692,0.011377,0.000632,-0.107887,0.992423,0.058801,0.000000,0.000000,0.000000,-1,-0.108154,1.004501,0.061157,0.006328,-0.093290,0.005670,176.432449,298.076385,-783.742188,0,0
0.160000,-2.068105,-1.447745,-1.939541,0.985548,0.130606,0.107874,0.114491,-0.044241,-0.992439,-0.124846,0.990447,-0.058555,-0.722555,-0.084802,0.005872,0.686067,0.006063,0.006975,0.000458,-0.001669,0.012169,0.001763,-0.107874,0.992439,0.058555,0.000000,0.000000,0.000000,-1,-0.108658,1.003586,0.057190,0.006335,-0.095407,0.007807,175.206009,298.251007,-783.909180,0,0
0.200000,-2.066654,-1.448040,-1.938230,0.985588,0.130449,0.107701,0.114275,-0.043986,-0.992475,-0.124730,0.990479,-0.058259,-0.722467,-0.084683,0.005893,0.686175,0.005004,0.001677,0.002622,0.000614,0.012118,-0.001542,-0.107701,0.992475,0.058259,0.000000,0.000000,0.000000,-1,-0.107681,1.004974,0.057892,0.007388,-0.097531,0.005677,175.556427,298.251007,-785.579224,0,0
0.240000,-2.065244,-1.448250,-1.936879,0.985609,0.130376,0.107599,0.114140,-0.043757,-0.992501,-0.124690,0.990498,-0.058008,-0.722387,-0.084621,0.005915,0.686266,0.007122,0.001673,0.000472,-0.001135,0.009910,0.001684,-0.107599,0.992501,0.058008,0.000000,0.000000,0.000000,-1,-0.109528,1.004837,0.058716,0.008445,-0.100713,0.004616,174.505188,297.552521,-783.575195,0,0
0.280000,-2.063465,-1.448375,-1.935102,0.985611,0.130360,0.107593,0.114102,-0.043510,-0.992516,-0.124703,0.990511,-0.057758,-0.722302,-0.084612,0.005922,0.686357,0.007110,0.000648,-0.001642,0.000324,0.015037,-0.000324,-0.107593,0.992516,0.057758,0.000000,0.000000,0.000000,-1,-0.103317,1.004059,0.059967,0.009503,-0.101775,0.003546,173.979568,297.377930,-784.076172,0,0
0.320000,-2.063120,-1.448647,-1.934842,0.985648,0.130265,0.107375,0.113860,-0.043384,-0.992549,-0.124636,0.990530,-0.057593,-0.722258,-0.084501,0.005975,0.686417,0.004993,0.004890,0.000492,0.000365,0.009877,0.003640,-0.107375,0.992549,0.057593,0.000000,0.000000,0.000000,-1,-0.110931,1.003815,0.059372,0.001001,-0.098594,0.003625,174.505188,299.298706,-783.909180,0,0
0.360000,-2.062492,-1.448539,-1.934240,0.985637,0.130240,0.107506,0.113987,-0.043354,-0.992536,-0.124607,0.990534,-0.057577,-0.722248,-0.084537,0.005920,0.686423,0.000723,-0.002537,-0.002619,-0.002297,0.013613,0.000376,-0.107506,0.992536,0.057577,0.000000,0.000000,0.000000,-1,-0.102798,1.004456,0.048203,0.003124,-0.102835,0.003621,175.731628,298.774872,-784.076172,0,0
0.400000,-2.060064,-1.448995,-1.931806,0.985668,0.130217,0.107246,0.113669,-0.042916,-0.992591,-0.124649,0.990556,-0.057103,-0.722095,-0.084437,0.006025,0.686595,0.010312,0.001710,0.001514,0.002967,0.011208,-0.006429,-0.107246,0.992591,0.057103,0.000000,0.000000,0.000000,-1,-0.106506,1.005264,0.055466,0.009512,-0.100711,0.005668,175.906830,297.552521,-784.911194,0,0
0.440000,-2.057282,-1.449478,-1.928870,0.985681,0.130337,0.106980,0.113345,-0.042414,-0.992650,-0.124841,0.990562,-0.056580,-0.721920,-0.084387,0.006185,0.686784,0.009234,-0.004609,0.000501,0.001008,0.013103,0.000702,-0.106980,0.992650,0.056580,0.000000,0.000000,0.000000,-1,-0.106277,1.002808,0.056198,0.008442,-0.104954,0.004635,175.030807,298.774872,-783.408142,0,0
0.480000,-2.055708,-1.449639,-1.927143,0.985669,0.130473,0.106928,0.113268,-0.042163,-0.992669,-0.125008,0.990555,-0.056337,-0.721833,-0.084417,0.006262,0.686871,0.007103,-0.006732,-0.000529,0.000650,0.010138,-0.000139,-0.106928,0.992669,0.056337,0.000000,0.000000,0.000000,-1,-0.108246,1.005325,0.055771,0.009493,-0.110258,0.002520,175.906830,298.251007,-783.909180,0,0
0.520000,-2.052510,-1.449722,-1.923609,0.985616,0.130786,0.107034,0.113339,-0.041734,-0.992679,-0.125362,0.990532,-0.055957,-0.721683,-0.084568,0.006349,0.687009,0.004979,-0.003552,-0.000520,-0.004416,0.009167,0.003141,-0.107034,0.992679,0.055957,0.000000,0.000000,0.000000,-1,-0.112762,1.004211,0.055069,0.006311,-0.106016,0.003600,175.906830,298.949493,-784.243164,0,0
0.560000,-2.050909,-1.449466,-1.921790,0.985553,0.131002,0.107349,0.113653,-0.041615,-0.992649,-0.125572,0.990508,-0.055902,-0.721642,-0.084757,0.006313,0.687029,0.004973,-0.004615,-0.001581,-0.002987,0.011090,0.001990,-0.107349,0.992649,0.055902,0.000000,0.000000,0.000000,-1,-0.109390,1.004761,0.060608,0.006313,-0.102835,0.003586,175.381226,298.076385,-783.742188,0,0
0.600000,-2.050043,-1.449395,-1.920871,0.985534,0.131053,0.107460,0.113758,-0.041534,-0.992640,-0.125625,0.990505,-0.055842,-0.721615,-0.084814,0.006293,0.687051,0.007088,-0.001389,-0.002675,-0.001930,0.012121,0.004766,-0.107460,0.992640,0.055842,0.000000,0.000000,0.000000,-1,-0.111374,1.005203,0.056366,0.005250,-0.097536,0.002510,175.556427,299.298706,-783.909180,0,0
0.640000,-2.047751,-1.449256,-1.918629,0.985514,0.130997,0.107711,0.113981,-0.041327,-0.992623,-0.125579,0.990521,-0.055659,-0.721543,-0.084880,0.006191,0.687119,0.004968,0.000732,-0.001599,-0.001909,0.012443,-0.001124,-0.107711,0.992623,0.055659,0.000000,0.000000,0.000000,-1,-0.106323,1.006104,0.052658,0.003126,-0.099654,0.003606,175.381226,297.727142,-783.742188,0,0
0.680000,-2.045627,-1.449389,-1.916668,0.985537,0.130822,0.107711,0.113937,-0.041058,-0.992639,-0.125437,0.990555,-0.055370,-0.721451,-0.084815,0.006142,0.687224,0.003907,0.002852,-0.001596,-0.002931,0.010733,0.001424,-0.107711,0.992639,0.055370,0.000000,0.000000,0.000000,-1,-0.107330,1.003159,0.055099,0.005255,-0.096474,0.003569,174.855606,298.251007,-783.909180,0,0
0.720000,-2.043868,-1.449458,-1.915071,0.985556,0.130650,0.107747,0.113938,-0.040853,-0.992648,-0.125288,0.990587,-0.055149,-0.721380,-0.084764,0.006079,0.687305,0.004983,0.004976,0.001574,-0.001765,0.012312,0.000149,-0.107747,0.992648,0.055149,0.000000,0.000000,0.000000,-1,-0.109497,1.004013,0.056015,0.003141,-0.095409,0.006778,175.030807,298.774872,-782.740112,0,0
0.760000,-2.042802,-1.449538,-1.914182,0.985582,0.130468,0.107735,0.113899,-0.040725,-0.992657,-0.125122,0.990616,-0.054998,-0.721336,-0.084692,0.006026,0.687361,0.004968,0.005018,0.000517,-0.002098,0.012943,0.000254,-0.107735,0.992657,0.054998,0.000000,0.000000,0.000000,-1,-0.110306,1.003815,0.054138,0.005265,-0.094350,0.005686,175.906830,298.251007,-782.907166,0,0
0.800000,-2.040562,-1.449543,-1.912243,0.985610,0.130159,0.107853,0.113973,-0.040502,-0.992658,-0.124835,0.990666,-0.054754,-0.721260,-0.084620,0.005886,0.687451,0.006029,0.006076,-0.000564,-0.001979,0.012347,-0.001638,-0.107853,0.992658,0.054754,0.000000,0.000000,0.000000,-1,-0.109177,1.004135,0.051407,0.003139,-0.093290,0.005705,177.133286,297.028687,-783.742188,0,0
0.840000,-2.039988,-1.449637,-1.911896,0.985646,0.129929,0.107802,0.113900,-0.040432,-0.992669,-0.124618,0.990699,-0.054650,-0.721236,-0.084518,0.005829,0.687489,0.001779,0.005016,0.000552,0.000060,0.010550,0.002860,-0.107802,0.992669,0.054650,0.000000,0.000000,0.000000,-1,-0.108307,1.002365,0.054840,0.003134,-0.099651,0.005734,176.082047,299.822571,-783.074158,0,0
0.880000,-2.039173,-1.449732,-1.911098,0.985653,0.129904,0.107762,0.113843,-0.040309,-0.992681,-0.124610,0.990707,-0.054520,-0.721194,-0.084494,0.005840,0.687536,0.004961,-0.000287,-0.000523,-0.001033,0.008662,0.001282,-0.107762,0.992681,0.054520,0.000000,0.000000,0.000000,-1,-0.109436,1.003403,0.055496,0.000999,-0.100715,0.003635,175.206009,297.552521,-784.577148,0,0
0.920000,-2.039186,-1.449602,-1.911134,0.985643,0.129888,0.107876,0.113963,-0.040356,-0.992665,-0.124582,0.990707,-0.054579,-0.721210,-0.084528,0.005791,0.687515,-0.000382,-0.000246,-0.002585,0.001095,0.010402,0.001634,-0.107876,0.992665,0.054579,0.000000,0.000000,0.000000,-1,-0.108459,1.003647,0.058578,0.000989,-0.098599,0.000434,174.680389,297.727142,-784.410156,0,0
0.960000,-2.039384,-1.449577,-1.911378,0.985647,0.129844,0.107888,0.113977,-0.040392,-0.992662,-0.124533,0.990711,-0.054612,-0.721223,-0.084516,0.005770,0.687503,-0.005694,-0.000245,-0.001462,-0.002036,0.009841,0.000365,-0.107888,0.992662,0.054612,0.000000,0.000000,0.000000,-1,-0.110870,1.002945,0.054749,-0.006453,-0.103898,0.001604,175.206009,299.298706,-783.909180,0,0
1.000000,-2.040505,-1.449432,-1.912303,0.985613,0.130048,0.107955,0.114075,-0.040546,-0.992644,-0.124714,0.990678,-0.054798,-0.721276,-0.084615,0.005809,0.687435,-0.005710,-0.006612,-0.004623,0.003707,0.012452,-0.003071,-0.107955,0.992644,0.054798,0.000000,0.000000,0.000000,-1,-0.107315,1.005539,0.051285,-0.001127,-0.106014,0.004746,176.082047,297.727142,-784.410156,0,0
1.040000,-2.038904,-1.449754,-1.910342,0.985591,0.130383,0.107757,0.113853,-0.040216,-0.992683,-0.125095,0.990648,-0.054481,-0.721160,-0.084668,0.006010,0.687549,0.002813,-0.008727,-0.000451,-0.002198,0.013084,-0.002601,-0.107757,0.992683,0.054481,0.000000,0.000000,0.000000,-1,-0.105942,1.005920,0.051865,0.005245,-0.109196,0.003626,177.483688,299.473328,-784.410156,0,0
1.080000,-2.037905,-1.449915,-1.909109,0.985571,0.130602,0.107669,0.113752,-0.040022,-0.992703,-0.125340,0.990627,-0.054301,-0.721092,-0.084717,0.006126,0.687613,0.003863,-0.006568,-0.000465,0.002658,0.011799,-0.000193,-0.107669,0.992703,0.054301,0.000000,0.000000,0.000000,-1,-0.107056,1.003098,0.055771,0.002061,-0.108134,0.004720,174.680389,297.377930,-783.742188,0,0
1.120000,-2.039189,-1.449967,-1.909916,0.985521,0.131077,0.107554,0.113671,-0.040097,-0.992709,-0.125809,0.990561,-0.054416,-0.721116,-0.084851,0.006329,0.687570,-0.000399,-0.012932,-0.001452,0.001352,0.008619,0.002163,-0.107554,0.992709,0.054416,0.000000,0.000000,0.000000,-1,-0.110046,1.002747,0.058319,-0.004325,-0.112377,0.003746,176.082047,298.774872,-785.078186,0,0
1.160000,-2.041797,-1.449726,-1.912082,0.985452,0.131535,0.107624,0.113809,-0.040423,-0.992680,-0.126221,0.990487,-0.054805,-0.721228,-0.085044,0.006446,0.687427,-0.003589,-0.010813,-0.001426,-0.003917,0.010799,0.004277,-0.107624,0.992680,0.054805,0.000000,0.000000,0.000000,-1,-0.113739,1.004395,0.056961,-0.002206,-0.111320,0.001590,175.206009,297.901764,-784.911194,0,0
1.200000,-2.042596,-1.449357,-1.912513,0.985370,0.131915,0.107906,0.114136,-0.040595,-0.992635,-0.126563,0.990430,-0.055057,-0.721287,-0.085282,0.006466,0.687335,-0.001465,-0.007634,-0.002529,-0.003315,0.011301,0.001583,-0.107906,0.992635,0.055057,0.000000,0.000000,0.000000,-1,-0.108673,1.003647,0.055542,-0.000071,-0.104957,0.002602,176.082047,297.727142,-784.076172,0,0
1.240000,-2.043689,-1.449219,-1.913445,0.985341,0.132084,0.107969,0.114228,-0.040748,-0.992619,-0.126710,0.990401,-0.055238,-0.721340,-0.085366,0.006495,0.687269,-0.000412,-0.004411,-0.001485,-0.000964,0.011044,0.004928,-0.107969,0.992619,0.055238,0.000000,0.000000,0.000000,-1,-0.108810,1.004425,0.058868,-0.000066,-0.108134,0.004744,176.958069,298.949493,-783.241150,0,0
1.280000,-2.045769,-1.449096,-1.915227,0.985300,0.132393,0.107962,0.114270,-0.040992,-0.992604,-0.126989,0.990349,-0.055518,-0.721424,-0.085478,0.006593,0.687166,-0.000413,-0.008651,-0.000402,-0.001428,0.011028,0.003778,-0.107962,0.992604,0.055518,0.000000,0.000000,0.000000,-1,-0.108719,1.003525,0.059402,-0.000066,-0.108134,0.004744,175.731628,298.774872,-784.076172,0,0
1.320000,-2.046953,-1.448979,-1.916168,0.985262,0.132643,0.107999,0.114341,-0.041139,-0.992589,-0.127217,0.990310,-0.055699,-0.721474,-0.085583,0.006659,0.687100,-0.001476,-0.002292,-0.001483,-0.000857,0.011073,0.004817,-0.107999,0.992589,0.055699,0.000000,0.000000,0.000000,-1,-0.110687,1.003448,0.058823,-0.001129,-0.103895,0.003672,176.607666,298.949493,-784.243164,0,0
1.360000,-2.048589,-1.448707,-1.917753,0.985237,0.132710,0.108147,0.114529,-0.041412,-0.992556,-0.127244,0.990289,-0.056000,-0.721569,-0.085660,0.006616,0.686991,-0.002539,-0.000173,-0.001481,-0.005088,0.010221,0.004746,-0.108147,0.992556,0.056000,0.000000,0.000000,0.000000,-1,-0.110428,1.003815,0.058075,-0.001117,-0.098591,0.005776,176.257248,297.901764,-783.909180,0,0
1.400000,-2.048898,-1.448592,-1.918138,0.985237,0.132641,0.108232,0.114621,-0.041495,-0.992542,-0.127161,0.990295,-0.056086,-0.721599,-0.085665,0.006558,0.686960,0.000622,0.005164,0.000593,-0.002623,0.010036,0.002493,-0.108232,0.992542,0.056086,0.000000,0.000000,0.000000,-1,-0.111801,1.002548,0.057983,-0.002182,-0.095412,0.004710,176.607666,299.298706,-783.241150,0,0
1.440000,-2.049805,-1.448370,-1.919226,0.985243,0.132476,0.108377,0.114783,-0.041695,-0.992515,-0.126966,0.990309,-0.056286,-0.721669,-0.085655,0.006440,0.686888,-0.001511,0.003041,-0.000439,-0.003302,0.011315,0.002095,-0.108377,0.992515,0.056286,0.000000,0.000000,0.000000,-1,-0.111099,1.003494,0.057968,-0.001113,-0.097529,0.006835,176.432449,298.774872,-783.742188,0,0
1.480000,-2.050398,-1.448243,-1.919856,0.985239,0.132447,0.108455,0.114875,-0.041810,-0.992500,-0.126919,0.990308,-0.056408,-0.721709,-0.085672,0.006396,0.686844,0.000613,0.000920,-0.000454,-0.002645,0.010995,0.001560,-0.108455,0.992500,0.056408,0.000000,0.000000,0.000000,-1,-0.110107,1.004700,0.059921,0.000997,-0.103895,0.003649,177.308487,297.203308,-784.911194,0,0
1.520000,-2.051191,-1.448067,-1.920562,0.985214,0.132543,0.108565,0.115009,-0.041951,-0.992478,-0.126992,0.990289,-0.056575,-0.721758,-0.085746,0.006383,0.686784,0.000602,-0.001205,-0.002572,0.000395,0.013412,0.001760,-0.108565,0.992478,0.056574,0.000000,0.000000,0.000000,-1,-0.104294,1.002045,0.059479,-0.000068,-0.100716,0.002583,175.381226,298.425629,-783.074158,0,0
1.560000,-2.052553,-1.448151,-1.921942,0.985232,0.132530,0.108414,0.114873,-0.042081,-0.992488,-0.126972,0.990285,-0.056684,-0.721803,-0.085689,0.006428,0.686744,0.000608,0.003036,-0.001525,0.003785,0.012303,0.003298,-0.108414,0.992488,0.056684,0.000000,0.000000,0.000000,-1,-0.114532,1.000748,0.053574,-0.001119,-0.095412,0.004698,175.381226,298.076385,-783.408142,0,0
1.600000,-2.051579,-1.447934,-1.921055,0.985216,0.132447,0.108660,0.115112,-0.042053,-0.992462,-0.126879,0.990298,-0.056678,-0.721794,-0.085744,0.006310,0.686747,-0.001580,-0.002235,-0.003599,-0.004148,0.009262,0.000314,-0.108660,0.992462,0.056678,0.000000,0.000000,0.000000,-1,-0.103806,1.004456,0.047623,0.002064,-0.098594,0.003613,175.731628,298.774872,-784.076172,0,0
1.640000,-2.051634,-1.448235,-1.921133,0.985250,0.132413,0.108392,0.114828,-0.041959,-0.992499,-0.126872,0.990306,-0.056545,-0.721761,-0.085638,0.006401,0.686794,0.002695,0.000953,0.001660,0.003625,0.010629,0.001346,-0.108392,0.992499,0.056545,0.000000,0.000000,0.000000,-1,-0.106415,1.004883,0.056458,0.004203,-0.102829,0.007864,175.381226,298.774872,-784.076172,0,0
1.680000,-2.051899,-1.448570,-1.921262,0.985268,0.132536,0.108082,0.114511,-0.041860,-0.992540,-0.127023,0.990294,-0.056420,-0.721725,-0.085575,0.006561,0.686838,0.003751,-0.003291,0.000606,0.002247,0.014022,0.000694,-0.108082,0.992540,0.056420,0.000000,0.000000,0.000000,-1,-0.106293,1.002121,0.057098,0.001005,-0.103892,0.005776,176.082047,298.425629,-784.410156,0,0
1.720000,-2.051511,-1.448732,-1.920705,0.985260,0.132695,0.107961,0.114383,-0.041741,-0.992559,-0.127202,0.990278,-0.056304,-0.721683,-0.085591,0.006665,0.686880,0.003698,-0.006454,-0.002563,-0.000163,0.010736,0.000077,-0.107961,0.992559,0.056304,0.000000,0.000000,0.000000,-1,-0.107330,1.003448,0.057678,0.005241,-0.109198,0.002562,176.257248,297.203308,-783.241150,0,0
1.760000,-2.051286,-1.448739,-1.920121,0.985211,0.133048,0.107968,0.114401,-0.041672,-0.992560,-0.127559,0.990233,-0.056277,-0.721658,-0.085723,0.006787,0.686888,0.003705,-0.007511,-0.000431,-0.001651,0.010171,0.002897,-0.107968,0.992560,0.056277,0.000000,0.000000,0.000000,-1,-0.110886,1.004456,0.060364,0.003133,-0.107071,0.006831,177.658890,298.600250,-784.243164,0,0
1.800000,-2.051055,-1.448561,-1.919568,0.985149,0.133370,0.108137,0.114590,-0.041669,-0.992539,-0.127869,0.990190,-0.056333,-0.721656,-0.085899,0.006835,0.686867,0.004761,-0.009634,-0.001498,-0.004350,0.010330,0.002932,-0.108137,0.992539,0.056333,0.000000,0.000000,0.000000,-1,-0.110550,1.004181,0.057205,0.004187,-0.108134,0.004697,174.154770,298.251007,-784.577148,0,0
1.840000,-2.050565,-1.448511,-1.918828,0.985108,0.133616,0.108210,0.114668,-0.041602,-0.992532,-0.128116,0.990160,-0.056303,-0.721632,-0.086015,0.006896,0.686878,0.003706,-0.004332,-0.000447,-0.001943,0.010916,0.002855,-0.108210,0.992532,0.056303,0.000000,0.000000,0.000000,-1,-0.110703,1.003540,0.056931,0.003119,-0.109196,0.003650,176.432449,299.124115,-784.744141,0,0
1.880000,-2.049852,-1.448351,-1.917832,0.985050,0.133897,0.108391,0.114859,-0.041541,-0.992513,-0.128392,0.990124,-0.056299,-0.721611,-0.086181,0.006929,0.686879,0.002592,-0.005363,-0.001485,-0.002647,0.012355,0.001638,-0.108391,0.992513,0.056299,0.000000,0.000000,0.000000,-1,-0.111221,1.005157,0.057999,0.002062,-0.106014,0.004711,176.082047,298.076385,-784.076172,0,0
1.920000,-2.049493,-1.448315,-1.917332,0.985025,0.134035,0.108442,0.114913,-0.041496,-0.992509,-0.128531,0.990107,-0.056277,-0.721595,-0.086249,0.006960,0.686887,0.003657,-0.002184,-0.001511,-0.001528,0.012420,0.002378,-0.108442,0.992509,0.056277,0.000000,0.000000,0.000000,-1,-0.110718,1.003983,0.059296,0.003127,-0.103894,0.004689,173.979568,298.774872,-785.746216,0,0
1.960000,-2.048559,-1.448282,-1.916318,0.985006,0.134110,0.108524,0.114985,-0.041390,-0.992505,-0.128613,0.990102,-0.056190,-0.721559,-0.086305,0.006960,0.686918,0.004734,-0.000059,0.001658,-0.003384,0.012897,-0.000404,-0.108524,0.992505,0.056190,0.000000,0.000000,0.000000,-1,-0.113083,1.003281,0.058685,0.004201,-0.099650,0.006786,175.556427,297.552521,-783.909180,0,0
2.000000,-2.048066,-1.448180,-1.915865,0.984998,0.134072,0.108641,0.115099,-0.041373,-0.992492,-0.128571,0.990108,-0.056183,-0.721553,-0.086332,0.006905,0.686921,0.003671,0.002060,0.001659,-0.004045,0.010010,0.003265,-0.108641,0.992492,0.056183,0.000000,0.000000,0.000000,-1,-0.113113,1.002808,0.058212,0.004205,-0.094349,0.006762,175.906830,299.997192,-784.577148,0,0
2.040000,-2.047964,-1.448072,-1.915995,0.985018,0.133848,0.108743,0.115195,-0.041424,-0.992479,-0.128337,0.990136,-0.056222,-0.721572,-0.086285,0.006789,0.686908,-0.000630,0.004211,-0.000421,-0.002708,0.011839,0.001899,-0.108743,0.992479,0.056222,0.000000,0.000000,0.000000,-1,-0.111038,1.004532,0.057220,-0.000058,-0.097532,0.004696,173.979568,299.124115,-783.742188,0,0
2.080000,-2.047470,-1.448037,-1.915619,0.985027,0.133729,0.108801,0.115243,-0.041392,-0.992475,-0.128220,0.990153,-0.056184,-0.721561,-0.086262,0.006728,0.686923,0.001494,0.001029,-0.000430,0.000707,0.012027,0.000442,-0.108801,0.992475,0.056184,0.000000,0.000000,0.000000,-1,-0.107376,1.003510,0.055710,0.007388,-0.097531,0.005677,177.133286,297.727142,-784.076172,0,0
2.120000,-2.045996,-1.448324,-1.914220,0.985059,0.133638,0.108631,0.115033,-0.041135,-0.992510,-0.128168,0.990176,-0.055893,-0.721472,-0.086168,0.006770,0.687028,0.005754,0.001031,0.001651,-0.002270,0.012770,-0.000428,-0.108631,0.992510,0.055893,0.000000,0.000000,0.000000,-1,-0.104645,1.005692,0.057037,0.007391,-0.099650,0.006751,175.731628,297.727142,-784.410156,0,0
2.160000,-2.045518,-1.448571,-1.913741,0.985081,0.133627,0.108439,0.114822,-0.040998,-0.992540,-0.128184,0.990183,-0.055729,-0.721424,-0.086097,0.006842,0.687087,0.005746,0.001027,-0.000475,0.003398,0.010115,0.001949,-0.108439,0.992540,0.055729,0.000000,0.000000,0.000000,-1,-0.111008,1.002808,0.058716,0.005263,-0.096471,0.005696,176.432449,297.377930,-783.408142,0,0
2.200000,-2.045607,-1.448549,-1.913933,0.985093,0.133527,0.108454,0.114834,-0.041027,-0.992537,-0.128081,0.990196,-0.055749,-0.721434,-0.086065,0.006802,0.687080,0.000396,0.002118,-0.000411,-0.004324,0.008714,0.001685,-0.108454,0.992537,0.055749,0.000000,0.000000,0.000000,-1,-0.106094,1.005081,0.053864,0.003124,-0.102835,0.003621,176.257248,297.203308,-784.577148,0,0
2.240000,-2.045120,-1.448701,-1.913406,0.985101,0.133559,0.108346,0.114713,-0.040916,-0.992556,-0.128131,0.990196,-0.055627,-0.721395,-0.086039,0.006857,0.687124,0.004655,-0.000000,0.001680,0.003061,0.012251,-0.000329,-0.108346,0.992556,0.055627,0.000000,0.000000,0.000000,-1,-0.104767,1.005585,0.054886,0.008456,-0.101768,0.007812,175.381226,298.774872,-783.742188,0,0
2.280000,-2.043499,-1.449278,-1.911733,0.985144,0.133580,0.107927,0.114242,-0.040532,-0.992626,-0.128221,0.990209,-0.055190,-0.721260,-0.085899,0.007034,0.687281,0.011046,-0.001057,0.004807,0.001603,0.011998,-0.000610,-0.107927,0.992626,0.055190,0.000000,0.000000,0.000000,-1,-0.108353,1.005585,0.053757,0.010587,-0.100707,0.008848,176.607666,298.949493,-784.911194,0,0
2.320000,-2.040958,-1.449741,-1.909152,0.985172,0.133591,0.107657,0.113913,-0.040085,-0.992682,-0.128297,0.990226,-0.054708,-0.721104,-0.085807,0.007156,0.687455,0.011038,-0.001061,0.002680,0.000159,0.009134,0.002375,-0.107657,0.992682,0.054708,0.000000,0.000000,0.000000,-1,-0.107178,1.003067,0.054398,0.009505,-0.110253,0.005711,175.030807,298.774872,-785.078186,0,0
2.360000,-2.038989,-1.450033,-1.906866,0.985149,0.133882,0.107505,0.113730,-0.039728,-0.992717,-0.128636,0.990201,-0.054365,-0.720979,-0.085860,0.007327,0.687578,0.006738,-0.007392,0.000641,0.000236,0.010915,-0.000333,-0.107505,0.992717,0.054365,0.000000,0.000000,0.000000,-1,-0.109161,1.005554,0.057022,0.008448,-0.108131,0.006777,176.958069,296.854065,-784.243164,0,0
2.400000,-2.038301,-1.450094,-1.905881,0.985111,0.134169,0.107489,0.113713,-0.039597,-0.992724,-0.128937,0.990167,-0.054264,-0.720932,-0.085959,0.007437,0.687614,0.007801,-0.006333,0.000624,-0.004449,0.011899,0.002758,-0.107489,0.992724,0.054264,0.000000,0.000000,0.000000,-1,-0.111115,1.004745,0.054764,0.008448,-0.107071,0.006772,175.206009,298.251007,-783.909180,0,0
2.440000,-2.036337,-1.450171,-1.903691,0.985079,0.134380,0.107527,0.113727,-0.039323,-0.992734,-0.129175,0.990149,-0.054018,-0.720836,-0.086048,0.007508,0.687702,0.007803,-0.003153,0.000610,-0.000764,0.011005,0.000700,-0.107527,0.992734,0.054018,0.000000,0.000000,0.000000,-1,-0.108475,1.004105,0.054916,0.008447,-0.103892,0.005694,175.906830,297.901764,-784.577148,0,0
2.480000,-2.034750,-1.450310,-1.901984,0.985069,0.134484,0.107490,0.113664,-0.039083,-0.992750,-0.129308,0.990145,-0.053786,-0.720753,-0.086072,0.007568,0.687786,0.006727,-0.004219,-0.002565,-0.001534,0.010836,0.001893,-0.107490,0.992750,0.053786,0.000000,0.000000,0.000000,-1,-0.106583,1.005585,0.052780,0.007383,-0.104952,0.005711,176.257248,297.901764,-783.241150,0,0
2.520000,-2.033032,-1.450520,-1.900081,0.985056,0.134651,0.107395,0.113540,-0.038800,-0.992775,-0.129511,0.990133,-0.053508,-0.720653,-0.086099,0.007672,0.687886,0.007764,-0.004181,-0.000437,0.000660,0.014579,-0.001796,-0.107395,0.992775,0.053508,0.000000,0.000000,0.000000,-1,-0.107269,1.007645,0.051865,0.009507,-0.107073,0.005697,176.432449,298.425629,-784.744141,0,0
2.560000,-2.030100,-1.450869,-1.896947,0.985049,0.134823,0.107241,0.113333,-0.038333,-0.992817,-0.129744,0.990128,-0.053040,-0.720490,-0.086107,0.007808,0.688055,0.012030,-0.003116,0.002703,0.000475,0.011486,-0.000519,-0.107241,0.992817,0.053040,0.000000,0.000000,0.000000,-1,-0.109650,1.003464,0.054443,0.010584,-0.099648,0.007779,175.731628,299.124115,-784.410156,0,0
2.600000,-2.027356,-1.451061,-1.894238,0.985060,0.134768,0.107215,0.113256,-0.037965,-0.992840,-0.129732,0.990150,-0.052661,-0.720362,-0.086076,0.007815,0.688192,0.009911,0.002185,0.003766,-0.004082,0.011921,0.002713,-0.107215,0.992840,0.052661,0.000000,0.000000,0.000000,-1,-0.109802,1.003326,0.053894,0.010581,-0.098589,0.006711,175.906830,299.298706,-784.577148,0,0
2.640000,-2.024779,-1.451185,-1.891825,0.985082,0.134589,0.107239,0.113230,-0.037652,-0.992855,-0.129589,0.990186,-0.052330,-0.720254,-0.086018,0.007758,0.688313,0.008849,0.009604,0.002680,-0.002029,0.009769,0.000755,-0.107239,0.992855,0.052330,0.000000,0.000000,0.000000,-1,-0.109741,1.003494,0.051575,0.008465,-0.090106,0.007759,175.731628,299.473328,-783.742188,0,0
2.680000,-2.022482,-1.451314,-1.889807,0.985121,0.134298,0.107244,0.113184,-0.037384,-0.992870,-0.129332,0.990236,-0.052028,-0.720162,-0.085912,0.007668,0.688424,0.009877,0.008575,0.001620,-0.002757,0.011631,0.000447,-0.107244,0.992871,0.052028,0.000000,0.000000,0.000000,-1,-0.106522,1.005417,0.049789,0.010586,-0.092228,0.006682,175.030807,300.171814,-785.078186,0,0
2.720000,-2.019077,-1.451755,-1.886755,0.985196,0.133918,0.107026,0.112881,-0.036902,-0.992923,-0.129021,0.990305,-0.051473,-0.719995,-0.085695,0.007637,0.688626,0.008821,0.006457,0.003769,0.002427,0.010510,-0.001317,-0.107026,0.992923,0.051473,0.000000,0.000000,0.000000,-1,-0.106995,1.003754,0.051834,0.008460,-0.097528,0.007793,175.731628,298.774872,-783.408142,0,0
2.760000,-2.017886,-1.451971,-1.885622,0.985220,0.133848,0.106894,0.112719,-0.036708,-0.992949,-0.128981,0.990322,-0.051252,-0.719927,-0.085622,0.007670,0.688705,0.004557,0.002212,0.001708,0.000067,0.012178,0.001177,-0.106894,0.992949,0.051252,0.000000,0.000000,0.000000,-1,-0.106308,1.004120,0.055695,0.005258,-0.097532,0.004637,176.607666,296.854065,-784.577148,0,0
2.800000,-2.018762,-1.452064,-1.886580,0.985245,0.133768,0.106766,0.112596,-0.036787,-0.992960,-0.128899,0.990330,-0.051306,-0.719954,-0.085549,0.007686,0.688686,0.000292,0.002207,-0.001435,0.000458,0.011160,0.004389,-0.106766,0.992960,0.051306,0.000000,0.000000,0.000000,-1,-0.114655,1.003098,0.053543,0.001002,-0.097534,0.003620,177.133286,297.727142,-784.410156,0,0
2.840000,-2.019064,-1.451516,-1.887189,0.985232,0.133485,0.107240,0.113091,-0.037025,-0.992895,-0.128566,0.990359,-0.051574,-0.720040,-0.085612,0.007404,0.688591,-0.006126,0.008599,-0.003511,-0.003401,0.011012,0.001404,-0.107240,0.992895,0.051574,0.000000,0.000000,0.000000,-1,-0.104095,1.004410,0.052200,-0.005380,-0.090116,0.001530,175.906830,297.901764,-785.245178,0,0
2.880000,-2.020697,-1.451524,-1.889279,0.985301,0.133043,0.107149,0.113005,-0.037259,-0.992896,-0.128105,0.990410,-0.051746,-0.720122,-0.085419,0.007275,0.688531,-0.003993,0.007541,-0.001402,0.003374,0.011209,0.001508,-0.107149,0.992896,0.051746,0.000000,0.000000,0.000000,-1,-0.108337,1.006439,0.053726,-0.003245,-0.095412,0.004721,175.906830,296.854065,-783.575195,0,0
2.920000,-2.022076,-1.451560,-1.890788,0.985329,0.132921,0.107045,0.112916,-0.037418,-0.992900,-0.127972,0.990420,-0.051878,-0.720178,-0.085339,0.007264,0.688483,-0.001867,0.001180,-0.000332,-0.001109,0.011754,0.000307,-0.107045,0.992900,0.051878,0.000000,0.000000,0.000000,-1,-0.106430,1.002930,0.053406,0.002065,-0.102833,0.004696,176.082047,298.774872,-783.742188,0,0
2.960000,-2.022562,-1.451570,-1.891183,0.985320,0.133013,0.107011,0.112891,-0.037459,-0.992901,-0.128060,0.990406,-0.051926,-0.720192,-0.085361,0.007307,0.688465,0.000246,-0.005185,-0.002453,-0.000868,0.010441,0.000305,-0.107011,0.992901,0.051926,0.000000,0.000000,0.000000,-1,-0.106384,1.001541,0.053558,0.002050,-0.107079,0.001524,175.556427,298.600250,-784.911194,0,0
3.000000,-2.022425,-1.451548,-1.890872,0.985294,0.133185,0.107038,0.112923,-0.037431,-0.992898,-0.128232,0.990384,-0.051920,-0.720182,-0.085433,0.007357,0.688466,0.000227,-0.003028,0.000737,0.000653,0.008643,0.001638,-0.107038,0.992898,0.051920,0.000000,0.000000,0.000000,-1,-0.111115,1.003143,0.054169,0.001010,-0.101770,0.006830,173.629166,298.076385,-783.408142,0,0
3.040000,-2.023216,-1.451352,-1.891523,0.985260,0.133334,0.107172,0.113084,-0.037566,-0.992875,-0.128357,0.990359,-0.052090,-0.720228,-0.085534,0.007354,0.688405,0.000220,-0.005151,-0.000318,-0.002798,0.011764,0.002582,-0.107172,0.992875,0.052090,0.000000,0.000000,0.000000,-1,-0.109818,1.004822,0.055603,0.002062,-0.106014,0.004711,175.731628,297.727142,-784.410156,0,0
3.080000,-2.023079,-1.451151,-1.891096,0.985200,0.133625,0.107359,0.113290,-0.037581,-0.992851,-0.128635,0.990319,-0.052163,-0.720233,-0.085707,0.007385,0.688378,0.003400,-0.006216,-0.002476,-0.002092,0.011284,0.000037,-0.107359,0.992851,0.052163,0.000000,0.000000,0.000000,-1,-0.109726,1.002579,0.054962,0.004178,-0.109198,0.002574,176.432449,298.076385,-784.744141,0,0
3.120000,-2.023016,-1.451109,-1.890773,0.985160,0.133881,0.107400,0.113341,-0.037557,-0.992846,-0.128890,0.990286,-0.052174,-0.720224,-0.085814,0.007460,0.688373,0.005524,-0.008337,-0.002490,0.000878,0.012205,0.002132,-0.107400,0.992846,0.052174,0.000000,0.000000,0.000000,-1,-0.109970,1.005798,0.054504,0.007368,-0.108138,0.002534,173.979568,299.124115,-784.744141,0,0
3.160000,-2.020885,-1.451100,-1.888281,0.985100,0.134227,0.107518,0.113443,-0.037277,-0.992845,-0.129259,0.990249,-0.051949,-0.720126,-0.085981,0.007548,0.688454,0.005505,-0.012543,-0.001400,-0.002834,0.011229,-0.001595,-0.107518,0.992845,0.051949,0.000000,0.000000,0.000000,-1,-0.108322,1.001907,0.053482,0.008413,-0.121924,0.000458,174.855606,298.600250,-786.915222,0,0
3.200000,-2.018366,-1.451047,-1.884913,0.984968,0.135052,0.107697,0.113618,-0.036911,-0.992839,-0.130110,0.990151,-0.051701,-0.719997,-0.086344,0.007782,0.688541,0.009736,-0.025271,-0.004580,-0.001983,0.013769,-0.001378,-0.107697,0.992839,0.051701,0.000000,0.000000,0.000000,-1,-0.107483,1.002243,0.049500,0.009470,-0.130405,0.000484,174.505188,298.600250,-783.575195,0,0
3.240000,-2.014887,-1.451252,-1.880276,0.984815,0.136167,0.107691,0.113594,-0.036322,-0.992863,-0.131284,0.990020,-0.051238,-0.719787,-0.086748,0.008194,0.688704,0.011877,-0.028446,-0.000334,0.000483,0.009532,-0.002151,-0.107691,0.992863,0.051238,0.000000,0.000000,0.000000,-1,-0.110046,1.004166,0.048325,0.013744,-0.128277,0.005746,175.381226,298.774872,-784.410156,0,0
3.280000,-2.011990,-1.451440,-1.876542,0.984706,0.136970,0.107671,0.113551,-0.035841,-0.992885,-0.132137,0.989926,-0.050846,-0.719617,-0.087033,0.008500,0.688843,0.009757,-0.031624,0.001830,-0.003932,0.011372,-0.000202,-0.107671,0.992886,0.050846,0.000000,0.000000,0.000000,-1,-0.112442,1.001709,0.041504,0.007364,-0.135697,0.006914,176.607666,297.901764,-783.909180,0,0
3.320000,-2.004878,-1.451634,-1.867295,0.984397,0.139030,0.107855,0.113693,-0.034734,-0.992909,-0.134298,0.989679,-0.049998,-0.719223,-0.087846,0.009191,0.689142,0.004380,-0.041137,-0.000192,-0.004724,0.008526,-0.007320,-0.107855,0.992909,0.049998,0.000000,0.000000,0.000000,-1,-0.111237,1.003159,0.041077,0.004169,-0.143118,0.006982,176.607666,299.997192,-784.911194,0,0
3.360000,-2.002075,-1.451790,-1.863242,0.984226,0.140240,0.107855,0.113685,-0.034228,-0.992927,-0.135556,0.989526,-0.049631,-0.719042,-0.088286,0.009632,0.689269,0.000132,-0.043256,0.000928,-0.003107,0.004876,-0.009730,-0.107855,0.992927,0.049631,0.000000,0.000000,0.000000,-1,-0.108932,1.001495,0.042282,-0.003272,-0.147357,0.008147,175.556427,296.854065,-785.579224,0,0
3.400000,-2.002111,-1.451933,-1.861911,0.984048,0.141581,0.107724,0.113595,-0.034036,-0.992944,-0.136915,0.989341,-0.049576,-0.718968,-0.088730,0.010151,0.689282,-0.009428,-0.050673,0.004258,-0.000430,0.007163,-0.005829,-0.107724,0.992944,0.049576,0.000000,0.000000,0.000000,-1,-0.107620,1.001495,0.048035,-0.014965,-0.155836,0.010442,175.030807,298.425629,-785.078186,0,0
3.440000,-2.010976,-1.451692,-1.867236,0.983557,0.145119,0.107496,0.113640,-0.034710,-0.992915,-0.140359,0.988805,-0.050631,-0.719183,-0.089949,0.011424,0.688879,-0.022203,-0.077179,0.004516,-0.012468,0.009038,-0.005068,-0.107496,0.992915,0.050631,0.000000,0.000000,0.000000,-1,-0.113525,1.002151,0.045044,-0.022446,-0.185528,0.006403,175.906830,298.600250,-784.577148,0,0
3.480000,-2.016408,-1.451547,-1.870165,0.983202,0.147612,0.107349,0.113675,-0.035085,-0.992898,-0.142798,0.988423,-0.051276,-0.719299,-0.090813,0.012320,0.688629,-0.018033,-0.083525,-0.002944,0.005878,0.013831,-0.004996,-0.107349,0.992898,0.051276,0.000000,0.000000,0.000000,-1,-0.105652,1.005081,0.047165,-0.019240,-0.174923,0.008448,176.082047,297.028687,-784.744141,0,0
3.520000,-2.022513,-1.451568,-1.874032,0.982901,0.149843,0.107016,0.113519,-0.035518,-0.992901,-0.144978,0.988072,-0.051921,-0.719434,-0.091517,0.013192,0.688379,-0.025416,-0.069723,0.009840,-0.001307,0.009754,-0.001979,-0.107016,0.992901,0.051921,0.000000,0.000000,0.000000,-1,-0.123642,0.985458,0.054062,-0.048895,-0.152620,0.034203,175.381226,298.425629,-786.080200,0,0
3.560000,-2.038145,-1.450987,-1.887617,0.982611,0.151955,0.106706,0.113575,-0.037237,-0.992831,-0.146892,0.987686,-0.053848,-0.720017,-0.092195,0.013953,0.687664,-0.045529,-0.054851,0.030201,-0.024046,0.010556,0.004685,-0.106706,0.992831,0.053848,0.000000,0.000000,0.000000,-1,-0.123413,1.001541,0.056290,-0.042518,-0.154740,0.034142,176.257248,298.600250,-785.579224,0,0
3.600000,-2.055537,-1.450473,-1.902759,0.982304,0.154269,0.106205,0.113480,-0.039119,-0.992770,-0.148999,0.987254,-0.055933,-0.720652,-0.092884,0.014846,0.686887,-0.041300,-0.041083,0.020514,-0.005367,0.003217,-0.009210,-0.106205,0.992770,0.055933,0.000000,0.000000,0.000000,-1,-0.101974,1.002792,0.052338,-0.042557,-0.143097,0.021326,174.680389,298.774872,-783.742188,0,0
3.640000,-2.066926,-1.450609,-1.913002,0.982201,0.155446,0.105442,0.112946,-0.040234,-0.992786,-0.150083,0.987025,-0.057074,-0.721025,-0.093059,0.015478,0.686457,-0.046660,-0.043186,0.017395,0.003849,0.009197,-0.004477,-0.105442,0.992786,0.057074,0.000000,0.000000,0.000000,-1,-0.108429,0.999756,0.046539,-0.052121,-0.157934,0.025753,174.505188,298.600250,-784.577148,0,0
3.680000,-2.083285,-1.450614,-1.927291,0.981966,0.157556,0.104490,0.112355,-0.041842,-0.992787,-0.152048,0.986623,-0.058789,-0.721560,-0.093516,0.016477,0.685809,-0.062578,-0.062254,0.028294,-0.002306,0.007732,-0.013226,-0.104490,0.992787,0.058789,0.000000,0.000000,0.000000,-1,-0.106979,1.004959,0.049881,-0.067989,-0.148363,0.045031,173.979568,298.425629,-786.080200,0,0
3.720000,-2.109826,-1.450663,-1.951648,0.981774,0.159818,0.102852,0.111258,-0.044548,-0.992793,-0.154084,0.986141,-0.061517,-0.722468,-0.093802,0.017728,0.684783,-0.068918,-0.045283,0.033604,-0.012337,0.010396,-0.009286,-0.102852,0.992793,0.061517,0.000000,0.000000,0.000000,-1,-0.108292,1.000458,0.049789,-0.062727,-0.146265,0.030072,175.731628,298.425629,-784.410156,0,0
3.760000,-2.122199,-1.450450,-1.962813,0.981631,0.161066,0.102263,0.110949,-0.045868,-0.992767,-0.155210,0.985877,-0.062895,-0.722910,-0.094069,0.018311,0.684264,-0.063653,-0.043185,0.018643,-0.001589,0.005570,-0.016814,-0.102263,0.992767,0.062895,0.000000,0.000000,0.000000,-1,-0.090057,1.000839,0.044769,-0.069134,-0.146276,0.022697,176.607666,298.600250,-784.243164,0,0
3.800000,-2.141486,-1.450783,-1.980429,0.981506,0.162772,0.100752,0.109820,-0.047683,-0.992807,-0.156797,0.985511,-0.064677,-0.723510,-0.094191,0.019366,0.683584,-0.078560,-0.054821,0.022058,0.012907,0.009085,-0.020838,-0.100752,0.992807,0.064677,0.000000,0.000000,0.000000,-1,-0.087906,1.002640,0.037704,-0.081858,-0.175940,0.037863,175.381226,298.076385,-784.744141,0,0
3.840000,-2.168944,-1.452285,-2.004144,0.981191,0.166489,0.097706,0.107305,-0.049648,-0.992986,-0.160470,0.984793,-0.066579,-0.724123,-0.094526,0.021669,0.682818,-0.084875,-0.100376,0.044677,0.009190,0.013713,-0.035054,-0.097706,0.992986,0.066579,0.000000,0.000000,0.000000,-1,-0.087387,0.999603,0.041183,-0.095615,-0.181213,0.056121,174.855606,298.251007,-786.247192,0,0
3.880000,-2.191998,-1.453038,-2.024889,0.981009,0.168802,0.095538,0.105580,-0.051535,-0.993074,-0.162709,0.984302,-0.068379,-0.724728,-0.094650,0.023171,0.682110,-0.103953,-0.069619,0.052197,0.007662,0.003187,-0.017445,-0.095538,0.993074,0.068379,0.000000,0.000000,0.000000,-1,-0.103638,0.989639,0.068985,-0.124316,-0.171673,0.055331,175.906830,297.552521,-783.909180,0,0
3.920000,-2.233526,-1.451424,-2.063763,0.980683,0.171604,0.093880,0.104909,-0.056358,-0.992884,-0.165092,0.983553,-0.073272,-0.726346,-0.095173,0.024510,0.680267,-0.130596,-0.094023,0.039834,-0.015160,-0.001322,-0.003295,-0.093880,0.992884,0.073272,0.000000,0.000000,0.000000,-1,-0.112701,1.000916,0.063873,-0.127601,-0.234244,0.042885,176.082047,299.124115,-784.410156,0,0
3.960000,-2.278252,-1.448854,-2.103043,0.979827,0.177178,0.092449,0.104813,-0.061729,-0.992574,-0.170156,0.982241,-0.079054,-0.728116,-0.096822,0.026681,0.678057,-0.123126,-0.093961,0.061023,-0.016469,0.022501,-0.012251,-0.092449,0.992574,0.079054,0.000000,0.000000,0.000000,-1,-0.111389,1.006271,0.071182,-0.109335,-0.185413,0.083948,176.782867,298.774872,-784.410156,0,0
4.000000,-2.314317,-1.448147,-2.135843,0.979446,0.180489,0.090055,0.103325,-0.065509,-0.992488,-0.173233,0.981393,-0.082811,-0.729343,-0.097284,0.028512,0.676596,-0.071982,-0.107696,0.092427,-0.016421,0.019276,-0.003298,-0.090055,0.992488,0.082811,0.000000,0.000000,0.000000,-1,-0.105011,1.013412,0.094055,-0.030625,-0.245811,0.105691,176.082047,298.076385,-783.742188,0,0
4.040000,-2.340377,-1.448764,-2.157980,0.978965,0.184346,0.087426,0.101340,-0.067440,-0.992563,-0.177079,0.980545,-0.084703,-0.729916,-0.097849,0.030706,0.675800,-0.019887,-0.151151,0.101619,-0.014945,0.019018,0.015226,-0.087426,0.992563,0.084703,0.000000,0.000000,0.000000,-1,-0.095688,0.997589,0.119507,-0.004014,-0.208702,0.106294,176.082047,298.076385,-785.078186,0,0
4.080000,-2.374581,-1.451136,-2.186230,0.978262,0.190105,0.082844,0.097472,-0.068916,-0.992849,-0.183036,0.979342,-0.085948,-0.730261,-0.098450,0.034300,0.675166,0.025645,-0.153343,0.054321,-0.006511,-0.022406,0.055089,-0.082844,0.992849,0.085948,0.000000,0.000000,0.000000,-1,-0.079483,0.985672,0.141937,0.018008,-0.288315,0.041524,176.958069,298.251007,-785.245178,0,0
4.120000,-2.389860,-1.451421,-2.196276,0.977381,0.195223,0.081328,0.096546,-0.069727,-0.992883,-0.188163,0.978277,-0.086997,-0.730429,-0.099862,0.036566,0.674659,-0.005343,-0.165003,0.031315,0.001845,-0.007211,0.054940,-0.081328,0.992883,0.086997,0.000000,0.000000,0.000000,-1,-0.069382,1.002396,0.117310,-0.030975,-0.243831,0.012079,175.906830,298.251007,-782.907166,0,0
4.160000,-2.412737,-1.449755,-2.214668,0.976551,0.199702,0.080419,0.096570,-0.072483,-0.992683,-0.192412,0.977172,-0.090069,-0.731284,-0.101285,0.038287,0.673424,-0.098883,-0.037810,0.011562,0.028753,0.019707,0.016590,-0.080419,0.992683,0.090069,0.000000,0.000000,0.000000,-1,-0.093063,1.014053,0.068954,-0.146538,-0.070943,0.062567,175.381226,298.076385,-786.080200,0,0
4.200000,-2.488014,-1.445518,-2.294012,0.977668,0.195941,0.075974,0.093674,-0.082693,-0.992163,-0.188123,0.977123,-0.099200,-0.734772,-0.098539,0.038158,0.670033,-0.235458,0.186053,0.119496,-0.020293,0.006906,-0.027560,-0.075974,0.992163,0.099200,0.000000,0.000000,0.000000,-1,-0.082428,0.985748,0.077911,-0.143216,0.158046,0.050860,176.082047,297.377930,-783.074158,0,0
4.240000,-2.512182,-1.441844,-2.329528,0.979818,0.185003,0.075700,0.093323,-0.088474,-0.991697,-0.176769,0.978747,-0.103953,-0.736927,-0.094421,0.034287,0.668467,-0.126288,0.343840,-0.003685,0.049363,0.013781,-0.042933,-0.075700,0.991697,0.103953,0.000000,0.000000,0.000000,-1,0.050735,1.010300,0.069305,-0.110472,0.236392,-0.022187,177.133286,299.124115,-783.742188,0,0
