0.000000,1.667076,0.590496,-0.657898,0.262799,0.497302,-0.826817,0.507914,0.657287,0.556773,0.820341,-0.566272,-0.079853,0.413934,0.607112,-0.003911,0.678276,0.181707,-0.135008,0.037692,-0.005940,0.003428,-0.021381,0.826817,-0.556773,0.079853,0.000000,0.000000,0.000000,-1,0.826370,-0.539597,0.057251,0.150857,-0.125908,0.017413,73.129471,206.379776,-521.534912,0,0
0.040000,1.666035,0.590609,-0.663791,0.266632,0.495224,-0.826837,0.511739,0.654234,0.556867,0.816719,-0.571604,-0.078986,0.415748,0.605514,-0.006084,0.678579,0.159283,-0.131023,0.012275,-0.000467,0.017271,-0.021735,0.826837,-0.556867,0.078986,0.000000,0.000000,0.000000,-1,0.844238,-0.525757,0.056076,0.115716,-0.109160,-0.004749,73.656845,206.555573,-521.367371,0,0
0.080000,1.663721,0.589082,-0.670954,0.271267,0.490974,-0.827864,0.516941,0.651216,0.555598,0.811903,-0.578672,-0.077151,0.417493,0.603552,-0.009558,0.679215,0.094419,-0.091911,0.007213,0.021257,0.032450,-0.019397,0.827864,-0.555598,0.077151,0.000000,0.000000,0.000000,-1,0.845688,-0.526474,0.061447,0.054089,-0.067828,-0.003361,73.656845,206.203979,-521.702515,0,0
0.120000,1.663199,0.589135,-0.673394,0.272915,0.490042,-0.827875,0.518510,0.649930,0.555642,0.810349,-0.580904,-0.076716,0.418241,0.602854,-0.010476,0.679361,0.051986,-0.041052,0.008417,0.015067,0.027490,-0.017177,0.827875,-0.555642,0.076716,0.000000,0.000000,0.000000,-1,0.834885,-0.534073,0.058746,0.018010,-0.025473,-0.005371,74.008438,205.852402,-522.708069,0,0
0.160000,1.661271,0.587268,-0.674106,0.273859,0.487517,-0.829053,0.519619,0.650370,0.554089,0.809319,-0.582534,-0.075213,0.417942,0.602438,-0.011804,0.679893,0.030699,-0.015801,-0.001234,0.004382,0.016293,-0.017337,0.829053,-0.554089,0.075213,0.000000,0.000000,0.000000,-1,0.834167,-0.534760,0.061768,-0.001105,-0.001197,-0.014901,73.832642,206.028198,-522.540466,0,0
0.200000,1.659943,0.585208,-0.674062,0.273539,0.485065,-0.830595,0.520329,0.651647,0.551919,0.808971,-0.583154,-0.074143,0.417144,0.602547,-0.012960,0.680265,-0.018291,0.006229,-0.015999,-0.001570,0.024590,-0.002366,0.830595,-0.551919,0.074143,0.000000,0.000000,0.000000,-1,0.828888,-0.529724,0.073624,-0.042620,0.013513,-0.028484,73.832642,204.270279,-521.870117,0,0
0.240000,1.659487,0.583355,-0.673180,0.272826,0.484192,-0.831339,0.520364,0.652542,0.550827,0.809189,-0.582879,-0.073926,0.416596,0.602835,-0.013292,0.680338,-0.006589,-0.002200,-0.010766,0.001119,0.013535,-0.002621,0.831339,-0.550827,0.073926,0.000000,0.000000,0.000000,-1,0.845856,-0.519333,0.063385,-0.018146,-0.001212,-0.016900,74.711594,206.203979,-523.378418,0,0
0.280000,1.658605,0.581009,-0.673099,0.272284,0.482173,-0.832689,0.521116,0.653592,0.548868,0.808888,-0.583375,-0.073306,0.415932,0.603037,-0.014306,0.680546,0.002982,-0.011680,-0.003433,0.018462,0.039453,-0.001346,0.832689,-0.548868,0.073306,0.000000,0.000000,0.000000,-1,0.855759,-0.507355,0.074173,-0.035186,0.000871,-0.021037,73.305267,205.852402,-523.043213,0,0
0.320000,1.657658,0.577135,-0.672062,0.270539,0.479375,-0.834870,0.521758,0.655791,0.545625,0.809059,-0.583213,-0.072701,0.414563,0.603729,-0.015565,0.680740,-0.043862,0.002971,-0.023499,0.016799,0.034654,0.003089,0.834870,-0.545625,0.072701,0.000000,0.000000,0.000000,-1,0.837250,-0.517975,0.076447,-0.083092,0.019760,-0.040977,72.777893,204.973434,-521.870117,0,0
0.360000,1.656938,0.574160,-0.668410,0.267829,0.477991,-0.836536,0.520363,0.658963,0.543129,0.810857,-0.580768,-0.072240,0.412646,0.604850,-0.015557,0.680910,-0.097000,0.043106,-0.038224,-0.000278,0.021187,0.003581,0.836536,-0.543129,0.072240,0.000000,0.000000,0.000000,-1,0.826767,-0.546814,0.066330,-0.125579,0.059949,-0.048256,72.602097,205.149231,-522.037720,0,0
0.400000,1.656376,0.573283,-0.664516,0.265970,0.478129,-0.837050,0.518086,0.661359,0.542393,0.812925,-0.577925,-0.071810,0.411224,0.605640,-0.014667,0.681087,-0.104371,0.065412,-0.030798,-0.010283,-0.004421,-0.005480,0.837050,-0.542393,0.071810,0.000000,0.000000,0.000000,-1,0.812897,-0.569702,0.066284,-0.118020,0.079189,-0.029211,74.535812,204.973434,-522.540466,0,0
0.440000,1.656573,0.574538,-0.657667,0.263170,0.480882,-0.836357,0.513129,0.664353,0.543447,0.816970,-0.572178,-0.071917,0.409492,0.606856,-0.011836,0.681103,-0.077631,0.081609,0.005209,-0.022469,-0.025492,-0.004030,0.836357,-0.543447,0.071917,0.000000,0.000000,0.000000,-1,0.817123,-0.561935,0.069748,-0.103009,0.092141,-0.002743,74.008438,205.852402,-522.037720,0,0
0.480000,1.657680,0.575545,-0.654844,0.261418,0.482922,-0.835731,0.510917,0.665364,0.544292,0.818916,-0.569278,-0.072795,0.408916,0.607606,-0.010280,0.680806,-0.082919,0.090125,0.009500,-0.016807,-0.010182,0.005895,0.835731,-0.544292,0.072795,0.000000,0.000000,0.000000,-1,0.817657,-0.549103,0.068649,-0.108315,0.100586,-0.005929,73.832642,204.973434,-521.870117,0,0
0.520000,1.658573,0.576427,-0.651614,0.259571,0.484855,-0.835188,0.508474,0.666629,0.545032,0.821022,-0.566146,-0.073499,0.408179,0.608391,-0.008676,0.680570,-0.095711,0.096369,-0.002122,-0.013349,-0.004742,-0.003995,0.835188,-0.545032,0.073499,0.000000,0.000000,0.000000,-1,0.827148,-0.548492,0.070969,-0.138132,0.113146,-0.022790,72.777893,204.270279,-522.540466,0,0
0.560000,1.660096,0.577101,-0.642557,0.254248,0.488487,-0.834709,0.502196,0.670913,0.545597,0.826533,-0.557904,-0.074738,0.405609,0.610615,-0.005039,0.680151,-0.144691,0.119434,-0.028422,-0.010978,-0.005429,-0.001557,0.834709,-0.545597,0.074738,0.000000,0.000000,0.000000,-1,0.821533,-0.552979,0.074814,-0.168999,0.132041,-0.041797,74.711594,204.446060,-522.708069,0,0
0.600000,1.660859,0.577598,-0.637242,0.251262,0.490587,-0.834381,0.498461,0.673354,0.546014,0.829701,-0.553099,-0.075351,0.404122,0.611850,-0.002895,0.679938,-0.142547,0.125786,-0.028425,-0.014694,-0.013557,-0.005618,0.834381,-0.546014,0.075351,0.000000,0.000000,0.000000,-1,0.814606,-0.559509,0.068832,-0.162600,0.132078,-0.037586,72.777893,206.028198,-523.210815,0,0
0.640000,1.661797,0.578909,-0.630527,0.247824,0.493660,-0.833597,0.493506,0.676108,0.547111,0.833688,-0.546972,-0.076068,0.402425,0.613260,0.000057,0.679681,-0.131952,0.106765,-0.023040,-0.026041,-0.013192,0.000851,0.833597,-0.547111,0.076068,0.000000,0.000000,0.000000,-1,0.809586,-0.565491,0.078491,-0.133935,0.101396,-0.033432,73.305267,204.797653,-522.372925,0,0
0.680000,1.663080,0.580478,-0.625763,0.245162,0.496590,-0.832642,0.489776,0.677754,0.548424,0.836669,-0.542261,-0.077058,0.401393,0.614339,0.002508,0.679312,-0.080932,0.072923,-0.017902,-0.022050,-0.017815,0.003646,0.832642,-0.548424,0.077058,0.000000,0.000000,0.000000,-1,0.814896,-0.564484,0.078873,-0.093539,0.073917,-0.026185,73.832642,204.621857,-523.546021,0,0
0.720000,1.664003,0.581908,-0.623148,0.243784,0.498694,-0.831789,0.487544,0.678395,0.549619,0.838373,-0.539522,-0.077753,0.400981,0.614891,0.004105,0.679048,-0.038426,0.038049,-0.009512,-0.018984,-0.010409,0.001241,0.831789,-0.549619,0.077753,0.000000,0.000000,0.000000,-1,0.817108,-0.554413,0.083786,-0.053178,0.036886,-0.021032,73.129471,205.325027,-523.546021,0,0
0.760000,1.664909,0.582477,-0.622612,0.243032,0.499697,-0.831407,0.486998,0.678402,0.550094,0.838909,-0.538584,-0.078478,0.400970,0.615193,0.004677,0.678778,-0.004445,0.004177,-0.008549,-0.012514,-0.004121,0.006865,0.831407,-0.550094,0.078478,0.000000,0.000000,0.000000,-1,0.818970,-0.550476,0.081818,-0.011764,-0.002283,-0.018011,73.832642,204.270279,-521.870117,0,0
0.800000,1.665131,0.582638,-0.623670,0.243452,0.499669,-0.831302,0.487663,0.677815,0.550228,0.838401,-0.539350,-0.078654,0.401339,0.615024,0.004422,0.678714,0.026374,-0.022239,-0.002277,-0.007907,0.002819,0.000447,0.831302,-0.550228,0.078654,0.000000,0.000000,0.000000,-1,0.824326,-0.545013,0.078964,0.006306,-0.014967,-0.014907,73.481049,204.621857,-522.205322,0,0
0.840000,1.665140,0.582477,-0.624893,0.243978,0.499267,-0.831389,0.488544,0.677290,0.550094,0.837735,-0.540381,-0.078670,0.401671,0.614813,0.003950,0.678712,0.038083,-0.025398,-0.000226,-0.006438,0.005477,0.000142,0.831389,-0.550094,0.078670,0.000000,0.000000,0.000000,-1,0.827271,-0.544556,0.074036,0.016940,-0.021305,-0.012835,73.305267,205.149231,-523.713623,0,0
0.880000,1.664828,0.582279,-0.626192,0.244791,0.498647,-0.831522,0.489487,0.676743,0.549928,0.836947,-0.541637,-0.078421,0.402016,0.614486,0.003373,0.678806,0.039125,-0.030709,-0.001282,-0.008143,0.005159,-0.002661,0.831522,-0.549928,0.078421,0.000000,0.000000,0.000000,-1,0.825089,-0.546646,0.076492,0.014816,-0.020236,-0.011758,73.656845,205.500809,-522.037720,0,0
0.920000,1.664319,0.582096,-0.628853,0.246453,0.497594,-0.831662,0.491346,0.675519,0.549776,0.835369,-0.544127,-0.078007,0.402784,0.613815,0.002301,0.678963,0.038043,-0.035999,-0.000187,-0.007489,0.005418,-0.001286,0.831662,-0.549776,0.078007,0.000000,0.000000,0.000000,-1,0.823975,-0.545670,0.075989,0.017992,-0.025542,-0.012828,74.008438,205.852402,-523.043213,0,0
0.960000,1.663994,0.582029,-0.630188,0.247356,0.497042,-0.831724,0.492269,0.674892,0.549720,0.834558,-0.545408,-0.077740,0.403176,0.613448,0.001757,0.679063,0.038046,-0.031795,-0.003395,-0.006757,0.001044,-0.001781,0.831724,-0.549720,0.077740,0.000000,0.000000,0.000000,-1,0.823990,-0.547623,0.075256,0.014801,-0.023433,-0.013876,74.184219,204.270279,-521.534912,0,0
1.000000,1.663695,0.581939,-0.632050,0.248485,0.496357,-0.831796,0.493553,0.674015,0.549645,0.833463,-0.547114,-0.077496,0.403722,0.612990,0.001032,0.679155,0.041240,-0.032837,-0.001280,-0.006601,0.003517,-0.002468,0.831796,-0.549645,0.077496,0.000000,0.000000,0.000000,-1,0.823837,-0.544754,0.076340,0.016941,-0.024443,-0.008562,72.602097,205.149231,-521.702515,0,0
1.040000,1.663400,0.581983,-0.633929,0.249685,0.495757,-0.831795,0.494804,0.673067,0.549682,0.832362,-0.548823,-0.077248,0.404310,0.612501,0.000351,0.679247,0.042325,-0.030662,0.005097,-0.006462,0.005599,0.000114,0.831795,-0.549682,0.077248,0.000000,0.000000,0.000000,-1,0.824692,-0.543503,0.074341,0.019082,-0.022306,-0.004322,74.184219,206.379776,-521.199768,0,0
1.080000,1.663239,0.582022,-0.635936,0.250832,0.495192,-0.831786,0.496142,0.672055,0.549714,0.831220,-0.550570,-0.077112,0.404935,0.612032,-0.000349,0.679296,0.043403,-0.028517,0.008273,-0.005599,0.005159,0.000494,0.831786,-0.549714,0.077112,0.000000,0.000000,0.000000,-1,0.825699,-0.544281,0.074951,0.021229,-0.020149,-0.002220,73.481049,204.621857,-522.205322,0,0
1.120000,1.663097,0.582147,-0.637480,0.251777,0.494809,-0.831728,0.497138,0.671232,0.549819,0.830338,-0.551916,-0.076987,0.405442,0.611646,-0.000857,0.679342,0.046586,-0.031698,0.008260,-0.006030,0.005538,-0.002036,0.831728,-0.549819,0.076988,0.000000,0.000000,0.000000,-1,0.826416,-0.541061,0.073196,0.021210,-0.024405,-0.004334,73.656845,204.446060,-521.367371,0,0
1.160000,1.662871,0.581927,-0.639983,0.253093,0.493906,-0.831866,0.498889,0.670083,0.549635,0.828887,-0.554117,-0.076811,0.406147,0.611106,-0.001834,0.679405,0.040212,-0.026404,0.008273,-0.002536,0.009016,-0.002348,0.831866,-0.549635,0.076811,0.000000,0.000000,0.000000,-1,0.829666,-0.540771,0.074432,0.014841,-0.018049,-0.004309,72.602097,204.446060,-522.708069,0,0
1.200000,1.662461,0.581710,-0.641516,0.254081,0.493145,-0.832017,0.499987,0.669413,0.549454,0.827923,-0.555603,-0.076481,0.406555,0.610699,-0.002517,0.679524,0.029550,-0.027499,0.005123,-0.004654,0.009903,-0.004215,0.832017,-0.549453,0.076481,0.000000,0.000000,0.000000,-1,0.828537,-0.535782,0.071732,0.004189,-0.018066,-0.006357,74.008438,205.149231,-523.378418,0,0
1.240000,1.661990,0.581387,-0.642356,0.254724,0.492454,-0.832229,0.500655,0.669135,0.549184,0.827321,-0.556550,-0.076105,0.406723,0.610433,-0.003017,0.679661,0.024229,-0.023295,0.001942,-0.003692,0.013402,-0.004373,0.832229,-0.549184,0.076105,0.000000,0.000000,0.000000,-1,0.829239,-0.540024,0.070114,-0.006434,-0.006452,-0.010579,72.777893,205.676605,-521.534912,0,0
1.280000,1.660995,0.580506,-0.642688,0.255270,0.491228,-0.832786,0.501167,0.669356,0.548447,0.826843,-0.557367,-0.075321,0.406582,0.610206,-0.003654,0.679946,-0.002341,-0.004247,0.000987,-0.002006,0.010727,-0.005512,0.832786,-0.548447,0.075321,0.000000,0.000000,0.000000,-1,0.831161,-0.539230,0.070496,-0.028767,0.004126,-0.012576,74.535812,204.270279,-521.534912,0,0
1.320000,1.660615,0.580220,-0.642284,0.255243,0.490928,-0.832971,0.500990,0.669684,0.548208,0.826958,-0.557237,-0.075018,0.406380,0.610217,-0.003699,0.680057,-0.011908,0.003147,-0.001105,-0.004052,0.008276,-0.002752,0.832971,-0.548208,0.075018,0.000000,0.000000,0.000000,-1,0.825378,-0.544128,0.070770,-0.037246,0.016837,-0.012558,72.426300,204.270279,-522.205322,0,0
1.360000,1.660432,0.580178,-0.641656,0.255065,0.490958,-0.833008,0.500584,0.670017,0.548173,0.827259,-0.556810,-0.074868,0.406176,0.610291,-0.003538,0.680113,-0.017208,0.011618,-0.001097,-0.006180,0.004624,-0.003472,0.833008,-0.548173,0.074868,0.000000,0.000000,0.000000,-1,0.825409,-0.546494,0.070480,-0.043604,0.025332,-0.010410,72.777893,204.270279,-523.546021,0,0
1.400000,1.660431,0.580889,-0.640130,0.254670,0.491822,-0.832619,0.499328,0.670467,0.548768,0.828139,-0.555505,-0.074832,0.405905,0.610457,-0.002759,0.680130,-0.013995,0.017986,0.000997,-0.010948,-0.002242,-0.002307,0.832619,-0.548768,0.074832,0.000000,0.000000,0.000000,-1,0.820404,-0.552582,0.071960,-0.032965,0.024250,-0.012619,72.426300,204.270279,-523.546021,0,0
1.440000,1.660598,0.581413,-0.639797,0.254629,0.492350,-0.832320,0.498932,0.670403,0.549206,0.828391,-0.555115,-0.074945,0.405947,0.610475,-0.002420,0.680089,-0.004443,0.009499,-0.000096,-0.012251,-0.004322,-0.003214,0.832320,-0.549206,0.074945,0.000000,0.000000,0.000000,-1,0.819336,-0.553238,0.073364,-0.025526,0.017913,-0.010522,74.184219,206.379776,-521.199768,0,0
1.480000,1.660764,0.582072,-0.639762,0.254801,0.492890,-0.831947,0.498693,0.670130,0.549756,0.828482,-0.554964,-0.075051,0.406116,0.610405,-0.002133,0.680051,0.003002,0.003190,0.005212,-0.012611,-0.003482,-0.001687,0.831947,-0.549756,0.075051,0.000000,0.000000,0.000000,-1,0.818893,-0.551193,0.075821,-0.010638,0.008417,-0.006341,73.832642,205.325027,-521.870117,0,0
1.520000,1.661466,0.583168,-0.641108,0.255428,0.493667,-0.831294,0.499234,0.668975,0.550671,0.827963,-0.555667,-0.075581,0.406827,0.610149,-0.002047,0.679857,0.028568,-0.005261,0.009318,-0.010981,0.000866,-0.000782,0.831294,-0.550671,0.075581,0.000000,0.000000,0.000000,-1,0.825577,-0.544464,0.076172,0.004270,0.005275,-0.002184,72.777893,204.270279,-522.540466,0,0
1.560000,1.661944,0.583364,-0.642061,0.255600,0.493820,-0.831150,0.499807,0.668412,0.550834,0.827564,-0.556208,-0.075968,0.407172,0.610078,-0.002202,0.679714,0.022204,0.001115,0.011473,-0.004215,0.005378,-0.000712,0.831150,-0.550834,0.075968,0.000000,0.000000,0.000000,-1,0.828430,-0.540466,0.074585,-0.003169,0.008474,-0.000007,73.832642,206.379776,-522.205322,0,0
1.600000,1.662421,0.583361,-0.642858,0.255599,0.493880,-0.831115,0.500340,0.668015,0.550832,0.827242,-0.556632,-0.076364,0.407415,0.610078,-0.002377,0.679568,0.021145,0.001136,0.013605,-0.002685,0.010366,-0.001779,0.831115,-0.550832,0.076364,0.000000,0.000000,0.000000,-1,0.831467,-0.536041,0.072876,-0.002083,0.013789,0.002095,74.184219,204.973434,-520.864624,0,0
1.640000,1.663498,0.582998,-0.643891,0.255037,0.493974,-0.831232,0.501150,0.667658,0.550529,0.826925,-0.556977,-0.077278,0.407632,0.610307,-0.002641,0.679231,-0.000112,0.014890,0.011563,-0.002649,0.008964,0.001107,0.831232,-0.550529,0.077278,0.000000,0.000000,0.000000,-1,0.826157,-0.540741,0.079315,-0.028688,0.024318,-0.005195,72.777893,206.379776,-522.205322,0,0
1.680000,1.663866,0.582936,-0.643804,0.254658,0.494160,-0.831237,0.501112,0.667728,0.550477,0.827065,-0.556727,-0.077587,0.407590,0.610462,-0.002559,0.679117,-0.010714,0.017940,0.002073,-0.005080,0.009736,0.001728,0.831237,-0.550477,0.077587,0.000000,0.000000,0.000000,-1,0.826675,-0.540848,0.081024,-0.039350,0.025311,-0.012574,73.656845,206.203979,-523.378418,0,0
1.720000,1.664142,0.582572,-0.642869,0.253787,0.494309,-0.831415,0.500608,0.668357,0.550174,0.827637,-0.555840,-0.077835,0.407206,0.610820,-0.002319,0.679027,-0.028822,0.021054,-0.005262,-0.002679,0.007022,0.000976,0.831415,-0.550174,0.077835,0.000000,0.000000,0.000000,-1,0.822174,-0.546585,0.079651,-0.060623,0.036918,-0.017779,72.250504,205.149231,-522.037720,0,0
1.760000,1.664621,0.582714,-0.640287,0.252183,0.495323,-0.831300,0.498834,0.669584,0.550292,0.829198,-0.553455,-0.078226,0.406456,0.611479,-0.001293,0.678885,-0.041575,0.028475,-0.005186,-0.013886,0.000686,0.001639,0.831300,-0.550292,0.078226,0.000000,0.000000,0.000000,-1,0.817947,-0.554092,0.081024,-0.064882,0.036919,-0.017746,72.602097,205.852402,-521.702515,0,0
1.800000,1.664877,0.583142,-0.638918,0.251504,0.496095,-0.831045,0.497776,0.670078,0.550650,0.830039,-0.552165,-0.078417,0.406154,0.611758,-0.000619,0.678816,-0.040518,0.027399,-0.007311,-0.014303,-0.004114,0.001249,0.831045,-0.550650,0.078417,0.000000,0.000000,0.000000,-1,0.820221,-0.557800,0.077164,-0.059586,0.029484,-0.019890,73.656845,203.742889,-522.372925,0,0
1.840000,1.664816,0.583574,-0.637733,0.251180,0.496647,-0.830813,0.496840,0.670476,0.551010,0.830698,-0.551184,-0.078344,0.405909,0.611891,-0.000071,0.678843,-0.026708,0.012520,-0.010515,-0.013095,-0.005860,0.000208,0.830813,-0.551010,0.078344,0.000000,0.000000,0.000000,-1,0.814896,-0.552231,0.080856,-0.044735,0.014612,-0.024210,72.250504,205.500809,-522.708069,0,0
1.880000,1.664563,0.583817,-0.636551,0.250924,0.496966,-0.830700,0.495968,0.670955,0.551212,0.831296,-0.550313,-0.078121,0.405614,0.611995,0.000367,0.678925,-0.019314,-0.000267,-0.019033,-0.014553,-0.001827,0.003590,0.830700,-0.551212,0.078121,0.000000,0.000000,0.000000,-1,0.823639,-0.552933,0.078018,-0.041574,0.008208,-0.029537,74.535812,205.676605,-522.205322,0,0
1.920000,1.664319,0.583695,-0.635706,0.250646,0.496963,-0.830786,0.495441,0.671428,0.551111,0.831694,-0.549739,-0.077925,0.405322,0.612108,0.000560,0.678997,-0.017138,0.007238,-0.009484,-0.009344,0.000421,0.000155,0.830786,-0.551111,0.077925,0.000000,0.000000,0.000000,-1,0.822540,-0.549408,0.075378,-0.038321,0.017847,-0.017880,71.723129,205.325027,-521.870117,0,0
1.960000,1.664348,0.583837,-0.634893,0.250289,0.497277,-0.830705,0.494848,0.671767,0.551229,0.832154,-0.549039,-0.077941,0.405112,0.612254,0.000894,0.678991,-0.017105,0.014691,-0.005246,-0.009019,0.000677,0.001252,0.830705,-0.551229,0.077941,0.000000,0.000000,0.000000,-1,0.821136,-0.548981,0.075836,-0.038298,0.026311,-0.018977,72.777893,205.325027,-521.534912,0,0
2.000000,1.664672,0.583779,-0.634236,0.249663,0.497581,-0.830712,0.494425,0.672118,0.551181,0.832594,-0.548334,-0.078214,0.404895,0.612509,0.001162,0.678890,-0.010723,0.015734,-0.007399,-0.010262,0.002491,0.001880,0.830712,-0.551181,0.078214,0.000000,0.000000,0.000000,-1,0.824600,-0.546463,0.077850,-0.035099,0.025280,-0.015802,73.481049,205.325027,-522.205322,0,0
2.040000,1.664965,0.583652,-0.633566,0.249023,0.497823,-0.830758,0.494017,0.672505,0.551075,0.833028,-0.547639,-0.078463,0.404655,0.612769,0.001402,0.678798,-0.013882,0.024246,-0.003146,-0.006051,0.007832,-0.005755,0.830758,-0.551075,0.078463,0.000000,0.000000,0.000000,-1,0.827423,-0.544830,0.072937,-0.040401,0.031646,-0.014720,72.777893,204.973434,-523.210815,0,0
2.080000,1.664931,0.583360,-0.632611,0.248433,0.497847,-0.830921,0.493469,0.673107,0.550832,0.833528,-0.546879,-0.078450,0.404282,0.613010,0.001612,0.678802,-0.026651,0.029521,-0.005201,-0.001270,0.009480,-0.007191,0.830921,-0.550832,0.078450,0.000000,0.000000,0.000000,-1,0.831268,-0.538300,0.072296,-0.061664,0.046430,-0.019937,72.074722,205.325027,-522.540466,0,0
2.120000,1.665042,0.582098,-0.628941,0.245894,0.497967,-0.831604,0.491404,0.675475,0.549778,0.835499,-0.543840,-0.078608,0.402811,0.614042,0.002418,0.678742,-0.060663,0.054893,-0.010374,0.000076,0.009693,-0.005198,0.831604,-0.549778,0.078608,0.000000,0.000000,0.000000,-1,0.830399,-0.539261,0.073486,-0.090360,0.065482,-0.021916,73.129471,204.973434,-520.864624,0,0
2.160000,1.665079,0.581768,-0.627166,0.244818,0.498200,-0.831782,0.490311,0.676493,0.549502,0.836456,-0.542360,-0.078656,0.402175,0.614478,0.002906,0.678722,-0.073438,0.061269,-0.009212,-0.002955,0.011492,-0.006420,0.831782,-0.549502,0.078656,0.000000,0.000000,0.000000,-1,0.829620,-0.540558,0.073105,-0.100971,0.075047,-0.018674,73.129471,204.621857,-522.540466,0,0
2.200000,1.665269,0.581379,-0.623095,0.242439,0.499032,-0.831980,0.487678,0.678657,0.549177,0.838686,-0.538879,-0.078834,0.400817,0.615437,0.004183,0.678650,-0.080856,0.072928,-0.008138,-0.004816,0.008192,-0.004478,0.831980,-0.549177,0.078834,0.000000,0.000000,0.000000,-1,0.827194,-0.549088,0.070984,-0.103073,0.085619,-0.020828,72.777893,205.325027,-522.540466,0,0
2.240000,1.665999,0.581277,-0.618018,0.239239,0.500578,-0.831978,0.484258,0.681170,0.549091,0.841581,-0.534256,-0.079447,0.399223,0.616721,0.006014,0.678410,-0.077645,0.082424,-0.011395,-0.004905,0.005421,-0.006983,0.831978,-0.549092,0.079447,0.000000,0.000000,0.000000,-1,0.825928,-0.537964,0.075577,-0.107316,0.090916,-0.020815,72.074722,204.621857,-520.864624,0,0
2.280000,1.666828,0.580990,-0.613690,0.236232,0.501854,-0.832068,0.481396,0.683388,0.548852,0.844069,-0.530211,-0.080152,0.397805,0.617921,0.007542,0.678135,-0.090411,0.085612,-0.010246,-0.007895,0.005532,-0.003248,0.832068,-0.548852,0.080152,0.000000,0.000000,0.000000,-1,0.822968,-0.550842,0.079819,-0.110507,0.091976,-0.020794,72.426300,204.973434,-523.546021,0,0
2.320000,1.667811,0.581306,-0.609672,0.233533,0.503531,-0.831816,0.478547,0.685175,0.549116,0.846436,-0.526300,-0.080953,0.396646,0.618990,0.009215,0.677819,-0.074508,0.076063,-0.012446,-0.009429,-0.004092,-0.004537,0.831816,-0.549116,0.080953,0.000000,0.000000,0.000000,-1,0.820557,-0.546204,0.079742,-0.090332,0.078153,-0.026225,72.426300,204.973434,-522.875671,0,0
2.360000,1.668743,0.581414,-0.606450,0.231170,0.504843,-0.831681,0.476303,0.686664,0.549206,0.848349,-0.523092,-0.081722,0.395673,0.619923,0.010531,0.677516,-0.057514,0.064388,-0.014660,-0.011293,0.001995,-0.001003,0.831681,-0.549206,0.081722,0.000000,0.000000,0.000000,-1,0.822861,-0.548965,0.077896,-0.074388,0.067577,-0.024179,73.305267,203.391312,-522.708069,0,0
2.400000,1.669443,0.581555,-0.604062,0.229436,0.505855,-0.831547,0.474618,0.687736,0.549324,0.849763,-0.520702,-0.082296,0.394967,0.620604,0.011530,0.677288,-0.039455,0.048524,-0.011540,-0.006199,-0.001777,-0.002813,0.831547,-0.549324,0.082297,0.000000,0.000000,0.000000,-1,0.825119,-0.551544,0.079010,-0.061660,0.050637,-0.023149,72.074722,206.028198,-521.870117,0,0
2.440000,1.669933,0.581581,-0.602359,0.228169,0.506517,-0.831492,0.473438,0.688532,0.549346,0.850761,-0.519004,-0.082703,0.394443,0.621101,0.012213,0.677126,-0.028869,0.029446,-0.012612,-0.011424,0.000640,-0.000656,0.831492,-0.549346,0.082703,0.000000,0.000000,0.000000,-1,0.815247,-0.549484,0.081924,-0.042558,0.029450,-0.023217,72.074722,204.973434,-521.534912,0,0
2.480000,1.670423,0.581817,-0.601524,0.227440,0.507123,-0.831323,0.472789,0.688820,0.549543,0.851317,-0.518029,-0.083097,0.394245,0.621385,0.012679,0.676972,-0.002329,0.006147,-0.010586,-0.013955,-0.000674,0.000643,0.831323,-0.549543,0.083097,0.000000,0.000000,0.000000,-1,0.819077,-0.550339,0.083511,-0.018115,0.013566,-0.022282,72.602097,206.203979,-523.043213,0,0
2.520000,1.670744,0.581897,-0.601847,0.227368,0.507271,-0.831252,0.472987,0.688631,0.549610,0.851227,-0.518135,-0.083360,0.394366,0.621414,0.012663,0.676875,0.015760,-0.001231,-0.006433,-0.008910,-0.002697,0.000533,0.831252,-0.549610,0.083360,0.000000,0.000000,0.000000,-1,0.821167,-0.547882,0.081146,-0.006421,0.004071,-0.018076,72.602097,205.149231,-522.708069,0,0
2.560000,1.670905,0.581917,-0.602478,0.227561,0.507224,-0.831228,0.473416,0.688323,0.549627,0.850937,-0.518590,-0.083492,0.394566,0.621340,0.012488,0.676829,0.021075,-0.007548,-0.002187,-0.011297,0.005864,-0.001370,0.831228,-0.549627,0.083492,0.000000,0.000000,0.000000,-1,0.828094,-0.542221,0.083740,-0.005337,0.005189,-0.011697,71.723129,204.270279,-522.205322,0,0
2.600000,1.671321,0.581347,-0.603294,0.227353,0.506864,-0.831505,0.474155,0.688194,0.549150,0.850581,-0.519113,-0.083869,0.394660,0.621432,0.012084,0.676697,0.005149,0.008332,-0.003193,-0.000008,0.010057,-0.002067,0.831505,-0.549150,0.083869,0.000000,0.000000,0.000000,-1,0.831711,-0.534073,0.082336,-0.024468,0.021031,-0.016934,71.371552,204.621857,-522.205322,0,0
2.640000,1.671443,0.580567,-0.602872,0.226327,0.506415,-0.832057,0.473952,0.689026,0.548281,0.850968,-0.518446,-0.084071,0.394136,0.621846,0.011995,0.676624,-0.029941,0.025181,-0.010438,-0.006694,0.017688,-0.000072,0.832057,-0.548281,0.084071,0.000000,0.000000,0.000000,-1,0.824997,-0.538284,0.089005,-0.057443,0.035818,-0.022061,72.250504,204.446060,-522.037720,0,0
2.680000,1.671892,0.579892,-0.601299,0.225169,0.506614,-0.832251,0.473232,0.689797,0.547934,0.851675,-0.517226,-0.084425,0.393636,0.622305,0.012336,0.676488,-0.036285,0.036864,-0.007239,-0.005621,0.005362,-0.000822,0.832251,-0.547934,0.084425,0.000000,0.000000,0.000000,-1,0.826111,-0.543274,0.087341,-0.058459,0.048568,-0.017839,72.777893,204.973434,-522.205322,0,0
2.720000,1.673034,0.579920,-0.599400,0.223246,0.507648,-0.832139,0.471913,0.690682,0.547957,0.852912,-0.515026,-0.085373,0.393045,0.623059,0.013213,0.676120,-0.029868,0.038013,0.002294,-0.007981,0.009444,0.004028,0.832139,-0.547957,0.085373,0.000000,0.000000,0.000000,-1,0.831085,-0.538635,0.090393,-0.052045,0.050753,-0.010440,71.898926,204.446060,-522.037720,0,0
2.760000,1.674428,0.579647,-0.597901,0.221167,0.508510,-0.832168,0.470961,0.691512,0.547728,0.853979,-0.513058,-0.086549,0.392493,0.623878,0.013893,0.675672,-0.051113,0.055998,-0.000809,0.002168,0.008361,0.004271,0.832168,-0.547728,0.086549,0.000000,0.000000,0.000000,-1,0.833099,-0.537628,0.088806,-0.085011,0.067668,-0.014509,72.953674,203.742889,-522.708069,0,0
2.800000,1.675110,0.579168,-0.594562,0.218661,0.509264,-0.832369,0.468796,0.693298,0.547328,0.855814,-0.509891,-0.087143,0.391314,0.624856,0.014978,0.675429,-0.076619,0.064278,-0.014476,-0.007280,0.007136,-0.002244,0.832369,-0.547328,0.087143,0.000000,0.000000,0.000000,-1,0.821945,-0.546005,0.089096,-0.107404,0.070694,-0.031392,73.305267,204.797653,-520.697021,0,0
2.840000,1.675544,0.579144,-0.590519,0.216217,0.510346,-0.832345,0.465997,0.695199,0.547307,0.857961,-0.506207,-0.087506,0.390040,0.625797,0.016419,0.675261,-0.090502,0.059938,-0.026066,-0.014260,-0.004771,0.001834,0.832345,-0.547307,0.087506,0.000000,0.000000,0.000000,-1,0.816360,-0.567001,0.090485,-0.110618,0.068527,-0.036685,72.074722,204.270279,-522.540466,0,0
2.880000,1.676088,0.580261,-0.587069,0.214501,0.512137,-0.831688,0.463257,0.696293,0.548242,0.859874,-0.502883,-0.087895,0.389263,0.626436,0.018102,0.675074,-0.055396,0.040967,-0.015597,-0.024132,-0.016608,0.004222,0.831688,-0.548242,0.087895,0.000000,0.000000,0.000000,-1,0.804337,-0.557495,0.092621,-0.069138,0.042166,-0.023059,71.195755,204.797653,-521.702515,0,0
2.920000,1.676572,0.581184,-0.585852,0.213886,0.513280,-0.831142,0.462129,0.696434,0.549014,0.860633,-0.501521,-0.088244,0.389132,0.626656,0.018947,0.674921,-0.027755,0.020909,-0.008268,-0.025401,-0.007978,0.002241,0.831142,-0.549014,0.088244,0.000000,0.000000,0.000000,-1,0.806213,-0.580093,0.084061,-0.027674,0.017845,-0.017963,71.898926,203.391312,-521.367371,0,0
2.960000,1.677014,0.583834,-0.586310,0.214958,0.515237,-0.829653,0.461641,0.695008,0.551227,0.860628,-0.501493,-0.088457,0.390002,0.626200,0.019856,0.674816,0.037213,-0.019439,-0.003237,-0.029742,-0.030850,-0.001055,0.829653,-0.551227,0.088457,0.000000,0.000000,0.000000,-1,0.796936,-0.579697,0.087585,0.038172,-0.039346,-0.016128,73.656845,204.797653,-521.702515,0,0
3.000000,1.676692,0.585963,-0.589442,0.217829,0.515866,-0.828513,0.463163,0.692581,0.553002,0.859087,-0.504196,-0.088065,0.391571,0.625064,0.019520,0.674971,0.089207,-0.078753,-0.002328,-0.031088,-0.019752,-0.002387,0.828513,-0.553002,0.088065,0.000000,0.000000,0.000000,-1,0.799591,-0.567963,0.082016,0.077418,-0.087036,-0.018385,72.777893,204.621857,-522.540466,0,0
3.040000,1.675059,0.586864,-0.594902,0.222459,0.514455,-0.828160,0.466658,0.689629,0.553752,0.856004,-0.509654,-0.086660,0.393538,0.623264,0.017688,0.675542,0.141185,-0.133931,-0.012096,-0.020863,-0.010350,-0.007055,0.828160,-0.553752,0.086660,0.000000,0.000000,0.000000,-1,0.813049,-0.556732,0.078812,0.138974,-0.147482,-0.025027,73.656845,205.500809,-522.708069,0,0
3.080000,1.672960,0.586115,-0.602445,0.227770,0.511166,-0.828752,0.472081,0.686431,0.553129,0.851622,-0.517224,-0.084964,0.395696,0.621214,0.014449,0.676246,0.167720,-0.160427,-0.013264,-0.006746,0.008924,0.001737,0.828752,-0.553129,0.084964,0.000000,0.000000,0.000000,-1,0.836823,-0.525955,0.091782,0.140027,-0.149620,-0.027158,73.305267,204.797653,-522.037720,0,0
3.120000,1.671293,0.583371,-0.609640,0.231550,0.506775,-0.830399,0.477875,0.684259,0.550841,0.847361,-0.524374,-0.083735,0.397186,0.619767,0.010676,0.676771,0.122216,-0.132147,-0.024708,0.008743,0.025725,0.006338,0.830399,-0.550841,0.083735,0.000000,0.000000,0.000000,-1,0.842850,-0.522125,0.081177,0.081552,-0.113683,-0.036427,72.250504,204.094482,-521.702515,0,0
3.160000,1.669601,0.582376,-0.612833,0.234122,0.504464,-0.831085,0.480372,0.683178,0.550009,0.845239,-0.528000,-0.082384,0.397910,0.618757,0.008893,0.677295,0.070142,-0.101399,-0.022289,0.011765,0.027884,-0.001207,0.831085,-0.550009,0.082384,0.000000,0.000000,0.000000,-1,0.837067,-0.519318,0.082764,0.038002,-0.081869,-0.033013,73.129471,204.621857,-522.875671,0,0
3.200000,1.667502,0.579961,-0.615682,0.236169,0.501041,-0.832576,0.483082,0.682889,0.547991,0.843123,-0.531621,-0.080767,0.398135,0.617958,0.006623,0.677918,0.035172,-0.054699,-0.012616,0.003301,0.022539,0.002012,0.832576,-0.547991,0.080767,0.000000,0.000000,0.000000,-1,0.836746,-0.524246,0.086395,0.002006,-0.027686,-0.015892,72.426300,204.270279,-521.870117,0,0
3.240000,1.667253,0.578012,-0.617090,0.236145,0.499251,-0.833657,0.484661,0.683077,0.546360,0.842223,-0.533061,-0.080662,0.398036,0.617979,0.005380,0.677968,0.018304,-0.014287,0.004392,0.007621,0.027561,0.008846,0.833657,-0.546360,0.080662,0.000000,0.000000,0.000000,-1,0.850891,-0.512085,0.089584,-0.012760,0.006348,-0.000990,72.250504,205.500809,-521.367371,0,0
3.280000,1.667998,0.576419,-0.617462,0.234933,0.498477,-0.834462,0.485418,0.683606,0.545025,0.842126,-0.533107,-0.081368,0.397711,0.618474,0.004818,0.677711,-0.012161,0.025914,0.024752,0.017192,0.038128,0.006172,0.834462,-0.545025,0.081368,0.000000,0.000000,0.000000,-1,0.817047,-0.439148,0.179245,-0.787122,0.955640,0.013175,72.426300,204.270279,-522.875671,0,0
3.320000,1.670295,0.577081,-0.614211,0.231691,0.500906,-0.833914,0.482985,0.684885,0.545580,0.844420,-0.529174,-0.083248,0.396880,0.619767,0.006618,0.677002,-0.126194,0.335300,0.034057,-0.008658,0.063509,0.091892,0.833914,-0.545580,0.083248,0.000000,0.000000,0.000000,-1,0.846756,-0.517319,0.120163,-0.115682,0.107189,0.020736,72.777893,204.621857,-523.546021,0,0
3.360000,1.671374,0.578768,-0.608137,0.228533,0.504023,-0.832907,0.478290,0.687050,0.546993,0.847945,-0.523377,-0.084055,0.395455,0.621002,0.009507,0.676670,-0.144008,0.105156,0.000968,0.013712,0.041302,-0.002131,0.832907,-0.546993,0.084055,0.000000,0.000000,0.000000,-1,0.844009,-0.514771,0.079407,-0.188149,0.121631,-0.022434,74.184219,204.270279,-521.870117,0,0
3.400000,1.671408,0.578747,-0.601843,0.225317,0.505454,-0.832915,0.473962,0.690057,0.546975,0.851230,-0.518013,-0.084085,0.393492,0.622259,0.011636,0.676626,-0.189824,0.120759,-0.030695,0.005586,0.028924,-0.004418,0.832915,-0.546975,0.084085,0.000000,0.000000,0.000000,-1,0.835754,-0.523880,0.078156,-0.231862,0.129800,-0.056216,73.129471,203.918686,-521.870117,0,0
3.440000,1.670350,0.577461,-0.584991,0.217086,0.507754,-0.833703,0.462655,0.698531,0.545899,0.859549,-0.504223,-0.083274,0.387888,0.625444,0.016658,0.676820,-0.231203,0.127858,-0.034603,0.001090,0.018479,0.003457,0.833703,-0.545899,0.083274,0.000000,0.000000,0.000000,-1,0.812042,-0.555847,0.076675,-0.232879,0.135214,-0.043444,71.547348,204.797653,-521.367371,0,0
3.480000,1.670148,0.577394,-0.577357,0.213346,0.509248,-0.833756,0.457329,0.702073,0.545842,0.863327,-0.497754,-0.083109,0.385481,0.626864,0.019178,0.676814,-0.204505,0.133383,-0.009264,-0.016846,-0.026744,-0.017237,0.833756,-0.545842,0.083109,0.000000,0.000000,0.000000,-1,0.823898,-0.562195,0.068268,-0.209386,0.139652,-0.021271,73.656845,204.446060,-522.708069,0,0
3.520000,1.670366,0.577691,-0.569016,0.209036,0.511326,-0.833577,0.451369,0.705727,0.546091,0.867508,-0.490403,-0.083275,0.382944,0.628483,0.022151,0.676662,-0.137577,0.089873,-0.017077,-0.007069,-0.009283,-0.004539,0.833577,-0.546091,0.083275,0.000000,0.000000,0.000000,-1,0.806763,-0.573807,0.090164,-0.170048,0.126863,-0.028986,73.129471,204.973434,-522.540466,0,0
3.560000,1.671390,0.578700,-0.559187,0.203553,0.514562,-0.832942,0.444119,0.709661,0.546936,0.872539,-0.481256,-0.084072,0.380120,0.630512,0.026043,0.676229,-0.187391,0.158808,-0.008418,-0.006907,0.009507,0.000553,0.832942,-0.546936,0.084072,0.000000,0.000000,0.000000,-1,0.831299,-0.531097,0.085434,-0.208156,0.183204,-0.007595,72.250504,203.742889,-523.043213,0,0
3.600000,1.672396,0.579809,-0.552613,0.199770,0.517152,-0.832253,0.439125,0.712049,0.547864,0.875935,-0.474910,-0.084849,0.378342,0.631888,0.028864,0.675827,-0.172118,0.144973,0.020352,-0.022515,-0.009829,-0.004679,0.832253,-0.547864,0.084849,0.000000,0.000000,0.000000,-1,0.795334,-0.558670,0.079056,-0.163552,0.124118,0.017848,70.844177,202.688141,-521.367371,0,0
3.640000,1.673138,0.582951,-0.547590,0.197877,0.520729,-0.830474,0.434644,0.712773,0.550490,0.878595,-0.469890,-0.085290,0.377622,0.632492,0.031858,0.675529,-0.113705,0.093101,0.024369,-0.029235,-0.010088,-0.001077,0.830474,-0.550490,0.085290,0.000000,0.000000,0.000000,-1,0.830261,-0.556564,0.090744,-0.113725,0.077227,-0.012191,71.019974,204.621857,-523.546021,0,0
3.680000,1.673966,0.583942,-0.543695,0.195544,0.522586,-0.829859,0.431582,0.713993,0.551317,0.880624,-0.465960,-0.085922,0.376654,0.633319,0.033695,0.675206,-0.069216,0.046155,-0.012016,-0.010615,-0.001966,0.013169,0.829859,-0.551317,0.085922,0.000000,0.000000,0.000000,-1,0.810074,-0.546066,0.101624,-0.071287,0.035812,-0.023019,72.250504,204.094482,-524.383972,0,0
3.720000,1.675397,0.584544,-0.542233,0.193776,0.523963,-0.829405,0.430367,0.714339,0.551819,0.881610,-0.463878,-0.087074,0.376335,0.633963,0.034679,0.674730,-0.011796,0.014434,-0.005944,-0.013823,-0.002593,-0.002586,0.829405,-0.551819,0.087074,0.000000,0.000000,0.000000,-1,0.816528,-0.564835,0.083160,-0.029845,0.009313,-0.024306,72.426300,204.270279,-522.205322,0,0
3.760000,1.674775,0.585061,-0.542216,0.194537,0.524045,-0.829176,0.430207,0.714102,0.552250,0.881520,-0.464150,-0.086529,0.376485,0.633659,0.034758,0.674928,0.015938,-0.036900,-0.030387,-0.011457,-0.009609,-0.001507,0.829176,-0.552250,0.086529,0.000000,0.000000,0.000000,-1,0.821991,-0.564987,0.081055,0.006147,-0.045929,-0.041423,71.723129,203.918686,-524.551514,0,0
3.800000,1.671655,0.584542,-0.543306,0.197634,0.522010,-0.829727,0.431134,0.713878,0.551817,0.880378,-0.466781,-0.083970,0.376738,0.632498,0.033611,0.675933,0.019167,-0.035709,-0.015495,-0.004425,0.006316,-0.017640,0.829727,-0.551817,0.083970,0.000000,0.000000,0.000000,-1,0.835281,-0.524673,0.063675,-0.006497,-0.024487,-0.013707,73.481049,203.567108,-522.540466,0,0
3.840000,1.669631,0.583494,-0.543071,0.198843,0.520366,-0.830470,0.431265,0.714473,0.550943,0.880041,-0.467704,-0.082348,0.376403,0.632056,0.032924,0.676566,0.014981,-0.029144,0.007942,-0.001658,0.029062,-0.021267,0.830470,-0.550943,0.082348,0.000000,0.000000,0.000000,-1,0.829498,-0.525940,0.051788,-0.019145,0.008458,-0.002014,71.019974,203.918686,-523.210815,0,0
3.880000,1.667386,0.582506,-0.541832,0.199751,0.518860,-0.831195,0.430660,0.715474,0.550118,0.880132,-0.467848,-0.080535,0.375770,0.631716,0.032558,0.677254,-0.002914,0.033434,0.018487,0.003904,0.024148,-0.033523,0.831194,-0.550118,0.080535,0.000000,0.000000,0.000000,-1,0.845917,-0.530273,0.049591,-0.038100,0.065794,0.012833,71.547348,204.094482,-522.372925,0,0
3.920000,1.668531,0.582968,-0.539810,0.197890,0.520125,-0.830849,0.429082,0.716125,0.550504,0.881322,-0.465441,-0.081462,0.375242,0.632396,0.033627,0.676859,-0.048493,0.097055,0.026053,0.026466,0.023328,-0.033702,0.830849,-0.550504,0.081462,0.000000,0.000000,0.000000,-1,0.850250,-0.516953,0.044830,-0.086917,0.120862,0.010874,71.898926,203.742889,-524.383972,0,0
3.960000,1.667267,0.580863,-0.535230,0.195729,0.518937,-0.832102,0.426387,0.719077,0.548746,0.883110,-0.462203,-0.080524,0.373221,0.633220,0.034168,0.677179,-0.098441,0.143523,0.012394,0.015295,0.036661,-0.037906,0.832102,-0.548746,0.080524,0.000000,0.000000,0.000000,-1,0.844711,-0.515152,0.048355,-0.158126,0.180005,-0.009036,71.547348,202.336563,-523.043213,0,0
4.000000,1.667628,0.579185,-0.527078,0.190471,0.519472,-0.832989,0.420974,0.723324,0.547342,0.886849,-0.454919,-0.080912,0.370155,0.635170,0.036377,0.676920,-0.166500,0.193096,-0.009653,0.011524,0.021616,-0.030223,0.832989,-0.547342,0.080912,0.000000,0.000000,0.000000,-1,0.845963,-0.529053,0.054138,-0.221921,0.223288,-0.025749,70.844177,203.742889,-521.702515,0,0
4.040000,1.669032,0.578049,-0.516372,0.183178,0.521283,-0.833492,0.413513,0.728330,0.546391,0.891882,-0.444746,-0.082143,0.366398,0.637827,0.039840,0.676270,-0.226024,0.232249,-0.013610,0.004825,0.017292,-0.013997,0.833492,-0.546391,0.082143,0.000000,0.000000,0.000000,-1,0.827911,-0.524200,0.079575,-0.264425,0.249797,-0.023388,72.074722,203.215515,-522.875671,0,0
4.080000,1.672583,0.578039,-0.504711,0.173897,0.524916,-0.833201,0.404994,0.733107,0.546383,0.897630,-0.432456,-0.085103,0.362592,0.641154,0.044423,0.674889,-0.244010,0.259909,-0.000796,-0.013682,0.008144,0.004008,0.833201,-0.546383,0.085103,0.000000,0.000000,0.000000,-1,0.814789,-0.553253,0.093246,-0.261135,0.272146,-0.011779,71.019974,202.512360,-523.546021,0,0
4.120000,1.676103,0.579088,-0.496782,0.166973,0.528540,-0.832325,0.398896,0.735790,0.547261,0.901666,-0.423389,-0.087975,0.360263,0.643582,0.048118,0.673570,-0.207834,0.246192,0.005369,-0.016285,-0.023860,0.015800,0.832325,-0.547261,0.087975,0.000000,0.000000,0.000000,-1,0.797546,-0.583954,0.114456,-0.181442,0.209735,-0.001510,72.426300,202.863937,-523.210815,0,0
4.160000,1.680610,0.581043,-0.490199,0.160178,0.532937,-0.830856,0.393539,0.737455,0.548896,0.905246,-0.414895,-0.091607,0.358584,0.645927,0.051864,0.671942,-0.087760,0.152059,0.021842,-0.036163,-0.038705,0.026282,0.830856,-0.548896,0.091607,0.000000,0.000000,0.000000,-1,0.797348,-0.589890,0.123901,-0.049633,0.119873,0.019111,70.492584,202.336563,-523.043213,0,0
4.200000,1.685009,0.582644,-0.489770,0.156589,0.535996,-0.829571,0.392809,0.736848,0.550233,0.906191,-0.412023,-0.095162,0.358784,0.647190,0.053389,0.670499,0.038635,0.041966,0.030862,-0.041683,-0.025817,0.027977,0.829571,-0.550233,0.095162,0.000000,0.000000,0.000000,-1,0.787735,-0.580566,0.120636,0.032099,0.036180,0.018791,71.195755,202.688141,-523.378418,0,0
4.240000,1.687571,0.583703,-0.493848,0.156872,0.537190,-0.828745,0.395533,0.734726,0.551118,0.904956,-0.414251,-0.097219,0.360335,0.647123,0.052875,0.669772,0.116526,-0.020731,0.043405,-0.039331,-0.030532,0.022365,0.828745,-0.551118,0.097219,0.000000,0.000000,0.000000,-1,0.792114,-0.579437,0.117355,0.130932,-0.043083,0.039628,71.371552,202.160767,-522.205322,0,0
4.280000,1.692233,0.588600,-0.505237,0.160741,0.540886,-0.825594,0.402564,0.727804,0.555197,0.901169,-0.421597,-0.100753,0.365271,0.645720,0.051725,0.668542,0.191949,-0.091573,0.056957,-0.027376,-0.020227,0.011643,0.825593,-0.555197,0.100753,0.000000,0.000000,0.000000,-1,0.802628,-0.567001,0.111877,0.171276,-0.087508,0.046939,70.492584,202.688141,-523.378418,0,0
4.320000,1.694307,0.591022,-0.513313,0.164223,0.542198,-0.824046,0.407767,0.723355,0.557210,0.898196,-0.427526,-0.102299,0.368499,0.644483,0.050305,0.668072,0.207866,-0.114823,0.062257,-0.018382,-0.006206,0.009212,0.824046,-0.557210,0.102299,0.000000,0.000000,0.000000,-1,0.804749,-0.562134,0.108459,0.186134,-0.109685,0.054364,70.668381,203.215515,-522.540466,0,0
