0.000000,-0.929672,-1.431341,-0.778918,0.983192,0.144647,0.111401,0.097651,0.098925,-0.990292,-0.154263,0.984526,0.083138,-0.671031,-0.090271,0.015969,0.735740,-0.000141,-0.013446,0.001610,-0.001712,0.011677,-0.000648,-0.111401,0.990292,-0.083138,0.000000,0.000000,0.000000,-1,-0.111267,1.003143,-0.084473,-0.001123,-0.100713,0.004722,121.417770,256.167603,-772.385986,0,0
0.040000,-0.929934,-1.431377,-0.779020,0.983169,0.144807,0.111394,0.097637,0.098890,-0.990297,-0.154418,0.984506,0.083088,-0.671042,-0.090324,0.016029,0.735722,-0.001256,-0.007966,0.000516,0.000127,0.012847,-0.001385,-0.111394,0.990297,-0.083088,0.000000,0.000000,0.000000,-1,-0.112823,1.001328,-0.083405,0.003135,-0.109190,0.007904,120.366531,256.516815,-770.715942,0,0
0.080000,-0.928932,-1.431483,-0.777427,0.983102,0.145396,0.111227,0.097405,0.098970,-0.990312,-0.154995,0.984411,0.083136,-0.671006,-0.090461,0.016307,0.735732,0.002999,-0.015385,0.002631,0.002096,0.011642,-0.001718,-0.111227,0.990312,-0.083136,0.000000,0.000000,0.000000,-1,-0.111465,1.000870,-0.084534,0.001006,-0.108131,0.006859,122.118591,255.469101,-772.052002,0,0
0.120000,-0.928234,-1.431607,-0.776105,0.983027,0.146018,0.111071,0.097188,0.099012,-0.990329,-0.155603,0.984315,0.083140,-0.670983,-0.090616,0.016592,0.735727,0.001941,-0.009024,0.002615,-0.001387,0.009885,-0.000646,-0.111071,0.990329,-0.083140,0.000000,0.000000,0.000000,-1,-0.112869,1.003632,-0.082062,0.001012,-0.099650,0.006821,122.118591,257.215302,-771.049988,0,0
0.160000,-0.928815,-1.431637,-0.776444,0.982988,0.146259,0.111095,0.097201,0.098957,-0.990333,-0.155839,0.984284,0.083058,-0.671002,-0.090708,0.016671,0.735698,-0.000221,-0.007903,0.000498,-0.002721,0.012383,0.000477,-0.111095,0.990333,-0.083058,0.000000,0.000000,0.000000,-1,-0.110886,1.002213,-0.084167,0.002069,-0.102832,0.005760,121.768188,257.215302,-770.715942,0,0
0.200000,-0.928560,-1.431693,-0.775721,0.982927,0.146723,0.111029,0.097091,0.098988,-0.990341,-0.156296,0.984212,0.083053,-0.670985,-0.090842,0.016866,0.735691,0.002969,-0.017442,0.002634,0.001975,0.012528,-0.000367,-0.111029,0.990341,-0.083053,0.000000,0.000000,0.000000,-1,-0.108322,1.002441,-0.083435,0.002078,-0.107068,0.008970,120.016129,256.866058,-770.381958,0,0
0.240000,-0.927276,-1.431953,-0.773733,0.982856,0.147434,0.110716,0.096714,0.098997,-0.990377,-0.156975,0.984105,0.083041,-0.670973,-0.090968,0.017236,0.735679,0.002971,-0.008963,0.001535,0.000304,0.012492,0.000063,-0.110716,0.990377,-0.083041,0.000000,0.000000,0.000000,-1,-0.110672,1.004120,-0.083145,-0.001120,-0.101772,0.005790,121.242569,255.992966,-771.216980,0,0
0.280000,-0.927627,-1.432147,-0.773762,0.982820,0.147767,0.110592,0.096582,0.098857,-0.990404,-0.157281,0.984069,0.082886,-0.671021,-0.091036,0.017395,0.735623,-0.001278,-0.013201,0.003729,-0.000538,0.011900,-0.000365,-0.110592,0.990404,-0.082887,0.000000,0.000000,0.000000,-1,-0.110870,1.004135,-0.082993,-0.003246,-0.107071,0.006901,121.943390,255.992966,-771.885010,0,0
0.320000,-0.928323,-1.432340,-0.773927,0.982749,0.148305,0.110496,0.096465,0.098704,-0.990430,-0.157792,0.984004,0.082695,-0.671072,-0.091186,0.017619,0.735552,-0.002377,-0.013115,0.003732,0.000130,0.012896,-0.000969,-0.110496,0.990430,-0.082695,0.000000,0.000000,0.000000,-1,-0.109985,1.001190,-0.082260,-0.003248,-0.119790,0.009086,120.716949,256.167603,-770.715942,0,0
0.360000,-0.929053,-1.432620,-0.773497,0.982591,0.149467,0.110334,0.096229,0.098547,-0.990469,-0.158916,0.983844,0.082448,-0.671118,-0.091525,0.018097,0.735457,-0.003449,-0.019479,0.002710,-0.002382,0.011744,0.000997,-0.110334,0.990469,-0.082448,0.000000,0.000000,0.000000,-1,-0.113846,1.001770,-0.093048,0.004175,-0.108139,0.001506,121.242569,255.992966,-770.882996,0,0
0.400000,-0.929188,-1.432406,-0.773002,0.982479,0.150069,0.110516,0.096328,0.098746,-0.990439,-0.159548,0.983732,0.082560,-0.671039,-0.091797,0.018267,0.735491,-0.000276,-0.016307,-0.002659,-0.000141,0.009957,-0.003881,-0.110516,0.990439,-0.082560,0.000000,0.000000,0.000000,-1,-0.109375,1.002319,-0.085556,-0.001141,-0.118738,0.003740,121.067352,256.516815,-771.049988,0,0
0.440000,-0.929280,-1.432474,-0.772350,0.982372,0.150805,0.110469,0.096217,0.098761,-0.990449,-0.160275,0.983618,0.082510,-0.671026,-0.092032,0.018556,0.735466,-0.000278,-0.030087,-0.000468,0.001552,0.012939,-0.000895,-0.110469,0.990449,-0.082510,0.000000,0.000000,0.000000,-1,-0.114334,1.001907,-0.083282,0.006292,-0.110263,-0.000635,121.943390,257.389923,-771.551025,0,0
0.480000,-0.930151,-1.432248,-0.772677,0.982264,0.151323,0.110721,0.096405,0.098890,-0.990417,-0.160822,0.983525,0.082547,-0.670974,-0.092302,0.018667,0.735476,0.001817,0.002867,-0.007029,0.003955,0.011322,0.005002,-0.110720,0.990418,-0.082547,0.000000,0.000000,0.000000,-1,-0.106506,1.004089,-0.076614,0.000996,-0.099656,0.002566,120.892151,255.992966,-771.885010,0,0
0.520000,-0.930430,-1.432492,-0.772787,0.982255,0.151509,0.110550,0.096247,0.098706,-0.990451,-0.160974,0.983515,0.082372,-0.671040,-0.092303,0.018786,0.735414,-0.000288,-0.014083,0.002646,0.002075,0.015469,-0.001078,-0.110550,0.990451,-0.082372,0.000000,0.000000,0.000000,-1,-0.112625,1.002991,-0.080170,0.001012,-0.104949,0.007909,121.067352,256.167603,-770.715942,0,0
0.560000,-0.931442,-1.432797,-0.773096,0.982162,0.152224,0.110390,0.096067,0.098460,-0.990493,-0.161646,0.983429,0.082080,-0.671123,-0.092491,0.019093,0.735306,-0.004545,-0.018324,0.002713,0.000237,0.010743,-0.000959,-0.110390,0.990493,-0.082080,0.000000,0.000000,0.000000,-1,-0.112869,1.001923,-0.082458,-0.004312,-0.116611,0.008020,121.592972,256.342194,-771.885010,0,0
0.600000,-0.932470,-1.432860,-0.773408,0.982048,0.152934,0.110425,0.096054,0.098386,-0.990502,-0.162346,0.983327,0.081930,-0.671143,-0.092748,0.019340,0.735249,0.000765,-0.020447,0.001600,-0.004367,0.011680,-0.001628,-0.110425,0.990502,-0.081930,0.000000,0.000000,0.000000,-1,-0.110352,1.002258,-0.083420,0.002062,-0.101775,0.003628,121.768188,256.167603,-769.045959,0,0
0.640000,-0.933505,-1.432937,-0.774380,0.982034,0.153003,0.110449,0.096096,0.098238,-0.990512,-0.162402,0.983331,0.081770,-0.671198,-0.092782,0.019351,0.735194,-0.004582,-0.003380,-0.001617,0.004247,0.012463,0.004469,-0.110449,0.990512,-0.081770,0.000000,0.000000,0.000000,-1,-0.109390,1.004944,-0.083694,-0.001113,-0.109188,0.009015,120.366531,255.818344,-772.385986,0,0
0.680000,-0.933464,-1.433192,-0.773774,0.981968,0.153578,0.110242,0.095860,0.098115,-0.990547,-0.162943,0.983253,0.081624,-0.671235,-0.092903,0.019628,0.735137,0.000746,-0.013975,0.003691,-0.001788,0.011345,0.001393,-0.110242,0.990547,-0.081624,0.000000,0.000000,0.000000,-1,-0.112259,1.002945,-0.076889,-0.002181,-0.099651,0.005792,121.592972,256.342194,-770.882996,0,0
0.720000,-0.935303,-1.433417,-0.775572,0.981962,0.153638,0.110212,0.095880,0.097783,-0.990578,-0.162968,0.983277,0.081288,-0.671359,-0.092916,0.019645,0.735023,-0.005634,0.004043,0.000489,-0.000078,0.011588,0.001470,-0.110212,0.990578,-0.081288,0.000000,0.000000,0.000000,-1,-0.114960,1.002747,-0.083466,-0.004311,-0.098593,0.004747,121.417770,255.469101,-772.052002,0,0
0.760000,-0.936870,-1.433372,-0.776035,0.981773,0.154721,0.110376,0.095957,0.097771,-0.990572,-0.164054,0.983108,0.081142,-0.671353,-0.093348,0.019989,0.734964,-0.001405,-0.028824,0.000589,-0.004614,0.008436,-0.001667,-0.110376,0.990572,-0.081142,0.000000,0.000000,0.000000,-1,-0.113876,1.001953,-0.083282,0.002054,-0.106017,0.002583,121.242569,257.389923,-771.216980,0,0
0.800000,-0.937882,-1.433184,-0.776464,0.981659,0.155281,0.110608,0.096130,0.097863,-0.990546,-0.164637,0.983011,0.081141,-0.671315,-0.093626,0.020120,0.734960,-0.000377,-0.008573,-0.004845,-0.001040,0.011865,-0.001638,-0.110608,0.990546,-0.081141,0.000000,0.000000,0.000000,-1,-0.109573,1.002426,-0.082779,-0.000081,-0.101781,-0.000603,119.665710,255.818344,-772.052002,0,0
0.840000,-0.938656,-1.433088,-0.776611,0.981546,0.155890,0.110748,0.096211,0.097917,-0.990533,-0.165258,0.982909,0.081111,-0.671290,-0.093887,0.020301,0.734945,-0.000379,-0.027653,-0.001567,-0.000336,0.010642,-0.000828,-0.110748,0.990533,-0.081111,0.000000,0.000000,0.000000,-1,-0.111740,1.002167,-0.084961,0.000976,-0.131461,0.003774,121.417770,256.866058,-771.383972,0,0
0.880000,-0.939237,-1.432819,-0.775853,0.981311,0.157182,0.111009,0.096323,0.098179,-0.990496,-0.166587,0.982677,0.081204,-0.671180,-0.094425,0.020702,0.734965,0.005990,-0.025538,-0.004839,-0.005247,0.013654,-0.002918,-0.111009,0.990496,-0.081204,0.000000,0.000000,0.000000,-1,-0.114349,1.002136,-0.082413,0.009474,-0.098607,-0.004978,120.892151,256.691437,-771.885010,0,0
0.920000,-0.938787,-1.432155,-0.774977,0.981196,0.157547,0.111504,0.096697,0.098733,-0.990405,-0.167044,0.982563,0.081643,-0.670973,-0.094729,0.020694,0.735114,0.005982,-0.010704,-0.010224,0.002342,0.010785,-0.001518,-0.111504,0.990405,-0.081643,0.000000,0.000000,0.000000,-1,-0.107407,1.001587,-0.082870,0.006284,-0.110266,-0.002763,119.840912,255.992966,-771.216980,0,0
0.960000,-0.938126,-1.432088,-0.773977,0.981144,0.157874,0.111503,0.096644,0.098877,-0.990395,-0.167383,0.982496,0.081755,-0.670916,-0.094840,0.020822,0.735149,0.008091,-0.019094,-0.007030,0.003913,0.012443,-0.001298,-0.111503,0.990395,-0.081755,0.000000,0.000000,0.000000,-1,-0.108444,1.004196,-0.081299,0.008433,-0.095418,0.000338,120.541733,255.643723,-771.216980,0,0
1.000000,-0.936138,-1.432059,-0.771682,0.981112,0.158170,0.111364,0.096437,0.099120,-0.990391,-0.167689,0.982424,0.081994,-0.670820,-0.094887,0.020991,0.735225,0.006000,-0.002121,-0.000698,0.004445,0.013942,0.000360,-0.111364,0.990391,-0.081994,0.000000,0.000000,0.000000,-1,-0.108582,1.004166,-0.082550,0.006322,-0.101772,0.005708,122.293793,255.643723,-769.880981,0,0
1.040000,-0.934736,-1.432082,-0.769987,0.981081,0.158457,0.111230,0.096253,0.099267,-0.990395,-0.167977,0.982363,0.082137,-0.670760,-0.094934,0.021150,0.735269,0.001756,-0.006358,0.002560,-0.001639,0.010582,-0.000230,-0.111230,0.990395,-0.082137,0.000000,0.000000,0.000000,-1,-0.115601,1.002090,-0.082825,0.003133,-0.101772,0.005743,120.716949,256.167603,-771.383972,0,0
1.080000,-0.935341,-1.431930,-0.770191,0.981000,0.158839,0.111401,0.096378,0.099355,-0.990374,-0.168378,0.982293,0.082159,-0.670725,-0.095127,0.021237,0.735274,0.002801,-0.009546,-0.001693,-0.004947,0.013746,-0.002009,-0.111401,0.990374,-0.082159,0.000000,0.000000,0.000000,-1,-0.110718,1.000931,-0.083313,0.003114,-0.100719,0.000420,122.118591,258.263000,-771.049988,0,0
1.120000,-0.934626,-1.431867,-0.769098,0.980941,0.159204,0.111393,0.096313,0.099505,-0.990365,-0.168754,0.982218,0.082276,-0.670664,-0.095248,0.021382,0.735310,0.003842,-0.015704,-0.000626,0.002903,0.009376,-0.001526,-0.111393,0.990365,-0.082276,0.000000,0.000000,0.000000,-1,-0.109299,1.002548,-0.083740,0.002059,-0.115554,0.005817,121.943390,256.691437,-772.218994,0,0
1.160000,-0.933560,-1.431949,-0.767370,0.980852,0.159859,0.111239,0.096085,0.099613,-0.990376,-0.169401,0.982101,0.082346,-0.670614,-0.095414,0.021682,0.735325,0.001722,-0.002984,-0.001722,-0.003110,0.013164,-0.001867,-0.111239,0.990376,-0.082346,0.000000,0.000000,0.000000,-1,-0.116730,1.003876,-0.083420,0.002062,-0.085877,0.000365,120.191330,254.945236,-771.885010,0,0
1.200000,-0.934096,-1.431699,-0.768194,0.980874,0.159557,0.111482,0.096338,0.099712,-0.990342,-0.169132,0.982140,0.082433,-0.670584,-0.095400,0.021492,0.735360,0.000650,0.001252,-0.004921,0.000551,0.011886,-0.000498,-0.111482,0.990342,-0.082433,0.000000,0.000000,0.000000,-1,-0.109680,1.003571,-0.082901,0.002062,-0.111313,0.005798,121.768188,255.469101,-770.715942,0,0
1.240000,-0.933924,-1.431933,-0.767406,0.980795,0.160180,0.111282,0.096099,0.099621,-0.990374,-0.169724,0.982048,0.082315,-0.670608,-0.095540,0.021787,0.735311,-0.003582,-0.018879,0.004791,-0.001862,0.014112,-0.001090,-0.111282,0.990374,-0.082315,0.000000,0.000000,0.000000,-1,-0.118942,1.001358,-0.084763,-0.001121,-0.113431,0.007970,121.067352,254.421387,-770.715942,0,0
1.280000,-0.935635,-1.431702,-0.768408,0.980647,0.160858,0.111607,0.096358,0.099689,-0.990342,-0.170431,0.981930,0.082260,-0.670578,-0.095894,0.021930,0.735288,-0.001500,-0.011228,-0.002732,-0.005992,0.010085,-0.004044,-0.111607,0.990342,-0.082260,0.000000,0.000000,0.000000,-1,-0.116257,1.000854,-0.086044,-0.001137,-0.098599,0.000458,121.242569,255.992966,-770.548950,0,0
1.320000,-0.936652,-1.431307,-0.769191,0.980569,0.161058,0.112006,0.096708,0.099895,-0.990287,-0.170682,0.981876,0.082378,-0.670503,-0.096109,0.021878,0.735330,0.001686,-0.006991,-0.004915,-0.001886,0.012429,-0.002415,-0.112006,0.990287,-0.082378,0.000000,0.000000,0.000000,-1,-0.110718,1.002396,-0.084244,0.005241,-0.110258,0.002567,121.417770,255.818344,-771.383972,0,0
1.360000,-0.936522,-1.431140,-0.768364,0.980445,0.161727,0.112128,0.096740,0.100094,-0.990264,-0.171376,0.981746,0.082491,-0.670422,-0.096382,0.022093,0.735362,0.004867,-0.023953,-0.003809,-0.002511,0.011109,-0.000960,-0.112128,0.990264,-0.082491,0.000000,0.000000,0.000000,-1,-0.115952,1.003769,-0.084442,0.004149,-0.116629,-0.003774,120.366531,255.818344,-772.052002,0,0
1.400000,-0.937929,-1.430680,-0.768716,0.980224,0.162726,0.112611,0.097092,0.100387,-0.990200,-0.172436,0.981551,0.082602,-0.670305,-0.096903,0.022312,0.735393,0.003776,-0.035624,-0.009064,-0.003294,0.011753,-0.002237,-0.112611,0.990200,-0.082602,0.000000,0.000000,0.000000,-1,-0.118179,1.003098,-0.085190,0.006244,-0.142079,-0.006874,121.417770,256.516815,-771.383972,0,0
1.440000,-0.941010,-1.429963,-0.769704,0.979795,0.164724,0.113439,0.097686,0.100801,-0.990099,-0.174528,0.981175,0.082673,-0.670134,-0.097894,0.022790,0.735403,0.007972,-0.053460,-0.016490,-0.002329,0.016431,-0.001998,-0.113439,0.990099,-0.082673,0.000000,0.000000,0.000000,-1,-0.115021,0.998810,-0.087433,0.013640,-0.165414,-0.014296,121.943390,256.342194,-772.218994,0,0
1.480000,-0.943334,-1.428915,-0.768987,0.979183,0.167620,0.114471,0.098335,0.101616,-0.989952,-0.177568,0.980601,0.083018,-0.669804,-0.099266,0.023551,0.735496,0.016432,-0.097994,-0.019574,0.003189,0.005715,-0.001866,-0.114471,0.989952,-0.083018,0.000000,0.000000,0.000000,-1,-0.103363,1.002884,-0.083984,0.011486,-0.165425,-0.021718,119.665710,257.215302,-771.049988,0,0
1.520000,-0.943712,-1.428611,-0.766965,0.978750,0.169944,0.114746,0.098338,0.102032,-0.989909,-0.179937,0.980157,0.083152,-0.669621,-0.100162,0.024339,0.735516,0.007969,-0.020605,-0.024078,0.016998,0.011251,-0.000604,-0.114746,0.989909,-0.083152,0.000000,0.000000,0.000000,-1,-0.102188,1.006561,-0.086288,0.009425,-0.104986,-0.016650,121.768188,256.167603,-770.047974,0,0
1.560000,-0.940361,-1.428519,-0.762705,0.978622,0.170821,0.114540,0.097965,0.102515,-0.989896,-0.180837,0.979954,0.083589,-0.669425,-0.100380,0.024759,0.735650,0.013327,-0.039666,-0.009152,0.011009,0.006839,-0.001814,-0.114540,0.989896,-0.083589,0.000000,0.000000,0.000000,-1,-0.102936,0.993729,-0.084290,0.011579,-0.131472,-0.003789,121.242569,256.342194,-770.548950,0,0
1.600000,-0.940774,-1.428355,-0.762018,0.978416,0.171885,0.114706,0.098007,0.102700,-0.989872,-0.181925,0.979749,0.083638,-0.669343,-0.100805,0.025106,0.735655,0.003724,-0.014027,-0.018743,-0.001261,0.015316,0.001530,-0.114706,0.989872,-0.083638,0.000000,0.000000,0.000000,-1,-0.114334,1.009766,-0.080017,0.005156,-0.090154,-0.024115,121.943390,256.342194,-770.214966,0,0
1.640000,-0.946193,-1.427599,-0.767562,0.978323,0.171708,0.115764,0.099094,0.102694,-0.989765,-0.181839,0.979781,0.083452,-0.669361,-0.101142,0.024678,0.735607,0.001564,0.007156,-0.031579,0.005367,0.019925,0.003374,-0.115764,0.989765,-0.083452,0.000000,0.000000,0.000000,-1,-0.108994,1.002808,-0.085464,-0.000165,-0.101815,-0.022940,119.840912,255.992966,-772.218994,0,0
1.680000,-0.949118,-1.427265,-0.769584,0.978110,0.172568,0.116276,0.099531,0.102730,-0.989717,-0.182738,0.979626,0.083306,-0.669342,-0.101629,0.024824,0.735552,-0.001603,-0.032051,-0.017535,0.001705,0.011974,-0.000475,-0.116436,0.989704,-0.083235,0.000000,0.000000,0.000000,-1,-0.114426,0.997559,-0.081345,-0.003362,-0.096519,-0.026120,121.592972,256.691437,-771.216980,0,0
1.720000,-0.954605,-1.426715,-0.774553,0.977920,0.173036,0.117176,0.100421,0.102624,-0.989638,-0.183268,0.979554,0.082981,-0.669387,-0.102130,0.024684,0.735446,-0.004830,0.009269,-0.035768,0.002231,0.010835,0.003574,-0.117176,0.989638,-0.082981,0.000000,0.000000,0.000000,-1,-0.116959,1.002548,-0.079575,-0.003409,-0.084879,-0.041064,121.067352,254.770615,-770.047974,0,0
1.760000,-0.963657,-1.425634,-0.784002,0.977806,0.172574,0.118801,0.102142,0.102428,-0.989482,-0.182927,0.979656,0.082527,-0.669487,-0.102585,0.023946,0.735316,-0.010223,0.004161,-0.049521,0.002560,0.012379,0.002617,-0.118801,0.989482,-0.082527,0.000000,0.000000,0.000000,-1,-0.103470,1.010223,-0.077057,-0.017260,-0.093370,-0.047256,120.366531,256.167603,-771.049988,0,0
1.800000,-0.975201,-1.425675,-0.795450,0.977674,0.172693,0.119713,0.103279,0.101224,-0.989488,-0.182995,0.979761,0.081128,-0.669948,-0.102983,0.023615,0.734851,-0.030405,-0.015969,-0.039627,0.016914,0.023421,0.006253,-0.119713,0.989488,-0.081128,0.000000,0.000000,0.000000,-1,-0.104767,0.998322,-0.070206,-0.026778,-0.137865,-0.024612,119.490509,255.992966,-770.882996,0,0
1.840000,-0.987677,-1.426612,-0.806226,0.977332,0.174460,0.119941,0.103695,0.099463,-0.989623,-0.184580,0.979628,0.079118,-0.670588,-0.103698,0.024098,0.734151,-0.035703,-0.065775,-0.023381,0.014976,0.011628,0.009461,-0.119941,0.989623,-0.079118,0.000000,0.000000,0.000000,-1,-0.100616,1.011627,-0.062805,-0.040612,-0.171787,-0.021115,119.665710,257.913757,-771.383972,0,0
1.880000,-1.004417,-1.428319,-0.819985,0.976789,0.177555,0.119823,0.103818,0.096874,-0.989867,-0.187364,0.979331,0.076192,-0.671514,-0.104753,0.025145,0.733119,-0.045315,-0.082748,-0.029571,0.022899,0.022782,0.013936,-0.119823,0.989867,-0.076192,0.000000,0.000000,0.000000,-1,-0.081223,1.006287,-0.054672,-0.045984,-0.182408,-0.033773,121.067352,255.818344,-772.385986,0,0
1.920000,-1.026738,-1.430696,-0.839184,0.976225,0.180856,0.119480,0.103907,0.093291,-0.990202,-0.190230,0.979075,0.072281,-0.672803,-0.105812,0.026289,0.731744,-0.064593,-0.071979,-0.061308,0.047138,0.013643,0.026199,-0.119480,0.990202,-0.072281,0.000000,0.000000,0.000000,-1,-0.045258,1.005753,-0.025192,-0.070514,-0.163361,-0.058054,120.541733,255.992966,-770.882996,0,0
1.960000,-1.055040,-1.432360,-0.865521,0.975758,0.182992,0.120045,0.105074,0.089454,-0.990433,-0.191980,0.979036,0.068058,-0.674212,-0.106816,0.026674,0.730286,-0.095380,-0.021085,-0.057994,0.085392,0.021347,0.052982,-0.120045,0.990433,-0.068058,0.000000,0.000000,0.000000,-1,-0.012970,1.017975,0.021851,-0.120324,-0.024453,-0.044303,120.541733,255.992966,-771.551025,0,0
2.000000,-1.088620,-1.433221,-0.903256,0.976295,0.179122,0.121506,0.107704,0.084899,-0.990551,-0.187745,0.980157,0.063594,-0.675981,-0.106078,0.024497,0.728833,-0.149275,0.219638,-0.020193,0.120972,0.012668,0.103297,-0.121506,0.990551,-0.063594,0.000000,0.000000,0.000000,-1,0.075745,1.009293,0.174759,-0.169932,0.198266,0.006297,120.541733,256.342194,-769.880981,0,0
2.040000,-1.196572,-1.444190,-1.008715,0.976103,0.182784,0.117529,0.106841,0.067294,-0.991996,-0.189230,0.980847,0.046157,-0.682395,-0.106106,0.026268,0.722765,-0.832462,-0.638706,0.272033,0.256048,0.026726,0.305725,-0.117529,0.991996,-0.046157,0.000000,0.000000,0.000000,-1,0.173798,1.025070,0.297745,-1.135204,-0.646015,0.487719,119.840912,256.691437,-767.876953,0,0
2.080000,-1.605188,-1.473389,-1.395925,0.973519,0.206915,0.097196,0.095770,0.016920,-0.995260,-0.207578,0.978213,-0.003344,-0.699990,-0.108103,0.039423,0.704822,-1.453709,-0.638854,0.750106,0.252210,0.048915,0.178449,-0.097196,0.995260,0.003344,0.000000,0.000000,0.000000,-1,-0.047729,1.186356,-0.031052,-1.503875,-0.956042,0.901649,122.293793,258.088379,-765.872925,0,0
2.120000,-2.374802,-1.484176,-2.132598,0.968610,0.241228,0.060024,0.073215,-0.046086,-0.996251,-0.237557,0.969374,-0.062301,-0.720590,-0.109092,0.061593,0.681950,-1.149006,-1.073149,1.008255,-0.065678,0.234996,-0.046691,-0.060024,0.996251,0.062301,0.000000,0.000000,0.000000,-1,-0.210831,1.199188,0.303177,-0.947327,-1.282275,1.103348,122.644211,258.088379,-764.536865,0,0
2.160000,-3.014954,-1.471258,-2.748980,0.964598,0.263427,0.012551,0.038021,-0.091813,-0.995050,-0.260971,0.960300,-0.098578,-0.733994,-0.102674,0.084612,0.665997,-0.976103,0.815201,1.081860,-0.202766,0.194754,0.271691,-0.012551,0.995050,0.098578,0.000000,0.000000,0.000000,-1,-0.125259,1.126144,0.138596,-1.268676,1.412265,0.761786,121.768188,258.961487,-764.703857,0,0
2.200000,3.058071,-1.422724,-3.008723,0.976800,0.213801,-0.012308,0.019545,-0.146232,-0.989057,-0.213262,0.965870,-0.147018,-0.753334,-0.077438,0.074857,0.648758,-1.226697,0.603554,0.643071,0.032706,0.095049,-0.099410,0.012308,0.989057,0.147018,0.000000,0.000000,0.000000,-1,-0.054031,1.070648,0.197647,-1.123395,0.445077,0.577335,125.797913,257.389923,-762.866882,0,0
2.240000,2.988780,-1.367530,-3.116328,0.984265,0.174005,-0.030728,0.005100,-0.201805,-0.979412,-0.176624,0.963845,-0.199517,-0.772267,-0.057980,0.067125,0.629075,-0.873369,0.995433,0.373606,-0.068479,-0.054821,-0.103341,0.030728,0.979412,0.199517,0.000000,0.000000,0.000000,-1,0.086502,0.820221,0.096924,-0.772057,0.752220,0.361460,125.272308,258.263000,-762.031860,0,0
2.280000,2.979679,-1.344828,3.134562,0.988001,0.150166,-0.036118,-0.001575,-0.224044,-0.974578,-0.154441,0.962940,-0.221119,-0.779930,-0.047630,0.061082,0.621055,-0.608041,0.607332,0.328820,0.055434,-0.184966,-0.083470,0.036118,0.974578,0.221119,0.000000,0.000000,0.000000,-1,0.033478,0.760086,0.220123,-0.416274,0.498761,0.311879,125.097092,259.485352,-761.196838,0,0
2.320000,2.965355,-1.326907,3.094858,0.991384,0.123958,-0.042338,-0.011281,-0.241215,-0.970406,-0.130502,0.962523,-0.237738,-0.785865,-0.035845,0.054984,0.614905,-0.265819,0.656043,0.286535,-0.007914,-0.189858,-0.001242,0.042338,0.970406,0.237738,0.000000,0.000000,0.000000,-1,0.033920,0.830948,0.239883,-0.171814,0.560210,0.280187,125.447510,259.834595,-760.528809,0,0
2.360000,2.954849,-1.317143,3.048338,0.995080,0.087438,-0.046590,-0.023368,-0.249851,-0.968002,-0.096280,0.964328,-0.246579,-0.789226,-0.020295,0.045256,0.612097,-0.068211,0.800132,0.218820,-0.039906,-0.133072,0.042209,0.046590,0.968002,0.246579,0.000000,0.000000,0.000000,-1,0.001984,0.836807,0.346176,-0.013574,0.794378,0.185906,126.498749,259.834595,-760.862854,0,0
2.400000,2.970817,-1.319065,3.027047,0.997807,0.050879,-0.042331,-0.028469,-0.247449,-0.968482,-0.059751,0.967564,-0.245458,-0.789100,-0.007100,0.032341,0.613372,0.191697,0.884699,0.049633,0.009946,-0.132591,0.112879,0.042331,0.968482,0.245458,0.000000,0.000000,0.000000,-1,0.066986,0.880890,0.397049,0.266289,0.554522,0.017964,124.396271,259.136108,-762.198853,0,0
2.440000,2.984228,-1.326449,3.019821,0.998801,0.030965,-0.037913,-0.029387,-0.240132,-0.970295,-0.039150,0.970246,-0.238934,-0.787062,-0.000501,0.024478,0.616388,0.266731,0.523098,0.003635,0.029073,-0.089406,0.158115,0.037913,0.970295,0.238934,0.000000,0.000000,0.000000,-1,-0.016525,0.911575,0.415039,0.296702,0.222611,-0.025549,124.746689,258.437622,-759.860840,0,0
2.480000,2.997983,-1.338104,3.018862,0.999310,0.017050,-0.033003,-0.028230,-0.228864,-0.973049,-0.024144,0.973309,-0.228225,-0.783645,0.003567,0.018231,0.620931,0.286510,0.425420,-0.088686,-0.087843,-0.048611,0.195039,0.033003,0.973049,0.228225,0.000000,0.000000,0.000000,-1,-0.071854,0.935471,0.410568,0.266786,0.470565,-0.115691,126.323532,259.659973,-761.363831,0,0
2.520000,3.044433,-1.349380,3.040588,0.999754,-0.006202,-0.021304,-0.022144,-0.218492,-0.975587,0.001396,0.975819,-0.218576,-0.780516,0.009079,0.006377,0.625037,0.292658,0.701956,-0.207010,-0.084033,-0.038255,0.201438,0.021304,0.975587,0.218576,0.000000,0.000000,0.000000,-1,-0.045502,1.044296,0.445175,0.384315,0.561523,-0.263126,125.797913,259.485352,-760.862854,0,0
2.560000,3.114382,-1.364538,3.086623,0.999583,-0.028332,-0.005572,-0.011252,-0.204490,-0.978804,0.026592,0.978459,-0.204724,-0.776015,0.012752,-0.006772,0.630549,0.350590,0.494337,-0.300315,-0.051074,0.065492,0.240452,0.005572,0.978804,0.204724,0.000000,0.000000,0.000000,-1,-0.016464,1.095932,0.496506,0.306417,0.183029,-0.261623,124.921890,260.358459,-761.697876,0,0
2.600000,-3.108792,-1.377439,3.136922,0.999301,-0.036851,0.006302,-0.000897,-0.192152,-0.981365,0.037375,0.980673,-0.192051,-0.771930,0.012225,-0.014145,0.635432,0.358216,0.129810,-0.176426,-0.010163,0.114567,0.304455,-0.006302,0.981365,0.192051,0.000000,0.000000,0.000000,-1,-0.096863,1.127090,0.313492,0.400262,-0.010815,-0.145837,125.272308,260.009216,-761.029846,0,0
2.640000,-3.065158,-1.396974,-3.104544,0.999182,-0.038227,0.013206,0.006406,-0.172829,-0.984931,0.039933,0.984210,-0.172443,-0.765581,0.010391,-0.017353,0.643022,0.673796,-0.006985,-0.197371,-0.083656,0.142160,0.141049,-0.013206,0.984931,0.172443,0.000000,0.000000,0.000000,-1,-0.166870,1.165741,0.223114,0.868220,-0.606824,-0.264251,125.973129,258.961487,-763.033875,0,0
2.680000,-3.011478,-1.429742,-3.024474,0.999765,-0.011715,0.018241,0.016428,-0.139624,-0.990068,0.014146,0.990135,-0.139399,-0.754783,-0.001561,-0.010727,0.655885,0.888930,-1.251563,-0.126047,-0.118554,0.132063,0.006673,-0.018241,0.990068,0.139399,0.000000,0.000000,0.000000,-1,0.040237,1.026474,-0.139374,0.850926,-2.189980,0.268562,125.272308,260.009216,-761.029846,0,0
2.720000,3.125782,-1.463513,-3.083121,0.997248,0.074124,-0.001693,0.006257,-0.106894,-0.994251,-0.073878,0.991503,-0.107064,-0.743506,-0.027028,0.025410,0.667699,0.873493,-2.889942,0.346362,0.038544,0.032223,-0.246438,0.001693,0.994251,0.107064,0.000000,0.000000,0.000000,-1,-0.335098,0.736145,-0.149963,1.255161,-2.953424,0.202665,126.673950,260.358459,-762.699829,0,0
2.760000,-3.140187,-1.529308,-2.963619,0.984452,0.175653,0.000058,0.007343,-0.040821,-0.999139,-0.175499,0.983605,-0.041476,-0.718810,-0.063645,0.061018,0.689593,0.948391,-1.125259,-0.738910,-0.321582,-0.208811,-0.173800,-0.000058,0.999139,0.041476,0.000000,0.000000,0.000000,-1,-0.085190,1.086609,-0.190720,0.761348,-0.364124,-1.027917,125.447510,260.882324,-764.536865,0,0
2.800000,-2.123796,-1.536370,-1.934871,0.981736,0.187982,0.029289,0.032163,-0.012256,-0.999407,-0.187512,0.982096,-0.018078,-0.709237,-0.077599,0.055772,0.698463,0.842872,0.161333,-1.073306,-0.055901,0.087201,-0.208798,-0.029289,0.999407,0.018078,0.000000,0.000000,0.000000,-1,0.181030,1.158173,-0.365219,0.743143,0.701433,-0.998487,125.622711,258.961487,-765.371887,0,0
2.840000,-1.380899,-1.502734,-1.218498,0.984708,0.160903,0.066787,0.063833,0.023467,-0.997685,-0.162098,0.986691,0.012837,-0.697926,-0.080501,0.034141,0.710812,0.663818,0.677108,-0.730079,0.296234,0.149166,-0.331538,-0.066788,0.997685,-0.012837,0.000000,0.000000,0.000000,-1,0.144760,0.972610,0.032043,0.718851,0.518562,-0.634666,124.396271,259.485352,-766.206909,0,0
2.880000,-1.005004,-1.469645,-0.866677,0.987159,0.135093,0.085243,0.076965,0.065370,-0.994889,-0.139975,0.988674,0.067909,-0.678470,-0.075659,0.018298,0.730493,1.314817,0.533958,-0.045192,0.150879,-0.056091,0.090950,-0.085708,0.994003,-0.067909,0.000000,0.000000,0.000000,-1,-0.059647,0.945480,-0.076233,0.884855,-0.169451,0.112276,124.571472,258.612244,-766.707886,0,0
2.920000,-0.713580,-1.443276,-0.578979,0.988047,0.129747,0.083242,0.069587,0.106449,-0.991880,-0.137554,0.985817,0.096148,-0.668104,-0.074589,0.020323,0.740041,0.687545,-0.477182,0.163073,0.023595,-0.046400,0.019915,-0.083242,0.991880,-0.096148,0.000000,0.000000,0.000000,-1,-0.114578,0.917313,-0.069153,0.478209,-1.115079,0.169957,124.571472,258.612244,-767.375916,0,0
2.960000,-0.615101,-1.426917,-0.432972,0.980959,0.175712,0.082738,0.060159,0.130152,-0.989667,-0.184665,0.975800,0.117103,-0.658351,-0.089569,0.038705,0.746360,0.546334,-0.835775,0.004563,-0.053340,-0.088025,0.061424,-0.082738,0.989667,-0.117103,0.000000,0.000000,0.000000,-1,-0.085815,0.949890,-0.001694,0.604126,-0.681825,-0.079105,125.097092,259.485352,-767.542908,0,0
3.000000,-0.585335,-1.409226,-0.391541,0.978535,0.185932,0.088876,0.061389,0.148694,-0.986976,-0.196726,0.971246,0.134088,-0.651105,-0.094962,0.041410,0.751884,0.588383,-0.048472,-0.284530,0.003061,-0.037086,0.132394,-0.088876,0.986976,-0.134088,0.000000,0.000000,0.000000,-1,0.087616,0.979736,-0.056320,0.426058,0.121358,-0.381800,124.571472,259.659973,-769.045959,0,0
3.040000,-0.591900,-1.385890,-0.405093,0.978854,0.176981,0.102580,0.072458,0.168975,-0.982953,-0.191297,0.969601,0.152578,-0.643681,-0.096880,0.034457,0.758355,0.447859,0.160248,-0.376467,0.190196,-0.003217,0.096258,-0.102580,0.982953,-0.152578,0.000000,0.000000,0.000000,-1,0.131653,0.945038,-0.112869,0.437884,-0.079968,-0.305498,124.571472,258.961487,-768.377930,0,0
3.080000,-0.596373,-1.365134,-0.410490,0.978050,0.173962,0.114697,0.081494,0.187251,-0.978926,-0.191773,0.966786,0.168964,-0.636757,-0.100296,0.030261,0.763915,0.343879,-0.030449,-0.280853,0.224774,-0.020216,0.039111,-0.114697,0.978926,-0.168964,0.000000,0.000000,0.000000,-1,-0.052933,0.994766,-0.161392,0.311481,-0.087343,-0.273223,124.396271,258.786865,-770.548950,0,0
3.120000,-0.602548,-1.347526,-0.415306,0.976845,0.173279,0.125489,0.089336,0.202598,-0.975178,-0.194402,0.963809,0.182427,-0.630837,-0.104074,0.027310,0.768419,0.441598,-0.149192,-0.281394,0.072556,0.019588,0.021035,-0.125489,0.975178,-0.182427,0.000000,0.000000,0.000000,-1,-0.101089,1.044495,-0.152969,0.688595,-0.335475,-0.306044,124.221069,260.358459,-770.715942,0,0
3.160000,-0.588987,-1.317083,-0.391730,0.973818,0.179543,0.139435,0.095829,0.231987,-0.967987,-0.206143,0.956005,0.208707,-0.619097,-0.111199,0.026937,0.776935,0.885744,-0.256339,-0.329418,0.038346,0.076507,0.055738,-0.139435,0.967987,-0.208707,0.000000,0.000000,0.000000,-1,-0.095291,1.169662,-0.096085,0.869162,-0.365218,-0.346194,123.169830,259.659973,-769.713989,0,1
3.200000,-0.570743,-1.280947,-0.366355,0.971113,0.181928,0.154410,0.102381,0.266842,-0.958287,-0.215542,0.946413,0.240508,-0.604930,-0.117496,0.025264,0.787157,0.771088,0.150721,-0.368285,0.059119,0.211376,0.144423,-0.154410,0.958287,-0.240508,0.000000,0.000000,0.000000,-1,0.125778,1.168182,0.027100,0.710022,0.285683,-0.389926,122.118591,258.263000,-772.052002,0,0
3.240000,-0.550593,-1.248410,-0.368132,0.973700,0.156302,0.165764,0.114019,0.295603,-0.948482,-0.197250,0.942437,0.270008,-0.593315,-0.113903,0.013267,0.796761,0.765511,0.566090,-0.523274,0.291542,0.219700,0.297107,-0.165764,0.948482,-0.270008,0.000000,0.000000,0.000000,-1,0.271011,1.139511,0.021805,0.881876,-0.014414,-0.429824,122.819412,258.961487,-773.054016,0,0
3.280000,-0.536282,-1.215485,-0.357722,0.972926,0.147719,0.177748,0.121808,0.325860,-0.937538,-0.196413,0.933806,0.299045,-0.580521,-0.116071,0.008038,0.805889,0.400014,-0.044950,-0.051643,0.448760,0.201973,0.320850,-0.177748,0.937538,-0.299045,0.000000,0.000000,0.000000,-1,0.132050,1.317596,0.067780,-0.418540,-0.944223,0.287569,121.943390,258.088379,-773.555054,0,0
3.320000,-0.658065,-1.267756,-0.403098,0.956740,0.226579,0.182512,0.117063,0.274504,-0.954434,-0.266354,0.934510,0.236106,-0.601276,-0.142880,0.034860,0.785390,-2.265762,-2.433706,0.618241,0.311631,0.300266,0.525595,-0.182512,0.954434,-0.236106,0.000000,0.000000,0.000000,-1,-0.042572,1.118515,0.637726,-2.362952,-1.647538,0.752553,124.221069,260.009216,-768.711914,0,0
3.360000,-0.792438,-1.340455,-0.518654,0.953432,0.254043,0.162572,0.113176,0.198284,-0.973589,-0.279569,0.946650,0.160299,-0.631437,-0.145390,0.046322,0.760266,-2.746689,0.416808,1.067012,0.120000,0.144926,0.798025,-0.162572,0.973589,-0.160299,0.000000,0.000000,0.000000,-1,-0.436142,1.490570,-0.424149,-3.035239,1.608281,1.404774,124.921890,258.263000,-768.377930,0,0
3.400000,-1.100009,-1.453028,-0.886449,0.972499,0.208039,0.104714,0.091040,0.074277,-0.993073,-0.214376,0.975296,0.053295,-0.679141,-0.110094,0.040368,0.724581,-2.652733,1.129636,1.309542,-0.331428,0.497497,-0.370854,-0.104714,0.993073,-0.053295,0.000000,0.000000,0.000000,-1,-0.487808,1.350281,-0.901306,-2.324705,-1.006527,1.180045,127.024368,259.310730,-765.705933,0,0
3.440000,-2.466634,-1.515638,-2.151566,0.949981,0.310402,0.034449,0.046091,-0.030248,-0.998479,-0.308888,0.950124,-0.043042,-0.711209,-0.125312,0.096469,0.684962,-0.461958,-4.725523,1.545838,-0.157720,0.008891,-0.808179,-0.034449,0.998479,0.043042,0.000000,0.000000,0.000000,-1,0.001129,1.029724,-0.165268,0.164740,-4.960489,1.570409,130.528488,260.358459,-763.033875,0,0
3.480000,2.749558,-1.529318,-3.091172,0.903719,0.427832,-0.015843,0.002090,-0.041414,-0.999140,-0.428120,0.902909,-0.038320,-0.704176,-0.152633,0.157618,0.675275,0.012735,-3.256309,1.381864,-0.014714,0.030584,-0.203588,0.015843,0.999140,0.038320,0.000000,0.000000,0.000000,-1,0.067642,1.365219,0.244064,-1.444049,0.151445,1.317223,132.455750,260.183838,-763.868896,0,0
3.520000,2.528278,-1.450726,2.950670,0.911325,0.405874,-0.068944,-0.022730,-0.117606,-0.992800,-0.411061,0.906330,-0.097951,-0.729192,-0.131359,0.164568,0.651108,-1.908376,3.092396,1.508414,-0.001302,0.372419,0.146113,0.068944,0.992800,0.097951,0.000000,0.000000,0.000000,-1,-0.092255,0.935974,-0.254852,-2.058543,2.264645,1.455934,133.331772,259.659973,-762.031860,0,0
3.560000,2.604372,-1.352271,2.930840,0.944635,0.308799,-0.110943,-0.045352,-0.211994,-0.976218,-0.324974,0.927201,-0.186252,-0.765324,-0.086058,0.142396,0.621769,-1.987472,2.301419,1.282030,-0.203197,-0.040244,-0.441104,0.110943,0.976218,0.186252,0.000000,0.000000,0.000000,-1,-0.259476,0.620743,-0.084518,-1.827877,2.250427,1.164124,135.959869,257.739166,-758.858826,0,0
3.600000,2.682195,-1.275996,2.921111,0.967412,0.217985,-0.128832,-0.063543,-0.283515,-0.956860,-0.245107,0.933864,-0.260425,-0.792362,-0.048728,0.117982,0.596547,-1.427510,1.941143,0.700949,-0.388308,-0.336117,-0.344943,0.128832,0.956860,0.260425,0.000000,0.000000,0.000000,-1,-0.275787,0.528900,-0.124573,-1.098621,1.773242,0.390236,136.660690,257.389923,-756.520752,0,0
3.640000,2.766927,-1.233210,2.931608,0.982165,0.143735,-0.121210,-0.069039,-0.323935,-0.943557,-0.174887,0.935097,-0.308235,-0.808445,-0.023099,0.091564,0.580946,-0.586452,1.841770,0.177288,-0.396998,-0.414657,-0.432807,0.121210,0.943557,0.308235,0.000000,0.000000,0.000000,-1,-0.200851,0.531876,-0.085159,-0.067319,1.509990,0.166249,136.135071,257.564545,-755.017761,0,0
3.680000,2.817802,-1.234334,2.909300,0.991710,0.074010,-0.105041,-0.076003,-0.321283,-0.943929,-0.103609,0.944087,-0.312994,-0.810245,0.000615,0.064379,0.582545,0.510731,0.989208,0.064798,-0.258194,-0.421742,-0.345068,0.105041,0.943929,0.312994,0.000000,0.000000,0.000000,-1,-0.064957,0.525406,0.210144,0.656567,0.665853,0.019542,136.835892,256.516815,-755.351746,0,0
3.720000,2.816483,-1.256454,2.888361,0.993497,0.056664,-0.098760,-0.077463,-0.299330,-0.951000,-0.083449,0.952466,-0.292994,-0.804024,0.006467,0.056655,0.591856,0.962624,0.412230,-0.088626,-0.163716,-0.425594,-0.082850,0.098760,0.951000,0.292994,0.000000,0.000000,0.000000,-1,0.205795,1.004623,0.748199,1.288033,0.262657,-0.197278,136.660690,257.739166,-754.850769,0,0
3.760000,2.787856,-1.317288,2.848683,0.994954,0.050189,-0.086879,-0.072416,-0.240119,-0.968038,-0.069446,0.969445,-0.235273,-0.785867,0.007071,0.049730,0.616352,1.152092,-0.121227,-0.203189,0.235814,0.233545,0.618151,0.086879,0.968038,0.235273,0.000000,0.000000,0.000000,-1,0.438873,1.711212,0.992218,0.998479,-0.244120,-0.191799,137.011108,257.739166,-756.186768,0,0
3.800000,2.772204,-1.338686,2.836422,0.995030,0.054940,-0.083052,-0.069114,-0.219403,-0.973183,-0.071688,0.974086,-0.214516,-0.779254,0.004548,0.049644,0.624722,0.202177,-0.010789,-0.075144,0.355821,0.738029,0.777702,0.083052,0.973183,0.214516,0.000000,0.000000,0.000000,-1,0.349365,1.221649,0.536240,-0.151523,0.341485,0.066079,138.412750,258.088379,-756.186768,0,0
3.840000,2.782046,-1.315211,2.810051,0.995888,0.017194,-0.088952,-0.082291,-0.239044,-0.967515,-0.037899,0.970856,-0.236646,-0.786063,0.020703,0.040344,0.616481,-0.882532,1.476745,0.681083,0.260413,0.254134,0.299593,0.088952,0.967515,0.236646,0.000000,0.000000,0.000000,-1,-0.212372,0.537704,0.010284,-0.404616,0.833035,0.516603,138.763168,256.342194,-755.184753,0,0
3.880000,2.725826,-1.317159,2.759638,0.994612,0.021815,-0.101347,-0.093529,-0.232844,-0.968006,-0.044715,0.972269,-0.229549,-0.783742,0.022876,0.046591,0.618914,1.465160,-2.456168,-0.441820,-0.491346,-0.213932,-0.390804,0.101347,0.968006,0.229549,0.000000,0.000000,0.000000,-1,-0.769791,1.287445,-0.590576,1.852225,-3.124449,-0.729642,140.690430,255.469101,-756.353760,0,1
3.920000,2.619342,-1.379414,2.755134,0.987362,0.126939,-0.094886,-0.071694,-0.176188,-0.981742,-0.141339,0.976137,-0.164860,-0.762956,-0.018102,0.077405,0.641544,1.592106,-4.122776,-1.118604,-0.864677,0.305703,-0.755436,0.094886,0.981742,0.164860,0.000000,0.000000,0.000000,-1,-0.004608,1.207199,-0.115494,1.075302,-3.860978,-0.509266,140.865631,257.389923,-759.192810,0,0
3.960000,2.498519,-1.422329,2.733745,0.969845,0.227006,-0.088703,-0.058671,-0.135789,-0.988999,-0.236554,0.964380,-0.118376,-0.745656,-0.056439,0.109051,0.654920,0.410843,-0.910098,-0.947761,-0.093311,0.218200,-0.233870,0.088703,0.988999,0.118376,0.000000,0.000000,0.000000,-1,-0.079773,0.667740,-0.477997,0.714855,-1.084097,-1.086915,141.916870,256.342194,-761.196838,0,0
4.000000,2.447286,-1.489827,2.750887,0.953468,0.297020,-0.051752,-0.030803,-0.074785,-0.996724,-0.299917,0.951938,-0.062156,-0.722912,-0.092064,0.121615,0.673893,1.836190,-1.921990,-0.556819,-0.007684,-0.255467,-0.564140,0.051752,0.996724,0.062156,0.000000,0.000000,0.000000,-1,0.277008,1.094589,-0.441742,2.027122,-1.677064,-0.600883,141.391251,258.263000,-762.699829,0,0
4.040000,1.570399,-1.539102,1.911431,0.941937,0.334292,-0.031689,-0.029868,-0.010587,-0.999498,-0.334460,0.942410,0.000013,-0.698661,-0.108931,0.131018,0.694867,1.902493,-0.919610,-0.942885,0.270267,0.237822,-0.479068,0.031689,0.999498,-0.000013,0.000000,0.000000,0.000000,-1,0.285324,1.091171,-0.155212,1.403549,-0.821332,-1.206318,142.267288,258.088379,-765.204895,0,0
4.080000,-0.788439,-1.526984,-0.466340,0.948267,0.315950,0.031064,0.019693,0.039122,-0.999040,-0.316862,0.947969,0.030876,-0.685250,-0.122453,0.104268,0.710328,0.120315,1.978819,-1.049077,0.212781,-0.081117,0.232826,-0.031064,0.999040,-0.030876,0.000000,0.000000,0.000000,-1,-0.110321,0.932175,0.221146,1.773197,2.217235,-0.503969,140.164810,258.437622,-764.202881,0,0
4.120000,-0.561757,-1.483513,-0.271800,0.965868,0.254225,0.049688,0.026330,0.094475,-0.995179,-0.257694,0.962520,0.084556,-0.668363,-0.104941,0.077804,0.732274,0.963556,-0.091701,-0.303360,-0.047052,-0.060654,0.055717,-0.049688,0.995179,-0.084556,0.000000,0.000000,0.000000,-1,-0.000168,0.934860,-0.053757,0.633350,-0.280346,-0.306748,139.639191,257.913757,-765.705933,0,0
4.160000,-0.536937,-1.448922,-0.274337,0.964691,0.255940,0.062185,0.032935,0.117027,-0.992582,-0.261319,0.959583,0.104465,-0.660151,-0.109397,0.075412,0.739287,0.395973,0.054614,-0.292446,0.055182,-0.088377,0.031666,-0.062185,0.992582,-0.104465,0.000000,0.000000,0.000000,-1,-0.019836,0.877426,-0.123825,0.466668,-0.175325,-0.264963,141.040848,258.612244,-766.039917,0,0
4.200000,-0.542302,-1.432280,-0.273331,0.962711,0.260979,0.071261,0.037272,0.132948,-0.990422,-0.267953,0.956146,0.118264,-0.654121,-0.113989,0.075174,0.743963,0.444540,-0.308002,-0.308364,0.078387,-0.105534,-0.025688,-0.071261,0.990422,-0.118264,0.000000,0.000000,0.000000,-1,-0.047928,0.863739,-0.138962,0.419574,-0.134116,-0.357174,139.639191,256.866058,-766.707886,0,0
4.240000,-0.567031,-1.408431,-0.295367,0.961269,0.261576,0.086828,0.047056,0.154652,-0.986848,-0.271564,0.952712,0.136354,-0.646193,-0.119404,0.071471,0.750379,0.602539,-0.021997,-0.477337,0.039969,-0.094209,0.028444,-0.086828,0.986848,-0.136354,0.000000,0.000000,0.000000,-1,-0.060226,0.961487,-0.080444,0.716594,0.026723,-0.568598,138.412750,257.040680,-767.542908,0,0
