0.000000,-1.496297,1.366788,1.450752,0.978432,-0.043053,0.202034,-0.201138,0.024262,0.979263,-0.047062,-0.998778,0.015079,0.696256,-0.087680,0.055645,0.710242,-0.012690,-0.025386,0.003226,-0.006707,0.017532,0.004993,-0.202034,-0.979262,-0.015079,0.000000,0.000000,0.000000,-1,-0.212967,-0.968063,-0.008484,-0.018153,-0.009616,-0.009411,50.628098,157.861191,-552.371216,0,0
0.040000,-1.498610,1.366373,1.452612,0.978320,-0.043533,0.202473,-0.201586,0.023936,0.979178,-0.047473,-0.998765,0.014641,0.696373,-0.087998,0.055646,0.710087,0.008625,-0.019037,0.003039,-0.010494,0.011115,0.006157,-0.202473,-0.979178,-0.014641,0.000000,0.000000,0.000000,-1,-0.204422,-0.960083,-0.016403,-0.011775,-0.013845,-0.008379,51.858643,158.388565,-551.198120,0,0
0.080000,-1.501911,1.366075,1.454268,0.978174,-0.045203,0.202812,-0.201915,0.023636,0.979118,-0.049053,-0.998698,0.013993,0.696517,-0.088698,0.055189,0.709895,0.005303,-0.058236,0.005356,0.012138,0.023628,-0.000366,-0.202812,-0.979118,-0.013993,0.000000,0.000000,0.000000,-1,-0.196350,-0.959869,-0.013428,-0.019320,-0.048745,-0.002863,51.507065,158.740143,-551.868408,0,0
0.120000,-1.503743,1.365942,1.454377,0.978061,-0.046923,0.202968,-0.202048,0.023629,0.979091,-0.050738,-0.998619,0.013630,0.696563,-0.089357,0.054636,0.709810,-0.003162,-0.047563,0.013903,0.003886,0.019145,0.004765,-0.202968,-0.979091,-0.013630,0.000000,0.000000,0.000000,-1,-0.205521,-0.969910,-0.009308,-0.024471,-0.000974,0.008716,52.034439,158.212769,-552.036011,0,0
0.160000,-1.505081,1.365233,1.455091,0.977883,-0.047544,0.203678,-0.202753,0.023565,0.978946,-0.051343,-0.998591,0.013404,0.696583,-0.089830,0.054672,0.709727,-0.001958,-0.006208,0.019066,-0.000119,0.009311,0.003227,-0.203678,-0.978946,-0.013404,0.000000,0.000000,0.000000,-1,-0.195816,-0.967422,-0.014084,-0.020148,0.024395,0.003261,51.155472,160.146484,-551.868408,0,0
0.200000,-1.505479,1.364934,1.455755,0.977833,-0.047285,0.203976,-0.203061,0.023464,0.978885,-0.051072,-0.998606,0.013342,0.696604,-0.089845,0.054875,0.709690,0.004417,-0.001022,0.007278,0.007214,0.016483,-0.000711,-0.203976,-0.978885,-0.013342,0.000000,0.000000,0.000000,-1,-0.206863,-0.960327,-0.004395,-0.025607,-0.010664,-0.008284,51.331268,157.861191,-552.036011,0,0
0.240000,-1.508616,1.364500,1.457611,0.977672,-0.048593,0.204441,-0.203526,0.023135,0.978796,-0.052292,-0.998551,0.012729,0.696744,-0.090463,0.054593,0.709496,0.004309,-0.033895,0.003142,-0.001202,0.019797,0.010989,-0.204441,-0.978796,-0.012729,0.000000,0.000000,0.000000,-1,-0.203140,-0.956406,-0.007980,-0.012897,-0.031860,-0.009368,51.682846,158.915939,-552.036011,0,0
0.280000,-1.513551,1.364240,1.460762,0.977513,-0.050435,0.204754,-0.203850,0.022521,0.978743,-0.053974,-0.998473,0.011734,0.697004,-0.091206,0.054082,0.709184,0.009544,-0.054193,-0.005331,0.000989,0.021407,0.001801,-0.204754,-0.978743,-0.011734,0.000000,0.000000,0.000000,-1,-0.207153,-0.958755,-0.012726,-0.007640,-0.043630,-0.022149,51.682846,158.915939,-552.036011,0,0
0.320000,-1.519385,1.364311,1.463857,0.977366,-0.053235,0.204750,-0.203850,0.021883,0.978758,-0.056585,-0.998342,0.010536,0.697307,-0.092171,0.053121,0.708834,0.016968,-0.057441,-0.012832,-0.001198,0.018964,0.001167,-0.204750,-0.978758,-0.010536,0.000000,0.000000,0.000000,-1,-0.206360,-0.965210,-0.005859,-0.009778,-0.043659,-0.025328,51.858643,157.685394,-552.538818,0,0
0.360000,-1.523596,1.364571,1.466333,0.977311,-0.055025,0.204539,-0.203651,0.021352,0.978811,-0.058226,-0.998257,0.009661,0.697549,-0.092709,0.052438,0.708577,0.011632,-0.061676,-0.012774,-0.000417,0.012578,0.004275,-0.204539,-0.978811,-0.009661,0.000000,0.000000,0.000000,-1,-0.201859,-0.962540,-0.000580,-0.011881,-0.039372,-0.020001,52.034439,158.564362,-551.700867,0,0
0.400000,-1.528411,1.364887,1.469210,0.977251,-0.057026,0.204273,-0.203403,0.020734,0.978876,-0.060057,-0.998157,0.008663,0.697828,-0.093300,0.051666,0.708281,0.012785,-0.036291,-0.008609,0.004338,0.015695,-0.002201,-0.204273,-0.978876,-0.008663,0.000000,0.000000,0.000000,-1,-0.207520,-0.962524,-0.011780,-0.010753,-0.015052,-0.024363,50.100723,158.740143,-552.538818,0,0
0.440000,-1.532806,1.365155,1.472344,0.977220,-0.058356,0.204048,-0.203206,0.020071,0.978930,-0.061222,-0.998094,0.007756,0.698103,-0.093669,0.051148,0.707998,0.020236,-0.024781,-0.023622,-0.002739,0.016375,0.006031,-0.204048,-0.978930,-0.007756,0.000000,0.000000,0.000000,-1,-0.208511,-0.969864,-0.001984,-0.007633,-0.028940,-0.037119,52.034439,161.025452,-551.365662,0,0
0.480000,-1.536976,1.365618,1.475021,0.977214,-0.059910,0.203625,-0.202808,0.019484,0.979025,-0.062621,-0.998014,0.006889,0.698363,-0.094048,0.050477,0.707741,-0.000083,-0.057580,-0.020144,-0.002704,0.013632,0.008110,-0.203625,-0.979025,-0.006889,0.000000,0.000000,0.000000,-1,-0.194687,-0.972336,-0.003601,-0.001305,-0.050114,-0.036023,53.264984,159.443314,-552.538818,0,0
0.520000,-1.542265,1.366688,1.478524,0.977308,-0.061786,0.202612,-0.201832,0.018676,0.979242,-0.064288,-0.997915,0.005782,0.698722,-0.094321,0.049492,0.707419,0.023305,-0.062960,-0.028830,0.010259,0.011286,-0.002946,-0.202612,-0.979242,-0.005782,0.000000,0.000000,0.000000,-1,-0.195023,-0.957855,-0.012131,0.011631,0.001790,-0.035253,51.682846,157.509613,-552.036011,0,0
0.560000,-1.547171,1.368091,1.483222,0.977566,-0.062115,0.201264,-0.200548,0.017608,0.979526,-0.064387,-0.997914,0.004756,0.699143,-0.093923,0.048945,0.707094,0.033153,0.019720,-0.021761,0.007553,0.023135,-0.006459,-0.201264,-0.979526,-0.004756,0.000000,0.000000,0.000000,-1,-0.199463,-0.962708,-0.004135,-0.019305,-0.014129,-0.039214,52.386017,158.564362,-551.365662,0,0
0.600000,-1.552471,1.369082,1.486599,0.977631,-0.064120,0.200316,-0.199640,0.016849,0.979724,-0.066195,-0.997800,0.003671,0.699484,-0.094269,0.047936,0.706780,0.010490,-0.069474,-0.039360,-0.013185,0.011127,0.010782,-0.200316,-0.979725,-0.003671,0.000000,0.000000,0.000000,-1,-0.201523,-0.954758,-0.003387,-0.003549,-0.075671,-0.050824,52.913391,159.443314,-553.544312,0,0
0.640000,-1.560408,1.370025,1.490970,0.977568,-0.067781,0.199414,-0.198790,0.015903,0.979913,-0.069590,-0.997573,0.002072,0.699928,-0.095214,0.046370,0.706318,0.027431,-0.104390,-0.035097,0.003430,0.027612,-0.003940,-0.199414,-0.979913,-0.002072,0.000000,0.000000,0.000000,-1,-0.192490,-0.960617,-0.001877,0.011384,-0.074527,-0.041356,52.386017,158.915939,-552.371216,0,0
0.680000,-1.572476,1.371616,1.498989,0.977581,-0.072003,0.197865,-0.197356,0.014196,0.980229,-0.073389,-0.997303,-0.000332,0.700664,-0.096108,0.044414,0.705593,0.030750,-0.072508,-0.023525,0.005055,0.016560,0.002124,-0.197865,-0.980229,0.000332,0.000000,0.000000,0.000000,-1,-0.200897,-0.961502,0.002899,0.006125,-0.057530,-0.036053,51.507065,158.740143,-551.198120,0,0
0.720000,-1.578370,1.372065,1.502915,0.977518,-0.074048,0.197420,-0.196971,0.013391,0.980318,-0.075235,-0.997165,-0.001495,0.701003,-0.096654,0.043575,0.705233,0.017993,-0.065101,-0.024518,-0.003706,0.017778,-0.002182,-0.197420,-0.980318,0.001495,0.000000,0.000000,0.000000,-1,-0.196320,-0.963196,0.005692,-0.006644,-0.053310,-0.038100,52.386017,158.212769,-551.030518,0,0
0.760000,-1.585394,1.372855,1.507081,0.977450,-0.076990,0.196630,-0.196252,0.012521,0.980474,-0.077949,-0.996953,-0.002871,0.701391,-0.097393,0.042302,0.704823,0.016863,-0.088481,-0.027628,-0.000147,0.016774,0.003782,-0.196630,-0.980474,0.002871,0.000000,0.000000,0.000000,-1,-0.198181,-0.961746,0.009094,-0.000418,-0.101042,-0.045427,53.616562,157.685394,-550.527710,0,0
0.800000,-1.599066,1.374244,1.514955,0.977248,-0.082938,0.195211,-0.194985,0.010900,0.980746,-0.083469,-0.996495,-0.005520,0.702116,-0.098959,0.039788,0.704029,0.035894,-0.129832,-0.031881,0.004522,0.016054,0.001835,-0.195211,-0.980746,0.005520,0.000000,0.000000,0.000000,-1,-0.189316,-0.965271,0.008820,0.024036,-0.116886,-0.040231,52.561813,159.091736,-551.198120,0,0
0.840000,-1.610666,1.375163,1.522834,0.977107,-0.086805,0.194234,-0.194165,0.009320,0.980925,-0.086959,-0.996182,-0.007748,0.702769,-0.099951,0.038161,0.703328,0.048690,-0.128717,-0.025594,0.008427,0.016935,0.000141,-0.194234,-0.980925,0.007748,0.000000,0.000000,0.000000,-1,-0.188004,-0.963257,0.005295,0.022968,-0.117945,-0.040218,52.210220,159.443314,-551.533264,0,0
0.880000,-1.620938,1.376132,1.529348,0.976961,-0.090680,0.193194,-0.193271,0.008015,0.981113,-0.090516,-0.995848,-0.009695,0.703321,-0.100932,0.036498,0.702724,0.047631,-0.122411,-0.030937,0.005190,0.017856,-0.004400,-0.193194,-0.981113,0.009695,0.000000,0.000000,0.000000,-1,-0.190109,-0.966476,0.012482,0.041144,-0.089392,-0.044728,52.034439,157.861191,-551.365662,0,0
0.920000,-1.644841,1.377820,1.547590,0.976768,-0.096669,0.191256,-0.191729,0.004450,0.981438,-0.095725,-0.995307,-0.014188,0.704717,-0.102310,0.033890,0.701254,0.041316,-0.101263,-0.032053,0.003710,0.017983,0.000644,-0.191256,-0.981438,0.014187,0.000000,0.000000,0.000000,-1,-0.185974,-0.964447,0.013977,0.014488,-0.101046,-0.045542,53.089188,158.564362,-550.695312,0,0
0.960000,-1.653894,1.378859,1.553112,0.976629,-0.100288,0.190103,-0.190731,0.003373,0.981637,-0.099087,-0.994953,-0.015833,0.705175,-0.103172,0.032267,0.700744,0.031616,-0.133113,-0.040381,0.000817,0.016701,-0.002390,-0.190103,-0.981637,0.015833,0.000000,0.000000,0.000000,-1,-0.187515,-0.960785,0.018967,0.019752,-0.113835,-0.054058,53.440765,157.861191,-550.360107,0,0
1.000000,-1.668362,1.380108,1.562954,0.976410,-0.105072,0.188634,-0.189529,0.001486,0.981874,-0.103448,-0.994464,-0.018463,0.705937,-0.104330,0.030168,0.699899,0.057265,-0.101345,-0.040698,0.000142,0.017305,-0.004913,-0.188634,-0.981874,0.018463,0.000000,0.000000,0.000000,-1,-0.185638,-0.964050,0.018707,0.009216,-0.088285,-0.040223,53.264984,158.740143,-550.527710,0,0
1.040000,-1.683925,1.381530,1.574061,0.976228,-0.109702,0.186936,-0.188138,-0.000614,0.982143,-0.107628,-0.993964,-0.021239,0.706767,-0.105353,0.028053,0.698995,0.049897,-0.087441,-0.026867,0.007096,0.020473,-0.003752,-0.186936,-0.982143,0.021239,0.000000,0.000000,0.000000,-1,-0.173553,-0.958191,0.006638,0.034753,-0.090449,-0.044674,53.089188,158.212769,-550.360107,0,0
1.080000,-1.692386,1.382756,1.579488,0.976137,-0.112810,0.185554,-0.186928,-0.001625,0.982372,-0.110520,-0.993615,-0.022673,0.707184,-0.105962,0.026526,0.698541,0.038090,-0.110817,-0.035212,0.009300,0.028103,-0.018660,-0.185554,-0.982372,0.022673,0.000000,0.000000,0.000000,-1,-0.181076,-0.964325,0.015793,-0.018394,-0.064968,-0.039031,54.671310,159.443314,-551.198120,0,0
1.120000,-1.694361,1.383940,1.578515,0.976024,-0.115720,0.184354,-0.185765,-0.001434,0.982593,-0.113441,-0.993281,-0.022896,0.707169,-0.106581,0.025069,0.698515,0.003172,-0.052388,-0.017051,0.001752,0.012302,0.002830,-0.184354,-0.982593,0.022896,0.000000,0.000000,0.000000,-1,-0.188492,-0.976624,0.036560,0.001961,-0.038327,-0.021178,51.682846,158.915939,-551.700867,0,0
1.160000,-1.708490,1.383632,1.589503,0.975634,-0.119030,0.184312,-0.186041,-0.003481,0.982536,-0.116309,-0.992885,-0.025540,0.707929,-0.107733,0.024015,0.697605,0.025475,-0.082991,-0.004323,-0.002669,0.022605,0.004184,-0.184312,-0.982536,0.025540,0.000000,0.000000,0.000000,-1,-0.177307,-0.952713,0.019058,0.002924,-0.077456,-0.014647,52.913391,158.740143,-550.527710,0,0
1.200000,-1.714533,1.383585,1.592567,0.975283,-0.122040,0.184200,-0.186075,-0.004051,0.982527,-0.119162,-0.992517,-0.026660,0.708166,-0.108772,0.022960,0.697239,0.018144,-0.051095,0.006251,0.008175,0.022170,-0.008487,-0.184200,-0.982527,0.026660,0.000000,0.000000,0.000000,-1,-0.173309,-0.960892,0.019394,-0.016067,-0.027583,-0.005099,51.331268,157.509613,-550.360107,0,0
1.240000,-1.715099,1.383694,1.592311,0.975204,-0.122852,0.184080,-0.185970,-0.004002,0.982547,-0.119971,-0.992417,-0.026749,0.708159,-0.109023,0.022632,0.697218,0.005398,-0.040500,0.006309,0.010770,0.021656,-0.007355,-0.184080,-0.982547,0.026749,0.000000,0.000000,0.000000,-1,-0.174194,-0.966202,0.026337,-0.024641,-0.037212,-0.015649,52.913391,159.091736,-550.862915,0,0
1.280000,-1.716800,1.384754,1.591193,0.975053,-0.125625,0.183003,-0.184933,-0.003773,0.982744,-0.122767,-0.992071,-0.026911,0.708120,-0.109642,0.021266,0.697203,-0.006361,-0.040664,-0.011713,0.008885,0.026109,-0.001932,-0.183003,-0.982744,0.026911,0.000000,0.000000,0.000000,-1,-0.173584,-0.955353,0.027725,-0.027828,-0.028807,-0.023113,53.440765,158.915939,-550.024963,0,0
1.320000,-1.718446,1.385147,1.591600,0.974973,-0.126860,0.182577,-0.184545,-0.003840,0.982817,-0.123979,-0.991913,-0.027155,0.708161,-0.109934,0.020687,0.697133,-0.002087,-0.038518,-0.008559,0.003790,0.027464,0.004110,-0.182577,-0.982817,0.027155,0.000000,0.000000,0.000000,-1,-0.179123,-0.955185,0.029602,-0.021448,-0.034074,-0.019947,52.210220,158.388565,-550.192566,0,0
1.360000,-1.720092,1.385382,1.591839,0.974841,-0.128258,0.182303,-0.184313,-0.003879,0.982860,-0.125352,-0.991733,-0.027421,0.708192,-0.110341,0.020104,0.697055,-0.004285,-0.058670,-0.011662,0.004035,0.026943,-0.004899,-0.182303,-0.982860,0.027421,0.000000,0.000000,0.000000,-1,-0.175110,-0.953979,0.018738,-0.048175,-0.060655,-0.031359,53.792358,158.564362,-549.354614,0,0
1.400000,-1.716273,1.386449,1.585054,0.974640,-0.131081,0.181368,-0.183286,-0.002613,0.983056,-0.128386,-0.991368,-0.026573,0.707783,-0.111040,0.018714,0.697398,-0.034186,-0.076786,-0.024147,0.006610,0.031625,-0.006095,-0.181368,-0.983056,0.026573,0.000000,0.000000,0.000000,-1,-0.182556,-0.946335,0.031815,-0.047112,-0.059615,-0.033502,54.671310,158.388565,-550.192566,0,0
1.440000,-1.715573,1.386992,1.580833,0.974269,-0.134500,0.180859,-0.182762,-0.001834,0.983156,-0.131902,-0.990912,-0.026369,0.707544,-0.112100,0.017298,0.697507,-0.013855,-0.054431,-0.011602,-0.001804,0.036805,0.009825,-0.180859,-0.983156,0.026369,0.000000,0.000000,0.000000,-1,-0.182480,-0.956512,0.034729,-0.040605,-0.029853,-0.021945,53.264984,158.740143,-551.198120,0,0
1.480000,-1.715356,1.386980,1.578639,0.973998,-0.136422,0.180876,-0.182777,-0.001434,0.983153,-0.133865,-0.990650,-0.026331,0.707418,-0.112804,0.016614,0.697537,-0.050029,-0.048048,-0.009212,-0.004030,0.019393,0.007376,-0.180876,-0.983153,0.026331,0.000000,0.000000,0.000000,-1,-0.188202,-0.977478,0.036621,-0.086418,-0.035186,-0.026896,52.913391,159.091736,-551.198120,0,0
1.520000,-1.706604,1.387267,1.567271,0.973669,-0.138824,0.180820,-0.182500,0.000643,0.983206,-0.136609,-0.990317,-0.024709,0.706706,-0.113670,0.015640,0.698141,-0.043659,-0.036421,-0.026349,-0.010800,0.015295,0.011088,-0.180820,-0.983206,0.024709,0.000000,0.000000,0.000000,-1,-0.193756,-0.977402,0.025192,-0.060854,-0.020493,-0.040999,52.913391,158.740143,-550.527710,0,0
1.560000,-1.700863,1.387707,1.560266,0.973561,-0.139960,0.180530,-0.182058,0.001917,0.983286,-0.137967,-0.990155,-0.023614,0.706268,-0.113986,0.015066,0.698546,-0.067099,-0.038573,-0.030417,-0.012265,0.011026,0.000800,-0.180530,-0.983286,0.023614,0.000000,0.000000,0.000000,-1,-0.195496,-0.965546,0.021271,-0.092931,-0.050308,-0.058749,53.264984,158.740143,-550.862915,0,0
1.600000,-1.690493,1.388935,1.546828,0.973329,-0.142778,0.179566,-0.180809,0.004334,0.983509,-0.141202,-0.989745,-0.021597,0.705442,-0.114675,0.013596,0.699297,-0.035478,-0.113075,-0.068730,-0.015471,0.021244,-0.006277,-0.179566,-0.983509,0.021597,0.000000,0.000000,0.000000,-1,-0.187057,-0.949921,0.003494,-0.051641,-0.104601,-0.087629,53.616562,158.740143,-550.527710,0,0
1.640000,-1.677045,1.391578,1.528730,0.973109,-0.147102,0.177255,-0.178103,0.007497,0.983983,-0.146075,-0.989093,-0.018904,0.704364,-0.115425,0.011067,0.700304,-0.072527,-0.041023,-0.066576,-0.011893,0.028417,-0.018798,-0.177255,-0.983983,0.018904,0.000000,0.000000,0.000000,-1,-0.196808,-0.971130,0.005173,-0.114170,-0.018676,-0.074682,53.089188,158.212769,-550.695312,0,0
1.680000,-1.659188,1.392326,1.509767,0.973065,-0.147901,0.176831,-0.177194,0.010827,0.984116,-0.147466,-0.988943,-0.015671,0.703191,-0.115578,0.010440,0.701467,-0.105513,-0.031501,-0.068479,-0.027057,0.015229,0.001846,-0.176831,-0.984116,0.015671,0.000000,0.000000,0.000000,-1,-0.209976,-0.958633,0.015488,-0.118595,-0.058041,-0.093676,53.440765,158.564362,-551.365662,0,0
1.720000,-1.645860,1.393186,1.494263,0.972890,-0.149818,0.176180,-0.176160,0.013509,0.984269,-0.149841,-0.988621,-0.013250,0.702252,-0.116047,0.009377,0.702344,-0.089786,-0.098389,-0.085388,-0.029890,0.032197,-0.000524,-0.176180,-0.984269,0.013250,0.000000,0.000000,0.000000,-1,-0.194351,-0.943192,-0.003189,-0.108175,-0.124868,-0.104160,53.792358,157.861191,-552.036011,0,0
1.760000,-1.627019,1.395228,1.469826,0.972400,-0.154999,0.174392,-0.173779,0.017606,0.984627,-0.155687,-0.987758,-0.009815,0.700823,-0.117283,0.006673,0.703596,-0.100588,-0.143977,-0.090451,-0.016541,0.043084,-0.014652,-0.174392,-0.984627,0.009815,0.000000,0.000000,0.000000,-1,-0.179382,-0.981369,-0.002045,-0.117680,-0.113057,-0.087085,54.671310,159.091736,-551.533264,0,0
1.800000,-1.604287,1.398046,1.441305,0.971996,-0.160341,0.171796,-0.170453,0.022196,0.985116,-0.161767,-0.986812,-0.005756,0.699206,-0.118275,0.003586,0.705060,-0.050243,-0.071631,-0.054887,-0.003696,-0.003089,-0.006503,-0.171796,-0.985116,0.005756,0.000000,0.000000,0.000000,-1,-0.166840,-0.992310,-0.003494,-0.023624,-0.012256,-0.065821,53.792358,158.212769,-551.365662,0,0
1.840000,-1.602128,1.400333,1.438012,0.972204,-0.161461,0.169556,-0.168146,0.022459,0.985506,-0.162929,-0.986623,-0.005314,0.699117,-0.117866,0.002370,0.705221,0.024443,-0.018702,-0.056731,0.000672,-0.004682,-0.010044,-0.169556,-0.985506,0.005314,0.000000,0.000000,0.000000,-1,-0.167389,-0.996582,-0.006088,0.007254,-0.003879,-0.075680,55.550278,156.806442,-551.365662,0,0
1.880000,-1.611082,1.403697,1.446985,0.972755,-0.161643,0.166188,-0.165050,0.020540,0.986071,-0.162805,-0.986635,-0.006699,0.699806,-0.116708,0.001208,0.704733,0.029832,0.021337,-0.079295,-0.000667,-0.005719,-0.004044,-0.166188,-0.986071,0.006699,0.000000,0.000000,0.000000,-1,-0.168869,-0.985062,0.010452,0.001956,0.024493,-0.100247,53.968140,159.091736,-551.868408,0,0
1.920000,-1.616236,1.406569,1.451991,0.973196,-0.161914,0.163321,-0.162337,0.019378,0.986545,-0.162901,-0.986615,-0.007426,0.700222,-0.115767,0.000150,0.704476,0.015704,-0.039415,-0.120505,-0.005578,0.009250,0.006398,-0.163321,-0.986545,0.007426,0.000000,0.000000,0.000000,-1,-0.165878,-0.945969,0.022003,0.000487,-0.058692,-0.161713,55.022903,157.333817,-550.862915,0,0
1.960000,-1.627760,1.410387,1.461518,0.973473,-0.164080,0.159463,-0.158769,0.017419,0.987162,-0.164751,-0.986293,-0.009093,0.700919,-0.115152,-0.001886,0.703882,0.030411,-0.076824,-0.156697,-0.006416,0.041193,0.012910,-0.159463,-0.987162,0.009093,0.000000,0.000000,0.000000,-1,-0.171310,-0.927765,0.008743,0.003645,-0.073491,-0.158486,55.374481,157.685394,-552.538818,0,0
2.000000,-1.629820,1.417077,1.460277,0.973963,-0.167434,0.152848,-0.152180,0.016888,0.988209,-0.168041,-0.985739,-0.009032,0.701090,-0.113971,-0.005418,0.703885,-0.056688,-0.048791,-0.104985,-0.022751,0.054416,-0.027984,-0.152848,-0.988208,0.009032,0.000000,0.000000,0.000000,-1,-0.168793,-0.946716,-0.009506,-0.097204,-0.014750,-0.107854,55.374481,158.740143,-549.187012,0,0
2.040000,-1.613760,1.419961,1.444020,0.974376,-0.167492,0.150126,-0.149058,0.018999,0.988646,-0.168442,-0.985690,-0.006454,0.700327,-0.113001,-0.006539,0.704791,-0.102146,0.041444,-0.083665,-0.015860,0.032210,-0.012817,-0.150126,-0.988646,0.006454,0.000000,0.000000,0.000000,-1,-0.147385,-0.958557,-0.002335,-0.105379,0.084969,-0.091119,54.671310,156.630646,-552.538818,0,0
2.080000,-1.592525,1.422216,1.424610,0.975038,-0.165523,0.147999,-0.146455,0.021564,0.988982,-0.166890,-0.985970,-0.003216,0.699409,-0.111515,-0.006753,0.705936,-0.080744,0.073263,-0.078622,0.000264,0.029143,-0.004162,-0.147999,-0.988982,0.003216,0.000000,0.000000,0.000000,-1,-0.143143,-0.956589,0.004105,-0.131735,0.166589,-0.084829,55.550278,156.806442,-551.365662,0,0
2.120000,-1.564900,1.425064,1.401718,0.976266,-0.160676,0.145214,-0.143146,0.024436,0.989400,-0.162521,-0.986705,0.000856,0.698386,-0.108758,-0.006195,0.707382,-0.090129,0.122162,-0.059557,0.000820,0.032842,-0.000258,-0.145214,-0.989400,-0.000856,0.000000,0.000000,0.000000,-1,-0.129715,-0.955063,0.003220,-0.090462,0.073482,-0.073081,56.077652,157.685394,-551.198120,0,0
2.160000,-1.534892,1.429498,1.375613,0.977571,-0.156675,0.140738,-0.138154,0.027313,0.990034,-0.158957,-0.987273,0.005055,0.697353,-0.105696,-0.006532,0.708862,-0.069959,0.111468,-0.070333,0.024344,0.036436,-0.010814,-0.140738,-0.990034,-0.005055,0.000000,0.000000,0.000000,-1,-0.123611,-0.963181,-0.009277,-0.134972,0.145486,-0.076202,54.847107,158.212769,-553.041565,0,0
2.200000,-1.494045,1.432877,1.339725,0.978900,-0.151540,0.137077,-0.133828,0.031486,0.990504,-0.154417,-0.987950,0.010542,0.695858,-0.102524,-0.006229,0.710797,-0.140134,0.142220,-0.067779,0.011147,0.023189,0.010389,-0.137077,-0.990504,-0.010542,0.000000,0.000000,0.000000,-1,-0.131821,-0.966568,0.010040,-0.156279,0.152777,-0.089913,54.319733,158.036987,-553.209167,0,0
2.240000,-1.448416,1.436360,1.300264,0.980416,-0.145217,0.133029,-0.129157,0.035819,0.990977,-0.148672,-0.988751,0.016362,0.694304,-0.098794,-0.005632,0.712846,-0.142316,0.131519,-0.079441,0.008655,0.049250,0.020879,-0.133029,-0.990977,-0.016362,0.000000,0.000000,0.000000,-1,-0.111771,-0.928741,0.000153,-0.166916,0.157006,-0.090912,56.077652,158.036987,-552.873962,0,0
2.280000,-1.415218,1.438833,1.271596,0.981496,-0.140597,0.129992,-0.125735,0.038784,0.991305,-0.144416,-0.989307,0.020389,0.693239,-0.096046,-0.005202,0.714260,-0.150623,0.196167,-0.075361,0.022356,0.059283,0.019549,-0.129992,-0.991305,-0.020389,0.000000,0.000000,0.000000,-1,-0.089386,-0.951538,0.011154,-0.178317,0.261844,-0.093347,56.429230,157.333817,-552.873962,0,0
2.320000,-1.367460,1.443468,1.233350,0.983539,-0.131083,0.124369,-0.119823,0.042042,0.991905,-0.135251,-0.990479,0.025643,0.692072,-0.090636,-0.003931,0.716105,-0.139760,0.281756,-0.097083,0.038309,0.033103,0.040246,-0.124369,-0.991905,-0.025643,0.000000,0.000000,0.000000,-1,-0.077225,-0.997086,0.022995,-0.131464,0.291173,-0.127911,55.726059,155.927475,-553.209167,0,0
2.360000,-1.314061,1.449863,1.192506,0.986057,-0.118646,0.116685,-0.112109,0.044556,0.992696,-0.122979,-0.991936,0.030633,0.691171,-0.083466,-0.002277,0.717852,-0.082520,0.224211,-0.133539,0.034455,-0.035136,0.052774,-0.116685,-0.992696,-0.030633,0.000000,0.000000,0.000000,-1,-0.089310,-1.042130,0.028305,-0.100833,0.231607,-0.154558,56.605026,158.212769,-554.382263,0,0
2.400000,-1.278523,1.453498,1.163500,0.987350,-0.112163,0.112067,-0.107456,0.046359,0.993128,-0.116588,-0.992608,0.033720,0.690520,-0.079512,-0.001637,0.718928,-0.076158,0.234584,-0.157064,0.021948,-0.051214,0.065580,-0.112067,-0.993128,-0.033720,0.000000,0.000000,0.000000,-1,-0.095871,-1.042526,0.043198,-0.084816,0.263190,-0.175042,57.483978,156.630646,-553.544312,0,0
2.440000,-1.251500,1.458372,1.143648,0.988734,-0.105160,0.106517,-0.102108,0.046477,0.993687,-0.109447,-0.993369,0.035216,0.690478,-0.075045,-0.001061,0.719449,-0.055892,0.247258,-0.160468,0.010646,-0.048839,0.078413,-0.106517,-0.993687,-0.035216,0.000000,0.000000,0.000000,-1,-0.122070,-1.009613,0.043091,-0.056040,0.251769,-0.149654,56.780823,156.630646,-554.885010,0,0
2.480000,-1.232074,1.464500,1.138510,0.990792,-0.091198,0.100068,-0.096336,0.044449,0.994356,-0.095131,-0.994840,0.035254,0.691211,-0.067828,0.001785,0.719461,-0.020425,0.259933,-0.048928,-0.037963,0.001619,0.082663,-0.100068,-0.994356,-0.035254,0.000000,0.000000,0.000000,-1,-0.145294,-0.984207,0.046585,-0.047144,0.284585,-0.036922,56.780823,156.982224,-554.549866,0,0
2.520000,-1.228985,1.463840,1.145691,0.991628,-0.080977,0.100577,-0.097251,0.044026,0.994286,-0.084942,-0.995743,0.035783,0.691343,-0.064450,0.005654,0.719625,-0.050135,0.244574,0.007828,-0.058359,0.025780,0.083039,-0.100577,-0.994286,-0.035783,0.000000,0.000000,0.000000,-1,-0.159164,-0.958176,0.037430,-0.098430,0.209577,-0.017067,57.659775,158.212769,-553.711914,0,0
2.560000,-1.222319,1.462463,1.144958,0.991991,-0.075008,0.101623,-0.098465,0.044663,0.994138,-0.079107,-0.996182,0.036920,0.691088,-0.062754,0.008145,0.719996,-0.090860,0.176715,-0.015037,-0.054780,0.040753,0.077554,-0.101623,-0.994138,-0.036920,0.000000,0.000000,0.000000,-1,-0.146683,-0.934998,0.042343,-0.129467,0.171288,-0.034794,56.956604,157.158020,-555.387817,0,0
2.600000,-1.187898,1.461387,1.118383,0.992597,-0.067034,0.101284,-0.098206,0.047731,0.994021,-0.071468,-0.996608,0.040795,0.689940,-0.059875,0.010804,0.721305,-0.102596,0.167165,-0.017036,-0.032032,0.049425,0.092217,-0.101284,-0.994021,-0.040795,0.000000,0.000000,0.000000,-1,-0.125732,-0.942871,0.055618,-0.144310,0.176765,-0.015523,57.132401,157.685394,-555.555420,0,0
2.640000,-1.174842,1.460165,1.109711,0.992828,-0.062576,0.101863,-0.098876,0.049122,0.993887,-0.067197,-0.996831,0.042582,0.689406,-0.058547,0.012571,0.721895,-0.124950,0.146203,0.006656,-0.025517,0.048422,0.099620,-0.101864,-0.993887,-0.042582,0.000000,0.000000,0.000000,-1,-0.113693,-0.957565,0.049637,-0.147634,0.134390,-0.016404,56.780823,156.279068,-555.220215,0,0
2.680000,-1.162214,1.459517,1.101579,0.993100,-0.058032,0.101909,-0.099048,0.050215,0.993815,-0.062790,-0.997051,0.044121,0.688978,-0.056997,0.014194,0.722398,-0.159154,0.125740,-0.030287,-0.007726,0.038325,0.090462,-0.101909,-0.993815,-0.044121,0.000000,0.000000,0.000000,-1,-0.105988,-0.952469,0.052078,-0.196632,0.163654,-0.059812,57.483978,158.036987,-554.549866,0,0
2.720000,-1.172442,1.461277,1.117430,0.993523,-0.052565,0.100742,-0.098258,0.047873,0.994009,-0.057073,-0.997469,0.042398,0.689792,-0.054663,0.015827,0.721768,-0.173074,0.103256,-0.055658,-0.018444,0.036672,0.106607,-0.100742,-0.994009,-0.042398,0.000000,0.000000,0.000000,-1,-0.142334,-0.952103,0.074570,-0.190477,0.095759,-0.071324,57.132401,157.333817,-555.555420,0,0
2.760000,-1.196339,1.461302,1.142759,0.993494,-0.051241,0.101704,-0.099417,0.045359,0.994011,-0.055547,-0.997656,0.039969,0.690682,-0.054532,0.016707,0.720906,-0.158302,0.053390,-0.064097,-0.046932,0.043587,0.118323,-0.101704,-0.994011,-0.039969,0.000000,0.000000,0.000000,-1,-0.165924,-0.923447,0.072281,-0.182110,0.044928,-0.070133,57.835571,156.279068,-555.555420,0,0
2.800000,-1.209101,1.459592,1.156168,0.993312,-0.050581,0.103795,-0.101572,0.044706,0.993823,-0.054909,-0.997719,0.039270,0.690894,-0.055057,0.017689,0.720640,-0.164653,0.037680,-0.044794,-0.066463,0.077991,0.110544,-0.103795,-0.993823,-0.039270,0.000000,0.000000,0.000000,-1,-0.174088,-0.908951,0.070953,-0.198044,0.038784,-0.047614,58.187149,156.279068,-555.555420,0,1
2.840000,-1.156756,1.456876,1.103257,0.993272,-0.050799,0.104069,-0.101474,0.051232,0.993518,-0.055801,-0.997394,0.045732,0.688532,-0.055289,0.017526,0.722882,-0.191485,-0.056360,-0.020788,-0.073772,0.066318,0.121858,-0.104069,-0.993518,-0.045732,0.000000,0.000000,0.000000,-1,-0.173294,-0.936783,0.075790,-0.218547,-0.063809,-0.032156,57.483978,156.982224,-555.890564,0,0
2.880000,-1.136883,1.454420,1.080257,0.992984,-0.053704,0.105353,-0.102422,0.054701,0.993236,-0.059104,-0.997057,0.048817,0.687289,-0.056790,0.016823,0.723965,-0.215022,-0.101858,-0.016166,-0.055032,0.036937,0.121541,-0.105353,-0.993236,-0.048817,0.000000,0.000000,0.000000,-1,-0.150070,-0.977249,0.070541,-0.271953,-0.125167,-0.025120,58.714523,157.861191,-556.058167,0,0
2.920000,-1.107953,1.451874,1.046808,0.992659,-0.057945,0.106160,-0.102724,0.059361,0.992937,-0.063837,-0.996553,0.052973,0.685625,-0.058585,0.015432,0.725430,-0.267326,-0.152656,-0.012370,-0.040447,0.006685,0.127253,-0.106160,-0.992937,-0.052973,0.000000,0.000000,0.000000,-1,-0.149185,-1.005630,0.094788,-0.294308,-0.132477,-0.014266,57.308197,157.509613,-556.393311,0,0
2.960000,-1.036810,1.444684,0.966878,0.991929,-0.065993,0.108268,-0.103531,0.071426,0.992058,-0.073202,-0.995260,0.064017,0.681264,-0.062209,0.012868,0.729276,-0.216952,-0.098094,0.047762,-0.046868,-0.036338,0.165763,-0.108268,-0.992058,-0.064017,0.000000,0.000000,0.000000,-1,-0.154221,-1.035599,0.097000,-0.213036,-0.071495,0.053055,57.308197,156.454849,-556.728516,0,0
3.000000,-1.034767,1.439117,0.961762,0.991232,-0.068682,0.112883,-0.107691,0.075113,0.991343,-0.076566,-0.994807,0.067058,0.679901,-0.064853,0.013354,0.730309,-0.163317,-0.038049,0.128090,-0.044465,-0.075170,0.152446,-0.112883,-0.991343,-0.067058,0.000000,0.000000,0.000000,-1,-0.156845,-1.077316,0.087860,-0.187944,0.032319,0.169657,57.483978,158.036987,-556.560913,0,0
3.040000,-1.048464,1.433314,0.975551,0.990572,-0.068263,0.118775,-0.113478,0.076845,0.990564,-0.076746,-0.994704,0.068374,0.679219,-0.066893,0.015470,0.730717,-0.136167,0.065436,0.209524,-0.034835,-0.090841,0.168655,-0.118775,-0.990564,-0.068374,0.000000,0.000000,0.000000,-1,-0.161179,-1.122498,0.085388,0.013716,0.095635,0.262670,56.956604,157.158020,-557.734009,0,0
3.080000,-1.117301,1.422501,1.048589,0.989089,-0.063737,0.132817,-0.128060,0.073698,0.989024,-0.072826,-0.995242,0.064732,0.680195,-0.070493,0.022049,0.729301,0.186694,0.053700,0.321054,-0.022975,-0.188252,0.096149,-0.132817,-0.989024,-0.064732,0.000000,0.000000,0.000000,-1,-0.121597,-1.196503,-0.068085,0.131762,0.020732,0.297191,58.011368,157.158020,-557.398865,0,0
3.120000,-1.166215,1.416291,1.096560,0.987833,-0.064598,0.141467,-0.136908,0.070276,0.988088,-0.073770,-0.995434,0.060577,0.681355,-0.073936,0.024839,0.727785,0.103977,-0.131220,0.252077,0.035709,-0.214259,-0.053162,-0.141467,-0.988088,-0.060577,0.000000,0.000000,0.000000,-1,-0.071976,-1.171371,-0.172150,0.067332,-0.049348,0.162657,56.253433,155.751678,-556.393311,0,0
3.160000,-1.204638,1.411341,1.133351,0.986730,-0.066209,0.148255,-0.143829,0.067264,0.987314,-0.075342,-0.995536,0.056848,0.682389,-0.076950,0.026713,0.726437,0.078516,0.013657,0.112174,0.084015,-0.171515,-0.151510,-0.148255,-0.987314,-0.056848,0.000000,0.000000,0.000000,-1,-0.107086,-1.072495,-0.258957,0.133834,-0.152037,0.054929,55.901855,156.103271,-556.058167,0,0
3.200000,-1.279702,1.411698,1.198373,0.985426,-0.076837,0.151763,-0.147568,0.057648,0.987370,-0.084615,-0.995376,0.045469,0.685986,-0.081782,0.024471,0.722590,0.298648,-0.363122,0.033045,-0.008363,0.017751,-0.168215,-0.151763,-0.987370,-0.045469,0.000000,0.000000,0.000000,-1,-0.203552,-0.907471,-0.211533,0.295853,-0.399380,-0.001863,57.308197,157.158020,-554.382263,0,0
3.240000,-1.350445,1.414554,1.255678,0.984212,-0.090941,0.151845,-0.147945,0.048227,0.987819,-0.097157,-0.994688,0.034012,0.689560,-0.086608,0.019827,0.718758,0.303101,-0.575808,-0.058875,-0.063487,0.094264,-0.185578,-0.151845,-0.987819,-0.034012,0.000000,0.000000,0.000000,-1,-0.247360,-0.940796,-0.242020,0.221180,-0.707546,-0.111987,55.022903,158.740143,-555.220215,0,0
3.280000,-1.414605,1.418650,1.299629,0.982403,-0.111667,0.149715,-0.146022,0.040596,0.988448,-0.116455,-0.992916,0.023576,0.692501,-0.093028,0.012007,0.715293,0.189737,-0.710645,-0.095842,-0.101841,0.022872,-0.213393,-0.149715,-0.988448,-0.023576,0.000000,0.000000,0.000000,-1,-0.222595,-1.025589,-0.206482,0.006771,-0.513365,-0.078027,57.308197,158.212769,-554.382263,0,0
3.320000,-1.396400,1.420546,1.255917,0.979599,-0.136585,0.147415,-0.142326,0.046358,0.988734,-0.141880,-0.989543,0.025973,0.690519,-0.100979,0.002004,0.716228,-0.219791,-0.227511,-0.088081,0.002228,0.018015,-0.122343,-0.147415,-0.988734,-0.025973,0.000000,0.000000,0.000000,-1,-0.119202,-0.935577,-0.130600,-0.286222,-0.175968,-0.135613,56.077652,159.091736,-553.544312,0,0
3.360000,-1.317190,1.423075,1.170855,0.979601,-0.141709,0.142477,-0.135569,0.057308,0.989109,-0.148331,-0.988248,0.036928,0.686543,-0.100969,-0.002132,0.720041,-0.315739,-0.169226,-0.201548,0.067815,0.112934,-0.047850,-0.142477,-0.989109,-0.036928,0.000000,0.000000,0.000000,-1,-0.067062,-0.796478,-0.004150,-0.266509,-0.211402,-0.301823,57.132401,159.091736,-555.220215,0,0
3.400000,-1.249182,1.431749,1.092122,0.979564,-0.152198,0.131493,-0.123022,0.063839,0.990348,-0.159123,-0.986286,0.043811,0.684089,-0.100579,-0.010097,0.722360,-0.062109,-0.349398,-0.323221,0.038338,0.213310,0.053211,-0.131493,-0.990349,-0.043811,0.000000,0.000000,0.000000,-1,-0.192719,-0.739334,0.003922,0.052039,-0.507952,-0.293594,56.253433,157.509613,-554.382263,0,0
3.440000,-1.257874,1.443511,1.079643,0.977372,-0.173659,0.120778,-0.111936,0.059872,0.991910,-0.179485,-0.982984,0.039078,0.685278,-0.104190,-0.021417,0.720472,0.047856,-0.623516,-0.298544,-0.086421,0.260541,0.025482,-0.120778,-0.991910,-0.039078,0.000000,0.000000,0.000000,-1,-0.181473,-0.740173,-0.058090,-0.037781,-0.601509,-0.333029,57.835571,158.740143,-555.220215,0,0
3.480000,-1.215489,1.454575,1.015669,0.974727,-0.195160,0.108717,-0.098547,0.061117,0.993254,-0.200488,-0.978865,0.040340,0.684337,-0.107296,-0.033525,0.720448,-0.182495,-0.384191,-0.308308,-0.054842,0.247633,-0.031193,-0.108717,-0.993254,-0.040340,0.000000,0.000000,0.000000,-1,-0.108017,-0.766083,-0.077637,-0.242638,-0.115494,-0.238448,58.890320,156.630646,-553.209167,0,0
3.520000,-1.120104,1.460348,0.912014,0.974090,-0.203235,0.099218,-0.087158,0.067474,0.993907,-0.208691,-0.976802,0.048012,0.681653,-0.106503,-0.040150,0.722768,-0.237714,-0.070736,-0.201458,-0.001902,0.215632,-0.023704,-0.099218,-0.993907,-0.048012,0.000000,0.000000,0.000000,-1,-0.105469,-0.819382,-0.034821,-0.286867,0.006771,-0.189559,58.011368,157.509613,-556.058167,0,0
3.560000,-1.007761,1.461733,0.798674,0.974621,-0.204062,0.092046,-0.077982,0.075938,0.994058,-0.209839,-0.976008,0.058098,0.678341,-0.103946,-0.043412,0.726061,-0.234222,0.013291,-0.177304,-0.022075,0.151178,0.037041,-0.092046,-0.994058,-0.058098,0.000000,0.000000,0.000000,-1,-0.173340,-0.953415,0.011749,-0.213287,0.030211,-0.173172,59.417694,158.564362,-555.387817,0,0
3.600000,-0.994686,1.461560,0.785060,0.974576,-0.204558,0.091422,-0.077062,0.077114,0.994040,-0.210389,-0.975812,0.059390,0.677878,-0.103861,-0.043875,0.726478,0.070525,-0.047756,-0.015359,-0.130166,-0.028818,0.073077,-0.091422,-0.994040,-0.059390,0.000000,0.000000,0.000000,-1,-0.251328,-1.075241,-0.001526,0.170128,-0.075251,-0.002103,58.187149,159.091736,-555.220215,0,0
3.640000,-1.020274,1.463175,0.809186,0.974235,-0.206121,0.091543,-0.077738,0.074125,0.994214,-0.211714,-0.975715,0.056191,0.678955,-0.104520,-0.044248,0.725354,0.191847,-0.087797,0.009418,-0.159784,-0.081027,0.054666,-0.091543,-0.994214,-0.056191,0.000000,0.000000,0.000000,-1,-0.226868,-1.111694,0.003555,0.216268,0.030789,0.012057,57.835571,158.388565,-552.538818,0,0
3.680000,-1.180308,1.465783,0.976581,0.975098,-0.199469,0.096930,-0.086853,0.058685,0.994491,-0.204058,-0.978145,0.039899,0.684930,-0.104508,-0.039102,0.720014,0.330282,0.214645,0.074340,-0.093454,-0.088807,0.045987,-0.096930,-0.994491,-0.039899,0.000000,0.000000,0.000000,-1,-0.189194,-1.116852,-0.007812,0.374423,0.163792,0.080643,58.714523,157.158020,-552.706360,0,1
3.720000,-1.313604,1.467020,1.113892,0.975455,-0.196091,0.100183,-0.092964,0.045701,0.994620,-0.199615,-0.979520,0.026350,0.689819,-0.104758,-0.036035,0.715455,0.572751,0.052226,0.154033,-0.125037,-0.262277,-0.049090,-0.100183,-0.994620,-0.026350,0.000000,0.000000,0.000000,-1,-0.320129,-1.362991,-0.109741,0.479441,0.167309,0.348276,58.714523,158.564362,-552.371216,0,0
3.760000,-1.461700,1.460182,1.267999,0.975500,-0.190680,0.109733,-0.105367,0.032917,0.993888,-0.193127,-0.981100,0.012019,0.694724,-0.106534,-0.030010,0.710710,0.323317,0.420431,0.450747,-0.222680,-0.329811,-0.057103,-0.109733,-0.993888,-0.012019,0.000000,0.000000,0.000000,-1,-0.133377,-1.269394,-0.063812,0.094309,0.885428,0.455104,56.429230,159.794907,-550.862915,0,0
3.800000,-1.488547,1.443428,1.328699,0.979414,-0.157233,0.126594,-0.123320,0.030453,0.991900,-0.159814,-0.987092,0.010436,0.696155,-0.100751,-0.011930,0.710687,0.118026,0.926835,0.344974,0.082573,-0.208433,-0.089250,-0.126594,-0.991900,-0.010436,0.000000,0.000000,0.000000,-1,0.190353,-0.950409,-0.266739,0.041245,0.783695,0.219395,56.077652,158.740143,-553.879517,0,0
3.840000,-1.462528,1.433493,1.342162,0.983652,-0.117956,0.136071,-0.133310,0.031022,0.990589,-0.121067,-0.992534,0.014790,0.696032,-0.090249,0.005389,0.712296,-0.114051,0.802639,0.081974,0.374596,0.077808,-0.284313,-0.136071,-0.990589,-0.014790,0.000000,0.000000,0.000000,-1,0.309891,-0.946747,-0.346573,-0.225332,0.850378,-0.019551,56.077652,160.146484,-551.533264,0,0
3.880000,-1.386503,1.430697,1.296517,0.986682,-0.087255,0.137277,-0.134422,0.037822,0.990202,-0.091593,-0.995468,0.025590,0.693410,-0.079923,0.016471,0.715907,-0.094272,0.590456,0.159319,0.457666,-0.020708,-0.296905,-0.137277,-0.990202,-0.025590,0.000000,0.000000,0.000000,-1,0.277481,-1.112701,-0.169220,0.119268,0.418464,0.355455,54.495514,159.267532,-553.041565,0,0
3.920000,-1.443639,1.417981,1.371170,0.986045,-0.070113,0.150993,-0.149199,0.030186,0.988346,-0.073854,-0.997082,0.019304,0.695801,-0.078798,0.027716,0.713361,0.255118,0.001817,0.079982,0.091575,-0.119289,-0.022719,-0.150993,-0.988346,-0.019304,0.000000,0.000000,0.000000,-1,-0.173660,-0.985596,-0.045044,0.136044,-0.332678,-0.122320,56.429230,160.849655,-552.873962,0,0
3.960000,-1.471328,1.423663,1.380844,0.985351,-0.088331,0.145878,-0.143966,0.027680,0.989195,-0.091415,-0.995706,0.014558,0.696978,-0.083323,0.019536,0.711967,-0.071475,-1.014058,-0.283345,-0.062664,0.067778,-0.029204,-0.145878,-0.989195,-0.014558,0.000000,0.000000,0.000000,-1,-0.273193,-0.794510,0.025894,-0.164807,-1.152264,-0.219186,53.616562,161.025452,-552.036011,0,0
4.000000,-1.479445,1.429887,1.347760,0.981717,-0.129121,0.139858,-0.136965,0.031065,0.990089,-0.132186,-0.991142,0.012812,0.696032,-0.095573,0.002756,0.711617,-0.014289,-0.644969,0.000335,-0.158619,0.223426,0.062617,-0.139858,-0.990089,-0.012812,0.000000,0.000000,0.000000,-1,-0.310822,-0.706223,0.049896,0.024954,0.063508,0.110362,55.198685,161.377029,-551.030518,0,0
4.040000,-1.468452,1.422777,1.342915,0.981534,-0.122750,0.146708,-0.143667,0.033318,0.989065,-0.126296,-0.991878,0.015067,0.695189,-0.095807,0.007340,0.712376,-0.186220,0.438259,0.192562,-0.015722,0.351599,-0.028023,-0.146708,-0.989065,-0.015067,0.000000,0.000000,0.000000,-1,-0.119598,-0.631882,-0.050995,-0.306964,0.477010,0.149738,53.089188,161.377029,-552.371216,0,0
4.080000,-1.391956,1.417514,1.279245,0.982604,-0.109156,0.150247,-0.146239,0.043887,0.988275,-0.114470,-0.993055,0.027160,0.691295,-0.092361,0.012939,0.716528,-0.424003,0.419229,0.077291,0.094217,0.351724,-0.023743,-0.150247,-0.988275,-0.027160,0.000000,0.000000,0.000000,-1,-0.025665,-0.668777,-0.027969,-0.501742,0.268098,0.003951,54.495514,162.431778,-552.706360,0,0
4.120000,-1.296315,1.413697,1.190949,0.983445,-0.100776,0.150598,-0.145302,0.058010,0.987685,-0.108271,-0.993217,0.042407,0.686117,-0.089663,0.015423,0.721779,-0.488838,0.184269,-0.019335,0.137658,0.300887,0.026797,-0.150598,-0.987685,-0.042407,0.000000,0.000000,0.000000,-1,-0.034027,-0.801819,0.044342,-0.489796,0.093263,-0.117998,54.495514,160.673859,-553.041565,0,0
4.160000,-1.178953,1.411767,1.074458,0.984290,-0.098751,0.146358,-0.139251,0.075413,0.987381,-0.108542,-0.992251,0.060477,0.679780,-0.087529,0.013907,0.728042,-0.376986,-0.049903,-0.141837,0.090632,0.142121,0.137320,-0.146358,-0.987381,-0.060477,0.000000,0.000000,0.000000,-1,-0.166595,-1.027344,0.140610,-0.262439,-0.072010,-0.118076,54.847107,161.728607,-554.047119,0,1
4.200000,-1.125293,1.411117,1.014831,0.984154,-0.104179,0.143482,-0.135055,0.083915,0.987278,-0.114894,-0.991012,0.068516,0.676706,-0.088382,0.010561,0.730853,-0.005202,-0.136209,0.038839,-0.110851,-0.078106,0.195545,-0.143482,-0.987278,-0.068516,0.000000,0.000000,0.000000,-1,-0.205231,-1.094650,0.030975,0.003293,-0.071899,0.128083,53.264984,160.849655,-554.214661,0,0
4.240000,-1.143271,1.405724,1.030234,0.983012,-0.106431,0.149533,-0.140894,0.084564,0.986407,-0.117629,-0.990718,0.068132,0.676446,-0.091406,0.011791,0.730703,-0.065003,0.006386,0.224134,-0.017978,-0.113310,0.070268,-0.149533,-0.986407,-0.068132,0.000000,0.000000,0.000000,-1,-0.098633,-1.144455,-0.034821,-0.140220,0.203120,0.314596,53.440765,161.728607,-554.717407,0,0
