0.000000,-0.983334,1.396968,0.836640,0.979947,-0.137765,0.143959,-0.128401,0.115873,0.984930,-0.152370,-0.983664,0.095860,0.664871,-0.100082,-0.003163,0.740216,0.072355,-0.027753,0.010161,0.000557,0.011984,-0.000789,-0.143959,-0.984930,-0.095860,0.000000,0.000000,0.000000,-1,-0.146515,-0.971924,-0.092850,0.048953,-0.007436,-0.001417,70.316803,165.947617,-651.918701,0,0
0.040000,-1.005060,1.398281,0.855651,0.979398,-0.140637,0.144915,-0.129604,0.112563,0.985156,-0.154862,-0.983642,0.092017,0.666112,-0.101425,-0.003733,0.738914,0.069072,-0.061648,0.010320,0.000094,0.014865,0.011817,-0.144915,-0.985156,-0.092017,0.000000,0.000000,0.000000,-1,-0.143188,-0.970581,-0.077591,0.044556,-0.052978,-0.001212,71.195755,166.826584,-651.415894,0,0
0.080000,-1.026292,1.400434,0.874959,0.979067,-0.142819,0.145021,-0.130124,0.108680,0.985523,-0.156512,-0.983764,0.087820,0.667564,-0.102216,-0.004303,0.737490,0.018028,-0.030122,-0.017101,-0.000135,0.006535,0.028815,-0.145021,-0.985523,-0.087820,0.000000,0.000000,0.000000,-1,-0.146149,-0.983795,-0.050797,0.008382,-0.026688,-0.022337,71.547348,167.529755,-651.751099,0,0
0.120000,-1.027560,1.401009,0.876546,0.979159,-0.142565,0.144647,-0.129861,0.108110,0.985621,-0.156153,-0.983863,0.087344,0.667777,-0.101990,-0.004307,0.737328,-0.069954,0.075915,-0.005091,-0.011999,-0.017278,0.031908,-0.144647,-0.985621,-0.087344,0.000000,0.000000,0.000000,-1,-0.164581,-1.001190,-0.076981,-0.087204,0.058008,-0.028305,70.316803,166.299210,-651.918701,0,0
0.160000,-1.023690,1.396441,0.879663,0.979669,-0.135276,0.148152,-0.133666,0.110574,0.984838,-0.149607,-0.984619,0.090244,0.666868,-0.100823,-0.000545,0.738324,0.040205,0.169950,0.086415,0.003118,0.052160,-0.033260,-0.148152,-0.984838,-0.090244,0.000000,0.000000,0.000000,-1,-0.125427,-0.924194,-0.098831,0.015632,0.178631,0.074847,70.492584,166.474991,-651.751099,0,0
0.200000,-1.021461,1.394758,0.884139,0.980392,-0.128535,0.149364,-0.135440,0.111025,0.984545,-0.143132,-0.985471,0.091439,0.666695,-0.098987,0.002337,0.738725,-0.068878,0.046663,0.038705,0.022182,0.026507,0.021951,-0.149364,-0.984545,-0.091439,0.000000,0.000000,0.000000,-1,-0.142136,-0.965576,-0.063751,-0.085912,0.087127,0.028038,70.492584,168.232910,-650.745605,0,0
0.240000,-1.020532,1.392281,0.883678,0.980178,-0.127836,0.151357,-0.137274,0.112634,0.984108,-0.142852,-0.985379,0.092853,0.666088,-0.099503,0.003192,0.739200,0.008946,0.037585,0.089271,-0.038493,0.021859,-0.001889,-0.151357,-0.984108,-0.092853,0.000000,0.000000,0.000000,-1,-0.189850,-0.962250,-0.094742,-0.015639,0.046266,0.077716,69.965210,167.353958,-650.913147,0,0
0.280000,-1.059896,1.390075,0.926158,0.979715,-0.124803,0.156788,-0.143669,0.108007,0.983714,-0.139705,-0.986285,0.087886,0.667799,-0.100506,0.006395,0.737497,0.212366,0.036648,0.106897,0.003147,0.019801,-0.008245,-0.156788,-0.983714,-0.087886,0.000000,0.000000,0.000000,-1,-0.137848,-0.970490,-0.090744,0.187769,0.045334,0.095318,71.195755,166.123413,-652.086304,0,0
0.320000,-1.102860,1.391132,0.968605,0.979162,-0.125714,0.159489,-0.147265,0.101224,0.983904,-0.139835,-0.986889,0.080601,0.670324,-0.101809,0.007330,0.735015,0.116952,-0.123846,0.044300,0.026860,0.005113,-0.015087,-0.159489,-0.983904,-0.080601,0.000000,0.000000,0.000000,-1,-0.147858,-0.982895,-0.105331,0.099939,-0.082254,0.041081,71.371552,165.596039,-651.583496,0,0
0.360000,-1.135982,1.392288,0.995156,0.978011,-0.132516,0.161039,-0.148947,0.096660,0.984110,-0.145976,-0.986456,0.074796,0.672041,-0.104704,0.005603,0.733053,0.164556,-0.202500,0.015462,-0.048952,-0.002875,-0.002016,-0.161039,-0.984110,-0.074796,0.000000,0.000000,0.000000,-1,-0.209991,-0.986984,-0.076813,0.139970,-0.193818,0.003902,69.437836,167.529755,-650.410400,0,0
0.400000,-1.182122,1.393888,1.037004,0.977055,-0.137260,0.162860,-0.151504,0.089542,0.984393,-0.149701,-0.986479,0.066692,0.674689,-0.106999,0.004876,0.730289,0.179885,-0.075435,0.010634,-0.031750,-0.002592,0.021053,-0.162860,-0.984393,-0.066692,0.000000,0.000000,0.000000,-1,-0.181213,-0.989639,-0.054672,0.155250,-0.066765,-0.000954,69.437836,167.529755,-650.410400,0,0
0.440000,-1.238210,1.395888,1.087512,0.975897,-0.143426,0.164482,-0.154088,0.080864,0.984743,-0.154538,-0.986352,0.056815,0.677904,-0.109718,0.003667,0.726907,0.205103,-0.195088,0.015156,-0.007729,0.030046,0.024207,-0.164482,-0.984743,-0.056815,0.000000,0.000000,0.000000,-1,-0.172211,-0.954697,-0.032608,0.168782,-0.173692,0.004669,70.668381,166.650787,-651.583496,0,0
0.480000,-1.285634,1.397205,1.129788,0.974838,-0.149060,0.165746,-0.156195,0.073726,0.984971,-0.159040,-0.986076,0.048589,0.680537,-0.112138,0.002463,0.724078,0.270245,-0.166113,0.057155,-0.006617,0.023133,0.007253,-0.165746,-0.984971,-0.048589,0.000000,0.000000,0.000000,-1,-0.162704,-0.954239,-0.041946,0.238058,-0.174502,0.032898,70.141006,166.826584,-650.075195,0,0
0.520000,-1.365417,1.396317,1.206173,0.973461,-0.153271,0.169947,-0.162183,0.061903,0.984817,-0.161464,-0.986243,0.035403,0.684864,-0.115152,0.003096,0.719508,0.258804,-0.102277,0.087903,0.027750,0.034469,-0.018476,-0.169947,-0.984817,-0.035403,0.000000,0.000000,0.000000,-1,-0.140015,-0.961426,-0.037582,0.234151,-0.093603,0.076304,70.141006,166.826584,-650.075195,0,0
0.560000,-1.423603,1.395701,1.257618,0.971867,-0.160565,0.172318,-0.165729,0.053669,0.984710,-0.167358,-0.985565,0.025549,0.687868,-0.118589,0.001803,0.716080,0.169127,-0.191525,0.057012,0.022401,0.014983,-0.016611,-0.172318,-0.984710,-0.025549,0.000000,0.000000,0.000000,-1,-0.151566,-0.957626,-0.034805,0.147566,-0.184913,0.050684,69.789429,167.178162,-650.075195,0,0
0.600000,-1.457408,1.395807,1.286819,0.970919,-0.165512,0.172979,-0.167125,0.047830,0.984800,-0.171897,-0.984938,0.018691,0.689989,-0.120705,0.000285,0.713684,0.163875,-0.127379,0.006729,0.017258,0.043272,0.002456,-0.172684,-0.984800,-0.018691,0.000000,0.000000,0.000000,-1,-0.155426,-0.941528,-0.016235,0.139111,-0.118698,-0.004895,70.844177,165.771835,-651.080750,0,0
0.640000,-1.499445,1.397598,1.323888,0.970159,-0.171009,0.171895,-0.167107,0.042119,0.985039,-0.175691,-0.984369,0.012286,0.692054,-0.122142,-0.001371,0.711436,0.104993,-0.171510,-0.070404,-0.025020,0.019569,0.002246,-0.171895,-0.985039,-0.012286,0.000000,0.000000,0.000000,-1,-0.215042,-0.979034,-0.013611,0.080226,-0.162827,-0.082042,70.844177,166.474991,-649.404846,0,0
0.680000,-1.520893,1.400693,1.335624,0.968869,-0.180852,0.169074,-0.164625,0.039445,0.985567,-0.184911,-0.982719,0.008444,0.692997,-0.124631,-0.005713,0.710063,0.029266,-0.220152,-0.063242,-0.065896,-0.000120,0.011756,-0.169074,-0.985567,-0.008444,0.000000,0.000000,0.000000,-1,-0.221420,-0.977646,0.001358,0.002359,-0.215696,-0.073782,69.437836,167.178162,-648.734497,0,0
0.720000,-1.546820,1.402258,1.353156,0.967475,-0.189397,0.167694,-0.163785,0.036220,0.985831,-0.192787,-0.981232,0.004021,0.694124,-0.127204,-0.009038,0.708470,0.120746,-0.256441,-0.087159,-0.002518,0.013449,0.000314,-0.167694,-0.985831,-0.004022,0.000000,0.000000,0.000000,-1,-0.170212,-0.972382,-0.003708,0.095898,-0.247720,-0.098890,70.492584,165.771835,-649.069702,0,0
0.760000,-1.581847,1.405639,1.379114,0.966162,-0.198756,0.164397,-0.161396,0.031321,0.986393,-0.201200,-0.979548,-0.001817,0.695819,-0.129398,-0.013223,0.706340,0.097389,-0.239419,-0.079583,-0.000749,0.022022,-0.007096,-0.164397,-0.986393,0.001817,0.000000,0.000000,0.000000,-1,-0.159485,-0.950760,-0.003769,0.072544,-0.230699,-0.091316,70.492584,165.771835,-649.069702,0,0
0.800000,-1.622435,1.409853,1.410031,0.964787,-0.208744,0.160036,-0.158184,0.025652,0.987076,-0.210152,-0.977634,-0.008271,0.697748,-0.131469,-0.017956,0.703947,0.122980,-0.201582,-0.110818,0.028185,0.062394,-0.022615,-0.160036,-0.987076,0.008271,0.000000,0.000000,0.000000,-1,-0.131851,-0.924683,-0.014343,0.099159,-0.205582,-0.123576,69.437836,167.178162,-649.404846,0,0
0.840000,-1.639465,1.413306,1.421752,0.964184,-0.214163,0.156471,-0.155102,0.023077,0.987684,-0.216163,-0.976295,-0.011057,0.698569,-0.132399,-0.021506,0.702858,0.026164,-0.212943,-0.079100,0.000795,0.015654,-0.016962,-0.156069,-0.987684,0.011057,0.000000,0.000000,0.000000,-1,-0.155273,-0.972031,-0.005905,0.001287,-0.204203,-0.090862,70.844177,167.178162,-651.080750,0,0
0.880000,-1.648074,1.416977,1.419168,0.962279,-0.225134,0.152756,-0.151456,0.023143,0.988193,-0.226011,-0.974053,-0.011828,0.698385,-0.134808,-0.026223,0.702423,-0.022905,-0.242586,-0.078610,0.003693,0.010715,-0.000201,-0.152756,-0.988193,0.011828,0.000000,0.000000,0.000000,-1,-0.140106,-0.971405,0.019592,-0.047780,-0.233846,-0.090371,70.316803,167.705536,-647.561401,0,0
0.920000,-1.651655,1.420491,1.416043,0.961268,-0.231705,0.149251,-0.147951,0.023080,0.988725,-0.232538,-0.972512,-0.012095,0.698263,-0.135929,-0.029819,0.702185,-0.011899,-0.130240,-0.070596,0.009374,0.039110,-0.004541,-0.149251,-0.988725,0.012095,0.000000,0.000000,0.000000,-1,-0.140167,-0.947845,0.003296,-0.038845,-0.103486,-0.081341,70.316803,167.705536,-647.561401,0,0
0.960000,-1.650028,1.422872,1.409477,0.960462,-0.236489,0.146923,-0.145472,0.023673,0.989079,-0.237385,-0.971346,-0.011665,0.697935,-0.136818,-0.032403,0.702223,-0.058871,-0.170476,-0.070083,0.009228,0.040318,-0.003502,-0.146923,-0.989079,0.011665,0.000000,0.000000,0.000000,-1,-0.132034,-0.952179,0.008835,-0.073092,-0.160680,-0.081926,69.789429,166.123413,-648.399353,0,0
1.000000,-1.632485,1.426916,1.384463,0.959265,-0.243577,0.143112,-0.140902,0.026563,0.989667,-0.244861,-0.969518,-0.008840,0.696696,-0.137965,-0.036511,0.703027,-0.088452,-0.113057,-0.046646,0.022903,0.018750,0.008204,-0.143112,-0.989667,0.008840,0.000000,0.000000,0.000000,-1,-0.119873,-0.973236,0.006134,-0.113324,-0.104319,-0.058388,69.789429,166.123413,-648.399353,0,0
1.040000,-1.634191,1.430752,1.381855,0.958735,-0.247832,0.139306,-0.137103,0.026217,0.990210,-0.249058,-0.968448,-0.008843,0.696664,-0.138135,-0.039385,0.702871,0.040609,-0.053599,-0.028721,0.021768,0.014532,0.000617,-0.139306,-0.990210,0.008843,0.000000,0.000000,0.000000,-1,-0.119034,-0.974655,0.007126,0.006111,-0.058629,-0.040310,71.371552,167.002365,-649.572449,0,0
1.080000,-1.638602,1.433925,1.385778,0.959038,-0.248422,0.136131,-0.134116,0.025101,0.990648,-0.249516,-0.968327,-0.009245,0.696990,-0.137211,-0.040669,0.702655,0.023718,-0.000645,-0.029880,0.022484,0.024263,-0.017515,-0.136131,-0.990648,0.009245,0.000000,0.000000,0.000000,-1,-0.113647,-0.966385,-0.008270,-0.001143,0.008089,-0.041569,70.492584,166.474991,-650.745605,0,0
1.120000,-1.624065,1.435765,1.370739,0.959175,-0.248819,0.134430,-0.131936,0.026753,0.990897,-0.250151,-0.968180,-0.007168,0.696346,-0.136698,-0.041546,0.703342,-0.052988,-0.020638,-0.017503,0.013092,0.029532,-0.016720,-0.134430,-0.990897,0.007168,0.000000,0.000000,0.000000,-1,-0.123871,-0.966232,-0.007538,-0.077835,-0.011907,-0.029181,70.492584,166.474991,-650.745605,0,0
1.160000,-1.595270,1.437615,1.344090,0.959993,-0.246557,0.132748,-0.129390,0.029847,0.991144,-0.248336,-0.968669,-0.003250,0.695233,-0.135188,-0.041564,0.704732,-0.049356,0.125554,-0.014895,0.023251,0.019663,-0.004943,-0.132748,-0.991144,0.003250,0.000000,0.000000,0.000000,-1,-0.109497,-0.971481,-0.001694,-0.078517,0.114141,-0.028583,69.613632,165.947617,-649.572449,0,0
1.200000,-1.577540,1.439525,1.331451,0.961514,-0.241574,0.130892,-0.127163,0.031031,0.991396,-0.243557,-0.969886,-0.000883,0.694868,-0.132664,-0.040535,0.705631,-0.044865,0.191359,-0.000283,0.030382,0.029238,-0.005857,-0.130892,-0.991396,0.000883,0.000000,0.000000,0.000000,-1,-0.100388,-0.959503,-0.006439,-0.069713,0.195840,-0.012977,71.195755,165.771835,-649.404846,0,0
1.240000,-1.543391,1.440567,1.306325,0.963861,-0.232639,0.129813,-0.125347,0.033946,0.991532,-0.235076,-0.971971,0.003558,0.693966,-0.128964,-0.037921,0.707348,-0.082018,0.219035,0.013733,0.011237,0.028687,-0.001401,-0.129813,-0.991532,-0.003558,0.000000,0.000000,0.000000,-1,-0.120087,-0.966141,-0.004456,-0.106845,0.227762,0.002105,71.195755,165.771835,-649.404846,0,0
1.280000,-1.497473,1.439263,1.272558,0.966578,-0.220493,0.130802,-0.125365,0.038538,0.991362,-0.223629,-0.974627,0.009608,0.692537,-0.124852,-0.033510,0.709705,-0.113522,0.337952,0.044424,0.003010,0.007201,0.003093,-0.130802,-0.991362,-0.009608,0.000000,0.000000,0.000000,-1,-0.126175,-0.976776,-0.006897,-0.140549,0.328625,0.027557,70.668381,165.947617,-648.902100,0,0
1.320000,-1.456663,1.437343,1.245021,0.969318,-0.207239,0.132192,-0.126059,0.042584,0.991108,-0.211025,-0.977363,0.015153,0.691300,-0.120533,-0.028509,0.711874,-0.137457,0.495007,0.075977,0.014287,0.032048,0.003343,-0.132192,-0.991108,-0.015153,0.000000,0.000000,0.000000,-1,-0.116150,-0.951294,-0.029800,-0.164405,0.512158,0.059013,71.019974,166.299210,-650.578003,0,0
1.360000,-1.390635,1.432538,1.197501,0.972666,-0.188512,0.135587,-0.128327,0.050260,0.990458,-0.193528,-0.980784,0.024695,0.688787,-0.114999,-0.021030,0.715476,-0.181233,0.417096,0.125605,0.013944,0.038767,0.005164,-0.135587,-0.990458,-0.024695,0.000000,0.000000,0.000000,-1,-0.127563,-0.959686,-0.017426,-0.206056,0.425821,0.113991,71.019974,166.299210,-650.578003,0,0
1.400000,-1.326196,1.424912,1.148820,0.974908,-0.172226,0.141040,-0.132616,0.059537,0.989378,-0.178794,-0.983257,0.035203,0.685596,-0.111159,-0.013767,0.719314,-0.168646,0.330489,0.152458,0.015400,0.019605,0.016710,-0.141040,-0.989378,-0.035203,0.000000,0.000000,0.000000,-1,-0.125641,-0.969772,-0.018494,-0.203112,0.321212,0.140994,70.492584,165.771835,-650.075195,0,0
1.440000,-1.301417,1.419294,1.137878,0.976635,-0.158179,0.145480,-0.137000,0.063315,0.988546,-0.165578,-0.985378,0.040166,0.684316,-0.107837,-0.007342,0.721130,-0.096930,0.431305,0.174952,0.003665,0.023076,0.018849,-0.145480,-0.988546,-0.040166,0.000000,0.000000,0.000000,-1,-0.141815,-0.965469,-0.021317,-0.121776,0.440032,0.163355,70.141006,166.826584,-651.415894,0,0
1.480000,-1.289141,1.411429,1.140791,0.977952,-0.142732,0.152441,-0.144247,0.066156,0.987328,-0.151008,-0.987548,0.044108,0.683317,-0.104995,0.000524,0.722533,-0.035465,0.352675,0.149215,-0.014292,0.024056,0.015849,-0.152441,-0.987328,-0.044108,0.000000,0.000000,0.000000,-1,-0.172104,-0.964737,-0.034653,-0.060322,0.361404,0.137605,70.141006,166.826584,-651.415894,0,0
1.520000,-1.278417,1.405750,1.143801,0.979109,-0.128821,0.157325,-0.149546,0.068042,0.986411,-0.137775,-0.989331,0.047356,0.682589,-0.101953,0.007160,0.723621,-0.057678,0.404529,0.143874,-0.027748,0.028159,-0.017021,-0.157325,-0.986411,-0.047356,0.000000,0.000000,0.000000,-1,-0.185074,-0.958252,-0.064377,-0.069761,0.413255,0.132157,69.613632,165.244446,-649.907593,0,0
1.560000,-1.247797,1.398634,1.127000,0.980052,-0.114484,0.162454,-0.154718,0.073557,0.985217,-0.124741,-0.990698,0.054377,0.680463,-0.098904,0.013856,0.725945,-0.137987,0.279305,0.116211,-0.016043,0.030184,0.001856,-0.162454,-0.985217,-0.054377,0.000000,0.000000,0.000000,-1,-0.180481,-0.958725,-0.045410,-0.159567,0.310324,0.109802,70.492584,166.474991,-652.421448,0,0
1.600000,-1.221778,1.391115,1.110687,0.980280,-0.104145,0.167942,-0.160131,0.079358,0.983901,-0.115796,-0.991391,0.061117,0.678197,-0.097418,0.019222,0.728141,-0.082856,0.185205,0.135322,-0.020550,0.026473,0.006154,-0.167942,-0.983901,-0.061117,0.000000,0.000000,0.000000,-1,-0.187454,-0.949753,-0.057541,-0.107712,0.193934,0.123686,70.492584,166.474991,-652.421448,0,0
1.640000,-1.208208,1.382693,1.104237,0.979870,-0.096365,0.174838,-0.167010,0.084114,0.982361,-0.109372,-0.991786,0.066327,0.676282,-0.097362,0.024201,0.729779,-0.108523,0.149190,0.134605,-0.010465,0.028000,0.001156,-0.174838,-0.982361,-0.066327,0.000000,0.000000,0.000000,-1,-0.185303,-0.954361,-0.065170,-0.123796,0.154769,0.126088,69.086258,166.123413,-649.404846,0,0
1.680000,-1.193090,1.376522,1.093881,0.979548,-0.091020,0.179447,-0.171512,0.088620,0.981188,-0.105210,-0.991898,0.071197,0.674487,-0.097308,0.027516,0.731328,-0.154200,0.182054,0.136979,-0.015530,0.013232,0.006530,-0.179447,-0.981188,-0.071196,0.000000,0.000000,0.000000,-1,-0.194244,-0.965729,-0.063538,-0.174815,0.186526,0.123169,69.789429,166.123413,-649.740051,0,0
1.720000,-1.171416,1.368747,1.080747,0.979356,-0.081724,0.184885,-0.177060,0.094453,0.979657,-0.097524,-0.992169,0.078033,0.672099,-0.096259,0.032495,0.733458,-0.112620,0.229328,0.096007,0.000681,0.019025,0.018676,-0.184885,-0.979657,-0.078033,0.000000,0.000000,0.000000,-1,-0.196823,-0.969025,-0.061737,-0.137489,0.238060,0.084334,69.437836,167.178162,-650.410400,0,0
1.760000,-1.154999,1.361746,1.076355,0.979378,-0.069112,0.189848,-0.182676,0.098482,0.978228,-0.086304,-0.992736,0.083826,0.670274,-0.093912,0.038620,0.735134,-0.108146,0.304424,0.085059,-0.023775,0.026629,0.016657,-0.189848,-0.978228,-0.083826,0.000000,0.000000,0.000000,-1,-0.213608,-0.942123,-0.070938,-0.130906,0.307903,0.077630,69.437836,167.178162,-650.410400,0,0
1.800000,-1.139469,1.356747,1.070706,0.979444,-0.058769,0.192964,-0.186406,0.101856,0.977179,-0.077082,-0.993062,0.088807,0.668727,-0.091657,0.043322,0.736564,-0.134559,0.375332,0.078626,-0.024443,0.026236,0.012666,-0.192964,-0.977179,-0.088807,0.000000,0.000000,0.000000,-1,-0.225296,-0.959305,-0.093430,-0.154133,0.381950,0.066879,68.734665,166.474991,-652.421448,0,0
1.840000,-1.113904,1.348624,1.054540,0.979055,-0.048441,0.197747,-0.191631,0.108770,0.975421,-0.068759,-0.992886,0.097209,0.665784,-0.090146,0.048435,0.739093,-0.108710,0.099956,0.083809,-0.044456,-0.011273,0.003566,-0.197747,-0.975421,-0.097209,0.000000,0.000000,0.000000,-1,-0.237976,-0.990097,-0.087494,-0.133652,0.108726,0.072005,68.734665,166.826584,-650.745605,0,0
1.880000,-1.111375,1.342821,1.055964,0.978280,-0.043964,0.202571,-0.196710,0.111283,0.974126,-0.065369,-0.992816,0.100217,0.664601,-0.090533,0.051611,0.739895,-0.009653,0.084349,0.116132,-0.022512,0.007405,-0.002017,-0.202571,-0.974126,-0.100217,0.000000,0.000000,0.000000,-1,-0.225082,-0.966721,-0.102234,-0.044169,0.098398,0.102245,69.965210,167.353958,-652.589050,0,0
1.920000,-1.114715,1.338669,1.061131,0.977546,-0.041811,0.206534,-0.200811,0.112237,0.973179,-0.063870,-0.992801,0.101321,0.664076,-0.091338,0.053708,0.740119,-0.015302,0.001472,0.087730,-0.022973,0.015583,-0.014158,-0.206534,-0.973179,-0.101321,0.000000,0.000000,0.000000,-1,-0.229507,-0.957596,-0.115479,-0.040242,0.010242,0.075912,68.910461,165.947617,-651.583496,0,0
1.960000,-1.120642,1.332983,1.064722,0.976272,-0.043607,0.212110,-0.206049,0.114196,0.971855,-0.066601,-0.992501,0.102501,0.663245,-0.094104,0.054847,0.740434,-0.018817,-0.066716,0.044365,-0.028186,0.021950,-0.010948,-0.212110,-0.971855,-0.102501,0.000000,0.000000,0.000000,-1,-0.240295,-0.949905,-0.113449,-0.043750,-0.057946,0.032516,68.910461,165.947617,-651.583496,0,0
2.000000,-1.127694,1.328388,1.067245,0.975038,-0.047666,0.216860,-0.210246,0.115829,0.970763,-0.071391,-0.992125,0.102916,0.662626,-0.097307,0.054883,0.740571,-0.022291,-0.149427,0.034077,-0.029905,0.005568,-0.001499,-0.216860,-0.970763,-0.102916,0.000000,0.000000,0.000000,-1,-0.246765,-0.965195,-0.104416,-0.049303,-0.126868,0.024295,67.855713,167.705536,-652.924194,0,0
2.040000,-1.137126,1.326615,1.071353,0.974208,-0.052833,0.219382,-0.212230,0.115788,0.970336,-0.076668,-0.991868,0.101589,0.662727,-0.099990,0.053836,0.740200,0.024390,-0.199288,0.026457,-0.016489,0.002623,-0.001255,-0.219382,-0.970336,-0.101589,0.000000,0.000000,0.000000,-1,-0.233673,-0.973709,-0.107529,-0.007961,-0.178874,0.013516,68.383087,166.474991,-651.415894,0,0
2.080000,-1.157728,1.325582,1.080089,0.972822,-0.064650,0.222347,-0.214118,0.114403,0.970085,-0.088153,-0.991329,0.097451,0.663507,-0.105036,0.050562,0.739032,0.043162,-0.315946,0.010775,-0.002736,-0.002693,-0.001304,-0.222346,-0.970085,-0.097451,0.000000,0.000000,0.000000,-1,-0.220551,-0.965668,-0.095795,0.018233,-0.307175,-0.001121,67.855713,166.299210,-652.253845,0,0
2.120000,-1.184595,1.328282,1.091606,0.971625,-0.080357,0.222457,-0.213097,0.110721,0.970737,-0.102636,-0.990598,0.090456,0.665291,-0.110273,0.045026,0.737021,0.106728,-0.366362,-0.056646,0.007217,0.020557,0.000307,-0.222457,-0.970737,-0.090456,0.000000,0.000000,0.000000,-1,-0.214584,-0.952057,-0.089233,0.074369,-0.354363,-0.063168,69.613632,166.650787,-650.578003,0,0
2.160000,-1.203936,1.331414,1.100869,0.970961,-0.090832,0.221326,-0.211401,0.107365,0.971485,-0.112005,-0.990062,0.085045,0.666811,-0.113313,0.040986,0.735420,0.094097,-0.306126,-0.071689,0.002362,0.013355,0.003411,-0.221326,-0.971485,-0.085046,0.000000,0.000000,0.000000,-1,-0.218842,-0.958817,-0.074463,0.073365,-0.318529,-0.082470,67.855713,166.299210,-652.589050,0,0
2.200000,-1.217369,1.336956,1.104699,0.970849,-0.100957,0.217394,-0.206998,0.104134,0.972784,-0.120847,-0.989426,0.080200,0.668303,-0.115200,0.036116,0.734027,0.003886,-0.166801,-0.125849,0.014650,0.011663,0.007080,-0.217394,-0.972784,-0.080200,0.000000,0.000000,0.000000,-1,-0.201385,-0.963043,-0.070847,-0.021049,-0.158029,-0.137736,67.855713,166.299210,-652.589050,0,0
2.240000,-1.211558,1.344435,1.089292,0.971368,-0.110901,0.210107,-0.198915,0.103938,0.974489,-0.129910,-0.988381,0.078902,0.668679,-0.115831,0.029983,0.733861,-0.056161,-0.257416,-0.190040,0.016503,0.016436,0.021941,-0.210107,-0.974489,-0.078902,0.000000,0.000000,0.000000,-1,-0.188812,-0.952225,-0.049850,-0.083157,-0.230537,-0.191314,69.613632,167.353958,-651.583496,0,0
2.280000,-1.210048,1.355661,1.074583,0.971871,-0.124783,0.199738,-0.187732,0.101637,0.976948,-0.142207,-0.986965,0.075353,0.669866,-0.116633,0.021471,0.732950,0.015149,-0.242944,-0.226885,0.025361,0.028187,0.014424,-0.199738,-0.976948,-0.075353,0.000000,0.000000,0.000000,-1,-0.174377,-0.948761,-0.060928,-0.009817,-0.234166,-0.238744,69.965210,168.760300,-652.253845,0,0
2.320000,-1.207073,1.363111,1.065004,0.972356,-0.131861,0.192706,-0.180378,0.099902,0.978511,-0.148279,-0.986221,0.073355,0.670653,-0.116394,0.016561,0.732396,0.038640,-0.225934,-0.219685,0.024127,0.032069,-0.010217,-0.192706,-0.978511,-0.073355,0.000000,0.000000,0.000000,-1,-0.167297,-0.952042,-0.080093,0.013677,-0.217157,-0.231532,69.965210,168.760300,-652.253845,0,0
2.360000,-1.205417,1.373503,1.049364,0.972138,-0.146395,0.183077,-0.169967,0.097640,0.980601,-0.161431,-0.984396,0.070037,0.671651,-0.117755,0.008057,0.731405,0.016976,-0.351916,-0.213728,0.003313,0.006770,0.004974,-0.183077,-0.980601,-0.070037,0.000000,0.000000,0.000000,-1,-0.179764,-0.973831,-0.065063,-0.010115,-0.338952,-0.230891,69.613632,167.002365,-652.589050,0,0
2.400000,-1.214035,1.380847,1.046591,0.971423,-0.158228,0.176921,-0.163456,0.094504,0.982014,-0.172101,-0.982870,0.065940,0.672863,-0.119521,0.001791,0.730046,0.091780,-0.279716,-0.193272,0.003825,0.025150,-0.001443,-0.176921,-0.982014,-0.065940,0.000000,0.000000,0.000000,-1,-0.173096,-0.956863,-0.067383,0.066817,-0.270940,-0.205110,68.207291,167.353958,-650.578003,0,0
2.440000,-1.226907,1.388818,1.050245,0.970949,-0.168013,0.170380,-0.157005,0.090010,0.983487,-0.180575,-0.981667,0.061016,0.674523,-0.120462,-0.003778,0.728350,0.094132,-0.221245,-0.170073,-0.000488,0.027265,-0.023701,-0.170380,-0.983487,-0.061016,0.000000,0.000000,0.000000,-1,-0.173325,-0.958511,-0.087891,0.069181,-0.212471,-0.181910,70.492584,165.771835,-651.415894,0,0
2.480000,-1.220572,1.394131,1.033280,0.969954,-0.178713,0.165079,-0.150964,0.089983,0.984435,-0.190786,-0.979778,0.060301,0.674476,-0.122198,-0.009528,0.728052,-0.049592,-0.233649,-0.140140,-0.008505,0.029571,-0.007677,-0.165079,-0.984435,-0.060301,0.000000,0.000000,0.000000,-1,-0.170471,-0.957611,-0.065414,-0.060709,-0.230217,-0.156334,70.492584,167.529755,-651.080750,0,0
2.520000,-1.208329,1.396405,1.014201,0.969175,-0.185418,0.162235,-0.147319,0.091664,0.984832,-0.197477,-0.978375,0.061523,0.673793,-0.123457,-0.013076,0.728416,-0.055828,-0.200597,-0.116774,0.000415,0.027816,-0.000351,-0.162235,-0.984832,-0.061523,0.000000,0.000000,0.000000,-1,-0.156693,-0.948456,-0.058823,-0.083999,-0.205625,-0.131743,70.668381,166.299210,-650.578003,0,0
2.560000,-1.198703,1.400342,0.997024,0.968393,-0.192987,0.158022,-0.142466,0.092076,0.985508,-0.204740,-0.976872,0.061672,0.673544,-0.124510,-0.017340,0.728378,-0.038468,-0.116673,-0.089527,0.007189,0.020420,-0.000248,-0.158022,-0.985508,-0.061672,0.000000,0.000000,0.000000,-1,-0.152542,-0.972290,-0.065872,-0.063398,-0.107903,-0.101375,70.492584,166.474991,-651.415894,0,0
2.600000,-1.170940,1.403195,0.964621,0.968184,-0.197505,0.153658,-0.137096,0.095041,0.985988,-0.209341,-0.975684,0.064940,0.672347,-0.124415,-0.020705,0.729412,-0.097037,-0.107243,-0.101899,0.017062,0.017772,-0.005358,-0.153658,-0.985988,-0.064940,0.000000,0.000000,0.000000,-1,-0.126373,-0.964447,-0.070541,-0.119809,-0.095248,-0.108442,72.074722,165.947617,-652.253845,0,0
2.640000,-1.138533,1.408667,0.926945,0.968175,-0.202865,0.146573,-0.129102,0.096897,0.986886,-0.214407,-0.974401,0.067623,0.671501,-0.123592,-0.025255,0.730188,-0.058816,-0.125474,-0.125585,0.022412,0.025094,0.010006,-0.146573,-0.986886,-0.067623,0.000000,0.000000,0.000000,-1,-0.124161,-0.961792,-0.057617,-0.083744,-0.116706,-0.137405,71.371552,166.650787,-651.583496,0,0
2.680000,-1.128971,1.412014,0.912743,0.967717,-0.207592,0.142933,-0.125099,0.096700,0.987421,-0.218802,-0.973424,0.067609,0.671455,-0.123869,-0.028248,0.730073,-0.017370,-0.163495,-0.112984,0.003955,0.015176,0.007962,-0.142933,-0.987421,-0.067609,0.000000,0.000000,0.000000,-1,-0.143936,-0.975006,-0.060898,-0.042302,-0.154728,-0.124800,71.371552,166.650787,-651.583496,0,0
2.720000,-1.129383,1.416629,0.905836,0.966679,-0.215073,0.138838,-0.120840,0.094749,0.988140,-0.225677,-0.971991,0.065602,0.671998,-0.124968,-0.032306,0.729217,0.044486,-0.135904,-0.106109,0.000121,0.016384,-0.003291,-0.138838,-0.988140,-0.065602,0.000000,0.000000,0.000000,-1,-0.131195,-0.970749,-0.075073,0.016337,-0.134550,-0.117873,71.019974,168.057129,-651.918701,0,0
2.760000,-1.124170,1.420728,0.895977,0.966162,-0.219885,0.134841,-0.116737,0.093405,0.988761,-0.230009,-0.971044,0.064576,0.672343,-0.125168,-0.035387,0.728722,0.028526,-0.136868,-0.096403,0.013442,0.020408,-0.009933,-0.134841,-0.988761,-0.064575,0.000000,0.000000,0.000000,-1,-0.121399,-0.968353,-0.074509,0.003604,-0.128103,-0.108211,71.723129,167.002365,-651.583496,0,0
2.800000,-1.118511,1.424108,0.885715,0.965545,-0.224587,0.131466,-0.113184,0.092482,0.989261,-0.234333,-0.970056,0.063876,0.672530,-0.125560,-0.038239,0.728338,0.012804,-0.074127,-0.069888,0.009823,0.024859,-0.009732,-0.131466,-0.989261,-0.063876,0.000000,0.000000,0.000000,-1,-0.119659,-0.963821,-0.073166,-0.012112,-0.065363,-0.081691,71.547348,166.474991,-652.086304,0,0
2.840000,-1.106736,1.425677,0.872438,0.965478,-0.226117,0.129317,-0.110757,0.092979,0.989489,-0.235764,-0.969653,0.064725,0.672267,-0.125275,-0.039585,0.728557,-0.011440,-0.024995,-0.026209,0.002394,0.031344,-0.015414,-0.129317,-0.989489,-0.064725,0.000000,0.000000,0.000000,-1,-0.126923,-0.958145,-0.080139,-0.029970,-0.016284,-0.043385,70.492584,167.178162,-651.415894,0,0
2.880000,-1.097802,1.424613,0.862745,0.965289,-0.226723,0.129670,-0.110650,0.094733,0.989334,-0.236589,-0.969341,0.066357,0.671602,-0.125585,-0.039800,0.729105,-0.036845,-0.018241,0.019873,-0.007689,0.013901,-0.015506,-0.129670,-0.989334,-0.066357,0.000000,0.000000,0.000000,-1,-0.137680,-0.985153,-0.079575,-0.057543,-0.014823,-0.000564,71.547348,166.474991,-651.751099,0,0
2.920000,-1.101041,1.420944,0.865405,0.964758,-0.226982,0.133120,-0.113665,0.096791,0.988793,-0.237323,-0.969077,0.067580,0.670893,-0.126938,-0.038830,0.729577,0.031540,-0.016291,0.117344,0.007663,-0.024589,-0.006197,-0.133120,-0.988793,-0.067580,0.000000,0.000000,0.000000,-1,-0.109299,-1.007217,-0.069824,0.006626,-0.007499,0.105444,71.019974,167.002365,-652.253845,0,0
2.960000,-1.138347,1.419923,0.908093,0.965478,-0.221879,0.136465,-0.118487,0.092473,0.988640,-0.231978,-0.970679,0.062991,0.672684,-0.126496,-0.035497,0.728173,0.155788,0.218917,0.127204,0.060629,0.034096,-0.007993,-0.136465,-0.988640,-0.062991,0.000000,0.000000,0.000000,-1,-0.072342,-0.949203,-0.071625,0.129733,0.207525,0.109010,70.668381,167.353958,-652.253845,0,0
3.000000,-1.167162,1.417648,0.944522,0.966597,-0.214496,0.140292,-0.123599,0.089415,0.988296,-0.224529,-0.972624,0.059916,0.674030,-0.125400,-0.031244,0.727311,0.116520,0.240346,0.152995,0.058581,0.035216,-0.023595,-0.140292,-0.988296,-0.059916,0.000000,0.000000,0.000000,-1,-0.103577,-0.952866,-0.082367,0.099058,0.250174,0.138917,71.195755,167.529755,-650.745605,0,0
3.040000,-1.189639,1.411870,0.980556,0.968503,-0.201053,0.146901,-0.131482,0.088080,0.987398,-0.211458,-0.975612,0.058871,0.674824,-0.123193,-0.023916,0.727230,0.067980,0.338352,0.212655,0.015660,0.023119,-0.015073,-0.146901,-0.987398,-0.058871,0.000000,0.000000,0.000000,-1,-0.141342,-0.965637,-0.074249,0.043072,0.347141,0.200776,69.965210,167.353958,-650.913147,0,0
3.080000,-1.216811,1.401773,1.025633,0.970352,-0.183084,0.157790,-0.143835,0.087232,0.985749,-0.194239,-0.979220,0.058312,0.675427,-0.121005,-0.013491,0.727306,0.079093,0.418622,0.302823,-0.007554,0.022096,-0.005287,-0.157790,-0.985749,-0.058312,0.000000,0.000000,0.000000,-1,-0.171310,-0.965622,-0.063751,0.050946,0.420959,0.280337,70.316803,167.353958,-650.242798,0,0
3.120000,-1.235465,1.393215,1.058422,0.971426,-0.168839,0.166810,-0.153964,0.086602,0.984274,-0.180630,-0.981832,0.058132,0.675776,-0.119420,-0.005113,0.727351,0.075178,0.494256,0.349444,0.001206,-0.005121,-0.012379,-0.166810,-0.984274,-0.058132,0.000000,0.000000,0.000000,-1,-0.158737,-0.993164,-0.071548,0.053397,0.484990,0.332279,69.262054,167.353958,-648.566895,0,0
3.160000,-1.240823,1.378518,1.091456,0.973396,-0.140771,0.180786,-0.169559,0.088132,0.981571,-0.154110,-0.986112,0.061918,0.675157,-0.114910,0.009878,0.728603,-0.009417,0.686012,0.352575,0.050110,0.008122,-0.000566,-0.180786,-0.981571,-0.061918,0.000000,0.000000,0.000000,-1,-0.122238,-0.965210,-0.061386,-0.034321,0.694800,0.340696,69.437836,166.474991,-651.751099,0,0
3.200000,-1.233469,1.364951,1.114209,0.975016,-0.110194,0.192875,-0.183457,0.090115,0.978889,-0.125249,-0.989816,0.067648,0.674028,-0.108917,0.025083,0.730202,0.031527,0.559225,0.272832,0.063160,0.053123,0.016256,-0.192875,-0.978889,-0.067648,0.000000,0.000000,0.000000,-1,-0.129715,-0.925766,-0.051392,-0.009193,0.606294,0.276913,68.558884,165.947617,-650.913147,0,0
3.240000,-1.242359,1.359220,1.137596,0.975360,-0.095711,0.198776,-0.190603,0.088154,0.977701,-0.111100,-0.991498,0.067739,0.674438,-0.106130,0.032500,0.729941,0.130082,0.443320,0.225628,0.060394,0.020716,0.030401,-0.198776,-0.977701,-0.067739,0.000000,0.000000,0.000000,-1,-0.137650,-0.955429,-0.034119,0.089180,0.446777,0.209633,69.437836,167.529755,-650.075195,0,0
3.280000,-1.275181,1.351936,1.195072,0.975565,-0.071650,0.207700,-0.201972,0.079671,0.976145,-0.086488,-0.994243,0.063253,0.676876,-0.101061,0.044769,0.727751,0.228550,0.579231,0.263759,0.084226,0.015177,0.012639,-0.207700,-0.976145,-0.063253,0.000000,0.000000,0.000000,-1,-0.119400,-0.961075,-0.048965,0.203641,0.588019,0.251894,69.613632,166.299210,-651.583496,0,0
3.320000,-1.289655,1.347945,1.243740,0.976448,-0.038266,0.212334,-0.209296,0.071001,0.975271,-0.052396,-0.996742,0.061320,0.678993,-0.091150,0.058888,0.726080,0.170522,0.878652,0.112868,0.097908,0.024267,0.005412,-0.212334,-0.975271,-0.061320,0.000000,0.000000,0.000000,-1,-0.131134,-0.951019,-0.053070,0.152975,0.849397,0.110685,70.844177,166.826584,-652.086304,0,0
3.360000,-1.283491,1.347228,1.268361,0.977101,-0.008021,0.212623,-0.211648,0.066036,0.975112,-0.021862,-0.997785,0.062826,0.679750,-0.080791,0.070158,0.725597,0.175271,1.070030,0.076957,0.034995,0.004013,0.020849,-0.212623,-0.975112,-0.062826,0.000000,0.000000,0.000000,-1,-0.261154,-1.011063,-0.027222,0.142843,1.063912,0.056693,69.613632,165.244446,-650.578003,0,0
3.400000,-1.276113,1.346475,1.308785,0.976310,0.038876,0.212856,-0.214853,0.057619,0.974945,0.025637,-0.997581,0.064606,0.680824,-0.064619,0.087575,0.724316,0.182145,0.923355,0.022056,-0.067600,-0.007599,0.023896,-0.212856,-0.974945,-0.064606,0.000000,0.000000,0.000000,-1,-0.267853,-0.948425,-0.045761,0.157236,0.932142,0.010201,69.262054,167.002365,-650.242798,0,0
3.440000,-1.275637,1.353313,1.340387,0.975962,0.069852,0.206442,-0.210070,0.049277,0.976444,0.058033,-0.996340,0.062767,0.682627,-0.051353,0.096859,0.722497,0.221895,0.497856,-0.174807,-0.038035,0.179004,-0.063836,-0.206442,-0.976444,-0.062767,0.000000,0.000000,0.000000,-1,-0.244476,-0.797440,-0.126602,0.182250,0.557544,-0.180347,68.734665,167.178162,-650.410400,0,0
3.480000,-1.307519,1.362950,1.383308,0.976713,0.079590,0.199243,-0.202737,0.038462,0.978478,0.070213,-0.996085,0.053703,0.686394,-0.044853,0.098142,0.719180,0.425106,0.115219,-0.200517,-0.124060,0.072701,-0.167779,-0.199243,-0.978478,-0.053703,0.000000,0.000000,0.000000,-1,-0.323303,-0.905777,-0.221481,0.400197,0.124006,-0.212371,69.613632,165.596039,-648.566895,0,0
3.520000,-1.363734,1.372177,1.445209,0.977594,0.083795,0.193101,-0.195762,0.024715,0.980340,0.077375,-0.996177,0.040565,0.691432,-0.040484,0.097796,0.714646,0.376406,0.241005,-0.229334,-0.235945,-0.095588,-0.204247,-0.193101,-0.980340,-0.040565,0.000000,0.000000,0.000000,-1,-0.446213,-1.072983,-0.219223,0.351528,0.249790,-0.241229,69.437836,166.826584,-648.734497,0,0
3.560000,-1.320618,1.374987,1.438575,0.974698,0.120125,0.188504,-0.192863,0.025650,0.980890,0.112994,-0.992427,0.048169,0.689362,-0.026379,0.109339,0.715632,-0.252237,1.318278,-0.002649,-0.117816,0.025446,-0.050510,-0.188504,-0.980890,-0.048169,0.000000,0.000000,0.000000,-1,-0.306320,-0.955444,-0.098679,-0.258188,1.260195,-0.029354,71.019974,165.947617,-647.226196,0,0
3.600000,-1.261581,1.373016,1.419125,0.969258,0.159699,0.187174,-0.194238,0.029688,0.980505,0.151029,-0.986719,0.059795,0.685524,-0.012596,0.123337,0.717416,-0.003988,1.332448,0.045443,-0.100957,-0.005228,-0.003605,-0.187174,-0.980505,-0.059795,0.000000,0.000000,0.000000,-1,-0.318314,-0.971161,-0.036591,-0.090669,1.331638,0.025541,70.492584,166.474991,-648.064148,0,0
3.640000,-1.270874,1.372638,1.488449,0.957791,0.217401,0.188076,-0.196197,0.016193,0.980431,0.210101,-0.975948,0.058163,0.686192,0.007725,0.145068,0.712767,0.468316,1.135911,0.105372,-0.193058,0.072502,0.001873,-0.188076,-0.980431,-0.058163,0.000000,0.000000,0.000000,-1,-0.377502,-0.901733,-0.087799,0.443439,1.144696,0.093476,70.492584,164.365494,-647.729004,0,0
3.680000,-1.338556,1.378255,1.591151,0.950288,0.249551,0.186217,-0.191314,-0.003895,0.981521,0.245665,-0.968354,0.044042,0.691039,0.021069,0.156244,0.705414,0.362527,0.458462,-0.079830,-0.186952,0.085418,-0.169475,-0.186217,-0.981521,-0.044042,0.000000,0.000000,0.000000,-1,-0.376465,-0.901306,-0.234039,0.377225,0.518175,-0.081571,69.965210,165.244446,-647.226196,0,0
3.720000,-1.358589,1.381760,1.625025,0.947327,0.262350,0.183697,-0.187636,-0.010185,0.982186,0.259548,-0.964919,0.039578,0.692447,0.026975,0.160028,0.702979,0.167992,0.526690,-0.035964,-0.175174,0.081521,-0.189564,-0.183697,-0.982186,-0.039578,0.000000,0.000000,0.000000,-1,-0.339371,-0.898804,-0.212280,0.158858,0.473883,-0.064797,70.844177,165.420242,-647.393799,0,0
3.760000,-1.395936,1.379179,1.705577,0.934583,0.302294,0.187543,-0.188720,-0.025591,0.981697,0.301561,-0.952871,0.033132,0.694090,0.040907,0.176167,0.696801,0.525328,1.212407,0.246331,-0.182864,-0.050544,-0.136774,-0.187543,-0.981697,-0.033132,0.000000,0.000000,0.000000,-1,-0.388092,-1.113831,-0.168655,0.500451,1.221192,0.234435,70.316803,165.947617,-646.891052,0,0
3.800000,-1.419741,1.374012,1.795929,0.911474,0.363118,0.193290,-0.190583,-0.043646,0.980700,0.364547,-0.930720,0.029422,0.693848,0.062166,0.200994,0.688703,-0.049299,1.509109,0.020631,-0.075158,-0.131070,-0.037503,-0.193290,-0.980700,-0.029422,0.000000,0.000000,0.000000,-1,-0.212494,-1.034775,-0.032623,0.060251,1.569133,0.054375,71.547348,166.123413,-646.723450,0,0
3.840000,-1.308940,1.377898,1.717382,0.900018,0.394563,0.185169,-0.189648,-0.028001,0.981453,0.392430,-0.918442,0.049627,0.685272,0.074757,0.210719,0.693117,-0.471685,0.495474,-0.331308,0.045979,0.070473,0.170156,-0.185169,-0.981453,-0.049627,0.000000,0.000000,0.000000,-1,-0.139191,-0.910980,0.120529,-0.333192,0.313485,-0.353343,71.019974,165.244446,-645.215149,0,0
3.880000,-1.284966,1.390019,1.702702,0.898511,0.403635,0.172499,-0.178232,-0.023647,0.983704,0.401137,-0.914614,0.050694,0.684007,0.082383,0.209660,0.693822,0.447524,0.183523,-0.256230,0.000579,0.061356,0.108418,-0.172499,-0.983704,-0.050694,0.000000,0.000000,0.000000,-1,-0.165833,-0.941895,0.000519,0.422626,0.192332,-0.268198,70.668381,166.299210,-645.885498,0,0
3.920000,-1.426225,1.405204,1.865881,0.891947,0.421691,0.163117,-0.157712,-0.047938,0.986321,0.423742,-0.905471,0.023748,0.692123,0.095351,0.211978,0.683330,0.712541,0.827729,-0.226610,0.068253,0.002861,-0.076060,-0.163117,-0.986321,-0.023748,0.000000,0.000000,0.000000,-1,-0.094864,-0.983459,-0.099808,0.705444,0.722314,-0.220177,71.195755,164.013916,-646.388306,0,0
3.960000,-1.493904,1.414176,1.966477,0.879139,0.450475,0.155520,-0.143929,-0.060121,0.987760,0.454311,-0.890763,0.011982,0.694132,0.110406,0.219638,0.676572,0.429103,1.105324,-0.222256,0.099688,0.072187,-0.100597,-0.155520,-0.987760,-0.011982,0.000000,0.000000,0.000000,-1,-0.050995,-0.896332,-0.093124,0.467028,1.121463,-0.242196,71.195755,166.123413,-647.058594,0,0
4.000000,-1.449960,1.424225,1.969485,0.858246,0.492336,0.144982,-0.134593,-0.056697,0.989278,0.495277,-0.868557,0.017605,0.688719,0.129858,0.232409,0.674380,-0.323875,1.058644,-0.245006,0.084618,0.075368,0.075970,-0.144982,-0.989278,-0.017605,0.000000,0.000000,0.000000,-1,-0.072067,-0.940964,0.102081,-0.348773,1.067454,-0.256974,73.305267,166.123413,-645.382751,0,0
4.040000,-1.238674,1.432909,1.793983,0.840987,0.525220,0.129940,-0.134042,-0.030423,0.990509,0.524188,-0.850423,0.044816,0.675758,0.144718,0.241998,0.681062,-0.346889,0.551672,-0.319630,-0.080967,-0.047745,0.257035,-0.129940,-0.990509,-0.044816,0.000000,0.000000,0.000000,-1,-0.277924,-1.045456,0.248413,-0.479197,0.618583,-0.350159,72.602097,164.013916,-645.047546,0,0
4.080000,-1.267405,1.440257,1.839162,0.833122,0.538958,0.124224,-0.125509,-0.034515,0.991492,0.538660,-0.841625,0.038889,0.676156,0.152867,0.245093,0.677771,0.719547,0.560056,-0.079712,-0.226393,-0.055643,0.303675,-0.124224,-0.991492,-0.038889,0.000000,0.000000,0.000000,-1,-0.320511,-1.016907,0.212006,0.544466,0.562410,-0.105405,73.832642,165.244446,-646.891052,0,0
4.120000,-1.524905,1.452226,2.124955,0.819343,0.560993,0.118168,-0.100590,-0.062249,0.992979,0.564410,-0.825477,0.005427,0.684866,0.168063,0.249165,0.663800,0.635092,0.506450,-0.151298,-0.093273,0.007276,0.022364,-0.118168,-0.992979,-0.005427,0.000000,0.000000,0.000000,-1,-0.203491,-0.968918,0.001297,0.610195,0.515259,-0.163266,74.184219,165.947617,-645.885498,0,0
4.160000,-1.589914,1.460775,2.212163,0.807726,0.579247,0.109780,-0.087980,-0.065692,0.993954,0.582956,-0.812501,-0.002099,0.684748,0.179360,0.252917,0.659533,0.014300,0.543064,-0.212671,-0.042335,0.052410,0.048148,-0.109780,-0.993954,0.002099,0.000000,0.000000,0.000000,-1,-0.139404,-0.946289,0.090073,0.003188,0.530717,-0.221470,74.008438,166.123413,-645.047546,0,0
4.200000,-1.607162,1.467340,2.250263,0.796084,0.596322,0.103204,-0.080336,-0.064894,0.994653,0.599831,-0.800118,-0.003755,0.682791,0.191620,0.258514,0.655829,0.312556,0.530911,-0.146758,-0.065166,0.071392,0.179292,-0.101735,-0.994793,0.006117,0.000000,0.000000,0.000000,-1,-0.166901,-0.923401,0.185410,0.287660,0.539720,-0.158725,73.656845,165.420242,-644.042053,0,0
4.240000,-1.717625,1.471689,2.379380,0.785563,0.610991,0.097880,-0.068324,-0.071568,0.995093,0.614998,-0.788396,-0.014476,0.684033,0.198334,0.260542,0.651828,0.263061,0.349919,-0.133977,-0.083806,0.107382,0.101537,-0.097880,-0.995093,0.014476,0.000000,0.000000,0.000000,-1,-0.182800,-0.886520,0.088516,0.238165,0.358728,-0.145945,73.305267,166.474991,-643.371704,0,0
