0.000000,-1.637402,-0.387028,-0.401865,0.086048,0.372631,0.923982,0.362205,0.852261,-0.377438,-0.928118,0.367149,-0.061634,-0.271763,-0.675989,0.003805,0.684959,0.056043,-0.028407,-0.035408,-0.000991,-0.008114,0.003491,-0.923982,0.377438,0.061634,0.000000,0.000000,0.000000,-1,-0.926025,0.368942,0.067093,0.055062,-0.129394,-0.032998,101.093872,235.562408,-764.369873,0,0
0.040000,-1.638020,-0.385611,-0.400089,0.084301,0.371803,0.924476,0.360898,0.853395,-0.376125,-0.928787,0.365350,-0.062241,-0.270715,-0.676634,0.003981,0.684736,0.052828,-0.041144,-0.038522,-0.001793,-0.007488,0.006256,-0.924476,0.376125,0.062241,0.000000,0.000000,0.000000,-1,-0.923553,0.370071,0.064560,0.038044,-0.133637,-0.033855,99.166611,235.387802,-763.200867,0,0
0.080000,-1.638815,-0.384221,-0.398754,0.082568,0.371020,0.924947,0.359962,0.854356,-0.374837,-0.929306,0.363895,-0.063011,-0.269825,-0.677274,0.004039,0.684455,0.035828,-0.032668,-0.036258,0.001393,-0.004766,0.001549,-0.924947,0.374837,0.063011,0.000000,0.000000,0.000000,-1,-0.918457,0.371460,0.056412,0.022112,-0.135751,-0.029415,99.517014,233.641602,-761.864868,0,0
0.120000,-1.639294,-0.382385,-0.396708,0.080707,0.369794,0.925602,0.358479,0.855724,-0.373134,-0.930043,0.361923,-0.063501,-0.268553,-0.677960,0.004134,0.684275,0.030559,-0.017796,-0.028822,0.008899,-0.001216,-0.010004,-0.925602,0.373134,0.063501,0.000000,0.000000,0.000000,-1,-0.920212,0.374405,0.056015,0.030657,-0.114537,-0.023223,100.217850,236.435516,-762.866882,0,0
0.160000,-1.638848,-0.381859,-0.395331,0.080424,0.369295,0.925826,0.357375,0.856398,-0.372646,-0.930492,0.360837,-0.063102,-0.267922,-0.678063,0.004354,0.684420,0.042290,-0.008233,-0.022607,0.005019,0.000126,-0.004371,-0.925826,0.372646,0.063102,0.000000,0.000000,0.000000,-1,-0.927292,0.373795,0.064545,0.046636,-0.113464,-0.014894,101.093872,235.562408,-763.033875,0,0
0.200000,-1.638676,-0.381400,-0.393745,0.079836,0.368968,0.926007,0.356082,0.857122,-0.372221,-0.931038,0.359451,-0.062954,-0.267240,-0.678277,0.004707,0.684471,0.050801,-0.020950,-0.018386,-0.001285,0.001574,0.001591,-0.926007,0.372221,0.062954,0.000000,0.000000,0.000000,-1,-0.927887,0.374542,0.066589,0.042382,-0.121944,-0.013745,100.393051,235.213181,-763.701904,0,0
0.240000,-1.638957,-0.380637,-0.391351,0.078420,0.368606,0.926272,0.354137,0.858234,-0.371512,-0.931900,0.357161,-0.063234,-0.266186,-0.678794,0.005285,0.684365,0.024246,-0.009289,-0.013886,0.002230,0.003167,-0.003892,-0.926272,0.371512,0.063234,0.000000,0.000000,0.000000,-1,-0.922699,0.375488,0.055923,0.025407,-0.107092,-0.007243,98.991394,233.816223,-763.367859,0,0
0.280000,-1.638445,-0.380713,-0.390228,0.078511,0.368576,0.926276,0.353162,0.858605,-0.371582,-0.932262,0.356299,-0.062757,-0.265830,-0.678758,0.005629,0.684536,0.039167,-0.002907,-0.006621,0.004630,0.006759,-0.004682,-0.926276,0.371582,0.062757,0.000000,0.000000,0.000000,-1,-0.923264,0.381653,0.069672,0.058416,-0.100711,0.005129,99.517014,233.990829,-761.196838,0,0
0.320000,-1.637572,-0.381325,-0.388335,0.078842,0.368939,0.926104,0.351451,0.859061,-0.372151,-0.932881,0.354821,-0.061934,-0.265384,-0.678630,0.006384,0.684830,0.061542,0.003477,0.003760,0.002840,0.009502,0.007738,-0.926104,0.372151,0.061934,0.000000,0.000000,0.000000,-1,-0.929337,0.382355,0.066711,0.049953,-0.093276,0.014762,99.517014,233.990829,-761.864868,0,0
0.360000,-1.636403,-0.383014,-0.385513,0.079481,0.370197,0.925547,0.348788,0.859466,-0.373718,-0.933825,0.352523,-0.060809,-0.264964,-0.678379,0.007811,0.685226,0.031804,0.017253,0.010442,-0.003744,0.010635,0.004422,-0.925547,0.373718,0.060809,0.000000,0.000000,0.000000,-1,-0.925720,0.384232,0.062836,0.021247,-0.083737,0.012908,99.867432,235.038559,-761.196838,0,0
0.400000,-1.635789,-0.383725,-0.385044,0.080128,0.370627,0.925319,0.348285,0.859383,-0.374377,-0.933958,0.352273,-0.060223,-0.265032,-0.678137,0.008149,0.685436,0.006272,0.017242,0.006486,0.002864,0.008451,0.000659,-0.925319,0.374377,0.060223,0.000000,0.000000,0.000000,-1,-0.926422,0.383118,0.061249,-0.003210,-0.080560,0.011036,98.465790,233.990829,-761.864868,0,0
0.440000,-1.635386,-0.384364,-0.385119,0.080754,0.371027,0.925104,0.348260,0.859135,-0.374970,-0.933913,0.352457,-0.059835,-0.265261,-0.677904,0.008302,0.685575,-0.003283,0.020421,0.009784,-0.001318,0.008148,0.001413,-0.925104,0.374970,0.059835,0.000000,0.000000,0.000000,-1,-0.923691,0.382584,0.053070,-0.011715,-0.075260,0.010042,101.444290,234.863937,-763.033875,0,0
0.480000,-1.634164,-0.385406,-0.385742,0.082489,0.371439,0.924786,0.348648,0.858555,-0.375936,-0.933617,0.353435,-0.058680,-0.265807,-0.677264,0.008306,0.685996,-0.011797,0.016186,0.006733,0.002468,0.005671,-0.005091,-0.924786,0.375936,0.058680,0.000000,0.000000,0.000000,-1,-0.919189,0.381165,0.052307,-0.010651,-0.078439,0.011109,100.217850,234.340073,-763.534851,0,0
0.520000,-1.633311,-0.385875,-0.385847,0.083487,0.371530,0.924660,0.348671,0.858355,-0.376370,-0.933519,0.353824,-0.057880,-0.265994,-0.676895,0.008327,0.686288,-0.003285,0.024674,0.005549,0.003746,0.002033,-0.001530,-0.924660,0.376370,0.057880,0.000000,0.000000,0.000000,-1,-0.919601,0.375916,0.054337,-0.008534,-0.080563,0.008967,100.568253,233.641602,-764.202881,0,0
0.560000,-1.632620,-0.386145,-0.385993,0.084280,0.371504,0.924598,0.348758,0.858210,-0.376620,-0.933415,0.354203,-0.057235,-0.266132,-0.676603,0.008283,0.686523,-0.010736,0.015135,0.004615,0.004997,-0.000705,-0.002898,-0.924598,0.376620,0.057235,0.000000,0.000000,0.000000,-1,-0.921066,0.377548,0.055695,-0.027666,-0.085861,0.011330,100.743454,234.165451,-763.033875,0,0
0.600000,-1.632645,-0.386538,-0.387617,0.084997,0.371712,0.924449,0.350095,0.857506,-0.376984,-0.932850,0.355688,-0.057249,-0.266805,-0.676343,0.007872,0.686523,-0.041554,0.005599,0.010321,0.002101,0.002060,-0.004606,-0.924449,0.376984,0.057249,0.000000,0.000000,0.000000,-1,-0.921173,0.374374,0.047791,-0.045738,-0.094339,0.013695,100.568253,234.689316,-762.866882,0,0
0.640000,-1.632266,-0.386761,-0.389000,0.085943,0.371649,0.924387,0.351249,0.856943,-0.377190,-0.932329,0.357107,-0.056893,-0.267345,-0.675998,0.007427,0.686657,-0.025589,0.014101,0.011168,0.000635,-0.004281,-0.006082,-0.924387,0.377190,0.056893,0.000000,0.000000,0.000000,-1,-0.923935,0.371338,0.052841,-0.022329,-0.083732,0.016580,102.495514,235.213181,-762.365845,0,0
0.680000,-1.631663,-0.386888,-0.389564,0.086760,0.371494,0.924373,0.351714,0.856700,-0.377308,-0.932078,0.357850,-0.056333,-0.267578,-0.675698,0.007199,0.686864,-0.020258,0.017296,0.013214,0.000438,-0.005970,-0.003492,-0.924373,0.377308,0.056333,0.000000,0.000000,0.000000,-1,-0.927887,0.368118,0.056290,-0.019124,-0.084786,0.020804,99.867432,234.689316,-762.532837,0,0
0.720000,-1.630968,-0.386872,-0.390486,0.087744,0.371151,0.924418,0.352506,0.856381,-0.377294,-0.931687,0.358968,-0.055691,-0.267887,-0.675338,0.006784,0.687102,-0.013866,0.018364,0.016296,-0.001028,-0.007589,0.000385,-0.924418,0.377294,0.055691,0.000000,0.000000,0.000000,-1,-0.925034,0.369339,0.056976,-0.022306,-0.079483,0.021879,100.568253,233.641602,-763.200867,0,0
0.760000,-1.630688,-0.387056,-0.391263,0.088358,0.371139,0.924364,0.353146,0.856043,-0.377464,-0.931387,0.359787,-0.055428,-0.268208,-0.675113,0.006546,0.687200,-0.024482,0.025787,0.019558,-0.000532,-0.005760,0.001762,-0.924364,0.377464,0.055428,0.000000,0.000000,0.000000,-1,-0.921768,0.370590,0.052612,-0.026537,-0.077355,0.027235,101.269073,235.038559,-764.202881,0,0
0.800000,-1.630217,-0.387444,-0.392048,0.089224,0.371231,0.924244,0.353761,0.855630,-0.377823,-0.931071,0.360672,-0.054984,-0.268597,-0.674795,0.006354,0.687363,-0.021287,0.010954,0.023836,0.002476,-0.007232,-0.002372,-0.924244,0.377823,0.054984,0.000000,0.000000,0.000000,-1,-0.925995,0.373825,0.057755,-0.015909,-0.093255,0.029317,100.568253,233.641602,-763.534851,0,0
0.840000,-1.630401,-0.388050,-0.392780,0.089540,0.371749,0.924005,0.354300,0.855159,-0.378384,-0.930835,0.361255,-0.055140,-0.269035,-0.674678,0.006347,0.687306,-0.005381,-0.000746,0.021564,-0.003653,-0.005856,0.003912,-0.924005,0.378384,0.055140,0.000000,0.000000,0.000000,-1,-0.927689,0.377121,0.053421,-0.007424,-0.102801,0.026075,99.867432,235.387802,-763.200867,0,0
0.880000,-1.630633,-0.388836,-0.392917,0.089653,0.372492,0.923695,0.354303,0.854836,-0.379112,-0.930823,0.361256,-0.055336,-0.269330,-0.674633,0.006617,0.687232,0.006299,-0.011348,0.019349,-0.001186,-0.000663,-0.004921,-0.923695,0.379112,0.055336,0.000000,0.000000,0.000000,-1,-0.924149,0.376816,0.049728,0.017024,-0.103863,0.024747,101.269073,234.340073,-762.866882,0,0
0.920000,-1.630287,-0.389329,-0.392290,0.089915,0.372844,0.923527,0.353695,0.854885,-0.379568,-0.931029,0.360776,-0.055006,-0.269275,-0.674532,0.006965,0.687349,0.025456,0.001384,0.021205,0.000462,-0.004537,-0.004637,-0.923527,0.379568,0.055006,0.000000,0.000000,0.000000,-1,-0.923798,0.378235,0.054977,0.029792,-0.095380,0.025631,98.465790,235.387802,-762.866882,0,0
0.960000,-1.629721,-0.390091,-0.391077,0.090258,0.373400,0.923269,0.352548,0.855045,-0.380273,-0.931431,0.359819,-0.054467,-0.269109,-0.674399,0.007582,0.687539,0.026509,0.005618,0.017980,0.000387,-0.000802,0.001671,-0.923269,0.380273,0.054467,0.000000,0.000000,0.000000,-1,-0.921036,0.380096,0.055923,0.013844,-0.091141,0.024724,101.969910,234.689316,-764.202881,0,0
1.000000,-1.629299,-0.391116,-0.390556,0.090817,0.374170,0.922903,0.351954,0.854868,-0.381220,-0.931601,0.359440,-0.054054,-0.269259,-0.674186,0.008076,0.687683,0.012752,0.010940,0.034064,-0.001307,-0.000101,-0.000343,-0.922903,0.381220,0.054054,0.000000,0.000000,0.000000,-1,-0.923782,0.377747,0.050842,0.011808,-0.072027,0.044871,99.867432,234.689316,-762.532837,0,0
1.040000,-1.628210,-0.392091,-0.390157,0.092025,0.374647,0.922589,0.351471,0.854665,-0.382121,-0.931665,0.359428,-0.053027,-0.269438,-0.673733,0.008421,0.688052,0.009602,0.035337,0.039301,-0.001193,-0.004375,-0.002185,-0.922590,0.382121,0.053027,0.000000,0.000000,0.000000,-1,-0.918839,0.385406,0.050842,0.003287,-0.066734,0.039623,100.217850,235.038559,-762.198853,0,0
1.080000,-1.626194,-0.394302,-0.389741,0.094522,0.375846,0.921849,0.350794,0.854027,-0.384164,-0.931670,0.359691,-0.051120,-0.270007,-0.672797,0.009094,0.688736,0.017014,0.013070,0.035066,0.003621,0.002143,-0.004581,-0.921849,0.384164,0.051120,0.000000,0.000000,0.000000,-1,-0.919525,0.385406,0.045898,0.022403,-0.094299,0.039536,100.217850,234.689316,-763.200867,0,0
1.120000,-1.625460,-0.395458,-0.388720,0.095226,0.376666,0.921442,0.349753,0.853973,-0.385231,-0.931990,0.358961,-0.050420,-0.270033,-0.672526,0.009766,0.688981,0.039329,0.000352,0.033815,0.000116,-0.000862,-0.005330,-0.921442,0.385231,0.050420,0.000000,0.000000,0.000000,-1,-0.924301,0.385849,0.050751,0.033002,-0.099611,0.031997,100.042633,235.213181,-763.367859,0,0
1.160000,-1.624863,-0.396272,-0.387527,0.095616,0.377260,0.921158,0.348615,0.854099,-0.385982,-0.932376,0.358035,-0.049853,-0.269893,-0.672372,0.010391,0.689177,0.035040,0.004579,0.023204,-0.003143,-0.000133,0.000898,-0.921158,0.385982,0.049853,0.000000,0.000000,0.000000,-1,-0.919052,0.392822,0.051926,0.018079,-0.087968,0.019345,100.743454,234.863937,-763.033875,0,0
1.200000,-1.623954,-0.397617,-0.387078,0.096762,0.378125,0.920684,0.348036,0.853774,-0.387222,-0.932474,0.357899,-0.048988,-0.270174,-0.671937,0.010910,0.689483,-0.008574,0.020462,0.014051,0.006194,0.006470,-0.001594,-0.920684,0.387222,0.048988,0.000000,0.000000,0.000000,-1,-0.914307,0.392212,0.043076,-0.011682,-0.078426,0.019630,100.393051,234.165451,-762.699829,0,0
1.240000,-1.623280,-0.398549,-0.387271,0.097787,0.378659,0.920356,0.348064,0.853372,-0.388081,-0.932357,0.358292,-0.048348,-0.270538,-0.671553,0.011090,0.689712,-0.002170,0.018355,0.020384,0.005988,0.006053,-0.002908,-0.920356,0.388081,0.048349,0.000000,0.000000,0.000000,-1,-0.919342,0.393524,0.042786,0.005368,-0.084770,0.031171,98.991394,234.165451,-762.365845,0,0
1.280000,-1.622514,-0.399613,-0.387024,0.098778,0.379315,0.919980,0.347696,0.853076,-0.389061,-0.932389,0.358304,-0.047622,-0.270797,-0.671178,0.011456,0.689970,0.009553,0.015191,0.027723,0.000638,0.004463,-0.004836,-0.919980,0.389061,0.047622,0.000000,0.000000,0.000000,-1,-0.922363,0.390594,0.044540,0.007503,-0.072048,0.031090,99.341812,235.562408,-762.699829,0,0
1.320000,-1.620416,-0.401369,-0.386554,0.101164,0.380106,0.919394,0.347037,0.852605,-0.390679,-0.932379,0.358587,-0.045658,-0.271209,-0.670279,0.011970,0.690672,0.004237,0.027913,0.024539,-0.000604,0.004234,-0.001315,-0.919394,0.390679,0.045658,0.000000,0.000000,0.000000,-1,-0.920456,0.396423,0.045212,0.001106,-0.075235,0.026920,100.568253,235.387802,-763.534851,0,0
1.360000,-1.619838,-0.402262,-0.386576,0.102021,0.380656,0.919071,0.346925,0.852274,-0.391501,-0.932328,0.358790,-0.045109,-0.271503,-0.669956,0.012206,0.690866,-0.001112,0.015179,0.018280,-0.000652,0.007074,0.003627,-0.919071,0.391501,0.045109,0.000000,0.000000,0.000000,-1,-0.918900,0.396240,0.044540,-0.010614,-0.087963,0.022852,98.816193,235.038559,-762.866882,0,0
1.400000,-1.619629,-0.403054,-0.386891,0.102611,0.381223,0.918771,0.347076,0.851877,-0.392230,-0.932207,0.359130,-0.044902,-0.271862,-0.669733,0.012355,0.690939,-0.012811,0.015175,0.017353,-0.000129,0.004011,-0.000361,-0.918771,0.392230,0.044902,0.000000,0.000000,0.000000,-1,-0.916153,0.395233,0.041092,-0.020188,-0.084786,0.020816,98.816193,236.435516,-763.200867,0,0
1.440000,-1.618784,-0.404161,-0.387580,0.104045,0.381790,0.918374,0.347499,0.851235,-0.393247,-0.931890,0.360050,-0.044104,-0.272449,-0.669196,0.012402,0.691226,-0.005366,0.024698,0.019348,0.001199,0.002535,-0.004447,-0.918374,0.393247,0.044104,0.000000,0.000000,0.000000,-1,-0.918304,0.393875,0.041061,-0.004219,-0.072059,0.023774,100.042633,235.911652,-762.699829,0,0
1.480000,-1.617338,-0.405139,-0.387436,0.105677,0.382116,0.918052,0.347230,0.850929,-0.394147,-0.931807,0.360428,-0.042759,-0.272721,-0.668583,0.012608,0.691709,0.009549,0.033191,0.025529,-0.000512,-0.001309,-0.001331,-0.918052,0.394147,0.042759,0.000000,0.000000,0.000000,-1,-0.921875,0.392029,0.044876,0.014952,-0.068865,0.032058,101.444290,235.562408,-764.035889,0,0
1.520000,-1.616319,-0.405788,-0.387009,0.106688,0.382345,0.917840,0.346771,0.850839,-0.394743,-0.931862,0.360395,-0.041811,-0.272791,-0.668200,0.012851,0.692047,0.016998,0.027893,0.028659,-0.004035,-0.002714,0.003065,-0.917840,0.394743,0.041811,0.000000,0.000000,0.000000,-1,-0.914307,0.394424,0.037262,0.002165,-0.075236,0.025845,101.269073,235.387802,-763.868896,0,0
1.560000,-1.615225,-0.406756,-0.386787,0.107958,0.382797,0.917503,0.346437,0.850563,-0.395632,-0.931840,0.360569,-0.040790,-0.273032,-0.667719,0.013128,0.692411,-0.000066,0.002435,0.019385,0.001564,-0.004213,-0.003757,-0.917503,0.395632,0.040790,0.000000,0.000000,0.000000,-1,-0.917816,0.390137,0.040268,0.004253,-0.105988,0.021706,102.145111,235.213181,-764.035889,0,0
1.600000,-1.615514,-0.407318,-0.386203,0.107659,0.383442,0.917269,0.345857,0.850559,-0.396148,-0.932091,0.359892,-0.041046,-0.273014,-0.667822,0.013572,0.692310,0.009450,-0.020922,0.014024,-0.001295,-0.002029,0.000886,-0.917269,0.396148,0.041046,0.000000,0.000000,0.000000,-1,-0.917587,0.395187,0.043167,-0.017066,-0.121909,0.010312,99.341812,233.816223,-762.365845,0,0
1.640000,-1.616459,-0.407453,-0.386652,0.106997,0.383849,0.917176,0.346219,0.850353,-0.396272,-0.932032,0.359943,-0.041910,-0.273200,-0.668069,0.013595,0.691997,-0.029936,-0.017764,0.000615,0.001221,-0.001680,0.003363,-0.917176,0.396272,0.041910,0.000000,0.000000,0.000000,-1,-0.916656,0.397247,0.039917,-0.036222,-0.131456,0.007375,100.217850,234.689316,-762.198853,0,0
1.680000,-1.618262,-0.407594,-0.387902,0.105846,0.384484,0.917043,0.347260,0.849868,-0.396402,-0.931776,0.360410,-0.043561,-0.273651,-0.668502,0.013460,0.691403,-0.017150,-0.049549,0.014446,-0.002253,0.001822,-0.003811,-0.917043,0.396402,0.043561,0.000000,0.000000,0.000000,-1,-0.916428,0.404465,0.043930,-0.013844,-0.142034,0.023132,101.269073,236.086273,-762.532837,0,0
1.720000,-1.620118,-0.408833,-0.387867,0.104533,0.386208,0.916469,0.347044,0.849425,-0.397539,-0.932005,0.359611,-0.045239,-0.274019,-0.668979,0.014174,0.690782,0.020103,-0.067550,0.029015,0.001751,0.006956,0.000721,-0.916469,0.397539,0.045239,0.000000,0.000000,0.000000,-1,-0.919830,0.406265,0.046875,0.028701,-0.180182,0.035600,99.517014,235.038559,-763.868896,0,0
1.760000,-1.623101,-0.410856,-0.386447,0.101901,0.389139,0.915525,0.345534,0.849170,-0.399394,-0.932857,0.357044,-0.047930,-0.274162,-0.669925,0.015804,0.689772,0.040318,-0.093024,0.043718,-0.006533,0.014302,0.002455,-0.915525,0.399394,0.047930,0.000000,0.000000,0.000000,-1,-0.925903,0.426407,0.049423,0.038370,-0.188621,0.064251,100.918671,237.483231,-761.864868,0,0
1.800000,-1.626007,-0.414619,-0.384979,0.099909,0.393510,0.913875,0.343720,0.848278,-0.402841,-0.933742,0.354365,-0.050507,-0.274835,-0.670611,0.018072,0.688781,0.031972,-0.079184,0.083124,-0.007847,0.027686,-0.000901,-0.913875,0.402841,0.050507,0.000000,0.000000,0.000000,-1,-0.910858,0.440292,0.041504,0.019387,-0.170541,0.101609,100.743454,235.911652,-763.701904,0,0
1.840000,-1.627471,-0.423205,-0.384761,0.101395,0.401309,0.910313,0.342224,0.845116,-0.410685,-0.934132,0.353173,-0.051647,-0.277456,-0.669957,0.021461,0.688270,-0.016624,-0.026057,0.152603,0.009938,0.031454,-0.020580,-0.910313,0.410685,0.051647,0.000000,0.000000,0.000000,-1,-0.895874,0.437881,0.026947,-0.018498,-0.074996,0.185629,101.794693,236.260895,-763.367859,0,0
1.880000,-1.626025,-0.429955,-0.385057,0.105169,0.406453,0.907598,0.341425,0.842426,-0.416830,-0.934007,0.353715,-0.050176,-0.279696,-0.668475,0.023604,0.688734,-0.012158,0.048234,0.191600,0.014074,0.023295,-0.025686,-0.907599,0.416830,0.050176,0.000000,0.000000,0.000000,-1,-0.875763,0.437897,0.033279,-0.002373,-0.018751,0.221364,100.393051,236.610138,-763.033875,0,0
1.920000,-1.621606,-0.440729,-0.385153,0.113000,0.413918,0.903274,0.339799,0.838182,-0.426599,-0.933685,0.355137,-0.045935,-0.283175,-0.665417,0.026849,0.690154,0.005078,0.122486,0.251603,0.026778,0.011145,-0.007971,-0.903274,0.426599,0.045935,0.000000,0.000000,0.000000,-1,-0.879562,0.446411,0.032867,0.006350,0.037510,0.267818,99.867432,237.483231,-761.530823,0,0
1.960000,-1.615823,-0.453230,-0.385397,0.122731,0.422263,0.898126,0.337973,0.833092,-0.437872,-0.933119,0.357283,-0.040467,-0.287274,-0.661594,0.030453,0.691982,-0.011754,0.136341,0.295361,0.018884,0.010874,-0.006684,-0.898126,0.437872,0.040467,0.000000,0.000000,0.000000,-1,-0.878464,0.451263,0.031448,-0.025368,0.048179,0.312795,99.517014,237.134003,-762.198853,0,0
2.000000,-1.609801,-0.466917,-0.387438,0.133835,0.431187,0.892281,0.337376,0.826774,-0.450135,-0.931808,0.361278,-0.034821,-0.292353,-0.657221,0.033800,0.693864,-0.054110,0.174569,0.331836,0.007119,0.002562,-0.010117,-0.892281,0.450135,0.034821,0.000000,0.000000,0.000000,-1,-0.882935,0.460510,0.014862,-0.082670,0.073659,0.336714,99.166611,237.483231,-763.534851,0,0
2.040000,-1.602247,-0.483980,-0.391948,0.148593,0.441819,0.884712,0.338118,0.818026,-0.465306,-0.929299,0.368279,-0.027834,-0.299333,-0.651396,0.037238,0.696201,-0.085969,0.166118,0.340743,0.008354,-0.005040,-0.014818,-0.884712,0.465306,0.027834,0.000000,0.000000,0.000000,-1,-0.868057,0.469467,0.012482,-0.084733,0.083223,0.351585,100.568253,237.832474,-762.198853,0,0
2.080000,-1.597030,-0.494763,-0.394648,0.158285,0.448258,0.879779,0.338376,0.812431,-0.474823,-0.927603,0.372853,-0.023085,-0.303701,-0.647540,0.039368,0.697788,-0.073168,0.215876,0.361470,0.015109,-0.004776,-0.012022,-0.879779,0.474823,0.023085,0.000000,0.000000,0.000000,-1,-0.867828,0.483658,0.021408,-0.066539,0.121427,0.375678,100.568253,239.578674,-763.534851,0,0
2.120000,-1.589226,-0.510615,-0.396833,0.171859,0.457781,0.872296,0.337199,0.804646,-0.488714,-0.925614,0.378127,-0.016078,-0.309552,-0.642041,0.043060,0.700076,-0.002819,0.218068,0.408558,0.000592,-0.002233,0.012121,-0.872296,0.488714,0.016078,0.000000,0.000000,0.000000,-1,-0.883606,0.479462,0.037308,0.037789,0.102406,0.416099,101.619492,240.277161,-767.208923,0,0
2.160000,-1.581071,-0.529152,-0.395504,0.184995,0.469766,0.863190,0.332582,0.796596,-0.504802,-0.924752,0.380467,-0.008869,-0.315146,-0.636488,0.048836,0.702268,0.078902,0.141680,0.389895,-0.027359,-0.032893,0.035991,-0.863190,0.504802,0.008869,0.000000,0.000000,0.000000,-1,-0.899246,0.465164,0.048599,0.088641,0.014364,0.386151,99.692230,241.150253,-765.705933,0,0
2.200000,-1.578869,-0.537709,-0.393499,0.188915,0.476106,0.858856,0.329315,0.793243,-0.512170,-0.925128,0.379591,-0.006933,-0.317256,-0.634677,0.052223,0.702713,0.089309,0.056782,0.350772,-0.040161,-0.049767,0.038095,-0.858856,0.512170,0.006933,0.000000,0.000000,0.000000,-1,-0.901001,0.462296,0.033340,0.093745,-0.082170,0.349301,100.918671,240.626404,-764.870911,0,0
2.240000,-1.578629,-0.546268,-0.390030,0.190273,0.483450,0.854443,0.324883,0.790297,-0.519502,-0.926416,0.376441,-0.006692,-0.318853,-0.633782,0.056432,0.702474,0.097531,0.006836,0.289153,-0.034626,-0.046937,0.026221,-0.854443,0.519502,0.006692,0.000000,0.000000,0.000000,-1,-0.869751,0.490112,0.006821,0.078544,-0.105615,0.269795,100.918671,241.324875,-763.200867,0,0
2.280000,-1.577427,-0.554024,-0.387035,0.192435,0.489690,0.850395,0.320984,0.787511,-0.526114,-0.927328,0.374206,-0.005638,-0.320376,-0.632597,0.060033,0.702550,0.027147,-0.005972,0.235701,-0.008461,-0.026984,-0.005394,-0.850395,0.526114,0.005638,0.000000,0.000000,0.000000,-1,-0.832413,0.520706,-0.010376,-0.005575,-0.094008,0.233440,99.867432,242.372604,-764.870911,0,0
2.320000,-1.576093,-0.562993,-0.388203,0.197121,0.496004,0.845650,0.320105,0.782737,-0.533719,-0.926648,0.375904,-0.004479,-0.323598,-0.630495,0.062576,0.702741,-0.056811,0.089432,0.224496,0.015465,-0.007841,-0.019494,-0.845650,0.533719,0.004479,0.000000,0.000000,0.000000,-1,-0.820023,0.547546,-0.025040,-0.050121,-0.012355,0.245263,100.217850,241.324875,-765.538879,0,0
2.360000,-1.574339,-0.570134,-0.389979,0.201916,0.500563,0.841824,0.320037,0.778622,-0.539745,-0.925638,0.378398,-0.002982,-0.326449,-0.628428,0.064187,0.703128,-0.037576,0.087351,0.250886,0.021801,0.007802,-0.028022,-0.841824,0.539745,0.002982,0.000000,0.000000,0.000000,-1,-0.813889,0.566833,-0.009445,-0.022414,-0.026107,0.265231,100.918671,243.420319,-763.534851,0,0
2.400000,-1.571101,-0.583765,-0.389081,0.208798,0.510089,0.834394,0.316517,0.772029,-0.551169,-0.925322,0.379183,-0.000254,-0.330538,-0.625197,0.068773,0.703664,0.053936,0.032269,0.283102,0.019330,0.017083,-0.001475,-0.834394,0.551169,0.000254,0.000000,0.000000,0.000000,-1,-0.813354,0.562927,0.008148,0.050996,-0.081200,0.290199,100.217850,244.118805,-765.204895,0,0
2.440000,-1.569110,-0.597830,-0.388566,0.214803,0.520252,0.826558,0.313152,0.764942,-0.562850,-0.925092,0.379740,0.001394,-0.334838,-0.622243,0.073569,0.703765,-0.060870,0.070429,0.279940,0.010320,-0.005828,0.008260,-0.826558,0.562850,-0.001394,0.000000,0.000000,0.000000,-1,-0.824188,0.558914,-0.002182,-0.127563,0.007850,0.286447,100.743454,244.293411,-764.703857,0,0
2.480000,-1.568571,-0.603447,-0.391017,0.218342,0.523802,0.823382,0.313816,0.761237,-0.567484,-0.924038,0.382296,0.001833,-0.337369,-0.620698,0.074589,0.703813,-0.125689,0.107537,0.281551,-0.000806,-0.008570,-0.000349,-0.823382,0.567484,-0.001833,0.000000,0.000000,0.000000,-1,-0.833633,0.557785,-0.016800,-0.156268,0.013149,0.285676,99.692230,245.341141,-764.369873,0,0
2.520000,-1.567991,-0.615382,-0.401172,0.228004,0.530340,0.816550,0.318862,0.751722,-0.577270,-0.919968,0.391986,0.002291,-0.344235,-0.616731,0.075107,0.703921,-0.198054,0.126596,0.257774,-0.024377,-0.012604,-0.010618,-0.816550,0.577270,-0.002291,0.000000,0.000000,0.000000,-1,-0.844208,0.569702,-0.005234,-0.195730,0.025817,0.249887,100.217850,244.468033,-766.540894,0,0
2.560000,-1.568465,-0.622083,-0.410483,0.234677,0.533389,0.812664,0.324296,0.745157,-0.582729,-0.916383,0.400297,0.001895,-0.349151,-0.614122,0.074265,0.703869,-0.198347,0.107403,0.183374,-0.033878,-0.012417,-0.001020,-0.812664,0.582729,-0.001895,0.000000,0.000000,0.000000,-1,-0.846176,0.565063,-0.004776,-0.200309,-0.010350,0.170322,100.217850,245.166519,-764.536865,0,0
2.600000,-1.570953,-0.624986,-0.419605,0.238221,0.534393,0.810971,0.330390,0.740619,-0.585086,-0.913287,0.407316,-0.000127,-0.352749,-0.612888,0.072513,0.703334,-0.183747,0.030981,0.122886,-0.032535,-0.023807,-0.009465,-0.810971,0.585086,0.000127,0.000000,0.000000,0.000000,-1,-0.831390,0.568283,-0.020538,-0.166548,-0.099483,0.119294,100.918671,246.563477,-764.536865,0,0
2.640000,-1.573785,-0.627235,-0.426389,0.240015,0.535593,0.809650,0.334861,0.737161,-0.586908,-0.911186,0.411987,-0.002420,-0.355413,-0.612284,0.071421,0.702630,-0.135997,-0.022037,0.106613,-0.014996,-0.012537,-0.025400,-0.809650,0.586908,0.002420,0.000000,0.000000,0.000000,-1,-0.820801,0.587921,-0.020203,-0.117666,-0.113271,0.115626,100.217850,245.166519,-765.538879,0,0
2.680000,-1.573664,-0.631036,-0.429207,0.242912,0.537659,0.807414,0.336006,0.734181,-0.589981,-0.909996,0.414610,-0.002315,-0.357437,-0.611062,0.071749,0.702634,-0.039133,0.031022,0.123377,-0.013067,-0.000885,-0.023479,-0.807414,0.589981,0.002316,0.000000,0.000000,0.000000,-1,-0.815140,0.589493,-0.020584,-0.015522,-0.082501,0.130317,101.444290,246.039612,-766.039917,0,0
2.720000,-1.571287,-0.636831,-0.427334,0.246004,0.541379,0.803984,0.333208,0.731685,-0.594650,-0.910195,0.414180,-0.000395,-0.358718,-0.609524,0.074021,0.703081,0.034261,0.006672,0.135435,-0.000062,-0.012482,-0.003324,-0.803984,0.594650,0.000395,0.000000,0.000000,0.000000,-1,-0.812820,0.579636,0.002090,0.039828,-0.094133,0.149970,101.093872,246.039612,-764.703857,0,0
2.760000,-1.570299,-0.640147,-0.425675,0.247105,0.543804,0.802008,0.331178,0.730437,-0.597314,-0.910637,0.413206,0.000399,-0.359260,-0.608879,0.075593,0.703196,0.052366,-0.003916,0.145906,-0.019113,-0.016289,0.000643,-0.802008,0.597314,-0.000399,0.000000,0.000000,0.000000,-1,-0.825089,0.590729,-0.004089,0.049353,-0.108989,0.141422,100.918671,247.611191,-766.206909,0,0
2.800000,-1.569777,-0.643227,-0.423699,0.247520,0.546325,0.800164,0.328976,0.729410,-0.599780,-0.911323,0.411692,0.000816,-0.359616,-0.608497,0.077276,0.703162,0.008548,-0.038984,0.092275,-0.020759,-0.007449,-0.002618,-0.800164,0.599780,-0.000816,0.000000,0.000000,0.000000,-1,-0.809753,0.597000,0.000443,-0.018960,-0.147253,0.077461,100.568253,247.611191,-765.538879,0,0
2.840000,-1.572352,-0.644881,-0.426060,0.247011,0.548008,0.799170,0.330286,0.727726,-0.601103,-0.910987,0.412434,-0.001243,-0.360738,-0.608679,0.077491,0.702406,-0.087409,-0.011636,0.038771,-0.005990,-0.005446,-0.004661,-0.799170,0.601103,0.001243,0.000000,0.000000,0.000000,-1,-0.795151,0.602249,-0.009918,-0.119033,-0.098554,0.031541,100.568253,246.912720,-764.870911,0,0
2.880000,-1.575139,-0.646403,-0.432488,0.248505,0.548676,0.798248,0.334574,0.724757,-0.602319,-0.909014,0.416752,-0.003466,-0.363048,-0.608218,0.076275,0.701747,-0.109758,0.012739,0.026145,0.009918,0.004157,-0.013461,-0.798248,0.602319,0.003467,0.000000,0.000000,0.000000,-1,-0.787643,0.594864,-0.003296,-0.089244,-0.096426,0.036522,101.619492,246.214233,-764.870911,0,0
2.920000,-1.576072,-0.647804,-0.434716,0.249350,0.549525,0.797400,0.335832,0.723243,-0.603437,-0.908318,0.418259,-0.004207,-0.364113,-0.607886,0.076156,0.701496,-0.039486,0.000066,0.055214,0.009756,-0.008573,-0.007503,-0.797400,0.603437,0.004207,0.000000,0.000000,0.000000,-1,-0.811066,0.588409,-0.002594,-0.013599,-0.092121,0.078217,100.393051,248.135056,-766.373901,0,0
2.960000,-1.574796,-0.650970,-0.431323,0.249699,0.552129,0.795490,0.332576,0.722640,-0.605958,-0.909420,0.415868,-0.003182,-0.364088,-0.607479,0.078229,0.701633,0.118009,-0.067704,0.106952,-0.026165,-0.009843,-0.002999,-0.795490,0.605958,0.003182,0.000000,0.000000,0.000000,-1,-0.824295,0.600922,0.001450,0.132117,-0.173706,0.111018,101.794693,247.785812,-764.369873,0,0
3.000000,-1.573819,-0.652969,-0.426118,0.248370,0.554466,0.794280,0.328308,0.723256,-0.607547,-0.911332,0.411665,-0.002401,-0.363151,-0.607719,0.080581,0.701645,0.138161,-0.078322,0.096128,-0.029252,-0.000293,-0.000692,-0.794280,0.607547,0.002401,0.000000,0.000000,0.000000,-1,-0.809708,0.619339,-0.003799,0.128863,-0.185390,0.096215,100.918671,248.309677,-763.868896,0,0
3.040000,-1.573385,-0.655893,-0.420139,0.246393,0.557883,0.792501,0.323252,0.723581,-0.609867,-0.913673,0.406444,-0.002052,-0.362237,-0.608120,0.083628,0.701413,0.084895,-0.088962,0.069102,-0.012049,0.012966,-0.009574,-0.792501,0.609867,0.002052,0.000000,0.000000,0.000000,-1,-0.774429,0.622437,-0.013596,0.067104,-0.186489,0.071371,101.619492,247.261963,-765.204895,0,0
3.080000,-1.574051,-0.660606,-0.416215,0.245099,0.562523,0.789617,0.319245,0.722208,-0.613595,-0.915428,0.402472,-0.002570,-0.362444,-0.608210,0.086780,0.700845,0.024345,-0.077274,0.078241,0.016454,0.008124,-0.014273,-0.789617,0.613595,0.002570,0.000000,0.000000,0.000000,-1,-0.776001,0.623978,-0.009933,0.021478,-0.169495,0.092008,101.969910,247.611191,-763.868896,0,0
3.120000,-1.574575,-0.663993,-0.414724,0.244856,0.566334,0.786987,0.316618,0.720494,-0.616962,-0.916426,0.400193,-0.002951,-0.363055,-0.608002,0.089132,0.700414,0.039295,-0.061342,0.090777,-0.003647,-0.000888,-0.016378,-0.786987,0.616962,0.002951,0.000000,0.000000,0.000000,-1,-0.802872,0.609665,-0.016922,0.044845,-0.167384,0.085359,100.393051,248.484299,-764.369873,0,0
3.160000,-1.574414,-0.666257,-0.411514,0.243900,0.567894,0.786135,0.314454,0.720511,-0.618048,-0.917405,0.397945,-0.002844,-0.362710,-0.608164,0.090478,0.700280,0.049777,-0.076234,0.052427,-0.017957,-0.007162,-0.017386,-0.786135,0.618048,0.002844,0.000000,0.000000,0.000000,-1,-0.805740,0.619308,-0.005249,0.046806,-0.169570,0.041734,101.269073,246.912720,-764.536865,0,0
3.200000,-1.573809,-0.665573,-0.407960,0.242223,0.568024,0.786560,0.312060,0.722012,-0.617510,-0.918666,0.395029,-0.002370,-0.361449,-0.608720,0.091373,0.700333,0.029337,-0.022270,-0.024193,-0.015412,0.001616,-0.003773,-0.786560,0.617510,0.002370,0.000000,0.000000,0.000000,-1,-0.796631,0.625351,0.002655,0.012547,-0.125150,-0.030421,100.393051,248.135056,-764.369873,0,0
3.240000,-1.575718,-0.663622,-0.408616,0.240231,0.567211,0.787757,0.313011,0.722911,-0.615974,-0.918865,0.394552,-0.003877,-0.360970,-0.609622,0.090803,0.699869,-0.045240,-0.056251,-0.058321,-0.009530,0.004829,0.001356,-0.787757,0.615974,0.003877,0.000000,0.000000,0.000000,-1,-0.805420,0.604797,0.007904,-0.062020,-0.172904,-0.059168,101.794693,247.436584,-765.037903,0,0
3.280000,-1.579824,-0.660578,-0.411245,0.236991,0.566002,0.789606,0.315658,0.723801,-0.613573,-0.918801,0.394657,-0.007128,-0.360666,-0.611134,0.089553,0.698868,-0.076177,-0.090212,-0.079113,-0.020895,-0.015047,0.001096,-0.789606,0.613573,0.007128,0.000000,0.000000,0.000000,-1,-0.819397,0.558624,-0.001968,-0.083394,-0.204746,-0.082190,101.269073,248.309677,-764.870911,0,0
3.320000,-1.587553,-0.651683,-0.415691,0.229565,0.561561,0.794952,0.321064,0.727354,-0.606526,-0.918813,0.394468,-0.013322,-0.359003,-0.614636,0.086253,0.697065,-0.071118,-0.098791,-0.147245,-0.028839,-0.053318,-0.013429,-0.794952,0.606526,0.013322,0.000000,0.000000,0.000000,-1,-0.839661,0.554169,0.011429,-0.062422,-0.193203,-0.162253,100.393051,247.785812,-763.367859,0,0
3.360000,-1.593589,-0.642274,-0.418361,0.222470,0.556473,0.800528,0.325309,0.731677,-0.599018,-0.919065,0.393683,-0.018249,-0.356736,-0.617952,0.083071,0.695683,-0.064148,-0.149856,-0.263051,-0.039377,-0.042514,-0.000427,-0.800528,0.599018,0.018250,0.000000,0.000000,0.000000,-1,-0.848404,0.566986,0.039093,-0.077873,-0.282460,-0.294644,100.743454,248.135056,-764.703857,0,0
3.400000,-1.601822,-0.632390,-0.421195,0.213236,0.551838,0.806229,0.329786,0.736120,-0.591074,-0.919658,0.391921,-0.025022,-0.354308,-0.622074,0.080036,0.693602,-0.101886,-0.283613,-0.375849,-0.052414,-0.018916,0.027957,-0.806229,0.591074,0.025022,0.000000,0.000000,0.000000,-1,-0.916000,0.611008,0.125916,-0.125207,-0.449085,-0.408252,101.619492,247.611191,-761.196838,0,0
3.440000,-1.627965,-0.608045,-0.429698,0.185654,0.542286,0.819425,0.341928,0.746152,-0.571264,-0.921204,0.386242,-0.046897,-0.348712,-0.633915,0.072968,0.686460,-0.208005,-0.492759,-0.563077,-0.122912,0.064295,0.095117,-0.819425,0.571264,0.046897,0.000000,0.000000,0.000000,-1,-0.985092,0.698166,0.153717,-0.230204,-0.616870,-0.588233,99.692230,246.388855,-762.699829,0,0
3.480000,-1.649911,-0.589252,-0.437497,0.163127,0.535306,0.828756,0.352224,0.753055,-0.555739,-0.921590,0.382564,-0.065704,-0.344883,-0.643357,0.067294,0.680161,-0.311598,-0.722942,-0.639612,-0.156336,0.142427,0.088013,-0.828756,0.555739,0.065704,0.000000,0.000000,0.000000,-1,-0.889816,0.700516,0.182449,-0.393416,-0.979572,-0.659258,99.692230,243.245697,-761.029846,0,0
3.520000,-1.701186,-0.557184,-0.459790,0.116151,0.527556,0.841543,0.376640,0.760602,-0.528798,-0.919049,0.378379,-0.110354,-0.341286,-0.662345,0.056775,0.664530,-0.774202,-1.059408,-0.886159,-0.048274,0.171717,0.072095,-0.841543,0.528798,0.110354,0.000000,0.000000,0.000000,-1,-0.682846,0.560608,0.248138,-1.032680,-0.981185,-1.020251,99.867432,241.674118,-759.192810,0,0
3.560000,-1.766409,-0.497318,-0.515251,0.061462,0.502990,0.862104,0.433063,0.764761,-0.477070,-0.899266,0.402667,-0.170823,-0.341878,-0.684493,0.027175,0.643312,-1.440810,-0.406529,-1.018978,0.216596,0.069805,0.074310,-0.862104,0.477070,0.170823,0.000000,0.000000,0.000000,-1,-0.628403,0.531525,0.213684,-1.499692,-0.323750,-0.945738,99.867432,240.626404,-759.192810,0,0
3.600000,-1.788220,-0.462255,-0.558360,0.047756,0.483616,0.873977,0.474194,0.759114,-0.445967,-0.879124,0.435732,-0.193075,-0.347030,-0.690006,0.003708,0.635176,-1.461720,0.194991,-0.765106,0.245574,0.085557,0.020609,-0.873977,0.445967,0.193075,0.000000,0.000000,0.000000,-1,-0.643188,0.473373,0.093719,-1.359876,0.273609,-0.641496,99.692230,238.007095,-759.693848,0,0
3.640000,-1.786303,-0.433702,-0.605226,0.057702,0.459260,0.886426,0.516273,0.746235,-0.420233,-0.854478,0.481886,-0.194044,-0.355497,-0.686035,-0.022467,0.634408,-0.948893,0.782116,-0.219211,0.243238,0.053140,-0.100324,-0.886426,0.420233,0.194044,0.000000,0.000000,0.000000,-1,-0.660736,0.362259,-0.000427,-0.684568,0.729662,0.164874,100.217850,238.181717,-762.198853,0,0
3.680000,-1.764251,-0.444831,-0.637652,0.096915,0.453747,0.885845,0.537377,0.725302,-0.430306,-0.837755,0.517735,-0.173541,-0.369173,-0.671180,-0.032566,0.642004,-0.117034,0.479399,0.813302,0.229442,-0.101082,-0.192416,-0.885845,0.430306,0.173541,0.000000,0.000000,0.000000,-1,-0.709549,0.253998,0.014435,0.129336,0.339658,0.963961,99.867432,238.181717,-762.198853,0,0
3.720000,-1.748342,-0.476505,-0.632091,0.124250,0.468590,0.874635,0.525016,0.716920,-0.458676,-0.841974,0.516188,-0.156940,-0.375589,-0.661364,-0.021740,0.648889,0.739841,0.450143,1.090130,0.165086,-0.204679,-0.142505,-0.874635,0.458676,0.156940,0.000000,0.000000,0.000000,-1,-0.947266,0.171768,0.059830,1.073922,0.345166,1.091808,100.042633,242.547211,-764.035889,0,0
3.760000,-1.682512,-0.533835,-0.555002,0.171708,0.488511,0.855496,0.453627,0.731646,-0.508838,-0.874493,0.475448,-0.095972,-0.366072,-0.643411,0.012974,0.672195,1.905137,0.837675,0.741530,-0.151233,-0.364475,0.006903,-0.855496,0.508838,0.095972,0.000000,0.000000,0.000000,-1,-1.078217,0.041016,0.288956,1.723414,0.720542,0.419195,99.692230,242.547211,-763.701904,0,0
3.800000,-1.622370,-0.551974,-0.486102,0.199072,0.487094,0.850359,0.397802,0.752855,-0.524369,-0.895614,0.442662,-0.043895,-0.350040,-0.631996,0.032321,0.690658,0.756482,-0.032895,-0.041797,-0.168928,-0.398194,0.284200,-0.850359,0.524369,0.043895,0.000000,0.000000,0.000000,-1,-0.938660,0.329712,0.330185,0.170382,-0.546154,-0.098339,99.517014,243.769562,-764.536865,0,0
3.840000,-1.643156,-0.545323,-0.491963,0.180645,0.490135,0.852722,0.403846,0.753568,-0.518695,-0.896814,0.438068,-0.061811,-0.349603,-0.639283,0.031530,0.684179,-0.356661,-0.291950,-0.270886,-0.135086,-0.197451,0.225604,-0.852722,0.518695,0.061811,0.000000,0.000000,0.000000,-1,-1.095413,0.326782,0.166245,-0.210837,-0.161662,-0.337336,100.217850,242.372604,-764.536865,0,0
3.880000,-1.633583,-0.529179,-0.490865,0.182163,0.473918,0.861521,0.406913,0.761297,-0.504825,-0.895119,0.442525,-0.054163,-0.344612,-0.639003,0.024374,0.687259,0.190654,0.596077,-0.492725,-0.278356,-0.145755,0.052145,-0.861521,0.504825,0.054163,0.000000,0.000000,0.000000,-1,-1.067825,0.423798,0.149536,0.007009,0.749800,-0.552340,98.115372,241.324875,-765.204895,0,0
3.920000,-1.602599,-0.507031,-0.491848,0.201176,0.442824,0.873748,0.412841,0.770565,-0.485584,-0.888308,0.458407,-0.027797,-0.338529,-0.631899,0.010752,0.697127,-0.313523,0.707263,-0.577022,-0.191819,-0.049244,0.130117,-0.873748,0.485584,0.027797,0.000000,0.000000,0.000000,-1,-1.058731,0.384552,0.202499,-0.438807,0.389294,-0.570264,99.867432,239.578674,-765.204895,0,0
3.960000,-1.604316,-0.485178,-0.510691,0.198585,0.423013,0.884095,0.432371,0.771724,-0.466366,-0.879556,0.474870,-0.029646,-0.337826,-0.633006,-0.003359,0.696539,-0.334017,-0.271129,-0.454308,-0.161666,-0.111676,0.185671,-0.884095,0.466366,0.029645,0.000000,0.000000,0.000000,-1,-1.026001,0.479431,0.212357,-0.186931,-0.774494,-0.357172,98.816193,238.530960,-766.206909,0,0
4.000000,-1.638210,-0.475638,-0.508154,0.163444,0.431915,0.886981,0.432557,0.776670,-0.457906,-0.886668,0.458512,-0.059886,-0.334163,-0.646744,-0.000234,0.685607,0.393173,-0.786866,-0.071738,-0.326993,0.180262,0.195821,-0.886981,0.457906,0.059886,0.000000,0.000000,0.000000,-1,-1.053558,0.582779,0.092941,0.638684,-0.455854,0.017356,98.816193,239.578674,-764.202881,0,0
4.040000,-1.646382,-0.477861,-0.481649,0.145505,0.441378,0.885445,0.411350,0.786957,-0.459881,-0.899789,0.431142,-0.067055,-0.326191,-0.653549,0.010993,0.682900,0.558560,-0.725153,0.074017,-0.066581,0.160679,-0.028984,-0.885445,0.459880,0.067055,0.000000,0.000000,0.000000,-1,-1.109695,0.776688,0.171249,0.485948,-0.736582,0.171354,98.991394,237.657852,-764.703857,0,0
4.080000,-1.637247,-0.486792,-0.459653,0.147562,0.447773,0.881887,0.392103,0.792101,-0.467793,-0.908009,0.414820,-0.058689,-0.321772,-0.652539,0.020295,0.685743,0.537747,0.763530,0.171772,-0.176554,0.226405,0.117596,-0.881887,0.467793,0.058689,0.000000,0.000000,0.000000,-1,-0.880997,0.536301,0.118484,0.531743,0.807068,0.158564,99.517014,237.832474,-765.204895,0,0
4.120000,-1.599408,-0.493491,-0.438925,0.175330,0.440783,0.880324,0.374261,0.797203,-0.473704,-0.910598,0.412525,-0.025194,-0.317538,-0.641691,0.023835,0.697735,0.342690,0.301218,0.134524,0.107634,0.026586,0.073927,-0.880324,0.473704,0.025194,0.000000,0.000000,0.000000,-1,-0.731567,0.515060,0.116867,0.156210,-0.592504,0.100942,100.393051,236.959381,-767.375916,0,0
4.160000,-1.617558,-0.497284,-0.432472,0.157276,0.452239,0.877921,0.368354,0.797965,-0.477040,-0.916286,0.398412,-0.041083,-0.316383,-0.648416,0.030316,0.691765,0.023464,-1.016759,0.049320,0.124030,0.043498,0.073404,-0.877921,0.477040,0.041083,0.000000,0.000000,0.000000,-1,-0.836777,0.466614,-0.025253,-0.009354,-1.116398,0.003014,101.444290,238.705582,-765.705933,0,0
4.200000,-1.654141,-0.495405,-0.433212,0.123311,0.464922,0.876722,0.369320,0.798504,-0.475388,-0.921085,0.382412,-0.073240,-0.315455,-0.661142,0.035158,0.679812,-0.014037,-0.777342,-0.076866,0.047117,-0.025117,-0.148176,-0.876722,0.475388,0.073240,0.000000,0.000000,0.000000,-1,-0.792053,0.462784,-0.122971,0.033234,-0.857761,-0.033725,101.969910,238.530960,-764.202881,0,0
4.240000,-1.677371,-0.499268,-0.427706,0.100674,0.477304,0.872952,0.364153,0.798848,-0.478783,-0.925882,0.366090,-0.093388,-0.314330,-0.669246,0.042097,0.671963,0.266131,-0.409972,0.277924,0.141354,-0.041573,-0.166158,-0.872952,0.478783,0.093388,0.000000,0.000000,0.000000,-1,-0.738281,0.445053,-0.032959,0.361399,-0.011895,0.547076,103.546753,238.007095,-765.371887,0,0
4.280000,-1.659049,-0.529961,-0.410409,0.120082,0.496884,0.859469,0.344254,0.791176,-0.505500,-0.931165,0.356578,-0.076048,-0.318180,-0.660897,0.056333,0.677350,0.381240,0.513093,0.730952,0.065890,0.010339,-0.138991,-0.859469,0.505500,0.076048,0.000000,0.000000,0.000000,-1,-0.811172,0.545288,-0.106995,0.381506,0.348854,0.731377,103.546753,239.054810,-765.705933,0,0
