0.000000,2.615320,1.249924,-2.439658,0.968057,0.194337,-0.158427,0.203649,-0.240833,0.948961,0.146263,-0.950911,-0.272717,0.787656,0.126320,-0.003861,0.603015,0.013068,0.007610,-0.010759,0.002645,0.005876,-0.004803,0.158427,-0.948961,0.272717,0.000000,0.000000,0.000000,-1,0.158768,-0.943298,0.269623,0.014790,-0.092247,-0.006129,134.383011,207.273972,-796.434326,0,0
0.040000,2.614858,1.249385,-2.439027,0.967947,0.194573,-0.158810,0.204131,-0.241095,0.948791,0.146321,-0.950797,-0.273086,0.787738,0.126535,-0.003964,0.602861,0.019428,0.005483,-0.014014,-0.000042,0.005492,-0.003463,0.158810,-0.948791,0.273086,0.000000,0.000000,0.000000,-1,0.156372,-0.940002,0.270493,0.019036,-0.096490,-0.007220,134.383011,206.226257,-797.102356,0,0
0.080000,2.614775,1.248771,-2.438875,0.967866,0.194717,-0.159126,0.204544,-0.241508,0.948596,0.146277,-0.950662,-0.273576,0.787869,0.126690,-0.004077,0.602657,0.016238,0.001243,-0.012895,-0.003837,0.010700,-0.003053,0.159126,-0.948596,0.273576,0.000000,0.000000,0.000000,-1,0.152908,-0.934082,0.271805,0.009463,-0.097552,-0.008174,133.857391,206.051636,-797.603394,0,0
0.120000,2.615016,1.248276,-2.438931,0.967791,0.194951,-0.159296,0.204835,-0.241879,0.948439,0.146369,-0.950520,-0.274021,0.787986,0.126838,-0.004101,0.602472,-0.000759,0.002309,-0.010575,-0.005441,0.018767,-0.005741,0.159296,-0.948439,0.274021,0.000000,0.000000,0.000000,-1,0.154282,-0.932755,0.264572,-0.011782,-0.094365,-0.003699,134.383011,205.877014,-796.768311,0,0
0.160000,2.612553,1.249001,-2.436073,0.967669,0.195288,-0.159623,0.205079,-0.240769,0.948669,0.146831,-0.950733,-0.273034,0.787634,0.127079,-0.004060,0.602882,-0.013531,0.007606,-0.010457,0.001021,0.006454,-0.008965,0.159623,-0.948669,0.273034,0.000000,0.000000,0.000000,-1,0.162277,-0.945923,0.269943,-0.008607,-0.092251,-0.007999,134.558212,207.448593,-796.601318,0,0
0.200000,2.610972,1.248957,-2.434241,0.967539,0.195563,-0.160076,0.205547,-0.240424,0.948655,0.147036,-0.950764,-0.272817,0.787525,0.127332,-0.004140,0.602971,0.003460,0.006538,-0.013837,0.003117,0.002107,-0.002111,0.160076,-0.948655,0.272817,0.000000,0.000000,0.000000,-1,0.153870,-0.941711,0.268265,0.006273,-0.093312,-0.009221,135.083832,207.273972,-795.766357,0,0
0.240000,2.610597,1.248647,-2.433569,0.967422,0.195931,-0.160329,0.205915,-0.240522,0.948551,0.147288,-0.950663,-0.273032,0.787556,0.127561,-0.004140,0.602882,0.002405,0.000185,-0.009531,-0.007085,0.010074,-0.003684,0.160329,-0.948551,0.273032,0.000000,0.000000,0.000000,-1,0.153320,-0.937805,0.269348,-0.000082,-0.098602,-0.001682,135.259048,207.797836,-795.599365,0,0
0.280000,2.611033,1.248834,-2.433667,0.967404,0.196191,-0.160118,0.205761,-0.240395,0.948616,0.147618,-0.950642,-0.272928,0.787516,0.127601,-0.003968,0.602927,-0.002889,0.007617,-0.004173,-0.006401,0.009712,-0.007852,0.160118,-0.948616,0.272928,0.000000,0.000000,0.000000,-1,0.157639,-0.940430,0.272858,-0.002187,-0.091174,0.002563,132.806152,206.750107,-795.933350,0,0
0.320000,2.611394,1.248683,-2.433796,0.967361,0.196428,-0.160092,0.205823,-0.240530,0.948568,0.147819,-0.950558,-0.273109,0.787560,0.127689,-0.003896,0.602852,0.000309,0.005499,-0.003134,-0.000897,0.008642,-0.003700,0.160092,-0.948568,0.273109,0.000000,0.000000,0.000000,-1,0.162415,-0.936630,0.269135,0.003116,-0.097539,0.000406,134.383011,206.226257,-797.102356,0,0
0.360000,2.610132,1.248255,-2.432399,0.967228,0.196632,-0.160642,0.206423,-0.240550,0.948433,0.147849,-0.950511,-0.273256,0.787565,0.127943,-0.004061,0.602790,0.002401,0.002302,-0.011660,-0.000135,0.010231,-0.003710,0.160642,-0.948433,0.273256,0.000000,0.000000,0.000000,-1,0.156784,-0.936813,0.268341,0.004162,-0.098605,-0.003856,134.733429,207.273972,-796.434326,0,0
0.400000,2.609710,1.248047,-2.431832,0.967157,0.196804,-0.160858,0.206688,-0.240583,0.948367,0.147943,-0.950467,-0.273359,0.787575,0.128080,-0.004100,0.602747,0.000295,0.004430,-0.006326,-0.004409,0.014758,-0.005552,0.160858,-0.948367,0.273359,0.000000,0.000000,0.000000,-1,0.160339,-0.932068,0.269592,-0.003272,-0.094363,-0.002729,136.310287,206.750107,-797.603394,0,0
0.440000,2.608974,1.248009,-2.430904,0.967079,0.197007,-0.161077,0.206934,-0.240418,0.948355,0.148106,-0.950467,-0.273271,0.787523,0.128232,-0.004117,0.602783,-0.009271,0.004429,-0.006223,-0.000219,0.011832,-0.003572,0.161077,-0.948355,0.273271,0.000000,0.000000,0.000000,-1,0.165009,-0.943985,0.260406,-0.009647,-0.093301,-0.001600,135.259048,206.750107,-798.271362,0,0
0.480000,2.607113,1.248529,-2.428854,0.967006,0.197157,-0.161334,0.207105,-0.239621,0.948520,0.148348,-0.950637,-0.272547,0.787270,0.128374,-0.004124,0.603083,-0.007164,0.009723,-0.008398,0.004424,0.005085,-0.012365,0.161622,-0.948612,0.272055,0.000000,0.000000,0.000000,-1,0.166275,-0.938889,0.264771,-0.004332,-0.090122,-0.002737,134.558212,207.448593,-795.599365,0,0
0.520000,2.603884,1.248833,-2.425032,0.966764,0.197745,-0.162066,0.207829,-0.238610,0.948616,0.148913,-0.950769,-0.271777,0.786948,0.128844,-0.004178,0.603402,0.000268,0.013958,-0.004269,0.001753,0.006157,-0.007800,0.162066,-0.948616,0.271777,0.000000,0.000000,0.000000,-1,0.162094,-0.943832,0.266724,0.001005,-0.082694,0.001426,135.434250,206.575485,-796.768311,0,0
0.560000,2.604100,1.248776,-2.424767,0.966673,0.198214,-0.162035,0.207928,-0.238596,0.948598,0.149364,-0.950675,-0.271858,0.786944,0.129025,-0.004025,0.603369,0.003473,0.016083,-0.000060,0.001677,0.004323,-0.000725,0.162035,-0.948598,0.271858,0.000000,0.000000,0.000000,-1,0.159317,-0.937485,0.272308,0.006332,-0.089049,0.005651,134.908630,206.750107,-797.269348,0,0
0.600000,2.605108,1.248295,-2.425164,0.966549,0.198847,-0.161994,0.208133,-0.239022,0.948446,0.149876,-0.950436,-0.272413,0.787081,0.129269,-0.003849,0.603141,0.001355,0.015022,-0.000038,0.003991,0.013631,-0.001875,0.161994,-0.948446,0.272413,0.000000,0.000000,0.000000,-1,0.167648,-0.937851,0.272980,-0.002173,-0.083750,0.004657,134.558212,205.702393,-796.935364,0,0
0.640000,2.604816,1.247856,-2.424266,0.966368,0.199490,-0.162286,0.208621,-0.239149,0.948306,0.150367,-0.950269,-0.272724,0.787122,0.129622,-0.003786,0.603012,0.008794,0.016074,-0.002269,0.003928,0.009036,-0.002842,0.162286,-0.948306,0.272724,0.000000,0.000000,0.000000,-1,0.161926,-0.936295,0.272644,0.008441,-0.084816,0.000290,135.259048,207.099350,-796.935364,0,0
0.680000,2.605128,1.247312,-2.424190,0.966248,0.199927,-0.162464,0.208978,-0.239521,0.948134,0.150644,-0.950083,-0.273217,0.787240,0.129854,-0.003754,0.602808,0.008781,0.010766,-0.006506,-0.000401,0.015288,0.000480,0.162464,-0.948134,0.273217,0.000000,0.000000,0.000000,-1,0.160446,-0.939819,0.269547,0.007365,-0.085881,-0.002885,135.434250,205.877014,-796.768311,0,0
0.720000,2.605677,1.246915,-2.424083,0.966101,0.200600,-0.162507,0.209251,-0.239783,0.948008,0.151204,-0.949876,-0.273630,0.787324,0.130141,-0.003589,0.602638,0.003471,0.010768,-0.005378,-0.001893,0.007120,-0.003122,0.162507,-0.948007,0.273630,0.000000,0.000000,0.000000,-1,0.155273,-0.941406,0.270782,0.007372,-0.092238,0.000335,134.558212,205.353149,-797.269348,0,0
0.760000,2.607168,1.246793,-2.425190,0.966084,0.200963,-0.162157,0.209062,-0.240102,0.947968,0.151572,-0.949718,-0.273972,0.787426,0.130179,-0.003361,0.602497,0.007754,0.009723,0.003099,-0.004214,0.008958,-0.003586,0.162157,-0.947968,0.273972,0.000000,0.000000,0.000000,-1,0.156540,-0.939407,0.270706,0.007403,-0.094345,0.008854,134.908630,206.051636,-795.265320,0,0
0.800000,2.608884,1.246883,-2.426811,0.966160,0.201015,-0.161644,0.208616,-0.240376,0.947997,0.151706,-0.949638,-0.274176,0.787514,0.130039,-0.003155,0.602414,0.008821,0.000188,0.007395,-0.005363,0.006072,-0.002951,0.161644,-0.947997,0.274176,0.000000,0.000000,0.000000,-1,0.159210,-0.939774,0.274445,0.010599,-0.101762,0.012043,134.032608,207.273972,-796.434326,0,0
0.840000,2.610526,1.246582,-2.428627,0.966244,0.200856,-0.161338,0.208366,-0.240970,0.947901,0.151514,-0.949521,-0.274688,0.787703,0.129878,-0.003118,0.602201,0.013067,-0.007234,0.006321,0.000421,0.008967,0.000276,0.161338,-0.947901,0.274688,0.000000,0.000000,0.000000,-1,0.159714,-0.936752,0.272827,0.012724,-0.108122,0.013112,134.383011,206.924728,-795.432312,0,0
0.880000,2.611762,1.246215,-2.430286,0.966351,0.200472,-0.161174,0.208194,-0.241579,0.947784,0.151068,-0.949448,-0.275187,0.787895,0.129670,-0.003207,0.601994,0.014148,-0.008290,0.010565,0.000599,0.009674,-0.002894,0.161174,-0.947784,0.275187,0.000000,0.000000,0.000000,-1,0.159470,-0.938156,0.270004,0.014858,-0.109179,0.015221,135.259048,207.448593,-796.935364,0,0
0.920000,2.612590,1.246111,-2.431530,0.966464,0.200068,-0.160996,0.207957,-0.241912,0.947751,0.150668,-0.949448,-0.275405,0.788001,0.129449,-0.003277,0.601903,0.015206,-0.011471,0.011630,-0.002182,0.009427,-0.003234,0.160996,-0.947751,0.275405,0.000000,0.000000,0.000000,-1,0.157608,-0.934464,0.270859,0.014850,-0.114481,0.014181,134.908630,207.797836,-796.935364,0,0
0.960000,2.614124,1.245836,-2.433906,0.966679,0.199262,-0.160705,0.207551,-0.242604,0.947663,0.149846,-0.949441,-0.275877,0.788220,0.129029,-0.003444,0.601705,0.012025,-0.015704,0.009546,-0.002517,0.011720,-0.006133,0.160705,-0.947663,0.275877,0.000000,0.000000,0.000000,-1,0.158340,-0.937057,0.267303,0.008470,-0.115542,0.014256,134.733429,206.575485,-796.434326,0,0
1.000000,2.614356,1.246033,-2.434878,0.966858,0.198519,-0.160546,0.207194,-0.242663,0.947726,0.149183,-0.949581,-0.275753,0.788238,0.128677,-0.003604,0.601756,0.004588,-0.014641,0.012813,-0.000558,0.007632,-0.006756,0.160546,-0.947726,0.275753,0.000000,0.000000,0.000000,-1,0.161835,-0.940430,0.271439,0.004227,-0.113418,0.016421,135.083832,205.527771,-797.436340,0,0
1.040000,2.614735,1.246160,-2.435680,0.966974,0.198087,-0.160382,0.206922,-0.242738,0.947767,0.148810,-0.949652,-0.275710,0.788261,0.128450,-0.003670,0.601774,0.006719,-0.009341,0.013827,-0.000607,0.006971,-0.004210,0.160382,-0.947767,0.275710,0.000000,0.000000,0.000000,-1,0.156174,-0.934143,0.267426,0.004239,-0.108114,0.018524,135.259048,207.099350,-796.267334,0,0
1.080000,2.615726,1.246567,-2.437212,0.967172,0.197497,-0.159915,0.206299,-0.242761,0.947896,0.148385,-0.949770,-0.275535,0.788268,0.128064,-0.003657,0.601846,-0.006052,-0.008286,0.011836,-0.001147,0.014898,-0.004570,0.159915,-0.947896,0.275535,0.000000,0.000000,0.000000,-1,0.160675,-0.931839,0.270554,-0.012778,-0.107057,0.016580,132.981369,207.623215,-795.766357,0,0
1.120000,2.615692,1.247158,-2.437315,0.967259,0.197293,-0.159643,0.205912,-0.242355,0.948085,0.148360,-0.949915,-0.275045,0.788140,0.127898,-0.003579,0.602050,-0.017732,0.002316,0.012976,-0.000204,0.009990,-0.001272,0.159643,-0.948085,0.275045,0.000000,0.000000,0.000000,-1,0.160736,-0.939056,0.273239,-0.014888,-0.095391,0.018678,134.908630,206.750107,-796.935364,0,0
1.160000,2.615975,1.247641,-2.437496,0.967302,0.197328,-0.159335,0.205571,-0.242043,0.948238,0.148548,-0.949988,-0.274694,0.788042,0.127817,-0.003422,0.602197,-0.011350,0.005496,0.012888,0.001722,0.008938,-0.003820,0.159335,-0.948238,0.274694,0.000000,0.000000,0.000000,-1,0.158783,-0.937943,0.271515,-0.009592,-0.095399,0.013301,132.981369,207.273972,-796.434326,0,0
1.200000,2.616737,1.248125,-2.438146,0.967367,0.197365,-0.158895,0.205117,-0.241827,0.948392,0.148754,-0.950035,-0.274418,0.787974,0.127695,-0.003218,0.602313,-0.001809,0.000184,0.006424,-0.004782,0.004041,-0.000736,0.158895,-0.948392,0.274418,0.000000,0.000000,0.000000,-1,0.153000,-0.944702,0.275543,0.002080,-0.098588,0.007868,133.506989,208.147064,-796.601318,0,0
1.240000,2.619056,1.248007,-2.440501,0.967475,0.197304,-0.158314,0.204619,-0.242395,0.948354,0.148739,-0.949903,-0.274883,0.788155,0.127488,-0.003037,0.602121,0.014143,-0.006173,0.007351,-0.007313,0.008688,0.001484,0.158314,-0.948354,0.274883,0.000000,0.000000,0.000000,-1,0.151138,-0.938766,0.275940,0.016985,-0.108118,0.015193,135.083832,206.924728,-796.434326,0,0
1.280000,2.621305,1.247679,-2.443011,0.967602,0.197051,-0.157851,0.204210,-0.243146,0.948250,0.148473,-0.949764,-0.275508,0.788393,0.127240,-0.002974,0.601861,0.014160,-0.005106,0.010543,-0.004164,0.007866,-0.000759,0.157851,-0.948250,0.275508,0.000000,0.000000,0.000000,-1,0.154816,-0.941879,0.266785,0.011682,-0.101754,0.017350,133.857391,206.750107,-797.937378,0,0
1.320000,2.623163,1.247932,-2.445177,0.967779,0.196689,-0.157220,0.203529,-0.243404,0.948330,0.148258,-0.949773,-0.275593,0.788476,0.126896,-0.002842,0.601827,0.013078,-0.007230,0.009504,-0.002404,0.006695,-0.012013,0.157220,-0.948330,0.275593,0.000000,0.000000,0.000000,-1,0.152023,-0.940216,0.262741,0.009540,-0.106000,0.014202,134.558212,208.147064,-797.269348,0,0
1.360000,2.624055,1.248302,-2.446299,0.967904,0.196406,-0.156800,0.203031,-0.243362,0.948448,0.148122,-0.949842,-0.275428,0.788463,0.126651,-0.002752,0.601896,0.008819,0.004430,0.009502,-0.003465,0.010032,-0.009925,0.156800,-0.948448,0.275428,0.000000,0.000000,0.000000,-1,0.154068,-0.939590,0.267380,0.008491,-0.093276,0.015219,134.207809,206.051636,-796.935364,0,0
1.400000,2.625371,1.248562,-2.447510,0.967973,0.196452,-0.156316,0.202578,-0.243418,0.948530,0.148291,-0.949818,-0.275419,0.788481,0.126519,-0.002544,0.601900,0.005640,0.005496,0.013790,-0.005437,0.007475,-0.006758,0.156316,-0.948530,0.275420,0.000000,0.000000,0.000000,-1,0.152740,-0.941345,0.275009,0.004245,-0.099632,0.018486,134.032608,208.321686,-795.098328,0,0
1.440000,2.628205,1.248728,-2.450471,0.968151,0.196258,-0.155457,0.201756,-0.243896,0.948583,0.148251,-0.949736,-0.275724,0.788633,0.126172,-0.002284,0.601775,0.012016,0.001255,0.013744,-0.001069,0.006673,0.004030,0.155457,-0.948583,0.275724,0.000000,0.000000,0.000000,-1,0.158051,-0.947037,0.280365,0.012765,-0.091147,0.020481,136.135071,205.527771,-796.768311,0,0
1.480000,2.630895,1.247981,-2.452649,0.968106,0.196793,-0.155061,0.201675,-0.244881,0.948346,0.148656,-0.949371,-0.276759,0.788946,0.126266,-0.002030,0.601345,0.048208,0.032004,0.015318,0.009993,-0.012668,-0.006663,0.155061,-0.948346,0.276759,0.000000,0.000000,0.000000,-1,0.162491,-0.954224,0.261475,0.062748,-0.064644,0.018747,134.558212,206.750107,-796.267334,0,0
1.520000,2.633613,1.246996,-2.454682,0.968005,0.197522,-0.154763,0.201769,-0.246013,0.948033,0.149184,-0.948927,-0.277996,0.789306,0.126469,-0.001767,0.600832,0.073690,0.033052,0.010771,0.004234,0.001958,-0.020077,0.154763,-0.948033,0.277996,0.000000,0.000000,0.000000,-1,0.145004,-0.932510,0.257721,0.068037,-0.078433,0.014496,134.032608,207.972458,-796.100342,0,0
1.560000,2.638213,1.245987,-2.458677,0.968009,0.198140,-0.153944,0.201388,-0.247560,0.947711,0.149669,-0.948396,-0.279543,0.789796,0.126466,-0.001353,0.600189,0.053442,0.022440,0.006793,-0.008894,0.020923,-0.020327,0.153944,-0.947711,0.279543,0.000000,0.000000,0.000000,-1,0.143143,-0.926804,0.265610,0.037193,-0.069959,0.009479,133.506989,205.003906,-796.601318,0,0
1.600000,2.642931,1.245497,-2.461838,0.967881,0.199612,-0.152845,0.200897,-0.248556,0.947555,0.151152,-0.947827,-0.280674,0.790112,0.126725,-0.000536,0.599719,0.016235,0.050003,0.006022,-0.001814,0.014816,-0.013248,0.152845,-0.947555,0.280674,0.000000,0.000000,0.000000,-1,0.159180,-0.939743,0.262680,0.014885,-0.040275,0.008527,134.558212,207.448593,-795.933350,0,0
1.640000,2.643671,1.245440,-2.459887,0.967371,0.202207,-0.152663,0.201415,-0.248205,0.947537,0.153707,-0.947368,-0.280834,0.790002,0.127728,0.000330,0.599652,0.018308,0.091314,-0.008026,0.013108,0.007641,-0.014309,0.152663,-0.947537,0.280834,0.000000,0.000000,0.000000,-1,0.166367,-0.939697,0.264145,0.026531,0.011640,-0.015237,133.331772,206.575485,-796.100342,0,0
1.680000,2.643554,1.244336,-2.455401,0.966365,0.206565,-0.153196,0.203189,-0.248108,0.947183,0.157646,-0.946453,-0.281735,0.789970,0.129674,0.001408,0.599275,0.035248,0.134740,-0.031828,0.014849,0.005319,-0.014553,0.153196,-0.947183,0.281735,0.000000,0.000000,0.000000,-1,0.168396,-0.942398,0.268372,0.039255,0.046603,-0.031491,135.259048,206.400864,-795.599365,0,0
1.720000,2.644627,1.242121,-2.450279,0.964903,0.212788,-0.153893,0.205794,-0.248680,0.946471,0.163128,-0.944923,-0.283742,0.790146,0.132438,0.002922,0.598432,0.071318,0.167565,-0.054725,0.004249,0.003432,-0.019689,0.153893,-0.946471,0.283742,0.000000,0.000000,0.000000,-1,0.152893,-0.943924,0.262619,0.082773,0.074131,-0.056560,134.558212,205.353149,-796.267334,0,0
1.760000,2.649450,1.239477,-2.448115,0.963374,0.219740,-0.153705,0.207931,-0.250158,0.945614,0.169339,-0.942940,-0.286686,0.790604,0.135236,0.004944,0.597187,0.089344,0.174974,-0.061328,-0.017551,0.002926,-0.030918,0.153705,-0.945614,0.286686,0.000000,0.000000,0.000000,-1,0.128433,-0.947769,0.253357,0.081739,0.060365,-0.045850,136.660690,206.400864,-795.933350,0,0
1.800000,2.656535,1.238713,-2.448888,0.962250,0.225761,-0.152007,0.208199,-0.250874,0.945365,0.175292,-0.941326,-0.288407,0.790812,0.137188,0.007361,0.596441,0.078741,0.133669,-0.031219,-0.029189,-0.012704,-0.041428,0.152007,-0.945365,0.288407,0.000000,0.000000,0.000000,-1,0.122849,-0.969604,0.247757,0.082887,0.019063,-0.014828,135.259048,205.702393,-795.933350,0,0
1.840000,2.663537,1.238934,-2.452679,0.961894,0.228677,-0.149888,0.207114,-0.251501,0.945437,0.178503,-0.940454,-0.289279,0.790992,0.137735,0.009044,0.596053,0.095831,0.099800,0.007064,-0.025010,-0.028669,-0.041049,0.149888,-0.945437,0.289279,0.000000,0.000000,0.000000,-1,0.132401,-0.965393,0.255402,0.103215,-0.006323,0.024420,135.959869,205.702393,-796.267334,0,0
1.880000,2.680268,1.238190,-2.465673,0.961800,0.231984,-0.145340,0.204268,-0.254719,0.945195,0.182249,-0.938777,-0.292376,0.791975,0.137710,0.011651,0.594707,0.129971,0.081850,0.056791,-0.014114,-0.010875,-0.031862,0.145340,-0.945195,0.292376,0.000000,0.000000,0.000000,-1,0.132156,-0.951248,0.261948,0.140581,-0.032758,0.070931,136.135071,205.527771,-795.432312,0,0
1.920000,2.696389,1.236486,-2.479926,0.962014,0.233587,-0.141301,0.201606,-0.258875,0.944637,0.184076,-0.937241,-0.296134,0.793256,0.137154,0.013481,0.593086,0.146976,0.059609,0.072640,-0.009252,0.002651,-0.028357,0.141301,-0.944637,0.296134,0.000000,0.000000,0.000000,-1,0.131561,-0.940491,0.276474,0.144864,-0.044404,0.081574,134.558212,206.750107,-796.267334,0,0
1.960000,2.713870,1.234115,-2.496135,0.962380,0.234622,-0.137032,0.198730,-0.263897,0.943856,0.185287,-0.935581,-0.300595,0.794807,0.136307,0.015178,0.591162,0.141706,0.056454,0.090804,-0.008049,0.002023,-0.018903,0.137032,-0.943856,0.300595,0.000000,0.000000,0.000000,-1,0.124924,-0.940903,0.281662,0.144937,-0.048614,0.101803,135.434250,204.829285,-794.764282,0,0
2.000000,2.733109,1.231787,-2.514502,0.962934,0.235176,-0.132096,0.195139,-0.269281,0.943085,0.186220,-0.933906,-0.305192,0.796462,0.135071,0.016989,0.589165,0.143856,0.037391,0.105768,-0.009232,0.005035,-0.017732,0.132096,-0.943084,0.305192,0.000000,0.000000,0.000000,-1,0.121933,-0.937866,0.286636,0.143869,-0.086772,0.108369,134.733429,206.226257,-794.430298,0,0
2.040000,2.751048,1.229307,-2.533085,0.963774,0.234279,-0.127490,0.191438,-0.274779,0.942257,0.185719,-0.932529,-0.309674,0.798158,0.133344,0.018238,0.587222,0.140598,-0.015624,0.102861,-0.010669,0.003002,-0.016019,0.127490,-0.942257,0.309674,0.000000,0.000000,0.000000,-1,0.110687,-0.942795,0.296585,0.136385,-0.127065,0.105442,136.835892,204.480057,-794.430298,0,0
2.080000,2.766707,1.227168,-2.551114,0.964931,0.231709,-0.123363,0.187575,-0.279859,0.941539,0.183638,-0.931660,-0.313507,0.799734,0.131070,0.018842,0.585569,0.121371,-0.053810,0.090496,-0.015209,0.005030,-0.017456,0.123363,-0.941538,0.313507,0.000000,0.000000,0.000000,-1,0.108582,-0.935349,0.301254,0.120359,-0.162072,0.091948,134.733429,205.527771,-794.764282,0,0
2.120000,2.777651,1.225100,-2.565587,0.966128,0.228139,-0.120618,0.184565,-0.284176,0.940840,0.180366,-0.931234,-0.316657,0.801087,0.128795,0.018646,0.584229,0.106331,-0.080353,0.065203,-0.008130,0.005796,-0.015953,0.120618,-0.940840,0.316657,0.000000,0.000000,0.000000,-1,0.114456,-0.936661,0.303619,0.103190,-0.182274,0.053935,135.083832,205.527771,-793.094299,0,0
2.160000,2.782317,1.222871,-2.574245,0.967110,0.224340,-0.119876,0.183224,-0.287531,0.940082,0.176430,-0.931127,-0.319179,0.802156,0.127021,0.017626,0.583181,0.100824,-0.092084,0.020644,-0.002978,-0.018444,-0.015224,0.119876,-0.940082,0.319179,0.000000,0.000000,0.000000,-1,0.118912,-0.954407,0.304108,0.098749,-0.199307,0.007257,134.032608,205.178528,-793.428284,0,0
2.200000,2.779384,1.219880,-2.576269,0.967875,0.219955,-0.121807,0.184147,-0.290275,0.939058,0.171193,-0.931322,-0.321454,0.803057,0.125801,0.015374,0.582269,0.116513,-0.141998,-0.033551,-0.000744,0.000292,-0.012845,0.121807,-0.939058,0.321454,0.000000,0.000000,0.000000,-1,0.123215,-0.925537,0.308884,0.118770,-0.246014,-0.031047,134.558212,206.750107,-793.595337,0,0
2.240000,2.773797,1.215581,-2.576635,0.968609,0.214845,-0.125052,0.186201,-0.293750,0.937572,0.164699,-0.931425,-0.324533,0.804191,0.124674,0.012325,0.581018,0.114419,-0.139863,-0.022903,0.000802,0.014659,-0.016046,0.125052,-0.937572,0.324533,0.000000,0.000000,0.000000,-1,0.123764,-0.926407,0.312241,0.096552,-0.230072,-0.005344,134.558212,204.305435,-793.929321,0,0
2.280000,2.771190,1.212465,-2.579323,0.969392,0.210145,-0.126954,0.186967,-0.296719,0.936483,0.159127,-0.931556,-0.326927,0.805146,0.123304,0.009990,0.580031,0.086896,-0.114377,0.006007,-0.001939,0.004858,-0.013191,0.126954,-0.936483,0.326927,0.000000,0.000000,0.000000,-1,0.141754,-0.933151,0.315033,0.087095,-0.203530,0.019106,134.558212,206.051636,-793.595337,0,0
2.320000,2.769190,1.209758,-2.581423,0.969960,0.206537,-0.128530,0.187690,-0.299258,0.935531,0.154758,-0.931551,-0.329033,0.805954,0.122286,0.008136,0.579152,0.093412,-0.060269,0.034394,0.033427,0.002578,-0.017998,0.128530,-0.935531,0.329033,0.000000,0.000000,0.000000,-1,0.186386,-0.941925,0.302612,0.095736,-0.145182,0.043212,135.259048,207.448593,-792.927307,0,0
2.360000,2.770300,1.206972,-2.584187,0.970168,0.205195,-0.129110,0.188240,-0.301986,0.934543,0.152775,-0.930967,-0.331603,0.806808,0.121911,0.007333,0.578052,0.093440,0.019231,0.028694,0.079157,-0.007245,-0.034194,0.129110,-0.934543,0.331603,0.000000,0.000000,0.000000,-1,0.213867,-0.947662,0.291458,0.091406,-0.037106,0.000224,134.558212,204.654663,-793.595337,0,0
2.400000,2.775063,1.203483,-2.586459,0.969667,0.207804,-0.128697,0.189271,-0.305182,0.933296,0.154666,-0.929345,-0.335256,0.807791,0.122889,0.008037,0.576461,0.079371,0.097562,-0.053411,0.078289,-0.008462,-0.037236,0.128697,-0.933296,0.335256,0.000000,0.000000,0.000000,-1,0.199982,-0.929977,0.306549,0.067759,0.012606,-0.078455,133.857391,205.353149,-792.259277,0,0
2.440000,2.770383,1.200122,-2.575875,0.967937,0.214082,-0.131401,0.194171,-0.305808,0.932083,0.159359,-0.927712,-0.337571,0.807978,0.126319,0.008650,0.575447,0.010933,0.148277,-0.168831,0.057914,0.011185,-0.019899,0.131401,-0.932083,0.337571,0.000000,0.000000,0.000000,-1,0.178131,-0.918350,0.326294,-0.009171,0.048488,-0.187332,134.383011,206.575485,-791.424255,0,0
2.480000,2.754079,1.198330,-2.553281,0.965528,0.221005,-0.137519,0.201957,-0.302733,0.931432,0.164220,-0.927097,-0.336930,0.807030,0.131024,0.008272,0.575731,-0.068007,0.062318,-0.221822,0.011941,0.026571,-0.002519,0.137519,-0.931432,0.336930,0.000000,0.000000,0.000000,-1,0.105179,-0.857986,0.328232,-0.116738,-0.150846,-0.195884,135.259048,205.702393,-792.927307,0,0
2.520000,2.730283,1.199956,-2.530027,0.964411,0.221173,-0.144891,0.208072,-0.296714,0.932023,0.163147,-0.929001,-0.332174,0.805186,0.133275,0.005668,0.577824,-0.194415,-0.140078,-0.152494,-0.062509,0.134156,-0.035528,0.144891,-0.932023,0.332174,0.000000,0.000000,0.000000,-1,0.106964,-0.754486,0.230469,-0.254769,-0.261004,-0.124724,135.083832,207.273972,-793.428284,0,0
2.560000,2.696932,1.212791,-2.499950,0.964339,0.217559,-0.150728,0.209723,-0.280716,0.936597,0.161453,-0.934808,-0.316332,0.800217,0.133489,0.003351,0.584656,-0.635326,-0.078490,-0.083026,0.008039,0.183591,-0.152194,0.150728,-0.936597,0.316332,0.000000,0.000000,0.000000,-1,0.286530,-0.865692,0.158569,-0.804203,-0.146454,-0.087273,135.959869,206.750107,-793.595337,0,0
2.600000,2.634765,1.244233,-2.437177,0.963930,0.215852,-0.155714,0.207740,-0.244439,0.947150,0.166382,-0.945335,-0.280463,0.788802,0.134252,0.003381,0.599797,-1.086287,-0.111424,-0.122583,0.217425,-0.050881,-0.039924,0.155714,-0.947150,0.280463,0.000000,0.000000,0.000000,-1,0.291656,-1.044479,0.309464,-0.932103,-0.211236,-0.158968,134.032608,207.273972,-796.100342,0,0
2.640000,2.558046,1.270624,-2.359448,0.962980,0.214773,-0.162919,0.208400,-0.209760,0.955285,0.170996,-0.953873,-0.246753,0.777736,0.136027,0.002596,0.613691,-0.607024,0.038995,-0.214705,0.025268,-0.005759,0.048214,0.162919,-0.955285,0.246753,0.000000,0.000000,0.000000,-1,0.141724,-0.910995,0.215607,-0.519610,-0.007739,-0.205918,135.609451,209.544037,-797.603394,0,0
2.680000,2.511668,1.282451,-2.305461,0.960768,0.221052,-0.167516,0.211016,-0.190622,0.958716,0.179994,-0.956451,-0.229789,0.771553,0.139999,0.004043,0.620556,-0.417134,0.167501,-0.069521,-0.036061,0.064429,-0.079520,0.167516,-0.958716,0.229789,0.000000,0.000000,0.000000,-1,0.145706,-0.872910,0.129822,-0.431742,0.050831,-0.034828,135.083832,209.369415,-796.768311,0,0
2.720000,2.470179,1.297719,-2.258637,0.959898,0.224602,-0.167776,0.208372,-0.171222,0.962946,0.187553,-0.959290,-0.211156,0.765225,0.141453,0.006461,0.627997,-0.586137,-0.003127,-0.023276,0.072794,0.120004,-0.136190,0.167776,-0.962946,0.211156,0.000000,0.000000,0.000000,-1,0.294113,-0.862518,0.068329,-0.615892,-0.188795,-0.044482,135.959869,210.591751,-798.271362,0,0
2.760000,2.404554,1.314755,-2.193499,0.960013,0.222270,-0.170211,0.205718,-0.147705,0.967400,0.189883,-0.963732,-0.187524,0.757503,0.141250,0.006493,0.637335,-0.573556,-0.061492,-0.058254,0.131257,0.072335,-0.117120,0.170211,-0.967400,0.187524,0.000000,0.000000,0.000000,-1,0.311081,-0.888702,0.061279,-0.562705,-0.111411,-0.052863,135.959869,210.940994,-799.607422,0,0
2.800000,2.340970,1.329166,-2.126229,0.959314,0.224090,-0.171757,0.203314,-0.126178,0.970949,0.195908,-0.966366,-0.166605,0.750349,0.142402,0.008047,0.645471,-0.526541,0.103944,-0.029735,0.145885,0.118258,-0.130014,0.171757,-0.970949,0.166605,0.000000,0.000000,0.000000,-1,0.317535,-0.848160,0.025192,-0.515677,0.009516,-0.011379,135.434250,212.861816,-799.106384,0,0
2.840000,2.286616,1.343098,-2.065717,0.958562,0.228357,-0.170330,0.198649,-0.107216,0.974189,0.204200,-0.967656,-0.148136,0.743961,0.143490,0.011382,0.652535,-0.449583,0.131665,0.073536,0.132542,0.084861,-0.137409,0.170330,-0.974189,0.148136,0.000000,0.000000,0.000000,-1,0.303604,-0.930710,0.019165,-0.338505,0.126380,0.146763,135.434250,211.464859,-800.776367,0,0
2.880000,2.268904,1.356007,-2.037590,0.957646,0.237178,-0.163279,0.190339,-0.095919,0.977021,0.216066,-0.966719,-0.137001,0.740028,0.144426,0.017833,0.656644,-0.234231,0.338581,0.188302,0.155980,0.034165,-0.119484,0.163279,-0.977021,0.137001,0.000000,0.000000,0.000000,-1,0.363739,-0.972412,0.007492,-0.171288,0.261107,0.198561,136.485489,213.211044,-801.444397,0,0
2.920000,2.293326,1.364228,-2.046796,0.955591,0.251347,-0.153855,0.182302,-0.093984,0.978741,0.231544,-0.963323,-0.135631,0.739122,0.146677,0.026278,0.656882,-0.009886,0.433980,0.172634,0.223770,-0.021641,-0.122981,0.153855,-0.978741,0.135631,0.000000,0.000000,0.000000,-1,0.382339,-1.030853,0.031265,-0.007592,0.374505,0.166461,136.310287,212.687195,-799.941406,0,0
2.960000,2.301898,1.368829,-2.034934,0.951046,0.270577,-0.149332,0.179375,-0.089798,0.979674,0.251668,-0.958501,-0.133937,0.737357,0.152556,0.034697,0.657136,-0.142879,0.577019,0.126599,0.213079,-0.119432,-0.115565,0.149332,-0.979674,0.133937,0.000000,0.000000,0.000000,-1,0.371368,-1.207108,-0.035599,0.016680,0.357474,0.121594,137.011108,214.084152,-800.609375,0,0
3.000000,2.349902,1.370381,-2.058198,0.945171,0.294255,-0.141652,0.175895,-0.093234,0.979984,0.275159,-0.951168,-0.139880,0.737951,0.159276,0.045229,0.654228,0.163942,0.612900,0.012360,0.326244,-0.186917,-0.119265,0.141652,-0.979984,0.139880,0.000000,0.000000,0.000000,-1,0.478546,-1.439102,0.254868,0.182964,0.447314,-0.065731,137.711929,215.481110,-801.611450,0,0
3.040000,2.362837,1.360485,-2.056607,0.939791,0.308693,-0.146635,0.184609,-0.097477,0.977966,0.287598,-0.946154,-0.148596,0.739233,0.166829,0.047672,0.650715,0.319356,0.548535,-0.490073,-0.115339,-0.651169,0.040674,0.146635,-0.977966,0.148596,0.000000,0.000000,0.000000,-1,-0.076309,-1.326111,0.374878,0.365330,0.548440,-0.503258,138.062347,213.734909,-800.275391,0,0
3.080000,2.355237,1.338802,-2.040668,0.934023,0.317992,-0.162733,0.205002,-0.104101,0.973210,0.292533,-0.942361,-0.162422,0.741712,0.176279,0.043750,0.645659,0.297967,-0.271868,-0.355297,-0.302473,-0.138927,0.004815,0.162733,-0.973210,0.162422,0.000000,0.000000,0.000000,-1,0.080780,-0.748123,0.138062,0.172954,-0.405436,-0.291535,139.814407,214.433395,-799.941406,0,0
3.120000,2.327535,1.326727,-2.024759,0.935146,0.307621,-0.175701,0.217178,-0.105973,0.970363,0.279884,-0.945589,-0.165908,0.742803,0.176628,0.035064,0.644838,-0.004572,-0.309842,-0.223082,0.041492,0.323329,0.026368,0.175701,-0.970363,0.165908,0.000000,0.000000,0.000000,-1,0.284592,-0.654251,0.175034,-0.017084,-0.321600,-0.236633,139.113571,214.084152,-798.939392,0,0
3.160000,2.301463,1.320798,-2.003014,0.934771,0.303736,-0.184248,0.224651,-0.103633,0.968913,0.275199,-0.947103,-0.165108,0.742212,0.177977,0.030635,0.645374,0.018747,-0.089415,-0.287093,0.099077,0.263179,0.052284,0.184248,-0.968913,0.165108,0.000000,0.000000,0.000000,-1,0.005905,-1.179962,0.259445,-0.094619,-0.181666,-0.244920,140.164810,215.131866,-798.605347,0,0
3.200000,2.278506,1.318661,-1.983376,0.934755,0.300497,-0.189562,0.228539,-0.100032,0.968382,0.272034,-0.948523,-0.162181,0.741109,0.178461,0.027820,0.646634,0.215810,-0.131233,0.104500,-0.263476,-0.252749,0.013234,0.189562,-0.968382,0.162181,0.000000,0.000000,0.000000,-1,-0.049103,-0.980118,0.161545,0.601068,-0.273291,0.155230,138.763168,215.481110,-798.939392,0,0
3.240000,2.327937,1.311549,-2.040243,0.937241,0.294729,-0.186318,0.228620,-0.115972,0.966583,0.263272,-0.948517,-0.176075,0.746540,0.175258,0.025770,0.641326,0.616668,-0.257337,0.141072,-0.185799,0.042145,-0.045124,0.186318,-0.966583,0.176075,0.000000,0.000000,0.000000,-1,0.085434,-0.875198,0.115585,0.257425,-0.627393,0.164870,138.763168,215.481110,-798.939392,0,0
3.280000,2.348287,1.308959,-2.082210,0.943627,0.274836,-0.184480,0.225736,-0.126687,0.965916,0.242098,-0.953108,-0.181585,0.750316,0.166787,0.019198,0.639405,0.004984,-0.600893,0.116389,-0.060152,0.152272,-0.021948,0.184480,-0.965916,0.181585,0.000000,0.000000,0.000000,-1,0.095139,-0.857590,0.210480,0.013734,-0.702738,0.121093,137.011108,215.481110,-797.603394,0,0
3.320000,2.363319,1.309243,-2.127494,0.952050,0.246262,-0.181538,0.219537,-0.136631,0.965989,0.213082,-0.959524,-0.184143,0.753794,0.154485,0.010462,0.638607,0.432797,-0.556206,0.217844,-0.102329,0.055497,0.003693,0.181538,-0.965989,0.184143,0.000000,0.000000,0.000000,-1,0.076538,-0.886032,0.151138,0.681680,-0.753494,0.203312,135.083832,214.258774,-796.434326,0,0
3.360000,2.423814,1.295862,-2.217057,0.958981,0.220163,-0.178559,0.216737,-0.163489,0.962443,0.182702,-0.961665,-0.204500,0.762721,0.143204,0.001358,0.630673,0.675052,-0.698287,0.207305,-0.062226,0.110575,-0.077792,0.178559,-0.962443,0.204500,0.000000,0.000000,0.000000,-1,0.162399,-0.766464,0.109573,0.616802,-0.777882,0.202010,134.908630,214.782639,-796.935364,0,0
3.400000,2.455551,1.287082,-2.269960,0.963444,0.200826,-0.177326,0.214248,-0.180153,0.960022,0.160852,-0.962920,-0.216594,0.768146,0.135090,-0.005362,0.625839,0.432554,-0.596580,0.161652,0.007107,0.229447,-0.105479,0.177326,-0.960022,0.216594,0.000000,0.000000,0.000000,-1,0.231125,-0.724838,0.113358,0.377414,-0.713302,0.142661,134.558212,214.433395,-796.267334,0,0
3.440000,2.475363,1.276475,-2.323692,0.969127,0.169261,-0.179284,0.211683,-0.198351,0.956999,0.126422,-0.965405,-0.228057,0.773876,0.123064,-0.017077,0.621031,0.381220,-0.596702,0.081376,0.024314,0.176909,-0.103332,0.179284,-0.956999,0.228057,0.000000,0.000000,0.000000,-1,0.204544,-0.839981,0.091965,0.460289,-0.556459,0.096364,133.682190,214.957245,-794.096313,0,0
3.480000,2.502624,1.263443,-2.371493,0.971958,0.150817,-0.180423,0.210628,-0.217174,0.953138,0.104566,-0.964412,-0.242850,0.779741,0.115886,-0.024321,0.614804,0.558866,-0.392105,0.064666,0.046109,0.061918,-0.197989,0.180423,-0.953138,0.242850,0.000000,0.000000,0.000000,-1,0.254913,-0.998383,0.017242,0.619651,-0.461112,0.046310,132.455750,214.433395,-794.263306,0,0
3.520000,2.527326,1.247750,-2.410573,0.973288,0.138683,-0.182969,0.211943,-0.236344,0.948273,0.088266,-0.961721,-0.259424,0.785662,0.111570,-0.030135,0.607766,0.725421,-0.516254,-0.006815,0.091338,-0.112732,-0.227945,0.182969,-0.948273,0.259424,0.000000,0.000000,0.000000,-1,0.371613,-1.164276,0.063034,0.749037,-0.663677,0.002185,132.630951,214.957245,-794.430298,0,0
3.560000,2.562137,1.216632,-2.477131,0.975433,0.111658,-0.189900,0.213853,-0.273023,0.937937,0.052881,-0.955506,-0.290195,0.796657,0.102149,-0.042998,0.594183,0.757406,-0.596770,0.033617,0.213893,-0.231665,-0.220080,0.189900,-0.937937,0.290194,0.000000,0.000000,0.000000,-1,0.329544,-1.127991,0.088531,0.733466,-0.764216,0.123011,131.404510,215.481110,-791.925293,0,0
3.600000,2.587555,1.196303,-2.530644,0.977464,0.086748,-0.192457,0.209840,-0.299629,0.930693,0.023070,-0.950104,-0.311080,0.804390,0.092178,-0.052645,0.584541,0.510465,-0.497894,0.220980,0.045534,-0.183122,-0.064269,0.192457,-0.930693,0.311080,0.000000,0.000000,0.000000,-1,0.386108,-1.075653,0.496078,0.208326,-0.306961,0.330969,131.579712,214.957245,-790.756226,0,1
3.640000,2.611158,1.204377,-2.553484,0.979705,0.085584,-0.181254,0.198767,-0.298082,0.933616,0.025874,-0.950696,-0.309043,0.804181,0.088398,-0.048304,0.585786,-0.551187,0.483092,0.426105,0.191701,-0.115792,0.300698,0.181254,-0.933616,0.309044,0.000000,0.000000,0.000000,-1,-0.055054,-0.990570,0.470749,-0.881874,0.362057,0.359113,130.878891,216.004974,-790.756226,0,0
3.680000,2.566003,1.259967,-2.504304,0.982577,0.082624,-0.166482,0.181985,-0.245814,0.952080,0.037740,-0.965789,-0.256568,0.788188,0.083930,-0.040835,0.608316,-1.253995,-0.330297,0.297112,-0.358240,0.148308,0.109231,0.166482,-0.952080,0.256568,0.000000,0.000000,0.000000,-1,-0.051544,-0.771271,0.318588,-1.282189,-0.053649,0.295196,130.002869,217.227310,-791.591309,0,0
3.720000,2.490401,1.310471,-2.419666,0.984003,0.086004,-0.156016,0.170095,-0.193184,0.966306,0.052966,-0.977386,-0.204722,0.771672,0.082969,-0.033385,0.629702,-1.687724,0.631030,0.112467,0.102254,-0.172152,0.248388,0.156016,-0.966306,0.204722,0.000000,0.000000,0.000000,-1,0.469421,-1.678268,0.438553,-2.025550,0.625645,0.102472,130.528488,219.846619,-793.428284,0,0
3.760000,2.360260,1.352924,-2.272090,0.983396,0.098798,-0.152220,0.165142,-0.139463,0.976360,0.075233,-0.985286,-0.153463,0.754374,0.087470,-0.025514,0.650090,-1.365731,-0.017040,-0.077499,0.371690,-0.521611,0.188868,0.152220,-0.976360,0.153463,0.000000,0.000000,0.000000,-1,0.222595,-0.788651,0.407272,-0.687867,-0.302500,-0.218689,129.652451,220.021240,-791.925293,0,0
3.800000,2.282009,1.353307,-2.182641,0.980458,0.109456,-0.163467,0.176634,-0.123938,0.976442,0.086617,-0.986235,-0.140850,0.749207,0.095464,-0.025644,0.654918,-0.175007,0.785297,-0.251674,0.017807,0.288805,0.151813,0.163467,-0.976442,0.140850,0.000000,0.000000,0.000000,-1,0.179138,-0.726517,0.115326,-0.576175,1.128795,-0.213615,131.579712,219.497375,-793.428284,0,0
3.840000,2.217801,1.360792,-2.072042,0.974023,0.153667,-0.166332,0.182820,-0.100171,0.978030,0.133629,-0.983032,-0.125662,0.741596,0.113433,-0.011025,0.661096,-0.781904,0.913603,-0.230672,0.026020,0.230792,-0.039664,0.166332,-0.978030,0.125662,0.000000,0.000000,0.000000,-1,0.187775,-0.722610,0.121384,-0.850019,0.497916,-0.246043,132.806152,220.370468,-793.929321,0,0
3.880000,2.068809,1.371455,-1.899196,0.969182,0.174412,-0.173971,0.187442,-0.063868,0.980197,0.159847,-0.982599,-0.094592,0.729322,0.124038,-0.004842,0.672815,-0.936469,0.511742,-0.255875,-0.008199,0.264789,0.036679,0.173971,-0.980197,0.094592,0.000000,0.000000,0.000000,-1,0.122528,-0.753021,0.093613,-0.854368,0.533913,-0.279133,133.331772,222.989777,-793.428284,0,0
3.920000,1.923188,1.374777,-1.725718,0.962808,0.198962,-0.182798,0.192434,-0.030053,0.980850,0.189658,-0.979546,-0.067222,0.717650,0.136347,0.002390,0.682922,-0.638715,0.629419,-0.262879,-0.069151,0.159713,0.003029,0.182798,-0.980850,0.067222,0.000000,0.000000,0.000000,-1,0.116119,-0.833893,0.024948,-0.462971,0.439649,-0.220262,133.857391,222.465912,-794.931335,0,0
3.960000,1.844823,1.371944,-1.624559,0.956896,0.219507,-0.190174,0.197259,-0.010615,0.980294,0.213162,-0.975553,-0.053457,0.710804,0.146582,0.008085,0.687900,-0.322800,0.417507,-0.179244,-0.071399,0.148553,-0.049048,0.190174,-0.980294,0.053457,0.000000,0.000000,0.000000,-1,0.127029,-0.841370,-0.044373,-0.240582,0.251067,-0.132510,134.383011,223.688248,-794.764282,0,0
4.000000,1.829131,1.371356,-1.593557,0.953221,0.233838,-0.191546,0.198069,-0.004509,0.980178,0.228339,-0.972265,-0.050614,0.708580,0.152384,0.012981,0.688857,0.021436,0.244022,0.077292,-0.023425,0.094771,-0.108216,0.191546,-0.980178,0.050614,0.000000,0.000000,0.000000,-1,0.229797,-0.924622,-0.073441,0.034643,0.169831,0.130753,134.032608,224.037491,-793.428284,0,0
4.040000,1.846104,1.374519,-1.602822,0.952084,0.241481,-0.187675,0.194919,-0.006245,0.980799,0.235673,-0.970385,-0.053015,0.709109,0.153855,0.016922,0.687900,0.002480,0.280144,0.125155,0.090569,0.033717,-0.132360,0.187675,-0.980799,0.053015,0.000000,0.000000,0.000000,-1,0.436172,-1.062332,-0.034073,-0.046381,0.129465,0.079706,132.630951,223.339020,-793.762329,0,0
4.080000,1.849170,1.377498,-1.597563,0.950613,0.249441,-0.184701,0.192028,-0.005141,0.981376,0.243846,-0.968376,-0.052787,0.708615,0.155750,0.020866,0.687874,-0.062955,0.119867,0.003209,0.313269,-0.123955,-0.040351,0.184701,-0.981376,0.052787,0.000000,0.000000,0.000000,-1,0.547104,-1.104492,-0.040482,-0.073479,0.001011,-0.032170,133.682190,224.037491,-793.762329,0,0
4.120000,1.846148,1.376277,-1.587330,0.948547,0.256238,-0.186014,0.193269,-0.003196,0.981141,0.250811,-0.966609,-0.052554,0.707866,0.158754,0.022885,0.687895,0.090226,0.386993,-0.029469,0.333197,-0.114578,-0.074450,0.186014,-0.981141,0.052554,0.000000,0.000000,0.000000,-1,0.533630,-1.248535,0.224777,0.322112,0.686798,-0.149188,135.434250,223.339020,-792.092285,0,0
4.160000,1.889021,1.363555,-1.603414,0.939178,0.282403,-0.195430,0.205652,-0.006710,0.978602,0.275049,-0.959272,-0.064379,0.708919,0.172112,0.028077,0.683390,-0.092924,0.698692,-0.735166,0.030354,-0.830236,0.388029,0.195430,-0.978602,0.064379,0.000000,0.000000,0.000000,-1,-0.101196,-0.830124,0.174774,0.100750,0.287974,-0.975712,135.609451,221.418198,-792.593262,0,0
4.200000,1.874182,1.326327,-1.572334,0.926412,0.297329,-0.230988,0.242042,-0.000372,0.970266,0.288402,-0.954775,-0.072311,0.706947,0.190739,0.020304,0.680759,0.351816,0.197080,-0.827156,-0.154587,0.387670,-0.000488,0.230988,-0.970266,0.072311,0.000000,0.000000,0.000000,-1,0.245728,-0.796753,0.308945,0.326370,0.199463,-0.614008,135.959869,223.513641,-791.591309,0,0
4.240000,1.890279,1.307897,-1.569598,0.916400,0.315174,-0.246731,0.259882,0.000311,0.965640,0.304421,-0.949034,-0.081622,0.706702,0.203429,0.020408,0.677327,-0.106083,0.597631,-0.254828,-0.028897,-0.135281,0.139401,0.246731,-0.965640,0.081622,0.000000,0.000000,0.000000,-1,0.108170,-1.471420,0.217224,0.051571,0.382409,-0.218229,137.011108,221.418198,-790.255249,0,0
4.280000,1.916602,1.299702,-1.576638,0.908408,0.333654,-0.251933,0.267781,-0.001564,0.963479,0.321074,-0.942694,-0.090767,0.707237,0.212600,0.024441,0.673809,0.410254,0.419856,-0.033145,-0.361949,-0.345481,0.233146,0.251933,-0.963479,0.090767,0.000000,0.000000,0.000000,-1,-0.155853,-1.012604,0.177246,0.908751,0.207012,0.169881,136.310287,220.021240,-790.255249,0,0
