0.000000,-1.149938,-1.427651,-1.008598,0.982130,0.135894,0.130209,0.120700,0.076043,-0.989772,-0.144406,0.987801,0.058282,-0.679670,-0.094382,0.005222,0.727402,0.002423,-0.007469,-0.003775,-0.002940,0.011418,-0.000587,-0.130209,0.989772,-0.058282,0.000000,0.000000,0.000000,-1,-0.132095,1.003845,-0.059204,-0.000073,-0.107077,0.002611,119.490509,295.457092,-727.128357,0,0
0.040000,-1.150738,-1.427563,-1.009060,0.982067,0.136224,0.130335,0.120809,0.076033,-0.989760,-0.144739,0.987756,0.058213,-0.679673,-0.094543,0.005298,0.727378,-0.002892,-0.010649,-0.002638,0.000391,0.012331,-0.002242,-0.130335,0.989760,-0.058213,0.000000,0.000000,0.000000,-1,-0.135666,1.001022,-0.061646,-0.003261,-0.111317,0.003729,120.191330,296.504822,-725.792358,0,0
0.080000,-1.151830,-1.427449,-1.009674,0.981980,0.136692,0.130501,0.120951,0.076019,-0.989743,-0.145210,0.987692,0.058117,-0.679677,-0.094767,0.005410,0.727344,-0.005136,-0.012678,0.000624,-0.001853,0.011279,-0.001774,-0.130501,0.989743,-0.058117,0.000000,0.000000,0.000000,-1,-0.131241,1.000549,-0.057648,-0.005382,-0.114494,0.005895,119.315292,296.330200,-726.627319,0,0
0.120000,-1.153841,-1.427538,-1.011060,0.981887,0.137323,0.130537,0.120982,0.075805,-0.989756,-0.145811,0.987621,0.057818,-0.679754,-0.094999,0.005618,0.727240,-0.000905,-0.019046,-0.003648,-0.002245,0.012151,0.000934,-0.130537,0.989756,-0.057818,0.000000,0.000000,0.000000,-1,-0.131989,0.997726,-0.052719,0.000990,-0.117676,0.004775,120.541733,296.504822,-725.458313,0,0
0.160000,-1.156872,-1.427639,-1.013614,0.981807,0.137816,0.130621,0.121090,0.075443,-0.989770,-0.146261,0.987580,0.057382,-0.679886,-0.095202,0.005751,0.727089,-0.004069,-0.006317,0.001648,0.002478,0.010718,0.004526,-0.130621,0.989770,-0.057382,0.000000,0.000000,0.000000,-1,-0.131699,1.003265,-0.053513,-0.004311,-0.103892,0.005835,119.490509,296.504822,-725.792358,0,0
0.200000,-1.159903,-1.427898,-1.016600,0.981804,0.137896,0.130558,0.121096,0.074946,-0.989807,-0.146275,0.987607,0.056883,-0.680069,-0.095208,0.005778,0.726917,-0.000884,-0.002079,0.000531,-0.000499,0.012436,0.005538,-0.130558,0.989807,-0.056883,0.000000,0.000000,0.000000,-1,-0.131607,0.998322,-0.056442,-0.002177,-0.110248,0.009031,118.614471,295.631714,-726.627319,0,0
0.240000,-1.160965,-1.428039,-1.017134,0.981738,0.138430,0.130491,0.121018,0.074808,-0.989828,-0.146784,0.987543,0.056689,-0.680118,-0.095369,0.005989,0.726848,-0.002067,-0.008344,0.002740,-0.005328,0.010020,-0.000714,-0.130491,0.989828,-0.056689,0.000000,0.000000,0.000000,-1,-0.135818,1.000168,-0.055939,-0.004301,-0.107068,0.009040,120.366531,296.330200,-725.291321,0,0
0.280000,-1.162094,-1.428029,-1.018081,0.981702,0.138615,0.130564,0.121097,0.074698,-0.989826,-0.146957,0.987525,0.056546,-0.680158,-0.095460,0.006026,0.726799,-0.003129,-0.006224,0.002741,-0.000219,0.008419,-0.000247,-0.130564,0.989826,-0.056546,0.000000,0.000000,0.000000,-1,-0.132690,1.001099,-0.058258,-0.002173,-0.109187,0.010090,121.242569,296.854065,-726.460327,0,0
0.320000,-1.162510,-1.428195,-1.018056,0.981656,0.139060,0.130437,0.120956,0.074616,-0.989850,-0.147382,0.987469,0.056427,-0.680186,-0.095568,0.006228,0.726756,-0.006319,-0.013645,0.003873,-0.003489,0.013324,-0.001999,-0.130437,0.989850,-0.056427,0.000000,0.000000,0.000000,-1,-0.131485,1.001541,-0.059555,-0.004309,-0.112370,0.008001,120.366531,298.076385,-726.293335,0,0
0.360000,-1.163063,-1.428314,-1.018192,0.981606,0.139482,0.130359,0.120865,0.074537,-0.989867,-0.147785,0.987415,0.056307,-0.680214,-0.095686,0.006404,0.726714,-0.006320,-0.005167,0.001708,-0.002300,0.011018,-0.000226,-0.130359,0.989867,-0.056307,0.000000,0.000000,0.000000,-1,-0.128845,1.000519,-0.059982,-0.008559,-0.103890,0.006946,119.840912,297.552521,-725.792358,0,0
0.400000,-1.166439,-1.428712,-1.021312,0.981587,0.139780,0.130187,0.120761,0.073954,-0.989923,-0.148000,0.987417,0.055712,-0.680427,-0.095727,0.006545,0.726507,-0.005388,-0.008268,0.004955,0.001235,0.011664,0.002855,-0.130187,0.989923,-0.055712,0.000000,0.000000,0.000000,-1,-0.128174,0.999710,-0.058075,-0.003230,-0.107065,0.011156,120.716949,297.377930,-725.625366,0,0
0.440000,-1.166087,-1.428991,-1.020549,0.981563,0.140200,0.129913,0.120469,0.073901,-0.989963,-0.148394,0.987361,0.055649,-0.680443,-0.095772,0.006790,0.726484,-0.000080,-0.013571,0.003857,-0.001205,0.008100,-0.001541,-0.129913,0.989962,-0.055649,0.000000,0.000000,0.000000,-1,-0.130203,1.000351,-0.053772,-0.003237,-0.106008,0.009024,120.016129,296.330200,-724.957336,0,0
0.480000,-1.167711,-1.429197,-1.021972,0.981545,0.140421,0.129816,0.120401,0.073624,-0.989991,-0.148573,0.987351,0.055358,-0.680544,-0.095813,0.006890,0.726383,-0.006458,-0.000853,0.001743,0.000010,0.011946,0.000823,-0.129816,0.989991,-0.055358,0.000000,0.000000,0.000000,-1,-0.128082,0.999817,-0.055344,-0.007488,-0.098588,0.007974,120.366531,296.330200,-725.291321,0,0
0.520000,-1.168923,-1.429494,-1.023209,0.981571,0.140424,0.129612,0.120240,0.073321,-0.990033,-0.148528,0.987373,0.055086,-0.680655,-0.095740,0.006947,0.726288,-0.006450,-0.000851,0.003871,0.001149,0.011035,-0.003493,-0.129612,0.990033,-0.055086,0.000000,0.000000,0.000000,-1,-0.127975,1.000916,-0.050934,-0.003230,-0.101765,0.010068,118.964890,297.028687,-725.959351,0,0
0.560000,-1.171126,-1.429926,-1.025491,0.981612,0.140387,0.129339,0.120042,0.072825,-0.990094,-0.148416,0.987415,0.054633,-0.680837,-0.095628,0.007005,0.726132,-0.006587,0.005667,0.003900,0.000021,0.011432,0.002342,-0.129339,0.990094,-0.054633,0.000000,0.000000,0.000000,-1,-0.127930,1.000870,-0.053665,-0.006417,-0.093285,0.009001,119.140091,294.060120,-726.460327,0,0
0.600000,-1.172275,-1.430270,-1.026939,0.981683,0.140124,0.129088,0.119856,0.072475,-0.990142,-0.148098,0.987478,0.054353,-0.680965,-0.095445,0.006979,0.726036,-0.007657,0.008843,0.001772,-0.000841,0.010071,-0.001693,-0.129088,0.990142,-0.054353,0.000000,0.000000,0.000000,-1,-0.126343,0.999023,-0.054688,-0.006416,-0.091165,0.008992,120.716949,297.028687,-725.959351,0,0
0.640000,-1.173616,-1.430725,-1.028570,0.981763,0.139877,0.128746,0.119588,0.072047,-0.990206,-0.147783,0.987544,0.054005,-0.681122,-0.095234,0.006987,0.725916,-0.005530,0.005664,0.002828,0.003852,0.010633,0.002522,-0.128746,0.990206,-0.054005,0.000000,0.000000,0.000000,-1,-0.127548,1.004303,-0.051056,-0.006417,-0.093285,0.009001,121.943390,296.155579,-724.456299,0,0
0.680000,-1.176775,-1.431143,-1.032019,0.981825,0.139639,0.128533,0.119480,0.071422,-0.990264,-0.147459,0.987623,0.053439,-0.681352,-0.095075,0.006944,0.725721,-0.011911,0.005662,0.002900,-0.001716,0.014283,0.002277,-0.128533,0.990264,-0.053439,0.000000,0.000000,0.000000,-1,-0.127716,1.003418,-0.051834,-0.010664,-0.101762,0.012278,120.541733,296.504822,-726.460327,0,0
0.720000,-1.180143,-1.431780,-1.035398,0.981870,0.139690,0.128129,0.119179,0.070696,-0.990353,-0.147400,0.987668,0.052766,-0.681617,-0.094946,0.007068,0.725488,-0.015197,-0.003728,0.008349,0.003236,0.011310,0.003541,-0.128129,0.990353,-0.052766,0.000000,0.000000,0.000000,-1,-0.125488,1.001068,-0.053604,-0.010662,-0.103881,0.013351,120.541733,295.107849,-727.128357,0,0
0.760000,-1.182000,-1.432415,-1.037121,0.981907,0.139873,0.127645,0.118759,0.070170,-0.990440,-0.147493,0.987680,0.052290,-0.681808,-0.094833,0.007277,0.725322,-0.006696,-0.002670,0.007188,-0.002451,0.006462,0.001402,-0.127645,0.990441,-0.052290,0.000000,0.000000,0.000000,-1,-0.130493,0.997437,-0.046417,-0.004281,-0.096461,0.012183,119.490509,295.457092,-726.460327,0,0
0.800000,-1.185782,-1.433009,-1.041207,0.981987,0.139634,0.127296,0.118536,0.069387,-0.990522,-0.147144,0.987769,0.051585,-0.682095,-0.094624,0.007274,0.725079,-0.009888,0.016407,0.003948,0.003197,0.014208,0.005672,-0.127296,0.990522,-0.051585,0.000000,0.000000,0.000000,-1,-0.129028,1.004150,-0.043472,-0.010676,-0.091168,0.006911,121.417770,295.631714,-725.291321,0,0
0.840000,-1.190432,-1.433523,-1.046224,0.982060,0.139334,0.127063,0.118443,0.068537,-0.990593,-0.146732,0.987871,0.050804,-0.682407,-0.094437,0.007206,0.724810,-0.009905,0.003682,0.002943,0.003466,0.010475,0.003425,-0.127063,0.990593,-0.050804,0.000000,0.000000,0.000000,-1,-0.128098,1.002167,-0.051025,-0.007479,-0.101764,0.011179,118.789673,296.504822,-726.126343,0,0
0.880000,-1.191439,-1.433807,-1.047185,0.982077,0.139402,0.126852,0.118265,0.068282,-0.990632,-0.146758,0.987879,0.050572,-0.682500,-0.094384,0.007292,0.724729,-0.006742,0.003845,0.007215,-0.004190,0.010482,-0.001857,-0.126852,0.990632,-0.050572,0.000000,0.000000,0.000000,-1,-0.128357,1.001801,-0.047623,-0.005344,-0.095401,0.012190,121.067352,295.980957,-724.957336,0,0
0.920000,-1.193178,-1.434183,-1.049082,0.982128,0.139282,0.126594,0.118071,0.067872,-0.990683,-0.146576,0.987924,0.050214,-0.682650,-0.094248,0.007318,0.724606,-0.006758,0.000659,0.004038,-0.001550,0.008020,0.002850,-0.126594,0.990683,-0.050214,0.000000,0.000000,0.000000,-1,-0.128555,1.000992,-0.049637,-0.006423,-0.111305,0.011210,120.541733,297.552521,-725.124329,0,0
0.960000,-1.196202,-1.434447,-1.051750,0.982085,0.139665,0.126501,0.118024,0.067427,-0.990719,-0.146899,0.987900,0.049735,-0.682811,-0.094349,0.007468,0.724439,-0.008891,-0.012063,0.005182,-0.004526,0.011585,0.001914,-0.126501,0.990719,-0.049735,0.000000,0.000000,0.000000,-1,-0.125107,1.003357,-0.046875,-0.006431,-0.111309,0.009083,118.789673,297.203308,-726.126343,0,0
1.000000,-1.199623,-1.434902,-1.054811,0.982060,0.140068,0.126251,0.117838,0.066843,-0.990781,-0.147216,0.987883,0.049138,-0.683022,-0.094399,0.007674,0.724231,-0.012082,-0.006764,0.004131,0.001800,0.012729,0.000951,-0.126251,0.990781,-0.049138,0.000000,0.000000,0.000000,-1,-0.123276,1.003891,-0.049133,-0.011738,-0.106006,0.010181,120.366531,295.282471,-726.627319,0,0
1.040000,-1.202017,-1.435553,-1.056835,0.982063,0.140485,0.125767,0.117412,0.066287,-0.990869,-0.147539,0.987861,0.048604,-0.683222,-0.094368,0.007967,0.724043,-0.011118,-0.016135,0.009532,0.001209,0.010749,-0.003368,-0.125767,0.990869,-0.048604,0.000000,0.000000,0.000000,-1,-0.124924,1.001053,-0.049347,-0.009604,-0.116602,0.014460,120.541733,297.203308,-725.792358,0,0
1.080000,-1.203754,-1.436040,-1.057982,0.982021,0.141104,0.125400,0.117067,0.065916,-0.990934,-0.148091,0.987798,0.048212,-0.683354,-0.094450,0.008301,0.723904,-0.009000,-0.011899,0.006299,-0.001507,0.009371,-0.000708,-0.125400,0.990934,-0.048212,0.000000,0.000000,0.000000,-1,-0.126831,1.001862,-0.046921,-0.008547,-0.108125,0.011219,121.768188,295.980957,-725.625366,0,0
1.120000,-1.206744,-1.436392,-1.060738,0.982005,0.141373,0.125218,0.116944,0.065423,-0.990981,-0.148290,0.987792,0.047713,-0.683533,-0.094479,0.008439,0.723730,-0.010075,-0.004485,0.002023,-0.000881,0.011216,0.001723,-0.125218,0.990981,-0.047713,0.000000,0.000000,0.000000,-1,-0.124878,1.002670,-0.045486,-0.008547,-0.103886,0.010137,119.140091,295.107849,-726.460327,0,0
1.160000,-1.208614,-1.436795,-1.062389,0.982005,0.141623,0.124933,0.116703,0.065035,-0.991035,-0.148479,0.987782,0.047337,-0.683673,-0.094463,0.008610,0.723598,-0.007937,-0.009780,0.006279,-0.000372,0.011193,-0.000561,-0.124933,0.991035,-0.047337,0.000000,0.000000,0.000000,-1,-0.127289,1.001801,-0.048233,-0.012798,-0.106004,0.011257,120.191330,296.155579,-725.792358,0,0
1.200000,-1.212085,-1.437201,-1.065705,0.982004,0.141820,0.124720,0.116566,0.064453,-0.991089,-0.148595,0.987792,0.046762,-0.683884,-0.094455,0.008728,0.723398,-0.012278,0.002029,0.004185,-0.001058,0.013153,0.001504,-0.124720,0.991089,-0.046762,0.000000,0.000000,0.000000,-1,-0.122620,1.001236,-0.046066,-0.012796,-0.098585,0.010159,120.892151,296.504822,-725.792358,0,0
1.240000,-1.215246,-1.437702,-1.069044,0.982063,0.141694,0.124402,0.116345,0.063825,-0.991156,-0.148381,0.987851,0.046194,-0.684113,-0.094297,0.008763,0.723202,-0.013339,0.006269,0.004179,0.001599,0.009271,0.001822,-0.124402,0.991156,-0.046194,0.000000,0.000000,0.000000,-1,-0.123627,1.000641,-0.045456,-0.012793,-0.094344,0.010140,119.665710,296.330200,-726.961365,0,0
1.280000,-1.218179,-1.438093,-1.072198,0.982117,0.141518,0.124173,0.116205,0.063272,-0.991208,-0.148130,0.987912,0.045695,-0.684315,-0.094154,0.008752,0.723029,-0.014404,0.004147,0.004201,-0.000964,0.009906,-0.001073,-0.124173,0.991208,-0.045695,0.000000,0.000000,0.000000,-1,-0.122314,0.999786,-0.049026,-0.017047,-0.091165,0.009109,120.366531,295.282471,-725.625366,0,0
1.320000,-1.221404,-1.438448,-1.075765,0.982183,0.141220,0.123989,0.116121,0.062690,-0.991255,-0.147758,0.987991,0.045174,-0.684529,-0.093985,0.008681,0.722850,-0.017583,0.005210,0.006359,-0.004978,0.015017,-0.002326,-0.123989,0.991255,-0.045174,0.000000,0.000000,0.000000,-1,-0.123978,1.000671,-0.048569,-0.015981,-0.097523,0.011253,121.242569,297.203308,-725.124329,0,0
1.360000,-1.224138,-1.438912,-1.078705,0.982245,0.141063,0.123680,0.115899,0.062131,-0.991316,-0.147522,0.988049,0.044679,-0.684733,-0.093818,0.008705,0.722678,-0.017665,0.002170,0.004279,0.000450,0.008516,-0.003508,-0.123680,0.991316,-0.044679,0.000000,0.000000,0.000000,-1,-0.127151,1.000061,-0.044449,-0.014923,-0.099645,0.010188,119.140091,295.457092,-725.792358,0,0
1.400000,-1.229823,-1.439176,-1.084649,0.982274,0.140856,0.123685,0.116035,0.061318,-0.991351,-0.147222,0.988129,0.043887,-0.685031,-0.093751,0.008590,0.722406,-0.013415,0.011707,0.002060,-0.003375,0.012144,0.005328,-0.123685,0.991351,-0.043887,0.000000,0.000000,0.000000,-1,-0.120377,1.000824,-0.033600,-0.022355,-0.081623,0.009125,120.191330,296.854065,-725.792358,0,0
1.440000,-1.239533,-1.440007,-1.095027,0.982398,0.140305,0.123326,0.115933,0.059734,-0.991459,-0.146473,0.988305,0.042416,-0.685611,-0.093434,0.008440,0.721898,-0.027232,0.018069,0.003249,0.001363,0.012554,0.008450,-0.123326,0.991459,-0.042416,0.000000,0.000000,0.000000,-1,-0.122559,1.002747,-0.033218,-0.024476,-0.084800,0.011290,119.140091,295.806335,-725.458313,0,0
1.480000,-1.245942,-1.440884,-1.102222,0.982565,0.139619,0.122772,0.115584,0.058506,-0.991573,-0.145625,0.988475,0.041348,-0.686060,-0.092996,0.008328,0.721529,-0.018708,0.020196,0.008467,0.003021,0.012348,-0.002964,-0.122772,0.991573,-0.041348,0.000000,0.000000,0.000000,-1,-0.120010,1.006027,-0.033661,-0.017014,-0.079493,0.015438,119.315292,296.679443,-725.959351,0,0
1.520000,-1.251580,-1.441742,-1.108875,0.982767,0.138702,0.122195,0.115209,0.057356,-0.991684,-0.144557,0.988672,0.040388,-0.686481,-0.092468,0.008144,0.721199,-0.025131,0.030919,0.009577,-0.002194,0.009277,-0.002077,-0.122195,0.991684,-0.040388,0.000000,0.000000,0.000000,-1,-0.119751,1.001434,-0.039459,-0.027639,-0.065712,0.014430,119.665710,297.028687,-726.627319,0,0
1.560000,-1.257299,-1.442530,-1.115982,0.983011,0.137414,0.121681,0.114912,0.056192,-0.991785,-0.143123,0.988918,0.039447,-0.686908,-0.091834,0.007804,0.720876,-0.026198,0.030917,0.008526,-0.001244,0.007864,-0.001904,-0.121681,0.991785,-0.039447,0.000000,0.000000,0.000000,-1,-0.125427,1.002121,-0.038406,-0.022335,-0.069956,0.012263,120.016129,295.631714,-726.627319,0,0
1.600000,-1.263142,-1.443024,-1.123150,0.983214,0.136172,0.121442,0.114869,0.055155,-0.991848,-0.141760,0.989149,0.038587,-0.687290,-0.091316,0.007391,0.720582,-0.016636,0.036213,0.006269,-0.002750,0.010410,0.008222,-0.121442,0.991848,-0.038587,0.000000,0.000000,0.000000,-1,-0.121384,1.001053,-0.027740,-0.014881,-0.064652,0.014284,121.592972,295.457092,-724.790283,0,0
1.640000,-1.268867,-1.443619,-1.130543,0.983473,0.134597,0.121097,0.114740,0.054053,-0.991924,-0.140055,0.989425,0.037716,-0.687696,-0.090642,0.006892,0.720285,-0.023020,0.047870,0.003096,0.002033,0.008534,0.005459,-0.121097,0.991924,-0.037716,0.000000,0.000000,0.000000,-1,-0.115753,1.001160,-0.040009,-0.027657,-0.058300,0.008014,119.665710,295.980957,-725.959351,0,0
1.680000,-1.273190,-1.444305,-1.136672,0.983766,0.132881,0.120609,0.114452,0.053063,-0.992011,-0.138220,0.989711,0.036993,-0.688061,-0.089866,0.006399,0.720038,-0.021998,0.042677,0.000997,0.002140,0.010980,-0.001292,-0.120609,0.992011,-0.036993,0.000000,0.000000,0.000000,-1,-0.116135,1.002609,-0.033051,-0.022342,-0.053001,0.006868,119.140091,295.457092,-726.460327,0,0
1.720000,-1.278710,-1.444985,-1.144265,0.984085,0.130909,0.120165,0.114238,0.051913,-0.992096,-0.136112,0.990034,0.036132,-0.688484,-0.089017,0.005791,0.719745,-0.017745,0.051156,-0.000150,0.002535,0.012268,0.005889,-0.120165,0.992096,-0.036132,0.000000,0.000000,0.000000,-1,-0.116119,1.005020,-0.028946,-0.013836,-0.051940,0.006769,119.315292,295.282471,-726.961365,0,0
1.760000,-1.283027,-1.445517,-1.149911,0.984294,0.129653,0.119813,0.114047,0.051051,-0.992163,-0.134753,0.990244,0.035463,-0.688800,-0.088451,0.005422,0.719515,-0.015624,0.037375,0.002018,0.003023,0.012827,0.007936,-0.119813,0.992163,-0.035463,0.000000,0.000000,0.000000,-1,-0.116501,1.004974,-0.031128,-0.011708,-0.065718,0.009999,120.191330,296.504822,-725.792358,0,0
1.800000,-1.287628,-1.446087,-1.156387,0.984575,0.127862,0.119433,0.113858,0.050084,-0.992234,-0.132851,0.990527,0.034753,-0.689155,-0.087687,0.004868,0.719273,-0.010316,0.041612,-0.000185,-0.001020,0.011321,0.002206,-0.119433,0.992234,-0.034753,0.000000,0.000000,0.000000,-1,-0.120056,1.003082,-0.032974,-0.009591,-0.057243,0.005683,117.563232,296.330200,-726.293335,0,0
1.840000,-1.291174,-1.446288,-1.161719,0.984806,0.126135,0.119363,0.113940,0.049397,-0.992259,-0.131055,0.990782,0.034275,-0.689408,-0.087058,0.004240,0.719110,-0.014583,0.044908,-0.000148,-0.001044,0.010122,0.002948,-0.119363,0.992259,-0.034275,0.000000,0.000000,0.000000,-1,-0.120178,1.000977,-0.032578,-0.010659,-0.053005,0.003548,118.789673,295.806335,-727.128357,0,0
1.880000,-1.293234,-1.446416,-1.165222,0.984991,0.124732,0.119311,0.113995,0.048947,-0.992275,-0.129608,0.990982,0.033994,-0.689574,-0.086549,0.003733,0.719015,-0.011397,0.047026,-0.001256,0.000949,0.009099,-0.000049,-0.119311,0.992275,-0.033994,0.000000,0.000000,0.000000,-1,-0.119247,1.000992,-0.032379,-0.009599,-0.056186,0.003551,118.614471,295.980957,-727.629395,0,0
1.920000,-1.293971,-1.446554,-1.168151,0.985273,0.122583,0.119205,0.114013,0.048560,-0.992292,-0.127427,0.991270,0.033869,-0.689718,-0.085758,0.002980,0.718975,-0.002906,0.039600,-0.003443,0.000339,0.008944,-0.000998,-0.119205,0.992292,-0.033869,0.000000,0.000000,0.000000,-1,-0.121582,1.003693,-0.036850,-0.001104,-0.064669,0.002431,119.315292,296.330200,-725.625366,0,0
1.960000,-1.292054,-1.446284,-1.167420,0.985398,0.121390,0.119397,0.114223,0.048748,-0.992258,-0.126270,0.991407,0.034171,-0.689652,-0.085410,0.002492,0.719082,-0.001857,0.023695,-0.004447,-0.003925,0.010915,-0.004907,-0.119397,0.992258,-0.034171,0.000000,0.000000,0.000000,-1,-0.128113,1.005157,-0.037140,-0.001118,-0.083753,0.002518,119.490509,295.457092,-725.792358,0,0
2.000000,-1.291771,-1.445897,-1.167667,0.985421,0.120848,0.119757,0.114588,0.048871,-0.992210,-0.125760,0.991467,0.034310,-0.689609,-0.085352,0.002176,0.719132,-0.000797,0.012131,-0.004412,-0.005228,0.011315,-0.002570,-0.119757,0.992210,-0.034310,0.000000,0.000000,0.000000,-1,-0.122391,1.002258,-0.034943,-0.001129,-0.092236,0.001492,118.964890,295.980957,-726.627319,0,0
2.040000,-1.292947,-1.445639,-1.168926,0.985397,0.120761,0.120043,0.114886,0.048826,-0.992178,-0.125678,0.991480,0.034240,-0.689625,-0.085426,0.002043,0.719108,0.009823,-0.001653,-0.004467,-0.001264,0.010340,0.006255,-0.120043,0.992178,-0.034240,0.000000,0.000000,0.000000,-1,-0.116867,1.003098,-0.025101,0.009500,-0.100716,0.002477,118.614471,296.679443,-726.293335,0,0
2.080000,-1.294405,-1.445796,-1.170423,0.985411,0.120739,0.119943,0.114815,0.048594,-0.992198,-0.125626,0.991494,0.034022,-0.689709,-0.085382,0.002060,0.719032,0.003443,0.001527,-0.004409,0.002573,0.011632,0.005442,-0.119943,0.992198,-0.034022,0.000000,0.000000,0.000000,-1,-0.120651,1.007874,-0.032043,0.007370,-0.106017,0.002525,118.264069,296.330200,-726.961365,0,0
2.120000,-1.294831,-1.445761,-1.170713,0.985389,0.120874,0.119991,0.114861,0.048574,-0.992193,-0.125759,0.991479,0.033980,-0.689716,-0.085446,0.002091,0.719017,0.004497,-0.009076,-0.004372,-0.000126,0.012247,0.004104,-0.119991,0.992193,-0.033980,0.000000,0.000000,0.000000,-1,-0.121201,1.004761,-0.037018,0.005252,-0.111313,0.005763,118.614471,296.330200,-724.957336,0,0
2.160000,-1.293161,-1.445606,-1.168205,0.985278,0.121682,0.120082,0.114881,0.048922,-0.992174,-0.126604,0.991363,0.034223,-0.689589,-0.085762,0.002364,0.719101,0.005607,-0.021738,0.002041,-0.003773,0.010802,-0.001391,-0.120082,0.992174,-0.034223,0.000000,0.000000,0.000000,-1,-0.124954,1.001968,-0.038803,0.007380,-0.119792,0.007905,118.614471,297.028687,-725.959351,0,0
2.200000,-1.290783,-1.445365,-1.165237,0.985192,0.122237,0.120231,0.114955,0.049357,-0.992144,-0.127211,0.991273,0.034575,-0.689431,-0.086010,0.002531,0.719222,0.004550,-0.010078,0.000935,-0.000528,0.007627,-0.000032,-0.120231,0.992144,-0.034575,0.000000,0.000000,0.000000,-1,-0.123245,1.001099,-0.039734,0.008427,-0.125098,0.004727,119.665710,295.980957,-726.293335,0,0
2.240000,-1.288401,-1.445076,-1.162234,0.985096,0.122821,0.120423,0.115069,0.049816,-0.992108,-0.127851,0.991178,0.034941,-0.689264,-0.086284,0.002694,0.719349,0.010914,-0.025983,-0.000128,-0.006622,0.006397,-0.008013,-0.120423,0.992108,-0.034941,0.000000,0.000000,0.000000,-1,-0.124649,1.003052,-0.038589,0.009491,-0.124038,0.004710,117.913651,295.980957,-725.291321,0,0
2.280000,-1.285232,-1.444650,-1.158043,0.984939,0.123788,0.120717,0.115246,0.050467,-0.992054,-0.128897,0.991025,0.035441,-0.689027,-0.086729,0.002968,0.719522,0.007729,-0.016444,-0.001200,0.000050,0.011257,-0.002553,-0.120717,0.992054,-0.035441,0.000000,0.000000,0.000000,-1,-0.122757,1.002335,-0.037109,0.006307,-0.116616,0.004712,120.716949,296.679443,-725.959351,0,0
2.320000,-1.283050,-1.444617,-1.155173,0.984861,0.124450,0.120671,0.115131,0.050811,-0.992050,-0.129592,0.990924,0.035714,-0.688901,-0.086943,0.003238,0.719615,0.007787,-0.021693,0.001997,0.002049,0.009583,-0.000068,-0.120671,0.992050,-0.035714,0.000000,0.000000,0.000000,-1,-0.118729,1.000305,-0.038788,0.009504,-0.127212,0.008979,120.191330,295.806335,-725.792358,0,0
2.360000,-1.280806,-1.444751,-1.152157,0.984791,0.125205,0.120463,0.114855,0.051104,-0.992067,-0.130368,0.990814,0.035946,-0.688792,-0.087131,0.003595,0.719695,0.008848,-0.024875,0.002001,0.000940,0.009215,0.000912,-0.120463,0.992067,-0.035946,0.000000,0.000000,0.000000,-1,-0.124344,1.002625,-0.036148,0.008440,-0.122973,0.007908,118.789673,295.457092,-726.126343,0,0
2.400000,-1.278886,-1.444642,-1.149485,0.984694,0.125927,0.120498,0.114818,0.051455,-0.992053,-0.131127,0.990704,0.036209,-0.688664,-0.087396,0.003859,0.719784,0.005658,-0.010037,-0.001222,0.000594,0.008893,-0.001541,-0.120498,0.992053,-0.036209,0.000000,0.000000,0.000000,-1,-0.121262,1.002472,-0.037292,0.007371,-0.110256,0.003608,118.614471,296.679443,-725.959351,0,0
2.440000,-1.276591,-1.444680,-1.146827,0.984664,0.126273,0.120378,0.114646,0.051745,-0.992058,-0.131500,0.990645,0.036474,-0.688557,-0.087473,0.004038,0.719876,0.007795,-0.006854,0.000869,-0.000395,0.010521,-0.000345,-0.120378,0.992058,-0.036474,0.000000,0.000000,0.000000,-1,-0.121201,1.004150,-0.036835,0.005269,-0.104947,0.008925,119.665710,295.980957,-725.625366,0,0
2.480000,-1.275395,-1.444737,-1.145455,0.984655,0.126442,0.120280,0.114523,0.051878,-0.992065,-0.131679,0.990616,0.036602,-0.688508,-0.087495,0.004139,0.719919,0.003623,-0.003669,0.001941,-0.001791,0.010453,-0.001347,-0.120280,0.992065,-0.036602,0.000000,0.000000,0.000000,-1,-0.119644,1.004013,-0.037399,0.002078,-0.101768,0.007882,120.016129,296.679443,-726.293335,0,0
2.520000,-1.273687,-1.444908,-1.143717,0.984679,0.126471,0.120055,0.114279,0.052007,-0.992086,-0.131714,0.990606,0.036757,-0.688461,-0.087423,0.004234,0.719973,0.003625,0.002690,0.000850,0.002318,0.009226,-0.002732,-0.120055,0.992087,-0.036757,0.000000,0.000000,0.000000,-1,-0.117111,1.002014,-0.040436,0.003138,-0.094350,0.005710,119.840912,296.504822,-726.794373,0,0
2.560000,-1.270704,-1.445010,-1.141031,0.984743,0.126165,0.119849,0.114047,0.052272,-0.992099,-0.131433,0.990631,0.037086,-0.688365,-0.087240,0.004207,0.720087,0.004686,0.010107,-0.001322,0.000647,0.010937,-0.000497,-0.119849,0.992099,-0.037086,0.000000,0.000000,0.000000,-1,-0.119110,1.002045,-0.036697,0.006331,-0.090109,0.005655,118.964890,296.330200,-725.291321,0,0
2.600000,-1.268759,-1.444992,-1.139494,0.984803,0.125751,0.119793,0.113982,0.052454,-0.992097,-0.131040,0.990674,0.037324,-0.688299,-0.087074,0.004085,0.720170,0.003629,0.007989,0.000827,-0.002598,0.011809,0.000840,-0.119793,0.992097,-0.037324,0.000000,0.000000,0.000000,-1,-0.124161,1.004898,-0.039413,0.003148,-0.097526,0.008915,120.016129,294.583984,-727.295349,0,0
2.640000,-1.267168,-1.444791,-1.138027,0.984805,0.125610,0.119924,0.114086,0.052705,-0.992072,-0.130935,0.990679,0.037574,-0.688209,-0.087073,0.004000,0.720258,0.001568,-0.001586,0.002994,-0.003291,0.011468,-0.002145,-0.119924,0.992072,-0.037574,0.000000,0.000000,0.000000,-1,-0.125031,1.002640,-0.038940,0.001020,-0.104946,0.010036,118.789673,296.504822,-725.124329,0,0
2.680000,-1.267011,-1.444793,-1.137815,0.984799,0.125662,0.119916,0.114074,0.052729,-0.992072,-0.130989,0.990671,0.037592,-0.688200,-0.087088,0.004022,0.720264,-0.001624,-0.000528,0.001960,-0.001605,0.010644,0.000010,-0.119916,0.992072,-0.037592,0.000000,0.000000,0.000000,-1,-0.119827,1.001785,-0.031891,0.004205,-0.099648,0.007849,118.789673,296.504822,-725.124329,0,0
2.720000,-1.267549,-1.445001,-1.138322,0.984815,0.125707,0.119739,0.113913,0.052584,-0.992098,-0.131010,0.990673,0.037466,-0.688252,-0.087039,0.004094,0.720220,0.009009,-0.000527,0.002907,0.001697,0.009184,0.005041,-0.119739,0.992098,-0.037466,0.000000,0.000000,0.000000,-1,-0.118393,1.003128,-0.036972,0.006338,-0.091166,0.007788,118.964890,295.631714,-725.291321,0,0
2.760000,-1.265922,-1.445155,-1.137131,0.984895,0.125275,0.119533,0.113711,0.052656,-0.992117,-0.130582,0.990724,0.037615,-0.688227,-0.086813,0.004014,0.720272,0.004759,0.019611,-0.000328,-0.001180,0.011712,0.002215,-0.119533,0.992117,-0.037615,0.000000,0.000000,0.000000,-1,-0.117050,1.004456,-0.036407,0.005277,-0.083747,0.006702,119.490509,295.457092,-725.792358,0,0
2.800000,-1.264438,-1.445326,-1.136197,0.984990,0.124734,0.119314,0.113508,0.052690,-0.992139,-0.130040,0.990790,0.037741,-0.688215,-0.086543,0.003896,0.720316,0.006995,0.006805,0.001807,0.001044,0.011218,0.001074,-0.119314,0.992139,-0.037741,0.000000,0.000000,0.000000,-1,-0.121368,1.004990,-0.042297,0.006353,-0.102819,0.014222,120.191330,297.203308,-725.458313,0,0
2.840000,-1.260603,-1.445513,-1.132305,0.985024,0.124777,0.118992,0.113134,0.053053,-0.992162,-0.130112,0.990765,0.038142,-0.688082,-0.086440,0.004040,0.720454,0.009150,-0.003783,0.011404,-0.002941,0.009699,-0.003057,-0.118992,0.992162,-0.038142,0.000000,0.000000,0.000000,-1,-0.119507,0.999832,-0.039673,0.003160,-0.097521,0.012106,119.315292,295.980957,-725.959351,0,0
2.880000,-1.259070,-1.445656,-1.130832,0.985055,0.124718,0.118798,0.112927,0.053159,-0.992180,-0.130058,0.990767,0.038281,-0.688043,-0.086348,0.004091,0.720502,0.000621,0.001506,0.004028,-0.000403,0.010719,0.000912,-0.118798,0.992180,-0.038281,0.000000,0.000000,0.000000,-1,-0.122070,1.001846,-0.040070,0.001021,-0.103886,0.010031,120.191330,294.758606,-726.794373,0,0
2.920000,-1.258944,-1.445769,-1.130481,0.985039,0.124943,0.118687,0.112807,0.053151,-0.992194,-0.130276,0.990739,0.038261,-0.688046,-0.086386,0.004211,0.720495,-0.002579,-0.006978,0.003038,0.000477,0.010796,-0.001335,-0.118687,0.992194,-0.038261,0.000000,0.000000,0.000000,-1,-0.112152,1.002579,-0.046814,-0.001113,-0.109188,0.009015,118.789673,296.155579,-725.792358,0,0
2.960000,-1.256812,-1.446145,-1.128128,0.985063,0.125168,0.118251,0.112345,0.053257,-0.992241,-0.130495,0.990705,0.038399,-0.688006,-0.086305,0.004449,0.720541,-0.004616,0.001476,0.001941,0.003947,0.011345,-0.004493,-0.118251,0.992241,-0.038399,0.000000,0.000000,0.000000,-1,-0.114380,1.004547,-0.039368,0.001018,-0.097528,0.007875,118.964890,297.377930,-724.623291,0,0
3.000000,-1.254385,-1.446550,-1.125643,0.985112,0.125232,0.117775,0.111850,0.053363,-0.992291,-0.130551,0.990691,0.038561,-0.687966,-0.086153,0.004643,0.720596,0.003894,-0.009122,0.005088,0.002922,0.010791,-0.001036,-0.117775,0.992291,-0.038561,0.000000,0.000000,0.000000,-1,-0.115997,1.003418,-0.038651,0.002082,-0.111305,0.011117,119.140091,296.854065,-725.792358,0,0
3.040000,-1.253976,-1.446817,-1.124917,0.985103,0.125555,0.117507,0.111571,0.053329,-0.992324,-0.130858,0.990652,0.038526,-0.687977,-0.086168,0.004851,0.720583,0.000698,-0.011244,0.004070,0.000304,0.010209,0.000944,-0.117507,0.992324,-0.038526,0.000000,0.000000,0.000000,-1,-0.115677,1.003693,-0.034760,-0.005379,-0.099654,0.003700,119.140091,296.504822,-726.126343,0,0
3.080000,-1.256925,-1.447161,-1.127881,0.985126,0.125574,0.117296,0.111421,0.052852,-0.992367,-0.130815,0.990675,0.038074,-0.688150,-0.086099,0.004911,0.720426,-0.005682,0.005713,0.000874,0.003007,0.012089,0.003086,-0.117296,0.992367,-0.038074,0.000000,0.000000,0.000000,-1,-0.110641,1.005295,-0.037384,-0.005360,-0.090108,0.006848,119.315292,295.980957,-724.957336,0,0
3.120000,-1.257525,-1.447734,-1.128943,0.985241,0.125151,0.116777,0.110963,0.052491,-0.992437,-0.130335,0.990748,0.037829,-0.688281,-0.085762,0.004924,0.720340,-0.007711,0.006678,-0.000193,0.002932,0.010065,0.000384,-0.116777,0.992437,-0.037829,0.000000,0.000000,0.000000,-1,-0.114243,1.000763,-0.037964,-0.005376,-0.096474,0.003686,119.665710,296.679443,-726.293335,0,0
3.160000,-1.260172,-1.447866,-1.131789,0.985266,0.124977,0.116752,0.110993,0.052119,-0.992454,-0.130119,0.990790,0.037479,-0.688416,-0.085693,0.004854,0.720219,-0.016244,0.007727,-0.007549,0.003593,0.007379,0.001804,-0.116752,0.992454,-0.037479,0.000000,0.000000,0.000000,-1,-0.114059,1.003220,-0.041245,-0.016040,-0.085888,-0.006882,118.088852,297.203308,-726.794373,0,0
3.200000,-1.263834,-1.447793,-1.136158,0.985328,0.124297,0.116958,0.111286,0.051664,-0.992445,-0.129400,0.990899,0.037074,-0.688584,-0.085532,0.004517,0.720081,-0.017318,0.023619,-0.013989,0.002456,0.010378,-0.005880,-0.116958,0.992445,-0.037074,0.000000,0.000000,0.000000,-1,-0.111633,0.996979,-0.046539,-0.013939,-0.088018,-0.013277,118.964890,297.727142,-726.627319,0,0
3.240000,-1.264725,-1.447416,-1.137912,0.985390,0.123432,0.117348,0.111715,0.051625,-0.992398,-0.128552,0.991009,0.037082,-0.688601,-0.085372,0.004068,0.720086,-0.018457,0.018288,-0.034159,0.009880,0.008227,-0.008664,-0.117348,0.992398,-0.037082,0.000000,0.000000,0.000000,-1,-0.108902,1.003830,-0.044373,-0.016118,-0.073200,-0.030340,119.140091,295.457092,-727.796387,0,0
3.280000,-1.265825,-1.446833,-1.140038,0.985448,0.122399,0.117940,0.112351,0.051629,-0.992326,-0.127549,0.991137,0.037127,-0.688602,-0.085227,0.003488,0.720105,-0.002432,0.036238,-0.036560,0.006993,0.014082,-0.003218,-0.117940,0.992326,-0.037127,0.000000,0.000000,0.000000,-1,-0.108917,1.003845,-0.044495,0.011539,-0.089092,-0.023127,118.614471,295.282471,-725.959351,0,0
3.320000,-1.260345,-1.446121,-1.134898,0.985442,0.121998,0.118408,0.112725,0.052505,-0.992238,-0.127268,0.991141,0.037988,-0.688286,-0.085256,0.003218,0.720405,0.018828,-0.013580,-0.028056,0.011338,0.009639,-0.004156,-0.118408,0.992238,-0.037988,0.000000,0.000000,0.000000,-1,-0.105209,1.005936,-0.035690,0.005138,-0.125138,-0.021830,119.665710,295.631714,-725.625366,0,0
3.360000,-1.268217,-1.445984,-1.141750,0.985261,0.123041,0.118833,0.113205,0.051787,-0.992221,-0.128238,0.991049,0.037095,-0.688545,-0.085777,0.003415,0.720094,-0.016251,-0.017817,-0.024453,0.006589,0.016843,0.016847,-0.118833,0.992221,-0.037095,0.000000,0.000000,0.000000,-1,-0.112869,1.008163,-0.023499,-0.012905,-0.127245,-0.013112,118.964890,295.282471,-726.961365,0,0
3.400000,-1.277515,-1.446112,-1.150284,0.985133,0.123854,0.119051,0.113527,0.050768,-0.992237,-0.128937,0.991001,0.035952,-0.688915,-0.086143,0.003587,0.719697,-0.019428,-0.023111,-0.019073,0.007082,0.011593,0.007495,-0.119051,0.992237,-0.035952,0.000000,0.000000,0.000000,-1,-0.102524,1.000168,-0.028976,-0.037369,-0.100753,-0.021471,119.140091,295.457092,-724.790283,0,0
3.440000,-1.291834,-1.446515,-1.164392,0.985079,0.124166,0.119169,0.113865,0.049003,-0.992287,-0.129048,0.991051,0.034134,-0.689555,-0.086299,0.003582,0.719065,-0.031104,-0.010482,-0.032845,0.016264,0.011863,0.003845,-0.119169,0.992287,-0.034134,0.000000,0.000000,0.000000,-1,-0.108093,1.002365,-0.031815,-0.021471,-0.096533,-0.035494,118.439270,296.854065,-727.128357,0,0
3.480000,-1.299481,-1.445780,-1.173255,0.985112,0.122980,0.120130,0.114967,0.048275,-0.992196,-0.127819,0.991234,0.033417,-0.689822,-0.086235,0.002787,0.718819,-0.009857,0.054164,-0.050384,0.012998,0.013893,-0.007125,-0.120130,0.992196,-0.033417,0.000000,0.000000,0.000000,-1,-0.112900,1.007339,-0.039536,-0.006593,-0.040361,-0.048676,119.840912,294.758606,-725.124329,0,0
3.520000,-1.299971,-1.444579,-1.175612,0.985203,0.121089,0.121294,0.116180,0.048462,-0.992045,-0.126003,0.991458,0.033677,-0.689758,-0.085997,0.001707,0.718913,-0.006690,0.059454,-0.057886,0.004992,0.013738,-0.003402,-0.121294,0.992045,-0.033677,0.000000,0.000000,0.000000,-1,-0.133362,1.005356,-0.029297,-0.007664,-0.066862,-0.045354,119.840912,296.155579,-725.792358,0,0
3.560000,-1.307666,-1.442274,-1.184153,0.985006,0.120196,0.123757,0.118707,0.048330,-0.991752,-0.125186,0.991573,0.033337,-0.689808,-0.086583,0.000518,0.718796,-0.006738,-0.034896,-0.051080,-0.019065,0.011589,-0.000690,-0.123757,0.991752,-0.033337,0.000000,0.000000,0.000000,-1,-0.174210,1.002853,-0.046249,-0.007772,-0.220588,-0.042531,118.789673,296.854065,-725.792358,0,0
3.600000,-1.320401,-1.438941,-1.190575,0.983775,0.126341,0.127374,0.122084,0.048793,-0.991320,-0.131459,0.990786,0.032578,-0.689638,-0.090056,0.001481,0.718531,-0.001418,-0.161111,-0.036771,-0.068763,0.018049,-0.020660,-0.127374,0.991320,-0.032578,0.000000,0.000000,0.000000,-1,-0.173050,0.999420,-0.060623,-0.008825,-0.275698,-0.028443,118.964890,295.631714,-725.625366,0,0
3.640000,-1.332005,-1.437998,-1.196840,0.982916,0.131628,0.128651,0.123258,0.048369,-0.991195,-0.136692,0.990118,0.031318,-0.689788,-0.092378,0.002914,0.718088,-0.036528,-0.180201,-0.039489,-0.031352,0.003174,-0.025643,-0.128651,0.991195,-0.031318,0.000000,0.000000,0.000000,-1,-0.119537,0.983459,-0.040680,-0.047130,-0.234375,-0.045226,118.964890,295.631714,-726.627319,0,0
3.680000,-1.354226,-1.436286,-1.213958,0.981912,0.136727,0.130972,0.125657,0.046845,-0.990967,-0.141627,0.989501,0.028817,-0.690335,-0.095021,0.003859,0.717212,-0.046150,-0.102851,-0.069516,0.020529,0.000580,-0.008598,-0.130972,0.990967,-0.028817,0.000000,0.000000,0.000000,-1,-0.105713,0.999588,-0.029282,-0.038736,-0.175066,-0.087072,120.366531,294.583984,-724.957336,0,0
3.720000,-1.376270,-1.432226,-1.233352,0.980930,0.139318,0.135522,0.130337,0.045731,-0.990415,-0.144180,0.989191,0.026700,-0.690742,-0.097596,0.003134,0.716478,-0.027107,-0.015979,-0.112665,0.036492,0.010928,0.001600,-0.135522,0.990415,-0.026700,0.000000,0.000000,0.000000,-1,-0.097641,1.004333,-0.013504,-0.017487,-0.097700,-0.106802,118.614471,295.282471,-725.625366,0,0
3.760000,-1.383762,-1.429026,-1.241470,0.980566,0.138624,0.138832,0.133703,0.045696,-0.989967,-0.143577,0.989290,0.026273,-0.690760,-0.098561,0.001717,0.716334,-0.015313,0.042269,-0.110955,0.043434,0.012840,0.018736,-0.138832,0.989967,-0.026273,0.000000,0.000000,0.000000,-1,-0.096954,1.004486,0.005386,-0.007858,-0.033023,-0.104009,117.738449,294.758606,-726.126343,0,0
3.800000,-1.388861,-1.424787,-1.248986,0.980306,0.136109,0.143090,0.138022,0.046017,-0.989360,-0.141245,0.989625,0.026324,-0.690646,-0.099230,-0.000668,0.716353,0.000655,0.043336,-0.105817,0.042519,0.015203,0.036685,-0.143090,0.989360,-0.026324,0.000000,0.000000,0.000000,-1,-0.108597,1.007904,0.024063,0.012305,-0.086032,-0.102928,117.738449,295.457092,-725.458313,0,0
3.840000,-1.398569,-1.420471,-1.259421,0.979758,0.135295,0.147544,0.142558,0.045882,-0.988722,-0.140539,0.989742,0.025665,-0.690690,-0.100571,-0.002535,0.716119,-0.000490,0.001969,-0.117313,0.042792,0.024797,0.048279,-0.147544,0.988723,-0.025665,0.000000,0.000000,0.000000,-1,-0.114105,1.026016,0.011124,-0.006889,-0.119971,-0.111073,118.264069,294.933228,-723.621338,0,0
3.880000,-1.410322,-1.418023,-1.270285,0.979229,0.136176,0.150225,0.145360,0.045047,-0.988353,-0.141357,0.989660,0.024316,-0.690989,-0.101860,-0.003208,0.715645,-0.020700,-0.047849,-0.108351,0.027300,0.039052,0.035715,-0.150225,0.988353,-0.024316,0.000000,0.000000,0.000000,-1,-0.134384,1.018204,0.033829,-0.034493,-0.140094,-0.096850,118.789673,295.457092,-724.122314,0,0
3.920000,-1.439080,-1.415673,-1.297409,0.978520,0.137984,0.153164,0.148764,0.041715,-0.987993,-0.142716,0.989556,0.020292,-0.692191,-0.103565,-0.003773,0.714235,-0.047222,-0.035185,-0.104936,0.024425,0.027846,0.057020,-0.153164,0.987993,-0.020292,0.000000,0.000000,0.000000,-1,-0.117538,1.018417,0.038437,-0.071717,-0.168716,-0.094183,118.264069,295.282471,-725.625366,0,0
3.960000,-1.503648,-1.416418,-1.356965,0.977666,0.143639,0.153419,0.150263,0.032630,-0.988107,-0.146937,0.989092,0.010317,-0.695471,-0.105649,-0.002330,0.710741,-0.083326,-0.169764,-0.057106,0.025657,0.054892,0.041125,-0.153419,0.988107,-0.010317,0.000000,0.000000,0.000000,-1,-0.136719,1.049530,0.043671,-0.103488,-0.287375,-0.036920,118.964890,294.583984,-725.625366,0,0
4.000000,-1.555939,-1.417238,-1.403912,0.976864,0.149487,0.152939,0.150831,0.025408,-0.988233,-0.151614,0.988437,0.002273,-0.698066,-0.107553,-0.000474,0.707910,-0.184228,-0.166541,-0.026216,0.017395,0.057177,0.063170,-0.152939,0.988233,-0.002272,0.000000,0.000000,0.000000,-1,-0.069199,1.040344,0.130295,-0.328591,-0.210950,0.024784,117.913651,293.885498,-725.625366,0,0
4.040000,-1.669303,-1.419319,-1.513506,0.976512,0.154515,0.150167,0.150651,0.008640,-0.988549,-0.154043,0.987953,-0.014840,-0.704044,-0.108362,0.001376,0.701839,-0.560873,-0.110058,0.173409,0.111242,0.058066,0.138556,-0.150167,0.988549,0.014840,0.000000,0.000000,0.000000,-1,0.004700,1.056122,0.205841,-0.872275,-0.143496,0.470852,119.315292,294.933228,-722.953308,0,0
4.080000,-2.063427,-1.433394,-1.914100,0.981052,0.151568,0.120684,0.128978,-0.046104,-0.990575,-0.144575,0.987371,-0.064780,-0.723176,-0.096984,0.008259,0.683770,-1.392108,0.251552,0.979787,0.157289,0.065562,0.199396,-0.120684,0.990575,0.064780,0.000000,0.000000,0.000000,-1,0.034256,1.067825,0.153275,-1.478837,0.144778,1.114467,118.789673,292.663147,-722.786255,0,0
4.120000,-2.470355,-1.431160,-2.333018,0.986205,0.141086,0.086566,0.100672,-0.096110,-0.990267,-0.131393,0.985321,-0.108988,-0.740153,-0.081658,0.015141,0.667291,-1.569580,0.327257,1.268605,0.131701,0.080778,0.012609,-0.086566,0.990267,0.108988,0.000000,0.000000,0.000000,-1,0.042450,1.146225,0.114059,-1.479094,0.387814,1.279313,120.892151,289.520020,-720.448242,0,0
4.160000,-2.900341,-1.397677,-2.788736,0.992545,0.114724,0.041155,0.059528,-0.161644,-0.985052,-0.106357,0.980158,-0.167268,-0.761816,-0.057183,0.021397,0.644910,-1.522189,0.720293,1.067394,0.016177,0.114893,-0.016114,-0.041155,0.985052,0.167268,0.000000,0.000000,0.000000,-1,-0.220062,0.982330,0.207092,-1.559140,1.432311,0.700010,122.293793,287.075317,-719.446228,0,0
4.200000,-3.034224,-1.332541,-2.998480,0.998930,0.038732,0.025291,0.033660,-0.233595,-0.971751,-0.031730,0.971562,-0.234649,-0.785362,-0.023044,0.002050,0.618605,-1.151071,1.359646,0.388149,-0.163368,0.017430,-0.018782,-0.025291,0.971751,0.234648,0.000000,0.000000,0.000000,-1,-0.040497,1.026749,0.285812,-1.078065,1.036339,0.352914,116.161591,286.900696,-721.617310,0,0
4.240000,-3.051994,-1.301916,-3.049037,0.999698,0.006158,0.023770,0.024553,-0.264515,-0.964069,0.000351,0.964362,-0.264587,-0.795110,-0.009656,-0.007584,0.606341,-1.018972,0.885560,0.272887,-0.001315,0.051907,0.022980,-0.023770,0.964069,0.264587,0.000000,0.000000,0.000000,-1,-0.101868,0.938599,0.252380,-0.879997,0.714899,0.220280,115.635971,282.535217,-720.448242,0,0
