0.000000,-1.533053,1.313368,1.250575,0.929113,-0.268371,0.254413,-0.241652,0.080140,0.967048,-0.279916,-0.959976,0.009607,0.678116,-0.188029,-0.009402,0.710433,0.063628,-0.096430,-0.005721,0.017871,-0.000909,0.008951,-0.254413,-0.967048,-0.009607,0.000000,0.000000,0.000000,-1,-0.234421,-0.954346,-0.005844,0.064707,-0.197196,0.001241,173.629166,154.887955,-745.999634,0,0
0.040000,-1.536564,1.313683,1.252449,0.928708,-0.270025,0.254141,-0.241513,0.079592,0.967128,-0.281376,-0.959558,0.008703,0.678309,-0.188534,-0.010038,0.710106,-0.031946,-0.088970,0.021881,-0.002863,0.011394,0.001867,-0.254141,-0.967128,-0.008703,0.000000,0.000000,0.000000,-1,-0.253891,-0.956543,-0.033401,-0.036207,-0.197163,0.024691,174.505188,154.014862,-745.164612,0,0
0.080000,-1.537799,1.313283,1.253330,0.928502,-0.270360,0.254538,-0.241951,0.079500,0.967026,-0.281681,-0.959471,0.008402,0.678343,-0.188810,-0.010003,0.710001,0.076523,0.055195,0.003020,-0.018243,0.033555,-0.017263,-0.254538,-0.967026,-0.008402,0.000000,0.000000,0.000000,-1,-0.278961,-0.928162,-0.019241,0.072277,-0.053001,0.005825,172.928329,154.189484,-745.999634,0,0
0.120000,-1.542003,1.312858,1.259635,0.928918,-0.268507,0.254982,-0.242838,0.078099,0.966918,-0.279538,-0.960107,0.007344,0.678873,-0.188306,-0.009043,0.709641,0.013821,0.006449,0.019887,-0.014229,0.032043,-0.000621,-0.254982,-0.966918,-0.007344,0.000000,0.000000,0.000000,-1,-0.265976,-0.942322,-0.005539,0.011717,-0.071003,0.020402,172.928329,154.189484,-745.999634,0,0
0.160000,-1.547498,1.311000,1.262913,0.927807,-0.270593,0.256814,-0.244804,0.077847,0.966442,-0.281505,-0.959541,0.005984,0.678965,-0.189773,-0.009091,0.709161,0.011656,-0.035964,0.017988,0.007791,0.010616,-0.020047,-0.256814,-0.966442,-0.005984,0.000000,0.000000,0.000000,-1,-0.247009,-0.957077,-0.040985,0.007409,-0.144157,0.020780,172.753128,154.014862,-746.500610,0,0
0.200000,-1.540058,1.311469,1.255274,0.927951,-0.270579,0.256310,-0.243772,0.079574,0.966563,-0.281927,-0.959403,0.007881,0.678324,-0.189567,-0.009442,0.709825,-0.013910,-0.005221,0.009602,0.030586,-0.000021,-0.055672,-0.256310,-0.966563,-0.007881,0.000000,0.000000,0.000000,-1,-0.225723,-0.966583,-0.063553,-0.018115,-0.113424,0.012412,173.804367,155.062576,-747.168640,0,0
0.240000,-1.535919,1.312186,1.251251,0.928204,-0.270399,0.255582,-0.242791,0.080336,0.966746,-0.281940,-0.959391,0.008918,0.678039,-0.189218,-0.009719,0.710186,-0.013045,-0.008480,-0.042515,0.026532,-0.002141,-0.015207,-0.255582,-0.966746,-0.008918,0.000000,0.000000,0.000000,-1,-0.240662,-0.954025,-0.011002,-0.017233,-0.110317,-0.036542,172.928329,154.538727,-747.001648,0,0
0.280000,-1.534391,1.313487,1.249650,0.928516,-0.270524,0.254311,-0.241469,0.080328,0.967078,-0.282046,-0.959356,0.009262,0.678035,-0.188778,-0.010226,0.710300,0.033987,0.065814,0.009808,-0.012810,0.044394,0.005936,-0.254311,-0.967078,-0.009262,0.000000,0.000000,0.000000,-1,-0.263794,-0.932129,0.017181,0.029784,-0.042389,0.012628,172.928329,154.538727,-746.667603,0,0
0.320000,-1.550577,1.313020,1.267713,0.928732,-0.269248,0.254879,-0.243311,0.076088,0.966959,-0.279745,-0.960060,0.005154,0.679612,-0.188549,-0.009147,0.708868,0.111606,0.037171,0.005897,-0.001148,0.021952,0.046856,-0.254879,-0.966959,-0.005154,0.000000,0.000000,0.000000,-1,-0.254257,-0.944672,0.063004,0.107359,-0.071019,0.008711,172.928329,154.189484,-745.665649,0,0
0.360000,-1.564317,1.312941,1.281974,0.928714,-0.269190,0.255002,-0.244445,0.072632,0.966939,-0.278812,-0.960344,0.001652,0.680887,-0.188590,-0.008742,0.707637,0.053140,-0.010641,0.008897,-0.019824,0.029836,0.019017,-0.255002,-0.966939,-0.001652,0.000000,0.000000,0.000000,-1,-0.270279,-0.938919,-0.000320,0.053105,-0.127207,0.011690,173.629166,154.189484,-745.665649,0,0
0.400000,-1.573726,1.311901,1.294664,0.929250,-0.266369,0.256012,-0.246315,0.069799,0.966673,-0.275361,-0.961341,-0.000750,0.681946,-0.187949,-0.007093,0.706806,0.058520,0.074174,0.008469,0.012695,0.012511,0.004117,-0.256012,-0.966673,0.000750,0.000000,0.000000,0.000000,-1,-0.234314,-0.953140,0.002380,0.054238,-0.033909,0.011256,173.804367,155.411819,-746.500610,0,0
0.440000,-1.573962,1.312391,1.296248,0.929727,-0.265156,0.255538,-0.245968,0.069280,0.966799,-0.274056,-0.961713,-0.000809,0.682139,-0.187324,-0.006787,0.706788,0.018077,0.023285,0.009130,0.021697,0.003344,-0.007980,-0.255538,-0.966799,0.000809,0.000000,0.000000,0.000000,-1,-0.227997,-0.954468,-0.011765,0.013801,-0.084799,0.011931,173.804367,154.014862,-747.168640,0,0
0.480000,-1.576211,1.312650,1.298264,0.929709,-0.265463,0.255285,-0.245867,0.068716,0.966865,-0.274209,-0.961669,-0.001382,0.682344,-0.187343,-0.006933,0.706584,-0.010584,-0.033015,-0.010524,0.010641,0.011710,-0.002634,-0.255285,-0.966865,0.001382,0.000000,0.000000,0.000000,-1,-0.258804,-0.952637,-0.005646,-0.010766,-0.142079,-0.006686,172.928329,155.237198,-744.997620,0,0
0.520000,-1.574211,1.312435,1.295808,0.929553,-0.265808,0.255495,-0.245897,0.069376,0.966810,-0.274711,-0.961526,-0.000872,0.682101,-0.187547,-0.007043,0.706763,-0.009432,0.015777,0.004140,-0.012282,0.022459,-0.011294,-0.255495,-0.966810,0.000872,0.000000,0.000000,0.000000,-1,-0.267502,-0.948700,0.000565,-0.013866,-0.092228,0.006951,172.052307,154.014862,-746.166626,0,0
0.560000,-1.572283,1.309589,1.294006,0.928900,-0.265430,0.258247,-0.248417,0.070571,0.966079,-0.274651,-0.961544,-0.000384,0.681673,-0.188451,-0.006016,0.706945,-0.048760,-0.009666,0.008981,-0.009026,0.014892,0.005414,-0.258247,-0.966079,0.000384,0.000000,0.000000,0.000000,-1,-0.262146,-0.950439,0.007294,-0.053205,-0.117667,0.011755,172.577927,154.887955,-745.331604,0,0
0.600000,-1.568263,1.309534,1.289460,0.928980,-0.265138,0.258259,-0.248107,0.071703,0.966075,-0.274662,-0.961541,0.000828,0.681258,-0.188345,-0.006019,0.707374,-0.030718,0.019990,-0.008373,0.013722,0.015544,0.008381,-0.258259,-0.966075,-0.000828,0.000000,0.000000,0.000000,-1,-0.244644,-0.947296,0.009598,-0.039417,-0.085883,-0.003433,172.753128,155.761063,-746.166626,0,0
0.640000,-1.566797,1.310840,1.289144,0.929427,-0.264761,0.257036,-0.246910,0.071442,0.966401,-0.274228,-0.961664,0.001028,0.681351,-0.187741,-0.006308,0.707442,-0.022199,0.009387,-0.006303,0.012652,0.020249,0.003347,-0.257036,-0.966401,-0.001028,0.000000,0.000000,0.000000,-1,-0.240067,-0.946701,-0.001251,-0.026669,-0.098605,-0.003516,172.753128,154.364105,-747.168640,0,0
0.680000,-1.564064,1.311504,1.286037,0.929518,-0.265067,0.256391,-0.246072,0.072029,0.966572,-0.274674,-0.961536,0.001726,0.681132,-0.187606,-0.006711,0.707685,-0.027347,-0.019321,-0.002994,0.011381,0.012302,0.000719,-0.256391,-0.966572,-0.001726,0.000000,0.000000,0.000000,-1,-0.253494,-0.944443,0.001175,-0.031994,-0.127226,-0.000137,172.402710,153.665619,-746.834656,0,0
0.720000,-1.561624,1.311324,1.282423,0.929185,-0.266068,0.256560,-0.245976,0.072967,0.966526,-0.275882,-0.961189,0.002353,0.680784,-0.188035,-0.007096,0.707903,-0.010353,-0.042644,-0.002008,0.005385,0.020481,-0.006787,-0.256560,-0.966525,-0.002353,0.000000,0.000000,0.000000,-1,-0.246201,-0.944183,-0.007462,-0.018189,-0.148430,-0.000193,173.278748,155.237198,-745.331604,0,0
0.760000,-1.564493,1.311604,1.283851,0.928841,-0.267519,0.256295,-0.245821,0.072539,0.966597,-0.277175,-0.960818,0.001615,0.680934,-0.188469,-0.007666,0.707636,-0.001829,-0.032041,-0.000025,0.002053,0.018920,0.008848,-0.256295,-0.966597,-0.001615,0.000000,0.000000,0.000000,-1,-0.254593,-0.948059,0.002045,-0.006476,-0.139944,0.002830,174.680389,154.189484,-746.667603,0,0
0.800000,-1.563587,1.311227,1.282714,0.928696,-0.267677,0.256658,-0.246087,0.072922,0.966501,-0.277426,-0.960745,0.002367,0.680605,-0.188663,-0.007656,0.707902,-0.014466,-0.004514,0.002055,0.003575,0.014755,-0.011091,-0.256688,-0.966491,-0.002367,0.000000,0.000000,0.000000,-1,-0.253113,-0.951736,-0.013458,-0.017083,-0.112377,0.003887,172.753128,155.062576,-747.502625,0,0
0.840000,-1.558305,1.311578,1.277041,0.928729,-0.267898,0.256305,-0.245345,0.074219,0.966591,-0.277970,-0.960584,0.003202,0.680314,-0.188605,-0.007962,0.708193,-0.008125,-0.014064,-0.004357,0.010074,0.018547,-0.009143,-0.256305,-0.966591,-0.003202,0.000000,0.000000,0.000000,-1,-0.242584,-0.946915,-0.014709,-0.011797,-0.125107,-0.001433,172.402710,154.014862,-747.168640,0,0
0.880000,-1.553235,1.312622,1.271880,0.929012,-0.267900,0.255276,-0.243994,0.075187,0.966858,-0.278214,-0.960509,0.004483,0.679953,-0.188209,-0.008434,0.708640,-0.000693,-0.002403,-0.006628,0.012112,0.014953,-0.011325,-0.255276,-0.966858,-0.004483,0.000000,0.000000,0.000000,-1,-0.244919,-0.946198,-0.013535,-0.005415,-0.110268,-0.003698,173.278748,153.840240,-746.667603,0,0
0.920000,-1.552312,1.312788,1.270377,0.928907,-0.268422,0.255112,-0.243727,0.075506,0.966900,-0.278800,-0.960338,0.004716,0.679832,-0.188337,-0.008711,0.708719,-0.010264,-0.035260,0.000007,0.003341,0.015026,-0.000212,-0.255112,-0.966900,-0.004716,0.000000,0.000000,0.000000,-1,-0.251526,-0.950592,-0.004929,-0.014984,-0.143124,0.002939,174.855606,155.411819,-747.168640,0,0
0.960000,-1.552809,1.312835,1.269410,0.928519,-0.269801,0.255068,-0.243611,0.075728,0.966912,-0.280189,-0.959934,0.004589,0.679743,-0.188825,-0.009239,0.708667,-0.009149,-0.020451,-0.003330,0.006319,0.014764,0.002956,-0.255068,-0.966912,-0.004589,0.000000,0.000000,0.000000,-1,-0.249359,-0.953049,-0.004272,-0.013925,-0.133587,-0.000307,171.526688,154.887955,-744.663574,0,0
1.000000,-1.551683,1.312752,1.268002,0.928435,-0.270021,0.255143,-0.243581,0.076095,0.966891,-0.280495,-0.959843,0.004877,0.679607,-0.188933,-0.009326,0.708768,-0.007023,-0.008793,-0.005530,-0.000945,0.018252,0.000162,-0.255143,-0.966891,-0.004877,0.000000,0.000000,0.000000,-1,-0.251297,-0.948013,-0.002899,-0.011794,-0.116627,-0.002535,172.402710,154.713348,-746.500610,0,0
1.040000,-1.549833,1.313581,1.265772,0.928553,-0.270379,0.254332,-0.242645,0.076397,0.967102,-0.280914,-0.959718,0.005332,0.679489,-0.188754,-0.009780,0.708922,-0.012356,-0.006681,-0.010805,0.013152,0.013626,-0.002450,-0.254332,-0.967102,-0.005332,0.000000,0.000000,0.000000,-1,-0.241180,-0.953476,-0.007782,-0.017112,-0.113448,-0.003554,173.278748,154.538727,-745.999634,0,0
1.080000,-1.547162,1.314594,1.262760,0.928734,-0.270690,0.253338,-0.241481,0.076830,0.967359,-0.281318,-0.959596,0.005989,0.679322,-0.188486,-0.010297,0.709146,-0.016624,-0.017285,-0.011781,0.011196,0.017393,-0.004036,-0.253338,-0.967359,-0.005989,0.000000,0.000000,0.000000,-1,-0.242142,-0.949966,-0.010025,-0.019261,-0.122996,-0.007742,172.227509,154.887955,-746.667603,0,0
1.120000,-1.543874,1.315268,1.259079,0.928825,-0.271006,0.252665,-0.240576,0.077519,0.967530,-0.281793,-0.959451,0.006804,0.679062,-0.188341,-0.010723,0.709427,-0.012400,-0.009899,-0.012997,0.008341,0.017792,-0.003648,-0.252665,-0.967530,-0.006804,0.000000,0.000000,0.000000,-1,-0.249908,-0.949265,-0.007309,-0.017139,-0.117699,-0.009917,173.979568,154.887955,-746.667603,0,0
1.160000,-1.540398,1.314846,1.255251,0.928666,-0.271194,0.253048,-0.240666,0.078566,0.967423,-0.282240,-0.959313,0.007695,0.678676,-0.188551,-0.010753,0.709741,-0.017665,0.012380,-0.003460,-0.001270,0.021622,-0.004314,-0.253048,-0.967423,-0.007695,0.000000,0.000000,0.000000,-1,-0.248245,-0.944229,-0.018326,-0.022402,-0.095420,-0.000386,174.505188,154.364105,-746.166626,0,0
1.200000,-1.538504,1.314877,1.254743,0.929070,-0.269850,0.253003,-0.240597,0.078679,0.967431,-0.280967,-0.959683,0.008173,0.678642,-0.188040,-0.010302,0.709916,0.011054,0.034644,-0.003876,0.001111,0.019998,0.005503,-0.253003,-0.967431,-0.008173,0.000000,0.000000,0.000000,-1,-0.251892,-0.947433,-0.002670,0.007384,-0.072095,-0.000820,172.402710,155.062576,-747.168640,0,0
1.240000,-1.538476,1.314662,1.256725,0.929559,-0.267965,0.253210,-0.240950,0.078266,0.967377,-0.279041,-0.960244,0.008187,0.678805,-0.187430,-0.009513,0.709932,0.023839,0.062211,-0.002010,0.000754,0.022751,-0.005760,-0.253210,-0.967377,-0.008187,0.000000,0.000000,0.000000,-1,-0.250229,-0.946014,-0.015472,0.019106,-0.045587,0.001059,173.804367,155.761063,-747.168640,0,0
1.280000,-1.535085,1.314685,1.256099,0.930339,-0.265292,0.253159,-0.240880,0.078410,0.967382,-0.276489,-0.960975,0.009044,0.678764,-0.186431,-0.008593,0.710245,0.025931,0.081233,-0.001121,0.008149,0.013845,-0.012257,-0.253159,-0.967382,-0.009044,0.000000,0.000000,0.000000,-1,-0.245010,-0.953537,-0.021301,0.021247,-0.030743,0.002032,173.103546,154.364105,-746.834656,0,0
1.320000,-1.531643,1.315384,1.255425,0.931277,-0.262664,0.252451,-0.240184,0.078363,0.967559,-0.273926,-0.961700,0.009889,0.678790,-0.185200,-0.007909,0.710551,0.020581,0.076984,-0.007429,0.015177,0.013320,-0.010481,-0.252451,-0.967559,-0.009889,0.000000,0.000000,0.000000,-1,-0.234772,-0.953995,-0.019196,0.016969,-0.027573,-0.005381,173.453949,154.364105,-748.170654,0,0
1.360000,-1.526702,1.316759,1.254832,0.932794,-0.258570,0.251070,-0.238873,0.078092,0.967906,-0.269878,-0.962831,0.011078,0.678901,-0.183180,-0.006926,0.710979,0.009930,0.064260,-0.008327,0.009615,0.028666,-0.002914,-0.251070,-0.967906,-0.011078,0.000000,0.000000,0.000000,-1,-0.241455,-0.939240,-0.013992,0.005263,-0.043476,-0.005180,173.804367,152.967148,-745.498596,0,0
1.400000,-1.525917,1.317266,1.255458,0.933288,-0.257270,0.250571,-0.238455,0.077790,0.968033,-0.268538,-0.963203,0.011253,0.679015,-0.182516,-0.006615,0.711043,0.018458,0.035654,0.004468,0.019156,0.016754,-0.003594,-0.250571,-0.968033,-0.011253,0.000000,0.000000,0.000000,-1,-0.231415,-0.951279,-0.014847,0.012727,-0.072084,0.006567,174.154770,154.364105,-746.500610,0,0
1.440000,-1.526626,1.318281,1.256965,0.933726,-0.256625,0.249596,-0.237637,0.077127,0.968287,-0.267738,-0.963429,0.011032,0.679258,-0.181913,-0.006677,0.710965,0.015182,0.012269,-0.005021,0.016183,0.015208,-0.001618,-0.249596,-0.968287,-0.011032,0.000000,0.000000,0.000000,-1,-0.237762,-0.948624,-0.013321,0.008440,-0.092236,0.001387,173.629166,154.887955,-745.665649,0,0
1.480000,-1.527492,1.318846,1.258187,0.933943,-0.256361,0.249059,-0.237211,0.076668,0.968428,-0.267362,-0.963536,0.010792,0.679427,-0.181613,-0.006735,0.710880,0.004557,-0.002566,0.000479,0.007757,0.015105,-0.004497,-0.249059,-0.968428,-0.010792,0.000000,0.000000,0.000000,-1,-0.238556,-0.955963,-0.010208,-0.000071,-0.110256,0.003690,174.855606,155.062576,-746.500610,0,0
1.520000,-1.527720,1.319110,1.257755,0.933833,-0.257005,0.248806,-0.236935,0.076692,0.968494,-0.267989,-0.963362,0.010724,0.679415,-0.181752,-0.007059,0.710853,-0.033729,-0.032252,0.002096,0.001461,0.019123,0.011548,-0.248806,-0.968494,-0.010724,0.000000,0.000000,0.000000,-1,-0.249619,-0.948227,-0.000992,-0.034107,-0.130400,0.004156,174.505188,155.411819,-747.168640,0,0
1.560000,-1.527950,1.318490,1.257024,0.933436,-0.257860,0.249409,-0.237450,0.077050,0.968339,-0.268913,-0.963105,0.010693,0.679281,-0.182292,-0.007178,0.710841,-0.008190,-0.002571,0.000621,-0.004467,0.018068,0.011486,-0.249409,-0.968339,-0.010693,0.000000,0.000000,0.000000,-1,-0.258606,-0.944489,0.005615,-0.016022,-0.110258,0.002802,172.577927,153.490997,-747.001648,0,0
1.600000,-1.533187,1.316924,1.262143,0.932975,-0.258007,0.250976,-0.239285,0.076295,0.967947,-0.268885,-0.963126,0.009444,0.679566,-0.182945,-0.006588,0.710407,-0.000743,0.003761,0.004736,-0.014816,0.021612,0.011275,-0.250976,-0.967947,-0.009444,0.000000,0.000000,0.000000,-1,-0.262817,-0.948715,-0.002213,-0.005366,-0.103889,0.007974,172.577927,153.490997,-747.001648,0,0
1.640000,-1.533631,1.315909,1.263401,0.932937,-0.257184,0.251962,-0.240317,0.076291,0.967692,-0.268097,-0.963346,0.009369,0.679573,-0.183020,-0.005936,0.710387,0.003554,0.022854,0.012053,0.003000,0.018504,0.000930,-0.251962,-0.967692,-0.009369,0.000000,0.000000,0.000000,-1,-0.244598,-0.950058,-0.006104,-0.002133,-0.083734,0.015293,173.278748,154.538727,-746.667603,0,0
1.680000,-1.532357,1.315621,1.262768,0.933046,-0.256525,0.252228,-0.240535,0.076527,0.967619,-0.267521,-0.963503,0.009700,0.679489,-0.182880,-0.005627,0.710506,-0.006050,0.006941,0.005848,0.002991,0.019087,-0.006901,-0.252228,-0.967619,-0.009700,0.000000,0.000000,0.000000,-1,-0.249237,-0.948532,-0.016602,-0.010679,-0.100708,0.008018,172.928329,153.490997,-745.665649,0,0
1.720000,-1.525685,1.315003,1.257470,0.933324,-0.254993,0.252755,-0.240695,0.077985,0.967463,-0.266407,-0.963793,0.011410,0.678957,-0.182518,-0.005027,0.711112,-0.008162,0.005892,0.012260,0.000665,0.022044,-0.019505,-0.252755,-0.967463,-0.011410,0.000000,0.000000,0.000000,-1,-0.255600,-0.948517,-0.031830,-0.012778,-0.101757,0.015492,171.877106,154.538727,-747.001648,0,0
1.760000,-1.518442,1.314101,1.248875,0.932847,-0.255961,0.253537,-0.240843,0.080327,0.967234,-0.267940,-0.963344,0.013286,0.678092,-0.183162,-0.005310,0.711769,-0.025176,-0.031209,0.022158,0.019818,0.020686,-0.013798,-0.253537,-0.967234,-0.013286,0.000000,0.000000,0.000000,-1,-0.233719,-0.946548,-0.027084,-0.032952,-0.125064,0.027521,173.453949,154.364105,-747.168640,0,0
1.800000,-1.513033,1.315472,1.241619,0.932766,-0.257632,0.252138,-0.238999,0.081643,0.967581,-0.269865,-0.962788,0.014580,0.677595,-0.183233,-0.006540,0.712213,-0.030541,-0.075739,0.020278,0.025591,0.008216,-0.011588,-0.252138,-0.967581,-0.014580,0.000000,0.000000,0.000000,-1,-0.226547,-0.959366,-0.026169,-0.029824,-0.180203,0.022416,173.103546,152.967148,-746.500610,0,0
1.840000,-1.507532,1.316104,1.234092,0.932460,-0.259410,0.251444,-0.237801,0.083238,0.967741,-0.271971,-0.962174,0.015929,0.676996,-0.183609,-0.007580,0.712676,-0.009263,0.003761,0.009039,0.024332,0.011411,-0.009340,-0.251444,-0.967741,-0.015929,0.000000,0.000000,0.000000,-1,-0.228439,-0.948853,-0.033417,-0.013855,-0.103882,0.012322,174.154770,153.665619,-746.834656,0,0
1.880000,-1.492779,1.315848,1.220228,0.932822,-0.258122,0.251429,-0.236857,0.086612,0.967676,-0.271555,-0.962222,0.019656,0.675750,-0.183122,-0.007446,0.713983,-0.032566,0.012284,0.034782,0.011454,0.011316,-0.034483,-0.251429,-0.967676,-0.019656,0.000000,0.000000,0.000000,-1,-0.237137,-0.955109,-0.053360,-0.035020,-0.091125,0.035900,174.154770,153.665619,-746.834656,0,0
1.920000,-1.481478,1.315294,1.210336,0.933210,-0.256428,0.251724,-0.236489,0.089139,0.967537,-0.270542,-0.962444,0.022543,0.674820,-0.182611,-0.006971,0.714999,0.002604,0.047281,0.052300,0.028823,0.018364,-0.026620,-0.251724,-0.967537,-0.022543,0.000000,0.000000,0.000000,-1,-0.222900,-0.949173,-0.049164,-0.011543,-0.063532,0.053600,174.680389,153.840240,-746.667603,0,0
1.960000,-1.483968,1.315447,1.216577,0.934166,-0.253012,0.251632,-0.236902,0.087611,0.967575,-0.266853,-0.963488,0.021904,0.675398,-0.181343,-0.005634,0.714787,0.068525,0.084383,0.047139,0.045745,0.014618,-0.007225,-0.251632,-0.967575,-0.021904,0.000000,0.000000,0.000000,-1,-0.206390,-0.961807,-0.020264,0.063962,-0.023248,0.050458,172.928329,154.189484,-748.003662,0,0
2.000000,-1.480182,1.315444,1.214073,0.934542,-0.251702,0.251550,-0.236685,0.088204,0.967574,-0.265728,-0.963777,0.022857,0.675182,-0.180835,-0.005250,0.715123,-0.019665,0.005976,0.079301,0.011804,-0.001023,-0.029924,-0.251550,-0.967574,-0.022857,0.000000,0.000000,0.000000,-1,-0.242813,-0.954407,-0.069000,-0.014694,-0.108032,0.072982,172.402710,154.713348,-747.168640,0,0
2.040000,-1.474250,1.311346,1.211057,0.934383,-0.248438,0.255355,-0.240127,0.090313,0.966531,-0.263185,-0.964428,0.024730,0.674415,-0.181107,-0.002903,0.715791,-0.016287,0.102499,0.109676,0.041106,0.009927,-0.061924,-0.255355,-0.966531,-0.024730,0.000000,0.000000,0.000000,-1,-0.214249,-0.956604,-0.086655,-0.027229,-0.004075,0.110945,172.753128,155.062576,-746.834656,0,0
2.080000,-1.453090,1.308708,1.193290,0.934917,-0.244387,0.257305,-0.240854,0.095505,0.965851,-0.260615,-0.964963,0.030427,0.672493,-0.180389,-0.001230,0.717783,-0.182308,0.014398,0.086364,0.065289,-0.040848,-0.036834,-0.257305,-0.965851,-0.030427,0.000000,0.000000,0.000000,-1,-0.192017,-1.006699,-0.067261,-0.186854,-0.093167,0.089705,172.753128,154.014862,-746.834656,0,0
2.120000,-1.396824,1.304827,1.133290,0.934106,-0.245821,0.258877,-0.238088,0.111363,0.964838,-0.266007,-0.962897,0.045497,0.666567,-0.181493,-0.002674,0.723009,-0.597061,-0.097996,0.081863,0.019055,-0.038885,-0.080357,-0.258877,-0.964838,-0.045497,0.000000,0.000000,0.000000,-1,-0.249680,-1.003555,-0.150787,-0.525044,-0.196021,0.084323,172.227509,154.538727,-747.335632,0,0
2.160000,-1.254827,1.291595,0.980797,0.932104,-0.250135,0.261945,-0.228997,0.153326,0.961276,-0.280612,-0.955994,0.085636,0.650604,-0.184111,-0.007173,0.736727,-1.512547,-0.023856,0.042688,-0.018267,-0.036695,-0.160840,-0.261945,-0.961276,-0.085636,0.000000,0.000000,0.000000,-1,-0.294449,-1.008484,-0.224899,-1.393746,-0.198190,0.061996,172.227509,155.237198,-748.671631,0,0
2.200000,-1.057551,1.265622,0.765242,0.929698,-0.259133,0.261747,-0.208132,0.216696,0.953795,-0.303879,-0.941219,0.147528,0.625595,-0.186728,-0.016837,0.757285,-2.290786,-0.952751,-0.047723,-0.054568,-0.140856,-0.095133,-0.261747,-0.953795,-0.147528,0.000000,0.000000,0.000000,-1,-0.386078,-1.133026,-0.292725,-2.295322,-1.060316,-0.044376,173.278748,152.094040,-752.345703,0,0
2.240000,-0.882348,1.181670,0.487974,0.896171,-0.333237,0.292970,-0.177868,0.335100,0.925241,-0.406499,-0.881284,0.241035,0.574464,-0.222427,-0.049407,0.786178,-2.491400,-2.225121,0.583570,-0.083846,-0.164908,0.509284,-0.292970,-0.925241,-0.241035,0.000000,0.000000,0.000000,-1,-0.351654,-0.908157,0.242828,-2.613123,-2.321124,0.521142,172.052307,154.014862,-758.190796,0,0
2.280000,-0.821610,1.083257,0.347958,0.860818,-0.375937,0.343022,-0.159733,0.440380,0.883488,-0.483196,-0.815314,0.319037,0.524738,-0.255208,-0.066783,0.809357,-2.490540,-1.199444,0.885282,-0.128215,0.107502,-0.049356,-0.343022,-0.883488,-0.319037,0.000000,0.000000,0.000000,-1,-0.471237,-0.775986,-0.368393,-2.692792,-1.431004,0.923279,170.825867,152.792526,-764.703857,0,0
2.320000,-0.818971,1.043947,0.327675,0.849843,-0.377988,0.367276,-0.161826,0.476059,0.864396,-0.501576,-0.794036,0.343407,0.507537,-0.265899,-0.066153,0.816901,0.214869,0.422707,0.168426,-0.085941,0.166001,0.041985,-0.367276,-0.864396,-0.343407,0.000000,0.000000,0.000000,-1,-0.446045,-0.637283,-0.210663,0.210334,0.315144,0.171773,167.672150,153.141754,-765.037903,0,0
2.360000,-0.813244,1.055880,0.339243,0.858400,-0.367615,0.357784,-0.163878,0.464395,0.870334,-0.486100,-0.805727,0.338393,0.513715,-0.258651,-0.062445,0.815657,0.311946,0.186693,-0.262385,0.043437,0.207950,0.122252,-0.357784,-0.870334,-0.338393,0.000000,0.000000,0.000000,-1,-0.314346,-0.662384,-0.216141,0.275637,0.107797,-0.232224,169.249008,152.268661,-764.202881,0,0
2.400000,-0.818531,1.072658,0.351285,0.862279,-0.367117,0.348856,-0.164410,0.448613,0.878474,-0.479004,-0.814845,0.326472,0.521343,-0.254883,-0.062410,0.811998,0.727690,0.175057,-0.248831,0.017847,0.181361,-0.121862,-0.348856,-0.878474,-0.326472,0.000000,0.000000,0.000000,-1,-0.349106,-0.691132,-0.507568,0.631667,0.069593,-0.260441,169.249008,152.268661,-764.202881,0,0
2.440000,-0.864835,1.106533,0.405748,0.864664,-0.369120,0.340743,-0.176735,0.411409,0.894152,-0.470234,-0.833363,0.290494,0.539157,-0.253106,-0.060043,0.801025,0.903318,-0.000800,-0.158494,0.072829,0.118319,-0.243732,-0.340743,-0.894152,-0.290494,0.000000,0.000000,0.000000,-1,-0.267914,-0.775833,-0.534225,0.898783,-0.108360,-0.155147,169.424210,152.094040,-760.695801,0,0
2.480000,-0.924709,1.139943,0.467923,0.864563,-0.375939,0.333467,-0.188372,0.372752,0.908610,-0.465882,-0.848367,0.251451,0.556857,-0.253346,-0.059447,0.788791,0.902732,-0.174857,-0.278965,-0.016630,0.025614,-0.208128,-0.333467,-0.908610,-0.251451,0.000000,0.000000,0.000000,-1,-0.350098,-0.882996,-0.459579,0.940840,-0.256931,-0.249611,169.424210,153.141754,-761.363831,0,0
2.520000,-0.953375,1.162209,0.497070,0.865681,-0.381637,0.323959,-0.189460,0.349232,0.917683,-0.463359,-0.855798,0.230018,0.567105,-0.251760,-0.061453,0.781814,0.735407,0.147183,-0.453024,-0.051347,0.015294,0.012703,-0.323959,-0.917683,-0.230018,0.000000,0.000000,0.000000,-1,-0.425644,-0.936600,-0.200272,0.708621,-0.072693,-0.406377,169.424210,153.141754,-761.363831,0,0
2.560000,-0.982572,1.211459,0.558861,0.883396,-0.366094,0.292551,-0.186455,0.298153,0.936130,-0.429937,-0.881521,0.195128,0.589516,-0.234323,-0.058262,0.770824,1.248617,0.984378,-0.706051,-0.255194,-0.143979,-0.079790,-0.292551,-0.936130,-0.195128,0.000000,0.000000,0.000000,-1,-0.490829,-1.026550,-0.252838,1.244082,0.876820,-0.702704,171.526688,152.443283,-757.689819,0,0
2.600000,-1.009200,1.256982,0.656195,0.913119,-0.312967,0.261276,-0.188333,0.244580,0.951163,-0.361586,-0.917732,0.164389,0.613219,-0.204373,-0.040895,0.761920,1.173590,1.648897,-0.154026,-0.211777,0.238089,0.177511,-0.261276,-0.951163,-0.164389,0.000000,0.000000,0.000000,-1,-0.473053,-0.713074,0.013123,1.139021,1.575151,-0.228152,173.629166,153.490997,-755.017761,0,0
2.640000,-1.077171,1.274072,0.765775,0.925234,-0.278646,0.257484,-0.202654,0.210767,0.956299,-0.320739,-0.936981,0.138540,0.627680,-0.191698,-0.025194,0.754079,1.198721,0.901949,0.179885,-0.179940,0.133195,0.224890,-0.257484,-0.956299,-0.138540,0.000000,0.000000,0.000000,-1,-0.329376,-0.881638,0.103760,1.235615,0.894010,0.153605,173.979568,153.490997,-753.013733,0,0
2.680000,-1.197863,1.291641,0.929547,0.935330,-0.243543,0.256604,-0.220807,0.164829,0.961289,-0.276411,-0.955781,0.100394,0.646163,-0.179657,-0.007663,0.741713,1.193352,0.946016,-0.126606,0.368618,-0.124634,-0.137918,-0.256604,-0.961289,-0.100394,0.000000,0.000000,0.000000,-1,0.112015,-1.085922,-0.238312,1.188816,0.838462,-0.123259,172.402710,152.617905,-750.842712,0,0
2.720000,-1.276199,1.318193,1.062287,0.950682,-0.197499,0.239159,-0.218303,0.121683,0.968265,-0.220333,-0.972722,0.072567,0.662652,-0.156870,0.007103,0.732279,1.130680,1.630297,-0.535343,0.197533,-0.113141,0.022747,-0.239159,-0.968265,-0.072567,0.000000,0.000000,0.000000,-1,-0.041626,-1.081406,-0.049820,1.147540,1.550354,-0.502573,172.227509,155.586441,-747.335632,0,0
2.760000,-1.397953,1.342502,1.222697,0.960655,-0.165642,0.222945,-0.212743,0.077199,0.974054,-0.178555,-0.983160,0.038923,0.679068,-0.139303,0.016342,0.720551,0.967471,0.292927,-0.122232,0.002302,0.063989,-0.092104,-0.222945,-0.974054,-0.038923,0.000000,0.000000,0.000000,-1,-0.220642,-0.910065,-0.131027,1.018030,0.263730,-0.185797,172.753128,154.014862,-746.500610,0,0
2.800000,-1.528263,1.353104,1.371450,0.964617,-0.151501,0.215781,-0.211700,0.042770,0.976399,-0.157154,-0.987531,0.009183,0.691495,-0.131310,0.021196,0.710030,0.704126,0.255530,-0.311694,0.245109,-0.044338,-0.077013,-0.215781,-0.976399,-0.009183,0.000000,0.000000,0.000000,-1,0.029327,-1.020737,-0.086197,0.699591,0.147978,-0.308347,173.278748,155.935684,-743.661621,0,0
2.840000,-1.681224,1.364730,1.523138,0.966527,-0.156427,0.203365,-0.204379,0.009748,0.978843,-0.155100,-0.987641,-0.022549,0.703443,-0.128228,0.017153,0.698879,0.677695,-0.343247,-0.149142,-0.020085,0.070625,-0.063702,-0.203365,-0.978843,0.022549,0.000000,0.000000,0.000000,-1,-0.214478,-0.894745,-0.056458,0.673042,-0.395731,-0.188592,173.103546,156.459549,-743.494568,0,0
2.880000,-1.794122,1.362061,1.626462,0.964844,-0.168053,0.202077,-0.206902,-0.011529,0.978294,-0.162076,-0.985711,-0.045894,0.711032,-0.131835,0.014064,0.690547,0.750683,-0.258179,0.017737,0.083104,0.040199,-0.112179,-0.202077,-0.978294,0.045894,0.000000,0.000000,0.000000,-1,-0.088669,-0.964249,-0.021561,0.733280,-0.469642,0.013184,175.731628,155.586441,-742.325562,0,0
2.920000,-1.962854,1.352213,1.802575,0.965782,-0.164644,0.200393,-0.211048,-0.049812,0.976206,-0.150745,-0.985094,-0.082855,0.724301,-0.129674,0.017137,0.676963,0.938578,0.095710,-0.131661,0.182113,-0.038687,-0.083404,-0.200393,-0.976206,0.082855,0.000000,0.000000,0.000000,-1,-0.018280,-1.014893,-0.000549,0.934042,-0.011840,-0.128314,174.329987,156.983398,-741.657593,0,0
2.960000,-2.141258,1.341918,1.974330,0.965914,-0.174773,0.190958,-0.208661,-0.089091,0.973922,-0.153202,-0.980570,-0.122523,0.737822,-0.129921,0.012793,0.662250,0.706258,-0.483211,-0.158399,0.044275,0.014861,-0.253000,-0.190958,-0.973922,0.122522,0.000000,0.000000,0.000000,-1,-0.200470,-0.934738,-0.123398,0.744170,-0.579132,-0.178975,175.731628,156.284927,-740.655518,0,1
3.000000,-2.206025,1.332653,2.034469,0.965002,-0.180876,0.189883,-0.210992,-0.105502,0.971778,-0.155738,-0.977831,-0.139973,0.743384,-0.131785,0.011483,0.655653,0.446158,0.074729,0.115328,-0.054547,0.045233,-0.223973,-0.189883,-0.971778,0.139973,0.000000,0.000000,0.000000,-1,-0.236343,-0.957947,-0.052521,0.490256,-0.144084,0.064388,174.680389,157.332642,-739.319519,0,0
3.040000,-2.171329,1.319602,2.021096,0.965425,-0.160938,0.205072,-0.223784,-0.108183,0.968616,-0.133702,-0.981018,-0.140457,0.743987,-0.129277,0.023982,0.655131,-0.161897,0.645395,0.303478,0.062432,-0.235714,-0.166703,-0.205072,-0.968616,0.140457,0.000000,0.000000,0.000000,-1,-0.147827,-1.227112,-0.057617,-0.166416,0.537985,0.306821,175.381226,158.031128,-737.983521,0,0
3.080000,-2.060484,1.314392,1.916686,0.962538,-0.153084,0.223800,-0.238584,-0.085980,0.967308,-0.128837,-0.984466,-0.119283,0.736173,-0.133008,0.032249,0.662811,-0.721837,-0.085794,0.548032,0.100616,-0.282158,-0.307927,-0.223800,-0.967308,0.119283,0.000000,0.000000,0.000000,-1,-0.123184,-1.249466,-0.188644,-0.628671,-0.177354,0.514059,172.753128,155.761063,-736.814514,0,0
3.120000,-1.902056,1.311985,1.754620,0.958187,-0.152659,0.242017,-0.251619,-0.046782,0.966695,-0.136253,-0.987171,-0.083238,0.722531,-0.139883,0.036595,0.676049,-1.658975,0.214371,0.642103,0.052595,-0.329127,-0.341676,-0.242017,-0.966695,0.083238,0.000000,0.000000,0.000000,-1,-0.217178,-1.232391,-0.269608,-1.484941,0.030630,0.644886,173.979568,155.935684,-739.653564,0,0
3.160000,-1.438443,1.293925,1.312819,0.955617,-0.115663,0.270957,-0.264302,0.069738,0.961915,-0.130154,-0.990837,0.036073,0.680038,-0.139685,0.051763,0.717884,-3.037306,1.489633,0.543041,0.049598,-0.039626,-0.006011,-0.270957,-0.961915,-0.036073,0.000000,0.000000,0.000000,-1,-0.221039,-0.892639,0.027283,-3.041825,1.382226,0.546383,172.577927,153.490997,-742.993591,0,0
3.200000,-0.990407,1.228182,0.844742,0.953064,-0.112881,0.280938,-0.251224,0.223045,0.941880,-0.168983,-0.968250,0.184218,0.621651,-0.146427,0.045023,0.768168,-3.699948,-1.903824,0.031674,-0.308295,-0.143859,0.084609,-0.280938,-0.941880,-0.184218,0.000000,0.000000,0.000000,-1,-0.589233,-1.085739,-0.099609,-3.740461,-1.670946,0.006220,171.351486,154.014862,-748.170654,0,0
3.240000,-0.862094,1.163966,0.646216,0.939474,-0.164732,0.300418,-0.238279,0.315914,0.918380,-0.246193,-0.934378,0.257541,0.584384,-0.172408,0.023198,0.792611,-2.917829,-1.572429,0.428961,-0.225033,-0.176225,0.474140,-0.300418,-0.918380,-0.257541,0.000000,0.000000,0.000000,-1,-0.404922,-1.067993,0.181946,-2.986537,-1.842158,0.359283,170.825867,151.744797,-753.681763,0,0
3.280000,-0.801238,1.070948,0.465644,0.904761,-0.250815,0.344236,-0.215201,0.428263,0.877655,-0.367553,-0.868149,0.333500,0.534555,-0.217946,-0.010905,0.816475,-2.992508,-2.895061,0.065580,0.229795,-0.391784,0.154057,-0.344236,-0.877655,-0.333500,0.000000,0.000000,0.000000,-1,-0.217331,-1.213715,-0.062180,-2.997027,-3.002465,0.068922,168.723389,151.395554,-759.025818,0,0
3.320000,-0.718527,0.973184,0.288874,0.876609,-0.307191,0.370393,-0.160290,0.539356,0.826681,-0.453722,-0.784046,0.423565,0.477935,-0.244531,-0.043588,0.842545,-2.396639,-1.480970,-0.094163,-0.001632,0.196280,0.212475,-0.370393,-0.826681,-0.423565,0.000000,0.000000,0.000000,-1,-0.404770,-0.524918,-0.278412,-2.594519,-1.528968,-0.066620,169.774628,153.141754,-764.035889,0,0
3.360000,-0.691221,0.937530,0.213331,0.861798,-0.339101,0.377247,-0.125290,0.578366,0.806099,-0.491536,-0.741960,0.455948,0.454831,-0.255255,-0.062819,0.850898,-1.529298,-0.920787,-0.548757,-0.017787,0.350517,0.186768,-0.377247,-0.806099,-0.455948,0.000000,0.000000,0.000000,-1,-0.340195,-0.564697,-0.251923,-1.650476,-1.025956,-0.468616,169.073807,152.792526,-768.711914,0,0
3.400000,-0.691309,0.921101,0.132229,0.830619,-0.401652,0.385680,-0.079758,0.599663,0.796268,-0.551100,-0.692156,0.466056,0.437292,-0.275222,-0.094571,0.850932,-0.534823,-1.705351,-0.563624,-0.032564,0.296680,0.397377,-0.385680,-0.796268,-0.466056,0.000000,0.000000,0.000000,-1,-0.377838,-0.469345,-0.078384,-0.539342,-1.812752,-0.560282,168.197769,153.316376,-770.882996,0,0
3.440000,-0.714034,0.937758,0.105467,0.807110,-0.445502,0.387430,-0.062278,0.588310,0.806234,-0.587108,-0.674848,0.447085,0.439236,-0.289013,-0.113651,0.842986,0.587114,-0.162661,-0.521256,-0.046805,0.345937,0.204821,-0.387430,-0.806234,-0.447085,0.000000,0.000000,0.000000,-1,-0.454041,-0.477829,-0.314194,0.421986,-0.466171,-0.496112,168.197769,156.110306,-773.555054,0,0
3.480000,-0.717814,0.974857,0.121893,0.813846,-0.448732,0.369180,-0.068248,0.557122,0.827622,-0.577059,-0.698752,0.422786,0.456601,-0.283059,-0.113819,0.835726,1.501907,0.709822,-0.577826,-0.170584,0.357849,-0.028233,-0.369180,-0.827622,-0.422786,0.000000,0.000000,0.000000,-1,-0.534760,-0.495758,-0.453751,1.356852,0.397784,-0.584776,169.599426,156.110306,-773.555054,0,0
3.520000,-0.712038,1.046586,0.184882,0.848112,-0.416837,0.327035,-0.092012,0.492000,0.865719,-0.521765,-0.764319,0.378917,0.494266,-0.257376,-0.098495,0.824474,1.593511,1.356846,-0.381776,-0.100043,0.150586,-0.179753,-0.327035,-0.865719,-0.378917,0.000000,0.000000,0.000000,-1,-0.401810,-0.760239,-0.569733,1.588993,1.249447,-0.378435,169.774628,154.189484,-770.715942,0,0
3.560000,-0.753785,1.100075,0.247048,0.856131,-0.413152,0.310397,-0.110907,0.439760,0.891241,-0.504718,-0.797444,0.330670,0.520985,-0.251475,-0.093247,0.810333,1.033023,-0.701963,-0.293974,-0.065900,-0.045511,-0.310001,-0.310397,-0.891241,-0.330670,0.000000,0.000000,0.000000,-1,-0.386444,-0.973221,-0.709763,1.129688,-0.600490,-0.285244,172.227509,153.141754,-766.707886,0,0
3.600000,-0.786538,1.119082,0.266565,0.849129,-0.428361,0.309010,-0.114985,0.421092,0.899700,-0.515518,-0.799493,0.308306,0.529087,-0.256738,-0.097578,0.802890,0.400414,0.061561,-0.172375,-0.095577,-0.127079,-0.434599,-0.309010,-0.899700,-0.308306,0.000000,0.000000,0.000000,-1,-0.459991,-0.959366,-0.590775,0.490224,-0.345900,-0.185738,173.979568,153.490997,-766.373901,0,0
3.640000,-0.763000,1.138743,0.271705,0.864679,-0.410592,0.289385,-0.112378,0.403375,0.908108,-0.489592,-0.817743,0.302648,0.538205,-0.242923,-0.092998,0.801670,0.606190,0.692003,-0.429589,-0.392011,-0.216297,0.055258,-0.289385,-0.908108,-0.302648,0.000000,0.000000,0.000000,-1,-0.581436,-1.071442,-0.135513,0.601672,0.584606,-0.426247,172.753128,153.316376,-763.200867,0,1
3.680000,-0.737711,1.214089,0.332610,0.905239,-0.354093,0.234864,-0.114014,0.330053,0.937052,-0.409321,-0.875033,0.258405,0.573755,-0.203967,-0.076016,0.789572,2.233202,2.442038,-0.695821,-0.078506,0.264704,0.366208,-0.234864,-0.937052,-0.258405,0.000000,0.000000,0.000000,-1,-0.416077,-0.776382,0.169312,2.174085,2.214725,-0.767924,175.731628,153.141754,-762.365845,0,0
3.720000,-0.763692,1.254397,0.426861,0.929594,-0.299249,0.215186,-0.128819,0.283227,0.950362,-0.345341,-0.911171,0.224737,0.596161,-0.179510,-0.054580,0.780634,0.906026,1.018674,0.358101,-0.466347,-0.063356,0.279364,-0.215186,-0.950362,-0.224737,0.000000,0.000000,0.000000,-1,-0.792007,-1.359360,-0.873627,1.331831,1.681718,0.133033,175.556427,153.316376,-759.526794,0,0
3.760000,-0.855259,1.249902,0.525274,0.926728,-0.290696,0.238057,-0.158165,0.272893,0.948954,-0.340821,-0.917074,0.206920,0.601439,-0.186578,-0.042716,0.775651,1.454736,2.063773,0.172887,0.483571,0.299097,0.550944,-0.238057,-0.948954,-0.206920,0.000000,0.000000,0.000000,-1,0.249756,-0.665680,0.419250,1.450217,1.956379,0.176229,176.082047,152.094040,-756.687744,0,0
3.800000,-0.953777,1.300190,0.753948,0.959784,-0.176864,0.218024,-0.182983,0.194871,0.963609,-0.212915,-0.964751,0.154671,0.634477,-0.141789,0.002013,0.759823,2.057955,1.780527,0.053699,0.167701,0.001237,0.179268,-0.218024,-0.963609,-0.154671,0.000000,0.000000,0.000000,-1,0.006851,-1.055099,-0.170868,2.043231,2.079240,0.087232,176.082047,153.141754,-755.017761,0,0
3.840000,-1.093587,1.331413,0.924566,0.965528,-0.152964,0.210614,-0.189294,0.142779,0.971484,-0.178674,-0.977863,0.108902,0.654570,-0.130719,0.012199,0.744515,1.542307,0.453748,-0.242044,0.253049,-0.180844,-0.097000,-0.210614,-0.971484,-0.108902,0.000000,0.000000,0.000000,-1,0.018433,-1.119583,-0.118576,1.610276,0.449242,-0.209118,174.154770,153.665619,-749.840698,0,0
3.880000,-1.277051,1.358726,1.126256,0.969293,-0.141003,0.201468,-0.190027,0.090517,0.977597,-0.156080,-0.985862,0.060943,0.674135,-0.122761,0.016832,0.728140,0.853706,0.356362,-0.131898,-0.014978,0.096356,0.028656,-0.201468,-0.977597,-0.060943,0.000000,0.000000,0.000000,-1,-0.244232,-0.867874,-0.047501,0.849188,0.248971,-0.128556,175.206009,154.014862,-746.834656,0,0
3.920000,-1.462862,1.374246,1.334336,0.973143,-0.123688,0.194150,-0.189853,0.045748,0.980746,-0.130188,-0.991266,0.021037,0.690354,-0.113543,0.023163,0.714130,1.220340,0.494087,-0.203575,-0.048037,0.104297,-0.061726,-0.194150,-0.980746,-0.021037,0.000000,0.000000,0.000000,-1,-0.179169,-0.874130,-0.069794,1.163735,0.348544,-0.189913,176.257248,153.316376,-746.166626,0,0
3.960000,-1.639110,1.379216,1.525308,0.975298,-0.112726,0.189966,-0.190213,0.008658,0.981705,-0.112309,-0.993588,-0.012997,0.705446,-0.107538,0.027803,0.700006,1.106812,-0.014568,-0.037279,0.176538,0.060938,-0.143513,-0.189782,-0.981653,0.018436,0.000000,0.000000,0.000000,-1,-0.013245,-0.920715,-0.125076,1.102294,-0.121957,-0.033937,176.257248,154.364105,-744.830627,0,0
4.000000,-1.889187,1.372198,1.764815,0.973958,-0.127651,0.187380,-0.193594,-0.038039,0.980344,-0.118014,-0.991089,-0.061761,0.720028,-0.111539,0.024084,0.684499,1.069117,-0.428236,-0.073294,0.154573,0.000974,-0.205072,-0.187380,-0.980344,0.061761,0.000000,0.000000,0.000000,-1,-0.028534,-0.921463,-0.107590,1.064629,-0.535494,-0.069950,175.556427,156.110306,-742.826599,0,0
4.040000,-2.096037,1.352961,1.977756,0.974236,-0.126099,0.186984,-0.198466,-0.085543,0.976368,-0.107124,-0.988323,-0.108365,0.736231,-0.110212,0.027118,0.667145,0.924600,0.210266,0.098803,-0.013547,0.075641,-0.133451,-0.186984,-0.976368,0.108365,0.000000,0.000000,0.000000,-1,-0.274033,-0.964493,-0.036804,0.984834,0.122035,0.063055,177.308487,156.110306,-740.488525,0,1
4.080000,-2.153305,1.337525,2.047766,0.974539,-0.112042,0.194216,-0.206306,-0.108844,0.972415,-0.087812,-0.987724,-0.129188,0.743736,-0.107010,0.035767,0.658883,0.567959,0.762694,0.141726,0.028979,-0.130857,-0.187064,-0.194216,-0.972415,0.129188,0.000000,0.000000,0.000000,-1,-0.165237,-1.103271,-0.057877,0.563471,0.655438,0.145070,175.906830,157.856506,-738.484497,0,0
4.120000,-2.130494,1.322890,2.053630,0.974102,-0.088817,0.207934,-0.217324,-0.113925,0.969428,-0.062412,-0.989511,-0.130277,0.744699,-0.102773,0.048853,0.657628,-0.171171,0.657029,0.387559,0.008624,-0.179085,-0.182980,-0.207934,-0.969428,0.130277,0.000000,0.000000,0.000000,-1,-0.154327,-1.229630,-0.059280,-0.175659,0.549774,0.390903,175.906830,157.856506,-738.484497,0,0
4.160000,-1.985111,1.316760,1.942465,0.971718,-0.053302,0.230050,-0.234154,-0.091270,0.967906,-0.030595,-0.994399,-0.101169,0.735554,-0.097701,0.067791,0.666948,-0.726279,0.572177,0.370658,0.241586,-0.320501,-0.373615,-0.230050,-0.967906,0.101169,0.000000,0.000000,0.000000,-1,0.007538,-1.292068,-0.301758,-0.646648,0.592161,0.382075,174.505188,157.856506,-738.150513,0,0
4.200000,-1.686100,1.322536,1.647691,0.968898,-0.040739,0.244086,-0.244991,-0.018876,0.969342,-0.034883,-0.998991,-0.028269,0.709937,-0.100618,0.073670,0.693136,-2.409344,0.720510,0.325780,0.026740,-0.197208,-0.281245,-0.244086,-0.969341,0.028269,0.000000,0.000000,0.000000,-1,-0.217346,-1.166550,-0.252975,-2.413832,0.613257,0.329125,174.855606,155.411819,-740.154541,0,0
4.240000,-1.314017,1.302052,1.297267,0.966432,-0.007371,0.256815,-0.255650,0.071726,0.964105,-0.025527,-0.997397,0.067433,0.675883,-0.097288,0.085550,0.725533,-3.368203,1.251972,0.533929,-0.078191,0.090402,-0.180751,-0.256815,-0.964105,-0.067433,0.000000,0.000000,0.000000,-1,-0.275513,-0.965988,-0.201660,-3.372691,1.144720,0.537274,174.855606,155.411819,-740.154541,0,0
