0.000000,2.033528,1.386618,-1.867014,0.971693,0.170163,-0.163879,0.175163,-0.053459,0.983087,0.158524,-0.983965,-0.081752,0.725759,0.118953,-0.001845,0.677584,0.004957,0.002883,-0.009008,-0.003860,0.015344,-0.001155,0.163879,-0.983087,0.081752,0.000000,0.000000,0.000000,-1,0.162033,-0.966263,0.079605,-0.022372,0.012528,-0.020115,61.702988,137.645111,-533.768921,0,0
0.040000,2.033379,1.386393,-1.866816,0.971648,0.170220,-0.164089,0.175385,-0.053489,0.983046,0.158557,-0.983953,-0.081826,0.725769,0.119048,-0.001906,0.677557,0.001758,-0.001323,-0.005770,-0.004666,0.017073,-0.001412,0.164089,-0.983046,0.081826,0.000000,0.000000,0.000000,-1,0.160156,-0.963791,0.082214,-0.023452,0.003045,-0.014744,61.878784,136.766159,-531.590271,0,0
0.080000,2.033811,1.386268,-1.867514,0.971679,0.169972,-0.164164,0.175465,-0.053647,0.983023,0.158280,-0.983988,-0.081952,0.725823,0.118981,-0.002027,0.677510,0.006005,-0.007658,-0.003645,-0.005823,0.020499,0.001330,0.164164,-0.983023,0.081952,0.000000,0.000000,0.000000,-1,0.161728,-0.965805,0.084106,-0.014927,0.006211,-0.015887,61.175613,137.117737,-532.595764,0,0
0.120000,2.035472,1.386010,-1.869429,0.971701,0.169759,-0.164254,0.175604,-0.054058,0.982975,0.157990,-0.984002,-0.082338,0.725964,0.118933,-0.002157,0.677367,0.007060,-0.012943,-0.002564,-0.006738,0.018086,-0.000780,0.164254,-0.982976,0.082338,0.000000,0.000000,0.000000,-1,0.159286,-0.966080,0.077087,-0.018126,0.002005,-0.012651,62.406158,137.293533,-532.428223,0,0
0.160000,2.035133,1.385840,-1.869222,0.971693,0.169635,-0.164431,0.175775,-0.054070,0.982944,0.157851,-0.984023,-0.082357,0.725968,0.118948,-0.002266,0.677360,0.002825,0.002894,-0.007915,0.002546,0.012180,-0.008154,0.164431,-0.982944,0.082357,0.000000,0.000000,0.000000,-1,0.165176,-0.967529,0.079803,-0.034072,0.014669,-0.017901,60.999817,136.941940,-532.093018,0,0
0.200000,2.032708,1.386022,-1.866720,0.971680,0.169671,-0.164471,0.175739,-0.053579,0.982978,0.157970,-0.984043,-0.081879,0.725799,0.118976,-0.002239,0.677536,-0.008926,-0.012960,-0.004562,-0.017621,0.022757,0.001220,0.164471,-0.982978,0.081879,0.000000,0.000000,0.000000,-1,0.151657,-0.964401,0.080795,-0.004362,-0.024468,-0.011593,62.406158,136.590363,-532.428223,0,0
0.240000,2.034299,1.385895,-1.869532,0.971885,0.168509,-0.164452,0.175706,-0.054109,0.982954,0.156739,-0.984214,-0.082196,0.725980,0.118535,-0.002656,0.677418,0.014463,-0.024596,-0.002562,0.007164,0.016570,-0.008099,0.164452,-0.982954,0.082196,0.000000,0.000000,0.000000,-1,0.176361,-0.971329,0.090073,-0.017085,-0.002272,-0.016904,62.757751,138.348282,-532.428223,0,0
0.280000,2.032035,1.385297,-1.867713,0.971839,0.168079,-0.165164,0.176367,-0.053962,0.982844,0.156283,-0.984296,-0.082085,0.725928,0.118623,-0.003059,0.677457,-0.000436,-0.016171,-0.007820,-0.010242,0.018351,-0.008538,0.165164,-0.982844,0.082085,0.000000,0.000000,0.000000,-1,0.152481,-0.963196,0.079712,-0.026706,-0.016028,-0.015713,61.702988,137.293533,-532.093018,0,0
0.320000,2.031791,1.385651,-1.868257,0.972024,0.167293,-0.164872,0.176005,-0.053955,0.982910,0.155538,-0.984430,-0.081890,0.725925,0.118228,-0.003215,0.677528,-0.005729,-0.011858,-0.001426,-0.006745,0.018279,0.001224,0.164872,-0.982910,0.081890,0.000000,0.000000,0.000000,-1,0.166855,-0.967026,0.079254,-0.026639,0.007263,-0.016866,60.648239,137.293533,-533.433716,0,0
0.360000,2.030264,1.385327,-1.866917,0.971986,0.167107,-0.165283,0.176382,-0.053812,0.982850,0.155347,-0.984469,-0.081780,0.725875,0.118302,-0.003422,0.677568,0.001722,-0.008722,-0.005762,0.000687,0.013505,-0.000313,0.165283,-0.982850,0.081780,0.000000,0.000000,0.000000,-1,0.163391,-0.969055,0.076447,-0.027716,0.004076,-0.017911,63.460907,137.996689,-532.428223,0,0
0.400000,2.027346,1.385360,-1.864264,0.972001,0.166811,-0.165491,0.176493,-0.053335,0.982856,0.155125,-0.984545,-0.081283,0.725710,0.118265,-0.003571,0.677751,-0.008918,-0.007622,-0.001422,-0.003504,0.016105,-0.002074,0.165491,-0.982856,0.081283,0.000000,0.000000,0.000000,-1,0.156067,-0.964661,0.081085,-0.031974,-0.000110,-0.012535,62.054581,136.941940,-532.763367,0,0
0.440000,2.027313,1.385641,-1.864543,0.972097,0.166495,-0.165246,0.176213,-0.053304,0.982908,0.154841,-0.984600,-0.081155,0.725699,0.118061,-0.003584,0.677798,0.003854,-0.012880,0.002768,-0.005242,0.018690,-0.003702,0.165246,-0.982908,0.081155,0.000000,0.000000,0.000000,-1,0.167023,-0.969360,0.069183,-0.023444,-0.002162,-0.005137,61.702988,136.941940,-532.428223,0,0
0.480000,2.025055,1.385841,-1.862683,0.972169,0.166069,-0.165252,0.176124,-0.052920,0.982945,0.154492,-0.984693,-0.080696,0.725566,0.117906,-0.003707,0.677966,-0.005704,-0.002279,0.003863,0.003495,0.013767,-0.004051,0.165252,-0.982945,0.080696,0.000000,0.000000,0.000000,-1,0.158173,-0.967758,0.074448,-0.029805,0.010510,-0.009396,61.878784,138.524078,-531.925415,0,0
0.520000,2.025313,1.385952,-1.862919,0.972186,0.166089,-0.165134,0.176007,-0.052930,0.982965,0.154519,-0.984689,-0.080691,0.725570,0.117872,-0.003657,0.677968,-0.000377,-0.002279,0.003822,-0.004962,0.015283,0.001615,0.165134,-0.982965,0.080691,0.000000,0.000000,0.000000,-1,0.161087,-0.966339,0.078125,-0.025550,0.006302,-0.006217,62.757751,138.699860,-532.093018,0,0
0.560000,2.025165,1.386286,-1.862888,0.972256,0.165957,-0.164851,0.175695,-0.052830,0.983026,0.154431,-0.984717,-0.080522,0.725536,0.117724,-0.003590,0.678031,-0.000374,-0.002253,0.004862,-0.002742,0.016733,-0.006364,0.164851,-0.983026,0.080522,0.000000,0.000000,0.000000,-1,0.162582,-0.969696,0.072861,-0.022346,0.011577,-0.008393,61.351410,137.645111,-531.757812,0,0
0.600000,2.024421,1.386373,-1.862044,0.972245,0.166041,-0.164833,0.175656,-0.052657,0.983042,0.154546,-0.984712,-0.080362,0.725476,0.117749,-0.003545,0.678090,-0.002492,0.007230,-0.000485,-0.002113,0.017222,-0.004678,0.164833,-0.983042,0.080362,0.000000,0.000000,0.000000,-1,0.158066,-0.965393,0.076050,-0.029791,0.016845,-0.011551,61.175613,137.820908,-531.255066,0,0
0.640000,2.023291,1.386635,-1.860683,0.972235,0.166239,-0.164692,0.175481,-0.052344,0.983090,0.154808,-0.984695,-0.080063,0.725369,0.117775,-0.003407,0.678201,-0.004630,0.005112,-0.000457,-0.002140,0.017880,-0.001602,0.164692,-0.983090,0.080063,0.000000,0.000000,0.000000,-1,0.162781,-0.962875,0.079010,-0.028734,0.016815,-0.014755,60.472443,137.469315,-531.590271,0,0
0.680000,2.022348,1.386554,-1.859538,0.972178,0.166428,-0.164840,0.175618,-0.052166,0.983075,0.155012,-0.984673,-0.079943,0.725308,0.117897,-0.003387,0.678246,-0.003568,0.008250,-0.004740,-0.001357,0.017591,-0.001802,0.164840,-0.983075,0.079942,0.000000,0.000000,0.000000,-1,0.157822,-0.965561,0.075928,-0.026610,0.015746,-0.015832,61.351410,138.699860,-533.098511,0,0
0.720000,2.021867,1.386564,-1.858822,0.972135,0.166649,-0.164869,0.175646,-0.052038,0.983077,0.155250,-0.984642,-0.079859,0.725264,0.117990,-0.003316,0.678277,-0.000374,0.006163,-0.005853,-0.004210,0.018081,-0.000498,0.164869,-0.983077,0.079859,0.000000,0.000000,0.000000,-1,0.160904,-0.964035,0.080536,-0.022351,0.015745,-0.015866,60.472443,135.711395,-533.266113,0,0
0.760000,2.022174,1.386396,-1.859007,0.972091,0.166781,-0.164993,0.175795,-0.052117,0.983046,0.155354,-0.984616,-0.079982,0.725291,0.118082,-0.003323,0.678232,0.001749,-0.001192,0.000550,-0.006638,0.019561,-0.002345,0.164993,-0.983046,0.079982,0.000000,0.000000,0.000000,-1,0.166672,-0.967789,0.074341,-0.019159,0.012596,-0.012683,62.230362,138.524078,-531.925415,0,0
0.800000,2.021614,1.386308,-1.858365,0.972057,0.166857,-0.165116,0.175910,-0.052028,0.983030,0.155435,-0.984607,-0.079927,0.725261,0.118153,-0.003337,0.678252,0.003907,0.010448,-0.000578,0.001556,0.015242,-0.005586,0.165116,-0.983030,0.079927,0.000000,0.000000,0.000000,-1,0.156525,-0.957504,0.081161,-0.041523,0.008395,-0.009297,62.406158,137.645111,-532.428223,0,0
0.840000,2.021201,1.386370,-1.858509,0.972155,0.166308,-0.165094,0.175844,-0.052036,0.983042,0.154897,-0.984700,-0.079832,0.725263,0.117941,-0.003515,0.678286,0.027211,-0.038180,0.010074,-0.011255,0.025385,0.003207,0.165094,-0.983042,0.079832,0.000000,0.000000,0.000000,-1,0.181839,-0.963989,0.079437,0.009487,-0.030727,-0.001024,60.999817,138.699860,-533.098511,0,0
0.880000,2.024220,1.385326,-1.862795,0.972235,0.165162,-0.165775,0.176603,-0.053085,0.982850,0.153530,-0.984837,-0.080780,0.725620,0.117749,-0.004219,0.677932,0.013436,-0.012762,0.002580,0.016873,0.019715,-0.002777,0.165775,-0.982850,0.080780,0.000000,0.000000,0.000000,-1,0.166779,-0.958145,0.079880,-0.016004,-0.002213,-0.010521,60.472443,136.062988,-533.936523,0,0
0.920000,2.024942,1.384570,-1.864260,0.972245,0.164486,-0.166384,0.177236,-0.053559,0.982710,0.152731,-0.984924,-0.081225,0.725780,0.117709,-0.004703,0.677765,0.019782,-0.023395,-0.001699,-0.001376,0.022993,-0.000537,0.166384,-0.982710,0.081225,0.000000,0.000000,0.000000,-1,0.167877,-0.962296,0.085617,-0.011745,-0.001165,-0.011623,60.824036,137.469315,-532.930969,0,0
0.960000,2.027094,1.383867,-1.866824,0.972226,0.164147,-0.166829,0.177759,-0.054215,0.982580,0.152243,-0.984945,-0.081888,0.726004,0.117736,-0.005023,0.677518,0.008132,-0.004327,-0.001687,0.006388,0.023580,0.001456,0.166829,-0.982579,0.081888,0.000000,0.000000,0.000000,-1,0.180038,-0.958069,0.081970,-0.014900,0.016782,-0.018058,61.351410,136.941940,-533.098511,0,0
1.000000,2.027575,1.382048,-1.866826,0.971862,0.164707,-0.168394,0.179468,-0.054736,0.982240,0.152564,-0.984823,-0.082756,0.726181,0.118488,-0.005450,0.677194,0.015646,0.024158,-0.013591,0.010592,0.020036,-0.002373,0.168394,-0.982240,0.082756,0.000000,0.000000,0.000000,-1,0.182892,-0.957199,0.073593,-0.013785,0.038965,-0.024542,61.175613,137.117737,-532.930969,0,0
1.040000,2.025026,1.380803,-1.863506,0.971502,0.165484,-0.169702,0.180819,-0.054493,0.982006,0.153259,-0.984706,-0.082863,0.726095,0.119235,-0.005661,0.677153,0.009287,0.033781,-0.012546,0.018317,0.026439,-0.010719,0.169702,-0.982006,0.082863,0.000000,0.000000,0.000000,-1,0.193893,-0.942947,0.071426,-0.012709,0.040053,-0.021358,61.527206,137.117737,-532.595764,0,0
1.080000,2.020934,1.378718,-1.858515,0.970961,0.166405,-0.171884,0.183053,-0.054171,0.981610,0.154034,-0.984568,-0.083059,0.725980,0.120340,-0.006147,0.677077,0.028398,0.013707,-0.006256,0.030875,0.039135,-0.014623,0.171884,-0.981610,0.083059,0.000000,0.000000,0.000000,-1,0.220535,-0.950058,0.067642,0.020234,0.017813,-0.020465,61.702988,137.645111,-532.763367,0,0
1.120000,2.016102,1.373415,-1.853307,0.969950,0.166962,-0.176978,0.188329,-0.054667,0.980583,0.154045,-0.984447,-0.084468,0.726134,0.122323,-0.007896,0.676538,0.060348,0.041012,-0.030112,0.051232,0.012963,-0.015437,0.176978,-0.980583,0.084468,0.000000,0.000000,0.000000,-1,0.217850,-0.969620,0.066422,0.027795,0.078956,-0.051647,59.417694,137.469315,-532.595764,0,0
1.160000,2.012366,1.369369,-1.847410,0.968842,0.169201,-0.180878,0.192463,-0.054638,0.979782,0.155897,-0.984066,-0.085501,0.726117,0.124520,-0.008601,0.676148,0.056109,0.057921,-0.033379,0.034500,0.016388,-0.038458,0.180878,-0.979782,0.085501,0.000000,0.000000,0.000000,-1,0.224792,-0.955444,0.041885,0.035146,0.029351,-0.032342,60.296661,138.699860,-532.428223,0,0
1.200000,2.004228,1.364887,-1.838740,0.967851,0.169809,-0.185551,0.197162,-0.054130,0.978875,0.156178,-0.983989,-0.085870,0.725922,0.126381,-0.010116,0.675990,0.061353,0.028487,-0.018448,0.035701,0.025018,-0.022363,0.185551,-0.978875,0.085870,0.000000,0.000000,0.000000,-1,0.210342,-0.951721,0.072449,0.043753,0.053769,-0.026109,62.054581,136.941940,-531.757812,0,0
1.240000,2.008837,1.362515,-1.842324,0.967314,0.170994,-0.187255,0.199203,-0.055459,0.978388,0.156914,-0.983710,-0.087708,0.726375,0.127412,-0.010443,0.675305,0.089104,0.043423,-0.005957,0.024705,0.031321,-0.017167,0.187255,-0.978388,0.087708,0.000000,0.000000,0.000000,-1,0.199844,-0.939102,0.068817,0.080948,0.019985,-0.013487,62.933533,137.469315,-531.925415,0,0
1.280000,2.016065,1.360368,-1.849511,0.967022,0.171262,-0.188512,0.200818,-0.057467,0.977942,0.156651,-0.983548,-0.089964,0.727058,0.127940,-0.010955,0.674461,0.109218,0.000088,0.004686,0.011332,0.038839,-0.021147,0.188512,-0.977942,0.089964,0.000000,0.000000,0.000000,-1,0.177322,-0.938232,0.077469,0.089454,0.001086,0.004629,61.702988,136.941940,-531.757812,0,0
1.320000,2.036858,1.359249,-1.870938,0.967242,0.171047,-0.187578,0.200586,-0.062080,0.977707,0.155590,-0.983305,-0.094356,0.728642,0.127509,-0.010975,0.672831,0.119972,0.020440,0.030094,-0.012697,0.040039,-0.014155,0.187578,-0.977707,0.094356,0.000000,0.000000,0.000000,-1,0.169617,-0.924179,0.073563,0.097074,0.041499,0.022529,61.175613,137.820908,-530.919922,0,0
1.360000,2.062674,1.358818,-1.895742,0.967402,0.172457,-0.185451,0.199384,-0.067170,0.977617,0.156140,-0.982724,-0.099365,0.730400,0.127273,-0.010033,0.670982,0.145646,0.040772,0.049007,-0.034465,0.061372,-0.030304,0.185451,-0.977617,0.099365,0.000000,0.000000,0.000000,-1,0.129730,-0.931747,0.054199,0.154705,0.067121,0.045423,60.999817,136.941940,-531.422668,0,0
1.400000,2.089070,1.357728,-1.921087,0.967473,0.173935,-0.183690,0.198618,-0.072567,0.977387,0.156672,-0.982080,-0.104753,0.732256,0.127194,-0.009224,0.668983,0.187274,0.072565,0.051761,-0.062947,0.032929,-0.061311,0.183690,-0.977387,0.104753,0.000000,0.000000,0.000000,-1,0.120056,-1.010895,0.035461,0.113287,0.104181,0.043475,60.824036,137.117737,-530.584717,0,0
1.440000,2.114737,1.358907,-1.943408,0.967535,0.177459,-0.179955,0.195876,-0.076562,0.977635,0.159712,-0.981146,-0.108837,0.733644,0.127219,-0.006898,0.667483,0.032005,0.125696,0.067695,-0.060204,-0.047572,-0.067455,0.179955,-0.977635,0.108837,0.000000,0.000000,0.000000,-1,0.120697,-1.052628,0.040436,-0.007812,0.170184,0.077191,59.945068,137.293533,-532.093018,0,0
1.480000,2.134965,1.364776,-1.955809,0.967433,0.184911,-0.172865,0.189590,-0.076829,0.978853,0.167720,-0.979748,-0.109384,0.733765,0.127596,-0.001753,0.667312,0.078104,0.201338,0.117143,-0.003599,-0.056151,-0.081537,0.172865,-0.978853,0.109384,0.000000,0.000000,0.000000,-1,0.197128,-1.012894,0.028778,0.036107,0.246559,0.090414,60.648239,136.590363,-530.081970,0,0
1.520000,2.157720,1.366281,-1.971879,0.966806,0.191548,-0.169104,0.186975,-0.079290,0.979160,0.174147,-0.978275,-0.112473,0.734603,0.128819,0.001716,0.666154,0.051591,0.258331,0.084113,0.034311,-0.026211,-0.083145,0.169104,-0.979160,0.112473,0.000000,0.000000,0.000000,-1,0.194611,-0.986496,0.028091,0.027696,0.332839,0.028367,59.593491,136.941940,-529.411621,0,0
1.560000,2.175529,1.366824,-1.976926,0.964677,0.204037,-0.166638,0.186084,-0.080023,0.979270,0.186472,-0.975687,-0.115164,0.734824,0.132726,0.006748,0.665111,0.059244,0.385859,0.016454,0.018161,0.003638,-0.090964,0.166638,-0.979270,0.115165,0.000000,0.000000,0.000000,-1,0.170380,-0.923248,0.004990,0.029031,0.445901,-0.000831,60.472443,136.062988,-530.249512,0,0
1.600000,2.194846,1.366908,-1.974475,0.960358,0.225195,-0.164315,0.186204,-0.079535,0.979287,0.207462,-0.971062,-0.118314,0.734542,0.140019,0.014685,0.663798,0.073303,0.484198,-0.000009,0.003043,0.061409,-0.114591,0.164315,-0.979287,0.118314,0.000000,0.000000,0.000000,-1,0.137054,-0.912323,0.003937,0.087890,0.552770,-0.011276,60.824036,136.062988,-529.579224,0,0
1.640000,2.229070,1.365289,-1.988685,0.956033,0.244831,-0.161424,0.186503,-0.082815,0.978958,0.226311,-0.966022,-0.124836,0.735474,0.146618,0.022056,0.661132,0.109479,0.457955,0.026444,-0.026018,0.062332,-0.132862,0.161424,-0.978958,0.124836,0.000000,0.000000,0.000000,-1,0.135864,-0.910263,0.001846,0.074882,0.437761,0.036130,61.351410,137.645111,-530.752319,0,0
1.680000,2.268057,1.365339,-2.006988,0.951501,0.264925,-0.156399,0.184913,-0.086195,0.978968,0.245873,-0.960409,-0.131002,0.736325,0.152731,0.030379,0.658465,0.101967,0.427519,0.046866,-0.003216,0.066675,-0.125158,0.156399,-0.978968,0.131002,0.000000,0.000000,0.000000,-1,0.172134,-0.918961,0.007660,0.090847,0.440875,0.029603,61.527206,136.766159,-528.908813,0,0
1.720000,2.289091,1.364518,-2.015336,0.948352,0.277212,-0.154214,0.184912,-0.088081,0.978800,0.257752,-0.956763,-0.134791,0.736754,0.156811,0.035133,0.656788,0.148826,0.456951,0.024017,0.026603,0.052698,-0.133265,0.154214,-0.978800,0.134791,0.000000,0.000000,0.000000,-1,0.173737,-0.926453,-0.003830,0.125919,0.439581,0.004833,60.824036,136.766159,-530.584717,0,0
1.760000,2.292130,1.365020,-2.003754,0.944326,0.291042,-0.153435,0.185474,-0.085727,0.978903,0.271748,-0.952862,-0.134935,0.735695,0.161927,0.040205,0.656442,0.144113,0.349801,0.007399,0.022636,0.042745,-0.142290,0.153435,-0.978903,0.134935,0.000000,0.000000,0.000000,-1,0.191437,-0.943634,0.001617,0.114859,0.318664,-0.013804,62.406158,137.293533,-528.070923,0,0
1.800000,2.296877,1.363519,-1.997208,0.940861,0.301824,-0.153891,0.187369,-0.085119,0.978595,0.282265,-0.949556,-0.136637,0.735292,0.166326,0.043647,0.655573,0.154422,0.282792,-0.021206,0.051248,0.030353,-0.133326,0.153891,-0.978595,0.136637,0.000000,0.000000,0.000000,-1,0.203644,-0.943207,0.000580,0.130662,0.281383,-0.036158,61.878784,136.414566,-528.573669,0,0
1.840000,2.307656,1.359496,-1.999009,0.937761,0.310610,-0.155323,0.190794,-0.087090,0.977759,0.290175,-0.946539,-0.140932,0.735830,0.170353,0.045816,0.653785,0.149793,0.199857,-0.054961,0.047741,0.014334,-0.139589,0.155323,-0.977759,0.140932,0.000000,0.000000,0.000000,-1,0.202927,-0.998322,0.009064,0.129190,0.190854,-0.090139,61.175613,137.117737,-527.903320,0,1
1.880000,2.307111,1.356168,-1.993543,0.935735,0.315429,-0.157810,0.194234,-0.087380,0.977056,0.294402,-0.944918,-0.143032,0.735892,0.173145,0.046404,0.652940,0.151742,0.175222,-0.083655,0.048321,-0.036525,-0.132351,0.157810,-0.977056,0.143032,0.000000,0.000000,0.000000,-1,0.202393,-1.050293,-0.001617,0.112071,0.162271,-0.088834,60.999817,137.996689,-528.070923,0,0
1.920000,2.307293,1.351989,-1.988568,0.933491,0.320522,-0.160808,0.198397,-0.088069,0.976157,0.298718,-0.943138,-0.145802,0.736098,0.176240,0.046838,0.651847,0.139789,0.103254,-0.076904,0.043263,-0.079446,-0.149892,0.160808,-0.976157,0.145802,0.000000,0.000000,0.000000,-1,0.193359,-1.067261,0.013763,0.124481,0.038379,-0.085270,62.054581,134.832443,-527.735718,0,0
1.960000,2.315612,1.346430,-1.996680,0.932789,0.321165,-0.163577,0.202615,-0.091916,0.974935,0.298080,-0.942552,-0.150811,0.737481,0.177557,0.045596,0.650012,0.194868,-0.024431,-0.023582,-0.021166,-0.144572,-0.117745,0.163577,-0.974935,0.150811,0.000000,0.000000,0.000000,-1,0.126099,-1.148209,0.010178,0.151205,0.009435,-0.007600,61.175613,137.117737,-527.568115,0,0
2.000000,2.334395,1.342333,-2.015657,0.932689,0.321446,-0.163599,0.204438,-0.097462,0.974016,0.297149,-0.941899,-0.156617,0.739386,0.177811,0.045156,0.647806,0.051387,0.043587,-0.001418,-0.004953,-0.172804,-0.160127,0.163599,-0.974016,0.156617,0.000000,0.000000,0.000000,-1,0.194046,-1.111160,0.017822,-0.090635,0.004767,-0.058973,60.296661,134.832443,-528.070923,0,0
2.040000,2.317266,1.342473,-1.999427,0.932585,0.320433,-0.166157,0.205869,-0.094075,0.974047,0.296486,-0.942588,-0.153700,0.738302,0.178214,0.044131,0.649001,-0.047046,-0.080692,-0.041737,-0.012364,-0.082517,-0.003004,0.166157,-0.974047,0.153700,0.000000,0.000000,0.000000,-1,0.117050,-1.042450,0.191589,-0.040812,-0.108121,-0.009931,60.999817,136.941940,-527.400513,0,0
2.080000,2.317040,1.343743,-2.005751,0.934849,0.314227,-0.165284,0.204148,-0.094853,0.974334,0.290484,-0.944597,-0.152822,0.738669,0.175442,0.042374,0.649456,0.021155,-0.181037,0.104059,-0.050492,-0.062684,0.077189,0.165284,-0.974334,0.152822,0.000000,0.000000,0.000000,-1,0.120087,-0.952881,0.250916,-0.081094,-0.175526,0.145105,58.362946,136.766159,-526.897766,0,0
2.120000,2.320080,1.347956,-2.014732,0.937393,0.308400,-0.161811,0.199578,-0.094919,0.975274,0.285416,-0.946509,-0.150526,0.738722,0.171911,0.041831,0.650374,-0.110880,-0.243872,0.178826,-0.031517,0.149102,0.111253,0.161811,-0.975274,0.150526,0.000000,0.000000,0.000000,-1,0.128250,-0.746246,0.300064,-0.209517,-0.440796,0.205688,59.769287,135.359818,-527.568115,0,0
2.160000,2.302891,1.359045,-2.017239,0.944494,0.288956,-0.156321,0.189573,-0.090744,0.977664,0.268317,-0.953032,-0.140485,0.737517,0.162210,0.037964,0.654459,-0.186752,-0.721151,0.221685,-0.027231,0.147693,0.228091,0.156321,-0.977664,0.140485,0.000000,0.000000,0.000000,-1,0.155045,-0.982986,0.417313,-0.179842,-0.829616,0.195197,58.011368,134.656647,-528.573669,0,0
2.200000,2.276727,1.365353,-2.025451,0.954218,0.255668,-0.155247,0.183278,-0.089588,0.978971,0.236384,-0.962605,-0.132344,0.737589,0.148777,0.027501,0.658082,0.046750,-0.816108,0.036995,0.031933,-0.118640,0.257686,0.155247,-0.978971,0.132344,0.000000,0.000000,0.000000,-1,0.210068,-1.178513,0.319855,0.071631,-0.574456,-0.039950,58.011368,136.062988,-529.579224,0,0
2.240000,2.265964,1.363208,-2.033211,0.958279,0.238013,-0.158274,0.184456,-0.091944,0.978531,0.218351,-0.966900,-0.132011,0.738619,0.142993,0.020334,0.658469,0.065847,-0.444818,-0.014615,0.055043,-0.199326,0.146264,0.158274,-0.978531,0.132011,0.000000,0.000000,0.000000,-1,0.143036,-1.056793,0.156189,-0.097582,-0.230848,0.003753,57.132401,135.887192,-528.406067,0,0
2.280000,2.234630,1.367601,-2.015725,0.961509,0.224135,-0.158945,0.182153,-0.086854,0.979427,0.205719,-0.970680,-0.124337,0.737004,0.137817,0.015866,0.661498,-0.223227,-0.334896,0.069245,-0.036859,0.003505,0.001670,0.158945,-0.979427,0.124337,0.000000,0.000000,0.000000,-1,0.148346,-0.890488,0.120255,-0.257631,-0.406965,0.083422,56.253433,135.359818,-529.579224,0,0
2.320000,2.194498,1.377049,-1.993074,0.967361,0.198793,-0.157146,0.175625,-0.078909,0.981290,0.182673,-0.976860,-0.111247,0.734424,0.127453,0.008689,0.666559,-0.104604,-0.559276,0.089407,0.032261,0.149960,0.040044,0.157146,-0.981290,0.111247,0.000000,0.000000,0.000000,-1,0.200317,-0.804596,0.153717,-0.085144,-0.407009,0.082085,56.956604,136.414566,-530.584717,0,0
2.360000,2.173672,1.380484,-1.993002,0.970158,0.185783,-0.155818,0.172555,-0.077515,0.981945,0.170350,-0.979528,-0.107260,0.733984,0.122052,0.004950,0.668091,-0.047434,-0.338743,0.100935,0.048147,0.188351,0.037241,0.155818,-0.981945,0.107260,0.000000,0.000000,0.000000,-1,0.196243,-0.778397,0.124619,-0.027014,-0.228723,0.120383,55.374481,134.832443,-530.417114,0,0
2.400000,2.186236,1.384925,-2.019185,0.973406,0.172372,-0.150895,0.166534,-0.080115,0.982776,0.157314,-0.981769,-0.106690,0.734883,0.115293,0.002184,0.668319,0.116801,-0.284384,0.141005,-0.001801,0.197802,0.002578,0.150895,-0.982776,0.106690,0.000000,0.000000,0.000000,-1,0.150833,-0.794662,0.107605,0.125093,-0.287964,0.131144,53.440765,135.008240,-530.249512,0,0
2.440000,2.209999,1.385498,-2.052716,0.975482,0.163003,-0.147866,0.163256,-0.085392,0.982881,0.147586,-0.982923,-0.109909,0.736679,0.110719,-0.000095,0.667117,0.165632,-0.322643,0.127986,0.011421,0.175203,-0.005493,0.147866,-0.982881,0.109909,0.000000,0.000000,0.000000,-1,0.178085,-0.837112,0.108124,0.139862,-0.317801,0.111965,53.792358,135.711395,-530.919922,0,0
2.480000,2.239971,1.385155,-2.095149,0.977866,0.151063,-0.144770,0.159779,-0.092409,0.982818,0.135089,-0.984195,-0.114500,0.739049,0.105149,-0.003275,0.665386,0.157305,-0.239196,0.103235,0.037634,0.119918,-0.008528,0.144770,-0.982818,0.114500,0.000000,0.000000,0.000000,-1,0.205124,-0.911865,0.095566,0.132781,-0.186555,0.101940,52.561813,136.941940,-528.070923,0,0
2.520000,2.258230,1.382754,-2.122492,0.979199,0.142463,-0.144478,0.159201,-0.097979,0.982372,0.125795,-0.984939,-0.118621,0.740911,0.101788,-0.006304,0.663815,0.145738,-0.198838,0.114861,0.067375,0.047329,-0.022842,0.144478,-0.982372,0.118621,0.000000,0.000000,0.000000,-1,0.213348,-0.980927,0.110886,0.097650,-0.188625,0.106482,51.858643,136.590363,-529.076416,0,0
2.560000,2.265722,1.383017,-2.138749,0.980567,0.133895,-0.143388,0.157370,-0.100415,0.982421,0.117143,-0.985895,-0.119535,0.741707,0.098174,-0.008846,0.663441,-0.051199,-0.178753,0.106702,0.066085,-0.079423,0.027224,0.143388,-0.982676,0.118592,0.000000,0.000000,0.000000,-1,0.206055,-1.132263,0.151443,-0.115246,0.186305,0.100336,50.100723,135.535614,-530.417114,0,0
2.600000,2.269268,1.388686,-2.139146,0.980873,0.136572,-0.138695,0.152634,-0.097478,0.983464,0.120793,-0.985823,-0.116459,0.740745,0.097606,-0.006042,0.664631,-0.085075,0.240655,0.103262,0.072486,-0.149135,0.003902,0.138695,-0.983464,0.116459,0.000000,0.000000,0.000000,-1,0.234406,-1.074966,0.084320,-0.108575,0.297316,0.078561,50.100723,135.887192,-529.746765,0,1
2.640000,2.251320,1.392344,-2.107675,0.979094,0.149464,-0.137966,0.152533,-0.090787,0.984120,0.134565,-0.984590,-0.111688,0.738507,0.102233,-0.001151,0.666449,-0.086333,0.251532,0.020091,0.139027,-0.010815,-0.074822,0.137966,-0.984120,0.111687,0.000000,0.000000,0.000000,-1,0.292740,-0.979721,0.039841,-0.113243,0.256005,-0.036302,49.924927,135.359818,-531.925415,0,0
2.680000,2.210749,1.388359,-2.052213,0.975661,0.164037,-0.145527,0.160806,-0.084007,0.983404,0.149089,-0.982871,-0.108340,0.736208,0.110309,0.001210,0.667704,-0.159575,0.540427,-0.238283,0.095974,-0.036325,-0.005160,0.145527,-0.983405,0.108340,0.000000,0.000000,0.000000,-1,0.210571,-1.098846,0.140472,-0.385234,0.777692,-0.437775,49.221756,135.359818,-531.255066,0,0
2.720000,2.177232,1.385861,-2.004615,0.972425,0.177650,-0.151094,0.166849,-0.077293,0.982948,0.162942,-0.981054,-0.104803,0.733914,0.117350,0.004036,0.669016,-0.360590,0.768556,-0.427207,0.027938,-0.199379,0.078929,0.151094,-0.982948,0.104803,0.000000,0.000000,0.000000,-1,0.022736,-1.295883,0.249054,-0.613150,1.200380,-0.548385,50.100723,137.293533,-531.087463,0,0
2.760000,2.059735,1.382590,-1.838582,0.960611,0.223479,-0.165175,0.180429,-0.049505,0.982341,0.211356,-0.973451,-0.087877,0.724223,0.139428,0.015942,0.675135,-0.796606,1.217559,-0.330695,-0.184615,-0.254231,0.159086,0.165175,-0.982341,0.087877,0.000000,0.000000,0.000000,-1,-0.055359,-0.845688,0.254578,-0.696557,1.067910,-0.099807,52.737595,138.875656,-532.595764,0,0
2.800000,1.972407,1.390218,-1.699596,0.948175,0.271362,-0.165308,0.178111,-0.023068,0.983740,0.263136,-0.962201,-0.070205,0.714396,0.157291,0.034234,0.680974,-0.137947,0.839893,-0.039293,-0.235880,0.210470,0.231400,0.165308,-0.983740,0.070205,0.000000,0.000000,0.000000,-1,-0.136475,-0.963303,0.322891,0.190861,0.922103,-0.158343,52.386017,136.414566,-533.601318,0,0
2.840000,2.013659,1.384562,-1.714528,0.940131,0.296928,-0.167297,0.183251,-0.026522,0.982708,0.287356,-0.954532,-0.079346,0.715192,0.167849,0.041967,0.677175,0.303589,0.859516,-0.199393,-0.303772,0.019406,0.243545,0.167297,-0.982708,0.079346,0.000000,0.000000,0.000000,-1,0.071747,-1.089478,0.100296,0.281005,0.502080,-0.220321,52.210220,136.941940,-533.433716,0,0
2.880000,2.055109,1.372115,-1.735952,0.932327,0.316629,-0.174677,0.194691,-0.032450,0.980328,0.304732,-0.947994,-0.091899,0.717056,0.178271,0.045343,0.672305,-0.101127,0.103520,-0.179572,-0.035868,-0.063907,-0.007792,0.174677,-0.980328,0.091899,0.000000,0.000000,0.000000,-1,0.266800,-0.908386,0.115814,-0.247473,0.029796,-0.218714,53.089188,136.062988,-534.606812,0,0
2.920000,1.996589,1.368958,-1.673130,0.929751,0.319737,-0.182571,0.199422,-0.020479,0.979700,0.309507,-0.947285,-0.082803,0.712922,0.182053,0.044513,0.675735,-0.225481,0.195479,-0.202390,0.092728,0.164194,0.068854,0.182571,-0.979700,0.082803,0.000000,0.000000,0.000000,-1,0.261505,-0.787445,0.154083,-0.168896,0.310468,-0.218245,52.561813,136.590363,-534.439270,0,0
2.960000,1.988586,1.360811,-1.649372,0.923002,0.334322,-0.190517,0.207803,-0.016362,0.978034,0.323861,-0.942317,-0.084575,0.711326,0.190533,0.046865,0.674919,0.119056,0.456410,-0.269959,-0.032497,0.203650,0.012684,0.190517,-0.978034,0.084575,0.000000,0.000000,0.000000,-1,0.118759,-0.793182,0.018692,0.173044,0.411518,-0.279868,53.440765,136.766159,-535.277222,0,0
3.000000,2.012527,1.348371,-1.658327,0.915739,0.348787,-0.199422,0.219751,-0.019284,0.975365,0.336349,-0.937004,-0.094306,0.712273,0.199551,0.048060,0.671221,0.134566,0.276658,-0.236380,-0.106236,0.160744,-0.119574,0.199422,-0.975365,0.094306,0.000000,0.000000,0.000000,-1,0.067154,-0.823837,-0.020706,0.038508,0.224774,-0.203552,53.440765,135.008240,-536.617920,0,0
3.040000,2.009002,1.343247,-1.649316,0.912737,0.353811,-0.204275,0.224895,-0.017695,0.974222,0.341076,-0.935149,-0.095722,0.711715,0.203279,0.048053,0.670694,-0.029742,0.026180,-0.065847,-0.097616,0.146570,-0.080905,0.204275,-0.974222,0.095722,0.000000,0.000000,0.000000,-1,0.153519,-0.833939,0.038803,0.002080,0.001911,-0.022395,53.089188,137.117737,-534.271667,0,0
3.080000,2.013635,1.342208,-1.654070,0.912628,0.353822,-0.204745,0.225818,-0.018848,0.973987,0.340759,-0.935123,-0.097101,0.712141,0.203485,0.047748,0.670201,0.085405,0.008925,0.017486,-0.023974,0.122242,-0.072885,0.204745,-0.973987,0.097101,0.000000,0.000000,0.000000,-1,0.175125,-0.868683,-0.001587,0.059641,0.006330,-0.001552,51.858643,136.941940,-536.785522,0,0
3.120000,2.024578,1.341140,-1.665440,0.912708,0.353698,-0.204604,0.226624,-0.021513,0.973745,0.340010,-0.935112,-0.099791,0.713094,0.203452,0.047471,0.669217,0.022428,-0.012587,-0.019232,-0.039001,0.084661,-0.112288,0.204604,-0.973745,0.099791,0.000000,0.000000,0.000000,-1,0.167480,-0.916367,-0.001221,-0.025642,0.009105,-0.046709,52.913391,136.590363,-536.450317,0,1
3.160000,2.019253,1.339917,-1.659544,0.912183,0.354121,-0.206206,0.227933,-0.020282,0.973466,0.340542,-0.934980,-0.099216,0.712685,0.204176,0.047124,0.669456,-0.029729,0.012619,-0.043424,-0.044264,0.058579,-0.081623,0.206206,-0.973466,0.099216,0.000000,0.000000,0.000000,-1,0.144791,-0.944138,0.018250,0.006212,-0.027884,-0.037230,53.792358,136.062988,-535.947510,0,0
3.200000,2.005230,1.343884,-1.646755,0.913247,0.352611,-0.204072,0.224321,-0.017072,0.974366,0.340088,-0.935614,-0.094689,0.711514,0.202713,0.047791,0.671097,0.057351,-0.063503,-0.025667,-0.058015,-0.015548,-0.091302,0.204072,-0.974366,0.094689,0.000000,0.000000,0.000000,-1,0.239044,-1.207214,0.046326,0.004961,-0.058944,-0.074390,52.034439,136.766159,-537.958618,0,0
3.240000,1.994239,1.340027,-1.636075,0.912426,0.352131,-0.208526,0.228240,-0.014920,0.973491,0.339685,-0.935832,-0.093984,0.710867,0.204107,0.046127,0.671476,-0.104278,0.109073,-0.150768,0.034974,-0.246800,-0.021734,0.208526,-0.973491,0.093984,0.000000,0.000000,0.000000,-1,0.186203,-1.193878,-0.007324,-0.122372,0.162630,-0.169047,52.561813,136.941940,-537.120667,0,0
3.280000,1.977971,1.336232,-1.612846,0.908956,0.358123,-0.213418,0.232214,-0.009770,0.972616,0.346231,-0.933623,-0.092042,0.709008,0.208156,0.046830,0.672150,-0.111656,0.116686,-0.129433,0.011893,-0.269068,-0.133882,0.213418,-0.972616,0.092042,0.000000,0.000000,0.000000,-1,0.321609,-1.324112,0.113892,-0.230318,0.045945,-0.190144,51.858643,136.238770,-538.461365,0,0
3.320000,1.919204,1.331059,-1.554849,0.907476,0.355919,-0.223181,0.237417,0.003787,0.971400,0.346585,-0.934509,-0.081065,0.704407,0.210580,0.043797,0.676424,-0.319499,-0.189644,-0.272622,0.121271,-0.339269,0.198674,0.223181,-0.971400,0.081065,0.000000,0.000000,0.000000,-1,0.273209,-1.073761,0.306915,-0.280065,-0.272134,-0.111863,50.276520,136.766159,-540.640015,0,0
3.360000,1.871010,1.331036,-1.517465,0.910864,0.344769,-0.226849,0.237133,0.012659,0.971395,0.337779,-0.938602,-0.070226,0.701504,0.207376,0.039533,0.680679,-0.039063,-0.380948,0.109461,-0.066937,0.133382,0.193080,0.226849,-0.971395,0.070226,0.000000,0.000000,0.000000,-1,0.109436,-0.744934,0.266266,0.037423,-0.463139,0.199596,50.276520,136.414566,-540.640015,0,0
3.400000,1.880165,1.339141,-1.552475,0.921349,0.321390,-0.218689,0.229550,0.004206,0.973288,0.313725,-0.946937,-0.069900,0.704812,0.195421,0.033710,0.681112,0.209033,-0.854095,0.261652,-0.102860,0.144034,0.207963,0.218689,-0.973288,0.069900,0.000000,0.000000,0.000000,-1,0.163605,-0.982666,0.288956,0.160868,-0.832859,0.194698,48.167007,135.008240,-542.315918,0,0
3.440000,1.885217,1.345074,-1.592161,0.933247,0.289395,-0.212838,0.223759,-0.004781,0.974633,0.281036,-0.957198,-0.069217,0.708386,0.181099,0.024068,0.681772,0.104635,-0.819709,0.198413,-0.010338,-0.125602,0.191022,0.212838,-0.974633,0.069217,0.000000,0.000000,0.000000,-1,0.232971,-1.141068,0.209381,0.057452,-0.881514,0.199943,46.409088,135.359818,-541.645569,0,0
3.480000,1.875802,1.352983,-1.618063,0.944457,0.255960,-0.206121,0.215854,-0.010210,0.976372,0.247808,-0.966633,-0.064893,0.710556,0.166002,0.014667,0.683621,0.048462,-0.788369,0.264781,-0.032644,-0.090492,0.101428,0.206121,-0.976372,0.064893,0.000000,0.000000,0.000000,-1,0.089157,-0.937363,0.150848,-0.015322,-0.711363,0.272312,44.123795,135.184021,-541.813110,0,0
3.520000,1.863276,1.364939,-1.632216,0.953245,0.230250,-0.195726,0.204021,-0.012547,0.978886,0.222933,-0.973051,-0.058936,0.711465,0.152597,0.009560,0.685887,-0.042318,-0.583301,0.332897,-0.144883,0.152165,0.090081,0.195726,-0.978886,0.058936,0.000000,0.000000,0.000000,-1,0.049179,-0.756088,0.123306,-0.067972,-0.551036,0.313667,41.486908,135.008240,-541.310364,0,0
3.560000,1.855256,1.374496,-1.641101,0.958768,0.213817,-0.187204,0.194560,-0.013701,0.980795,0.207146,-0.976778,-0.054736,0.711900,0.143411,0.007003,0.687447,-0.015625,-0.551612,0.324048,-0.128854,0.232397,0.050854,0.187204,-0.980795,0.054736,0.000000,0.000000,0.000000,-1,0.113754,-0.738647,0.070053,0.020382,-0.587783,0.350405,40.080582,135.359818,-543.321411,0,0
3.600000,1.862542,1.387771,-1.673432,0.966259,0.189624,-0.174314,0.181047,-0.018647,0.983298,0.183206,-0.981680,-0.052349,0.713662,0.129848,0.003115,0.688343,0.103404,-0.672901,0.382172,-0.060560,0.244650,0.017704,0.174314,-0.983298,0.052349,0.000000,0.000000,0.000000,-1,0.136871,-0.722458,0.090347,0.089599,-0.580435,0.344515,39.201614,135.535614,-542.818665,0,0
3.640000,1.900073,1.403439,-1.741449,0.974417,0.160205,-0.157628,0.164157,-0.028289,0.986028,0.153508,-0.986678,-0.053864,0.717037,0.113091,-0.001437,0.687798,0.123187,-0.334430,0.217756,0.011989,0.212713,0.029556,0.157628,-0.986028,0.053864,0.000000,0.000000,0.000000,-1,0.187622,-0.825882,0.072357,0.127257,-0.315069,0.178103,34.455231,135.008240,-541.980713,0,0
3.680000,1.930269,1.406555,-1.781258,0.976599,0.151091,-0.153053,0.159896,-0.034158,0.986543,0.143830,-0.987930,-0.057517,0.719075,0.108121,-0.003206,0.686463,0.203092,-0.255714,0.141203,0.044777,0.135163,0.009682,0.153053,-0.986543,0.057517,0.000000,0.000000,0.000000,-1,0.199005,-0.913345,0.045761,0.166029,-0.135399,0.136647,34.103653,135.359818,-540.975220,0,0
3.720000,1.974368,1.409372,-1.832794,0.978447,0.144198,-0.147812,0.155240,-0.041629,0.986999,0.136170,-0.988673,-0.063117,0.721664,0.103732,-0.004033,0.684416,0.093655,-0.178379,0.140697,0.043441,0.065872,-0.014961,0.147812,-0.986999,0.063117,0.000000,0.000000,0.000000,-1,0.211136,-1.020828,0.069122,0.031638,-0.194885,0.115540,32.169937,133.426102,-542.148315,0,0
3.760000,1.979865,1.408327,-1.847686,0.979655,0.135097,-0.148410,0.155595,-0.044218,0.986831,0.126756,-0.989845,-0.064339,0.722532,0.100581,-0.007492,0.683940,0.062726,-0.091655,0.011676,0.079740,-0.128571,0.016548,0.148410,-0.986831,0.064339,0.000000,0.000000,0.000000,-1,0.245697,-1.179886,0.093887,0.038540,0.083505,-0.017657,32.169937,133.426102,-542.148315,0,0
3.800000,1.987323,1.407761,-1.855038,0.979623,0.135300,-0.148437,0.155802,-0.045518,0.986739,0.126750,-0.989758,-0.065670,0.722982,0.100660,-0.007499,0.683453,0.063182,0.074463,-0.007061,0.097261,-0.193147,0.028217,0.148437,-0.986739,0.065670,0.000000,0.000000,0.000000,-1,0.258682,-1.104889,0.060913,0.027067,0.167130,-0.023208,29.884644,135.008240,-540.640015,0,0
3.840000,2.006992,1.405702,-1.860907,0.977540,0.149092,-0.148957,0.157477,-0.047012,0.986403,0.140062,-0.987705,-0.069435,0.723531,0.105928,-0.003074,0.682109,0.006273,0.351045,-0.107797,0.109771,-0.057695,-0.047752,0.148957,-0.986403,0.069435,0.000000,0.000000,0.000000,-1,0.265991,-1.301071,0.110458,-0.072991,0.328538,-0.209469,31.115189,134.129272,-540.137268,0,1
3.880000,1.918715,1.394642,-1.757127,0.972677,0.163580,-0.164745,0.172211,-0.032465,0.984525,0.155701,-0.985996,-0.059748,0.718486,0.116840,-0.003147,0.685650,-0.502007,0.478500,-0.422864,0.012471,-0.416583,0.188985,0.164745,-0.984525,0.059748,0.000000,0.000000,0.000000,-1,0.028564,-1.220139,0.300308,-0.599715,1.019530,-0.060959,29.357269,134.129272,-543.824219,0,0
3.920000,1.852580,1.396616,-1.661734,0.967370,0.191010,-0.166466,0.172585,-0.015738,0.984869,0.185500,-0.981462,-0.048190,0.712618,0.127556,0.006677,0.689827,-0.457127,1.141290,0.122944,-0.167717,-0.058847,0.232465,0.166466,-0.984869,0.048190,0.000000,0.000000,0.000000,-1,-0.054123,-0.804626,0.292526,-0.116235,1.160886,0.229856,30.236221,135.359818,-544.326965,0,0
3.960000,1.900185,1.404609,-1.663632,0.959171,0.235561,-0.156531,0.164711,-0.015335,0.986223,0.229915,-0.971739,-0.053509,0.712042,0.140537,0.025765,0.687446,0.246613,1.130463,0.111136,-0.250189,0.151185,0.270100,0.156531,-0.986223,0.053509,0.000000,0.000000,0.000000,-1,-0.240189,-0.994125,0.371140,0.329704,1.270063,0.018250,30.587814,133.953476,-544.662109,0,0
4.000000,2.027680,1.395959,-1.738767,0.945065,0.287198,-0.156106,0.171499,-0.029081,0.984755,0.278280,-0.957430,-0.076738,0.716045,0.160149,0.042656,0.678094,0.379136,1.225728,-0.236479,-0.404428,-0.053407,0.229644,0.156106,-0.984755,0.076738,0.000000,0.000000,0.000000,-1,-0.076126,-1.070770,0.071945,0.359709,0.464040,-0.209071,32.873108,133.426102,-543.153809,0,0
4.040000,2.092359,1.382177,-1.790710,0.939840,0.300450,-0.162573,0.182987,-0.040903,0.982264,0.288471,-0.952920,-0.093420,0.720098,0.167837,0.043709,0.671848,0.325614,-0.362042,-0.129972,-0.169180,-0.071050,-0.043417,0.162573,-0.982264,0.093420,0.000000,0.000000,0.000000,-1,0.172958,-0.883728,0.175583,0.083070,-0.577563,-0.146559,30.412018,132.371353,-543.153809,0,0
4.080000,2.070479,1.376645,-1.785932,0.943678,0.284243,-0.169345,0.188486,-0.041187,0.981212,0.271928,-0.957867,-0.092444,0.720644,0.163996,0.035587,0.672690,-0.146359,0.185272,-0.054857,0.058179,0.171397,0.106485,0.169345,-0.981212,0.092444,0.000000,0.000000,0.000000,-1,0.202728,-0.771759,0.173126,-0.152991,0.522573,-0.074280,29.533066,130.789230,-543.991821,0,0
4.120000,2.070445,1.374720,-1.765304,0.937303,0.303679,-0.171006,0.191149,-0.037656,0.980839,0.291420,-0.952030,-0.093343,0.719080,0.172035,0.041864,0.671994,-0.018963,0.898681,-0.218317,-0.018967,0.208286,0.057948,0.171006,-0.980838,0.093343,0.000000,0.000000,0.000000,-1,0.060089,-0.787766,0.056320,0.016138,0.984592,-0.276538,30.587814,131.492386,-542.651062,0,0
4.160000,2.102136,1.363801,-1.759513,0.923799,0.339412,-0.177185,0.201872,-0.038555,0.978653,0.325335,-0.939847,-0.104135,0.718764,0.188269,0.051529,0.667291,0.180884,0.782234,-0.207712,-0.148575,0.195450,-0.091501,0.177185,-0.978653,0.104135,0.000000,0.000000,0.000000,-1,0.018768,-0.783218,-0.021362,0.080848,0.405822,-0.095896,30.939392,130.086060,-543.656616,0,0
4.200000,2.124519,1.359625,-1.766487,0.918054,0.354106,-0.178285,0.205605,-0.040757,0.977786,0.338973,-0.934317,-0.110223,0.719207,0.194558,0.055856,0.664657,-0.016286,0.175417,0.027266,-0.131868,0.182940,-0.120644,0.178285,-0.977786,0.110223,0.000000,0.000000,0.000000,-1,0.161636,-0.850647,0.020645,-0.064368,0.164498,0.033973,28.829895,132.195557,-543.321411,0,0
4.240000,2.129848,1.361663,-1.762667,0.915210,0.362508,-0.176005,0.203802,-0.039591,0.978211,0.347641,-0.931139,-0.110114,0.718491,0.197049,0.059721,0.664362,-0.043885,0.236479,-0.013231,0.007116,0.120408,-0.088370,0.176005,-0.978211,0.110114,0.000000,0.000000,0.000000,-1,0.142868,-0.846451,0.016159,-0.092924,0.286705,-0.037640,29.708847,130.965012,-543.489014,0,0
4.280000,2.128352,1.362019,-1.753029,0.912268,0.369912,-0.175874,0.203832,-0.037562,0.978285,0.355273,-0.928307,-0.109666,0.717547,0.199898,0.062504,0.664274,-0.060946,0.235346,-0.021617,-0.047533,0.132826,-0.099229,0.175874,-0.978285,0.109666,0.000000,0.000000,0.000000,-1,0.118271,-0.862045,0.006256,-0.019047,0.060139,-0.025645,28.478302,131.140808,-541.980713,0,1
4.320000,2.130798,1.360901,-1.753612,0.911420,0.371686,-0.176532,0.204885,-0.037879,0.978053,0.356842,-0.927585,-0.110677,0.717631,0.200859,0.062814,0.663864,0.081853,-0.061417,-0.039722,-0.052768,0.073283,-0.101812,0.176532,-0.978053,0.110677,0.000000,0.000000,0.000000,-1,0.184357,-1.101608,0.044495,0.064613,-0.054673,-0.069542,28.126724,129.734467,-542.315918,0,0
