0.000000,0.676743,1.257632,-0.469488,0.964819,0.178612,-0.192931,0.139380,0.274737,0.951364,0.222930,-0.944784,0.240177,0.602060,0.132043,0.012457,0.787358,-0.029684,0.017513,-0.023905,-0.001647,0.016122,0.013172,0.192931,-0.951364,-0.240177,0.000000,0.000000,0.000000,-1,0.186584,-0.936539,-0.240768,-0.047920,0.027215,-0.035951,34.455231,178.604645,-580.861206,0,0
0.040000,0.677667,1.256309,-0.469595,0.964516,0.179152,-0.193942,0.139979,0.275845,0.950955,0.223864,-0.944359,0.240979,0.601600,0.132618,0.012434,0.787613,-0.022218,0.021747,-0.023977,-0.004306,0.015301,0.000958,0.193942,-0.950955,-0.240979,0.000000,0.000000,0.000000,-1,0.194824,-0.935120,-0.239487,-0.044715,0.028302,-0.032784,33.752060,179.659393,-580.861206,0,0
0.080000,0.679028,1.254718,-0.470087,0.964159,0.179687,-0.195220,0.140800,0.277124,0.950462,0.224885,-0.943883,0.241892,0.601070,0.133298,0.012339,0.787905,-0.016919,0.019703,-0.013350,-0.000350,0.014808,0.001169,0.195220,-0.950462,-0.241892,0.000000,0.000000,0.000000,-1,0.198624,-0.937073,-0.245972,-0.037231,0.031557,-0.024332,36.564743,177.901474,-580.190857,0,0
0.120000,0.679463,1.253796,-0.469867,0.963939,0.180149,-0.195876,0.141136,0.277936,0.950175,0.225614,-0.943556,0.242488,0.600732,0.133705,0.012376,0.788093,-0.014777,0.019761,-0.006977,0.002916,0.010203,-0.002324,0.195876,-0.950175,-0.242488,0.000000,0.000000,0.000000,-1,0.199966,-0.938004,-0.239944,-0.032976,0.023162,-0.015811,34.455231,179.307816,-581.196411,0,0
0.160000,0.680539,1.253106,-0.470484,0.963746,0.180449,-0.196549,0.141604,0.278434,0.949960,0.226145,-0.943352,0.242787,0.600526,0.134071,0.012321,0.788189,-0.004159,0.004991,-0.000617,0.002365,0.014489,0.004918,0.196549,-0.949960,-0.242787,0.000000,0.000000,0.000000,-1,0.195267,-0.937073,-0.239075,-0.025548,0.011549,-0.011564,34.455231,178.956223,-582.537109,0,0
0.200000,0.680454,1.252842,-0.470260,0.963702,0.180538,-0.196686,0.141655,0.278689,0.949877,0.226303,-0.943260,0.242998,0.600420,0.134153,0.012332,0.788256,-0.011622,0.000766,0.000520,-0.000931,0.014666,0.003558,0.196686,-0.949877,-0.242998,0.000000,0.000000,0.000000,-1,0.202301,-0.937332,-0.240204,-0.036179,0.012660,-0.006159,35.861572,178.253052,-581.531555,0,0
0.240000,0.679793,1.252213,-0.469492,0.963656,0.180544,-0.196901,0.141712,0.279330,0.949680,0.226460,-0.943069,0.243593,0.600153,0.134239,0.012313,0.788445,-0.017004,-0.009770,0.008060,0.001738,0.013096,0.011476,0.196901,-0.949680,-0.243593,0.000000,0.000000,0.000000,-1,0.190323,-0.930267,-0.234970,-0.039410,-0.003187,-0.001813,36.037369,178.780441,-582.034363,0,0
0.280000,0.677727,1.252210,-0.467685,0.963798,0.180337,-0.196399,0.141208,0.279589,0.949679,0.226173,-0.943032,0.244002,0.600043,0.133967,0.012405,0.788573,-0.014867,-0.010799,0.011244,-0.005619,0.017565,0.008879,0.196399,-0.949679,-0.244002,0.000000,0.000000,0.000000,-1,0.190552,-0.935577,-0.234879,-0.025560,-0.003161,0.001275,33.400482,178.604645,-582.872314,0,0
0.320000,0.675890,1.252788,-0.466141,0.963985,0.180194,-0.195608,0.140530,0.279316,0.949860,0.225795,-0.943140,0.243934,0.600153,0.133601,0.012575,0.788549,-0.009524,-0.003416,0.007980,-0.007604,0.017456,0.016685,0.195608,-0.949860,-0.243934,0.000000,0.000000,0.000000,-1,0.185425,-0.928848,-0.239182,-0.034054,0.008452,-0.002964,35.509995,176.846725,-581.531555,0,0
0.360000,0.674373,1.252792,-0.464463,0.964026,0.180381,-0.195234,0.140059,0.279548,0.949861,0.225915,-0.943035,0.244227,0.600052,0.133505,0.012782,0.788638,-0.018011,0.008217,0.005874,-0.009489,0.020418,0.010493,0.195234,-0.949861,-0.244227,0.000000,0.000000,0.000000,-1,0.189102,-0.934525,-0.245026,-0.038293,0.015857,-0.004024,34.103653,178.604645,-582.537109,0,0
0.400000,0.672383,1.252542,-0.462184,0.964043,0.180658,-0.194896,0.139527,0.280078,0.949783,0.226173,-0.942825,0.244801,0.599826,0.133450,0.013036,0.788816,-0.013734,0.010383,0.011161,-0.005794,0.015259,-0.000225,0.194896,-0.949783,-0.244801,0.000000,0.000000,0.000000,-1,0.188904,-0.936172,-0.249512,-0.030828,0.013806,0.003383,34.103653,178.604645,-580.861206,0,0
0.440000,0.667940,1.252350,-0.457607,0.964204,0.180849,-0.193919,0.138325,0.280878,0.949723,0.226224,-0.942550,0.245808,0.599483,0.133104,0.013472,0.789128,0.000021,-0.005446,0.018582,-0.003307,0.019532,-0.000728,0.193919,-0.949723,-0.245808,0.000000,0.000000,0.000000,-1,0.189575,-0.930908,-0.241867,-0.021263,0.005360,0.006537,34.806824,177.901474,-580.861206,0,0
0.480000,0.666435,1.252605,-0.456038,0.964282,0.180988,-0.193399,0.137777,0.280877,0.949803,0.226224,-0.942524,0.245909,0.599478,0.132934,0.013689,0.789156,-0.008476,0.005108,0.014348,-0.007761,0.019124,0.005766,0.193399,-0.949803,-0.245909,0.000000,0.000000,0.000000,-1,0.187134,-0.937973,-0.243073,-0.052116,0.020117,-0.001802,34.631027,178.428848,-582.034363,0,0
0.520000,0.663489,1.252030,-0.452396,0.964240,0.181624,-0.193011,0.136992,0.281869,0.949623,0.226878,-0.942105,0.246908,0.599054,0.132966,0.014134,0.789465,-0.044656,0.022994,0.000714,-0.003054,0.010200,0.006002,0.193011,-0.949623,-0.246908,0.000000,0.000000,0.000000,-1,0.192825,-0.946533,-0.246017,-0.067000,0.038008,-0.014537,35.158401,179.659393,-581.531555,0,0
0.560000,0.662761,1.250006,-0.449974,0.963794,0.182921,-0.194013,0.137145,0.283930,0.948986,0.228676,-0.941235,0.248563,0.598185,0.133765,0.014487,0.789982,-0.024485,0.029183,-0.016487,0.004733,-0.004795,-0.007022,0.194013,-0.948986,-0.248563,0.000000,0.000000,0.000000,-1,0.203644,-0.952454,-0.259079,-0.042567,0.032558,-0.030686,33.927856,178.428848,-580.358459,0,0
0.600000,0.663435,1.249177,-0.450223,0.963541,0.183185,-0.195018,0.137835,0.284872,0.948604,0.229325,-0.940899,0.249236,0.597711,0.134374,0.014208,0.790243,0.000947,-0.001627,-0.026160,0.006818,0.007177,-0.007237,0.195392,-0.948492,-0.249370,0.000000,0.000000,0.000000,-1,0.201233,-0.927841,-0.254532,-0.020320,0.000719,-0.037131,34.455231,177.549896,-582.537109,0,0
0.640000,0.666874,1.247107,-0.454186,0.963374,0.182223,-0.196735,0.139546,0.285821,0.948068,0.228991,-0.940798,0.249924,0.597417,0.134650,0.013498,0.790430,-0.004416,-0.013276,-0.026079,-0.003925,0.029138,-0.002258,0.196735,-0.948068,-0.249924,0.000000,0.000000,0.000000,-1,0.183899,-0.912811,-0.244537,-0.039449,0.009237,-0.032754,35.334198,177.374100,-582.034363,0,0
0.680000,0.666318,1.245662,-0.453462,0.963245,0.182142,-0.197442,0.139938,0.287152,0.947608,0.229295,-0.940408,0.251109,0.596863,0.134905,0.013342,0.790808,-0.025588,0.020709,-0.016452,-0.013482,0.034354,0.007899,0.197442,-0.947608,-0.251109,0.000000,0.000000,0.000000,-1,0.182251,-0.919968,-0.242722,-0.045745,0.033667,-0.025339,34.806824,178.956223,-582.872314,0,0
0.720000,0.665859,1.245310,-0.452183,0.963087,0.182879,-0.197533,0.139717,0.287631,0.947495,0.230094,-0.940119,0.251462,0.596656,0.135168,0.013643,0.790914,-0.015941,0.034553,-0.008052,-0.014351,0.023393,0.010938,0.197533,-0.947495,-0.251462,0.000000,0.000000,0.000000,-1,0.190323,-0.933380,-0.247833,-0.033976,0.046443,-0.018021,35.509995,180.010986,-581.531555,0,0
0.760000,0.666113,1.245236,-0.451298,0.962859,0.183958,-0.197640,0.139493,0.287818,0.947472,0.231180,-0.939851,0.251468,0.596568,0.135547,0.014055,0.790908,-0.002080,0.040918,-0.004937,-0.007317,0.014091,0.003634,0.197640,-0.947472,-0.251468,0.000000,0.000000,0.000000,-1,0.203827,-0.949860,-0.251587,-0.019050,0.049656,-0.013888,35.685776,178.077271,-582.369507,0,0
0.800000,0.670575,1.244995,-0.453881,0.962280,0.185621,-0.198902,0.140336,0.287662,0.947395,0.233072,-0.939572,0.250762,0.596627,0.136583,0.014318,0.790681,0.017020,0.013446,0.002469,0.010723,-0.000008,-0.003053,0.198902,-0.947395,-0.250762,0.000000,0.000000,0.000000,-1,0.210068,-0.940704,-0.253052,0.004273,0.011571,-0.008599,34.982605,179.483597,-581.364014,0,0
0.840000,0.672834,1.245219,-0.456225,0.962208,0.185528,-0.199336,0.140917,0.287142,0.947466,0.233019,-0.939749,0.250146,0.596850,0.136736,0.014109,0.790490,0.031860,-0.008789,0.003498,0.008703,0.009508,-0.001685,0.199336,-0.947466,-0.250146,0.000000,0.000000,0.000000,-1,0.203568,-0.933685,-0.252136,0.012745,-0.005358,-0.006471,34.806824,178.956223,-582.201904,0,0
0.880000,0.673961,1.245672,-0.457924,0.962300,0.185034,-0.199350,0.141214,0.286516,0.947611,0.232457,-0.940038,0.249585,0.597118,0.136593,0.013861,0.790317,0.029698,-0.020419,0.005687,0.000495,0.014475,-0.003024,0.199350,-0.947611,-0.249585,0.000000,0.000000,0.000000,-1,0.192322,-0.929443,-0.247162,-0.001101,-0.008512,-0.004221,35.334198,179.132019,-582.034363,0,0
0.920000,0.673065,1.246572,-0.457890,0.962581,0.184384,-0.198594,0.140828,0.285756,0.947898,0.231527,-0.940397,0.249097,0.597438,0.136086,0.013781,0.790164,0.009513,-0.010896,0.006899,-0.008668,0.019569,0.006589,0.198594,-0.947898,-0.249097,0.000000,0.000000,0.000000,-1,0.187531,-0.930420,-0.243912,-0.012778,0.002092,-0.003105,35.509995,177.901474,-581.196411,0,0
0.960000,0.671824,1.247309,-0.456722,0.962717,0.184474,-0.197850,0.140185,0.285294,0.948133,0.231351,-0.940519,0.248797,0.597626,0.135812,0.014014,0.790065,0.002114,0.006061,0.007961,-0.010335,0.011304,0.004610,0.197850,-0.948133,-0.248797,0.000000,0.000000,0.000000,-1,0.189438,-0.933395,-0.240173,-0.024453,0.012706,-0.000923,35.334198,177.022522,-581.028809,0,0
1.000000,0.670233,1.248099,-0.455055,0.962847,0.184721,-0.196989,0.139380,0.284854,0.948384,0.231300,-0.940604,0.248524,0.597802,0.135539,0.014349,0.789972,0.012779,0.000881,0.020685,-0.008344,0.013508,0.004094,0.196989,-0.948383,-0.248524,0.000000,0.000000,0.000000,-1,0.188400,-0.939026,-0.240189,-0.003123,0.014927,0.010621,36.213150,177.901474,-581.866760,0,0
1.040000,0.669475,1.249271,-0.454112,0.962949,0.185124,-0.196110,0.138624,0.283986,0.948755,0.231329,-0.940787,0.247801,0.598156,0.135311,0.014720,0.789737,0.017090,0.004049,0.022812,-0.007710,0.009729,0.007613,0.196110,-0.948755,-0.247801,0.000000,0.000000,0.000000,-1,0.183624,-0.936523,-0.246048,-0.004193,0.009671,0.014911,35.334198,177.725677,-582.369507,0,0
1.080000,0.667223,1.251069,-0.451533,0.963145,0.185804,-0.194496,0.137147,0.282808,0.949321,0.231393,-0.941008,0.246902,0.598631,0.134871,0.015409,0.789439,0.015006,0.018877,0.022776,-0.012932,0.007335,0.002106,0.194496,-0.949321,-0.246902,0.000000,0.000000,0.000000,-1,0.185883,-0.947006,-0.244858,-0.007325,0.032944,0.011652,34.631027,179.483597,-581.699158,0,0
1.120000,0.666079,1.252208,-0.449765,0.963177,0.186629,-0.193545,0.136176,0.282076,0.949678,0.231832,-0.941065,0.246275,0.598921,0.134745,0.015982,0.789229,0.017141,0.018895,0.024894,-0.007663,0.002672,0.001417,0.193545,-0.949678,-0.246275,0.000000,0.000000,0.000000,-1,0.186798,-0.938599,-0.245438,-0.002021,0.025538,0.012704,35.861572,177.198303,-582.872314,0,0
1.160000,0.665096,1.253360,-0.448090,0.963188,0.187518,-0.192628,0.135230,0.281318,0.950039,0.232339,-0.941115,0.245604,0.599222,0.134653,0.016568,0.789004,0.019260,0.016766,0.023821,-0.005830,0.011440,0.000166,0.192628,-0.950039,-0.245604,0.000000,0.000000,0.000000,-1,0.183563,-0.936462,-0.244446,-0.002013,0.029755,0.010557,34.982605,178.780441,-581.699158,0,0
1.200000,0.663643,1.254756,-0.445498,0.963154,0.188889,-0.191453,0.133928,0.280470,0.950473,0.233231,-0.941094,0.244838,0.599551,0.134608,0.017420,0.788743,0.012958,0.030449,0.018556,-0.009706,0.017795,0.003551,0.191453,-0.950473,-0.244838,0.000000,0.000000,0.000000,-1,0.182098,-0.928589,-0.238998,-0.009440,0.040329,0.008445,35.334198,177.725677,-581.364014,0,0
1.240000,0.663798,1.255760,-0.444215,0.962957,0.190444,-0.190903,0.133158,0.279780,0.950785,0.234482,-0.940986,0.244057,0.599817,0.134875,0.018163,0.788479,0.015107,0.037852,0.017448,-0.004182,0.021265,0.005898,0.190903,-0.950785,-0.244057,0.000000,0.000000,0.000000,-1,0.190552,-0.932648,-0.236786,-0.005168,0.044564,0.008396,35.685776,178.428848,-581.028809,0,0
1.280000,0.664915,1.256547,-0.444204,0.962758,0.191640,-0.190714,0.132834,0.279105,0.951029,0.235484,-0.940943,0.243254,0.600083,0.135179,0.018652,0.788213,0.020427,0.033644,0.020618,-0.002466,0.016596,0.006255,0.190714,-0.951029,-0.243254,0.000000,0.000000,0.000000,-1,0.190094,-0.936981,-0.235626,0.003320,0.033980,0.009435,33.927856,177.725677,-581.364014,0,0
1.320000,0.666858,1.258348,-0.444960,0.962592,0.193051,-0.190126,0.132307,0.277458,0.951584,0.236456,-0.941142,0.241537,0.600749,0.135397,0.019280,0.787653,0.031027,0.016706,0.021663,0.000349,0.015411,0.007040,0.190126,-0.951584,-0.241537,0.000000,0.000000,0.000000,-1,0.183838,-0.936966,-0.231262,0.008615,0.023397,0.010499,34.279449,177.725677,-582.034363,0,0
1.360000,0.667871,1.259720,-0.445484,0.962566,0.193735,-0.189562,0.131890,0.276210,0.952005,0.236796,-0.941368,0.240319,0.601256,0.135394,0.019640,0.787257,0.031030,0.017756,0.020594,-0.005724,0.015039,0.009057,0.189562,-0.952005,-0.240319,0.000000,0.000000,0.000000,-1,0.181976,-0.943924,-0.232849,0.010762,0.032890,0.006185,36.037369,178.077271,-581.364014,0,0
1.400000,0.669724,1.261546,-0.446397,0.962453,0.194913,-0.188928,0.131391,0.274521,0.952562,0.237531,-0.941619,0.238604,0.601940,0.135522,0.020186,0.786698,0.027933,0.027214,0.014261,-0.006951,0.008638,0.005755,0.188928,-0.952562,-0.238604,0.000000,0.000000,0.000000,-1,0.188202,-0.946930,-0.234131,0.005437,0.034980,0.003023,35.158401,179.659393,-582.201904,0,0
1.440000,0.672375,1.263330,-0.447902,0.962262,0.196265,-0.188501,0.131068,0.272791,0.953104,0.238482,-0.941841,0.236772,0.602640,0.135791,0.020734,0.786102,0.034293,0.016631,0.015317,0.000998,0.003442,0.001436,0.188501,-0.953104,-0.236772,0.000000,0.000000,0.000000,-1,0.190796,-0.949677,-0.233902,0.014986,0.021238,0.006196,36.037369,178.428848,-581.028809,0,0
1.480000,0.674239,1.264875,-0.449540,0.962265,0.196707,-0.188023,0.130874,0.271250,0.953570,0.238575,-0.942194,0.235270,0.603271,0.135752,0.020949,0.785618,0.036381,0.002862,0.015351,0.001019,0.004702,0.000117,0.188023,-0.953570,-0.235270,0.000000,0.000000,0.000000,-1,0.187119,-0.943985,-0.232498,0.012814,0.010608,0.001992,34.806824,177.901474,-581.196411,0,0
1.520000,0.675483,1.265875,-0.450771,0.962292,0.196863,-0.187719,0.130793,0.270230,0.953871,0.238509,-0.942455,0.234292,0.603691,0.135688,0.021033,0.785305,0.032183,-0.000415,0.011200,-0.000600,0.009886,0.001793,0.187719,-0.953871,-0.234292,0.000000,0.000000,0.000000,-1,0.184097,-0.941376,-0.221924,0.006393,0.003156,-0.002192,35.158401,176.846725,-581.866760,0,0
1.560000,0.677749,1.267429,-0.453377,0.962393,0.196753,-0.187319,0.130847,0.268555,0.954336,0.238074,-0.942956,0.232711,0.604386,0.135510,0.020994,0.784802,0.020441,-0.006815,0.005988,-0.004671,0.012289,0.007872,0.187319,-0.954336,-0.232710,0.000000,0.000000,0.000000,-1,0.181503,-0.950912,-0.225540,-0.001067,0.005227,-0.007469,36.037369,178.428848,-582.034363,0,0
1.600000,0.678960,1.268668,-0.454818,0.962490,0.196717,-0.186859,0.130715,0.267304,0.954705,0.237755,-0.943319,0.231564,0.604901,0.135325,0.021035,0.784436,0.010852,-0.009990,0.006075,0.001130,0.008721,0.009747,0.186859,-0.954705,-0.231564,0.000000,0.000000,0.000000,-1,0.186554,-0.942535,-0.218033,-0.006430,-0.008531,-0.006310,34.455231,178.253052,-579.855713,0,0
1.640000,0.680365,1.269928,-0.456939,0.962676,0.196212,-0.186427,0.130751,0.265947,0.955079,0.236978,-0.943808,0.230366,0.605468,0.135004,0.020873,0.784058,0.024697,-0.009992,0.005968,-0.003886,0.011445,0.005314,0.186427,-0.955079,-0.230366,0.000000,0.000000,0.000000,-1,0.181778,-0.941315,-0.223495,-0.003220,-0.004285,-0.005286,33.752060,176.495132,-581.196411,0,0
1.680000,0.680762,1.270516,-0.457863,0.962812,0.195796,-0.186164,0.130748,0.265321,0.955254,0.236428,-0.944070,0.229855,0.605730,0.134773,0.020745,0.783899,0.006635,-0.024863,0.008353,0.000908,0.013985,0.011227,0.186164,-0.955254,-0.229855,0.000000,0.000000,0.000000,-1,0.178986,-0.943481,-0.218063,-0.017103,-0.017001,-0.006196,34.806824,179.307816,-581.531555,0,0
1.720000,0.680439,1.271125,-0.458071,0.962979,0.195392,-0.185725,0.130546,0.264773,0.955433,0.235859,-0.944308,0.229463,0.605958,0.134472,0.020684,0.783775,-0.001842,-0.005865,0.000892,-0.010584,0.005925,0.012834,0.185725,-0.955433,-0.229463,0.000000,0.000000,0.000000,-1,0.180496,-0.949066,-0.219711,-0.026615,0.011539,-0.012621,35.334198,177.374100,-580.693604,0,0
1.760000,0.680073,1.271779,-0.457662,0.963039,0.195549,-0.185247,0.130161,0.264265,0.955626,0.235826,-0.944418,0.229045,0.606162,0.134333,0.020860,0.783637,0.000298,-0.003747,0.000871,-0.004995,0.009734,0.009502,0.185247,-0.955626,-0.229045,0.000000,0.000000,0.000000,-1,0.181625,-0.940735,-0.219620,-0.018124,0.000965,-0.010516,35.509995,176.846725,-582.201904,0,0
1.800000,0.680497,1.272251,-0.458592,0.963159,0.195133,-0.185060,0.130207,0.263739,0.955765,0.235309,-0.944651,0.228615,0.606384,0.134131,0.020716,0.783504,0.007708,-0.019626,0.001938,-0.003099,0.016297,0.008172,0.185060,-0.955765,-0.228615,0.000000,0.000000,0.000000,-1,0.176514,-0.938065,-0.224075,-0.013894,-0.009617,-0.009444,33.927856,178.780441,-580.693604,0,0
1.840000,0.679800,1.272562,-0.458434,0.963318,0.194678,-0.184714,0.130034,0.263494,0.955857,0.234755,-0.944813,0.228513,0.606488,0.133849,0.020627,0.783474,0.001337,-0.012230,-0.000169,-0.008201,0.017792,0.004438,0.184714,-0.955857,-0.228513,0.000000,0.000000,0.000000,-1,0.176056,-0.941635,-0.218246,-0.027719,0.001968,-0.016838,34.455231,177.901474,-580.190857,0,0
1.880000,0.679100,1.272634,-0.457896,0.963383,0.194547,-0.184511,0.129862,0.263502,0.955878,0.234582,-0.944838,0.228589,0.606484,0.133725,0.020640,0.783498,-0.012405,0.006721,-0.008613,-0.008455,0.014243,0.010342,0.184511,-0.955878,-0.228589,0.000000,0.000000,0.000000,-1,0.179504,-0.948410,-0.216354,-0.037225,0.028439,-0.017928,33.927856,177.374100,-580.693604,0,0
1.920000,0.680313,1.272730,-0.457970,0.963120,0.195637,-0.184731,0.129841,0.263410,0.955906,0.235670,-0.944638,0.228294,0.606510,0.134160,0.020997,0.783394,-0.008050,0.029051,0.000859,0.000007,0.006168,0.015617,0.184731,-0.955906,-0.228294,0.000000,0.000000,0.000000,-1,0.187225,-0.946503,-0.214386,-0.022275,0.035928,-0.009550,35.334198,177.725677,-581.028809,0,0
1.960000,0.683580,1.273282,-0.460338,0.962859,0.196534,-0.185142,0.130230,0.262629,0.956068,0.236524,-0.944669,0.227280,0.606826,0.134620,0.021168,0.783066,0.007924,0.024851,0.005010,0.002663,0.012648,0.011963,0.185142,-0.956068,-0.227280,0.000000,0.000000,0.000000,-1,0.184921,-0.938721,-0.211060,-0.009496,0.028599,-0.000034,34.982605,176.670929,-581.364014,0,0
2.000000,0.686174,1.274375,-0.462029,0.962667,0.197537,-0.185069,0.130208,0.261473,0.956388,0.237313,-0.944781,0.225990,0.607290,0.134921,0.021507,0.782645,0.010097,0.016390,0.016757,-0.001094,0.019086,0.018257,0.185069,-0.956388,-0.225990,0.000000,0.000000,0.000000,-1,0.181122,-0.932968,-0.204788,-0.008402,0.029757,0.010607,35.158401,177.549896,-581.531555,0,0
2.040000,0.688118,1.276603,-0.462394,0.962461,0.199392,-0.184154,0.129352,0.259517,0.957036,0.238616,-0.944930,0.223983,0.608062,0.135160,0.022392,0.781978,0.007031,0.045117,0.030523,-0.009105,0.020513,0.018798,0.184154,-0.957036,-0.223983,0.000000,0.000000,0.000000,-1,0.177689,-0.943283,-0.205078,-0.019979,0.065869,0.021214,35.509995,177.901474,-580.526062,0,0
2.080000,0.688464,1.277965,-0.460699,0.962149,0.201575,-0.183403,0.128333,0.258569,0.957430,0.240416,-0.944727,0.222913,0.608413,0.135560,0.023427,0.781606,-0.005637,0.071688,0.040111,-0.005043,0.012606,0.022138,0.183403,-0.957430,-0.222913,0.000000,0.000000,0.000000,-1,0.178329,-0.947906,-0.195038,-0.023028,0.098870,0.039225,36.388947,177.374100,-582.034363,0,0
2.120000,0.690036,1.281383,-0.457111,0.961311,0.207069,-0.181669,0.125959,0.256089,0.958412,0.244980,-0.944214,0.220099,0.609328,0.136637,0.025976,0.780625,0.011597,0.110081,0.068598,-0.000883,0.015724,0.026480,0.181669,-0.958412,-0.220099,0.000000,0.000000,0.000000,-1,0.184418,-0.941162,-0.189911,-0.011190,0.123425,0.060347,33.927856,178.780441,-581.028809,0,0
2.160000,0.693149,1.284752,-0.454644,0.960291,0.212925,-0.180289,0.123908,0.253497,0.959368,0.249976,-0.943611,0.217047,0.610276,0.137984,0.028547,0.779557,0.010679,0.145020,0.079117,0.002313,0.018221,0.032553,0.180289,-0.959368,-0.217047,0.000000,0.000000,0.000000,-1,0.181870,-0.942612,-0.190125,-0.008905,0.167987,0.068685,34.455231,178.956223,-581.531555,0,0
2.200000,0.696117,1.287400,-0.452218,0.959227,0.218481,-0.179303,0.122183,0.251511,0.960111,0.254863,-0.942872,0.214562,0.610973,0.139394,0.030918,0.778669,0.019329,0.181089,0.085305,0.004657,0.015592,0.027504,0.179303,-0.960111,-0.214562,0.000000,0.000000,0.000000,-1,0.189529,-0.937027,-0.179657,-0.003471,0.196671,0.078124,34.982605,177.022522,-580.693604,0,0
2.240000,0.701665,1.291157,-0.449358,0.957447,0.227053,-0.178161,0.119895,0.248609,0.961155,0.262526,-0.941616,0.210807,0.611970,0.141734,0.034464,0.777313,0.022645,0.203501,0.103300,0.011368,0.024128,0.031150,0.178161,-0.961155,-0.210807,0.000000,0.000000,0.000000,-1,0.186310,-0.934265,-0.178436,0.015854,0.227628,0.104491,33.927856,176.670929,-581.364014,0,0
2.280000,0.709956,1.297225,-0.445625,0.954820,0.239391,-0.176098,0.116450,0.243788,0.962812,0.273419,-0.939819,0.204896,0.613624,0.144975,0.039650,0.775162,0.039877,0.240837,0.131782,0.006839,0.028120,0.027284,0.176098,-0.962812,-0.204896,0.000000,0.000000,0.000000,-1,0.186584,-0.937576,-0.178513,0.015993,0.256421,0.125688,33.224686,178.428848,-580.693604,0,0
2.320000,0.713664,1.300951,-0.441206,0.952997,0.247679,-0.174507,0.113839,0.241054,0.963812,0.280782,-0.938375,0.201528,0.614495,0.147079,0.043237,0.773883,0.034666,0.267417,0.142370,0.012077,0.026236,0.023016,0.174507,-0.963812,-0.201528,0.000000,0.000000,0.000000,-1,0.192215,-0.945541,-0.193848,0.010827,0.299946,0.136218,33.927856,178.428848,-579.688110,0,0
2.360000,0.718084,1.305391,-0.433305,0.950051,0.260037,-0.172579,0.110133,0.238060,0.964986,0.292017,-0.935793,0.197530,0.615317,0.150398,0.048527,0.772276,0.042239,0.300302,0.160264,0.020521,0.014806,-0.000681,0.172579,-0.964986,-0.197530,0.000000,0.000000,0.000000,-1,0.200684,-0.958008,-0.206909,0.017275,0.301210,0.158535,33.224686,177.374100,-580.023315,0,0
2.400000,0.718443,1.310287,-0.418361,0.946290,0.275305,-0.169538,0.104642,0.235358,0.966259,0.305918,-0.932102,0.193909,0.615837,0.154240,0.055364,0.770642,0.037960,0.277210,0.182739,0.035235,0.004101,-0.007752,0.169538,-0.966259,-0.193909,0.000000,0.000000,0.000000,-1,0.204285,-0.961380,-0.197678,0.020450,0.280194,0.176700,32.697311,177.549896,-581.196411,0,0
2.440000,0.717973,1.313694,-0.409387,0.944157,0.283876,-0.167280,0.101215,0.233267,0.967131,0.313566,-0.930054,0.191508,0.616316,0.156207,0.059339,0.769567,0.044298,0.249800,0.196630,0.035875,0.013716,-0.000966,0.167280,-0.967131,-0.191508,0.000000,0.000000,0.000000,-1,0.172516,-0.940445,-0.178818,0.006538,0.244325,0.191857,33.224686,178.077271,-580.693604,0,0
2.480000,0.710339,1.319122,-0.391504,0.941763,0.294472,-0.162387,0.095023,0.230184,0.968497,0.322574,-0.927525,0.188797,0.617005,0.157817,0.064905,0.768235,-0.000502,0.228619,0.206606,0.004010,0.027091,0.007583,0.162387,-0.968497,-0.188797,0.000000,0.000000,0.000000,-1,0.155350,-0.941528,-0.180557,-0.050965,0.246408,0.186968,33.576279,178.077271,-579.017761,0,0
2.520000,0.689592,1.324603,-0.357564,0.938669,0.307991,-0.155056,0.085298,0.228299,0.969847,0.334103,-0.923591,0.188026,0.616916,0.159377,0.072557,0.767300,-0.031326,0.252908,0.198231,-0.004864,0.030776,0.011604,0.155056,-0.969847,-0.188026,0.000000,0.000000,0.000000,-1,0.148087,-0.935028,-0.169189,-0.049848,0.265453,0.184758,33.752060,176.143555,-578.850159,0,0
2.560000,0.678160,1.327994,-0.337820,0.936542,0.316446,-0.150833,0.079684,0.226835,0.970668,0.341378,-0.921091,0.187225,0.616945,0.160521,0.077213,0.766584,-0.003650,0.258109,0.188409,-0.008880,0.044948,0.019149,0.150833,-0.970668,-0.187225,0.000000,0.000000,0.000000,-1,0.107803,-0.860077,-0.181870,0.036349,0.258978,0.173460,32.697311,177.198303,-579.520508,0,0
2.600000,0.671418,1.334797,-0.320766,0.933712,0.327147,-0.145455,0.073720,0.221889,0.972281,0.350354,-0.918553,0.183063,0.618215,0.162107,0.082859,0.764634,0.136797,0.227339,0.185305,-0.037652,0.112204,0.001193,0.145455,-0.972281,-0.183063,0.000000,0.000000,0.000000,-1,0.057114,-0.873199,-0.242523,0.184209,0.206063,0.181035,33.400482,177.901474,-580.861206,0,0
2.640000,0.675746,1.349401,-0.315919,0.931214,0.337602,-0.137350,0.068225,0.208723,0.975592,0.358030,-0.917856,0.171333,0.622727,0.162923,0.088594,0.760143,0.247353,0.143925,0.215654,-0.089437,0.089926,-0.096794,0.137350,-0.975592,-0.171333,0.000000,0.000000,0.000000,-1,0.048386,-0.921082,-0.330017,0.212866,0.153355,0.208708,31.115189,177.022522,-578.347412,0,0
2.680000,0.663307,1.357425,-0.299074,0.930283,0.342889,-0.130384,0.062391,0.202356,0.977323,0.361497,-0.917322,0.166855,0.624714,0.162186,0.092488,0.758204,0.177097,0.170229,0.195869,-0.081998,0.056241,-0.163162,0.130384,-0.977323,-0.166855,0.000000,0.000000,0.000000,-1,0.098923,-1.006409,-0.369644,0.068125,0.229028,0.142432,30.763611,176.670929,-577.341858,0,0
2.720000,0.659670,1.363653,-0.286281,0.927397,0.352205,-0.126043,0.058077,0.197295,0.978622,0.369543,-0.914892,0.162515,0.626017,0.163846,0.097242,0.756176,0.016355,0.251035,0.111587,-0.027120,-0.027786,-0.207129,0.126043,-0.978622,-0.162515,0.000000,0.000000,0.000000,-1,0.144669,-1.019806,-0.322906,-0.021384,0.278012,0.054521,31.642563,177.549896,-578.850159,0,0
2.760000,0.666951,1.366251,-0.279393,0.922279,0.365533,-0.125650,0.056015,0.195246,0.979153,0.382446,-0.910091,0.159595,0.625987,0.168354,0.102556,0.754506,0.080099,0.299808,0.019245,0.030936,-0.008868,-0.111629,0.125650,-0.979153,-0.159596,0.000000,0.000000,0.000000,-1,0.159378,-0.974747,-0.235428,0.106336,0.303986,0.002297,32.873108,176.670929,-578.347412,0,0
2.800000,0.689598,1.370367,-0.293567,0.918914,0.373568,-0.126667,0.057610,0.190573,0.979981,0.390229,-0.907815,0.153599,0.627444,0.171800,0.105014,0.752178,0.232311,0.292277,0.009570,0.039395,0.010743,-0.063030,0.126667,-0.979981,-0.153599,0.000000,0.000000,0.000000,-1,0.191589,-0.944855,-0.199768,0.306546,0.315606,0.002832,31.290985,177.549896,-577.509460,0,0
2.840000,0.773671,1.386399,-0.361924,0.912229,0.389132,-0.128122,0.064921,0.171476,0.983047,0.404505,-0.905081,0.131163,0.634348,0.178945,0.108924,0.744122,0.374846,0.233077,0.024667,0.086936,0.094497,-0.097261,0.128122,-0.983047,-0.131163,0.000000,0.000000,0.000000,-1,0.222000,-0.874207,-0.243454,0.350948,0.198168,0.017842,32.345734,176.495132,-577.174316,0,1
2.880000,0.816777,1.394941,-0.401278,0.910524,0.393298,-0.127529,0.068335,0.161052,0.984577,0.407771,-0.905196,0.119766,0.638300,0.180806,0.109761,0.740159,0.357421,0.078733,0.056275,0.097172,0.118397,-0.158035,0.127529,-0.984577,-0.119766,0.000000,0.000000,0.000000,-1,0.221863,-0.875534,-0.308792,0.322841,0.027989,0.054919,30.763611,175.264603,-575.666016,0,0
2.920000,0.848103,1.402995,-0.434003,0.911049,0.392808,-0.125266,0.070231,0.151531,0.985954,0.406273,-0.907050,0.110465,0.642077,0.180290,0.109413,0.737063,0.271737,-0.110585,0.084282,0.097054,0.098808,-0.207147,0.125266,-0.985954,-0.110465,0.000000,0.000000,0.000000,-1,0.170013,-0.926910,-0.300674,0.135850,-0.209014,0.078564,31.818359,175.967758,-575.330811,0,0
2.960000,0.836554,1.403634,-0.431550,0.914773,0.384623,-0.123514,0.069595,0.151130,0.986061,0.397929,-0.910618,0.111482,0.642682,0.176689,0.106746,0.737798,0.059348,-0.267289,0.086503,0.046500,0.059151,-0.189193,0.123514,-0.986061,-0.111482,0.000000,0.000000,0.000000,-1,0.106430,-0.948517,-0.231323,-0.020791,-0.235621,0.061768,30.763611,176.670929,-575.666016,0,0
3.000000,0.798268,1.402281,-0.404327,0.919413,0.374504,-0.120111,0.065981,0.154195,0.985835,0.387720,-0.914314,0.117059,0.641903,0.171554,0.104225,0.740045,0.027564,-0.149303,0.017058,-0.021524,0.036799,-0.096335,0.120111,-0.985835,-0.117059,0.000000,0.000000,0.000000,-1,0.071259,-0.962296,-0.194458,0.041152,-0.110309,-0.015885,33.224686,176.319351,-576.671509,0,0
3.040000,0.809477,1.403885,-0.418921,0.920605,0.371512,-0.120271,0.067580,0.151771,0.986103,0.384602,-0.915939,0.114614,0.643082,0.170698,0.102760,0.739424,0.150063,-0.083150,-0.042733,-0.049012,0.023807,-0.079844,0.120271,-0.986103,-0.114614,0.000000,0.000000,0.000000,-1,0.111115,-0.973526,-0.256775,0.183808,-0.031865,-0.120622,31.994141,175.440384,-576.168762,0,0
3.080000,0.862135,1.405919,-0.473700,0.920806,0.369578,-0.124614,0.074874,0.146058,0.986439,0.382767,-0.917649,0.106820,0.645741,0.172070,0.099944,0.737171,0.220327,0.011061,-0.161882,-0.013499,0.012912,-0.149955,0.124614,-0.986439,-0.106820,0.000000,0.000000,0.000000,-1,0.213989,-0.998337,-0.293991,0.218924,0.039271,-0.215975,31.994141,175.791977,-576.168762,0,0
3.120000,0.954142,1.404117,-0.565759,0.919462,0.369147,-0.135351,0.088936,0.140057,0.986141,0.382988,-0.918757,0.095946,0.648741,0.176528,0.095430,0.734075,0.165906,0.027390,-0.229702,0.077891,-0.036503,-0.181016,0.135351,-0.986141,-0.095946,0.000000,0.000000,0.000000,-1,0.148514,-1.070526,-0.258652,0.104962,0.021363,-0.207567,31.642563,176.846725,-575.163208,0,0
3.160000,0.985382,1.401846,-0.597875,0.919174,0.368072,-0.140148,0.094648,0.138980,0.985762,0.382309,-0.919352,0.092909,0.649478,0.178112,0.093214,0.733325,0.070139,-0.050917,-0.109349,-0.017834,-0.106966,-0.159349,0.140148,-0.985762,-0.092909,0.000000,0.000000,0.000000,-1,0.089508,-1.159637,-0.252335,-0.011987,-0.054427,-0.044447,31.642563,176.846725,-575.498413,0,0
3.200000,0.987837,1.400761,-0.603032,0.920044,0.365463,-0.141269,0.095970,0.139371,0.985579,0.379881,-0.920333,0.093154,0.649523,0.177605,0.091841,0.733582,-0.043587,-0.068998,-0.005064,-0.036609,-0.168657,-0.160753,0.141269,-0.985579,-0.093154,0.000000,0.000000,0.000000,-1,0.118332,-1.133728,-0.242844,-0.067272,-0.036309,-0.033433,32.697311,175.088806,-577.174316,0,0
3.240000,0.978429,1.398165,-0.595400,0.920621,0.363522,-0.142509,0.096339,0.142217,0.985136,0.378386,-0.920666,0.095907,0.648555,0.177263,0.090924,0.734633,-0.067946,0.002705,-0.040299,-0.032706,-0.118257,-0.096873,0.142509,-0.985136,-0.095907,0.000000,0.000000,0.000000,-1,0.079590,-1.135574,-0.182571,-0.101071,0.066298,-0.048470,30.939392,176.495132,-573.822510,0,0
3.280000,0.973116,1.396043,-0.587190,0.919475,0.365936,-0.143724,0.096325,0.144743,0.984770,0.381165,-0.919315,0.097838,0.647475,0.178486,0.091680,0.735197,-0.074927,0.143750,-0.021598,-0.074266,-0.170748,-0.078584,0.143724,-0.984769,-0.097838,0.000000,0.000000,0.000000,-1,0.098434,-1.162720,-0.174271,-0.024037,0.146207,0.003900,33.576279,176.670929,-575.330811,0,0
3.320000,0.981553,1.397538,-0.590722,0.917660,0.370620,-0.143321,0.096016,0.143179,0.985028,0.385592,-0.917682,0.095804,0.647819,0.180080,0.093495,0.734276,0.089820,0.024302,0.007401,-0.024348,-0.118442,-0.107229,0.143321,-0.985028,-0.095804,0.000000,0.000000,0.000000,-1,0.122818,-1.028320,-0.203293,0.034021,0.015514,-0.039739,31.115189,177.022522,-576.336304,0,0
3.360000,0.968294,1.393788,-0.579376,0.918271,0.368415,-0.145080,0.096407,0.147349,0.984375,0.384036,-0.917910,0.099788,0.646362,0.179784,0.092423,0.735766,-0.104691,-0.116534,-0.106679,-0.020217,0.033401,-0.079762,0.145080,-0.984375,-0.099788,0.000000,0.000000,0.000000,-1,0.122528,-0.870453,-0.127197,-0.165865,-0.166416,-0.131255,32.873108,177.374100,-577.006714,0,0
3.400000,0.951760,1.387874,-0.569217,0.920395,0.361835,-0.148150,0.098041,0.153222,0.983316,0.378498,-0.919564,0.105550,0.644520,0.178380,0.089349,0.738100,-0.193645,-0.282043,-0.138394,-0.025622,0.112863,-0.021647,0.148150,-0.983316,-0.105550,0.000000,0.000000,0.000000,-1,0.125992,-0.805862,-0.017487,-0.247341,-0.324503,-0.161991,32.345734,177.198303,-577.844604,0,0
3.440000,0.916556,1.377600,-0.547010,0.924812,0.348584,-0.152351,0.099864,0.163981,0.981396,0.367082,-0.922821,0.116841,0.641091,0.174877,0.083736,0.742569,-0.280115,-0.361408,-0.132099,-0.026360,0.175533,0.099354,0.152351,-0.981396,-0.116841,0.000000,0.000000,0.000000,-1,0.152115,-0.731873,0.108109,-0.346143,-0.303773,-0.098448,34.103653,177.549896,-576.503906,0,0
3.480000,0.847724,1.363509,-0.492183,0.929874,0.333951,-0.154309,0.097254,0.181378,0.978593,0.354790,-0.924975,0.136180,0.634885,0.169797,0.078944,0.749572,-0.402080,-0.281055,-0.035576,0.009968,0.270600,0.297786,0.154308,-0.978593,-0.136180,0.000000,0.000000,0.000000,-1,0.185333,-0.740509,0.176575,-0.437498,-0.294588,-0.023201,31.994141,177.198303,-578.515015,0,0
3.520000,0.794954,1.355218,-0.448543,0.933432,0.324636,-0.152698,0.092764,0.192753,0.976853,0.346554,-0.925990,0.149807,0.630649,0.165464,0.076848,0.754319,-0.395833,-0.385261,0.035078,0.043317,0.208283,0.321148,0.152698,-0.976853,-0.149807,0.000000,0.000000,0.000000,-1,0.257568,-0.899796,0.121353,-0.253385,-0.370360,0.033182,31.642563,176.846725,-579.520508,0,0
3.560000,0.766492,1.352010,-0.435175,0.938644,0.310295,-0.150545,0.091500,0.196816,0.976162,0.332528,-0.930043,0.156348,0.629579,0.159549,0.072263,0.756936,0.310547,-0.122944,-0.104549,0.137587,-0.008427,0.168982,0.150545,-0.976162,-0.156348,0.000000,0.000000,0.000000,-1,0.290955,-1.047882,-0.135651,0.507524,-0.030758,-0.109287,33.224686,177.725677,-577.677063,0,0
3.600000,0.807984,1.358929,-0.478657,0.938815,0.309059,-0.152015,0.096855,0.186653,0.977640,0.330522,-0.932547,0.145298,0.633811,0.160109,0.070411,0.753453,0.714446,-0.051520,-0.047225,0.138940,-0.070242,0.009648,0.152015,-0.977640,-0.145298,0.000000,0.000000,0.000000,-1,0.276260,-1.015060,-0.244644,0.843573,-0.271134,0.017912,32.697311,176.846725,-577.844604,0,0
3.640000,0.959783,1.387737,-0.652573,0.944871,0.291527,-0.149102,0.110540,0.144634,0.983291,0.308221,-0.945565,0.104435,0.651115,0.154376,0.061095,0.740598,0.475997,-0.414440,-0.010991,0.037284,0.027786,-0.120189,0.149102,-0.983291,-0.104435,0.000000,0.000000,0.000000,-1,0.141525,-0.922318,-0.181503,0.128398,-0.465349,-0.037603,32.169937,176.319351,-577.341858,0,0
3.680000,0.967548,1.389623,-0.679235,0.950258,0.273849,-0.148381,0.113191,0.140193,0.983633,0.290169,-0.951500,0.102222,0.653422,0.148082,0.054248,0.740384,-0.103389,-0.444257,-0.039411,-0.021718,0.095892,-0.026288,0.148381,-0.983633,-0.102222,0.000000,0.000000,0.000000,-1,0.115936,-0.874603,-0.057800,-0.207842,-0.381731,-0.050223,31.466766,176.670929,-576.336304,0,0
3.720000,0.917961,1.383351,-0.642157,0.953873,0.261178,-0.148029,0.111609,0.149229,0.982484,0.278693,-0.953686,0.113196,0.650278,0.143318,0.050234,0.744362,-0.266675,-0.245841,-0.004799,-0.048099,0.097428,0.093131,0.148029,-0.982484,-0.113196,0.000000,0.000000,0.000000,-1,0.113434,-0.960342,-0.027557,-0.282774,-0.200166,-0.003449,32.169937,178.077271,-576.336304,0,0
3.760000,0.866245,1.377382,-0.596527,0.955865,0.254706,-0.146446,0.107979,0.159014,0.981354,0.273244,-0.953855,0.124493,0.646598,0.140228,0.049025,0.748227,-0.274789,-0.123862,0.026727,-0.023872,-0.008362,0.076977,0.146446,-0.981354,-0.124493,0.000000,0.000000,0.000000,-1,0.188141,-1.027084,-0.113297,-0.337764,-0.015483,-0.077222,31.466766,176.670929,-577.341858,0,0
3.800000,0.834984,1.370129,-0.565876,0.956033,0.253315,-0.147755,0.106868,0.168252,0.979934,0.273093,-0.952640,0.133783,0.643039,0.140032,0.048728,0.751344,-0.332132,0.030674,-0.100181,0.040386,-0.047150,0.020487,0.147755,-0.979934,-0.133783,0.000000,0.000000,0.000000,-1,0.229828,-1.041687,-0.153381,-0.351490,0.065592,-0.129620,33.576279,178.428848,-578.012207,0,0
3.840000,0.801598,1.355192,-0.530155,0.954973,0.253771,-0.153708,0.108181,0.184571,0.976847,0.276265,-0.949491,0.148807,0.636709,0.142118,0.048121,0.756365,-0.258885,-0.024617,-0.121848,0.089807,-0.064565,-0.011227,0.153708,-0.976847,-0.148807,0.000000,0.000000,0.000000,-1,0.264328,-1.013794,-0.200668,-0.238956,-0.039331,-0.134361,32.521530,177.022522,-577.677063,0,0
3.880000,0.793176,1.348658,-0.523468,0.955096,0.251286,-0.156994,0.110133,0.190813,0.975429,0.275068,-0.948918,0.154570,0.634372,0.142432,0.046532,0.758367,-0.136629,-0.090275,-0.118289,0.107334,-0.038365,-0.046098,0.156994,-0.975429,-0.154570,0.000000,0.000000,0.000000,-1,0.303909,-1.013809,-0.255997,-0.111519,-0.163124,-0.117840,32.521530,177.725677,-578.682556,0,0
3.920000,0.784628,1.342235,-0.521944,0.956535,0.243745,-0.160090,0.112963,0.196408,0.973993,0.268849,-0.949743,0.160337,0.632414,0.141011,0.042993,0.760474,-0.188133,-0.228930,-0.108847,0.153402,-0.043829,-0.096194,0.160090,-0.973993,-0.160337,0.000000,0.000000,0.000000,-1,0.316910,-1.056000,-0.232101,-0.446052,-0.204652,-0.148115,32.521530,178.780441,-580.693604,0,1
3.960000,0.755617,1.331097,-0.498871,0.957841,0.236718,-0.162802,0.113586,0.208476,0.971409,0.263891,-0.948948,0.172799,0.627807,0.139495,0.040255,0.764708,-0.531006,-0.213243,-0.137141,0.136057,-0.132045,-0.036872,0.162802,-0.971409,-0.172799,0.000000,0.000000,0.000000,-1,0.209335,-1.309372,-0.213074,-0.624963,-0.259200,-0.094322,32.873108,178.780441,-580.023315,0,0
4.000000,0.682959,1.310991,-0.436857,0.960909,0.224435,-0.162123,0.108690,0.232767,0.966440,0.254640,-0.946281,0.199274,0.618237,0.134707,0.037412,0.773458,-0.273912,-0.225095,0.075039,-0.038206,-0.401419,0.017542,0.162123,-0.966440,-0.199274,0.000000,0.000000,0.000000,-1,0.038300,-1.194183,-0.063110,-0.014163,-0.157237,0.062488,32.697311,179.659393,-581.531555,0,0
4.040000,0.674549,1.320487,-0.434574,0.963149,0.220024,-0.154702,0.104289,0.224679,0.968836,0.247925,-0.949268,0.193454,0.621494,0.130457,0.037500,0.771570,0.323489,0.079596,0.163012,-0.185723,0.056299,0.209872,0.154702,-0.968836,-0.193454,0.000000,0.000000,0.000000,-1,-0.049698,-0.815979,0.016205,0.317215,0.195241,0.158737,32.169937,179.132019,-580.693604,0,0
4.080000,0.692816,1.331662,-0.445963,0.961847,0.227956,-0.151285,0.102165,0.213696,0.971543,0.253798,-0.949932,0.182253,0.625679,0.131905,0.040961,0.767756,0.362553,0.332612,0.150042,-0.221735,0.303727,0.169741,0.151285,-0.971543,-0.182253,0.000000,0.000000,0.000000,-1,-0.100586,-0.569565,-0.103745,0.360273,0.385481,0.115077,32.169937,179.132019,-580.023315,0,0
4.120000,0.726290,1.343057,-0.468779,0.959280,0.239377,-0.149938,0.102005,0.201419,0.974179,0.263396,-0.949805,0.168800,0.630290,0.135407,0.045002,0.763135,0.434941,0.368151,0.100343,-0.250524,0.404614,0.065055,0.149938,-0.974179,-0.168800,0.000000,0.000000,0.000000,-1,-0.164734,-0.598938,-0.245926,0.441854,0.256197,0.109603,32.169937,178.428848,-579.352905,0,0
4.160000,0.771629,1.359343,-0.505002,0.957151,0.249886,-0.146351,0.101542,0.183682,0.977727,0.271203,-0.950693,0.150438,0.636991,0.137925,0.049001,0.756847,0.342053,0.213270,0.186869,-0.311085,0.378789,-0.095488,0.146351,-0.977727,-0.150438,0.000000,0.000000,0.000000,-1,-0.117584,-0.772705,-0.270966,-0.006322,0.487798,0.291184,32.697311,178.604645,-579.520508,0,0
4.200000,0.733927,1.365938,-0.434666,0.949657,0.282111,-0.136254,0.085665,0.184512,0.979090,0.301353,-0.941472,0.151056,0.635234,0.144740,0.064975,0.755848,-0.426135,0.997339,0.316661,-0.171792,0.123774,-0.110800,0.136254,-0.979090,-0.151056,0.000000,0.000000,0.000000,-1,0.222702,-1.055527,-0.233978,-0.507277,1.029015,0.279191,33.752060,177.901474,-577.844604,0,0
4.240000,0.690333,1.359945,-0.361688,0.941490,0.309571,-0.133276,0.074059,0.195751,0.977853,0.328804,-0.930509,0.161371,0.629358,0.152389,0.077669,0.758059,-0.457009,0.758818,0.179302,0.089426,-0.077674,-0.072607,0.133276,-0.977853,-0.161371,0.000000,0.000000,0.000000,-1,0.265244,-1.115906,-0.090897,-0.253000,0.452710,0.042878,32.169937,180.186768,-579.352905,0,0
4.280000,0.680750,1.356897,-0.332427,0.935266,0.327764,-0.133599,0.069272,0.200650,0.977211,0.347101,-0.923206,0.164956,0.626430,0.158452,0.085206,0.758431,0.182640,0.412354,0.064847,0.131645,-0.138695,0.074060,0.133599,-0.977211,-0.164956,0.000000,0.000000,0.000000,-1,0.225052,-0.974060,-0.126968,0.498499,0.395220,0.025547,33.576279,179.483597,-579.017761,0,0
4.320000,0.784945,1.375989,-0.421250,0.929122,0.343530,-0.136818,0.079154,0.176655,0.981085,0.361201,-0.922378,0.136942,0.635517,0.166276,0.088268,0.748786,0.601159,0.231609,-0.115630,0.039192,0.083502,-0.066244,0.136818,-0.981085,-0.136942,0.000000,0.000000,0.000000,-1,0.156754,-0.891174,-0.232864,0.527222,0.176483,-0.147503,32.521530,177.725677,-579.352905,0,0
