0.000000,0.356878,1.246700,-0.259515,0.990597,0.079631,-0.111251,0.081718,0.307789,0.947939,0.109727,-0.948117,0.298387,0.588307,0.068565,-0.000648,0.805725,-0.003559,0.009071,0.026518,-0.002288,0.013613,0.010530,0.111251,-0.947939,-0.298387,0.000000,0.000000,0.000000,-1,0.106049,-0.935013,-0.289795,-0.023355,0.009686,0.016125,32.873108,200.578644,-570.303162,0,0
0.040000,0.353381,1.247500,-0.255956,0.990719,0.079927,-0.109945,0.080431,0.307344,0.948194,0.109577,-0.948236,0.298063,0.588497,0.068121,-0.000156,0.805625,0.004972,-0.001625,0.026487,-0.003561,0.015347,0.006482,0.109945,-0.948193,-0.298063,0.000000,0.000000,0.000000,-1,0.105438,-0.939758,-0.296555,-0.021216,0.018099,0.009685,33.224686,200.930222,-568.962463,0,0
0.080000,0.350875,1.247923,-0.252827,0.990754,0.080695,-0.109060,0.079368,0.307205,0.948328,0.110029,-0.948216,0.297960,0.588555,0.067990,0.000412,0.805593,-0.000283,0.025864,0.021098,-0.002630,0.005625,-0.001173,0.109060,-0.948328,-0.297960,0.000000,0.000000,0.000000,-1,0.108841,-0.944183,-0.294434,-0.025411,0.039283,0.009638,33.576279,201.281815,-569.968018,0,0
0.120000,0.350174,1.248242,-0.251124,0.990702,0.081751,-0.108747,0.078770,0.307048,0.948429,0.110926,-0.948176,0.297753,0.588622,0.068177,0.000925,0.805528,0.006119,0.031149,0.019963,0.000094,0.004245,0.003320,0.108747,-0.948429,-0.297753,0.000000,0.000000,0.000000,-1,0.111267,-0.938110,-0.296356,-0.015833,0.041360,0.005294,31.466766,200.578644,-569.968018,0,0
0.160000,0.350718,1.249236,-0.249758,0.990555,0.083725,-0.108585,0.078117,0.306241,0.948744,0.112686,-0.948265,0.296808,0.588962,0.068698,0.001741,0.805233,0.021047,0.037510,0.020888,0.002438,0.012541,0.003717,0.108585,-0.948744,-0.296808,0.000000,0.000000,0.000000,-1,0.109680,-0.930008,-0.294632,-0.007307,0.042436,0.007355,31.994141,201.106018,-569.800415,0,0
0.200000,0.350894,1.249866,-0.248399,0.990437,0.085305,-0.108432,0.077554,0.305767,0.948942,0.114104,-0.948277,0.296228,0.589161,0.069106,0.002407,0.805052,0.012599,0.038542,0.020977,0.001630,0.019606,0.000406,0.108432,-0.948942,-0.296228,0.000000,0.000000,0.000000,-1,0.109848,-0.929733,-0.294006,-0.012596,0.053039,0.008421,33.400482,200.754425,-570.135559,0,0
0.240000,0.351068,1.250142,-0.247113,0.990314,0.086772,-0.108393,0.077097,0.305613,0.949029,0.115475,-0.948194,0.295963,0.589223,0.069527,0.003005,0.804967,0.008371,0.048085,0.022039,0.001455,0.019296,0.001957,0.108393,-0.949029,-0.295963,0.000000,0.000000,0.000000,-1,0.110947,-0.930725,-0.290176,-0.015773,0.059385,0.007357,33.048904,199.348099,-569.800415,0,0
0.280000,0.352155,1.250852,-0.245640,0.990076,0.089336,-0.108483,0.076482,0.305073,0.949253,0.117897,-0.948130,0.295212,0.589447,0.070328,0.003993,0.804730,0.016874,0.046985,0.017714,0.002800,0.016651,0.006303,0.108483,-0.949253,-0.295212,0.000000,0.000000,0.000000,-1,0.111542,-0.938034,-0.290192,-0.005151,0.057195,-0.000174,31.642563,200.402847,-569.130005,0,0
0.320000,0.354360,1.251776,-0.245862,0.989859,0.091303,-0.108829,0.076337,0.304204,0.949543,0.119803,-0.948221,0.294150,0.589810,0.071057,0.004651,0.804396,0.018984,0.043768,0.013447,0.002728,0.007557,0.001196,0.108829,-0.949543,-0.294150,0.000000,0.000000,0.000000,-1,0.109619,-0.944000,-0.293655,-0.010496,0.051881,-0.002244,33.224686,200.227051,-570.303162,0,0
0.360000,0.354979,1.252090,-0.245195,0.989731,0.092584,-0.108907,0.076062,0.303967,0.949641,0.121026,-0.948173,0.293803,0.589907,0.071471,0.005136,0.804286,0.007339,0.041689,0.012546,0.000025,0.003307,-0.007024,0.108907,-0.949641,-0.293803,0.000000,0.000000,0.000000,-1,0.111588,-0.947571,-0.299515,-0.020082,0.049775,-0.001096,32.873108,199.172302,-570.638306,0,0
0.400000,0.355206,1.252210,-0.243736,0.989570,0.094256,-0.108934,0.075590,0.303967,0.949679,0.122626,-0.948008,0.293671,0.589901,0.071981,0.005802,0.804240,0.003083,0.039612,0.016848,0.003569,0.003543,-0.002624,0.108934,-0.949679,-0.293671,0.000000,0.000000,0.000000,-1,0.114120,-0.944077,-0.294861,-0.025414,0.044510,0.002161,33.752060,199.699677,-568.459717,0,0
0.440000,0.355553,1.252271,-0.242375,0.989400,0.095938,-0.109016,0.075163,0.304013,0.949698,0.124254,-0.947825,0.293579,0.589874,0.072516,0.006458,0.804206,0.001972,0.023735,0.017979,0.004158,0.010611,-0.000366,0.109016,-0.949698,-0.293579,0.000000,0.000000,0.000000,-1,0.110657,-0.935654,-0.291672,-0.024391,0.030741,0.002205,31.994141,200.402847,-569.465210,0,0
0.480000,0.354910,1.251995,-0.240854,0.989326,0.096804,-0.108918,0.074763,0.304381,0.949612,0.125079,-0.947619,0.293895,0.589714,0.072733,0.006851,0.804301,-0.003378,0.017362,0.015912,0.003249,0.012005,-0.004125,0.108918,-0.949612,-0.293895,0.000000,0.000000,0.000000,-1,0.115051,-0.940430,-0.289062,-0.026543,0.023327,0.002249,34.279449,200.930222,-570.638306,0,0
0.520000,0.354199,1.252113,-0.239650,0.989301,0.097334,-0.108671,0.074370,0.304363,0.949649,0.125508,-0.947570,0.293868,0.589718,0.072790,0.007138,0.804290,-0.006540,-0.001540,0.020366,0.004794,0.008181,0.005293,0.108671,-0.949649,-0.293868,0.000000,0.000000,0.000000,-1,0.109634,-0.941498,-0.300842,-0.027658,0.002194,0.007664,32.169937,198.469131,-569.968018,0,0
0.560000,0.351025,1.252206,-0.236415,0.989387,0.097537,-0.107707,0.073364,0.304515,0.949678,0.125427,-0.947500,0.294128,0.589649,0.072459,0.007513,0.804368,0.011585,0.003791,0.024466,-0.001689,0.002428,-0.005540,0.107707,-0.949678,-0.294128,0.000000,0.000000,0.000000,-1,0.110352,-0.943939,-0.291428,-0.012726,0.006476,0.012858,31.994141,198.996506,-570.135559,0,0
0.600000,0.349770,1.252507,-0.235180,0.989431,0.097600,-0.107239,0.072921,0.304327,0.949772,0.125334,-0.947554,0.293994,0.589727,0.072288,0.007671,0.804325,0.011543,-0.011027,0.025587,0.003112,0.005833,0.002566,0.107239,-0.949772,-0.293994,0.000000,0.000000,0.000000,-1,0.102600,-0.939163,-0.293488,-0.012784,-0.009450,0.008657,32.169937,199.523895,-568.627258,0,0
0.640000,0.347320,1.253009,-0.233162,0.989553,0.097328,-0.106357,0.072197,0.304010,0.949929,0.124788,-0.947684,0.293808,0.589859,0.071850,0.007812,0.804265,0.006217,0.004684,0.006394,-0.003604,0.009759,-0.005921,0.106357,-0.949929,-0.293808,0.000000,0.000000,0.000000,-1,0.104538,-0.942215,-0.297165,-0.031937,0.010501,-0.010445,33.576279,201.281815,-569.632812,0,0
0.680000,0.346375,1.252564,-0.232160,0.989563,0.097378,-0.106223,0.071989,0.304494,0.949790,0.124833,-0.947524,0.294306,0.589653,0.071808,0.007890,0.804419,-0.006524,-0.003661,0.001310,0.000497,0.009971,-0.001593,0.106223,-0.949790,-0.294306,0.000000,0.000000,0.000000,-1,0.108322,-0.935440,-0.289948,-0.030900,0.003067,-0.012556,32.345734,200.402847,-570.470764,0,0
0.720000,0.346497,1.252444,-0.232525,0.989580,0.097120,-0.106297,0.072127,0.304578,0.949753,0.124616,-0.947523,0.294400,0.589619,0.071761,0.007767,0.804450,-0.001234,-0.014263,0.000242,0.001064,0.015289,0.007641,0.106297,-0.949753,-0.294400,0.000000,0.000000,0.000000,-1,0.101288,-0.928055,-0.280136,-0.024555,-0.010713,-0.013619,32.697311,198.996506,-569.800415,0,0
0.760000,0.345301,1.253019,-0.232248,0.989716,0.096321,-0.105760,0.071917,0.304067,0.949932,0.123656,-0.947769,0.294013,0.589838,0.071307,0.007585,0.804331,0.006192,-0.027984,0.005563,-0.007890,0.024319,0.017112,0.105760,-0.949932,-0.294013,0.000000,0.000000,0.000000,-1,0.096497,-0.920639,-0.279221,-0.016056,-0.021258,-0.008318,33.752060,200.402847,-569.465210,0,0
0.800000,0.343318,1.253833,-0.231585,0.989916,0.095181,-0.104917,0.071537,0.303362,0.950186,0.122267,-0.948110,0.293494,0.590140,0.070627,0.007350,0.804172,0.010481,-0.016355,0.003357,-0.005032,0.031012,0.008414,0.104917,-0.950186,-0.293494,0.000000,0.000000,0.000000,-1,0.099350,-0.925095,-0.285889,-0.019207,-0.004340,-0.011553,32.345734,199.348099,-569.465210,0,0
0.840000,0.342327,1.254092,-0.231064,0.989993,0.094783,-0.104543,0.071323,0.303159,0.950267,0.121763,-0.948214,0.293365,0.590226,0.070357,0.007294,0.804133,0.003093,-0.013027,0.000307,-0.002721,0.022517,0.006744,0.104543,-0.950267,-0.293365,0.000000,0.000000,0.000000,-1,0.104767,-0.932190,-0.289108,-0.024535,-0.002260,-0.015781,33.224686,200.227051,-570.303162,0,0
0.880000,0.342918,1.254000,-0.232066,0.990014,0.094342,-0.104746,0.071647,0.303173,0.950238,0.121403,-0.948254,0.293386,0.590224,0.070308,0.007056,0.804141,0.002020,-0.007820,-0.009293,0.000708,0.009778,0.001134,0.104746,-0.950238,-0.293386,0.000000,0.000000,0.000000,-1,0.108612,-0.953918,-0.296204,-0.023504,-0.005526,-0.025365,31.466766,200.578644,-570.973511,0,0
0.920000,0.344308,1.253813,-0.234176,0.990040,0.093551,-0.105213,0.072328,0.303194,0.950180,0.120791,-0.948326,0.293407,0.590220,0.070262,0.006598,0.804152,0.009400,-0.027985,-0.013537,0.006466,-0.008530,-0.004200,0.105213,-0.950180,-0.293408,0.000000,0.000000,0.000000,-1,0.111221,-0.956940,-0.294846,-0.011859,-0.026722,-0.026441,33.224686,198.820724,-569.632812,0,0
0.960000,0.345850,1.253885,-0.237488,0.990163,0.091743,-0.105643,0.073315,0.302886,0.950203,0.119172,-0.948601,0.293180,0.590359,0.069897,0.005729,0.804088,0.010385,-0.048177,-0.020928,0.001886,-0.001290,-0.001848,0.105643,-0.950203,-0.293181,0.000000,0.000000,0.000000,-1,0.106262,-0.945023,-0.290970,-0.017239,-0.034263,-0.040220,32.345734,201.809189,-570.135559,0,0
1.000000,0.347252,1.253193,-0.240751,0.990276,0.089771,-0.106277,0.074460,0.303284,0.949987,0.117513,-0.948662,0.293651,0.590199,0.069566,0.004759,0.804240,-0.022658,-0.051445,-0.031312,0.001801,0.007787,0.004695,0.106277,-0.949987,-0.293650,0.000000,0.000000,0.000000,-1,0.102600,-0.922073,-0.280746,-0.062038,-0.060730,-0.039774,31.642563,198.644928,-569.800415,0,0
1.040000,0.345920,1.251627,-0.242183,0.990517,0.086927,-0.106390,0.075251,0.304621,0.949496,0.114945,-0.948499,0.295191,0.589641,0.068761,0.003627,0.804725,-0.054569,-0.071272,-0.020228,-0.007773,0.026508,0.016672,0.106390,-0.949496,-0.295191,0.000000,0.000000,0.000000,-1,0.098618,-0.910187,-0.276718,-0.085428,-0.057458,-0.030016,33.048904,197.941757,-569.800415,0,0
1.080000,0.343396,1.250317,-0.241238,0.990691,0.085334,-0.106064,0.075260,0.305900,0.949084,0.113434,-0.948232,0.296630,0.589101,0.068152,0.003128,0.805174,-0.052286,-0.033006,-0.005473,-0.007446,0.038898,0.019912,0.106064,-0.949084,-0.296630,0.000000,0.000000,0.000000,-1,0.100006,-0.916306,-0.290863,-0.076719,-0.004385,-0.017499,34.455231,200.754425,-570.470764,0,0
1.120000,0.340843,1.248898,-0.238068,0.990674,0.085909,-0.105756,0.074608,0.307445,0.948637,0.114011,-0.947680,0.298168,0.588443,0.068195,0.003507,0.805650,-0.001980,0.042318,0.008770,-0.007108,0.018568,0.004452,0.105756,-0.948637,-0.298168,0.000000,0.000000,0.000000,-1,0.107071,-0.947754,-0.296127,-0.003011,0.062470,-0.002341,31.994141,200.754425,-570.135559,0,0
1.160000,0.342201,1.249890,-0.237368,0.990482,0.087991,-0.105845,0.074171,0.306582,0.948950,0.115949,-0.947769,0.297137,0.588804,0.068852,0.004290,0.805326,0.026826,0.043564,0.012880,0.002248,0.004263,-0.001187,0.105845,-0.948950,-0.297137,0.000000,0.000000,0.000000,-1,0.111877,-0.937775,-0.302872,0.006513,0.041305,-0.000205,31.818359,200.578644,-569.297607,0,0
1.200000,0.344703,1.250944,-0.238538,0.990320,0.089313,-0.106250,0.074293,0.305523,0.949282,0.117245,-0.947987,0.295930,0.589251,0.069413,0.004665,0.804949,0.052327,0.034996,0.003124,0.005200,0.003603,-0.007292,0.106250,-0.949282,-0.295930,0.000000,0.000000,0.000000,-1,0.112595,-0.957336,-0.304840,0.026698,0.035896,-0.012060,32.169937,201.281815,-568.962463,0,0
1.240000,0.346767,1.251829,-0.240074,0.990238,0.089840,-0.106575,0.074563,0.304592,0.949560,0.117770,-0.948236,0.294920,0.589645,0.069704,0.004747,0.804635,0.026673,0.002170,0.003445,0.006691,-0.013331,-0.008837,0.106575,-0.949560,-0.294920,0.000000,0.000000,0.000000,-1,0.112900,-0.950943,-0.295578,-0.015998,-0.001144,-0.009460,33.224686,200.227051,-569.968018,0,0
1.280000,0.346320,1.251330,-0.240387,0.990305,0.089054,-0.106604,0.074771,0.305029,0.949403,0.117066,-0.948170,0.295413,0.589462,0.069481,0.004437,0.804790,-0.028766,-0.021127,0.002895,0.005487,-0.002257,0.000308,0.106604,-0.949403,-0.295413,0.000000,0.000000,0.000000,-1,0.113678,-0.960785,-0.291367,-0.058640,-0.015991,-0.012269,32.873108,197.765976,-569.632812,0,0
1.320000,0.344586,1.250317,-0.239899,0.990439,0.087789,-0.106416,0.074850,0.306000,0.949085,0.115883,-0.947975,0.296503,0.589053,0.069026,0.004018,0.805131,-0.036274,-0.049604,0.000966,0.004072,-0.007428,0.006952,0.106416,-0.949085,-0.296503,0.000000,0.000000,0.000000,-1,0.098343,-0.938019,-0.294586,-0.061926,-0.045656,-0.013198,32.521530,199.523895,-569.632812,0,0
1.360000,0.340061,1.249173,-0.237302,0.990704,0.085954,-0.105436,0.074311,0.307248,0.948724,0.113942,-0.947740,0.298005,0.588526,0.068079,0.003613,0.805599,-0.038365,-0.041081,0.006278,-0.009397,0.013329,0.002808,0.105436,-0.948724,-0.298005,0.000000,0.000000,0.000000,-1,0.093842,-0.925644,-0.290695,-0.069286,-0.023313,-0.002571,32.345734,199.699677,-570.470764,0,0
1.400000,0.334028,1.248038,-0.232464,0.990947,0.084915,-0.103989,0.073072,0.308652,0.948364,0.112627,-0.947377,0.299653,0.587929,0.067179,0.003673,0.806110,-0.043616,-0.025105,0.015849,-0.009263,0.023880,0.016191,0.103989,-0.948364,-0.299653,0.000000,0.000000,0.000000,-1,0.089539,-0.914474,-0.289017,-0.067120,-0.014801,0.001641,33.048904,200.402847,-569.465210,0,0
1.440000,0.329591,1.247459,-0.228678,0.991111,0.084407,-0.102836,0.072027,0.309461,0.948180,0.111857,-0.947158,0.300631,0.587584,0.066558,0.003838,0.806412,-0.036162,-0.025107,0.015793,-0.013298,0.033706,0.011614,0.102836,-0.948180,-0.300631,0.000000,0.000000,0.000000,-1,0.095749,-0.920715,-0.300461,-0.058577,-0.006330,0.001543,32.169937,200.930222,-569.968018,0,0
1.480000,0.324696,1.245876,-0.223039,0.991145,0.085203,-0.101842,0.070612,0.311326,0.947676,0.112451,-0.946476,0.302552,0.586785,0.066385,0.004520,0.807004,-0.033874,0.036233,0.005961,0.001109,0.014266,0.001161,0.101842,-0.947676,-0.302552,0.000000,0.000000,0.000000,-1,0.108459,-0.932190,-0.306656,-0.055294,0.032749,-0.010347,33.224686,199.523895,-568.962463,0,0
1.520000,0.325714,1.244184,-0.222865,0.990977,0.086170,-0.102663,0.070913,0.312902,0.947135,0.113738,-0.945869,0.303968,0.586112,0.067002,0.004724,0.807441,-0.025396,0.026706,-0.011059,0.007383,0.005301,-0.004809,0.102663,-0.947135,-0.303968,0.000000,0.000000,0.000000,-1,0.111710,-0.942108,-0.309021,-0.041473,0.038952,-0.026457,33.048904,199.348099,-569.465210,0,0
1.560000,0.328614,1.243525,-0.225061,0.990820,0.086671,-0.103746,0.071739,0.313353,0.946923,0.114579,-0.945673,0.304259,0.585920,0.067590,0.004623,0.807532,0.013931,-0.003920,-0.000599,0.007583,0.008324,0.000670,0.103746,-0.946923,-0.304259,0.000000,0.000000,0.000000,-1,0.110611,-0.931915,-0.298111,-0.008552,-0.000126,-0.013782,33.224686,200.227051,-569.968018,0,0
1.600000,0.330114,1.243796,-0.226727,0.990799,0.086465,-0.104118,0.072203,0.312984,0.947010,0.114471,-0.945814,0.303861,0.586079,0.067682,0.004416,0.807410,0.012869,-0.003909,0.000472,0.006493,0.015095,0.005750,0.104118,-0.947010,-0.303861,0.000000,0.000000,0.000000,-1,0.105377,-0.923981,-0.296188,-0.019168,0.009419,-0.012671,31.642563,202.160767,-569.465210,0,0
1.640000,0.332768,1.243896,-0.228460,0.990647,0.087269,-0.104894,0.072724,0.312766,0.947042,0.115455,-0.945813,0.303494,0.586171,0.068237,0.004504,0.807296,0.009793,0.037432,-0.010273,0.002696,0.021337,0.007901,0.104894,-0.947042,-0.303494,0.000000,0.000000,0.000000,-1,0.109070,-0.926407,-0.290115,-0.012693,0.049536,-0.026720,33.752060,200.402847,-568.459717,0,0
1.680000,0.337339,1.244488,-0.231766,0.990421,0.088379,-0.106094,0.073629,0.311978,0.947232,0.116815,-0.945970,0.302482,0.586507,0.069056,0.004570,0.806982,0.019310,0.015189,-0.010265,0.003418,0.026395,0.006004,0.106094,-0.947232,-0.302482,0.000000,0.000000,0.000000,-1,0.110046,-0.928085,-0.297287,-0.007469,0.015652,-0.025568,33.048904,201.106018,-569.465210,0,0
1.720000,0.340418,1.244847,-0.234643,0.990324,0.088480,-0.106911,0.074447,0.311434,0.947347,0.117117,-0.946140,0.301833,0.586740,0.069420,0.004349,0.806782,0.013944,0.001421,-0.010173,-0.001427,0.019613,0.006896,0.106911,-0.947347,-0.301833,0.000000,0.000000,0.000000,-1,0.105133,-0.926849,-0.292252,-0.022403,0.004035,-0.022213,32.521530,200.578644,-568.627258,0,0
1.760000,0.341352,1.245023,-0.235813,0.990322,0.088223,-0.107137,0.074772,0.311184,0.947404,0.116922,-0.946246,0.301576,0.586848,0.069437,0.004168,0.806703,0.002218,-0.005960,-0.006859,-0.004797,0.023423,0.007371,0.107137,-0.947404,-0.301576,0.000000,0.000000,0.000000,-1,0.103516,-0.940781,-0.304916,-0.022393,0.007213,-0.022225,32.169937,200.227051,-570.638306,0,0
1.800000,0.342048,1.244958,-0.236350,0.990287,0.088344,-0.107368,0.074954,0.311204,0.947383,0.117109,-0.946228,0.301559,0.586840,0.069567,0.004150,0.806698,0.008703,0.024829,-0.015502,-0.003853,0.006602,-0.003357,0.107368,-0.947383,-0.301559,0.000000,0.000000,0.000000,-1,0.115784,-0.960480,-0.304672,-0.010590,0.045250,-0.032047,33.400482,200.402847,-570.135559,0,0
1.840000,0.349399,1.245249,-0.241731,0.989905,0.090002,-0.109487,0.076561,0.310528,0.947476,0.119273,-0.946294,0.300503,0.587127,0.070923,0.004167,0.806371,0.028944,0.038485,-0.027430,0.010843,-0.013080,0.002605,0.109487,-0.947476,-0.300503,0.000000,0.000000,0.000000,-1,0.116577,-0.953613,-0.298309,0.013775,0.010223,-0.039562,33.224686,200.227051,-570.303162,0,0
1.880000,0.355448,1.246609,-0.248048,0.989788,0.089620,-0.110855,0.078205,0.308789,0.947910,0.119183,-0.946899,0.298627,0.587871,0.071370,0.003542,0.805792,0.044704,-0.039806,-0.017674,0.002060,0.012668,0.004804,0.110855,-0.947910,-0.298627,0.000000,0.000000,0.000000,-1,0.115234,-0.929855,-0.288544,0.002973,-0.048997,-0.029668,32.169937,199.172302,-569.632812,0,0
1.920000,0.355945,1.246891,-0.250702,0.989972,0.087495,-0.110910,0.078958,0.308321,0.948000,0.117141,-0.947250,0.298321,0.588075,0.070762,0.002649,0.805701,-0.015076,-0.094826,-0.012744,0.002127,0.021349,0.010845,0.110910,-0.948000,-0.298321,0.000000,0.000000,0.000000,-1,0.109055,-0.917801,-0.299683,-0.055694,-0.090220,-0.021602,32.521530,201.281815,-569.968018,0,0
1.960000,0.352340,1.244952,-0.250413,0.990310,0.084158,-0.110468,0.079324,0.310125,0.947381,0.113989,-0.946964,0.300444,0.587312,0.069589,0.001499,0.806362,-0.038400,-0.061977,-0.011622,0.000097,0.034768,0.004622,0.110468,-0.947381,-0.300444,0.000000,0.000000,0.000000,-1,0.105270,-0.920166,-0.288849,-0.058762,-0.046814,-0.023871,32.345734,199.348099,-570.135559,0,0
2.000000,0.349576,1.244381,-0.250377,0.990603,0.081516,-0.109822,0.079447,0.310652,0.947198,0.111328,-0.947022,0.301257,0.587089,0.068543,0.000641,0.806615,0.008542,-0.050062,0.000794,-0.008336,0.027078,0.008150,0.109822,-0.947198,-0.301256,0.000000,0.000000,0.000000,-1,0.094482,-0.914108,-0.299469,-0.009723,-0.036127,-0.012573,32.521530,198.820724,-570.303162,0,0
2.040000,0.347111,1.244905,-0.249050,0.990782,0.080552,-0.108911,0.078912,0.310276,0.947366,0.110105,-0.947228,0.301059,0.587249,0.067886,0.000508,0.806554,0.023598,0.003910,-0.003784,-0.016824,0.031335,-0.004223,0.108911,-0.947366,-0.301059,0.000000,0.000000,0.000000,-1,0.089264,-0.936310,-0.318192,0.000012,0.024134,-0.024593,32.521530,200.227051,-568.627258,0,0
2.080000,0.347316,1.244999,-0.248177,0.990692,0.081620,-0.108942,0.078620,0.310258,0.947396,0.111126,-0.947142,0.300953,0.587256,0.068215,0.000930,0.806521,0.034379,0.064118,-0.021134,-0.005838,-0.007759,-0.017910,0.108942,-0.947396,-0.300953,0.000000,0.000000,0.000000,-1,0.117889,-0.978378,-0.298187,0.003318,0.076912,-0.043992,34.279449,199.172302,-568.627258,0,0
2.120000,0.354135,1.245822,-0.252951,0.990343,0.083438,-0.110721,0.079905,0.309124,0.947659,0.113297,-0.947354,0.299472,0.587739,0.069479,0.001096,0.806061,0.031098,0.024012,-0.023056,0.004742,-0.026050,0.004062,0.110721,-0.947659,-0.299472,0.000000,0.000000,0.000000,-1,0.113113,-0.953613,-0.291855,0.007416,0.015570,-0.034206,32.169937,201.984970,-568.962463,0,0
2.160000,0.356898,1.246769,-0.255778,0.990292,0.083358,-0.111235,0.080551,0.308029,0.947961,0.113283,-0.947718,0.298324,0.588205,0.069665,0.000871,0.805705,0.037419,-0.010803,-0.008060,0.001879,-0.005652,0.006469,0.111235,-0.947961,-0.298324,0.000000,0.000000,0.000000,-1,0.111893,-0.926147,-0.281219,0.005228,-0.021302,-0.012745,33.048904,200.051270,-570.805908,0,0
2.200000,0.353735,1.248093,-0.254698,0.990595,0.081572,-0.109856,0.079902,0.306901,0.948381,0.111076,-0.948239,0.297497,0.588684,0.068574,0.000518,0.805449,0.013969,-0.050689,0.030622,0.003975,0.033144,0.014721,0.109856,-0.948381,-0.297497,0.000000,0.000000,0.000000,-1,0.112534,-0.902664,-0.280914,-0.019229,-0.042124,0.025875,33.048904,201.457596,-571.476257,0,0
2.240000,0.348190,1.248564,-0.250664,0.990892,0.080359,-0.108052,0.078553,0.306788,0.948531,0.109372,-0.948379,0.297682,0.588732,0.067480,0.000560,0.805506,-0.026423,-0.032624,0.036193,0.003780,0.041914,0.015592,0.108052,-0.948531,-0.297682,0.000000,0.000000,0.000000,-1,0.111465,-0.918564,-0.287155,-0.070273,-0.016741,0.020849,31.818359,199.172302,-569.632812,0,0
2.280000,0.343929,1.247384,-0.246688,0.991007,0.080136,-0.107160,0.077606,0.308183,0.948157,0.109006,-0.947946,0.299192,0.588139,0.067051,0.000785,0.805975,-0.061467,-0.007206,0.024676,0.002810,0.029135,0.010115,0.107160,-0.948157,-0.299192,0.000000,0.000000,0.000000,-1,0.096252,-0.920731,-0.288025,-0.087269,0.008544,0.005971,32.345734,200.402847,-571.476257,0,0
2.320000,0.339581,1.246149,-0.241682,0.991047,0.080848,-0.106248,0.076342,0.309704,0.947763,0.109530,-0.947389,0.300760,0.587491,0.066891,0.001397,0.806460,-0.021997,0.029716,0.009319,-0.017518,0.023111,0.008157,0.106248,-0.947763,-0.300760,0.000000,0.000000,0.000000,-1,0.088409,-0.958405,-0.313171,-0.029702,0.069744,-0.017349,32.873108,201.281815,-569.632812,0,0
2.360000,0.337109,1.247160,-0.236870,0.990951,0.083379,-0.105187,0.074626,0.309136,0.948085,0.111568,-0.947356,0.300117,0.587728,0.067210,0.002714,0.806257,0.062198,0.066663,-0.002117,-0.008553,-0.011616,-0.015924,0.105187,-0.948085,-0.300117,0.000000,0.000000,0.000000,-1,0.111664,-0.964218,-0.309479,0.049137,0.062369,-0.012333,32.697311,200.051270,-569.800415,0,0
2.400000,0.340640,1.249939,-0.239093,0.990811,0.084808,-0.105365,0.074689,0.306408,0.948966,0.112765,-0.948115,0.297258,0.588885,0.067711,0.003141,0.805369,0.074845,0.006486,0.019316,0.007885,-0.011209,-0.013578,0.105365,-0.948965,-0.297258,0.000000,0.000000,0.000000,-1,0.114914,-0.948776,-0.301376,0.042614,0.001127,0.008188,32.873108,200.227051,-568.627258,0,0
2.440000,0.339987,1.252309,-0.239207,0.990952,0.084317,-0.104421,0.074191,0.304215,0.949710,0.111843,-0.948865,0.295207,0.589816,0.067185,0.003146,0.804732,0.041780,-0.035652,0.028281,0.011698,0.010226,-0.000219,0.104421,-0.949710,-0.295207,0.000000,0.000000,0.000000,-1,0.114471,-0.928497,-0.283768,-0.017107,-0.030632,0.008770,32.873108,200.227051,-569.297607,0,0
2.480000,0.339958,1.252495,-0.240512,0.991070,0.083015,-0.104353,0.074545,0.303945,0.949768,0.110562,-0.949066,0.295043,0.589933,0.066770,0.002631,0.804683,-0.017849,-0.018896,0.006303,0.008226,0.031586,0.014189,0.104353,-0.949768,-0.295043,0.000000,0.000000,0.000000,-1,0.105728,-0.920670,-0.278320,-0.042618,0.002001,-0.013526,32.697311,201.457596,-569.800415,0,0
2.520000,0.340532,1.252073,-0.240927,0.991030,0.083105,-0.104657,0.074767,0.304304,0.949636,0.110767,-0.948943,0.295361,0.589781,0.066920,0.002590,0.804782,-0.013516,0.015937,-0.006646,-0.004681,0.026235,0.017270,0.104657,-0.949636,-0.295361,0.000000,0.000000,0.000000,-1,0.097504,-0.924789,-0.279007,-0.035118,0.026261,-0.024329,31.994141,200.754425,-570.805908,0,0
2.560000,0.343261,1.252474,-0.242702,0.990885,0.083977,-0.105334,0.075216,0.303801,0.949762,0.111759,-0.949027,0.294715,0.589993,0.067455,0.002722,0.804581,0.012058,0.031710,-0.018622,-0.003879,0.028726,0.018546,0.105334,-0.949762,-0.294715,0.000000,0.000000,0.000000,-1,0.095795,-0.919113,-0.279770,0.007494,0.044137,-0.037510,32.521530,200.930222,-571.308716,0,0
2.600000,0.348384,1.253837,-0.246476,0.990663,0.085241,-0.106401,0.076046,0.302259,0.950188,0.113155,-0.949407,0.292955,0.590646,0.068267,0.002859,0.804033,0.041957,0.051885,-0.027416,-0.009828,0.028435,0.009019,0.106401,-0.950188,-0.292955,0.000000,0.000000,0.000000,-1,0.094421,-0.930069,-0.292007,0.016049,0.059983,-0.041897,33.224686,200.227051,-569.297607,0,0
2.640000,0.351530,1.254625,-0.248317,0.990484,0.086486,-0.107064,0.076418,0.301393,0.950433,0.114467,-0.949570,0.291915,0.591011,0.068909,0.003132,0.803709,0.032386,0.050887,-0.020944,-0.012642,0.020364,-0.000092,0.107064,-0.950433,-0.291915,0.000000,0.000000,0.000000,-1,0.109177,-0.954559,-0.301239,-0.004148,0.062205,-0.031095,31.642563,200.402847,-569.800415,0,0
2.680000,0.354345,1.254369,-0.248966,0.990208,0.088488,-0.107970,0.076674,0.301579,0.950353,0.116656,-0.949326,0.291841,0.590929,0.069874,0.003675,0.803684,0.003697,0.062642,-0.010111,0.003328,-0.008769,-0.008879,0.107970,-0.950353,-0.291841,0.000000,0.000000,0.000000,-1,0.113159,-0.964920,-0.301117,-0.026468,0.066545,-0.020285,34.455231,199.699677,-570.805908,0,0
2.720000,0.357076,1.253349,-0.249345,0.989893,0.090598,-0.109105,0.077027,0.302489,0.950035,0.119075,-0.948837,0.292454,0.590540,0.070963,0.004221,0.803871,-0.026188,0.028876,0.003029,0.007426,-0.011558,-0.007626,0.109105,-0.950035,-0.292454,0.000000,0.000000,0.000000,-1,0.121857,-0.961197,-0.299805,-0.059550,0.032760,-0.009249,32.345734,201.106018,-569.465210,0,0
2.760000,0.357364,1.251665,-0.248478,0.989734,0.091551,-0.109749,0.077158,0.304106,0.949508,0.120304,-0.948229,0.293920,0.589853,0.071505,0.004474,0.804326,-0.041085,0.019561,0.012802,0.012306,-0.005829,-0.003153,0.109749,-0.949508,-0.293920,0.000000,0.000000,0.000000,-1,0.120575,-0.942932,-0.296555,-0.068079,0.020151,0.001518,34.631027,200.227051,-569.297607,0,0
2.800000,0.355711,1.249714,-0.246565,0.989706,0.091670,-0.109908,0.077028,0.306049,0.948895,0.120622,-0.947592,0.295837,0.589029,0.071600,0.004548,0.804921,-0.031619,-0.016471,0.010729,0.007692,0.010723,-0.012375,0.109908,-0.948895,-0.295837,0.000000,0.000000,0.000000,-1,0.121552,-0.965775,-0.308502,-0.046914,-0.009658,-0.014514,33.576279,201.984970,-568.962463,0,0
2.840000,0.355923,1.248058,-0.247245,0.989697,0.091021,-0.110518,0.077621,0.307519,0.948371,0.120308,-0.947178,0.297286,0.588407,0.071652,0.004160,0.805373,-0.025270,-0.005087,-0.018129,0.017473,-0.023858,0.001311,0.110518,-0.948371,-0.297286,0.000000,0.000000,0.000000,-1,0.109146,-0.946487,-0.291962,-0.054429,-0.010933,-0.037889,32.169937,200.930222,-569.632812,0,0
2.880000,0.356532,1.247021,-0.249417,0.989792,0.089336,-0.111042,0.078531,0.308303,0.948041,0.118928,-0.947084,0.298141,0.588079,0.071362,0.003353,0.805642,-0.028636,-0.058093,-0.023231,-0.008854,0.006024,0.003036,0.111042,-0.948041,-0.298141,0.000000,0.000000,0.000000,-1,0.102768,-0.919403,-0.291428,-0.054543,-0.052200,-0.033472,32.521530,199.875473,-571.308716,0,0
2.920000,0.352546,1.245810,-0.248002,0.990104,0.086832,-0.110249,0.078377,0.309527,0.947655,0.116412,-0.946918,0.299658,0.587562,0.070294,0.002622,0.806116,-0.027500,-0.065188,0.002396,-0.008839,0.037178,0.012518,0.110249,-0.947655,-0.299658,0.000000,0.000000,0.000000,-1,0.099762,-0.893326,-0.275284,-0.042782,-0.065636,0.002708,34.455231,198.996506,-570.135559,0,0
2.960000,0.346858,1.245462,-0.244819,0.990476,0.084562,-0.108655,0.077471,0.310094,0.947544,0.113820,-0.946938,0.300590,0.587323,0.068971,0.002198,0.806406,-0.008242,-0.055424,0.027778,-0.010983,0.059849,0.029213,0.108655,-0.947544,-0.300590,0.000000,0.000000,0.000000,-1,0.094345,-0.870071,-0.277359,-0.027757,-0.035876,0.014199,33.224686,200.930222,-570.303162,0,0
3.000000,0.343634,1.246038,-0.242406,0.990654,0.083959,-0.107501,0.076592,0.309751,0.947728,0.112868,-0.947104,0.300425,0.587469,0.068323,0.002284,0.806354,0.012113,-0.015172,0.028534,-0.013156,0.077657,0.023066,0.107501,-0.947728,-0.300425,0.000000,0.000000,0.000000,-1,0.107651,-0.906921,-0.309464,-0.010615,0.000121,0.012866,33.400482,200.402847,-569.800415,0,0
3.040000,0.341227,1.246432,-0.239522,0.990693,0.084578,-0.106653,0.075609,0.309607,0.947854,0.113188,-0.947096,0.300331,0.587528,0.068161,0.002781,0.806324,-0.006931,0.029277,0.024254,0.005148,0.022362,-0.014656,0.106653,-0.947854,-0.300331,0.000000,0.000000,0.000000,-1,0.114716,-0.974442,-0.321716,-0.046700,0.041407,0.009795,32.873108,200.578644,-569.968018,0,0
3.080000,0.338849,1.244270,-0.235145,0.990536,0.086439,-0.106619,0.074731,0.311928,0.947162,0.115129,-0.946166,0.302516,0.586535,0.068696,0.003627,0.806997,-0.036783,0.034467,-0.002135,0.006174,-0.091961,-0.057653,0.106619,-0.947162,-0.302516,0.000000,0.000000,0.000000,-1,0.128967,-1.070938,-0.330658,-0.057413,0.042212,-0.017823,31.466766,199.523895,-570.303162,0,0
3.120000,0.340121,1.243021,-0.235271,0.990368,0.087387,-0.107399,0.075046,0.313068,0.946761,0.116358,-0.945702,0.303495,0.586047,0.069292,0.003822,0.807300,-0.031616,-0.001722,-0.021215,0.019234,-0.102952,-0.010699,0.107399,-0.946761,-0.303495,0.000000,0.000000,0.000000,-1,0.104477,-0.987915,-0.296463,-0.053425,-0.035244,-0.032479,33.752060,201.106018,-569.130005,0,0
3.160000,0.337847,1.243345,-0.235552,0.990662,0.084991,-0.106607,0.075062,0.312749,0.946865,0.113817,-0.946026,0.303449,0.586188,0.068260,0.003075,0.807289,0.020393,-0.085082,0.013851,-0.017343,0.028561,0.035688,0.106607,-0.946865,-0.303449,0.000000,0.000000,0.000000,-1,0.079147,-0.845291,-0.240158,0.014619,-0.115223,0.024821,33.400482,201.106018,-570.805908,0,0
3.200000,0.330639,1.245391,-0.232710,0.991280,0.081195,-0.103788,0.073726,0.311075,0.947521,0.109220,-0.946911,0.302376,0.586905,0.065991,0.002314,0.806959,0.050221,-0.105977,0.045657,-0.030881,0.112820,0.061471,0.103788,-0.947521,-0.302377,0.000000,0.000000,0.000000,-1,0.080902,-0.832138,-0.245209,0.017961,-0.070691,0.029955,33.224686,200.930222,-569.632812,0,0
3.240000,0.324600,1.246606,-0.228379,0.991613,0.079890,-0.101592,0.072117,0.310271,0.947909,0.107250,-0.947285,0.301907,0.587247,0.064712,0.002409,0.806813,-0.026173,-0.012695,0.040598,-0.017120,0.108737,0.047467,0.101592,-0.947909,-0.301907,0.000000,0.000000,0.000000,-1,0.087585,-0.844803,-0.283371,-0.080855,0.001306,0.025125,32.521530,198.469131,-569.968018,0,0
3.280000,0.316774,1.243141,-0.219877,0.991695,0.080572,-0.100249,0.070193,0.314076,0.946799,0.107772,-0.945973,0.305812,0.585621,0.064361,0.003211,0.808020,-0.110155,0.041243,0.030394,-0.008971,0.070899,-0.011907,0.100249,-0.946800,-0.305812,0.000000,0.000000,0.000000,-1,0.108521,-0.974365,-0.363510,-0.138087,0.123786,-0.017504,32.521530,199.523895,-568.962463,0,0
3.320000,0.318081,1.238515,-0.216368,0.991159,0.084830,-0.102017,0.070030,0.318595,0.945301,0.112692,-0.944088,0.309837,0.583680,0.066329,0.004572,0.809258,-0.050326,0.163487,-0.035513,0.012317,-0.078412,-0.066460,0.102017,-0.945301,-0.309837,0.000000,0.000000,0.000000,-1,0.144287,-1.075958,-0.344620,-0.034683,0.195437,-0.055860,33.400482,199.348099,-570.470764,0,0
3.360000,0.327190,1.238481,-0.220315,0.990452,0.089514,-0.104846,0.071294,0.318347,0.945289,0.117994,-0.943738,0.308926,0.583776,0.068865,0.005631,0.808969,0.046527,0.152852,-0.038355,0.039441,-0.130669,-0.035694,0.104846,-0.945289,-0.308926,0.000000,0.000000,0.000000,-1,0.110260,-0.960632,-0.285721,0.039603,0.106539,-0.046515,32.521530,201.984970,-569.297607,0,0
3.400000,0.335083,1.243484,-0.227082,0.990243,0.090780,-0.105724,0.072381,0.313245,0.946910,0.119078,-0.945323,0.303618,0.585956,0.069613,0.005698,0.807327,0.126970,-0.059454,0.026801,0.001316,0.016749,0.030837,0.105724,-0.946910,-0.303618,0.000000,0.000000,0.000000,-1,0.092941,-0.885086,-0.253555,0.088095,-0.113114,0.025309,32.345734,201.457596,-569.465210,0,0
3.440000,0.331283,1.248865,-0.227703,0.990868,0.087116,-0.102911,0.071424,0.308232,0.948626,0.114361,-0.947314,0.299195,0.588099,0.067395,0.004867,0.805962,0.092726,-0.113364,0.027297,-0.014822,0.072863,0.040284,0.102911,-0.948626,-0.299195,0.000000,0.000000,0.000000,-1,0.086075,-0.890976,-0.280075,0.040207,-0.078446,-0.006410,33.576279,200.227051,-569.632812,0,0
3.480000,0.330518,1.250385,-0.228889,0.991093,0.085368,-0.102214,0.071462,0.306742,0.949106,0.112377,-0.947957,0.297909,0.588736,0.066596,0.004315,0.805566,0.006633,-0.022720,-0.022444,-0.016139,0.058130,0.017834,0.102214,-0.949106,-0.297909,0.000000,0.000000,0.000000,-1,0.088348,-0.940430,-0.318695,-0.052184,0.039768,-0.053010,32.697311,200.402847,-568.794861,0,0
3.520000,0.333634,1.248690,-0.230807,0.990865,0.086251,-0.103668,0.072418,0.308170,0.948571,0.113762,-0.947413,0.299109,0.588130,0.067446,0.004291,0.805938,-0.016537,0.078775,-0.042884,-0.007156,-0.007301,-0.027963,0.103668,-0.948571,-0.299109,0.000000,0.000000,0.000000,-1,0.115234,-0.952850,-0.308121,-0.023234,0.112772,-0.062393,31.290985,200.402847,-569.465210,0,0
3.560000,0.347491,1.249137,-0.239708,0.990050,0.090608,-0.107659,0.075058,0.307102,0.948712,0.119023,-0.947353,0.297245,0.588580,0.070367,0.004827,0.805357,0.067622,0.090507,-0.036103,0.003731,0.003568,-0.002147,0.107659,-0.948712,-0.297245,0.000000,0.000000,0.000000,-1,0.104034,-0.916809,-0.281540,0.044858,0.081148,-0.043265,31.818359,201.281815,-569.632812,0,0
3.600000,0.354311,1.251634,-0.245028,0.989784,0.092067,-0.108861,0.076116,0.304399,0.949499,0.120555,-0.948085,0.294282,0.589725,0.071297,0.004957,0.804435,0.077009,0.003901,-0.009218,-0.004491,0.046148,0.021195,0.108861,-0.949499,-0.294282,0.000000,0.000000,0.000000,-1,0.109039,-0.881760,-0.253174,0.048920,-0.004416,-0.018473,33.576279,199.523895,-570.303162,0,0
3.640000,0.358379,1.254622,-0.249789,0.989812,0.091530,-0.109062,0.076863,0.301283,0.950432,0.119851,-0.949132,0.291178,0.591048,0.071226,0.004564,0.803473,0.058863,-0.011981,-0.009018,0.003426,0.062584,0.038828,0.109062,-0.950432,-0.291178,0.000000,0.000000,0.000000,-1,0.113007,-0.912094,-0.263046,0.039334,0.010237,-0.037630,34.103653,201.457596,-569.800415,0,0
3.680000,0.366187,1.257387,-0.257483,0.989656,0.091624,-0.110390,0.078509,0.298140,0.951288,0.120072,-0.950115,0.287863,0.592379,0.071800,0.004086,0.802443,0.097258,0.031179,-0.037178,0.004386,0.032465,0.014776,0.110390,-0.951288,-0.287863,0.000000,0.000000,0.000000,-1,0.115479,-0.945801,-0.288177,0.089485,0.061945,-0.057388,33.048904,200.402847,-569.465210,0,0
3.720000,0.381146,1.261405,-0.269692,0.989090,0.094200,-0.113261,0.081124,0.293473,0.952519,0.122966,-0.951315,0.282629,0.594346,0.073746,0.004082,0.800811,0.139011,0.114820,-0.047386,0.000737,-0.005656,-0.012583,0.113261,-0.952519,-0.282629,0.000000,0.000000,0.000000,-1,0.113541,-0.992233,-0.298401,0.092867,0.128620,-0.062991,33.927856,199.875473,-568.962463,0,0
3.760000,0.393581,1.263810,-0.278072,0.988415,0.098012,-0.115888,0.082951,0.290580,0.953248,0.127104,-0.951818,0.279083,0.595557,0.075964,0.004708,0.799699,0.036808,0.096037,-0.018825,0.001330,-0.035323,-0.016999,0.115888,-0.953248,-0.279083,0.000000,0.000000,0.000000,-1,0.121552,-0.953888,-0.292282,0.001284,0.069932,0.002924,32.873108,200.227051,-568.962463,0,0
3.800000,0.395197,1.264775,-0.277384,0.988170,0.100337,-0.115985,0.082499,0.289751,0.953540,0.129282,-0.951828,0.278046,0.595897,0.076706,0.005579,0.799370,0.040976,0.019251,0.038957,0.004254,0.000735,-0.009643,0.115985,-0.953540,-0.278046,0.000000,0.000000,0.000000,-1,0.113449,-0.962265,-0.269806,0.024590,0.005605,0.033879,33.927856,200.930222,-568.962463,0,0
3.840000,0.391923,1.267054,-0.274558,0.988380,0.100266,-0.114244,0.081091,0.287891,0.954224,0.128566,-0.952400,0.276415,0.596673,0.075987,0.006001,0.798856,0.059990,-0.053578,0.066781,-0.002214,-0.000259,0.011218,0.114244,-0.954224,-0.276415,0.000000,0.000000,0.000000,-1,0.102707,-0.932373,-0.260559,0.036111,-0.076794,0.057535,32.345734,200.402847,-568.124512,0,0
3.880000,0.380320,1.271159,-0.267459,0.989267,0.096670,-0.109574,0.078009,0.284679,0.955444,0.123556,-0.953736,0.274083,0.598019,0.073024,0.005845,0.798127,0.041761,-0.087564,0.056397,-0.015046,0.032302,0.016148,0.109574,-0.955444,-0.274082,0.000000,0.000000,0.000000,-1,0.089798,-0.916595,-0.259369,0.002062,-0.048425,0.032125,34.806824,201.457596,-568.124512,0,0
3.920000,0.372812,1.273074,-0.261882,0.989705,0.095225,-0.106846,0.075946,0.283342,0.956007,0.121310,-0.954280,0.273193,0.598576,0.071491,0.006041,0.797847,0.014229,-0.027255,0.039350,-0.015309,0.037779,0.008819,0.106846,-0.956007,-0.273193,0.000000,0.000000,0.000000,-1,0.108063,-0.929947,-0.261261,-0.018068,-0.004065,0.018266,33.224686,200.930222,-568.627258,0,0
3.960000,0.370744,1.273459,-0.259024,0.989694,0.096120,-0.106148,0.075042,0.283202,0.956120,0.121964,-0.954231,0.273070,0.598628,0.071481,0.006605,0.797804,-0.016500,0.044518,0.011621,0.005318,0.021336,0.012298,0.106148,-0.956120,-0.273070,0.000000,0.000000,0.000000,-1,0.115616,-0.931625,-0.265915,-0.041383,0.052898,-0.007335,32.521530,199.523895,-568.962463,0,0
4.000000,0.374884,1.272914,-0.261302,0.989391,0.097759,-0.107468,0.075821,0.283533,0.955960,0.123924,-0.953966,0.273113,0.598487,0.072508,0.006874,0.797815,0.016467,0.030753,0.012477,0.007675,0.013822,-0.004795,0.107468,-0.955960,-0.273113,0.000000,0.000000,0.000000,-1,0.122894,-0.964600,-0.295120,0.003270,0.024369,0.000949,33.048904,198.996506,-569.465210,0,0
4.040000,0.376618,1.272180,-0.262289,0.989251,0.098361,-0.108200,0.076283,0.284136,0.955745,0.124752,-0.953725,0.273579,0.598234,0.072983,0.006917,0.797961,0.034505,0.003333,0.018827,0.017121,-0.012593,-0.020702,0.108200,-0.955745,-0.273579,0.000000,0.000000,0.000000,-1,0.121170,-0.949280,-0.267395,0.008514,-0.003160,0.002076,32.873108,199.875473,-567.956909,0,0
4.080000,0.376544,1.273876,-0.263597,0.989436,0.097173,-0.107583,0.076232,0.282470,0.956242,0.123310,-0.954342,0.272079,0.598934,0.072381,0.006565,0.797494,0.044919,-0.064563,0.007281,0.007667,0.012822,0.011794,0.107583,-0.956242,-0.272079,0.000000,0.000000,0.000000,-1,0.107147,-0.935455,-0.249298,0.023206,-0.063653,-0.010595,33.400482,200.051270,-568.459717,0,0
4.120000,0.377593,1.276840,-0.266931,0.989712,0.095181,-0.106823,0.076426,0.279480,0.957105,0.120953,-0.955422,0.269330,0.600188,0.071481,0.005886,0.796637,0.031152,-0.028696,-0.008726,-0.015545,0.022596,0.017682,0.106823,-0.957105,-0.269330,0.000000,0.000000,0.000000,-1,0.080032,-0.932526,-0.257355,-0.022347,0.025188,-0.025489,32.873108,200.578644,-568.962463,0,0
4.160000,0.375611,1.277766,-0.264340,0.989730,0.095947,-0.105964,0.075470,0.278821,0.957373,0.121402,-0.955538,0.268717,0.600457,0.071370,0.006428,0.796440,-0.016517,0.054947,-0.012925,-0.026328,0.021292,0.011087,0.105964,-0.957373,-0.268717,0.000000,0.000000,0.000000,-1,0.091675,-0.929016,-0.248062,-0.040289,0.075002,-0.022340,32.697311,199.699677,-568.794861,0,0
4.200000,0.377475,1.278136,-0.263950,0.989474,0.098152,-0.106334,0.075268,0.278508,0.957480,0.123594,-0.955405,0.268189,0.600578,0.072189,0.007185,0.796268,0.026224,0.086966,0.008997,-0.014659,0.028464,0.020127,0.106334,-0.957480,-0.268189,0.000000,0.000000,0.000000,-1,0.114456,-0.924683,-0.247086,0.035435,0.092215,0.007902,33.400482,199.348099,-569.130005,0,0
4.240000,0.385505,1.284505,-0.268302,0.989082,0.102177,-0.106189,0.074862,0.272293,0.959298,0.126933,-0.956774,0.261671,0.603142,0.073382,0.008598,0.794205,0.186011,0.052647,0.080323,0.018506,0.032998,0.010664,0.106189,-0.959298,-0.261671,0.000000,0.000000,0.000000,-1,0.136795,-0.918488,-0.250351,0.205879,0.052694,0.089824,31.642563,199.699677,-569.800415,0,0
4.280000,0.397609,1.293402,-0.278014,0.988795,0.105076,-0.106039,0.075157,0.263335,0.961772,0.128983,-0.958965,0.252487,0.606830,0.074252,0.009452,0.791299,0.263830,0.045651,0.126606,0.040110,0.047908,0.013611,0.106039,-0.961772,-0.252487,0.000000,0.000000,0.000000,-1,0.145813,-0.906265,-0.220535,0.244280,0.049802,0.121496,33.048904,199.348099,-567.789307,0,0
4.320000,0.398567,1.305596,-0.277390,0.988952,0.107831,-0.101722,0.071776,0.252084,0.965040,0.129704,-0.961679,0.241559,0.611414,0.073439,0.011442,0.787813,0.257431,0.016284,0.157655,0.037866,0.044035,0.032788,0.101722,-0.965040,-0.241559,0.000000,0.000000,0.000000,-1,0.119690,-0.932236,-0.195496,0.222968,0.022516,0.148397,31.994141,200.402847,-567.789307,0,0
