0.000000,-1.203606,-0.172452,-0.132531,0.377010,0.111317,0.919495,0.130183,0.976528,-0.171599,-0.917015,0.184397,0.353669,-0.108182,-0.558088,-0.005733,0.822680,0.010955,-0.008395,0.004127,-0.001311,-0.000060,0.003633,-0.919495,0.171599,-0.353669,0.000000,0.000000,0.000000,-1,-0.921402,0.172577,-0.349335,-0.010662,0.002042,-0.008448,-1486.321167,2948.558838,-685.603943,0,0
0.040000,-1.203769,-0.172441,-0.132265,0.376830,0.111437,0.919555,0.129923,0.976564,-0.171588,-0.917126,0.184131,0.353520,-0.108104,-0.558170,-0.005618,0.822635,0.013107,0.000066,0.003013,-0.001176,-0.000262,0.002812,-0.919555,0.171588,-0.353520,0.000000,0.000000,0.000000,-1,-0.924316,0.171890,-0.354080,-0.020238,0.005212,-0.009450,-1486.145386,2949.437744,-684.765991,0,0
0.080000,-1.203960,-0.172406,-0.131988,0.376619,0.111545,0.919628,0.129654,0.976606,-0.171553,-0.917250,0.183843,0.353346,-0.108012,-0.558265,-0.005504,0.822583,0.008817,-0.007378,-0.000122,-0.007694,0.000795,0.000701,-0.919628,0.171553,-0.353346,0.000000,0.000000,0.000000,-1,-0.926315,0.171173,-0.353302,-0.019199,0.000926,-0.014769,-1485.442261,2948.734619,-685.771545,0,0
0.120000,-1.204280,-0.172343,-0.132084,0.376329,0.111510,0.919751,0.129750,0.976604,-0.171491,-0.917356,0.183875,0.353057,-0.108015,-0.558395,-0.005544,0.822495,-0.010354,-0.006345,-0.003173,-0.005267,0.002184,0.000807,-0.919751,0.171491,-0.353057,0.000000,0.000000,0.000000,-1,-0.919998,0.170273,-0.351974,-0.034104,0.004078,-0.017861,-1487.375977,2947.855713,-685.939087,0,0
0.160000,-1.204644,-0.172261,-0.132518,0.376034,0.111339,0.919893,0.130175,0.976562,-0.171410,-0.917416,0.184203,0.352727,-0.108103,-0.558525,-0.005726,0.822393,-0.009200,-0.001036,-0.003010,-0.001281,-0.001534,0.000600,-0.919892,0.171410,-0.352727,0.000000,0.000000,0.000000,-1,-0.926025,0.166031,-0.348450,-0.036220,0.005177,-0.013588,-1488.254883,2948.383057,-686.106689,0,0
0.200000,-1.205463,-0.171798,-0.133152,0.375296,0.110829,0.920255,0.130804,0.976558,-0.170954,-0.917629,0.184532,0.352002,-0.108094,-0.558851,-0.006074,0.822170,-0.007093,-0.007418,-0.005140,-0.007891,-0.008860,0.005124,-0.920255,0.170954,-0.352002,0.000000,0.000000,0.000000,-1,-0.927094,0.162659,-0.351639,-0.030928,-0.000179,-0.020001,-1486.321167,2948.207275,-685.268799,0,0
0.240000,-1.205940,-0.171257,-0.133390,0.374819,0.110334,0.920509,0.131050,0.976618,-0.170421,-0.917789,0.184509,0.351595,-0.107941,-0.559063,-0.006300,0.822045,-0.003906,-0.009549,-0.006228,-0.006447,-0.005763,-0.001554,-0.920509,0.170421,-0.351595,0.000000,0.000000,0.000000,-1,-0.926514,0.164795,-0.346558,-0.025596,-0.000151,-0.016846,-1486.672729,2947.504150,-686.274292,0,0
0.280000,-1.206747,-0.170735,-0.133545,0.374030,0.109949,0.920876,0.131212,0.976686,-0.169907,-0.918087,0.184380,0.350884,-0.107774,-0.559413,-0.006468,0.821827,0.000465,-0.011610,-0.001826,-0.003456,-0.005326,0.007088,-0.920876,0.169907,-0.350884,0.000000,0.000000,0.000000,-1,-0.927002,0.164047,-0.346817,-0.018153,-0.004380,-0.015823,-1487.375977,2946.801025,-684.598389,0,0
0.320000,-1.207754,-0.170005,-0.133343,0.372995,0.109543,0.921344,0.131031,0.976835,-0.169187,-0.918534,0.183831,0.350001,-0.107423,-0.559875,-0.006539,0.821558,0.010046,-0.012677,-0.001903,-0.009091,-0.004926,0.000590,-0.921344,0.169187,-0.350001,0.000000,0.000000,0.000000,-1,-0.928024,0.163483,-0.353455,-0.010689,-0.003293,-0.012689,-1488.254883,2948.383057,-685.436340,0,0
0.360000,-1.207905,-0.169623,-0.132889,0.372760,0.109391,0.921457,0.130597,0.976958,-0.168811,-0.918692,0.183265,0.349885,-0.107141,-0.559981,-0.006453,0.821523,0.012212,-0.006263,0.004445,-0.006262,-0.001803,-0.013076,-0.921457,0.168811,-0.349885,0.000000,0.000000,0.000000,-1,-0.923019,0.172134,-0.357483,-0.010648,0.004190,-0.005260,-1487.375977,2949.261963,-685.939087,0,0
0.400000,-1.207689,-0.169723,-0.132107,0.372884,0.109735,0.921366,0.129830,0.977043,-0.168909,-0.918750,0.182605,0.350077,-0.106962,-0.559929,-0.006115,0.821585,0.021821,-0.000927,0.008613,0.001505,0.003393,0.000209,-0.921366,0.168909,-0.350077,0.000000,0.000000,0.000000,-1,-0.922089,0.170654,-0.340424,-0.004241,0.009494,-0.004264,-1486.672729,2948.558838,-686.274292,0,0
0.440000,-1.207551,-0.169812,-0.130967,0.372897,0.110216,0.921304,0.128715,0.977176,-0.168997,-0.918902,0.181604,0.350199,-0.106679,-0.559929,-0.005629,0.821625,0.020831,0.011899,0.017254,-0.002891,-0.003851,-0.006902,-0.921304,0.168997,-0.350199,0.000000,0.000000,0.000000,-1,-0.925003,0.165833,-0.361038,0.004324,0.018044,0.004160,-1487.375977,2948.910400,-684.933594,0,0
0.480000,-1.206867,-0.169799,-0.129712,0.373385,0.110548,0.921066,0.127489,0.977339,-0.168984,-0.918874,0.180521,0.350830,-0.106321,-0.559715,-0.005153,0.821820,0.045290,0.003403,0.014965,-0.010239,0.003410,-0.011368,-0.921066,0.168984,-0.350830,0.000000,0.000000,0.000000,-1,-0.928665,0.174713,-0.349487,-0.001067,0.001040,-0.002126,-1486.321167,2948.207275,-684.263245,0,0
0.520000,-1.206990,-0.170353,-0.128722,0.373228,0.111446,0.921022,0.126509,0.977372,-0.169530,-0.919074,0.179790,0.350684,-0.106270,-0.559790,-0.004582,0.821779,0.005853,-0.005111,0.009981,0.001283,0.010188,-0.005395,-0.921022,0.169530,-0.350684,0.000000,0.000000,0.000000,-1,-0.920074,0.183380,-0.355499,-0.022342,0.008449,-0.003054,-1487.200195,2947.679932,-684.765991,0,0
0.560000,-1.206794,-0.171226,-0.128483,0.373484,0.112298,0.920814,0.126257,0.977254,-0.170391,-0.919004,0.179897,0.350811,-0.106559,-0.559678,-0.004246,0.821820,0.003732,0.000168,0.007853,0.000358,0.014744,-0.002995,-0.920814,0.170391,-0.350753,0.000000,0.000000,0.000000,-1,-0.917221,0.178055,-0.348206,-0.035123,0.010531,-0.007224,-1487.200195,2949.437744,-685.771545,0,0
0.600000,-1.206830,-0.172462,-0.128726,0.373624,0.113343,0.920629,0.126466,0.977014,-0.171609,-0.918918,0.180546,0.350702,-0.107131,-0.559618,-0.003992,0.821788,-0.014359,0.006506,0.005848,0.003103,0.004325,0.005793,-0.920629,0.171609,-0.350702,0.000000,0.000000,0.000000,-1,-0.922424,0.175217,-0.349594,-0.036156,0.021123,-0.007256,-1486.321167,2946.801025,-684.598389,0,0
0.640000,-1.206261,-0.173187,-0.129108,0.374277,0.113758,0.920313,0.126824,0.976842,-0.172323,-0.918604,0.181214,0.351182,-0.107532,-0.559326,-0.003974,0.821934,-0.016537,0.012921,0.005985,-0.002447,0.005457,-0.001952,-0.920313,0.172323,-0.351182,0.000000,0.000000,0.000000,-1,-0.922455,0.175888,-0.351440,-0.046813,0.017948,-0.007162,-1486.848511,2946.976807,-683.760498,0,0
0.680000,-1.205786,-0.174350,-0.130033,0.374957,0.114386,0.919958,0.127701,0.976525,-0.173468,-0.918205,0.182523,0.351547,-0.108264,-0.559022,-0.004049,0.822045,-0.030388,0.009759,0.007174,0.000967,0.010049,-0.000107,-0.919958,0.173468,-0.351547,0.000000,0.000000,0.000000,-1,-0.918884,0.183563,-0.349670,-0.055334,0.015842,-0.006022,-1485.793823,2946.625244,-684.095642,0,0
0.720000,-1.205882,-0.175365,-0.130875,0.375087,0.115014,0.919827,0.128501,0.976242,-0.174468,-0.918040,0.183639,0.351396,-0.108914,-0.558963,-0.004102,0.821998,-0.031466,0.008668,0.003996,0.000027,0.009736,0.006593,-0.919827,0.174468,-0.351396,0.000000,0.000000,0.000000,-1,-0.922562,0.179794,-0.353088,-0.061716,0.023198,-0.012392,-1485.969604,2948.207275,-684.933594,0,0
0.760000,-1.205648,-0.176192,-0.132250,0.375559,0.115209,0.919610,0.129824,0.975921,-0.175282,-0.917661,0.185216,0.351559,-0.109634,-0.558749,-0.004445,0.822046,-0.037954,0.016108,-0.000128,-0.004645,0.001491,-0.001819,-0.919610,0.175282,-0.351559,0.000000,0.000000,0.000000,-1,-0.925110,0.175949,-0.352524,-0.067043,0.022140,-0.012347,-1486.321167,2947.855713,-685.603943,0,0
0.800000,-1.205571,-0.176885,-0.134159,0.375934,0.115109,0.919469,0.131670,0.975551,-0.175965,-0.917244,0.187218,0.351587,-0.110450,-0.558576,-0.005037,0.822051,-0.037956,0.011909,0.004147,-0.003611,-0.001801,0.000909,-0.919469,0.175965,-0.351587,0.000000,0.000000,0.000000,-1,-0.921173,0.175049,-0.351456,-0.062770,0.024287,-0.009192,-1485.793823,2949.086182,-685.101196,0,0
0.840000,-1.205296,-0.177458,-0.135261,0.376384,0.115164,0.919278,0.132731,0.975305,-0.176528,-0.916906,0.188459,0.351803,-0.110990,-0.558372,-0.005342,0.822115,-0.042199,0.018254,0.003091,-0.001910,0.001603,0.001126,-0.919278,0.176528,-0.351803,0.000000,0.000000,0.000000,-1,-0.923538,0.179092,-0.353973,-0.058510,0.026385,-0.011364,-1487.375977,2949.261963,-684.263245,0,0
0.880000,-1.204852,-0.178123,-0.136592,0.377027,0.115185,0.919012,0.134014,0.975011,-0.177183,-0.916456,0.189963,0.352170,-0.111632,-0.558080,-0.005725,0.822224,-0.034746,0.020351,0.000895,-0.003504,0.000414,0.001721,-0.919012,0.177183,-0.352170,0.000000,0.000000,0.000000,-1,-0.922668,0.176270,-0.353912,-0.062770,0.029524,-0.015604,-1487.200195,2950.140869,-686.106689,0,0
0.920000,-1.204510,-0.178404,-0.137681,0.377501,0.114965,0.918845,0.135068,0.974815,-0.177460,-0.916106,0.191098,0.352466,-0.112049,-0.557864,-0.006112,0.822311,-0.040083,0.018203,-0.002252,-0.007226,-0.000809,-0.000470,-0.918845,0.177460,-0.352466,0.000000,0.000000,0.000000,-1,-0.921524,0.177216,-0.350922,-0.065983,0.023170,-0.015555,-1486.321167,2950.668457,-685.603943,0,0
0.960000,-1.204354,-0.178972,-0.139570,0.377933,0.114737,0.918696,0.136895,0.974459,-0.178018,-0.915656,0.193044,0.352573,-0.112807,-0.557663,-0.006736,0.822339,-0.029489,0.019332,-0.002236,-0.004705,-0.000604,0.002720,-0.918696,0.178018,-0.352573,0.000000,0.000000,0.000000,-1,-0.926132,0.175766,-0.352554,-0.047864,0.028471,-0.014650,-1487.551758,2949.437744,-684.765991,0,0
1.000000,-1.203960,-0.179087,-0.140570,0.378424,0.114387,0.918537,0.137867,0.974301,-0.178131,-0.915308,0.194045,0.352928,-0.113131,-0.557438,-0.007137,0.822443,-0.025231,0.017231,-0.000133,-0.006008,-0.002685,-0.001213,-0.918537,0.178131,-0.352928,0.000000,0.000000,0.000000,-1,-0.923950,0.174789,-0.353165,-0.053196,0.023206,-0.011393,-1486.848511,2947.679932,-686.441895,0,0
1.040000,-1.203572,-0.179436,-0.141792,0.378963,0.114167,0.918343,0.139049,0.974070,-0.178475,-0.914906,0.195329,0.353261,-0.113613,-0.557191,-0.007562,0.822541,-0.025240,0.008816,0.006288,-0.003563,-0.000725,-0.000880,-0.918343,0.178475,-0.353261,0.000000,0.000000,0.000000,-1,-0.922073,0.177979,-0.355301,-0.052155,0.012644,-0.008166,-1486.848511,2949.789307,-685.436340,0,0
1.080000,-1.203538,-0.179791,-0.142528,0.379125,0.114204,0.918271,0.139757,0.973905,-0.178824,-0.914731,0.196131,0.353270,-0.113962,-0.557115,-0.007766,0.822542,-0.026311,0.006698,0.006304,-0.005130,-0.001364,-0.000886,-0.918271,0.178824,-0.353270,0.000000,0.000000,0.000000,-1,-0.922592,0.177460,-0.353500,-0.041485,0.021104,-0.009345,-1487.375977,2949.613525,-684.598389,0,0
1.120000,-1.203299,-0.180099,-0.143226,0.379463,0.114172,0.918135,0.140428,0.973752,-0.179127,-0.914488,0.196904,0.353470,-0.114281,-0.556960,-0.007980,0.822600,-0.022144,0.010975,0.002067,-0.002763,-0.000721,0.001206,-0.918135,0.179127,-0.353470,0.000000,0.000000,0.000000,-1,-0.921677,0.177490,-0.355698,-0.047879,0.018988,-0.009288,-1487.375977,2949.261963,-683.928040,0,0
1.160000,-1.203055,-0.180390,-0.144015,0.379814,0.114089,0.918001,0.141189,0.973590,-0.179413,-0.914225,0.197755,0.353675,-0.114618,-0.556799,-0.008236,0.822660,-0.011521,-0.001687,0.007357,-0.008116,-0.004517,-0.006051,-0.918001,0.179413,-0.353675,0.000000,0.000000,0.000000,-1,-0.921387,0.172379,-0.356079,-0.034087,-0.000051,-0.006127,-1486.321167,2947.504150,-684.933594,0,0
1.200000,-1.203156,-0.180505,-0.143991,0.379735,0.114223,0.918017,0.141163,0.973572,-0.179527,-0.914262,0.197763,0.353575,-0.114659,-0.556835,-0.008187,0.822630,0.004503,0.011068,0.012509,0.003237,0.001763,0.001647,-0.918017,0.179527,-0.353576,0.000000,0.000000,0.000000,-1,-0.921387,0.181610,-0.348557,-0.018032,0.019108,0.004330,-1487.024292,2948.558838,-686.274292,0,0
1.240000,-1.202999,-0.180784,-0.143772,0.379890,0.114528,0.917915,0.140942,0.973554,-0.179801,-0.914231,0.197677,0.353701,-0.114711,-0.556768,-0.008027,0.822670,0.006645,0.011115,0.017819,-0.004174,0.000986,0.003237,-0.917915,0.179801,-0.353701,0.000000,0.000000,0.000000,-1,-0.922592,0.183258,-0.359360,-0.025472,0.024396,0.003302,-1487.903320,2949.086182,-686.441895,0,0
1.280000,-1.202109,-0.181470,-0.143020,0.380707,0.115262,0.917484,0.140192,0.973537,-0.180476,-0.914007,0.197332,0.354474,-0.114778,-0.556407,-0.007574,0.822909,0.011736,-0.004745,0.012576,-0.004483,-0.002619,-0.000629,-0.917484,0.180476,-0.354474,0.000000,0.000000,0.000000,-1,-0.919220,0.179367,-0.359955,-0.023417,0.003173,-0.000896,-1485.793823,2946.976807,-684.765991,0,0
1.320000,-1.202049,-0.181756,-0.142818,0.380801,0.115737,0.917385,0.139849,0.973514,-0.180869,-0.914020,0.197171,0.354529,-0.114846,-0.556368,-0.007325,0.822928,0.010692,0.000573,0.014694,0.002514,0.000360,0.000403,-0.917385,0.180869,-0.354529,0.000000,0.000000,0.000000,-1,-0.917374,0.183090,-0.354095,-0.014855,0.017999,-0.001018,-1488.254883,2949.086182,-685.101196,0,0
1.360000,-1.201738,-0.182207,-0.142254,0.381053,0.116149,0.917228,0.139428,0.973512,-0.181200,-0.913979,0.196934,0.354766,-0.114864,-0.556258,-0.007071,0.823002,0.008587,0.012184,0.010406,-0.000557,0.004438,0.002272,-0.917228,0.181200,-0.354766,0.000000,0.000000,0.000000,-1,-0.920212,0.183945,-0.357986,-0.011642,0.023304,0.000003,-1485.969604,2949.965088,-684.263245,0,0
1.400000,-1.200732,-0.182830,-0.141394,0.381953,0.116845,0.916765,0.138574,0.973520,-0.181813,-0.913733,0.196484,0.355648,-0.114876,-0.555859,-0.006599,0.823274,0.010601,0.019724,0.016804,-0.002073,0.002895,-0.003041,-0.916765,0.181813,-0.355648,0.000000,0.000000,0.000000,-1,-0.918182,0.183441,-0.359375,-0.015887,0.023354,0.005362,-1486.496948,2948.383057,-685.436340,0,0
1.440000,-1.199897,-0.183676,-0.140749,0.382749,0.117696,0.916325,0.137925,0.973457,-0.182645,-0.913499,0.196291,0.356357,-0.115039,-0.555507,-0.006141,0.823493,0.004222,0.017667,0.023254,0.001072,0.004534,0.001300,-0.916325,0.182645,-0.356357,0.000000,0.000000,0.000000,-1,-0.914505,0.189545,-0.353333,-0.028631,0.030811,0.009694,-1486.321167,2948.910400,-685.939087,0,0
1.480000,-1.199292,-0.184678,-0.140603,0.383414,0.118542,0.915938,0.137757,0.973295,-0.183630,-0.913245,0.196583,0.356845,-0.115406,-0.555211,-0.005832,0.823643,-0.006394,0.030358,0.021161,-0.000673,0.008508,0.006457,-0.915938,0.183630,-0.356845,0.000000,0.000000,0.000000,-1,-0.923141,0.190445,-0.356277,-0.033929,0.044522,0.003292,-1486.848511,2948.031494,-686.777100,0,0
1.520000,-1.198010,-0.185969,-0.140688,0.384760,0.119427,0.915258,0.137806,0.973048,-0.184899,-0.912672,0.197270,0.357932,-0.115953,-0.554607,-0.005577,0.823975,-0.005370,0.022883,0.014792,-0.008768,0.002159,-0.003686,-0.915258,0.184899,-0.357932,0.000000,0.000000,0.000000,-1,-0.919113,0.186890,-0.355591,-0.030779,0.030742,0.002254,-1487.727539,2947.855713,-684.933594,0,0
1.560000,-1.197385,-0.186524,-0.140718,0.385405,0.119794,0.914938,0.137822,0.972942,-0.185444,-0.912397,0.197570,0.358467,-0.116186,-0.554317,-0.005469,0.824138,-0.009722,0.024019,0.018052,-0.000864,0.000499,-0.000847,-0.914938,0.185444,-0.358467,0.000000,0.000000,0.000000,-1,-0.914474,0.190460,-0.355881,-0.037153,0.033941,0.004422,-1486.321167,2950.316895,-686.609497,0,0
1.600000,-1.196239,-0.187648,-0.140816,0.386606,0.120548,0.914333,0.137887,0.972721,-0.186549,-0.911879,0.198196,0.359438,-0.116669,-0.553777,-0.005258,0.824434,-0.005427,0.034629,0.020111,-0.001454,0.003240,-0.000410,-0.914333,0.186549,-0.359438,0.000000,0.000000,0.000000,-1,-0.916473,0.188217,-0.360046,-0.033933,0.042414,0.004365,-1486.848511,2949.086182,-685.101196,0,0
1.640000,-1.194357,-0.188612,-0.140800,0.388443,0.121053,0.913487,0.137847,0.972545,-0.187496,-0.911104,0.198753,0.361092,-0.117054,-0.552949,-0.005089,0.824936,-0.003308,0.035639,0.014765,-0.002773,0.000141,-0.002495,-0.913487,0.187496,-0.361092,0.000000,0.000000,0.000000,-1,-0.914261,0.188492,-0.360031,-0.023273,0.045598,0.005336,-1487.727539,2949.261963,-684.598389,0,0
1.680000,-1.193179,-0.189109,-0.140569,0.389552,0.121358,0.912974,0.137609,0.972484,-0.187984,-0.910666,0.198863,0.362133,-0.117190,-0.552449,-0.004923,0.825253,0.000977,0.039924,0.020042,-0.001623,-0.000484,-0.000843,-0.912974,0.187984,-0.362133,0.000000,0.000000,0.000000,-1,-0.915176,0.189163,-0.363800,-0.023268,0.045618,0.007467,-1485.969604,2949.261963,-684.933594,0,0
1.720000,-1.191552,-0.189945,-0.140189,0.391094,0.121937,0.912237,0.137217,0.972381,-0.188804,-0.910064,0.199015,0.363560,-0.117423,-0.551753,-0.004626,0.825687,0.002029,0.039977,0.023255,-0.001795,0.002480,-0.002452,-0.912237,0.188804,-0.363560,0.000000,0.000000,0.000000,-1,-0.916702,0.193481,-0.363708,-0.026445,0.048826,0.010675,-1485.969604,2950.316895,-686.274292,0,0
1.760000,-1.189717,-0.191112,-0.139779,0.392861,0.122787,0.911363,0.136788,0.972218,-0.189951,-0.909367,0.199288,0.365151,-0.117784,-0.550955,-0.004237,0.826170,0.005205,0.036768,0.020047,-0.005369,-0.000498,0.001076,-0.911363,0.189951,-0.365151,0.000000,0.000000,0.000000,-1,-0.913620,0.187897,-0.365906,-0.016889,0.043488,0.006360,-1486.496948,2948.383057,-686.777100,0,0
1.800000,-1.188629,-0.191473,-0.139361,0.393845,0.123060,0.910902,0.136371,0.972207,-0.190305,-0.909004,0.199172,0.366117,-0.117814,-0.550510,-0.004027,0.826464,0.006273,0.036778,0.021103,-0.003863,-0.001233,-0.000704,-0.910902,0.190305,-0.366117,0.000000,0.000000,0.000000,-1,-0.914505,0.189346,-0.366547,-0.015817,0.042468,0.010617,-1487.903320,2949.789307,-685.771545,0,0
1.840000,-1.187496,-0.191943,-0.138877,0.394874,0.123450,0.910403,0.135888,0.972184,-0.190767,-0.908630,0.199042,0.367115,-0.117872,-0.550044,-0.003761,0.826767,0.012662,0.033638,0.025325,-0.004102,-0.001421,0.000569,-0.910403,0.190767,-0.367115,0.000000,0.000000,0.000000,-1,-0.911499,0.194336,-0.367264,-0.013697,0.038241,0.011681,-1486.672729,2949.965088,-685.939087,0,0
1.880000,-1.185380,-0.193234,-0.137941,0.396843,0.124562,0.909396,0.134944,0.972066,-0.192033,-0.907913,0.198925,0.368948,-0.118139,-0.549153,-0.003137,0.827324,0.002010,0.035720,0.021140,-0.003141,0.002425,-0.001077,-0.909396,0.192033,-0.368948,0.000000,0.000000,0.000000,-1,-0.914261,0.194962,-0.370163,-0.022210,0.043499,0.007466,-1487.200195,2949.789307,-687.112244,0,0
1.920000,-1.184023,-0.194065,-0.137788,0.398159,0.125102,0.908746,0.134774,0.971928,-0.192850,-0.907362,0.199260,0.370121,-0.118437,-0.548555,-0.002922,0.827679,-0.007602,0.033551,0.014845,-0.005851,0.002738,-0.002468,-0.908746,0.192850,-0.370121,0.000000,0.000000,0.000000,-1,-0.911926,0.196869,-0.371277,-0.035026,0.039167,-0.003071,-1485.793823,2950.140869,-685.771545,0,0
1.960000,-1.183081,-0.194686,-0.137964,0.399112,0.125402,0.908286,0.134928,0.971786,-0.193458,-0.906920,0.199765,0.370932,-0.118738,-0.548120,-0.002877,0.827924,-0.014003,0.031415,0.012773,-0.004174,0.003563,-0.007990,-0.908286,0.193458,-0.370932,0.000000,0.000000,0.000000,-1,-0.909225,0.197647,-0.376892,-0.045653,0.042387,0.001260,-1486.321167,2949.261963,-684.933594,0,0
2.000000,-1.181049,-0.195867,-0.138380,0.401154,0.125890,0.907318,0.135301,0.971503,-0.194617,-0.905963,0.200832,0.372690,-0.119333,-0.547188,-0.002840,0.828454,-0.009728,0.032525,0.018063,-0.003631,0.000787,-0.000434,-0.907318,0.194617,-0.372690,0.000000,0.000000,0.000000,-1,-0.910934,0.193893,-0.373047,-0.030724,0.044561,0.007528,-1487.024292,2949.613525,-686.274292,0,0
2.040000,-1.179752,-0.196498,-0.138243,0.402391,0.126252,0.906720,0.135152,0.971399,-0.195236,-0.905436,0.201106,0.373820,-0.119554,-0.546623,-0.002685,0.828796,-0.003300,0.042095,0.022239,-0.000537,0.001221,-0.004263,-0.906720,0.195236,-0.373820,0.000000,0.000000,0.000000,-1,-0.911652,0.198990,-0.380264,-0.025391,0.047737,0.007475,-1489.309570,2949.437744,-685.771545,0,0
2.080000,-1.177921,-0.197484,-0.137988,0.404139,0.126871,0.905856,0.134877,0.971243,-0.196203,-0.904699,0.201473,0.375405,-0.119887,-0.545825,-0.002414,0.829275,-0.007585,0.033595,0.020170,-0.005078,0.002192,-0.002754,-0.905856,0.196203,-0.375405,0.000000,0.000000,0.000000,-1,-0.912720,0.193222,-0.375336,-0.037144,0.036069,0.005479,-1485.266357,2948.558838,-686.274292,0,0
2.120000,-1.176613,-0.198185,-0.138399,0.405462,0.127069,0.905237,0.135258,0.971051,-0.196890,-0.904050,0.202272,0.376537,-0.120285,-0.545218,-0.002467,0.829616,-0.017165,0.037794,0.015964,-0.005285,-0.006446,-0.004277,-0.905237,0.196890,-0.376537,0.000000,0.000000,0.000000,-1,-0.910461,0.194870,-0.377960,-0.039246,0.046642,0.003325,-1487.024292,2951.020020,-686.274292,0,0
2.160000,-1.175413,-0.198644,-0.138535,0.406620,0.127183,0.904701,0.135376,0.970943,-0.197340,-0.903512,0.202718,0.377587,-0.120509,-0.544687,-0.002468,0.829932,-0.009717,0.035674,0.015914,-0.003944,0.000612,-0.006019,-0.904701,0.197340,-0.377587,0.000000,0.000000,0.000000,-1,-0.908539,0.200623,-0.377579,-0.032866,0.041374,0.006492,-1486.496948,2949.437744,-686.441895,0,0
2.200000,-1.174097,-0.199668,-0.138641,0.407950,0.127789,0.904017,0.135451,0.970728,-0.198344,-0.902901,0.203365,0.378700,-0.120958,-0.544077,-0.002307,0.830268,-0.015000,0.038889,0.021246,-0.003851,0.003499,0.001594,-0.904017,0.198344,-0.378700,0.000000,0.000000,0.000000,-1,-0.908310,0.199020,-0.379822,-0.037122,0.041385,0.007590,-1485.793823,2950.140869,-685.436340,0,0
2.240000,-1.172562,-0.200830,-0.139022,0.409530,0.128361,0.903221,0.135789,0.970447,-0.199483,-0.902134,0.204342,0.379998,-0.121537,-0.543351,-0.002236,0.830659,-0.021405,0.037781,0.015973,-0.004021,0.000133,-0.001091,-0.903221,0.199483,-0.379998,0.000000,0.000000,0.000000,-1,-0.911880,0.202850,-0.382111,-0.046712,0.043456,0.002330,-1485.969604,2949.613525,-684.598389,0,0
2.280000,-1.171771,-0.201587,-0.139487,0.410398,0.128685,0.902781,0.136219,0.970234,-0.200225,-0.901675,0.205148,0.380653,-0.121974,-0.542951,-0.002267,0.830856,-0.021444,0.026120,0.014952,-0.008550,0.004869,-0.001824,-0.902781,0.200225,-0.380653,0.000000,0.000000,0.000000,-1,-0.909576,0.201782,-0.383514,-0.043559,0.030736,0.001288,-1486.672729,2950.668457,-686.274292,0,0
2.320000,-1.171192,-0.202190,-0.139905,0.411050,0.128933,0.902449,0.136608,0.970057,-0.200815,-0.901319,0.205827,0.381129,-0.122335,-0.542651,-0.002309,0.830999,-0.022533,0.018696,0.013923,-0.007128,0.000967,-0.002385,-0.902449,0.200815,-0.381129,0.000000,0.000000,0.000000,-1,-0.907471,0.200668,-0.388489,-0.048906,0.026461,-0.002916,-1486.672729,2949.613525,-685.268799,0,0
2.360000,-1.170071,-0.203260,-0.141105,0.412350,0.129163,0.901823,0.137742,0.969679,-0.201863,-0.900553,0.207457,0.382056,-0.123100,-0.542050,-0.002580,0.831277,-0.032138,0.014426,0.009751,-0.000902,-0.000951,-0.004907,-0.901823,0.201863,-0.382056,0.000000,0.000000,0.000000,-1,-0.902725,0.200912,-0.386963,-0.057442,0.021158,-0.003895,-1485.969604,2950.668457,-685.603943,0,0
2.400000,-1.169710,-0.203966,-0.141973,0.412877,0.129360,0.901553,0.138563,0.969418,-0.202554,-0.900185,0.208552,0.382326,-0.123625,-0.541806,-0.002768,0.831358,-0.039610,0.009123,0.008763,-0.001889,0.000220,-0.003508,-0.901553,0.202554,-0.382326,0.000000,0.000000,0.000000,-1,-0.901901,0.205154,-0.383804,-0.061710,0.024267,-0.011331,-1485.090576,2950.844238,-686.777100,0,0
2.440000,-1.169178,-0.204630,-0.143205,0.413600,0.129332,0.901226,0.139739,0.969113,-0.203205,-0.899671,0.209982,0.382752,-0.124232,-0.541471,-0.003129,0.831484,-0.033216,0.015429,0.003363,-0.004765,-0.002689,-0.007842,-0.901226,0.203205,-0.382752,0.000000,0.000000,0.000000,-1,-0.908676,0.199554,-0.392288,-0.052128,0.023216,-0.010336,-1485.969604,2949.613525,-686.609497,0,0
2.480000,-1.168580,-0.204747,-0.143928,0.414247,0.129012,0.900975,0.140436,0.968989,-0.203320,-0.899265,0.210753,0.383282,-0.124474,-0.541170,-0.003434,0.831643,-0.027896,0.014361,0.002258,-0.009166,-0.005871,-0.010532,-0.900975,0.203320,-0.383282,0.000000,0.000000,0.000000,-1,-0.907196,0.202896,-0.391022,-0.060697,0.012557,-0.017687,-1485.793823,2949.437744,-686.441895,0,0
2.520000,-1.168458,-0.205180,-0.145721,0.414643,0.128628,0.900847,0.142160,0.968648,-0.203743,-0.898811,0.212545,0.383358,-0.125137,-0.540982,-0.004068,0.831662,-0.048198,-0.002656,-0.006044,-0.001375,0.001335,-0.007252,-0.900847,0.203743,-0.383358,0.000000,0.000000,0.000000,-1,-0.906723,0.210449,-0.387344,-0.082048,-0.000216,-0.024931,-1484.563232,2949.613525,-686.274292,0,0
2.560000,-1.169187,-0.205972,-0.148218,0.414414,0.128456,0.900978,0.144554,0.968130,-0.204519,-0.898535,0.214996,0.382637,-0.126141,-0.541082,-0.004840,0.831442,-0.080164,-0.005875,-0.011109,-0.003838,0.005365,-0.004417,-0.900978,0.204519,-0.382637,0.000000,0.000000,0.000000,-1,-0.903229,0.204651,-0.390884,-0.106513,0.010352,-0.027977,-1485.266357,2948.207275,-686.944641,0,0
2.600000,-1.169291,-0.206631,-0.150604,0.414714,0.128076,0.900893,0.146843,0.967649,-0.205164,-0.898025,0.217375,0.382491,-0.127057,-0.540935,-0.005643,0.831393,-0.073727,0.010013,-0.011218,-0.002336,-0.000513,-0.008393,-0.900893,0.205164,-0.382491,0.000000,0.000000,0.000000,-1,-0.892792,0.203003,-0.388885,-0.096885,0.016803,-0.017422,-1485.618042,2948.910400,-686.274292,0,0
2.640000,-1.168278,-0.207605,-0.153193,0.416088,0.127646,0.900321,0.149318,0.967068,-0.206117,-0.896981,0.220197,0.383325,-0.128155,-0.540290,-0.006515,0.831637,-0.029968,0.024004,0.012891,0.008902,-0.006487,-0.003897,-0.900321,0.206117,-0.383325,0.000000,0.000000,0.000000,-1,-0.904495,0.199921,-0.387878,-0.037157,0.034971,0.001222,-1485.442261,2948.383057,-687.112244,0,0
2.680000,-1.167387,-0.207897,-0.153396,0.416953,0.127625,0.899923,0.149505,0.966978,-0.206403,-0.896548,0.220603,0.384104,-0.128327,-0.539889,-0.006576,0.831871,-0.006547,0.020841,0.014850,-0.004572,-0.006482,-0.003775,-0.899923,0.206403,-0.384104,0.000000,0.000000,0.000000,-1,-0.909668,0.195755,-0.387115,-0.020173,0.022208,-0.004188,-1484.914795,2949.261963,-685.939087,0,0
2.720000,-1.166734,-0.207486,-0.153277,0.417466,0.127164,0.899751,0.149403,0.967079,-0.206000,-0.896326,0.220424,0.384724,-0.128124,-0.539650,-0.006682,0.832056,-0.017280,-0.001477,0.006487,-0.016860,-0.007483,-0.004298,-0.899751,0.206000,-0.384724,0.000000,0.000000,0.000000,-1,-0.911804,0.201019,-0.392715,-0.042607,0.002040,-0.009265,-1486.672729,2948.207275,-686.609497,0,0
2.760000,-1.166755,-0.207399,-0.153583,0.417474,0.126965,0.899775,0.149701,0.967051,-0.205916,-0.896273,0.220662,0.384712,-0.128171,-0.539644,-0.006831,0.832051,-0.008759,-0.003567,0.009622,0.003443,-0.005034,-0.001976,-0.899775,0.205916,-0.384712,0.000000,0.000000,0.000000,-1,-0.891861,0.204651,-0.385635,-0.031873,0.020161,0.003368,-1487.727539,2951.020020,-687.614990,0,0
2.800000,-1.166197,-0.207879,-0.153500,0.418030,0.127303,0.899469,0.149606,0.966966,-0.206385,-0.896030,0.220841,0.385175,-0.128344,-0.539389,-0.006700,0.832191,0.001979,0.016665,0.021181,0.007120,-0.002406,-0.005847,-0.899469,0.206385,-0.385175,0.000000,0.000000,0.000000,-1,-0.900482,0.205551,-0.395538,-0.000918,0.038248,0.012648,-1486.321167,2951.020020,-684.933594,0,0
2.840000,-1.164270,-0.208442,-0.152067,0.419650,0.127979,0.898618,0.148202,0.967064,-0.206936,-0.895505,0.220018,0.386862,-0.128183,-0.538645,-0.006072,0.832703,0.034014,0.035853,0.034710,-0.004595,-0.001248,-0.006708,-0.898618,0.206936,-0.386862,0.000000,0.000000,0.000000,-1,-0.910919,0.206314,-0.391815,0.019282,0.020326,0.022146,-1485.266357,2949.965088,-685.603943,0,0
2.880000,-1.163392,-0.208918,-0.149579,0.420181,0.129253,0.898188,0.145782,0.967333,-0.207402,-0.895654,0.218086,0.387612,-0.127707,-0.538409,-0.004961,0.832935,0.033873,-0.006562,0.029541,-0.011511,-0.002140,-0.000800,-0.898188,0.207402,-0.387612,0.000000,0.000000,0.000000,-1,-0.902359,0.209549,-0.381393,-0.005280,0.002258,0.014947,-1484.211670,2949.261963,-686.609497,0,0
2.920000,-1.163824,-0.209708,-0.148603,0.419772,0.130459,0.898205,0.144813,0.967312,-0.208174,-0.896002,0.217457,0.387159,-0.127771,-0.538605,-0.004309,0.832803,0.003022,0.004014,0.027610,-0.005344,0.004518,0.004423,-0.898205,0.208174,-0.387159,0.000000,0.000000,0.000000,-1,-0.904587,0.216766,-0.384338,-0.012709,0.013871,0.010700,-1487.200195,2950.492676,-686.441895,0,0
2.960000,-1.163839,-0.210670,-0.148115,0.419823,0.131521,0.898026,0.144312,0.967184,-0.209115,-0.896060,0.217387,0.387066,-0.128036,-0.538585,-0.003840,0.832777,0.008326,0.001852,0.023318,-0.005721,0.010627,0.005032,-0.898026,0.209115,-0.387066,0.000000,0.000000,0.000000,-1,-0.900909,0.217361,-0.384750,-0.028718,0.005352,0.005529,-1486.496948,2950.492676,-686.777100,0,0
3.000000,-1.163841,-0.212666,-0.147878,0.420054,0.133394,0.897642,0.144021,0.966803,-0.211067,-0.895998,0.217938,0.386898,-0.128795,-0.538482,-0.003190,0.832730,-0.007621,0.012426,0.021276,0.001264,0.006707,0.004238,-0.897642,0.211067,-0.386898,0.000000,0.000000,0.000000,-1,-0.897293,0.213135,-0.383331,-0.028663,0.021269,0.008665,-1485.442261,2949.789307,-685.436340,0,0
3.040000,-1.163558,-0.213459,-0.147763,0.420397,0.134084,0.897378,0.143885,0.966654,-0.211842,-0.895859,0.218177,0.387086,-0.129090,-0.538324,-0.002942,0.832787,0.001985,0.018797,0.023309,-0.001700,0.002239,0.002244,-0.897378,0.211842,-0.387086,0.000000,0.000000,0.000000,-1,-0.906647,0.214127,-0.385254,-0.019059,0.026582,0.010701,-1485.793823,2948.734619,-686.106689,0,0
3.080000,-1.162999,-0.214504,-0.147169,0.420956,0.135140,0.896958,0.143277,0.966520,-0.212863,-0.895694,0.218120,0.387499,-0.129360,-0.538067,-0.002443,0.832913,0.001941,0.008164,0.019088,-0.010497,0.004194,-0.001050,-0.896958,0.212863,-0.387499,0.000000,0.000000,0.000000,-1,-0.904404,0.219650,-0.389862,-0.023385,0.009578,0.004407,-1485.969604,2950.668457,-684.933594,0,0
3.120000,-1.163111,-0.215153,-0.146927,0.420907,0.135842,0.896874,0.143024,0.966418,-0.213497,-0.895757,0.218137,0.387344,-0.129563,-0.538091,-0.002156,0.832867,0.004026,-0.003518,0.015921,-0.004493,0.005467,0.003494,-0.896874,0.213497,-0.387344,0.000000,0.000000,0.000000,-1,-0.904175,0.217865,-0.385071,-0.021286,0.002133,0.001222,-1486.145386,2950.492676,-686.106689,0,0
3.160000,-1.163481,-0.215818,-0.146705,0.420633,0.136607,0.896887,0.142788,0.966309,-0.214147,-0.895924,0.218142,0.386955,-0.129777,-0.538219,-0.001856,0.832751,0.004006,-0.007776,0.013809,-0.006250,0.005076,-0.000725,-0.896887,0.214147,-0.386955,0.000000,0.000000,0.000000,-1,-0.903854,0.221024,-0.387451,-0.028806,-0.021156,0.002433,-1486.145386,2950.492676,-685.771545,0,0
3.200000,-1.165711,-0.217020,-0.146743,0.418797,0.138144,0.897511,0.142787,0.966048,-0.215320,-0.896784,0.218328,0.384853,-0.130284,-0.539073,-0.001395,0.832121,-0.001390,-0.026892,0.008597,-0.005138,0.000668,0.005977,-0.897511,0.215320,-0.384853,0.000000,0.000000,0.000000,-1,-0.903366,0.218231,-0.378204,-0.027759,-0.018077,-0.008240,-1486.145386,2951.547363,-686.777100,0,0
3.240000,-1.166833,-0.217307,-0.147043,0.417869,0.138518,0.897885,0.143068,0.965944,-0.215601,-0.897172,0.218551,0.383821,-0.130484,-0.539503,-0.001367,0.831810,-0.016303,-0.021674,0.000171,-0.004810,0.005224,0.002107,-0.897885,0.215601,-0.383821,0.000000,0.000000,0.000000,-1,-0.896362,0.229279,-0.388107,-0.042653,-0.009650,-0.013482,-1485.618042,2950.668457,-686.609497,0,0
3.280000,-1.167533,-0.218299,-0.147663,0.417459,0.139293,0.897956,0.143636,0.965643,-0.216569,-0.897272,0.219387,0.383109,-0.131060,-0.539693,-0.001305,0.831597,-0.015157,-0.011144,0.004316,0.004447,0.013930,-0.001290,-0.897956,0.216569,-0.383109,0.000000,0.000000,0.000000,-1,-0.892670,0.231033,-0.382843,-0.031957,0.000998,-0.007213,-1486.848511,2952.250488,-687.112244,0,0
3.320000,-1.167650,-0.219982,-0.147840,0.417601,0.140740,0.897664,0.143752,0.965256,-0.218212,-0.897187,0.220167,0.382860,-0.131800,-0.539628,-0.000906,0.831522,-0.004441,0.005878,0.012699,0.004735,0.010335,0.004092,-0.897665,0.218212,-0.382860,0.000000,0.000000,0.000000,-1,-0.901199,0.218521,-0.377899,-0.023377,0.013794,0.002260,-1485.266357,2949.965088,-685.939087,0,0
3.360000,-1.167741,-0.220463,-0.147715,0.417565,0.141239,0.897603,0.143616,0.965170,-0.218681,-0.897225,0.220224,0.382737,-0.131964,-0.539645,-0.000715,0.831486,-0.001239,0.006954,0.014801,-0.006770,-0.000664,0.004991,-0.897603,0.218681,-0.382737,0.000000,0.000000,0.000000,-1,-0.906906,0.214828,-0.381180,-0.022323,0.013755,-0.002009,-1485.442261,2948.031494,-686.106689,0,0
3.400000,-1.167817,-0.220569,-0.147608,0.417496,0.141395,0.897610,0.143510,0.965162,-0.218785,-0.897275,0.220157,0.382660,-0.131979,-0.539677,-0.000636,0.831462,0.008345,0.010097,0.011517,-0.009296,-0.003956,0.001480,-0.897610,0.218785,-0.382660,0.000000,0.000000,0.000000,-1,-0.898163,0.236084,-0.375595,-0.011684,0.017910,-0.010630,-1484.739014,2949.437744,-686.106689,0,0
3.440000,-1.167553,-0.220965,-0.146748,0.417663,0.142048,0.897430,0.142667,0.965200,-0.219171,-0.897331,0.219573,0.382863,-0.131910,-0.539600,-0.000186,0.831524,0.018974,0.019463,-0.005640,-0.004258,0.012564,0.007299,-0.897430,0.219171,-0.382863,0.000000,0.000000,0.000000,-1,-0.909241,0.227982,-0.374878,-0.027672,0.020993,-0.021171,-1485.969604,2949.261963,-685.939087,0,0
3.480000,-1.168062,-0.221181,-0.147531,0.417346,0.142025,0.897581,0.143415,0.965041,-0.219382,-0.897360,0.220285,0.382387,-0.132210,-0.539747,-0.000418,0.831380,-0.038617,-0.000769,-0.017899,-0.013186,0.005868,0.012712,-0.897581,0.219382,-0.382387,0.000000,0.000000,0.000000,-1,-0.922501,0.220917,-0.396423,-0.087470,-0.021526,-0.038658,-1485.618042,2951.371582,-685.939087,0,0
3.520000,-1.169820,-0.220881,-0.149874,0.416060,0.141170,0.898312,0.145686,0.964767,-0.219089,-0.897591,0.222026,0.380835,-0.132720,-0.540341,-0.001359,0.830912,-0.024869,-0.027302,-0.023235,-0.006839,0.000561,0.001028,-0.898312,0.219089,-0.380835,0.000000,0.000000,0.000000,-1,-0.898224,0.221954,-0.358170,-0.029950,-0.015165,-0.036997,-1485.618042,2950.316895,-685.603943,0,0
3.560000,-1.172552,-0.220036,-0.151223,0.413682,0.140467,0.899520,0.147015,0.964752,-0.218265,-0.898473,0.222535,0.378450,-0.132740,-0.541438,-0.001972,0.830194,0.000735,-0.004080,-0.029912,0.002501,-0.006229,0.019442,-0.899520,0.218265,-0.378450,0.000000,0.000000,0.000000,-1,-0.905182,0.201813,-0.363983,-0.000063,0.011286,-0.039459,-1486.496948,2951.195801,-685.436340,0,0
3.600000,-1.173059,-0.218365,-0.150687,0.412926,0.139315,0.900046,0.146553,0.965190,-0.216634,-0.898896,0.221358,0.378135,-0.131910,-0.541786,-0.002180,0.830098,0.048707,0.001356,-0.013265,-0.005792,-0.015553,0.012733,-0.900047,0.216634,-0.378135,0.000000,0.000000,0.000000,-1,-0.910049,0.201813,-0.375916,0.042606,0.012620,-0.008900,-1486.145386,2950.492676,-685.771545,0,0
3.640000,-1.172944,-0.216423,-0.148097,0.412410,0.138629,0.900389,0.144114,0.965981,-0.214737,-0.899527,0.218319,0.378401,-0.130410,-0.542026,-0.001652,0.830180,0.090276,-0.003737,0.009861,-0.008440,-0.009034,0.003859,-0.900389,0.214737,-0.378401,0.000000,0.000000,0.000000,-1,-0.907715,0.203705,-0.367981,0.071324,0.000982,-0.006949,-1486.145386,2950.844238,-686.106689,0,0
3.680000,-1.172406,-0.214343,-0.143328,0.411961,0.138626,0.900595,0.139569,0.967097,-0.212706,-0.900449,0.213321,0.379058,-0.128263,-0.542236,-0.000284,0.830379,0.113756,0.018454,0.005331,-0.004892,0.002565,-0.000733,-0.900595,0.212706,-0.379058,0.000000,0.000000,0.000000,-1,-0.900681,0.215958,-0.387146,0.093752,0.025317,-0.009344,-1486.145386,2949.789307,-686.106689,0,0
3.720000,-1.170874,-0.213246,-0.139824,0.412715,0.138768,0.900228,0.136212,0.967811,-0.211633,-0.900618,0.209966,0.380528,-0.126862,-0.541887,0.000769,0.830821,0.124395,0.016325,0.004192,0.000631,0.006674,-0.009273,-0.900228,0.211633,-0.380528,0.000000,0.000000,0.000000,-1,-0.886871,0.211746,-0.381348,0.116158,0.033863,-0.001028,-1486.496948,2949.789307,-687.447388,0,0
3.760000,-1.168895,-0.212194,-0.135690,0.413792,0.139127,0.899677,0.132240,0.968586,-0.210605,-0.900716,0.206120,0.382395,-0.125311,-0.541387,0.002071,0.831380,0.152182,0.039750,0.017740,0.012806,0.001141,0.001047,-0.899677,0.210605,-0.382395,0.000000,0.000000,0.000000,-1,-0.918686,0.200989,-0.401291,0.141779,0.046675,0.010444,-1485.793823,2949.437744,-686.777100,0,0
3.800000,-1.164876,-0.208168,-0.124921,0.415445,0.139195,0.898905,0.121906,0.970787,-0.206667,-0.901412,0.195441,0.386340,-0.120746,-0.540602,0.005192,0.832552,0.208506,0.000581,0.020639,-0.015814,-0.012667,-0.004743,-0.898905,0.206667,-0.386340,0.000000,0.000000,0.000000,-1,-0.903778,0.191528,-0.381104,0.181056,0.011664,0.004944,-1484.563232,2947.504150,-687.279846,0,0
3.840000,-1.163628,-0.205596,-0.119025,0.415469,0.139110,0.898907,0.116244,0.972013,-0.204151,-0.902149,0.189311,0.387671,-0.118094,-0.540572,0.006863,0.832940,0.201116,0.021754,0.019547,-0.003269,-0.011173,0.003927,-0.898907,0.204151,-0.387671,0.000000,0.000000,0.000000,-1,-0.904953,0.212311,-0.415222,0.170501,0.031909,0.017734,-1486.672729,2949.965088,-686.274292,0,0
3.880000,-1.161035,-0.204071,-0.113020,0.416812,0.139764,0.898183,0.110439,0.973002,-0.202657,-0.902259,0.183665,0.390124,-0.115852,-0.539923,0.008794,0.833657,0.189431,0.015575,0.037771,-0.006770,0.009654,-0.025098,-0.898183,0.202657,-0.390124,0.000000,0.000000,0.000000,-1,-0.886261,0.212555,-0.401917,0.158771,0.018232,0.027464,-1484.563232,2948.558838,-686.274292,0,0
3.920000,-1.157758,-0.203588,-0.105310,0.418635,0.141963,0.896990,0.102944,0.973922,-0.202184,-0.902301,0.176981,0.393104,-0.113589,-0.539023,0.011689,0.834515,0.171316,0.009255,0.040074,0.009478,0.008387,-0.010872,-0.896990,0.202184,-0.393104,0.000000,0.000000,0.000000,-1,-0.894348,0.212433,-0.409393,0.130024,0.023475,0.021275,-1484.563232,2948.207275,-686.274292,0,0
3.960000,-1.154629,-0.202851,-0.097682,0.420302,0.143963,0.895891,0.095527,0.974827,-0.201463,-0.902342,0.170257,0.395969,-0.111250,-0.538181,0.014496,0.835329,0.114809,0.003764,0.017102,-0.008665,0.010893,-0.007992,-0.895891,0.201463,-0.395969,0.000000,0.000000,0.000000,-1,-0.904251,0.215881,-0.406296,0.038289,0.001931,-0.019480,-1485.969604,2950.316895,-684.933594,0,0
4.000000,-1.154179,-0.202333,-0.095584,0.420360,0.144306,0.895808,0.093492,0.975129,-0.200955,-0.902528,0.168225,0.396414,-0.110473,-0.538134,0.015206,0.835449,0.016704,-0.008274,-0.026830,-0.007771,0.013720,-0.006174,-0.895808,0.200955,-0.396414,0.000000,0.000000,0.000000,-1,-0.896454,0.208450,-0.394424,-0.032092,-0.002642,-0.057269,-1486.672729,2948.207275,-685.603943,0,0
4.040000,-1.154782,-0.200507,-0.097165,0.419886,0.142115,0.896381,0.095068,0.975343,-0.199166,-0.902584,0.168845,0.396022,-0.110136,-0.538385,0.014080,0.835352,-0.024807,0.010414,-0.058613,0.000416,-0.009988,-0.000386,-0.896381,0.199166,-0.396022,0.000000,0.000000,0.000000,-1,-0.902435,0.179413,-0.399796,-0.056553,0.020507,-0.074211,-1486.672729,2948.910400,-686.609497,0,0
4.080000,-1.154815,-0.197544,-0.099427,0.419912,0.138527,0.896930,0.097333,0.975709,-0.196261,-0.902330,0.169713,0.396229,-0.109515,-0.538416,0.012327,0.835441,-0.026938,0.009346,-0.059666,-0.007488,-0.021213,0.001530,-0.896930,0.196261,-0.396229,0.000000,0.000000,0.000000,-1,-0.910828,0.176712,-0.389984,-0.039531,0.009980,-0.066846,-1485.442261,2946.976807,-686.441895,0,0
4.120000,-1.155452,-0.195304,-0.100713,0.419313,0.136096,0.897583,0.098632,0.976018,-0.194065,-0.902468,0.169904,0.395833,-0.108928,-0.538719,0.011212,0.835339,-0.024806,-0.001131,-0.046867,-0.015061,-0.016071,0.003530,-0.897583,0.194065,-0.395833,0.000000,0.000000,0.000000,-1,-0.904526,0.176132,-0.391144,-0.054443,-0.006795,-0.048557,-1485.266357,2946.449463,-685.603943,0,0
4.160000,-1.156649,-0.192886,-0.102375,0.418236,0.133443,0.898483,0.100301,0.976316,-0.191692,-0.902784,0.170291,0.394946,-0.108367,-0.539243,0.009922,0.835090,0.001910,0.012823,-0.025829,-0.005570,-0.009579,0.006732,-0.898483,0.191692,-0.394946,0.000000,0.000000,0.000000,-1,-0.907883,0.191833,-0.390549,-0.027712,0.015608,-0.030738,-1485.618042,2948.207275,-686.609497,0,0
4.200000,-1.156977,-0.192380,-0.102782,0.417948,0.132877,0.898701,0.100708,0.976372,-0.191196,-0.902872,0.170416,0.394691,-0.108265,-0.539382,0.009631,0.835017,-0.005508,0.002322,-0.010837,-0.003872,-0.002658,0.008750,-0.898701,0.191196,-0.394691,0.000000,0.000000,0.000000,-1,-0.914932,0.188431,-0.392258,-0.006358,0.028391,-0.022429,-1486.321167,2949.965088,-686.609497,0,0
