0.000000,-1.989943,-1.416579,-1.823496,0.975683,0.168390,0.140310,0.148728,-0.038405,-0.988132,-0.161003,0.984972,-0.062515,-0.720521,-0.110031,0.007180,0.684610,0.002306,-0.006417,-0.001829,-0.004862,0.011792,0.002228,-0.140310,0.988132,0.062515,0.000000,0.000000,0.000000,-1,-0.138000,1.000671,0.063797,0.002065,-0.102833,0.004696,122.644211,294.060120,-755.184753,0,0
0.040000,-1.989980,-1.416762,-1.823491,0.975701,0.168425,0.140143,0.148554,-0.038359,-0.988160,-0.161055,0.984968,-0.062447,-0.720504,-0.109985,0.007256,0.684634,0.005515,0.003129,0.001285,0.002722,0.011352,0.000892,-0.140143,0.988160,0.062447,0.000000,0.000000,0.000000,-1,-0.138077,0.999832,0.059113,0.006338,-0.096466,0.008875,121.768188,293.885498,-755.351746,0,0
0.080000,-1.988700,-1.417129,-1.822278,0.975753,0.168335,0.139891,0.148249,-0.038088,-0.988216,-0.161023,0.984994,-0.062120,-0.720410,-0.109862,0.007333,0.684753,0.008716,0.001090,0.003407,-0.000993,0.014393,0.000029,-0.139891,0.988216,0.062120,0.000000,0.000000,0.000000,-1,-0.139816,0.999985,0.063309,0.008456,-0.101768,0.007812,122.644211,295.806335,-753.848755,0,0
0.120000,-1.987367,-1.417406,-1.820847,0.975764,0.168409,0.139723,0.148038,-0.037808,-0.988259,-0.161149,0.984992,-0.061823,-0.720312,-0.109830,0.007436,0.684860,0.010840,-0.001031,0.003394,-0.000108,0.011619,0.002050,-0.139723,0.988259,0.061823,0.000000,0.000000,0.000000,-1,-0.141815,0.998962,0.061295,0.009519,-0.101768,0.007800,122.293793,295.107849,-754.850769,0,0
0.160000,-1.985642,-1.417602,-1.818992,0.975756,0.168512,0.139653,0.147920,-0.037486,-0.988289,-0.161304,0.984987,-0.061504,-0.720199,-0.109842,0.007516,0.684976,0.009768,-0.005238,0.001306,-0.001171,0.012306,0.001530,-0.139653,0.988289,0.061504,0.000000,0.000000,0.000000,-1,-0.139755,0.999176,0.062439,0.010576,-0.104951,0.006739,123.870651,294.583984,-755.685791,0,0
0.200000,-1.984717,-1.417762,-1.817854,0.975735,0.168707,0.139564,0.147809,-0.037279,-0.988313,-0.161533,0.984961,-0.061311,-0.720126,-0.109882,0.007626,0.685045,0.009769,-0.003118,0.001297,-0.002205,0.012480,0.003661,-0.139564,0.988313,0.061311,0.000000,0.000000,0.000000,-1,-0.142410,0.998825,0.064011,0.009520,-0.100708,0.007796,123.870651,296.679443,-754.349731,0,0
0.240000,-1.983802,-1.417826,-1.816785,0.975712,0.168846,0.139563,0.147788,-0.037106,-0.988323,-0.161696,0.984944,-0.061158,-0.720065,-0.109932,0.007684,0.685100,0.007641,-0.004179,0.001325,0.000708,0.010487,0.001937,-0.139563,0.988323,0.061158,0.000000,0.000000,0.000000,-1,-0.141541,1.001129,0.064026,0.005262,-0.102830,0.006788,124.396271,296.155579,-755.184753,0,0
0.280000,-1.983262,-1.417914,-1.816103,0.975696,0.168976,0.139516,0.147729,-0.036984,-0.988336,-0.161845,0.984926,-0.061047,-0.720022,-0.109964,0.007753,0.685140,0.006574,-0.003121,0.000268,-0.004008,0.011176,0.001163,-0.139516,0.988336,0.061047,0.000000,0.000000,0.000000,-1,-0.139709,1.000107,0.060867,0.008443,-0.103894,0.004631,123.345032,295.806335,-753.848755,0,0
0.320000,-1.981471,-1.418088,-1.814178,0.975684,0.169085,0.139467,0.147633,-0.036658,-0.988363,-0.162005,0.984920,-0.060729,-0.719908,-0.109985,0.007826,0.685255,0.008698,0.000057,-0.000833,0.001040,0.012415,-0.000869,-0.139467,0.988363,0.060729,0.000000,0.000000,0.000000,-1,-0.137451,0.999359,0.058472,0.010575,-0.100711,0.005657,122.819412,293.885498,-753.681763,0,0
0.360000,-1.979220,-1.418536,-1.811886,0.975722,0.169089,0.139198,0.147286,-0.036214,-0.988431,-0.162092,0.984935,-0.060239,-0.719752,-0.109890,0.007952,0.685432,0.008714,-0.003059,0.002389,0.000770,0.010608,0.000659,-0.139198,0.988431,0.060239,0.000000,0.000000,0.000000,-1,-0.137695,0.999451,0.053513,0.011643,-0.106009,0.007796,121.592972,295.457092,-754.516724,0,0
0.400000,-1.977550,-1.418945,-1.809923,0.975716,0.169346,0.138927,0.146965,-0.035829,-0.988493,-0.162420,0.984905,-0.059847,-0.719616,-0.109889,0.008162,0.685573,0.008708,-0.007302,0.001346,0.001308,0.011751,-0.004701,-0.138927,0.988493,0.059847,0.000000,0.000000,0.000000,-1,-0.139862,0.998901,0.060867,0.008450,-0.104951,0.006763,122.819412,294.234741,-755.017761,0,0
0.440000,-1.976274,-1.419130,-1.808493,0.975706,0.169478,0.138835,0.146838,-0.035575,-0.988521,-0.162594,0.984892,-0.059597,-0.719527,-0.109904,0.008255,0.685663,0.006589,-0.002000,0.002409,-0.000539,0.011357,0.000767,-0.138835,0.988521,0.059597,0.000000,0.000000,0.000000,-1,-0.139938,0.998093,0.059464,0.006324,-0.099651,0.005699,122.994629,293.710876,-755.518738,0,0
0.480000,-1.975151,-1.419276,-1.807338,0.975713,0.169494,0.138769,0.146738,-0.035372,-0.988543,-0.162644,0.984896,-0.059384,-0.719456,-0.109886,0.008296,0.685740,0.004450,-0.004126,-0.000749,0.000143,0.012052,-0.000684,-0.138769,0.988543,0.059384,0.000000,0.000000,0.000000,-1,-0.138351,1.002106,0.052017,0.003135,-0.103890,0.006817,121.067352,295.282471,-754.683716,0,0
0.520000,-1.972431,-1.419581,-1.804466,0.975709,0.169609,0.138652,0.146546,-0.034880,-0.988589,-0.162837,0.984894,-0.058889,-0.719284,-0.109885,0.008406,0.685919,0.003407,-0.004062,0.002468,0.000591,0.012678,-0.008504,-0.138652,0.988589,0.058889,0.000000,0.000000,0.000000,-1,-0.136444,1.001999,0.053802,0.006324,-0.104951,0.006786,123.169830,295.282471,-754.015747,0,0
0.560000,-1.969862,-1.419963,-1.801755,0.975719,0.169711,0.138455,0.146272,-0.034397,-0.988646,-0.163022,0.984893,-0.058385,-0.719114,-0.109851,0.008541,0.686101,0.007656,-0.000885,0.000281,-0.000629,0.014085,-0.003728,-0.138455,0.988646,0.058385,0.000000,0.000000,0.000000,-1,-0.140350,1.001373,0.055191,0.005261,-0.099651,0.005710,123.520248,295.631714,-755.017761,0,0
0.600000,-1.968420,-1.420209,-1.800372,0.975753,0.169633,0.138315,0.146083,-0.034139,-0.988683,-0.162991,0.984916,-0.058092,-0.719024,-0.109772,0.008580,0.686207,0.004473,0.006536,0.000283,0.002466,0.007929,0.002028,-0.138315,0.988683,0.058092,0.000000,0.000000,0.000000,-1,-0.145126,0.997879,0.060699,0.002079,-0.094349,0.006785,123.695450,296.155579,-755.518738,0,0
0.640000,-1.968148,-1.420082,-1.800288,0.975766,0.169451,0.138446,0.146208,-0.034155,-0.988664,-0.162801,0.984947,-0.058103,-0.719031,-0.109751,0.008468,0.686205,-0.000842,-0.000832,0.001449,-0.008145,0.012099,-0.000699,-0.138446,0.988664,0.058103,0.000000,0.000000,0.000000,-1,-0.137436,1.000336,0.057785,0.001006,-0.101772,0.005767,122.293793,295.107849,-754.516724,0,0
0.680000,-1.968250,-1.420254,-1.800381,0.975788,0.169455,0.138283,0.146039,-0.034130,-0.988690,-0.162819,0.984947,-0.058051,-0.719022,-0.109696,0.008531,0.686223,0.004485,0.002351,0.003504,0.004433,0.011859,0.000497,-0.138283,0.988690,0.058051,0.000000,0.000000,0.000000,-1,-0.135605,0.999634,0.059647,0.005274,-0.097526,0.008892,121.943390,294.409363,-754.516724,0,0
0.720000,-1.968416,-1.420646,-1.800575,0.975847,0.169416,0.137917,0.145655,-0.034070,-0.988749,-0.162811,0.984956,-0.057924,-0.718999,-0.109552,0.008656,0.686268,0.005544,-0.001891,0.003513,-0.001503,0.012075,0.003112,-0.137917,0.988749,0.057924,0.000000,0.000000,0.000000,-1,-0.135635,0.999496,0.060822,0.007390,-0.106009,0.007843,123.169830,296.679443,-753.347717,0,0
0.760000,-1.969267,-1.420962,-1.801124,0.975844,0.169710,0.137579,0.145332,-0.034079,-0.988796,-0.163120,0.984905,-0.057920,-0.719000,-0.109542,0.008880,0.686266,0.004464,-0.011437,0.001442,0.000281,0.009312,0.004473,-0.137579,0.988796,0.057920,0.000000,0.000000,0.000000,-1,-0.141113,0.997803,0.059265,0.005241,-0.114497,0.003650,123.520248,295.282471,-754.015747,0,0
0.800000,-1.969057,-1.420668,-1.800357,0.975708,0.170260,0.137860,0.145642,-0.034034,-0.988752,-0.163653,0.984811,-0.058004,-0.718983,-0.109843,0.008968,0.686234,0.000180,-0.009330,-0.007031,-0.002109,0.009478,0.001597,-0.137860,0.988752,0.058004,0.000000,0.000000,0.000000,-1,-0.142700,0.997116,0.060547,-0.001145,-0.103902,-0.000582,123.345032,295.107849,-755.852783,0,0
0.840000,-1.969525,-1.420172,-1.800940,0.975664,0.170167,0.138284,0.146099,-0.034230,-0.988678,-0.163507,0.984820,-0.058258,-0.719054,-0.109959,0.008769,0.686144,-0.004045,0.006634,-0.002792,-0.005988,0.011689,0.003372,-0.138284,0.988678,0.058258,0.000000,0.000000,0.000000,-1,-0.142578,1.001114,0.059814,-0.002184,-0.092233,0.003631,123.345032,295.806335,-754.850769,0,0
0.880000,-1.969359,-1.419926,-1.801028,0.975673,0.169926,0.138518,0.146333,-0.034299,-0.988641,-0.163245,0.984860,-0.058330,-0.719080,-0.109953,0.008597,0.686120,0.000209,0.008754,-0.002850,-0.004182,0.013969,0.001622,-0.138518,0.988641,0.058330,0.000000,0.000000,0.000000,-1,-0.138336,1.000534,0.057648,0.003132,-0.086934,0.002485,123.695450,296.504822,-754.516724,0,0
0.920000,-1.967636,-1.419869,-1.799983,0.975769,0.169251,0.138670,0.146423,-0.034158,-0.988632,-0.162590,0.984981,-0.058113,-0.719034,-0.109756,0.008317,0.686203,0.001295,0.022541,0.000267,0.000334,0.011902,-0.000465,-0.138670,0.988632,0.058113,0.000000,0.000000,0.000000,-1,-0.134781,0.998260,0.060074,-0.000036,-0.074206,0.005654,123.520248,296.330200,-755.017761,0,0
0.960000,-1.968028,-1.420108,-1.801340,0.975967,0.168305,0.138430,0.146147,-0.034303,-0.988668,-0.161649,0.985138,-0.058076,-0.719087,-0.109323,0.008072,0.686219,-0.002964,0.019357,-0.000733,0.003023,0.011622,0.000914,-0.138430,0.988668,0.058076,0.000000,0.000000,0.000000,-1,-0.137756,0.997925,0.056839,-0.001121,-0.087994,0.002537,123.520248,295.282471,-755.351746,0,0
1.000000,-1.967445,-1.420236,-1.801300,0.976071,0.167765,0.138347,0.146025,-0.034269,-0.988687,-0.161126,0.985231,-0.057946,-0.719077,-0.109095,0.007920,0.686268,-0.002992,0.004564,-0.002784,0.000957,0.011664,-0.002984,-0.138347,0.988687,0.057946,0.000000,0.000000,0.000000,-1,-0.132660,0.999878,0.055099,-0.004312,-0.095414,0.003669,122.118591,294.933228,-754.683716,0,0
1.040000,-1.967504,-1.420494,-1.801445,0.976121,0.167673,0.138108,0.145772,-0.034231,-0.988726,-0.161056,0.985248,-0.057856,-0.719063,-0.108977,0.007978,0.686301,-0.001934,0.000321,-0.003838,0.005372,0.011244,-0.002787,-0.138108,0.988726,0.057856,0.000000,0.000000,0.000000,-1,-0.134796,0.999771,0.061554,-0.000067,-0.099656,0.002578,122.994629,294.758606,-753.514709,0,0
1.080000,-1.968945,-1.420563,-1.802898,0.976142,0.167673,0.137961,0.145655,-0.034427,-0.988736,-0.161035,0.985241,-0.058028,-0.719131,-0.108926,0.008021,0.686237,-0.005125,-0.006040,-0.002708,-0.000710,0.008197,0.002610,-0.137961,0.988736,0.058028,0.000000,0.000000,0.000000,-1,-0.144943,1.000046,0.060333,-0.005396,-0.107081,0.000543,123.169830,295.631714,-754.349731,0,0
1.120000,-1.970028,-1.420017,-1.803691,0.976027,0.167984,0.138397,0.146154,-0.034668,-0.988654,-0.161280,0.985180,-0.058388,-0.719215,-0.109194,0.007954,0.686107,-0.012581,-0.009226,-0.005805,-0.006714,0.010613,-0.001640,-0.138397,0.988654,0.058388,0.000000,0.000000,0.000000,-1,-0.142532,0.999146,0.053665,-0.011786,-0.110264,-0.001500,122.469009,295.631714,-754.349731,0,0
1.160000,-1.969915,-1.419637,-1.803320,0.975931,0.168247,0.138749,0.146532,-0.034700,-0.988597,-0.161514,0.985134,-0.058518,-0.719227,-0.109416,0.007913,0.686060,-0.014734,-0.010237,-0.007899,-0.002837,0.011525,-0.006898,-0.138749,0.988597,0.058518,0.000000,0.000000,0.000000,-1,-0.139587,1.005020,0.053802,-0.011786,-0.110264,-0.001500,123.345032,294.758606,-755.852783,0,0
1.200000,-1.969737,-1.419664,-1.802661,0.975853,0.168713,0.138735,0.146529,-0.034597,-0.988601,-0.161990,0.985058,-0.058483,-0.719189,-0.109582,0.008084,0.686071,-0.004078,-0.010229,-0.002697,0.000063,0.012620,-0.002254,-0.138735,0.988601,0.058483,0.000000,0.000000,0.000000,-1,-0.139862,1.001083,0.055405,-0.001120,-0.112370,0.007966,122.994629,295.107849,-754.182739,0,0
1.240000,-1.970074,-1.419515,-1.802431,0.975739,0.169274,0.138851,0.146680,-0.034597,-0.988579,-0.162537,0.984962,-0.058587,-0.719188,-0.109830,0.008234,0.686031,-0.002995,-0.020821,0.004783,-0.009922,0.009850,-0.000527,-0.138851,0.988579,0.058587,0.000000,0.000000,0.000000,-1,-0.145447,0.999100,0.061905,-0.003245,-0.120849,0.010155,122.293793,295.806335,-753.180725,0,0
1.280000,-1.972199,-1.419372,-1.803940,0.975630,0.169900,0.138856,0.146765,-0.034851,-0.988557,-0.163116,0.984845,-0.058937,-0.719274,-0.110064,0.008432,0.685901,-0.005129,-0.019765,0.002674,-0.002516,0.010863,0.003410,-0.138856,0.988557,0.058937,0.000000,0.000000,0.000000,-1,-0.139374,0.998962,0.063370,-0.003253,-0.116613,0.006944,123.520248,293.885498,-754.015747,0,0
1.320000,-1.977009,-1.419263,-1.808094,0.975536,0.170588,0.138670,0.146724,-0.035486,-0.988541,-0.163712,0.984703,-0.059647,-0.719491,-0.110256,0.008701,0.685639,-0.004073,-0.012292,0.006886,-0.002382,0.011948,0.005157,-0.138670,0.988541,0.059647,0.000000,0.000000,0.000000,-1,-0.145844,1.001846,0.067307,-0.001099,-0.111302,0.013279,122.994629,293.361633,-754.850769,0,0
1.360000,-1.980237,-1.419040,-1.810998,0.975473,0.170940,0.138679,0.146834,-0.035964,-0.988507,-0.163988,0.984625,-0.060182,-0.719656,-0.110391,0.008792,0.685443,0.000207,-0.002742,0.013175,-0.010491,0.011005,0.006743,-0.138679,0.988507,0.060182,0.000000,0.000000,0.000000,-1,-0.147980,0.998001,0.067398,-0.001080,-0.101756,0.016427,123.870651,295.980957,-754.683716,0,0
1.400000,-1.982455,-1.418878,-1.813215,0.975466,0.170967,0.138692,0.146909,-0.036328,-0.988483,-0.163960,0.984607,-0.060553,-0.719783,-0.110407,0.008776,0.685307,-0.001932,0.004672,0.008908,-0.003810,0.009610,0.007714,-0.138692,0.988483,0.060553,0.000000,0.000000,0.000000,-1,-0.139481,0.998047,0.068604,-0.002150,-0.090100,0.012131,121.592972,294.758606,-753.180725,0,0
1.440000,-1.987455,-1.418789,-1.818816,0.975592,0.170430,0.138468,0.146790,-0.037172,-0.988469,-0.163318,0.984668,-0.061282,-0.720077,-0.110134,0.008627,0.685043,-0.003053,0.008948,0.002520,-0.001333,0.011775,0.010083,-0.138468,0.988469,0.061282,0.000000,0.000000,0.000000,-1,-0.138550,0.999008,0.067886,-0.004301,-0.096469,0.006865,122.469009,295.980957,-756.019775,0,0
1.480000,-1.990938,-1.418924,-1.822308,0.975637,0.170448,0.138132,0.146530,-0.037651,-0.988490,-0.163285,0.984647,-0.061710,-0.720243,-0.110025,0.008731,0.684886,-0.004126,-0.001655,0.002582,0.004419,0.011388,0.002225,-0.138132,0.988490,0.061709,0.000000,0.000000,0.000000,-1,-0.134262,0.999527,0.067520,-0.003244,-0.103890,0.006887,122.293793,295.107849,-754.850769,0,0
1.520000,-1.993398,-1.419105,-1.824609,0.975652,0.170619,0.137817,0.146269,-0.037943,-0.988517,-0.163430,0.984606,-0.061976,-0.720342,-0.109978,0.008889,0.684787,-0.002005,-0.006957,0.002584,0.001891,0.012841,0.003378,-0.137817,0.988517,0.061976,0.000000,0.000000,0.000000,-1,-0.134186,1.001755,0.067368,-0.000060,-0.111312,0.006885,122.819412,293.885498,-754.683716,0,0
1.560000,-1.995571,-1.419382,-1.826263,0.975615,0.171272,0.137370,0.145878,-0.038063,-0.988570,-0.164085,0.984488,-0.062119,-0.720379,-0.110064,0.009271,0.684729,0.007556,-0.014380,0.002514,0.000117,0.013871,0.001342,-0.137370,0.988570,0.062119,0.000000,0.000000,0.000000,-1,-0.138809,1.000824,0.062943,0.006320,-0.115551,0.007898,122.469009,295.282471,-754.015747,0,0
1.600000,-1.995404,-1.419561,-1.825365,0.975513,0.171840,0.137281,0.145804,-0.037940,-0.988586,-0.164671,0.984394,-0.062066,-0.720333,-0.110242,0.009506,0.684746,0.007522,-0.013303,0.002510,-0.003130,0.011185,0.009986,-0.137281,0.988586,0.062066,0.000000,0.000000,0.000000,-1,-0.139267,0.998688,0.075409,0.008445,-0.111312,0.006792,123.169830,295.282471,-754.683716,0,0
1.640000,-1.996707,-1.419371,-1.826404,0.975451,0.172115,0.137371,0.145946,-0.038139,-0.988557,-0.164906,0.984338,-0.062323,-0.720402,-0.110376,0.009556,0.684651,0.005388,-0.003767,-0.000701,-0.005390,0.010466,0.010874,-0.137371,0.988557,0.062323,0.000000,0.000000,0.000000,-1,-0.142868,1.002563,0.067474,0.007381,-0.101773,0.004633,124.221069,296.679443,-754.349731,0,0
1.680000,-1.996424,-1.419015,-1.826290,0.975431,0.171960,0.137709,0.146291,-0.038212,-0.988503,-0.164721,0.984363,-0.062429,-0.720429,-0.110438,0.009373,0.684615,0.003271,0.012135,-0.000751,-0.005494,0.011466,0.002802,-0.137709,0.988503,0.062429,0.000000,0.000000,0.000000,-1,-0.145523,0.999832,0.065308,0.005265,-0.087991,0.004594,122.644211,295.806335,-754.850769,0,0
1.720000,-1.994718,-1.418910,-1.824979,0.975473,0.171563,0.137910,0.146441,-0.038046,-0.988492,-0.164195,0.984469,-0.062134,-0.720347,-0.110307,0.009117,0.684726,0.006466,0.015317,0.000262,-0.002531,0.014072,-0.000412,-0.137927,0.988492,0.062134,0.000000,0.000000,0.000000,-1,-0.138443,1.001678,0.061951,0.007404,-0.082686,0.006674,121.943390,295.806335,-755.184753,0,0
1.760000,-1.991701,-1.419297,-1.822756,0.975639,0.170748,0.137748,0.146155,-0.037625,-0.988546,-0.163610,0.984596,-0.061664,-0.720230,-0.110001,0.008977,0.684900,0.009627,0.014293,0.001299,0.001822,0.013377,-0.000247,-0.137748,0.988546,0.061664,0.000000,0.000000,0.000000,-1,-0.137115,1.001022,0.061432,0.012711,-0.087989,0.005576,122.469009,295.631714,-755.017761,0,0
1.800000,-1.988515,-1.419780,-1.819981,0.975750,0.170303,0.137507,0.145796,-0.037101,-0.988619,-0.163263,0.984693,-0.061031,-0.720049,-0.109749,0.008942,0.685131,0.010682,0.006869,0.000259,0.004603,0.012144,-0.001797,-0.137507,0.988619,0.061031,0.000000,0.000000,0.000000,-1,-0.131592,0.997772,0.061646,0.011639,-0.094352,0.004552,123.695450,295.457092,-755.184753,0,0
1.840000,-1.986187,-1.420163,-1.817844,0.975818,0.170083,0.137303,0.145508,-0.036697,-0.988676,-0.163118,0.984746,-0.060558,-0.719908,-0.109594,0.008965,0.685303,0.008561,0.003691,0.002425,-0.003734,0.010759,-0.000332,-0.137303,0.988676,0.060558,0.000000,0.000000,0.000000,-1,-0.141846,0.999817,0.058411,0.008448,-0.102832,0.005690,123.169830,294.933228,-755.351746,0,0
1.880000,-1.983827,-1.420365,-1.815269,0.975792,0.170264,0.137262,0.145408,-0.036274,-0.988707,-0.163362,0.984731,-0.060153,-0.719760,-0.109645,0.009066,0.685450,0.009605,-0.007977,-0.000724,0.001749,0.011919,-0.001407,-0.137262,0.988707,0.060153,0.000000,0.000000,0.000000,-1,-0.130936,1.001236,0.055923,0.013762,-0.110252,0.006728,121.417770,295.631714,-756.687744,0,0
1.920000,-1.981035,-1.421052,-1.812097,0.975799,0.170588,0.136806,0.144863,-0.035650,-0.988809,-0.163802,0.984697,-0.059499,-0.719540,-0.109602,0.009379,0.685684,0.011713,-0.010058,0.001396,0.003109,0.012671,-0.002904,-0.136806,0.988809,0.059499,0.000000,0.000000,0.000000,-1,-0.137253,1.001419,0.057373,0.012693,-0.112374,0.005686,123.345032,297.552521,-755.852783,0,0
1.960000,-1.978160,-1.421403,-1.808598,0.975720,0.171160,0.136659,0.144650,-0.035061,-0.988862,-0.164462,0.984619,-0.058968,-0.719331,-0.109758,0.009663,0.685874,0.009578,-0.017482,0.000389,-0.001357,0.011825,-0.003426,-0.136659,0.988862,0.058968,0.000000,0.000000,0.000000,-1,-0.137634,1.000458,0.058487,0.013748,-0.117676,0.004634,122.819412,297.028687,-755.017761,0,0
2.000000,-1.975892,-1.421498,-1.805771,0.975621,0.171682,0.136706,0.144657,-0.034630,-0.988876,-0.165038,0.984544,-0.058621,-0.719179,-0.109965,0.009849,0.685997,0.012767,-0.018542,0.000359,-0.002699,0.009720,-0.000851,-0.136706,0.988876,0.058621,0.000000,0.000000,0.000000,-1,-0.137405,0.999542,0.061249,0.014809,-0.120857,0.004637,123.695450,297.203308,-754.516724,0,0
2.040000,-1.973045,-1.421649,-1.802152,0.975490,0.172405,0.136734,0.144636,-0.034072,-0.988898,-0.165832,0.984437,-0.058173,-0.718981,-0.110239,0.010118,0.686157,0.013851,-0.005816,0.003480,-0.006546,0.012872,0.006066,-0.136734,0.988898,0.058173,0.000000,0.000000,0.000000,-1,-0.148697,0.998871,0.064865,0.014833,-0.104949,0.007756,122.118591,295.980957,-756.353760,0,0
2.080000,-1.971373,-1.421412,-1.800339,0.975423,0.172535,0.137047,0.144925,-0.033863,-0.988863,-0.165972,0.984421,-0.058036,-0.718909,-0.110396,0.010059,0.686208,0.012764,-0.001545,0.001344,-0.007866,0.011473,0.004846,-0.137047,0.988863,0.058036,0.000000,0.000000,0.000000,-1,-0.143387,0.999374,0.062851,0.011646,-0.101768,0.007777,122.293793,296.504822,-752.846741,0,0
2.120000,-1.969604,-1.421182,-1.798659,0.975396,0.172440,0.137360,0.145204,-0.033671,-0.988829,-0.165888,0.984444,-0.057882,-0.718844,-0.110470,0.009922,0.686266,0.009576,0.009054,0.000265,-0.005112,0.007570,0.003291,-0.137360,0.988829,0.057882,0.000000,0.000000,0.000000,-1,-0.142075,1.000809,0.060333,0.010579,-0.084812,0.003457,123.345032,294.758606,-754.182739,0,0
2.160000,-1.967044,-1.420995,-1.796633,0.975446,0.171901,0.137678,0.145452,-0.033419,-0.988801,-0.165375,0.984547,-0.057601,-0.718760,-0.110382,0.009633,0.686372,0.007447,0.016472,-0.001874,-0.004275,0.010497,0.002244,-0.137678,0.988801,0.057601,0.000000,0.000000,0.000000,-1,-0.139221,1.002487,0.054855,0.009527,-0.080568,0.005577,124.221069,295.631714,-755.685791,0,0
2.200000,-1.962778,-1.421288,-1.793305,0.975618,0.170938,0.137655,0.145280,-0.032870,-0.988844,-0.164506,0.984733,-0.056903,-0.718574,-0.110016,0.009342,0.686630,0.005327,0.017533,-0.000791,0.003393,0.012102,-0.003467,-0.137655,0.988844,0.056903,0.000000,0.000000,0.000000,-1,-0.130844,0.999023,0.054016,0.008456,-0.086930,0.004554,121.768188,295.980957,-755.685791,0,0
2.240000,-1.960562,-1.421900,-1.791448,0.975748,0.170549,0.137221,0.144750,-0.032468,-0.988935,-0.164207,0.984814,-0.056368,-0.718433,-0.109718,0.009391,0.686825,0.006367,0.005911,-0.000748,0.005400,0.012697,-0.002168,-0.137221,0.988935,0.056368,0.000000,0.000000,0.000000,-1,-0.129105,0.998825,0.053192,0.008457,-0.100708,0.007807,122.469009,294.234741,-754.683716,0,0
2.280000,-1.957977,-1.422596,-1.788846,0.975822,0.170522,0.136728,0.144162,-0.031942,-0.989038,-0.164285,0.984836,-0.055753,-0.718247,-0.109532,0.009592,0.687046,0.010620,-0.006809,0.001392,0.000803,0.011419,-0.005597,-0.136728,0.989038,0.055753,0.000000,0.000000,0.000000,-1,-0.133911,1.000443,0.051712,0.012698,-0.111312,0.006745,123.520248,295.631714,-754.349731,0,0
2.320000,-1.954184,-1.423167,-1.784537,0.975786,0.170974,0.136415,0.143746,-0.031201,-0.989123,-0.164858,0.984781,-0.055022,-0.717985,-0.109585,0.009904,0.687307,0.014880,-0.009987,0.003489,0.001863,0.011625,-0.002959,-0.136415,0.989123,0.055022,0.000000,0.000000,0.000000,-1,-0.137482,0.999023,0.051727,0.013774,-0.109187,0.009914,122.994629,295.457092,-756.186768,0,0
2.360000,-1.951577,-1.423513,-1.781636,0.975766,0.171228,0.136240,0.143502,-0.030712,-0.989173,-0.165190,0.984753,-0.054540,-0.717812,-0.109614,0.010083,0.687480,0.014884,-0.011046,0.004557,-0.003301,0.010048,0.001949,-0.136240,0.989173,0.054540,0.000000,0.000000,0.000000,-1,-0.139801,0.998856,0.056976,0.015900,-0.110247,0.009896,124.396271,295.806335,-753.180725,0,0
2.400000,-1.946951,-1.423705,-1.776465,0.975671,0.171712,0.136314,0.143472,-0.029931,-0.989202,-0.165778,0.984692,-0.053839,-0.717538,-0.109815,0.010266,0.687732,0.015934,-0.004667,0.002384,-0.003975,0.011455,0.001261,-0.136314,0.989202,0.053839,0.000000,0.000000,0.000000,-1,-0.140320,1.002625,0.056442,0.014839,-0.101767,0.008805,122.994629,296.155579,-754.850769,0,0
2.440000,-1.945212,-1.423807,-1.774697,0.975669,0.171722,0.136314,0.143426,-0.029657,-0.989217,-0.165828,0.984699,-0.053565,-0.717442,-0.109817,0.010285,0.687831,0.017006,0.003816,0.003398,-0.004601,0.011272,0.005472,-0.136314,0.989217,0.053565,0.000000,0.000000,0.000000,-1,-0.139954,0.998184,0.056061,0.018035,-0.093285,0.008732,123.520248,296.330200,-754.683716,0,0
2.480000,-1.942788,-1.423924,-1.772516,0.975712,0.171460,0.136336,0.143378,-0.029321,-0.989234,-0.165616,0.984755,-0.053192,-0.717326,-0.109726,0.010205,0.687968,0.015952,0.011238,0.004439,-0.005586,0.008722,0.002426,-0.136336,0.989234,0.053192,0.000000,0.000000,0.000000,-1,-0.139496,1.001755,0.050629,0.015908,-0.094345,0.008760,123.520248,295.282471,-755.351746,0,0
2.520000,-1.937863,-1.424218,-1.767882,0.975773,0.171124,0.136325,0.143227,-0.028599,-0.989277,-0.165390,0.984834,-0.052416,-0.717075,-0.109595,0.010133,0.688251,0.017014,0.009117,0.004436,0.001620,0.010250,-0.002794,-0.136325,0.989277,0.052416,0.000000,0.000000,0.000000,-1,-0.137283,1.002167,0.049072,0.021249,-0.081617,0.012899,122.118591,295.631714,-754.015747,0,0
2.560000,-1.930616,-1.424997,-1.761513,0.975986,0.170180,0.135979,0.142649,-0.027540,-0.989390,-0.164630,0.985028,-0.051155,-0.716708,-0.109120,0.009994,0.688711,0.014900,0.017599,0.005485,-0.003379,0.009588,-0.001350,-0.135979,0.989390,0.051155,0.000000,0.000000,0.000000,-1,-0.131653,1.000061,0.049927,0.016974,-0.084805,0.007642,122.994629,296.504822,-754.182739,0,0
2.600000,-1.928091,-1.425469,-1.759407,0.976106,0.169737,0.135670,0.142248,-0.027152,-0.989459,-0.164264,0.985115,-0.050648,-0.716573,-0.108846,0.009976,0.688895,0.011677,0.012333,0.003413,0.003651,0.012037,0.000515,-0.135670,0.989459,0.050648,0.000000,0.000000,0.000000,-1,-0.131470,1.003326,0.049103,0.016971,-0.094345,0.008748,124.396271,296.155579,-754.182739,0,0
2.640000,-1.921383,-1.426573,-1.753342,0.976326,0.169022,0.134981,0.141335,-0.026091,-0.989618,-0.163745,0.985267,-0.049362,-0.716201,-0.108334,0.010041,0.689361,0.017019,0.025060,0.007554,0.007021,0.013235,-0.004745,-0.134981,0.989618,0.049362,0.000000,0.000000,0.000000,-1,-0.132385,1.001144,0.045090,0.017009,-0.069953,0.013957,124.221069,294.583984,-754.683716,0,0
2.680000,-1.916410,-1.427046,-1.749185,0.976500,0.168169,0.134785,0.140983,-0.025420,-0.989686,-0.163008,0.985430,-0.048531,-0.715970,-0.107949,0.009855,0.689664,0.021273,0.025060,0.007507,-0.004894,0.011428,-0.001672,-0.134785,0.989686,0.048532,0.000000,0.000000,0.000000,-1,-0.135681,1.003464,0.045944,0.024442,-0.077376,0.012844,122.644211,294.758606,-754.516724,0,0
2.720000,-1.910350,-1.427696,-1.743828,0.976673,0.167413,0.134469,0.140483,-0.024554,-0.989779,-0.162400,0.985581,-0.047499,-0.715669,-0.107555,0.009757,0.690040,0.030852,0.027183,0.009520,0.003076,0.015226,-0.005019,-0.134469,0.989779,0.047499,0.000000,0.000000,0.000000,-1,-0.136475,1.005981,0.039886,0.042537,-0.064649,0.015779,122.469009,293.885498,-754.683716,0,0
2.760000,-1.895420,-1.428819,-1.730223,0.976971,0.165961,0.134111,0.139707,-0.022464,-0.989938,-0.161278,0.985877,-0.045132,-0.714942,-0.106885,0.009500,0.690901,0.051044,0.037822,0.011371,-0.004638,0.015036,-0.005368,-0.134111,0.989938,0.045132,0.000000,0.000000,0.000000,-1,-0.147385,1.003357,0.036606,0.055285,-0.071011,0.014603,123.520248,296.679443,-756.019775,0,0
2.800000,-1.876820,-1.429199,-1.711246,0.976875,0.166155,0.134568,0.139735,-0.019756,-0.989992,-0.161834,0.985902,-0.042517,-0.713994,-0.107105,0.009547,0.691846,0.008361,-0.102148,-0.002423,-0.017883,0.021269,-0.009115,-0.134568,0.989992,0.042517,0.000000,0.000000,0.000000,-1,-0.146866,1.016556,0.010269,-0.019328,-0.270347,0.004624,121.943390,295.806335,-756.186768,0,0
2.840000,-1.879812,-1.428980,-1.709301,0.976026,0.171006,0.134646,0.139988,-0.019514,-0.989961,-0.166662,0.985077,-0.042985,-0.713885,-0.108909,0.011212,0.691652,-0.052225,-0.148780,0.009090,-0.000394,0.026320,-0.021333,-0.134646,0.989961,0.042985,0.000000,0.000000,0.000000,-1,-0.137680,1.009125,0.023895,0.008619,-0.092164,0.049252,122.819412,294.583984,-756.687744,0,0
2.880000,-1.878132,-1.431182,-1.706580,0.976132,0.171968,0.132640,0.137880,-0.018838,-0.990270,-0.167796,0.984922,-0.042099,-0.713630,-0.108546,0.012316,0.691953,0.043736,-0.043718,0.069248,-0.018177,0.020381,-0.014893,-0.132640,0.990270,0.042099,0.000000,0.000000,0.000000,-1,-0.139725,0.994522,0.056168,0.072492,-0.212957,0.095897,123.520248,292.837769,-756.019775,0,0
2.920000,-1.871310,-1.436359,-1.695569,0.976046,0.175910,0.128026,0.132991,-0.016680,-0.990977,-0.172187,0.984265,-0.039675,-0.712812,-0.108339,0.015488,0.692764,0.116183,-0.023518,0.106650,0.003728,-0.002909,-0.003039,-0.128026,0.990977,0.039675,0.000000,0.000000,0.000000,-1,-0.139984,0.989044,0.002502,0.154439,-0.110114,0.096657,124.221069,295.980957,-756.019775,0,0
2.960000,-1.825610,-1.439538,-1.649402,0.976217,0.175952,0.126656,0.130478,-0.010278,-0.991398,-0.173136,0.984345,-0.032991,-0.710543,-0.107815,0.016354,0.695153,0.207376,-0.009837,0.037501,-0.024833,-0.008640,-0.029985,-0.126656,0.991398,0.032991,0.000000,0.000000,0.000000,-1,-0.149414,0.974731,0.046539,0.194486,-0.099656,0.000434,123.345032,294.758606,-754.516724,0,0
3.000000,-1.769232,-1.440587,-1.592719,0.976165,0.175779,0.127293,0.129810,-0.002846,-0.991535,-0.173929,0.984426,-0.025596,-0.707921,-0.107918,0.016469,0.697804,0.121085,0.011288,-0.013768,-0.013255,-0.007282,0.027077,-0.127293,0.991535,0.025596,0.000000,0.000000,0.000000,-1,-0.110962,1.004654,0.030899,0.074329,-0.172797,0.010598,122.994629,294.758606,-757.856812,0,0
3.040000,-1.751648,-1.443019,-1.571084,0.975723,0.179587,0.125351,0.127430,-0.000037,-0.991848,-0.178119,0.983742,-0.022920,-0.706873,-0.108583,0.018662,0.698707,0.052198,-0.108358,0.082196,0.021195,0.017933,-0.008852,-0.125351,0.991848,0.022920,0.000000,0.000000,0.000000,-1,-0.149063,1.006119,0.006104,0.059752,-0.221429,0.102458,123.520248,295.631714,-755.685791,0,0
3.080000,-1.747686,-1.446209,-1.563284,0.975416,0.183301,0.122326,0.124262,0.000933,-0.992249,-0.181995,0.983056,-0.021867,-0.706461,-0.108839,0.021115,0.699014,0.041620,-0.122115,0.099394,-0.034076,0.010681,-0.016984,-0.122326,0.992249,0.021867,0.000000,0.000000,0.000000,-1,-0.173706,0.982727,-0.003937,0.037417,-0.154660,0.086447,125.272308,296.330200,-756.687744,0,0
3.120000,-1.740456,-1.448899,-1.553578,0.975276,0.185667,0.119850,0.121577,0.002094,-0.992580,-0.184540,0.982611,-0.020531,-0.705995,-0.108798,0.022907,0.699435,0.020285,-0.045834,0.064179,-0.050469,-0.004451,-0.025063,-0.119850,0.992580,0.020531,0.000000,0.000000,0.000000,-1,-0.153229,0.987640,0.002838,-0.006209,-0.135598,0.073013,124.045853,295.107849,-756.186768,0,0
3.160000,-1.742584,-1.451463,-1.554160,0.975294,0.187195,0.117298,0.119034,0.001980,-0.992888,-0.186096,0.982321,-0.020351,-0.705986,-0.108440,0.024362,0.699450,-0.023223,-0.026726,0.080522,-0.011211,0.001512,-0.025096,-0.117298,0.992888,0.020351,0.000000,0.000000,0.000000,-1,-0.119522,1.001999,-0.005035,-0.024201,-0.122846,0.092301,124.221069,296.679443,-755.017761,0,0
3.200000,-1.753460,-1.454057,-1.564690,0.975543,0.187610,0.114536,0.116472,0.000711,-0.993194,-0.186415,0.982243,-0.021158,-0.706397,-0.107617,0.025438,0.699124,-0.027390,-0.008675,0.099634,-0.010754,0.007066,-0.030420,-0.114536,0.993194,0.021158,0.000000,0.000000,0.000000,-1,-0.119537,0.996750,-0.006165,-0.044327,-0.125997,0.112748,125.272308,297.028687,-757.021790,0,0
3.240000,-1.768681,-1.457739,-1.579407,0.975882,0.188200,0.110615,0.112813,-0.000971,-0.993616,-0.186891,0.982130,-0.022179,-0.706936,-0.106450,0.026974,0.698701,-0.081639,-0.011815,0.107680,-0.003704,0.002417,-0.022073,-0.110615,0.993616,0.022179,0.000000,0.000000,0.000000,-1,-0.119644,0.993195,0.009018,-0.111365,-0.120721,0.096443,123.345032,297.901764,-754.850769,0,0
3.280000,-1.812692,-1.460354,-1.623439,0.976238,0.188436,0.107009,0.110065,-0.005799,-0.993907,-0.186668,0.982068,-0.026402,-0.708597,-0.105314,0.028104,0.697144,-0.139144,-0.003378,0.078488,-0.004792,-0.000576,-0.021077,-0.107009,0.993907,0.026402,0.000000,0.000000,0.000000,-1,-0.094269,1.002533,0.014847,-0.174062,-0.132369,0.106760,124.746689,296.155579,-754.516724,0,0
3.320000,-1.856432,-1.462548,-1.666693,0.976463,0.189140,0.103660,0.107541,-0.010345,-0.994147,-0.186961,0.981896,-0.030441,-0.710150,-0.104443,0.029325,0.695643,-0.201753,-0.043609,0.116592,0.009391,0.008386,-0.015595,-0.103660,0.994147,0.030441,0.000000,0.000000,0.000000,-1,-0.089340,0.992920,0.021286,-0.255811,-0.168360,0.145054,125.797913,295.806335,-754.516724,0,0
3.360000,-1.960935,-1.465367,-1.769125,0.976626,0.191647,0.097327,0.103171,-0.020734,-0.994447,-0.188565,0.981245,-0.040022,-0.713685,-0.103273,0.031960,0.692075,-0.283553,-0.080683,0.140003,0.009482,-0.000063,-0.016005,-0.097327,0.994447,0.040022,0.000000,0.000000,0.000000,-1,-0.091263,1.005005,0.020432,-0.272842,-0.195925,0.145366,126.148331,296.504822,-755.518738,0,0
3.400000,-2.095350,-1.467317,-1.899466,0.976494,0.196129,0.089406,0.097765,-0.033342,-0.994651,-0.192099,0.980011,-0.051733,-0.717908,-0.102344,0.035761,0.687644,-0.267534,-0.097617,0.159053,0.006169,0.011971,-0.018972,-0.089406,0.994651,0.051733,0.000000,0.000000,0.000000,-1,-0.082657,0.994141,0.059952,-0.246204,-0.186363,0.158858,127.024368,294.933228,-755.017761,0,0
3.440000,-2.179518,-1.467829,-1.981173,0.976410,0.198781,0.084323,0.094251,-0.041007,-0.994704,-0.194270,0.979186,-0.058775,-0.720450,-0.101684,0.038152,0.684950,-0.199530,-0.114590,0.152000,0.007861,0.010835,0.004488,-0.084323,0.994704,0.058775,0.000000,0.000000,0.000000,-1,-0.080521,1.010956,0.077621,-0.132543,-0.295569,0.154906,127.725189,297.028687,-753.013733,0,0
3.480000,-2.263067,-1.469412,-2.056683,0.975283,0.206768,0.077912,0.089497,-0.047265,-0.994865,-0.202024,0.977248,-0.064602,-0.722348,-0.102535,0.042954,0.682535,-0.046638,-0.285311,0.133003,0.004090,0.010399,0.018437,-0.077912,0.994865,0.064601,0.000000,0.000000,0.000000,-1,-0.058243,1.004761,0.094864,0.005495,-0.366649,0.122858,127.024368,295.631714,-752.345703,0,0
3.520000,-2.318696,-1.473796,-2.100116,0.973232,0.218584,0.071001,0.083594,-0.048903,-0.995299,-0.214084,0.974592,-0.065866,-0.722496,-0.104560,0.049510,0.681627,0.015015,-0.180386,0.109514,0.023012,0.011384,0.041189,-0.071001,0.995299,0.065866,0.000000,0.000000,0.000000,-1,-0.024567,1.028473,0.103836,-0.013511,-0.224572,0.128809,127.199570,295.457092,-752.178711,0,0
3.560000,-2.370485,-1.476389,-2.150281,0.973256,0.220128,0.065697,0.078877,-0.051620,-0.995547,-0.215757,0.974104,-0.067602,-0.723270,-0.103352,0.051868,0.680815,-0.082466,0.051860,0.151032,0.056771,0.036466,0.023660,-0.065697,0.995547,0.067602,0.000000,0.000000,0.000000,-1,-0.065811,1.013351,0.077042,-0.093896,0.058583,0.181603,127.900391,295.806335,-754.182739,0,0
3.600000,-2.445364,-1.477825,-2.232548,0.975255,0.212916,0.059539,0.073241,-0.057049,-0.995681,-0.208599,0.975404,-0.071231,-0.725178,-0.098650,0.051387,0.679517,-0.140525,0.253402,0.219900,-0.035904,-0.000396,-0.014865,-0.059539,0.995681,0.071231,0.000000,0.000000,0.000000,-1,-0.116928,0.955246,0.053024,-0.148201,0.157118,0.139208,127.725189,295.282471,-752.679688,0,0
3.640000,-2.512383,-1.474465,-2.312893,0.978157,0.200014,0.056604,0.070892,-0.065004,-0.995364,-0.195407,0.977634,-0.077763,-0.728170,-0.093009,0.047655,0.677383,-0.154159,0.292266,-0.021592,0.020685,-0.017519,-0.001744,-0.056604,0.995364,0.077763,0.000000,0.000000,0.000000,-1,0.072006,0.999817,0.069611,-0.193442,0.228955,-0.031876,127.024368,294.933228,-751.677734,0,0
3.680000,-2.529960,-1.468418,-2.340307,0.979910,0.190610,0.058683,0.073405,-0.071109,-0.994764,-0.185439,0.979087,-0.083672,-0.730529,-0.090351,0.043378,0.675487,-0.251016,0.298581,-0.051401,0.172026,0.009753,-0.010643,-0.058683,0.994764,0.083672,0.000000,0.000000,0.000000,-1,0.103439,0.998917,0.048035,-0.286171,-0.021273,-0.042490,127.024368,295.282471,-751.343689,0,0
3.720000,-2.575313,-1.457714,-2.388402,0.980239,0.188324,0.060539,0.077180,-0.082319,-0.993613,-0.182138,0.978651,-0.095227,-0.734470,-0.090373,0.041390,0.671322,-0.337346,-0.105323,-0.025225,0.130363,0.005593,-0.054120,-0.060539,0.993613,0.095227,0.000000,0.000000,0.000000,-1,0.016495,0.981918,0.054367,-0.373394,-0.220550,-0.012972,127.549973,295.806335,-752.178711,0,0
3.760000,-2.648684,-1.439859,-2.457891,0.979295,0.192778,0.061781,0.082473,-0.101218,-0.991440,-0.184874,0.976008,-0.115022,-0.740867,-0.092881,0.041537,0.663901,-0.454383,-0.000432,-0.070148,-0.003236,-0.016998,-0.060136,-0.061781,0.991440,0.115022,0.000000,0.000000,0.000000,-1,-0.072067,0.969971,0.067184,-0.479830,-0.022400,-0.085026,127.374771,294.583984,-750.007690,0,0
3.800000,-2.674342,-1.425243,-2.487461,0.979690,0.189574,0.065331,0.088253,-0.115100,-0.989426,-0.180050,0.975097,-0.129493,-0.745702,-0.093143,0.038460,0.658615,-0.521426,0.188200,-0.125574,-0.009697,-0.015457,-0.064613,-0.065331,0.989426,0.129493,0.000000,0.000000,0.000000,-1,-0.060944,0.956116,0.055969,-0.568201,0.137590,-0.151788,125.973129,295.282471,-749.005676,0,0
3.840000,-2.693228,-1.401587,-2.516001,0.980711,0.181319,0.073002,0.098613,-0.136510,-0.985718,-0.168764,0.973904,-0.151758,-0.753157,-0.092920,0.031787,0.650470,-0.640698,0.240054,-0.188316,0.015491,-0.028717,-0.105066,-0.073002,0.985718,0.151758,0.000000,0.000000,0.000000,-1,-0.005005,0.937225,0.050766,-0.695890,0.205378,-0.194299,127.549973,296.155579,-748.838684,0,0
3.880000,-2.708394,-1.365682,-2.546162,0.981934,0.168807,0.085500,0.114237,-0.168628,-0.979038,-0.150851,0.971117,-0.184865,-0.764105,-0.092606,0.021382,0.638052,-0.699264,0.273931,-0.219735,0.129598,0.008175,-0.111287,-0.085500,0.979038,0.184865,0.000000,0.000000,0.000000,-1,0.025558,1.040344,0.056290,-0.653515,0.158682,-0.225404,127.549973,294.758606,-748.170654,0,0
3.920000,-2.706528,-1.346479,-2.552306,0.982263,0.162390,0.093752,0.123625,-0.184923,-0.974946,-0.140985,0.969243,-0.201719,-0.769562,-0.092915,0.015344,0.631589,-0.507921,0.272862,-0.227158,0.101091,0.079741,-0.167325,-0.093752,0.974946,0.201719,0.000000,0.000000,0.000000,-1,-0.001083,1.055511,-0.000305,-0.338642,0.245667,-0.197355,127.374771,292.837769,-747.335632,0,0
3.960000,-2.684238,-1.335254,-2.545509,0.983547,0.148374,0.103051,0.131015,-0.193123,-0.972388,-0.124376,0.969891,-0.209385,-0.772343,-0.090436,0.006903,0.628697,-0.185368,0.569863,-0.161854,0.108452,0.095590,-0.196705,-0.103051,0.972388,0.209385,0.000000,0.000000,0.000000,-1,0.011292,1.073334,0.038589,-0.044615,0.695299,-0.132420,124.045853,291.964691,-747.502625,0,0
4.000000,-2.619482,-1.331629,-2.519290,0.986710,0.111558,0.118141,0.138087,-0.192485,-0.971536,-0.085643,0.974938,-0.205332,-0.772096,-0.080834,-0.010523,0.630257,0.103006,0.809501,-0.143776,0.168877,0.108649,-0.154199,-0.118141,0.971536,0.205332,0.000000,0.000000,0.000000,-1,0.069458,1.100006,0.020370,0.108476,0.678341,-0.130840,125.272308,293.885498,-748.003662,0,0
4.040000,-2.560561,-1.332450,-2.491112,0.988193,0.081742,0.129590,0.142972,-0.187883,-0.971730,-0.055083,0.978784,-0.197352,-0.770297,-0.072931,-0.024181,0.633040,0.107271,0.804206,-0.139544,0.177106,0.232265,-0.233820,-0.129590,0.971730,0.197352,0.000000,0.000000,0.000000,-1,0.024643,1.315628,-0.114731,0.164670,0.667681,-0.169705,123.520248,293.536255,-747.669678,0,0
4.080000,-2.527395,-1.332808,-2.473144,0.988461,0.066972,0.135863,0.146110,-0.185012,-0.971814,-0.039948,0.980452,-0.192662,-0.769112,-0.069262,-0.031177,0.634584,0.163458,0.768106,-0.175103,0.160505,0.343814,-0.307393,-0.135863,0.971814,0.192662,0.000000,0.000000,0.000000,-1,0.154480,1.324799,-0.146210,0.383724,0.599868,-0.145220,123.169830,294.234741,-749.005676,0,0
4.120000,-2.361394,-1.356651,-2.348149,0.988460,0.024514,0.149486,0.151473,-0.149055,-0.977158,-0.001672,0.988525,-0.151048,-0.756400,-0.058166,-0.048854,0.649684,1.044675,0.800278,0.059694,0.400050,0.312408,-0.178499,-0.149486,0.977158,0.151048,0.000000,0.000000,0.000000,-1,0.141891,1.244751,0.018814,1.217263,0.566394,0.146776,122.469009,293.885498,-750.675659,0,0
4.160000,-2.216680,-1.386421,-2.212869,0.989153,0.011916,0.146403,0.146823,-0.109790,-0.983051,0.004360,0.993883,-0.110348,-0.743184,-0.053398,-0.050715,0.665022,1.509076,-0.069963,0.182958,0.184260,0.196789,-0.120495,-0.146403,0.983051,0.110348,0.000000,0.000000,0.000000,-1,-0.262604,1.025085,-0.027100,1.898125,-0.625159,0.222300,123.520248,295.980957,-754.349731,0,0
4.200000,-1.637842,-1.435980,-1.599659,0.990221,0.038435,0.134107,0.134353,-0.003879,-0.990926,-0.037566,0.999254,-0.009005,-0.707655,-0.061042,-0.034106,0.703089,2.705987,-0.698547,0.251318,-0.267444,-0.093007,-0.014574,-0.134107,0.990926,0.009005,0.000000,0.000000,0.000000,-1,-0.483749,0.876541,0.060699,2.838078,-0.759708,0.277434,124.921890,298.076385,-762.031860,0,0
4.240000,-1.228105,-1.433509,-1.173581,0.990342,0.051069,0.128898,0.126201,0.052943,-0.990591,-0.057412,0.997291,0.045987,-0.687643,-0.064448,-0.025989,0.722716,2.939067,-0.532044,0.282036,-0.354851,-0.114050,0.106686,-0.128898,0.990591,-0.045987,0.000000,0.000000,0.000000,-1,-0.457947,1.199738,0.030273,2.835697,0.207230,0.294371,126.323532,299.473328,-765.037903,0,0
