0.000000,1.017883,-1.433715,0.895181,0.986252,-0.117401,-0.116291,-0.106633,0.085460,-0.990619,0.126238,0.989401,0.071766,-0.676208,0.082828,-0.003677,0.732031,-0.001611,-0.003279,0.000554,-0.000599,0.009595,-0.001263,0.116291,0.990619,-0.071766,0.000000,0.000000,0.000000,-1,0.117630,1.002655,-0.074081,-0.022373,0.004144,-0.010495,38.498444,276.872375,-567.956909,0,0
0.040000,1.018062,-1.433719,0.895382,0.986253,-0.117381,-0.116301,-0.106647,0.085436,-0.990620,0.126216,0.989405,0.071743,-0.676216,0.082824,-0.003666,0.732023,0.000497,-0.002259,0.000557,0.001421,0.012035,0.000683,0.116301,0.990620,-0.071743,0.000000,0.000000,0.000000,-1,0.117630,1.002655,-0.074081,-0.022376,0.004134,-0.011561,40.080582,276.344971,-566.113464,0,0
0.080000,1.017745,-1.433709,0.895177,0.986269,-0.117269,-0.116286,-0.106637,0.085463,-0.990618,0.126107,0.989416,0.071785,-0.676206,0.082780,-0.003631,0.732038,-0.000570,-0.002269,-0.000499,0.003755,0.013578,0.000297,0.116286,0.990618,-0.071785,0.000000,0.000000,0.000000,-1,0.119812,1.004242,-0.072647,-0.021313,0.005173,-0.013703,40.432159,276.344971,-567.789307,0,0
0.120000,1.017494,-1.433705,0.894898,0.986267,-0.117295,-0.116272,-0.106617,0.085496,-0.990618,0.126135,0.989410,0.071816,-0.676194,0.082784,-0.003647,0.732048,0.000500,0.002987,-0.004788,0.002533,0.011763,-0.001991,0.116272,0.990618,-0.071816,0.000000,0.000000,0.000000,-1,0.120529,1.005493,-0.071609,-0.025555,0.012568,-0.015829,38.674240,275.993408,-568.794861,0,0
0.160000,1.018363,-1.433801,0.895541,0.986242,-0.117528,-0.116253,-0.106597,0.085368,-0.990631,0.126351,0.989394,0.071665,-0.676241,0.082857,-0.003733,0.731996,-0.000554,0.006175,-0.003726,0.003238,0.012711,0.001215,0.116253,0.990631,-0.071665,0.000000,0.000000,0.000000,-1,0.120636,1.002579,-0.072037,-0.024482,0.013647,-0.013710,40.607956,275.114441,-568.292114,0,0
0.200000,1.018906,-1.433819,0.895799,0.986205,-0.117812,-0.116277,-0.106605,0.085329,-0.990633,0.126630,0.989363,0.071593,-0.676255,0.082963,-0.003828,0.731971,0.000500,0.007226,-0.001592,0.001994,0.012922,-0.000536,0.116277,0.990633,-0.071593,0.000000,0.000000,0.000000,-1,0.117889,1.003998,-0.074005,-0.023423,0.012578,-0.014780,39.201614,276.520782,-567.956909,0,0
0.240000,1.018560,-1.433878,0.895210,0.986185,-0.118055,-0.116202,-0.106509,0.085355,-0.990641,0.126869,0.989332,0.071602,-0.676245,0.083019,-0.003944,0.731974,-0.001638,0.005098,-0.002632,0.002649,0.013829,-0.000679,0.116202,0.990641,-0.071602,0.000000,0.000000,0.000000,-1,0.118622,1.003357,-0.073013,-0.025558,0.011509,-0.015825,40.607956,274.762848,-567.621765,0,0
0.280000,1.018531,-1.434008,0.894983,0.986173,-0.118259,-0.116091,-0.106390,0.085299,-0.990659,0.127057,0.989312,0.071538,-0.676265,0.083048,-0.004054,0.731951,-0.002714,0.004010,-0.005815,0.003599,0.013644,-0.001323,0.116091,0.990659,-0.071538,0.000000,0.000000,0.000000,-1,0.120132,1.003708,-0.072815,-0.027687,0.012559,-0.016878,40.432159,275.290222,-567.454163,0,0
0.320000,1.019466,-1.434267,0.895690,0.986161,-0.118506,-0.115939,-0.106250,0.085063,-0.990694,0.127266,0.989303,0.071295,-0.676351,0.083077,-0.004187,0.731867,-0.005907,0.005060,-0.006859,0.003553,0.013380,-0.002588,0.115939,0.990694,-0.071295,0.000000,0.000000,0.000000,-1,0.119583,1.001572,-0.069687,-0.033020,0.010432,-0.017894,41.486908,274.235474,-568.124512,0,0
0.360000,1.020842,-1.434416,0.896969,0.986152,-0.118616,-0.115911,-0.106243,0.084835,-0.990715,0.127348,0.989309,0.071058,-0.676435,0.083105,-0.004227,0.731786,-0.003803,0.002933,-0.003653,0.003245,0.011742,0.001402,0.115911,0.990715,-0.071058,0.000000,0.000000,0.000000,-1,0.115112,1.003769,-0.068024,-0.025569,0.006233,-0.013674,39.201614,275.817627,-568.292114,0,0
0.400000,1.020408,-1.434516,0.896530,0.986164,-0.118628,-0.115796,-0.106128,0.084820,-0.990728,0.127350,0.989309,0.071057,-0.676440,0.083066,-0.004270,0.731786,-0.001683,-0.001294,-0.002589,-0.000683,0.013041,0.003033,0.115796,0.990728,-0.071057,0.000000,0.000000,0.000000,-1,0.120743,1.003494,-0.073990,-0.023442,0.006223,-0.014756,39.728989,275.993408,-567.454163,0,0
0.440000,1.020100,-1.434584,0.896210,0.986171,-0.118643,-0.115716,-0.106049,0.084812,-0.990737,0.127359,0.989308,0.071057,-0.676443,0.083042,-0.004303,0.731786,-0.000626,-0.001324,-0.005792,0.001547,0.013718,0.001553,0.115716,0.990737,-0.071057,0.000000,0.000000,0.000000,-1,0.117905,1.007507,-0.068420,-0.023448,0.006203,-0.016887,39.728989,275.641815,-569.800415,0,0
0.480000,1.020692,-1.434785,0.896726,0.986175,-0.118735,-0.115589,-0.105937,0.084633,-0.990765,0.127421,0.989312,0.070885,-0.676509,0.083026,-0.004373,0.731726,-0.007004,0.005003,-0.008962,0.004880,0.014667,-0.001930,0.115589,0.990765,-0.070885,0.000000,0.000000,0.000000,-1,0.122818,1.001923,-0.073318,-0.028754,0.014648,-0.020073,40.080582,274.235474,-567.118958,0,0
0.520000,1.022614,-1.434851,0.898405,0.986135,-0.118985,-0.115669,-0.106028,0.084414,-0.990774,0.127652,0.989301,0.070628,-0.676589,0.083142,-0.004428,0.731638,-0.007014,0.008165,-0.006825,0.007149,0.011149,-0.002690,0.115669,0.990774,-0.070628,0.000000,0.000000,0.000000,-1,0.118332,1.001923,-0.072098,-0.027691,0.010451,-0.015804,39.025833,276.696564,-567.789307,0,0
0.560000,1.024164,-1.435047,0.899648,0.986103,-0.119306,-0.115612,-0.105981,0.084162,-0.990800,0.127939,0.989284,0.070348,-0.676682,0.083232,-0.004554,0.731542,-0.003827,0.004997,-0.005771,0.000446,0.015166,0.000509,0.115612,0.990800,-0.070348,0.000000,0.000000,0.000000,-1,0.114914,1.004196,-0.070847,-0.025562,0.010450,-0.015821,41.135330,275.993408,-566.783813,0,0
0.600000,1.024300,-1.435333,0.899658,0.986113,-0.119453,-0.115379,-0.105759,0.083984,-0.990839,0.128048,0.989281,0.070185,-0.676747,0.083196,-0.004680,0.731485,-0.002769,0.002878,-0.005772,-0.000099,0.014197,0.000513,0.115379,0.990839,-0.070185,0.000000,0.000000,0.000000,-1,0.114609,1.005798,-0.073502,-0.024512,0.006203,-0.016878,38.146866,275.466003,-567.956909,0,0
0.640000,1.022887,-1.435576,0.898261,0.986149,-0.119449,-0.115075,-0.105454,0.083982,-0.990872,0.128023,0.989282,0.070223,-0.676747,0.083082,-0.004783,0.731497,-0.003849,-0.001368,-0.006814,-0.000726,0.013233,-0.006392,0.115075,0.990872,-0.070223,0.000000,0.000000,0.000000,-1,0.119095,0.999634,-0.073380,-0.027710,0.004096,-0.015780,41.135330,275.993408,-567.789307,0,0
0.680000,1.023428,-1.435772,0.898986,0.986184,-0.119283,-0.114947,-0.105363,0.083785,-0.990898,0.127828,0.989319,0.070059,-0.676820,0.082978,-0.004758,0.731442,-0.000671,-0.001374,-0.003627,0.001371,0.013268,-0.000803,0.114947,0.990898,-0.070059,0.000000,0.000000,0.000000,-1,0.117081,1.003876,-0.072556,-0.024507,0.005174,-0.013679,39.904785,275.817627,-568.627258,0,0
0.720000,1.023668,-1.435855,0.899236,0.986190,-0.119281,-0.114893,-0.105319,0.083707,-0.990909,0.127814,0.989326,0.069988,-0.676848,0.082958,-0.004772,0.731417,-0.003865,-0.000324,-0.004671,0.003835,0.013165,-0.001911,0.114893,0.990909,-0.069988,0.000000,0.000000,0.000000,-1,0.117569,1.004547,-0.068481,-0.027703,0.007263,-0.016858,39.201614,275.817627,-567.286560,0,0
0.760000,1.024194,-1.436060,0.899756,0.986204,-0.119303,-0.114756,-0.105203,0.083526,-0.990937,0.127807,0.989338,0.069822,-0.676915,0.082915,-0.004820,0.731360,-0.002803,-0.000334,-0.005745,0.001836,0.013610,0.001448,0.114756,0.990937,-0.069822,0.000000,0.000000,0.000000,-1,0.118378,1.003784,-0.068756,-0.026644,0.007243,-0.018996,39.553207,274.762848,-567.286560,0,0
0.800000,1.024923,-1.436523,0.900364,0.986225,-0.119457,-0.114415,-0.104894,0.083177,-0.990999,0.127898,0.989349,0.069501,-0.677043,0.082842,-0.004979,0.731249,-0.003860,0.001795,-0.004679,0.002254,0.009367,-0.000522,0.114415,0.990999,-0.069501,0.000000,0.000000,0.000000,-1,0.115463,1.003174,-0.072327,-0.025565,0.009391,-0.015817,39.201614,275.466003,-567.956909,0,0
0.840000,1.024784,-1.436655,0.900171,0.986231,-0.119520,-0.114294,-0.104776,0.083116,-0.991017,0.127946,0.989347,0.069449,-0.677065,0.082819,-0.005041,0.731231,-0.000692,0.000701,-0.004684,0.002054,0.012447,-0.001917,0.114294,0.991017,-0.069449,0.000000,0.000000,0.000000,-1,0.117203,1.004028,-0.067444,-0.025568,0.008332,-0.015813,39.904785,273.356506,-568.292114,0,0
0.880000,1.025120,-1.436837,0.900443,0.986237,-0.119597,-0.114163,-0.104657,0.082975,-0.991041,0.127998,0.989349,0.069316,-0.677116,0.082797,-0.005108,0.731185,-0.001753,0.002810,-0.005749,0.003040,0.012987,0.001873,0.114163,0.991041,-0.069316,0.000000,0.000000,0.000000,-1,0.119965,1.003204,-0.073395,-0.024497,0.010450,-0.015829,39.728989,275.641815,-567.789307,0,0
0.920000,1.025525,-1.436760,0.900519,0.986187,-0.119918,-0.114256,-0.104723,0.083015,-0.991031,0.128327,0.989307,0.069310,-0.677101,0.082942,-0.005195,0.731183,-0.001728,0.009184,-0.003640,0.003877,0.011991,-0.006694,0.114256,0.991031,-0.069310,0.000000,0.000000,0.000000,-1,0.117661,1.002884,-0.071808,-0.024485,0.013637,-0.014776,39.025833,274.938660,-567.789307,0,0
0.960000,1.026205,-1.436729,0.900969,0.986151,-0.120144,-0.114330,-0.104785,0.082987,-0.991026,0.128554,0.989282,0.069248,-0.677111,0.083047,-0.005252,0.731161,-0.001741,0.005997,-0.004692,0.003544,0.015321,0.000492,0.114330,0.991026,-0.069248,0.000000,0.000000,0.000000,-1,0.114502,1.005753,-0.069626,-0.023419,0.015735,-0.016923,40.256378,276.520782,-567.286560,0,0
1.000000,1.025367,-1.437032,0.899819,0.986148,-0.120470,-0.114015,-0.104454,0.082920,-0.991067,0.128848,0.989248,0.069188,-0.677134,0.083043,-0.005476,0.731139,-0.003887,0.008064,-0.006798,-0.001497,0.015266,-0.004954,0.114015,0.991067,-0.069188,0.000000,0.000000,0.000000,-1,0.112808,1.006454,-0.071381,-0.028751,0.013608,-0.017939,39.553207,275.466003,-567.286560,0,0
1.040000,1.025641,-1.437405,0.899872,0.986152,-0.120715,-0.113718,-0.104169,0.082685,-0.991117,0.129045,0.989238,0.068965,-0.677219,0.083017,-0.005658,0.731061,-0.004962,0.004886,-0.006779,-0.000788,0.012637,0.000514,0.113718,0.991117,-0.068965,0.000000,0.000000,0.000000,-1,0.115814,1.003464,-0.069336,-0.026623,0.011509,-0.015817,39.201614,274.762848,-568.962463,0,0
1.080000,1.026085,-1.437669,0.900154,0.986152,-0.120896,-0.113525,-0.103987,0.082493,-0.991152,0.129191,0.989232,0.068779,-0.677289,0.083009,-0.005783,0.730997,-0.002837,0.001728,-0.004652,0.001786,0.012022,0.001076,0.113525,0.991152,-0.068779,0.000000,0.000000,0.000000,-1,0.117493,1.003983,-0.068710,-0.026629,0.009391,-0.015809,40.783752,276.696564,-568.794861,0,0
1.120000,1.026511,-1.437798,0.900465,0.986146,-0.121019,-0.113445,-0.103913,0.082382,-0.991169,0.129296,0.989226,0.068665,-0.677329,0.083022,-0.005850,0.730957,-0.002828,0.003857,-0.003595,0.002400,0.014355,-0.000564,0.113445,0.991169,-0.068665,0.000000,0.000000,0.000000,-1,0.115341,1.004227,-0.070435,-0.025563,0.008351,-0.013682,39.728989,275.993408,-568.124512,0,0
1.160000,1.026257,-1.438033,0.900184,0.986166,-0.121061,-0.113228,-0.103707,0.082266,-0.991200,0.129311,0.989230,0.068573,-0.677371,0.082956,-0.005936,0.730925,-0.000726,-0.002516,-0.001435,-0.000847,0.012249,-0.002365,0.113228,0.991200,-0.068573,0.000000,0.000000,0.000000,-1,0.114594,1.004791,-0.068939,-0.023446,0.004114,-0.013683,37.795288,275.114441,-567.286560,0,0
1.200000,1.026264,-1.438142,0.900254,0.986183,-0.121007,-0.113136,-0.103628,0.082191,-0.991214,0.129242,0.989243,0.068516,-0.677399,0.082903,-0.005944,0.730905,-0.000735,-0.002546,-0.004631,0.001946,0.015301,0.000340,0.113136,0.991214,-0.068516,0.000000,0.000000,0.000000,-1,0.114990,1.009201,-0.067230,-0.022391,0.000937,-0.013679,40.607956,276.520782,-567.621765,0,0
1.240000,1.026936,-1.438426,0.901019,0.986214,-0.120937,-0.112941,-0.103470,0.081937,-0.991252,0.129133,0.989273,0.068294,-0.677492,0.082808,-0.005975,0.730829,-0.004987,0.002721,-0.007813,0.003087,0.014897,0.001339,0.112941,0.991252,-0.068294,0.000000,0.000000,0.000000,-1,0.124222,1.001282,-0.066162,-0.028764,0.010421,-0.018992,39.904785,274.762848,-568.292114,0,0
1.280000,1.029789,-1.438400,0.903710,0.986169,-0.121104,-0.113158,-0.103711,0.081675,-0.991248,0.129286,0.989274,0.067985,-0.677589,0.082947,-0.005951,0.730724,-0.009238,0.004851,-0.006720,0.011064,0.010033,0.001823,0.113158,0.991248,-0.067985,0.000000,0.000000,0.000000,-1,0.117477,1.001862,-0.068604,-0.027700,0.008322,-0.016862,40.080582,276.344971,-567.118958,0,0
1.320000,1.032204,-1.438561,0.906002,0.986149,-0.121244,-0.113185,-0.103772,0.081338,-0.991270,0.129392,0.989285,0.067630,-0.677713,0.083006,-0.005979,0.730602,-0.000728,0.001669,-0.003554,0.001470,0.011172,0.000720,0.113185,0.991270,-0.067630,0.000000,0.000000,0.000000,-1,0.115692,1.005203,-0.067978,-0.021297,0.010469,-0.013723,40.783752,275.641815,-567.789307,0,0
1.360000,1.031893,-1.438535,0.905588,0.986136,-0.121342,-0.113186,-0.103759,0.081397,-0.991266,0.129496,0.989268,0.067678,-0.677691,0.083040,-0.006017,0.730618,0.003543,0.002756,-0.000395,0.004155,0.011374,-0.003504,0.113186,0.991266,-0.067678,0.000000,0.000000,0.000000,-1,0.121445,1.002701,-0.066498,-0.017046,0.006251,-0.011610,40.256378,274.411255,-568.627258,0,0
1.400000,1.032488,-1.438152,0.906194,0.986099,-0.121307,-0.113552,-0.104107,0.081568,-0.991216,0.129504,0.989258,0.067806,-0.677629,0.083163,-0.005885,0.730663,0.005649,-0.004658,-0.000381,0.006519,0.014186,-0.000676,0.113552,0.991216,-0.067806,0.000000,0.000000,0.000000,-1,0.121063,1.004425,-0.056946,-0.023449,0.003055,-0.013679,39.377411,275.641815,-568.124512,0,0
1.440000,1.036459,-1.438273,0.910314,0.986095,-0.121181,-0.113717,-0.104347,0.081065,-0.991232,0.129337,0.989315,0.067293,-0.677816,0.083182,-0.005761,0.730488,-0.002877,-0.002576,-0.004581,0.004448,0.013209,0.004900,0.113717,0.991232,-0.067293,0.000000,0.000000,0.000000,-1,0.121704,1.004242,-0.068588,-0.022367,0.010449,-0.015846,40.432159,275.993408,-566.783813,0,0
1.480000,1.038886,-1.438155,0.912535,0.986040,-0.121384,-0.113981,-0.104620,0.080905,-0.991216,0.129540,0.989303,0.067076,-0.677875,0.083350,-0.005738,0.730414,0.002478,0.010090,-0.005705,0.011843,0.013789,-0.002122,0.113981,0.991216,-0.067076,0.000000,0.000000,0.000000,-1,0.126633,1.001663,-0.064072,-0.018094,0.018882,-0.020172,40.080582,275.993408,-566.448608,0,0
1.520000,1.040778,-1.437871,0.913697,0.985910,-0.122090,-0.114350,-0.104936,0.080955,-0.991178,0.130270,0.989212,0.067003,-0.677856,0.083730,-0.005872,0.730388,0.004609,0.017435,-0.013201,0.009841,0.014040,0.003144,0.114350,0.991178,-0.067002,0.000000,0.000000,0.000000,-1,0.120560,1.006836,-0.064819,-0.019145,0.028355,-0.026591,40.432159,275.641815,-569.130005,0,0
1.560000,1.041463,-1.438103,0.913647,0.985835,-0.122833,-0.114198,-0.104750,0.080820,-0.991209,0.130983,0.989131,0.066808,-0.677902,0.083929,-0.006190,0.730319,-0.000698,0.026929,-0.017455,0.007110,0.015200,0.001195,0.114198,0.991209,-0.066808,0.000000,0.000000,0.000000,-1,0.123459,1.001373,-0.064301,-0.025522,0.036781,-0.031900,39.025833,276.696564,-567.789307,0,0
1.600000,1.043528,-1.438540,0.914452,0.985702,-0.124112,-0.113961,-0.104472,0.080471,-0.991267,0.132199,0.989000,0.066354,-0.678026,0.084283,-0.006725,0.730159,-0.002832,0.031107,-0.023843,0.012336,0.012838,0.003320,0.113961,0.991267,-0.066354,0.000000,0.000000,0.000000,-1,0.125122,1.003479,-0.062759,-0.023394,0.038869,-0.035120,39.904785,275.466003,-568.292114,0,0
1.640000,1.045518,-1.438938,0.915108,0.985556,-0.125462,-0.113751,-0.104212,0.080162,-0.991319,0.133491,0.988855,0.065929,-0.678134,0.084671,-0.007277,0.730008,-0.000697,0.033190,-0.023830,0.012485,0.013350,0.002895,0.113751,0.991319,-0.065929,0.000000,0.000000,0.000000,-1,0.123108,1.002060,-0.063232,-0.023378,0.043115,-0.034071,39.377411,276.696564,-568.124512,0,0
1.680000,1.047482,-1.439259,0.915549,0.985377,-0.126991,-0.113605,-0.103995,0.079922,-0.991361,0.134974,0.988679,0.065547,-0.678216,0.085145,-0.007877,0.729871,0.004653,0.040623,-0.021765,0.011395,0.009279,0.002177,0.113605,0.991361,-0.065547,0.000000,0.000000,0.000000,-1,0.122498,0.995758,-0.066513,-0.013774,0.049478,-0.033104,39.201614,275.466003,-567.956909,0,0
1.720000,1.046603,-1.439300,0.913325,0.985216,-0.128316,-0.113513,-0.103785,0.080129,-0.991367,0.136304,0.988491,0.065627,-0.678134,0.085566,-0.008402,0.729892,0.011059,0.044878,-0.019697,0.008985,0.004391,-0.000886,0.113513,0.991367,-0.065627,0.000000,0.000000,0.000000,-1,0.120529,1.002716,-0.067383,-0.009498,0.050585,-0.027814,38.498444,276.169189,-565.945862,0,0
1.760000,1.043510,-1.439138,0.907572,0.984881,-0.130915,-0.113448,-0.103449,0.080823,-0.991345,0.138952,0.988093,0.066058,-0.677864,0.086435,-0.009406,0.730028,0.015312,0.039621,-0.015445,0.005296,0.011172,0.003695,0.113448,0.991346,-0.066058,0.000000,0.000000,0.000000,-1,0.119446,1.003174,-0.063187,-0.006323,0.044229,-0.027815,39.904785,276.169189,-566.616211,0,0
1.800000,1.041442,-1.439269,0.904305,0.984752,-0.132098,-0.113199,-0.103082,0.081080,-0.991363,0.140136,0.987915,0.066227,-0.677762,0.086749,-0.009936,0.730079,0.009987,0.037466,-0.015357,0.002402,0.014466,0.000187,0.113199,0.991363,-0.066227,0.000000,0.000000,0.000000,-1,0.110397,1.003860,-0.069611,-0.012719,0.041063,-0.026688,39.025833,275.290222,-568.459717,0,0
1.840000,1.036258,-1.439723,0.897711,0.984646,-0.133502,-0.112467,-0.102194,0.081478,-0.991422,0.141521,0.987694,0.066584,-0.677603,0.086959,-0.010719,0.730190,0.012098,0.031111,-0.015351,-0.003427,0.010882,-0.002798,0.112467,0.991422,-0.066584,0.000000,0.000000,0.000000,-1,0.104996,1.001419,-0.071320,-0.009561,0.031501,-0.029873,40.080582,275.993408,-566.448608,0,0
1.880000,1.024459,-1.440491,0.884653,0.984639,-0.134761,-0.111022,-0.100531,0.082322,-0.991522,0.142759,0.987453,0.067510,-0.677275,0.086853,-0.011715,0.730491,0.019527,0.022635,-0.015381,-0.008147,0.013757,-0.005213,0.111022,0.991522,-0.067510,0.000000,0.000000,0.000000,-1,0.101837,1.004013,-0.076508,0.000020,0.028350,-0.026739,40.783752,274.938660,-567.454163,0,0
1.920000,1.013830,-1.440713,0.873319,0.984647,-0.135443,-0.110112,-0.099423,0.083315,-0.991551,0.143473,0.987276,0.068570,-0.676898,0.086744,-0.012321,0.730844,0.029115,0.024741,-0.016532,-0.006794,0.013225,-0.008533,0.110112,0.991551,-0.068570,0.000000,0.000000,0.000000,-1,0.107773,1.004517,-0.072296,0.004264,0.026202,-0.029960,39.201614,276.872375,-567.621765,0,0
1.960000,1.002050,-1.440926,0.860694,0.984645,-0.136260,-0.109118,-0.098203,0.084426,-0.991579,0.144325,0.987069,0.069749,-0.676474,0.086649,-0.013011,0.731235,0.019507,0.016195,-0.020650,-0.003467,0.015440,-0.001418,0.109118,0.991579,-0.069749,0.000000,0.000000,0.000000,-1,0.103912,1.011673,-0.076431,-0.007443,0.035648,-0.039493,39.025833,274.938660,-569.465210,0,0
2.000000,0.989796,-1.442009,0.846876,0.984618,-0.137848,-0.107358,-0.096223,0.085064,-0.991718,0.145839,0.986794,0.070491,-0.676214,0.086538,-0.014227,0.731466,0.004654,0.039430,-0.028082,-0.004361,0.016827,-0.004994,0.107358,0.991718,-0.070491,0.000000,0.000000,0.000000,-1,0.102234,1.007919,-0.072769,-0.018068,0.042015,-0.038369,37.971069,275.290222,-567.118958,0,0
2.040000,0.984898,-1.442797,0.840968,0.984580,-0.138889,-0.106360,-0.095136,0.085110,-0.991819,0.146805,0.986644,0.070584,-0.676182,0.086524,-0.014953,0.731484,0.002507,0.028888,-0.022701,-0.006110,0.013903,-0.003070,0.106360,0.991819,-0.070584,0.000000,0.000000,0.000000,-1,0.100204,1.004395,-0.080399,-0.020216,0.028336,-0.028713,39.904785,276.520782,-567.286560,0,0
2.080000,0.976813,-1.443381,0.832024,0.984570,-0.139759,-0.105306,-0.093943,0.085567,-0.991894,0.147637,0.986481,0.071117,-0.675997,0.086429,-0.015655,0.731651,0.005693,0.018375,-0.014167,-0.004964,0.014073,-0.010059,0.105306,0.991894,-0.071117,0.000000,0.000000,0.000000,-1,0.095169,1.004868,-0.078812,-0.012783,0.018831,-0.025539,40.432159,276.344971,-568.794861,0,0
2.120000,0.962442,-1.444152,0.817019,0.984653,-0.140414,-0.103645,-0.092090,0.086443,-0.991991,0.148248,0.986312,0.072186,-0.675652,0.086029,-0.016504,0.731998,0.007811,0.011952,-0.017317,-0.005485,0.019239,-0.006549,0.103645,0.991991,-0.072186,0.000000,0.000000,0.000000,-1,0.099258,1.009201,-0.080734,-0.017053,0.017744,-0.028698,40.607956,276.520782,-568.292114,0,0
2.160000,0.955895,-1.444454,0.810192,0.984688,-0.140700,-0.102926,-0.091282,0.086864,-0.992029,0.148519,0.986234,0.072690,-0.675487,0.085857,-0.016874,0.732162,0.003538,0.005608,-0.016196,-0.001745,0.014410,-0.009646,0.102926,0.992029,-0.072691,0.000000,0.000000,0.000000,-1,0.101074,1.004684,-0.078308,-0.018145,0.001936,-0.020108,38.498444,276.169189,-566.616211,0,0
2.200000,0.949624,-1.444607,0.804084,0.984771,-0.140541,-0.102345,-0.090640,0.087314,-0.992049,0.148359,0.986217,0.073246,-0.675317,0.085582,-0.017034,0.732347,0.002457,-0.008072,-0.006550,-0.002171,0.013811,-0.006405,0.102345,0.992049,-0.073246,0.000000,0.000000,0.000000,-1,0.102066,1.007751,-0.081604,-0.023464,-0.000142,-0.015797,39.553207,276.169189,-566.951416,0,0
2.240000,0.944097,-1.444655,0.799019,0.984883,-0.140081,-0.101900,-0.090163,0.087739,-0.992055,0.147909,0.986245,0.073783,-0.675159,0.085255,-0.017036,0.732531,-0.002864,-0.010169,-0.004372,0.000776,0.013912,-0.007302,0.101900,0.992055,-0.073783,0.000000,0.000000,0.000000,-1,0.102661,1.006027,-0.079865,-0.024539,-0.004368,-0.014708,39.377411,275.290222,-567.454163,0,0
2.280000,0.941988,-1.444679,0.797241,0.984947,-0.139754,-0.101725,-0.089989,0.087883,-0.992058,0.147584,0.986279,0.073983,-0.675108,0.085077,-0.016982,0.732600,-0.003910,-0.009148,-0.003247,0.001333,0.012505,-0.006049,0.101725,0.992058,-0.073983,0.000000,0.000000,0.000000,-1,0.102676,1.005493,-0.080063,-0.025596,-0.004339,-0.011504,39.728989,276.344971,-567.789307,0,0
2.320000,0.940036,-1.444536,0.795777,0.985020,-0.139261,-0.101695,-0.089962,0.088114,-0.992040,0.147113,0.986328,0.074265,-0.675026,0.084894,-0.016821,0.732700,-0.003908,-0.014384,0.003164,0.000799,0.014018,-0.007934,0.101695,0.992040,-0.074265,0.000000,0.000000,0.000000,-1,0.101959,1.006638,-0.079910,-0.025592,-0.008516,-0.005096,39.728989,275.641815,-568.459717,0,0
2.360000,0.939154,-1.444291,0.795691,0.985120,-0.138458,-0.101825,-0.090128,0.088292,-0.992009,0.146342,0.986425,0.074499,-0.674968,0.084665,-0.016488,0.732787,-0.003892,-0.013286,0.007420,0.000454,0.013881,-0.004969,0.101825,0.992009,-0.074499,0.000000,0.000000,0.000000,-1,0.102524,1.003799,-0.078720,-0.026645,-0.005328,-0.004035,39.025833,275.290222,-567.118958,0,0
2.400000,0.939342,-1.444097,0.796259,0.985157,-0.138070,-0.101995,-0.090316,0.088375,-0.991984,0.145977,0.986472,0.074593,-0.674942,0.084595,-0.016291,0.732824,-0.003879,-0.011148,0.009543,0.000346,0.012975,-0.002906,0.101995,0.991984,-0.074593,0.000000,0.000000,0.000000,-1,0.103760,1.006027,-0.079117,-0.026643,-0.006368,-0.001900,40.607956,275.466003,-567.621765,0,0
2.440000,0.940237,-1.443850,0.797569,0.985189,-0.137644,-0.102259,-0.090607,0.088428,-0.991953,0.145579,0.986527,0.074646,-0.674929,0.084546,-0.016046,0.732848,-0.003872,-0.013309,0.011742,0.001501,0.014074,-0.004470,0.102259,0.991953,-0.074646,0.000000,0.000000,0.000000,-1,0.104004,1.007050,-0.076065,-0.027704,-0.005308,-0.001896,38.674240,274.235474,-567.118958,0,0
2.480000,0.944526,-1.443567,0.802463,0.985217,-0.137034,-0.102806,-0.091240,0.088178,-0.991917,0.144992,0.986634,0.074372,-0.675031,0.084542,-0.015624,0.732763,-0.009179,-0.005914,0.009625,0.002816,0.013042,0.001206,0.102806,0.991917,-0.074372,0.000000,0.000000,0.000000,-1,0.105240,1.002823,-0.071411,-0.029815,-0.000002,-0.000834,37.971069,274.938660,-568.124512,0,0
2.520000,0.948374,-1.443486,0.806562,0.985215,-0.136787,-0.103156,-0.091658,0.087859,-0.991907,0.144743,0.986697,0.074022,-0.675154,0.084590,-0.015399,0.732649,-0.009187,-0.009081,0.010702,0.001946,0.012961,0.001009,0.103156,0.991907,-0.074022,0.000000,0.000000,0.000000,-1,0.107239,1.005920,-0.072571,-0.033003,0.001067,0.000252,39.025833,275.290222,-568.124512,0,0
2.560000,0.953049,-1.443351,0.811443,0.985196,-0.136581,-0.103611,-0.092184,0.087503,-0.991890,0.144540,0.986757,0.073617,-0.675292,0.084691,-0.015152,0.732515,-0.009170,-0.004825,0.012817,0.003689,0.013420,0.002679,0.103611,0.991890,-0.073617,0.000000,0.000000,0.000000,-1,0.107452,1.006088,-0.069534,-0.029806,0.002126,0.000223,40.256378,275.466003,-566.951416,0,0
2.600000,0.959052,-1.443188,0.817710,0.985171,-0.136320,-0.104183,-0.092848,0.087034,-0.991869,0.144279,0.986834,0.073086,-0.675472,0.084818,-0.014840,0.732341,-0.005981,-0.007025,0.015018,0.002141,0.012449,0.004727,0.104183,0.991869,-0.073086,0.000000,0.000000,0.000000,-1,0.108459,1.004517,-0.070419,-0.029807,0.000027,0.002362,38.498444,276.872375,-566.616211,0,0
2.640000,0.965520,-1.442894,0.824427,0.985131,-0.136064,-0.104893,-0.093645,0.086606,-0.991832,0.144037,0.986907,0.072577,-0.675638,0.084997,-0.014484,0.732174,-0.004914,0.000320,0.007525,0.003963,0.012105,0.002981,0.104893,0.991832,-0.072577,0.000000,0.000000,0.000000,-1,0.106522,1.006058,-0.068405,-0.028749,0.003145,-0.004050,39.377411,274.587067,-568.794861,0,0
2.680000,0.970554,-1.442954,0.829578,0.985112,-0.135962,-0.105208,-0.094046,0.086083,-0.991839,0.143909,0.986967,0.072014,-0.675836,0.085083,-0.014316,0.731985,-0.008119,-0.000758,0.005423,0.001924,0.017331,0.002694,0.105208,0.991839,-0.072014,0.000000,0.000000,0.000000,-1,0.112778,1.007965,-0.072205,-0.037261,0.008404,-0.008265,40.080582,277.048157,-567.454163,0,0
2.720000,0.978797,-1.442907,0.837841,0.985046,-0.135955,-0.105837,-0.094789,0.085334,-0.991833,0.143876,0.987033,0.071171,-0.676118,0.085319,-0.014065,0.731702,-0.010256,-0.002875,0.005450,0.004896,0.008670,0.003910,0.105837,0.991833,-0.071171,0.000000,0.000000,0.000000,-1,0.107986,0.999023,-0.067276,-0.031943,0.003146,-0.004025,39.377411,275.290222,-567.789307,0,0
2.760000,0.982650,-1.442832,0.841819,0.985026,-0.135835,-0.106172,-0.095183,0.085006,-0.991824,0.143750,0.987078,0.070804,-0.676243,0.085405,-0.013892,0.731580,-0.006001,-0.002947,0.009768,0.003798,0.011259,0.000720,0.106172,0.991824,-0.070804,0.000000,0.000000,0.000000,-1,0.110123,1.005005,-0.070770,-0.028739,0.006323,-0.004062,39.904785,278.278687,-567.286560,0,0
2.800000,0.985102,-1.442703,0.844326,0.985004,-0.135777,-0.106452,-0.095491,0.084851,-0.991807,0.143697,0.987099,0.070613,-0.676302,0.085490,-0.013768,0.731517,-0.004935,-0.000849,0.007622,0.003671,0.013198,-0.000157,0.106452,0.991807,-0.070613,0.000000,0.000000,0.000000,-1,0.111328,1.005264,-0.070297,-0.024488,0.002105,-0.001949,38.674240,276.344971,-566.783813,0,0
2.840000,0.990544,-1.442243,0.850164,0.984977,-0.135366,-0.107217,-0.096328,0.084594,-0.991748,0.143319,0.987178,0.070284,-0.676406,0.085634,-0.013343,0.731412,-0.003897,-0.009322,0.007647,0.004997,0.012600,-0.000334,0.107217,0.991748,-0.070284,0.000000,0.000000,0.000000,-1,0.114044,1.003799,-0.070282,-0.027701,-0.003200,-0.002969,40.607956,276.520782,-567.621765,0,0
2.880000,0.993063,-1.441975,0.852992,0.984978,-0.135047,-0.107616,-0.096767,0.084496,-0.991714,0.143022,0.987230,0.070158,-0.676447,0.085674,-0.013085,0.731374,-0.002828,-0.009302,0.009770,0.003941,0.012879,-0.001863,0.107616,0.991714,-0.070159,0.000000,0.000000,0.000000,-1,0.113052,1.003891,-0.069489,-0.025566,-0.003181,-0.000855,39.377411,275.993408,-568.124512,0,0
2.920000,0.996406,-1.441577,0.856670,0.984964,-0.134697,-0.108181,-0.097375,0.084397,-0.991663,0.142705,0.987286,0.070012,-0.676490,0.085763,-0.012759,0.731330,-0.002862,-0.012617,0.008823,0.005299,0.013266,-0.000392,0.108181,0.991663,-0.070012,0.000000,0.000000,0.000000,-1,0.113846,1.003143,-0.069641,-0.026639,-0.004259,-0.002973,39.201614,275.817627,-567.621765,0,0
2.960000,1.000912,-1.441260,0.861809,0.984987,-0.134063,-0.108760,-0.098046,0.084101,-0.991622,0.142086,0.987398,0.069694,-0.676608,0.085762,-0.012314,0.731229,-0.004991,-0.009468,0.005632,0.002355,0.011811,-0.000863,0.108760,0.991622,-0.069694,0.000000,0.000000,0.000000,-1,0.112762,1.002731,-0.074295,-0.026643,-0.001131,-0.008312,39.025833,275.290222,-566.448608,0,0
3.000000,1.002095,-1.441114,0.863273,0.985003,-0.133778,-0.108965,-0.098279,0.084052,-0.991603,0.141813,0.987440,0.069643,-0.676629,0.085740,-0.012137,0.731214,-0.002872,-0.010557,0.002424,0.004225,0.015157,0.000185,0.108965,0.991603,-0.069643,0.000000,0.000000,0.000000,-1,0.113831,1.007690,-0.069733,-0.025584,-0.002201,-0.009381,40.432159,275.290222,-567.789307,0,0
3.040000,1.003927,-1.441076,0.865484,0.985035,-0.133406,-0.109124,-0.098494,0.083859,-0.991598,0.141436,0.987507,0.069464,-0.676704,0.085673,-0.011937,0.731156,-0.006069,-0.009517,0.000315,0.003074,0.014155,-0.001306,0.109124,0.991598,-0.069464,0.000000,0.000000,0.000000,-1,0.110764,1.004272,-0.069550,-0.029844,-0.000111,-0.012552,39.025833,275.290222,-568.794861,0,0
3.080000,1.006793,-1.441152,0.868635,0.985057,-0.133138,-0.109258,-0.098700,0.083499,-0.991608,0.141144,0.987574,0.069110,-0.676840,0.085632,-0.011777,0.731038,-0.007139,-0.002202,0.000395,0.005076,0.011734,-0.001843,0.109258,0.991608,-0.069110,0.000000,0.000000,0.000000,-1,0.115997,1.003769,-0.070099,-0.027700,0.003086,-0.010450,38.850037,276.169189,-566.616211,0,0
3.120000,1.008731,-1.440979,0.870701,0.985044,-0.133004,-0.109537,-0.099003,0.083405,-0.991586,0.141021,0.987600,0.068990,-0.676877,0.085690,-0.011628,0.730999,-0.002879,-0.005341,0.004636,0.003714,0.012382,-0.000819,0.109537,0.991586,-0.068990,0.000000,0.000000,0.000000,-1,0.110001,1.002426,-0.070999,-0.022374,0.002045,-0.008357,38.674240,275.641815,-568.124512,0,0
3.160000,1.009469,-1.440860,0.871609,0.985050,-0.132831,-0.109688,-0.099169,0.083391,-0.991570,0.140859,0.987624,0.068972,-0.676884,0.085687,-0.011512,0.730995,0.001377,-0.005352,0.003538,0.000312,0.010856,-0.002027,0.109688,0.991570,-0.068972,0.000000,0.000000,0.000000,-1,0.111404,1.002930,-0.067474,-0.020232,0.007330,-0.009458,40.080582,275.993408,-567.118958,0,0
3.200000,1.010748,-1.440722,0.872941,0.985036,-0.132772,-0.109892,-0.099385,0.083347,-0.991552,0.140810,0.987636,0.068904,-0.676902,0.085743,-0.011419,0.730973,0.000320,-0.003224,0.004603,0.000734,0.013147,0.001964,0.109892,0.991552,-0.068904,0.000000,0.000000,0.000000,-1,0.111191,1.005295,-0.069855,-0.021301,0.003124,-0.006238,39.904785,275.114441,-567.286560,0,0
3.240000,1.011459,-1.440593,0.873860,0.985047,-0.132560,-0.110049,-0.099559,0.083337,-0.991536,0.140609,0.987665,0.068894,-0.676908,0.085728,-0.011287,0.730972,0.000296,-0.006490,0.007864,0.000684,0.013698,-0.001678,0.110049,0.991536,-0.068894,0.000000,0.000000,0.000000,-1,0.109680,1.002594,-0.067963,-0.022380,-0.003211,-0.004076,38.850037,275.466003,-567.621765,0,0
3.280000,1.011729,-1.440506,0.874334,0.985064,-0.132353,-0.110142,-0.099666,0.083346,-0.991524,0.140411,0.987692,0.068910,-0.676906,0.085691,-0.011179,0.730979,0.000283,-0.010727,0.007880,-0.000461,0.011070,0.000948,0.110142,0.991524,-0.068910,0.000000,0.000000,0.000000,-1,0.111313,1.001007,-0.068268,-0.019191,-0.003232,-0.006231,40.080582,275.290222,-567.118958,0,0
3.320000,1.013055,-1.440400,0.876174,0.985112,-0.131843,-0.110322,-0.099899,0.083230,-0.991510,0.139906,0.987770,0.068819,-0.676953,0.085583,-0.010925,0.730952,-0.000792,-0.007618,0.000419,-0.000016,0.014807,0.003451,0.110322,0.991510,-0.068820,0.000000,0.000000,0.000000,-1,0.110672,1.008789,-0.066803,-0.023446,0.003065,-0.012614,41.135330,275.290222,-568.124512,0,0
3.360000,1.013970,-1.440533,0.877182,0.985129,-0.131764,-0.110272,-0.099881,0.083044,-0.991528,0.139805,0.987796,0.068649,-0.677022,0.085538,-0.010905,0.730894,-0.005043,-0.001301,-0.003833,0.003787,0.015583,-0.000245,0.110272,0.991528,-0.068649,0.000000,0.000000,0.000000,-1,0.114075,1.006500,-0.067459,-0.029827,0.008333,-0.015780,39.904785,276.169189,-567.286560,0,0
3.400000,1.016587,-1.440740,0.879823,0.985128,-0.131761,-0.110278,-0.099943,0.082650,-0.991555,0.139763,0.987830,0.068252,-0.677168,0.085542,-0.010885,0.730758,-0.005064,-0.003521,-0.001590,0.002774,0.010322,0.002441,0.110278,0.991555,-0.068252,0.000000,0.000000,0.000000,-1,0.110809,1.000214,-0.067368,-0.025576,0.002016,-0.011528,38.322662,277.048157,-568.459717,0,0
3.440000,1.018295,-1.440832,0.881725,0.985148,-0.131581,-0.110317,-0.100029,0.082402,-0.991566,0.139562,0.987875,0.068016,-0.677261,0.085495,-0.010795,0.730679,-0.002915,0.000745,0.001573,0.001759,0.010814,0.000877,0.110317,0.991566,-0.068016,0.000000,0.000000,0.000000,-1,0.109573,1.004944,-0.066971,-0.024489,0.009430,-0.011564,39.904785,274.411255,-568.962463,0,0
3.480000,1.018743,-1.440898,0.882128,0.985144,-0.131632,-0.110291,-0.100012,0.082319,-0.991575,0.139602,0.987875,0.067932,-0.677291,0.085504,-0.010819,0.730650,0.002406,0.000734,0.000466,0.000976,0.014742,0.000396,0.110291,0.991575,-0.067932,0.000000,0.000000,0.000000,-1,0.112564,1.005936,-0.066635,-0.025560,0.008361,-0.012617,39.025833,274.938660,-567.454163,0,0
3.520000,1.019807,-1.440939,0.883182,0.985138,-0.131648,-0.110329,-0.100067,0.082189,-0.991580,0.139607,0.987884,0.067793,-0.677340,0.085524,-0.010806,0.730602,-0.001866,-0.001403,-0.001623,0.002235,0.014355,0.001158,0.110329,0.991580,-0.067793,0.000000,0.000000,0.000000,-1,0.111435,1.003021,-0.069809,-0.022369,0.007301,-0.012638,39.904785,275.466003,-567.956909,0,0
3.560000,1.021104,-1.440970,0.884452,0.985127,-0.131680,-0.110391,-0.100148,0.082042,-0.991584,0.139628,0.987891,0.067634,-0.677394,0.085559,-0.010790,0.730548,-0.003987,0.003820,0.000566,0.001883,0.009728,0.000084,0.110391,0.991584,-0.067634,0.000000,0.000000,0.000000,-1,0.113770,1.004074,-0.071503,-0.023412,0.013666,-0.011588,39.553207,277.575531,-566.951416,0,0
3.600000,1.021626,-1.440904,0.884797,0.985093,-0.131851,-0.110481,-0.100227,0.082049,-0.991576,0.139805,0.987868,0.067611,-0.677391,0.085651,-0.010822,0.730540,-0.001853,0.006977,-0.001593,0.004082,0.015291,0.000228,0.110481,0.991576,-0.067611,0.000000,0.000000,0.000000,-1,0.113342,1.005585,-0.066345,-0.024481,0.014696,-0.014780,39.553207,275.466003,-566.951416,0,0
3.640000,1.022848,-1.441008,0.885738,0.985056,-0.132139,-0.110476,-0.100224,0.081889,-0.991589,0.140074,0.987843,0.067422,-0.677448,0.085749,-0.010923,0.730474,-0.002921,0.008017,-0.003719,0.003385,0.013599,0.001260,0.110476,0.991589,-0.067422,0.000000,0.000000,0.000000,-1,0.113983,1.005844,-0.068130,-0.024484,0.014686,-0.015845,40.080582,275.290222,-566.448608,0,0
3.680000,1.023297,-1.441145,0.885828,0.985016,-0.132503,-0.110390,-0.100126,0.081794,-0.991607,0.140420,0.987802,0.067302,-0.677481,0.085843,-0.011081,0.730430,-0.001854,0.008027,-0.002661,0.001045,0.011826,-0.001973,0.110390,0.991607,-0.067302,0.000000,0.000000,0.000000,-1,0.112518,1.003296,-0.069519,-0.024478,0.015755,-0.014784,40.080582,275.290222,-568.124512,0,0
3.720000,1.023217,-1.441111,0.885558,0.984989,-0.132687,-0.110413,-0.100130,0.081842,-0.991603,0.140610,0.987773,0.067328,-0.677462,0.085915,-0.011143,0.730438,0.001335,0.006891,-0.001545,0.003097,0.013173,-0.001840,0.110413,0.991603,-0.067328,0.000000,0.000000,0.000000,-1,0.112778,1.004333,-0.070328,-0.021291,0.011538,-0.012662,40.080582,275.641815,-567.454163,0,0
3.760000,1.022702,-1.440977,0.884876,0.984959,-0.132841,-0.110493,-0.100177,0.081995,-0.991585,0.140783,0.987740,0.067454,-0.677405,0.085997,-0.011179,0.730481,0.002390,0.002664,-0.000472,0.002132,0.013359,-0.002797,0.110493,0.991585,-0.067454,0.000000,0.000000,0.000000,-1,0.113876,1.003189,-0.068924,-0.020229,0.011527,-0.013736,40.256378,275.466003,-566.616211,0,0
3.800000,1.022055,-1.440785,0.884001,0.984918,-0.133051,-0.110611,-0.100252,0.082203,-0.991560,0.141020,0.987694,0.067625,-0.677327,0.086112,-0.011224,0.730538,0.000273,0.006902,-0.000471,0.003403,0.012422,-0.002551,0.110611,0.991560,-0.067625,0.000000,0.000000,0.000000,-1,0.113480,1.003571,-0.067535,-0.021291,0.011538,-0.012662,39.728989,275.993408,-568.124512,0,0
3.840000,1.022535,-1.440750,0.884373,0.984896,-0.133156,-0.110673,-0.100310,0.082188,-0.991556,0.141128,0.987681,0.067590,-0.677333,0.086171,-0.011241,0.730526,0.002396,0.003734,0.000590,0.002333,0.011999,0.001321,0.110673,0.991556,-0.067590,0.000000,0.000000,0.000000,-1,0.111877,1.003128,-0.068176,-0.023421,0.010489,-0.011576,40.783752,276.344971,-567.789307,0,0
3.880000,1.022656,-1.440687,0.884418,0.984880,-0.133226,-0.110734,-0.100362,0.082223,-0.991548,0.141205,0.987669,0.067609,-0.677320,0.086218,-0.011247,0.730533,0.000267,0.002615,0.002807,0.001143,0.011580,-0.000567,0.110734,0.991548,-0.067609,0.000000,0.000000,0.000000,-1,0.109146,1.003906,-0.067200,-0.021302,0.006262,-0.010511,40.080582,275.290222,-567.118958,0,0
3.920000,1.023034,-1.440784,0.884950,0.984906,-0.133083,-0.110678,-0.100331,0.082109,-0.991560,0.141047,0.987698,0.067517,-0.677362,0.086148,-0.011209,0.730502,-0.004016,-0.005847,0.003936,-0.003516,0.017275,0.000272,0.110678,0.991560,-0.067517,0.000000,0.000000,0.000000,-1,0.106216,1.006424,-0.065048,-0.025572,0.000987,-0.008328,39.377411,274.587067,-568.124512,0,0
3.960000,1.023076,-1.440961,0.885245,0.984954,-0.132846,-0.110531,-0.100219,0.081968,-0.991583,0.140788,0.987742,0.067421,-0.677415,0.086013,-0.011166,0.730470,0.000230,-0.010084,0.003918,-0.004406,0.013345,-0.000191,0.110531,0.991583,-0.067421,0.000000,0.000000,0.000000,-1,0.110886,1.001465,-0.070190,-0.019202,-0.005370,-0.008354,39.904785,276.169189,-568.292114,0,0
4.000000,1.021788,-1.440865,0.884354,0.985009,-0.132444,-0.110525,-0.100220,0.082118,-0.991571,0.140404,0.987783,0.067613,-0.677362,0.085871,-0.011028,0.730537,0.002353,-0.012203,0.003908,0.000360,0.009894,-0.002577,0.110525,0.991571,-0.067613,0.000000,0.000000,0.000000,-1,0.111694,1.006058,-0.066132,-0.019206,-0.007478,-0.007280,38.498444,275.466003,-568.292114,0,0
4.040000,1.023307,-1.440839,0.886655,0.985098,-0.131677,-0.110650,-0.100428,0.081903,-0.991567,0.139629,0.987903,0.067458,-0.677447,0.085654,-0.010694,0.730489,-0.008296,-0.008088,-0.002362,0.005226,0.016672,-0.001588,0.110650,0.991567,-0.067458,0.000000,0.000000,0.000000,-1,0.118256,1.003738,-0.070557,-0.031975,0.003028,-0.016809,40.783752,277.048157,-566.783813,0,0
4.080000,1.024551,-1.440691,0.888127,0.985105,-0.131445,-0.110859,-0.100663,0.081848,-0.991548,0.139408,0.987939,0.067397,-0.677470,0.085653,-0.010535,0.730471,-0.002987,-0.011286,-0.004521,0.004161,0.007872,-0.002000,0.110859,0.991548,-0.067397,0.000000,0.000000,0.000000,-1,0.103455,1.005035,-0.075302,-0.026693,-0.010742,-0.016798,39.728989,275.290222,-567.789307,0,0
4.120000,1.018459,-1.441400,0.882766,0.985310,-0.130758,-0.109848,-0.099680,0.081940,-0.991640,0.138665,0.988022,0.067702,-0.677434,0.085041,-0.010635,0.730574,-0.008327,-0.011354,-0.011940,-0.015457,0.019301,-0.011460,0.109848,0.991640,-0.067702,0.000000,0.000000,0.000000,-1,0.098557,1.023468,-0.083099,-0.031936,0.033546,-0.038230,39.728989,274.938660,-567.789307,0,0
4.160000,1.009083,-1.443004,0.872103,0.985349,-0.132114,-0.107862,-0.097583,0.081975,-0.991846,0.139878,0.987839,0.067882,-0.677402,0.084771,-0.011816,0.730617,-0.012409,0.072023,-0.044186,-0.006437,0.028357,-0.009984,0.107862,0.991846,-0.067882,0.000000,0.000000,0.000000,-1,0.121735,1.021378,-0.086487,-0.031816,0.091591,-0.060820,40.607956,276.169189,-567.621765,0,0
4.200000,1.006683,-1.444869,0.865230,0.984918,-0.136643,-0.106135,-0.095608,0.081444,-0.992082,0.144205,0.987267,0.067151,-0.677555,0.085694,-0.014047,0.730328,-0.043140,0.138471,-0.069721,0.016027,0.036239,-0.011218,0.106135,0.992082,-0.067151,0.000000,0.000000,0.000000,-1,0.116577,1.019409,-0.072449,-0.054178,0.107297,-0.080947,40.783752,276.696564,-568.459717,0,0
4.240000,1.005944,-1.447600,0.860353,0.984567,-0.140902,-0.103797,-0.093156,0.080142,-0.992421,0.148153,0.986775,0.065779,-0.677984,0.086307,-0.016356,0.729810,-0.007086,0.088692,-0.068749,0.000253,-0.008961,-0.004686,0.103797,0.992421,-0.065779,0.000000,0.000000,0.000000,-1,0.099930,1.004059,-0.089310,-0.032858,0.115765,-0.081144,40.080582,275.290222,-567.454163,0,0
4.280000,0.988860,-1.450251,0.837480,0.984060,-0.146744,-0.100460,-0.089343,0.080490,-0.992743,0.153766,0.985894,0.066096,-0.677767,0.087083,-0.019662,0.729837,-0.018616,0.140661,-0.061399,-0.012615,0.023431,-0.018865,0.100460,0.992743,-0.066096,0.000000,0.000000,0.000000,-1,0.073166,1.011108,-0.079422,-0.042296,0.152955,-0.068426,40.607956,275.817627,-567.956909,0,0
