0.000000,-1.323453,1.191395,0.965176,0.879816,-0.311410,0.359093,-0.304495,0.210838,0.928886,-0.364975,-0.926591,0.090676,0.628152,-0.245126,-0.002341,0.738466,-0.007022,0.031044,-0.019683,0.010293,0.026482,0.002267,-0.359093,-0.928886,-0.090676,0.000000,0.000000,0.000000,-1,-0.350891,-0.904495,-0.089478,-0.024460,0.036771,-0.032973,15.645493,195.304886,-566.616211,0,0
0.040000,-1.322894,1.191580,0.964924,0.879996,-0.311151,0.358875,-0.304300,0.210817,0.928955,-0.364703,-0.926683,0.090835,0.628161,-0.244942,-0.002319,0.738520,-0.000639,0.032072,-0.022932,0.007984,0.024460,0.001357,-0.358875,-0.928955,-0.090834,0.000000,0.000000,0.000000,-1,-0.356750,-0.912399,-0.092361,-0.020213,0.033582,-0.034059,15.645493,195.304886,-566.616211,0,0
0.080000,-1.321796,1.192067,0.964719,0.880476,-0.310414,0.358337,-0.303886,0.210622,0.929135,-0.363890,-0.926974,0.091117,0.628239,-0.244453,-0.002210,0.738616,0.004662,0.025706,-0.024012,-0.000580,0.015225,-0.000939,-0.358337,-0.929135,-0.091117,0.000000,0.000000,0.000000,-1,-0.360947,-0.918671,-0.094391,-0.023420,0.028297,-0.032949,15.118118,193.019592,-566.113464,0,0
0.120000,-1.319480,1.192496,0.963647,0.881111,-0.309299,0.357739,-0.303332,0.210720,0.929294,-0.362812,-0.927325,0.091847,0.628201,-0.243804,-0.002019,0.738864,0.002556,0.026762,-0.016421,-0.001377,0.014453,-0.002635,-0.357739,-0.929294,-0.091847,0.000000,0.000000,0.000000,-1,-0.360245,-0.913696,-0.093689,-0.024455,0.030504,-0.023362,14.766541,193.722748,-565.443115,0,0
0.160000,-1.318250,1.192519,0.963138,0.881407,-0.308611,0.357605,-0.303207,0.210862,0.929302,-0.362198,-0.927522,0.092282,0.628145,-0.243502,-0.001828,0.739011,0.001478,0.020438,-0.013189,0.000412,0.014690,-0.001712,-0.357605,-0.929302,-0.092282,0.000000,0.000000,0.000000,-1,-0.355743,-0.917755,-0.091080,-0.019154,0.022040,-0.022306,14.063370,193.019592,-567.118958,0,0
0.200000,-1.317707,1.192814,0.963460,0.881789,-0.307883,0.357290,-0.303050,0.210608,0.929411,-0.361398,-0.927821,0.092408,0.628246,-0.243111,-0.001635,0.739054,0.007850,0.014091,-0.012147,-0.000346,0.009871,0.002259,-0.357290,-0.929411,-0.092408,0.000000,0.000000,0.000000,-1,-0.360138,-0.917007,-0.090439,-0.012785,0.015683,-0.022331,14.766541,194.074341,-566.783813,0,0
0.240000,-1.318703,1.192939,0.964624,0.881824,-0.307807,0.357268,-0.303199,0.210189,0.929457,-0.361187,-0.927942,0.092023,0.628413,-0.243075,-0.001559,0.738924,0.014162,-0.009232,-0.014234,-0.005006,0.014510,-0.000796,-0.357268,-0.929457,-0.092023,0.000000,0.000000,0.000000,-1,-0.359680,-0.908752,-0.091461,-0.010734,-0.008697,-0.024387,13.184402,194.250122,-566.616211,0,0
0.280000,-1.320362,1.192843,0.965949,0.881605,-0.308158,0.357507,-0.303551,0.209837,0.929422,-0.361427,-0.927905,0.091452,0.628553,-0.243300,-0.001559,0.738731,0.007842,-0.000717,-0.003528,-0.003195,0.020090,0.005591,-0.357507,-0.929422,-0.091452,0.000000,0.000000,0.000000,-1,-0.354584,-0.914215,-0.089874,-0.005371,-0.004363,-0.013791,14.239151,192.843796,-566.616211,0,0
0.320000,-1.322194,1.192883,0.967614,0.881468,-0.308398,0.357639,-0.303870,0.208930,0.929492,-0.361771,-0.927887,0.090264,0.628913,-0.243590,-0.001647,0.738329,0.019448,-0.025199,-0.016307,0.001883,0.021335,-0.001884,-0.357627,-0.929492,-0.090264,0.000000,0.000000,0.000000,-1,-0.352844,-0.906006,-0.090256,-0.006507,-0.014053,-0.030791,14.239151,192.843796,-565.945862,0,0
0.360000,-1.324415,1.193483,0.969179,0.881324,-0.309202,0.357298,-0.303737,0.208520,0.929658,-0.361956,-0.927854,0.089857,0.629076,-0.243587,-0.001851,0.738190,0.014169,-0.003034,-0.024869,0.001494,0.021409,-0.007769,-0.357298,-0.929658,-0.089857,0.000000,0.000000,0.000000,-1,-0.352509,-0.908585,-0.091660,-0.008607,0.001766,-0.038291,13.535995,192.492203,-567.286560,0,0
0.400000,-1.325075,1.194343,0.969612,0.881472,-0.309606,0.356582,-0.303168,0.207936,0.929974,-0.362071,-0.927851,0.089427,0.629307,-0.243432,-0.002181,0.738044,0.015170,-0.015833,-0.034416,0.004073,0.021390,-0.002233,-0.356582,-0.929974,-0.089427,0.000000,0.000000,0.000000,-1,-0.352829,-0.919342,-0.087296,-0.004368,-0.005640,-0.037231,15.118118,194.425919,-565.107910,0,0
0.440000,-1.327777,1.195423,0.972234,0.881624,-0.310019,0.355847,-0.302882,0.206574,0.930371,-0.361941,-0.928017,0.088221,0.629847,-0.243274,-0.002419,0.737635,0.029161,0.003418,-0.007870,-0.000293,0.011136,0.001246,-0.355847,-0.930371,-0.088221,0.000000,0.000000,0.000000,-1,-0.356262,-0.918350,-0.085953,0.001032,0.003019,-0.017064,13.887573,193.546967,-566.616211,0,0
0.480000,-1.329765,1.195576,0.974058,0.881515,-0.310287,0.355883,-0.303140,0.205941,0.930427,-0.361991,-0.928068,0.087480,0.630098,-0.243386,-0.002423,0.737383,0.010996,-0.015672,-0.010852,-0.002515,0.012947,0.006623,-0.355883,-0.930427,-0.087480,0.000000,0.000000,0.000000,-1,-0.356232,-0.915253,-0.079529,-0.016070,-0.016070,-0.020056,15.293915,193.898544,-566.616211,0,0
0.520000,-1.332473,1.195651,0.975777,0.881090,-0.311299,0.356052,-0.303436,0.205381,0.930454,-0.362776,-0.927853,0.086499,0.630319,-0.243819,-0.002667,0.737050,0.008852,-0.026205,-0.004400,0.002383,0.016834,0.007474,-0.356052,-0.930454,-0.086499,0.000000,0.000000,0.000000,-1,-0.349274,-0.914078,-0.078903,-0.011790,-0.018091,-0.009429,13.360199,193.371170,-566.448608,0,0
0.560000,-1.336313,1.195845,0.978605,0.880635,-0.312409,0.356205,-0.303866,0.204421,0.930526,-0.363521,-0.927692,0.085090,0.630699,-0.244283,-0.002900,0.736571,0.016365,-0.015528,0.005089,0.008076,0.017653,0.008582,-0.356205,-0.930526,-0.085089,0.000000,0.000000,0.000000,-1,-0.349930,-0.911438,-0.081207,-0.008563,-0.010639,-0.005220,15.293915,193.195374,-566.951416,0,0
0.600000,-1.338023,1.195636,0.979672,0.880285,-0.313015,0.356539,-0.304245,0.204205,0.930449,-0.364052,-0.927535,0.084525,0.630784,-0.244640,-0.002977,0.736379,-0.002799,-0.020922,-0.001066,0.004931,0.024611,0.000480,-0.356539,-0.930449,-0.084525,0.000000,0.000000,0.000000,-1,-0.350296,-0.906601,-0.084305,-0.032030,-0.017076,-0.014602,14.239151,192.843796,-566.616211,0,0
0.640000,-1.338135,1.195521,0.978703,0.879906,-0.313949,0.356653,-0.304136,0.204560,0.930407,-0.365057,-0.927141,0.084510,0.630642,-0.245022,-0.003332,0.736372,-0.014525,-0.024117,-0.003092,0.010279,0.024660,0.003074,-0.356653,-0.930407,-0.084510,0.000000,0.000000,0.000000,-1,-0.344742,-0.909882,-0.077835,-0.030910,-0.002209,-0.010405,15.645493,193.546967,-566.616211,0,0
0.680000,-1.338287,1.195612,0.978487,0.879810,-0.314298,0.356583,-0.304021,0.204578,0.930440,-0.365384,-0.927019,0.084436,0.630634,-0.245118,-0.003489,0.736346,-0.001654,0.003457,0.000965,0.011841,0.020559,0.006601,-0.356583,-0.930440,-0.084436,0.000000,0.000000,0.000000,-1,-0.350555,-0.913437,-0.077850,-0.021256,0.019001,-0.007364,14.942322,192.843796,-566.616211,0,0
0.720000,-1.339134,1.195661,0.979797,0.879926,-0.313941,0.356610,-0.304251,0.204154,0.930458,-0.364912,-0.927234,0.084123,0.630803,-0.245002,-0.003290,0.736241,-0.005886,0.010870,0.000970,0.006681,0.010521,0.011141,-0.356610,-0.930458,-0.084123,0.000000,0.000000,0.000000,-1,-0.351410,-0.922897,-0.080673,-0.027649,0.018983,-0.009445,13.887573,193.546967,-566.951416,0,0
0.760000,-1.339134,1.195760,0.980264,0.880102,-0.313549,0.356521,-0.304270,0.203960,0.930494,-0.364472,-0.927409,0.084102,0.630880,-0.244824,-0.003151,0.736235,-0.000488,0.024571,-0.001220,0.005111,0.007597,0.003429,-0.356521,-0.930494,-0.084102,0.000000,0.000000,0.000000,-1,-0.355942,-0.916443,-0.082428,-0.026531,0.040126,-0.013794,14.766541,194.074341,-566.113464,0,0
0.800000,-1.336602,1.195730,0.979886,0.880895,-0.311527,0.356334,-0.304217,0.204091,0.930483,-0.362595,-0.928061,0.085011,0.630831,-0.244021,-0.002481,0.736546,-0.003652,0.042488,-0.010848,0.001506,0.015826,0.002232,-0.356334,-0.930483,-0.085011,0.000000,0.000000,0.000000,-1,-0.354202,-0.914490,-0.081970,-0.027607,0.045323,-0.024458,14.942322,193.898544,-566.281006,0,0
0.840000,-1.335183,1.195929,0.979657,0.881397,-0.310451,0.356032,-0.304016,0.204057,0.930556,-0.361543,-0.928429,0.085474,0.630846,-0.243509,-0.002184,0.736704,-0.001535,0.043488,-0.017259,0.001571,0.019683,0.005243,-0.356032,-0.930556,-0.085474,0.000000,0.000000,0.000000,-1,-0.355316,-0.907471,-0.083221,-0.024411,0.048470,-0.027691,15.118118,194.074341,-566.783813,0,0
0.880000,-1.333954,1.196112,0.979551,0.881862,-0.309440,0.355762,-0.303853,0.203995,0.930623,-0.360545,-0.928780,0.085871,0.630872,-0.243034,-0.001896,0.736839,-0.002636,0.033926,-0.020407,0.000659,0.023290,0.004176,-0.355762,-0.930623,-0.085871,0.000000,0.000000,0.000000,-1,-0.354004,-0.906509,-0.083252,-0.032969,0.036802,-0.029711,14.590744,194.250122,-566.616211,0,0
0.920000,-1.331251,1.196203,0.978794,0.882627,-0.307615,0.355446,-0.303628,0.204178,0.930657,-0.358858,-0.929346,0.086812,0.630801,-0.242249,-0.001352,0.737160,-0.000465,0.029664,-0.013945,0.001259,0.022789,0.000844,-0.355446,-0.930657,-0.086812,0.000000,0.000000,0.000000,-1,-0.356018,-0.905701,-0.088699,-0.020228,0.025148,-0.029766,13.535995,194.250122,-566.616211,0,0
0.960000,-1.330088,1.196308,0.978150,0.882878,-0.307123,0.355250,-0.303415,0.204318,0.930695,-0.358422,-0.929478,0.087202,0.630745,-0.241991,-0.001257,0.737292,-0.004795,0.013699,-0.022371,-0.001028,0.022538,-0.003679,-0.355250,-0.930695,-0.087202,0.000000,0.000000,0.000000,-1,-0.347794,-0.912674,-0.090652,-0.033046,0.016619,-0.036027,13.535995,194.953293,-566.951416,0,0
1.000000,-1.327742,1.196734,0.976153,0.883230,-0.306790,0.354660,-0.302679,0.204702,0.930850,-0.358175,-0.929504,0.087940,0.630593,-0.241625,-0.001394,0.737542,-0.014395,0.014693,-0.029756,0.006867,0.018177,-0.002712,-0.354660,-0.930851,-0.087940,0.000000,0.000000,0.000000,-1,-0.349350,-0.915085,-0.089218,-0.038392,0.014443,-0.042369,15.118118,193.371170,-567.789307,0,0
1.040000,-1.323746,1.198029,0.972341,0.883872,-0.306701,0.353136,-0.300900,0.205175,0.931323,-0.358092,-0.929429,0.089062,0.630404,-0.240957,-0.001965,0.737921,-0.015467,0.015723,-0.032947,0.002077,0.009936,0.002896,-0.353136,-0.931323,-0.089062,0.000000,0.000000,0.000000,-1,-0.355927,-0.932556,-0.084091,-0.033011,0.027221,-0.035002,15.118118,194.074341,-567.118958,0,0
1.080000,-1.322252,1.198724,0.971430,0.884329,-0.306257,0.352376,-0.300178,0.205084,0.931576,-0.357569,-0.929595,0.089430,0.630439,-0.240481,-0.002059,0.738045,-0.010108,0.006246,-0.017966,-0.003032,-0.000431,0.003035,-0.352376,-0.931576,-0.089430,0.000000,0.000000,0.000000,-1,-0.350861,-0.921539,-0.086838,-0.034119,0.006117,-0.026391,15.821289,192.667999,-566.113464,0,0
1.120000,-1.321817,1.198973,0.970913,0.884399,-0.306359,0.352112,-0.299881,0.205108,0.931666,-0.357645,-0.929556,0.089526,0.630429,-0.240407,-0.002194,0.738077,-0.009040,-0.000031,-0.009427,0.001251,0.010127,0.002689,-0.352112,-0.931666,-0.089526,0.000000,0.000000,0.000000,-1,-0.343124,-0.919662,-0.091812,-0.031985,-0.000150,-0.016797,12.657028,194.074341,-567.118958,0,0
1.160000,-1.320174,1.199505,0.969050,0.884570,-0.306585,0.351484,-0.299089,0.205386,0.931860,-0.357884,-0.929420,0.089982,0.630318,-0.240226,-0.002538,0.738231,-0.004773,0.003146,-0.009473,0.006498,0.013937,0.000977,-0.351484,-0.931860,-0.089982,0.000000,0.000000,0.000000,-1,-0.344315,-0.916916,-0.088135,-0.027708,0.008293,-0.020057,15.118118,190.910080,-566.783813,0,0
1.200000,-1.319525,1.199803,0.968365,0.884679,-0.306647,0.351156,-0.298719,0.205433,0.931968,-0.357924,-0.929390,0.090141,0.630299,-0.240111,-0.002684,0.738284,-0.006928,-0.006376,-0.008357,0.010076,0.019889,0.000831,-0.351156,-0.931968,-0.090141,0.000000,0.000000,0.000000,-1,-0.340118,-0.905441,-0.088074,-0.030944,-0.006524,-0.018911,15.293915,193.546967,-567.286560,0,0
1.240000,-1.318939,1.200119,0.967371,0.884675,-0.307045,0.350818,-0.298273,0.205563,0.932082,-0.358307,-0.929229,0.090273,0.630246,-0.240112,-0.002970,0.738328,-0.009073,-0.012810,-0.010376,0.013568,0.025329,0.001345,-0.350818,-0.932082,-0.090273,0.000000,0.000000,0.000000,-1,-0.341858,-0.909378,-0.090256,-0.038373,-0.001197,-0.015678,14.414948,193.371170,-566.448608,0,0
1.280000,-1.316777,1.199935,0.964677,0.884570,-0.307382,0.350789,-0.297859,0.206463,0.932015,-0.358910,-0.928918,0.091075,0.629887,-0.240218,-0.003223,0.738598,-0.016468,-0.006305,0.005637,0.004811,0.021325,0.005412,-0.350789,-0.932015,-0.091075,0.000000,0.000000,0.000000,-1,-0.343643,-0.915619,-0.086243,-0.036207,-0.001060,-0.000781,15.821289,193.019592,-565.778259,0,0
1.320000,-1.316814,1.199705,0.964472,0.884427,-0.307553,0.350999,-0.297993,0.206647,0.931932,-0.359151,-0.928821,0.091115,0.629814,-0.240367,-0.003236,0.738612,-0.003676,-0.008348,0.014067,0.006654,0.009584,0.001378,-0.350999,-0.931932,-0.091115,0.000000,0.000000,0.000000,-1,-0.342148,-0.924667,-0.093338,-0.026633,-0.007378,0.003430,13.887573,192.492203,-567.621765,0,0
1.360000,-1.316746,1.199511,0.964049,0.884265,-0.307825,0.351168,-0.298054,0.206876,0.931862,-0.359498,-0.928680,0.091185,0.629723,-0.240534,-0.003307,0.738635,-0.004757,-0.013643,0.014093,0.010073,0.008034,-0.002504,-0.351168,-0.931862,-0.091185,0.000000,0.000000,0.000000,-1,-0.343140,-0.919418,-0.096756,-0.030865,-0.002042,0.007704,15.293915,193.195374,-567.286560,0,0
1.400000,-1.315127,1.198608,0.962385,0.884075,-0.307611,0.351834,-0.298399,0.207852,0.931534,-0.359680,-0.928533,0.091966,0.629336,-0.240734,-0.003117,0.738900,-0.010002,0.007545,0.020525,0.008191,0.012802,-0.003127,-0.351834,-0.931534,-0.091966,0.000000,0.000000,0.000000,-1,-0.343933,-0.918884,-0.092590,-0.035071,0.013866,0.009808,14.239151,194.250122,-567.621765,0,0
1.440000,-1.313714,1.197983,0.961415,0.884104,-0.307031,0.352267,-0.298675,0.208475,0.931306,-0.359379,-0.928585,0.092611,0.629090,-0.240707,-0.002826,0.739119,-0.005740,0.010702,0.018347,0.009829,0.011171,0.001836,-0.352267,-0.931306,-0.092611,0.000000,0.000000,0.000000,-1,-0.341629,-0.914749,-0.089340,-0.026549,0.017022,0.007599,14.590744,193.195374,-565.945862,0,0
1.480000,-1.313641,1.197674,0.961770,0.884150,-0.306586,0.352538,-0.298986,0.208533,0.931194,-0.359007,-0.928719,0.092710,0.629068,-0.240662,-0.002571,0.739154,0.002786,0.015966,0.015064,0.010909,0.016444,0.003370,-0.352538,-0.931194,-0.092710,0.000000,0.000000,0.000000,-1,-0.343872,-0.912247,-0.091537,-0.014813,0.026531,0.005342,14.766541,194.074341,-566.113464,0,0
1.520000,-1.314384,1.197391,0.963322,0.884277,-0.305848,0.352862,-0.299524,0.208219,0.931091,-0.358245,-0.929033,0.092515,0.629194,-0.240535,-0.002139,0.739089,0.012346,0.011688,0.010744,0.008990,0.018844,0.000977,-0.352862,-0.931091,-0.092515,0.000000,0.000000,0.000000,-1,-0.348053,-0.912857,-0.093201,-0.010612,0.012702,-0.001031,14.590744,193.898544,-567.621765,0,0
1.560000,-1.315104,1.197176,0.964418,0.884292,-0.305504,0.353122,-0.299917,0.208005,0.931012,-0.357879,-0.929194,0.092311,0.629280,-0.240521,-0.001890,0.739021,0.013410,0.013752,0.008678,0.005069,0.018155,-0.000890,-0.353122,-0.931012,-0.092311,0.000000,0.000000,0.000000,-1,-0.353439,-0.918320,-0.091049,-0.009482,0.030747,0.003154,14.239151,193.898544,-567.286560,0,0
1.600000,-1.316292,1.196202,0.966696,0.884278,-0.304398,0.354109,-0.301137,0.207837,0.930656,-0.356887,-0.929594,0.092120,0.629349,-0.240540,-0.001103,0.738958,0.018692,-0.002106,0.011895,-0.002428,0.018714,-0.002942,-0.354109,-0.930656,-0.092120,0.000000,0.000000,0.000000,-1,-0.351517,-0.913284,-0.095596,-0.011723,-0.005273,0.002241,14.414948,193.371170,-567.118958,0,0
1.640000,-1.317077,1.195474,0.967442,0.884013,-0.304322,0.354837,-0.301849,0.207996,0.930390,-0.356942,-0.929584,0.092012,0.629286,-0.240817,-0.000836,0.738922,0.008081,0.006419,0.017274,0.006494,0.015289,-0.001311,-0.354837,-0.930389,-0.092012,0.000000,0.000000,0.000000,-1,-0.349930,-0.920593,-0.094269,-0.005288,0.007465,0.005340,12.832825,194.601715,-565.945862,0,0
1.680000,-1.318650,1.195012,0.969264,0.883871,-0.304081,0.355397,-0.302582,0.207689,0.930220,-0.356674,-0.929731,0.091561,0.629409,-0.240965,-0.000507,0.738769,0.019758,-0.001036,0.012949,0.005650,0.008666,-0.002159,-0.355397,-0.930220,-0.091561,0.000000,0.000000,0.000000,-1,-0.351166,-0.924591,-0.087860,0.001131,0.015956,0.007389,13.887573,194.250122,-566.616211,0,0
1.720000,-1.320769,1.194680,0.971988,0.883846,-0.303578,0.355890,-0.303402,0.207038,0.930098,-0.356040,-0.930041,0.090884,0.629667,-0.240992,-0.000060,0.738540,0.032624,0.017094,0.026630,0.003015,0.006133,0.002352,-0.355890,-0.930098,-0.090884,0.000000,0.000000,0.000000,-1,-0.350693,-0.916275,-0.088791,0.004314,0.003344,0.018064,14.590744,193.898544,-567.286560,0,0
1.760000,-1.325538,1.193605,0.976867,0.883312,-0.303487,0.357289,-0.305237,0.206115,0.929703,-0.355795,-0.930275,0.089428,0.630033,-0.241544,0.000593,0.738047,0.026170,-0.007334,0.029007,0.006688,0.019012,0.003994,-0.357289,-0.929703,-0.089428,0.000000,0.000000,0.000000,-1,-0.352554,-0.906403,-0.086624,0.002199,0.006542,0.020200,14.766541,193.722748,-566.448608,0,0
1.800000,-1.329563,1.192399,0.981363,0.882886,-0.303020,0.358734,-0.307092,0.205363,0.929258,-0.355255,-0.930594,0.088257,0.630330,-0.241981,0.001380,0.737649,0.037963,0.010767,0.039502,0.006119,0.020658,0.001450,-0.358734,-0.929258,-0.088257,0.000000,0.000000,0.000000,-1,-0.352753,-0.904495,-0.087112,0.015017,0.012972,0.028599,13.360199,193.371170,-567.118958,0,0
1.840000,-1.332312,1.191373,0.984610,0.882586,-0.302509,0.359902,-0.308552,0.204893,0.928878,-0.354735,-0.930864,0.087496,0.630515,-0.242286,0.002049,0.737390,0.034747,0.006502,0.036347,0.007882,0.025985,-0.003797,-0.359902,-0.928878,-0.087496,0.000000,0.000000,0.000000,-1,-0.347382,-0.898788,-0.087158,0.005433,0.016112,0.024400,15.821289,194.074341,-566.448608,0,0
1.880000,-1.334783,1.190259,0.987824,0.882347,-0.301751,0.361123,-0.310072,0.204469,0.928465,-0.354004,-0.931203,0.086848,0.630680,-0.242525,0.002822,0.737168,0.024097,0.011632,0.026922,0.013741,0.029677,-0.000310,-0.361123,-0.928465,-0.086848,0.000000,0.000000,0.000000,-1,-0.349289,-0.898529,-0.088135,-0.003143,0.011710,0.006372,14.590744,194.250122,-565.610718,0,0
1.920000,-1.336158,1.189749,0.989771,0.882294,-0.301213,0.361702,-0.310865,0.204125,0.928276,-0.353441,-0.931452,0.086462,0.630814,-0.242575,0.003274,0.737035,0.018703,0.005102,0.007812,0.010735,0.031044,-0.000010,-0.361702,-0.928276,-0.086462,0.000000,0.000000,0.000000,-1,-0.353165,-0.903198,-0.087936,-0.004209,0.019036,-0.003235,14.942322,193.546967,-566.616211,0,0
1.960000,-1.336774,1.189573,0.991050,0.882408,-0.300622,0.361915,-0.311263,0.203817,0.928210,-0.352805,-0.931711,0.086277,0.630935,-0.242452,0.003610,0.736970,0.018745,0.020970,0.005622,0.006202,0.021792,0.002064,-0.361915,-0.928210,-0.086277,0.000000,0.000000,0.000000,-1,-0.356842,-0.910400,-0.085098,-0.014868,0.022137,-0.011686,14.766541,194.425919,-567.454163,0,0
2.000000,-1.336873,1.189786,0.992102,0.882753,-0.299829,0.361731,-0.311312,0.203381,0.928289,-0.351897,-0.932062,0.086195,0.631106,-0.242091,0.003895,0.736941,0.004837,0.012352,-0.010217,0.006460,0.019568,0.001829,-0.361731,-0.928289,-0.086195,0.000000,0.000000,0.000000,-1,-0.357101,-0.909653,-0.086655,-0.019163,0.019912,-0.023363,15.469696,193.371170,-565.778259,0,0
2.040000,-1.336292,1.190069,0.991970,0.883004,-0.299460,0.361425,-0.311065,0.203279,0.928395,-0.351487,-0.932202,0.086344,0.631146,-0.241832,0.003937,0.736992,0.002721,0.014361,-0.013302,0.006124,0.016850,-0.001043,-0.361425,-0.928395,-0.086344,0.000000,0.000000,0.000000,-1,-0.354797,-0.910706,-0.086182,-0.021289,0.022021,-0.024420,14.942322,194.601715,-565.945862,0,0
2.080000,-1.335624,1.190469,0.991837,0.883320,-0.299033,0.361006,-0.310727,0.203116,0.928543,-0.350991,-0.932375,0.086499,0.631210,-0.241504,0.003967,0.737044,0.001654,0.019588,-0.020770,0.003248,0.018723,0.001050,-0.361006,-0.928543,-0.086499,0.000000,0.000000,0.000000,-1,-0.362488,-0.910980,-0.084961,-0.027704,0.020874,-0.033954,13.711777,194.777512,-566.783813,0,0
2.120000,-1.334128,1.191371,0.990757,0.883794,-0.298770,0.360062,-0.309807,0.202993,0.928877,-0.350611,-0.932486,0.086843,0.631260,-0.241017,0.003743,0.737162,-0.004825,-0.001693,-0.031290,0.002351,0.014968,0.002462,-0.360062,-0.928877,-0.086843,0.000000,0.000000,0.000000,-1,-0.353226,-0.912216,-0.085251,-0.027786,0.000672,-0.042400,14.766541,194.425919,-565.107910,0,0
2.160000,-1.333488,1.192321,0.989898,0.884047,-0.299120,0.359149,-0.308894,0.202775,0.929229,-0.350778,-0.932421,0.086866,0.631349,-0.240760,0.003315,0.737172,-0.005919,-0.005988,-0.037657,0.006457,0.018661,0.001325,-0.359149,-0.929229,-0.086866,0.000000,0.000000,0.000000,-1,-0.349487,-0.906082,-0.087341,-0.032070,-0.000465,-0.050885,14.414948,194.425919,-566.783813,0,0
2.200000,-1.330926,1.193495,0.987273,0.884512,-0.299285,0.357864,-0.307450,0.202983,0.929662,-0.350874,-0.932323,0.087526,0.631269,-0.240284,0.002768,0.737398,-0.014362,0.011944,-0.036499,0.003952,0.023306,0.000810,-0.357864,-0.929662,-0.087526,0.000000,0.000000,0.000000,-1,-0.348999,-0.911728,-0.080109,-0.042612,0.029253,-0.044523,14.239151,194.953293,-566.616211,0,0
2.240000,-1.328493,1.195063,0.985175,0.885204,-0.299182,0.356235,-0.305808,0.202822,0.930239,-0.350563,-0.932391,0.088047,0.631335,-0.239568,0.002246,0.737576,-0.016556,-0.005062,-0.042810,0.002841,0.017534,0.005161,-0.356235,-0.930239,-0.088047,0.000000,0.000000,0.000000,-1,-0.353287,-0.909195,-0.082565,-0.047010,-0.004777,-0.059276,13.711777,193.019592,-567.454163,0,0
2.280000,-1.326140,1.196142,0.982331,0.885498,-0.299718,0.355053,-0.304395,0.203134,0.930634,-0.351051,-0.932151,0.088642,0.631214,-0.239266,0.001585,0.737779,-0.038928,-0.000919,-0.053304,0.005337,0.023728,0.004017,-0.355053,-0.930634,-0.088642,0.000000,0.000000,0.000000,-1,-0.346069,-0.905884,-0.086945,-0.066128,0.014253,-0.063460,14.766541,194.425919,-565.778259,0,0
2.320000,-1.321883,1.197370,0.978077,0.886078,-0.299762,0.353565,-0.302581,0.203789,0.931083,-0.351155,-0.931994,0.089871,0.630955,-0.238663,0.000955,0.738197,-0.046345,0.012832,-0.055428,0.007496,0.025199,0.002926,-0.353565,-0.931083,-0.089871,0.000000,0.000000,0.000000,-1,-0.341812,-0.903381,-0.077454,-0.081040,0.019474,-0.071886,12.832825,193.898544,-566.951416,0,0
2.360000,-1.316089,1.199132,0.972407,0.886928,-0.299737,0.351450,-0.300064,0.204577,0.931724,-0.351170,-0.931830,0.091504,0.630644,-0.237773,0.000111,0.738750,-0.065417,0.038166,-0.055298,0.010630,0.025306,0.018415,-0.351450,-0.931724,-0.091504,0.000000,0.000000,0.000000,-1,-0.340607,-0.908691,-0.070999,-0.095811,0.060823,-0.067666,15.118118,194.777512,-567.118958,0,0
2.400000,-1.305124,1.201288,0.962790,0.888518,-0.298484,0.348486,-0.296434,0.206305,0.932505,-0.350232,-0.931851,0.094825,0.629958,-0.236094,-0.000693,0.739873,-0.120798,0.054846,-0.084759,0.003226,0.030283,0.024009,-0.348486,-0.932505,-0.094825,0.000000,0.000000,0.000000,-1,-0.343918,-0.900009,-0.071121,-0.159771,0.067889,-0.106613,15.293915,194.250122,-567.621765,0,0
2.440000,-1.293168,1.203039,0.951797,0.889924,-0.297469,0.345757,-0.292818,0.208603,0.933136,-0.349705,-0.931664,0.098537,0.629044,-0.234597,-0.001569,0.741125,-0.163369,0.084224,-0.115431,0.006035,0.033615,0.028240,-0.345757,-0.933136,-0.098537,0.000000,0.000000,0.000000,-1,-0.327896,-0.899933,-0.066544,-0.203375,0.114167,-0.142669,15.645493,192.843796,-567.621765,0,0
2.480000,-1.272550,1.206850,0.933741,0.892823,-0.295122,0.340250,-0.286142,0.211739,0.934500,-0.347835,-0.931703,0.104598,0.627791,-0.231472,-0.003021,0.743162,-0.180344,0.132580,-0.154898,0.016016,0.033361,0.039184,-0.340250,-0.934500,-0.104598,0.000000,0.000000,0.000000,-1,-0.316742,-0.906036,-0.075226,-0.192723,0.160264,-0.197256,14.063370,194.777512,-568.459717,0,0
2.520000,-1.241639,1.214860,0.908278,0.898182,-0.290736,0.329760,-0.274748,0.214344,0.937321,-0.343195,-0.932486,0.112641,0.626737,-0.225567,-0.005359,0.745850,-0.180392,0.175222,-0.229595,0.015078,0.036091,0.034943,-0.329760,-0.937321,-0.112641,0.000000,0.000000,0.000000,-1,-0.310730,-0.900635,-0.096954,-0.211940,0.189402,-0.253678,15.118118,194.777512,-568.124512,0,0
2.560000,-1.208196,1.222267,0.880533,0.903451,-0.286037,0.319310,-0.263336,0.217457,0.939876,-0.338275,-0.933218,0.121138,0.625471,-0.219584,-0.007581,0.748673,-0.182514,0.204551,-0.264845,0.009068,0.034480,0.016310,-0.319310,-0.939876,-0.121138,0.000000,0.000000,0.000000,-1,-0.302383,-0.914581,-0.124939,-0.184237,0.221933,-0.285975,16.524460,190.558502,-568.124512,0,0
2.600000,-1.162822,1.232272,0.843965,0.910664,-0.278863,0.304839,-0.248170,0.220679,0.943246,-0.330308,-0.934632,0.131759,0.624144,-0.211102,-0.010201,0.752181,-0.135638,0.227683,-0.282341,0.008178,0.019784,-0.008637,-0.304839,-0.943246,-0.131759,0.000000,0.000000,0.000000,-1,-0.295883,-0.935883,-0.152344,-0.157605,0.229311,-0.289405,16.524460,193.019592,-567.118958,0,0
2.640000,-1.135309,1.238116,0.821824,0.914856,-0.274527,0.296096,-0.239182,0.222362,0.945170,-0.325316,-0.935516,0.137767,0.623443,-0.205997,-0.011717,0.754153,-0.129287,0.205559,-0.269524,0.000640,-0.000737,-0.016133,-0.296096,-0.945170,-0.137767,0.000000,0.000000,0.000000,-1,-0.290878,-0.956177,-0.163559,-0.148059,0.204037,-0.273404,17.227615,193.371170,-568.124512,0,0
2.680000,-1.109344,1.243298,0.800676,0.918577,-0.270655,0.288030,-0.230907,0.223957,0.946850,-0.320776,-0.936263,0.143226,0.622775,-0.201342,-0.013145,0.755937,-0.110116,0.189883,-0.237632,-0.002848,-0.009327,-0.020333,-0.288030,-0.946850,-0.143226,0.000000,0.000000,0.000000,-1,-0.286133,-0.958008,-0.157364,-0.133025,0.199269,-0.215976,16.876038,192.667999,-569.465210,0,0
2.720000,-1.078607,1.248306,0.776381,0.922842,-0.265232,0.279310,-0.222073,0.226115,0.948449,-0.314715,-0.937296,0.149767,0.621884,-0.195899,-0.014233,0.758077,-0.118487,0.187289,-0.174703,-0.006822,-0.009559,-0.007597,-0.279310,-0.948449,-0.149767,0.000000,0.000000,0.000000,-1,-0.283829,-0.959793,-0.152039,-0.148982,0.163716,-0.166714,17.403412,192.140625,-568.962463,0,0
2.760000,-1.045785,1.252095,0.749242,0.926674,-0.260310,0.271134,-0.213407,0.229425,0.949643,-0.309407,-0.937871,0.157050,0.620524,-0.190854,-0.015420,0.760452,-0.101602,0.108174,-0.139382,-0.004822,-0.006900,0.007972,-0.271134,-0.949643,-0.157050,0.000000,0.000000,0.000000,-1,-0.263962,-0.948746,-0.149475,-0.116090,0.110918,-0.148661,17.403412,192.843796,-569.297607,0,0
2.800000,-1.030376,1.254693,0.736304,0.928540,-0.258372,0.266564,-0.208763,0.230337,0.950454,-0.306971,-0.938184,0.159939,0.620134,-0.188320,-0.016289,0.761383,-0.078140,0.110394,-0.127855,0.009057,0.008163,0.008190,-0.266564,-0.950454,-0.159939,0.000000,0.000000,0.000000,-1,-0.237610,-0.923401,-0.144852,-0.103216,0.130127,-0.132853,17.755005,192.140625,-569.968018,0,0
2.840000,-0.998030,1.259526,0.710504,0.932608,-0.252967,0.257390,-0.199753,0.232162,0.951945,-0.300566,-0.939206,0.165985,0.619367,-0.182735,-0.017428,0.763341,-0.091844,0.143358,-0.114030,0.029713,0.040004,0.023483,-0.257389,-0.951945,-0.165985,0.000000,0.000000,0.000000,-1,-0.225403,-0.910858,-0.140732,-0.119087,0.153541,-0.121099,19.161331,192.492203,-569.297607,0,0
2.880000,-0.980870,1.261209,0.697120,0.934649,-0.249669,0.253172,-0.195599,0.233585,0.952459,-0.296937,-0.939736,0.169485,0.618785,-0.179896,-0.017682,0.764480,-0.095002,0.147674,-0.105502,0.029935,0.038626,0.023474,-0.253172,-0.952459,-0.169485,0.000000,0.000000,0.000000,-1,-0.213242,-0.922394,-0.151855,-0.115874,0.153609,-0.113667,18.106583,191.437454,-569.632812,0,0
2.920000,-0.958353,1.263391,0.680690,0.937559,-0.244299,0.247590,-0.190426,0.235151,0.953122,-0.291068,-0.940756,0.173947,0.618155,-0.175816,-0.017584,0.765940,-0.061772,0.219707,-0.103903,0.038728,0.027402,0.020627,-0.247590,-0.953122,-0.173947,0.000000,0.000000,0.000000,-1,-0.211929,-0.926102,-0.163101,-0.087811,0.295349,-0.133591,17.227615,192.316422,-571.141113,0,0
2.960000,-0.929710,1.266629,0.662441,0.941869,-0.235091,0.240032,-0.184205,0.236153,0.954097,-0.280984,-0.942849,0.179120,0.617778,-0.169679,-0.016572,0.767649,-0.107441,0.284020,-0.136820,0.023952,0.023173,0.018643,-0.240032,-0.954097,-0.179120,0.000000,0.000000,0.000000,-1,-0.220688,-0.936829,-0.158447,-0.152867,0.278212,-0.155394,18.985535,191.964828,-569.465210,0,0
3.000000,-0.897393,1.270070,0.639225,0.945931,-0.227154,0.231552,-0.176714,0.237729,0.955121,-0.272007,-0.944397,0.184734,0.617144,-0.163604,-0.016388,0.769479,-0.130985,0.250022,-0.148236,0.007309,-0.011660,0.033504,-0.231552,-0.955121,-0.184734,0.000000,0.000000,0.000000,-1,-0.214813,-0.979553,-0.157333,-0.132718,0.248581,-0.152244,18.282379,191.261673,-570.470764,0,0
3.040000,-0.877506,1.272811,0.625706,0.948613,-0.221673,0.225818,-0.171949,0.237973,0.955930,-0.265643,-0.945637,0.187628,0.617052,-0.159477,-0.016135,0.770424,-0.067088,0.235363,-0.128439,0.011004,-0.023623,0.030295,-0.225818,-0.955930,-0.187628,0.000000,0.000000,0.000000,-1,-0.208420,-0.981857,-0.181000,-0.083689,0.250855,-0.134522,20.743454,191.613251,-570.805908,0,0
3.080000,-0.851019,1.275448,0.608685,0.952164,-0.213258,0.218873,-0.166433,0.238797,0.956701,-0.256290,-0.947363,0.191880,0.616743,-0.153910,-0.015167,0.771823,-0.063684,0.293733,-0.115903,0.010454,-0.025157,0.010881,-0.218873,-0.956701,-0.191880,0.000000,0.000000,0.000000,-1,-0.211990,-0.971664,-0.191589,-0.083381,0.333684,-0.111398,19.337128,190.910080,-570.805908,0,0
3.120000,-0.818372,1.277445,0.591137,0.956913,-0.199389,0.211098,-0.161151,0.240093,0.957280,-0.241555,-0.950052,0.197616,0.616280,-0.146257,-0.012355,0.773728,-0.030586,0.299296,-0.086352,-0.003013,0.015721,-0.005112,-0.211098,-0.957280,-0.197616,0.000000,0.000000,0.000000,-1,-0.209457,-0.920731,-0.221603,-0.046223,0.289290,-0.100866,19.688705,192.316422,-572.817017,0,0
3.160000,-0.801224,1.278704,0.581763,0.959299,-0.192287,0.206813,-0.158232,0.240586,0.957643,-0.233899,-0.951391,0.200368,0.616106,-0.142231,-0.010991,0.774638,-0.032907,0.251468,-0.104265,-0.001470,0.046801,-0.026118,-0.206813,-0.957643,-0.200368,0.000000,0.000000,0.000000,-1,-0.198151,-0.895905,-0.236374,-0.085784,0.250983,-0.120657,19.337128,191.261673,-572.481812,0,0
3.200000,-0.772884,1.279065,0.562727,0.962260,-0.183661,0.200811,-0.153439,0.243262,0.957747,-0.224750,-0.952414,0.205901,0.615040,-0.137023,-0.009731,0.776438,-0.089332,0.257809,-0.107045,0.002080,0.056777,-0.031328,-0.200811,-0.957747,-0.205901,0.000000,0.000000,0.000000,-1,-0.201141,-0.908295,-0.231567,-0.118694,0.268105,-0.102355,20.391876,192.316422,-573.152161,0,0
3.240000,-0.738106,1.278234,0.539495,0.965654,-0.172777,0.194065,-0.148155,0.247444,0.957508,-0.213455,-0.953373,0.213347,0.613364,-0.130808,-0.007903,0.778852,-0.077674,0.223063,-0.084632,-0.010235,0.037983,-0.010606,-0.194065,-0.957508,-0.213347,0.000000,0.000000,0.000000,-1,-0.203217,-0.939056,-0.231735,-0.097522,0.220517,-0.093819,20.391876,190.910080,-572.146606,0,0
3.280000,-0.720968,1.277775,0.528108,0.967282,-0.167363,0.190671,-0.145550,0.249494,0.957376,-0.207801,-0.953804,0.216972,0.612539,-0.127711,-0.006991,0.780024,-0.072438,0.196564,-0.086701,-0.012546,0.018319,-0.014764,-0.190671,-0.957376,-0.216972,0.000000,0.000000,0.000000,-1,-0.203232,-0.956512,-0.233826,-0.110423,0.184451,-0.099975,18.985535,191.613251,-573.487305,0,0
3.320000,-0.692011,1.275455,0.507002,0.969520,-0.159804,0.185725,-0.141329,0.254451,0.956703,-0.200143,-0.953791,0.224110,0.610524,-0.123310,-0.005904,0.782317,-0.093842,0.167914,-0.092811,-0.011693,0.000923,-0.010967,-0.185725,-0.956703,-0.224110,0.000000,0.000000,0.000000,-1,-0.192642,-0.943405,-0.234695,-0.113680,0.166417,-0.103078,19.337128,191.964828,-573.152161,0,0
3.360000,-0.669862,1.273524,0.490208,0.971084,-0.154664,0.181864,-0.137906,0.258418,0.956139,-0.194877,-0.953572,0.229617,0.608903,-0.120122,-0.005343,0.784079,-0.091769,0.144682,-0.085276,-0.007834,0.019448,-0.006955,-0.181864,-0.956139,-0.229617,0.000000,0.000000,0.000000,-1,-0.176971,-0.943985,-0.241776,-0.112652,0.145332,-0.092354,19.864502,192.492203,-572.984558,0,0
3.400000,-0.653419,1.272123,0.477461,0.972192,-0.151148,0.178878,-0.135217,0.261345,0.955728,-0.191205,-0.953338,0.233640,0.607702,-0.117806,-0.005071,0.785362,-0.080041,0.134286,-0.064020,0.001906,0.011743,-0.008136,-0.178878,-0.955728,-0.233640,0.000000,0.000000,0.000000,-1,-0.174774,-0.957260,-0.255493,-0.095588,0.132865,-0.065807,20.919250,190.734283,-572.984558,0,0
3.440000,-0.625521,1.269011,0.456419,0.974074,-0.144544,0.174031,-0.130998,0.266800,0.954807,-0.184443,-0.952851,0.240948,0.605460,-0.113774,-0.004299,0.787690,-0.068388,0.105837,-0.048024,-0.002574,-0.001614,-0.015704,-0.174031,-0.954807,-0.240948,0.000000,0.000000,0.000000,-1,-0.173340,-0.945724,-0.256119,-0.101026,0.091599,-0.061349,20.391876,190.558502,-573.822510,0,0
3.480000,-0.621437,1.268402,0.453134,0.974305,-0.143759,0.173385,-0.130375,0.267752,0.954626,-0.183661,-0.952702,0.242130,0.605067,-0.113266,-0.004246,0.788065,-0.076973,0.085697,-0.050012,-0.003358,0.002600,-0.014432,-0.173385,-0.954626,-0.242130,0.000000,0.000000,0.000000,-1,-0.168686,-0.931915,-0.254135,-0.116001,0.059927,-0.050461,19.864502,190.382706,-572.984558,0,0
3.520000,-0.598391,1.262603,0.433051,0.975225,-0.140496,0.170874,-0.127293,0.275336,0.952883,-0.180924,-0.951026,0.250630,0.601926,-0.111222,-0.004174,0.790758,-0.085501,0.046978,0.000271,0.008002,0.032046,-0.023829,-0.170874,-0.952883,-0.250630,0.000000,0.000000,0.000000,-1,-0.158112,-0.913910,-0.277084,-0.096665,0.072075,0.003675,22.852966,191.613251,-573.822510,0,0
3.560000,-0.588765,1.259153,0.425449,0.975653,-0.138226,0.170278,-0.126553,0.279289,0.951831,-0.179124,-0.950206,0.254996,0.600285,-0.110272,-0.003684,0.792139,-0.070420,0.094797,0.017018,0.013494,0.039264,-0.018487,-0.170278,-0.951831,-0.254996,0.000000,0.000000,0.000000,-1,-0.169357,-0.924759,-0.252029,-0.102846,0.134635,0.010946,20.216080,190.031128,-573.990112,0,0
3.600000,-0.580080,1.254806,0.422100,0.976430,-0.132568,0.170323,-0.127310,0.283483,0.950489,-0.174288,-0.949770,0.259924,0.598545,-0.108546,-0.001656,0.793700,-0.065144,0.069495,0.029858,-0.008861,0.009251,0.006857,-0.170323,-0.950489,-0.259924,0.000000,0.000000,0.000000,-1,-0.184830,-0.949066,-0.257523,-0.078607,0.052016,0.011068,20.216080,190.382706,-575.330811,0,0
3.640000,-0.580299,1.253083,0.423348,0.976436,-0.131290,0.171278,-0.128337,0.284817,0.949952,-0.173502,-0.949549,0.261256,0.597989,-0.108542,-0.000930,0.794120,-0.035491,0.031190,0.011665,-0.012316,-0.004271,0.000636,-0.171278,-0.949952,-0.261256,0.000000,0.000000,0.000000,-1,-0.203827,-0.977417,-0.256180,-0.070075,0.064635,0.001366,20.040298,191.613251,-574.157715,0,0
3.680000,-0.578383,1.250098,0.423873,0.976624,-0.128491,0.172327,-0.129652,0.287333,0.949015,-0.171455,-0.949173,0.263957,0.596937,-0.108112,0.000365,0.794971,-0.081185,0.039899,0.036494,-0.039923,-0.030568,0.012019,-0.172327,-0.949015,-0.263957,0.000000,0.000000,0.000000,-1,-0.216248,-0.956665,-0.254059,-0.105259,0.022574,0.033757,19.337128,193.371170,-574.828064,0,0
3.720000,-0.582410,1.246585,0.427622,0.976161,-0.128095,0.175221,-0.132110,0.289876,0.947902,-0.172214,-0.948453,0.266043,0.595869,-0.109170,0.001262,0.795626,-0.041917,-0.026572,0.065206,-0.034603,0.003292,0.007697,-0.175221,-0.947902,-0.266043,0.000000,0.000000,0.000000,-1,-0.203674,-0.917526,-0.275482,-0.055303,-0.026982,0.059123,21.095047,191.261673,-573.822510,0,0
3.760000,-0.589059,1.243952,0.433234,0.975536,-0.128500,0.178372,-0.134782,0.291395,0.947060,-0.173674,-0.947933,0.266947,0.595230,-0.110580,0.001973,0.795908,-0.033414,-0.048620,0.086533,-0.025302,0.029534,-0.008535,-0.178372,-0.947060,-0.266947,0.000000,0.000000,0.000000,-1,-0.214935,-0.907059,-0.283173,-0.084040,-0.043694,0.083911,20.040298,190.558502,-574.828064,0,0
3.800000,-0.596207,1.235792,0.436039,0.974017,-0.131190,0.184609,-0.138858,0.298010,0.944409,-0.178912,-0.945505,0.272050,0.592443,-0.113955,0.002404,0.797508,-0.176495,-0.125442,0.037893,-0.041176,0.045361,-0.005232,-0.184609,-0.944409,-0.272050,0.000000,0.000000,0.000000,-1,-0.234741,-0.889145,-0.270569,-0.237850,-0.146003,0.013045,21.446625,190.558502,-574.157715,0,0
3.840000,-0.593421,1.228770,0.427262,0.972805,-0.135917,0.187554,-0.138982,0.305246,0.942077,-0.185294,-0.942524,0.278055,0.589386,-0.116604,0.000959,0.799391,-0.273756,-0.216849,0.001710,-0.051673,0.058501,0.011377,-0.187554,-0.942077,-0.278055,0.000000,0.000000,0.000000,-1,-0.251877,-0.873001,-0.261597,-0.318063,-0.244710,-0.010465,18.809753,193.195374,-575.330811,0,0
3.880000,-0.591402,1.220553,0.416126,0.970997,-0.143420,0.191301,-0.138699,0.313844,0.939289,-0.194752,-0.938580,0.284850,0.585727,-0.120414,-0.001473,0.801513,-0.293148,-0.297282,0.008562,-0.060575,0.066288,0.023253,-0.191301,-0.939289,-0.284850,0.000000,0.000000,0.000000,-1,-0.267441,-0.868958,-0.277267,-0.271369,-0.312319,0.009667,20.216080,191.789047,-575.330811,0,0
3.920000,-0.595211,1.211272,0.406214,0.968029,-0.154943,0.197264,-0.139020,0.323198,0.936064,-0.208792,-0.933561,0.291325,0.581701,-0.126337,-0.004954,0.803516,-0.190967,-0.320473,0.022780,-0.080598,0.066252,0.003559,-0.197264,-0.936064,-0.291325,0.000000,0.000000,0.000000,-1,-0.301514,-0.889191,-0.313416,-0.185162,-0.310380,-0.008054,19.864502,192.140625,-574.995605,0,0
3.960000,-0.600934,1.202691,0.394964,0.964289,-0.169556,0.203463,-0.138461,0.332143,0.933011,-0.225777,-0.927864,0.296805,0.577785,-0.133275,-0.009655,0.805177,-0.207112,-0.305392,-0.064495,-0.115537,0.035123,-0.036248,-0.203463,-0.933011,-0.296805,0.000000,0.000000,0.000000,-1,-0.336578,-0.903320,-0.334549,-0.271600,-0.297467,-0.102246,19.337128,191.964828,-575.498413,0,0
4.000000,-0.596158,1.195058,0.379445,0.962101,-0.178637,0.206036,-0.135924,0.340858,0.930237,-0.236403,-0.922987,0.303658,0.573930,-0.137020,-0.013228,0.807251,-0.337103,-0.289978,-0.117860,-0.134495,0.021088,-0.026053,-0.206036,-0.930237,-0.303659,0.000000,0.000000,0.000000,-1,-0.322418,-0.907349,-0.289078,-0.382202,-0.234117,-0.126128,20.743454,192.316422,-574.828064,0,0
4.040000,-0.581865,1.183043,0.349743,0.958058,-0.194903,0.210091,-0.130483,0.356027,0.925321,-0.255146,-0.913924,0.315663,0.567091,-0.143445,-0.019862,0.810825,-0.180531,-0.310786,-0.073159,-0.078468,0.016874,0.062916,-0.210091,-0.925321,-0.315663,0.000000,0.000000,0.000000,-1,-0.263092,-0.905411,-0.250092,-0.147143,-0.354485,-0.080625,19.688705,193.019592,-576.168762,0,0
4.080000,-0.591249,1.180768,0.343103,0.955287,-0.206186,0.211931,-0.127908,0.358054,0.924898,-0.266584,-0.910651,0.315671,0.566031,-0.147560,-0.024139,0.810711,-0.033905,-0.424023,-0.060023,-0.038847,0.022402,0.060407,-0.211931,-0.924898,-0.315671,0.000000,0.000000,0.000000,-1,-0.225922,-0.908096,-0.275040,-0.023784,-0.413719,-0.069641,19.864502,192.843796,-574.660461,0,0
4.120000,-0.606621,1.183645,0.343144,0.951294,-0.220705,0.215241,-0.127027,0.355541,0.925988,-0.280898,-0.908229,0.310189,0.566914,-0.153345,-0.028954,0.808861,0.085772,-0.283200,-0.062539,-0.000671,0.008783,0.033929,-0.215241,-0.925988,-0.310189,0.000000,0.000000,0.000000,-1,-0.190536,-0.950882,-0.281174,0.113385,-0.107810,-0.087832,20.567673,192.140625,-574.660461,0,0
4.160000,-0.612042,1.194225,0.344566,0.950842,-0.226407,0.211278,-0.124216,0.346120,0.929931,-0.283670,-0.910462,0.300982,0.570907,-0.153538,-0.031701,0.805907,0.174934,0.028621,-0.129391,0.025945,-0.040467,0.023302,-0.211278,-0.929931,-0.300982,0.000000,0.000000,0.000000,-1,-0.191010,-0.982574,-0.262360,0.152021,0.054599,-0.163312,19.688705,192.316422,-574.157715,0,0
4.200000,-0.607325,1.201398,0.341481,0.951980,-0.226452,0.206044,-0.120911,0.340207,0.932545,-0.281274,-0.912677,0.296490,0.573429,-0.151441,-0.032798,0.804468,0.174941,0.083105,-0.193514,0.001149,-0.051235,0.046948,-0.206044,-0.932545,-0.296490,0.000000,0.000000,0.000000,-1,-0.275299,-0.988983,-0.210052,0.157351,0.103845,-0.221066,20.216080,193.546967,-573.654907,0,0
4.240000,-0.605181,1.210988,0.341234,0.953176,-0.226563,0.200311,-0.117829,0.331794,0.935964,-0.278517,-0.915741,0.289562,0.577023,-0.149211,-0.033883,0.802267,0.223889,0.052571,-0.172470,-0.074989,-0.053019,0.079510,-0.200311,-0.935964,-0.289562,0.000000,0.000000,0.000000,-1,-0.336594,-0.989243,-0.179672,0.292529,-0.003177,-0.108789,18.633957,191.261673,-574.492859,0,0
