0.000000,-1.487159,1.370157,1.322518,0.967100,-0.158986,0.198600,-0.193185,0.048974,0.979939,-0.165523,-0.986066,0.016649,0.689470,-0.127696,0.011994,0.712868,0.015043,0.004954,-0.021077,0.000831,0.029942,-0.014372,-0.198600,-0.979939,-0.016649,0.000000,0.000000,0.000000,-1,-0.190109,-0.949860,-0.014069,-0.017122,-0.002410,-0.031818,45.354340,158.915939,-534.271667,0,0
0.040000,-1.488356,1.370824,1.323389,0.967168,-0.159356,0.197968,-0.192594,0.048646,0.980072,-0.165811,-0.986022,0.016358,0.689595,-0.127593,0.011658,0.712771,0.003215,-0.034221,-0.019773,0.005997,0.027084,0.006210,-0.197968,-0.980072,-0.016358,0.000000,0.000000,0.000000,-1,-0.199738,-0.961945,-0.014923,-0.026745,-0.018265,-0.028488,46.760681,158.915939,-533.266113,0,0
0.080000,-1.488652,1.371212,1.322758,0.967093,-0.160277,0.197593,-0.192194,0.048674,0.980149,-0.166713,-0.985871,0.016268,0.689592,-0.127782,0.011195,0.712747,-0.001946,0.007224,-0.004972,0.005149,0.027955,-0.003874,-0.197593,-0.980149,-0.016268,0.000000,0.000000,0.000000,-1,-0.188950,-0.949615,-0.019226,-0.018054,0.023217,-0.009535,45.530136,159.091736,-533.768921,0,0
0.120000,-1.489253,1.371253,1.323632,0.967140,-0.160027,0.197563,-0.192198,0.048496,0.980157,-0.166433,-0.985921,0.016146,0.689655,-0.127681,0.011285,0.712703,0.016154,-0.001154,0.005571,0.008385,0.031289,-0.000898,-0.197563,-0.980157,-0.016146,0.000000,0.000000,0.000000,-1,-0.198257,-0.962341,-0.011230,-0.022433,-0.013881,-0.012558,46.760681,159.619110,-533.936523,0,0
0.160000,-1.490890,1.371194,1.324597,0.967011,-0.160705,0.197646,-0.192300,0.048325,0.980146,-0.167065,-0.985819,0.015827,0.689721,-0.127952,0.011085,0.712594,-0.012641,-0.007611,-0.005899,-0.000764,0.013364,0.005893,-0.197646,-0.980146,-0.015827,0.000000,0.000000,0.000000,-1,-0.193985,-0.969666,-0.019165,-0.031975,0.008264,-0.023220,45.881714,158.388565,-532.763367,0,0
0.200000,-1.489080,1.372275,1.322520,0.967186,-0.160981,0.196561,-0.191172,0.048463,0.980359,-0.167345,-0.985767,0.016098,0.689678,-0.127651,0.010591,0.712697,0.003296,-0.010880,-0.015601,0.010404,0.019925,0.003250,-0.196561,-0.980359,-0.016098,0.000000,0.000000,0.000000,-1,-0.187729,-0.956940,-0.010345,-0.021371,-0.004468,-0.025385,46.936462,159.091736,-533.768921,0,0
0.240000,-1.490285,1.372718,1.323125,0.967166,-0.161605,0.196149,-0.190781,0.048241,0.980446,-0.167907,-0.985676,0.015826,0.689764,-0.127720,0.010236,0.712607,-0.007382,-0.026706,-0.009068,0.005063,0.025170,0.002582,-0.196149,-0.980446,-0.015826,0.000000,0.000000,0.000000,-1,-0.195465,-0.962341,-0.009018,-0.036279,-0.011799,-0.016720,45.002747,159.267532,-533.601318,0,0
0.280000,-1.490916,1.372786,1.323033,0.967058,-0.162319,0.196091,-0.190712,0.048243,0.980460,-0.168607,-0.985558,0.015697,0.689768,-0.127953,0.009961,0.712565,-0.003075,-0.013968,-0.005952,-0.000381,0.016578,0.007061,-0.196091,-0.980460,-0.015697,0.000000,0.000000,0.000000,-1,-0.189377,-0.970093,-0.012207,-0.009642,-0.002313,-0.021223,45.705917,159.619110,-532.260620,0,0
0.320000,-1.496122,1.373500,1.327308,0.967010,-0.163349,0.195472,-0.190236,0.047258,0.980600,-0.169418,-0.985436,0.014624,0.690132,-0.128086,0.009438,0.712196,0.029757,-0.061756,-0.018813,0.004753,0.011743,0.003989,-0.195472,-0.980600,-0.014624,0.000000,0.000000,0.000000,-1,-0.206314,-0.961426,-0.006927,0.005908,-0.128502,-0.036850,45.002747,157.861191,-533.601318,0,0
0.360000,-1.511558,1.374134,1.335585,0.965845,-0.170582,0.195054,-0.190017,0.045537,0.980724,-0.176176,-0.984291,0.011568,0.690786,-0.130503,0.006832,0.711152,0.021938,-0.173083,-0.031113,-0.016555,0.018276,0.002245,-0.195054,-0.980724,-0.011568,0.000000,0.000000,0.000000,-1,-0.214310,-0.963150,-0.007797,0.001639,-0.132728,-0.035736,45.705917,158.212769,-531.925415,0,0
0.400000,-1.523918,1.373605,1.342247,0.964689,-0.176287,0.195701,-0.190821,0.044388,0.980621,-0.181558,-0.983337,0.009181,0.691216,-0.132776,0.005115,0.710327,0.029571,-0.131581,-0.010011,-0.018090,0.016860,0.004451,-0.195701,-0.980621,-0.009181,0.000000,0.000000,0.000000,-1,-0.207611,-0.964050,-0.002136,0.016438,-0.183403,-0.017550,45.354340,158.212769,-532.595764,0,0
0.440000,-1.548435,1.372933,1.354793,0.962257,-0.188254,0.196526,-0.192007,0.042131,0.980489,-0.192861,-0.981216,0.004395,0.692050,-0.137368,0.001324,0.708658,0.053314,-0.379427,-0.009257,-0.012291,0.017491,0.002122,-0.196526,-0.980489,-0.004395,0.000000,0.000000,0.000000,-1,-0.205322,-0.953461,0.007217,0.046610,-0.410145,-0.025457,46.936462,157.333817,-532.763367,0,0
0.480000,-1.580876,1.372949,1.371078,0.958954,-0.204393,0.196549,-0.192652,0.038996,0.980492,-0.208070,-0.978112,-0.001981,0.693170,-0.143199,-0.004155,0.706394,0.061795,-0.377478,-0.027435,-0.006759,0.014016,-0.004163,-0.196549,-0.980492,0.001981,0.000000,0.000000,0.000000,-1,-0.191956,-0.968277,-0.008667,0.005552,-0.250264,-0.032130,46.409088,159.619110,-532.260620,0,0
0.520000,-1.591808,1.373607,1.373832,0.957337,-0.212462,0.195870,-0.192126,0.038339,0.980621,-0.215854,-0.976417,-0.004116,0.693382,-0.145875,-0.007205,0.705613,0.028242,-0.213228,-0.019250,0.004510,0.010528,-0.014889,-0.195870,-0.980621,0.004116,0.000000,0.000000,0.000000,-1,-0.179718,-0.964615,-0.015961,0.008995,-0.163465,-0.037809,47.815430,158.915939,-532.260620,0,0
0.560000,-1.599038,1.375764,1.372744,0.955924,-0.220639,0.193721,-0.190010,0.038132,0.981041,-0.223843,-0.974610,-0.005472,0.693409,-0.148054,-0.010860,0.705086,0.013504,-0.156009,-0.017227,0.010265,0.030541,-0.007059,-0.193721,-0.981041,0.005472,0.000000,0.000000,0.000000,-1,-0.189011,-0.957245,0.006317,-0.016451,-0.140019,-0.022785,47.991211,159.091736,-532.428223,0,0
0.600000,-1.605634,1.376069,1.375142,0.955027,-0.224784,0.193381,-0.189807,0.037618,0.981101,-0.227811,-0.973682,-0.006740,0.693568,-0.149441,-0.012410,0.704611,-0.004479,-0.122063,-0.011888,-0.000375,0.008582,0.013219,-0.193381,-0.981101,0.006740,0.000000,0.000000,0.000000,-1,-0.202789,-0.972610,0.022690,-0.014223,-0.101950,-0.029337,48.870178,158.915939,-531.590271,0,0
0.640000,-1.613783,1.376038,1.379727,0.954189,-0.228338,0.193351,-0.190008,0.036753,0.981094,-0.231128,-0.972888,-0.008317,0.693857,-0.150732,-0.013611,0.704029,0.018886,-0.136967,-0.019467,-0.013101,0.014587,0.008254,-0.193351,-0.981094,0.008317,0.000000,0.000000,0.000000,-1,-0.196884,-0.957474,0.009308,-0.008109,-0.186752,-0.036523,47.112259,157.861191,-532.260620,0,0
0.680000,-1.624970,1.376495,1.383122,0.952437,-0.235992,0.192798,-0.189690,0.036024,0.981183,-0.238497,-0.971087,-0.010455,0.694058,-0.153331,-0.016461,0.703208,0.002613,-0.226031,-0.028580,0.004489,0.022519,-0.002444,-0.192798,-0.981183,0.010455,0.000000,0.000000,0.000000,-1,-0.182831,-0.964691,0.011154,-0.038026,-0.220646,-0.037230,49.749130,158.036987,-533.768921,0,0
0.720000,-1.633011,1.378376,1.379534,0.949962,-0.247269,0.190865,-0.187748,0.036353,0.981544,-0.249644,-0.968265,-0.011890,0.693812,-0.156749,-0.021180,0.702571,-0.021900,-0.231350,-0.031568,0.009667,0.017372,0.000256,-0.190865,-0.981544,0.011890,0.000000,0.000000,0.000000,-1,-0.177795,-0.967331,0.005371,-0.039088,-0.203877,-0.056460,48.870178,159.267532,-531.590271,0,0
0.760000,-1.637171,1.380735,1.375526,0.948339,-0.255184,0.188503,-0.185329,0.036656,0.981993,-0.257499,-0.966197,-0.012530,0.693580,-0.158782,-0.024870,0.702222,-0.007907,-0.164805,-0.051106,0.012478,0.011991,-0.007922,-0.188503,-0.981993,0.012530,0.000000,0.000000,0.000000,-1,-0.169846,-0.969971,-0.000732,-0.033524,-0.124443,-0.056801,48.518600,159.619110,-533.601318,0,0
0.800000,-1.637389,1.382962,1.371614,0.947686,-0.259185,0.186318,-0.183040,0.036948,0.982411,-0.261510,-0.965121,-0.012426,0.693391,-0.159443,-0.027110,0.702177,-0.006729,-0.132951,-0.042717,0.016473,0.012440,-0.013158,-0.186318,-0.982411,0.012426,0.000000,0.000000,0.000000,-1,-0.174835,-0.983826,0.012390,-0.033460,-0.108497,-0.050469,48.870178,157.861191,-533.266113,0,0
0.840000,-1.641382,1.385670,1.369775,0.946640,-0.264876,0.183612,-0.180364,0.036753,0.982913,-0.267099,-0.963582,-0.012982,0.693338,-0.160542,-0.030103,0.701857,-0.017276,-0.102178,-0.032087,0.002292,0.000461,0.008136,-0.183612,-0.982913,0.012982,0.000000,0.000000,0.000000,-1,-0.188095,-0.972534,0.022736,-0.032391,-0.110576,-0.046209,49.924927,158.564362,-532.930969,0,0
0.880000,-1.646468,1.386523,1.371204,0.945807,-0.268454,0.182707,-0.179594,0.036329,0.983070,-0.270546,-0.962607,-0.013852,0.693421,-0.161535,-0.031669,0.701478,-0.000378,-0.143548,-0.038453,-0.005388,0.010536,0.008883,-0.182707,-0.983070,0.013852,0.000000,0.000000,0.000000,-1,-0.190948,-0.962418,0.016586,-0.004952,-0.186890,-0.051462,49.573349,159.267532,-531.925415,0,0
0.920000,-1.664929,1.387792,1.378767,0.943015,-0.279099,0.181179,-0.178639,0.034732,0.983301,-0.280732,-0.959634,-0.017105,0.693792,-0.164941,-0.035873,0.700115,0.021987,-0.147711,-0.027945,0.001781,0.016489,-0.005081,-0.181179,-0.983301,0.017105,0.000000,0.000000,0.000000,-1,-0.168167,-0.973007,0.007095,-0.003628,-0.116810,-0.032559,48.518600,157.509613,-531.590271,0,0
0.960000,-1.668009,1.389055,1.378420,0.942272,-0.282424,0.179889,-0.177408,0.034556,0.983531,-0.283989,-0.958667,-0.017543,0.693768,-0.165701,-0.037513,0.699872,0.008316,-0.103075,-0.012032,0.018390,0.013377,-0.011500,-0.179889,-0.983531,0.017543,0.000000,0.000000,0.000000,-1,-0.158310,-0.964539,0.010742,-0.025842,-0.076468,-0.022950,50.100723,158.388565,-531.422668,0,0
1.000000,-1.670095,1.390392,1.376926,0.941487,-0.285876,0.178544,-0.176066,0.034568,0.983771,-0.287409,-0.957643,-0.017788,0.693669,-0.166485,-0.039235,0.699690,-0.001235,-0.093520,-0.009868,0.012910,0.022300,-0.001949,-0.178544,-0.983771,0.017788,0.000000,0.000000,0.000000,-1,-0.175034,-0.961136,0.023499,-0.026927,-0.090158,-0.014368,49.924927,159.267532,-530.249512,0,0
1.040000,-1.679911,1.390569,1.382625,0.940318,-0.289915,0.178188,-0.176089,0.033532,0.983803,-0.291194,-0.956465,-0.019520,0.693957,-0.167879,-0.040711,0.698987,0.021303,-0.043658,-0.000643,0.002559,0.011269,0.012096,-0.178188,-0.983803,0.019520,0.000000,0.000000,0.000000,-1,-0.174698,-0.971817,0.027298,-0.006478,-0.019181,-0.012662,50.628098,157.509613,-531.590271,0,0
1.080000,-1.684178,1.390741,1.386373,0.940193,-0.290477,0.177934,-0.176047,0.032840,0.983834,-0.291624,-0.956318,-0.020261,0.694193,-0.168009,-0.040943,0.698708,0.004420,0.001938,0.004643,0.012208,0.015664,0.004153,-0.177934,-0.983834,0.020261,0.000000,0.000000,0.000000,-1,-0.165039,-0.967133,0.022247,0.012760,0.008312,-0.017175,51.507065,158.036987,-530.752319,0,0
1.120000,-1.691604,1.391414,1.393927,0.940340,-0.290497,0.177121,-0.175638,0.031393,0.983954,-0.291396,-0.956361,-0.021502,0.694703,-0.167746,-0.041124,0.698253,0.057586,-0.002518,-0.018128,0.010754,0.021003,-0.010012,-0.177121,-0.983954,0.021502,0.000000,0.000000,0.000000,-1,-0.166794,-0.951691,0.005692,0.004255,0.024073,-0.031018,50.276520,160.322281,-531.255066,0,0
1.160000,-1.688512,1.392609,1.391700,0.940801,-0.289672,0.176019,-0.174411,0.031575,0.984167,-0.290643,-0.956605,-0.020816,0.694630,-0.167025,-0.041254,0.698491,-0.042479,0.014355,-0.028070,-0.002249,0.020650,-0.001194,-0.176019,-0.984167,0.020816,0.000000,0.000000,0.000000,-1,-0.185593,-0.968399,0.036621,-0.061831,0.012301,-0.045375,50.628098,158.564362,-532.260620,0,0
1.200000,-1.688910,1.393141,1.391635,0.940759,-0.290130,0.175491,-0.173893,0.031493,0.984261,-0.291091,-0.956469,-0.020825,0.694639,-0.167002,-0.041604,0.698467,-0.013935,-0.038787,-0.047263,-0.016801,0.016838,0.019031,-0.175491,-0.984261,0.020825,0.000000,0.000000,0.000000,-1,-0.198029,-0.949982,0.024475,-0.039734,-0.059893,-0.063387,50.276520,159.619110,-531.925415,0,0
1.240000,-1.691301,1.393445,1.391404,0.940045,-0.292644,0.175143,-0.173591,0.031479,0.984315,-0.293567,-0.955703,-0.021208,0.694581,-0.167812,-0.042624,0.698269,-0.023736,-0.107678,-0.052247,-0.022885,0.034333,0.003267,-0.175143,-0.984315,0.021208,0.000000,0.000000,0.000000,-1,-0.190720,-0.957870,0.023041,-0.049332,-0.074610,-0.051539,49.749130,160.146484,-529.746765,0,0
1.280000,-1.682259,1.394408,1.378720,0.939148,-0.295956,0.174386,-0.172248,0.033498,0.984484,-0.297205,-0.954614,-0.019518,0.693752,-0.168722,-0.044259,0.698772,-0.066028,-0.010217,-0.051207,-0.006873,0.022387,0.003889,-0.174386,-0.984484,0.019518,0.000000,0.000000,0.000000,-1,-0.177460,-0.963181,0.015869,-0.094964,-0.007011,-0.072745,51.155472,158.388565,-531.087463,0,0
1.320000,-1.671636,1.396337,1.367149,0.939211,-0.296749,0.172694,-0.169989,0.035105,0.984820,-0.298307,-0.954310,-0.017474,0.693105,-0.168350,-0.045308,0.699436,-0.074683,-0.033762,-0.077682,-0.002446,0.021060,-0.002474,-0.172694,-0.984820,0.017474,0.000000,0.000000,0.000000,-1,-0.168381,-0.949890,0.010025,-0.098307,-0.033745,-0.100317,51.682846,158.915939,-530.919922,0,0
1.360000,-1.655554,1.399817,1.348938,0.939188,-0.298636,0.169537,-0.165978,0.037440,0.985418,-0.300629,-0.953632,-0.014404,0.692126,-0.167821,-0.047351,0.700397,-0.082269,-0.064612,-0.092420,-0.002948,0.039633,-0.004776,-0.169537,-0.985418,0.014404,0.000000,0.000000,0.000000,-1,-0.178955,-0.946152,0.013443,-0.111074,-0.033702,-0.095957,50.979675,159.970688,-532.595764,0,0
1.400000,-1.630899,1.402968,1.322497,0.939225,-0.300090,0.166740,-0.161919,0.041051,0.985950,-0.302719,-0.953027,-0.010034,0.690689,-0.167227,-0.049218,0.701827,-0.111853,0.004318,-0.083918,-0.008049,0.037067,-0.002938,-0.166740,-0.985950,0.010034,0.000000,0.000000,0.000000,-1,-0.171707,-0.951889,0.007355,-0.147106,0.025579,-0.100161,50.803894,157.333817,-533.098511,0,0
1.440000,-1.600759,1.406348,1.293138,0.940088,-0.299096,0.163635,-0.157438,0.044873,0.986509,-0.302404,-0.953167,-0.004904,0.689224,-0.165597,-0.050335,0.703572,-0.122398,0.045549,-0.092510,-0.003342,0.021421,0.001047,-0.163635,-0.986509,0.004904,0.000000,0.000000,0.000000,-1,-0.167694,-0.968567,0.007507,-0.144801,0.082782,-0.099328,51.331268,158.212769,-532.595764,0,0
1.480000,-1.578684,1.408538,1.272852,0.941041,-0.297231,0.161542,-0.154430,0.047423,0.986865,-0.300987,-0.953627,-0.001274,0.688275,-0.164055,-0.050650,0.704839,-0.112647,0.092247,-0.082104,-0.011935,0.015872,0.006813,-0.161542,-0.986865,0.001274,0.000000,0.000000,0.000000,-1,-0.178680,-0.971024,0.009933,-0.112662,0.130632,-0.078450,50.628098,158.564362,-532.595764,0,0
1.520000,-1.548927,1.410515,1.248281,0.942992,-0.292075,0.159558,-0.151368,0.050584,0.987182,-0.296402,-0.955057,0.003490,0.687189,-0.161325,-0.049784,0.706588,-0.091337,0.095428,-0.081205,-0.018268,0.015930,-0.001042,-0.159558,-0.987182,-0.003490,0.000000,0.000000,0.000000,-1,-0.178314,-0.970093,-0.011261,-0.123508,0.080678,-0.097354,52.034439,157.509613,-532.260620,0,0
1.560000,-1.525615,1.412138,1.226422,0.943764,-0.290514,0.157832,-0.148717,0.053340,0.987440,-0.295284,-0.955383,0.007136,0.686165,-0.160031,-0.050080,0.707856,-0.109696,0.030599,-0.105315,-0.019521,0.018278,-0.005682,-0.157832,-0.987440,-0.007136,0.000000,0.000000,0.000000,-1,-0.174484,-0.969574,-0.018661,-0.144067,0.001962,-0.134186,52.561813,157.685394,-533.768921,0,0
1.600000,-1.490922,1.415423,1.190895,0.944177,-0.291093,0.154255,-0.143715,0.057385,0.987954,-0.296438,-0.954972,0.012347,0.684552,-0.158793,-0.051926,0.709561,-0.115319,-0.036469,-0.142298,-0.019191,0.028802,-0.012875,-0.154255,-0.987954,-0.012347,0.000000,0.000000,0.000000,-1,-0.175735,-0.942642,-0.023544,-0.145303,-0.035324,-0.157474,52.737595,156.806442,-533.601318,0,0
1.640000,-1.443324,1.419164,1.140202,0.944067,-0.293751,0.149826,-0.137264,0.063051,0.988526,-0.299827,-0.953800,0.019203,0.682241,-0.157941,-0.054966,0.711744,-0.143091,-0.063998,-0.141961,-0.028778,0.067521,-0.001625,-0.149826,-0.988526,-0.019203,0.000000,0.000000,0.000000,-1,-0.184570,-0.917282,-0.018555,-0.142186,-0.068080,-0.148853,53.089188,158.212769,-532.930969,0,0
1.680000,-1.424501,1.421987,1.118440,0.943694,-0.296525,0.146677,-0.133349,0.064803,0.988948,-0.302753,-0.952824,0.021613,0.681410,-0.157715,-0.057262,0.712410,-0.056946,-0.111513,-0.124336,-0.036001,0.078670,0.000739,-0.146677,-0.988948,-0.021613,0.000000,0.000000,0.000000,-1,-0.179504,-0.919922,-0.060471,-0.058288,-0.168394,-0.113972,51.682846,157.158020,-533.266113,0,0
1.720000,-1.416525,1.424115,1.105368,0.942498,-0.301398,0.144420,-0.130609,0.065595,0.989262,-0.307634,-0.951240,0.022458,0.680890,-0.158618,-0.059927,0.712487,-0.042235,-0.201247,-0.092149,-0.035085,0.069340,-0.038012,-0.144420,-0.989262,-0.022458,0.000000,0.000000,0.000000,-1,-0.194412,-1.000641,-0.033691,-0.122160,-0.181950,-0.092119,52.913391,158.036987,-532.763367,0,0
1.760000,-1.377269,1.425446,1.055092,0.939546,-0.311530,0.142135,-0.126002,0.071427,0.989455,-0.318397,-0.947548,0.027856,0.678282,-0.161265,-0.064966,0.713938,-0.137711,-0.113010,-0.058701,-0.087037,-0.081437,0.048546,-0.142135,-0.989455,-0.027856,0.000000,0.000000,0.000000,-1,-0.229172,-1.070892,0.020691,-0.121862,-0.107534,-0.062571,52.737595,155.751678,-536.282715,0,0
1.800000,-1.364518,1.426388,1.038419,0.938521,-0.315179,0.140856,-0.123991,0.073045,0.989591,-0.322187,-0.946217,0.029475,0.677496,-0.162056,-0.066912,0.714325,-0.034457,-0.139307,-0.037031,-0.070203,-0.078478,0.053507,-0.140856,-0.989591,-0.029475,0.000000,0.000000,0.000000,-1,-0.189865,-1.041351,0.010406,-0.019762,-0.170822,-0.032231,55.198685,157.509613,-534.942017,0,0
1.840000,-1.375281,1.426351,1.043921,0.936771,-0.320193,0.141201,-0.124422,0.072380,0.989586,-0.327078,-0.944583,0.027964,0.677574,-0.164046,-0.068582,0.713638,0.016557,-0.192052,-0.012721,-0.038502,-0.037620,0.033778,-0.141201,-0.989586,-0.027964,0.000000,0.000000,0.000000,-1,-0.149994,-0.969101,-0.013397,0.026022,-0.184445,-0.015490,53.616562,159.091736,-533.433716,0,0
1.880000,-1.398973,1.426596,1.060086,0.934204,-0.327439,0.141585,-0.125365,0.070241,0.989621,-0.333986,-0.942258,0.024570,0.678121,-0.166933,-0.070931,0.712217,0.058158,-0.177126,-0.001378,-0.001267,0.040921,0.003742,-0.141585,-0.989621,-0.024570,0.000000,0.000000,0.000000,-1,-0.124741,-0.910797,-0.030334,0.018831,-0.102830,-0.009348,54.319733,157.333817,-532.763367,0,0
1.920000,-1.414430,1.426599,1.071989,0.932935,-0.330884,0.141945,-0.126189,0.068742,0.989621,-0.337207,-0.941164,0.022378,0.678567,-0.168396,-0.071939,0.711347,0.022623,0.027484,0.018371,0.022011,0.085035,-0.011008,-0.141945,-0.989622,-0.022378,0.000000,0.000000,0.000000,-1,-0.129456,-0.900055,-0.037430,-0.033876,0.055192,0.011774,54.495514,156.806442,-533.601318,0,0
1.960000,-1.405981,1.425804,1.065116,0.933410,-0.329289,0.142527,-0.126402,0.069989,0.989507,-0.335809,-0.941632,0.023706,0.678181,-0.167983,-0.071250,0.711882,-0.053020,0.026341,0.013650,0.009669,0.086034,-0.004477,-0.142527,-0.989507,-0.023706,0.000000,0.000000,0.000000,-1,-0.136978,-0.916489,-0.020264,-0.091455,0.042329,-0.005841,54.495514,157.509613,-534.942017,0,0
2.000000,-1.391720,1.425198,1.051633,0.933686,-0.328403,0.142765,-0.125968,0.071985,0.989419,-0.335205,-0.941791,0.025843,0.677469,-0.167672,-0.071015,0.712656,-0.071103,0.041075,0.003082,0.005787,0.072931,0.005579,-0.142765,-0.989419,-0.025843,0.000000,0.000000,0.000000,-1,-0.132492,-0.917191,-0.018936,-0.109443,0.081502,-0.007979,53.968140,158.036987,-533.098511,0,0
2.040000,-1.357675,1.424130,1.021343,0.935023,-0.324547,0.142835,-0.124631,0.076318,0.989264,-0.331964,-0.942786,0.030911,0.675980,-0.166121,-0.069946,0.714537,-0.109240,0.107781,-0.000068,0.018338,0.067877,0.013912,-0.142835,-0.989264,-0.030911,0.000000,0.000000,0.000000,-1,-0.109650,-0.958679,-0.005432,-0.143435,0.116364,-0.018500,55.022903,157.333817,-533.433716,0,0
2.080000,-1.337429,1.425192,1.004006,0.936243,-0.321752,0.141157,-0.122402,0.077903,0.989418,-0.329344,-0.943614,0.033553,0.675423,-0.164398,-0.069655,0.715489,-0.122024,0.114009,-0.013849,0.031508,0.030739,0.028121,-0.141157,-0.989418,-0.033553,0.000000,0.000000,0.000000,-1,-0.082703,-1.023148,0.026825,-0.148732,0.138459,-0.034521,55.022903,158.388565,-535.109619,0,0
2.120000,-1.282026,1.427753,0.957201,0.939702,-0.313505,0.136654,-0.116552,0.082085,0.989787,-0.321521,-0.946032,0.040596,0.673985,-0.159520,-0.068572,0.718050,-0.147502,0.169753,-0.056487,0.058407,-0.043584,0.068123,-0.136654,-0.989787,-0.040596,0.000000,0.000000,0.000000,-1,-0.079407,-1.023575,0.023727,-0.179626,0.167729,-0.077004,56.077652,156.279068,-535.779968,0,0
2.160000,-1.249080,1.430150,0.928314,0.941494,-0.309681,0.132991,-0.112232,0.083996,0.990126,-0.317794,-0.947123,0.044325,0.673271,-0.156666,-0.068621,0.719343,-0.145495,0.146222,-0.080924,0.057369,-0.011370,0.070662,-0.132991,-0.990126,-0.044325,0.000000,0.000000,0.000000,-1,-0.078156,-1.012924,0.035660,-0.160342,0.213198,-0.084781,54.671310,157.685394,-535.444763,0,0
2.200000,-1.221823,1.432868,0.906532,0.943679,-0.304592,0.129204,-0.108256,0.084761,0.990503,-0.312650,-0.948704,0.047013,0.673035,-0.153353,-0.068142,0.720322,-0.132390,0.238499,-0.066465,0.052269,-0.026678,0.092331,-0.129204,-0.990503,-0.047013,0.000000,0.000000,0.000000,-1,-0.094254,-1.042206,0.065033,-0.120591,0.306668,-0.055611,55.550278,158.915939,-536.282715,0,0
2.240000,-1.197708,1.434897,0.893717,0.947458,-0.293952,0.126161,-0.105595,0.084882,0.990780,-0.301950,-0.952044,0.049382,0.673274,-0.148359,-0.065274,0.721409,-0.044791,0.307565,-0.040775,0.023515,-0.048634,0.113377,-0.126161,-0.990780,-0.049382,0.000000,0.000000,0.000000,-1,-0.131058,-1.030106,0.037766,-0.035697,0.207147,-0.049504,54.495514,157.158020,-536.282715,0,0
2.280000,-1.193705,1.436235,0.901079,0.950901,-0.283250,0.124730,-0.105178,0.083279,0.990960,-0.291077,-0.955424,0.049399,0.674207,-0.144031,-0.061682,0.721730,-0.032091,0.265332,-0.025795,-0.047237,0.004800,0.095099,-0.124730,-0.990960,-0.049399,0.000000,0.000000,0.000000,-1,-0.180862,-0.959503,0.057465,-0.128014,0.298404,-0.033151,55.022903,156.630646,-536.450317,0,0
2.320000,-1.174331,1.435110,0.892690,0.953998,-0.272614,0.124777,-0.105343,0.084857,0.990809,-0.280696,-0.958374,0.052236,0.673963,-0.140199,-0.057837,0.723030,-0.142717,0.293963,-0.023970,-0.053247,0.039042,0.121816,-0.124777,-0.990809,-0.052236,0.000000,0.000000,0.000000,-1,-0.170425,-0.939575,0.082291,-0.166308,0.317399,-0.041448,55.374481,157.333817,-537.455811,0,0
2.360000,-1.134024,1.434051,0.866601,0.958008,-0.258770,0.123522,-0.103894,0.088256,0.990665,-0.267256,-0.961899,0.057666,0.673069,-0.134705,-0.053388,0.725247,-0.131051,0.283237,-0.037863,-0.016080,0.065662,0.132220,-0.123522,-0.990665,-0.057666,0.000000,0.000000,0.000000,-1,-0.121246,-0.915085,0.065216,-0.155805,0.279159,-0.053104,54.319733,158.036987,-537.455811,0,0
2.400000,-1.115648,1.434755,0.855615,0.960116,-0.251670,0.121815,-0.102391,0.088935,0.990761,-0.260179,-0.963718,0.059619,0.672971,-0.131529,-0.051400,0.726063,-0.148215,0.254414,-0.062123,0.009480,0.084099,0.121982,-0.121815,-0.990761,-0.059619,0.000000,0.000000,0.000000,-1,-0.112732,-0.897232,0.059982,-0.183592,0.272496,-0.086954,54.495514,155.751678,-536.617920,0,0
2.440000,-1.069419,1.434557,0.816862,0.962353,-0.244319,0.119102,-0.099012,0.092969,0.990734,-0.253128,-0.965228,0.065279,0.671585,-0.127806,-0.049892,0.728114,-0.165265,0.267981,-0.084414,0.006370,0.093502,0.125261,-0.119102,-0.990734,-0.065279,0.000000,0.000000,0.000000,-1,-0.153702,-0.932144,0.075150,-0.208057,0.289350,-0.097481,54.847107,157.861191,-537.623413,0,0
2.480000,-0.985404,1.433998,0.746148,0.966229,-0.231262,0.113665,-0.092571,0.100139,0.990658,-0.240484,-0.967724,0.075349,0.669093,-0.120997,-0.047384,0.731730,-0.223193,0.133303,-0.102632,-0.059141,0.042889,0.164888,-0.113665,-0.990658,-0.075349,0.000000,0.000000,0.000000,-1,-0.189774,-0.949799,0.103363,-0.241803,0.068781,-0.126221,53.792358,156.806442,-537.958618,0,1
2.520000,-0.969963,1.434573,0.730173,0.966291,-0.231805,0.112019,-0.090580,0.101181,0.990736,-0.240992,-0.967486,0.076773,0.668644,-0.120537,-0.048222,0.732162,-0.187669,-0.070410,-0.139418,-0.081646,0.042753,0.181937,-0.112019,-0.990736,-0.076773,0.000000,0.000000,0.000000,-1,-0.186935,-0.940308,0.097580,-0.202012,-0.133741,-0.149208,56.253433,157.509613,-539.299316,0,0
2.560000,-0.964850,1.435694,0.720213,0.965285,-0.236574,0.110711,-0.088835,0.101243,0.990888,-0.245627,-0.966324,0.076712,0.668455,-0.121702,-0.050458,0.731990,-0.190017,-0.161411,-0.129457,-0.073966,0.044034,0.168555,-0.110711,-0.990888,-0.076712,0.000000,0.000000,0.000000,-1,-0.173996,-0.965408,0.090637,-0.247847,-0.188381,-0.102839,55.726059,156.982224,-538.461365,0,0
2.600000,-0.946152,1.433573,0.689212,0.962323,-0.248238,0.110962,-0.086990,0.105570,0.990600,-0.257619,-0.962929,0.079998,0.666475,-0.125747,-0.055012,0.732784,-0.251325,-0.137982,-0.001214,-0.033599,-0.006974,0.173275,-0.110962,-0.990600,-0.079998,0.000000,0.000000,0.000000,-1,-0.139587,-1.019989,0.086884,-0.270809,-0.121733,0.002556,57.308197,156.806442,-537.623413,0,0
2.640000,-0.912606,1.428574,0.651288,0.961208,-0.252002,0.112133,-0.085926,0.112729,0.989903,-0.262098,-0.961139,0.086702,0.663660,-0.127297,-0.056492,0.734956,-0.229875,-0.131130,0.052925,-0.027927,-0.066600,0.175325,-0.112133,-0.989903,-0.086702,0.000000,0.000000,0.000000,-1,-0.151413,-1.087921,0.105087,-0.221426,-0.060547,0.091431,57.132401,156.982224,-538.796570,0,0
2.680000,-0.920689,1.422766,0.656768,0.960059,-0.253973,0.117405,-0.090051,0.116808,0.989064,-0.264909,-0.960132,0.089272,0.662190,-0.129881,-0.055688,0.735890,-0.150241,0.038381,0.174187,-0.037289,-0.107052,0.204353,-0.117405,-0.989064,-0.089272,0.000000,0.000000,0.000000,-1,-0.167877,-1.104279,0.123749,-0.090544,0.146243,0.235590,55.550278,156.454849,-538.964111,0,0
2.720000,-0.934964,1.415800,0.674580,0.960267,-0.249919,0.124208,-0.096419,0.120563,0.988012,-0.261898,-0.960732,0.091676,0.661065,-0.130977,-0.052071,0.736971,0.033380,0.104026,0.289703,-0.060347,-0.135111,0.198457,-0.124208,-0.988012,-0.091676,0.000000,0.000000,0.000000,-1,-0.199615,-1.143433,0.034149,0.224255,-0.054165,0.331910,55.901855,156.806442,-537.623413,0,0
2.760000,-1.049154,1.407322,0.786252,0.957460,-0.251717,0.141102,-0.115178,0.114981,0.986668,-0.264585,-0.960946,0.081097,0.663585,-0.138225,-0.046521,0.733747,0.155023,-0.196406,0.332498,-0.031475,-0.205944,0.045987,-0.141102,-0.986668,-0.081098,0.000000,0.000000,0.000000,-1,-0.093033,-1.207138,-0.190979,0.049712,-0.300768,0.234047,55.901855,157.158020,-538.293762,0,0
2.800000,-1.102327,1.400635,0.828486,0.953243,-0.261720,0.151097,-0.124789,0.114474,0.985557,-0.275237,-0.958331,0.076461,0.663760,-0.145576,-0.046756,0.732151,0.043567,-0.276557,0.138709,0.077595,-0.205025,-0.157456,-0.151097,-0.985557,-0.076461,0.000000,0.000000,0.000000,-1,-0.057953,-1.164017,-0.296631,0.148569,-0.187239,0.028313,56.605026,157.158020,-537.288269,0,0
2.840000,-1.174650,1.404035,0.891042,0.950099,-0.271776,0.153135,-0.129095,0.104341,0.986127,-0.283984,-0.956687,0.064050,0.667403,-0.150161,-0.049014,0.727752,0.311485,-0.277033,-0.022100,0.040876,-0.052737,-0.242057,-0.153135,-0.986127,-0.064050,0.000000,0.000000,0.000000,-1,-0.180435,-0.966217,-0.283585,0.221317,-0.382622,-0.023719,58.011368,157.861191,-536.617920,0,0
2.880000,-1.217472,1.406135,0.920155,0.946028,-0.285269,0.153792,-0.130429,0.099285,0.986474,-0.296680,-0.953291,0.056719,0.668959,-0.155352,-0.053399,0.724919,0.059281,-0.596693,-0.004032,-0.066361,0.045342,-0.219191,-0.153792,-0.986474,-0.056719,0.000000,0.000000,0.000000,-1,-0.272354,-0.906082,-0.258469,-0.046257,-0.771018,-0.108610,60.296661,155.927475,-535.779968,0,0
2.920000,-1.233493,1.408307,0.913570,0.939419,-0.306900,0.152660,-0.128076,0.098833,0.986828,-0.317945,-0.946596,0.053539,0.668402,-0.162692,-0.061821,0.723151,-0.012028,-0.836154,-0.129355,-0.119694,0.080745,-0.204930,-0.152660,-0.986828,-0.053539,0.000000,0.000000,0.000000,-1,-0.211624,-0.984680,-0.211014,-0.015428,-0.771203,-0.128024,62.933533,158.564362,-536.953064,0,0
2.960000,-1.209693,1.411487,0.852695,0.928029,-0.341669,0.148405,-0.119462,0.104376,0.987337,-0.352832,-0.934007,0.056047,0.664757,-0.173421,-0.076880,0.722574,-0.195801,-0.359065,-0.079638,0.009230,0.018389,-0.129790,-0.148405,-0.987337,-0.056047,0.000000,0.000000,0.000000,-1,-0.113739,-0.939575,-0.167755,-0.287658,-0.326060,-0.102014,61.878784,158.564362,-535.277222,0,0
3.000000,-1.160364,1.411332,0.792711,0.924887,-0.351260,0.145602,-0.113099,0.111457,0.987312,-0.363032,-0.929620,0.063358,0.661451,-0.175508,-0.082179,0.724517,-0.341721,-0.315235,-0.153243,0.089023,0.106682,-0.075543,-0.145602,-0.987312,-0.063358,0.000000,0.000000,0.000000,-1,0.003860,-0.810349,-0.072632,-0.321747,-0.215103,-0.244919,62.230362,155.751678,-536.953064,0,0
3.040000,-1.098716,1.413548,0.722918,0.922945,-0.358774,0.139473,-0.103604,0.117432,0.987662,-0.370726,-0.926008,0.071213,0.658464,-0.175552,-0.087800,0.726566,-0.236251,-0.198781,-0.271683,0.156334,0.206519,0.023529,-0.139473,-0.987662,-0.071213,0.000000,0.000000,0.000000,-1,-0.048248,-0.729919,-0.009033,-0.088638,-0.185037,-0.310758,62.230362,156.806442,-535.947510,0,0
3.080000,-1.061764,1.422764,0.676077,0.920564,-0.368746,0.128792,-0.092291,0.115049,0.989063,-0.379531,-0.922383,0.071877,0.658338,-0.175076,-0.095216,0.725860,0.084875,-0.344953,-0.266168,0.035698,0.285984,0.059609,-0.128792,-0.989063,-0.071878,0.000000,0.000000,0.000000,-1,-0.192490,-0.699356,-0.051682,0.070199,-0.500405,-0.278848,63.460907,157.685394,-536.785522,0,0
3.120000,-1.049157,1.436269,0.637481,0.911789,-0.393852,0.116284,-0.079825,0.107780,0.990965,-0.402826,-0.912833,0.066833,0.659010,-0.179693,-0.108702,0.722219,-0.086202,-0.532950,-0.325925,-0.070163,0.271894,0.001724,-0.116284,-0.990965,-0.066833,0.000000,0.000000,0.000000,-1,-0.146667,-0.760391,-0.099731,-0.208408,-0.356598,-0.310252,64.515671,155.575897,-537.120667,0,0
3.160000,-0.968767,1.441964,0.542851,0.907132,-0.407307,0.105889,-0.066368,0.110007,0.991713,-0.415580,-0.906642,0.072758,0.656576,-0.180358,-0.117919,0.722824,-0.240223,-0.145349,-0.220717,-0.031715,0.205290,-0.033656,-0.105889,-0.991713,-0.072758,0.000000,0.000000,0.000000,-1,-0.123642,-0.828476,-0.095383,-0.283380,0.095827,-0.180332,66.976746,156.279068,-536.115112,0,0
3.200000,-0.842863,1.440401,0.422501,0.910343,-0.402310,0.097071,-0.053316,0.118592,0.991511,-0.410407,-0.907790,0.086510,0.652924,-0.174456,-0.119974,0.727228,-0.271784,0.278935,-0.154947,-0.012579,0.104151,0.040016,-0.097071,-0.991511,-0.086510,0.000000,0.000000,0.000000,-1,-0.128571,-0.948029,0.002884,-0.274188,0.302544,-0.160937,65.746201,157.861191,-535.947510,0,0
3.240000,-0.803960,1.440405,0.391319,0.913733,-0.395380,0.093630,-0.049591,0.120193,0.991511,-0.403277,-0.910620,0.090217,0.652557,-0.170472,-0.118628,0.728722,-0.128013,0.252764,-0.118668,-0.054899,0.010920,0.108863,-0.093630,-0.991511,-0.090217,0.000000,0.000000,0.000000,-1,-0.241211,-1.074905,0.022781,0.018326,0.129649,-0.067743,68.383087,156.982224,-536.450317,0,0
3.280000,-0.850985,1.442136,0.442484,0.915057,-0.391617,0.096477,-0.054939,0.115948,0.991735,-0.399566,-0.912794,0.084584,0.654699,-0.170519,-0.115736,0.727253,0.115493,0.047215,-0.006827,-0.170491,-0.108744,0.108068,-0.096477,-0.991735,-0.084584,0.000000,0.000000,0.000000,-1,-0.269409,-1.149658,0.034012,0.140130,0.249538,-0.043570,69.789429,156.279068,-535.109619,0,0
3.320000,-0.894265,1.450164,0.499632,0.920423,-0.379496,0.093835,-0.057655,0.105629,0.992733,-0.386649,-0.919144,0.075344,0.659441,-0.165728,-0.111009,0.724810,0.336792,0.367823,-0.037444,-0.143333,-0.146687,0.081646,-0.093835,-0.992733,-0.075344,0.000000,0.000000,0.000000,-1,-0.226852,-1.130615,0.010345,0.383331,0.392500,-0.041730,69.437836,158.388565,-533.098511,0,0
3.360000,-0.976877,1.458471,0.594233,0.924757,-0.369047,0.092894,-0.062756,0.092875,0.993698,-0.375349,-0.924759,0.062727,0.665048,-0.162320,-0.106178,0.721172,0.542477,0.363244,0.044073,-0.123109,-0.172867,0.050138,-0.092894,-0.993698,-0.062727,0.000000,0.000000,0.000000,-1,-0.250122,-1.287109,-0.086441,0.619918,0.290606,0.168816,69.789429,158.036987,-531.422668,0,1
3.400000,-1.137224,1.463306,0.764473,0.927704,-0.360399,0.097357,-0.074257,0.077431,0.994229,-0.365857,-0.929579,0.045071,0.671789,-0.161753,-0.099920,0.715927,0.626845,0.273049,0.256821,-0.178919,-0.332798,-0.065494,-0.097357,-0.994228,-0.045071,0.000000,0.000000,0.000000,-1,-0.239304,-1.326294,-0.128616,0.404919,0.459310,0.425528,70.141006,158.388565,-530.752319,0,0
3.440000,-1.299374,1.453594,0.948319,0.933641,-0.340035,0.112653,-0.095002,0.068178,0.993140,-0.345383,-0.937938,0.031350,0.677147,-0.160614,-0.085923,0.712946,0.203935,0.799720,0.391292,-0.014910,-0.284021,-0.114829,-0.112653,-0.993140,-0.031350,0.000000,0.000000,0.000000,-1,0.201569,-0.965332,-0.320618,-0.050758,0.995506,0.215053,68.734665,157.333817,-530.417114,0,0
3.480000,-1.247223,1.442971,0.944546,0.948275,-0.293543,0.120862,-0.103286,0.074716,0.991841,-0.300179,-0.953021,0.040532,0.676946,-0.146551,-0.066223,0.718248,-0.203986,1.018236,0.075105,0.363447,0.071889,-0.317698,-0.120862,-0.991841,-0.040532,0.000000,0.000000,0.000000,-1,0.299698,-0.920029,-0.411011,-0.180617,1.159060,0.031146,68.910461,156.454849,-529.914368,0,0
3.520000,-1.172304,1.438229,0.913820,0.960375,-0.250677,0.121823,-0.104665,0.080725,0.991226,-0.258311,-0.964699,0.051289,0.676084,-0.131397,-0.050470,0.723255,-0.039675,1.048787,0.174922,0.477032,-0.013443,-0.371638,-0.121823,-0.991226,-0.051289,0.000000,0.000000,0.000000,-1,0.374008,-1.079666,-0.303879,0.104235,0.690051,0.402493,69.262054,156.103271,-528.573669,0,0
3.560000,-1.258747,1.420565,1.031747,0.965146,-0.219554,0.142439,-0.128444,0.076827,0.988736,-0.228024,-0.972571,0.045949,0.678670,-0.128191,-0.031527,0.722482,0.344129,0.243563,0.498821,0.210951,-0.161257,-0.031001,-0.142439,-0.988736,-0.045949,0.000000,0.000000,0.000000,-1,-0.149887,-1.056305,-0.061340,0.293217,-0.070799,0.252603,66.097794,157.158020,-527.568115,0,0
3.600000,-1.316409,1.419482,1.080095,0.962454,-0.228909,0.145887,-0.132951,0.071034,0.988574,-0.236656,-0.970853,0.037934,0.680714,-0.132897,-0.033336,0.719622,0.064884,-0.742994,-0.129182,-0.062274,-0.003202,-0.016723,-0.145887,-0.988574,-0.037934,0.000000,0.000000,0.000000,-1,-0.305222,-0.828827,0.007645,-0.111296,-1.113557,-0.155827,69.262054,156.103271,-527.568115,0,0
3.640000,-1.338457,1.422386,1.063393,0.953058,-0.266411,0.143893,-0.129236,0.071849,0.989007,-0.273821,-0.961178,0.034047,0.679552,-0.145554,-0.047799,0.717453,0.026268,-0.663647,0.089211,-0.188535,0.195993,0.079030,-0.143893,-0.989007,-0.034047,0.000000,0.000000,0.000000,-1,-0.332047,-0.711700,0.043655,0.112508,0.087437,0.179905,67.855713,157.509613,-527.903320,0,0
3.680000,-1.368675,1.413454,1.101431,0.953710,-0.258601,0.153504,-0.139749,0.070876,0.987647,-0.266286,-0.963381,0.031456,0.680327,-0.146382,-0.041444,0.716945,-0.041323,0.458290,0.231479,-0.069976,0.378318,-0.026848,-0.153504,-0.987647,-0.031456,0.000000,0.000000,0.000000,-1,-0.134598,-0.587860,-0.100708,-0.143957,0.466881,0.202843,69.613632,156.454849,-525.221924,0,0
3.720000,-1.331460,1.406754,1.077239,0.956374,-0.245313,0.158653,-0.143817,0.077369,0.986575,-0.254295,-0.966352,0.038713,0.678287,-0.143424,-0.035251,0.719801,-0.259906,0.423674,0.149143,0.097297,0.392184,-0.053633,-0.158653,-0.986575,-0.038713,0.000000,0.000000,0.000000,-1,-0.014099,-0.624985,-0.051086,-0.371301,0.381093,0.084546,68.031509,156.279068,-526.395020,0,0
3.760000,-1.267007,1.401055,1.023413,0.958767,-0.234055,0.161192,-0.144245,0.087919,0.985628,-0.244864,-0.968240,0.050533,0.674595,-0.140196,-0.031008,0.724089,-0.391254,0.355252,0.077976,0.159209,0.336016,0.022792,-0.161192,-0.985628,-0.050533,0.000000,0.000000,0.000000,-1,-0.031219,-0.738754,0.043350,-0.443151,0.281813,-0.000816,70.844177,154.872726,-526.730164,0,0
3.800000,-1.171946,1.395483,0.936985,0.961142,-0.224440,0.160726,-0.140541,0.103293,0.984672,-0.237602,-0.968998,0.067736,0.668975,-0.136395,-0.028729,0.730098,-0.339033,0.125262,-0.051536,0.098867,0.199653,0.143832,-0.160726,-0.984672,-0.067736,0.000000,0.000000,0.000000,-1,-0.140503,-0.880753,0.133896,-0.224804,0.001613,-0.058986,70.316803,155.048523,-525.221924,0,0
3.840000,-1.133697,1.393284,0.897498,0.961105,-0.225132,0.159980,-0.138046,0.110110,0.984286,-0.239210,-0.968086,0.074749,0.666379,-0.136250,-0.029724,0.732455,0.027974,-0.070834,0.053950,-0.101388,-0.035566,0.226528,-0.159980,-0.984286,-0.074749,0.000000,0.000000,0.000000,-1,-0.248642,-1.098862,0.054169,0.044386,-0.168813,0.071665,71.195755,153.466385,-526.059814,0,1
3.880000,-1.154603,1.390594,0.911553,0.958902,-0.231592,0.163928,-0.141672,0.109781,0.983808,-0.245838,-0.966599,0.072459,0.666457,-0.140018,-0.030726,0.731632,-0.074564,-0.221773,0.108577,-0.060849,-0.112567,0.096034,-0.163928,-0.983808,-0.072459,0.000000,0.000000,0.000000,-1,-0.129303,-1.141281,-0.018906,-0.206374,-0.062107,0.152044,72.426300,155.048523,-524.551514,0,0
3.920000,-1.136621,1.378194,0.896704,0.958252,-0.227151,0.173654,-0.149547,0.119478,0.981509,-0.243698,-0.966503,0.080521,0.662996,-0.142044,-0.026412,0.734549,-0.099865,0.402870,0.307778,0.110223,-0.185422,0.087250,-0.173654,-0.981509,-0.080521,0.000000,0.000000,0.000000,-1,-0.044235,-1.183701,0.028763,-0.075528,0.458494,0.328052,73.481049,153.642181,-525.221924,0,0
3.960000,-1.149201,1.368914,0.920350,0.959181,-0.215638,0.182956,-0.159572,0.121419,0.979691,-0.233473,-0.968895,0.082054,0.662516,-0.141585,-0.019062,0.735298,0.138084,0.177697,0.358977,0.104602,-0.246689,0.110008,-0.182956,-0.979691,-0.082054,0.000000,0.000000,0.000000,-1,-0.322647,-1.451645,0.042572,0.318296,0.022493,0.376702,72.250504,153.466385,-525.724670,0,0
4.000000,-1.284835,1.359126,1.057221,0.955558,-0.215134,0.201561,-0.182989,0.103218,0.977681,-0.231137,-0.971115,0.059263,0.669529,-0.148658,-0.011044,0.727674,0.721166,-0.103417,0.555801,-0.173347,-0.526820,0.051954,-0.201561,-0.977681,-0.059263,0.000000,0.000000,0.000000,-1,-0.259064,-1.392151,-0.347519,0.327878,-0.315543,0.359784,73.481049,154.696930,-522.205322,0,0
4.040000,-1.389937,1.354513,1.150207,0.950482,-0.228082,0.211100,-0.195898,0.087621,0.976702,-0.241265,-0.969691,0.038601,0.675326,-0.156954,-0.011167,0.720539,0.299315,-0.226148,-0.239460,0.055034,-0.089292,-0.377903,-0.211100,-0.976702,-0.038601,0.000000,0.000000,0.000000,-1,-0.162125,-0.875748,-0.456436,0.333903,-0.218193,-0.337348,74.535812,153.290604,-521.199768,0,0
4.080000,-1.450005,1.366045,1.201530,0.949950,-0.238442,0.201843,-0.189618,0.073386,0.979111,-0.248274,-0.968380,0.024500,0.680453,-0.157270,-0.017059,0.715513,0.485742,-0.485315,-0.314506,0.027786,0.098603,-0.453298,-0.201843,-0.979111,-0.024500,0.000000,0.000000,0.000000,-1,-0.204559,-1.099045,-0.504044,0.300721,-0.748523,-0.189154,78.754807,152.587433,-520.194214,0,0
4.120000,-1.518116,1.372668,1.249053,0.945487,-0.259651,0.196562,-0.186734,0.062243,0.980437,-0.266806,-0.963695,0.010364,0.684266,-0.163089,-0.025664,0.710298,0.128409,-0.890836,-0.076910,-0.024889,-0.162523,-0.434277,-0.196562,-0.980437,-0.010364,0.000000,0.000000,0.000000,-1,-0.297089,-1.151672,-0.172409,-0.423646,-0.754075,0.112644,80.512741,153.290604,-520.864624,0,0
4.160000,-1.464783,1.368193,1.165825,0.936950,-0.286511,0.200091,-0.184945,0.079279,0.979546,-0.296514,-0.954791,0.021292,0.677565,-0.173952,-0.035577,0.713709,-0.746257,-0.460503,0.053968,-0.093961,-0.134712,-0.123010,-0.200091,-0.979546,-0.021292,0.000000,0.000000,0.000000,-1,-0.225800,-1.007553,-0.010513,-0.614589,-0.279065,-0.180619,80.864319,152.235840,-523.210815,0,0
4.200000,-1.389096,1.374274,1.087117,0.937990,-0.288606,0.192045,-0.172861,0.090803,0.980752,-0.300489,-0.953132,0.035284,0.673035,-0.171413,-0.040282,0.718345,0.296249,0.498571,-0.213389,0.070082,0.095437,0.130834,-0.192045,-0.980752,-0.035284,0.000000,0.000000,0.000000,-1,-0.049164,-0.669266,-0.037628,0.216092,0.212370,-0.281586,84.555954,152.411636,-525.724670,0,0
4.240000,-1.414193,1.387251,1.117105,0.941280,-0.285465,0.180283,-0.164052,0.079994,0.983203,-0.295091,-0.955045,0.028466,0.676908,-0.166018,-0.042402,0.715846,0.018473,-0.357918,-0.406174,0.147019,0.382861,-0.021064,-0.180283,-0.983203,-0.028466,0.000000,0.000000,0.000000,-1,-0.008850,-0.507675,-0.078659,-0.131352,-0.730642,-0.554471,87.017044,150.653717,-524.048767,0,0
