0.000000,2.544776,1.260062,-1.552461,0.519843,0.836800,-0.171840,0.305707,0.005606,0.952109,0.797689,-0.547480,-0.252901,0.664669,0.429728,0.235399,0.564036,-0.011496,-0.032959,-0.002051,0.004720,0.010383,-0.005007,0.171840,-0.952109,0.252901,0.000000,0.000000,0.000000,-1,0.175827,-0.942627,0.248093,-0.010727,-0.121925,-0.000395,146.297028,208.321686,-748.003662,0,0
0.040000,2.542181,1.260225,-1.550598,0.520382,0.836348,-0.172408,0.305540,0.006172,0.952159,0.797401,-0.548164,-0.252326,0.664555,0.429569,0.235117,0.564408,-0.011551,-0.019898,-0.005450,0.000856,0.008052,-0.005042,0.172408,-0.952159,0.252326,0.000000,0.000000,0.000000,-1,0.171555,-0.946396,0.246933,-0.009663,-0.115565,-0.001499,146.647430,208.321686,-747.669678,0,0
0.080000,2.539619,1.260551,-1.548547,0.520766,0.836012,-0.172878,0.305217,0.006792,0.952259,0.797274,-0.548669,-0.251628,0.664380,0.429434,0.234954,0.564785,-0.008359,-0.008238,-0.006602,-0.000866,0.005985,-0.005443,0.172878,-0.952259,0.251628,0.000000,0.000000,0.000000,-1,0.167679,-0.944397,0.245804,-0.008599,-0.109206,-0.002604,146.647430,207.972458,-748.671631,0,0
0.120000,2.538560,1.260856,-1.547610,0.520880,0.835920,-0.172980,0.304920,0.007071,0.952352,0.797313,-0.548806,-0.251205,0.664269,0.429359,0.234970,0.564966,-0.009420,-0.003998,-0.006609,-0.005713,0.009450,-0.005890,0.172980,-0.952352,0.251205,0.000000,0.000000,0.000000,-1,0.169098,-0.944733,0.242020,-0.012853,-0.104967,-0.003639,148.224289,207.448593,-748.504639,0,0
0.160000,2.536128,1.261689,-1.545057,0.520828,0.835919,-0.173138,0.304107,0.007829,0.952606,0.797657,-0.548797,-0.250131,0.663915,0.429282,0.235165,0.565360,-0.017918,0.004484,-0.005488,-0.003339,0.008056,-0.003336,0.173138,-0.952606,0.250131,0.000000,0.000000,0.000000,-1,0.168121,-0.946701,0.248260,-0.017092,-0.097542,-0.001499,146.822647,208.147064,-747.502625,0,0
0.200000,2.534910,1.262186,-1.543541,0.520620,0.836042,-0.173173,0.303622,0.008277,0.952757,0.797978,-0.548603,-0.249532,0.663678,0.429299,0.235357,0.565545,-0.011608,0.006819,-0.007850,-0.003114,0.007993,-0.003026,0.173173,-0.952757,0.249532,0.000000,0.000000,0.000000,-1,0.171906,-0.942490,0.246994,-0.010716,-0.091184,-0.003725,146.297028,206.924728,-749.339661,0,0
0.240000,2.533856,1.262306,-1.542131,0.520302,0.836199,-0.173371,0.303496,0.008702,0.952793,0.798233,-0.548357,-0.249255,0.663486,0.429434,0.235447,0.565630,-0.010558,0.009993,-0.012131,-0.001450,0.009098,-0.003085,0.173371,-0.952793,0.249255,0.000000,0.000000,0.000000,-1,0.174240,-0.946533,0.245789,-0.012853,-0.089068,-0.006902,147.523468,206.750107,-749.506653,0,0
0.280000,2.531282,1.262456,-1.538832,0.519625,0.836504,-0.173930,0.303323,0.009699,0.952838,0.798740,-0.547876,-0.248691,0.663064,0.429757,0.235577,0.565825,-0.009493,0.014232,-0.012163,0.000295,0.006046,-0.003162,0.173930,-0.952838,0.248691,0.000000,0.000000,0.000000,-1,0.173157,-0.946259,0.248215,-0.007536,-0.082709,-0.008053,147.348251,207.273972,-750.341675,0,0
0.320000,2.529969,1.262354,-1.536683,0.518858,0.836900,-0.174312,0.303399,0.010354,0.952807,0.799209,-0.547258,-0.248542,0.662768,0.430127,0.235715,0.565833,-0.005240,0.020591,-0.013302,-0.000698,0.010425,-0.003471,0.174312,-0.952807,0.248542,0.000000,0.000000,0.000000,-1,0.174255,-0.941986,0.245514,-0.006475,-0.079530,-0.009143,147.348251,206.924728,-748.671631,0,0
0.360000,2.528775,1.262311,-1.534803,0.518231,0.837222,-0.174632,0.303419,0.010926,0.952795,0.799608,-0.546754,-0.248367,0.662509,0.430425,0.235837,0.565860,-0.006379,0.018628,-0.016630,-0.001109,0.011144,-0.007095,0.174632,-0.952795,0.248367,0.000000,0.000000,0.000000,-1,0.174026,-0.938446,0.238403,-0.009669,-0.080592,-0.010167,148.049088,207.972458,-747.669678,0,0
0.400000,2.526658,1.262117,-1.531379,0.517023,0.837836,-0.175264,0.303565,0.011972,0.952736,0.800335,-0.545790,-0.248148,0.662042,0.431015,0.236039,0.565873,-0.008502,0.029228,-0.017719,0.002760,0.009056,-0.003656,0.175264,-0.952736,0.248148,0.000000,0.000000,0.000000,-1,0.176910,-0.944077,0.242172,-0.010737,-0.071054,-0.013389,145.946609,207.623215,-748.671631,0,0
0.440000,2.523396,1.261994,-1.526514,0.515536,0.838568,-0.176141,0.303620,0.013454,0.952698,0.801273,-0.544630,-0.247670,0.661391,0.431737,0.236294,0.565977,-0.007441,0.034525,-0.018821,0.004569,0.014557,-0.009343,0.176141,-0.952698,0.247670,0.000000,0.000000,0.000000,-1,0.183182,-0.938049,0.235992,-0.008606,-0.064693,-0.013442,146.647430,206.924728,-748.337646,0,0
0.480000,2.519917,1.261967,-1.521900,0.514449,0.839051,-0.177016,0.303580,0.014856,0.952690,0.801986,-0.543849,-0.247077,0.660808,0.432286,0.236441,0.566178,-0.013831,0.039819,-0.021970,0.010881,0.016609,-0.014228,0.177016,-0.952690,0.247077,0.000000,0.000000,0.000000,-1,0.191589,-0.946701,0.230057,-0.017133,-0.062582,-0.019739,146.297028,206.924728,-747.669678,0,0
0.520000,2.514462,1.262136,-1.515218,0.513249,0.839521,-0.178267,0.303313,0.016875,0.952742,0.802855,-0.543064,-0.245977,0.659991,0.432898,0.236590,0.566601,-0.022424,0.045460,-0.029518,0.014940,0.004225,-0.019216,0.178267,-0.952742,0.245977,0.000000,0.000000,0.000000,-1,0.192551,-0.952545,0.233841,-0.015009,-0.049865,-0.023011,146.997849,206.924728,-749.339661,0,0
0.560000,2.506650,1.261835,-1.504363,0.510354,0.840840,-0.180353,0.303399,0.020185,0.952650,0.804667,-0.540907,-0.244808,0.658592,0.434350,0.236988,0.566950,-0.000088,0.048642,-0.025532,0.007299,0.011839,-0.012142,0.180353,-0.952650,0.244808,0.000000,0.000000,0.000000,-1,0.183502,-0.938416,0.234161,0.000945,-0.056221,-0.019967,146.997849,206.575485,-747.669678,0,0
0.600000,2.504761,1.261602,-1.501079,0.509071,0.841490,-0.180947,0.303552,0.021197,0.952579,0.805421,-0.539857,-0.244645,0.658126,0.434963,0.237217,0.566926,-0.001151,0.042282,-0.023366,-0.001901,0.010578,-0.010652,0.180947,-0.952579,0.244645,0.000000,0.000000,0.000000,-1,0.180008,-0.947098,0.243286,-0.006480,-0.060454,-0.014548,147.173050,206.750107,-748.504639,0,0
0.640000,2.503819,1.261622,-1.498893,0.507993,0.842094,-0.181166,0.303486,0.021859,0.952585,0.806126,-0.538888,-0.244459,0.657760,0.435410,0.237533,0.566876,-0.007500,0.035934,-0.013693,0.000215,0.000330,-0.003661,0.181166,-0.952585,0.244460,0.000000,0.000000,0.000000,-1,0.180267,-0.946793,0.247086,-0.000069,-0.069980,-0.003938,146.997849,206.575485,-748.003662,0,0
0.680000,2.506244,1.260707,-1.499511,0.506393,0.843073,-0.181090,0.304368,0.021734,0.952306,0.806800,-0.537359,-0.245599,0.657696,0.436159,0.237842,0.566244,0.015888,0.025696,-0.000241,-0.001631,0.006475,0.004584,0.181090,-0.952306,0.245599,0.000000,0.000000,0.000000,-1,0.179596,-0.945648,0.249313,0.016978,-0.079504,0.007618,146.121811,207.448593,-748.504639,0,0
0.720000,2.508520,1.260193,-1.501192,0.505880,0.843439,-0.180820,0.304894,0.021256,0.952149,0.806924,-0.536804,-0.246406,0.657843,0.436401,0.237938,0.565847,0.020165,0.019346,0.007186,-0.002048,0.011521,0.000481,0.180820,-0.952149,0.246406,0.000000,0.000000,0.000000,-1,0.179428,-0.942719,0.247681,0.023374,-0.089036,0.013973,145.420990,206.750107,-748.170654,0,0
0.760000,2.511092,1.259556,-1.503407,0.505558,0.843691,-0.180543,0.305544,0.020622,0.951954,0.806879,-0.536433,-0.247360,0.658084,0.436584,0.237939,0.565425,0.023360,0.014048,0.009302,-0.000169,0.010228,0.002427,0.180543,-0.951954,0.247360,0.000000,0.000000,0.000000,-1,0.184982,-0.938141,0.249039,0.026568,-0.087975,0.014996,147.348251,206.575485,-749.673706,0,0
0.800000,2.515285,1.258019,-1.506888,0.504837,0.844162,-0.180362,0.307074,0.019651,0.951483,0.806750,-0.535728,-0.249300,0.658499,0.437068,0.237809,0.564621,0.023372,0.020409,0.010332,0.006665,0.010992,0.000624,0.180362,-0.951483,0.249300,0.000000,0.000000,0.000000,-1,0.187286,-0.941849,0.248886,0.021265,-0.076311,0.016066,144.720169,208.496307,-748.504639,0,0
0.840000,2.516916,1.257491,-1.507887,0.504270,0.844525,-0.180249,0.307595,0.019376,0.951320,0.806906,-0.535165,-0.250001,0.658577,0.437352,0.237883,0.564279,0.019088,0.026009,0.009146,0.004886,0.013439,-0.003999,0.180249,-0.951320,0.250001,0.000000,0.000000,0.000000,-1,0.181076,-0.940628,0.246613,0.019140,-0.079490,0.017167,146.997849,206.924728,-749.005676,0,0
0.880000,2.519071,1.257184,-1.509452,0.503798,0.844885,-0.179880,0.307916,0.018913,0.951225,0.807078,-0.534613,-0.250626,0.658694,0.437533,0.238046,0.563934,0.021219,0.021771,0.011268,-0.000086,0.008080,-0.004166,0.179880,-0.951225,0.250626,0.000000,0.000000,0.000000,-1,0.176773,-0.941437,0.245453,0.022343,-0.078425,0.020318,145.946609,205.527771,-748.337646,0,0
0.920000,2.524500,1.256944,-1.513812,0.503057,0.845588,-0.178649,0.308224,0.017583,0.951151,0.807423,-0.533547,-0.251785,0.659026,0.437696,0.238524,0.563217,0.019111,0.016478,0.017698,-0.004134,0.013835,-0.005188,0.178649,-0.951151,0.251785,0.000000,0.000000,0.000000,-1,0.172424,-0.938110,0.245407,0.017035,-0.089020,0.024680,146.472229,206.400864,-748.838684,0,0
0.960000,2.527007,1.257133,-1.516008,0.502924,0.845822,-0.177913,0.308082,0.016896,0.951210,0.807560,-0.533198,-0.252085,0.659187,0.437624,0.238797,0.562969,0.011683,0.015423,0.022040,-0.000286,0.007789,-0.007044,0.177913,-0.951210,0.252085,0.000000,0.000000,0.000000,-1,0.180450,-0.941727,0.247650,0.007483,-0.082654,0.027947,147.348251,207.273972,-748.337646,0,0
1.000000,2.528764,1.257342,-1.517336,0.502665,0.846093,-0.177356,0.307906,0.016476,0.951274,0.807788,-0.532781,-0.252235,0.659246,0.437620,0.239073,0.562785,0.008475,0.019845,0.020863,0.002896,0.012096,-0.006477,0.177356,-0.951274,0.252235,0.000000,0.000000,0.000000,-1,0.178909,-0.937607,0.253098,0.014917,-0.082658,0.025738,146.297028,206.924728,-748.337646,0,0
1.040000,2.532136,1.257043,-1.520059,0.502192,0.846517,-0.176667,0.308234,0.015652,0.951182,0.807957,-0.532131,-0.253065,0.659470,0.437757,0.239317,0.562312,0.013791,0.024084,0.019720,0.001357,0.014658,-0.002134,0.176667,-0.951182,0.253065,0.000000,0.000000,0.000000,-1,0.176086,-0.935364,0.249771,0.005357,-0.072056,0.025795,145.245789,205.877014,-748.337646,0,0
1.080000,2.535410,1.257133,-1.521828,0.501060,0.847371,-0.175789,0.308175,0.015103,0.951210,0.808682,-0.530787,-0.253571,0.659456,0.438068,0.239930,0.561826,-0.005351,0.043158,0.014523,0.007775,0.018043,-0.004838,0.175789,-0.951210,0.253571,0.000000,0.000000,0.000000,-1,0.183334,-0.937103,0.251633,-0.006363,-0.052988,0.015201,146.997849,207.972458,-749.673706,0,0
1.120000,2.536726,1.257002,-1.521165,0.499410,0.848399,-0.175526,0.308290,0.015313,0.951169,0.809659,-0.529136,-0.253905,0.659166,0.438694,0.240506,0.561431,-0.004300,0.061168,0.006980,0.008587,0.007993,0.004075,0.175526,-0.951169,0.253905,0.000000,0.000000,0.000000,-1,0.179840,-0.941849,0.256577,0.000011,-0.032852,0.009722,146.822647,207.099350,-748.504639,0,0
1.160000,2.538671,1.256732,-1.521109,0.497739,0.849452,-0.175177,0.308546,0.015343,0.951086,0.810589,-0.527443,-0.254458,0.658949,0.439335,0.241070,0.560942,-0.001119,0.071955,0.002536,0.003076,0.013265,0.000700,0.175177,-0.951086,0.254458,0.000000,0.000000,0.000000,-1,0.173599,-0.937668,0.252380,-0.006377,-0.029676,0.006587,145.596191,207.623215,-747.669678,0,0
1.200000,2.541444,1.257079,-1.520361,0.494913,0.851285,-0.174284,0.308204,0.015558,0.951193,0.812448,-0.524473,-0.254670,0.658412,0.440259,0.242312,0.560313,-0.016015,0.065590,0.000602,-0.005400,0.008917,-0.002823,0.174284,-0.951193,0.254670,0.000000,0.000000,0.000000,-1,0.164703,-0.946365,0.251480,-0.017005,-0.041334,0.009947,145.946609,207.623215,-748.003662,0,0
1.240000,2.544657,1.258001,-1.521079,0.493072,0.852620,-0.172972,0.307339,0.015293,0.951477,0.813894,-0.522308,-0.254503,0.658081,0.440660,0.243481,0.559880,-0.010679,0.054999,0.008040,-0.007674,0.006973,0.000624,0.172972,-0.951477,0.254503,0.000000,0.000000,0.000000,-1,0.164597,-0.943649,0.255737,-0.002120,-0.060411,0.014124,146.472229,205.353149,-749.506653,0,0
1.280000,2.547633,1.258347,-1.522701,0.492092,0.853376,-0.172030,0.307035,0.014778,0.951584,0.814601,-0.521086,-0.254744,0.658038,0.440860,0.244124,0.559492,0.000998,0.036974,0.006931,-0.010760,0.007614,-0.002165,0.172030,-0.951584,0.254744,0.000000,0.000000,0.000000,-1,0.161270,-0.942886,0.253204,0.003193,-0.068891,0.015168,145.771408,207.797836,-749.172668,0,0
1.320000,2.551702,1.259008,-1.525285,0.491095,0.854229,-0.170642,0.306444,0.013956,0.951787,0.815425,-0.519710,-0.254919,0.658038,0.440959,0.244964,0.559047,-0.001141,0.017006,0.005917,-0.006091,0.007359,-0.008459,0.170642,-0.951786,0.254919,0.000000,0.000000,0.000000,-1,0.162796,-0.945618,0.247818,-0.001084,-0.096458,0.014276,145.771408,207.448593,-749.506653,0,0
1.360000,2.552787,1.259485,-1.526145,0.491026,0.854374,-0.170113,0.306002,0.013672,0.951933,0.815632,-0.519479,-0.254727,0.658043,0.440844,0.245242,0.559011,0.003114,0.006408,0.009111,-0.007134,0.007398,-0.006604,0.170113,-0.951933,0.254727,0.000000,0.000000,0.000000,-1,0.163498,-0.943695,0.251144,0.003169,-0.095398,0.014224,146.647430,206.924728,-749.673706,0,0
1.400000,2.554660,1.259827,-1.527751,0.490929,0.854560,-0.169455,0.305698,0.013167,0.952038,0.815805,-0.519185,-0.254773,0.658129,0.440741,0.245525,0.558866,0.002040,0.008523,0.005924,-0.007270,0.009563,-0.002988,0.169455,-0.952038,0.254773,0.000000,0.000000,0.000000,-1,0.162231,-0.939041,0.251541,0.002105,-0.092219,0.013158,145.596191,208.321686,-749.005676,0,0
1.440000,2.556772,1.260089,-1.529290,0.490566,0.854903,-0.168779,0.305469,0.012686,0.952118,0.816109,-0.518633,-0.254923,0.658180,0.440750,0.245879,0.558643,0.002045,0.010644,0.006979,-0.000017,0.007202,-0.005869,0.168779,-0.952118,0.254923,0.000000,0.000000,0.000000,-1,0.169037,-0.945557,0.253845,0.004222,-0.093282,0.011012,145.420990,206.750107,-747.836670,0,0
1.480000,2.557487,1.260051,-1.529751,0.490369,0.855048,-0.168617,0.305511,0.012547,0.952106,0.816212,-0.518398,-0.255074,0.658198,0.440809,0.245973,0.558534,0.002047,0.009709,0.005867,-0.000984,0.006961,-0.000069,0.168617,-0.952106,0.255074,0.000000,0.000000,0.000000,-1,0.161713,-0.932785,0.269775,0.002110,-0.079498,0.012036,146.647430,208.321686,-748.337646,0,0
1.520000,2.561532,1.259403,-1.532645,0.489434,0.855720,-0.167922,0.306163,0.011686,0.951908,0.816529,-0.517307,-0.256270,0.658411,0.441170,0.246277,0.557864,0.002083,0.049997,0.005685,-0.004470,0.019855,0.018495,0.167922,-0.951908,0.256270,0.000000,0.000000,0.000000,-1,0.171387,-0.941803,0.282227,-0.003159,-0.002108,0.008554,145.946609,206.924728,-747.669678,0,0
1.560000,2.569233,1.257673,-1.533933,0.483950,0.859045,-0.166835,0.307823,0.011353,0.951376,0.819169,-0.511774,-0.258939,0.657939,0.443379,0.247870,0.555959,-0.014858,0.194164,-0.008611,0.011570,-0.011362,0.022082,0.166835,-0.951376,0.258939,0.000000,0.000000,0.000000,-1,0.174774,-0.961990,0.274231,0.003274,0.149478,-0.008157,145.420990,207.448593,-747.836670,0,0
1.600000,2.575705,1.256872,-1.533015,0.477714,0.862773,-0.165564,0.308573,0.011664,0.951129,0.822540,-0.505456,-0.260657,0.657021,0.445704,0.249983,0.554238,0.019195,0.275787,-0.017865,0.003671,-0.007474,0.007120,0.165564,-0.951129,0.260657,0.000000,0.000000,0.000000,-1,0.143936,-0.966354,0.251541,0.046876,0.199298,-0.015244,145.596191,206.575485,-748.337646,0,0
1.640000,2.590201,1.255988,-1.535675,0.467911,0.868762,-0.162209,0.309443,0.010872,0.950856,0.827831,-0.495110,-0.263745,0.655893,0.449084,0.253708,0.551144,0.068071,0.286455,-0.025940,-0.030938,-0.013774,-0.018399,0.162209,-0.950856,0.263745,0.000000,0.000000,0.000000,-1,0.099014,-0.953979,0.244110,0.096752,0.120830,-0.023950,145.070587,207.448593,-747.836670,0,0
1.680000,2.606587,1.252113,-1.541413,0.458691,0.874119,-0.159743,0.313181,0.009205,0.949649,0.831577,-0.485624,-0.269535,0.655557,0.452783,0.256207,0.547348,0.086137,0.190004,-0.007616,-0.052672,-0.003751,-0.023457,0.159743,-0.949649,0.269535,0.000000,0.000000,0.000000,-1,0.133881,-0.936203,0.230118,0.070254,0.094365,0.003055,143.844131,206.924728,-749.339661,0,0
1.720000,2.617493,1.249417,-1.544940,0.452270,0.877761,-0.158075,0.315770,0.008167,0.948801,0.834111,-0.479029,-0.273477,0.655282,0.455350,0.257918,0.544738,0.071157,0.163468,-0.027542,0.000662,0.017541,-0.050424,0.158075,-0.948801,0.273477,0.000000,0.000000,0.000000,-1,0.185410,-0.955566,0.247177,0.077467,0.023261,-0.043508,144.895370,208.321686,-748.337646,0,0
1.760000,2.622157,1.245528,-1.544476,0.447353,0.880178,-0.158628,0.319453,0.008410,0.947565,0.835360,-0.474570,-0.277413,0.655049,0.457840,0.258275,0.542759,0.101805,0.111459,-0.065938,0.020525,-0.021948,0.009681,0.158628,-0.947565,0.277413,0.000000,0.000000,0.000000,-1,0.136185,-0.948883,0.311340,0.127336,-0.000096,-0.065226,143.318527,206.750107,-748.504639,0,0
1.800000,2.628139,1.239029,-1.546658,0.443244,0.882009,-0.159987,0.325619,0.007862,0.945468,0.835169,-0.471168,-0.283715,0.655572,0.460525,0.257478,0.540229,0.168817,0.092406,-0.050681,-0.042662,0.025852,0.011558,0.159987,-0.945468,0.283715,0.000000,0.000000,0.000000,-1,0.138718,-0.900650,0.266403,0.140221,-0.006404,-0.030237,144.895370,206.575485,-748.671631,0,0
1.840000,2.633987,1.235160,-1.549342,0.440110,0.883556,-0.160102,0.329294,0.007066,0.944201,0.835385,-0.468273,-0.287840,0.655912,0.462276,0.257383,0.538362,0.034943,0.056401,-0.020323,-0.007484,0.034823,-0.025496,0.160102,-0.944201,0.287840,0.000000,0.000000,0.000000,-1,0.147369,-0.929657,0.279312,0.019020,-0.080598,-0.014738,143.844131,209.020172,-748.337646,0,0
1.880000,2.634154,1.234272,-1.548644,0.439210,0.883938,-0.160461,0.330127,0.007314,0.943908,0.835530,-0.467547,-0.288599,0.655838,0.462791,0.257330,0.538035,0.026399,0.015049,-0.022169,-0.019363,0.009750,-0.006159,0.160461,-0.943908,0.288599,0.000000,0.000000,0.000000,-1,0.153564,-0.941696,0.280838,0.045582,-0.096503,-0.016023,143.844131,208.321686,-747.335632,0,0
1.920000,2.634545,1.231621,-1.549215,0.438962,0.883861,-0.161563,0.332632,0.007180,0.943029,0.834667,-0.467695,-0.290849,0.656245,0.463429,0.256422,0.537423,0.073105,-0.030555,-0.032051,-0.001453,0.006384,-0.011353,0.161563,-0.943029,0.290849,0.000000,0.000000,0.000000,-1,0.169846,-0.929642,0.277298,0.078476,-0.153762,-0.021445,144.544968,207.273972,-746.667603,0,0
1.960000,2.632870,1.228646,-1.549476,0.440107,0.882950,-0.163416,0.335438,0.007153,0.942035,0.832939,-0.469412,-0.293027,0.656883,0.463701,0.254811,0.537176,0.057201,-0.035839,-0.019089,0.015890,0.009555,-0.021512,0.163416,-0.942035,0.293027,0.000000,0.000000,0.000000,-1,0.187103,-0.931824,0.273026,0.040292,-0.104971,-0.007416,145.245789,209.020172,-748.003662,0,0
2.000000,2.631079,1.227299,-1.548048,0.440116,0.882733,-0.164560,0.336695,0.007660,0.941583,0.832427,-0.469813,-0.293840,0.656943,0.464054,0.254157,0.537107,0.038125,0.016119,-0.012735,0.024847,0.012551,-0.019274,0.164560,-0.941583,0.293840,0.000000,0.000000,0.000000,-1,0.180710,-0.924271,0.280014,0.036063,-0.058327,-0.010771,144.720169,208.845551,-747.168640,0,0
2.040000,2.625652,1.225119,-1.540503,0.437611,0.883489,-0.167165,0.338679,0.010263,0.940846,0.832943,-0.468340,-0.294728,0.656139,0.465666,0.253672,0.536923,0.030673,0.076525,-0.025703,0.009211,0.014165,-0.010670,0.167165,-0.940846,0.294728,0.000000,0.000000,0.000000,-1,0.166550,-0.936966,0.278183,0.025411,-0.021239,-0.023586,144.369751,207.448593,-747.168640,0,0
2.080000,2.625119,1.224615,-1.536766,0.434667,0.884867,-0.167556,0.339112,0.011544,0.940675,0.834307,-0.465700,-0.295051,0.655395,0.466886,0.254332,0.536461,0.023217,0.082878,-0.028842,-0.001784,0.000566,-0.019187,0.167556,-0.940675,0.295051,0.000000,0.000000,0.000000,-1,0.164566,-0.930405,0.272919,0.016920,-0.019114,-0.020311,144.369751,207.448593,-747.168640,0,0
2.120000,2.624469,1.225493,-1.531993,0.431129,0.886637,-0.167339,0.338227,0.013131,0.940973,0.836499,-0.462279,-0.294224,0.654259,0.468035,0.255694,0.536199,-0.000136,0.083955,-0.015823,-0.003338,0.009332,-0.025104,0.167339,-0.940973,0.294224,0.000000,0.000000,0.000000,-1,0.172195,-0.937729,0.266312,-0.005340,-0.011669,-0.004143,144.194550,206.226257,-745.999634,0,0
2.160000,2.623149,1.226898,-1.527657,0.428621,0.887902,-0.167072,0.336846,0.014540,0.941447,0.838343,-0.459802,-0.292854,0.653249,0.468715,0.256897,0.536262,-0.027706,0.127439,-0.002953,0.013653,0.001903,-0.026024,0.167072,-0.941447,0.292854,0.000000,0.000000,0.000000,-1,0.185165,-0.937805,0.260864,-0.056257,0.076348,0.008785,144.019348,207.448593,-747.502625,0,0
2.200000,2.619957,1.229781,-1.517539,0.422786,0.890774,-0.166653,0.333970,0.017803,0.942416,0.842447,-0.454097,-0.289965,0.650951,0.470368,0.259541,0.536336,-0.049984,0.208009,-0.003079,0.011341,0.000078,-0.035601,0.166653,-0.942416,0.289965,0.000000,0.000000,0.000000,-1,0.155304,-0.944199,0.247208,-0.037129,0.112380,-0.001162,144.019348,206.750107,-747.502625,0,0
2.240000,2.625182,1.235469,-1.512839,0.415107,0.895145,-0.162487,0.328526,0.019062,0.944303,0.848385,-0.445368,-0.286166,0.648500,0.471731,0.264417,0.535724,-0.007607,0.145423,-0.023461,-0.040370,-0.003741,-0.046877,0.162487,-0.944302,0.286166,0.000000,0.000000,0.000000,-1,0.114471,-0.951874,0.242783,0.007362,-0.000032,-0.021355,143.844131,209.020172,-746.333618,0,0
2.280000,2.625900,1.234598,-1.511335,0.413009,0.896079,-0.162686,0.329318,0.019605,0.944016,0.849102,-0.443462,-0.286997,0.648152,0.472650,0.264759,0.535167,0.031610,0.019248,-0.029706,-0.047528,-0.010300,-0.040522,0.162686,-0.944016,0.286997,0.000000,0.000000,0.000000,-1,0.143646,-0.946793,0.253418,0.045520,-0.147402,-0.022175,143.668930,206.750107,-745.498596,0,0
2.320000,2.624939,1.233636,-1.512071,0.414327,0.895338,-0.163411,0.330239,0.019416,0.943698,0.848101,-0.444964,-0.287631,0.648564,0.472419,0.263925,0.535283,0.048562,-0.071923,-0.025221,-0.002812,0.002688,-0.030902,0.163411,-0.943698,0.287631,0.000000,0.000000,0.000000,-1,0.185165,-0.928085,0.258636,0.036996,-0.156949,-0.025229,143.318527,207.797836,-744.496582,0,0
2.360000,2.621014,1.232522,-1.509904,0.415532,0.894476,-0.165061,0.331245,0.020195,0.943329,0.847119,-0.446659,-0.287899,0.648698,0.472378,0.262856,0.535684,0.032580,-0.040141,-0.040081,0.027215,0.019241,-0.036144,0.165061,-0.943329,0.287899,0.000000,0.000000,0.000000,-1,0.190994,-0.930664,0.262756,0.007197,-0.108206,-0.043203,142.968109,207.797836,-746.166626,0,0
2.400000,2.612439,1.231792,-1.501246,0.414931,0.894232,-0.167871,0.331744,0.023110,0.943086,0.847218,-0.447006,-0.287067,0.647860,0.473087,0.262150,0.536417,-0.030059,0.009707,-0.025792,0.012716,0.007158,-0.019138,0.167871,-0.943086,0.287067,0.000000,0.000000,0.000000,-1,0.137299,-0.958008,0.307098,-0.005387,-0.136754,0.009186,143.143311,206.575485,-746.667603,0,0
2.440000,2.610985,1.232024,-1.501902,0.416788,0.893311,-0.168178,0.331541,0.022878,0.943163,0.846385,-0.448857,-0.286634,0.648179,0.472420,0.261582,0.536897,0.043397,-0.134417,0.032485,-0.052501,-0.022138,0.048022,0.168178,-0.943163,0.286634,0.000000,0.000000,0.000000,-1,0.068222,-1.004425,0.412323,0.105231,-0.401704,0.076177,143.318527,208.147064,-747.168640,0,0
2.480000,2.617490,1.228858,-1.524331,0.430741,0.886738,-0.167803,0.334952,0.015575,0.942106,0.838015,-0.462010,-0.290306,0.652969,0.467745,0.256602,0.537590,0.180910,-0.344127,0.172327,-0.092837,0.041288,0.173149,0.167803,-0.942106,0.290306,0.000000,0.000000,0.000000,-1,0.097031,-0.801636,0.428741,0.142940,-0.459798,0.220689,145.946609,208.670929,-747.001648,0,0
2.520000,2.628719,1.229740,-1.547465,0.441967,0.881889,-0.164125,0.334391,0.007803,0.942402,0.832375,-0.471393,-0.291447,0.656813,0.462948,0.254353,0.538127,0.037773,-0.351393,0.278182,-0.046495,0.172642,0.108501,0.164125,-0.942402,0.291447,0.000000,0.000000,0.000000,-1,0.230331,-0.784683,0.360596,-0.092734,-0.489338,0.320218,145.596191,206.226257,-746.667603,0,0
2.560000,2.637100,1.239924,-1.572842,0.458935,0.874483,-0.157029,0.324867,-0.000665,0.945759,0.826946,-0.485056,-0.284396,0.660302,0.454091,0.253640,0.541727,-0.267312,-0.411793,0.303091,0.114638,0.099690,0.082914,0.157029,-0.945759,0.284396,0.000000,0.000000,0.000000,-1,0.351349,-0.997345,0.435120,-0.247242,-0.491599,0.228325,143.668930,208.496307,-747.168640,0,0
2.600000,2.632975,1.250600,-1.585744,0.475223,0.866412,-0.153275,0.314718,-0.004705,0.949174,0.821655,-0.499307,-0.274911,0.662351,0.445809,0.252275,0.546719,0.102984,-0.183154,0.055451,0.157272,0.003098,0.176185,0.153275,-0.949174,0.274911,0.000000,0.000000,0.000000,-1,0.236267,-0.880341,0.424667,0.210447,-0.235316,0.031718,145.070587,208.496307,-746.500610,0,0
2.640000,2.640583,1.244411,-1.597635,0.478327,0.864574,-0.153998,0.320505,-0.008604,0.947208,0.817606,-0.502432,-0.281216,0.664859,0.445613,0.249530,0.545093,0.280334,-0.116460,-0.011692,0.050607,0.079364,0.112644,0.153998,-0.947208,0.281216,0.000000,0.000000,0.000000,-1,0.154404,-0.848129,0.315552,0.194316,-0.272485,-0.009422,143.844131,207.273972,-745.999634,0,0
2.680000,2.642132,1.237892,-1.606532,0.483731,0.861108,-0.156516,0.326581,-0.011676,0.945097,0.812003,-0.508288,-0.286869,0.667510,0.444821,0.245497,0.544331,0.081446,-0.208703,-0.012275,-0.001350,0.095488,0.020412,0.156517,-0.945097,0.286869,0.000000,0.000000,0.000000,-1,0.179993,-0.909973,0.302765,0.017786,-0.311721,-0.012618,144.720169,208.147064,-746.834656,0,0
2.720000,2.631467,1.236538,-1.604621,0.490511,0.856585,-0.160192,0.327881,-0.011095,0.944654,0.807399,-0.515887,-0.286300,0.668563,0.442915,0.242014,0.546149,0.019769,-0.096362,-0.038695,0.027934,-0.020999,0.018571,0.160192,-0.944654,0.286300,0.000000,0.000000,0.000000,-1,0.168472,-0.959732,0.291504,0.047586,-0.131528,-0.041416,146.647430,207.623215,-746.667603,0,0
2.760000,2.630100,1.234154,-1.602773,0.489647,0.856798,-0.161685,0.330151,-0.010561,0.943869,0.806998,-0.515543,-0.288044,0.668628,0.443801,0.241283,0.545674,0.071868,0.068981,-0.071927,-0.016284,0.000845,-0.014668,0.161685,-0.943869,0.288044,0.000000,0.000000,0.000000,-1,0.104996,-0.959366,0.209274,0.002851,-0.067968,-0.076312,144.544968,209.369415,-746.333618,0,0
2.800000,2.625595,1.232733,-1.596869,0.487992,0.857371,-0.163642,0.331548,-0.008646,0.943399,0.807428,-0.514627,-0.288479,0.668041,0.444927,0.240923,0.545634,-0.053690,-0.026452,-0.079685,-0.058647,-0.015967,-0.079204,0.163642,-0.943399,0.288479,0.000000,0.000000,0.000000,-1,0.122681,-1.009949,0.215668,-0.076876,-0.205750,-0.045028,145.946609,207.273972,-746.333618,0,0
2.840000,2.614275,1.235135,-1.590157,0.491775,0.854800,-0.165757,0.329332,-0.006377,0.944193,0.806038,-0.518919,-0.284649,0.667608,0.443424,0.239767,0.547893,-0.019103,-0.063323,0.078594,-0.057862,-0.088004,-0.052548,0.165757,-0.944193,0.284649,0.000000,0.000000,0.000000,-1,0.078613,-1.015350,0.224823,0.000330,-0.166270,0.122011,145.596191,208.321686,-746.667603,0,0
2.880000,2.623221,1.236642,-1.601651,0.494636,0.853774,-0.162498,0.327814,-0.010118,0.944688,0.804906,-0.520546,-0.284884,0.668887,0.441625,0.240103,0.547639,0.048200,-0.066373,0.165091,-0.088859,-0.048659,-0.063418,0.162498,-0.944688,0.284884,0.000000,0.000000,0.000000,-1,0.127670,-0.953430,0.223343,0.043081,-0.190557,0.186536,144.895370,206.924728,-745.999634,0,0
2.920000,2.635931,1.238121,-1.617745,0.498381,0.852404,-0.158187,0.326213,-0.015326,0.945172,0.803244,-0.522659,-0.285704,0.670711,0.439317,0.240438,0.547118,0.026946,-0.091807,0.172886,-0.030517,-0.008258,-0.062361,0.158187,-0.945172,0.285704,0.000000,0.000000,0.000000,-1,0.187576,-0.940994,0.260361,0.028014,-0.173672,0.134503,145.946609,208.321686,-747.001648,0,0
2.960000,2.654317,1.237674,-1.638847,0.501540,0.851479,-0.153106,0.326239,-0.022235,0.945026,0.801265,-0.523917,-0.288937,0.673185,0.437368,0.240706,0.545520,0.122245,0.062782,0.038173,0.018723,0.016254,-0.027340,0.153106,-0.945026,0.288937,0.000000,0.000000,0.000000,-1,0.156891,-0.921661,0.237442,0.133007,-0.016912,0.032649,145.596191,206.924728,-746.333618,0,0
3.000000,2.663524,1.234463,-1.645449,0.499300,0.853022,-0.151835,0.329109,-0.024615,0.943971,0.801490,-0.521295,-0.293027,0.673970,0.438495,0.240981,0.543520,0.115744,0.117846,-0.005616,0.006826,0.028657,-0.058332,0.151835,-0.943971,0.293027,0.000000,0.000000,0.000000,-1,0.165588,-0.896454,0.228714,0.049848,0.032809,-0.038991,143.493729,209.369415,-745.665649,0,0
3.040000,2.666786,1.232310,-1.644717,0.495732,0.855105,-0.151807,0.331153,-0.024524,0.943258,0.802862,-0.517875,-0.295328,0.673718,0.440191,0.241590,0.542190,0.032606,0.130479,-0.064325,0.013782,0.046805,-0.066614,0.151807,-0.943258,0.295328,0.000000,0.000000,0.000000,-1,0.121658,-0.981567,0.229568,0.020958,-0.027679,-0.075630,143.493729,207.273972,-747.001648,0,0
3.080000,2.656994,1.233109,-1.632793,0.493523,0.855929,-0.154340,0.330669,-0.020527,0.943523,0.804421,-0.516686,-0.293160,0.672162,0.441336,0.241787,0.543101,0.067542,-0.070952,-0.055285,-0.049360,-0.057362,-0.040246,0.154340,-0.943523,0.293160,0.000000,0.000000,0.000000,-1,0.110077,-0.988708,0.283569,0.082626,-0.205737,-0.038276,145.420990,209.893265,-746.834656,0,0
3.120000,2.657729,1.231411,-1.636608,0.495932,0.854439,-0.154870,0.332187,-0.021893,0.942959,0.802311,-0.519090,-0.294691,0.673149,0.440700,0.240452,0.542989,0.091034,-0.110125,-0.019192,-0.033898,-0.031543,-0.004179,0.154870,-0.942959,0.294691,0.000000,0.000000,0.000000,-1,0.155838,-0.929443,0.289795,0.082852,-0.160072,0.012574,145.070587,207.448593,-746.166626,0,0
3.160000,2.659298,1.229251,-1.640272,0.497470,0.853458,-0.155351,0.334136,-0.023252,0.942238,0.800548,-0.520643,-0.296738,0.674066,0.440459,0.239293,0.542559,0.072103,-0.017833,0.016766,0.000487,0.012795,-0.006943,0.155351,-0.942238,0.296738,0.000000,0.000000,0.000000,-1,0.130325,-0.934891,0.271805,0.041537,-0.064623,0.032809,144.895370,210.067886,-745.331604,0,0
3.200000,2.670338,1.229779,-1.649617,0.496689,0.854544,-0.151840,0.333408,-0.026334,0.942415,0.801336,-0.518712,-0.297991,0.674725,0.440162,0.240652,0.541379,0.020164,0.030985,0.050099,-0.038406,0.000093,-0.018328,0.151840,-0.942415,0.297991,0.000000,0.000000,0.000000,-1,0.110428,-0.939697,0.283844,0.029932,-0.073066,0.058504,145.946609,208.670929,-747.001648,0,0
3.240000,2.678833,1.230534,-1.657479,0.496713,0.855032,-0.148986,0.332482,-0.028893,0.942667,0.801706,-0.517770,-0.298634,0.675322,0.439610,0.241633,0.540645,0.043533,0.024619,0.046686,-0.032256,0.006159,-0.017628,0.148986,-0.942667,0.298634,0.000000,0.000000,0.000000,-1,0.165176,-0.934036,0.287125,0.028800,-0.069914,0.039356,145.070587,209.893265,-745.832642,0,0
3.280000,2.683654,1.230119,-1.661536,0.496256,0.855517,-0.147717,0.332751,-0.030277,0.942528,0.801877,-0.516889,-0.299699,0.675691,0.439649,0.242034,0.539972,0.022200,0.047908,0.023414,0.017459,0.008492,-0.012575,0.147717,-0.942528,0.299699,0.000000,0.000000,0.000000,-1,0.193161,-0.933090,0.300079,0.026590,-0.016954,0.006166,145.070587,208.496307,-746.500610,0,0
3.320000,2.684663,1.226389,-1.656436,0.490524,0.858601,-0.148964,0.336401,-0.028880,0.941276,0.803878,-0.511830,-0.303001,0.674982,0.442605,0.242567,0.538202,0.069912,0.151720,-0.032909,0.024696,0.007987,0.006188,0.148964,-0.941276,0.303001,0.000000,0.000000,0.000000,-1,0.135498,-0.929535,0.302490,0.073275,0.050842,-0.032949,144.720169,208.845551,-745.164612,0,0
3.360000,2.692405,1.224328,-1.659652,0.486756,0.861003,-0.147456,0.338238,-0.030134,0.940578,0.805397,-0.507707,-0.305892,0.675052,0.444129,0.243663,0.536360,0.080473,0.122016,-0.045648,-0.039332,0.017101,-0.005751,0.147456,-0.940578,0.305892,0.000000,0.000000,0.000000,-1,0.042465,-0.923599,0.307068,0.062560,-0.048821,-0.034508,142.617691,207.448593,-745.164612,0,0
3.400000,2.693525,1.222065,-1.658853,0.484832,0.861988,-0.148035,0.340382,-0.030051,0.939807,0.805654,-0.506037,-0.307975,0.675066,0.445279,0.243539,0.535445,0.047482,0.013894,-0.032032,-0.105570,0.016208,-0.000907,0.148035,-0.939807,0.307975,0.000000,0.000000,0.000000,-1,0.034286,-0.934860,0.325424,0.034958,-0.171752,0.001454,145.420990,208.496307,-746.500610,0,0
3.440000,2.691109,1.219698,-1.663395,0.490330,0.858576,-0.149747,0.342456,-0.031802,0.938995,0.801437,-0.511699,-0.309618,0.676711,0.443702,0.240756,0.535936,0.067755,-0.202320,0.033551,-0.092420,-0.001190,0.013868,0.149747,-0.938995,0.309618,0.000000,0.000000,0.000000,-1,0.088287,-0.950119,0.305923,0.073302,-0.326466,0.051724,144.194550,209.369415,-745.665649,0,0
3.480000,2.690660,1.218404,-1.670584,0.496655,0.854815,-0.150416,0.343427,-0.034384,0.938550,0.797115,-0.517792,-0.310644,0.678543,0.441476,0.238268,0.536569,0.078487,-0.264814,0.073072,-0.050364,-0.014133,-0.011999,0.150416,-0.938550,0.310644,0.000000,0.000000,0.000000,-1,0.131653,-0.952286,0.274017,0.075570,-0.387883,0.101971,144.895370,209.020172,-745.331604,0,0
3.520000,2.692352,1.217382,-1.684409,0.506935,0.848779,-0.150306,0.343872,-0.039237,0.938196,0.790424,-0.527291,-0.311762,0.681530,0.437490,0.234809,0.537572,0.070107,-0.284903,0.110485,-0.007179,-0.008794,-0.041193,0.150306,-0.938196,0.311762,0.000000,0.000000,0.000000,-1,0.172897,-0.925049,0.269562,0.058651,-0.361349,0.121184,145.596191,208.670929,-745.999634,0,0
3.560000,2.696037,1.217421,-1.699096,0.516464,0.843221,-0.149140,0.343222,-0.044279,0.938210,0.784515,-0.535740,-0.312280,0.684292,0.433456,0.232128,0.538494,0.037226,-0.221280,0.118007,0.031340,0.014229,-0.040659,0.149140,-0.938210,0.312280,0.000000,0.000000,0.000000,-1,0.197800,-0.925568,0.268661,0.031055,-0.307277,0.122308,144.895370,207.972458,-745.665649,0,0
3.600000,2.702645,1.218725,-1.714889,0.524766,0.838536,-0.146554,0.341269,-0.049517,0.938660,0.779844,-0.542591,-0.312152,0.686738,0.429496,0.230543,0.539235,0.012787,-0.118467,0.100793,0.062293,0.016099,-0.049472,0.146554,-0.938660,0.312152,0.000000,0.000000,0.000000,-1,0.215668,-0.921432,0.257477,0.000192,-0.196002,0.091298,146.997849,209.020172,-744.329590,0,0
3.640000,2.705282,1.219381,-1.719869,0.526979,0.837336,-0.145470,0.340409,-0.051125,0.938886,0.778727,-0.544292,-0.311979,0.687401,0.428333,0.230308,0.539415,-0.000011,-0.093046,0.084863,0.070198,0.017454,-0.054502,0.145470,-0.938886,0.311979,0.000000,0.000000,0.000000,-1,0.213181,-0.930450,0.254059,-0.013714,-0.175898,0.064768,145.070587,209.194794,-745.498596,0,0
3.680000,2.705866,1.221050,-1.724286,0.530458,0.835283,-0.144626,0.338631,-0.052388,0.939460,0.777138,-0.547318,-0.310643,0.688021,0.426555,0.229830,0.540238,-0.027959,-0.060314,-0.003265,0.064892,0.004386,-0.050740,0.144626,-0.939460,0.310643,0.000000,0.000000,0.000000,-1,0.190598,-0.944855,0.280746,-0.026777,-0.163302,-0.019178,145.596191,209.369415,-745.665649,0,0
3.720000,2.683656,1.221043,-1.705936,0.532392,0.832832,-0.151492,0.339542,-0.046167,0.939457,0.775416,-0.551598,-0.307360,0.686644,0.426849,0.227164,0.542878,-0.007094,-0.109231,-0.096898,0.026425,-0.004055,-0.015276,0.151492,-0.939457,0.307360,0.000000,0.000000,0.000000,-1,0.163712,-0.934235,0.296219,0.009979,-0.267352,-0.119103,145.771408,208.147064,-745.832642,0,0
3.760000,2.666283,1.219466,-1.692975,0.534823,0.830158,-0.157486,0.341581,-0.041943,0.938916,0.772843,-0.555948,-0.305999,0.686069,0.426976,0.224233,0.544721,0.010762,-0.189870,-0.137159,0.003280,0.004880,-0.004744,0.157486,-0.938916,0.305999,0.000000,0.000000,0.000000,-1,0.157654,-0.918762,0.311005,0.021484,-0.354338,-0.151813,144.544968,208.670929,-745.999634,0,0
3.800000,2.642798,1.215396,-1.678704,0.540441,0.824752,-0.166456,0.345942,-0.037475,0.937507,0.766973,-0.564251,-0.305570,0.686201,0.426513,0.218783,0.547128,0.028653,-0.298053,-0.164524,-0.005903,0.022468,0.010776,0.166456,-0.937507,0.305570,0.000000,0.000000,0.000000,-1,0.159195,-0.910202,0.326477,0.032060,-0.416894,-0.153775,147.698669,209.020172,-747.001648,0,0
3.840000,2.611415,1.210077,-1.662787,0.550391,0.815606,-0.178481,0.351455,-0.032422,0.935643,0.757330,-0.577698,-0.304494,0.686897,0.424759,0.210676,0.550789,0.045736,-0.348899,-0.134698,-0.026122,0.026448,0.028911,0.178481,-0.935643,0.304494,0.000000,0.000000,0.000000,-1,0.148941,-0.907059,0.339066,0.047045,-0.462428,-0.117568,146.997849,209.718658,-745.665649,0,0
3.880000,2.594004,1.206985,-1.655701,0.557204,0.809446,-0.185260,0.354557,-0.030176,0.934547,0.750875,-0.586419,-0.303809,0.687603,0.423210,0.205647,0.552996,0.043658,-0.370078,-0.117560,-0.038760,0.031181,0.039468,0.185260,-0.934547,0.303809,0.000000,0.000000,0.000000,-1,0.153732,-0.897385,0.342941,0.047061,-0.483619,-0.108963,148.749908,209.020172,-745.999634,0,0
3.920000,2.577202,1.201857,-1.653248,0.566798,0.800955,-0.192899,0.359402,-0.029701,0.932710,0.741330,-0.597987,-0.304699,0.689420,0.420773,0.198874,0.555067,0.056426,-0.392332,-0.113338,-0.033262,0.032899,0.037373,0.192900,-0.932710,0.304699,0.000000,0.000000,0.000000,-1,0.174957,-0.912491,0.343460,0.053462,-0.496329,-0.100466,147.523468,209.893265,-745.164612,0,0
3.960000,2.568687,1.193270,-1.661712,0.578115,0.791110,-0.199821,0.367100,-0.033467,0.929579,0.728712,-0.610758,-0.309764,0.693063,0.417786,0.190780,0.555627,0.004530,-0.347742,-0.079970,-0.010658,0.006041,0.030614,0.199821,-0.929579,0.309764,0.000000,0.000000,0.000000,-1,0.209595,-0.930115,0.339890,-0.034529,-0.394481,-0.054216,150.501968,207.972458,-745.999634,0,0
4.000000,2.561564,1.191227,-1.660411,0.581856,0.787534,-0.203063,0.369033,-0.033160,0.928824,0.724747,-0.615379,-0.309920,0.693710,0.416805,0.188005,0.556501,-0.034681,-0.291521,-0.060644,0.006532,-0.001290,0.029969,0.203063,-0.928824,0.309920,0.000000,0.000000,0.000000,-1,0.234482,-0.919846,0.331406,-0.067401,-0.339333,-0.042402,148.399490,210.417130,-745.331604,0,0
4.040000,2.539533,1.191559,-1.648905,0.588807,0.780607,-0.209666,0.369083,-0.028887,0.928947,0.719086,-0.624355,-0.305118,0.693327,0.414555,0.183686,0.560090,-0.087693,-0.181239,-0.045670,0.030034,0.014427,0.029096,0.209666,-0.928947,0.305118,0.000000,0.000000,0.000000,-1,0.246353,-0.884201,0.323212,-0.096026,-0.265109,-0.036039,148.399490,209.369415,-745.999634,0,0
4.080000,2.521162,1.195543,-1.635438,0.592357,0.776987,-0.213082,0.365742,-0.023675,0.930415,0.717875,-0.629071,-0.298201,0.691779,0.412968,0.182426,0.563578,-0.160876,-0.052925,-0.025232,0.029197,0.069377,0.008287,0.213082,-0.930415,0.298201,0.000000,0.000000,0.000000,-1,0.245956,-0.854492,0.288681,-0.213828,-0.103924,-0.013130,149.100311,206.924728,-747.335632,0,0
4.120000,2.505605,1.202354,-1.619053,0.592273,0.776819,-0.213927,0.359743,-0.017374,0.932890,0.720970,-0.629484,-0.289745,0.689092,0.412341,0.183953,0.566823,-0.282036,0.002203,-0.025209,0.030870,0.066526,-0.018383,0.213927,-0.932890,0.289745,0.000000,0.000000,0.000000,-1,0.251480,-0.891937,0.254303,-0.313811,-0.110303,-0.023700,148.749908,208.670929,-747.001648,0,0
4.160000,2.482841,1.209245,-1.595891,0.592216,0.776142,-0.216526,0.353615,-0.008876,0.935349,0.724042,-0.630496,-0.279711,0.685712,0.411892,0.185032,0.570883,-0.372496,-0.040233,-0.039985,0.040996,0.029725,-0.034472,0.216526,-0.935349,0.279711,0.000000,0.000000,0.000000,-1,0.286179,-0.932617,0.223801,-0.396822,-0.145314,-0.038583,149.275528,207.797836,-747.502625,0,0
4.200000,2.449035,1.221406,-1.561218,0.592531,0.775327,-0.218577,0.342310,0.003279,0.939582,0.729199,-0.631552,-0.263459,0.680572,0.410551,0.187571,0.577137,-0.463904,-0.001009,-0.041281,0.079381,-0.000024,-0.042618,0.218577,-0.939582,0.263459,0.000000,0.000000,0.000000,-1,0.331985,-0.931885,0.221741,-0.481760,0.004175,-0.038321,148.574707,208.147064,-749.506653,0,0
4.240000,2.423131,1.231517,-1.530739,0.590059,0.777072,-0.219063,0.332541,0.013328,0.942995,0.735695,-0.629270,-0.250544,0.675884,0.410431,0.191095,0.581559,-0.479730,0.169680,-0.044005,0.112922,0.011110,-0.028804,0.219063,-0.942995,0.250544,0.000000,0.000000,0.000000,-1,0.287918,-0.972107,0.235794,-0.483807,0.115495,-0.039865,151.027588,208.147064,-748.838684,0,0
4.280000,2.381626,1.247135,-1.476061,0.581632,0.783390,-0.219097,0.316614,0.030084,0.948077,0.749306,-0.620802,-0.230534,0.667473,0.412003,0.198588,0.587619,-0.445777,0.191909,-0.066817,0.052098,-0.012311,0.002529,0.219097,-0.948077,0.230534,0.000000,0.000000,0.000000,-1,0.239746,-0.901108,0.210785,-0.436069,0.094256,-0.063697,148.749908,207.273972,-749.339661,0,0
