0.000000,-1.113296,-0.208365,-0.017459,0.444879,0.177847,0.877754,0.017081,0.978221,-0.206861,-0.895428,0.107021,0.432153,-0.092878,-0.524688,0.047571,0.844875,0.199749,0.108126,0.018450,0.009987,-0.040677,-0.017096,-0.877754,0.206861,-0.432153,0.000000,0.000000,0.000000,-1,-0.861130,0.155060,-0.449570,0.196335,0.134531,0.005430,-1488.606445,2936.429199,-673.369995,0,0
0.040000,-1.107398,-0.204972,-0.010894,0.448948,0.177194,0.875813,0.010666,0.979009,-0.203539,-0.893494,0.100720,0.437634,-0.089868,-0.522596,0.049187,0.846403,0.245690,0.163130,0.010414,0.018651,-0.056201,-0.013599,-0.875813,0.203539,-0.437634,0.000000,0.000000,0.000000,-1,-0.835693,0.125916,-0.500488,0.235911,0.203266,-0.005787,-1489.837036,2937.659668,-673.872742,0,0
0.080000,-1.089171,-0.197816,0.003737,0.462566,0.175902,0.868960,-0.003664,0.980491,-0.196528,-0.886577,0.087723,0.454187,-0.083499,-0.515688,0.052747,0.851065,0.388012,0.358401,0.052231,-0.001249,-0.065593,-0.070884,-0.868960,0.196528,-0.454187,0.000000,0.000000,0.000000,-1,-0.991867,0.193436,-0.501144,0.394944,0.286352,0.048065,-1489.837036,2938.714600,-674.207947,0,0
0.120000,-1.080325,-0.192223,0.017056,0.468099,0.176529,0.865864,-0.016741,0.981439,-0.191041,-0.883517,0.074931,0.462366,-0.077932,-0.512585,0.056630,0.853215,0.198274,-0.016008,-0.008826,-0.138561,0.021453,-0.014684,-0.865864,0.191041,-0.462366,0.000000,0.000000,0.000000,-1,-0.979919,0.218033,-0.429962,0.062476,-0.058889,-0.067379,-1489.133789,2936.956543,-672.867249,0,0
0.160000,-1.085392,-0.188676,0.015242,0.463983,0.172985,0.868790,-0.014971,0.982139,-0.187559,-0.885717,0.074017,0.458286,-0.076743,-0.514750,0.055144,0.852116,-0.086637,-0.127197,-0.123392,-0.062698,0.002627,0.022724,-0.868790,0.187559,-0.458286,0.000000,0.000000,0.000000,-1,-0.880737,0.157043,-0.428436,-0.139000,-0.099530,-0.113604,-1489.837036,2937.659668,-673.202393,0,0
0.200000,-1.091685,-0.187172,0.008649,0.459546,0.169110,0.871906,-0.008498,0.982498,-0.186081,-0.888113,0.078103,0.452940,-0.077634,-0.517207,0.052193,0.850732,-0.170598,-0.113019,-0.079127,-0.019757,-0.002731,0.027647,-0.871906,0.186081,-0.452940,0.000000,0.000000,0.000000,-1,-0.882538,0.180801,-0.411438,-0.216784,-0.152093,-0.072321,-1488.254883,2937.483887,-671.358948,0,0
0.240000,-1.100897,-0.189161,0.000483,0.452716,0.167874,0.875709,-0.000475,0.982162,-0.188035,-0.891655,0.084711,0.444720,-0.080364,-0.520751,0.049604,0.848469,-0.202545,-0.164363,-0.017970,0.015785,-0.029451,0.017108,-0.875709,0.188035,-0.444720,0.000000,0.000000,0.000000,-1,-0.848679,0.125824,-0.465027,-0.167445,-0.083739,-0.010106,-1488.782227,2938.714600,-673.537598,0,0
0.280000,-1.103575,-0.189816,-0.003385,0.450975,0.166931,0.876787,0.003325,0.982033,-0.188679,-0.892530,0.088004,0.442318,-0.081585,-0.521714,0.048242,0.847839,-0.088204,-0.063406,0.016956,0.028643,-0.063358,-0.041447,-0.876787,0.188679,-0.442318,0.000000,0.000000,0.000000,-1,-0.871780,0.172256,-0.488113,-0.010587,0.004417,0.019241,-1490.188599,2938.011230,-674.207947,0,0
0.320000,-1.103124,-0.191008,-0.001707,0.451098,0.168693,0.876386,0.001676,0.981812,-0.189849,-0.892473,0.087109,0.442611,-0.081663,-0.521561,0.049246,0.847868,0.033332,-0.041900,0.051089,-0.004244,0.012437,-0.045701,-0.876386,0.189849,-0.442611,0.000000,0.000000,0.000000,-1,-0.871078,0.218933,-0.470078,-0.002192,-0.059927,0.048181,-1488.430664,2936.956543,-672.532043,0,0
0.360000,-1.104666,-0.193333,-0.000455,0.449511,0.171886,0.876739,0.000509,0.981269,-0.192640,-0.893430,0.086981,0.440701,-0.082511,-0.522342,0.050570,0.847227,-0.040150,-0.034566,0.041002,0.006454,0.050295,0.005429,-0.876739,0.192640,-0.440701,0.000000,0.000000,0.000000,-1,-0.862213,0.235825,-0.449783,-0.111883,-0.049515,0.026621,-1488.782227,2936.956543,-672.532043,0,0
0.400000,-1.108416,-0.197171,-0.003403,0.446674,0.173806,0.877652,0.003337,0.980619,-0.195896,-0.894691,0.090431,0.437437,-0.084584,-0.523571,0.050359,0.846276,-0.098787,-0.064158,0.046894,0.015241,0.031094,-0.014666,-0.877652,0.195896,-0.437437,0.000000,0.000000,0.000000,-1,-0.894821,0.222961,-0.462509,-0.140597,-0.035769,0.023596,-1489.661255,2939.945068,-672.699646,0,0
0.440000,-1.112713,-0.201726,-0.008585,0.443756,0.175901,0.878715,0.008411,0.979686,-0.200361,-0.896108,0.096302,0.433262,-0.087761,-0.525040,0.049548,0.845089,-0.159608,-0.097095,0.034705,-0.015801,0.023211,-0.029186,-0.878715,0.200361,-0.433262,0.000000,0.000000,0.000000,-1,-0.882324,0.231293,-0.442947,-0.181242,-0.090903,0.016661,-1490.891724,2940.823975,-672.867249,0,0
0.480000,-1.116492,-0.204399,-0.012648,0.441109,0.176825,0.879861,0.012385,0.979105,-0.202979,-0.897368,0.100433,0.429702,-0.089864,-0.526377,0.048704,0.844085,-0.162863,-0.096271,0.009160,0.000802,0.030053,0.003128,-0.879861,0.202979,-0.429702,0.000000,0.000000,0.000000,-1,-0.874451,0.234909,-0.414413,-0.199373,-0.077395,-0.012013,-1488.606445,2938.890381,-670.353394,0,0
0.520000,-1.121156,-0.208818,-0.019823,0.438257,0.178047,0.881040,0.019391,0.978084,-0.207304,-0.898641,0.107937,0.425199,-0.093505,-0.527880,0.047060,0.842843,-0.199016,-0.044703,-0.025873,0.007855,0.022646,0.013212,-0.881039,0.207304,-0.425199,0.000000,0.000000,0.000000,-1,-0.885986,0.206238,-0.416153,-0.221678,-0.027965,-0.050377,-1490.188599,2937.659668,-670.856201,0,0
0.560000,-1.125171,-0.211589,-0.027789,0.436121,0.177455,0.882218,0.027165,0.977321,-0.210014,-0.899478,0.115557,0.421410,-0.096683,-0.529101,0.044631,0.841851,-0.188391,-0.045816,-0.029134,-0.004608,-0.012336,0.007775,-0.882218,0.210014,-0.421410,0.000000,0.000000,0.000000,-1,-0.894531,0.193359,-0.417755,-0.201421,-0.032059,-0.034539,-1490.364380,2938.538818,-672.364502,0,0
0.600000,-1.127431,-0.212716,-0.032913,0.435025,0.176484,0.882954,0.032165,0.976932,-0.211116,-0.899844,0.120241,0.419313,-0.098463,-0.529763,0.042885,0.841319,-0.163812,-0.024565,-0.020894,-0.014446,-0.014521,-0.005019,-0.882954,0.211116,-0.419313,0.000000,0.000000,0.000000,-1,-0.887390,0.205719,-0.436874,-0.183278,-0.022482,-0.029389,-1490.012817,2937.835449,-671.694092,0,0
0.640000,-1.129320,-0.214540,-0.037939,0.434268,0.176141,0.883394,0.037060,0.976371,-0.212898,-0.900021,0.125194,0.417479,-0.100521,-0.530241,0.041351,0.840851,-0.104189,-0.046582,0.002159,-0.002424,0.001335,-0.020723,-0.883394,0.212898,-0.417479,0.000000,0.000000,0.000000,-1,-0.887360,0.242325,-0.430038,-0.124705,-0.032920,-0.011693,-1488.430664,2938.362793,-672.196899,0,0
0.680000,-1.132963,-0.220029,-0.044151,0.432289,0.178765,0.883838,0.043073,0.974940,-0.218258,-0.900706,0.132420,0.413756,-0.104395,-0.531247,0.040395,0.839789,-0.136354,-0.094385,-0.017580,-0.005246,0.038272,-0.001924,-0.883838,0.218258,-0.413756,0.000000,0.000000,0.000000,-1,-0.888977,0.255524,-0.406647,-0.170753,-0.099871,-0.036653,-1487.903320,2937.835449,-670.353394,0,0
0.720000,-1.135795,-0.220809,-0.047200,0.430314,0.178518,0.884851,0.046037,0.974634,-0.219020,-0.901505,0.134983,0.411180,-0.105475,-0.532245,0.039473,0.839066,-0.162001,-0.110434,-0.035431,-0.001517,0.032186,0.010362,-0.884851,0.219020,-0.411180,0.000000,0.000000,0.000000,-1,-0.889679,0.232239,-0.396133,-0.198471,-0.094756,-0.056698,-1489.133789,2936.956543,-670.520996,0,0
0.760000,-1.142707,-0.222389,-0.057378,0.425957,0.176520,0.887356,0.055934,0.973768,-0.220560,-0.903013,0.143583,0.404910,-0.108719,-0.534533,0.036002,0.837352,-0.203520,-0.063247,-0.086406,-0.009281,0.003103,0.000796,-0.887356,0.220560,-0.404910,0.000000,0.000000,0.000000,-1,-0.895737,0.219147,-0.410812,-0.215495,-0.055958,-0.099325,-1488.606445,2938.538818,-670.353394,0,0
0.800000,-1.147882,-0.222121,-0.067682,0.423066,0.172673,0.889494,0.065969,0.973199,-0.220299,-0.903694,0.151880,0.400337,-0.111277,-0.536143,0.031903,0.836152,-0.162995,-0.056837,-0.077202,0.003507,-0.004311,-0.005257,-0.889494,0.220299,-0.400337,0.000000,0.000000,0.000000,-1,-0.888275,0.217361,-0.406677,-0.180290,-0.045237,-0.084723,-1489.485474,2939.066162,-671.526489,0,0
0.840000,-1.150206,-0.221983,-0.072616,0.421805,0.170824,0.890449,0.070772,0.972892,-0.220164,-0.903920,0.155885,0.398281,-0.112507,-0.536844,0.029934,0.835610,-0.134217,-0.060924,-0.061431,0.000953,0.000707,-0.006489,-0.890449,0.220164,-0.398281,0.000000,0.000000,0.000000,-1,-0.893066,0.225403,-0.396317,-0.139826,-0.057799,-0.067945,-1489.485474,2938.714600,-672.196899,0,0
0.880000,-1.154109,-0.222151,-0.077891,0.419184,0.169372,0.891963,0.075900,0.972468,-0.220329,-0.904723,0.160059,0.394788,-0.113939,-0.538167,0.027998,0.834632,-0.108682,-0.074600,-0.050919,-0.003331,0.002633,-0.000842,-0.891963,0.220329,-0.394788,0.000000,0.000000,0.000000,-1,-0.895325,0.215836,-0.387009,-0.128115,-0.065137,-0.059486,-1489.309570,2937.835449,-671.358948,0,0
0.920000,-1.159811,-0.221523,-0.083667,0.414947,0.167327,0.894327,0.081528,0.972151,-0.219715,-0.906185,0.164083,0.389750,-0.115159,-0.540244,0.025744,0.833194,-0.088418,-0.073454,-0.039374,-0.006217,-0.006642,0.003291,-0.894327,0.219715,-0.389750,0.000000,0.000000,0.000000,-1,-0.902588,0.210419,-0.391205,-0.106796,-0.066103,-0.048994,-1490.188599,2938.714600,-670.856201,0,0
0.960000,-1.162739,-0.220689,-0.086311,0.412671,0.165973,0.895632,0.084114,0.972115,-0.218902,-0.906988,0.165669,0.387203,-0.115492,-0.541350,0.024583,0.832464,-0.068156,-0.069178,-0.034235,-0.008681,-0.011062,-0.000249,-0.895632,0.218902,-0.387203,0.000000,0.000000,0.000000,-1,-0.910004,0.212280,-0.392395,-0.078045,-0.058765,-0.056702,-1489.485474,2937.308105,-669.850647,0,0
1.000000,-1.165389,-0.219309,-0.088468,0.410514,0.164293,0.896931,0.086236,0.972231,-0.217555,-0.907767,0.166657,0.384947,-0.115474,-0.542395,0.023460,0.831819,-0.050114,-0.076757,-0.051408,-0.017818,-0.002498,-0.008150,-0.896931,0.217555,-0.384947,0.000000,0.000000,0.000000,-1,-0.908081,0.206207,-0.379379,-0.070699,-0.086393,-0.066243,-1488.958008,2937.835449,-670.688599,0,0
1.040000,-1.170207,-0.217180,-0.091160,0.406404,0.162094,0.899200,0.088896,0.972454,-0.215476,-0.909359,0.167506,0.380800,-0.115271,-0.544346,0.022031,0.830611,-0.041660,-0.096924,-0.054610,-0.006363,-0.012931,0.007418,-0.899200,0.215476,-0.380800,0.000000,0.000000,0.000000,-1,-0.902817,0.198532,-0.374283,-0.046154,-0.069434,-0.064366,-1489.485474,2938.011230,-670.856201,0,0
1.080000,-1.174581,-0.213527,-0.092738,0.402375,0.158912,0.901577,0.090502,0.973090,-0.211908,-0.910991,0.166862,0.377165,-0.114149,-0.546249,0.020616,0.829553,0.018092,-0.071384,-0.040286,0.003048,-0.016641,-0.001955,-0.901577,0.211908,-0.377165,0.000000,0.000000,0.000000,-1,-0.897400,0.199707,-0.372253,0.009297,-0.055521,-0.047803,-1489.485474,2939.066162,-671.191345,0,0
1.120000,-1.176235,-0.211565,-0.091996,0.400586,0.157722,0.902582,0.089818,0.973569,-0.209990,-0.911846,0.165187,0.375832,-0.113121,-0.547072,0.020474,0.829154,0.052261,-0.052201,-0.026785,0.004404,-0.008132,0.000466,-0.902582,0.209990,-0.375832,0.000000,0.000000,0.000000,-1,-0.907669,0.211319,-0.378799,0.033873,-0.044729,-0.025663,-1489.837036,2938.011230,-671.191345,0,0
1.160000,-1.179209,-0.209970,-0.089234,0.397306,0.157875,0.904004,0.087158,0.974146,-0.208431,-0.913538,0.161602,0.373274,-0.111676,-0.548536,0.021342,0.828361,0.048027,-0.066764,0.002068,-0.011173,0.000782,0.006911,-0.904004,0.208431,-0.373274,0.000000,0.000000,0.000000,-1,-0.913498,0.203003,-0.371994,0.033858,-0.064685,-0.007477,-1490.364380,2936.429199,-670.018250,0,0
1.200000,-1.181377,-0.208992,-0.087352,0.394949,0.158088,0.904999,0.085342,0.974511,-0.207474,-0.914731,0.159176,0.371390,-0.110734,-0.549584,0.021970,0.827776,0.083150,-0.075214,0.006081,-0.002349,-0.006257,0.003364,-0.904999,0.207474,-0.371390,0.000000,0.000000,0.000000,-1,-0.904221,0.209076,-0.359085,0.086109,-0.044505,-0.000501,-1491.419189,2938.538818,-669.012695,0,0
1.240000,-1.182743,-0.208083,-0.084277,0.393141,0.158694,0.905680,0.082361,0.974956,-0.206584,-0.915782,0.155809,0.370225,-0.109499,-0.550361,0.023064,0.827394,0.118390,-0.046563,0.013158,0.001459,0.002492,0.011140,-0.905680,0.206584,-0.370225,0.000000,0.000000,0.000000,-1,-0.909607,0.219482,-0.365265,0.092516,-0.039201,0.000495,-1488.782227,2936.956543,-670.185791,0,0
1.280000,-1.185401,-0.207316,-0.077815,0.389615,0.160936,0.906807,0.076071,0.975626,-0.205834,-0.917831,0.149178,0.367876,-0.107370,-0.551846,0.025666,0.826607,0.110859,-0.063573,0.007974,-0.010475,0.010566,0.004137,-0.906807,0.205834,-0.367876,0.000000,0.000000,0.000000,-1,-0.922043,0.209381,-0.358154,0.084973,-0.063619,-0.005747,-1488.430664,2938.714600,-668.845093,0,0
1.320000,-1.187680,-0.206331,-0.074915,0.386986,0.161507,0.907831,0.073257,0.976044,-0.204870,-0.919171,0.145787,0.365884,-0.106135,-0.552986,0.026711,0.825971,0.098027,-0.076343,0.002795,-0.013754,0.000650,0.008004,-0.907831,0.204870,-0.365883,0.000000,0.000000,0.000000,-1,-0.917999,0.197800,-0.355881,0.074290,-0.071080,-0.010963,-1487.903320,2937.835449,-669.683044,0,0
1.360000,-1.190928,-0.204299,-0.071149,0.383254,0.161582,0.909399,0.069610,0.976726,-0.202881,-0.921016,0.141058,0.363087,-0.104213,-0.554614,0.027867,0.825086,0.112918,-0.075374,-0.004791,-0.005228,-0.003586,0.007283,-0.909399,0.202881,-0.363087,0.000000,0.000000,0.000000,-1,-0.913239,0.212952,-0.360855,0.094532,-0.058473,-0.021820,-1489.309570,2938.890381,-670.018250,0,0
1.400000,-1.193799,-0.202509,-0.065850,0.379638,0.162374,0.910774,0.064458,0.977442,-0.201128,-0.922887,0.135062,0.360608,-0.101966,-0.556147,0.029698,0.824271,0.115016,-0.077560,-0.011175,-0.002739,0.009627,0.003293,-0.910774,0.201128,-0.360608,0.000000,0.000000,0.000000,-1,-0.912354,0.207611,-0.359009,0.085974,-0.070142,-0.023841,-1489.661255,2937.835449,-669.012695,0,0
1.440000,-1.195020,-0.201719,-0.063877,0.378143,0.162567,0.911362,0.062539,0.977726,-0.200353,-0.923632,0.132758,0.359553,-0.101074,-0.556783,0.030351,0.823927,0.105431,-0.078608,-0.010027,0.001282,0.006357,0.000804,-0.911362,0.200353,-0.359553,0.000000,0.000000,0.000000,-1,-0.911560,0.207214,-0.360580,0.079606,-0.065874,-0.020612,-1490.188599,2937.308105,-670.185791,0,0
1.480000,-1.196825,-0.200510,-0.060091,0.375790,0.163130,0.912234,0.058852,0.978196,-0.199169,-0.924834,0.128532,0.357996,-0.099496,-0.557766,0.031661,0.823405,0.092711,-0.066861,-0.000375,0.003054,0.008579,-0.005438,-0.912234,0.199169,-0.357996,0.000000,0.000000,0.000000,-1,-0.906662,0.209366,-0.348236,0.070087,-0.056211,-0.006725,-1491.419189,2937.835449,-669.012695,0,0
1.520000,-1.199938,-0.199555,-0.054306,0.371910,0.164813,0.913521,0.053202,0.978710,-0.198233,-0.926743,0.122326,0.355223,-0.097438,-0.559370,0.033925,0.822472,0.117262,-0.048806,0.006841,0.001717,0.002069,0.014327,-0.913521,0.198233,-0.355223,0.000000,0.000000,0.000000,-1,-0.917343,0.197205,-0.345398,0.097845,-0.033947,-0.003827,-1488.958008,2938.187012,-670.018250,0,0
1.560000,-1.200642,-0.198291,-0.050648,0.370594,0.165102,0.914003,0.049635,0.979147,-0.196994,-0.927468,0.118371,0.354671,-0.095884,-0.559885,0.035107,0.822255,0.137578,-0.024408,0.011915,-0.004301,-0.003208,0.001308,-0.914003,0.196994,-0.354671,0.000000,0.000000,0.000000,-1,-0.919586,0.195786,-0.358856,0.123525,-0.004159,0.010776,-1488.079102,2936.956543,-669.180298,0,0
1.600000,-1.199844,-0.197227,-0.044769,0.370313,0.166216,0.913915,0.043886,0.979631,-0.195951,-0.927870,0.112672,0.355475,-0.093817,-0.559876,0.037186,0.822408,0.141906,-0.017862,0.032101,-0.002482,0.012622,-0.009073,-0.913915,0.195951,-0.355475,0.000000,0.000000,0.000000,-1,-0.905365,0.214661,-0.355942,0.107611,-0.001850,0.031132,-1489.661255,2936.780762,-668.677490,0,0
1.640000,-1.198887,-0.199117,-0.038083,0.370148,0.170311,0.913228,0.037322,0.979531,-0.197804,-0.928223,0.107300,0.356215,-0.092739,-0.559725,0.040423,0.822480,0.104718,-0.003894,0.052617,0.006291,0.025860,0.004332,-0.913228,0.197804,-0.356215,0.000000,0.000000,0.000000,-1,-0.909668,0.224228,-0.353333,0.076805,0.010986,0.044107,-1491.067505,2938.890381,-669.347900,0,0
1.680000,-1.198166,-0.200784,-0.034725,0.370296,0.172999,0.912662,0.034021,0.979320,-0.199438,-0.928291,0.104901,0.356753,-0.092498,-0.559525,0.042240,0.822552,0.094103,0.011972,0.050532,-0.004651,0.021555,0.004183,-0.912662,0.199438,-0.356753,0.000000,0.000000,0.000000,-1,-0.916595,0.217926,-0.358810,0.059761,0.017247,0.033562,-1488.782227,2936.253418,-668.845093,0,0
1.720000,-1.197255,-0.202512,-0.030956,0.370536,0.175877,0.912015,0.030318,0.979095,-0.201131,-0.928323,0.102177,0.357458,-0.092173,-0.559263,0.044234,0.822662,0.073846,0.011913,0.044321,-0.004199,0.018748,-0.001734,-0.912014,0.201131,-0.357458,0.000000,0.000000,0.000000,-1,-0.896072,0.221725,-0.356018,0.039600,0.037405,0.036839,-1490.364380,2937.132324,-669.012695,0,0
1.760000,-1.195102,-0.205232,-0.027796,0.372046,0.179310,0.910730,0.027209,0.978635,-0.203795,-0.927815,0.100601,0.359219,-0.092455,-0.558429,0.046198,0.823089,0.053742,0.051188,0.052888,0.013605,0.018755,0.004482,-0.910730,0.203795,-0.359219,0.000000,0.000000,0.000000,-1,-0.904709,0.223526,-0.366272,0.024775,0.060749,0.041128,-1489.309570,2938.187012,-668.007202,0,0
1.800000,-1.192024,-0.207809,-0.025316,0.374514,0.182271,0.909130,0.024768,0.978172,-0.206316,-0.926890,0.099786,0.361825,-0.092895,-0.557188,0.047798,0.823789,0.033525,0.061753,0.048770,0.001995,0.019972,-0.007789,-0.909130,0.206316,-0.361825,0.000000,0.000000,0.000000,-1,-0.918365,0.222748,-0.359894,0.004558,0.070227,0.034857,-1489.485474,2938.362793,-669.180298,0,0
1.840000,-1.190255,-0.209540,-0.024166,0.375982,0.184098,0.908155,0.023635,0.977841,-0.208010,-0.926326,0.099673,0.363299,-0.093329,-0.556453,0.048673,0.824185,0.017531,0.053220,0.042501,-0.010500,0.010130,0.012225,-0.908155,0.208010,-0.363299,0.000000,0.000000,0.000000,-1,-0.916412,0.213333,-0.356033,-0.014717,0.047833,0.018045,-1488.958008,2938.890381,-668.007202,0,0
1.880000,-1.189037,-0.210834,-0.023650,0.377042,0.185345,0.907462,0.023124,0.977583,-0.209275,-0.925907,0.099890,0.364304,-0.093748,-0.555931,0.049190,0.824459,-0.005915,0.063626,0.023471,-0.007867,0.004409,0.006119,-0.907462,0.209275,-0.364304,0.000000,0.000000,0.000000,-1,-0.915955,0.216080,-0.360992,-0.049792,0.070064,0.016103,-1490.715942,2938.890381,-669.012695,0,0
1.920000,-1.186883,-0.212878,-0.024746,0.379284,0.186567,0.906276,0.024185,0.977128,-0.211274,-0.924964,0.102052,0.366097,-0.094947,-0.554920,0.049206,0.825001,-0.046411,0.053035,0.023828,-0.003880,0.002196,0.003487,-0.906276,0.211274,-0.366097,0.000000,0.000000,0.000000,-1,-0.906891,0.209305,-0.369598,-0.067949,0.057289,0.008835,-1490.540161,2938.714600,-668.845093,0,0
1.960000,-1.185392,-0.214120,-0.025921,0.380911,0.187091,0.905486,0.025326,0.976835,-0.212488,-0.924265,0.103872,0.367349,-0.095821,-0.554206,0.048996,0.825393,-0.033621,0.059363,0.021572,0.000334,-0.002359,0.014214,-0.905486,0.212488,-0.367349,0.000000,0.000000,0.000000,-1,-0.922943,0.211838,-0.359222,-0.078566,0.059499,0.018497,-1489.661255,2939.241943,-669.012695,0,0
2.000000,-1.184909,-0.215726,-0.028605,0.381899,0.187470,0.904990,0.027938,0.976422,-0.214057,-0.923781,0.107032,0.367657,-0.097238,-0.553820,0.048312,0.825527,-0.072039,0.044374,0.005936,-0.021249,-0.003440,0.005932,-0.904990,0.214057,-0.367657,0.000000,0.000000,0.000000,-1,-0.921829,0.214462,-0.374222,-0.104198,0.056072,-0.008990,-1489.661255,2938.187012,-669.347900,0,0
2.040000,-1.184281,-0.216756,-0.031142,0.382982,0.187364,0.904555,0.030408,0.976127,-0.215063,-0.923255,0.109871,0.368142,-0.098379,-0.553399,0.047521,0.825720,-0.112518,0.029646,0.015889,-0.008333,-0.006201,-0.013892,-0.904555,0.215063,-0.368142,0.000000,0.000000,0.000000,-1,-0.885101,0.218185,-0.365112,-0.152042,0.056340,0.019078,-1490.012817,2938.890381,-669.012695,0,0
2.080000,-1.183082,-0.218965,-0.034271,0.384742,0.188024,0.903671,0.033447,0.975550,-0.217219,-0.922418,0.113798,0.369046,-0.100182,-0.552667,0.046783,0.826035,-0.127290,0.059472,0.032938,0.018569,0.000966,0.003934,-0.903671,0.217219,-0.369046,0.000000,0.000000,0.000000,-1,-0.892731,0.221634,-0.364426,-0.105059,0.096625,0.023890,-1489.309570,2937.132324,-670.018250,0,0
2.120000,-1.179210,-0.222798,-0.036941,0.388938,0.189999,0.901459,0.036020,0.974618,-0.220960,-0.920560,0.118410,0.372222,-0.102589,-0.550785,0.046547,0.827009,-0.040866,0.114601,0.040596,0.003799,-0.005689,0.003707,-0.901459,0.220960,-0.372222,0.000000,0.000000,0.000000,-1,-0.913925,0.202911,-0.391220,-0.065529,0.131675,0.035170,-1489.485474,2938.714600,-670.185791,0,0
2.160000,-1.175170,-0.223283,-0.037282,0.392735,0.189821,0.899849,0.036348,0.974498,-0.221432,-0.918933,0.119672,0.375820,-0.102977,-0.549077,0.046332,0.828108,-0.020580,0.123155,0.048909,-0.014138,-0.017620,-0.013798,-0.899849,0.221432,-0.375820,0.000000,0.000000,0.000000,-1,-0.896133,0.205750,-0.384705,-0.005888,0.127532,0.046442,-1488.958008,2937.835449,-669.347900,0,0
2.200000,-1.168528,-0.224214,-0.035448,0.398512,0.190588,0.897142,0.034553,0.974357,-0.222340,-0.916512,0.119605,0.381707,-0.103015,-0.546383,0.047007,0.829846,0.030540,0.113733,0.061310,-0.007612,-0.012715,-0.000709,-0.897142,0.222340,-0.381707,0.000000,0.000000,0.000000,-1,-0.905121,0.216187,-0.395538,0.002596,0.112741,0.050693,-1489.309570,2938.538818,-669.347900,0,0
2.240000,-1.162339,-0.226150,-0.032693,0.403708,0.192688,0.894366,0.031855,0.974016,-0.224227,-0.914333,0.119012,0.387080,-0.103213,-0.543882,0.048363,0.831385,0.039016,0.088429,0.073050,-0.006696,0.001725,-0.010778,-0.894366,0.224227,-0.387080,0.000000,0.000000,0.000000,-1,-0.893494,0.222824,-0.403015,0.043039,0.095913,0.064291,-1490.891724,2940.120850,-671.191345,0,0
2.280000,-1.158285,-0.227085,-0.029144,0.406752,0.194483,0.892597,0.028392,0.973913,-0.225139,-0.913097,0.116918,0.390619,-0.102737,-0.542343,0.049886,0.832359,0.112548,0.095982,0.088428,0.002628,-0.006633,-0.007574,-0.892597,0.225139,-0.390619,0.000000,0.000000,0.000000,-1,-0.888321,0.220840,-0.390289,0.099577,0.122476,0.074407,-1490.012817,2938.890381,-670.353394,0,0
2.320000,-1.153863,-0.227726,-0.024595,0.409912,0.196401,0.890729,0.023957,0.973888,-0.225762,-0.911810,0.113882,0.394503,-0.101884,-0.540711,0.051728,0.833412,0.134979,0.123466,0.082820,-0.000369,-0.007501,0.002368,-0.890729,0.225762,-0.394503,0.000000,0.000000,0.000000,-1,-0.898422,0.227936,-0.397125,0.123003,0.131904,0.063536,-1488.254883,2939.945068,-670.018250,0,0
2.360000,-1.147888,-0.228228,-0.018296,0.414121,0.198775,0.888253,0.017821,0.973906,-0.226252,-0.910048,0.109525,0.399772,-0.100552,-0.538520,0.054189,0.834835,0.105108,0.108592,0.077779,-0.010887,0.006521,0.001716,-0.888252,0.226252,-0.399772,0.000000,0.000000,0.000000,-1,-0.887390,0.242905,-0.395279,0.047368,0.112927,0.071651,-1489.485474,2940.823975,-670.856201,0,0
2.400000,-1.141743,-0.231762,-0.013120,0.418714,0.203398,0.885047,0.012769,0.973179,-0.229693,-0.908028,0.107477,0.404887,-0.100807,-0.536092,0.056994,0.836179,0.065729,0.104498,0.093032,0.001105,0.014020,0.001872,-0.885047,0.229693,-0.404887,0.000000,0.000000,0.000000,-1,-0.883865,0.241028,-0.400299,0.036742,0.107772,0.086668,-1489.485474,2940.823975,-671.526489,0,0
2.440000,-1.137071,-0.234803,-0.009023,0.422141,0.207309,0.882508,0.008775,0.972521,-0.232651,-0.906488,0.105956,0.408722,-0.101117,-0.534242,0.059287,0.837165,0.087014,0.108664,0.086470,-0.003143,0.007263,0.010941,-0.882508,0.232651,-0.408722,0.000000,0.000000,0.000000,-1,-0.895813,0.244064,-0.403748,0.087797,0.110710,0.061758,-1488.254883,2939.945068,-671.358948,0,0
2.480000,-1.131826,-0.236528,-0.003176,0.425679,0.210762,0.879987,0.003087,0.972152,-0.234329,-0.904869,0.102466,0.413174,-0.100440,-0.532283,0.061933,0.838303,0.082606,0.089276,0.053561,-0.009768,0.011490,0.013959,-0.879987,0.234329,-0.413174,0.000000,0.000000,0.000000,-1,-0.879654,0.241028,-0.402008,0.054691,0.101969,0.032219,-1489.309570,2939.945068,-671.023743,0,0
2.520000,-1.128655,-0.237077,-0.000711,0.428027,0.211973,0.878556,0.000692,0.972028,-0.234862,-0.903766,0.101135,0.415907,-0.100113,-0.531059,0.062953,0.839042,0.068822,0.123014,0.037566,-0.001372,0.005449,0.011733,-0.878556,0.234862,-0.415907,0.000000,0.000000,0.000000,-1,-0.900009,0.239090,-0.415161,0.045180,0.128421,0.028997,-1489.837036,2939.769287,-670.185791,0,0
2.560000,-1.125691,-0.237366,0.001384,0.430259,0.212828,0.877258,-0.001345,0.971960,-0.235144,-0.902705,0.099992,0.418480,-0.099773,-0.529911,0.063761,0.839747,0.053770,0.084778,0.027173,-0.028366,0.009775,0.000451,-0.877258,0.235144,-0.418480,0.000000,0.000000,0.000000,-1,-0.888321,0.236954,-0.405884,0.010861,0.081433,-0.013173,-1489.309570,2939.945068,-671.694092,0,0
2.600000,-1.121679,-0.235794,0.003757,0.433376,0.212077,0.875904,-0.003653,0.972322,-0.233615,-0.901206,0.098044,0.422156,-0.098613,-0.528391,0.064143,0.840811,0.086717,0.102352,-0.017894,-0.008663,-0.005725,-0.021722,-0.875904,0.233615,-0.422156,0.000000,0.000000,0.000000,-1,-0.896088,0.247528,-0.454361,0.058832,0.112008,-0.027509,-1488.606445,2939.593506,-671.023743,0,0
2.640000,-1.116493,-0.234170,0.006508,0.437470,0.211351,0.874043,-0.006330,0.972687,-0.232036,-0.899211,0.095976,0.426859,-0.097371,-0.526393,0.064619,0.842172,0.070611,0.073596,-0.036826,-0.015331,0.023000,-0.011480,-0.874043,0.232036,-0.426859,0.000000,0.000000,0.000000,-1,-0.866455,0.234146,-0.431290,0.040512,0.071400,-0.066632,-1490.364380,2940.648193,-671.023743,0,0
2.680000,-1.113666,-0.232218,0.007750,0.439761,0.209921,0.873237,-0.007542,0.973129,-0.230137,-0.898083,0.094620,0.429528,-0.096313,-0.525319,0.064493,0.842974,0.069559,0.093550,-0.056063,0.015129,-0.003788,-0.017662,-0.873237,0.230137,-0.429528,0.000000,0.000000,0.000000,-1,-0.863647,0.199753,-0.456909,0.070566,0.149789,-0.065028,-1488.958008,2939.241943,-673.369995,0,0
2.720000,-1.107231,-0.227972,0.010456,0.445002,0.206815,0.871321,-0.010186,0.974074,-0.226002,-0.895472,0.091696,0.435571,-0.094018,-0.522853,0.064218,0.844785,0.118726,0.152875,-0.054544,0.001631,-0.032109,-0.018546,-0.871321,0.226002,-0.435571,0.000000,0.000000,0.000000,-1,-0.879074,0.188904,-0.452499,0.112040,0.133882,-0.066355,-1488.958008,2939.945068,-671.694092,0,0
2.760000,-1.100368,-0.221673,0.015602,0.450156,0.203027,0.869563,-0.015219,0.975412,-0.219862,-0.892820,0.085738,0.442177,-0.090230,-0.520355,0.064439,0.846721,0.148305,0.076582,-0.057694,-0.008550,-0.029157,-0.007896,-0.869563,0.219862,-0.442177,0.000000,0.000000,0.000000,-1,-0.859589,0.189377,-0.443527,0.099092,0.068317,-0.055356,-1488.958008,2940.648193,-673.705200,0,0
2.800000,-1.097291,-0.217702,0.019231,0.452228,0.200956,0.868968,-0.018776,0.976216,-0.215986,-0.891704,0.081359,0.445246,-0.087702,-0.519312,0.064810,0.847598,0.092923,0.033587,-0.012367,0.011058,-0.025862,-0.003927,-0.868968,0.215986,-0.445246,0.000000,0.000000,0.000000,-1,-0.866669,0.189713,-0.459930,0.072438,-0.007215,0.022902,-1489.309570,2939.241943,-672.029297,0,0
2.840000,-1.096668,-0.216136,0.025012,0.451649,0.202159,0.868991,-0.024427,0.976428,-0.214457,-0.891861,0.075633,0.445941,-0.085557,-0.519336,0.066828,0.847646,0.111969,-0.084242,0.072044,-0.025952,-0.018885,-0.030073,-0.868991,0.214457,-0.445941,0.000000,0.000000,0.000000,-1,-0.896378,0.185135,-0.469513,0.107428,-0.080029,0.052733,-1489.837036,2938.362793,-672.196899,0,0
2.880000,-1.097469,-0.213649,0.029830,0.450019,0.202228,0.869820,-0.029147,0.976829,-0.212027,-0.892543,0.070064,0.445486,-0.083223,-0.519934,0.068260,0.847398,0.165230,-0.045455,0.028849,-0.027824,-0.023566,-0.017450,-0.869820,0.212027,-0.445486,0.000000,0.000000,0.000000,-1,-0.892929,0.220428,-0.458969,0.109551,-0.019309,-0.024214,-1488.079102,2939.769287,-670.520996,0,0
2.920000,-1.097598,-0.210729,0.034045,0.449134,0.201593,0.870425,-0.033286,0.977312,-0.209173,-0.892844,0.064974,0.445654,-0.080882,-0.520222,0.069297,0.847364,0.077790,-0.030214,-0.042974,-0.006757,0.017862,-0.015222,-0.870425,0.209173,-0.445654,0.000000,0.000000,0.000000,-1,-0.844574,0.220596,-0.443024,0.040336,0.012098,-0.065343,-1488.254883,2938.538818,-672.029297,0,0
2.960000,-1.095762,-0.206928,0.036619,0.450374,0.199328,0.870306,-0.035830,0.978011,-0.205455,-0.892121,0.061349,0.447612,-0.078662,-0.519621,0.069332,0.847938,0.101444,0.046048,-0.043439,0.028692,-0.025691,0.002666,-0.870306,0.205455,-0.447612,0.000000,0.000000,0.000000,-1,-0.848267,0.169510,-0.455841,0.085270,0.070488,-0.049930,-1489.485474,2938.714600,-671.861694,0,0
3.000000,-1.093023,-0.204462,0.039414,0.452341,0.198282,0.869524,-0.038583,0.978410,-0.203040,-0.891010,0.058295,0.450226,-0.076983,-0.518614,0.069775,0.848672,0.135702,0.087572,-0.019358,0.017092,-0.042701,-0.023895,-0.869524,0.203040,-0.450226,0.000000,0.000000,0.000000,-1,-0.852524,0.162857,-0.496140,0.164300,0.118484,-0.012371,-1488.430664,2939.066162,-673.537598,0,0
3.040000,-1.087992,-0.201100,0.044450,0.455945,0.197370,0.867848,-0.043540,0.978880,-0.199747,-0.888942,0.053288,0.454908,-0.074426,-0.516727,0.070859,0.849961,0.212531,0.118537,0.007620,0.017124,-0.045969,-0.037569,-0.867848,0.199747,-0.454908,0.000000,0.000000,0.000000,-1,-0.910767,0.173584,-0.493958,0.200663,0.154683,0.008517,-1488.430664,2939.769287,-672.532043,0,1
3.080000,-1.081498,-0.194512,0.055127,0.459892,0.196246,0.866018,-0.054060,0.979652,-0.193288,-0.886327,0.042074,0.461144,-0.069096,-0.514445,0.073484,0.851570,0.138594,-0.002613,-0.037179,-0.070338,-0.009648,0.006920,-0.866018,0.193288,-0.461144,0.000000,0.000000,0.000000,-1,-0.933777,0.176849,-0.443008,0.075405,-0.009103,-0.066601,-1488.079102,2939.066162,-672.532043,0,0
3.120000,-1.081681,-0.191957,0.055748,0.459732,0.194329,0.866535,-0.054695,0.980108,-0.190780,-0.886372,0.040312,0.461216,-0.067839,-0.514578,0.073103,0.851624,-0.007397,-0.001980,-0.086120,-0.047192,-0.027282,0.044773,-0.866535,0.190780,-0.461216,0.000000,0.000000,0.000000,-1,-0.908875,0.137482,-0.415955,-0.053369,0.058172,-0.124447,-1489.133789,2936.253418,-672.196899,0,0
3.160000,-1.082650,-0.188495,0.053160,0.459533,0.190181,0.867560,-0.052194,0.980900,-0.187380,-0.886626,0.040826,0.460682,-0.066991,-0.514948,0.071150,0.851633,-0.008431,0.043137,-0.129974,-0.043695,-0.062304,0.040562,-0.867560,0.187380,-0.460682,0.000000,0.000000,0.000000,-1,-0.909805,0.100479,-0.410706,-0.041714,0.067386,-0.158662,-1489.661255,2938.187012,-674.040344,0,0
3.200000,-1.082618,-0.182001,0.049348,0.460562,0.182797,0.868601,-0.048514,0.982286,-0.180998,-0.886301,0.041222,0.461272,-0.065200,-0.514891,0.067867,0.852074,-0.043573,0.050404,-0.144669,-0.038534,-0.079176,0.054869,-0.868601,0.180998,-0.461272,0.000000,0.000000,0.000000,-1,-0.907394,0.136795,-0.398193,-0.066173,0.067501,-0.146754,-1488.254883,2937.132324,-672.699646,0,0
3.240000,-1.083307,-0.176679,0.043265,0.461255,0.175401,0.869758,-0.042578,0.983512,-0.175762,-0.886245,0.044038,0.461118,-0.064470,-0.515058,0.063936,0.852333,-0.109585,0.013728,-0.100361,-0.036355,-0.038219,0.064282,-0.869758,0.175762,-0.461118,0.000000,0.000000,0.000000,-1,-0.901093,0.155746,-0.385757,-0.163142,0.003351,-0.098888,-1487.727539,2938.011230,-672.867249,0,0
3.280000,-1.087770,-0.176691,0.035778,0.458596,0.172177,0.871806,-0.035213,0.983801,-0.175773,-0.887947,0.049909,0.457230,-0.066267,-0.516714,0.060896,0.851414,-0.204504,-0.085309,-0.042804,-0.028661,-0.022727,0.087158,-0.871806,0.175773,-0.457230,0.000000,0.000000,0.000000,-1,-0.884933,0.117966,-0.366852,-0.263335,-0.075577,-0.045614,-1489.837036,2937.659668,-674.543091,0,0
3.320000,-1.097221,-0.178694,0.024241,0.452103,0.169191,0.875773,-0.023853,0.983788,-0.177745,-0.891647,0.059469,0.448809,-0.069833,-0.520307,0.056830,0.849220,-0.212812,-0.053186,0.000784,-0.037374,-0.061061,0.066256,-0.875773,0.177745,-0.448809,0.000000,0.000000,0.000000,-1,-0.922134,0.120758,-0.375580,-0.246168,-0.066714,-0.003168,-1488.079102,2938.714600,-672.532043,0,0
3.360000,-1.103150,-0.180182,0.017537,0.447912,0.167847,0.878181,-0.017252,0.983660,-0.179208,-0.893911,0.065119,0.443489,-0.072048,-0.522556,0.054582,0.847800,-0.249138,-0.097683,0.002271,-0.049111,-0.073099,0.072746,-0.878181,0.179208,-0.443489,0.000000,0.000000,0.000000,-1,-0.927246,0.092880,-0.387863,-0.253679,-0.082638,-0.007311,-1488.079102,2938.011230,-672.532043,0,0
3.400000,-1.107015,-0.183390,0.011249,0.445470,0.168122,0.879370,-0.011060,0.983169,-0.182364,-0.895228,0.071512,0.439832,-0.074949,-0.523896,0.052898,0.846828,-0.209656,-0.072234,0.006130,-0.044062,-0.090445,0.038312,-0.879370,0.182364,-0.439832,0.000000,0.000000,0.000000,-1,-0.895172,0.102921,-0.397446,-0.190741,-0.041367,-0.010084,-1488.430664,2939.066162,-673.537598,0,0
3.440000,-1.112768,-0.183238,0.001300,0.441967,0.164007,0.881911,-0.001278,0.983258,-0.182214,-0.897030,0.079406,0.434778,-0.077349,-0.525955,0.048868,0.845577,-0.172068,0.061854,-0.035202,0.019408,-0.072412,0.078500,-0.881911,0.182214,-0.434778,0.000000,0.000000,0.000000,-1,-0.862442,0.105240,-0.355896,-0.195701,0.120219,-0.060722,-1489.133789,2938.362793,-672.532043,0,0
3.480000,-1.111129,-0.181441,-0.004261,0.444335,0.159825,0.881489,0.004191,0.983576,-0.180447,-0.895851,0.083873,0.436367,-0.078090,-0.525089,0.045980,0.846209,-0.146225,0.188537,-0.077458,0.016437,-0.094738,0.073803,-0.881489,0.180447,-0.436367,0.000000,0.000000,0.000000,-1,-0.870728,0.060181,-0.370819,-0.169808,0.258665,-0.093401,-1489.309570,2937.483887,-674.375488,0,0
3.520000,-1.104845,-0.181195,-0.009285,0.450748,0.156816,0.878769,0.009133,0.983587,-0.180205,-0.892605,0.089253,0.441918,-0.079441,-0.522236,0.043540,0.847976,-0.148110,0.272180,-0.080953,-0.004471,-0.128020,0.071953,-0.878769,0.180205,-0.441918,0.000000,0.000000,0.000000,-1,-0.927872,0.040497,-0.431213,-0.157967,0.293702,-0.084036,-1488.430664,2938.714600,-676.554199,0,0
3.560000,-1.096335,-0.177643,-0.015753,0.459279,0.149974,0.875540,0.015504,0.984141,-0.176710,-0.888157,0.094734,0.449670,-0.079794,-0.518457,0.039529,0.850454,-0.126729,0.279741,-0.062020,-0.062906,-0.146162,-0.000281,-0.875540,0.176710,-0.449670,0.000000,0.000000,0.000000,-1,-0.940933,0.016953,-0.441376,-0.128271,0.258703,-0.088397,-1488.606445,2937.835449,-676.386597,0,0
3.600000,-1.086746,-0.168252,-0.021292,0.468418,0.138279,0.872618,0.020990,0.985656,-0.167459,-0.883257,0.096757,0.458797,-0.077405,-0.514403,0.034361,0.853357,-0.009773,0.222381,-0.074537,-0.055803,-0.136056,0.018352,-0.872618,0.167459,-0.458797,0.000000,0.000000,0.000000,-1,-0.937561,0.073990,-0.459702,0.017469,0.203730,-0.074406,-1488.430664,2937.308105,-678.900391,0,0
3.640000,-1.078702,-0.163504,-0.021133,0.475399,0.133446,0.869590,0.020849,0.986443,-0.162776,-0.879523,0.095514,0.466172,-0.075473,-0.511095,0.032901,0.855572,0.052162,0.256508,-0.047472,-0.085503,-0.058223,-0.024673,-0.869591,0.162776,-0.466172,0.000000,0.000000,0.000000,-1,-1.068634,0.167297,-0.600754,-0.024780,0.298211,-0.052061,-1491.243408,2940.120850,-678.900391,0,0
3.680000,-1.062329,-0.163643,-0.023935,0.490105,0.130611,0.861822,0.023613,0.986358,-0.162913,-0.871343,0.100195,0.480335,-0.076506,-0.503964,0.031113,0.859767,-0.119957,0.337509,0.003629,-0.272135,0.041402,-0.236523,-0.861822,0.162913,-0.480335,0.000000,0.000000,0.000000,-1,-1.133362,0.174286,-0.702393,-0.035566,0.192969,0.020859,-1490.364380,2940.999756,-680.408691,0,0
3.720000,-1.059204,-0.163849,-0.021873,0.492560,0.131491,0.860288,0.021579,0.986371,-0.163117,-0.870011,0.098909,0.483009,-0.076125,-0.502693,0.031932,0.860514,0.137736,-0.044471,0.049936,-0.152591,0.046127,-0.092903,-0.860288,0.163117,-0.483009,0.000000,0.000000,0.000000,-1,-0.884674,0.260818,-0.442749,0.051917,-0.115114,0.037315,-1490.012817,2937.483887,-678.732788,0,0
3.760000,-1.067784,-0.166316,-0.021926,0.485131,0.134440,0.864045,0.021622,0.985964,-0.165550,-0.874174,0.098995,0.475415,-0.077058,-0.506315,0.032862,0.858270,-0.154828,-0.325001,0.060714,0.119004,0.116661,0.088055,-0.864045,0.165550,-0.475415,0.000000,0.000000,0.000000,-1,-0.643402,0.280945,-0.412918,-0.275317,-0.308027,0.130063,-1489.133789,2938.362793,-678.565247,0,0
3.800000,-1.084923,-0.180994,-0.029159,0.471423,0.145493,0.869823,0.028679,0.983247,-0.180008,-0.881441,0.109805,0.459352,-0.084887,-0.512950,0.034215,0.853525,-0.254065,-0.240146,0.300863,0.245449,0.140488,0.012560,-0.869823,0.180008,-0.459352,0.000000,0.000000,0.000000,-1,-0.658737,0.334763,-0.432755,-0.138964,-0.072415,0.298574,-1489.309570,2939.593506,-680.743896,0,0
3.840000,-1.083253,-0.188812,-0.024852,0.472433,0.154132,0.867785,0.024408,0.981925,-0.187692,-0.881028,0.109853,0.460132,-0.087145,-0.512191,0.037993,0.853594,0.189073,0.191764,0.284089,0.076739,0.146628,0.012485,-0.867785,0.187692,-0.460132,0.000000,0.000000,0.000000,-1,-0.947693,0.349380,-0.507126,0.265282,0.188806,0.263566,-1488.782227,2938.714600,-678.230042,0,0
3.880000,-1.077749,-0.191750,-0.013322,0.475507,0.161558,0.864750,0.013078,0.981585,-0.190577,-0.879615,0.101929,0.464638,-0.085563,-0.510255,0.043433,0.854654,0.263966,-0.003492,0.241669,-0.116848,0.168768,-0.034111,-0.864750,0.190577,-0.464638,0.000000,0.000000,0.000000,-1,-0.926712,0.385727,-0.510666,0.037231,-0.157235,0.178209,-1489.485474,2938.714600,-678.900391,0,0
3.920000,-1.084338,-0.197497,-0.007164,0.468728,0.170100,0.866810,0.007025,0.980536,-0.196215,-0.883314,0.098061,0.458410,-0.086288,-0.513176,0.047817,0.852595,-0.018224,-0.327971,0.196069,-0.018764,0.172224,-0.019602,-0.866810,0.196215,-0.458410,0.000000,0.000000,0.000000,-1,-0.812607,0.328735,-0.388306,0.043396,-0.251273,0.203016,-1489.133789,2937.659668,-677.894897,0,0
3.960000,-1.097331,-0.213846,0.000746,0.455833,0.189214,0.869721,-0.000729,0.977222,-0.212220,-0.890065,0.096103,0.445587,-0.090862,-0.518604,0.055976,0.848328,0.065255,-0.236217,0.271868,0.078995,0.049972,0.071610,-0.869721,0.212220,-0.445587,0.000000,0.000000,0.000000,-1,-0.807968,0.251907,-0.423141,0.032063,-0.212166,0.308425,-1488.606445,2938.187012,-676.386597,0,0
4.000000,-1.102788,-0.221444,0.006684,0.449789,0.199031,0.870676,-0.006521,0.975560,-0.219639,-0.893111,0.093114,0.440094,-0.092379,-0.520979,0.060715,0.846381,0.063258,-0.246197,0.337971,0.053140,0.033490,0.012039,-0.870676,0.219639,-0.440094,0.000000,0.000000,0.000000,-1,-0.827637,0.271606,-0.391586,0.039569,-0.207783,0.324330,-1488.782227,2938.714600,-675.213501,0,0
4.040000,-1.109788,-0.233629,0.014997,0.441692,0.213989,0.871273,-0.014589,0.972723,-0.231510,-0.897048,0.089545,0.432766,-0.095135,-0.523991,0.067732,0.843680,0.047314,-0.216744,0.315629,0.039654,0.049740,0.045956,-0.871273,0.231510,-0.432766,0.000000,0.000000,0.000000,-1,-0.820572,0.323563,-0.336716,-0.024596,-0.268503,0.267762,-1487.903320,2938.538818,-673.369995,0,0
4.080000,-1.125500,-0.251725,0.019966,0.426152,0.233341,0.874040,-0.019335,0.968291,-0.249075,-0.904445,0.089244,0.417151,-0.100884,-0.530327,0.075345,0.838390,-0.042596,-0.283337,0.218626,0.048784,0.074396,0.094626,-0.874040,0.249075,-0.417151,0.000000,0.000000,0.000000,-1,-0.847778,0.276627,-0.268631,-0.048142,-0.164219,0.108586,-1487.727539,2939.417725,-673.872742,0,0
4.120000,-1.135416,-0.256702,0.019799,0.417115,0.238511,0.876999,-0.019149,0.967043,-0.253892,-0.908652,0.089109,0.407935,-0.102636,-0.534320,0.077100,0.835478,-0.019000,-0.098388,0.066480,0.013687,0.009673,0.134589,-0.876999,0.253892,-0.407935,0.000000,0.000000,0.000000,-1,-0.895096,0.222610,-0.285843,-0.042674,-0.004492,-0.028416,-1488.782227,2938.714600,-672.196899,0,0
4.160000,-1.139427,-0.253544,0.018657,0.413792,0.235619,0.879352,-0.018059,0.967861,-0.250837,-0.910192,0.087914,0.404748,-0.101468,-0.536032,0.075986,0.834626,0.083512,0.090111,-0.043703,-0.013745,-0.058896,0.152093,-0.879352,0.250837,-0.404748,0.000000,0.000000,0.000000,-1,-0.900330,0.185654,-0.256027,0.102557,0.131111,-0.022593,-1489.661255,2940.999756,-672.029297,0,0
4.200000,-1.134886,-0.252024,0.023109,0.416900,0.235742,0.877850,-0.022377,0.968151,-0.249365,-0.908677,0.084316,0.408897,-0.099814,-0.534405,0.077211,0.835755,0.193342,0.070788,0.045004,-0.041386,-0.066061,0.105064,-0.877850,0.249365,-0.408897,0.000000,0.000000,0.000000,-1,-0.921005,0.193817,-0.297272,0.238468,-0.052544,0.049483,-1487.200195,2936.077637,-672.699646,0,0
