0.000000,1.808264,1.516077,-1.787992,0.998374,0.020584,-0.053157,0.053407,-0.011786,0.998503,0.019927,-0.999719,-0.012866,0.711165,0.026010,-0.011682,0.702446,0.024486,-0.214014,-0.019219,0.018224,0.001937,0.005017,0.053157,-0.998503,0.012866,0.000000,0.000000,0.000000,-1,0.076492,-0.992050,0.017700,0.028456,-0.297927,-0.005351,144.720169,196.622147,-796.935364,0,0
0.040000,1.812780,1.515015,-1.796390,0.998394,0.016727,-0.054128,0.054340,-0.012471,0.998445,0.016026,-0.999782,-0.013360,0.711376,0.024975,-0.013390,0.702240,0.029887,-0.182188,-0.005642,0.022364,0.006394,0.004340,0.054128,-0.998445,0.013360,0.000000,0.000000,0.000000,-1,0.081299,-0.981384,0.019424,0.017874,-0.258691,-0.000093,143.668930,196.272903,-795.265320,0,0
0.080000,1.815194,1.512254,-1.806068,0.998342,0.009513,-0.056770,0.056897,-0.013639,0.998287,0.008723,-0.999862,-0.014158,0.711712,0.023328,-0.016878,0.701881,0.001250,-0.107984,-0.012187,0.019508,0.025798,0.006335,0.056770,-0.998287,0.014158,0.000000,0.000000,0.000000,-1,0.072586,-0.972336,0.018616,-0.006559,-0.191911,-0.008635,142.968109,198.717590,-794.597290,0,0
0.120000,1.810664,1.511316,-1.803918,0.998306,0.007143,-0.057743,0.057837,-0.013733,0.998232,0.006338,-0.999880,-0.014123,0.711716,0.022825,-0.018057,0.701864,-0.011443,-0.062392,-0.010163,0.004330,0.021227,0.006706,0.057743,-0.998232,0.014123,0.000000,0.000000,0.000000,-1,0.058304,-0.981415,0.017441,-0.016080,-0.150557,-0.004462,141.741669,196.447525,-794.764282,0,0
0.160000,1.804278,1.511106,-1.798806,0.998297,0.005864,-0.058036,0.058111,-0.013484,0.998219,0.005071,-0.999892,-0.013802,0.711615,0.022475,-0.018607,0.701963,-0.020885,-0.032681,-0.003764,-0.002403,0.013753,0.006538,0.058036,-0.998219,0.013802,0.000000,0.000000,0.000000,-1,0.061493,-0.997421,0.022827,-0.018150,-0.117678,0.003922,143.668930,196.272903,-795.599365,0,0
0.200000,1.811907,1.511337,-1.807065,0.998320,0.005244,-0.057705,0.057773,-0.013910,0.998233,0.004432,-0.999889,-0.014189,0.711762,0.022134,-0.018712,0.701823,0.004745,-0.000852,0.010710,-0.010677,-0.001401,0.009492,0.057705,-0.998233,0.014189,0.000000,0.000000,0.000000,-1,0.036194,-0.994873,0.020645,0.003168,-0.108117,0.016409,141.040848,195.749054,-794.096313,0,0
0.240000,1.831367,1.513940,-1.827297,0.998481,0.004466,-0.054908,0.054967,-0.014417,0.998384,0.003667,-0.999886,-0.014640,0.711958,0.020869,-0.017993,0.701681,0.014252,-0.030552,0.000197,-0.046851,0.014574,-0.001045,0.054908,-0.998384,0.014640,0.000000,0.000000,0.000000,-1,0.009613,-0.980743,0.016922,0.010563,-0.107076,0.003558,142.968109,196.622147,-796.267334,0,0
0.280000,1.838541,1.514289,-1.834755,0.998507,0.004188,-0.054465,0.054521,-0.014735,0.998404,0.003378,-0.999883,-0.014941,0.712072,0.020612,-0.017936,0.701575,0.010037,0.007619,0.003280,-0.027396,0.013205,-0.004321,0.054465,-0.998404,0.014941,0.000000,0.000000,0.000000,-1,0.041000,-1.001541,0.005646,0.011744,-0.061454,0.025677,142.968109,196.622147,-795.599365,0,0
0.320000,1.858118,1.516048,-1.851980,0.998601,0.006536,-0.052478,0.052572,-0.015185,0.998502,0.005730,-0.999863,-0.015507,0.712266,0.020746,-0.016408,0.701411,0.031485,0.077652,0.043171,0.005185,-0.012439,-0.007298,0.052478,-0.998502,0.015507,0.000000,0.000000,0.000000,-1,0.063446,-0.998962,0.004807,0.037390,-0.009467,0.049625,141.391251,196.447525,-794.096313,0,0
0.360000,1.876236,1.516390,-1.867145,0.998609,0.009503,-0.051862,0.052009,-0.015880,0.998520,0.008665,-0.999829,-0.016353,0.712538,0.021582,-0.015156,0.701138,0.043179,0.117933,0.039641,0.015643,0.023804,-0.008983,0.051862,-0.998520,0.016353,0.000000,0.000000,0.000000,-1,0.071442,-0.958130,0.012131,0.032038,0.031854,0.031415,144.720169,196.971390,-796.601318,0,0
0.400000,1.902839,1.516878,-1.889889,0.998612,0.013380,-0.050948,0.051172,-0.016906,0.998547,0.012500,-0.999768,-0.017567,0.712931,0.022636,-0.013483,0.700739,0.025038,0.133804,0.018495,0.021958,0.042629,-0.003300,0.050948,-0.998547,0.017567,0.000000,0.000000,0.000000,-1,0.068604,-0.975815,0.018768,0.002170,0.026515,0.006239,142.442490,197.146011,-795.766357,0,0
0.440000,1.898288,1.516124,-1.878139,0.998449,0.020575,-0.051741,0.052085,-0.016532,0.998506,0.019689,-0.999652,-0.017578,0.712839,0.025483,-0.011241,0.700774,-0.017643,0.107244,-0.016045,0.019182,0.013993,-0.002075,0.051741,-0.998506,0.017578,0.000000,0.000000,0.000000,-1,0.070999,-0.983704,0.015488,-0.018110,0.009524,-0.011544,144.194550,196.447525,-796.100342,0,0
0.480000,1.883882,1.515045,-1.860410,0.998308,0.023892,-0.053014,0.053402,-0.015913,0.998446,0.023011,-0.999588,-0.017162,0.712633,0.027116,-0.010525,0.700934,-0.013396,0.112542,-0.017211,0.020473,0.011874,-0.004787,0.053014,-0.998446,0.017162,0.000000,0.000000,0.000000,-1,0.076218,-0.992889,0.008423,-0.010654,0.023309,-0.010625,142.968109,197.320633,-796.601318,0,0
0.520000,1.866741,1.513540,-1.839601,0.998121,0.027554,-0.054737,0.055170,-0.015198,0.998361,0.026677,-0.999505,-0.016689,0.712392,0.029030,-0.009847,0.701112,-0.006996,0.133752,-0.012110,0.021740,0.005899,-0.008053,0.054737,-0.998361,0.016689,0.000000,0.000000,0.000000,-1,0.077744,-0.992264,0.010406,-0.005252,0.053020,0.006201,142.617691,196.971390,-794.931335,0,0
0.560000,1.849809,1.511740,-1.812998,0.997696,0.037204,-0.056740,0.057300,-0.014156,0.998257,0.036336,-0.999207,-0.016255,0.712058,0.033180,-0.007164,0.701300,-0.006899,0.176193,0.012068,0.015083,0.019436,-0.005452,0.056740,-0.998257,0.016255,0.000000,0.000000,0.000000,-1,0.065826,-0.977783,0.014038,-0.008399,0.077414,0.012508,144.544968,197.146011,-795.098328,0,0
0.600000,1.852660,1.511852,-1.810579,0.997494,0.042465,-0.056586,0.057225,-0.013991,0.998263,0.041599,-0.999000,-0.016386,0.712017,0.035003,-0.005262,0.701270,-0.006923,0.175122,0.005686,-0.004263,0.017260,0.002596,0.056586,-0.998263,0.016386,0.000000,0.000000,0.000000,-1,0.048294,-0.981659,0.023300,-0.013738,0.066806,0.008360,145.245789,196.796768,-795.432312,0,0
0.640000,1.860131,1.512384,-1.813042,0.997305,0.047463,-0.055953,0.056675,-0.014004,0.998294,0.046599,-0.998775,-0.016656,0.712033,0.036564,-0.003284,0.701185,-0.012250,0.154976,0.003724,-0.012251,0.013477,0.005942,0.055953,-0.998294,0.016656,0.000000,0.000000,0.000000,-1,0.031281,-0.991928,0.017334,-0.010570,0.028641,0.010624,144.544968,195.749054,-794.764282,0,0
0.680000,1.875711,1.515008,-1.821962,0.997118,0.054092,-0.053187,0.054009,-0.013858,0.998444,0.053271,-0.998440,-0.016740,0.711989,0.037958,0.000029,0.701163,-0.004873,0.070157,0.001991,-0.023860,0.013261,0.000427,0.053187,-0.998444,0.016740,0.000000,0.000000,0.000000,-1,0.025986,-0.986298,0.018372,-0.004263,-0.040280,0.005547,144.544968,196.796768,-796.434326,0,0
0.720000,1.884069,1.516390,-1.828788,0.997111,0.055613,-0.051733,0.052580,-0.013874,0.998520,0.054813,-0.998356,-0.016758,0.711994,0.037989,0.001081,0.701156,-0.001707,0.037291,0.002158,-0.023840,0.011582,-0.001469,0.051733,-0.998520,0.016758,0.000000,0.000000,0.000000,-1,0.026108,-0.989471,0.013184,0.003165,-0.079501,0.009897,143.493729,197.146011,-795.432312,0,0
0.760000,1.892349,1.517816,-1.836406,0.997151,0.056263,-0.050241,0.051098,-0.013901,0.998597,0.055486,-0.998319,-0.016736,0.712002,0.037697,0.001842,0.701162,0.005721,0.008670,0.005448,-0.025003,0.006638,-0.001996,0.050241,-0.998597,0.016736,0.000000,0.000000,0.000000,-1,0.032272,-0.986572,0.012421,0.003141,-0.111307,0.010041,143.844131,196.447525,-796.434326,0,0
0.800000,1.906928,1.519712,-1.852217,0.997321,0.055026,-0.048205,0.049054,-0.014181,0.998695,0.054270,-0.998384,-0.016842,0.712100,0.036540,0.002129,0.701124,0.006734,-0.035864,0.002516,-0.013690,0.017998,-0.001675,0.048205,-0.998695,0.016842,0.000000,0.000000,0.000000,-1,0.037949,-0.980469,0.016571,0.003114,-0.137815,0.008034,144.369751,196.622147,-794.597290,0,0
0.840000,1.912594,1.520157,-1.859057,0.997409,0.053854,-0.047689,0.048529,-0.014390,0.998718,0.053099,-0.998445,-0.016966,0.712174,0.035940,0.001899,0.701080,0.004601,-0.041167,0.001517,-0.006963,0.011276,-0.000334,0.047689,-0.998718,0.016966,0.000000,0.000000,0.000000,-1,0.045868,-0.991180,0.015060,0.002042,-0.143118,0.007006,143.318527,196.971390,-795.265320,0,0
0.880000,1.913088,1.520240,-1.860825,0.997481,0.052584,-0.047603,0.048424,-0.014452,0.998722,0.051828,-0.998512,-0.016962,0.712196,0.035457,0.001483,0.701083,0.002471,-0.044348,0.001558,0.002262,0.009373,-0.000452,0.047603,-0.998722,0.016962,0.000000,0.000000,0.000000,-1,0.046204,-0.983810,0.014771,0.005229,-0.147359,0.006990,143.493729,196.098282,-792.426270,0,0
0.920000,1.915804,1.520183,-1.866322,0.997623,0.049813,-0.047610,0.048398,-0.014734,0.998719,0.049048,-0.998650,-0.017110,0.712297,0.034470,0.000505,0.701031,0.009904,-0.046472,0.000420,0.002438,0.011415,-0.001577,0.047610,-0.998719,0.017110,0.000000,0.000000,0.000000,-1,0.049545,-0.988647,0.016876,0.008420,-0.145238,0.006945,143.844131,195.050568,-795.098328,0,0
0.960000,1.918790,1.520016,-1.870689,0.997686,0.048440,-0.047716,0.048493,-0.014995,0.998711,0.047662,-0.998713,-0.017309,0.712389,0.034017,-0.000019,0.700960,0.010989,-0.047523,0.006787,0.004714,0.010598,0.000376,0.047716,-0.998711,0.017309,0.000000,0.000000,0.000000,-1,0.051956,-0.984589,0.014832,0.007358,-0.153717,0.009122,143.318527,196.272903,-796.601318,0,0
1.000000,1.920256,1.519907,-1.873739,0.997757,0.046863,-0.047792,0.048551,-0.015175,0.998705,0.046078,-0.998786,-0.017416,0.712452,0.033481,-0.000602,0.700922,0.007775,-0.053892,0.002589,0.001081,0.013903,-0.002142,0.047792,-0.998705,0.017416,0.000000,0.000000,0.000000,-1,0.047668,-0.981155,0.014542,0.000959,-0.148425,0.002787,143.668930,195.923676,-794.597290,0,0
1.040000,1.913356,1.519547,-1.869964,0.997877,0.043743,-0.048250,0.048951,-0.015098,0.998687,0.042957,-0.998929,-0.017207,0.712422,0.032528,-0.001857,0.700994,0.000296,-0.058145,-0.004766,0.001081,0.017043,-0.001841,0.048250,-0.998687,0.017207,0.000000,0.000000,0.000000,-1,0.049057,-0.983383,0.017502,-0.001189,-0.156913,-0.001406,143.668930,196.971390,-794.597290,0,0
1.080000,1.910873,1.519480,-1.869172,0.997944,0.042054,-0.048356,0.049027,-0.015079,0.998684,0.041270,-0.999002,-0.017109,0.712414,0.031962,-0.002487,0.701027,-0.003958,-0.056027,-0.005789,-0.004533,0.011135,0.001048,0.048356,-0.998684,0.017110,0.000000,0.000000,0.000000,-1,0.045364,-0.985336,0.012329,-0.005424,-0.153726,0.002881,144.544968,196.796768,-795.432312,0,0
1.120000,1.904437,1.519628,-1.864372,0.998014,0.040412,-0.048325,0.048958,-0.014800,0.998691,0.039644,-0.999073,-0.016749,0.712314,0.031366,-0.003047,0.701153,-0.002884,-0.053901,-0.001551,-0.001069,0.014194,-0.003078,0.048325,-0.998691,0.016749,0.000000,0.000000,0.000000,-1,0.052002,-0.987000,0.015686,-0.002243,-0.154790,0.000723,143.668930,195.923676,-796.267334,0,0
1.160000,1.897100,1.519211,-1.860258,0.998114,0.037193,-0.048842,0.049418,-0.014718,0.998670,0.036425,-0.999200,-0.016528,0.712278,0.030399,-0.004358,0.701225,0.002458,-0.047536,-0.005936,-0.001738,0.007016,0.001721,0.048842,-0.998670,0.016528,0.000000,0.000000,0.000000,-1,0.046570,-0.993561,0.016907,0.000958,-0.144186,0.001704,143.143311,197.495255,-794.430298,0,0
1.200000,1.896365,1.519138,-1.860816,0.998157,0.035903,-0.048923,0.049479,-0.014766,0.998666,0.035133,-0.999246,-0.016516,0.712292,0.029968,-0.004840,0.701227,0.003546,-0.041167,-0.000658,0.002392,0.012231,-0.002722,0.048923,-0.998666,0.016516,0.000000,0.000000,0.000000,-1,0.052200,-0.987778,0.016525,0.005221,-0.135703,0.002682,144.194550,196.098282,-795.766357,0,0
1.240000,1.895970,1.518816,-1.861524,0.998181,0.034807,-0.049234,0.049776,-0.014893,0.998649,0.034026,-0.999283,-0.016599,0.712333,0.029685,-0.005337,0.701193,0.007806,-0.030566,-0.000760,0.006949,0.013023,-0.001447,0.049234,-0.998649,0.016599,0.000000,0.000000,0.000000,-1,0.055679,-0.987427,0.014877,0.007364,-0.119798,0.003651,145.070587,194.875946,-796.601318,0,0
1.280000,1.896843,1.518076,-1.863279,0.998177,0.033937,-0.049919,0.050458,-0.015194,0.998611,0.033132,-0.999309,-0.016878,0.712434,0.029615,-0.005891,0.701089,0.005695,-0.007243,-0.000860,0.009346,0.010589,-0.002627,0.049919,-0.998611,0.016878,0.000000,0.000000,0.000000,-1,0.057083,-0.985443,0.018280,0.002058,-0.106016,0.003647,144.544968,197.146011,-794.430298,0,0
1.320000,1.897151,1.517489,-1.863510,0.998146,0.034023,-0.050470,0.051016,-0.015375,0.998580,0.033198,-0.999303,-0.017082,0.712496,0.029838,-0.006060,0.701015,0.007840,0.012902,0.000075,0.006980,0.014525,-0.001152,0.050470,-0.998580,0.017082,0.000000,0.000000,0.000000,-1,0.055878,-0.981323,0.014786,0.002086,-0.080568,0.005659,144.369751,196.622147,-796.935364,0,0
1.360000,1.896829,1.517170,-1.862673,0.998112,0.034541,-0.050777,0.051334,-0.015424,0.998562,0.033709,-0.999284,-0.017168,0.712514,0.030131,-0.005989,0.700985,0.000401,0.019262,0.000118,0.005909,0.017605,0.000197,0.050777,-0.998562,0.017168,0.000000,0.000000,0.000000,-1,0.053391,-0.982513,0.019135,-0.007507,-0.081637,-0.000613,142.968109,196.971390,-794.597290,0,0
1.400000,1.892353,1.516823,-1.857068,0.998052,0.035668,-0.051182,0.051752,-0.015234,0.998544,0.034836,-0.999248,-0.017050,0.712449,0.030676,-0.005736,0.701029,-0.002814,0.013951,-0.006208,-0.004109,0.008477,0.002207,0.051182,-0.998544,0.017050,0.000000,0.000000,0.000000,-1,0.046280,-0.986923,0.017975,-0.005385,-0.086938,-0.000612,142.792908,197.146011,-795.766357,0,0
1.440000,1.892771,1.516912,-1.857181,0.998046,0.035971,-0.051090,0.051664,-0.015214,0.998549,0.035142,-0.999237,-0.017043,0.712444,0.030752,-0.005596,0.701033,-0.005991,0.005475,-0.001874,-0.004887,0.010817,0.002260,0.051090,-0.998549,0.017043,0.000000,0.000000,0.000000,-1,0.048157,-0.982986,0.018494,-0.008575,-0.102837,0.002686,144.019348,197.320633,-795.265320,0,0
1.480000,1.891015,1.516979,-1.855496,0.998050,0.035898,-0.051057,0.051626,-0.015108,0.998552,0.035074,-0.999241,-0.016932,0.712406,0.030714,-0.005609,0.701072,-0.006008,-0.010432,-0.003927,-0.001863,0.014208,0.000204,0.051057,-0.998552,0.016932,0.000000,0.000000,0.000000,-1,0.045166,-0.983292,0.015045,-0.004358,-0.118749,-0.003671,144.369751,196.622147,-795.933350,0,0
1.520000,1.881297,1.517010,-1.847054,0.998089,0.034612,-0.051190,0.051722,-0.014664,0.998554,0.033811,-0.999293,-0.016426,0.712246,0.030304,-0.006100,0.701249,-0.010296,-0.030583,-0.008034,-0.000515,0.014515,-0.002693,0.051190,-0.998554,0.016426,0.000000,0.000000,0.000000,-1,0.053238,-0.984024,0.013931,-0.012878,-0.128294,-0.005661,143.143311,197.146011,-794.096313,0,0
1.560000,1.870419,1.516766,-1.836999,0.998096,0.033780,-0.051598,0.052102,-0.014207,0.998541,0.032998,-0.999328,-0.015940,0.712082,0.030152,-0.006530,0.701418,-0.011369,-0.025288,-0.011239,-0.000267,0.013296,-0.001017,0.051598,-0.998541,0.015940,0.000000,0.000000,0.000000,-1,0.049789,-0.983200,0.012253,-0.017144,-0.124060,-0.009888,144.019348,195.923676,-795.599365,0,0
1.600000,1.851156,1.516544,-1.818652,0.998101,0.032845,-0.052108,0.052568,-0.013303,0.998529,0.032103,-0.999372,-0.015004,0.711760,0.030001,-0.007026,0.701747,-0.019896,-0.018936,-0.016491,-0.001571,0.017267,-0.003240,0.052108,-0.998529,0.015004,0.000000,0.000000,0.000000,-1,0.053604,-0.984436,0.013855,-0.021401,-0.109223,-0.014163,145.596191,196.098282,-794.764282,0,0
1.640000,1.834530,1.516169,-1.802334,0.998080,0.032520,-0.052713,0.053144,-0.012529,0.998508,0.031811,-0.999393,-0.014234,0.711485,0.030100,-0.007344,0.702018,-0.019877,-0.004096,-0.018701,0.000266,0.013309,-0.005658,0.052713,-0.998508,0.014234,0.000000,0.000000,0.000000,-1,0.053360,-0.994507,0.007874,-0.012865,-0.094373,-0.009006,142.792908,197.495255,-795.766357,0,0
1.680000,1.813709,1.515796,-1.780949,0.998028,0.033060,-0.053358,0.053763,-0.011468,0.998488,0.032398,-0.999388,-0.013222,0.711112,0.030524,-0.007369,0.702378,-0.004915,0.024555,-0.000916,0.003465,0.001952,-0.008431,0.053358,-0.998488,0.013223,0.000000,0.000000,0.000000,-1,0.061646,-0.990799,0.006821,-0.004277,-0.069962,0.007809,144.544968,197.495255,-795.098328,0,0
1.720000,1.803426,1.515552,-1.769398,0.997966,0.034314,-0.053729,0.054131,-0.010894,0.998474,0.033676,-0.999352,-0.012729,0.710913,0.031103,-0.007052,0.702556,0.001485,0.040464,0.004250,0.007733,0.014283,-0.006931,0.053729,-0.998474,0.012729,0.000000,0.000000,0.000000,-1,0.055984,-0.980789,0.010788,-0.004270,-0.055121,0.006678,143.668930,198.019104,-796.267334,0,0
1.760000,1.797956,1.515388,-1.762149,0.997891,0.036084,-0.053958,0.054369,-0.010533,0.998465,0.035460,-0.999293,-0.012472,0.710791,0.031814,-0.006506,0.702653,-0.003844,0.047894,0.001066,0.002881,0.014899,-0.005392,0.053958,-0.998465,0.012472,0.000000,0.000000,0.000000,-1,0.054398,-0.991257,0.007858,-0.003197,-0.047698,0.007697,144.895370,198.193726,-794.096313,0,0
1.800000,1.804040,1.516056,-1.765799,0.997839,0.038515,-0.053232,0.053676,-0.010602,0.998502,0.037893,-0.999202,-0.012646,0.710825,0.032424,-0.005395,0.702601,0.007889,0.039430,0.013744,-0.007837,0.007551,0.002658,0.053232,-0.998502,0.012646,0.000000,0.000000,0.000000,-1,0.043198,-0.991043,0.009857,0.004280,-0.068881,0.021538,144.369751,198.019104,-795.933350,0,0
1.840000,1.809592,1.516873,-1.770379,0.997847,0.039483,-0.052368,0.052827,-0.010686,0.998546,0.038866,-0.999163,-0.012748,0.710859,0.032464,-0.004749,0.702569,0.004723,0.030961,0.022334,-0.005127,0.003979,-0.003319,0.052368,-0.998546,0.012748,0.000000,0.000000,0.000000,-1,0.057571,-0.988449,0.005463,0.002217,-0.064617,0.037497,145.070587,195.574432,-794.597290,0,0
1.880000,1.810608,1.517625,-1.769988,0.997829,0.040881,-0.051625,0.052095,-0.010516,0.998587,0.040280,-0.999109,-0.012623,0.710804,0.032701,-0.003990,0.702618,0.014263,0.018234,0.020145,0.012370,0.019781,-0.007222,0.051625,-0.998587,0.012623,0.000000,0.000000,0.000000,-1,0.055069,-0.980728,0.010895,0.011681,-0.086916,0.014092,144.019348,196.622147,-795.265320,0,0
1.920000,1.815749,1.517482,-1.774730,0.997809,0.041287,-0.051699,0.052185,-0.010792,0.998579,0.040670,-0.999089,-0.012923,0.710902,0.032871,-0.003878,0.702512,0.010984,0.012898,-0.002138,0.001478,0.019926,-0.001769,0.051699,-0.998579,0.012923,0.000000,0.000000,0.000000,-1,0.054855,-0.980545,0.010391,0.003129,-0.091174,0.002504,142.617691,197.669876,-795.265320,0,0
1.960000,1.815615,1.517230,-1.774305,0.997784,0.041580,-0.051944,0.052435,-0.010821,0.998566,0.040958,-0.999077,-0.012977,0.710912,0.033062,-0.003863,0.702493,-0.000713,0.010854,0.002242,0.002912,0.018021,-0.002586,0.051944,-0.998566,0.012977,0.000000,0.000000,0.000000,-1,0.052567,-0.985764,0.008911,-0.010655,-0.084800,0.011137,142.792908,196.098282,-796.100342,0,0
2.000000,1.808958,1.517428,-1.767080,0.997766,0.042135,-0.051837,0.052319,-0.010403,0.998576,0.041536,-0.999058,-0.012584,0.710766,0.033223,-0.003623,0.702634,-0.006032,0.015093,0.001216,0.000150,0.012035,-0.003460,0.051837,-0.998576,0.012584,0.000000,0.000000,0.000000,-1,0.053879,-0.988266,0.010208,-0.002177,-0.083751,0.003593,143.844131,197.495255,-795.432312,0,0
2.040000,1.805048,1.517064,-1.762405,0.997713,0.042897,-0.052240,0.052724,-0.010228,0.998557,0.042301,-0.999027,-0.012466,0.710705,0.033636,-0.003496,0.702677,-0.000724,0.017209,-0.000985,0.003272,0.015967,0.000031,0.052240,-0.998557,0.012466,0.000000,0.000000,0.000000,-1,0.057693,-0.982178,0.014725,-0.005358,-0.072089,0.003576,143.143311,196.098282,-794.430298,0,0
2.080000,1.803617,1.516674,-1.760131,0.997655,0.043740,-0.052636,0.053129,-0.010181,0.998536,0.043140,-0.998991,-0.012481,0.710689,0.034076,-0.003340,0.702672,-0.007089,0.038411,-0.002080,0.005057,0.016358,0.002244,0.052636,-0.998536,0.012481,0.000000,0.000000,0.000000,-1,0.055710,-0.988617,0.011276,-0.010631,-0.041335,0.008813,143.844131,196.447525,-795.432312,0,0
2.120000,1.798288,1.516572,-1.752455,0.997541,0.046076,-0.052801,0.053306,-0.009791,0.998530,0.045491,-0.998890,-0.012223,0.710555,0.034966,-0.002572,0.702767,-0.010238,0.069246,0.007379,0.008799,0.011973,-0.001802,0.052801,-0.998530,0.012223,0.000000,0.000000,0.000000,-1,0.064713,-0.984634,0.016281,-0.010627,-0.026496,0.006619,144.194550,196.098282,-794.430298,0,0
2.160000,1.794976,1.516151,-1.744135,0.997274,0.051069,-0.053252,0.053800,-0.009420,0.998507,0.050491,-0.998651,-0.012142,0.710429,0.036903,-0.000971,0.702800,-0.014491,0.101040,-0.000172,-0.002379,0.013614,0.001270,0.053252,-0.998507,0.012142,0.000000,0.000000,0.000000,-1,0.050140,-0.979782,0.010818,-0.015920,0.004250,0.006539,145.420990,197.669876,-795.265320,0,0
2.200000,1.790193,1.516415,-1.736196,0.997119,0.054208,-0.053052,0.053613,-0.008949,0.998522,0.053653,-0.998490,-0.011830,0.710264,0.037951,0.000212,0.702912,-0.017668,0.106344,0.001968,-0.003430,0.019258,0.000392,0.053052,-0.998522,0.011830,0.000000,0.000000,0.000000,-1,0.047989,-0.986282,0.016846,-0.022287,0.008494,0.008717,145.070587,196.622147,-795.599365,0,0
2.240000,1.786071,1.516941,-1.727638,0.996894,0.058621,-0.052586,0.053168,-0.008408,0.998550,0.058094,-0.998245,-0.011499,0.710071,0.039359,0.001939,0.703027,-0.022969,0.113867,0.006259,-0.002660,0.013946,0.005378,0.052586,-0.998550,0.011499,0.000000,0.000000,0.000000,-1,0.052338,-0.990509,0.015945,-0.024402,0.013799,0.010844,145.771408,196.971390,-795.265320,0,0
2.280000,1.779072,1.517415,-1.714928,0.996564,0.064300,-0.052202,0.052802,-0.007664,0.998576,0.063809,-0.997901,-0.011033,0.709799,0.041245,0.004088,0.703184,-0.016608,0.111737,0.000882,-0.009249,0.007426,0.000747,0.052202,-0.998576,0.011032,0.000000,0.000000,0.000000,-1,0.037857,-0.990524,0.013763,-0.013786,0.004254,0.008642,143.143311,197.495255,-795.766357,0,0
2.320000,1.780672,1.518247,-1.713358,0.996399,0.067455,-0.051372,0.051992,-0.007463,0.998620,0.066978,-0.997694,-0.010943,0.709719,0.042075,0.005497,0.703206,-0.013407,0.097962,0.006237,-0.013485,0.010674,0.003736,0.051372,-0.998620,0.010943,0.000000,0.000000,0.000000,-1,0.038589,-0.984970,0.013382,-0.012734,-0.015889,0.009786,144.544968,196.447525,-795.766357,0,0
2.360000,1.785894,1.519297,-1.715214,0.996221,0.070807,-0.050290,0.050940,-0.007408,0.998674,0.070341,-0.997463,-0.010987,0.709686,0.042888,0.007063,0.703176,-0.004928,0.074633,0.003069,-0.015119,0.012468,0.005752,0.050290,-0.998674,0.010987,0.000000,0.000000,0.000000,-1,0.030594,-0.988373,0.016708,-0.004247,-0.029675,0.007627,145.070587,198.368347,-796.267334,0,0
2.400000,1.798888,1.520797,-1.725136,0.996079,0.073872,-0.048684,0.049384,-0.007683,0.998750,0.073405,-0.997238,-0.011301,0.709765,0.043414,0.008708,0.703046,-0.011309,0.050251,0.005396,-0.013543,0.008226,0.005377,0.048684,-0.998750,0.011301,0.000000,0.000000,0.000000,-1,0.038757,-0.989761,0.015335,-0.007432,-0.056170,0.014164,145.946609,195.749054,-795.766357,0,0
2.440000,1.802544,1.521553,-1.727422,0.996014,0.075235,-0.047907,0.048621,-0.007678,0.998788,0.074776,-0.997136,-0.011306,0.709753,0.043626,0.009464,0.703035,-0.003850,0.040800,0.011759,-0.010478,0.008325,-0.001296,0.047907,-0.998788,0.011306,0.000000,0.000000,0.000000,-1,0.037125,-0.987534,0.008453,-0.003181,-0.073129,0.017385,145.946609,196.796768,-793.762329,0,0
2.480000,1.803991,1.522744,-1.727887,0.995996,0.076207,-0.046733,0.047442,-0.007515,0.998846,0.075768,-0.997064,-0.011100,0.709685,0.043558,0.010228,0.703097,-0.001761,0.010049,0.008692,-0.012111,0.011892,-0.002448,0.046733,-0.998846,0.011100,0.000000,0.000000,0.000000,-1,0.039154,-0.981735,0.010696,-0.002159,-0.096463,0.011096,145.070587,196.622147,-796.267334,0,0
2.520000,1.805081,1.523489,-1.729061,0.996037,0.076118,-0.045998,0.046699,-0.007453,0.998881,0.075690,-0.997071,-0.010978,0.709660,0.043266,0.010460,0.703137,-0.000732,-0.007984,0.003450,-0.004449,0.018397,0.001564,0.045998,-0.998881,0.010978,0.000000,0.000000,0.000000,-1,0.047119,-0.985382,0.009567,-0.007497,-0.110250,0.008026,144.720169,196.971390,-795.933350,0,0
2.560000,1.799334,1.523686,-1.723662,0.996070,0.075765,-0.045869,0.046544,-0.007171,0.998890,0.075352,-0.997100,-0.010669,0.709562,0.043093,0.010388,0.703248,-0.009237,-0.007984,0.003544,0.005096,0.011815,-0.004245,0.045869,-0.998891,0.010669,0.000000,0.000000,0.000000,-1,0.056091,-0.990387,0.003189,-0.007484,-0.103886,0.010125,144.019348,196.272903,-795.933350,0,0
2.600000,1.779537,1.523080,-1.703834,0.996032,0.075779,-0.046663,0.047277,-0.006327,0.998862,0.075397,-0.997105,-0.009885,0.709268,0.043374,0.010128,0.703531,0.001409,0.014310,0.004379,0.017866,0.008139,-0.007031,0.046663,-0.998862,0.009884,0.000000,0.000000,0.000000,-1,0.064438,-0.987534,0.005157,-0.002152,-0.076322,0.008878,145.070587,196.971390,-794.931335,0,0
2.640000,1.766828,1.522384,-1.689888,0.995901,0.077001,-0.047467,0.048051,-0.005750,0.998828,0.076638,-0.997014,-0.009426,0.709062,0.044090,0.010285,0.703691,-0.004939,0.040820,0.008572,0.011005,0.017063,-0.004223,0.047467,-0.998828,0.009426,0.000000,0.000000,0.000000,-1,0.048355,-0.976303,0.000748,-0.005338,-0.056183,0.005631,144.194550,197.146011,-795.766357,0,0
2.680000,1.758224,1.522419,-1.679965,0.995797,0.078304,-0.047511,0.048070,-0.005269,0.998830,0.077962,-0.996916,-0.009011,0.708886,0.044568,0.010739,0.703832,-0.006041,0.047165,-0.002083,-0.000499,0.019460,-0.004982,0.047511,-0.998830,0.009011,0.000000,0.000000,0.000000,-1,0.040314,-0.987457,-0.004395,-0.012802,-0.053012,-0.000683,145.596191,197.495255,-796.100342,0,0
2.720000,1.736134,1.522874,-1.656003,0.995663,0.080142,-0.047251,0.047730,-0.004077,0.998852,0.079857,-0.996775,-0.007884,0.708453,0.045124,0.011506,0.704220,-0.013485,0.048209,-0.002004,-0.004664,0.012524,-0.013942,0.047251,-0.998852,0.007884,0.000000,0.000000,0.000000,-1,0.059509,-0.984085,-0.003571,-0.014898,-0.045581,0.005689,144.720169,196.622147,-794.597290,0,0
2.760000,1.705335,1.522277,-1.621780,0.995347,0.083518,-0.048062,0.048437,-0.002472,0.998823,0.083300,-0.996503,-0.006506,0.707871,0.046603,0.012445,0.704693,-0.013455,0.088498,-0.000068,0.013675,0.009947,-0.006948,0.048062,-0.998823,0.006506,0.000000,0.000000,0.000000,-1,0.054642,-0.994156,0.000183,-0.011637,0.002143,0.015011,145.420990,197.669876,-794.263306,0,0
2.800000,1.695486,1.522291,-1.608930,0.995090,0.086492,-0.048110,0.048349,-0.001615,0.998829,0.087365,-0.996159,-0.005840,0.707541,0.048016,0.013901,0.704902,-0.011259,0.107605,0.015773,0.004193,0.003498,-0.007930,0.048022,-0.998829,0.005840,0.000000,0.000000,0.000000,-1,0.054901,-0.989792,-0.000366,-0.011607,0.009574,0.021359,143.668930,197.669876,-796.601318,0,0
2.840000,1.684252,1.522608,-1.593324,0.994716,0.090830,-0.047860,0.048157,-0.001085,0.998839,0.090672,-0.995866,-0.005453,0.707328,0.049124,0.015132,0.705014,-0.006991,0.111851,0.019958,0.006492,0.010695,-0.002127,0.047860,-0.998839,0.005453,0.000000,0.000000,0.000000,-1,0.032623,-0.987946,0.000275,-0.007343,0.009579,0.024503,144.369751,196.971390,-795.933350,0,0
2.880000,1.679204,1.524431,-1.584168,0.994419,0.094907,-0.046077,0.046345,-0.000620,0.998925,0.094777,-0.995486,-0.005015,0.707116,0.049939,0.017218,0.705121,-0.008150,0.041860,0.009659,-0.014369,0.016519,-0.003565,0.046077,-0.998925,0.005015,0.000000,0.000000,0.000000,-1,0.036865,-0.974136,0.003784,-0.010678,-0.078450,0.003663,145.420990,195.923676,-794.931335,0,0
2.920000,1.674659,1.524998,-1.578879,0.994374,0.095642,-0.045536,0.045781,-0.000370,0.998951,0.095525,-0.995416,-0.004747,0.707017,0.050007,0.017676,0.705205,-0.012432,0.019453,0.000230,-0.011753,0.028950,0.003447,0.045536,-0.998951,0.004747,0.000000,0.000000,0.000000,-1,0.028488,-0.986984,0.009094,-0.015993,-0.103887,0.009155,145.245789,197.146011,-797.436340,0,0
2.960000,1.672420,1.526154,-1.577042,0.994464,0.095240,-0.044397,0.044627,-0.000279,0.999004,0.095133,-0.995454,-0.004527,0.706978,0.049459,0.017941,0.705276,-0.013517,-0.040972,0.005843,-0.014902,0.002269,0.006703,0.044397,-0.999004,0.004527,0.000000,0.000000,0.000000,-1,0.033234,-0.993820,0.016968,-0.008596,-0.163259,0.009341,145.420990,198.019104,-796.267334,0,0
3.000000,1.702709,1.527425,-1.612259,0.994981,0.090366,-0.042981,0.043321,-0.001797,0.999060,0.090204,-0.995907,-0.005703,0.707545,0.047236,0.016685,0.704890,0.024710,-0.140624,0.011201,-0.017286,0.006033,0.012898,0.042981,-0.999060,0.005703,0.000000,0.000000,0.000000,-1,0.022842,-0.990128,0.017609,0.023252,-0.272445,0.019057,144.369751,198.019104,-796.267334,0,0
3.040000,1.741993,1.529108,-1.658519,0.995665,0.083452,-0.041067,0.041516,-0.003651,0.999131,0.083230,-0.996505,-0.007100,0.708240,0.044112,0.014883,0.704435,0.032175,-0.194884,0.018808,-0.018926,0.008775,0.004039,0.041067,-0.999131,0.007100,0.000000,0.000000,0.000000,-1,0.035889,-0.993774,0.003586,0.038133,-0.302123,0.024345,144.895370,197.146011,-795.098328,0,0
3.080000,1.767977,1.529735,-1.690612,0.996188,0.077387,-0.040254,0.040756,-0.004907,0.999157,0.077124,-0.996989,-0.008042,0.708720,0.041674,0.013006,0.704138,0.055578,-0.200177,0.023895,0.003874,0.004849,-0.006913,0.040254,-0.999157,0.008042,0.000000,0.000000,0.000000,-1,0.067596,-0.986420,-0.011047,0.057303,-0.284092,0.029371,144.720169,198.368347,-795.265320,0,0
3.120000,1.794211,1.528406,-1.724956,0.996737,0.069334,-0.041324,0.041875,-0.006507,0.999102,0.069002,-0.997572,-0.009389,0.709337,0.039195,0.009755,0.703712,0.057738,-0.138687,0.023571,0.036434,0.013002,-0.018651,0.041324,-0.999102,0.009389,0.000000,0.000000,0.000000,-1,0.069962,-0.982071,-0.003815,0.052036,-0.214120,0.028049,144.544968,195.749054,-794.764282,0,0
3.160000,1.820335,1.527547,-1.755468,0.997006,0.064988,-0.041896,0.042500,-0.007939,0.999065,0.064594,-0.997854,-0.010677,0.709863,0.037855,0.007994,0.703276,0.051382,-0.079323,0.019105,0.016346,0.027843,-0.011166,0.041896,-0.999065,0.010677,0.000000,0.000000,0.000000,-1,0.052002,-0.969971,-0.002594,0.047795,-0.162181,0.020416,144.895370,196.447525,-796.100342,0,0
3.200000,1.838933,1.527353,-1.775795,0.997117,0.063282,-0.041878,0.042520,-0.008841,0.999056,0.062852,-0.997957,-0.011506,0.710187,0.037244,0.007383,0.702988,0.040772,-0.045709,0.007344,0.007607,0.027560,-0.015168,0.041878,-0.999057,0.011506,0.000000,0.000000,0.000000,-1,0.048096,-0.975998,-0.003525,0.035002,-0.139937,0.006628,144.369751,196.272903,-794.263306,0,0
3.240000,1.828978,1.526332,-1.767493,0.997173,0.061633,-0.042977,0.043593,-0.008687,0.999012,0.061199,-0.998061,-0.011349,0.710142,0.037044,0.006415,0.703054,0.011973,-0.016066,-0.020136,0.009162,0.018848,-0.018628,0.042977,-0.999012,0.011349,0.000000,0.000000,0.000000,-1,0.054688,-0.982254,-0.004959,-0.005486,-0.093338,-0.026111,145.245789,195.399811,-795.432312,0,0
3.280000,1.793459,1.524691,-1.731463,0.997056,0.062122,-0.044951,0.045496,-0.007373,0.998937,0.061724,-0.998041,-0.010178,0.709684,0.037910,0.005909,0.703474,-0.012503,0.053879,-0.038272,0.006211,0.019781,-0.010849,0.044951,-0.998937,0.010178,0.000000,0.000000,0.000000,-1,-0.011703,-0.972305,-0.014374,-0.023523,-0.066826,-0.021777,144.194550,197.844482,-795.432312,0,0
3.320000,1.770359,1.523469,-1.706155,0.996852,0.064309,-0.046371,0.046877,-0.006384,0.998880,0.063941,-0.997910,-0.009379,0.709333,0.039187,0.006192,0.703756,-0.022004,0.105841,-0.029895,0.035828,0.017893,0.003393,0.046371,-0.998880,0.009379,0.000000,0.000000,0.000000,-1,0.048203,-0.999588,0.005920,-0.007535,0.020101,-0.028728,144.720169,195.574432,-794.263306,0,0
3.360000,1.759004,1.522561,-1.687421,0.996304,0.071655,-0.047365,0.047889,-0.005611,0.998837,0.071306,-0.997414,-0.009021,0.709037,0.042150,0.008441,0.703859,-0.001635,0.185400,-0.000695,0.006163,-0.008228,0.000210,0.047365,-0.998837,0.009021,0.000000,0.000000,0.000000,-1,0.052750,-1.007874,0.013916,0.018242,0.112415,0.021630,145.070587,196.272903,-795.265320,0,0
3.400000,1.793668,1.522804,-1.713579,0.995683,0.080164,-0.046788,0.047486,-0.006827,0.998849,0.079752,-0.996758,-0.010604,0.709421,0.044984,0.011617,0.703252,0.041084,0.230888,0.024129,-0.000493,-0.004661,0.005632,0.046788,-0.998849,0.010604,0.000000,0.000000,0.000000,-1,0.053604,-0.993713,0.019913,0.036451,0.160164,0.047806,144.194550,195.749054,-795.432312,0,0
3.440000,1.840977,1.522938,-1.752774,0.995027,0.088288,-0.046105,0.047051,-0.008658,0.998855,0.087787,-0.996057,-0.012769,0.710010,0.047654,0.014677,0.702424,0.011481,0.307263,0.050698,0.017219,0.017440,0.023120,0.046105,-0.998855,0.012769,0.000000,0.000000,0.000000,-1,0.048264,-0.970901,0.000549,-0.003882,0.195167,0.058730,145.596191,196.796768,-794.764282,0,0
3.480000,1.870146,1.523566,-1.769459,0.993891,0.100727,-0.045113,0.046284,-0.009318,0.998885,0.100194,-0.994870,-0.013923,0.710129,0.051755,0.019391,0.701899,0.028185,0.203271,-0.009652,-0.023735,0.031569,-0.031532,0.045113,-0.998885,0.013923,0.000000,0.000000,0.000000,-1,0.035507,-0.960876,0.004639,0.022371,0.124025,-0.013571,145.596191,196.447525,-794.764282,0,0
3.520000,1.886131,1.522978,-1.776773,0.992963,0.109362,-0.045443,0.046789,-0.009776,0.998857,0.108793,-0.993954,-0.014824,0.710205,0.054967,0.022300,0.701492,-0.005776,0.207304,-0.009325,0.006040,0.028276,0.005577,0.045443,-0.998857,0.014824,0.000000,0.000000,0.000000,-1,0.072998,-0.981033,0.026550,-0.014768,0.100735,0.010345,144.194550,196.796768,-793.762329,0,0
3.560000,1.880481,1.522860,-1.765373,0.992309,0.115066,-0.045638,0.047013,-0.009265,0.998851,0.114511,-0.993315,-0.014603,0.709961,0.057073,0.024252,0.701506,-0.030166,0.181891,0.012329,0.033250,0.008663,0.016937,0.045638,-0.998851,0.014603,0.000000,0.000000,0.000000,-1,0.048172,-0.977310,0.018158,-0.037128,0.092243,0.003184,144.720169,198.019104,-795.265320,0,0
3.600000,1.839963,1.521973,-1.715091,0.991077,0.124714,-0.047046,0.048297,-0.007018,0.998808,0.124235,-0.992168,-0.012978,0.709061,0.061000,0.027215,0.701976,-0.049555,0.184968,-0.055550,-0.032932,0.015425,0.007774,0.047046,-0.998808,0.012978,0.000000,0.000000,0.000000,-1,-0.005997,-0.993668,0.016953,-0.015091,0.027474,-0.060590,146.121811,197.320633,-794.931335,0,0
3.640000,1.833655,1.521021,-1.703919,0.990411,0.129530,-0.048045,0.049314,-0.006604,0.998761,0.129053,-0.991553,-0.012928,0.708862,0.063075,0.028570,0.701940,0.023820,0.075806,-0.029265,-0.053065,-0.028628,-0.008641,0.048045,-0.998761,0.012928,0.000000,0.000000,0.000000,-1,0.004822,-1.014542,0.015961,0.014810,-0.023347,-0.014950,145.771408,196.971390,-794.263306,0,0
3.680000,1.846458,1.521757,-1.714488,0.990160,0.131753,-0.047169,0.048515,-0.007020,0.998798,0.131263,-0.991258,-0.013342,0.708964,0.063567,0.029654,0.701747,-0.004626,0.073364,0.025276,-0.027791,-0.012234,0.008111,0.047169,-0.998798,0.013342,0.000000,0.000000,0.000000,-1,0.007553,-0.966171,0.013245,-0.019029,-0.031753,0.035456,145.946609,196.098282,-793.762329,0,0
3.720000,1.858913,1.522974,-1.725299,0.990004,0.133385,-0.045833,0.047234,-0.007356,0.998857,0.132896,-0.991037,-0.013583,0.709039,0.063685,0.030697,0.701617,0.024914,-0.016819,-0.017185,-0.034923,0.033220,-0.005832,0.045833,-0.998857,0.013583,0.000000,0.000000,0.000000,-1,0.035248,-0.998245,0.009216,0.016952,-0.119790,0.008864,147.873871,196.971390,-794.597290,0,0
3.760000,1.871814,1.523441,-1.739142,0.990156,0.132463,-0.045209,0.046669,-0.007931,0.998879,0.131956,-0.991156,-0.014035,0.709247,0.063142,0.030577,0.701461,0.000671,-0.025215,0.040563,0.002017,-0.014564,0.003573,0.045209,-0.998879,0.014035,0.000000,0.000000,0.000000,-1,0.064194,-0.998734,0.017120,-0.006278,-0.131385,0.053848,145.070587,196.272903,-795.265320,0,0
3.800000,1.878977,1.524285,-1.747538,0.990360,0.131242,-0.044304,0.045771,-0.008175,0.998919,0.130738,-0.991317,-0.014103,0.709337,0.062387,0.030463,0.701442,0.011272,-0.050665,0.037367,0.020286,0.008394,0.005703,0.044304,-0.998919,0.014103,0.000000,0.000000,0.000000,-1,0.063156,-0.964661,0.035782,0.018082,-0.147320,0.032377,146.997849,195.399811,-794.430298,0,0
3.840000,1.896018,1.524004,-1.766061,0.990550,0.129792,-0.044323,0.045886,-0.009076,0.998905,0.129248,-0.991500,-0.014946,0.709678,0.061887,0.029917,0.701165,-0.014389,-0.021049,-0.008228,0.009494,0.038517,0.020791,0.044323,-0.998905,0.014946,0.000000,0.000000,0.000000,-1,0.056656,-0.959976,0.035858,-0.030948,-0.096496,-0.010924,146.121811,196.272903,-794.263306,0,0
3.880000,1.879773,1.523186,-1.749467,0.990460,0.130130,-0.045339,0.046835,-0.008458,0.998867,0.129599,-0.991461,-0.014472,0.709470,0.062358,0.029691,0.701343,-0.026099,0.032997,-0.024301,0.010691,0.016872,0.023782,0.045339,-0.998867,0.014472,0.000000,0.000000,0.000000,-1,0.063004,-0.990112,0.038498,-0.032019,-0.048805,-0.022829,146.822647,196.622147,-793.929321,0,0
3.920000,1.864945,1.522185,-1.732794,0.990165,0.131949,-0.046505,0.047956,-0.007837,0.998819,0.131428,-0.991226,-0.014088,0.709241,0.063414,0.029935,0.701470,-0.045189,0.077528,-0.022168,0.014851,0.008600,0.022365,0.046505,-0.998819,0.014088,0.000000,0.000000,0.000000,-1,0.067322,-0.980087,0.042206,-0.052157,-0.010624,-0.014269,145.420990,198.019104,-794.931335,0,0
3.960000,1.865124,1.518918,-1.726804,0.989177,0.138080,-0.049626,0.051226,-0.008057,0.998655,0.137494,-0.990388,-0.015043,0.709274,0.066725,0.030971,0.701084,-0.051440,0.172960,-0.014039,0.018596,0.018277,0.026964,0.049626,-0.998655,0.015043,0.000000,0.000000,0.000000,-1,0.066925,-0.985214,0.039902,-0.056253,0.129343,-0.001027,146.822647,198.019104,-795.599365,0,0
4.000000,1.859808,1.517075,-1.712154,0.987750,0.147313,-0.051468,0.053159,-0.007565,0.998557,0.146711,-0.989061,-0.015303,0.708981,0.070690,0.033584,0.700871,-0.053400,0.268410,0.006812,0.022507,0.005409,0.014085,0.051468,-0.998557,0.015303,0.000000,0.000000,0.000000,-1,0.078369,-0.997284,0.026062,-0.055104,0.179192,0.011500,146.997849,196.796768,-793.428284,0,0
4.040000,1.844404,1.515847,-1.688303,0.986398,0.155639,-0.052879,0.054543,-0.006439,0.998491,0.155063,-0.987793,-0.014840,0.708463,0.074168,0.036059,0.700913,-0.052355,0.286418,-0.002868,0.024438,0.001665,0.009650,0.052879,-0.998491,0.014840,0.000000,0.000000,0.000000,-1,0.055450,-0.985916,0.020432,-0.053034,0.189769,-0.005591,145.771408,196.622147,-794.263306,0,0
4.080000,1.821844,1.515600,-1.651122,0.983992,0.170012,-0.053439,0.054990,-0.004427,0.998477,0.169516,-0.985432,-0.013705,0.707482,0.079508,0.041018,0.701046,-0.046025,0.285337,-0.016761,-0.023379,0.021274,-0.004992,0.053439,-0.998477,0.013705,0.000000,0.000000,0.000000,-1,0.010849,-0.968613,-0.001678,-0.066915,0.146289,-0.012687,147.348251,198.193726,-795.432312,0,0
4.120000,1.783949,1.516258,-1.603525,0.982315,0.179495,-0.053277,0.054482,-0.001784,0.998513,0.179133,-0.983757,-0.011531,0.706334,0.082814,0.044545,0.701605,-0.068417,0.199459,-0.016121,-0.053949,0.023095,-0.023342,0.053277,-0.998513,0.011531,0.000000,0.000000,0.000000,-1,-0.013779,-0.980072,-0.019348,-0.082918,0.072075,-0.012176,146.997849,197.495255,-793.428284,0,0
4.160000,1.734103,1.517548,-1.549256,0.981566,0.183767,-0.052515,0.053211,0.001146,0.998583,0.183567,-0.982969,-0.008653,0.705172,0.084014,0.046461,0.702506,-0.089786,0.106148,-0.023964,-0.067468,0.016191,-0.025667,0.052515,-0.998583,0.008653,0.000000,0.000000,0.000000,-1,-0.009689,-0.991470,-0.008057,-0.088346,-0.019120,-0.023405,147.873871,196.272903,-794.263306,0,0
4.200000,1.674238,1.516975,-1.487348,0.981152,0.185683,-0.053508,0.053608,0.004484,0.998552,0.185654,-0.982599,-0.005555,0.703957,0.084981,0.046930,0.703577,-0.073900,0.009674,-0.020512,-0.057765,0.007295,-0.014145,0.053508,-0.998552,0.005555,0.000000,0.000000,0.000000,-1,0.013031,-0.992966,-0.007904,-0.069267,-0.143150,-0.013483,147.173050,198.717590,-794.597290,0,0
4.240000,1.606205,1.517276,-1.422512,0.981761,0.182450,-0.053461,0.052908,0.007903,0.998568,0.182611,-0.983183,-0.001894,0.702807,0.083721,0.045941,0.704942,-0.056924,-0.128728,-0.021190,-0.042582,0.000445,-0.009920,0.053461,-0.998568,0.001894,0.000000,0.000000,0.000000,-1,0.010315,-0.989685,-0.012405,-0.057670,-0.251297,-0.017377,148.399490,198.892212,-795.766357,0,0
4.280000,1.556338,1.519369,-1.377646,0.982780,0.177489,-0.051400,0.050449,0.009867,0.998678,0.177761,-0.984073,0.000743,0.702170,0.081155,0.044990,0.705937,-0.046376,-0.190233,-0.029518,-0.036843,0.012914,-0.009618,0.051400,-0.998678,-0.000743,0.000000,0.000000,0.000000,-1,0.034515,-0.987946,-0.005966,-0.047119,-0.304323,-0.027891,146.647430,196.098282,-795.432312,0,0
