0.000000,-1.963015,-1.528527,-1.907034,0.997654,0.056224,0.039047,0.039890,-0.013942,-0.999107,-0.055630,0.998321,-0.016152,-0.711995,-0.033748,0.005822,0.701349,0.004706,0.019001,0.001285,0.014542,0.020302,0.000755,-0.039047,0.999107,0.016152,0.000000,0.000000,0.000000,-1,-0.026031,1.018951,0.014694,-0.006384,-0.065715,0.012068,135.434250,289.694641,-753.347717,0,0
0.040000,-1.978044,-1.529829,-1.923514,0.997791,0.054769,0.037606,0.038434,-0.014148,-0.999161,-0.054191,0.998399,-0.016222,-0.712068,-0.032723,0.005823,0.701324,-0.013308,0.049758,0.009899,0.010613,0.016891,0.000837,-0.037606,0.999161,0.016222,0.000000,0.000000,0.000000,-1,-0.025604,1.010590,0.016342,-0.018052,-0.045566,0.015297,134.908630,288.123047,-754.850769,0,0
0.080000,-1.984934,-1.530081,-1.930939,0.997833,0.054235,0.037263,0.038092,-0.014344,-0.999171,-0.053656,0.998425,-0.016379,-0.712137,-0.032412,0.005755,0.701268,-0.017554,0.055061,0.010995,0.010972,0.013967,0.001001,-0.037263,0.999171,0.016379,0.000000,0.000000,0.000000,-1,-0.030655,1.003143,0.013611,-0.019103,-0.040262,0.017412,135.959869,290.567749,-754.850769,0,0
0.120000,-2.003013,-1.530731,-1.950810,0.997961,0.052449,0.036371,0.037197,-0.014857,-0.999197,-0.051867,0.998513,-0.016778,-0.712320,-0.031463,0.005438,0.701129,-0.012233,0.062479,0.009861,0.005716,0.003946,-0.003167,-0.036371,0.999197,0.016778,0.000000,0.000000,0.000000,-1,-0.051590,1.008698,0.012100,-0.007436,-0.029675,0.007662,136.135071,288.646912,-755.351746,0,0
0.160000,-1.982738,-1.529588,-1.934605,0.998115,0.048391,0.037750,0.038500,-0.014659,-0.999151,-0.047797,0.998721,-0.016495,-0.712262,-0.030498,0.003526,0.701242,-0.002693,0.058223,-0.000916,-0.020645,0.013987,-0.000534,-0.037750,0.999151,0.016495,0.000000,0.000000,0.000000,-1,-0.060211,1.012177,0.015060,-0.001092,-0.048766,0.002360,134.733429,289.694641,-755.351746,0,0
0.200000,-1.968703,-1.528358,-1.921903,0.998126,0.047068,0.039111,0.039837,-0.014592,-0.999100,-0.046455,0.998785,-0.016440,-0.712242,-0.030504,0.002578,0.701266,-0.002713,0.032777,-0.001914,-0.024472,0.012131,-0.001303,-0.039111,0.999100,0.016440,0.000000,0.000000,0.000000,-1,-0.066299,1.006866,0.017059,-0.003251,-0.086935,0.001492,135.609451,288.821533,-755.184753,0,0
0.240000,-1.951013,-1.526554,-1.904762,0.998072,0.046533,0.041069,0.041784,-0.014497,-0.999006,-0.045947,0.998810,-0.016345,-0.712181,-0.031160,0.001574,0.701302,0.003630,-0.007514,-0.004015,-0.019174,0.009111,-0.001895,-0.041464,0.999006,0.016345,0.000000,0.000000,0.000000,-1,-0.054260,1.011429,0.009781,0.005225,-0.114504,-0.000605,135.784668,289.345398,-754.683716,0,0
0.280000,-1.932459,-1.525350,-1.885426,0.997976,0.047315,0.042491,0.043200,-0.014059,-0.998968,-0.046669,0.998781,-0.016075,-0.712059,-0.031779,0.001467,0.701399,0.001495,-0.024477,-0.003947,-0.006749,0.012278,-0.003944,-0.042491,0.998968,0.016075,0.000000,0.000000,0.000000,-1,-0.045166,1.010239,0.019226,0.000975,-0.127221,0.002691,135.609451,288.472290,-753.848755,0,0
0.320000,-1.933228,-1.525183,-1.885416,0.997932,0.048095,0.042635,0.043359,-0.014110,-0.998960,-0.047443,0.998743,-0.016166,-0.712076,-0.032108,0.001688,0.701366,0.003626,-0.023414,-0.001852,-0.001432,0.010470,0.002648,-0.042635,0.998960,0.016166,0.000000,0.000000,0.000000,-1,-0.045822,1.006500,0.015579,0.008404,-0.124047,-0.001660,137.011108,289.869263,-755.184753,0,0
0.360000,-1.924687,-1.524787,-1.875663,0.997852,0.049302,0.043143,0.043872,-0.013806,-0.998942,-0.048655,0.998688,-0.015939,-0.711968,-0.032717,0.001935,0.701446,0.008944,-0.027642,-0.008278,-0.001367,0.009893,0.000724,-0.043143,0.998942,0.015939,0.000000,0.000000,0.000000,-1,-0.042587,1.011612,0.026260,0.010515,-0.128293,-0.004855,135.609451,289.520020,-755.852783,0,0
0.400000,-1.926496,-1.524436,-1.876493,0.997790,0.050285,0.043442,0.044195,-0.013947,-0.998926,-0.049625,0.998638,-0.016139,-0.712018,-0.033173,0.002171,0.701374,0.021672,-0.019169,-0.012709,0.001069,0.010703,0.011754,-0.043442,0.998926,0.016139,0.000000,0.000000,0.000000,-1,-0.043549,1.009430,0.020615,0.022207,-0.120874,-0.007145,135.083832,288.996155,-755.351746,0,0
0.440000,-1.920356,-1.524155,-1.869650,0.997738,0.050984,0.043805,0.044558,-0.013727,-0.998913,-0.050328,0.998605,-0.015968,-0.711940,-0.033550,0.002291,0.701435,0.016354,-0.029766,-0.008350,-0.004337,0.011006,0.006767,-0.043805,0.998913,0.015968,0.000000,0.000000,0.000000,-1,-0.050705,1.012909,0.020676,0.013722,-0.141004,0.002613,135.784668,288.996155,-755.017761,0,0
0.480000,-1.914317,-1.523820,-1.862400,0.997658,0.052192,0.044216,0.044977,-0.013500,-0.998897,-0.051538,0.998546,-0.015816,-0.711859,-0.034125,0.002571,0.701488,0.013178,-0.045657,0.000258,-0.006489,0.014012,0.004860,-0.044216,0.998897,0.015816,0.000000,0.000000,0.000000,-1,-0.043655,1.014740,0.018341,0.013727,-0.150541,0.005847,134.558212,290.218506,-753.848755,0,0
0.520000,-1.909567,-1.524074,-1.854809,0.997513,0.055018,0.044051,0.044834,-0.013087,-0.998909,-0.054382,0.998400,-0.015522,-0.711710,-0.035075,0.003629,0.701588,0.011042,-0.045636,-0.001846,0.005217,0.008904,0.001980,-0.044051,0.998909,0.015522,0.000000,0.000000,0.000000,-1,-0.035980,1.005127,0.018738,0.008407,-0.146303,0.003759,137.536728,289.345398,-754.683716,0,0
0.560000,-1.908587,-1.524587,-1.852415,0.997455,0.056423,0.043582,0.044373,-0.012837,-0.998932,-0.055803,0.998324,-0.015308,-0.711618,-0.035411,0.004293,0.701660,0.011056,-0.046691,0.002423,0.008884,0.006088,0.001095,-0.043582,0.998933,0.015308,0.000000,0.000000,0.000000,-1,-0.034866,1.010025,0.019150,0.013732,-0.138880,0.004730,135.609451,288.821533,-754.850769,0,0
0.600000,-1.905442,-1.525370,-1.847535,0.997387,0.058141,0.042892,0.043683,-0.012407,-0.998968,-0.057549,0.998231,-0.014915,-0.711461,-0.035780,0.005150,0.701795,0.017422,-0.024438,-0.004114,0.006942,0.011652,0.002908,-0.042892,0.998968,0.014915,0.000000,0.000000,0.000000,-1,-0.039520,1.010071,0.009903,0.017976,-0.124046,-0.000702,135.083832,288.297668,-755.351746,0,0
0.640000,-1.888157,-1.525690,-1.829428,0.997342,0.058942,0.042839,0.043591,-0.011532,-0.998983,-0.058388,0.998195,-0.014071,-0.711151,-0.036045,0.005466,0.702093,0.015291,-0.015963,-0.008376,0.003700,0.009760,-0.001864,-0.042839,0.998983,0.014071,0.000000,0.000000,0.000000,-1,-0.040771,1.007950,0.012985,0.012652,-0.113450,-0.004946,136.310287,288.821533,-755.518738,0,0
0.680000,-1.874375,-1.525646,-1.815253,0.997309,0.059322,0.043071,0.043793,-0.010924,-0.998981,-0.058792,0.998179,-0.013492,-0.710937,-0.036260,0.005528,0.702299,0.015301,-0.005341,-0.008441,0.000728,0.010190,-0.000400,-0.043071,0.998981,0.013492,0.000000,0.000000,0.000000,-1,-0.042603,1.013428,0.012070,0.013730,-0.104965,-0.002869,134.383011,288.996155,-755.017761,0,0
0.720000,-1.858382,-1.525705,-1.799043,0.997291,0.059524,0.043225,0.043907,-0.010199,-0.998984,-0.059023,0.998175,-0.012785,-0.710682,-0.036384,0.005557,0.702550,0.017441,-0.005337,-0.005271,0.002743,0.013315,-0.001509,-0.043225,0.998984,0.012785,0.000000,0.000000,0.000000,-1,-0.044632,1.011841,0.009567,0.014802,-0.102841,-0.000763,135.434250,290.393127,-754.683716,0,0
0.760000,-1.842632,-1.525728,-1.783217,0.997279,0.059586,0.043399,0.044040,-0.009498,-0.998985,-0.059113,0.998178,-0.012097,-0.710436,-0.036466,0.005530,0.702795,0.013191,-0.000038,-0.006311,0.001605,0.013467,0.000538,-0.043399,0.998985,0.012097,0.000000,0.000000,0.000000,-1,-0.039322,1.010315,0.012238,0.009488,-0.095422,-0.001801,134.733429,289.694641,-754.683716,0,0
0.800000,-1.836298,-1.525865,-1.777041,0.997292,0.059422,0.043342,0.043964,-0.009198,-0.998991,-0.058964,0.998191,-0.011786,-0.710330,-0.036387,0.005498,0.702906,0.014259,0.008443,-0.006356,0.004020,0.011324,0.000452,-0.043342,0.998991,0.011786,0.000000,0.000000,0.000000,-1,-0.042328,1.010147,0.011780,0.012691,-0.087997,0.000257,134.558212,289.170776,-755.518738,0,0
0.840000,-1.819824,-1.526034,-1.761273,0.997333,0.058700,0.043367,0.043938,-0.008472,-0.998998,-0.058274,0.998240,-0.011028,-0.710076,-0.036136,0.005249,0.703177,0.012160,0.019005,-0.003211,0.002305,0.012247,0.000522,-0.043367,0.998998,0.011028,0.000000,0.000000,0.000000,-1,-0.040680,1.012634,0.012589,0.010575,-0.080574,0.001311,134.908630,289.520020,-755.518738,0,0
0.880000,-1.814026,-1.526050,-1.756444,0.997388,0.057729,0.043415,0.043963,-0.008257,-0.998999,-0.057313,0.998298,-0.010773,-0.710003,-0.035807,0.004894,0.703271,0.007908,0.028545,-0.004269,0.000263,0.010751,0.003235,-0.043415,0.998999,0.010773,0.000000,0.000000,0.000000,-1,-0.045990,1.010071,0.013855,0.007388,-0.072094,0.000244,135.609451,289.170776,-754.516724,0,0
0.920000,-1.808482,-1.525904,-1.751768,0.997429,0.056860,0.043616,0.044144,-0.008077,-0.998993,-0.056450,0.998349,-0.010567,-0.709942,-0.035568,0.004520,0.703347,0.008967,0.030663,-0.005355,-0.002374,0.011078,0.003288,-0.043616,0.998993,0.010567,0.000000,0.000000,0.000000,-1,-0.043518,1.013275,0.010086,0.009513,-0.073154,0.000225,134.733429,287.599182,-754.349731,0,0
0.960000,-1.799970,-1.525718,-1.744618,0.997494,0.055495,0.043885,0.044384,-0.007794,-0.998984,-0.055096,0.998429,-0.010237,-0.709846,-0.035176,0.003949,0.703467,0.002599,0.025367,-0.001008,-0.005844,0.011377,0.001192,-0.043885,0.998984,0.010237,0.000000,0.000000,0.000000,-1,-0.052032,1.008789,0.012329,0.003133,-0.074214,0.000300,135.083832,288.996155,-754.015747,0,0
1.000000,-1.791685,-1.525144,-1.737368,0.997523,0.054459,0.044528,0.045005,-0.007567,-0.998958,-0.054065,0.998487,-0.009999,-0.709769,-0.035034,0.003359,0.703555,0.010023,0.020030,-0.005351,-0.005918,0.008748,-0.000142,-0.044528,0.998958,0.009999,0.000000,0.000000,0.000000,-1,-0.051086,1.009949,0.008545,0.009496,-0.085880,-0.001845,134.733429,289.694641,-754.015747,0,0
1.040000,-1.781749,-1.524763,-1.727820,0.997523,0.054065,0.044997,0.045451,-0.007196,-0.998941,-0.053683,0.998511,-0.009636,-0.709640,-0.035059,0.003060,0.703685,0.008944,0.009424,-0.007422,-0.006089,0.011008,-0.001091,-0.044997,0.998941,0.009636,0.000000,0.000000,0.000000,-1,-0.050095,1.011642,0.010574,0.011617,-0.086942,-0.002927,136.835892,289.694641,-755.685791,0,0
1.080000,-1.768145,-1.524178,-1.714755,0.997521,0.053517,0.045697,0.046119,-0.006686,-0.998914,-0.053154,0.998545,-0.009137,-0.709462,-0.035110,0.002628,0.703864,0.013197,0.007304,-0.006402,-0.002857,0.011142,0.001758,-0.045697,0.998914,0.009137,0.000000,0.000000,0.000000,-1,-0.049057,1.008392,0.007828,0.011611,-0.095423,-0.002888,135.609451,288.821533,-755.518738,0,0
1.120000,-1.758622,-1.523931,-1.705332,0.997512,0.053410,0.046024,0.046424,-0.006284,-0.998902,-0.053062,0.998553,-0.008748,-0.709321,-0.035187,0.002481,0.704003,0.011064,0.002001,-0.007420,-0.000500,0.012573,0.000957,-0.046024,0.998902,0.008748,0.000000,0.000000,0.000000,-1,-0.050308,1.011398,0.009384,0.008424,-0.097542,-0.001780,136.310287,287.773804,-754.182739,0,0
1.160000,-1.750098,-1.523644,-1.696874,0.997499,0.053336,0.046379,0.046761,-0.005927,-0.998888,-0.053002,0.998559,-0.008406,-0.709195,-0.035285,0.002334,0.704125,0.012136,0.000945,-0.004238,-0.004234,0.013364,0.001802,-0.046379,0.998889,0.008406,0.000000,0.000000,0.000000,-1,-0.047577,1.009995,0.010254,0.007368,-0.103898,0.001451,136.835892,288.646912,-755.017761,0,0
1.200000,-1.741567,-1.523368,-1.688096,0.997470,0.053575,0.046721,0.047085,-0.005549,-0.998875,-0.053256,0.998548,-0.008057,-0.709062,-0.035491,0.002304,0.704249,0.008925,-0.007550,-0.004178,0.001296,0.011287,0.003356,-0.046721,0.998875,0.008057,0.000000,0.000000,0.000000,-1,-0.047852,1.010757,0.008926,0.009489,-0.104960,0.000369,135.784668,288.996155,-755.351746,0,0
1.240000,-1.733671,-1.523219,-1.679925,0.997446,0.053841,0.046930,0.047276,-0.005180,-0.998868,-0.053537,0.998536,-0.007712,-0.708932,-0.035658,0.002330,0.704371,0.008922,-0.010731,-0.004164,-0.001395,0.010928,-0.000693,-0.046930,0.998868,0.007712,0.000000,0.000000,0.000000,-1,-0.050201,1.010406,0.009232,0.008423,-0.114500,0.001488,135.259048,288.821533,-753.848755,0,0
1.280000,-1.727258,-1.522966,-1.672863,0.997397,0.054484,0.047228,0.047563,-0.004872,-0.998856,-0.054191,0.998503,-0.007450,-0.708823,-0.035992,0.002456,0.704464,0.009983,-0.018152,-0.003082,-0.003950,0.011230,0.001751,-0.047228,0.998856,0.007450,0.000000,0.000000,0.000000,-1,-0.048508,1.009247,0.002350,0.012667,-0.114504,-0.000687,134.383011,290.043884,-754.683716,0,0
1.320000,-1.712912,-1.522812,-1.657936,0.997354,0.055047,0.047482,0.047784,-0.004174,-0.998849,-0.054786,0.998475,-0.006794,-0.708576,-0.036281,0.002577,0.704696,0.013123,-0.014953,-0.007388,0.000531,0.010825,-0.004108,-0.047482,0.998849,0.006794,0.000000,0.000000,0.000000,-1,-0.046478,1.009460,0.006302,0.012657,-0.117687,-0.002800,135.434250,290.043884,-755.685791,0,0
1.360000,-1.698973,-1.522736,-1.643254,0.997306,0.055774,0.047648,0.047916,-0.003478,-0.998845,-0.055543,0.998437,-0.006141,-0.708330,-0.036597,0.002787,0.704927,0.011017,-0.018126,-0.002031,-0.000478,0.010508,-0.001243,-0.047648,0.998845,0.006141,0.000000,0.000000,0.000000,-1,-0.051361,1.017349,0.004791,0.005243,-0.117676,0.004728,136.135071,288.646912,-756.019775,0,0
1.400000,-1.694968,-1.522870,-1.638481,0.997268,0.056534,0.047539,0.047798,-0.003240,-0.998852,-0.056315,0.998395,-0.005933,-0.708245,-0.036828,0.003098,0.704999,-0.007001,-0.022345,0.013078,-0.002357,0.020741,-0.006086,-0.047539,0.998852,0.005933,0.000000,0.000000,0.000000,-1,-0.046005,1.014709,0.004456,-0.015942,-0.131424,0.028426,137.186310,289.345398,-755.685791,0,0
1.440000,-1.708304,-1.523851,-1.650623,0.997249,0.057736,0.046485,0.046778,-0.003742,-0.998898,-0.057498,0.998325,-0.006433,-0.708418,-0.036883,0.003887,0.704818,-0.018643,-0.035044,0.029220,-0.000558,0.012881,0.001395,-0.046485,0.998898,0.006433,0.000000,0.000000,0.000000,-1,-0.056961,1.002426,0.006851,-0.016997,-0.135660,0.031647,135.259048,289.869263,-756.186768,0,0
1.480000,-1.719488,-1.523942,-1.660494,0.997179,0.059057,0.046321,0.046649,-0.004196,-0.998902,-0.058798,0.998246,-0.006939,-0.708575,-0.037296,0.004402,0.704636,-0.004940,-0.031845,0.012035,-0.013951,0.007323,-0.001415,-0.046321,0.998902,0.006939,0.000000,0.000000,0.000000,-1,-0.051697,1.011658,0.008026,-0.003240,-0.130386,0.013389,136.135071,288.996155,-753.681763,0,0
1.520000,-1.720999,-1.523976,-1.660916,0.997116,0.060145,0.046276,0.046613,-0.004212,-0.998904,-0.059884,0.998181,-0.007004,-0.708578,-0.037666,0.004801,0.704610,0.000358,-0.024434,0.005559,0.000698,0.008298,-0.002365,-0.046276,0.998904,0.007004,0.000000,0.000000,0.000000,-1,-0.042496,1.009384,0.003204,-0.002171,-0.117665,0.012256,134.733429,289.345398,-755.685791,0,0
1.560000,-1.720549,-1.524513,-1.659801,0.997101,0.060805,0.045749,0.046084,-0.004113,-0.998929,-0.060551,0.998141,-0.006903,-0.708540,-0.037714,0.005223,0.704643,0.001437,-0.010651,0.006551,0.002750,0.008700,-0.003439,-0.045749,0.998929,0.006903,0.000000,0.000000,0.000000,-1,-0.043900,1.004883,0.002319,-0.000045,-0.107066,0.010057,135.609451,288.472290,-755.518738,0,0
1.600000,-1.716239,-1.524784,-1.655410,0.997107,0.060881,0.045511,0.045832,-0.003887,-0.998942,-0.060639,0.998137,-0.006666,-0.708460,-0.037656,0.005339,0.704726,0.002488,0.002062,0.000102,0.003991,0.008138,-0.004286,-0.045511,0.998942,0.006666,0.000000,0.000000,0.000000,-1,-0.045471,1.013062,0.009903,0.001006,-0.097532,0.004684,137.011108,290.916962,-754.850769,0,0
1.640000,-1.715617,-1.524990,-1.655044,0.997132,0.060624,0.045311,0.045628,-0.003853,-0.998951,-0.060386,0.998153,-0.006608,-0.708448,-0.037495,0.005320,0.704746,0.003560,0.009484,0.001122,0.000374,0.014950,0.000838,-0.045311,0.998951,0.006608,0.000000,0.000000,0.000000,-1,-0.044724,1.012909,0.004227,-0.003233,-0.089048,0.006820,135.259048,288.472290,-754.516724,0,0
1.680000,-1.716511,-1.525146,-1.656333,0.997163,0.060229,0.045151,0.045468,-0.003899,-0.998958,-0.059990,0.998177,-0.006626,-0.708464,-0.037298,0.005236,0.704741,-0.008206,0.006341,0.004477,-0.001434,0.012944,-0.002476,-0.045151,0.998958,0.006626,0.000000,0.000000,0.000000,-1,-0.046036,1.008698,0.005890,-0.011726,-0.095402,0.011197,135.609451,289.170776,-755.852783,0,0
1.720000,-1.720541,-1.525359,-1.660439,0.997178,0.060157,0.044913,0.045239,-0.004066,-0.998968,-0.059912,0.998181,-0.006776,-0.708523,-0.037189,0.005292,0.704687,-0.002883,-0.001076,0.007643,-0.001122,0.009730,-0.000886,-0.044913,0.998968,0.006776,0.000000,0.000000,0.000000,-1,-0.042328,1.004379,0.007629,0.002083,-0.099646,0.008937,136.485489,290.043884,-755.017761,0,0
1.760000,-1.719544,-1.525354,-1.659490,0.997180,0.060109,0.044925,0.045248,-0.004024,-0.998968,-0.059866,0.998184,-0.006732,-0.708508,-0.037176,0.005272,0.704703,0.002391,-0.001093,-0.003053,0.003817,0.007853,0.002744,-0.044925,0.998968,0.006732,0.000000,0.000000,0.000000,-1,-0.041260,1.010117,0.007294,0.004181,-0.099658,0.001467,135.609451,289.170776,-754.850769,0,0
1.800000,-1.718834,-1.525613,-1.658829,0.997195,0.060058,0.044673,0.044993,-0.003971,-0.998980,-0.059820,0.998187,-0.006662,-0.708489,-0.037069,0.005345,0.704727,0.004443,0.006344,-0.002017,0.004741,0.016417,0.004065,-0.044673,0.998979,0.006662,0.000000,0.000000,0.000000,-1,-0.040161,1.012695,0.010468,0.003138,-0.089051,0.004622,137.361511,288.821533,-754.850769,0,0
1.840000,-1.726654,-1.525961,-1.667279,0.997250,0.059435,0.044277,0.044611,-0.004318,-0.998995,-0.059184,0.998223,-0.006957,-0.708612,-0.036708,0.005260,0.704623,-0.004042,0.022250,0.001200,0.006008,0.010313,0.005585,-0.044277,0.998995,0.006957,0.000000,0.000000,0.000000,-1,-0.038254,1.007294,0.015747,-0.004293,-0.075268,0.004642,136.660690,289.869263,-755.852783,0,0
1.880000,-1.738263,-1.526154,-1.680167,0.997336,0.058171,0.044003,0.044361,-0.004871,-0.999004,-0.057899,0.998295,-0.007439,-0.708810,-0.036163,0.004901,0.704455,0.005506,0.040262,-0.006429,0.005307,0.009053,0.008293,-0.044003,0.999004,0.007439,0.000000,0.000000,0.000000,-1,-0.047424,1.009308,0.012436,0.007376,-0.060440,-0.005127,135.959869,289.170776,-755.184753,0,0
1.920000,-1.736488,-1.525586,-1.680150,0.997412,0.056418,0.044576,0.044925,-0.004932,-0.998978,-0.056141,0.998395,-0.007454,-0.708837,-0.035743,0.004079,0.704455,0.006551,0.027536,-0.007448,-0.004588,0.013824,0.004661,-0.044576,0.998978,0.007454,0.000000,0.000000,0.000000,-1,-0.057388,1.012497,0.008255,0.005258,-0.076335,0.000287,135.784668,289.345398,-755.017761,0,0
1.960000,-1.732217,-1.524963,-1.676526,0.997419,0.055772,0.045222,0.045561,-0.004835,-0.998950,-0.055495,0.998432,-0.007364,-0.708805,-0.035741,0.003623,0.704489,0.003288,0.018010,0.000102,-0.011831,0.013868,0.001456,-0.045222,0.998950,0.007364,0.000000,0.000000,0.000000,-1,-0.054703,1.015305,0.008667,0.005253,-0.087995,0.001403,136.485489,288.996155,-756.019775,0,0
2.000000,-1.726520,-1.524278,-1.670924,0.997392,0.055675,0.045939,0.046268,-0.004648,-0.998918,-0.055401,0.998438,-0.007212,-0.708740,-0.035959,0.003338,0.704544,0.004322,-0.013799,-0.000835,-0.006780,0.013151,-0.001383,-0.045939,0.998918,0.007212,0.000000,0.000000,0.000000,-1,-0.052856,1.010696,0.007629,0.002046,-0.128278,0.004811,135.959869,289.520020,-754.850769,0,0
2.040000,-1.726739,-1.524089,-1.669767,0.997305,0.057047,0.046124,0.046462,-0.004613,-0.998909,-0.056772,0.998361,-0.007252,-0.708726,-0.036513,0.003756,0.704528,-0.003112,-0.030755,0.004639,0.001675,0.015785,-0.000217,-0.046124,0.998909,0.007252,0.000000,0.000000,0.000000,-1,-0.039856,1.009827,0.008591,0.001002,-0.129331,0.010146,135.784668,289.694641,-754.683716,0,0
2.080000,-1.729002,-1.524619,-1.671310,0.997289,0.057766,0.045584,0.045928,-0.004632,-0.998934,-0.057493,0.998319,-0.007273,-0.708730,-0.036577,0.004201,0.704518,0.001152,-0.015913,0.004529,0.010519,0.010023,-0.001093,-0.045584,0.998934,0.007272,0.000000,0.000000,0.000000,-1,-0.030212,1.009598,0.006668,0.002074,-0.111309,0.008989,135.609451,289.869263,-753.848755,0,0
2.120000,-1.731395,-1.525778,-1.673609,0.997336,0.057857,0.044424,0.044766,-0.004619,-0.998987,-0.057593,0.998314,-0.007196,-0.708723,-0.036200,0.004645,0.704543,0.000105,0.010590,0.003367,0.014593,0.010611,0.000479,-0.044424,0.998987,0.007196,0.000000,0.000000,0.000000,-1,-0.037476,1.011826,0.005371,0.001036,-0.073143,0.007765,135.609451,287.424561,-755.184753,0,0
2.160000,-1.731369,-1.526630,-1.674780,0.997442,0.056659,0.043584,0.043914,-0.004583,-0.999025,-0.056404,0.998383,-0.007059,-0.708711,-0.035477,0.004522,0.704592,-0.001034,0.043500,0.006460,0.002797,0.014556,-0.001139,-0.043584,0.999025,0.007059,0.000000,0.000000,0.000000,-1,-0.049805,1.011261,0.001328,-0.003182,-0.048752,0.011956,136.660690,289.520020,-755.518738,0,0
2.200000,-1.728759,-1.526649,-1.673814,0.997534,0.055017,0.043584,0.043899,-0.004538,-0.999026,-0.054765,0.998475,-0.006942,-0.708699,-0.034894,0.003944,0.704637,-0.003147,0.059402,0.006409,-0.006221,0.012235,-0.005615,-0.043584,0.999026,0.006942,0.000000,0.000000,0.000000,-1,-0.063477,1.012222,-0.003006,-0.002130,-0.042397,0.007661,138.062347,290.567749,-756.520752,0,0
2.240000,-1.709910,-1.525460,-1.657365,0.997606,0.052609,0.044883,0.045151,-0.003918,-0.998972,-0.052379,0.998607,-0.006284,-0.708486,-0.034496,0.002645,0.704876,-0.003186,0.031827,0.000140,-0.022500,0.014165,-0.009504,-0.044883,0.998972,0.006284,0.000000,0.000000,0.000000,-1,-0.071182,1.012543,-0.005890,-0.005345,-0.076324,0.007849,136.310287,289.170776,-755.518738,0,0
2.280000,-1.691933,-1.524128,-1.640392,0.997594,0.051594,0.046310,0.046539,-0.003244,-0.998911,-0.051388,0.998663,-0.005637,-0.708251,-0.034639,0.001792,0.705109,-0.006440,0.018093,0.007689,-0.019929,0.011984,-0.012611,-0.046310,0.998911,0.005637,0.000000,0.000000,0.000000,-1,-0.058029,1.006882,-0.004822,-0.009586,-0.086918,0.013263,136.135071,288.996155,-755.017761,0,0
2.320000,-1.684066,-1.523770,-1.632819,0.997591,0.051293,0.046708,0.046919,-0.002914,-0.998894,-0.051100,0.998679,-0.005313,-0.708135,-0.034673,0.001551,0.705224,-0.007515,0.001128,0.006708,-0.011321,0.007987,-0.010135,-0.046708,0.998894,0.005313,0.000000,0.000000,0.000000,-1,-0.053009,1.007141,0.003143,-0.007479,-0.102824,0.011184,135.609451,289.170776,-754.516724,0,0
2.360000,-1.684974,-1.523591,-1.633761,0.997584,0.051260,0.046880,0.047094,-0.002969,-0.998886,-0.051064,0.998681,-0.005376,-0.708154,-0.034722,0.001477,0.705202,-0.011764,0.007487,0.005658,-0.008082,0.010742,0.000636,-0.046880,0.998886,0.005376,0.000000,0.000000,0.000000,-1,-0.046570,1.022156,0.009460,-0.019175,-0.087986,0.008054,135.259048,288.821533,-754.850769,0,0
2.400000,-1.708349,-1.523668,-1.657711,0.997622,0.050712,0.046666,0.046933,-0.004089,-0.998890,-0.050465,0.998705,-0.006460,-0.708550,-0.034452,0.001340,0.704818,-0.023458,0.009606,0.005777,0.001195,0.015270,-0.001287,-0.046666,0.998890,0.006460,0.000000,0.000000,0.000000,-1,-0.051163,1.008102,0.002930,-0.022358,-0.090103,0.010227,136.660690,289.170776,-755.184753,0,0
2.440000,-1.719984,-1.523507,-1.669669,0.997634,0.050403,0.046747,0.047041,-0.004666,-0.998882,-0.050128,0.998718,-0.007026,-0.708754,-0.034371,0.001193,0.704617,-0.021426,0.007535,0.003650,-0.006171,0.006840,-0.002082,-0.046747,0.998882,0.007026,0.000000,0.000000,0.000000,-1,-0.054642,1.008560,0.001953,-0.022379,-0.101770,0.007088,134.908630,289.520020,-755.184753,0,0
2.480000,-1.730888,-1.523228,-1.679760,0.997583,0.051227,0.046942,0.047268,-0.005171,-0.998869,-0.050926,0.998674,-0.007580,-0.708931,-0.034734,0.001405,0.704420,-0.021437,-0.047585,0.011341,-0.007303,0.010149,-0.004803,-0.046942,0.998869,0.007580,0.000000,0.000000,0.000000,-1,-0.054871,1.015015,0.013107,-0.012832,-0.167492,0.014726,136.660690,289.170776,-754.516724,0,0
2.520000,-1.756752,-1.523198,-1.702369,0.997418,0.054503,0.046760,0.047169,-0.006242,-0.998867,-0.054149,0.998494,-0.008797,-0.709306,-0.035835,0.002604,0.703985,-0.010839,-0.066676,0.007053,0.007346,0.009967,0.010658,-0.046760,0.998867,0.008797,0.000000,0.000000,0.000000,-1,-0.029602,1.001495,0.023880,-0.010720,-0.165378,0.010438,134.207809,289.520020,-754.516724,0,0
2.560000,-1.784224,-1.523941,-1.727949,0.997358,0.056413,0.045775,0.046261,-0.007330,-0.998902,-0.056016,0.998381,-0.009921,-0.709685,-0.036169,0.003607,0.703581,-0.012961,-0.058194,0.008108,0.016677,0.002883,0.014417,-0.045775,0.998902,0.009921,0.000000,0.000000,0.000000,-1,-0.022400,1.014236,0.025864,-0.010695,-0.153709,0.014640,136.310287,288.123047,-754.182739,0,0
2.600000,-1.826468,-1.525391,-1.768437,0.997339,0.058193,0.043915,0.044507,-0.008913,-0.998969,-0.057742,0.998266,-0.011479,-0.710234,-0.036150,0.004867,0.703020,-0.011956,-0.029523,0.012248,0.022278,0.019189,0.014278,-0.043915,0.998969,0.011479,0.000000,0.000000,0.000000,-1,-0.026062,1.014374,0.027756,-0.019170,-0.108122,0.013464,135.434250,288.646912,-754.015747,0,0
2.640000,-1.885194,-1.526472,-1.827237,0.997418,0.058162,0.042138,0.042861,-0.011239,-0.999018,-0.057631,0.998244,-0.013702,-0.711048,-0.035519,0.005447,0.702224,-0.019413,0.022408,0.000407,0.011925,0.013418,0.014633,-0.042138,0.999018,0.013703,0.000000,0.000000,0.000000,-1,-0.029907,1.007492,0.022308,-0.014926,-0.072089,0.003681,135.259048,289.170776,-754.182739,0,0
2.680000,-1.907629,-1.526839,-1.850567,0.997496,0.057283,0.041474,0.042235,-0.012134,-0.999034,-0.056724,0.998284,-0.014523,-0.711364,-0.034974,0.005360,0.701933,-0.014080,0.033014,0.003496,0.012314,0.008366,0.005817,-0.041474,0.999034,0.014523,0.000000,0.000000,0.000000,-1,-0.037338,1.006607,0.015976,-0.014897,-0.071018,0.011122,136.135071,288.996155,-754.683716,0,0
2.720000,-1.927497,-1.526973,-1.871549,0.997576,0.056185,0.041052,0.041843,-0.012978,-0.999040,-0.055599,0.998336,-0.015298,-0.711662,-0.034436,0.005110,0.701659,-0.015133,0.022419,0.008875,-0.006708,0.013762,0.004813,-0.041052,0.999040,0.015298,0.000000,0.000000,0.000000,-1,-0.049759,1.015167,0.014389,-0.014918,-0.087984,0.009071,135.609451,289.869263,-756.186768,0,0
2.760000,-1.936509,-1.526429,-1.881009,0.997585,0.055752,0.041420,0.042236,-0.013539,-0.999016,-0.055136,0.998353,-0.015861,-0.711861,-0.034413,0.004817,0.701460,-0.017373,-0.000895,0.004755,-0.011299,0.014488,-0.002052,-0.041420,0.999016,0.015861,0.000000,0.000000,0.000000,-1,-0.055283,1.011871,0.016037,-0.018131,-0.113431,0.008158,136.135071,289.345398,-754.015747,0,0
2.800000,-1.943325,-1.525651,-1.886812,0.997502,0.056777,0.042034,0.042895,-0.014026,-0.998981,-0.056130,0.998288,-0.016426,-0.712031,-0.034996,0.004949,0.701258,-0.012084,-0.043302,0.005945,-0.013584,0.009442,-0.002266,-0.042034,0.998981,0.016426,0.000000,0.000000,0.000000,-1,-0.048676,1.004196,0.016922,-0.005396,-0.153715,0.010327,137.361511,289.869263,-754.850769,0,0
2.840000,-1.945922,-1.525290,-1.886919,0.997344,0.059268,0.042327,0.043236,-0.014142,-0.998965,-0.058609,0.998142,-0.016667,-0.712066,-0.035988,0.005716,0.701166,-0.001501,-0.075118,-0.000413,-0.005204,0.006208,0.000621,-0.042327,0.998965,0.016667,0.000000,0.000000,0.000000,-1,-0.040192,1.011826,0.019379,-0.004396,-0.185537,-0.000178,135.434250,289.345398,-755.017761,0,0
2.880000,-1.958853,-1.525149,-1.895563,0.997084,0.063555,0.042239,0.043247,-0.014561,-0.998958,-0.062874,0.997872,-0.017267,-0.712199,-0.037490,0.007243,0.700938,-0.004727,-0.091032,-0.006686,0.010073,0.015583,0.003409,-0.042239,0.998958,0.017267,0.000000,0.000000,0.000000,-1,-0.024414,1.005844,0.018005,-0.004408,-0.190842,-0.002281,136.485489,287.948425,-755.017761,0,0
2.920000,-1.969526,-1.525724,-1.903632,0.996945,0.066152,0.041523,0.042585,-0.014721,-0.998984,-0.065474,0.997701,-0.017493,-0.712243,-0.038167,0.008407,0.700844,-0.000527,-0.083605,-0.004628,0.017109,0.006860,0.000512,-0.041523,0.998984,0.017493,0.000000,0.000000,0.000000,-1,-0.028748,1.008743,0.018295,-0.000134,-0.183414,0.001893,136.310287,290.567749,-755.184753,0,0
2.960000,-1.981974,-1.526442,-1.912971,0.996771,0.069251,0.040644,0.041769,-0.014878,-0.999016,-0.068578,0.997488,-0.017722,-0.712280,-0.038967,0.009804,0.700744,-0.002632,-0.070878,-0.001464,0.007777,0.012183,0.002221,-0.040644,0.999017,0.017722,0.000000,0.000000,0.000000,-1,-0.026688,1.010178,0.025665,-0.007563,-0.161151,0.000811,136.135071,287.249939,-756.687744,0,0
3.000000,-2.010183,-1.526822,-1.938619,0.996624,0.071818,0.039785,0.041020,-0.015807,-0.999033,-0.071120,0.997292,-0.018700,-0.712589,-0.039587,0.010993,0.700378,-0.015411,-0.027432,-0.015339,0.018575,0.015157,0.003578,-0.039785,0.999033,0.018700,0.000000,0.000000,0.000000,-1,-0.021881,1.012787,0.016937,-0.011830,-0.116642,-0.012108,135.609451,290.916962,-754.516724,0,0
3.040000,-2.018270,-1.527164,-1.946376,0.996619,0.072147,0.039324,0.040578,-0.016000,-0.999048,-0.071449,0.997266,-0.018873,-0.712652,-0.039544,0.011270,0.700312,-0.001550,-0.000920,-0.010286,0.016085,0.015631,-0.002699,-0.039324,0.999048,0.018873,0.000000,0.000000,0.000000,-1,-0.030701,0.997452,0.016907,-0.002209,-0.094363,-0.002741,135.784668,289.345398,-754.349731,0,0
3.080000,-2.024943,-1.527419,-1.953360,0.996655,0.071837,0.038968,0.040229,-0.016188,-0.999059,-0.071139,0.997285,-0.019024,-0.712718,-0.039310,0.011284,0.700258,-0.011152,0.011800,-0.007046,0.002271,0.000712,0.001255,-0.038968,0.999059,0.019024,0.000000,0.000000,0.000000,-1,-0.030273,1.001129,0.018021,-0.002253,-0.072123,-0.018797,134.733429,289.694641,-754.683716,0,0
3.120000,-2.019870,-1.526971,-1.949461,0.996719,0.070670,0.039467,0.040707,-0.016196,-0.999040,-0.069963,0.997368,-0.019020,-0.712730,-0.039067,0.010697,0.700268,0.003665,0.044629,-0.031819,0.010613,0.006362,-0.004936,-0.039467,0.999040,0.019020,0.000000,0.000000,0.000000,-1,-0.033936,1.011780,0.012177,0.003054,-0.046689,-0.026416,136.485489,288.996155,-755.017761,0,0
3.160000,-2.005989,-1.526799,-1.937355,0.996826,0.068895,0.039883,0.041061,-0.015764,-0.999032,-0.068199,0.997499,-0.018543,-0.712589,-0.038576,0.009934,0.700450,0.003718,0.070086,-0.023421,0.005948,0.012748,-0.006366,-0.039883,0.999032,0.018543,0.000000,0.000000,0.000000,-1,-0.037170,1.009995,0.013763,0.007352,-0.023353,-0.019123,135.083832,288.297668,-754.349731,0,0
3.200000,-1.978378,-1.526193,-1.914029,0.997070,0.064612,0.040936,0.041988,-0.015006,-0.999005,-0.063933,0.997798,-0.017675,-0.712347,-0.037411,0.008071,0.700784,0.000523,0.095519,-0.030945,0.003842,0.009387,-0.008473,-0.040936,0.999005,0.017674,0.000000,0.000000,0.000000,-1,-0.034668,1.015793,0.003952,-0.002240,0.013733,-0.033013,135.959869,288.123047,-755.518738,0,0
3.240000,-1.950538,-1.525278,-1.890878,0.997308,0.059927,0.042261,0.043192,-0.014317,-0.998964,-0.059260,0.998100,-0.016867,-0.712126,-0.036201,0.005968,0.701093,-0.012287,0.133661,-0.045876,0.005671,0.019713,-0.014349,-0.042261,0.998964,0.016867,0.000000,0.000000,0.000000,-1,-0.038773,1.022980,0.003220,-0.016085,0.039160,-0.044676,134.032608,288.996155,-755.351746,0,0
3.280000,-1.935932,-1.524256,-1.880596,0.997506,0.055616,0.043456,0.044309,-0.014183,-0.998917,-0.054940,0.998351,-0.016612,-0.712092,-0.035081,0.004032,0.701197,-0.026082,0.146387,-0.042588,0.004684,0.024063,-0.013393,-0.043456,0.998917,0.016612,0.000000,0.000000,0.000000,-1,-0.063538,1.020065,-0.008453,-0.031985,0.038119,-0.031731,135.083832,290.043884,-755.351746,0,0
3.320000,-1.923669,-1.522022,-1.874280,0.997716,0.049703,0.045751,0.046527,-0.014570,-0.998811,-0.048977,0.998658,-0.016850,-0.712239,-0.033777,0.001132,0.701123,-0.061115,0.090227,-0.020680,-0.020594,0.021804,-0.023838,-0.045751,0.998811,0.016850,0.000000,0.000000,0.000000,-1,-0.069168,1.019348,-0.012009,-0.075566,-0.025470,-0.016072,136.485489,289.345398,-755.351746,0,0
3.360000,-1.925961,-1.519536,-1.879533,0.997749,0.046785,0.048040,0.048815,-0.015569,-0.998686,-0.045976,0.998784,-0.017818,-0.712590,-0.033540,-0.000724,0.700779,-0.081332,0.049939,-0.020285,-0.023081,0.018297,-0.034602,-0.048040,0.998686,0.017818,0.000000,0.000000,0.000000,-1,-0.078842,0.997665,-0.024246,-0.081972,-0.072116,-0.013663,135.784668,289.345398,-753.681763,0,0
3.400000,-1.919698,-1.517725,-1.873696,0.997679,0.046380,0.049851,0.050632,-0.015823,-0.998592,-0.045526,0.998799,-0.018135,-0.712678,-0.034031,-0.001517,0.700664,-0.072867,-0.020028,-0.016898,-0.028992,-0.000927,-0.042381,-0.049851,0.998592,0.018135,0.000000,0.000000,0.000000,-1,-0.085480,0.975906,-0.025970,-0.065015,-0.143150,-0.013529,135.784668,288.996155,-754.015747,0,0
3.440000,-1.906068,-1.514956,-1.856418,0.997355,0.050044,0.052704,0.053551,-0.015725,-0.998441,-0.049138,0.998623,-0.018363,-0.712644,-0.036342,-0.001251,0.700583,-0.004963,-0.123957,-0.036335,-0.034744,-0.030347,-0.051490,-0.052704,0.998441,0.018363,0.000000,0.000000,0.000000,-1,-0.099182,0.922897,-0.047592,0.043179,-0.273614,-0.053491,135.784668,290.043884,-753.681763,0,0
3.480000,-1.838358,-1.512720,-1.782176,0.996832,0.056494,0.055978,0.056751,-0.012178,-0.998314,-0.055717,0.998329,-0.015345,-0.711399,-0.039797,-0.000092,0.701660,0.113866,-0.153735,-0.098148,-0.048819,-0.089363,-0.055736,-0.055978,0.998314,0.015346,0.000000,0.000000,0.000000,-1,-0.107880,0.880508,-0.025589,0.156743,-0.224936,-0.115594,135.609451,289.520020,-754.516724,0,0
3.520000,-1.733969,-1.510159,-1.674196,0.996410,0.059924,0.059796,0.060277,-0.006255,-0.998162,-0.059440,0.998183,-0.009845,-0.709315,-0.042365,-0.000125,0.703618,0.249814,-0.108214,-0.144528,-0.048084,-0.117654,-0.035433,-0.059796,0.998162,0.009845,0.000000,0.000000,0.000000,-1,-0.128525,0.990585,-0.052261,0.319278,-0.257842,-0.143830,136.310287,289.869263,-754.850769,0,0
3.560000,-1.338132,-1.497514,-1.265413,0.994866,0.071870,0.071244,0.069830,0.022013,-0.997316,-0.073245,0.997171,0.016882,-0.699280,-0.050659,0.000715,0.713050,0.780740,-0.279072,-0.287917,-0.062835,0.038618,-0.042475,-0.071244,0.997316,-0.016882,0.000000,0.000000,0.000000,-1,-0.161270,1.201492,-0.046982,0.848136,-0.299411,-0.296264,134.558212,291.964691,-758.190796,0,0
3.600000,-1.019673,-1.474338,-0.938319,0.993498,0.078923,0.082049,0.077679,0.056932,-0.995352,-0.083228,0.995254,0.050431,-0.686683,-0.057014,0.000429,0.724718,0.907824,-0.119862,-0.169836,-0.113767,0.219950,0.006517,-0.082049,0.995352,-0.050431,0.000000,0.000000,0.000000,-1,-0.272186,1.175964,-0.042938,0.893594,-0.252453,-0.091680,133.156570,290.567749,-758.190796,0,0
3.640000,-0.845572,-1.455006,-0.753642,0.992348,0.088146,0.086459,0.079059,0.084246,-0.993304,-0.094840,0.992539,0.076633,-0.676659,-0.061776,0.003097,0.733694,0.342250,-0.282020,-0.126704,-0.186155,0.155469,0.050998,-0.086459,0.993304,-0.076633,0.000000,0.000000,0.000000,-1,-0.197571,1.014359,-0.088211,-0.008438,-0.389376,-0.185364,134.733429,287.948425,-759.359802,0,0
3.680000,-0.913041,-1.447053,-0.809706,0.990284,0.098978,0.097676,0.089372,0.085129,-0.992354,-0.106536,0.991442,0.075456,-0.676332,-0.069622,0.003275,0.733292,-0.066425,-0.306571,-0.231667,-0.079661,-0.046446,-0.030897,-0.097676,0.992354,-0.075456,0.000000,0.000000,0.000000,-1,-0.142059,0.857712,-0.147842,-0.089293,-0.538843,-0.168906,134.558212,289.869263,-759.860840,0,0
3.720000,-0.984940,-1.444014,-0.865496,0.987783,0.114825,0.105357,0.096276,0.081968,-0.991974,-0.122539,0.989998,0.069912,-0.677477,-0.077899,0.006340,0.731379,-0.141545,-0.421886,-0.114388,-0.035695,-0.163452,-0.073398,-0.105357,0.991974,-0.069912,0.000000,0.000000,0.000000,-1,-0.173569,0.840149,-0.118790,-0.126140,-0.507961,-0.078223,132.981369,289.345398,-758.691772,0,0
3.760000,-1.033675,-1.444763,-0.900049,0.985747,0.128994,0.107999,0.098468,0.078132,-0.992068,-0.136409,0.988563,0.064316,-0.678841,-0.083768,0.010462,0.729417,-0.077165,-0.298703,0.017311,-0.074129,-0.116351,-0.051254,-0.107999,0.992068,-0.064316,0.000000,0.000000,0.000000,-1,-0.161469,1.006851,-0.119522,-0.059354,-0.342270,0.119208,134.032608,290.393127,-758.023804,0,0
3.800000,-1.033587,-1.447375,-0.890641,0.984720,0.138350,0.105767,0.095714,0.077425,-0.992393,-0.145486,0.987352,0.063000,-0.679024,-0.086176,0.014624,0.728894,0.023535,-0.175455,0.192210,-0.046775,0.051277,-0.058552,-0.105767,0.992393,-0.063000,0.000000,0.000000,0.000000,-1,-0.181549,0.988190,-0.136185,0.103877,-0.209556,0.242328,133.682190,290.043884,-759.025818,0,0
3.840000,-0.962039,-1.451432,-0.814062,0.984827,0.143430,0.097689,0.086581,0.081755,-0.992885,-0.150396,0.986278,0.068096,-0.677306,-0.084899,0.019455,0.730527,0.156723,-0.095849,0.251009,-0.103758,-0.037837,-0.083698,-0.097689,0.992885,-0.068096,0.000000,0.000000,0.000000,-1,-0.286026,0.871170,-0.215012,0.179364,-0.203195,0.241468,135.609451,290.916962,-759.192810,0,0
3.880000,-0.881719,-1.450181,-0.728171,0.984503,0.148759,0.092870,0.080076,0.089809,-0.992735,-0.156019,0.984787,0.076505,-0.674201,-0.084854,0.023416,0.733283,0.094771,-0.151086,0.180653,-0.226772,-0.134718,-0.153766,-0.092870,0.992735,-0.076505,0.000000,0.000000,0.000000,-1,-0.353302,0.904861,-0.214539,-0.052722,-0.340049,0.186139,135.784668,290.393127,-758.691772,0,0
3.920000,-0.866701,-1.457502,-0.702587,0.983406,0.159649,0.086168,0.073054,0.086278,-0.993589,-0.166060,0.983396,0.073184,-0.675267,-0.086152,0.029578,0.731927,-0.168955,-0.364152,0.208987,-0.262770,-0.068906,-0.127912,-0.086168,0.993589,-0.073184,0.000000,0.000000,0.000000,-1,-0.201767,1.169464,-0.055206,-0.224503,-0.586189,0.074262,137.711929,290.218506,-758.858826,0,0
3.960000,-0.943141,-1.460512,-0.763305,0.980474,0.175315,0.089084,0.076087,0.079525,-0.993925,-0.181334,0.981295,0.064633,-0.677553,-0.092761,0.034038,0.728806,-0.084076,-0.202909,-0.437289,0.013752,0.435259,0.082685,-0.089084,0.993925,-0.064633,0.000000,0.000000,0.000000,-1,0.258438,1.461777,0.305649,-0.007586,0.012870,-0.607357,138.062347,290.567749,-759.860840,0,0
4.000000,-1.019556,-1.443835,-0.844143,0.979530,0.169959,0.107865,0.094637,0.084123,-0.991951,-0.177665,0.981854,0.066317,-0.676219,-0.097822,0.025805,0.729721,-0.011576,-0.069916,-0.127019,0.262879,0.070091,0.268328,-0.107865,0.991951,-0.066317,0.000000,0.000000,0.000000,-1,-0.098846,0.826263,-0.101700,0.008136,-0.143867,0.214367,134.207809,290.567749,-759.526794,0,0
4.040000,-0.962629,-1.447730,-0.785701,0.979999,0.171618,0.100745,0.086828,0.086775,-0.992437,-0.179063,0.981334,0.070138,-0.675108,-0.095705,0.029002,0.730909,0.397252,0.039910,0.284957,-0.028344,-0.108190,-0.074591,-0.100745,0.992437,-0.070138,0.000000,0.000000,0.000000,-1,-0.011444,1.028198,-0.077850,0.311324,-0.229639,0.280554,135.784668,291.440826,-759.359802,0,0
4.080000,-0.863046,-1.452822,-0.681133,0.980174,0.176809,0.089433,0.074113,0.091437,-0.993049,-0.183757,0.979989,0.076521,-0.673093,-0.093197,0.035034,0.732825,-0.297049,-0.123343,0.306111,0.112534,0.117180,0.083509,-0.089433,0.993049,-0.076521,0.000000,0.000000,0.000000,-1,0.127274,1.200256,0.115158,-0.412973,-0.239299,0.209866,135.959869,290.567749,-759.192810,0,0
4.120000,-0.946506,-1.465090,-0.755939,0.978790,0.186121,0.085609,0.072377,0.076772,-0.994418,-0.191654,0.979523,0.061673,-0.678297,-0.095275,0.039085,0.727536,-0.251369,-0.339999,0.057675,0.165961,0.058362,0.096783,-0.085609,0.994418,-0.061673,0.000000,0.000000,0.000000,-1,0.000580,0.831039,-0.193512,-0.127312,-0.264866,0.125990,136.485489,290.393127,-759.359802,0,0
4.160000,-0.965171,-1.470430,-0.768903,0.977924,0.192038,0.082377,0.069672,0.072010,-0.994968,-0.197003,0.978742,0.057040,-0.679867,-0.096236,0.042150,0.725771,-0.078348,-0.087430,0.215249,0.082957,-0.163928,-0.136472,-0.082377,0.994968,-0.057040,0.000000,0.000000,0.000000,-1,0.008224,0.944901,-0.106720,0.084096,0.033325,0.304210,136.835892,290.043884,-760.027832,0,0
4.200000,-0.760381,-1.477996,-0.570295,0.980387,0.186447,0.063866,0.050029,0.078002,-0.995697,-0.190626,0.979364,0.067144,-0.677355,-0.087279,0.046785,0.728960,0.297333,0.086548,0.280529,0.076409,0.058823,-0.014536,-0.063866,0.995697,-0.067144,0.000000,0.000000,0.000000,-1,-0.027527,1.092377,-0.055984,0.245436,-0.035670,0.248493,137.887131,290.043884,-759.359802,0,0
4.240000,-0.677741,-1.479162,-0.488639,0.980938,0.185654,0.057377,0.042955,0.080797,-0.995805,-0.189511,0.979288,0.071282,-0.676177,-0.084523,0.048853,0.730243,-0.056128,0.031233,0.162347,0.000706,0.091232,0.027215,-0.057377,0.995805,-0.071282,0.000000,0.000000,0.000000,-1,-0.067200,1.033371,0.020813,-0.373689,-0.007206,0.147753,137.186310,290.043884,-758.691772,0,0
