0.000000,-1.413376,0.012133,0.020293,0.156982,-0.008799,0.987562,-0.020290,0.999721,0.012133,-0.987393,-0.021942,0.156759,0.011202,-0.649226,0.003777,0.760503,-0.011538,-0.001789,-0.005784,0.000548,-0.000394,-0.003092,-0.987562,-0.012133,-0.156759,0.000000,0.000000,0.000000,-1,-0.982635,-0.010651,-0.158691,-0.035161,0.008295,-0.020000,-17.754990,221.673676,-561.253418,0,0
0.040000,-1.413263,0.012237,0.020036,0.157093,-0.008939,0.987543,-0.020033,0.999724,0.012236,-0.987381,-0.021706,0.156871,0.011157,-0.649184,0.003647,0.760541,-0.009405,0.001370,-0.007943,0.006281,0.000014,-0.001134,-0.987543,-0.012236,-0.156871,0.000000,0.000000,0.000000,-1,-0.982010,-0.010651,-0.151154,-0.024515,0.005144,-0.016874,-18.282364,221.146301,-561.756165,0,0
0.080000,-1.413671,0.012679,0.020092,0.156700,-0.009376,0.987602,-0.020089,0.999718,0.012678,-0.987442,-0.021827,0.156467,0.011344,-0.649336,0.003522,0.760409,0.006559,0.000384,-0.003775,-0.002449,-0.008302,0.007404,-0.987602,-0.012678,-0.156467,0.000000,0.000000,0.000000,-1,-0.993530,-0.027405,-0.145782,-0.019192,0.004094,-0.015846,-19.161316,222.025269,-562.258911,0,0
0.120000,-1.414175,0.013433,0.020332,0.156220,-0.010094,0.987671,-0.020329,0.999703,0.013433,-0.987513,-0.022177,0.155968,0.011710,-0.649522,0.003366,0.760245,0.009772,0.003583,-0.000625,-0.001557,-0.012614,0.010109,-0.987671,-0.013433,-0.155968,0.000000,0.000000,0.000000,-1,-0.983200,-0.020828,-0.153656,-0.010644,0.011535,-0.012745,-18.985519,221.497879,-562.426514,0,0
0.160000,-1.414219,0.014134,0.021242,0.156200,-0.010645,0.987668,-0.021238,0.999675,0.014133,-0.987497,-0.023184,0.155923,0.012272,-0.649529,0.003484,0.760230,0.027891,0.007832,0.001342,0.008603,-0.002041,0.002343,-0.987668,-0.014133,-0.155923,0.000000,0.000000,0.000000,-1,-0.987244,-0.013428,-0.147919,0.011694,0.002027,-0.009686,-19.161316,221.322098,-563.934814,0,0
0.200000,-1.414614,0.014161,0.022613,0.155825,-0.010468,0.987729,-0.022609,0.999644,0.014161,-0.987526,-0.024538,0.155533,0.012728,-0.649670,0.003993,0.760099,0.032115,-0.002775,0.000286,-0.001818,0.002274,0.008468,-0.987729,-0.014161,-0.155532,0.000000,0.000000,0.000000,-1,-0.986588,-0.011795,-0.153000,0.009582,0.008372,-0.010759,-20.919235,222.025269,-563.264465,0,0
0.240000,-1.414751,0.014104,0.024063,0.155703,-0.010189,0.987751,-0.024059,0.999611,0.014104,-0.987511,-0.025960,0.155397,0.013178,-0.649714,0.004562,0.760051,0.033145,0.000437,0.001352,0.002034,0.003591,-0.000868,-0.987751,-0.014104,-0.155397,0.000000,0.000000,0.000000,-1,-0.988235,-0.013992,-0.154266,0.005319,0.007314,-0.010722,-19.512909,221.322098,-562.929260,0,0
0.280000,-1.414769,0.014118,0.024968,0.155695,-0.010062,0.987754,-0.024963,0.999589,0.014118,-0.987490,-0.026855,0.155380,0.013477,-0.649714,0.004901,0.760043,0.028892,0.001507,0.002448,-0.000482,0.000125,0.001113,-0.987754,-0.014118,-0.155380,0.000000,0.000000,0.000000,-1,-0.984863,-0.010162,-0.154739,-0.001066,0.008375,-0.010676,-17.754990,220.970505,-562.594116,0,0
0.320000,-1.414795,0.013962,0.026454,0.155680,-0.009677,0.987760,-0.026448,0.999553,0.013961,-0.987454,-0.028298,0.155354,0.013900,-0.649715,0.005516,0.760031,0.023573,0.001526,0.004623,0.003812,0.003295,0.009480,-0.987760,-0.013961,-0.155354,0.000000,0.000000,0.000000,-1,-0.981583,-0.010986,-0.148605,-0.005311,0.009474,-0.006386,-18.106567,221.673676,-562.258911,0,0
0.360000,-1.415081,0.013745,0.027167,0.155398,-0.009361,0.987808,-0.027161,0.999537,0.013745,-0.987478,-0.028966,0.155072,0.014051,-0.649820,0.005856,0.759935,0.025711,0.003649,0.005666,0.004653,0.002697,0.004605,-0.987808,-0.013745,-0.155072,0.000000,0.000000,0.000000,-1,-0.985184,-0.011612,-0.154358,0.000018,0.013680,-0.009639,-18.282364,221.849472,-561.756165,0,0
0.400000,-1.414955,0.013737,0.027908,0.155529,-0.009233,0.987788,-0.027901,0.999516,0.013736,-0.987437,-0.029697,0.155196,0.014288,-0.649767,0.006141,0.759974,0.022453,0.004667,0.000370,0.002604,0.002124,0.000838,-0.987788,-0.013736,-0.155196,0.000000,0.000000,0.000000,-1,-0.985199,-0.008514,-0.156525,-0.010629,0.015781,-0.011695,-19.337112,220.794724,-562.091309,0,0
0.440000,-1.414612,0.013559,0.028483,0.155869,-0.008958,0.987737,-0.028477,0.999502,0.013559,-0.987367,-0.030241,0.155536,0.014406,-0.649634,0.006420,0.760084,0.008639,0.012104,0.002582,0.002538,0.005044,-0.000988,-0.987737,-0.013559,-0.155536,0.000000,0.000000,0.000000,-1,-0.985565,-0.008270,-0.155853,-0.020212,0.014734,-0.010552,-20.040283,220.794724,-562.426514,0,0
0.480000,-1.414153,0.012966,0.028700,0.156306,-0.008325,0.987674,-0.028694,0.999504,0.012966,-0.987292,-0.030367,0.155990,0.014250,-0.649463,0.006698,0.760230,0.002259,0.016331,0.001557,0.004687,0.004527,-0.001130,-0.987674,-0.012966,-0.155990,0.000000,0.000000,0.000000,-1,-0.985046,-0.012680,-0.153625,-0.023381,0.022159,-0.009490,-17.930771,221.849472,-563.432007,0,0
0.520000,-1.413627,0.012731,0.028726,0.156820,-0.008073,0.987594,-0.028720,0.999506,0.012731,-0.987210,-0.030360,0.156510,0.014167,-0.649264,0.006788,0.760401,-0.001986,0.017429,0.005847,0.005096,0.000997,0.002976,-0.987594,-0.012731,-0.156510,0.000000,0.000000,0.000000,-1,-0.984116,-0.007660,-0.154633,-0.029733,0.030673,-0.005211,-17.754990,221.322098,-563.264465,0,0
0.560000,-1.412759,0.012174,0.028567,0.157660,-0.007521,0.987465,-0.028561,0.999518,0.012173,-0.987080,-0.030122,0.157369,0.013900,-0.648939,0.006915,0.760682,-0.007446,0.013178,0.004845,-0.001869,0.001385,0.003866,-0.987465,-0.012173,-0.157369,0.000000,0.000000,0.000000,-1,-0.988205,-0.011612,-0.149521,-0.034021,0.021142,-0.005142,-18.633942,221.849472,-562.426514,0,0
0.600000,-1.412633,0.011888,0.028298,0.157773,-0.007278,0.987449,-0.028292,0.999529,0.011887,-0.987070,-0.029812,0.157493,0.013704,-0.648896,0.006906,0.760723,-0.012755,0.016373,0.007005,0.000296,0.000642,0.007286,-0.987449,-0.011887,-0.157493,0.000000,0.000000,0.000000,-1,-0.984573,-0.011810,-0.153305,-0.038286,0.019025,-0.005101,-18.282364,220.443130,-561.756165,0,0
0.640000,-1.412505,0.011575,0.027933,0.157889,-0.007023,0.987432,-0.027928,0.999543,0.011574,-0.987062,-0.029404,0.157621,0.013466,-0.648852,0.006870,0.760765,-0.012771,0.011074,0.007025,0.002859,-0.000236,0.004316,-0.987432,-0.011574,-0.157621,0.000000,0.000000,0.000000,-1,-0.982117,-0.010971,-0.155289,-0.034039,0.016886,-0.007257,-19.512909,220.618927,-562.594116,0,0
0.680000,-1.411835,0.011164,0.027257,0.158535,-0.006705,0.987331,-0.027252,0.999566,0.011164,-0.986977,-0.028677,0.158283,0.013088,-0.648604,0.006750,0.760984,-0.012778,0.014190,0.000623,0.004771,0.000498,-0.000439,-0.987331,-0.011164,-0.158283,0.000000,0.000000,0.000000,-1,-0.986252,-0.011566,-0.158539,-0.040425,0.021085,-0.011484,-18.458145,221.673676,-564.269958,0,0
0.720000,-1.411421,0.011094,0.026800,0.158938,-0.006696,0.987266,-0.026795,0.999579,0.011094,-0.986925,-0.028217,0.158691,0.012912,-0.648450,0.006602,0.761119,-0.016089,0.017376,0.002769,0.000846,-0.002319,0.002472,-0.987266,-0.011094,-0.158691,0.000000,0.000000,0.000000,-1,-0.988327,-0.010880,-0.162308,-0.040410,0.024282,-0.009366,-18.985519,221.146301,-563.767212,0,0
0.760000,-1.410840,0.010970,0.026402,0.159506,-0.006622,0.987175,-0.026398,0.999591,0.010970,-0.986844,-0.027809,0.159266,0.012734,-0.648232,0.006494,0.761308,-0.012895,0.017376,0.002744,-0.001152,0.000091,-0.003042,-0.987175,-0.010970,-0.159266,0.000000,0.000000,0.000000,-1,-0.985306,-0.013046,-0.156204,-0.036179,0.016847,-0.011501,-17.930771,220.443130,-562.091309,0,0
0.800000,-1.410416,0.010929,0.025972,0.159920,-0.006637,0.987108,-0.025968,0.999603,0.010929,-0.986788,-0.027381,0.159684,0.012578,-0.648074,0.006347,0.761447,-0.011858,0.008892,0.001701,0.001802,-0.002118,0.003480,-0.987108,-0.010929,-0.159684,0.000000,0.000000,0.000000,-1,-0.987167,-0.012268,-0.159119,-0.037259,0.013650,-0.013611,-18.458145,222.376846,-562.258911,0,0
0.840000,-1.410282,0.010985,0.025472,0.160050,-0.006770,0.987086,-0.025468,0.999615,0.010985,-0.986780,-0.026897,0.159816,0.012437,-0.648026,0.006139,0.761492,-0.009731,0.009928,-0.000451,0.002345,-0.002885,0.004634,-0.987086,-0.010985,-0.159816,0.000000,0.000000,0.000000,-1,-0.982681,-0.013123,-0.157806,-0.035111,0.017906,-0.011513,-19.512909,220.970505,-563.934814,0,0
0.880000,-1.409861,0.011047,0.025134,0.160465,-0.006873,0.987018,-0.025129,0.999623,0.011046,-0.986722,-0.026576,0.160231,0.012349,-0.647867,0.005992,0.761630,-0.006671,0.013097,0.000580,0.003375,-0.003068,0.001845,-0.987018,-0.011046,-0.160231,0.000000,0.000000,0.000000,-1,-0.984848,-0.016312,-0.155411,-0.028722,0.020003,-0.013701,-17.579193,221.497879,-561.420959,0,0
0.920000,-1.409216,0.011402,0.024972,0.161109,-0.007233,0.986910,-0.024968,0.999623,0.011402,-0.986621,-0.026478,0.160868,0.012430,-0.647620,0.005820,0.761840,-0.002407,0.017302,-0.002668,0.002413,-0.002468,-0.001455,-0.986910,-0.011402,-0.160868,0.000000,0.000000,0.000000,-1,-0.985489,-0.013031,-0.164673,-0.030850,0.022102,-0.015823,-18.282364,221.849472,-562.091309,0,0
0.960000,-1.408601,0.011438,0.024813,0.161715,-0.007278,0.986811,-0.024809,0.999627,0.011438,-0.986526,-0.026331,0.161474,0.012391,-0.647387,0.005751,0.762039,-0.004546,0.014127,-0.002639,0.001017,0.001672,-0.000818,-0.986811,-0.011438,-0.161474,0.000000,0.000000,0.000000,-1,-0.979691,-0.008484,-0.158936,-0.030844,0.023171,-0.014762,-19.161316,220.970505,-562.929260,0,0
1.000000,-1.407857,0.011402,0.024523,0.162446,-0.007269,0.986691,-0.024519,0.999634,0.011401,-0.986413,-0.026044,0.162208,0.012281,-0.647105,0.005657,0.762281,-0.008797,0.019395,-0.005820,0.003918,0.004337,-0.001793,-0.986691,-0.011401,-0.162208,0.000000,0.000000,0.000000,-1,-0.984192,-0.006470,-0.163071,-0.034043,0.024201,-0.017937,-19.161316,220.970505,-562.594116,0,0
1.040000,-1.407061,0.011318,0.023993,0.163225,-0.007252,0.986562,-0.023989,0.999648,0.011318,-0.986297,-0.025514,0.162994,0.012075,-0.646805,0.005487,0.762540,-0.014301,0.016189,-0.006826,0.000661,0.001201,0.000213,-0.986562,-0.011318,-0.162994,0.000000,0.000000,0.000000,-1,-0.983231,-0.010498,-0.163330,-0.042561,0.024203,-0.017871,-19.161316,220.970505,-563.599609,0,0
1.080000,-1.406335,0.011362,0.023369,0.163938,-0.007380,0.986443,-0.023365,0.999662,0.011362,-0.986194,-0.024911,0.163711,0.011889,-0.646532,0.005239,0.762776,-0.021728,0.024665,-0.006800,0.002510,0.000635,-0.002625,-0.986443,-0.011362,-0.163711,0.000000,0.000000,0.000000,-1,-0.983185,-0.011398,-0.167648,-0.046828,0.023126,-0.019965,-17.579193,220.443130,-563.432007,0,0
1.120000,-1.405595,0.011555,0.022706,0.164667,-0.007661,0.986319,-0.022703,0.999676,0.011555,-0.986088,-0.024295,0.164440,0.011746,-0.646252,0.004929,0.763018,-0.017507,0.013005,-0.007855,0.003135,0.000156,-0.003208,-0.986319,-0.011555,-0.164440,0.000000,0.000000,0.000000,-1,-0.982224,-0.010101,-0.166306,-0.039385,0.018897,-0.018941,-18.106567,221.322098,-563.599609,0,0
1.160000,-1.404455,0.011717,0.021883,0.165788,-0.007929,0.986129,-0.021880,0.999692,0.011717,-0.985919,-0.023519,0.165564,0.011539,-0.645821,0.004569,0.763388,-0.007913,0.016192,-0.006875,0.002792,-0.001086,-0.001551,-0.986129,-0.011717,-0.165564,0.000000,0.000000,0.000000,-1,-0.983582,-0.016052,-0.167175,-0.032991,0.021014,-0.018999,-19.864487,220.618927,-563.934814,0,0
1.200000,-1.403874,0.012021,0.021592,0.166365,-0.008263,0.986030,-0.021588,0.999695,0.012020,-0.985828,-0.023287,0.166136,0.011560,-0.645599,0.004363,0.763576,-0.008067,0.017233,-0.005814,0.003150,-0.002765,-0.001253,-0.986030,-0.012020,-0.166136,0.000000,0.000000,0.000000,-1,-0.988831,-0.012238,-0.165771,-0.031908,0.024220,-0.015823,-18.809738,221.322098,-562.258911,0,0
1.240000,-1.403312,0.012168,0.021330,0.166920,-0.008439,0.985934,-0.021326,0.999699,0.012167,-0.985740,-0.023057,0.166690,0.011530,-0.645385,0.004218,0.763758,-0.002740,0.014103,-0.000518,0.001300,0.001364,0.001391,-0.985934,-0.012167,-0.166690,0.000000,0.000000,0.000000,-1,-0.982803,-0.011856,-0.165726,-0.024479,0.013657,-0.012645,-18.458145,221.322098,-563.264465,0,0
1.280000,-1.403033,0.012089,0.021211,0.167192,-0.008374,0.985889,-0.021208,0.999702,0.012088,-0.985696,-0.022930,0.166965,0.011461,-0.645280,0.004200,0.763849,-0.004896,0.004581,0.000600,0.000278,0.001178,0.001514,-0.985889,-0.012088,-0.166965,0.000000,0.000000,0.000000,-1,-0.984818,-0.008713,-0.166168,-0.031938,0.012590,-0.013649,-18.282364,221.146301,-563.096863,0,0
1.320000,-1.402956,0.011992,0.020979,0.167265,-0.008317,0.985877,-0.020976,0.999708,0.011992,-0.985689,-0.022686,0.167042,0.011349,-0.645252,0.004143,0.763874,-0.009179,-0.000743,-0.002542,0.000998,0.001586,0.000568,-0.985877,-0.011992,-0.167042,0.000000,0.000000,0.000000,-1,-0.983414,-0.009171,-0.174454,-0.034094,0.007255,-0.017873,-19.161316,218.509415,-562.258911,0,0
1.360000,-1.402780,0.011996,0.020686,0.167436,-0.008365,0.985847,-0.020683,0.999714,0.011995,-0.985666,-0.022398,0.167215,0.011255,-0.645187,0.004031,0.763932,-0.008295,-0.004013,-0.007867,0.002434,0.002825,-0.007239,-0.985847,-0.011995,-0.167215,0.000000,0.000000,0.000000,-1,-0.983582,-0.012268,-0.171188,-0.030919,0.001949,-0.018943,-19.161316,219.915756,-563.599609,0,0
1.400000,-1.402824,0.012204,0.020393,0.167394,-0.008621,0.985852,-0.020391,0.999718,0.012204,-0.985679,-0.022145,0.167171,0.011241,-0.645204,0.003852,0.763918,-0.005101,-0.005062,-0.006823,0.002271,-0.000064,-0.004017,-0.985852,-0.012204,-0.167171,0.000000,0.000000,0.000000,-1,-0.981293,-0.012878,-0.167877,-0.029869,-0.002298,-0.020001,-18.458145,220.970505,-562.594116,0,0
1.440000,-1.402951,0.012741,0.019997,0.167277,-0.009219,0.985867,-0.019994,0.999719,0.012741,-0.985707,-0.021842,0.167045,0.011318,-0.645251,0.003526,0.763878,-0.005087,0.002324,-0.010047,0.002789,0.000533,-0.002159,-0.985867,-0.012741,-0.167045,0.000000,0.000000,0.000000,-1,-0.987976,-0.009811,-0.169540,-0.023471,0.001927,-0.021132,-19.688690,220.794724,-563.432007,0,0
1.480000,-1.402988,0.012869,0.019932,0.167241,-0.009356,0.985872,-0.019929,0.999719,0.012868,-0.985715,-0.021799,0.167008,0.011346,-0.645265,0.003460,0.763866,0.001281,-0.005082,-0.009003,-0.002104,0.003057,-0.002533,-0.985872,-0.012868,-0.167008,0.000000,0.000000,0.000000,-1,-0.983719,-0.011734,-0.166367,-0.020291,-0.004409,-0.019002,-18.282364,221.849472,-563.432007,0,0
1.520000,-1.403541,0.013129,0.020151,0.166704,-0.009588,0.985960,-0.020148,0.999711,0.013129,-0.985801,-0.022054,0.166462,0.011517,-0.645474,0.003457,0.763688,0.007592,-0.005105,-0.004798,0.003096,-0.002527,0.000904,-0.985960,-0.013129,-0.166462,0.000000,0.000000,0.000000,-1,-0.979828,-0.013260,-0.166489,-0.015995,0.005152,-0.015875,-18.106567,220.618927,-563.934814,0,0
1.560000,-1.403577,0.013201,0.020230,0.166671,-0.009647,0.985965,-0.020227,0.999708,0.013200,-0.985805,-0.022143,0.166427,0.011570,-0.645486,0.003463,0.763676,0.008669,-0.001918,-0.003753,0.006092,-0.000761,0.000961,-0.985965,-0.013200,-0.166427,0.000000,0.000000,0.000000,-1,-0.985291,-0.012009,-0.166840,-0.011732,0.008309,-0.018051,-19.161316,220.970505,-563.934814,0,0
1.600000,-1.403737,0.013571,0.021173,0.166529,-0.009858,0.985987,-0.021169,0.999684,0.013570,-0.985809,-0.023132,0.166268,0.012016,-0.645540,0.003703,0.763623,0.023562,-0.006158,-0.003852,0.003031,0.001867,0.000862,-0.985987,-0.013570,-0.166268,0.000000,0.000000,0.000000,-1,-0.985519,-0.013901,-0.167404,-0.003200,0.010454,-0.014929,-18.458145,220.267349,-562.929260,0,0
1.640000,-1.403389,0.013711,0.022283,0.166887,-0.009803,0.985927,-0.022279,0.999658,0.013711,-0.985724,-0.024254,0.166611,0.012427,-0.645399,0.004084,0.763734,0.022553,0.009760,-0.000706,0.002895,0.004403,-0.002014,-0.985927,-0.013711,-0.166611,0.000000,0.000000,0.000000,-1,-0.981552,-0.006882,-0.166794,-0.006362,0.019997,-0.013875,-17.930771,219.388382,-562.761719,0,0
1.680000,-1.402958,0.013531,0.022716,0.167311,-0.009543,0.985858,-0.022712,0.999650,0.013531,-0.985642,-0.024655,0.167036,0.012497,-0.645233,0.004310,0.763871,0.010718,0.012862,-0.000633,0.004580,0.005489,-0.000032,-0.985858,-0.013531,-0.167036,0.000000,0.000000,0.000000,-1,-0.983170,-0.007584,-0.167221,-0.023380,0.024258,-0.011628,-19.688690,221.146301,-562.761719,0,0
1.720000,-1.402374,0.013107,0.022682,0.167877,-0.009116,0.985766,-0.022679,0.999657,0.013106,-0.985547,-0.024556,0.167612,0.012323,-0.645013,0.004438,0.764059,-0.008448,0.012866,-0.000482,0.001223,0.004607,0.001124,-0.985766,-0.013106,-0.167612,0.000000,0.000000,0.000000,-1,-0.986176,-0.007919,-0.168228,-0.036166,0.021083,-0.011517,-18.106567,219.564178,-562.929260,0,0
1.760000,-1.401962,0.012624,0.022073,0.168267,-0.008732,0.985703,-0.022070,0.999677,0.012623,-0.985494,-0.023878,0.168020,0.011941,-0.644862,0.004363,0.764193,-0.014860,0.004404,0.000668,-0.002701,0.003880,0.001974,-0.985703,-0.012623,-0.168020,0.000000,0.000000,0.000000,-1,-0.987076,-0.010040,-0.166870,-0.042589,0.011533,-0.013562,-19.161316,220.970505,-563.264465,0,0
1.800000,-1.401906,0.012431,0.021549,0.168313,-0.008629,0.985696,-0.021545,0.999691,0.012430,-0.985498,-0.023329,0.168075,0.011698,-0.644845,0.004225,0.764212,-0.015925,0.005453,-0.000392,0.002572,0.001780,0.001495,-0.985696,-0.012430,-0.168075,0.000000,0.000000,0.000000,-1,-0.981674,-0.012497,-0.164215,-0.041527,0.010474,-0.013566,-18.809738,219.915756,-562.594116,0,0
1.840000,-1.401817,0.012422,0.020897,0.168396,-0.008728,0.985681,-0.020894,0.999705,0.012422,-0.985498,-0.022686,0.168164,0.011485,-0.644815,0.003980,0.764242,-0.016028,0.005356,-0.000398,0.004693,-0.000762,0.002530,-0.985681,-0.012422,-0.168164,0.000000,0.000000,0.000000,-1,-0.981384,-0.016006,-0.166809,-0.037243,0.017896,-0.012562,-17.930771,220.443130,-564.102417,0,0
1.880000,-1.401481,0.012557,0.020237,0.168723,-0.008965,0.985623,-0.020234,0.999716,0.012556,-0.985456,-0.022062,0.168494,0.011323,-0.644690,0.003686,0.764352,-0.010694,0.009580,-0.001522,0.000607,-0.002199,0.004630,-0.985623,-0.012556,-0.168494,0.000000,0.000000,0.000000,-1,-0.984955,-0.014221,-0.162704,-0.032995,0.012619,-0.010445,-17.051819,220.970505,-562.258911,0,0
1.920000,-1.401537,0.012615,0.020069,0.168668,-0.009051,0.985631,-0.020066,0.999719,0.012614,-0.985469,-0.021905,0.168439,0.011291,-0.644712,0.003603,0.764334,-0.002193,0.002182,0.000570,0.001821,-0.000722,0.005292,-0.985631,-0.012614,-0.168439,0.000000,0.000000,0.000000,-1,-0.984406,-0.013000,-0.164520,-0.024496,0.006262,-0.010487,-17.403397,221.673676,-562.258911,0,0
1.960000,-1.401980,0.012682,0.020072,0.168233,-0.009127,0.985705,-0.020069,0.999718,0.012682,-0.985543,-0.021915,0.168002,0.011318,-0.644880,0.003579,0.764191,-0.001162,-0.006323,-0.002603,0.001437,-0.002409,0.002444,-0.985705,-0.012682,-0.168002,0.000000,0.000000,0.000000,-1,-0.984558,-0.016907,-0.167648,-0.023449,0.004104,-0.014748,-18.809738,222.025269,-562.594116,0,0
2.000000,-1.402133,0.012952,0.020053,0.168087,-0.009399,0.985727,-0.020050,0.999715,0.012952,-0.985568,-0.021941,0.167850,0.011415,-0.644938,0.003484,0.764142,-0.000158,-0.003243,-0.002624,0.001169,-0.003955,0.000202,-0.985727,-0.012952,-0.167850,0.000000,0.000000,0.000000,-1,-0.983902,-0.010391,-0.167511,-0.023458,0.001976,-0.015805,-16.700226,219.915756,-562.594116,0,0
2.040000,-1.402380,0.012997,0.020070,0.167844,-0.009446,0.985768,-0.020067,0.999714,0.012997,-0.985609,-0.021963,0.167607,0.011439,-0.645032,0.003475,0.764062,0.001965,-0.005363,-0.002632,0.003835,0.002682,0.001469,-0.985768,-0.012997,-0.167607,0.000000,0.000000,0.000000,-1,-0.981384,-0.010437,-0.166840,-0.025581,0.004095,-0.015797,-18.458145,223.080017,-563.264465,0,0
2.080000,-1.402510,0.012978,0.020042,0.167716,-0.009435,0.985790,-0.020039,0.999715,0.012977,-0.985632,-0.021930,0.167479,0.011422,-0.645081,0.003470,0.764021,-0.001241,-0.006450,-0.005798,0.004406,0.002540,0.000640,-0.985790,-0.012977,-0.167479,0.000000,0.000000,0.000000,-1,-0.983841,-0.016708,-0.165222,-0.024549,-0.003359,-0.020038,-18.633942,221.497879,-563.096863,0,0
2.120000,-1.403190,0.013427,0.020050,0.167055,-0.009891,0.985898,-0.020047,0.999709,0.013427,-0.985744,-0.022007,0.166808,0.011598,-0.645338,0.003324,0.763802,0.001962,-0.005373,-0.003697,0.002423,-0.000749,0.000930,-0.985898,-0.013427,-0.166808,0.000000,0.000000,0.000000,-1,-0.985596,-0.013779,-0.166214,-0.023458,0.000927,-0.014736,-18.809738,220.267349,-561.923706,0,0
2.160000,-1.403450,0.013531,0.020086,0.166800,-0.009993,0.985940,-0.020083,0.999707,0.013530,-0.985786,-0.022058,0.166551,0.011650,-0.645437,0.003303,0.763718,0.001897,-0.009699,-0.001544,0.001596,0.001354,0.000276,-0.985940,-0.013530,-0.166551,0.000000,0.000000,0.000000,-1,-0.982803,-0.011017,-0.165039,-0.020265,-0.001172,-0.012622,-19.337112,219.388382,-562.761719,0,0
2.200000,-1.403697,0.013450,0.020207,0.166557,-0.009899,0.985982,-0.020203,0.999705,0.013450,-0.985825,-0.022160,0.166308,0.011658,-0.645531,0.003373,0.763638,0.007233,-0.006513,-0.000531,0.003179,0.002433,0.001269,-0.985982,-0.013450,-0.166308,0.000000,0.000000,0.000000,-1,-0.982422,-0.014008,-0.167618,-0.014938,0.000935,-0.013737,-18.282364,221.849472,-563.096863,0,0
2.240000,-1.404008,0.013621,0.020797,0.166259,-0.009977,0.986032,-0.020794,0.999691,0.013621,-0.985863,-0.022768,0.166000,0.011915,-0.645645,0.003542,0.763536,0.009356,-0.006532,-0.002678,0.002221,0.002543,-0.000244,-0.986032,-0.013621,-0.166000,0.000000,0.000000,0.000000,-1,-0.985001,-0.011581,-0.166748,-0.016011,-0.001193,-0.014786,-19.337112,221.849472,-562.426514,0,0
2.280000,-1.404073,0.013666,0.020878,0.166198,-0.010008,0.986042,-0.020875,0.999689,0.013665,-0.985871,-0.022855,0.165937,0.011958,-0.645669,0.003558,0.763515,0.008285,-0.008650,-0.002662,0.001514,0.000177,-0.000613,-0.986042,-0.013665,-0.165937,0.000000,0.000000,0.000000,-1,-0.981766,-0.012527,-0.166901,-0.020279,-0.003320,-0.015810,-18.985519,221.146301,-563.432007,0,0
2.320000,-1.404466,0.013731,0.021116,0.165814,-0.010042,0.986106,-0.021112,0.999683,0.013730,-0.985931,-0.023096,0.165549,0.012060,-0.645817,0.003625,0.763388,0.006096,-0.011936,-0.003685,0.002769,0.001081,-0.000970,-0.986106,-0.013730,-0.165549,0.000000,0.000000,0.000000,-1,-0.982056,-0.013306,-0.166473,-0.013886,-0.003302,-0.013729,-19.161316,220.618927,-561.923706,0,0
2.360000,-1.404900,0.013900,0.021532,0.165394,-0.010150,0.986175,-0.021529,0.999672,0.013899,-0.985993,-0.023530,0.165121,0.012260,-0.645979,0.003727,0.763247,0.007175,-0.009787,-0.000506,0.004806,0.000823,0.000051,-0.986175,-0.013899,-0.165121,0.000000,0.000000,0.000000,-1,-0.979797,-0.013855,-0.165573,-0.017080,-0.003301,-0.013704,-18.809738,220.267349,-562.929260,0,0
2.400000,-1.405237,0.014066,0.021845,0.165067,-0.010270,0.986229,-0.021841,0.999663,0.014066,-0.986040,-0.023862,0.164787,0.012425,-0.646105,0.003791,0.763138,0.012480,-0.014044,-0.002662,0.000755,-0.002124,-0.000496,-0.986229,-0.014066,-0.164787,0.000000,0.000000,0.000000,-1,-0.984863,-0.017059,-0.164246,-0.008582,-0.010708,-0.012677,-18.985519,219.739960,-562.426514,0,0
2.440000,-1.405733,0.014325,0.022368,0.164590,-0.010451,0.986307,-0.022364,0.999647,0.014325,-0.986108,-0.024416,0.164298,0.012694,-0.646289,0.003903,0.762977,0.019926,-0.018262,-0.000575,0.001443,-0.002735,0.000053,-0.986307,-0.014325,-0.164298,0.000000,0.000000,0.000000,-1,-0.983902,-0.016769,-0.159714,-0.004322,-0.008610,-0.014849,-19.161316,220.970505,-563.264465,0,0
2.480000,-1.406387,0.014857,0.023640,0.163970,-0.010783,0.986406,-0.023635,0.999610,0.014856,-0.986182,-0.025750,0.163651,0.013309,-0.646527,0.004212,0.762763,0.025310,0.007042,-0.000695,0.001970,-0.001852,0.000092,-0.986406,-0.014856,-0.163651,0.000000,0.000000,0.000000,-1,-0.983688,-0.016113,-0.165863,0.002145,0.015768,-0.012860,-17.403397,220.267349,-562.258911,0,0
2.520000,-1.406025,0.015026,0.024381,0.164339,-0.010819,0.986345,-0.024376,0.999590,0.015026,-0.986103,-0.026512,0.164008,0.013612,-0.646383,0.004443,0.762879,0.024233,0.004905,-0.002809,0.002549,0.002269,-0.003518,-0.986345,-0.015026,-0.164008,0.000000,0.000000,0.000000,-1,-0.988739,-0.012009,-0.164230,-0.003215,0.006208,-0.015978,-17.579193,220.794724,-564.102417,0,0
2.560000,-1.406043,0.015063,0.024992,0.164329,-0.010755,0.986347,-0.024986,0.999574,0.015062,-0.986089,-0.027120,0.163991,0.013824,-0.646385,0.004664,0.762872,0.017813,-0.004635,-0.003788,-0.002392,0.003054,-0.000240,-0.986347,-0.015062,-0.163991,0.000000,0.000000,0.000000,-1,-0.987274,-0.011749,-0.159729,-0.009632,-0.003323,-0.015893,-18.985519,222.201050,-564.102417,0,0
2.600000,-1.406790,0.015091,0.025638,0.163600,-0.010698,0.986469,-0.025632,0.999558,0.015091,-0.986194,-0.027754,0.163253,0.014045,-0.646665,0.004896,0.762629,0.022038,-0.017328,-0.001642,-0.000805,0.003342,0.003524,-0.986469,-0.015091,-0.163253,0.000000,0.000000,0.000000,-1,-0.984818,-0.013870,-0.156906,-0.001156,-0.018143,-0.014838,-17.930771,220.443130,-564.102417,0,0
2.640000,-1.408387,0.015301,0.026643,0.162041,-0.010786,0.986725,-0.026637,0.999528,0.015300,-0.986424,-0.028762,0.161677,0.014454,-0.647265,0.005200,0.762110,0.015593,-0.024860,-0.003676,0.004730,0.000377,0.006312,-0.986725,-0.015300,-0.161677,0.000000,0.000000,0.000000,-1,-0.985229,-0.017242,-0.160721,-0.011789,-0.010756,-0.017979,-17.754990,220.970505,-563.599609,0,0
2.680000,-1.409127,0.015589,0.026986,0.161323,-0.011036,0.986840,-0.026980,0.999514,0.015588,-0.986533,-0.029139,0.160947,0.014677,-0.647542,0.005232,0.761870,0.012415,-0.017466,-0.005810,0.001610,-0.001654,0.000226,-0.986840,-0.015588,-0.160947,0.000000,0.000000,0.000000,-1,-0.986710,-0.015366,-0.160400,-0.009660,-0.010757,-0.017995,-18.106567,219.915756,-562.929260,0,0
2.720000,-1.409669,0.015955,0.027534,0.160804,-0.011325,0.986921,-0.027527,0.999494,0.015955,-0.986602,-0.029732,0.160411,0.014995,-0.647742,0.005317,0.761694,0.015628,-0.013210,-0.003721,0.000212,0.000589,0.000011,-0.986921,-0.015955,-0.160411,0.000000,0.000000,0.000000,-1,-0.981689,-0.010818,-0.164261,-0.007496,-0.001205,-0.015917,-17.930771,221.497879,-563.432007,0,0
2.760000,-1.409817,0.015985,0.028388,0.160668,-0.011222,0.986945,-0.028381,0.999469,0.015985,-0.986600,-0.030579,0.160264,0.015284,-0.647792,0.005632,0.761643,0.023102,-0.006845,-0.002736,0.004798,-0.000739,-0.003737,-0.986945,-0.015985,-0.160264,0.000000,0.000000,0.000000,-1,-0.983139,-0.020676,-0.160706,0.002094,-0.001178,-0.012796,-18.282364,222.201050,-562.761719,0,0
2.800000,-1.409998,0.016269,0.029234,0.160507,-0.011371,0.986969,-0.029226,0.999440,0.016268,-0.986602,-0.031456,0.160085,0.015666,-0.647852,0.005861,0.761583,0.031594,-0.011086,0.000430,0.003830,-0.004408,-0.000620,-0.986969,-0.016268,-0.160085,0.000000,0.000000,0.000000,-1,-0.984009,-0.019531,-0.159241,0.008507,0.005195,-0.010739,-18.106567,221.673676,-562.594116,0,0
2.840000,-1.409968,0.016611,0.031100,0.160568,-0.011409,0.986959,-0.031091,0.999379,0.016611,-0.986535,-0.033353,0.160114,0.016401,-0.647823,0.006461,0.761587,0.028474,0.009087,0.005703,0.006688,0.004434,-0.002713,-0.986959,-0.016611,-0.160114,0.000000,0.000000,0.000000,-1,-0.978622,-0.011856,-0.162598,0.003226,0.015827,-0.006476,-18.458145,222.025269,-561.588562,0,0
2.880000,-1.409579,0.016316,0.031884,0.160951,-0.010978,0.986901,-0.031875,0.999359,0.016315,-0.986448,-0.034083,0.160498,0.016541,-0.647671,0.006858,0.761710,0.024220,0.009109,0.007868,0.007043,0.004825,-0.000253,-0.986901,-0.016315,-0.160498,0.000000,0.000000,0.000000,-1,-0.983612,-0.011856,-0.157349,-0.003153,0.017957,-0.005369,-18.985519,221.146301,-562.426514,0,0
2.920000,-1.409352,0.015980,0.032559,0.161172,-0.010530,0.986870,-0.032549,0.999342,0.015979,-0.986389,-0.034697,0.160724,0.016631,-0.647581,0.007226,0.761781,0.021031,0.011228,0.007886,0.003258,0.004123,0.003375,-0.986870,-0.015979,-0.160724,0.000000,0.000000,0.000000,-1,-0.983887,-0.016586,-0.162109,-0.004215,0.017967,-0.004296,-18.106567,220.267349,-562.258911,0,0
2.960000,-1.408924,0.015773,0.033881,0.161601,-0.010098,0.986804,-0.033871,0.999302,0.015772,-0.986275,-0.035973,0.161146,0.016979,-0.647409,0.007800,0.761914,0.023104,0.000532,0.006870,0.002750,-0.001241,0.003691,-0.986804,-0.015772,-0.161146,0.000000,0.000000,0.000000,-1,-0.981354,-0.019379,-0.153305,-0.002108,0.010553,-0.004284,-18.985519,220.091553,-561.756165,0,0
3.000000,-1.409038,0.015797,0.034559,0.161497,-0.010016,0.986822,-0.034548,0.999278,0.015796,-0.986268,-0.036644,0.161034,0.017207,-0.647446,0.008050,0.761874,0.021018,0.013260,0.008968,0.004034,-0.002804,0.008278,-0.986822,-0.015796,-0.161034,0.000000,0.000000,0.000000,-1,-0.982300,-0.018570,-0.156357,-0.002059,0.023302,-0.000071,-18.458145,222.376846,-561.923706,0,0
3.040000,-1.408874,0.015770,0.035293,0.161664,-0.009865,0.986796,-0.035282,0.999253,0.015769,-0.986215,-0.037365,0.161196,0.017434,-0.647378,0.008340,0.761924,0.025285,0.013287,0.012129,0.004497,-0.002801,0.004839,-0.986796,-0.015769,-0.161196,0.000000,0.000000,0.000000,-1,-0.985199,-0.020584,-0.154663,0.001144,0.025429,0.000961,-18.809738,220.267349,-561.588562,0,0
3.080000,-1.408413,0.015741,0.036384,0.162129,-0.009642,0.986722,-0.036371,0.999214,0.015741,-0.986099,-0.038440,0.161651,0.017774,-0.647193,0.008768,0.762069,0.025324,0.025995,0.012079,0.001523,-0.004844,0.006988,-0.986722,-0.015741,-0.161651,0.000000,0.000000,0.000000,-1,-0.987381,-0.016769,-0.156540,0.001180,0.039178,-0.001221,-19.337112,222.201050,-561.420959,0,0
3.120000,-1.407423,0.015566,0.037743,0.163111,-0.009210,0.986565,-0.037729,0.999167,0.015565,-0.985886,-0.039761,0.162628,0.018143,-0.646805,0.009352,0.762382,0.027421,0.025895,0.008891,-0.001015,-0.001311,0.005310,-0.986565,-0.015565,-0.162628,0.000000,0.000000,0.000000,-1,-0.985306,-0.013199,-0.156357,-0.003096,0.035972,-0.004372,-18.633942,221.146301,-563.096863,0,0
3.160000,-1.406726,0.015191,0.038634,0.163793,-0.008666,0.986457,-0.038620,0.999139,0.015190,-0.985739,-0.040585,0.163317,0.018284,-0.646535,0.009819,0.762602,0.016789,0.032240,0.007886,0.002082,0.004418,0.004946,-0.986457,-0.015190,-0.163317,0.000000,0.000000,0.000000,-1,-0.985992,-0.010788,-0.162430,-0.009477,0.040191,-0.006469,-17.754990,220.970505,-562.258911,0,0
3.200000,-1.405392,0.014932,0.039387,0.165103,-0.008233,0.986242,-0.039372,0.999113,0.014932,-0.985490,-0.041296,0.164633,0.018423,-0.646022,0.010203,0.763028,0.011432,0.023738,0.004764,-0.000147,0.001519,0.000769,-0.986242,-0.014932,-0.164633,0.000000,0.000000,0.000000,-1,-0.986206,-0.015747,-0.158905,-0.015894,0.030660,-0.006384,-18.985519,221.497879,-563.432007,0,0
3.240000,-1.404853,0.014744,0.039618,0.165629,-0.007987,0.986156,-0.039604,0.999107,0.014743,-0.985393,-0.041497,0.165165,0.018423,-0.645816,0.010357,0.763201,0.002949,0.030153,0.011197,0.001445,0.000873,0.006412,-0.986156,-0.014743,-0.165165,0.000000,0.000000,0.000000,-1,-0.982330,-0.010956,-0.161118,-0.012653,0.039211,0.002082,-17.930771,221.497879,-563.767212,0,0
3.280000,-1.404172,0.014238,0.039993,0.166283,-0.007398,0.986050,-0.039979,0.999099,0.014238,-0.985267,-0.041788,0.165837,0.018347,-0.645558,0.010669,0.763417,0.017858,0.032281,0.016427,0.003720,0.003282,0.004720,-0.986050,-0.014238,-0.165837,0.000000,0.000000,0.000000,-1,-0.990616,-0.012192,-0.160446,0.001217,0.043503,0.008350,-17.754990,221.673676,-562.594116,0,0
3.320000,-1.403110,0.013214,0.041758,0.167300,-0.006050,0.985887,-0.041742,0.999041,0.013214,-0.985022,-0.043363,0.166887,0.018520,-0.645146,0.011683,0.763746,0.041270,0.023846,0.021603,-0.006682,-0.007004,0.012484,-0.985887,-0.013214,-0.166887,0.000000,0.000000,0.000000,-1,-0.998520,-0.021820,-0.154831,0.025792,0.066857,0.014464,-18.458145,221.673676,-563.599609,0,0
3.360000,-1.401297,0.012821,0.043503,0.169079,-0.005289,0.985588,-0.043486,0.998972,0.012821,-0.984643,-0.045027,0.168675,0.018921,-0.644441,0.012494,0.764318,0.060748,0.111923,0.040296,-0.026497,0.002704,0.006840,-0.985588,-0.012821,-0.168675,0.000000,0.000000,0.000000,-1,-0.989136,0.028000,-0.169449,0.033421,0.093689,0.052656,-20.391861,220.091553,-564.437561,0,0
3.400000,-1.398743,0.010098,0.045437,0.171481,-0.002162,0.985185,-0.045419,0.998917,0.010098,-0.984140,-0.046478,0.171197,0.018486,-0.643475,0.014134,0.765114,0.029876,0.093101,0.066181,-0.003951,0.038098,0.001748,-0.985185,-0.010098,-0.171197,0.000000,0.000000,0.000000,-1,-0.952560,0.069443,-0.168777,-0.085966,0.058649,0.040929,-17.579193,221.497879,-562.426514,0,0
3.440000,-1.396713,0.006934,0.043328,0.173339,0.000680,0.984862,-0.043314,0.999037,0.006933,-0.983909,-0.043860,0.173202,0.016583,-0.642747,0.014363,0.765764,-0.108922,0.012224,0.026046,0.032302,0.076376,0.004424,-0.984862,-0.006933,-0.173202,0.000000,0.000000,0.000000,-1,-0.937180,0.019257,-0.123138,-0.145915,-0.008515,-0.007359,-17.754990,222.025269,-562.258911,0,0
3.480000,-1.399307,0.003961,0.035972,0.170680,0.002237,0.985324,-0.035964,0.999345,0.003961,-0.984670,-0.036112,0.170649,0.013096,-0.643820,0.012485,0.764963,-0.217811,-0.045365,-0.017628,0.048190,0.034493,0.073847,-0.985324,-0.003961,-0.170649,0.000000,0.000000,0.000000,-1,-0.945068,0.048828,-0.072510,-0.271626,0.000674,-0.046901,-19.337112,220.443130,-564.102417,0,0
3.520000,-1.400514,0.002760,0.026292,0.169474,0.001736,0.985533,-0.026288,0.999651,0.002760,-0.985184,-0.026376,0.169460,0.009526,-0.644344,0.009163,0.764622,-0.230285,0.081429,-0.049960,0.029234,0.051848,0.094570,-0.985533,-0.002760,-0.169460,0.000000,0.000000,0.000000,-1,-1.016068,0.032806,-0.096573,-0.297990,0.103210,-0.069453,-19.161316,220.970505,-563.934814,0,0
3.560000,-1.397635,0.003181,0.012709,0.172323,-0.000944,0.985040,-0.012709,0.999914,0.003181,-0.984958,-0.013067,0.172296,0.005306,-0.643291,0.003842,0.765593,-0.243284,0.033477,-0.080571,-0.076865,0.015174,0.056421,-0.985040,-0.003181,-0.172296,0.000000,0.000000,0.000000,-1,-1.032211,0.020859,-0.085739,-0.243151,-0.033857,-0.115173,-18.458145,220.970505,-564.605164,0,0
3.600000,-1.401935,0.005529,0.006173,0.168091,-0.004412,0.985762,-0.006172,0.999966,0.005529,-0.985752,-0.007014,0.168058,0.004103,-0.644945,0.000576,0.764218,-0.166453,-0.157047,-0.176303,-0.035265,0.019811,0.096433,-0.985762,-0.005529,-0.168057,0.000000,0.000000,0.000000,-1,-1.065460,-0.019150,-0.047897,-0.171763,-0.234520,-0.280099,-16.524445,221.146301,-563.767212,0,0
3.640000,-1.412986,0.015295,-0.001435,0.157134,-0.015330,0.987458,0.001435,0.999882,0.015295,-0.987576,-0.000987,0.157138,0.005351,-0.649155,-0.005510,0.760617,-0.144649,-0.224051,-0.318975,-0.089202,-0.027659,0.118548,-0.987458,-0.015295,-0.157138,0.000000,0.000000,0.000000,-1,-1.065918,-0.094925,-0.026642,-0.129782,-0.043280,-0.330146,-17.051819,219.212585,-564.605164,0,0
3.680000,-1.412869,0.030921,-0.010909,0.156929,-0.032246,0.987083,0.010903,0.999462,0.030917,-0.987550,0.005911,0.157196,0.008220,-0.649103,-0.014184,0.760524,-0.234591,0.296201,-0.297864,-0.061974,-0.072202,0.061112,-0.987083,-0.030917,-0.157196,0.000000,0.000000,0.000000,-1,-1.071976,-0.055069,-0.213882,-0.346752,0.355376,-0.290541,-16.524445,220.091553,-565.443115,0,0
3.720000,-1.402555,0.037697,-0.021206,0.166623,-0.040698,0.985180,0.021189,0.999065,0.037688,-0.985793,0.014596,0.167330,0.007559,-0.645196,-0.020259,0.763711,-0.285646,0.279652,-0.255859,-0.086795,-0.017381,-0.046553,-0.985180,-0.037688,-0.167330,0.000000,0.000000,0.000000,-1,-0.959656,-0.067307,-0.261871,-0.136568,0.076489,-0.206965,-16.524445,220.091553,-565.443115,0,0
3.760000,-1.399180,0.043012,-0.026367,0.169599,-0.046855,0.984399,0.026339,0.998728,0.042999,-0.985161,0.018636,0.170617,0.007965,-0.643916,-0.023930,0.764680,-0.037182,0.015564,-0.173684,0.024743,-0.024307,-0.091254,-0.984399,-0.042999,-0.170617,0.000000,0.000000,0.000000,-1,-0.866959,-0.076340,-0.254684,0.007073,0.037344,-0.199410,-17.051819,218.157837,-565.945862,0,0
3.800000,-1.397725,0.050861,-0.026815,0.170804,-0.054679,0.983787,0.026777,0.998348,0.050839,-0.984941,0.017659,0.171986,0.010842,-0.643342,-0.026618,0.765039,0.027751,0.058431,-0.232941,0.116828,-0.025501,-0.082698,-0.983787,-0.050839,-0.171986,0.000000,0.000000,0.000000,-1,-0.859909,-0.086884,-0.236160,-0.019797,0.006044,-0.263004,-17.051819,217.806259,-565.275513,0,0
3.840000,-1.396526,0.062380,-0.028992,0.171537,-0.066396,0.982938,0.028931,0.997636,0.062340,-0.984753,0.017744,0.173052,0.014570,-0.642854,-0.031144,0.765216,-0.023201,0.075774,-0.191064,0.125867,-0.041527,-0.030988,-0.982938,-0.062340,-0.173052,0.000000,0.000000,0.000000,-1,-0.873215,-0.074875,-0.228271,-0.047899,0.142498,-0.168484,-17.930771,218.333633,-565.107910,0,0
3.880000,-1.391323,0.066307,-0.030773,0.176421,-0.070655,0.981776,0.030701,0.997330,0.066258,-0.983836,0.018452,0.178119,0.015586,-0.640857,-0.033046,0.766790,-0.052399,0.218396,-0.116799,0.108561,-0.008617,-0.050152,-0.981776,-0.066258,-0.178119,0.000000,0.000000,0.000000,-1,-0.933945,-0.009033,-0.235947,-0.094439,0.200206,-0.114008,-16.524445,217.630463,-565.443115,0,0
3.920000,-1.382106,0.068174,-0.034546,0.185150,-0.073351,0.979969,0.034459,0.997082,0.068121,-0.982106,0.021156,0.187137,0.015256,-0.637337,-0.035020,0.769638,-0.090927,0.136000,-0.094877,0.046024,0.059088,-0.048810,-0.979969,-0.068121,-0.187137,0.000000,0.000000,0.000000,-1,-1.086685,-0.055191,-0.158035,-0.176781,0.072179,-0.101171,-14.766525,216.224121,-567.118958,0,0
3.960000,-1.379781,0.070140,-0.044756,0.186588,-0.077233,0.979398,0.044631,0.996542,0.070082,-0.981424,0.030635,0.189389,0.012805,-0.636507,-0.039559,0.770149,-0.298969,0.013010,-0.111973,-0.130359,-0.013444,0.030759,-0.979398,-0.070082,-0.189389,0.000000,0.000000,0.000000,-1,-1.016113,-0.105331,-0.175934,-0.364376,0.008638,-0.103739,-15.469681,216.927292,-566.783813,0,0
4.000000,-1.377574,0.069931,-0.058522,0.187682,-0.079687,0.978992,0.058346,0.995848,0.069874,-0.980495,0.044006,0.191553,0.008392,-0.635730,-0.044783,0.770565,-0.314418,0.120726,-0.032358,0.011814,-0.002987,0.000223,-0.978992,-0.069874,-0.191553,0.000000,0.000000,0.000000,-1,-0.903015,-0.031342,-0.222427,-0.216902,0.189694,-0.107692,-16.172852,215.872543,-567.454163,0,0
4.040000,-1.366798,0.074624,-0.068242,0.197137,-0.086653,0.976539,0.067999,0.994896,0.074554,-0.978015,0.051706,0.202023,0.007383,-0.631612,-0.049976,0.773637,-0.100786,0.127659,-0.195972,0.112464,-0.033814,-0.046528,-0.976539,-0.074554,-0.202023,0.000000,0.000000,0.000000,-1,-0.875702,-0.165100,-0.245148,-0.159824,0.142053,-0.218749,-15.293900,215.345169,-566.281006,0,0
4.080000,-1.360479,0.079688,-0.074865,0.202363,-0.093247,0.974861,0.074558,0.994034,0.079604,-0.976468,0.056575,0.208108,0.007426,-0.629199,-0.054108,0.775323,-0.253654,0.297993,-0.219928,0.063469,-0.105729,-0.046180,-0.974861,-0.079604,-0.208108,0.000000,0.000000,0.000000,-1,-1.023346,-0.195801,-0.288818,-0.352755,0.429069,-0.224721,-15.118103,215.520966,-568.459717,0,0
4.120000,-1.346850,0.085538,-0.085578,0.214146,-0.101977,0.971464,0.085162,0.992698,0.085433,-0.973082,0.064436,0.221267,0.006738,-0.623956,-0.060048,0.779120,-0.325782,0.384904,-0.215442,-0.051882,-0.110367,-0.067551,-0.971464,-0.085433,-0.221267,0.000000,0.000000,0.000000,-1,-0.947083,-0.168198,-0.147110,-0.284379,0.146340,-0.215669,-14.942307,216.399918,-568.627258,0,0
4.160000,-1.342301,0.093490,-0.096483,0.216699,-0.112326,0.969755,0.095913,0.991002,0.093354,-0.971515,0.072782,0.225523,0.006594,-0.622250,-0.066748,0.779940,-0.131150,-0.074425,-0.172630,0.022672,-0.074843,0.078413,-0.969755,-0.093354,-0.225523,0.000000,0.000000,0.000000,-1,-0.895233,-0.187149,-0.060593,-0.124032,-0.031231,-0.172569,-14.590729,214.641998,-567.956909,0,0
4.200000,-1.342564,0.103420,-0.104447,0.214539,-0.123599,0.968863,0.103700,0.989236,0.103236,-0.971195,0.078323,0.225047,0.007993,-0.622425,-0.072924,0.779234,-0.193914,0.298350,-0.176752,0.043311,-0.108755,0.142604,-0.968863,-0.103236,-0.225047,0.000000,0.000000,0.000000,-1,-1.053879,-0.213028,-0.116486,-0.208603,0.177362,-0.181217,-15.293900,214.993576,-569.297607,0,0
4.240000,-1.336096,0.107000,-0.110954,0.219621,-0.128979,0.967022,0.110093,0.988167,0.106796,-0.969353,0.083008,0.231222,0.007616,-0.619944,-0.076541,0.780866,-0.147732,0.052893,-0.146361,-0.086857,-0.106232,0.114736,-0.967022,-0.106796,-0.231222,0.000000,0.000000,0.000000,-1,-0.990219,-0.252686,-0.048019,-0.063961,0.093989,-0.145805,-14.414932,215.520966,-570.135559,0,0
