0.000000,2.764559,-0.622671,2.053794,0.621969,-0.723680,-0.299068,-0.719399,-0.377272,-0.583207,0.309225,0.577886,-0.755266,-0.829835,0.434749,-0.003060,0.349796,0.003296,0.008529,-0.011447,-0.001552,-0.000215,-0.006365,0.299068,0.583207,0.755267,0.000000,0.000000,0.000000,-1,0.296280,0.582794,0.753021,-0.021290,0.019922,-0.022281,52.737595,222.904221,-474.610229,0,0
0.040000,2.765138,-0.622874,2.054109,0.622071,-0.723791,-0.298588,-0.719176,-0.377444,-0.583371,0.309539,0.577635,-0.755330,-0.829886,0.434688,-0.003299,0.349749,0.002262,0.014924,-0.007202,-0.001240,-0.002988,-0.000966,0.298588,0.583372,0.755330,0.000000,0.000000,0.000000,-1,0.302063,0.578903,0.756149,-0.023421,0.016775,-0.019057,53.440765,223.958969,-475.615723,0,0
0.080000,2.765474,-0.622757,2.054392,0.622141,-0.723825,-0.298359,-0.719129,-0.377679,-0.583277,0.309507,0.577439,-0.755493,-0.829957,0.434647,-0.003358,0.349632,-0.005251,-0.003091,-0.008140,0.000027,-0.003031,-0.000839,0.298359,0.583277,0.755493,0.000000,0.000000,0.000000,-1,0.298538,0.580322,0.753021,-0.027709,0.007244,-0.018988,53.792358,223.958969,-474.275024,0,0
0.120000,2.765532,-0.622704,2.054746,0.622365,-0.723646,-0.298326,-0.719023,-0.377948,-0.583234,0.309303,0.577488,-0.755539,-0.830038,0.434519,-0.003306,0.349599,-0.001035,-0.004148,0.000387,-0.002397,-0.000287,-0.004517,0.298326,0.583234,0.755539,0.000000,0.000000,0.000000,-1,0.297043,0.579010,0.751068,-0.026610,0.010509,-0.009421,51.858643,222.376846,-474.777802,0,0
0.160000,2.765460,-0.622658,2.054589,0.622262,-0.723708,-0.298390,-0.719106,-0.377848,-0.583197,0.309318,0.577475,-0.755543,-0.830008,0.434578,-0.003291,0.349597,-0.000999,0.003315,0.005685,0.000194,-0.002722,-0.006275,0.298390,0.583197,0.755543,0.000000,0.000000,0.000000,-1,0.298523,0.581238,0.753891,-0.024465,0.010568,-0.003046,53.089188,224.662140,-474.610229,0,0
0.200000,2.765246,-0.622429,2.054124,0.621931,-0.723905,-0.298601,-0.719399,-0.377576,-0.583011,0.309300,0.577406,-0.755603,-0.829926,0.434769,-0.003223,0.349554,-0.002071,0.000147,0.006771,-0.000643,-0.003970,0.000150,0.298601,0.583011,0.755603,0.000000,0.000000,0.000000,-1,0.300079,0.574615,0.757523,-0.026626,0.005214,-0.009401,53.440765,223.607391,-473.939850,0,0
0.240000,2.765036,-0.621970,2.054072,0.621836,-0.723881,-0.298859,-0.719656,-0.377662,-0.582637,0.308892,0.577381,-0.755789,-0.829953,0.434825,-0.003022,0.349423,-0.005312,-0.010483,0.002576,0.000946,-0.007961,-0.000754,0.298859,0.582637,0.755789,0.000000,0.000000,0.000000,-1,0.296844,0.580292,0.752426,-0.030913,-0.003268,-0.010401,52.913391,223.431595,-474.107422,0,0
0.280000,2.764579,-0.621712,2.054019,0.621871,-0.723686,-0.299259,-0.719809,-0.377694,-0.582427,0.308466,0.577604,-0.755792,-0.829963,0.434807,-0.002773,0.349422,-0.001106,-0.006330,0.002567,-0.001377,-0.003616,-0.004923,0.299259,0.582427,0.755793,0.000000,0.000000,0.000000,-1,0.296814,0.582230,0.752457,-0.024505,0.004134,-0.011544,51.858643,223.783188,-474.777802,0,0
0.320000,2.764713,-0.621736,2.054005,0.621826,-0.723768,-0.299153,-0.719802,-0.377678,-0.582447,0.308573,0.577512,-0.755819,-0.829958,0.434832,-0.002838,0.349403,-0.000015,0.002145,0.002526,-0.002705,-0.001820,0.000422,0.299153,0.582447,0.755819,0.000000,0.000000,0.000000,-1,0.297974,0.579636,0.760406,-0.025543,0.010519,-0.008364,54.143936,225.013733,-472.934326,0,0
0.360000,2.764968,-0.621654,2.054017,0.621734,-0.723920,-0.298978,-0.719840,-0.377708,-0.582381,0.308671,0.577302,-0.755940,-0.829967,0.434885,-0.002920,0.349316,0.001056,0.006363,0.000370,-0.001813,-0.003096,0.000774,0.298978,0.582381,0.755940,0.000000,0.000000,0.000000,-1,0.295441,0.581772,0.750153,-0.022356,0.011538,-0.012654,54.495514,224.662140,-474.945374,0,0
0.400000,2.765185,-0.621839,2.054026,0.621723,-0.724013,-0.298774,-0.719741,-0.377665,-0.582531,0.308924,0.577212,-0.755905,-0.829954,0.434890,-0.003057,0.349340,0.005330,0.011648,-0.000749,0.000024,0.000202,-0.004074,0.298774,0.582531,0.755905,0.000000,0.000000,0.000000,-1,0.299332,0.581726,0.755035,-0.019119,0.022168,-0.008457,53.968140,224.837936,-475.448151,0,0
0.440000,2.765545,-0.621982,2.053806,0.621490,-0.724338,-0.298471,-0.719750,-0.377468,-0.582647,0.309370,0.576933,-0.755935,-0.829893,0.435022,-0.003283,0.349316,0.004217,0.011553,0.002503,0.000128,-0.004522,-0.002715,0.298471,0.582647,0.755935,0.000000,0.000000,0.000000,-1,0.298340,0.577789,0.754135,-0.023399,0.018952,-0.012673,53.089188,224.662140,-473.939850,0,0
0.480000,2.765992,-0.621785,2.053831,0.621317,-0.724608,-0.298175,-0.719842,-0.377539,-0.582487,0.309502,0.576548,-0.756175,-0.829914,0.435120,-0.003412,0.349143,0.002040,0.003011,-0.004904,0.002164,-0.004606,0.005422,0.298175,0.582487,0.756175,0.000000,0.000000,0.000000,-1,0.299667,0.580353,0.756409,-0.023435,0.010440,-0.016903,53.089188,221.497879,-474.945374,0,0
0.520000,2.766141,-0.621744,2.053971,0.621362,-0.724612,-0.298071,-0.719811,-0.377651,-0.582454,0.309486,0.576469,-0.756242,-0.829948,0.435094,-0.003438,0.349095,-0.000087,0.004071,-0.004891,-0.000128,-0.001658,-0.001465,0.298071,0.582454,0.756242,0.000000,0.000000,0.000000,-1,0.296860,0.579697,0.755280,-0.023407,0.018923,-0.015869,53.089188,223.958969,-474.945374,0,0
0.560000,2.766495,-0.621895,2.054050,0.621349,-0.724746,-0.297772,-0.719703,-0.377666,-0.582576,0.309762,0.576290,-0.756265,-0.829952,0.435100,-0.003612,0.349076,0.006325,0.009394,-0.001764,-0.000210,-0.001247,-0.004953,0.297772,0.582576,0.756265,0.000000,0.000000,0.000000,-1,0.299591,0.578781,0.757416,-0.021289,0.011547,-0.011597,52.034439,222.552643,-475.280579,0,0
0.600000,2.766464,-0.621857,2.053963,0.621286,-0.724788,-0.297803,-0.719756,-0.377614,-0.582545,0.309767,0.576273,-0.756277,-0.829936,0.435137,-0.003604,0.349068,-0.003344,-0.002370,-0.001582,0.001376,-0.002910,-0.014165,0.297803,0.582545,0.756277,0.000000,0.000000,0.000000,-1,0.300598,0.575989,0.758591,-0.028766,0.005175,-0.013646,52.913391,224.134766,-474.107422,0,0
0.640000,2.766255,-0.621611,2.054050,0.621349,-0.724647,-0.298014,-0.719849,-0.377744,-0.582346,0.309422,0.576365,-0.756348,-0.829976,0.435102,-0.003436,0.349019,-0.001247,-0.010864,-0.003697,-0.002054,-0.003778,-0.006134,0.298014,0.582346,0.756347,0.000000,0.000000,0.000000,-1,0.297424,0.582504,0.754135,-0.023455,0.001986,-0.014740,53.264984,224.134766,-474.442627,0,0
0.680000,2.766060,-0.621717,2.054105,0.621477,-0.724486,-0.298138,-0.719774,-0.377754,-0.582432,0.309341,0.576560,-0.756232,-0.829979,0.435029,-0.003374,0.349103,0.000927,-0.002322,0.003711,-0.003186,0.000011,-0.002295,0.298138,0.582432,0.756232,0.000000,0.000000,0.000000,-1,0.298065,0.582672,0.750763,-0.020191,0.019001,-0.007372,51.507065,224.134766,-474.107422,0,0
0.720000,2.766088,-0.621733,2.053719,0.621193,-0.724740,-0.298114,-0.719912,-0.377473,-0.582444,0.309591,0.576426,-0.756232,-0.829894,0.435191,-0.003457,0.349102,-0.000124,0.004013,0.001565,0.001828,-0.005906,-0.002127,0.298114,0.582444,0.756232,0.000000,0.000000,0.000000,-1,0.301514,0.578659,0.756287,-0.025548,0.010499,-0.010494,53.089188,222.904221,-475.950928,0,0
0.760000,2.765750,-0.621469,2.053603,0.621143,-0.724654,-0.298426,-0.720092,-0.377460,-0.582230,0.309271,0.576542,-0.756274,-0.829891,0.435221,-0.003267,0.349074,-0.002361,-0.015170,0.000666,-0.000269,-0.000824,0.001905,0.298426,0.582230,0.756274,0.000000,0.000000,0.000000,-1,0.298309,0.582916,0.755539,-0.022398,-0.003280,-0.011533,52.034439,224.310562,-473.939850,0,0
0.800000,2.765215,-0.621468,2.053385,0.621151,-0.724481,-0.298830,-0.720174,-0.377303,-0.582230,0.309064,0.576862,-0.756114,-0.829845,0.435218,-0.003083,0.349189,0.000874,-0.008737,0.009139,-0.004244,-0.001099,-0.001583,0.298830,0.582230,0.756114,0.000000,0.000000,0.000000,-1,0.297348,0.580673,0.751572,-0.026614,0.004214,-0.003005,53.264984,222.376846,-474.777802,0,0
0.840000,2.764754,-0.621413,2.052908,0.620933,-0.724518,-0.299191,-0.720383,-0.376975,-0.582184,0.309016,0.577029,-0.756007,-0.829746,0.435344,-0.002960,0.349268,0.003032,-0.000255,0.010156,-0.002285,-0.001572,-0.004405,0.299191,0.582184,0.756007,0.000000,0.000000,0.000000,-1,0.300613,0.583084,0.752975,-0.019145,0.008458,-0.002014,52.913391,225.189514,-474.107422,0,0
0.880000,2.764413,-0.621503,2.052234,0.620574,-0.724727,-0.299430,-0.720590,-0.376465,-0.582258,0.309253,0.577100,-0.755856,-0.829592,0.435551,-0.002960,0.349376,0.004122,0.007168,0.011185,0.002557,-0.002286,-0.002392,0.299430,0.582258,0.755856,0.000000,0.000000,0.000000,-1,0.297562,0.575607,0.756256,-0.023397,0.011627,-0.003058,52.913391,223.783188,-473.772278,0,0
0.920000,2.764364,-0.621228,2.051900,0.620274,-0.724945,-0.299526,-0.720858,-0.376298,-0.582034,0.309232,0.576936,-0.755990,-0.829542,0.435723,-0.002925,0.349280,-0.001282,-0.003550,0.007057,-0.002117,-0.004122,-0.000299,0.299526,0.582034,0.755990,0.000000,0.000000,0.000000,-1,0.299225,0.579910,0.754974,-0.023419,0.005262,-0.004099,52.386017,223.958969,-474.610229,0,0
0.960000,2.763909,-0.621138,2.051377,0.620012,-0.725018,-0.299889,-0.721101,-0.375945,-0.581961,0.309191,0.577073,-0.755902,-0.829436,0.435874,-0.002804,0.349344,0.005121,-0.000355,0.009126,-0.001015,-0.001471,-0.003094,0.299889,0.581961,0.755902,0.000000,0.000000,0.000000,-1,0.299576,0.580276,0.753113,-0.019135,0.011636,-0.002026,52.210220,223.431595,-475.112976,0,0
1.000000,2.763742,-0.621067,2.050996,0.619768,-0.725169,-0.300030,-0.721281,-0.375690,-0.581903,0.309259,0.577051,-0.755891,-0.829359,0.436014,-0.002782,0.349352,0.000869,0.003862,0.007013,-0.000576,-0.004312,-0.001603,0.300030,0.581903,0.755891,0.000000,0.000000,0.000000,-1,0.296371,0.581284,0.753586,-0.023413,0.010518,-0.008380,53.089188,223.958969,-474.945374,0,0
1.040000,2.764020,-0.621179,2.050815,0.619581,-0.725426,-0.299796,-0.721291,-0.375529,-0.581994,0.309612,0.576832,-0.755913,-0.829310,0.436120,-0.002959,0.349334,0.005130,0.008060,0.002702,-0.001608,-0.000482,-0.002938,0.299796,0.581994,0.755914,0.000000,0.000000,0.000000,-1,0.298553,0.581238,0.752197,-0.018062,0.019000,-0.007388,54.143936,223.607391,-474.945374,0,0
1.080000,2.764114,-0.621383,2.050530,0.619399,-0.725628,-0.299681,-0.721292,-0.375268,-0.582160,0.309972,0.576747,-0.755831,-0.829231,0.436224,-0.003103,0.349392,0.007239,0.010116,0.005955,0.000475,0.000268,-0.003344,0.299681,0.582160,0.755831,0.000000,0.000000,0.000000,-1,0.302795,0.580200,0.751328,-0.019117,0.021128,-0.006323,53.089188,224.662140,-473.269501,0,0
1.120000,2.764038,-0.621430,2.050093,0.619118,-0.725849,-0.299728,-0.721432,-0.374940,-0.582199,0.310208,0.576683,-0.755783,-0.829132,0.436384,-0.003160,0.349426,0.001925,0.012244,0.007054,0.002716,-0.004638,-0.004745,0.299728,0.582199,0.755783,0.000000,0.000000,0.000000,-1,0.300522,0.578278,0.755554,-0.021260,0.015843,-0.005221,52.034439,223.255798,-473.269501,0,0
1.160000,2.763958,-0.621217,2.049657,0.618769,-0.726102,-0.299835,-0.721706,-0.374683,-0.582025,0.310266,0.576532,-0.755874,-0.829055,0.436584,-0.003146,0.349361,0.001886,0.001632,0.004965,0.001145,-0.001566,-0.001007,0.299835,0.582025,0.755874,0.000000,0.000000,0.000000,-1,0.300903,0.579681,0.753952,-0.024479,0.009469,-0.007303,52.737595,224.310562,-475.615723,0,0
1.200000,2.763565,-0.621083,2.049283,0.618584,-0.726125,-0.300160,-0.721915,-0.374450,-0.581916,0.310149,0.576654,-0.755829,-0.828985,0.436691,-0.003012,0.349395,-0.000262,-0.003674,0.003937,0.001247,-0.002372,-0.001526,0.300160,0.581916,0.755829,0.000000,0.000000,0.000000,-1,0.299454,0.580429,0.754288,-0.023424,0.005242,-0.006230,52.561813,223.431595,-474.777802,0,0
1.240000,2.763333,-0.621053,2.049095,0.618511,-0.726112,-0.300342,-0.722001,-0.374321,-0.581892,0.310094,0.576754,-0.755775,-0.828946,0.436733,-0.002941,0.349433,0.000775,-0.003748,0.003995,-0.001422,-0.000227,-0.002770,0.300342,0.581892,0.755776,0.000000,0.000000,0.000000,-1,0.299683,0.580826,0.752441,-0.026625,0.003125,-0.006197,52.561813,223.080017,-474.777802,0,0
1.280000,2.763040,-0.620908,2.048896,0.618419,-0.726086,-0.300595,-0.722150,-0.374216,-0.581774,0.309930,0.576854,-0.755766,-0.828915,0.436787,-0.002816,0.349441,-0.003484,-0.003747,0.004027,-0.000241,-0.002764,-0.000654,0.300595,0.581774,0.755766,0.000000,0.000000,0.000000,-1,0.300247,0.577972,0.756363,-0.027701,0.000987,-0.008311,52.210220,222.728424,-474.107422,0,0
1.320000,2.762501,-0.620615,2.048762,0.618411,-0.725898,-0.301065,-0.722352,-0.374198,-0.581536,0.309478,0.577103,-0.755762,-0.828910,0.436793,-0.002537,0.349446,-0.004574,-0.010121,0.001929,-0.000757,-0.003182,-0.007135,0.301065,0.581536,0.755762,0.000000,0.000000,0.000000,-1,0.299225,0.582123,0.753662,-0.026626,0.006263,-0.010470,53.616562,223.783188,-474.107422,0,0
1.360000,2.762346,-0.620615,2.048687,0.618404,-0.725855,-0.301182,-0.722380,-0.374144,-0.581536,0.309425,0.577192,-0.755715,-0.828894,0.436797,-0.002486,0.349480,-0.001364,-0.006925,0.004023,-0.002324,0.000251,0.000556,0.301182,0.581536,0.755715,0.000000,0.000000,0.000000,-1,0.300247,0.576187,0.753174,-0.025561,0.006263,-0.010478,52.913391,223.080017,-474.107422,0,0
1.400000,2.761927,-0.620236,2.048822,0.618530,-0.725582,-0.301581,-0.722525,-0.374343,-0.581228,0.308834,0.577406,-0.755793,-0.828955,0.436726,-0.002187,0.349426,-0.005694,-0.014485,-0.004375,-0.001746,-0.003972,-0.002696,0.301581,0.581228,0.755793,0.000000,0.000000,0.000000,-1,0.301010,0.578491,0.752930,-0.026688,-0.006535,-0.020010,52.913391,223.431595,-474.777802,0,0
1.440000,2.761657,-0.620280,2.049104,0.618830,-0.725246,-0.301775,-0.722396,-0.374535,-0.581263,0.308534,0.577704,-0.755688,-0.829013,0.436556,-0.002038,0.349502,-0.002499,-0.012387,-0.006539,-0.003237,-0.000834,-0.005261,0.301775,0.581263,0.755688,0.000000,0.000000,0.000000,-1,0.296265,0.583405,0.754227,-0.024523,0.005115,-0.020070,52.561813,223.783188,-474.107422,0,0
1.480000,2.761983,-0.620616,2.049364,0.619008,-0.725226,-0.301457,-0.722126,-0.374633,-0.581537,0.308810,0.577665,-0.755605,-0.829043,0.436453,-0.002217,0.349560,0.005033,0.008844,-0.001351,-0.004444,0.004172,-0.000356,0.301457,0.581537,0.755605,0.000000,0.000000,0.000000,-1,0.301575,0.577866,0.749680,-0.019103,0.028513,-0.009547,52.386017,223.958969,-475.280579,0,0
1.520000,2.762369,-0.620877,2.049187,0.618598,-0.725760,-0.301014,-0.722168,-0.374262,-0.581723,0.309533,0.577235,-0.755638,-0.828930,0.436686,-0.002569,0.349535,0.004010,0.017375,0.005017,0.003032,-0.003903,-0.002723,0.301014,0.581723,0.755638,0.000000,0.000000,0.000000,-1,0.301804,0.577942,0.754669,-0.018036,0.027473,-0.007420,52.386017,224.662140,-474.610229,0,0
1.560000,2.762648,-0.620805,2.048476,0.618208,-0.726134,-0.300913,-0.722361,-0.373941,-0.581690,0.309861,0.576973,-0.755704,-0.828832,0.436908,-0.002699,0.349487,0.003963,0.009909,0.006140,0.000769,-0.003504,-0.003583,0.300913,0.581690,0.755704,0.000000,0.000000,0.000000,-1,0.299576,0.577667,0.757416,-0.023369,0.024297,-0.007367,53.440765,225.013733,-474.275024,0,0
1.600000,2.763167,-0.620593,2.048381,0.617922,-0.726521,-0.300567,-0.722506,-0.373929,-0.581518,0.310094,0.576493,-0.755974,-0.828828,0.437071,-0.002874,0.349292,0.001846,0.017295,0.002933,-0.002471,-0.005437,0.004203,0.300567,0.581518,0.755974,0.000000,0.000000,0.000000,-1,0.298508,0.576630,0.752609,-0.013779,0.033748,-0.015999,53.616562,223.431595,-474.107422,0,0
1.640000,2.764211,-0.620785,2.048457,0.617704,-0.727049,-0.299736,-0.722378,-0.373932,-0.581674,0.310824,0.575825,-0.756184,-0.828827,0.437192,-0.003345,0.349138,0.009303,0.028835,-0.008887,-0.001793,-0.006006,-0.003696,0.299736,0.581674,0.756184,0.000000,0.000000,0.000000,-1,0.300858,0.573563,0.753311,-0.010590,0.045250,-0.032047,52.913391,223.080017,-474.107422,0,0
1.680000,2.766671,-0.621657,2.049319,0.617796,-0.727812,-0.297689,-0.721605,-0.374321,-0.582383,0.312434,0.574608,-0.756447,-0.828940,0.437130,-0.004447,0.348937,0.018906,0.057192,-0.034634,0.002558,-0.005875,-0.004951,0.297689,0.582383,0.756447,0.000000,0.000000,0.000000,-1,0.296799,0.578201,0.754852,-0.006295,0.074708,-0.053497,53.264984,222.376846,-474.777802,0,0
1.720000,2.769758,-0.622663,2.050652,0.618064,-0.728622,-0.295139,-0.720585,-0.375013,-0.583201,0.314252,0.573128,-0.756816,-0.829140,0.436961,-0.005763,0.348653,0.026397,0.097158,-0.059303,0.000774,-0.002024,-0.001536,0.295139,0.583201,0.756816,0.000000,0.000000,0.000000,-1,0.291428,0.585724,0.758240,0.020386,0.130441,-0.096526,51.155472,224.486343,-475.112976,0,0
1.760000,2.776254,-0.625674,2.053678,0.618995,-0.730057,-0.289588,-0.717889,-0.376374,-0.585644,0.318560,0.570403,-0.757073,-0.829524,0.436378,-0.008731,0.348406,0.062570,0.114849,-0.092675,0.002602,0.002430,-0.001977,0.289588,0.585644,0.757073,0.000000,0.000000,0.000000,-1,0.291031,0.594772,0.747086,0.053340,0.124999,-0.111676,52.210220,222.728424,-475.448151,0,0
1.800000,2.783847,-0.632445,2.057275,0.620891,-0.731248,-0.282436,-0.713008,-0.377091,-0.591119,0.325750,0.568400,-0.755519,-0.829684,0.435183,-0.013051,0.349386,0.087107,0.145354,-0.114286,0.013355,0.006446,-0.024714,0.282436,0.591119,0.755519,0.000000,0.000000,0.000000,-1,0.294037,0.600113,0.731400,0.057696,0.169344,-0.126790,52.737595,223.958969,-474.275024,0,0
1.840000,2.789328,-0.636775,2.059474,0.621772,-0.732425,-0.277405,-0.709911,-0.377453,-0.594606,0.330796,0.566642,-0.754646,-0.829739,0.434575,-0.016087,0.349883,0.080816,0.175005,-0.114346,0.013473,0.007796,-0.021827,0.277405,0.594606,0.754646,0.000000,0.000000,0.000000,-1,0.293152,0.614456,0.734756,0.063064,0.178934,-0.120476,51.858643,224.134766,-475.448151,0,0
1.880000,2.796071,-0.642738,2.061708,0.622600,-0.734079,-0.271105,-0.705926,-0.377360,-0.599389,0.337695,0.564560,-0.753150,-0.829625,0.433933,-0.020066,0.350746,0.095716,0.155063,-0.087722,0.021253,0.014075,-0.020087,0.271105,0.599389,0.753150,0.000000,0.000000,0.000000,-1,0.284973,0.614914,0.726059,0.078040,0.180236,-0.093964,52.210220,225.189514,-475.112976,0,0
1.920000,2.803390,-0.651523,2.062503,0.622748,-0.736600,-0.263828,-0.700957,-0.375420,-0.606398,0.347626,0.562566,-0.750117,-0.828898,0.433575,-0.025274,0.352566,0.112915,0.198517,-0.082688,0.014400,0.019426,-0.032573,0.263828,0.606398,0.750117,0.000000,0.000000,0.000000,-1,0.282745,0.632477,0.717682,0.090944,0.220500,-0.092084,50.452301,224.837936,-475.448151,0,0
1.960000,2.808943,-0.657233,2.062649,0.622220,-0.738923,-0.258524,-0.697839,-0.373881,-0.610929,0.354772,0.560540,-0.748286,-0.828310,0.433643,-0.029050,0.353572,0.123706,0.236692,-0.076521,0.027792,0.019610,-0.029780,0.258524,0.610929,0.748286,0.000000,0.000000,0.000000,-1,0.279907,0.635361,0.722000,0.094179,0.223795,-0.079338,51.331268,225.365311,-474.275024,0,0
2.000000,2.815295,-0.664257,2.062058,0.621083,-0.741996,-0.252384,-0.694259,-0.371435,-0.616474,0.363677,0.558101,-0.745829,-0.827398,0.433968,-0.033628,0.354901,0.111927,0.185059,-0.046402,0.025112,0.021877,-0.024989,0.252384,0.616474,0.745829,0.000000,0.000000,0.000000,-1,0.279663,0.640427,0.715973,0.081426,0.191418,-0.030113,50.628098,224.662140,-474.945374,0,0
2.040000,2.818302,-0.668935,2.060230,0.619656,-0.744255,-0.249221,-0.692384,-0.368806,-0.620151,0.369636,0.556837,-0.743843,-0.826484,0.434563,-0.036424,0.356022,0.102428,0.185371,-0.006890,0.030442,0.020276,-0.027870,0.249221,0.620151,0.743843,0.000000,0.000000,0.000000,-1,0.271240,0.637238,0.722931,0.076227,0.205494,0.002900,50.452301,224.486343,-476.118500,0,0
2.080000,2.822365,-0.674686,2.055084,0.615550,-0.749024,-0.245073,-0.691105,-0.363572,-0.624652,0.378778,0.553876,-0.741451,-0.824708,0.436557,-0.040531,0.357256,0.085492,0.186724,0.026269,0.028258,0.004636,-0.024028,0.245073,0.624652,0.741451,0.000000,0.000000,0.000000,-1,0.265228,0.628098,0.728683,0.065630,0.222442,0.002919,48.870178,224.310562,-476.286072,0,0
2.120000,2.828405,-0.679929,2.049089,0.609847,-0.755440,-0.239578,-0.690355,-0.357909,-0.628738,0.389226,0.548827,-0.739791,-0.822731,0.439328,-0.045473,0.357822,0.087593,0.179242,0.020966,0.036057,0.001267,-0.012451,0.239578,0.628738,0.739791,0.000000,0.000000,0.000000,-1,0.276367,0.635696,0.723846,0.056971,0.169557,0.010641,49.221756,224.310562,-474.610229,0,0
2.160000,2.829407,-0.682515,2.045799,0.607515,-0.757708,-0.238337,-0.690080,-0.354892,-0.630747,0.393338,0.547660,-0.738481,-0.821719,0.440475,-0.047158,0.358519,0.072554,0.130544,0.024467,0.030096,0.013983,-0.018678,0.238337,0.630747,0.738481,0.000000,0.000000,0.000000,-1,0.268539,0.644333,0.723282,0.053669,0.138783,0.004390,49.045975,224.837936,-474.107422,0,0
2.200000,2.830638,-0.685326,2.042931,0.605447,-0.759816,-0.236884,-0.689513,-0.352103,-0.632926,0.397500,0.546538,-0.737083,-0.820767,0.441456,-0.048922,0.359257,0.109882,0.144355,0.030522,0.015817,0.000421,-0.010200,0.236884,0.632926,0.737083,0.000000,0.000000,0.000000,-1,0.247101,0.629562,0.712952,0.081533,0.171915,0.037075,49.221756,225.365311,-474.945374,0,0
2.240000,2.833692,-0.690244,2.036810,0.600586,-0.764648,-0.233686,-0.688867,-0.346474,-0.636725,0.405905,0.543387,-0.734828,-0.818824,0.443782,-0.052581,0.360307,0.076992,0.160469,0.055223,0.007693,-0.003897,-0.033748,0.233686,0.636725,0.734828,0.000000,0.000000,0.000000,-1,0.246490,0.622986,0.701752,0.031566,0.183726,0.053398,49.045975,225.541107,-476.118500,0,0
2.280000,2.837412,-0.690266,2.032156,0.595502,-0.769442,-0.230947,-0.690459,-0.343257,-0.636742,0.410662,0.538640,-0.735678,-0.817685,0.446352,-0.054947,0.359363,-0.012357,0.190141,0.055810,0.006038,-0.041848,-0.011603,0.230947,0.636742,0.735679,0.000000,0.000000,0.000000,-1,0.243668,0.600800,0.734787,-0.049427,0.181382,0.027402,47.991211,225.892685,-475.783325,0,0
2.320000,2.840558,-0.688275,2.030711,0.592684,-0.772193,-0.229006,-0.692089,-0.342821,-0.635206,0.411993,0.534969,-0.737611,-0.817483,0.447802,-0.055961,0.357859,-0.009488,0.090511,0.048709,-0.013705,-0.039152,0.041167,0.229006,0.635206,0.737611,0.000000,0.000000,0.000000,-1,0.187027,0.556396,0.765060,-0.067903,0.022899,0.069687,48.694382,226.244263,-475.448151,0,0
2.360000,2.840215,-0.684481,2.028068,0.590001,-0.773958,-0.229973,-0.695150,-0.342052,-0.632271,0.410689,0.532906,-0.739828,-0.817294,0.449382,-0.055279,0.356413,-0.068220,0.010331,0.081425,-0.061043,-0.080894,0.028894,0.229973,0.632271,0.739828,0.000000,0.000000,0.000000,-1,0.156937,0.548203,0.791229,-0.096573,0.054612,0.062333,48.167007,226.771652,-476.286072,0,0
2.400000,2.844840,-0.679003,2.026484,0.585748,-0.777892,-0.227558,-0.698790,-0.342470,-0.628018,0.410598,0.526876,-0.744185,-0.817374,0.451654,-0.055984,0.353233,-0.044427,0.169891,0.040158,-0.071568,-0.045574,0.105348,0.227558,0.628018,0.744185,0.000000,0.000000,0.000000,-1,0.208328,0.610580,0.849548,-0.072914,0.172776,0.012702,48.870178,226.068481,-474.610229,0,0
2.440000,2.850899,-0.673073,2.026443,0.582027,-0.781677,-0.224108,-0.702136,-0.344074,-0.623392,0.410182,0.520186,-0.749105,-0.817803,0.453598,-0.056882,0.349588,-0.193688,0.056131,0.104594,0.010862,-0.015100,0.082225,0.224108,0.623392,0.749105,0.000000,0.000000,0.000000,-1,0.232086,0.583984,0.807358,-0.343660,-0.050314,0.164783,49.045975,225.892685,-475.112976,0,0
2.480000,2.848075,-0.661778,2.023716,0.578745,-0.782916,-0.228245,-0.709358,-0.345217,-0.614521,0.402324,0.517559,-0.755161,-0.818401,0.455851,-0.053177,0.345820,-0.371720,-0.102758,0.214170,-0.003102,-0.035511,0.044598,0.228245,0.614521,0.755161,0.000000,0.000000,0.000000,-1,0.200348,0.554504,0.794998,-0.431949,-0.110727,0.273291,49.221756,226.771652,-475.615723,0,0
2.520000,2.837547,-0.638094,2.014030,0.570292,-0.785455,-0.240474,-0.725616,-0.344477,-0.595665,0.385030,0.514195,-0.766391,-0.818712,0.461417,-0.044141,0.338904,-0.334129,-0.079535,0.320323,-0.037059,-0.065712,0.032376,0.240474,0.595665,0.766391,0.000000,0.000000,0.000000,-1,0.207962,0.497101,0.793762,-0.315625,-0.058444,0.316937,49.749130,224.134766,-473.437073,0,0
2.560000,2.830082,-0.623666,2.003547,0.561683,-0.789058,-0.248797,-0.736913,-0.340420,-0.584015,0.376126,0.511373,-0.772675,-0.817738,0.466522,-0.038927,0.334884,-0.189251,-0.003851,0.260324,-0.033022,-0.108536,0.024108,0.248797,0.584015,0.772675,0.000000,0.000000,0.000000,-1,0.219666,0.472900,0.806519,-0.162261,0.120768,0.113730,50.803894,224.486343,-474.107422,0,0
2.600000,2.833775,-0.615220,2.000622,0.556081,-0.793444,-0.247427,-0.742363,-0.340307,-0.577138,0.373725,0.504617,-0.778262,-0.817718,0.469541,-0.038613,0.330724,-0.068907,0.205755,0.021041,-0.030570,-0.071797,0.036603,0.247427,0.577138,0.778262,0.000000,0.000000,0.000000,-1,0.230621,0.538635,0.820450,-0.069529,0.254122,-0.010001,50.979675,225.365311,-472.263977,0,0
2.640000,2.844963,-0.612684,2.001552,0.552058,-0.798779,-0.239132,-0.743374,-0.341607,-0.575065,0.377661,0.495234,-0.782378,-0.817931,0.471358,-0.042341,0.327136,-0.001739,0.261621,-0.007387,0.002583,-0.023628,0.035218,0.239132,0.575065,0.782378,0.000000,0.000000,0.000000,-1,0.257278,0.539490,0.811493,0.000764,0.264657,-0.014847,49.221756,223.607391,-472.934326,0,0
2.680000,2.852048,-0.612637,2.001060,0.548963,-0.802543,-0.233591,-0.743566,-0.341253,-0.575027,0.381770,0.489359,-0.784079,-0.817664,0.472722,-0.045306,0.325435,0.037603,0.227925,0.014809,0.031012,-0.044784,0.025583,0.233591,0.575027,0.784079,0.000000,0.000000,0.000000,-1,0.269547,0.487244,0.799591,-0.001605,0.173699,-0.000639,49.045975,223.431595,-473.101929,0,0
2.720000,2.857050,-0.611556,1.999940,0.545919,-0.805696,-0.229840,-0.744513,-0.340678,-0.574142,0.384283,0.484554,-0.785833,-0.817378,0.474141,-0.047237,0.323808,0.006264,0.103723,-0.015369,0.041827,-0.094543,0.010858,0.229840,0.574142,0.785833,0.000000,0.000000,0.000000,-1,0.261246,0.478088,0.799561,-0.028690,0.062014,-0.052211,50.628098,222.201050,-472.934326,0,0
2.760000,2.858050,-0.608025,2.001517,0.546070,-0.805657,-0.229620,-0.745812,-0.342696,-0.571247,0.381539,0.483194,-0.788004,-0.818042,0.474141,-0.046428,0.322246,0.002444,-0.067122,-0.048773,0.029489,-0.070698,0.019857,0.229620,0.571247,0.788004,0.000000,0.000000,0.000000,-1,0.275009,0.511887,0.799133,-0.021721,-0.101066,-0.048458,48.694382,222.728424,-472.096375,0,0
2.800000,2.854832,-0.608295,2.002270,0.547956,-0.803660,-0.232110,-0.745414,-0.343193,-0.571469,0.379608,0.486158,-0.787113,-0.818270,0.473277,-0.045064,0.323129,0.004486,-0.134474,-0.001663,0.047965,-0.060544,0.007900,0.232110,0.571469,0.787113,0.000000,0.000000,0.000000,-1,0.292831,0.481537,0.802155,-0.019409,-0.092012,0.014345,49.397552,224.486343,-471.761200,0,0
2.840000,2.848798,-0.606406,2.000316,0.548264,-0.801971,-0.237167,-0.747063,-0.342185,-0.569918,0.375903,0.489644,-0.786731,-0.818105,0.473361,-0.042396,0.323786,0.003667,-0.074883,0.029023,0.059449,-0.101092,0.022382,0.237167,0.569918,0.786731,0.000000,0.000000,0.000000,-1,0.313339,0.456085,0.833221,-0.028906,-0.056088,0.004696,49.045975,224.134766,-472.096375,0,0
2.880000,2.840793,-0.599247,1.998660,0.548344,-0.799663,-0.244660,-0.751321,-0.342631,-0.564021,0.367199,0.493096,-0.788684,-0.818483,0.473737,-0.037429,0.322889,-0.027735,-0.187702,-0.028876,0.066650,-0.112941,0.052701,0.244660,0.564021,0.788684,0.000000,0.000000,0.000000,-1,0.310135,0.472412,0.826218,-0.053049,-0.251446,-0.046586,50.803894,223.431595,-472.431580,0,0
2.920000,2.831973,-0.598651,2.000008,0.552496,-0.794601,-0.251709,-0.751165,-0.343784,-0.563528,0.361247,0.500422,-0.786815,-0.819008,0.471841,-0.033436,0.324768,-0.034768,-0.411071,-0.016266,0.062668,-0.085150,0.027333,0.251709,0.563528,0.786815,0.000000,0.000000,0.000000,-1,0.297867,0.461807,0.813950,-0.123642,-0.411807,0.020613,50.452301,224.134766,-472.431580,0,0
2.960000,2.814978,-0.591660,2.000234,0.557045,-0.786629,-0.266301,-0.754650,-0.345585,-0.557740,0.346705,0.511650,-0.786136,-0.819873,0.469975,-0.024517,0.326084,-0.202807,-0.345351,-0.013068,0.025447,-0.095246,0.033703,0.266301,0.557740,0.786136,0.000000,0.000000,0.000000,-1,0.309982,0.462616,0.822891,-0.281260,-0.308223,-0.120241,52.034439,222.552643,-472.263977,0,1
3.000000,2.804527,-0.576738,2.010189,0.564662,-0.777370,-0.277224,-0.758621,-0.356582,-0.545293,0.325041,0.518214,-0.791077,-0.823456,0.466324,-0.014517,0.322879,-0.274081,-0.248660,-0.094892,0.051801,-0.006780,0.036438,0.277224,0.545293,0.791077,0.000000,0.000000,0.000000,-1,0.318375,0.540665,0.859421,-0.261836,-0.247571,-0.089725,51.858643,222.728424,-472.096375,0,0
3.040000,2.798729,-0.570357,2.015266,0.568834,-0.772241,-0.282970,-0.759927,-0.361917,-0.539933,0.314547,0.522169,-0.792717,-0.825147,0.464211,-0.009567,0.321792,-0.148693,-0.337559,-0.084874,0.023091,-0.014085,0.081886,0.282970,0.539933,0.792717,0.000000,0.000000,0.000000,-1,0.329376,0.548874,0.973343,-0.067302,-0.235162,-0.232967,52.386017,222.904221,-471.928802,0,0
3.080000,2.795817,-0.572072,2.026159,0.578548,-0.764250,-0.284963,-0.755107,-0.369766,-0.541375,0.308377,0.528389,-0.791018,-0.827546,0.458995,-0.007073,0.323174,0.044124,-0.101587,-0.334409,0.060679,0.030585,0.203840,0.284963,0.541375,0.791018,0.000000,0.000000,0.000000,-1,0.323532,0.668381,1.000076,0.102811,-0.206780,-0.367558,51.155472,221.673676,-473.101929,0,0
3.120000,2.788630,-0.584481,2.042343,0.596179,-0.749303,-0.288296,-0.742981,-0.378856,-0.551767,0.304218,0.543151,-0.782585,-0.830304,0.449319,-0.004794,0.329674,0.200408,-0.565145,-0.292336,-0.010571,0.207312,0.102242,0.288296,0.551767,0.782584,0.000000,0.000000,0.000000,-1,0.265289,0.764999,0.776764,0.204076,-0.606205,-0.263510,50.979675,222.904221,-472.263977,0,0
3.160000,2.772664,-0.593834,2.046558,0.606569,-0.736713,-0.298879,-0.736758,-0.379604,-0.559543,0.298767,0.559603,-0.773035,-0.830543,0.443526,0.000034,0.336872,0.291134,-0.589449,-0.165107,-0.031362,0.185055,-0.043543,0.298879,0.559543,0.773035,0.000000,0.000000,0.000000,-1,0.317276,0.671310,0.700287,0.282885,-0.372854,-0.111590,52.561813,223.080017,-474.442627,0,0
3.200000,2.758984,-0.609343,2.045331,0.613950,-0.727556,-0.306149,-0.729416,-0.374689,-0.572329,0.301691,0.574692,-0.760731,-0.829061,0.439344,0.001344,0.345879,0.272849,-0.044006,-0.054092,0.024829,0.085783,-0.022526,0.306149,0.572329,0.760731,0.000000,0.000000,0.000000,-1,0.357758,0.606934,0.792679,0.295569,-0.158748,0.019609,52.386017,223.958969,-474.275024,0,0
3.240000,2.735429,-0.624834,2.034278,0.617423,-0.718406,-0.320440,-0.725495,-0.362597,-0.584962,0.304050,0.593647,-0.745075,-0.825393,0.437337,0.004965,0.356984,0.407476,-0.668100,0.037759,0.077173,0.013396,0.023358,0.320440,0.584962,0.745075,0.000000,0.000000,0.000000,-1,0.341461,0.631775,0.789734,0.397140,-0.660476,-0.058131,53.089188,223.255798,-473.939850,0,0
3.280000,2.715481,-0.640119,2.030287,0.625108,-0.706644,-0.331503,-0.718838,-0.355691,-0.597291,0.304159,0.611668,-0.730308,-0.823272,0.432871,0.008303,0.367120,0.654567,-0.449000,-0.202545,-0.013831,0.020278,0.034356,0.331503,0.597291,0.730308,0.000000,0.000000,0.000000,-1,0.222000,0.598267,0.550201,0.720208,-0.330017,-0.281332,52.737595,225.013733,-476.286072,0,0
3.320000,2.698011,-0.670597,2.026102,0.636722,-0.693923,-0.336239,-0.703638,-0.344512,-0.621454,0.315402,0.632284,-0.707629,-0.819888,0.426144,0.006354,0.382289,0.698309,-0.410980,-0.213680,-0.144726,-0.014367,-0.226031,0.336239,0.621454,0.707629,0.000000,0.000000,0.000000,-1,0.212845,0.605194,0.379288,0.507431,-0.373324,-0.158073,55.022903,226.244263,-476.118500,0,0
3.360000,2.680824,-0.694826,2.019789,0.645254,-0.683365,-0.341555,-0.692028,-0.333429,-0.640252,0.323641,0.649491,-0.688054,-0.816507,0.421121,0.005485,0.394896,0.346572,0.049085,-0.064597,-0.104189,-0.045052,-0.339040,0.341555,0.640252,0.688054,0.000000,0.000000,0.000000,-1,0.255157,0.590912,0.437775,0.323028,0.207772,-0.089575,54.319733,227.650604,-475.448151,0,0
3.400000,2.686665,-0.705099,2.017210,0.644693,-0.687313,-0.334622,-0.686917,-0.328786,-0.648109,0.335435,0.647689,-0.684093,-0.815103,0.421490,-0.000249,0.397434,0.317447,0.318700,-0.116517,-0.072445,-0.062126,-0.191478,0.334622,0.648109,0.684093,0.000000,0.000000,0.000000,-1,0.288162,0.593094,0.581360,0.248585,0.303423,-0.170321,54.495514,225.365311,-476.956451,0,0
3.440000,2.698721,-0.718329,2.021903,0.647721,-0.690186,-0.322648,-0.677589,-0.328238,-0.658128,0.348325,0.644906,-0.680269,-0.814897,0.419616,-0.007878,0.399754,0.280235,0.118074,-0.279536,0.021926,-0.056001,-0.044985,0.322648,0.658128,0.680269,0.000000,0.000000,0.000000,-1,0.416397,0.577805,0.599304,0.186162,0.128158,-0.225642,54.671310,226.244263,-476.118500,0,0
3.480000,2.705589,-0.728343,2.025675,0.650776,-0.690767,-0.315169,-0.670393,-0.327880,-0.665634,0.356460,0.644465,-0.676462,-0.814727,0.417674,-0.012670,0.402006,0.023196,0.266015,-0.203502,0.123643,-0.083236,-0.085001,0.315169,0.665634,0.676462,0.000000,0.000000,0.000000,-1,0.442413,0.597977,0.633514,-0.053983,0.271399,-0.203010,53.440765,228.529572,-476.621277,0,0
3.520000,2.717359,-0.728968,2.032952,0.651771,-0.693496,-0.307014,-0.667617,-0.332564,-0.666100,0.359836,0.639112,-0.679745,-0.816101,0.416956,-0.016181,0.399832,-0.092988,0.180736,-0.150081,0.116586,-0.068886,-0.027203,0.307014,0.666100,0.679745,0.000000,0.000000,0.000000,-1,0.380630,0.622238,0.671005,-0.080853,0.188783,-0.203557,52.737595,228.177979,-477.291626,0,0
3.560000,2.732491,-0.730872,2.043634,0.654228,-0.695887,-0.296188,-0.662896,-0.339098,-0.667519,0.364081,0.633051,-0.683148,-0.817997,0.415277,-0.020750,0.397486,0.026266,0.257176,-0.242910,0.092606,-0.030358,-0.022488,0.296188,0.667519,0.683148,0.000000,0.000000,0.000000,-1,0.517105,0.625656,0.619125,0.046972,0.218289,-0.217443,51.331268,227.474808,-476.621277,0,0
3.600000,2.725059,-0.726605,2.038971,0.652537,-0.694799,-0.302407,-0.667005,-0.337286,-0.664336,0.359583,0.635211,-0.683526,-0.817519,0.416444,-0.017484,0.397406,-0.218018,-0.094274,0.011784,0.228233,-0.142272,-0.058999,0.302407,0.664336,0.683526,0.000000,0.000000,0.000000,-1,0.368439,0.577789,0.744949,-0.316924,-0.134466,-0.115289,51.682846,226.420059,-476.956451,0,0
3.640000,2.731415,-0.722059,2.050118,0.656782,-0.692158,-0.299257,-0.665877,-0.346089,-0.660931,0.353899,0.633356,-0.688197,-0.820224,0.413922,-0.016655,0.394492,-0.167070,0.136581,-0.335706,-0.002702,-0.042355,0.111226,0.299257,0.660931,0.688197,0.000000,0.000000,0.000000,-1,0.234085,0.939133,0.898102,0.040400,0.052384,-0.519321,52.386017,228.529572,-474.945374,0,0
3.680000,2.749326,-0.733339,2.070002,0.667023,-0.688778,-0.284016,-0.652277,-0.355668,-0.669354,0.360021,0.631731,-0.686513,-0.822983,0.407376,-0.023088,0.395234,0.364527,0.253796,-0.363705,-0.107792,0.327274,0.261714,0.284016,0.669354,0.686513,0.000000,0.000000,0.000000,-1,0.076309,1.072021,0.896042,0.230701,0.352404,-0.142667,51.682846,227.474808,-475.615723,0,0
3.720000,2.763299,-0.740145,2.075914,0.667669,-0.692712,-0.272706,-0.646161,-0.357305,-0.674395,0.369722,0.626485,-0.686165,-0.823277,0.406568,-0.029460,0.395031,-0.272413,-0.084132,-0.037903,-0.084901,0.240857,0.080589,0.272706,0.674395,0.686165,0.000000,0.000000,0.000000,-1,0.164200,0.755936,0.771591,-0.421216,-0.159386,-0.063251,52.561813,228.353775,-476.118500,0,0
3.760000,2.763610,-0.720639,2.089716,0.672397,-0.686287,-0.277295,-0.652469,-0.372643,-0.659865,0.349525,0.624617,-0.698345,-0.828158,0.404136,-0.021804,0.387753,-0.781022,-0.289911,-0.080065,-0.152616,-0.065016,0.063770,0.277295,0.659865,0.698345,0.000000,0.000000,0.000000,-1,0.035645,0.553543,0.796402,-0.875630,-0.301666,-0.224319,52.210220,226.595856,-474.442627,0,0
3.800000,2.765783,-0.682594,2.121578,0.684113,-0.671479,-0.284790,-0.661190,-0.406090,-0.630808,0.307924,0.619844,-0.721787,-0.838449,0.397361,-0.006898,0.372906,-0.938500,-0.606571,-0.079789,-0.217331,-0.147760,0.034225,0.284790,0.630808,0.721787,0.000000,0.000000,0.000000,-1,0.097183,0.476608,0.695297,-0.983198,-0.855529,0.011897,53.089188,225.716888,-473.604675,0,0
3.840000,2.741642,-0.655791,2.132167,0.691329,-0.653321,-0.308604,-0.670928,-0.421920,-0.609786,0.268180,0.628614,-0.730017,-0.843099,0.392673,0.011987,0.367216,-0.868220,-1.139395,0.144316,-0.146311,-0.060287,-0.126608,0.308604,0.609786,0.730017,0.000000,0.000000,0.000000,-1,0.170120,0.833298,0.818909,-0.729149,-0.674125,0.047598,55.198685,225.365311,-472.934326,0,0
3.880000,2.732120,-0.638886,2.136715,0.692256,-0.647022,-0.319600,-0.677607,-0.430433,-0.596302,0.248254,0.629356,-0.736397,-0.845442,0.391698,0.021097,0.362431,-0.373804,-0.086304,0.297398,-0.047856,0.221798,0.023262,0.319600,0.596302,0.736397,0.000000,0.000000,0.000000,-1,0.207977,0.484695,0.634430,-0.436786,-0.070423,0.851647,56.429230,224.486343,-471.761200,0,0
3.920000,2.714832,-0.603893,2.103495,0.664790,-0.664807,-0.340714,-0.709078,-0.418036,-0.567851,0.235081,0.619094,-0.749306,-0.841447,0.408191,0.031384,0.352650,-0.451481,0.287287,0.721663,-0.152329,-0.230922,-0.052696,0.340714,0.567851,0.749306,0.000000,0.000000,0.000000,-1,0.196564,0.310135,0.756561,-0.437265,0.371617,0.547443,58.890320,222.376846,-471.426025,0,0
3.960000,2.725006,-0.587205,2.094737,0.651621,-0.679643,-0.336861,-0.720817,-0.416492,-0.554036,0.236247,0.603837,-0.761294,-0.841042,0.416287,0.029907,0.344178,-0.119844,0.302139,0.043622,-0.115837,-0.230016,0.087705,0.336861,0.554036,0.761294,0.000000,0.000000,0.000000,-1,0.298813,0.395157,0.815826,-0.064489,0.209085,-0.069530,56.780823,223.080017,-471.761200,0,0
4.000000,2.737260,-0.579380,2.101136,0.650844,-0.684126,-0.329202,-0.721855,-0.423277,-0.547505,0.235219,0.593977,-0.769327,-0.843126,0.416895,0.027868,0.338467,0.034428,0.077004,-0.135700,0.004385,-0.132115,0.021872,0.329202,0.547505,0.769327,0.000000,0.000000,0.000000,-1,0.331512,0.440536,0.775818,0.079582,0.096371,-0.228957,56.077652,223.783188,-469.750153,0,0
4.040000,2.749114,-0.586174,2.111447,0.656961,-0.683284,-0.318630,-0.714247,-0.428773,-0.553178,0.241358,0.590997,-0.769720,-0.844904,0.413517,0.022864,0.338551,0.137284,0.062892,-0.287732,-0.002941,-0.102128,0.012399,0.318630,0.553178,0.769720,0.000000,0.000000,0.000000,-1,0.300171,0.473816,0.780258,0.125725,-0.051826,-0.333161,57.659775,223.607391,-471.928802,0,0
4.080000,2.753215,-0.595786,2.125532,0.668128,-0.674803,-0.313442,-0.703584,-0.435969,-0.561160,0.242021,0.595459,-0.766064,-0.847077,0.406807,0.021079,0.341356,0.139730,-0.183821,-0.280429,-0.030727,-0.089632,-0.015286,0.313442,0.561159,0.766064,0.000000,0.000000,0.000000,-1,0.290939,0.504837,0.747528,0.114695,-0.218715,-0.283445,57.308197,223.607391,-469.917725,0,1
4.120000,2.749816,-0.601291,2.132482,0.675076,-0.667185,-0.314860,-0.697912,-0.439197,-0.565707,0.239146,0.601640,-0.762128,-0.847998,0.402447,0.022322,0.344148,0.201145,-0.321195,-0.245232,-0.020411,-0.044330,-0.007092,0.314860,0.565707,0.762127,0.000000,0.000000,0.000000,-1,0.344711,0.561096,0.721664,0.198379,-0.422460,-0.208758,58.011368,224.310562,-472.263977,0,0
4.160000,2.729909,-0.613317,2.135283,0.684874,-0.651056,-0.327223,-0.690881,-0.437478,-0.575583,0.231584,0.622962,-0.747954,-0.846960,0.395772,0.030045,0.353724,0.087927,-0.352041,0.086008,-0.006892,-0.060643,-0.036009,0.330882,0.575398,0.747953,0.000000,0.000000,0.000000,-1,0.310593,0.485947,0.717148,-0.020868,-0.319692,0.133460,58.890320,223.431595,-470.420502,0,0
4.200000,2.711702,-0.610170,2.128198,0.683515,-0.645089,-0.341565,-0.695497,-0.433528,-0.573007,0.221562,0.629217,-0.744981,-0.845876,0.396212,0.035467,0.355319,-0.071450,-0.367528,0.240708,-0.003003,-0.099664,-0.012345,0.341565,0.573007,0.744981,0.000000,0.000000,0.000000,-1,0.418823,0.481033,0.727753,-0.115382,-0.403587,0.336919,60.296661,223.080017,-469.750153,0,0
4.240000,2.690816,-0.598467,2.114492,0.675679,-0.643348,-0.359946,-0.707065,-0.427395,-0.563377,0.208608,0.635167,-0.743670,-0.843615,0.400186,0.044848,0.355181,-0.197199,-0.313651,0.567482,0.045434,-0.091743,0.008649,0.359946,0.563377,0.743670,0.000000,0.000000,0.000000,-1,0.313660,0.436142,0.913010,-0.343842,-0.038668,0.507774,62.581955,221.497879,-472.934326,0,0
4.280000,2.679328,-0.572613,2.101222,0.661243,-0.649810,-0.374838,-0.724998,-0.425203,-0.541830,0.192705,0.630038,-0.752274,-0.842425,0.407991,0.054050,0.347766,-0.333826,-0.040410,0.103040,-0.077200,-0.025397,0.201476,0.374838,0.541830,0.752274,0.000000,0.000000,0.000000,-1,0.330536,0.755035,1.133774,-0.353069,0.261385,-0.146322,61.702988,222.728424,-470.085327,0,0
