0.000000,-2.675552,1.469899,2.602193,0.996137,-0.075254,0.045261,-0.051735,-0.086425,0.994914,-0.070959,-0.993412,-0.089984,0.736978,-0.043078,-0.008717,0.674486,0.002102,0.012651,0.001707,-0.006481,0.014323,-0.003589,-0.045261,-0.994914,0.089984,0.000000,0.000000,0.000000,-1,-0.047760,-0.980911,0.089783,-0.002169,-0.082688,0.005716,130.878891,203.432327,-761.363831,0,0
0.040000,-2.673031,1.469880,2.600167,0.996163,-0.074768,0.045497,-0.051920,-0.086336,0.994912,-0.070460,-0.993456,-0.089887,0.736951,-0.042977,-0.008468,0.674526,-0.003257,0.017977,-0.000368,-0.000218,0.012368,-0.000837,-0.045497,-0.994912,0.089887,0.000000,0.000000,0.000000,-1,-0.043243,-0.982635,0.094193,-0.000057,-0.080574,0.001428,131.754929,204.305435,-761.530823,0,0
0.080000,-2.675127,1.469720,2.603341,0.996248,-0.073695,0.045380,-0.051727,-0.086637,0.994896,-0.069387,-0.993510,-0.090124,0.737057,-0.042542,-0.008143,0.674442,0.003106,0.015849,-0.004683,-0.002365,0.014076,-0.002691,-0.045380,-0.994896,0.090124,0.000000,0.000000,0.000000,-1,-0.048416,-0.979767,0.086227,-0.001125,-0.092235,0.002556,133.156570,203.606949,-759.860840,0,0
0.120000,-2.673532,1.469734,2.601924,0.996254,-0.073522,0.045517,-0.051843,-0.086551,0.994898,-0.069207,-0.993531,-0.090039,0.737029,-0.042524,-0.008036,0.674475,-0.002201,0.007374,-0.000331,-0.004440,0.016016,-0.002499,-0.045517,-0.994898,0.090039,0.000000,0.000000,0.000000,-1,-0.043015,-0.981781,0.089661,0.001014,-0.096469,0.006807,133.682190,203.432327,-761.029846,0,0
0.160000,-2.673096,1.469954,2.602182,0.996308,-0.072823,0.045458,-0.051708,-0.086377,0.994920,-0.068526,-0.993597,-0.089824,0.736972,-0.042244,-0.007826,0.674557,-0.005423,0.030732,-0.005706,0.006273,0.009339,-0.001933,-0.045458,-0.994920,0.089824,0.000000,0.000000,0.000000,-1,-0.035782,-0.985031,0.085800,-0.012842,-0.075286,-0.006965,131.404510,204.654663,-760.862854,0,0
0.200000,-2.677960,1.470965,2.607810,0.996408,-0.072010,0.044570,-0.050709,-0.085801,0.995021,-0.067827,-0.993707,-0.089144,0.736776,-0.041640,-0.007891,0.674808,-0.011846,-0.007443,-0.009720,-0.002625,0.018932,0.002866,-0.044570,-0.995021,0.089144,0.000000,0.000000,0.000000,-1,-0.049194,-0.975281,0.097534,-0.004348,-0.116626,-0.001553,132.280548,203.432327,-761.029846,0,0
0.240000,-2.678074,1.470421,2.607531,0.996367,-0.072422,0.044802,-0.051008,-0.086252,0.994967,-0.068193,-0.993638,-0.089633,0.736928,-0.041873,-0.007935,0.674626,0.005206,-0.008488,0.000736,-0.007032,0.019106,0.007825,-0.044802,-0.994967,0.089633,0.000000,0.000000,0.000000,-1,-0.050873,-0.979675,0.084564,-0.005369,-0.102830,0.006906,131.054092,203.956192,-761.530823,0,0
0.280000,-2.673765,1.470408,2.603147,0.996343,-0.072509,0.045194,-0.051393,-0.086039,0.994965,-0.068256,-0.993650,-0.089451,0.736857,-0.042037,-0.007824,0.674695,-0.007542,-0.000005,0.001904,-0.004412,0.015473,-0.007191,-0.045194,-0.994965,0.089451,0.000000,0.000000,0.000000,-1,-0.046707,-0.986893,0.086594,-0.014953,-0.091178,0.000576,131.229309,203.781570,-760.695801,0,0
0.320000,-2.668868,1.471017,2.599043,0.996394,-0.071707,0.045356,-0.051433,-0.085309,0.995026,-0.067481,-0.993771,-0.088689,0.736613,-0.041793,-0.007509,0.674981,-0.001214,0.018039,-0.006741,-0.006829,0.018738,0.002055,-0.045356,-0.995026,0.088689,0.000000,0.000000,0.000000,-1,-0.050446,-0.974625,0.088593,0.003125,-0.084816,0.000348,134.207809,203.606949,-761.530823,0,0
0.360000,-2.668929,1.470774,2.599585,0.996423,-0.071237,0.045460,-0.051511,-0.085543,0.995002,-0.066992,-0.993784,-0.088907,0.736694,-0.041655,-0.007307,0.674902,0.004124,0.014868,-0.000402,-0.001125,0.019340,0.003683,-0.045460,-0.995002,0.088907,0.000000,0.000000,0.000000,-1,-0.039612,-0.977585,0.082596,0.004216,-0.091165,0.008875,132.455750,204.305435,-760.528809,0,0
0.400000,-2.670395,1.470747,2.601354,0.996450,-0.070933,0.045342,-0.051374,-0.085658,0.994999,-0.066694,-0.993796,-0.088998,0.736734,-0.041503,-0.007245,0.674869,0.006257,0.008511,0.002793,0.008584,0.015049,0.004767,-0.045342,-0.994999,0.088998,0.000000,0.000000,0.000000,-1,-0.035126,-0.985077,0.083664,0.008456,-0.101768,0.007812,131.579712,203.781570,-760.027832,0,0
0.440000,-2.674044,1.471154,2.604912,0.996468,-0.070998,0.044834,-0.050861,-0.085492,0.995040,-0.066813,-0.993806,-0.088801,0.736675,-0.041355,-0.007459,0.674940,-0.000130,-0.010571,0.005074,0.007221,0.008025,-0.011088,-0.044834,-0.995040,0.088801,0.000000,0.000000,0.000000,-1,-0.037491,-0.980057,0.085495,-0.002177,-0.115548,0.010119,133.857391,203.606949,-761.530823,0,0
0.480000,-2.676994,1.471669,2.606845,0.996420,-0.071984,0.044343,-0.050435,-0.085150,0.995091,-0.067855,-0.993765,-0.088475,0.736554,-0.041551,-0.007980,0.675055,-0.003337,-0.031776,0.005201,0.011353,0.013630,-0.004643,-0.044343,-0.995091,0.088475,0.000000,0.000000,0.000000,-1,-0.031219,-0.983231,0.084595,-0.005392,-0.144175,0.009220,132.981369,203.781570,-760.027832,0,0
0.520000,-2.680525,1.472147,2.609109,0.996353,-0.073219,0.043818,-0.050000,-0.084853,0.995138,-0.069145,-0.993700,-0.088204,0.736446,-0.041829,-0.008598,0.675147,-0.004445,-0.041280,0.003140,0.009654,0.008169,-0.004205,-0.043818,-0.995138,0.088205,0.000000,0.000000,0.000000,-1,-0.040588,-0.983353,0.078690,0.000978,-0.128280,0.003759,132.105331,202.908463,-760.194824,0,0
0.560000,-2.680844,1.472750,2.608140,0.996272,-0.074478,0.043523,-0.049778,-0.084288,0.995197,-0.070452,-0.993654,-0.087681,0.736248,-0.042192,-0.009144,0.675334,-0.003379,-0.007363,-0.002344,-0.003870,0.015003,-0.004643,-0.043523,-0.995197,0.087681,0.000000,0.000000,0.000000,-1,-0.049789,-0.979691,0.083847,-0.001126,-0.110253,0.005829,132.105331,202.559235,-760.528809,0,0
0.600000,-2.678476,1.472780,2.605430,0.996238,-0.074825,0.043717,-0.049991,-0.084127,0.995200,-0.070788,-0.993642,-0.087551,0.736192,-0.042386,-0.009193,0.675381,-0.000183,-0.013720,0.000841,-0.001800,0.015891,-0.002346,-0.043717,-0.995200,0.087551,0.000000,0.000000,0.000000,-1,-0.043839,-0.982285,0.090912,-0.003262,-0.122976,0.005910,132.280548,204.130814,-760.027832,0,0
0.640000,-2.678423,1.472742,2.604735,0.996189,-0.075465,0.043739,-0.050068,-0.084125,0.995197,-0.071423,-0.993594,-0.087583,0.736189,-0.042630,-0.009401,0.675367,-0.001256,-0.026443,0.000911,0.000023,0.012332,0.001711,-0.043739,-0.995197,0.087583,0.000000,0.000000,0.000000,-1,-0.043518,-0.980576,0.082855,0.006301,-0.129337,0.005833,132.630951,202.733856,-760.695801,0,0
0.680000,-2.679512,1.472482,2.603993,0.996047,-0.077296,0.043759,-0.050263,-0.084310,0.995171,-0.073234,-0.993437,-0.087862,0.736244,-0.043314,-0.010008,0.675255,0.010418,-0.037012,0.004035,-0.003360,0.008095,-0.011003,-0.043759,-0.995171,0.087862,0.000000,0.000000,0.000000,-1,-0.044662,-0.987900,0.071381,0.003110,-0.142056,0.008053,133.156570,203.257706,-758.858826,0,0
0.720000,-2.677524,1.472953,2.600851,0.995960,-0.078433,0.043724,-0.050287,-0.083750,0.995217,-0.074396,-0.993395,-0.087356,0.736048,-0.043720,-0.010418,0.675436,-0.004485,-0.037019,-0.000056,0.000343,0.009042,-0.008071,-0.043724,-0.995217,0.087356,0.000000,0.000000,0.000000,-1,-0.045929,-0.983429,0.080322,-0.004341,-0.128282,0.002754,131.930130,203.083084,-759.359802,0,0
0.760000,-2.675757,1.473169,2.598232,0.995891,-0.079279,0.043782,-0.050395,-0.083434,0.995238,-0.075249,-0.993355,-0.087087,0.735937,-0.044051,-0.010689,0.675531,-0.005551,-0.023242,-0.003296,-0.004146,0.016402,-0.002767,-0.043782,-0.995238,0.087087,0.000000,0.000000,0.000000,-1,-0.044632,-0.980789,0.083069,-0.002215,-0.122982,0.001643,132.105331,203.257706,-761.196838,0,0
0.800000,-2.676758,1.473785,2.597254,0.995750,-0.081223,0.043420,-0.050159,-0.082860,0.995298,-0.077244,-0.993246,-0.086582,0.735730,-0.044643,-0.011493,0.675705,-0.010897,-0.048678,0.000082,0.007012,0.013532,-0.007786,-0.043420,-0.995298,0.086582,0.000000,0.000000,0.000000,-1,-0.038193,-0.982758,0.087921,-0.012849,-0.147360,0.006125,132.630951,204.480057,-760.361816,0,0
0.840000,-2.678591,1.474030,2.597732,0.995651,-0.082559,0.043152,-0.049993,-0.082676,0.995322,-0.078605,-0.993151,-0.086444,0.735658,-0.045045,-0.012048,0.675746,-0.003444,-0.040196,0.001025,0.000534,0.014136,0.006040,-0.043152,-0.995322,0.086444,0.000000,0.000000,0.000000,-1,-0.045349,-0.980820,0.090103,0.012699,-0.140988,0.013261,130.353271,205.003906,-759.860840,0,0
0.880000,-2.678672,1.473393,2.596602,0.995537,-0.083788,0.043428,-0.050415,-0.083161,0.995260,-0.079779,-0.993007,-0.087014,0.735818,-0.045597,-0.012351,0.675530,0.014670,-0.046540,0.012555,-0.005293,0.016577,-0.002832,-0.043428,-0.995260,0.087014,0.000000,0.000000,0.000000,-1,-0.053940,-0.976898,0.084045,0.005257,-0.167485,0.018781,132.806152,203.956192,-759.192810,0,0
0.920000,-2.664947,1.472386,2.579052,0.995129,-0.087667,0.045078,-0.052401,-0.083111,0.995162,-0.083497,-0.992677,-0.087300,0.735789,-0.047591,-0.013054,0.675411,0.007207,-0.062447,0.010588,-0.012509,0.009841,-0.003011,-0.045078,-0.995162,0.087300,0.000000,0.000000,0.000000,-1,-0.054520,-0.981766,0.084061,0.009490,-0.151595,0.010153,132.105331,202.908463,-760.194824,0,0
0.960000,-2.661785,1.472069,2.574619,0.994996,-0.088952,0.045499,-0.052939,-0.083144,0.995130,-0.084736,-0.992560,-0.087437,0.735795,-0.048210,-0.013331,0.675354,0.005047,-0.031724,-0.004416,-0.006747,0.014814,-0.008687,-0.045499,-0.995130,0.087437,0.000000,0.000000,0.000000,-1,-0.053650,-0.984879,0.079330,0.002014,-0.113453,-0.006816,132.455750,203.956192,-761.530823,0,0
1.000000,-2.656406,1.472512,2.568588,0.994926,-0.089597,0.045763,-0.053200,-0.082453,0.995174,-0.085391,-0.992559,-0.086801,0.735558,-0.048534,-0.013469,0.675587,-0.013062,-0.019011,-0.011700,-0.012281,0.010448,-0.005197,-0.045763,-0.995174,0.086801,0.000000,0.000000,0.000000,-1,-0.063095,-0.978577,0.085403,-0.000116,-0.132532,-0.003655,131.754929,203.606949,-761.530823,0,0
1.040000,-2.652134,1.472255,2.563464,0.994825,-0.090464,0.046254,-0.053761,-0.082393,0.995149,-0.086214,-0.992486,-0.086830,0.735535,-0.049020,-0.013582,0.675574,0.003966,-0.038082,-0.003287,-0.016841,0.016572,-0.001427,-0.046254,-0.995149,0.086830,0.000000,0.000000,0.000000,-1,-0.062546,-0.980545,0.080032,0.009467,-0.145245,0.002679,131.754929,204.305435,-759.860840,0,0
1.080000,-2.642672,1.471578,2.552219,0.994604,-0.092286,0.047396,-0.055059,-0.082344,0.995082,-0.087929,-0.992322,-0.086980,0.735515,-0.050082,-0.013777,0.675515,0.006089,-0.017945,-0.007649,-0.015531,0.015880,-0.004247,-0.047396,-0.995082,0.086980,0.000000,0.000000,0.000000,-1,-0.066025,-0.981842,0.080444,0.004161,-0.100726,-0.003846,132.105331,203.956192,-759.860840,0,0
1.120000,-2.634017,1.471338,2.543688,0.994571,-0.092191,0.048263,-0.055894,-0.082068,0.995058,-0.087775,-0.992353,-0.086776,0.735428,-0.050340,-0.013432,0.675597,0.005052,0.011743,-0.003496,-0.018738,0.016909,-0.005248,-0.048263,-0.995058,0.086776,0.000000,0.000000,0.000000,-1,-0.074280,-0.977600,0.082108,0.012762,-0.084789,0.018325,130.703690,203.257706,-760.862854,0,0
1.160000,-2.620669,1.470357,2.530815,0.994527,-0.091788,0.049903,-0.057505,-0.082142,0.994960,-0.087226,-0.992385,-0.086970,0.735466,-0.050748,-0.012687,0.675540,0.020034,0.010723,0.022943,-0.026742,0.019405,-0.004191,-0.049903,-0.994960,0.086970,0.000000,0.000000,0.000000,-1,-0.073929,-0.975510,0.078369,0.037311,-0.093229,0.045749,131.754929,203.606949,-759.192810,0,0
1.200000,-2.590627,1.466724,2.501094,0.994302,-0.091685,0.054384,-0.062081,-0.083294,0.994589,-0.086659,-0.992298,-0.088511,0.735885,-0.052238,-0.010965,0.674999,0.044616,0.006537,0.058869,-0.013410,0.014105,-0.011058,-0.054384,-0.994589,0.088511,0.000000,0.000000,0.000000,-1,-0.063095,-0.988022,0.085724,0.048033,-0.047618,0.060317,130.353271,204.305435,-759.860840,0,0
1.240000,-2.575227,1.463531,2.487782,0.994303,-0.089782,0.057445,-0.065116,-0.084981,0.994253,-0.084384,-0.992329,-0.090344,0.736483,-0.052580,-0.009144,0.674348,0.071238,0.075447,0.056141,-0.010426,-0.000102,-0.001156,-0.057445,-0.994253,0.090343,0.000000,0.000000,0.000000,-1,-0.072311,-0.997238,0.090027,0.102336,-0.022148,0.076623,132.806152,204.654663,-760.194824,0,0
1.280000,-2.565806,1.459601,2.480768,0.994322,-0.087591,0.060420,-0.068107,-0.087606,0.993824,-0.081757,-0.992297,-0.093074,0.737395,-0.052787,-0.007234,0.673358,0.114908,0.089258,0.074748,-0.010441,0.004673,0.000248,-0.060420,-0.993824,0.093074,0.000000,0.000000,0.000000,-1,-0.047943,-0.952240,0.093048,0.131068,0.052055,0.068526,130.703690,203.606949,-760.528809,0,0
1.320000,-2.577338,1.452067,2.499627,0.994728,-0.080648,0.063345,-0.070925,-0.094869,0.992960,-0.074071,-0.992218,-0.100089,0.739879,-0.051215,-0.003624,0.670777,0.176475,0.150697,0.037635,0.024436,0.047876,-0.007514,-0.063345,-0.992960,0.100089,0.000000,0.000000,0.000000,-1,-0.037033,-0.899704,0.099960,0.194576,0.093279,-0.015330,131.754929,203.956192,-760.528809,0,0
1.360000,-2.612522,1.447361,2.543417,0.995451,-0.072224,0.062143,-0.069334,-0.101744,0.992392,-0.065351,-0.992185,-0.106288,0.742207,-0.047681,-0.001081,0.668472,0.107897,0.275548,-0.130243,0.016672,0.106894,0.003133,-0.062143,-0.992392,0.106288,0.000000,0.000000,0.000000,-1,-0.095871,-0.902573,0.119797,-0.000572,0.205389,-0.194517,131.930130,203.781570,-759.693848,0,0
1.400000,-2.645172,1.449672,2.585274,0.996364,-0.062826,0.057548,-0.063805,-0.102608,0.992673,-0.056460,-0.992736,-0.106244,0.742498,-0.042637,0.000366,0.668489,-0.028441,0.273325,-0.196808,-0.068032,0.077146,0.010013,-0.057548,-0.992673,0.106244,0.000000,0.000000,0.000000,-1,-0.181686,-1.019653,0.123138,0.004899,0.019971,-0.115026,131.754929,204.305435,-760.528809,0,0
1.440000,-2.655649,1.446218,2.599201,0.996539,-0.059517,0.058033,-0.064139,-0.106422,0.992250,-0.052880,-0.992538,-0.109871,0.743780,-0.041564,0.001732,0.667129,0.227386,-0.084647,0.053045,-0.100781,-0.040144,0.010795,-0.058033,-0.992250,0.109871,0.000000,0.000000,0.000000,-1,-0.109955,-1.033707,0.098572,0.301086,-0.165254,0.088907,132.981369,204.130814,-759.025818,0,0
1.480000,-2.674596,1.435549,2.616207,0.996234,-0.061913,0.060704,-0.067626,-0.116650,0.990868,-0.054266,-0.991241,-0.120398,0.747208,-0.043341,0.002154,0.663171,0.268825,-0.007257,0.033104,-0.012508,-0.042762,-0.045859,-0.060704,-0.990868,0.120398,0.000000,0.000000,0.000000,-1,-0.051163,-1.027191,0.060684,0.170903,0.008375,-0.073191,131.229309,205.178528,-760.361816,0,0
1.520000,-2.718817,1.434350,2.667933,0.996966,-0.054256,0.055809,-0.062046,-0.121048,0.990706,-0.046996,-0.991163,-0.124047,0.748676,-0.038836,0.002943,0.661792,-0.043449,0.213952,-0.213363,-0.017021,-0.011995,-0.076531,-0.055809,-0.990706,0.124047,0.000000,0.000000,0.000000,-1,-0.099274,-0.991135,0.052170,-0.103861,0.087676,-0.213058,131.754929,204.305435,-759.526794,0,0
1.560000,-2.732438,1.441425,2.686767,0.997497,-0.048642,0.051325,-0.056675,-0.115895,0.991643,-0.042288,-0.992070,-0.118362,0.746953,-0.035249,0.003025,0.663935,-0.202922,0.121744,-0.192036,-0.051886,0.002507,-0.053802,-0.051325,-0.991643,0.118362,0.000000,0.000000,0.000000,-1,-0.105377,-0.980515,0.103027,-0.236648,-0.012972,-0.163273,131.404510,204.654663,-759.192810,0,0
1.600000,-2.749305,1.452120,2.707530,0.997997,-0.044202,0.045264,-0.049793,-0.107418,0.992966,-0.039029,-0.993231,-0.109404,0.744113,-0.031580,0.002095,0.667303,-0.187856,0.093254,-0.136753,-0.053888,0.021958,0.002244,-0.045264,-0.992966,0.109404,0.000000,0.000000,0.000000,-1,-0.089188,-0.945175,0.117722,-0.113073,0.003027,-0.100884,132.105331,203.956192,-759.526794,0,0
1.640000,-2.762560,1.457941,2.726189,0.998389,-0.038516,0.041671,-0.045447,-0.103039,0.993639,-0.033978,-0.993931,-0.104623,0.742639,-0.028265,0.002590,0.669090,-0.048377,0.097575,-0.084056,-0.033998,0.052293,0.003607,-0.041671,-0.993639,0.104623,0.000000,0.000000,0.000000,-1,-0.072556,-0.940613,0.100647,-0.038528,-0.016001,-0.064390,133.156570,204.305435,-759.192810,0,0
1.680000,-2.764286,1.459398,2.730542,0.998518,-0.035831,0.040956,-0.044420,-0.101908,0.993802,-0.031436,-0.994148,-0.103349,0.742256,-0.027030,0.003207,0.669564,-0.034378,0.079628,-0.033067,-0.026289,0.047604,-0.008424,-0.040956,-0.993802,0.103349,0.000000,0.000000,0.000000,-1,-0.044342,-0.963379,0.085678,-0.066971,-0.049812,0.012664,132.806152,205.003906,-761.530823,0,0
1.720000,-2.749192,1.462332,2.717425,0.998571,-0.033810,0.041396,-0.044552,-0.098659,0.994123,-0.029527,-0.994547,-0.100024,0.741157,-0.026432,0.004004,0.670799,-0.112830,0.039440,0.034992,0.007934,0.029387,-0.012759,-0.041396,-0.994124,0.100024,0.000000,0.000000,0.000000,-1,-0.017502,-0.981979,0.097672,-0.094422,-0.061394,0.066205,130.878891,205.178528,-759.359802,0,0
1.760000,-2.707062,1.464844,2.676498,0.998474,-0.032668,0.044521,-0.047431,-0.094521,0.994392,-0.028277,-0.994987,-0.095926,0.739750,-0.027070,0.005490,0.672315,-0.061555,0.004645,0.107982,0.036083,0.013969,0.013647,-0.044521,-0.994392,0.095926,0.000000,0.000000,0.000000,-1,-0.000900,-0.951981,0.132431,-0.061265,-0.115369,0.129906,131.930130,205.527771,-760.695801,0,0
1.800000,-2.685893,1.463970,2.655046,0.998351,-0.033060,0.046924,-0.049855,-0.094250,0.994299,-0.028449,-0.994999,-0.095743,0.739653,-0.028025,0.006245,0.672376,-0.062618,0.036436,0.099336,0.037708,0.046134,0.059240,-0.046924,-0.994299,0.095743,0.000000,0.000000,0.000000,-1,-0.004105,-0.936066,0.201157,-0.039027,-0.066649,0.096466,132.280548,205.527771,-760.027832,0,0
1.840000,-2.651857,1.463433,2.620669,0.998166,-0.033531,0.050406,-0.053330,-0.092944,0.994242,-0.028653,-0.995107,-0.094561,0.739201,-0.029377,0.007357,0.672804,0.015799,-0.126889,0.064106,0.053366,0.060587,0.123380,-0.050406,-0.994242,0.094561,0.000000,0.000000,0.000000,-1,0.006989,-0.992722,0.259354,0.131537,-0.307483,-0.016018,131.404510,204.305435,-760.194824,0,0
1.880000,-2.722046,1.456382,2.683144,0.998065,-0.041280,0.046505,-0.050525,-0.102377,0.993462,-0.036249,-0.993889,-0.104264,0.742413,-0.030914,0.003453,0.669220,0.357295,-0.081648,-0.170689,0.045116,-0.010444,0.185302,-0.046505,-0.993462,0.104264,0.000000,0.000000,0.000000,-1,-0.028885,-0.996429,0.294601,0.425471,-0.131764,-0.203010,132.630951,206.924728,-758.691772,0,0
1.920000,-2.811734,1.446175,2.774436,0.998403,-0.039633,0.040262,-0.044619,-0.116014,0.992245,-0.034655,-0.992456,-0.117598,0.746996,-0.028197,0.001876,0.664227,0.492305,0.123966,-0.216717,0.002649,0.007244,0.168520,-0.040262,-0.992245,0.117598,0.000000,0.000000,0.000000,-1,-0.046555,-0.945953,0.250671,0.593472,-0.091478,-0.206107,132.105331,206.051636,-758.858826,0,0
1.960000,-2.918965,1.425044,2.881700,0.998704,-0.039519,0.032067,-0.037323,-0.140360,0.989397,-0.034599,-0.989312,-0.141653,0.755102,-0.025441,-0.000838,0.655113,0.700533,-0.189731,-0.184634,0.000070,0.045061,0.108454,-0.032067,-0.989397,0.141653,0.000000,0.000000,0.000000,-1,-0.008209,-0.961319,0.250610,0.729790,-0.265205,-0.108964,131.579712,205.877014,-757.689819,0,0
2.000000,-3.011329,1.390833,2.967029,0.998655,-0.046351,0.023251,-0.031087,-0.176273,0.983850,-0.041504,-0.983249,-0.177477,0.766878,-0.025245,-0.005950,0.641269,0.703638,-0.137832,-0.217878,0.043392,-0.016516,0.011961,-0.023251,-0.983850,0.177477,0.000000,0.000000,0.000000,-1,0.027496,-0.988708,0.157150,0.638810,-0.189138,-0.287009,133.506989,205.003906,-756.186768,0,0
2.040000,-3.078419,1.375082,3.032256,0.998803,-0.047345,0.012277,-0.021220,-0.193306,0.980909,-0.044068,-0.979995,-0.194080,0.772365,-0.022193,-0.010290,0.634708,0.416900,-0.152973,-0.412503,0.030221,0.000837,-0.060107,-0.012277,-0.980909,0.194080,0.000000,0.000000,0.000000,-1,-0.050964,-0.959229,0.088562,-0.098037,-0.909263,-0.439450,134.207809,206.051636,-756.520752,0,0
2.080000,3.089287,1.377390,3.125198,0.997657,-0.067672,-0.010049,-0.003151,-0.192177,0.981355,-0.068341,-0.979024,-0.191940,0.771650,-0.022945,-0.025397,0.635126,-0.214008,-0.469007,-0.465819,-0.055016,0.048326,0.049698,0.010049,-0.981355,0.191940,0.000000,0.000000,0.000000,-1,-0.046875,-0.927490,0.312332,-0.137154,-0.449186,-0.475134,134.733429,205.527771,-757.021790,0,0
2.120000,2.945697,1.383299,-3.031196,0.995971,-0.082004,-0.036282,0.020536,-0.185266,0.982474,-0.087288,-0.979261,-0.182835,0.768777,-0.019989,-0.040184,0.637940,-0.241488,-0.375590,-0.430849,-0.107968,0.012808,0.051082,0.036282,-0.982474,0.182835,0.000000,0.000000,0.000000,-1,-0.055191,-0.966934,0.236115,-0.283646,-0.422601,-0.420453,133.682190,205.178528,-757.689819,0,0
2.160000,2.858478,1.388840,-2.951776,0.994781,-0.088634,-0.050549,0.034142,-0.177703,0.983492,-0.096154,-0.980084,-0.173750,0.765871,-0.017788,-0.047887,0.640962,-0.312654,-0.270636,-0.434793,-0.091946,0.023485,0.081041,0.050549,-0.983492,0.173750,0.000000,0.000000,0.000000,-1,-0.016006,-0.932785,0.260315,-0.318775,-0.407780,-0.435025,134.032608,204.480057,-757.689819,0,0
2.200000,2.730196,1.395024,-2.833765,0.992775,-0.097512,-0.069928,0.052983,-0.166648,0.984592,-0.107663,-0.981183,-0.160278,0.761528,-0.014618,-0.058301,0.645339,-0.336143,-0.328971,-0.449163,-0.075314,0.048831,0.101502,0.069928,-0.984592,0.160278,0.000000,0.000000,0.000000,-1,0.017181,-0.968628,0.258347,-0.354101,-0.502207,-0.479950,135.434250,204.829285,-757.021790,0,0
2.240000,2.618759,1.398140,-2.732329,0.990604,-0.106515,-0.085786,0.068365,-0.157612,0.985132,-0.118452,-0.981740,-0.148849,0.757803,-0.012586,-0.067378,0.648873,-0.393755,-0.407484,-0.486467,-0.068605,0.016504,0.109498,0.085786,-0.985132,0.148849,0.000000,0.000000,0.000000,-1,0.020325,-0.981354,0.247879,-0.387171,-0.646396,-0.479998,135.959869,205.353149,-757.522766,0,0
2.280000,2.414167,1.399742,-2.552480,0.985058,-0.129804,-0.113189,0.094579,-0.141528,0.985406,-0.143929,-0.981387,-0.127136,0.750620,-0.011732,-0.085635,0.655056,-0.369415,-0.608908,-0.475189,-0.072417,0.008737,0.131500,0.113189,-0.985406,0.127136,0.000000,0.000000,0.000000,-1,0.090851,-0.960434,0.280350,-0.342500,-0.764036,-0.451239,134.733429,204.130814,-757.021790,0,0
2.320000,2.258724,1.396072,-2.423665,0.978690,-0.155335,-0.134300,0.114354,-0.130929,0.984774,-0.170554,-0.979147,-0.110375,0.744982,-0.013752,-0.102302,0.659050,-0.279087,-0.914171,-0.423749,-0.009697,0.036837,0.172660,0.134300,-0.984775,0.110375,0.000000,0.000000,0.000000,-1,0.148270,-0.932144,0.338501,-0.242487,-1.094689,-0.363624,137.011108,205.003906,-757.188782,0,0
2.360000,2.086511,1.388451,-2.298963,0.966752,-0.201259,-0.157752,0.135349,-0.120680,0.983421,-0.216960,-0.972076,-0.089428,0.737709,-0.022336,-0.126985,0.662692,-0.334315,-1.116588,-0.366913,-0.000571,0.016426,0.211583,0.157752,-0.983421,0.089428,0.000000,0.000000,0.000000,-1,0.093872,-1.042770,0.332657,-0.352142,-1.350182,-0.350625,138.763168,206.051636,-757.856812,0,0
2.400000,1.969163,1.383931,-2.218812,0.956207,-0.237379,-0.171232,0.148119,-0.112137,0.982592,-0.252448,-0.964923,-0.072066,0.731507,-0.030506,-0.144797,0.665583,-0.400394,-1.356188,-0.360848,-0.107023,-0.091551,0.264314,0.171232,-0.982592,0.072066,0.000000,0.000000,0.000000,-1,-0.024658,-1.060059,0.335571,-0.429638,-1.343778,-0.321080,137.186310,204.829285,-758.023804,0,0
2.440000,1.852022,1.378887,-2.137993,0.944513,-0.272613,-0.183241,0.160867,-0.102475,0.981642,-0.286386,-0.956651,-0.052935,0.724556,-0.038557,-0.162040,0.668787,-0.394476,-1.150330,-0.242706,-0.207899,-0.078417,0.282636,0.183241,-0.981642,0.052935,0.000000,0.000000,0.000000,-1,-0.053360,-0.917099,0.412964,-0.334871,-0.886483,-0.093361,137.536728,204.130814,-759.025818,0,0
2.480000,1.737011,1.382905,-2.060604,0.932783,-0.309809,-0.184213,0.164826,-0.087875,0.982400,-0.320544,-0.946729,-0.030904,0.716164,-0.050611,-0.176202,0.673425,-0.040269,-0.428686,0.220296,-0.279535,0.093805,0.353129,0.184213,-0.982400,0.030904,0.000000,0.000000,0.000000,-1,-0.071045,-0.935715,0.387482,0.088796,-0.496864,0.249110,137.361511,206.051636,-759.526794,0,0
2.520000,1.795925,1.391109,-2.126887,0.932401,-0.316668,-0.174212,0.151793,-0.094342,0.983900,-0.328005,-0.943833,-0.039896,0.718790,-0.057345,-0.174674,0.670478,0.493272,0.203369,0.327508,-0.228991,0.087598,0.368093,0.174212,-0.983900,0.039896,0.000000,0.000000,0.000000,-1,-0.068314,-0.931671,0.374741,0.736172,0.691029,0.545092,137.361511,204.305435,-758.524780,0,0
2.560000,1.890206,1.396268,-2.210936,0.937438,-0.306645,-0.164861,0.139264,-0.103718,0.984809,-0.319086,-0.946156,-0.054525,0.723823,-0.057811,-0.167149,0.666932,0.735866,0.792109,0.540239,-0.233174,0.053137,0.320216,0.164861,-0.984809,0.054525,0.000000,0.000000,0.000000,-1,0.024750,-0.925034,0.290543,1.010195,1.199458,0.933352,135.609451,206.051636,-756.854797,0,0
2.600000,2.562774,1.419040,-2.796321,0.970724,-0.225513,-0.082698,0.051165,-0.142252,0.988507,-0.234685,-0.963799,-0.126549,0.748252,-0.058252,-0.106041,0.652289,0.941178,1.967578,1.746373,-0.048518,-0.137698,0.041664,0.082698,-0.988507,0.126549,0.000000,0.000000,0.000000,-1,0.039139,-1.152908,0.094116,0.738597,1.749980,1.823129,131.930130,204.829285,-756.687744,0,0
2.640000,2.999144,1.421061,3.090811,0.981470,-0.190444,-0.021178,-0.007572,-0.148984,0.988811,-0.191468,-0.970327,-0.147665,0.754672,-0.065597,-0.070443,0.649003,0.483707,0.802635,1.904530,0.051347,-0.171254,-0.077048,0.021178,-0.988811,0.147665,0.000000,0.000000,0.000000,-1,0.259659,-1.415588,0.170258,1.002673,-0.856751,1.334163,130.002869,206.750107,-756.186768,0,0
2.680000,-3.036000,1.392753,2.825672,0.977445,-0.210364,0.018666,-0.055025,-0.168340,0.984192,-0.203897,-0.963020,-0.176118,0.761890,-0.087083,-0.060780,0.638942,1.525249,-0.926811,1.027543,0.278325,-0.431396,-0.005861,-0.018666,-0.984192,0.176118,0.000000,0.000000,0.000000,-1,0.071106,-1.405579,-0.053802,2.695063,0.075050,0.526281,129.302032,207.797836,-753.514709,0,0
2.720000,-3.011354,1.248004,2.822519,0.980120,-0.194084,0.041197,-0.099507,-0.301205,0.948353,-0.171651,-0.933599,-0.314530,0.805583,-0.091111,-0.040484,0.584034,1.892281,1.349070,0.056944,-0.216783,-0.338802,-0.604432,-0.041197,-0.948353,0.314530,0.000000,0.000000,0.000000,-1,-0.231750,-1.105316,-0.039276,1.389862,2.078363,0.216765,128.776428,209.369415,-751.677734,0,0
2.760000,-2.932133,1.217238,2.812523,0.988699,-0.131496,0.071994,-0.111892,-0.327661,0.938146,-0.099773,-0.935600,-0.338671,0.814713,-0.074685,-0.008524,0.574971,0.366577,2.470176,0.381433,-0.165418,-0.074213,-0.367373,-0.071994,-0.938146,0.338671,0.000000,0.000000,0.000000,-1,-0.240097,-0.842148,0.132034,-0.156858,1.241535,0.725836,129.126831,209.369415,-752.011719,0,0
2.800000,-2.800253,1.211325,2.726827,0.988683,-0.092942,0.117758,-0.141758,-0.321952,0.936083,-0.049089,-0.942183,-0.331484,0.812730,-0.072195,0.021123,0.577765,-0.071406,0.569178,1.067110,-0.137369,0.181994,-0.070208,-0.117758,-0.936083,0.331484,0.000000,0.000000,0.000000,-1,-0.092712,-0.717133,0.427032,0.232642,0.401629,1.281658,125.973129,210.067886,-752.345703,0,0
2.840000,-2.677507,1.166450,2.615920,0.979992,-0.092770,0.176096,-0.197415,-0.340301,0.919360,-0.025363,-0.935729,-0.351806,0.817328,-0.088760,0.046105,0.567425,1.135188,0.208365,0.827804,0.357584,0.311358,0.034119,-0.176096,-0.919360,0.351806,0.000000,0.000000,0.000000,-1,0.104446,-0.644180,0.175293,1.210238,0.029624,0.651351,124.571472,209.369415,-751.343689,0,0
2.880000,-2.676780,1.130944,2.615019,0.976650,-0.098609,0.190870,-0.213999,-0.368124,0.904814,-0.018959,-0.924533,-0.380630,0.825440,-0.094679,0.052067,0.554052,0.777044,-0.180351,0.380362,0.218534,0.230468,-0.328796,-0.190870,-0.904814,0.380630,0.000000,0.000000,0.000000,-1,0.000443,-0.712723,0.211182,0.341022,0.148711,0.183848,123.870651,211.464859,-750.675659,0,0
2.920000,-2.671751,1.116685,2.620080,0.975806,-0.091433,0.198603,-0.218539,-0.380351,0.898651,-0.006627,-0.920311,-0.391130,0.828747,-0.093506,0.057911,0.548709,0.151377,0.469775,-0.174128,0.218256,0.224686,-0.129213,-0.198603,-0.898651,0.391130,0.000000,0.000000,0.000000,-1,-0.016693,-0.673752,0.341522,0.058062,0.238945,-0.442098,124.045853,211.639465,-751.510681,0,0
2.960000,-2.700592,1.128031,2.671921,0.980960,-0.065370,0.182877,-0.193909,-0.382047,0.903571,0.010801,-0.921828,-0.387449,0.829225,-0.078169,0.058391,0.550333,-0.165344,0.383110,-0.694659,-0.006912,0.285727,0.050250,-0.182877,-0.903570,0.387449,0.000000,0.000000,0.000000,-1,-0.343689,-0.594070,0.453369,-0.255443,0.322298,-0.707075,124.571472,211.814087,-753.347717,0,1
3.000000,-2.708014,1.133131,2.684694,0.982258,-0.058855,0.178058,-0.186978,-0.380352,0.905744,0.014417,-0.922967,-0.384608,0.828737,-0.074159,0.058063,0.551656,-0.255748,0.423370,-0.711927,-0.064236,0.299863,0.069020,-0.178058,-0.905744,0.384609,0.000000,0.000000,0.000000,-1,-0.715347,-0.725845,0.390320,-0.447019,0.146272,-0.725443,125.447510,210.591751,-750.842712,0,0
3.040000,-2.758886,1.160411,2.728299,0.987079,-0.058978,0.148986,-0.160235,-0.365371,0.916967,0.000354,-0.928991,-0.370101,0.825008,-0.066427,0.045254,0.559376,0.259655,-0.235325,0.492685,-0.899308,-0.173762,0.118760,-0.148986,-0.916967,0.370101,0.000000,0.000000,0.000000,-1,-0.387512,-1.208984,0.691269,0.658535,-0.093297,0.699471,126.148331,210.242508,-751.510681,0,0
3.080000,-2.744139,1.119594,2.730961,0.984450,-0.048694,0.168782,-0.174065,-0.399799,0.899923,0.023658,-0.915309,-0.402058,0.834612,-0.066725,0.057644,0.543735,1.047613,1.464374,-0.101270,0.247929,-0.153376,0.376522,-0.168782,-0.899923,0.402058,0.000000,0.000000,0.000000,-1,-0.166397,-0.889526,0.501831,0.655853,1.837800,-0.411226,125.272308,211.115616,-751.343689,0,0
3.120000,-2.738203,1.127006,2.792674,0.985517,0.018710,0.168542,-0.146792,-0.403493,0.903131,0.084903,-0.914791,-0.394903,0.834253,-0.038382,0.075950,0.544775,-0.616589,1.024147,-0.947870,-0.137503,0.123788,-0.263555,-0.168542,-0.903131,0.394903,0.000000,0.000000,0.000000,-1,-0.406158,-1.177658,0.426376,-1.179849,1.447044,-0.789187,125.272308,210.067886,-753.347717,0,0
3.160000,-2.729249,1.151975,2.811850,0.985375,0.049735,0.162982,-0.131684,-0.384775,0.913569,0.108148,-0.921670,-0.372598,0.828062,-0.024741,0.081857,0.554076,-1.180202,1.548192,-0.794057,-0.213651,-0.462209,0.102439,-0.162982,-0.913569,0.372598,0.000000,0.000000,0.000000,-1,-0.238556,-1.287369,0.317963,-1.285007,1.514069,0.072217,124.571472,210.417130,-754.015747,0,0
3.200000,-2.543407,1.195627,2.672834,0.973940,0.094121,0.206353,-0.165546,-0.326903,0.930445,0.155032,-0.940359,-0.302803,0.806791,-0.022132,0.111982,0.579705,-0.611233,-0.640814,0.832784,0.449914,0.045924,-0.154121,-0.206353,-0.930445,0.302803,0.000000,0.000000,0.000000,-1,0.279053,-0.896454,0.167038,-0.238849,-1.014802,0.589066,124.571472,210.067886,-757.021790,0,0
3.240000,-2.557777,1.193323,2.662497,0.976633,0.070092,0.203161,-0.169903,-0.327076,0.929599,0.131606,-0.942395,-0.307524,0.807965,-0.030884,0.103584,0.579231,0.136870,-0.189022,-0.492255,0.316122,0.039218,-0.155501,-0.203161,-0.929599,0.307524,0.000000,0.000000,0.000000,-1,0.099213,-1.000168,0.133148,-0.223494,-0.024262,-0.621829,124.221069,209.718658,-756.687744,0,0
3.280000,-2.579801,1.214768,2.690265,0.979334,0.080177,0.185676,-0.152026,-0.313653,0.937288,0.133387,-0.946146,-0.294982,0.804359,-0.022331,0.099167,0.585384,-0.794055,0.231269,-0.183923,0.336433,-0.237257,-0.183593,-0.185676,-0.937288,0.294983,0.000000,0.000000,0.000000,-1,0.148453,-1.188248,0.104584,-1.140835,0.014801,-0.015149,125.097092,210.591751,-756.520752,0,0
3.320000,-2.518448,1.249321,2.619124,0.980017,0.074598,0.184396,-0.157674,-0.273814,0.948770,0.121266,-0.958885,-0.256580,0.792214,-0.026217,0.096458,0.602002,-1.774315,-0.731127,0.010993,0.394525,-0.290686,-0.184879,-0.184396,-0.948770,0.256580,0.000000,0.000000,0.000000,-1,0.227539,-1.138519,0.055756,-1.867385,-1.366826,-0.121106,125.973129,211.464859,-756.353760,0,0
3.360000,-2.493455,1.316964,2.496097,0.988359,-0.012810,0.151599,-0.151069,-0.200591,0.967957,0.018010,-0.979591,-0.200191,0.772842,-0.053012,0.054865,0.629995,-0.982597,-2.314514,-0.323531,0.352664,-0.025771,-0.073177,-0.151599,-0.967957,0.200191,0.000000,0.000000,0.000000,-1,0.189117,-0.977356,0.176956,-0.978277,-2.502682,-0.376817,127.024368,210.766373,-756.353760,0,0
3.400000,-2.530120,1.347587,2.460268,0.988592,-0.080857,0.127077,-0.139418,-0.171939,0.975192,-0.057001,-0.981784,-0.181250,0.761144,-0.077736,0.011813,0.643799,-1.451176,-2.284098,-0.537629,0.291552,0.121232,0.265224,-0.118075,-0.978211,0.170766,0.000000,0.000000,0.000000,-1,0.173294,-0.833527,0.528152,-1.731730,-1.780142,-0.717481,127.725189,211.814087,-756.687744,0,0
3.440000,-2.585887,1.425090,2.454838,0.987881,-0.134997,0.076595,-0.092056,-0.112278,0.989404,-0.124966,-0.984464,-0.123345,0.745571,-0.076134,-0.016220,0.661865,-0.342896,-0.240868,-1.120709,0.086635,0.226525,0.505531,-0.076595,-0.989404,0.123344,0.000000,0.000000,0.000000,-1,-0.027435,-0.786835,0.616470,0.305907,-0.333555,-1.141108,128.250809,209.893265,-756.854797,0,0
3.480000,-2.928825,1.418497,2.806266,0.991695,-0.124561,0.032036,-0.049925,-0.143261,0.988425,-0.118529,-0.981815,-0.148290,0.755521,-0.057737,-0.028620,0.651948,1.052556,0.656042,-1.155030,-0.074974,0.286154,0.322840,-0.032036,-0.988425,0.148290,0.000000,0.000000,0.000000,-1,-0.131744,-0.693893,0.412689,1.292138,1.504993,-1.058159,132.105331,209.893265,-756.854797,0,0
3.520000,-3.138595,1.375246,3.070432,0.997674,-0.068167,0.000583,-0.013815,-0.193815,0.980941,-0.066755,-0.978667,-0.194306,0.772301,-0.026538,-0.021420,0.634341,0.664167,0.082930,-0.841811,-0.171796,0.057677,-1.199341,-0.000583,-0.980941,0.194306,0.000000,0.000000,0.000000,-1,-0.022934,-1.046509,-1.187210,-0.619742,-3.220971,-0.730681,131.930130,210.067886,-756.019775,0,0
3.560000,2.926649,1.398992,-3.070445,0.989456,-0.140169,-0.036464,0.012153,-0.170527,0.985278,-0.144324,-0.975332,-0.167026,0.762727,-0.041960,-0.059257,0.642632,-1.203062,-1.622997,-0.851825,-0.044491,0.235003,0.270581,0.036464,-0.985278,0.167026,0.000000,0.000000,0.000000,-1,-0.051620,-0.837753,0.657776,-0.978943,-0.396957,-0.986250,133.156570,209.893265,-756.186768,0,0
3.600000,2.529271,1.416654,-2.690266,0.984096,-0.154167,-0.088246,0.066965,-0.138160,0.988144,-0.164532,-0.978338,-0.125639,0.749649,-0.029081,-0.084299,0.655801,-0.772215,-1.296442,-0.849538,-0.361394,-0.000519,0.027041,0.088246,-0.988144,0.125639,0.000000,0.000000,0.000000,-1,-0.240128,-0.979004,0.253128,-0.521588,-1.622101,-0.684729,133.857391,208.845551,-755.852783,0,0
3.640000,2.245716,1.413246,-2.464770,0.970047,-0.209767,-0.122500,0.098269,-0.122313,0.987615,-0.222153,-0.970071,-0.098036,0.739999,-0.037668,-0.116437,0.661381,-0.445264,-1.590863,-0.641197,-0.250323,0.011037,0.309801,0.122500,-0.987615,0.098036,0.000000,0.000000,0.000000,-1,-0.092041,-0.954147,0.414749,-0.442915,-1.741867,-0.660590,136.485489,209.369415,-756.687744,0,0
3.680000,2.065369,1.403409,-2.329237,0.956458,-0.252355,-0.146643,0.120942,-0.114591,0.986023,-0.265632,-0.960826,-0.079081,0.733166,-0.044810,-0.140580,0.663850,-0.403842,-1.400101,-0.691445,-0.213491,0.075959,0.387502,0.146643,-0.986023,0.079081,0.000000,0.000000,0.000000,-1,-0.019821,-0.874634,0.516632,-0.342789,-1.386729,-0.683507,136.835892,208.670929,-756.019775,0,0
3.720000,1.866182,1.379479,-2.198508,0.931158,-0.315991,-0.181917,0.153905,-0.111676,0.981755,-0.330541,-0.942167,-0.055355,0.724256,-0.055949,-0.176891,0.664102,-0.072327,-1.312839,-0.478495,-0.064867,-0.062664,0.579990,0.181917,-0.981755,0.055355,0.000000,0.000000,0.000000,-1,0.066544,-1.035446,0.626144,0.461136,-0.372125,0.000852,137.361511,207.797836,-758.190796,0,1
3.760000,1.950148,1.374387,-2.299416,0.926299,-0.330319,-0.181275,0.145599,-0.129938,0.980774,-0.347522,-0.934883,-0.072267,0.729470,-0.063306,-0.181227,0.656524,0.937820,-0.113401,0.442093,-0.281647,0.272476,0.232130,0.181275,-0.980774,0.072267,0.000000,0.000000,0.000000,-1,-0.069885,-0.640091,0.343903,1.178761,0.047809,0.759051,136.835892,209.369415,-755.351746,0,0
3.800000,2.353593,1.385647,-2.671514,0.944399,-0.301790,-0.130512,0.083386,-0.164125,0.982909,-0.318052,-0.939141,-0.129835,0.748057,-0.072990,-0.149910,0.642347,1.363759,2.122601,1.860135,-0.325870,0.084563,0.202242,0.130512,-0.982909,0.129835,0.000000,0.000000,0.000000,-1,-0.217941,-1.054276,0.287003,1.180599,2.572562,2.429374,134.207809,211.639465,-753.848755,0,0
3.840000,3.077537,1.397729,2.970822,0.972717,-0.231731,-0.011023,-0.029265,-0.169699,0.985061,-0.230140,-0.957864,-0.171851,0.760636,-0.085782,-0.079264,0.638586,0.434022,1.294823,2.741049,-0.143775,-0.891175,-0.091620,0.011023,-0.985061,0.171851,0.000000,0.000000,0.000000,-1,-0.019135,-1.986649,0.086624,0.511726,-0.649769,2.205570,130.703690,212.337952,-753.514709,0,0
3.880000,-2.822864,1.358022,2.562824,0.962514,-0.263034,0.066173,-0.115510,-0.176780,0.977449,-0.245404,-0.948452,-0.200537,0.764825,-0.123735,-0.058586,0.629523,1.318106,-1.070390,1.399567,0.476528,-1.052123,0.031138,-0.066173,-0.977449,0.200537,0.000000,0.000000,0.000000,-1,0.568573,-1.842178,0.283142,1.814255,-0.725586,1.124647,130.353271,213.385666,-753.180725,0,0
3.920000,-2.809092,1.287268,2.545398,0.958116,-0.271433,0.091311,-0.157076,-0.231483,0.960074,-0.239459,-0.934205,-0.264423,0.783266,-0.136770,-0.047285,0.604609,2.811832,0.765549,0.446192,0.668398,-0.207955,-0.036762,-0.091311,-0.960074,0.264423,0.000000,0.000000,0.000000,-1,0.098267,-1.006668,0.047241,3.113764,1.654843,-0.132205,127.900391,216.179596,-751.510681,0,0
3.960000,-2.879732,1.180963,2.708991,0.977316,-0.187546,0.098383,-0.159323,-0.345024,0.924973,-0.139531,-0.919665,-0.367079,0.819972,-0.105757,-0.012546,0.562408,2.139382,1.432841,-0.678017,-0.268546,-0.137863,-1.140409,-0.098383,-0.924973,0.367079,0.000000,0.000000,0.000000,-1,-0.343796,-0.858261,-0.042282,0.411265,2.173122,-0.212192,130.002869,215.830353,-750.174683,0,0
4.000000,-2.786100,1.172092,2.718471,0.986505,-0.092469,0.135123,-0.159409,-0.353988,0.921565,-0.037385,-0.930668,-0.363951,0.822260,-0.076581,0.029716,0.563153,-0.599916,1.651976,0.545742,-0.255197,0.300303,-0.151259,-0.135123,-0.921565,0.363951,0.000000,0.000000,0.000000,-1,-0.098953,-0.540924,0.438583,-0.462037,1.030595,0.756745,129.477249,217.052689,-752.011719,0,0
4.040000,-2.698771,1.172169,2.654328,0.983283,-0.074115,0.166320,-0.181738,-0.342979,0.921595,-0.011260,-0.936415,-0.350715,0.818073,-0.078188,0.047386,0.567800,-0.074511,0.610196,0.811646,0.335006,0.401926,0.117638,-0.166320,-0.921595,0.350715,0.000000,0.000000,0.000000,-1,0.243744,-0.430573,0.490601,0.226445,0.482463,0.747375,129.477249,216.004974,-752.679688,0,0
4.080000,-2.663845,1.129815,2.649034,0.979090,-0.053567,0.196246,-0.201839,-0.376088,0.904333,0.025363,-0.925034,-0.379036,0.826773,-0.077230,0.067010,0.553165,1.221522,0.422408,0.005739,0.404285,0.483603,-0.199273,-0.196246,-0.904333,0.379036,0.000000,0.000000,0.000000,-1,0.220688,-0.564774,0.021317,1.191474,0.149324,-0.123369,129.477249,217.751175,-750.341675,0,0
4.120000,-2.705256,1.102777,2.709279,0.980951,-0.037243,0.190653,-0.189007,-0.409616,0.892464,0.044856,-0.911498,-0.408852,0.836573,-0.067612,0.070379,0.539092,0.458326,0.487324,-0.529702,0.317118,0.189980,-0.273018,-0.190653,-0.892464,0.408852,0.000000,0.000000,0.000000,-1,0.016006,-0.741592,0.270752,0.204190,0.411472,-0.634892,128.075592,217.401932,-751.677734,0,0
4.160000,-2.740111,1.118158,2.767575,0.985245,-0.009172,0.170905,-0.159786,-0.407105,0.899296,0.061328,-0.913335,-0.402564,0.835900,-0.050532,0.069456,0.542120,-0.473452,0.360663,-0.892241,0.070700,0.266499,-0.025580,-0.170905,-0.899296,0.402564,0.000000,0.000000,0.000000,-1,-0.167679,-0.619400,0.414032,-0.655083,0.292235,-0.953572,129.126831,218.449646,-752.679688,0,0
4.200000,-2.778208,1.164275,2.825686,0.989874,0.019925,0.140547,-0.122848,-0.375849,0.918502,0.071126,-0.926467,-0.369595,0.826940,-0.031115,0.063993,0.557770,-1.056634,0.130433,-0.994337,-0.448977,0.166640,0.103366,-0.140547,-0.918502,0.369595,0.000000,0.000000,0.000000,-1,-0.839661,-1.041992,0.571106,-0.854282,-1.012215,-0.505110,130.703690,216.528839,-752.846741,0,1
4.240000,-2.821758,1.194849,2.835964,0.993292,-0.006735,0.115436,-0.110474,-0.350139,0.930160,0.034154,-0.936674,-0.348534,0.820360,-0.035719,0.045587,0.568907,0.020299,-1.143977,0.382377,-0.981899,-0.517792,0.513786,-0.115436,-0.930160,0.348534,0.000000,0.000000,0.000000,-1,-0.357544,-1.336746,0.878876,0.955329,-0.384694,0.803887,129.827652,218.100418,-753.013733,0,0
