0.000000,1.526489,-0.120289,0.095298,0.055499,-0.115123,-0.991800,-0.094466,0.988269,-0.119999,0.993980,0.100351,0.043972,-0.076251,0.687168,-0.007148,0.722451,0.001237,0.095497,0.003755,0.001761,-0.001881,0.004101,0.991800,0.119999,-0.043972,0.000000,0.000000,0.000000,-1,0.997696,0.120560,-0.037216,-0.022074,0.100555,-0.007663,78.403229,228.529572,-555.052612,0,0
0.040000,1.530531,-0.120081,0.095214,0.051451,-0.115326,-0.991994,-0.094386,0.988302,-0.119793,0.994205,0.099794,0.039964,-0.076133,0.688638,-0.007260,0.721061,0.002294,0.093389,0.003757,0.005335,0.000187,0.003175,0.991994,0.119793,-0.039964,0.000000,0.000000,0.000000,-1,0.995773,0.122162,-0.036133,-0.022078,0.098446,-0.006590,76.469513,229.056946,-554.549866,0,0
0.080000,1.535250,-0.119839,0.095249,0.046741,-0.115555,-0.992201,-0.094423,0.988328,-0.119552,0.994434,0.099275,0.035284,-0.076041,0.690345,-0.007343,0.719436,-0.001951,0.093458,0.010177,0.002230,0.002564,0.001471,0.992201,0.119552,-0.035284,0.000000,0.000000,0.000000,-1,0.994858,0.121826,-0.036148,-0.027370,0.103803,-0.000177,78.051651,229.232727,-554.382263,0,0
0.120000,1.538160,-0.119620,0.095362,0.043839,-0.115623,-0.992325,-0.094537,0.988343,-0.119335,0.994556,0.099043,0.032398,-0.075991,0.691395,-0.007337,0.718432,-0.004050,0.101949,0.012287,0.002197,0.002201,-0.001965,0.992325,0.119335,-0.032398,0.000000,0.000000,0.000000,-1,0.992844,0.117935,-0.029648,-0.025235,0.104871,0.000868,77.875854,228.353775,-555.555420,0,0
0.160000,1.542674,-0.118879,0.095488,0.039293,-0.115331,-0.992550,-0.094670,0.988419,-0.118599,0.994733,0.098625,0.027920,-0.075754,0.693038,-0.007205,0.716874,-0.000921,0.076569,0.016622,0.001072,-0.002663,0.000561,0.992550,0.118599,-0.027920,0.000000,0.000000,0.000000,-1,0.996460,0.115173,-0.022400,-0.025311,0.075264,0.006306,78.051651,229.232727,-553.041565,0,0
0.200000,1.544697,-0.118114,0.095647,0.037227,-0.114769,-0.992694,-0.094835,0.988494,-0.117840,0.994797,0.098529,0.025915,-0.075529,0.693785,-0.006958,0.716177,-0.006322,0.046973,0.022109,0.004269,-0.005734,0.003942,0.992694,0.117840,-0.025915,0.000000,0.000000,0.000000,-1,0.998032,0.111206,-0.022278,-0.030699,0.047797,0.013908,78.403229,228.529572,-554.382263,0,0
0.240000,1.546538,-0.116604,0.096220,0.035317,-0.113437,-0.992917,-0.095419,0.988615,-0.116339,0.994810,0.098852,0.024091,-0.075184,0.694480,-0.006295,0.715546,-0.019075,0.046021,0.032880,0.003253,-0.003653,-0.001498,0.992917,0.116339,-0.024091,0.000000,0.000000,0.000000,-1,0.996262,0.109451,-0.019455,-0.047666,0.061669,0.024641,78.051651,227.826401,-555.722961,0,0
0.280000,1.550210,-0.114026,0.097583,0.031570,-0.111208,-0.993296,-0.096795,0.988779,-0.113779,0.994804,0.099738,0.020451,-0.074732,0.695837,-0.005045,0.714283,-0.029547,0.095886,0.042385,0.003576,-0.007303,-0.011684,0.993296,0.113779,-0.020451,0.000000,0.000000,0.000000,-1,0.996353,0.105423,-0.025604,-0.052837,0.107272,0.030902,78.930603,229.408524,-553.209167,0,0
0.320000,1.552910,-0.112434,0.098465,0.028826,-0.109878,-0.993527,-0.097685,0.988873,-0.112197,0.994800,0.100287,0.017772,-0.074467,0.696828,-0.004273,0.713350,-0.028498,0.091618,0.040276,0.004993,-0.004333,-0.007268,0.993527,0.112197,-0.017772,0.000000,0.000000,0.000000,-1,1.001801,0.112991,-0.016281,-0.048639,0.090285,0.026672,78.754807,228.529572,-552.371216,0,0
0.360000,1.555803,-0.111089,0.099359,0.025915,-0.108814,-0.993724,-0.098585,0.988934,-0.110861,0.994791,0.100839,0.014900,-0.074296,0.697875,-0.003590,0.712346,-0.015847,0.057630,0.030717,0.007008,0.004725,-0.000511,0.993724,0.110861,-0.014900,0.000000,0.000000,0.000000,-1,1.000214,0.118912,-0.012543,-0.037037,0.062646,0.016032,79.282196,228.353775,-552.873962,0,0
0.400000,1.559641,-0.110406,0.100341,0.022136,-0.108503,-0.993850,-0.099563,0.988912,-0.110182,0.994785,0.101390,0.011087,-0.074391,0.699230,-0.003143,0.711009,-0.025340,0.093532,0.022106,0.002763,0.005175,0.002863,0.993850,0.110182,-0.011087,0.000000,0.000000,0.000000,-1,0.996582,0.112305,-0.010391,-0.052858,0.116617,0.010626,78.403229,228.529572,-552.706360,0,0
0.440000,1.563235,-0.109783,0.101317,0.018603,-0.108233,-0.993951,-0.100535,0.988883,-0.109563,0.994760,0.101965,0.007515,-0.074508,0.700493,-0.002712,0.709754,-0.035869,0.132721,0.022039,0.003851,-0.000676,-0.003441,0.993951,0.109563,-0.007515,0.000000,0.000000,0.000000,-1,1.000427,0.102234,-0.010132,-0.060219,0.146285,0.011637,78.051651,229.232727,-554.717407,0,0
0.480000,1.568370,-0.108335,0.102625,0.013490,-0.107305,-0.994135,-0.101844,0.988907,-0.108123,0.994709,0.102706,0.002412,-0.074450,0.702318,-0.001928,0.707956,-0.026347,0.110491,0.024193,0.008017,-0.009917,-0.000365,0.994135,0.108123,-0.002412,0.000000,0.000000,0.000000,-1,0.997116,0.095596,-0.000458,-0.036990,0.082721,0.010630,78.227432,228.353775,-552.203613,0,0
0.520000,1.570974,-0.106717,0.103170,0.010793,-0.105967,-0.994311,-0.102401,0.989024,-0.106515,0.994685,0.102968,-0.000177,-0.074070,0.703279,-0.001261,0.707043,-0.009503,0.049018,0.021116,0.001035,-0.011239,-0.005182,0.994311,0.106515,0.000177,0.000000,0.000000,0.000000,-1,0.993286,0.100510,0.004776,-0.034993,0.041384,0.007573,78.051651,228.881149,-552.371216,0,0
0.560000,1.572575,-0.105564,0.103674,0.009135,-0.104986,-0.994432,-0.102912,0.989094,-0.105368,0.994649,0.103302,-0.001769,-0.073841,0.703869,-0.000734,0.706481,-0.010697,0.010850,0.015953,-0.000886,-0.004507,0.005448,0.994432,0.105368,0.001769,0.000000,0.000000,0.000000,-1,0.991089,0.106949,0.009048,-0.034047,0.005334,0.003440,76.645309,228.881149,-553.376709,0,0
0.600000,1.572654,-0.105144,0.104216,0.009070,-0.104574,-0.994476,-0.103452,0.989082,-0.104951,0.994593,0.103833,-0.001847,-0.073884,0.703892,-0.000397,0.706453,-0.015069,-0.019920,0.008644,-0.004012,0.002822,0.009170,0.994476,0.104951,0.001847,0.000000,0.000000,0.000000,-1,0.992722,0.109924,0.007416,-0.039426,-0.003246,-0.008205,77.875854,229.408524,-553.209167,0,0
0.640000,1.572767,-0.105348,0.105023,0.009063,-0.104780,-0.994454,-0.104249,0.988977,-0.105153,0.994510,0.104624,-0.001960,-0.074240,0.703895,-0.000188,0.706413,-0.013939,0.007568,0.002128,-0.000069,0.005809,0.000924,0.994454,0.105153,0.001960,0.000000,0.000000,0.000000,-1,0.993835,0.106400,-0.003357,-0.034022,0.024280,-0.009415,77.524277,228.353775,-552.203613,0,0
0.680000,1.573238,-0.105358,0.105285,0.008623,-0.104837,-0.994452,-0.104508,0.988948,-0.105163,0.994487,0.104835,-0.002428,-0.074336,0.704051,-0.000116,0.706248,-0.007480,0.030861,0.001989,0.001001,0.001008,-0.006136,0.994452,0.105163,0.002428,0.000000,0.000000,0.000000,-1,0.996002,0.107025,-0.002670,-0.026514,0.043333,-0.010610,77.700058,228.529572,-553.376709,0,0
0.720000,1.574528,-0.105422,0.105264,0.007345,-0.105035,-0.994441,-0.104486,0.988944,-0.105226,0.994499,0.104679,-0.003711,-0.074351,0.704505,-0.000194,0.705794,0.001091,0.049893,-0.000282,0.004109,0.000639,-0.006305,0.994441,0.105226,0.003711,0.000000,0.000000,0.000000,-1,0.998154,0.106766,0.002930,-0.020086,0.058139,-0.012846,78.227432,227.650604,-552.873962,0,0
0.760000,1.576832,-0.105498,0.105040,0.005038,-0.105353,-0.994422,-0.104264,0.988959,-0.105303,0.994537,0.104213,-0.006003,-0.074298,0.705323,-0.000386,0.704981,0.005349,0.051977,-0.003518,0.002923,-0.001467,0.000025,0.994422,0.105303,0.006003,0.000000,0.000000,0.000000,-1,0.997742,0.104004,0.005936,-0.017947,0.061316,-0.012875,77.348480,227.826401,-552.371216,0,0
0.800000,1.578395,-0.105465,0.104878,0.003463,-0.105483,-0.994415,-0.104104,0.988980,-0.105269,0.994560,0.103887,-0.007556,-0.074229,0.705881,-0.000490,0.704430,0.006423,0.054103,-0.002466,0.003052,0.000184,-0.002628,0.994415,0.105269,0.007556,0.000000,0.000000,0.000000,-1,0.996857,0.105682,0.006638,-0.014815,0.043281,-0.016027,76.645309,227.826401,-552.371216,0,0
0.840000,1.579497,-0.105525,0.104519,0.002336,-0.105658,-0.994400,-0.103749,0.989011,-0.105329,0.994601,0.103414,-0.008652,-0.074123,0.706280,-0.000678,0.704041,0.009500,0.017008,-0.004479,0.001724,-0.003263,-0.003342,0.994400,0.105329,0.008652,0.000000,0.000000,0.000000,-1,0.998291,0.104248,0.004410,-0.015978,0.012546,-0.018034,77.875854,228.705353,-552.203613,0,0
0.880000,1.579385,-0.105557,0.104179,0.002415,-0.105679,-0.994397,-0.103412,0.989042,-0.105361,0.994636,0.103087,-0.008540,-0.074014,0.706252,-0.000805,0.704080,0.008363,-0.006308,-0.005442,0.003939,-0.003295,-0.001750,0.994397,0.105361,0.008540,0.000000,0.000000,0.000000,-1,0.995392,0.103088,0.003281,-0.012808,0.001984,-0.014823,78.403229,226.771652,-552.036011,0,0
0.920000,1.578767,-0.105584,0.103702,0.002981,-0.105643,-0.994400,-0.102940,0.989089,-0.105388,0.994683,0.102678,-0.007926,-0.073856,0.706051,-0.000960,0.704298,0.008391,0.001118,-0.003335,-0.001525,-0.003200,-0.003715,0.994400,0.105388,0.007927,0.000000,0.000000,0.000000,-1,0.991211,0.102264,0.006714,-0.015930,0.023197,-0.011682,77.524277,229.056946,-551.868408,0,0
0.960000,1.579399,-0.105422,0.103504,0.002315,-0.105549,-0.994411,-0.102746,0.989126,-0.105227,0.994705,0.102415,-0.008555,-0.073729,0.706287,-0.000995,0.704075,0.003212,0.043539,0.002943,-0.001751,-0.003573,-0.004405,0.994411,0.105227,0.008555,0.000000,0.000000,0.000000,-1,0.997894,0.102448,0.005890,-0.020078,0.058169,-0.009650,77.875854,227.650604,-551.868408,0,0
1.000000,1.581222,-0.105199,0.103342,0.000462,-0.105515,-0.994418,-0.102588,0.989166,-0.105005,0.994724,0.102064,-0.010368,-0.073593,0.706943,-0.001040,0.703431,0.002087,0.028643,-0.003379,0.007825,-0.001474,-0.004570,0.994418,0.105005,0.010368,0.000000,0.000000,0.000000,-1,1.000427,0.102432,0.007629,-0.018070,0.023158,-0.015927,77.700058,227.123230,-553.711914,0,0
1.040000,1.581229,-0.105333,0.102992,0.000431,-0.105648,-0.994403,-0.102240,0.989188,-0.105138,0.994760,0.101713,-0.010375,-0.073515,0.706953,-0.001211,0.703428,0.012629,-0.003179,-0.007600,0.006878,-0.000096,-0.002898,0.994404,0.105138,0.010375,0.000000,0.000000,0.000000,-1,0.998917,0.105255,0.006210,-0.011741,0.006180,-0.019108,77.875854,228.705353,-551.868408,0,0
1.080000,1.581037,-0.105555,0.102659,0.000610,-0.105849,-0.994382,-0.101908,0.989199,-0.105359,0.994794,0.101400,-0.010183,-0.073476,0.706890,-0.001400,0.703496,0.008379,-0.000004,-0.007579,0.002353,0.001223,0.000025,0.994382,0.105359,0.010183,0.000000,0.000000,0.000000,-1,0.994476,0.106644,0.012375,-0.017061,0.007241,-0.019071,77.875854,229.056946,-552.538818,0,0
1.120000,1.580921,-0.106089,0.102454,0.000758,-0.106365,-0.994327,-0.101700,0.989163,-0.105890,0.994815,0.101203,-0.010067,-0.073590,0.706837,-0.001658,0.703536,-0.000160,-0.005314,-0.009628,0.000272,0.003882,0.002216,0.994327,0.105890,0.010067,0.000000,0.000000,0.000000,-1,0.993225,0.107117,0.012817,-0.028770,0.008303,-0.018984,77.348480,228.177979,-552.036011,0,0
1.160000,1.581253,-0.106448,0.102629,0.000483,-0.106754,-0.994285,-0.101869,0.989108,-0.106247,0.994798,0.101338,-0.010398,-0.073777,0.706934,-0.001736,0.703419,-0.003307,0.005344,-0.003255,0.000756,0.000900,0.003641,0.994285,0.106247,0.010398,0.000000,0.000000,0.000000,-1,0.992081,0.109146,0.011932,-0.026602,0.015776,-0.012637,77.524277,228.353775,-551.198120,0,0
1.200000,1.582001,-0.106730,0.102777,-0.000217,-0.107108,-0.994247,-0.102013,0.989063,-0.106527,0.994783,0.101403,-0.011141,-0.073928,0.707181,-0.001812,0.703155,-0.005391,0.018087,-0.000098,0.000870,0.003855,0.002272,0.994247,0.106527,0.011141,0.000000,0.000000,0.000000,-1,0.997742,0.112259,0.010376,-0.027620,0.029564,-0.010550,76.469513,227.299026,-552.873962,0,0
1.240000,1.582523,-0.106862,0.102871,-0.000713,-0.107292,-0.994227,-0.102104,0.989039,-0.106659,0.994774,0.101438,-0.011660,-0.074006,0.707356,-0.001845,0.702970,-0.002188,0.020212,0.000929,0.004613,0.002930,-0.002871,0.994227,0.106659,0.011660,0.000000,0.000000,0.000000,-1,0.999008,0.110519,0.009338,-0.026563,0.025347,-0.008412,78.579025,227.299026,-551.198120,0,0
1.280000,1.583311,-0.106943,0.103060,-0.001468,-0.107452,-0.994209,-0.102290,0.989011,-0.106739,0.994754,0.101541,-0.012443,-0.074101,0.707623,-0.001836,0.702691,-0.007513,0.017063,0.004173,0.002571,0.000652,0.001809,0.994209,0.106739,0.012443,0.000000,0.000000,0.000000,-1,0.999191,0.102844,0.017746,-0.034029,0.020063,-0.007269,77.700058,227.826401,-551.700867,0,0
1.320000,1.584029,-0.106328,0.103623,-0.002184,-0.106918,-0.994265,-0.102854,0.989019,-0.106128,0.994694,0.102032,-0.013157,-0.074085,0.707877,-0.001446,0.702438,-0.017109,0.007599,0.010684,0.004666,-0.008365,0.005336,0.994265,0.106128,0.013157,0.000000,0.000000,0.000000,-1,0.997742,0.095825,0.014359,-0.042534,0.014878,0.004535,78.754807,228.881149,-553.041565,0,0
1.360000,1.584407,-0.105391,0.104224,-0.002593,-0.106031,-0.994359,-0.103459,0.989055,-0.105196,0.994630,0.102602,-0.013535,-0.073970,0.708022,-0.000916,0.702305,-0.021344,0.008741,0.019247,0.003947,-0.009707,0.000748,0.994359,0.105196,0.013535,0.000000,0.000000,0.000000,-1,0.994446,0.093933,0.012100,-0.045674,0.026598,0.011973,78.403229,227.474808,-552.036011,0,0
1.400000,1.585141,-0.103339,0.105310,-0.003422,-0.104081,-0.994563,-0.104555,0.989155,-0.103155,0.994513,0.103634,-0.014267,-0.073638,0.708316,0.000169,0.702044,-0.020260,0.007721,0.025638,-0.002528,-0.008047,-0.000092,0.994563,0.103155,0.014267,0.000000,0.000000,0.000000,-1,0.990921,0.097870,0.015411,-0.044639,0.014967,0.014139,78.051651,228.881149,-550.695312,0,0
1.440000,1.585426,-0.102397,0.106012,-0.003732,-0.103181,-0.994656,-0.105259,0.989177,-0.102218,0.994438,0.104315,-0.014552,-0.073558,0.708425,0.000740,0.701943,-0.025589,0.007703,0.023553,0.000248,-0.001327,-0.000560,0.994656,0.102218,0.014552,0.000000,0.000000,0.000000,-1,0.991699,0.107681,0.013123,-0.045689,0.024450,0.008785,77.172684,228.002182,-552.203613,0,0
1.480000,1.586182,-0.101830,0.106923,-0.004450,-0.102703,-0.994702,-0.106167,0.989139,-0.101654,0.994338,0.105152,-0.015305,-0.073683,0.708677,0.001234,0.701674,-0.023392,0.036227,0.015966,-0.000714,0.007553,-0.002107,0.994702,0.101654,0.015305,0.000000,0.000000,0.000000,-1,0.995041,0.109344,0.018723,-0.049851,0.063561,0.000148,78.051651,229.232727,-550.695312,0,0
1.520000,1.589294,-0.101737,0.108257,-0.007417,-0.102949,-0.994659,-0.107487,0.989005,-0.101562,0.994179,0.106160,-0.018401,-0.074126,0.709722,0.001620,0.700569,-0.027588,0.061602,0.010566,0.001831,0.003571,-0.000609,0.994659,0.101562,0.018401,0.000000,0.000000,0.000000,-1,1.000778,0.101410,0.015915,-0.049850,0.064610,-0.000921,77.172684,228.002182,-552.873962,0,0
1.560000,1.590805,-0.101357,0.108965,-0.008887,-0.102739,-0.994669,-0.108192,0.988967,-0.101183,0.994090,0.106716,-0.019904,-0.074246,0.710239,0.001947,0.700031,-0.015959,0.034059,0.010583,0.005298,-0.007857,-0.000880,0.994686,0.100936,0.020274,0.000000,0.000000,0.000000,-1,1.002045,0.090698,0.017761,-0.034005,0.020152,0.002319,76.645309,226.068481,-551.365662,0,0
1.600000,1.591313,-0.099972,0.109424,-0.009495,-0.101428,-0.994798,-0.108660,0.989056,-0.099806,0.994034,0.107147,-0.020413,-0.073928,0.710451,0.002583,0.699848,0.000959,-0.009326,0.015953,0.002792,-0.005613,-0.005123,0.994798,0.099806,0.020413,0.000000,0.000000,0.000000,-1,0.993347,0.093323,0.015289,-0.017026,-0.002055,0.006532,78.227432,229.056946,-551.868408,0,0
1.640000,1.590888,-0.099142,0.109148,-0.009190,-0.100560,-0.994889,-0.108397,0.989168,-0.098980,0.994065,0.106933,-0.019991,-0.073541,0.710343,0.002799,0.699997,0.010579,0.000229,0.019045,-0.001419,-0.005795,-0.004351,0.994889,0.098980,0.019991,0.000000,0.000000,0.000000,-1,0.995071,0.096237,0.019562,-0.014849,0.013832,0.006455,78.227432,228.002182,-552.538818,0,0
1.680000,1.590776,-0.098347,0.108830,-0.009198,-0.099759,-0.994969,-0.108090,0.989280,-0.098189,0.994099,0.106643,-0.019882,-0.073151,0.710345,0.002975,0.700036,0.005199,-0.010453,0.009543,0.001842,0.000276,-0.000061,0.994969,0.098189,0.019882,0.000000,0.000000,0.000000,-1,0.995605,0.094818,0.019989,-0.022466,-0.027621,-0.009310,76.996887,228.529572,-551.700867,0,0
1.720000,1.588547,-0.098048,0.108952,-0.007002,-0.099225,-0.995040,-0.108215,0.989296,-0.097891,0.994103,0.106992,-0.017665,-0.073086,0.709571,0.003207,0.700826,-0.006711,-0.065645,-0.002937,0.001053,-0.006811,-0.001170,0.995040,0.097891,0.017665,0.000000,0.000000,0.000000,-1,0.998047,0.094711,0.012848,-0.031103,-0.062619,-0.014439,77.172684,228.002182,-552.203613,0,0
1.760000,1.586252,-0.097877,0.109218,-0.004712,-0.098811,-0.995095,-0.108480,0.989284,-0.097721,0.994088,0.107487,-0.015381,-0.073117,0.708763,0.003445,0.701639,-0.012064,-0.076228,-0.001785,0.002341,-0.006397,-0.000244,0.995095,0.097721,0.015381,0.000000,0.000000,0.000000,-1,0.999649,0.090820,0.014374,-0.033246,-0.068954,-0.012268,77.348480,227.826401,-553.376709,0,0
1.800000,1.583011,-0.097528,0.109530,-0.001498,-0.098118,-0.995174,-0.108791,0.989284,-0.097374,0.994063,0.108120,-0.012156,-0.073100,0.707626,0.003797,0.702785,-0.006772,-0.086821,-0.001778,0.004704,-0.003715,0.002507,0.995174,0.097374,0.012156,0.000000,0.000000,0.000000,-1,0.998459,0.095856,0.012772,-0.031176,-0.085930,-0.015416,77.524277,228.353775,-552.203613,0,0
1.840000,1.580374,-0.097492,0.109763,0.001142,-0.097796,-0.995206,-0.109023,0.989262,-0.097337,0.994039,0.108611,-0.009533,-0.073165,0.706692,0.003988,0.703717,-0.007878,-0.098489,-0.003853,0.003253,-0.001482,0.003239,0.995206,0.097337,0.009533,0.000000,0.000000,0.000000,-1,0.991135,0.098099,0.012329,-0.033330,-0.092304,-0.017506,78.227432,227.650604,-552.538818,0,0
1.880000,1.576256,-0.097624,0.110379,0.005310,-0.097476,-0.995224,-0.109631,0.989182,-0.097469,0.993958,0.109625,-0.005434,-0.073420,0.705214,0.004309,0.705170,-0.012038,-0.068786,0.000329,-0.007492,0.002262,0.001219,0.995224,0.097469,0.005434,0.000000,0.000000,0.000000,-1,0.993225,0.099228,-0.000519,-0.034256,-0.049899,-0.013396,77.172684,228.353775,-554.214661,0,0
1.920000,1.573966,-0.097932,0.110709,0.007652,-0.097527,-0.995203,-0.109954,0.989116,-0.097776,0.993907,0.110175,-0.003155,-0.073639,0.704382,0.004401,0.705977,-0.006641,-0.041296,-0.004082,-0.000315,0.003542,-0.004894,0.995203,0.097776,0.003155,0.000000,0.000000,0.000000,-1,0.997330,0.101822,-0.001801,-0.031021,-0.031944,-0.018815,78.930603,228.002182,-553.209167,0,0
1.960000,1.572027,-0.098474,0.110922,0.009660,-0.097847,-0.995155,-0.110158,0.989040,-0.098315,0.993867,0.110574,-0.001225,-0.073900,0.703670,0.004355,0.706660,-0.004557,-0.051942,-0.009389,0.006707,0.003537,-0.000782,0.995155,0.098315,0.001225,0.000000,0.000000,0.000000,-1,1.001144,0.100632,-0.000412,-0.029019,-0.069073,-0.025084,78.227432,228.002182,-552.873962,0,0
2.000000,1.567715,-0.099240,0.111328,0.014069,-0.098121,-0.995075,-0.110552,0.988920,-0.099077,0.993771,0.111401,0.003066,-0.074303,0.702101,0.004388,0.708176,-0.012196,-0.110234,-0.013375,0.005749,0.000654,-0.002580,0.995075,0.099077,-0.003066,0.000000,0.000000,0.000000,-1,0.999878,0.100601,-0.008087,-0.036600,-0.110388,-0.025935,77.348480,228.529572,-553.041565,0,0
2.040000,1.564093,-0.099692,0.111709,0.017756,-0.098157,-0.995012,-0.110924,0.988833,-0.099527,0.993670,0.112138,0.006670,-0.074588,0.700786,0.004499,0.709447,-0.013264,-0.111297,-0.013364,0.004865,0.002981,-0.003553,0.995012,0.099527,-0.006670,0.000000,0.000000,0.000000,-1,0.997742,0.104248,-0.014603,-0.035478,-0.092373,-0.024946,77.348480,228.177979,-555.387817,0,0
2.080000,1.559769,-0.100556,0.112178,0.022194,-0.098516,-0.994888,-0.111378,0.988695,-0.100387,0.993530,0.113036,0.010971,-0.075047,0.699201,0.004523,0.710961,-0.012166,-0.099663,-0.014488,-0.000213,0.004746,-0.004166,0.994888,0.100387,-0.010971,0.000000,0.000000,0.000000,-1,0.995132,0.102249,-0.015823,-0.033357,-0.093452,-0.027089,78.579025,228.705353,-552.873962,0,0
2.120000,1.555610,-0.101281,0.112559,0.026445,-0.098750,-0.994761,-0.111746,0.988580,-0.101108,0.993385,0.113834,0.015108,-0.075427,0.697679,0.004560,0.712414,-0.008982,-0.104943,-0.012366,-0.001765,0.002225,0.000811,0.994761,0.101108,-0.015108,0.000000,0.000000,0.000000,-1,0.997025,0.098480,-0.018478,-0.032291,-0.096590,-0.022825,78.579025,227.650604,-553.209167,0,0
2.160000,1.551356,-0.101538,0.112927,0.030735,-0.098508,-0.994661,-0.112107,0.988513,-0.101363,0.993221,0.114624,0.019339,-0.075637,0.696139,0.004762,0.713895,-0.008958,-0.103807,-0.003846,0.004103,-0.003112,0.000570,0.994662,0.101363,-0.019339,0.000000,0.000000,0.000000,-1,1.003357,0.095566,-0.022705,-0.028008,-0.096503,-0.013270,78.403229,228.881149,-552.706360,0,0
2.200000,1.545434,-0.101081,0.113038,0.036576,-0.097372,-0.994576,-0.112222,0.988551,-0.100878,0.992954,0.115441,0.026766,-0.075479,0.693484,0.005250,0.716488,0.000481,-0.155660,0.001611,0.006163,0.000074,-0.000440,0.994539,0.100878,-0.026766,0.000000,0.000000,0.000000,-1,0.998062,0.100037,-0.028961,-0.022890,-0.166388,-0.010917,78.754807,227.123230,-553.711914,0,0
2.240000,1.538009,-0.100815,0.113008,0.043916,-0.096252,-0.994388,-0.112195,0.988576,-0.100644,0.992715,0.115985,0.032615,-0.075373,0.691384,0.005547,0.718524,0.001364,-0.217084,0.002904,-0.000598,-0.006833,-0.001534,0.994388,0.100644,-0.032615,0.000000,0.000000,0.000000,-1,0.992783,0.094284,-0.038971,-0.025187,-0.222512,-0.009624,79.282196,229.056946,-554.549866,0,0
2.280000,1.530787,-0.100511,0.113054,0.051054,-0.095109,-0.994157,-0.112244,0.988602,-0.100341,0.992368,0.116711,0.039797,-0.075259,0.688794,0.005941,0.721015,-0.001912,-0.241476,-0.000169,-0.002351,-0.003540,-0.000120,0.994157,0.100341,-0.039797,0.000000,0.000000,0.000000,-1,0.986877,0.097000,-0.044891,-0.028373,-0.218294,-0.011746,78.579025,227.650604,-553.879517,0,0
2.320000,1.520728,-0.100341,0.113336,0.061041,-0.093746,-0.993723,-0.112524,0.988587,-0.100173,0.991772,0.117933,0.049795,-0.075264,0.685155,0.006480,0.724469,-0.010096,-0.134463,0.003757,-0.004786,-0.001327,0.000845,0.993723,0.100173,-0.049795,0.000000,0.000000,0.000000,-1,0.990295,0.099792,-0.049942,-0.034384,-0.097501,-0.006825,77.875854,227.650604,-554.885010,0,0
2.360000,1.517013,-0.100372,0.113813,0.064773,-0.093306,-0.993528,-0.112996,0.988530,-0.100204,0.991482,0.118755,0.053487,-0.075426,0.683789,0.006782,0.725739,-0.011012,-0.081548,-0.000698,0.005144,0.003938,-0.002834,0.993528,0.100204,-0.053487,0.000000,0.000000,0.000000,-1,0.997208,0.102768,-0.056686,-0.032245,-0.089088,-0.013265,79.457977,228.881149,-555.052612,0,0
2.400000,1.513468,-0.100673,0.113977,0.068337,-0.093171,-0.993302,-0.113155,0.988481,-0.100503,0.991224,0.119265,0.057007,-0.075579,0.682484,0.006872,0.726950,-0.000563,-0.141984,-0.006948,0.001662,0.004859,-0.003341,0.993302,0.100503,-0.057007,0.000000,0.000000,0.000000,-1,0.992264,0.106567,-0.063400,-0.015502,-0.179198,-0.021580,79.282196,228.002182,-556.560913,0,0
2.440000,1.505746,-0.101397,0.113667,0.076041,-0.092984,-0.992760,-0.112840,0.988444,-0.101223,0.990699,0.119720,0.064670,-0.075709,0.679657,0.006804,0.729581,0.008796,-0.209854,-0.015313,0.002937,0.004139,-0.002713,0.992760,0.101223,-0.064670,0.000000,0.000000,0.000000,-1,0.994965,0.105835,-0.073761,-0.020904,-0.201478,-0.025716,78.403229,227.123230,-556.058167,0,0
2.480000,1.495249,-0.102456,0.113497,0.086540,-0.092782,-0.991919,-0.112660,0.988356,-0.102277,0.989858,0.120600,0.075079,-0.076001,0.675784,0.006778,0.733140,-0.000713,-0.185498,-0.015336,0.003855,0.003451,-0.005213,0.991919,0.102277,-0.075079,0.000000,0.000000,0.000000,-1,0.991577,0.103912,-0.083984,-0.024020,-0.173959,-0.027925,79.282196,228.353775,-557.231262,0,0
2.520000,1.489620,-0.103043,0.113477,0.092175,-0.092681,-0.991420,-0.112633,0.988298,-0.102861,0.989352,0.121147,0.080657,-0.076189,0.673696,0.006786,0.735039,-0.002819,-0.177038,-0.016418,-0.003414,0.001479,-0.000688,0.991420,0.102861,-0.080657,0.000000,0.000000,0.000000,-1,0.986938,0.100601,-0.082764,-0.021855,-0.162309,-0.027986,78.403229,228.177979,-556.728516,0,0
2.560000,1.484458,-0.103493,0.113431,0.097327,-0.092501,-0.990945,-0.112583,0.988257,-0.103308,0.988864,0.121618,0.085770,-0.076321,0.671781,0.006814,0.737814,0.000479,-0.145236,-0.013364,-0.003380,-0.002617,-0.001607,0.990654,0.103508,-0.088832,0.000000,0.000000,0.000000,-1,0.987717,0.102112,-0.094910,-0.026004,-0.127337,-0.025954,78.930603,227.650604,-556.225708,0,0
2.600000,1.475966,-0.104195,0.113496,0.105805,-0.092150,-0.990108,-0.112638,0.988178,-0.104007,0.987987,0.122528,0.094175,-0.076571,0.668618,0.006925,0.739621,-0.004736,-0.110281,-0.012389,-0.001277,-0.000476,-0.007388,0.990108,0.104007,-0.094174,0.000000,0.000000,0.000000,-1,0.991638,0.102005,-0.106125,-0.030165,-0.097650,-0.022837,79.282196,228.002182,-556.896118,0,0
2.640000,1.472567,-0.104389,0.113539,0.109188,-0.091919,-0.989762,-0.112679,0.988153,-0.104200,0.987614,0.122902,0.097537,-0.076645,0.667351,0.007006,0.740756,-0.000373,-0.080585,-0.007205,0.002502,-0.001386,-0.008374,0.989762,0.104200,-0.097537,0.000000,0.000000,0.000000,-1,0.991989,0.103653,-0.113022,-0.019402,-0.063711,-0.017721,79.809570,228.177979,-556.058167,0,0
2.680000,1.468741,-0.104516,0.113020,0.112933,-0.091631,-0.989368,-0.112164,0.988198,-0.104326,0.987251,0.122754,0.101323,-0.076506,0.665947,0.006918,0.742033,0.015759,-0.031837,-0.002185,0.002056,0.001692,-0.011638,0.989368,0.104326,-0.101323,0.000000,0.000000,0.000000,-1,0.992920,0.104691,-0.116440,-0.008591,-0.012836,-0.013734,79.106400,227.474808,-556.393311,0,0
2.720000,1.467128,-0.104537,0.112333,0.114464,-0.091533,-0.989201,-0.111485,0.988273,-0.104347,0.987152,0.122225,0.102917,-0.076280,0.665374,0.006717,0.742572,0.011630,0.010508,-0.002312,0.000941,-0.000816,-0.017062,0.989202,0.104347,-0.102917,0.000000,0.000000,0.000000,-1,0.990250,0.102234,-0.119385,-0.012713,0.031659,-0.012804,79.106400,227.474808,-556.393311,0,0
2.760000,1.467129,-0.104397,0.111869,0.114406,-0.091448,-0.989216,-0.111028,0.988339,-0.104208,0.987210,0.121752,0.102918,-0.076073,0.665397,0.006592,0.742574,0.011728,0.042267,-0.002430,0.002987,-0.003973,-0.019976,0.989216,0.104208,-0.102919,0.000000,0.000000,0.000000,-1,0.986145,0.097824,-0.123428,-0.012593,0.073995,-0.016160,79.282196,228.002182,-558.571960,0,0
2.800000,1.468528,-0.104052,0.111379,0.112941,-0.091334,-0.989395,-0.110547,0.988429,-0.103864,0.987433,0.121106,0.101538,-0.075787,0.665949,0.006472,0.742110,0.002308,0.099389,-0.007889,-0.003860,-0.011869,-0.022089,0.989395,0.103864,-0.101538,0.000000,0.000000,0.000000,-1,0.982224,0.091080,-0.119461,-0.030473,0.151268,-0.021637,78.403229,229.232727,-556.058167,0,0
2.840000,1.474746,-0.103534,0.111931,0.106794,-0.091517,-0.990061,-0.111099,0.988421,-0.103349,0.988055,0.121032,0.095390,-0.075801,0.668251,0.006615,0.740034,-0.036806,0.193604,-0.011115,-0.005197,-0.019319,-0.018166,0.990061,0.103349,-0.095390,0.000000,0.000000,0.000000,-1,0.990952,0.078369,-0.103348,-0.071809,0.213767,-0.021551,78.227432,228.705353,-555.890564,0,0
2.880000,1.480679,-0.102713,0.113554,0.100987,-0.091262,-0.990693,-0.112713,0.988323,-0.102533,0.988482,0.122019,0.089521,-0.076063,0.670413,0.007266,0.738043,-0.070788,0.216962,-0.004526,0.004683,-0.024362,-0.011355,0.990693,0.102533,-0.089521,0.000000,0.000000,0.000000,-1,0.997757,0.079697,-0.096191,-0.110090,0.223388,-0.012767,78.930603,228.705353,-555.555420,0,0
2.920000,1.488868,-0.101555,0.116948,0.093067,-0.090801,-0.991511,-0.116081,0.988052,-0.101380,0.988870,0.124530,0.081415,-0.076811,0.673344,0.008595,0.735278,-0.099506,0.221241,0.001034,0.007909,-0.023148,-0.017660,0.991511,0.101380,-0.081415,0.000000,0.000000,0.000000,-1,0.998413,0.079559,-0.088333,-0.134478,0.253089,-0.008428,79.809570,228.529572,-555.052612,0,0
2.960000,1.501692,-0.100103,0.122862,0.080747,-0.090483,-0.992619,-0.121939,0.987494,-0.099936,0.989248,0.129109,0.068703,-0.078342,0.677872,0.010759,0.730914,-0.138613,0.312351,0.004222,0.002223,-0.013830,-0.014396,0.992619,0.099936,-0.068703,0.000000,0.000000,0.000000,-1,0.993561,0.090836,-0.077530,-0.167204,0.346302,-0.008524,78.754807,229.935898,-553.711914,0,0
3.000000,1.512180,-0.099918,0.127188,0.070741,-0.091345,-0.993304,-0.126213,0.986975,-0.099752,0.989478,0.132424,0.058290,-0.079805,0.681532,0.011985,0.727325,-0.149058,0.383256,-0.001281,-0.000078,-0.008351,-0.016920,0.993303,0.099752,-0.058290,0.000000,0.000000,0.000000,-1,0.996109,0.091156,-0.048462,-0.179711,0.442608,-0.017311,78.754807,227.474808,-555.387817,0,0
3.040000,1.539954,-0.100425,0.137095,0.044243,-0.095054,-0.994488,-0.135977,0.985626,-0.100256,0.989724,0.139664,0.030682,-0.083569,0.691140,0.014255,0.717731,-0.175531,0.448731,-0.022619,0.001743,0.000666,0.006497,0.994488,0.100256,-0.030682,0.000000,0.000000,0.000000,-1,0.991272,0.101334,-0.016525,-0.192618,0.416995,-0.038421,77.172684,228.002182,-554.885010,0,0
3.080000,1.552181,-0.101482,0.141952,0.032758,-0.097638,-0.994683,-0.140748,0.984849,-0.101307,0.989503,0.143318,0.018519,-0.085718,0.695265,0.015106,0.713464,-0.147168,0.330009,-0.033048,-0.012581,0.001659,0.020808,0.994683,0.101307,-0.018519,0.000000,0.000000,0.000000,-1,0.975937,0.104889,0.023468,-0.162087,0.309925,-0.047844,78.579025,225.541107,-552.538818,0,0
3.120000,1.563509,-0.103208,0.147787,0.022378,-0.100826,-0.994652,-0.146466,0.983836,-0.103025,0.988963,0.147988,0.007249,-0.088449,0.698965,0.016082,0.709483,-0.153910,0.226067,-0.048586,-0.015969,0.009966,0.034882,0.994652,0.103025,-0.007249,0.000000,0.000000,0.000000,-1,0.985184,0.117218,0.026703,-0.185785,0.232466,-0.063350,76.645309,228.177979,-553.376709,0,0
3.160000,1.573386,-0.105203,0.154248,0.013574,-0.104160,-0.994468,-0.152788,0.982664,-0.105009,0.988166,0.153368,-0.002575,-0.091495,0.702080,0.017220,0.705986,-0.158092,0.251487,-0.048649,-0.007529,0.014574,0.021045,0.994468,0.105009,0.002575,0.000000,0.000000,0.000000,-1,0.989624,0.120865,0.021255,-0.179223,0.285471,-0.058273,76.293732,228.177979,-552.371216,0,0
3.200000,1.586860,-0.107323,0.160351,0.001244,-0.108294,-0.994118,-0.158746,0.981492,-0.107117,0.987319,0.157945,-0.015970,-0.094502,0.706438,0.017988,0.701207,-0.141774,0.362747,-0.043872,-0.005135,0.016357,0.011679,0.994118,0.107117,0.015970,0.000000,0.000000,0.000000,-1,0.989777,0.121536,0.039581,-0.158642,0.396734,-0.052458,76.469513,227.299026,-552.203613,0,0
3.240000,1.605267,-0.109334,0.165573,-0.016019,-0.113240,-0.993438,-0.163833,0.980435,-0.109116,0.986358,0.161010,-0.034258,-0.097217,0.712515,0.018208,0.694651,-0.111642,0.451926,-0.023149,-0.006820,0.012191,0.020109,0.993438,0.109116,0.034258,0.000000,0.000000,0.000000,-1,0.991150,0.116119,0.060760,-0.119984,0.480673,-0.023243,78.051651,229.935898,-551.030518,0,0
3.280000,1.620715,-0.110038,0.168684,-0.030776,-0.116500,-0.992714,-0.166870,0.979844,-0.109816,0.985498,0.162274,-0.049596,-0.098711,0.717673,0.018274,0.689107,-0.092393,0.465876,-0.005249,0.002281,0.004869,0.011393,0.992714,0.109816,0.049596,0.000000,0.000000,0.000000,-1,1.000443,0.111847,0.059296,-0.103026,0.443727,-0.009387,75.942139,229.935898,-551.030518,0,0
3.320000,1.642051,-0.109799,0.172418,-0.051387,-0.119894,-0.991456,-0.170532,0.979240,-0.109579,0.984011,0.163444,-0.070766,-0.100173,0.724809,0.018579,0.681375,-0.059637,0.370684,0.009765,0.013122,0.005000,-0.011760,0.991456,0.109579,0.070766,0.000000,0.000000,0.000000,-1,1.004913,0.112915,0.056671,-0.075609,0.349525,-0.001789,76.293732,228.881149,-550.024963,0,0
3.360000,1.650808,-0.109623,0.173710,-0.059875,-0.121227,-0.990817,-0.171800,0.979038,-0.109404,0.983311,0.163672,-0.079447,-0.100665,0.727729,0.018643,0.678181,-0.037575,0.275301,0.005688,0.011334,0.001421,-0.017328,0.990817,0.109404,0.079447,0.000000,0.000000,0.000000,-1,0.996658,0.109985,0.086639,-0.053584,0.249832,-0.015435,76.293732,229.232727,-548.349121,0,0
3.400000,1.666574,-0.109997,0.175883,-0.075036,-0.124320,-0.989401,-0.173920,0.978622,-0.109775,0.981897,0.163839,-0.095054,-0.101729,0.732924,0.018441,0.672408,-0.036612,0.260279,-0.016638,-0.008505,0.004452,0.021417,0.989401,0.109775,0.095054,0.000000,0.000000,0.000000,-1,0.976532,0.112930,0.138596,-0.063081,0.287855,-0.027223,75.942139,228.177979,-548.349121,0,0
3.440000,1.676340,-0.110381,0.177215,-0.084387,-0.126400,-0.988383,-0.175216,0.978348,-0.110157,0.980907,0.163885,-0.104707,-0.102435,0.736112,0.018247,0.668815,-0.040636,0.336598,-0.013723,-0.015468,0.002544,0.043318,0.988383,0.110157,0.104707,0.000000,0.000000,0.000000,-1,0.964691,0.114227,0.164169,-0.063855,0.380050,-0.022236,76.821106,228.002182,-548.516663,0,0
3.480000,1.689574,-0.110607,0.178465,-0.097159,-0.128899,-0.986887,-0.176434,0.978104,-0.110382,0.979506,0.163396,-0.117774,-0.103091,0.740445,0.017899,0.663922,-0.030702,0.445793,-0.004624,-0.029337,0.009873,0.051934,0.986887,0.110382,0.117774,0.000000,0.000000,0.000000,-1,0.948288,0.113632,0.177109,-0.044313,0.493501,-0.008963,76.117935,229.056946,-547.511108,0,0
3.520000,1.711906,-0.110228,0.179181,-0.118979,-0.132234,-0.984052,-0.177142,0.978018,-0.110005,0.976967,0.161229,-0.139788,-0.103429,0.747794,0.017125,0.655601,-0.016322,0.598614,0.026649,-0.040418,-0.000264,0.040403,0.984052,0.110005,0.139788,0.000000,0.000000,0.000000,-1,0.931702,0.093262,0.169617,-0.049083,0.635890,0.040610,74.887390,228.881149,-546.002869,0,0
3.560000,1.743113,-0.106682,0.180003,-0.149914,-0.133905,-0.979589,-0.178014,0.978250,-0.106479,0.972541,0.158418,-0.170491,-0.102867,0.758066,0.017129,0.643787,-0.033152,0.601479,0.106668,-0.031027,-0.009403,-0.013569,0.979589,0.106479,0.170491,0.000000,0.000000,0.000000,-1,0.987991,0.112915,0.135376,-0.065025,0.587824,0.111225,75.238968,227.826401,-544.326965,0,0
3.600000,1.759656,-0.102561,0.180594,-0.166624,-0.132646,-0.977058,-0.178670,0.978568,-0.102381,0.969698,0.157512,-0.186753,-0.101933,0.763535,0.018051,0.637415,-0.052470,0.520270,0.144408,0.030953,0.017523,-0.064057,0.977058,0.102381,0.186753,0.000000,0.000000,0.000000,-1,1.069778,0.131149,0.105972,-0.091173,0.365697,0.143155,73.129471,228.177979,-546.338013,0,0
3.640000,1.777657,-0.095340,0.184479,-0.184814,-0.129261,-0.974236,-0.182602,0.978568,-0.095196,0.965661,0.160304,-0.204456,-0.101334,0.769389,0.021156,0.630337,-0.165114,0.317050,0.049085,0.101783,0.045170,-0.091572,0.974236,0.095196,0.204456,0.000000,0.000000,0.000000,-1,1.056259,0.151001,0.134247,-0.219352,0.351640,-0.004944,74.008438,226.947433,-544.159363,0,0
3.680000,1.789236,-0.094497,0.190871,-0.195295,-0.131554,-0.971881,-0.188868,0.977459,-0.094356,0.962387,0.165130,-0.215739,-0.103664,0.772738,0.022897,0.625784,-0.235399,0.395567,-0.051870,0.021390,0.075093,-0.044673,0.971881,0.094356,0.215740,0.000000,0.000000,0.000000,-1,0.933884,0.172577,0.203583,-0.253474,0.392305,-0.075143,72.602097,226.595856,-543.824219,0,0
3.720000,1.803080,-0.097119,0.199047,-0.206997,-0.138018,-0.968557,-0.196803,0.975636,-0.096967,0.958343,0.170543,-0.229116,-0.107799,0.776490,0.023689,0.620388,-0.144233,0.274655,-0.067065,-0.065146,0.088168,-0.001226,0.968557,0.096967,0.229116,0.000000,0.000000,0.000000,-1,0.886871,0.187317,0.233459,-0.130596,0.197235,-0.092410,74.184219,227.826401,-542.315918,0,0
3.760000,1.810029,-0.100941,0.202942,-0.212362,-0.143650,-0.966575,-0.200526,0.974492,-0.100770,0.956395,0.172424,-0.235751,-0.110563,0.778236,0.023018,0.617734,-0.099951,0.148406,-0.089342,-0.079902,0.082107,-0.007800,0.966575,0.100770,0.235751,0.000000,0.000000,0.000000,-1,0.906647,0.162842,0.205200,-0.113834,0.109292,-0.095406,74.008438,226.244263,-542.483521,0,0
3.800000,1.816582,-0.105223,0.208396,-0.216977,-0.150008,-0.964582,-0.205746,0.972953,-0.105029,0.954248,0.175670,-0.241972,-0.114064,0.779728,0.022650,0.615224,-0.104019,0.171098,-0.040419,-0.028409,0.057935,-0.058150,0.964582,0.105029,0.241972,0.000000,0.000000,0.000000,-1,0.960617,0.158020,0.174454,-0.131415,0.226423,-0.028593,73.481049,227.123230,-543.991821,0,0
3.840000,1.822934,-0.105795,0.211277,-0.222483,-0.152302,-0.962967,-0.208536,0.972297,-0.105597,0.952373,0.177320,-0.248080,-0.115434,0.781483,0.022944,0.612726,-0.102336,0.306353,0.042136,0.008957,0.051141,-0.073642,0.962967,0.105597,0.248080,0.000000,0.000000,0.000000,-1,0.994583,0.163437,0.180634,-0.126395,0.385288,0.084762,73.129471,226.771652,-542.986267,0,0
3.880000,1.842907,-0.100131,0.213763,-0.242222,-0.151109,-0.958381,-0.211076,0.972345,-0.099963,0.946982,0.178078,-0.267418,-0.114948,0.787716,0.024792,0.604712,-0.034634,0.399664,0.175455,0.043740,0.070096,-0.089150,0.958381,0.099963,0.267418,0.000000,0.000000,0.000000,-1,1.002121,0.170059,0.178268,-0.033582,0.370225,0.175716,72.074722,226.420059,-541.310364,0,0
3.920000,1.849864,-0.096472,0.212007,-0.249808,-0.148485,-0.956843,-0.209444,0.973065,-0.096322,0.945373,0.176343,-0.274179,-0.113254,0.790103,0.025320,0.601888,0.017079,0.240793,0.180954,0.031515,0.066642,-0.089212,0.956843,0.096322,0.274179,0.000000,0.000000,0.000000,-1,0.960052,0.162918,0.196838,-0.001232,0.170892,0.153841,71.371552,227.826401,-540.975220,0,0
3.960000,1.852683,-0.092244,0.210206,-0.253584,-0.144573,-0.956449,-0.207774,0.973830,-0.092113,0.944736,0.175367,-0.276986,-0.111324,0.791265,0.026304,0.600679,0.009838,0.000946,0.129708,-0.007993,0.072376,-0.073663,0.956449,0.092113,0.276986,0.000000,0.000000,0.000000,-1,0.944153,0.168030,0.195740,-0.037224,-0.064770,0.096410,73.305267,225.541107,-542.483521,0,0
4.000000,1.848048,-0.090101,0.209298,-0.249759,-0.141524,-0.957910,-0.206930,0.974209,-0.089979,0.945939,0.175747,-0.272603,-0.110267,0.790027,0.027141,0.602463,-0.018195,-0.091505,0.099347,-0.004541,0.085955,-0.085942,0.957910,0.089979,0.272603,0.000000,0.000000,0.000000,-1,0.969147,0.194260,0.180023,-0.036210,-0.071244,0.083643,72.074722,223.958969,-541.645569,0,0
4.040000,1.839836,-0.090849,0.207536,-0.242081,-0.140353,-0.960051,-0.205200,0.974506,-0.090724,0.948309,0.175040,-0.264710,-0.109684,0.787607,0.026763,0.605747,0.027818,-0.027965,0.107198,0.037569,0.107366,-0.082474,0.960051,0.090724,0.264710,0.000000,0.000000,0.000000,-1,1.013367,0.185654,0.177521,0.018309,-0.013896,0.101116,71.371552,226.068481,-542.315918,0,0
4.080000,1.838643,-0.087994,0.205335,-0.241817,-0.136928,-0.960612,-0.203107,0.975205,-0.087880,0.948827,0.173856,-0.263632,-0.107947,0.787504,0.027294,0.606168,0.050093,-0.056558,0.108197,0.057515,0.093806,-0.093679,0.960612,0.087880,0.263632,0.000000,0.000000,0.000000,-1,1.013092,0.184784,0.145493,0.017837,-0.151791,0.079264,72.426300,225.716888,-541.980713,0,0
4.120000,1.820382,-0.089302,0.202243,-0.224609,-0.134273,-0.965154,-0.200067,0.975715,-0.089183,0.953690,0.173064,-0.246018,-0.106881,0.782039,0.026815,0.613410,0.003042,-0.430073,0.043847,0.050426,0.090702,-0.117127,0.965154,0.089183,0.246018,0.000000,0.000000,0.000000,-1,1.036041,0.152298,0.099777,-0.042086,-0.549565,0.015170,70.668381,225.365311,-542.651062,0,0
4.160000,1.791157,-0.088710,0.204551,-0.196464,-0.129049,-0.971982,-0.202329,0.975302,-0.088594,0.959409,0.179255,-0.217722,-0.107187,0.772899,0.029325,0.624723,-0.118025,-0.962522,-0.038445,0.085468,0.031096,-0.149714,0.971982,0.088594,0.217722,0.000000,0.000000,0.000000,-1,1.091919,0.178467,0.092804,-0.148012,-0.988978,-0.085698,75.063187,225.541107,-544.159363,0,0
4.200000,1.755114,-0.090122,0.209413,-0.160879,-0.124643,-0.979072,-0.207042,0.974184,-0.090000,0.965014,0.188230,-0.182532,-0.108937,0.761182,0.032262,0.638509,-0.091835,-0.770607,-0.015930,0.149712,0.085079,-0.090674,0.979072,0.090000,0.182532,0.000000,0.000000,0.000000,-1,1.140808,0.158356,0.090042,-0.047373,-0.540002,0.018371,73.656845,226.244263,-544.159363,0,0
4.240000,1.735519,-0.088526,0.208004,-0.142434,-0.119197,-0.982601,-0.205699,0.974613,-0.088410,0.968194,0.186070,-0.163179,-0.105919,0.755229,0.032585,0.646025,0.397750,0.085563,0.146450,0.141647,0.266415,0.058699,0.982697,0.087635,0.163179,0.000000,0.000000,0.000000,-1,1.124344,0.354050,0.221878,0.537088,0.375220,0.154227,74.535812,225.716888,-544.997314,0,0
4.280000,1.746336,-0.085895,0.185438,-0.156071,-0.115222,-0.981002,-0.183697,0.979232,-0.085789,0.970514,0.166818,-0.173996,-0.098352,0.759819,0.026661,0.642099,0.652271,0.438380,0.163395,0.197190,0.123836,0.036606,0.981002,0.085789,0.173996,0.000000,0.000000,0.000000,-1,1.162521,0.182755,0.212112,0.586713,0.260555,0.125508,74.711594,225.541107,-544.829712,0,0
