0.000000,-1.714706,1.442543,1.597721,0.985040,-0.116937,0.126580,-0.127855,-0.003443,0.991787,-0.115541,-0.993133,-0.018343,0.708312,-0.086400,0.003896,0.700581,0.000483,0.003863,0.008573,-0.000786,0.017208,0.002043,-0.126580,-0.991787,0.018343,0.000000,0.000000,0.000000,-1,-0.126556,-0.976456,0.018005,0.003161,-0.091162,0.011014,137.361511,180.207870,-766.874939,0,0
0.040000,-1.715500,1.442211,1.598730,0.985024,-0.116733,0.126891,-0.128182,-0.003582,0.991744,-0.115315,-0.993157,-0.018491,0.708360,-0.086437,0.004086,0.700527,0.004733,0.009160,0.006378,0.000060,0.015838,0.000934,-0.126891,-0.991744,0.018491,0.000000,0.000000,0.000000,-1,-0.128479,-0.976791,0.019363,0.003156,-0.086924,0.008867,136.310287,180.906342,-766.874939,0,0
0.080000,-1.715287,1.441767,1.599214,0.985048,-0.116047,0.127330,-0.128619,-0.003656,0.991687,-0.114616,-0.993237,-0.018527,0.708384,-0.086347,0.004487,0.700511,0.002601,0.013397,0.004260,0.001751,0.013813,-0.003055,-0.127330,-0.991687,0.018527,0.000000,0.000000,0.000000,-1,-0.121780,-0.976715,0.014923,0.002086,-0.085867,0.006747,137.361511,178.810913,-766.540894,0,0
0.120000,-1.714331,1.441861,1.598621,0.985101,-0.115681,0.127256,-0.128529,-0.003577,0.991699,-0.114265,-0.993280,-0.018392,0.708356,-0.086189,0.004585,0.700559,0.002587,0.007034,0.003221,0.005888,0.013474,-0.005132,-0.127256,-0.991699,0.018392,0.000000,0.000000,0.000000,-1,-0.118408,-0.973923,0.017502,0.001023,-0.095406,0.008929,136.660690,179.509384,-766.540894,0,0
0.160000,-1.714783,1.442025,1.599220,0.985139,-0.115539,0.127087,-0.128364,-0.003650,0.991720,-0.114119,-0.993296,-0.018426,0.708381,-0.086077,0.004577,0.700547,0.004731,-0.000391,0.000015,0.005352,0.016623,-0.001260,-0.127086,-0.991720,0.018426,0.000000,0.000000,0.000000,-1,-0.123718,-0.975525,0.013519,0.006314,-0.101775,0.003581,137.361511,179.858627,-765.872925,0,0
0.200000,-1.714108,1.442071,1.598341,0.985121,-0.115733,0.127054,-0.128321,-0.003535,0.991726,-0.114327,-0.993274,-0.018334,0.708341,-0.086136,0.004492,0.700580,0.002589,-0.010993,0.000085,0.001718,0.011670,-0.006508,-0.127054,-0.991726,0.018334,0.000000,0.000000,0.000000,-1,-0.121826,-0.976807,0.015991,-0.000067,-0.110255,0.004753,135.959869,180.557098,-767.208923,0,0
0.240000,-1.712824,1.442254,1.596811,0.985114,-0.115966,0.126898,-0.128145,-0.003334,0.991750,-0.114586,-0.993248,-0.018145,0.708271,-0.086164,0.004346,0.700649,-0.001663,-0.005692,0.000105,0.005804,0.015203,-0.004687,-0.126898,-0.991750,0.018145,0.000000,0.000000,0.000000,-1,-0.125198,-0.973892,0.015305,-0.002189,-0.110253,0.005840,136.310287,179.858627,-765.872925,0,0
0.280000,-1.711706,1.442279,1.595271,0.985066,-0.116372,0.126893,-0.128125,-0.003136,0.991753,-0.115014,-0.993201,-0.018000,0.708202,-0.086309,0.004193,0.700701,0.002581,-0.012054,0.000086,0.004335,0.017266,-0.002497,-0.126893,-0.991753,0.018000,0.000000,0.000000,0.000000,-1,-0.126480,-0.979782,0.016769,0.002058,-0.112375,0.004739,137.711929,179.509384,-767.542908,0,0
0.320000,-1.714141,1.442040,1.597196,0.984980,-0.116894,0.127084,-0.128356,-0.003389,0.991722,-0.115496,-0.993139,-0.018343,0.708292,-0.086564,0.004090,0.700580,0.003673,-0.006744,0.002168,-0.001654,0.013359,0.002119,-0.127084,-0.991722,0.018343,0.000000,0.000000,0.000000,-1,-0.128906,-0.977371,0.017197,0.000998,-0.107074,0.004727,137.536728,180.382492,-766.373901,0,0
0.360000,-1.714510,1.441848,1.597453,0.984943,-0.117009,0.127265,-0.128545,-0.003427,0.991698,-0.115602,-0.993125,-0.018417,0.708306,-0.086670,0.004117,0.700553,0.000480,-0.001447,0.000055,-0.003045,0.013808,0.000931,-0.127265,-0.991698,0.018417,0.000000,0.000000,0.000000,-1,-0.128433,-0.977295,0.022003,-0.000058,-0.102832,0.005783,137.011108,180.557098,-766.874939,0,0
0.400000,-1.714484,1.441611,1.597573,0.984930,-0.116866,0.127498,-0.128780,-0.003449,0.991667,-0.115452,-0.993142,-0.018447,0.708312,-0.086701,0.004252,0.700541,0.003677,0.009154,-0.000023,0.000850,0.015196,0.000336,-0.127498,-0.991667,0.018447,0.000000,0.000000,0.000000,-1,-0.127731,-0.977158,0.019730,0.005263,-0.091171,0.004608,136.660690,179.858627,-766.206909,0,0
0.440000,-1.715757,1.441488,1.599124,0.984948,-0.116602,0.127596,-0.128897,-0.003652,0.991651,-0.115163,-0.993172,-0.018627,0.708383,-0.086641,0.004388,0.700476,0.008999,0.002797,0.003138,0.003969,0.016035,-0.003200,-0.127596,-0.991651,0.018627,0.000000,0.000000,0.000000,-1,-0.123047,-0.977264,0.015350,0.008456,-0.101768,0.007812,135.609451,179.509384,-767.208923,0,0
0.480000,-1.716645,1.441475,1.599993,0.984946,-0.116629,0.127592,-0.128906,-0.003765,0.991650,-0.115174,-0.993168,-0.018742,0.708423,-0.086648,0.004382,0.700435,0.007932,-0.002505,0.003156,0.003965,0.014065,-0.004109,-0.127592,-0.991650,0.018742,0.000000,0.000000,0.000000,-1,-0.123932,-0.978165,0.020187,0.004200,-0.101770,0.006795,135.959869,178.810913,-766.206909,0,0
0.520000,-1.718526,1.441502,1.601738,0.984936,-0.116778,0.127530,-0.128873,-0.003989,0.991653,-0.115295,-0.993150,-0.018978,0.708502,-0.086680,0.004317,0.700352,0.001525,-0.003577,-0.004216,-0.000278,0.014908,-0.008526,-0.127530,-0.991653,0.018978,0.000000,0.000000,0.000000,-1,-0.127213,-0.975693,0.011902,0.000986,-0.102840,0.000453,137.536728,179.334763,-767.041931,0,0
0.560000,-1.717127,1.441684,1.600279,0.984950,-0.116825,0.127378,-0.128698,-0.003795,0.991677,-0.115369,-0.993145,-0.018773,0.708435,-0.086643,0.004238,0.700425,0.003642,-0.002519,-0.005307,0.001493,0.015511,-0.004751,-0.127378,-0.991677,0.018773,0.000000,0.000000,0.000000,-1,-0.125305,-0.977203,0.013657,0.000981,-0.103902,-0.000606,136.310287,179.160141,-766.874939,0,0
0.600000,-1.716280,1.441885,1.599322,0.984962,-0.116925,0.127197,-0.128503,-0.003667,0.991702,-0.115489,-0.993134,-0.018637,0.708390,-0.086615,0.004132,0.700475,0.003631,-0.006761,-0.006351,-0.000122,0.013980,-0.004858,-0.127197,-0.991702,0.018637,0.000000,0.000000,0.000000,-1,-0.126694,-0.977524,0.019012,0.005221,-0.110266,-0.002751,136.660690,179.160141,-766.874939,0,0
0.640000,-1.718345,1.442131,1.600826,0.984930,-0.117494,0.126917,-0.128253,-0.003853,0.991734,-0.116034,-0.993066,-0.018863,0.708457,-0.086719,0.003840,0.700395,0.006824,-0.013124,-0.003187,0.005441,0.015614,-0.001041,-0.126917,-0.991734,0.018863,0.000000,0.000000,0.000000,-1,-0.122910,-0.976257,0.018417,0.006299,-0.111320,0.001497,136.310287,179.509384,-766.874939,0,0
0.680000,-1.721104,1.442355,1.603110,0.984907,-0.117984,0.126644,-0.128022,-0.004138,0.991763,-0.116488,-0.993007,-0.019180,0.708559,-0.086798,0.003584,0.700283,0.005757,-0.012066,-0.004246,0.002407,0.014681,-0.000244,-0.126644,-0.991763,0.019180,0.000000,0.000000,0.000000,-1,-0.125809,-0.975922,0.018921,0.005225,-0.114504,-0.000605,137.186310,179.684006,-766.707886,0,0
0.720000,-1.723528,1.442628,1.604779,0.984856,-0.118746,0.126329,-0.127743,-0.004343,0.991798,-0.117223,-0.992915,-0.019446,0.708633,-0.086959,0.003213,0.700190,0.007862,-0.022674,-0.007413,0.003481,0.013572,-0.004691,-0.126329,-0.991798,0.019446,0.000000,0.000000,0.000000,-1,-0.119980,-0.975983,0.020401,0.004145,-0.121930,-0.003750,138.237549,179.684006,-766.707886,0,0
0.760000,-1.726898,1.443185,1.607262,0.984825,-0.119643,0.125718,-0.127180,-0.004640,0.991869,-0.118087,-0.992806,-0.019786,0.708740,-0.087064,0.002692,0.700071,0.004676,-0.024794,-0.006309,0.007996,0.015230,0.001683,-0.125718,-0.991869,0.019786,0.000000,0.000000,0.000000,-1,-0.121490,-0.977264,0.020294,0.003092,-0.124046,-0.000538,135.959869,180.207870,-767.542908,0,0
0.800000,-1.729027,1.443366,1.608573,0.984753,-0.120466,0.125498,-0.126995,-0.004800,0.991892,-0.118886,-0.992706,-0.020025,0.708798,-0.087282,0.002332,0.699987,0.002556,-0.017378,-0.004216,-0.002554,0.010904,0.000925,-0.125498,-0.991892,0.020025,0.000000,0.000000,0.000000,-1,-0.127731,-0.978683,0.022324,0.002044,-0.114500,0.001558,136.485489,180.382492,-766.707886,0,0
0.840000,-1.730920,1.443258,1.610186,0.984709,-0.120757,0.125565,-0.127094,-0.005009,0.991878,-0.119147,-0.992670,-0.020280,0.708872,-0.087410,0.002264,0.699896,0.005757,-0.004657,-0.004306,0.001023,0.013454,0.001632,-0.125565,-0.991878,0.020280,0.000000,0.000000,0.000000,-1,-0.123856,-0.976059,0.021729,0.006296,-0.104962,-0.000659,137.186310,178.636292,-767.041931,0,0
0.880000,-1.734104,1.443280,1.613419,0.984723,-0.120734,0.125479,-0.127055,-0.005419,0.991881,-0.119073,-0.992670,-0.020676,0.709016,-0.087371,0.002259,0.699755,0.004696,0.007001,-0.006473,0.000357,0.015746,0.000503,-0.125479,-0.991881,0.020676,0.000000,0.000000,0.000000,-1,-0.127090,-0.979095,0.016647,0.006301,-0.092241,-0.001781,136.660690,179.858627,-766.540894,0,0
0.920000,-1.734305,1.443224,1.613921,0.984752,-0.120439,0.125530,-0.127109,-0.005485,0.991874,-0.118772,-0.992706,-0.020710,0.709039,-0.087283,0.002383,0.699742,0.007897,0.010187,-0.003329,-0.002415,0.011985,-0.004566,-0.125530,-0.991874,0.020710,0.000000,0.000000,0.000000,-1,-0.122360,-0.979004,0.018356,0.007388,-0.092231,0.004590,135.959869,180.557098,-766.874939,0,0
0.960000,-1.734918,1.443204,1.614781,0.984780,-0.120201,0.125537,-0.127123,-0.005595,0.991871,-0.118521,-0.992734,-0.020790,0.709078,-0.087199,0.002473,0.699713,0.005762,0.002760,-0.000107,0.007083,0.017277,-0.004509,-0.125537,-0.991871,0.020790,0.000000,0.000000,0.000000,-1,-0.120956,-0.976105,0.016083,0.002065,-0.097534,0.003609,136.485489,181.779449,-767.041931,0,0
1.000000,-1.734206,1.443400,1.614226,0.984823,-0.120039,0.125359,-0.126932,-0.005516,0.991896,-0.118375,-0.992754,-0.020669,0.709050,-0.087078,0.002463,0.699757,0.003630,0.003818,-0.001154,0.001962,0.013686,-0.004251,-0.125359,-0.991896,0.020669,0.000000,0.000000,0.000000,-1,-0.122452,-0.980896,0.018982,0.006320,-0.094353,0.003547,137.186310,179.684006,-766.373901,0,0
1.040000,-1.734910,1.443464,1.615090,0.984851,-0.119887,0.125282,-0.126864,-0.005623,0.991904,-0.118212,-0.992772,-0.020747,0.709088,-0.086996,0.002493,0.699729,0.006826,0.003821,0.000937,0.003502,0.012381,-0.002162,-0.125282,-0.991904,0.020747,0.000000,0.000000,0.000000,-1,-0.120285,-0.977753,0.018768,0.006323,-0.100711,0.005703,137.186310,178.985519,-765.371887,0,0
1.080000,-1.737424,1.443708,1.617574,0.984882,-0.119935,0.124991,-0.126608,-0.005927,0.991935,-0.118227,-0.992764,-0.021022,0.709195,-0.086909,0.002385,0.699631,0.005746,-0.002546,-0.002217,0.006003,0.015739,-0.003398,-0.124991,-0.991935,0.021022,0.000000,0.000000,0.000000,-1,-0.121368,-0.976669,0.018799,0.003124,-0.102835,0.003621,138.062347,180.557098,-766.874939,0,0
1.120000,-1.737754,1.443839,1.617884,0.984897,-0.119957,0.124856,-0.126477,-0.005960,0.991952,-0.118248,-0.992761,-0.021042,0.709207,-0.086869,0.002330,0.699624,0.001488,0.001688,-0.000088,0.002954,0.015099,-0.001281,-0.124856,-0.991952,0.021042,0.000000,0.000000,0.000000,-1,-0.121750,-0.977936,0.019272,-0.000055,-0.094352,0.004681,136.310287,179.509384,-766.540894,0,0
1.160000,-1.737288,1.443917,1.617549,0.984921,-0.119824,0.124789,-0.126401,-0.005914,0.991962,-0.118122,-0.992778,-0.020970,0.709191,-0.086798,0.002350,0.699649,0.004672,0.001686,-0.001187,0.001681,0.014743,-0.002919,-0.124789,-0.991962,0.020970,0.000000,0.000000,0.000000,-1,-0.120224,-0.977798,0.019394,0.004197,-0.100711,0.005727,137.011108,179.509384,-766.206909,0,0
1.200000,-1.738194,1.443970,1.618400,0.984923,-0.119884,0.124719,-0.126344,-0.006019,0.991968,-0.118171,-0.992770,-0.021075,0.709228,-0.086794,0.002308,0.699612,0.004683,-0.003609,0.003090,0.004525,0.012766,-0.001177,-0.124719,-0.991968,0.021075,0.000000,0.000000,0.000000,-1,-0.122894,-0.979126,0.019196,0.003133,-0.101772,0.005743,137.361511,179.509384,-765.538879,0,0
1.240000,-1.739697,1.443926,1.619803,0.984908,-0.119995,0.124730,-0.126379,-0.006198,0.991963,-0.118258,-0.992755,-0.021270,0.709291,-0.086838,0.002281,0.699543,0.003607,-0.002555,-0.000094,0.001683,0.014530,-0.001967,-0.124730,-0.991963,0.021270,0.000000,0.000000,0.000000,-1,-0.122513,-0.976852,0.020508,0.004184,-0.107076,0.003628,137.536728,180.033249,-767.041931,0,0
1.280000,-1.740273,1.443932,1.620188,0.984887,-0.120188,0.124711,-0.126370,-0.006247,0.991964,-0.118443,-0.992732,-0.021340,0.709308,-0.086901,0.002209,0.699518,0.001449,-0.007865,-0.001135,0.002198,0.015111,-0.000833,-0.124711,-0.991964,0.021340,0.000000,0.000000,0.000000,-1,-0.119614,-0.975113,0.021225,-0.000063,-0.110253,0.005817,137.186310,180.731720,-766.039917,0,0
1.320000,-1.741237,1.443882,1.620653,0.984822,-0.120686,0.124739,-0.126416,-0.006308,0.991957,-0.118929,-0.992671,-0.021469,0.709331,-0.087090,0.002048,0.699472,0.004650,-0.013161,0.003108,0.001952,0.016097,0.000366,-0.124739,-0.991957,0.021469,0.000000,0.000000,0.000000,-1,-0.123901,-0.974213,0.021408,0.007372,-0.119795,0.005778,136.660690,180.207870,-765.538879,0,0
1.360000,-1.743811,1.443661,1.622491,0.984710,-0.121434,0.124900,-0.126624,-0.006552,0.991929,-0.119635,-0.992578,-0.021828,0.709417,-0.087416,0.001855,0.699344,0.005707,-0.021643,0.003136,-0.002435,0.014650,-0.001503,-0.124900,-0.991929,0.021828,0.000000,0.000000,0.000000,-1,-0.127960,-0.976929,0.018097,0.004185,-0.120854,0.006882,138.237549,179.684006,-768.043945,0,0
1.400000,-1.742865,1.443366,1.620982,0.984603,-0.121982,0.125209,-0.126926,-0.006375,0.991892,-0.120195,-0.992512,-0.021760,0.709355,-0.087723,0.001767,0.699369,-0.001734,-0.017402,0.003201,-0.002751,0.014963,-0.003663,-0.125209,-0.991892,0.021760,0.000000,0.000000,0.000000,-1,-0.127625,-0.976669,0.020569,0.001007,-0.116610,0.009025,137.711929,178.810913,-767.208923,0,0
1.440000,-1.742179,1.442950,1.619696,0.984476,-0.122570,0.125631,-0.127346,-0.006232,0.991839,-0.120787,-0.992440,-0.021744,0.709305,-0.088085,0.001707,0.699375,0.002488,-0.012098,0.000993,-0.000361,0.017397,-0.003083,-0.125631,-0.991839,0.021744,0.000000,0.000000,0.000000,-1,-0.124054,-0.974594,0.019089,-0.001124,-0.112372,0.006902,136.135071,179.684006,-766.707886,0,0
1.480000,-1.741795,1.442879,1.618699,0.984391,-0.123170,0.125708,-0.127422,-0.006109,0.991830,-0.121396,-0.992367,-0.021708,0.709262,-0.088329,0.001520,0.699388,0.001416,-0.011042,-0.001126,0.003043,0.015740,-0.001246,-0.125708,-0.991830,0.021708,0.000000,0.000000,0.000000,-1,-0.122543,-0.975571,0.020538,0.003116,-0.113437,0.003669,135.434250,178.985519,-766.373901,0,0
1.520000,-1.743157,1.442883,1.619550,0.984331,-0.123684,0.125675,-0.127413,-0.006217,0.991830,-0.121892,-0.992302,-0.021878,0.709300,-0.088502,0.001333,0.699328,0.005646,-0.013171,-0.006481,-0.000958,0.013727,-0.001233,-0.125675,-0.991830,0.021878,0.000000,0.000000,0.000000,-1,-0.125565,-0.977753,0.020203,0.003107,-0.114500,0.001546,135.784668,179.684006,-767.709961,0,0
1.560000,-1.744169,1.443009,1.620133,0.984296,-0.124115,0.125529,-0.127285,-0.006285,0.991846,-0.122314,-0.992248,-0.021984,0.709324,-0.088605,0.001133,0.699290,0.005663,-0.009985,-0.002240,0.002910,0.014612,-0.001659,-0.125529,-0.991846,0.021984,0.000000,0.000000,0.000000,-1,-0.123856,-0.975662,0.002167,-0.009619,-0.104949,0.008026,136.835892,179.334763,-766.707886,0,0
1.600000,-1.734394,1.443091,1.610142,0.984262,-0.124249,0.125658,-0.127260,-0.005010,0.991857,-0.122608,-0.992238,-0.020743,0.708875,-0.088700,0.001076,0.699734,-0.008165,-0.012069,0.007488,-0.002088,0.014577,-0.027258,-0.125658,-0.991857,0.020743,0.000000,0.000000,0.000000,-1,-0.146729,-0.996933,0.022537,-0.006400,-0.124015,0.019777,137.011108,179.509384,-766.874939,0,0
1.640000,-1.723740,1.441659,1.598371,0.983925,-0.125268,0.127275,-0.128729,-0.003550,0.991673,-0.123773,-0.992117,-0.019619,0.708360,-0.089643,0.001236,0.700135,-0.044310,-0.033266,0.013310,-0.027174,0.010091,0.009128,-0.127275,-0.991673,0.019619,0.000000,0.000000,0.000000,-1,-0.156403,-0.959717,0.019363,-0.045837,-0.141014,-0.003113,135.609451,179.160141,-766.540894,0,0
1.680000,-1.715302,1.440355,1.588605,0.983579,-0.126508,0.128716,-0.130051,-0.002316,0.991505,-0.125135,-0.991963,-0.018731,0.707924,-0.090603,0.001264,0.700452,-0.035925,-0.047094,-0.016488,-0.027687,0.031788,0.000633,-0.128716,-0.991505,0.018731,0.000000,0.000000,0.000000,-1,-0.125732,-0.956665,0.028885,-0.001224,-0.128310,-0.016427,137.536728,180.033249,-767.375916,0,0
1.720000,-1.720064,1.440204,1.592075,0.983402,-0.127820,0.128774,-0.130192,-0.002771,0.991485,-0.126374,-0.991794,-0.019366,0.708085,-0.091095,0.000847,0.700226,0.014101,-0.035416,-0.005380,-0.003520,0.015899,0.002408,-0.128774,-0.991485,0.019366,0.000000,0.000000,0.000000,-1,-0.128403,-0.981369,-0.006668,0.008432,-0.155832,0.012311,138.412750,179.509384,-767.542908,0,0
1.760000,-1.713369,1.439886,1.583379,0.983094,-0.129730,0.129212,-0.130527,-0.001643,0.991443,-0.128408,-0.991548,-0.018548,0.707687,-0.091939,0.000284,0.700518,-0.007161,-0.090491,0.020627,0.004197,0.009022,-0.033868,-0.129212,-0.991443,0.018548,0.000000,0.000000,0.000000,-1,-0.112137,-0.981735,-0.024521,-0.008547,-0.198215,0.029709,136.485489,179.684006,-765.705933,0,0
1.800000,-1.708363,1.439463,1.575672,0.982679,-0.132344,0.129719,-0.130954,-0.000638,0.991388,-0.131121,-0.991204,-0.017958,0.707332,-0.093060,-0.000496,0.700729,-0.000777,-0.084126,0.022654,0.022175,0.012567,-0.036742,-0.129719,-0.991388,0.017958,0.000000,0.000000,0.000000,-1,-0.107254,-0.973923,-0.014618,0.004202,-0.183380,0.024183,136.310287,181.604828,-765.538879,0,0
1.840000,-1.712893,1.439293,1.575465,0.982025,-0.137036,0.129803,-0.131123,-0.000612,0.991366,-0.135773,-0.990566,-0.018570,0.707320,-0.094780,-0.002110,0.700507,0.025684,-0.110668,-0.001987,0.022183,0.015307,-0.027649,-0.129803,-0.991366,0.018570,0.000000,0.000000,0.000000,-1,-0.125885,-0.976059,-0.004807,0.034891,-0.213114,-0.007932,135.259048,180.207870,-765.872925,0,0
1.880000,-1.722894,1.440128,1.581405,0.981581,-0.141106,0.128793,-0.130289,-0.001382,0.991475,-0.139725,-0.989994,-0.019741,0.707585,-0.095888,-0.003863,0.700082,0.039419,-0.096919,-0.025604,-0.004798,0.018102,-0.026379,-0.128793,-0.991475,0.019741,0.000000,0.000000,0.000000,-1,-0.135574,-0.974258,-0.010468,0.038066,-0.189802,-0.016582,137.711929,179.509384,-766.206909,0,0
1.920000,-1.721671,1.440489,1.577881,0.981299,-0.143354,0.128463,-0.129935,-0.000921,0.991522,-0.142020,-0.989671,-0.019530,0.707416,-0.096580,-0.004791,0.700151,0.035124,-0.069337,-0.026743,-0.000016,0.019446,-0.029296,-0.128463,-0.991522,0.019530,0.000000,0.000000,0.000000,-1,-0.118195,-0.972763,-0.008606,0.027410,-0.153776,-0.030456,134.733429,180.731720,-766.039917,0,0
1.960000,-1.712376,1.443781,1.566963,0.981471,-0.144870,0.125407,-0.126673,0.000486,0.991944,-0.143764,-0.989451,-0.017875,0.706905,-0.096033,-0.006492,0.700729,0.008386,-0.033352,-0.070228,0.009516,0.022203,-0.029410,-0.125407,-0.991944,0.017875,0.000000,0.000000,0.000000,-1,-0.102036,-0.970764,-0.007889,0.002819,-0.131574,-0.071770,135.083832,179.684006,-766.039917,0,0
2.000000,-1.703229,1.448495,1.557097,0.981938,-0.145511,0.120929,-0.121985,0.001671,0.992530,-0.144627,-0.989355,-0.016109,0.706466,-0.094660,-0.008386,0.701338,0.007252,-0.010053,-0.089479,0.019015,0.019813,-0.023800,-0.120929,-0.992530,0.016109,0.000000,0.000000,0.000000,-1,-0.098038,-0.968994,-0.000259,0.011281,-0.102974,-0.089012,136.310287,179.509384,-766.540894,0,0
2.040000,-1.705351,1.452286,1.559243,0.982395,-0.145508,0.117164,-0.118225,0.001366,0.992986,-0.144647,-0.989356,-0.015861,0.706557,-0.093316,-0.009724,0.701409,0.031666,-0.003705,-0.099358,0.014686,0.024907,-0.013557,-0.117164,-0.992986,0.015861,0.000000,0.000000,0.000000,-1,-0.140259,-0.982697,-0.013504,0.037819,-0.119949,-0.096674,135.784668,180.033249,-766.707886,0,0
2.080000,-1.707588,1.455862,1.560539,0.982672,-0.146452,0.113610,-0.114676,0.001176,0.993402,-0.145620,-0.989217,-0.015639,0.706600,-0.092389,-0.011325,0.701465,0.036969,-0.021683,-0.083369,-0.030982,0.014810,-0.032103,-0.113610,-0.993402,0.015639,0.000000,0.000000,0.000000,-1,-0.135101,-0.969681,-0.009583,0.037929,-0.100826,-0.071232,137.186310,179.334763,-767.041931,0,0
2.120000,-1.705468,1.456915,1.559617,0.982964,-0.145263,0.112606,-0.113628,0.001270,0.993523,-0.144465,-0.989392,-0.015257,0.706568,-0.091602,-0.011272,0.701601,0.037077,0.051499,-0.065603,-0.014667,0.019722,-0.026625,-0.112606,-0.993523,0.015257,0.000000,0.000000,0.000000,-1,-0.124298,-0.972076,0.008331,0.031664,-0.024469,-0.056616,136.660690,180.207870,-767.542908,0,0
2.160000,-1.706707,1.458481,1.565705,0.983833,-0.140504,0.111046,-0.112078,0.000571,0.993699,-0.139682,-0.990080,-0.015186,0.706832,-0.089336,-0.010128,0.701644,0.002098,0.160709,-0.059322,-0.003090,0.026353,0.011624,-0.111046,-0.993699,0.015186,0.000000,0.000000,0.000000,-1,-0.113861,-0.976486,0.024857,-0.032103,0.066689,-0.069089,136.310287,179.858627,-765.872925,0,0
2.200000,-1.701156,1.461313,1.566047,0.984950,-0.134669,0.108338,-0.109264,0.000519,0.994013,-0.133919,-0.990890,-0.014203,0.706865,-0.086273,-0.009048,0.702009,-0.046991,0.090677,-0.095693,0.002915,0.024927,0.012973,-0.108338,-0.994013,0.014203,0.000000,0.000000,0.000000,-1,-0.088211,-0.952469,0.060776,-0.065255,-0.064815,-0.093659,136.485489,180.033249,-766.373901,0,0
2.240000,-1.683459,1.465220,1.547891,0.985293,-0.135026,0.104713,-0.105353,0.002414,0.994432,-0.134527,-0.990839,-0.011847,0.706174,-0.085099,-0.010555,0.702826,-0.075704,-0.067172,-0.055309,0.026969,0.046449,0.058724,-0.104713,-0.994432,0.011847,0.000000,0.000000,0.000000,-1,-0.074356,-0.975494,0.077850,-0.072612,-0.216344,-0.039708,137.536728,179.334763,-766.039917,0,0
2.280000,-1.696430,1.466492,1.554547,0.984560,-0.141320,0.103295,-0.104102,0.001692,0.994565,-0.140726,-0.989963,-0.013046,0.706384,-0.086858,-0.013248,0.702354,0.062680,-0.178395,0.010679,0.056054,0.007428,0.045868,-0.103295,-0.994565,0.013046,0.000000,0.000000,0.000000,-1,-0.050369,-1.003372,0.011475,0.067034,-0.332781,0.082669,136.660690,180.207870,-765.538879,0,0
2.320000,-1.731396,1.464160,1.580195,0.982984,-0.150678,0.105065,-0.106430,-0.001000,0.994320,-0.149717,-0.988582,-0.017020,0.707284,-0.090878,-0.015783,0.700886,0.042743,-0.287461,0.101798,0.040353,-0.022389,-0.017188,-0.105065,-0.994320,0.017020,0.000000,0.000000,0.000000,-1,-0.109421,-1.021896,-0.012726,0.047900,-0.371996,0.091567,136.310287,178.810913,-765.872925,0,0
2.360000,-1.762187,1.461216,1.603165,0.981497,-0.158543,0.107365,-0.109304,-0.003539,0.994002,-0.157212,-0.987346,-0.020803,0.708138,-0.094560,-0.017598,0.699492,0.134185,-0.091377,0.064798,-0.001888,-0.022050,-0.037557,-0.107365,-0.994002,0.020803,0.000000,0.000000,0.000000,-1,-0.101028,-0.999283,0.000824,0.168129,-0.102747,0.060306,135.609451,179.160141,-765.872925,0,0
2.400000,-1.830874,1.457360,1.676914,0.981996,-0.154010,0.109387,-0.112557,-0.011989,0.993573,-0.151709,-0.987996,-0.029108,0.711177,-0.093706,-0.014877,0.696581,0.346949,0.255371,0.037486,0.042034,0.012326,0.000311,-0.109387,-0.993573,0.029108,0.000000,0.000000,0.000000,-1,0.003113,-0.920471,0.058685,0.419163,0.218452,0.027369,137.361511,179.858627,-765.872925,0,0
2.440000,-1.955394,1.452213,1.814886,0.983828,-0.141619,0.109664,-0.114799,-0.028591,0.992977,-0.137489,-0.989508,-0.044387,0.717079,-0.089397,-0.009701,0.691167,0.436316,0.326407,0.038298,0.119170,0.081310,0.018540,-0.109664,-0.992977,0.044387,0.000000,0.000000,0.000000,-1,0.015686,-0.940262,0.032181,0.441614,0.187765,0.066618,136.835892,178.985519,-764.703857,0,0
2.480000,-2.064088,1.442214,1.933133,0.984639,-0.133158,0.112941,-0.119903,-0.045452,0.991745,-0.126925,-0.990052,-0.060720,0.722982,-0.087506,-0.004836,0.685286,0.416328,0.128292,0.135140,0.127300,0.036499,-0.037679,-0.112941,-0.991745,0.060720,0.000000,0.000000,0.000000,-1,0.018295,-0.971008,-0.006348,0.406712,-0.016720,0.157278,138.062347,180.207870,-765.204895,0,0
2.520000,-2.139872,1.431272,2.011824,0.984410,-0.131192,0.117155,-0.125765,-0.059366,0.990282,-0.122962,-0.989578,-0.074940,0.727790,-0.088266,-0.001995,0.680093,0.357919,0.036111,0.173412,0.130415,-0.004240,-0.093464,-0.117155,-0.990282,0.074940,0.000000,0.000000,0.000000,-1,-0.003128,-1.006714,-0.034271,0.323855,-0.037891,0.180625,135.959869,178.461670,-763.868896,0,0
2.560000,-2.180326,1.422116,2.055740,0.984246,-0.128481,0.121457,-0.131053,-0.069053,0.988967,-0.118676,-0.989305,-0.084803,0.731113,-0.088746,0.000951,0.676459,0.271826,0.124262,0.173947,0.109708,-0.017426,-0.128367,-0.121457,-0.988967,0.084804,0.000000,0.000000,0.000000,-1,-0.025406,-0.994247,-0.042496,0.234625,0.049049,0.183343,137.011108,178.112427,-763.868896,0,0
2.600000,-2.177472,1.415520,2.059816,0.984361,-0.122027,0.127055,-0.136527,-0.072650,0.987969,-0.111329,-0.989864,-0.088174,0.732322,-0.088265,0.005369,0.675192,0.110311,0.182599,0.191403,0.109156,-0.005775,-0.122384,-0.127055,-0.987969,0.088174,0.000000,0.000000,0.000000,-1,0.003448,-0.986511,-0.005920,0.066669,0.078733,0.183997,134.733429,178.636292,-764.035889,0,0
2.640000,-2.150871,1.413434,2.040010,0.984643,-0.115308,0.131079,-0.139777,-0.070864,0.987644,-0.104594,-0.990799,-0.085893,0.731676,-0.087158,0.009049,0.675997,-0.005858,0.165535,0.124662,0.156042,-0.000317,-0.081834,-0.131079,-0.987644,0.085893,0.000000,0.000000,0.000000,-1,0.049561,-0.995621,0.017731,-0.041117,0.065851,0.078871,135.609451,180.906342,-764.536865,0,1
2.680000,-2.130372,1.416634,2.026272,0.985560,-0.108333,0.130133,-0.137898,-0.067546,0.988141,-0.098258,-0.991817,-0.081510,0.730516,-0.084266,0.010908,0.677589,-0.053026,0.201423,0.017555,0.180426,-0.017902,-0.062635,-0.130133,-0.988141,0.081510,0.000000,0.000000,0.000000,-1,0.026413,-1.028351,-0.007950,-0.040298,0.118748,0.003099,135.083832,179.334763,-763.701904,0,0
2.720000,-2.123876,1.421632,2.028564,0.986985,-0.099343,0.126456,-0.133311,-0.065679,0.988896,-0.089935,-0.992883,-0.078067,0.729851,-0.079692,0.012510,0.678830,0.018228,0.228997,0.020868,0.143378,-0.043041,-0.097538,-0.126456,-0.988896,0.078067,0.000000,0.000000,0.000000,-1,-0.006805,-1.037048,-0.035675,0.031158,0.137916,0.058602,135.434250,179.684006,-763.701904,0,0
2.760000,-2.102717,1.421594,2.017441,0.987731,-0.089308,0.128111,-0.134067,-0.064208,0.988890,-0.080090,-0.993932,-0.075393,0.729269,-0.076575,0.016462,0.679730,0.015587,0.274030,0.174961,0.109526,-0.074129,-0.119705,-0.128111,-0.988890,0.075393,0.000000,0.000000,0.000000,-1,-0.008347,-1.139679,-0.021332,-0.088562,0.061770,0.185784,134.207809,181.255585,-763.534851,0,0
2.800000,-2.037013,1.422231,1.955243,0.987537,-0.085369,0.132222,-0.137215,-0.055514,0.988985,-0.077088,-0.994802,-0.066536,0.726221,-0.076624,0.018980,0.682914,-0.189442,-0.089866,0.015033,0.146855,-0.182555,-0.082359,-0.132222,-0.988985,0.066536,0.000000,0.000000,0.000000,-1,0.054840,-1.151840,0.017242,-0.237422,-0.179258,-0.051887,134.383011,181.779449,-764.035889,0,0
2.840000,-1.989636,1.429511,1.905721,0.987884,-0.086808,0.128644,-0.132991,-0.046286,0.990036,-0.079989,-0.995149,-0.057270,0.723091,-0.075993,0.016822,0.686354,-0.466682,-0.012825,-0.217341,0.154096,-0.156357,-0.033298,-0.128644,-0.990036,0.057270,0.000000,0.000000,0.000000,-1,-0.047882,-1.133453,0.070602,-0.640105,-0.068297,-0.288350,133.857391,183.001785,-765.872925,0,0
2.880000,-1.762457,1.455599,1.679495,0.990092,-0.083573,0.112838,-0.114264,-0.012470,0.993372,-0.081612,-0.996424,-0.021895,0.711417,-0.069522,0.010973,0.699237,-1.209962,0.073600,-0.549928,-0.061707,-0.078634,0.059464,-0.112838,-0.993372,0.021895,0.000000,0.000000,0.000000,-1,-0.257736,-1.008331,0.028763,-1.488877,-0.211963,-0.636819,132.280548,182.477921,-767.709961,0,0
2.920000,-0.936492,1.471712,0.849598,0.993260,-0.084176,0.079680,-0.074292,0.065317,0.995095,-0.088967,-0.994308,0.058623,0.683615,-0.057952,-0.003396,0.727530,-1.963411,0.095557,-0.745956,-0.190705,-0.000022,-0.011384,-0.079680,-0.995095,-0.058623,0.000000,0.000000,0.000000,-1,-0.283798,-0.996750,-0.138794,-2.049564,-0.137938,-0.756492,134.207809,184.398743,-767.876953,0,0
2.960000,-0.443813,1.437415,0.352426,0.994511,-0.087681,0.057103,-0.045904,0.124813,0.991118,-0.094030,-0.988298,0.120103,0.661361,-0.050496,-0.013959,0.748236,-2.089035,-0.024281,-0.766369,-0.193630,0.010741,0.007569,-0.057103,-0.991118,-0.120103,0.000000,0.000000,0.000000,-1,-0.258926,-0.972519,-0.080124,-1.973195,0.136927,-0.577742,134.558212,185.795700,-770.548950,0,0
3.000000,-0.179813,1.370662,0.091966,0.995816,-0.084179,0.035555,-0.018257,0.197960,0.980040,-0.089538,-0.976589,0.195595,0.632902,-0.040463,-0.021324,0.772880,-1.658469,0.105874,-0.232397,-0.224486,0.020995,0.117257,-0.035555,-0.980040,-0.195595,0.000000,0.000000,0.000000,-1,-0.160583,-1.066650,-0.062332,-1.455688,-0.383781,0.026286,135.259048,189.288101,-772.887024,0,0
3.040000,-0.150621,1.313699,0.050923,0.994783,-0.094608,0.038154,-0.012943,0.253945,0.967132,-0.101187,-0.962581,0.251395,0.610214,-0.044063,-0.025824,0.790589,-1.304736,-0.421641,0.077754,-0.089775,-0.059037,0.190955,-0.038154,-0.967132,-0.251395,0.000000,0.000000,0.000000,-1,-0.086121,-0.962067,-0.109344,-1.227155,-0.480247,0.032713,133.506989,190.685074,-774.223022,0,0
3.080000,-0.133614,1.270650,0.019485,0.993378,-0.107927,0.039387,-0.005761,0.295604,0.955293,-0.114745,-0.949194,0.293025,0.592611,-0.047961,-0.031791,0.803431,-0.895115,-0.243881,-0.162645,-0.061550,0.030977,0.147746,-0.039387,-0.955293,-0.293025,0.000000,0.000000,0.000000,-1,-0.102127,-0.878021,-0.220459,-0.656959,-0.200721,-0.219489,131.930130,191.907410,-775.392029,0,0
3.120000,-0.109210,1.250942,-0.009883,0.992971,-0.113284,0.034271,0.003108,0.314413,0.949281,-0.118314,-0.942503,0.312555,0.584381,-0.047134,-0.035954,0.809311,-0.558285,-0.020319,-0.260973,-0.067857,0.071260,0.092096,-0.034271,-0.949281,-0.312555,0.000000,0.000000,0.000000,-1,-0.170609,-0.778854,-0.222229,-0.383777,-0.067192,-0.261396,131.930130,192.256653,-775.726074,0,0
3.160000,-0.072912,1.236455,-0.050698,0.992574,-0.119266,0.023905,0.016629,0.327726,0.944627,-0.120496,-0.937215,0.327276,0.578267,-0.044373,-0.041759,0.813569,0.010130,-0.159944,-0.051737,-0.140310,0.209046,0.106511,-0.023905,-0.944627,-0.327276,0.000000,0.000000,0.000000,-1,-0.158173,-0.730820,-0.248535,0.123188,-0.307421,0.025559,131.930130,192.256653,-776.394043,0,0
3.200000,-0.087370,1.242683,-0.042654,0.991757,-0.125007,0.028120,0.013741,0.321965,0.946652,-0.127392,-0.938462,0.321029,0.580681,-0.047903,-0.042739,0.811596,0.363776,-0.263539,0.148003,-0.127123,0.198773,0.061507,-0.028120,-0.946652,-0.321029,0.000000,0.000000,0.000000,-1,-0.120438,-0.830276,-0.300064,0.471433,-0.384552,0.197582,131.054092,191.034302,-776.561035,0,0
3.240000,-0.132118,1.264758,-0.007133,0.990364,-0.132681,0.039689,0.002149,0.301276,0.953535,-0.138473,-0.944261,0.298658,0.589583,-0.055349,-0.041887,0.804720,0.712852,-0.241135,0.237661,-0.067015,0.097440,-0.012713,-0.039689,-0.953535,-0.298658,0.000000,0.000000,0.000000,-1,-0.045181,-0.922348,-0.292206,0.747115,-0.174563,0.239336,129.126831,191.907410,-776.060059,0,0
3.280000,-0.187800,1.296603,0.050433,0.990228,-0.129970,0.050552,-0.013650,0.270426,0.962644,-0.138785,-0.953927,0.266010,0.602867,-0.059557,-0.036589,0.794774,0.574734,0.142578,0.184266,0.034286,0.043866,-0.057935,-0.050552,-0.962644,-0.266010,0.000000,0.000000,0.000000,-1,-0.010345,-0.876709,-0.393082,0.574785,0.028894,0.172239,128.426010,190.510452,-773.722046,0,0
3.320000,-0.211272,1.310583,0.078404,0.990633,-0.125439,0.053954,-0.020152,0.256497,0.966335,-0.135055,-0.958371,0.251566,0.608804,-0.059786,-0.033304,0.790363,0.579909,0.067276,0.166461,0.046828,0.087215,-0.146810,-0.053954,-0.966335,-0.251566,0.000000,0.000000,0.000000,-1,0.042923,-0.927032,-0.374588,0.501350,-0.064407,0.171342,128.776428,189.811966,-773.388000,0,0
3.360000,-0.216970,1.317924,0.087539,0.991037,-0.122250,0.053858,-0.021873,0.249228,0.968198,-0.131785,-0.960698,0.244320,0.611860,-0.058887,-0.031840,0.788128,0.085984,0.079761,0.011201,0.112238,0.034314,-0.104923,-0.053858,-0.968198,-0.244320,0.000000,0.000000,0.000000,-1,0.062988,-0.919540,-0.286072,-0.128915,0.079381,-0.088290,126.323532,190.161209,-773.054016,0,0
3.400000,-0.190835,1.314833,0.068052,0.992051,-0.116309,0.048022,-0.017216,0.252591,0.967420,-0.124650,-0.960557,0.248581,0.610508,-0.054678,-0.031379,0.789497,-0.112413,0.224703,-0.190437,0.090686,0.065076,-0.021271,-0.048022,-0.967420,-0.248581,0.000000,0.000000,0.000000,-1,-0.020691,-0.868256,-0.310226,-0.001845,0.085538,-0.225874,126.323532,189.462723,-774.390015,0,0
3.440000,-0.152524,1.322287,0.032930,0.992704,-0.114644,0.037369,-0.008098,0.245826,0.969280,-0.120308,-0.962510,0.243104,0.613142,-0.050046,-0.033817,0.787660,0.314574,0.021048,-0.258047,-0.003295,0.096889,-0.081497,-0.037369,-0.969280,-0.243104,0.000000,0.000000,0.000000,-1,-0.139862,-1.018494,-0.349899,0.355205,-0.061851,-0.242972,126.323532,189.811966,-772.052002,0,0
3.480000,-0.130899,1.334822,0.009840,0.992646,-0.117147,0.030516,-0.002300,0.233779,0.972287,-0.121035,-0.965207,0.231790,0.617875,-0.048330,-0.036625,0.783935,0.128983,-0.076280,-0.114088,-0.179628,-0.425174,-0.030158,-0.030516,-0.972287,-0.231790,0.000000,0.000000,0.000000,-1,-0.200012,-1.055634,-0.165009,0.083404,-0.064887,-0.143165,124.921890,189.462723,-772.052002,0,1
3.520000,-0.129345,1.342676,0.007963,0.992616,-0.117742,0.029170,-0.001801,0.226140,0.974093,-0.121288,-0.966953,0.224258,0.620930,-0.048131,-0.037089,0.781507,0.006127,0.020338,-0.017416,-0.233862,-0.185941,0.032669,-0.029170,-0.974093,-0.224258,0.000000,0.000000,0.000000,-1,-0.227524,-0.965317,-0.181290,-0.026845,-0.094436,-0.051400,125.272308,189.811966,-772.385986,0,0
3.560000,-0.119392,1.347596,0.000056,0.992888,-0.116098,0.026365,-0.000012,0.221351,0.975194,-0.119054,-0.968259,0.219776,0.622848,-0.046605,-0.037204,0.780066,0.303841,0.138000,-0.035057,-0.194506,0.041005,0.091129,-0.026365,-0.975194,-0.219776,0.000000,0.000000,0.000000,-1,-0.179901,-0.897415,0.001099,0.398835,0.121951,0.013137,124.921890,188.764252,-772.385986,0,0
3.600000,-0.132933,1.365513,0.025786,0.994193,-0.104160,0.027018,-0.005256,0.203777,0.979003,-0.107479,-0.973461,0.202046,0.630153,-0.043408,-0.031921,0.774599,0.525810,0.295197,0.153256,-0.092916,0.105285,0.240971,-0.027018,-0.979003,-0.202046,0.000000,0.000000,0.000000,-1,-0.086792,-0.916260,0.053223,0.509050,0.087260,0.208866,123.870651,189.811966,-772.719971,0,0
3.640000,-0.190354,1.383917,0.091917,0.994857,-0.094997,0.035153,-0.017054,0.185009,0.982589,-0.099847,-0.978135,0.182437,0.637850,-0.043917,-0.025356,0.768489,0.482942,0.128022,0.379991,-0.102435,0.027785,0.238071,-0.035153,-0.982589,-0.182437,0.000000,0.000000,0.000000,-1,-0.107925,-1.044312,0.013443,0.454409,-0.041790,0.406839,122.994629,188.938873,-772.887024,0,0
3.680000,-0.283843,1.399377,0.188249,0.994666,-0.091417,0.047771,-0.031922,0.167567,0.985344,-0.098082,-0.981613,0.163755,0.644853,-0.047817,-0.019505,0.762560,0.538716,0.100236,0.232709,-0.068868,-0.063744,0.180433,-0.047771,-0.985344,-0.163755,0.000000,0.000000,0.000000,-1,-0.127350,-1.032059,-0.049301,0.562214,0.070304,0.213676,122.994629,187.541901,-771.216980,0,0
3.720000,-0.358380,1.418459,0.276179,0.995516,-0.078201,0.053227,-0.041379,0.145998,0.988419,-0.085066,-0.986189,0.142108,0.653339,-0.045757,-0.012183,0.755583,0.540887,0.513608,0.159550,-0.007350,-0.022644,0.054263,-0.053227,-0.988419,-0.142108,0.000000,0.000000,0.000000,-1,-0.000656,-0.935059,0.039429,0.441150,0.601360,0.141344,122.293793,186.843430,-772.552979,0,0
3.760000,-0.416672,1.433043,0.363113,0.997204,-0.049950,0.055575,-0.048773,0.128365,0.990527,-0.056610,-0.990468,0.125570,0.660165,-0.037386,-0.000392,0.750190,0.444424,0.761733,0.185023,0.047961,0.090548,0.171010,-0.055575,-0.990527,-0.125570,0.000000,0.000000,0.000000,-1,-0.020874,-0.914383,-0.020645,0.448854,0.620542,0.207123,123.345032,186.144943,-772.218994,0,0
3.800000,-0.506818,1.447351,0.477240,0.997866,-0.026293,0.059768,-0.056558,0.109374,0.992390,-0.032630,-0.993653,0.107654,0.667240,-0.031042,0.010168,0.744126,0.543848,0.316634,0.148755,0.039810,0.065968,0.059162,-0.059768,-0.992390,-0.107654,0.000000,0.000000,0.000000,-1,-0.006973,-0.908340,-0.049042,0.698911,-0.088857,0.125662,122.293793,185.446472,-771.216980,0,0
3.840000,-0.678431,1.467522,0.650868,0.997594,-0.024900,0.064697,-0.062461,0.082015,0.994672,-0.030074,-0.996320,0.080262,0.677369,-0.032243,0.012779,0.734825,0.751877,-0.088381,0.137653,0.077591,0.046002,-0.020690,-0.064697,-0.994672,-0.080262,0.000000,0.000000,0.000000,-1,0.019669,-0.997787,-0.141525,0.703395,-0.131160,0.196009,121.768188,185.621094,-769.379944,0,0
3.880000,-0.932544,1.480899,0.905668,0.997087,-0.024871,0.072103,-0.070639,0.055406,0.995962,-0.028766,-0.998154,0.053488,0.687058,-0.034753,0.015769,0.725600,0.600463,0.068729,0.271573,0.045110,-0.000361,-0.048548,-0.072103,-0.995962,-0.053488,0.000000,0.000000,0.000000,-1,-0.072266,-0.974014,-0.055725,0.545525,-0.006939,0.315261,120.541733,186.144943,-769.546997,0,1
3.920000,-1.188225,1.480248,1.165904,0.996258,-0.020822,0.083888,-0.083114,0.035620,0.995903,-0.023725,-0.999148,0.033756,0.694061,-0.037438,0.021671,0.718616,0.500572,0.021053,0.295224,0.001994,0.025704,-0.020321,-0.083888,-0.995903,-0.033756,0.000000,0.000000,0.000000,-1,-0.040604,-0.980988,-0.054199,0.468583,-0.177739,0.245611,119.140091,185.097229,-769.880981,0,0
3.960000,-1.395012,1.476371,1.372356,0.995443,-0.021790,0.092832,-0.092435,0.018587,0.995545,-0.023418,-0.999590,0.016489,0.700066,-0.040791,0.024788,0.712481,0.373677,0.050579,0.190115,0.081861,0.002656,-0.072516,-0.092832,-0.995545,-0.016489,0.000000,0.000000,0.000000,-1,-0.017868,-0.999420,-0.119675,0.232338,0.111518,0.127773,118.964890,184.573364,-770.381958,0,0
4.000000,-1.419826,1.476453,1.407573,0.995587,-0.011538,0.093132,-0.092951,0.015308,0.995553,-0.012912,-0.999816,0.014168,0.701090,-0.037259,0.028605,0.711524,0.037487,0.411921,0.064520,0.058769,-0.003684,-0.079262,-0.093132,-0.995553,-0.014168,0.000000,0.000000,0.000000,-1,-0.062454,-0.999969,-0.048615,-0.069718,0.415654,0.035059,118.964890,183.525650,-769.379944,0,0
4.040000,-1.243795,1.477587,1.250926,0.996072,0.008424,0.088142,-0.088353,0.029267,0.995659,0.005808,-0.999536,0.029896,0.695865,-0.028716,0.033753,0.716805,-0.605693,0.359576,-0.191970,-0.017342,-0.104896,-0.006908,-0.088142,-0.995659,-0.029896,0.000000,0.000000,0.000000,-1,-0.032227,-1.244797,-0.067581,-0.770859,-0.078891,-0.281542,117.388031,185.097229,-770.882996,0,0
4.080000,-0.898452,1.472462,0.904785,0.997008,0.008668,0.076809,-0.077195,0.060659,0.995169,0.003967,-0.998121,0.061146,0.684690,-0.025021,0.029494,0.727807,-0.884137,-0.168634,-0.337565,0.168042,-0.267969,0.046864,-0.076809,-0.995169,-0.061146,0.000000,0.000000,0.000000,-1,-0.005280,-1.255249,0.076859,-1.024719,-0.284843,-0.458647,117.913651,186.319565,-772.052002,0,0
4.120000,-0.514904,1.452217,0.514584,0.998298,0.002690,0.058258,-0.058225,0.102981,0.992978,-0.003328,-0.994680,0.102962,0.669394,-0.020741,0.020515,0.742334,-1.270753,0.091818,-0.572752,-0.113144,-0.150501,0.077938,-0.058258,-0.992978,-0.102962,0.000000,0.000000,0.000000,-1,-0.214233,-0.989990,-0.100098,-1.465388,-0.058240,-0.642027,117.738449,187.192673,-774.223022,0,0
4.160000,-0.181837,1.398901,0.176688,0.999518,-0.002526,0.030932,-0.030065,0.168387,0.985262,-0.007697,-0.985718,0.168230,0.644768,-0.012637,0.009009,0.764221,-1.917961,-0.153346,-0.734706,-0.287397,0.014025,-0.093596,-0.030932,-0.985262,-0.168230,0.000000,0.000000,0.000000,-1,-0.395477,-0.922638,-0.260147,-2.160416,-0.388819,-0.496718,117.563232,186.668808,-777.396057,0,0
4.200000,-0.073888,1.337976,0.058862,0.999770,-0.013037,0.017032,-0.013573,0.230323,0.973020,-0.016608,-0.973027,0.230093,0.620353,-0.010724,0.000171,0.784249,-2.140757,-0.211030,-0.313949,-0.375409,0.087155,0.017371,-0.017032,-0.973020,-0.230093,0.000000,0.000000,0.000000,-1,-0.221588,-0.919205,-0.089233,-1.824788,-0.306487,-0.037008,118.088852,190.685074,-781.571167,0,0
4.240000,-0.076490,1.241398,0.059794,0.999615,-0.012595,0.024718,-0.019330,0.322896,0.946237,-0.019899,-0.946351,0.322528,0.581849,-0.013717,0.002071,0.813179,-1.193830,0.235267,0.346933,0.003753,-0.150168,0.136966,-0.024718,-0.946237,-0.322528,0.000000,0.000000,0.000000,-1,0.002579,-1.100174,-0.208282,-1.127832,0.150990,0.305336,116.512009,191.208923,-782.740112,0,0
