0.000000,-1.819825,1.438474,1.691077,0.983312,-0.129409,0.127866,-0.130983,-0.015831,0.991258,-0.126254,-0.991465,-0.032517,0.712682,-0.091342,0.000566,0.695515,0.004104,0.005558,-0.006415,0.001935,0.015672,-0.005174,-0.127866,-0.991258,0.032517,0.000000,0.000000,0.000000,-1,-0.124481,-0.977173,0.032898,0.000995,-0.095417,0.001483,146.647430,183.176407,-748.003662,0,0
0.040000,-1.820084,1.438600,1.691458,0.983345,-0.129290,0.127737,-0.130853,-0.015866,0.991275,-0.126135,-0.991480,-0.032520,0.712694,-0.091253,0.000562,0.695514,0.000925,0.005562,-0.003192,0.003744,0.013263,0.000409,-0.127737,-0.991275,0.032520,0.000000,0.000000,0.000000,-1,-0.127823,-0.974747,0.033920,0.003130,-0.099653,0.004670,144.895370,184.573364,-748.003662,0,0
0.080000,-1.821039,1.438603,1.692470,0.983356,-0.129242,0.127703,-0.130835,-0.015998,0.991275,-0.126071,-0.991484,-0.032641,0.712740,-0.091224,0.000573,0.695470,0.000939,0.002385,0.000014,-0.000119,0.016528,0.001279,-0.127703,-0.991275,0.032641,0.000000,0.000000,0.000000,-1,-0.120758,-0.974503,0.034317,0.005253,-0.093295,0.002491,146.822647,184.747986,-748.838684,0,0
0.120000,-1.822958,1.438794,1.694658,0.983421,-0.128988,0.127457,-0.130611,-0.016261,0.991300,-0.125794,-0.991513,-0.032839,0.712833,-0.091045,0.000583,0.695399,0.004111,0.006615,-0.006433,0.001938,0.016233,-0.002336,-0.127457,-0.991300,0.032839,0.000000,0.000000,0.000000,-1,-0.126892,-0.977142,0.028671,0.003109,-0.101781,-0.000639,146.647430,184.573364,-747.335632,0,0
0.160000,-1.822715,1.439075,1.694325,0.983444,-0.129071,0.127195,-0.130340,-0.016183,0.991337,-0.125895,-0.991503,-0.032738,0.712805,-0.090982,0.000456,0.695436,0.003068,-0.003937,-0.003206,0.005765,0.015873,-0.002526,-0.127195,-0.991337,0.032738,0.000000,0.000000,0.000000,-1,-0.122589,-0.975998,0.030914,0.007361,-0.101781,-0.000685,146.997849,185.970322,-748.337646,0,0
0.200000,-1.824509,1.439293,1.696111,0.983476,-0.129090,0.126927,-0.130097,-0.016389,0.991366,-0.125895,-0.991498,-0.032912,0.712877,-0.090894,0.000362,0.695373,0.007320,0.002422,-0.004350,0.004369,0.012255,-0.001922,-0.126927,-0.991366,0.032912,0.000000,0.000000,0.000000,-1,-0.124619,-0.977005,0.030502,0.006308,-0.098597,0.001439,146.472229,183.700272,-748.170654,0,0
0.240000,-1.825978,1.439482,1.697585,0.983505,-0.129094,0.126697,-0.129886,-0.016557,0.991391,-0.125885,-0.991494,-0.033051,0.712936,-0.090814,0.000285,0.695323,0.002008,-0.003935,-0.001076,0.004199,0.011654,-0.003571,-0.126697,-0.991391,0.033051,0.000000,0.000000,0.000000,-1,-0.122162,-0.977112,0.036850,-0.001133,-0.109196,0.003696,146.472229,185.097229,-747.836670,0,0
0.280000,-1.825716,1.439642,1.696934,0.983474,-0.129472,0.126552,-0.129740,-0.016452,0.991412,-0.126278,-0.991446,-0.032978,0.712900,-0.090901,0.000096,0.695350,-0.000135,-0.010300,-0.003152,0.001049,0.015902,-0.000752,-0.126552,-0.991412,0.032978,0.000000,0.000000,0.000000,-1,-0.122925,-0.974442,0.036728,0.003109,-0.107081,0.000449,146.472229,184.398743,-748.504639,0,0
0.320000,-1.827489,1.439731,1.698387,0.983450,-0.129799,0.126408,-0.129628,-0.016630,0.991423,-0.126584,-0.991401,-0.033180,0.712962,-0.090968,-0.000062,0.695277,0.007310,-0.011359,-0.002164,-0.000576,0.016448,0.000603,-0.126408,-0.991423,0.033180,0.000000,0.000000,0.000000,-1,-0.128586,-0.976212,0.032608,0.005237,-0.109199,0.001499,145.771408,185.097229,-748.504639,0,0
0.360000,-1.828866,1.439557,1.699507,0.983399,-0.130066,0.126529,-0.129780,-0.016797,0.991401,-0.126822,-0.991363,-0.033398,0.713021,-0.091107,-0.000103,0.695198,0.005183,-0.008180,-0.003211,-0.003277,0.014579,-0.001065,-0.126529,-0.991400,0.033398,0.000000,0.000000,0.000000,-1,-0.123383,-0.976273,0.031113,0.005247,-0.107076,0.003617,145.946609,184.922607,-748.337646,0,0
0.400000,-1.828068,1.439486,1.698690,0.983385,-0.130079,0.126624,-0.129864,-0.016700,0.991391,-0.126845,-0.991363,-0.033315,0.712987,-0.091146,-0.000078,0.695228,0.001995,0.007723,-0.003240,0.001532,0.015805,-0.006444,-0.126624,-0.991391,0.033315,0.000000,0.000000,0.000000,-1,-0.125076,-0.974014,0.032562,0.002054,-0.096479,0.000413,145.596191,184.224121,-748.671631,0,0
0.440000,-1.827633,1.439676,1.698476,0.983436,-0.129855,0.126456,-0.129681,-0.016648,0.991416,-0.126635,-0.991393,-0.033212,0.712969,-0.091005,-0.000063,0.695265,0.006230,0.000300,-0.004318,0.001365,0.013724,-0.003061,-0.126456,-0.991416,0.033212,0.000000,0.000000,0.000000,-1,-0.124542,-0.976028,0.030655,0.008440,-0.102835,0.003562,145.946609,184.922607,-748.671631,0,0
0.480000,-1.828511,1.439749,1.699331,0.983445,-0.129883,0.126357,-0.129594,-0.016750,0.991426,-0.126653,-0.991388,-0.033305,0.713004,-0.090980,-0.000104,0.695232,0.006236,-0.001815,-0.001118,0.002135,0.014100,-0.004206,-0.126357,-0.991426,0.033305,0.000000,0.000000,0.000000,-1,-0.124130,-0.977997,0.031738,0.007371,-0.099658,0.001432,145.771408,183.700272,-749.172668,0,0
0.520000,-1.829097,1.439925,1.700024,0.983483,-0.129781,0.126169,-0.129410,-0.016817,0.991449,-0.126549,-0.991400,-0.033334,0.713028,-0.090877,-0.000133,0.695221,0.005152,0.002421,-0.004317,-0.000296,0.016610,-0.005258,-0.126169,-0.991449,0.033334,0.000000,0.000000,0.000000,-1,-0.124146,-0.974533,0.024857,0.009488,-0.106020,0.000374,146.472229,184.747986,-747.836670,0,0
0.560000,-1.829418,1.440119,1.700184,0.983487,-0.129938,0.125972,-0.129217,-0.016813,0.991474,-0.126712,-0.991380,-0.033326,0.713026,-0.090864,-0.000259,0.695225,0.009375,-0.013482,-0.005355,0.004360,0.015323,-0.003983,-0.125972,-0.991474,0.033326,0.000000,0.000000,0.000000,-1,-0.123413,-0.975357,0.032364,0.011592,-0.125107,-0.001691,144.895370,184.224121,-747.335632,0,0
0.600000,-1.832980,1.440222,1.703132,0.983432,-0.130567,0.125754,-0.129065,-0.017180,0.991487,-0.127296,-0.991291,-0.033747,0.713155,-0.091015,-0.000540,0.695010,0.012556,-0.013484,-0.006453,0.000521,0.015007,-0.003998,-0.125658,-0.991494,0.033920,0.000000,0.000000,0.000000,-1,-0.125244,-0.980209,0.029938,0.012659,-0.115567,-0.002809,145.771408,181.954071,-749.172668,0,0
0.640000,-1.836923,1.440370,1.706317,0.983364,-0.131342,0.125478,-0.128864,-0.017571,0.991507,-0.128021,-0.991181,-0.034204,0.713292,-0.091199,-0.000891,0.694908,0.009363,-0.017724,-0.005334,0.004034,0.011480,0.002783,-0.125478,-0.991507,0.034204,0.000000,0.000000,0.000000,-1,-0.124054,-0.976578,0.035431,0.000982,-0.107081,0.000472,147.173050,184.398743,-748.504639,0,0
0.680000,-1.839079,1.440607,1.708276,0.983374,-0.131549,0.125178,-0.128597,-0.017792,0.991537,-0.128209,-0.991150,-0.034413,0.713369,-0.091168,-0.001062,0.694833,0.000873,0.002417,-0.006398,0.002070,0.015845,0.000652,-0.125178,-0.991537,0.034413,0.000000,0.000000,0.000000,-1,-0.126328,-0.976013,0.032532,0.009487,-0.102841,-0.000704,146.822647,183.700272,-749.172668,0,0
0.720000,-1.840878,1.440547,1.710025,0.983367,-0.131613,0.125173,-0.128624,-0.018025,0.991530,-0.128242,-0.991137,-0.034654,0.713450,-0.091190,-0.001075,0.694746,0.010442,-0.006062,-0.004331,-0.001628,0.012724,-0.000703,-0.125173,-0.991530,0.034654,0.000000,0.000000,0.000000,-1,-0.124008,-0.977432,0.032059,0.012681,-0.101780,0.000320,147.698669,184.922607,-749.005676,0,0
0.760000,-1.844376,1.440634,1.713605,0.983400,-0.131558,0.124968,-0.128473,-0.018473,0.991541,-0.128137,-0.991136,-0.035068,0.713607,-0.091098,-0.001110,0.694597,0.006191,0.003478,-0.005390,0.001020,0.011881,-0.001315,-0.124968,-0.991541,0.035068,0.000000,0.000000,0.000000,-1,-0.125839,-0.976791,0.037399,0.000989,-0.098599,0.000434,148.574707,184.049500,-749.172668,0,0
0.800000,-1.846164,1.440616,1.715508,0.983419,-0.131458,0.124923,-0.128456,-0.018720,0.991538,-0.128008,-0.991145,-0.035296,0.713694,-0.091046,-0.001081,0.694515,0.010451,0.004539,-0.004373,0.002761,0.016334,0.001630,-0.124923,-0.991538,0.035296,0.000000,0.000000,0.000000,-1,-0.124893,-0.976822,0.036407,0.010559,-0.096479,0.000319,144.544968,184.573364,-747.669678,0,0
0.840000,-1.850421,1.440582,1.720857,0.983451,-0.131366,0.124769,-0.128387,-0.019412,0.991534,-0.127832,-0.991144,-0.035956,0.713936,-0.090958,-0.001073,0.694277,0.010451,0.001357,-0.004357,-0.000414,0.014895,-0.000327,-0.124769,-0.991534,0.035956,0.000000,0.000000,0.000000,-1,-0.127548,-0.975891,0.032745,0.010559,-0.095418,0.000314,147.348251,183.874893,-749.005676,0,0
0.880000,-1.851909,1.440500,1.721634,0.983475,-0.131131,0.124828,-0.128453,-0.019524,0.991523,-0.127583,-0.991173,-0.036045,0.713975,-0.090894,-0.000964,0.694245,0.007266,0.008780,-0.003285,-0.001667,0.013710,-0.002415,-0.124828,-0.991523,0.036045,0.000000,0.000000,0.000000,-1,-0.124390,-0.980103,0.036301,0.009511,-0.092233,0.003503,145.420990,185.097229,-749.172668,0,0
0.920000,-1.853955,1.440356,1.724061,0.983514,-0.130774,0.124891,-0.128546,-0.019857,0.991505,-0.127183,-0.991213,-0.036341,0.714092,-0.090787,-0.000802,0.694139,0.009410,0.009846,0.000944,0.004683,0.012928,-0.000833,-0.124891,-0.991505,0.036341,0.000000,0.000000,0.000000,-1,-0.122406,-0.977661,0.035431,0.008452,-0.085872,0.003486,146.822647,183.700272,-747.502625,0,0
0.960000,-1.855491,1.440389,1.726035,0.983581,-0.130355,0.124804,-0.128474,-0.020106,0.991509,-0.126739,-0.991263,-0.036523,0.714180,-0.090604,-0.000678,0.694073,0.009397,0.011961,-0.002259,0.002398,0.013848,-0.001092,-0.124804,-0.991509,0.036523,0.000000,0.000000,0.000000,-1,-0.122025,-0.977203,0.036438,0.011635,-0.090114,0.002406,147.173050,185.446472,-748.838684,0,0
1.000000,-1.858173,1.440293,1.729452,0.983675,-0.129654,0.124796,-0.128498,-0.020560,0.991497,-0.125986,-0.991346,-0.036884,0.714339,-0.090347,-0.000416,0.693943,0.005152,0.021502,-0.002253,0.001627,0.015316,-0.000416,-0.124796,-0.991497,0.036885,0.000000,0.000000,0.000000,-1,-0.120651,-0.976807,0.036133,0.002071,-0.073154,0.000307,145.771408,184.747986,-750.174683,0,0
1.040000,-1.859542,1.440542,1.731868,0.983845,-0.128630,0.124509,-0.128205,-0.020831,0.991529,-0.124947,-0.991474,-0.036985,0.714434,-0.089874,-0.000153,0.693907,0.008336,0.022558,-0.004425,0.005811,0.014600,-0.000593,-0.124509,-0.991529,0.036985,0.000000,0.000000,0.000000,-1,-0.116425,-0.977249,0.034500,0.008440,-0.081637,-0.000788,146.997849,184.224121,-747.669678,0,0
1.080000,-1.860672,1.440897,1.733579,0.983968,-0.128060,0.124130,-0.127821,-0.020993,0.991575,-0.124375,-0.991544,-0.037025,0.714490,-0.089533,-0.000086,0.693893,0.008322,0.016195,-0.005469,0.007705,0.014326,-0.002525,-0.124130,-0.991575,0.037025,0.000000,0.000000,0.000000,-1,-0.113678,-0.979492,0.035843,0.009494,-0.093300,-0.000747,145.420990,183.700272,-748.838684,0,0
1.120000,-1.863119,1.441704,1.736540,0.984141,-0.127555,0.123273,-0.126970,-0.021239,0.991679,-0.123876,-0.991604,-0.037098,0.714577,-0.089047,-0.000211,0.693867,0.005119,0.006652,-0.005415,0.007840,0.013240,-0.000813,-0.123272,-0.991679,0.037098,0.000000,0.000000,0.000000,-1,-0.121277,-0.977142,0.033585,0.005241,-0.094360,-0.000696,147.523468,185.097229,-747.502625,0,0
1.160000,-1.864251,1.441950,1.737913,0.984206,-0.127321,0.122997,-0.126700,-0.021373,0.991711,-0.123637,-0.991631,-0.037167,0.714623,-0.088865,-0.000224,0.693842,0.008305,0.003473,-0.004375,0.001659,0.016796,-0.004223,-0.122997,-0.991711,0.037167,0.000000,0.000000,0.000000,-1,-0.122208,-0.975845,0.032913,0.008422,-0.104962,-0.000683,146.647430,185.621094,-749.339661,0,0
1.200000,-1.865285,1.442076,1.738901,0.984219,-0.127372,0.122839,-0.126555,-0.021477,0.991727,-0.123680,-0.991623,-0.037258,0.714660,-0.088828,-0.000294,0.693809,0.006212,-0.002881,-0.005390,0.000631,0.015882,-0.004345,-0.122839,-0.991727,0.037258,0.000000,0.000000,0.000000,-1,-0.120544,-0.978943,0.037704,0.004180,-0.096479,0.000389,146.647430,183.874893,-749.673706,0,0
1.240000,-1.868867,1.442294,1.742718,0.984289,-0.127163,0.122498,-0.126259,-0.021923,0.991755,-0.123429,-0.991640,-0.037634,0.714816,-0.088632,-0.000326,0.693673,0.007291,0.009841,-0.004399,0.001618,0.013850,-0.000983,-0.122498,-0.991755,0.037634,0.000000,0.000000,0.000000,-1,-0.120804,-0.978317,0.036423,0.010563,-0.095417,0.001378,144.720169,184.049500,-748.504639,0,0
1.280000,-1.871438,1.442297,1.745486,0.984323,-0.126988,0.122398,-0.126196,-0.022272,0.991755,-0.123215,-0.991654,-0.037948,0.714938,-0.088534,-0.000286,0.693560,0.005163,0.001360,-0.003272,-0.000359,0.011882,-0.002823,-0.122398,-0.991755,0.037948,0.000000,0.000000,0.000000,-1,-0.119675,-0.974564,0.034134,-0.004338,-0.097544,-0.002703,146.647430,185.271851,-748.003662,0,0
1.320000,-1.870487,1.442551,1.744624,0.984362,-0.126888,0.122193,-0.125967,-0.022120,0.991788,-0.123143,-0.991670,-0.037757,0.714884,-0.088425,-0.000332,0.693629,-0.005491,0.000292,-0.008468,0.002519,0.017224,-0.003624,-0.122193,-0.991788,0.037757,0.000000,0.000000,0.000000,-1,-0.115158,-0.979340,0.036026,0.000976,-0.099664,-0.002752,146.822647,184.398743,-750.174683,0,0
1.360000,-1.872330,1.443277,1.746376,0.984444,-0.126976,0.121436,-0.125218,-0.022215,0.991880,-0.123247,-0.991657,-0.037769,0.714917,-0.088190,-0.000634,0.693625,0.004047,-0.008161,-0.008520,0.007529,0.015196,-0.000476,-0.121436,-0.991880,0.037769,0.000000,0.000000,0.000000,-1,-0.117661,-0.976364,0.035553,0.004150,-0.114508,-0.003784,145.771408,182.652542,-748.170654,0,0
1.400000,-1.875405,1.443674,1.748983,0.984443,-0.127451,0.120944,-0.124773,-0.022471,0.991931,-0.123704,-0.991590,-0.038024,0.715007,-0.088189,-0.000965,0.693532,0.006175,-0.011341,-0.007469,0.000216,0.014712,-0.001601,-0.120944,-0.991931,0.038024,0.000000,0.000000,0.000000,-1,-0.126480,-0.976257,0.037704,0.009472,-0.112386,-0.002788,147.348251,184.573364,-747.335632,0,0
1.440000,-1.877398,1.443492,1.750660,0.984389,-0.127780,0.121040,-0.124913,-0.022713,0.991908,-0.123997,-0.991542,-0.038319,0.715091,-0.088343,-0.001034,0.693426,0.009370,-0.008159,-0.006447,-0.005440,0.015650,-0.000615,-0.121040,-0.991908,0.038320,0.000000,0.000000,0.000000,-1,-0.124603,-0.977295,0.041336,0.006301,-0.103900,0.000399,146.822647,184.398743,-748.838684,0,0
1.480000,-1.880352,1.443106,1.753533,0.984344,-0.127888,0.121291,-0.125223,-0.023141,0.991859,-0.124040,-0.991519,-0.038793,0.715241,-0.088471,-0.000961,0.693255,0.005144,0.000328,-0.002174,0.001585,0.011390,0.001704,-0.121291,-0.991859,0.038793,0.000000,0.000000,0.000000,-1,-0.115051,-0.984985,0.036606,-0.000075,-0.094360,-0.000637,146.822647,185.097229,-748.504639,0,0
1.520000,-1.879737,1.443605,1.753148,0.984430,-0.127647,0.120844,-0.124746,-0.023003,0.991922,-0.123836,-0.991553,-0.038568,0.715193,-0.088226,-0.001046,0.693336,-0.005541,0.006714,-0.003119,0.006937,0.008798,-0.002207,-0.120844,-0.991922,0.038568,0.000000,0.000000,0.000000,-1,-0.116821,-0.972290,0.039642,0.002067,-0.094353,0.003594,147.698669,184.224121,-747.335632,0,0
1.560000,-1.882154,1.443592,1.755953,0.984488,-0.127283,0.120762,-0.124693,-0.023355,0.991920,-0.123434,-0.991592,-0.038864,0.715316,-0.088065,-0.000934,0.693229,0.013624,0.009903,0.003036,-0.002926,0.018379,0.003174,-0.120762,-0.991920,0.038864,0.000000,0.000000,0.000000,-1,-0.128830,-0.977188,0.036041,0.013794,-0.089041,0.010887,147.698669,184.573364,-748.003662,0,0
1.600000,-1.881555,1.442781,1.756134,0.984488,-0.126528,0.121551,-0.125479,-0.023526,0.991817,-0.122633,-0.991684,-0.039038,0.715376,-0.088068,-0.000378,0.693167,0.006219,0.026878,0.010496,-0.004060,0.013790,-0.004095,-0.121551,-0.991817,0.039038,0.000000,0.000000,0.000000,-1,-0.121750,-0.977921,0.037994,0.001053,-0.061477,0.009839,146.297028,184.922607,-746.667603,0,0
1.640000,-1.880334,1.442473,1.756051,0.984589,-0.125406,0.121889,-0.125782,-0.023572,0.991778,-0.121501,-0.991825,-0.038982,0.715392,-0.087780,0.000136,0.693187,0.004072,0.041707,0.001945,0.001040,0.015414,0.001087,-0.121889,-0.991778,0.038982,0.000000,0.000000,0.000000,-1,-0.119034,-0.974091,0.039169,0.010612,-0.057241,0.006524,146.997849,185.621094,-747.335632,0,0
1.680000,-1.881885,1.442155,1.759827,0.984834,-0.123233,0.122129,-0.126001,-0.024106,0.991737,-0.119271,-0.992085,-0.039268,0.715578,-0.087074,0.000998,0.693084,0.012519,0.044897,0.002942,0.003797,0.018043,-0.001533,-0.122129,-0.991737,0.039268,0.000000,0.000000,0.000000,-1,-0.117874,-0.976074,0.040009,0.009555,-0.054059,0.007585,148.049088,185.621094,-748.003662,0,0
1.720000,-1.882577,1.442149,1.761898,0.985005,-0.121881,0.122107,-0.125957,-0.024368,0.991736,-0.117898,-0.992246,-0.039354,0.715669,-0.086575,0.001470,0.693052,0.004005,0.043833,0.000910,0.006369,0.013541,0.000960,-0.122107,-0.991736,0.039354,0.000000,0.000000,0.000000,-1,-0.114807,-0.979630,0.032547,-0.007475,-0.055127,0.002459,146.822647,184.049500,-747.836670,0,0
1.760000,-1.878136,1.442753,1.759211,0.985272,-0.120106,0.121710,-0.125434,-0.023917,0.991814,-0.116212,-0.992473,-0.038630,0.715510,-0.085792,0.001921,0.693312,-0.005583,0.039587,-0.002163,0.009665,0.013847,-0.005320,-0.121710,-0.991814,0.038630,0.000000,0.000000,0.000000,-1,-0.105530,-0.981247,0.033249,-0.011751,-0.075275,0.000469,146.297028,183.874893,-748.671631,0,0
1.800000,-1.874266,1.444373,1.756234,0.985557,-0.119162,0.120325,-0.123925,-0.023247,0.992019,-0.115414,-0.992603,-0.037679,0.715277,-0.084963,0.001716,0.693655,-0.007744,-0.002820,-0.000906,0.017069,0.017715,-0.005147,-0.120325,-0.992019,0.037679,0.000000,0.000000,0.000000,-1,-0.104797,-0.974228,0.035721,-0.003257,-0.111315,0.004793,147.173050,183.700272,-748.504639,0,0
1.840000,-1.875936,1.445041,1.757436,0.985586,-0.119620,0.119631,-0.123246,-0.023274,0.992103,-0.115891,-0.992547,-0.037681,0.715287,-0.084884,0.001307,0.693655,0.007056,-0.022974,0.002252,0.013872,0.017265,-0.001792,-0.119631,-0.992103,0.037681,0.000000,0.000000,0.000000,-1,-0.118027,-0.977158,0.031357,0.013742,-0.131457,0.005760,147.873871,185.097229,-747.502625,0,0
1.880000,-1.877971,1.445155,1.758651,0.985508,-0.120440,0.119446,-0.123107,-0.023402,0.992118,-0.116696,-0.992445,-0.037890,0.715332,-0.085117,0.000961,0.693581,0.010236,-0.030395,0.002247,0.001419,0.014960,-0.006533,-0.119446,-0.992117,0.037890,0.000000,0.000000,0.000000,-1,-0.123306,-0.972076,0.036682,0.005254,-0.129331,0.010099,146.472229,182.652542,-746.500610,0,0
1.920000,-1.873621,1.444930,1.752418,0.985237,-0.122271,0.119823,-0.123470,-0.022675,0.992089,-0.118587,-0.992238,-0.037437,0.715078,-0.085914,0.000432,0.693745,-0.021705,-0.044189,-0.004778,-0.001790,0.013345,-0.015952,-0.119823,-0.992089,0.037437,0.000000,0.000000,0.000000,-1,-0.117401,-0.990601,0.014526,-0.035207,-0.153733,-0.001046,145.245789,184.573364,-748.337646,0,0
1.960000,-1.858823,1.445922,1.735833,0.985082,-0.123907,0.119419,-0.122857,-0.020462,0.992213,-0.120499,-0.992083,-0.035380,0.714304,-0.086365,-0.000378,0.694485,-0.052631,-0.069657,-0.020279,-0.000424,-0.004750,-0.017817,-0.119419,-0.992213,0.035380,0.000000,0.000000,0.000000,-1,-0.125839,-0.973923,0.020905,-0.063000,-0.173931,-0.036814,146.472229,183.001785,-747.502625,0,0
2.000000,-1.842349,1.447588,1.717210,0.984956,-0.125878,0.118393,-0.121581,-0.017930,0.992419,-0.122801,-0.991884,-0.032964,0.713416,-0.086716,-0.001545,0.695353,-0.069776,-0.061225,-0.054164,-0.007446,0.018497,-0.012060,-0.118393,-0.992419,0.032964,0.000000,0.000000,0.000000,-1,-0.178574,-0.940918,0.001846,-0.082205,-0.132623,-0.063382,145.771408,183.700272,-747.836670,0,0
2.040000,-1.805618,1.450041,1.679655,0.985037,-0.126399,0.117156,-0.119749,-0.013087,0.992718,-0.123946,-0.991893,-0.028028,0.711715,-0.086463,-0.002385,0.697123,-0.051692,0.038420,-0.047278,-0.050401,0.044873,-0.041379,-0.117156,-0.992718,0.028028,0.000000,0.000000,0.000000,-1,-0.148102,-0.975739,-0.037338,-0.040593,-0.040353,-0.042983,146.472229,183.351028,-747.502625,0,0
2.080000,-1.788106,1.451259,1.665997,0.985617,-0.122468,0.116448,-0.118713,-0.011336,0.992864,-0.120274,-0.992408,-0.025711,0.711102,-0.084791,-0.001345,0.697956,0.000529,0.144466,-0.032366,0.005883,-0.009089,-0.039551,-0.116448,-0.992864,0.025711,0.000000,0.000000,0.000000,-1,-0.091507,-0.979752,0.027008,0.081725,0.067778,-0.051201,146.297028,184.922607,-747.335632,0,0
2.120000,-1.810745,1.452993,1.695465,0.986683,-0.115861,0.114164,-0.116619,-0.014614,0.993069,-0.113390,-0.993158,-0.027931,0.712255,-0.081600,0.000272,0.697162,0.140790,0.173056,-0.057447,0.008725,0.018826,0.029670,-0.114164,-0.993069,0.027931,0.000000,0.000000,0.000000,-1,-0.146103,-0.989243,0.042999,0.127510,0.113381,-0.042338,146.822647,184.398743,-747.502625,0,0
2.160000,-1.831296,1.452975,1.723331,0.987556,-0.108773,0.113583,-0.116184,-0.017861,0.993067,-0.105990,-0.993906,-0.030276,0.713389,-0.078834,0.002661,0.696315,0.026184,0.266419,0.000894,-0.060825,-0.006719,-0.012195,-0.113583,-0.993067,0.030276,0.000000,0.000000,0.000000,-1,-0.103607,-1.004852,-0.051620,-0.009361,0.120910,0.030405,147.698669,184.922607,-747.669678,0,0
2.200000,-1.802287,1.450221,1.698687,0.987629,-0.104316,0.117074,-0.119301,-0.015341,0.992740,-0.101763,-0.994426,-0.027596,0.712490,-0.078463,0.005373,0.697261,-0.030164,0.017354,0.056895,0.088022,0.025516,-0.008202,-0.117074,-0.992740,0.027596,0.000000,0.000000,0.000000,-1,-0.012268,-0.930252,0.070496,0.013786,-0.030751,-0.003204,147.173050,185.446472,-747.502625,0,0
2.240000,-1.804115,1.450117,1.703452,0.987924,-0.101429,0.117124,-0.119328,-0.015923,0.992727,-0.098826,-0.994715,-0.027834,0.712685,-0.077439,0.006419,0.697167,0.046185,0.105245,-0.014548,0.066938,0.057379,0.040678,-0.117124,-0.992727,0.027834,0.000000,0.000000,0.000000,-1,-0.093613,-0.956833,0.059006,0.062689,-0.026512,-0.004826,146.472229,185.795700,-747.836670,0,0
2.280000,-1.821811,1.449734,1.722236,0.988038,-0.100480,0.116982,-0.119384,-0.018219,0.992681,-0.097613,-0.994772,-0.029997,0.713487,-0.077039,0.006787,0.696388,0.096098,-0.035742,-0.000634,0.009972,0.028875,0.028795,-0.116982,-0.992681,0.029997,0.000000,0.000000,0.000000,-1,-0.123795,-0.998352,0.038300,0.094487,-0.190832,0.003011,146.997849,184.922607,-748.003662,0,0
2.320000,-1.843153,1.449310,1.738617,0.987542,-0.105531,0.116721,-0.119485,-0.020242,0.992630,-0.102390,-0.994210,-0.032600,0.714210,-0.078764,0.005016,0.695467,-0.012525,-0.152420,-0.003117,-0.007562,-0.009217,-0.004707,-0.116721,-0.992630,0.032600,0.000000,0.000000,0.000000,-1,-0.109924,-0.992950,0.023529,-0.029940,-0.243842,0.004622,146.472229,185.097229,-748.170654,0,0
2.360000,-1.841579,1.450096,1.729488,0.986802,-0.112965,0.116020,-0.118895,-0.019027,0.992724,-0.109935,-0.993417,-0.032207,0.713799,-0.081206,0.002131,0.695623,0.003324,-0.171538,-0.025543,0.042839,0.026416,0.019795,-0.116020,-0.992725,0.032207,0.000000,0.000000,0.000000,-1,-0.082260,-0.971527,0.060120,0.019886,-0.283115,-0.025534,147.523468,183.351028,-748.170654,0,0
2.400000,-1.859149,1.451011,1.741324,0.986296,-0.118719,0.114565,-0.117766,-0.020279,0.992834,-0.115545,-0.992721,-0.033982,0.714241,-0.082775,-0.000343,0.694988,0.012869,-0.210767,-0.025476,0.017886,0.017645,0.019851,-0.114565,-0.992834,0.033982,0.000000,0.000000,0.000000,-1,-0.143417,-0.975433,0.040665,-0.008840,-0.338237,-0.019650,146.822647,185.097229,-747.168640,0,0
2.440000,-1.856428,1.450894,1.727994,0.984960,-0.129159,0.114769,-0.118140,-0.018726,0.992820,-0.126083,-0.991447,-0.033703,0.713686,-0.086628,-0.003963,0.695077,-0.093438,-0.291318,-0.006907,-0.043571,0.026603,0.010959,-0.114769,-0.992820,0.033703,0.000000,0.000000,0.000000,-1,-0.171875,-0.939041,0.045013,-0.116199,-0.389105,-0.003345,146.647430,183.525650,-748.337646,0,0
2.480000,-1.813780,1.451936,1.671279,0.983050,-0.142706,0.115098,-0.117983,-0.011895,0.992944,-0.140331,-0.989694,-0.028531,0.711245,-0.091631,-0.008869,0.696890,-0.115899,-0.278702,-0.022607,-0.043914,0.032800,-0.021496,-0.115098,-0.992944,0.028531,0.000000,0.000000,0.000000,-1,-0.111404,-1.000351,0.006638,-0.094970,-0.396537,-0.010992,144.895370,183.525650,-748.337646,0,0
2.520000,-1.801725,1.454117,1.649781,0.981880,-0.151883,0.113325,-0.116052,-0.009185,0.993201,-0.149809,-0.988356,-0.026645,0.710231,-0.094313,-0.012843,0.697504,-0.098966,-0.337026,-0.031051,0.033536,-0.013315,-0.003604,-0.113325,-0.993201,0.026645,0.000000,0.000000,0.000000,-1,-0.085556,-0.980194,0.085464,-0.107831,-0.449573,-0.027630,147.173050,184.049500,-749.840698,0,0
2.560000,-1.791216,1.455337,1.625163,0.979758,-0.165644,0.112416,-0.115033,-0.006260,0.993342,-0.163837,-0.986166,-0.025188,0.709085,-0.098957,-0.018129,0.697909,-0.111432,-0.357059,0.045761,0.021366,0.034358,0.062596,-0.112416,-0.993342,0.025188,0.000000,0.000000,0.000000,-1,-0.117218,-1.011581,0.048492,-0.097788,-0.450443,0.098845,146.997849,185.271851,-748.337646,0,0
2.600000,-1.764776,1.449311,1.579899,0.975727,-0.183892,0.118914,-0.121182,-0.001103,0.992630,-0.182405,-0.982946,-0.023361,0.707141,-0.107855,-0.022446,0.698438,-0.039715,-0.437414,0.192117,0.049853,-0.000916,-0.045822,-0.118914,-0.992630,0.023361,0.000000,0.000000,0.000000,-1,-0.046143,-1.027161,-0.041519,-0.047671,-0.542593,0.157213,146.822647,184.398743,-748.504639,0,0
2.640000,-1.752182,1.448600,1.555015,0.973292,-0.195776,0.119893,-0.121878,0.001924,0.992543,-0.194546,-0.980647,-0.021988,0.705932,-0.112494,-0.026438,0.698790,-0.017005,-0.344449,0.010651,0.065495,-0.045909,-0.067261,-0.119893,-0.992543,0.021989,0.000000,0.000000,0.000000,-1,-0.082565,-1.001648,-0.054642,0.029278,-0.331940,-0.062648,146.472229,184.049500,-749.506653,0,0
2.680000,-1.788456,1.452901,1.588898,0.973378,-0.198359,0.114847,-0.117603,-0.002129,0.993058,-0.196737,-0.980127,-0.025400,0.707267,-0.111684,-0.028946,0.697468,0.139977,0.114336,-0.181428,0.026606,0.007463,-0.071085,-0.114847,-0.993058,0.025400,0.000000,0.000000,0.000000,-1,-0.064545,-0.958817,-0.014069,0.147180,0.063355,-0.173167,146.121811,183.700272,-748.504639,0,0
2.720000,-1.878421,1.457958,1.691871,0.976633,-0.186202,0.107313,-0.111775,-0.013600,0.993641,-0.183558,-0.982417,-0.034095,0.711394,-0.104716,-0.026794,0.694431,0.266912,0.313762,-0.111394,0.122175,0.096180,0.002038,-0.107313,-0.993641,0.034094,0.000000,0.000000,0.000000,-1,0.026108,-0.914398,0.038574,0.280595,0.189690,-0.061390,147.348251,183.874893,-748.003662,0,0
2.760000,-1.944856,1.455609,1.766134,0.978020,-0.178970,0.106986,-0.112747,-0.022308,0.993373,-0.175397,-0.983602,-0.041996,0.714550,-0.102063,-0.023935,0.691686,0.313112,0.151793,0.050513,0.134573,0.063716,-0.016728,-0.106986,-0.993373,0.041996,0.000000,0.000000,0.000000,-1,0.026520,-0.967514,-0.019318,0.318201,-0.078302,0.098963,146.472229,184.049500,-748.504639,0,0
2.800000,-2.028124,1.450323,1.845735,0.977154,-0.183145,0.107831,-0.115668,-0.032628,0.992752,-0.178299,-0.982544,-0.053066,0.718131,-0.104025,-0.024532,0.687652,0.292974,-0.245729,0.161063,0.129590,0.015518,-0.084515,-0.107831,-0.992752,0.053067,0.000000,0.000000,0.000000,-1,0.009766,-0.987457,-0.054596,0.285273,-0.358100,0.164412,146.822647,185.446472,-748.170654,0,0
2.840000,-2.091070,1.442026,1.900969,0.975189,-0.191287,0.111423,-0.121479,-0.041633,0.991721,-0.185065,-0.980651,-0.063837,0.721225,-0.108415,-0.025527,0.683688,0.240983,-0.016739,0.149929,0.075397,0.001242,-0.131785,-0.111423,-0.991721,0.063837,0.000000,0.000000,0.000000,-1,-0.065552,-0.991455,-0.059402,0.244034,-0.072902,0.165707,146.822647,184.747986,-746.500610,0,0
2.880000,-2.107008,1.434109,1.919479,0.974932,-0.189171,0.117138,-0.128062,-0.046555,0.990673,-0.181953,-0.980840,-0.069614,0.723032,-0.109689,-0.022411,0.681682,0.274264,0.080917,0.225689,0.053677,0.005642,-0.119892,-0.117138,-0.990673,0.069614,0.000000,0.000000,0.000000,-1,0.004257,-0.967880,-0.023590,0.291147,-0.019773,0.243663,144.895370,183.874893,-747.335632,0,1
2.920000,-2.118895,1.426788,1.934081,0.974712,-0.186903,0.122490,-0.134145,-0.050996,0.989649,-0.178722,-0.981054,-0.074779,0.724653,-0.110759,-0.019400,0.679878,0.315766,0.075649,0.245445,0.110710,0.016138,-0.100597,-0.122490,-0.989649,0.074779,0.000000,0.000000,0.000000,-1,0.011642,-0.961670,-0.021683,0.326228,-0.012355,0.241115,144.720169,185.097229,-746.166626,0,0
2.960000,-2.159310,1.416546,1.979018,0.974727,-0.183237,0.127792,-0.141015,-0.060991,0.988127,-0.173268,-0.981175,-0.085289,0.728184,-0.111322,-0.015613,0.676100,0.385722,0.101925,0.198877,0.151459,0.035673,-0.103512,-0.129735,-0.987534,0.089138,0.000000,0.000000,0.000000,-1,0.023788,-0.958618,0.001801,0.429133,0.015115,0.176034,146.472229,184.398743,-747.168640,0,0
3.000000,-2.218455,1.405508,2.043847,0.975119,-0.178674,0.131218,-0.146468,-0.074964,0.986371,-0.166402,-0.981048,-0.099268,0.733033,-0.110889,-0.012000,0.670986,0.438737,0.150631,0.155489,0.148781,0.014844,-0.089030,-0.131218,-0.986371,0.099268,0.000000,0.000000,0.000000,-1,-0.031479,-1.016525,0.028915,0.410994,0.050064,0.151611,144.720169,184.049500,-745.498596,0,0
3.040000,-2.254511,1.398701,2.086861,0.976019,-0.172516,0.132756,-0.148945,-0.084504,0.985228,-0.158749,-0.981375,-0.108173,0.736325,-0.109144,-0.008825,0.667709,0.153414,0.185456,0.049943,0.079793,-0.040819,-0.071430,-0.132756,-0.985228,0.108173,0.000000,0.000000,0.000000,-1,-0.081421,-0.991547,0.037140,0.055338,0.099651,-0.006378,145.245789,185.271851,-744.329590,0,0
3.080000,-2.247877,1.409525,2.091759,0.979066,-0.160518,0.125152,-0.139272,-0.079920,0.987024,-0.148433,-0.983792,-0.100603,0.734777,-0.102000,-0.007921,0.670549,-0.278532,0.277124,-0.325472,0.136794,-0.045172,-0.054582,-0.125152,-0.987024,0.100603,0.000000,0.000000,0.000000,-1,0.029892,-1.141464,0.015915,-0.391569,0.210358,-0.411483,146.297028,184.224121,-746.667603,0,0
3.120000,-2.230806,1.432266,2.084057,0.982659,-0.149938,0.109087,-0.120295,-0.067804,0.990420,-0.141105,-0.986368,-0.084665,0.730604,-0.092469,-0.010956,0.676423,-0.549408,0.307531,-0.549223,0.140276,-0.231275,-0.090890,-0.109087,-0.990420,0.084665,0.000000,0.000000,0.000000,-1,-0.043640,-1.291931,0.039581,-0.624999,0.166661,-0.560825,145.596191,184.573364,-746.667603,0,0
3.160000,-2.111823,1.468018,1.974488,0.986425,-0.138681,0.087944,-0.094350,-0.040302,0.994723,-0.134405,-0.989517,-0.052839,0.721035,-0.080797,-0.016109,0.687983,-1.022517,0.251350,-0.536309,0.009941,-0.252408,-0.003080,-0.087944,-0.994723,0.052839,0.000000,0.000000,0.000000,-1,-0.152344,-1.139542,0.055511,-1.208564,0.224993,-0.540828,146.822647,185.446472,-746.834656,0,0
3.200000,-1.265630,1.507995,1.143523,0.990843,-0.121025,0.059861,-0.057118,0.026007,0.998029,-0.122343,-0.992309,0.018856,0.697492,-0.063851,-0.022396,0.713391,-1.631973,0.251117,-0.595392,-0.154663,0.014294,-0.041904,-0.059861,-0.998029,-0.018856,0.000000,0.000000,0.000000,-1,-0.222000,-1.037567,-0.200333,-1.758665,-0.068780,-0.597262,148.049088,184.573364,-751.343689,0,0
3.240000,-0.508394,1.484114,0.382781,0.991438,-0.123587,0.042142,-0.032335,0.080308,0.996245,-0.126508,-0.989079,0.075625,0.677404,-0.057544,-0.031136,0.732696,-2.123459,-0.164485,-0.589162,-0.168307,-0.087022,-0.123869,-0.042142,-0.996245,-0.075624,0.000000,0.000000,0.000000,-1,-0.248611,-1.036331,-0.087021,-2.238020,-0.266931,-0.519815,149.275528,187.891144,-753.848755,0,0
3.280000,-0.141217,1.385742,0.004058,0.990599,-0.134326,0.025898,-0.000747,0.183998,0.982926,-0.136798,-0.973705,0.182168,0.637266,-0.052989,-0.043506,0.767588,-1.907140,-0.211555,-0.164783,-0.181149,0.024033,0.071099,-0.025898,-0.982926,-0.182168,0.000000,0.000000,0.000000,-1,-0.141907,-0.929276,-0.118179,-1.538453,-0.152028,-0.261051,148.574707,187.541901,-755.518738,0,0
3.320000,-0.065628,1.325717,-0.076500,0.990066,-0.139697,0.015912,0.018543,0.241923,0.970118,-0.139372,-0.960186,0.242110,0.613603,-0.049361,-0.050301,0.786464,-1.370795,-0.050668,-0.346934,-0.049212,-0.158819,0.061523,-0.015912,-0.970118,-0.242111,0.000000,0.000000,0.000000,-1,-0.091629,-1.024567,-0.206375,-1.347398,-0.144733,-0.347223,150.326767,187.891144,-759.192810,0,0
3.360000,-0.020423,1.286133,-0.124050,0.989684,-0.143156,0.005735,0.034748,0.278676,0.959756,-0.138993,-0.949656,0.280776,0.597961,-0.045324,-0.055713,0.798301,-1.308076,0.005503,-0.360643,-0.096270,-0.009833,0.061949,-0.005735,-0.959756,-0.280776,0.000000,0.000000,0.000000,-1,-0.132278,-0.855423,-0.250229,-1.265418,-0.103350,-0.324912,152.254028,190.161209,-760.027832,0,0
3.400000,0.013365,1.231550,-0.163386,0.988644,-0.150211,-0.004447,0.054129,0.328344,0.943006,-0.140189,-0.932538,0.332746,0.576098,-0.041695,-0.062766,0.813900,-0.802383,-0.157439,-0.145292,-0.124473,0.118055,0.093504,0.004447,-0.943006,-0.332746,0.000000,0.000000,0.000000,-1,-0.116928,-0.798187,-0.233627,-0.444966,-0.245064,-0.098234,148.749908,190.859680,-762.365845,0,0
3.440000,0.017946,1.215075,-0.174171,0.987627,-0.156697,-0.006250,0.060352,0.342998,0.937396,-0.144743,-0.926174,0.348211,0.569302,-0.042308,-0.066306,0.818357,-0.126932,-0.118079,-0.064626,-0.115762,0.166796,0.114888,0.006250,-0.937396,-0.348210,0.000000,0.000000,0.000000,-1,-0.100769,-0.735352,-0.229172,0.010329,-0.221637,-0.035280,150.501968,191.558167,-762.031860,0,0
3.480000,0.015286,1.218235,-0.175427,0.987041,-0.160383,-0.005278,0.060265,0.340003,0.938491,-0.148724,-0.926647,0.345262,0.570477,-0.043875,-0.067488,0.817360,0.267866,-0.144427,0.036450,-0.100661,0.227996,0.103182,0.005278,-0.938491,-0.345262,0.000000,0.000000,0.000000,-1,-0.061630,-0.712967,-0.299561,0.412662,-0.282923,0.097782,150.326767,191.034302,-761.196838,0,0
3.520000,-0.025351,1.247892,-0.145204,0.985680,-0.168433,0.008044,0.045915,0.313982,0.948318,-0.162254,-0.934369,0.317220,0.581910,-0.052636,-0.066252,0.808839,0.733429,-0.246847,0.311538,-0.007871,0.187225,0.007161,-0.008044,-0.948318,-0.317220,0.000000,0.000000,0.000000,-1,0.010513,-0.827042,-0.359955,0.750621,-0.210473,0.330939,150.677170,191.034302,-759.860840,0,0
3.560000,-0.071851,1.278675,-0.100670,0.985461,-0.168641,0.020674,0.028943,0.286527,0.957635,-0.167420,-0.943113,0.287242,0.594073,-0.058788,-0.061754,0.799879,0.894901,-0.009484,0.227845,0.083113,0.101724,-0.125677,-0.020674,-0.957635,-0.287242,0.000000,0.000000,0.000000,-1,0.074829,-0.924530,-0.446854,0.924597,-0.038922,0.193155,147.698669,190.510452,-759.025818,0,0
3.600000,-0.093290,1.304054,-0.074116,0.986264,-0.163339,0.024555,0.019518,0.262867,0.964635,-0.164017,-0.950906,0.262444,0.604349,-0.059494,-0.057691,0.792398,0.744879,0.260738,0.142118,0.098499,0.008473,-0.186500,-0.024555,-0.964635,-0.262444,0.000000,0.000000,0.000000,-1,0.042664,-0.936752,-0.377960,0.580041,0.214350,0.118158,150.326767,190.685074,-758.190796,0,0
3.640000,-0.104341,1.319513,-0.052454,0.987904,-0.152887,0.025897,0.013037,0.248305,0.968594,-0.154515,-0.956541,0.247295,0.610799,-0.057241,-0.052643,0.787957,0.192782,0.118581,0.089276,0.039676,0.082181,-0.088215,-0.025897,-0.968594,-0.247295,0.000000,0.000000,0.000000,-1,-0.017685,-0.782791,-0.201996,0.162838,-0.133474,0.073268,148.574707,190.685074,-757.188782,0,0
3.680000,-0.122952,1.329768,-0.036872,0.987386,-0.155601,0.029275,0.008799,0.238539,0.971093,-0.158086,-0.958586,0.236899,0.614807,-0.059694,-0.052379,0.784669,0.346370,-0.223990,0.007223,-0.097419,0.000314,0.025946,-0.029275,-0.971093,-0.236899,0.000000,0.000000,0.000000,-1,-0.202881,-1.486816,-0.274338,0.347412,-0.435706,0.023666,149.100311,190.859680,-758.357788,0,0
3.720000,-0.129569,1.335306,-0.039657,0.985857,-0.164856,0.030146,0.009250,0.233137,0.972400,-0.167334,-0.958368,0.231364,0.616716,-0.063078,-0.055612,0.782681,-0.051833,-0.229526,-0.144729,-0.161916,-0.529828,0.007304,-0.030146,-0.972400,-0.231364,0.000000,0.000000,0.000000,-1,-0.259949,-1.021362,-0.232498,-0.044188,-0.138025,-0.130791,149.100311,190.161209,-757.355774,0,0
3.760000,-0.119983,1.338605,-0.048382,0.986015,-0.164362,0.027543,0.011129,0.229841,0.973164,-0.166282,-0.959249,0.228456,0.618004,-0.061987,-0.056124,0.781715,0.269124,0.087760,0.040707,-0.144729,0.044301,0.186556,-0.027543,-0.973164,-0.228456,0.000000,0.000000,0.000000,-1,-0.105103,-0.916931,0.048798,0.291980,-0.049542,0.188475,149.450729,189.113495,-757.689819,0,0
3.800000,-0.170401,1.353350,0.004809,0.986302,-0.160842,0.036584,-0.001038,0.215735,0.976451,-0.164947,-0.963114,0.212613,0.624090,-0.064846,-0.051420,0.776957,0.393130,-0.013717,0.241904,0.008798,0.038158,0.306958,-0.036584,-0.976451,-0.212613,0.000000,0.000000,0.000000,-1,-0.036194,-0.952957,0.077301,0.414406,-0.132147,0.248130,149.100311,189.462723,-757.021790,0,1
3.840000,-0.220315,1.365031,0.053780,0.985917,-0.161163,0.044651,-0.010983,0.204021,0.978905,-0.166873,-0.965610,0.199377,0.628991,-0.068421,-0.048579,0.772870,0.520812,-0.117544,0.289897,-0.088116,0.019875,0.213797,-0.044651,-0.978905,-0.199377,0.000000,0.000000,0.000000,-1,-0.211349,-0.931961,-0.020233,0.617700,-0.195646,0.321700,148.224289,189.986588,-756.520752,0,0
3.880000,-0.322412,1.389093,0.156572,0.985467,-0.159929,0.057258,-0.028178,0.178495,0.983537,-0.167516,-0.970856,0.171395,0.639448,-0.073543,-0.043107,0.764094,0.764231,0.066856,0.237457,-0.139520,0.032030,0.138787,-0.057258,-0.983537,-0.171395,0.000000,0.000000,0.000000,-1,-0.076004,-1.059311,-0.063843,0.763808,0.082862,0.101834,149.275528,189.288101,-755.184753,0,0
3.920000,-0.393277,1.415493,0.238253,0.986919,-0.149922,0.059276,-0.036505,0.150311,0.987965,-0.157027,-0.977205,0.142872,0.650718,-0.071624,-0.037555,0.755000,0.664746,0.461947,-0.005757,0.017955,-0.055508,0.084949,-0.059276,-0.987965,-0.142872,0.000000,0.000000,0.000000,-1,-0.015808,-0.957275,-0.054657,0.592490,0.441042,-0.010648,148.749908,190.161209,-754.015747,0,0
3.960000,-0.431001,1.432592,0.295817,0.989715,-0.130962,0.057555,-0.040161,0.131781,0.990465,-0.137298,-0.982590,0.125166,0.658173,-0.064999,-0.030289,0.749444,0.326911,0.379372,0.079182,0.036895,0.033754,0.074568,-0.057555,-0.990465,-0.125166,0.000000,0.000000,0.000000,-1,-0.008438,-0.929840,-0.026596,0.293997,0.202667,0.107535,149.275528,189.637344,-755.518738,0,0
4.000000,-0.495359,1.441785,0.370831,0.990825,-0.120524,0.061155,-0.046623,0.119909,0.991690,-0.126856,-0.985442,0.113189,0.662896,-0.063037,-0.024778,0.745641,0.366343,0.193930,0.142343,0.041426,0.109106,0.123581,-0.061155,-0.991690,-0.113189,0.000000,0.000000,0.000000,-1,0.013657,-0.917297,0.022507,0.492694,0.036221,0.110351,148.224289,190.685074,-753.848755,0,0
4.040000,-0.634386,1.462906,0.514710,0.991151,-0.116391,0.063821,-0.053010,0.093730,0.994185,-0.121696,-0.988771,0.086731,0.672809,-0.062945,-0.021505,0.736819,0.666412,-0.033206,-0.026942,0.058007,0.004455,0.087860,-0.063821,-0.994185,-0.086731,0.000000,0.000000,0.000000,-1,-0.031525,-1.000885,-0.022949,0.682384,-0.132545,-0.019688,149.801147,190.510452,-754.015747,0,0
4.080000,-0.763316,1.478233,0.643740,0.991083,-0.116925,0.063900,-0.055477,0.073932,0.995719,-0.121148,-0.990385,0.066786,0.680141,-0.063370,-0.021043,0.730034,0.640138,0.010371,0.045483,-0.006764,-0.022744,0.007551,-0.063900,-0.995719,-0.066786,0.000000,0.000000,0.000000,-1,-0.093826,-1.008408,-0.058578,0.597775,-0.076194,0.087362,147.698669,189.113495,-752.679688,0,1
4.120000,-0.935554,1.486229,0.817787,0.990975,-0.115528,0.067989,-0.061630,0.057761,0.996426,-0.119042,-0.991623,0.050120,0.686129,-0.064550,-0.018602,0.724371,0.495952,0.068823,0.141488,-0.033802,0.008954,0.000300,-0.067989,-0.996426,-0.050120,0.000000,0.000000,0.000000,-1,-0.085052,-0.950241,-0.019104,0.462050,-0.016698,0.171560,148.224289,188.240387,-751.176697,0,0
4.160000,-1.230842,1.486874,1.118090,0.990666,-0.111062,0.079027,-0.075380,0.036665,0.996481,-0.113569,-0.993137,0.027951,0.693911,-0.067171,-0.012445,0.716813,0.415549,0.076395,0.244466,0.006120,0.025030,0.014096,-0.079027,-0.996481,-0.027951,0.000000,0.000000,0.000000,-1,-0.019958,-1.012070,-0.007462,0.395389,-0.026110,0.258498,147.348251,189.811966,-750.675659,0,0
4.200000,-1.417279,1.483141,1.307958,0.990367,-0.108117,0.086514,-0.084537,0.022746,0.996161,-0.109670,-0.993878,0.013387,0.698970,-0.068907,-0.008282,0.711776,0.269913,0.072159,0.248197,0.070767,-0.021158,0.005666,-0.086514,-0.996161,-0.013387,0.000000,0.000000,0.000000,-1,-0.022156,-1.023254,-0.008743,0.227409,0.004624,0.252765,146.647430,189.113495,-749.339661,0,0
4.240000,-1.486755,1.479900,1.381761,0.990453,-0.104028,0.090451,-0.089154,0.017057,0.995872,-0.105142,-0.994428,0.007620,0.701031,-0.068892,-0.005239,0.709776,0.159417,0.183375,0.251138,0.065457,-0.023003,-0.002665,-0.090451,-0.995872,-0.007620,0.000000,0.000000,0.000000,-1,-0.065842,-0.978317,-0.039108,0.135021,0.127613,0.256419,146.121811,189.637344,-749.172668,0,0
