0.000000,-1.378066,-1.512686,-1.358029,0.998180,0.019686,0.057002,0.056768,0.012264,-0.998312,-0.020351,0.999731,0.011124,-0.702636,-0.027202,-0.013040,0.710909,0.018510,0.025398,0.000781,0.002330,0.012049,-0.001556,-0.057002,0.998312,-0.011124,0.000000,0.000000,0.000000,-1,-0.060120,1.013763,-0.011581,0.018036,-0.071027,0.004377,125.973129,285.503723,-771.718018,0,0
0.040000,-1.374146,-1.512669,-1.354381,0.998187,0.019409,0.056975,0.056740,0.012475,-0.998311,-0.020086,0.999734,0.011351,-0.702560,-0.027097,-0.013127,0.710987,0.017445,0.027516,-0.000280,0.000518,0.012996,-0.002504,-0.056975,0.998311,-0.011351,0.000000,0.000000,0.000000,-1,-0.059494,1.012177,-0.009857,0.021233,-0.065725,0.005381,125.973129,285.503723,-771.718018,0,0
0.080000,-1.359367,-1.512366,-1.341076,0.998208,0.017910,0.057097,0.056863,0.013297,-0.998293,-0.018639,0.999751,0.012255,-0.702256,-0.026619,-0.013691,0.711295,0.019574,0.042355,-0.002499,-0.004121,0.016035,0.003481,-0.057097,0.998293,-0.012255,0.000000,0.000000,0.000000,-1,-0.062698,1.009064,-0.004639,0.008467,-0.056189,0.001224,125.797913,286.726074,-770.882996,0,0
0.120000,-1.359754,-1.512024,-1.343009,0.998215,0.016363,0.057435,0.057221,0.013265,-0.998273,-0.017097,0.999778,0.012304,-0.702255,-0.026196,-0.014360,0.711299,0.001482,0.027510,-0.003299,-0.002547,0.013705,0.000601,-0.057435,0.998273,-0.012305,0.000000,0.000000,0.000000,-1,-0.059586,1.009781,-0.017441,0.004198,-0.077393,0.001367,126.148331,286.376831,-770.882996,0,0
0.160000,-1.352783,-1.511805,-1.336640,0.998218,0.015748,0.057561,0.057348,0.013679,-0.998260,-0.016508,0.999782,0.012752,-0.702102,-0.026028,-0.014618,0.711451,0.012120,0.017972,-0.000183,-0.002604,0.012650,-0.004491,-0.057561,0.998260,-0.012752,0.000000,0.000000,0.000000,-1,-0.063187,1.010757,-0.011551,0.018033,-0.080568,0.005483,126.498749,286.027588,-771.885010,0,0
0.200000,-1.343665,-1.511396,-1.328202,0.998212,0.015049,0.057841,0.057627,0.014261,-0.998236,-0.015847,0.999785,0.013368,-0.701887,-0.025886,-0.014957,0.711660,0.008907,0.015693,-0.002258,-0.004873,0.012567,0.003541,-0.057841,0.998236,-0.013368,0.000000,0.000000,0.000000,-1,-0.055283,1.009521,-0.006805,0.005269,-0.073151,0.002400,126.849152,286.027588,-771.551025,0,0
0.240000,-1.345541,-1.511354,-1.330764,0.998219,0.014368,0.057907,0.057704,0.014123,-0.998234,-0.015160,0.999797,0.013269,-0.701931,-0.025669,-0.015225,0.711620,0.003600,0.030535,-0.002266,0.002624,0.011288,0.006464,-0.057907,0.998234,-0.013269,0.000000,0.000000,0.000000,-1,-0.051712,1.009659,-0.015182,0.003144,-0.065731,0.001326,125.272308,285.852966,-772.385986,0,0
0.280000,-1.336930,-1.511661,-1.323217,0.998257,0.013296,0.057492,0.057298,0.014483,-0.998252,-0.014106,0.999807,0.013696,-0.701797,-0.025148,-0.015455,0.711765,0.013169,0.005097,0.001959,-0.003414,0.013744,0.002114,-0.057514,0.998249,-0.013817,0.000000,0.000000,0.000000,-1,-0.061234,1.012390,-0.004150,0.010597,-0.077385,0.006615,126.148331,285.678345,-772.552979,0,0
0.320000,-1.337254,-1.511511,-1.324375,0.998259,0.012462,0.057642,0.057461,0.014453,-0.998243,-0.013273,0.999818,0.013712,-0.701800,-0.024908,-0.015806,0.711763,0.003597,0.031593,-0.002268,-0.001791,0.013598,0.008585,-0.057642,0.998243,-0.013712,0.000000,0.000000,0.000000,-1,-0.054718,1.011429,-0.007889,-0.000043,-0.067850,0.002434,127.199570,286.027588,-772.552979,0,0
0.360000,-1.340507,-1.511742,-1.328972,0.998286,0.011129,0.057462,0.057303,0.014134,-0.998257,-0.011921,0.999838,0.013472,-0.701905,-0.024373,-0.016220,0.711669,-0.002784,0.023006,0.003164,0.001187,0.011371,-0.003221,-0.057462,0.998257,-0.013472,0.000000,0.000000,0.000000,-1,-0.055969,1.008438,-0.011581,-0.000028,-0.074203,0.007781,125.097092,285.678345,-771.885010,0,0
0.400000,-1.337880,-1.511867,-1.326979,0.998302,0.010493,0.057305,0.057154,0.014218,-0.998264,-0.011289,0.999844,0.013594,-0.701871,-0.024095,-0.016390,0.711708,0.003595,0.017706,0.004182,-0.002341,0.013958,-0.004243,-0.057305,0.998264,-0.013594,0.000000,0.000000,0.000000,-1,-0.062714,1.013153,-0.008347,-0.000036,-0.084805,0.007829,126.673950,284.456024,-772.385986,0,0
0.440000,-1.343125,-1.511898,-1.332807,0.998305,0.009920,0.057345,0.057205,0.013877,-0.998266,-0.010699,0.999855,0.013286,-0.701987,-0.023905,-0.016612,0.711595,0.000401,0.015585,0.004224,-0.003232,0.012659,0.004116,-0.057345,0.998266,-0.013286,0.000000,0.000000,0.000000,-1,-0.057373,1.008865,-0.016251,-0.002149,-0.078441,0.009951,125.973129,287.249939,-772.052002,0,0
0.480000,-1.343759,-1.512053,-1.334455,0.998323,0.008911,0.057203,0.057077,0.013747,-0.998275,-0.009682,0.999866,0.013215,-0.702026,-0.023499,-0.016923,0.711562,-0.002790,0.018763,0.003181,-0.000735,0.011231,-0.003219,-0.057203,0.998275,-0.013215,0.000000,0.000000,0.000000,-1,-0.061813,1.009003,-0.018311,0.002088,-0.082686,0.006732,126.323532,286.202209,-773.722046,0,0
0.520000,-1.336151,-1.511835,-1.327452,0.998322,0.008291,0.057312,0.057191,0.014198,-0.998262,-0.009090,0.999865,0.013700,-0.701859,-0.023324,-0.017176,0.711727,0.005689,0.011227,-0.002208,-0.002457,0.011686,-0.006792,-0.057312,0.998262,-0.013700,0.000000,0.000000,0.000000,-1,-0.061768,1.009781,-0.016449,0.004196,-0.091173,0.003556,127.725189,287.249939,-770.715942,0,0
0.560000,-1.335267,-1.511660,-1.326847,0.998315,0.008009,0.057470,0.057352,0.014275,-0.998252,-0.008816,0.999866,0.013792,-0.701828,-0.023282,-0.017331,0.711755,0.005695,0.014409,-0.001160,-0.004008,0.009164,0.002851,-0.057470,0.998252,-0.013792,0.000000,0.000000,0.000000,-1,-0.053284,1.011047,-0.013077,0.005268,-0.079511,0.003492,126.148331,287.075317,-771.216980,0,0
0.600000,-1.332337,-1.511768,-1.324231,0.998326,0.007693,0.057325,0.057210,0.014399,-0.998258,-0.008505,0.999867,0.013935,-0.701782,-0.023121,-0.017391,0.711804,0.004626,-0.001492,0.001052,0.002867,0.011599,-0.003475,-0.057325,0.998258,-0.013935,0.000000,0.000000,0.000000,-1,-0.056641,1.011810,-0.013947,0.006322,-0.096472,0.004621,126.148331,287.075317,-771.216980,0,0
0.640000,-1.322748,-1.511756,-1.314918,0.998335,0.007402,0.057200,0.057085,0.014934,-0.998258,-0.008244,0.999861,0.014487,-0.701590,-0.022979,-0.017445,0.711997,0.016327,0.010168,-0.000192,-0.000402,0.014926,0.001380,-0.057200,0.998258,-0.014487,0.000000,0.000000,0.000000,-1,-0.058411,1.013794,-0.003754,0.014840,-0.090108,0.006625,126.148331,286.376831,-772.218994,0,0
0.680000,-1.326139,-1.511811,-1.318448,0.998337,0.007270,0.057195,0.057084,0.014719,-0.998261,-0.008099,0.999865,0.014279,-0.701666,-0.022929,-0.017493,0.711922,-0.001757,0.002667,0.001087,-0.002116,0.013855,0.008267,-0.057195,0.998261,-0.014279,0.000000,0.000000,0.000000,-1,-0.055328,1.008499,-0.016708,-0.004306,-0.097531,0.005806,126.673950,284.106781,-771.383972,0,0
0.720000,-1.324337,-1.512095,-1.316695,0.998354,0.007222,0.056894,0.056783,0.014747,-0.998278,-0.008049,0.999865,0.014313,-0.701658,-0.022805,-0.017404,0.711937,0.012075,0.006910,0.003045,0.002360,0.010756,-0.000137,-0.056894,0.998278,-0.014313,0.000000,0.000000,0.000000,-1,-0.055939,1.009796,-0.011047,0.011655,-0.089046,0.007719,126.323532,286.202209,-771.049988,0,0
0.760000,-1.323992,-1.512332,-1.316692,0.998370,0.006883,0.056660,0.056555,0.014688,-0.998291,-0.007704,0.999868,0.014275,-0.701678,-0.022602,-0.017443,0.711922,-0.002805,0.004792,0.005347,-0.002437,0.010681,0.003441,-0.056660,0.998291,-0.014275,0.000000,0.000000,0.000000,-1,-0.059036,1.010345,-0.014236,-0.005352,-0.101764,0.011155,125.973129,286.202209,-771.718018,0,0
0.800000,-1.326464,-1.512470,-1.319017,0.998374,0.007035,0.056561,0.056455,0.014522,-0.998300,-0.007845,0.999870,0.014102,-0.701739,-0.022619,-0.017356,0.711863,-0.000683,-0.005809,0.006434,-0.004733,0.012717,-0.000364,-0.056561,0.998300,-0.014102,0.000000,0.000000,0.000000,-1,-0.058853,1.012039,-0.013947,-0.001106,-0.102825,0.010050,126.323532,286.551453,-771.383972,0,0
0.840000,-1.327419,-1.512427,-1.319654,0.998369,0.007355,0.056617,0.056506,0.014497,-0.998297,-0.008163,0.999868,0.014058,-0.701750,-0.022751,-0.017262,0.711850,-0.003897,-0.013353,0.004355,-0.006036,0.012537,-0.001949,-0.056617,0.998297,-0.014058,0.000000,0.000000,0.000000,-1,-0.059326,1.009293,-0.013901,-0.002182,-0.111310,0.007972,126.148331,285.329132,-771.551025,0,0
0.880000,-1.328256,-1.512373,-1.320230,0.998363,0.007615,0.056681,0.056566,0.014478,-0.998294,-0.008422,0.999866,0.014023,-0.701759,-0.022864,-0.017192,0.711840,-0.000700,0.000427,0.003192,-0.004507,0.009946,-0.004363,-0.056681,0.998294,-0.014023,0.000000,0.000000,0.000000,-1,-0.060059,1.007339,-0.018494,0.003139,-0.098589,0.006793,126.849152,286.027588,-772.887024,0,0
0.920000,-1.323334,-1.512255,-1.315130,0.998359,0.007783,0.056726,0.056606,0.014796,-0.998287,-0.008609,0.999860,0.014331,-0.701647,-0.022942,-0.017144,0.711949,0.003553,-0.011233,0.005324,-0.002738,0.009846,-0.002621,-0.056726,0.998287,-0.014331,0.000000,0.000000,0.000000,-1,-0.072189,1.009216,-0.010742,0.007384,-0.118730,0.008964,125.973129,286.202209,-773.054016,0,0
0.960000,-1.323494,-1.511594,-1.314515,0.998317,0.008548,0.057368,0.057235,0.014998,-0.998248,-0.009394,0.999851,0.014484,-0.701576,-0.023441,-0.017095,0.712004,0.005655,-0.016543,-0.000000,-0.015295,0.013181,0.001788,-0.057368,0.998248,-0.014484,0.000000,0.000000,0.000000,-1,-0.065414,1.011459,-0.012634,-0.000083,-0.110261,0.000499,127.199570,286.027588,-772.218994,0,0
1.000000,-1.333446,-1.510750,-1.324158,0.998258,0.008860,0.058328,0.058194,0.014651,-0.998198,-0.009699,0.999853,0.014110,-0.701694,-0.023890,-0.017325,0.711867,-0.011419,-0.001807,-0.013732,-0.003821,0.013460,0.002346,-0.058328,0.998198,-0.014110,0.000000,0.000000,0.000000,-1,-0.055389,1.009018,-0.015350,-0.011802,-0.099672,-0.007930,126.148331,285.329132,-771.885010,0,0
1.040000,-1.336202,-1.510550,-1.326613,0.998242,0.009162,0.058560,0.058424,0.014556,-0.998186,-0.009997,0.999852,0.013996,-0.701728,-0.024078,-0.017301,0.711828,-0.001834,-0.019820,-0.006309,0.003125,0.013029,-0.008496,-0.058560,0.998186,-0.013996,0.000000,0.000000,0.000000,-1,-0.060516,1.006927,-0.013962,0.005222,-0.124044,0.000502,124.396271,287.773804,-772.552979,0,0
1.080000,-1.332467,-1.510408,-1.321861,0.998227,0.010169,0.058646,0.058491,0.014869,-0.998177,-0.011023,0.999838,0.014248,-0.701625,-0.024465,-0.016969,0.711924,0.005606,-0.029361,-0.005284,0.000433,0.010047,0.002514,-0.058646,0.998177,-0.014248,0.000000,0.000000,0.000000,-1,-0.058685,1.010529,-0.008972,0.004160,-0.122984,0.000509,125.097092,286.027588,-771.551025,0,0
1.120000,-1.340058,-1.510377,-1.328653,0.998210,0.010978,0.058783,0.058621,0.014479,-0.998175,-0.011809,0.999835,0.013809,-0.701770,-0.024794,-0.016734,0.711776,-0.008204,-0.011339,-0.005212,0.001257,0.014245,0.003708,-0.058783,0.998175,-0.013809,0.000000,0.000000,0.000000,-1,-0.054443,1.010925,-0.014664,-0.008589,-0.106022,-0.000491,127.024368,285.852966,-771.049988,0,0
1.160000,-1.343943,-1.510526,-1.332299,0.998213,0.011227,0.058691,0.058529,0.014230,-0.998184,-0.012041,0.999836,0.013547,-0.701861,-0.024847,-0.016616,0.711686,-0.001847,-0.000819,-0.006414,0.004461,0.010742,-0.003451,-0.058691,0.998184,-0.013547,0.000000,0.000000,0.000000,-1,-0.054825,1.009293,-0.010162,0.012687,-0.109196,0.003544,127.024368,285.154510,-773.388000,0,0
1.200000,-1.339647,-1.510726,-1.327064,0.998217,0.012159,0.058438,0.058260,0.014488,-0.998196,-0.012984,0.999821,0.013754,-0.701779,-0.025086,-0.016192,0.711769,0.005592,-0.034737,0.000042,0.000226,0.011554,0.005346,-0.058438,0.998196,-0.013754,0.000000,0.000000,0.000000,-1,-0.057327,1.014938,-0.005249,-0.000093,-0.133583,0.002731,125.622711,286.551453,-771.718018,0,0
1.240000,-1.347529,-1.510999,-1.333790,0.998211,0.013329,0.058279,0.058091,0.014032,-0.998213,-0.014123,0.999813,0.013232,-0.701952,-0.025436,-0.015726,0.711596,-0.003977,-0.042156,0.002310,0.004461,0.014818,0.006992,-0.058279,0.998213,-0.013232,0.000000,0.000000,0.000000,-1,-0.058746,1.012360,-0.011658,-0.003265,-0.143115,0.009192,125.272308,286.202209,-771.718018,0,0
1.280000,-1.352001,-1.511215,-1.336465,0.998195,0.015133,0.058126,0.057919,0.013826,-0.998226,-0.015910,0.999790,0.012925,-0.702041,-0.026014,-0.015033,0.711503,-0.001837,-0.043211,0.006546,-0.003763,0.016591,0.000931,-0.058126,0.998226,-0.012925,0.000000,0.000000,0.000000,-1,-0.057724,1.006561,-0.008499,-0.004309,-0.122969,0.010176,126.148331,287.075317,-773.221008,0,0
1.320000,-1.358346,-1.511577,-1.342014,0.998198,0.015942,0.057854,0.057643,0.013423,-0.998247,-0.016691,0.999783,0.012479,-0.702192,-0.026198,-0.014655,0.711354,-0.000779,0.004399,0.003108,0.006859,0.010313,0.005827,-0.057854,0.998247,-0.012479,0.000000,0.000000,0.000000,-1,-0.047012,1.011200,-0.004044,-0.001102,-0.083747,0.006772,126.673950,286.551453,-771.383972,0,0
1.360000,-1.362459,-1.512152,-1.346586,0.998234,0.015499,0.057344,0.057144,0.013031,-0.998281,-0.016220,0.999795,0.012123,-0.702332,-0.025858,-0.014638,0.711229,0.002403,0.014995,-0.000163,0.010331,0.012919,0.008079,-0.057344,0.998281,-0.012123,0.000000,0.000000,0.000000,-1,-0.041718,1.012466,-0.013535,0.001025,-0.082686,0.006744,125.973129,286.551453,-771.049988,0,0
1.400000,-1.357909,-1.513613,-1.344082,0.998348,0.013468,0.055862,0.055690,0.012846,-0.998366,-0.014163,0.999827,0.012075,-0.702393,-0.024615,-0.014842,0.711208,-0.001763,0.077562,0.010247,0.015899,0.012834,-0.003763,-0.055862,0.998365,-0.012075,0.000000,0.000000,0.000000,-1,-0.034592,1.010010,-0.010025,-0.002070,-0.005277,0.016002,126.673950,285.503723,-771.718018,0,0
1.440000,-1.349752,-1.515589,-1.339673,0.998502,0.009739,0.053837,0.053712,0.012640,-0.998477,-0.010405,0.999873,0.012098,-0.702454,-0.022582,-0.015457,0.711203,-0.008115,0.103010,0.012341,0.016071,0.013227,-0.000750,-0.053837,0.998476,-0.012098,0.000000,0.000000,0.000000,-1,-0.040756,1.009277,-0.013657,-0.010557,0.013808,0.017074,125.797913,286.726074,-771.216980,0,0
1.480000,-1.343265,-1.516684,-1.337980,0.998599,0.004955,0.052692,0.052626,0.012479,-0.998536,-0.005606,0.999910,0.012200,-0.702481,-0.020492,-0.016757,0.711210,0.002500,0.130362,0.011014,0.005328,0.008345,-0.002128,-0.052692,0.998536,-0.012200,0.000000,0.000000,0.000000,-1,-0.052643,1.007812,-0.010269,0.012842,0.032890,0.015666,126.148331,285.329132,-771.551025,0,0
1.520000,-1.326270,-1.516933,-1.326177,0.998635,-0.000248,0.052236,0.052235,0.013039,-0.998550,-0.000433,0.999915,0.013034,-0.702240,-0.018507,-0.018442,0.711461,0.014167,0.119751,0.005615,-0.002879,0.015336,0.000751,-0.052236,0.998550,-0.013034,0.000000,0.000000,0.000000,-1,-0.059830,1.011566,-0.018799,0.010681,-0.003160,0.013725,126.849152,287.075317,-773.555054,0,0
1.560000,-1.315125,-1.516729,-1.318678,0.998625,-0.003906,0.052284,0.052333,0.013481,-0.998539,0.003195,0.999901,0.013667,-0.702046,-0.017245,-0.019756,0.711648,0.007776,0.072050,0.012280,-0.010841,0.010052,0.004222,-0.052284,0.998539,-0.013667,0.000000,0.000000,0.000000,-1,-0.066574,1.008118,-0.017090,0.007469,-0.038145,0.014982,125.622711,285.154510,-771.383972,0,0
1.600000,-1.310157,-1.515986,-1.315087,0.998584,-0.005297,0.052932,0.053001,0.013856,-0.998498,0.004555,0.999890,0.014117,-0.701892,-0.016991,-0.020476,0.711786,0.002388,0.005247,0.006251,-0.019379,0.010260,-0.004025,-0.052932,0.998498,-0.014117,0.000000,0.000000,0.000000,-1,-0.078522,1.010910,-0.006592,0.006348,-0.093282,0.010988,127.725189,286.202209,-772.052002,0,0
1.640000,-1.316706,-1.514632,-1.321736,0.998508,-0.005406,0.054333,0.054403,0.013837,-0.998423,0.004645,0.999890,0.014110,-0.701883,-0.017452,-0.021007,0.711768,-0.004052,-0.009785,0.002100,-0.018223,0.011281,-0.002613,-0.054333,0.998423,-0.014110,0.000000,0.000000,0.000000,-1,-0.071426,1.012726,-0.022354,-0.007507,-0.144170,0.012434,126.849152,286.027588,-770.214966,0,0
1.680000,-1.315892,-1.513901,-1.319130,0.998478,-0.003627,0.055027,0.055074,0.014160,-0.998382,0.002842,0.999893,0.014339,-0.701780,-0.018327,-0.020615,0.711860,0.007651,-0.055358,0.012807,-0.014827,0.014283,-0.003575,-0.055027,0.998382,-0.014339,0.000000,0.000000,0.000000,-1,-0.070480,1.010544,-0.011841,0.009521,-0.152642,0.018667,125.447510,286.726074,-772.218994,0,0
1.720000,-1.322902,-1.513649,-1.323539,0.998465,-0.001024,0.055370,0.055379,0.013979,-0.998368,0.000248,0.999902,0.014014,-0.701868,-0.019361,-0.019811,0.711769,-0.014690,-0.079742,0.014221,-0.012943,0.013000,0.003211,-0.055370,0.998368,-0.014014,0.000000,0.000000,0.000000,-1,-0.068039,1.008774,-0.011978,-0.016023,-0.190810,0.019121,126.498749,287.075317,-771.551025,0,0
1.760000,-1.340775,-1.513702,-1.337099,0.998450,0.003309,0.055560,0.055512,0.013214,-0.998371,-0.004038,0.999907,0.013010,-0.702180,-0.020942,-0.018344,0.711455,-0.017931,-0.125338,0.010203,-0.009671,0.012341,0.001215,-0.055560,0.998371,-0.013010,0.000000,0.000000,0.000000,-1,-0.051727,1.011795,-0.007141,-0.020315,-0.217323,0.013969,125.447510,285.329132,-771.216980,0,0
1.800000,-1.361470,-1.514761,-1.352851,0.998464,0.008287,0.054783,0.054681,0.012110,-0.998430,-0.008938,0.999892,0.011638,-0.702623,-0.022405,-0.016312,0.711022,-0.020079,-0.129641,0.013422,0.014058,0.007597,0.003643,-0.054783,0.998430,-0.011638,0.000000,0.000000,0.000000,-1,-0.042130,1.007568,-0.006927,-0.015000,-0.233221,0.017174,125.272308,285.503723,-770.715942,0,0
1.840000,-1.374955,-1.516283,-1.361233,0.998481,0.013419,0.053445,0.053294,0.011335,-0.998514,-0.014005,0.999846,0.010603,-0.702948,-0.023726,-0.014027,0.710707,-0.000926,-0.110556,0.014194,0.011269,0.008260,0.006635,-0.053445,0.998515,-0.010603,0.000000,0.000000,0.000000,-1,-0.044281,1.007721,-0.003876,0.003107,-0.199291,0.018948,127.374771,287.249939,-771.383972,0,0
1.880000,-1.382301,-1.517520,-1.364462,0.998477,0.017552,0.052308,0.052122,0.010910,-0.998581,-0.018098,0.999786,0.009978,-0.703134,-0.024773,-0.012163,0.710522,0.001194,-0.103139,0.012014,0.010835,0.013214,0.004577,-0.052308,0.998581,-0.009978,0.000000,0.000000,0.000000,-1,-0.050812,1.006866,-0.007675,0.003114,-0.189749,0.018905,126.673950,286.900696,-772.385986,0,0
1.920000,-1.381666,-1.518069,-1.360105,0.998433,0.021275,0.051763,0.051537,0.011022,-0.998610,-0.021816,0.999713,0.009908,-0.703118,-0.025889,-0.010648,0.710521,0.012914,-0.089351,0.016078,-0.007212,0.008943,-0.000330,-0.051763,0.998610,-0.009908,0.000000,0.000000,0.000000,-1,-0.062531,1.011810,-0.004837,0.017998,-0.195049,0.019829,127.900391,287.424561,-772.887024,0,0
1.960000,-1.380707,-1.517974,-1.354911,0.998329,0.025499,0.051846,0.051572,0.011310,-0.998605,-0.026050,0.999611,0.009976,-0.703037,-0.027407,-0.009173,0.710566,0.006468,-0.107460,0.009826,-0.006732,0.014136,0.005719,-0.051846,0.998605,-0.009976,0.000000,0.000000,0.000000,-1,-0.057724,1.014130,-0.004211,0.002021,-0.192941,0.011486,126.148331,285.678345,-771.885010,0,0
2.000000,-1.385989,-1.517790,-1.356858,0.998227,0.028833,0.052079,0.051774,0.011249,-0.998595,-0.029378,0.999521,0.009736,-0.703072,-0.028662,-0.008072,0.710495,0.006476,-0.068241,0.004328,-0.008132,0.010819,-0.001739,-0.052079,0.998595,-0.009736,0.000000,0.000000,0.000000,-1,-0.055496,1.004074,-0.007446,0.011608,-0.146299,0.006915,126.323532,287.249939,-770.715942,0,0
2.040000,-1.382635,-1.517541,-1.350999,0.998140,0.031327,0.052291,0.051950,0.011606,-0.998582,-0.031889,0.999442,0.009957,-0.702954,-0.029617,-0.007256,0.710581,0.013906,-0.050228,-0.002219,-0.000169,0.010222,0.003457,-0.052291,0.998582,-0.009957,0.000000,0.000000,0.000000,-1,-0.053757,1.011398,-0.006958,0.008390,-0.152669,0.000597,127.900391,285.678345,-773.221008,0,0
2.080000,-1.382038,-1.517406,-1.348797,0.998082,0.032926,0.052417,0.052055,0.011750,-0.998575,-0.033495,0.999389,0.010013,-0.702908,-0.030225,-0.006730,0.710606,0.010709,-0.054471,-0.003228,-0.000653,0.012198,0.002048,-0.052417,0.998575,-0.010013,0.000000,0.000000,0.000000,-1,-0.047852,1.008865,-0.007095,0.013700,-0.154791,-0.000516,127.549973,287.075317,-772.218994,0,0
2.120000,-1.374667,-1.517502,-1.339643,0.998031,0.034698,0.052248,0.051852,0.012204,-0.998580,-0.035286,0.999323,0.010381,-0.702753,-0.030790,-0.006034,0.710742,0.011759,-0.023863,-0.006585,0.008577,0.015443,0.002111,-0.052248,0.998580,-0.010381,0.000000,0.000000,0.000000,-1,-0.045715,1.012070,-0.013214,0.006270,-0.133589,-0.001594,126.148331,285.678345,-772.218994,0,0
2.160000,-1.365100,-1.517889,-1.328324,0.997994,0.036439,0.051768,0.051335,0.012697,-0.998601,-0.037045,0.999255,0.010801,-0.702584,-0.031233,-0.005239,0.710896,0.012815,-0.034466,-0.006543,0.014338,0.011928,-0.003481,-0.051768,0.998601,-0.010801,0.000000,0.000000,0.000000,-1,-0.036316,1.011597,-0.017319,0.016917,-0.118744,-0.000714,125.447510,286.027588,-771.885010,0,0
2.200000,-1.351442,-1.518321,-1.314249,0.998009,0.036843,0.051195,0.050735,0.013309,-0.998623,-0.037473,0.999232,0.011413,-0.702369,-0.031172,-0.004884,0.711114,0.022436,-0.001589,0.000652,0.009935,0.014240,0.004074,-0.051195,0.998623,-0.011413,0.000000,0.000000,0.000000,-1,-0.042847,1.015778,0.001709,0.022274,-0.095410,0.005504,126.148331,287.075317,-771.216980,0,0
2.240000,-1.351254,-1.518779,-1.313945,0.998027,0.036965,0.050746,0.050288,0.013208,-0.998647,-0.037585,0.999229,0.011323,-0.702406,-0.031055,-0.004684,0.711083,0.001160,-0.010073,-0.000136,0.009486,0.013163,0.008897,-0.050746,0.998647,-0.011323,0.000000,0.000000,0.000000,-1,-0.035583,1.008209,-0.013168,-0.003263,-0.102838,0.001564,126.498749,286.376831,-771.551025,0,0
2.280000,-1.339200,-1.519902,-1.302154,0.998099,0.036702,0.049514,0.049048,0.013503,-0.998705,-0.037324,0.999235,0.011677,-0.702303,-0.030525,-0.004340,0.711210,0.018162,0.016258,-0.001521,0.014556,0.011579,-0.000286,-0.049514,0.998705,-0.011677,0.000000,0.000000,0.000000,-1,-0.039093,1.012604,-0.009872,0.020153,-0.082690,0.004406,125.622711,287.948425,-771.383972,0,0
2.320000,-1.332627,-1.520171,-1.295833,0.998125,0.036448,0.049175,0.048703,0.013739,-0.998719,-0.037077,0.999241,0.011939,-0.702219,-0.030315,-0.004307,0.711302,0.018169,0.010961,0.001696,0.008511,0.013565,0.005362,-0.049175,0.998719,-0.011939,0.000000,0.000000,0.000000,-1,-0.044830,1.011932,-0.007172,0.014848,-0.079506,0.006577,125.797913,287.075317,-771.885010,0,0
2.360000,-1.327184,-1.520543,-1.291076,0.998171,0.035762,0.048749,0.048280,0.013868,-0.998738,-0.036393,0.999264,0.012116,-0.702173,-0.029922,-0.004399,0.711364,0.008591,0.016257,-0.001411,0.004864,0.013378,0.002702,-0.048749,0.998738,-0.012116,0.000000,0.000000,0.000000,-1,-0.045944,1.007614,-0.009964,0.014846,-0.071027,0.004412,127.024368,286.900696,-771.383972,0,0
2.400000,-1.316321,-1.520721,-1.282277,0.998258,0.033692,0.048442,0.047985,0.014242,-0.998747,-0.034340,0.999331,0.012601,-0.702035,-0.029086,-0.005022,0.711530,0.002241,0.044884,0.000659,0.003536,0.012835,0.005063,-0.048442,0.998747,-0.012601,0.000000,0.000000,0.000000,-1,-0.045486,1.008621,-0.008881,-0.000017,-0.054061,0.006626,125.097092,285.678345,-771.216980,0,0
2.440000,-1.318580,-1.520931,-1.285736,0.998306,0.032499,0.048268,0.047833,0.014017,-0.998757,-0.033136,0.999373,0.012439,-0.702113,-0.028604,-0.005388,0.711471,-0.004165,0.036246,0.000736,0.000752,0.013999,0.002704,-0.048268,0.998757,-0.012439,0.000000,0.000000,0.000000,-1,-0.051910,1.013763,-0.010620,-0.002149,-0.062542,0.006688,126.323532,284.805267,-771.049988,0,0
2.480000,-1.321354,-1.520893,-1.289610,0.998337,0.031404,0.048339,0.047923,0.013842,-0.998755,-0.032034,0.999411,0.012314,-0.702172,-0.028244,-0.005805,0.711423,-0.002033,0.039427,0.001761,-0.004701,0.015405,0.000870,-0.048339,0.998755,-0.012314,0.000000,0.000000,0.000000,-1,-0.052155,1.014435,-0.012390,-0.004263,-0.056178,0.008810,126.323532,285.503723,-772.052002,0,0
2.520000,-1.331578,-1.520972,-1.301863,0.998396,0.029391,0.048385,0.048013,0.013233,-0.998759,-0.029995,0.999480,0.011801,-0.702382,-0.027551,-0.006546,0.711237,-0.017998,0.016102,0.002041,-0.001862,0.011220,0.002294,-0.048385,0.998759,-0.011801,0.000000,0.000000,0.000000,-1,-0.048569,1.009521,-0.007996,-0.018116,-0.083748,0.005896,126.323532,285.503723,-772.052002,0,0
2.560000,-1.346920,-1.521126,-1.317706,0.998409,0.028908,0.048411,0.048069,0.012432,-0.998767,-0.029474,0.999505,0.011023,-0.702665,-0.027387,-0.006738,0.710961,-0.022247,0.022462,0.002059,-0.003713,0.012372,0.003760,-0.048411,0.998767,-0.011023,0.000000,0.000000,0.000000,-1,-0.046188,1.013824,-0.013214,-0.021287,-0.063603,0.006904,126.498749,285.329132,-772.552979,0,0
2.600000,-1.357762,-1.521508,-1.329624,0.998452,0.027851,0.048155,0.047843,0.011767,-0.998786,-0.028383,0.999543,0.010417,-0.702899,-0.026922,-0.007032,0.710745,-0.023297,0.037271,0.006219,0.004743,0.012689,-0.001394,-0.048155,0.998786,-0.010417,0.000000,0.000000,0.000000,-1,-0.042831,1.015228,-0.012878,-0.015941,-0.072070,0.016457,126.498749,286.726074,-770.882996,0,0
2.640000,-1.369316,-1.522683,-1.342579,0.998538,0.026477,0.047122,0.046848,0.010881,-0.998843,-0.026960,0.999590,0.009625,-0.703213,-0.026068,-0.007168,0.710465,-0.025395,0.030921,0.014783,0.002948,0.014097,-0.000248,-0.047122,0.998843,-0.009625,0.000000,0.000000,0.000000,-1,-0.045700,1.008255,-0.014648,-0.025474,-0.056157,0.022872,126.849152,286.027588,-771.885010,0,0
2.680000,-1.378048,-1.523413,-1.352621,0.998601,0.025186,0.046488,0.046243,0.010252,-0.998878,-0.025634,0.999630,0.009073,-0.703434,-0.025386,-0.007412,0.710269,-0.030688,0.048947,0.016889,0.001322,0.007867,-0.006079,-0.046488,0.998878,-0.009073,0.000000,0.000000,0.000000,-1,-0.056061,1.005905,-0.017944,-0.029737,-0.049802,0.018636,126.148331,284.979889,-770.882996,0,0
2.720000,-1.385543,-1.523287,-1.362629,0.998652,0.022683,0.046679,0.046467,0.009815,-0.998872,-0.023115,0.999695,0.008748,-0.703578,-0.024571,-0.008373,0.710143,-0.012647,0.063770,0.003854,-0.015577,0.008758,-0.008769,-0.046679,0.998872,-0.008748,0.000000,0.000000,0.000000,-1,-0.058899,1.005676,-0.020401,-0.006392,-0.011664,-0.000941,126.673950,286.551453,-771.049988,0,0
2.760000,-1.376382,-1.522398,-1.356722,0.998684,0.019415,0.047468,0.047276,0.010278,-0.998829,-0.019880,0.999759,0.009347,-0.703395,-0.023703,-0.009805,0.710336,0.001131,0.074359,-0.005970,-0.004823,0.010052,-0.007194,-0.047468,0.998829,-0.009347,0.000000,0.000000,0.000000,-1,-0.053711,1.008011,-0.013351,0.003170,-0.030744,0.001168,126.323532,285.852966,-772.385986,0,0
2.800000,-1.370059,-1.521854,-1.352789,0.998705,0.017015,0.047940,0.047764,0.010581,-0.998803,-0.017502,0.999799,0.009755,-0.703273,-0.023028,-0.010820,0.710465,-0.000983,0.051045,0.001602,-0.009174,0.010795,-0.002498,-0.047940,0.998803,-0.009755,0.000000,0.000000,0.000000,-1,-0.060135,1.011032,-0.022354,-0.001078,-0.057240,0.007716,126.148331,286.376831,-772.887024,0,0
2.840000,-1.355602,-1.520953,-1.340030,0.998698,0.015294,0.048673,0.048502,0.011396,-0.998758,-0.015830,0.999818,0.010639,-0.702969,-0.022688,-0.011680,0.710762,0.006460,0.041504,0.002622,-0.015673,0.012366,-0.011837,-0.048673,0.998758,-0.010639,0.000000,0.000000,0.000000,-1,-0.067886,1.011780,-0.012131,0.009553,-0.051940,0.006511,127.900391,286.376831,-771.885010,0,0
2.880000,-1.354757,-1.519769,-1.340858,0.998666,0.013609,0.049820,0.049663,0.011625,-0.998698,-0.014170,0.999840,0.010934,-0.702870,-0.022505,-0.012680,0.710849,-0.004200,0.035132,-0.003621,-0.018799,0.010503,0.000939,-0.049820,0.998698,-0.010934,0.000000,0.000000,0.000000,-1,-0.063370,1.003006,-0.028885,-0.008567,-0.076336,-0.000625,127.725189,284.805267,-772.052002,0,0
2.920000,-1.351714,-1.518793,-1.338237,0.998625,0.013173,0.050737,0.050581,0.011980,-0.998648,-0.013763,0.999841,0.011297,-0.702735,-0.022680,-0.013154,0.710968,-0.004264,0.005506,-0.008860,-0.012632,0.004358,-0.017588,-0.050737,0.998648,-0.011297,0.000000,0.000000,0.000000,-1,-0.055420,1.006042,-0.026688,0.011615,-0.084823,-0.004000,126.849152,286.027588,-772.218994,0,0
2.960000,-1.315251,-1.517550,-1.302523,0.998597,0.012365,0.051493,0.051317,0.014107,-0.998583,-0.013074,0.999824,0.013453,-0.701968,-0.022680,-0.013683,0.711716,0.045716,0.020347,-0.010543,-0.006674,0.010817,-0.008428,-0.051493,0.998583,-0.013453,0.000000,0.000000,0.000000,-1,-0.062149,1.010864,-0.008179,0.033921,-0.104968,-0.005219,126.498749,286.726074,-771.216980,0,0
3.000000,-1.296414,-1.515652,-1.283026,0.998507,0.012973,0.053055,0.052850,0.015643,-0.998480,-0.013783,0.999793,0.014934,-0.701415,-0.023461,-0.013997,0.712230,0.021228,-0.011465,-0.013326,-0.011108,0.011103,-0.009312,-0.053055,0.998480,-0.014934,0.000000,0.000000,0.000000,-1,-0.063126,1.008347,-0.026474,0.030717,-0.097555,-0.010535,126.323532,284.805267,-771.718018,0,0
3.040000,-1.276296,-1.514343,-1.262994,0.998459,0.012840,0.053994,0.053772,0.017094,-0.998407,-0.013743,0.999771,0.016378,-0.700890,-0.023760,-0.014357,0.712729,0.040353,0.007607,-0.021071,-0.007056,0.012732,-0.005992,-0.053994,0.998407,-0.016378,0.000000,0.000000,0.000000,-1,-0.061478,1.012558,-0.017029,0.033893,-0.104979,-0.012664,127.024368,287.948425,-770.715942,0,0
3.080000,-1.262523,-1.513198,-1.249014,0.998410,0.013008,0.054852,0.054612,0.018206,-0.998342,-0.013985,0.999750,0.017466,-0.700489,-0.024133,-0.014585,0.713106,0.024379,-0.016685,-0.015512,-0.006595,0.015849,-0.000798,-0.054852,0.998342,-0.017466,0.000000,0.000000,0.000000,-1,-0.069122,1.008331,-0.019852,0.010510,-0.124055,-0.007002,127.199570,285.678345,-771.216980,0,0
3.120000,-1.262152,-1.511132,-1.246344,0.998268,0.015267,0.056811,0.056517,0.019009,-0.998221,-0.016320,0.999703,0.018113,-0.700205,-0.025630,-0.014457,0.713336,0.010511,-0.049562,-0.021598,-0.007963,0.012338,-0.005858,-0.056811,0.998221,-0.018113,0.000000,0.000000,0.000000,-1,-0.061569,1.010056,-0.024689,0.012575,-0.141038,-0.019713,127.725189,286.900696,-771.049988,0,0
3.160000,-1.256861,-1.510051,-1.239702,0.998194,0.016588,0.057740,0.057410,0.019735,-0.998156,-0.017697,0.999668,0.018747,-0.699949,-0.026430,-0.014302,0.713561,0.019002,-0.048509,-0.025952,-0.000991,0.012083,-0.005408,-0.057740,0.998156,-0.018747,0.000000,0.000000,0.000000,-1,-0.062546,1.008057,-0.021576,0.025329,-0.167536,-0.015479,125.622711,286.202209,-771.718018,0,0
3.200000,-1.251310,-1.509084,-1.232129,0.998111,0.018579,0.058552,0.058170,0.020490,-0.998096,-0.019743,0.999617,0.019370,-0.699688,-0.027423,-0.013867,0.713788,0.021123,-0.082428,-0.020505,-0.005061,0.010265,0.001121,-0.058552,0.998096,-0.019370,0.000000,0.000000,0.000000,-1,-0.062256,1.009476,-0.014191,0.012551,-0.200401,-0.014126,126.673950,286.202209,-772.385986,0,0
3.240000,-1.257958,-1.507701,-1.232501,0.997890,0.024826,0.059993,0.059480,0.020926,-0.998010,-0.026032,0.999473,0.019405,-0.699564,-0.030128,-0.012137,0.713832,0.012581,-0.106719,-0.017156,-0.001988,0.013342,-0.004749,-0.059993,0.998010,-0.019405,0.000000,0.000000,0.000000,-1,-0.063049,1.009735,-0.019531,0.021071,-0.201455,-0.009960,125.097092,286.726074,-772.552979,0,0
3.280000,-1.254657,-1.507174,-1.227090,0.997810,0.026915,0.060429,0.059861,0.021425,-0.997977,-0.028155,0.999408,0.019767,-0.699396,-0.031018,-0.011536,0.713968,0.027467,-0.104599,-0.017330,-0.002621,0.011758,0.000236,-0.060429,0.997977,-0.019767,0.000000,0.000000,0.000000,-1,-0.044205,1.008713,-0.001068,0.032752,-0.198281,-0.014358,126.323532,285.154510,-772.052002,0,0
3.320000,-1.256876,-1.507170,-1.225646,0.997701,0.030573,0.060476,0.059834,0.021513,-0.997977,-0.031812,0.999301,0.019634,-0.699385,-0.032317,-0.010246,0.713941,0.016858,-0.072793,-0.016289,0.024313,0.018121,0.020122,-0.060476,0.997977,-0.019634,0.000000,0.000000,0.000000,-1,-0.031509,1.019180,-0.002899,0.001964,-0.194024,-0.003401,125.622711,286.551453,-771.383972,0,0
3.360000,-1.276839,-1.510104,-1.239285,0.997629,0.036971,0.058053,0.057352,0.019741,-0.998159,-0.038049,0.999121,0.017574,-0.700056,-0.033684,-0.007144,0.713257,-0.013906,-0.079123,0.005368,0.022286,0.008235,0.007198,-0.058053,0.998159,-0.017574,0.000000,0.000000,0.000000,-1,-0.033844,1.004761,-0.016068,-0.012814,-0.127209,0.011353,126.673950,285.503723,-771.383972,0,0
3.400000,-1.275990,-1.511488,-1.238451,0.997705,0.036982,0.056716,0.056030,0.019339,-0.998242,-0.038014,0.999129,0.017222,-0.700204,-0.033209,-0.006678,0.713138,0.006372,0.047108,0.005597,0.022414,0.007816,0.002635,-0.056716,0.998242,-0.017222,0.000000,0.000000,0.000000,-1,-0.035431,1.012329,-0.003937,0.040402,-0.048753,0.010412,126.323532,287.249939,-771.718018,0,0
3.440000,-1.261999,-1.512770,-1.225771,0.997835,0.035678,0.055251,0.054576,0.019615,-0.998317,-0.036702,0.999171,0.017625,-0.700106,-0.032229,-0.006624,0.713280,0.032913,-0.005900,0.007678,0.010543,0.017766,0.024080,-0.055251,0.998317,-0.017625,0.000000,0.000000,0.000000,-1,-0.061249,1.011337,-0.003693,-0.018124,-0.125087,0.012465,125.097092,287.773804,-772.552979,0,0
3.480000,-1.299070,-1.513543,-1.261337,0.997785,0.037243,0.055123,0.054504,0.017427,-0.998361,-0.038143,0.999154,0.015358,-0.700892,-0.032725,-0.006056,0.712490,-0.022386,-0.044061,0.013776,-0.011909,-0.000543,0.004280,-0.055123,0.998361,-0.015358,0.000000,0.000000,0.000000,-1,-0.067535,0.995880,-0.011627,-0.005365,-0.155823,0.018846,127.549973,287.773804,-772.218994,0,0
3.520000,-1.305822,-1.513371,-1.266214,0.997698,0.039121,0.055390,0.054752,0.017212,-0.998352,-0.040010,0.999086,0.015030,-0.700974,-0.033479,-0.005485,0.712380,-0.007538,-0.070573,0.009474,-0.012832,0.016144,-0.000778,-0.055390,0.998352,-0.015030,0.000000,0.000000,0.000000,-1,-0.071426,1.017059,-0.017639,-0.030960,-0.202489,0.007637,125.973129,285.852966,-770.715942,0,0
3.560000,-1.330725,-1.512867,-1.286637,0.997464,0.043617,0.056237,0.055575,0.016231,-0.998323,-0.044457,0.998916,0.013766,-0.701332,-0.035359,-0.004199,0.711945,-0.033133,-0.152196,0.007947,-0.017601,0.014907,-0.005155,-0.056237,0.998323,-0.013766,0.000000,0.000000,0.000000,-1,-0.087112,1.001160,-0.047928,-0.033153,-0.291547,0.008064,125.973129,285.852966,-771.049988,0,0
3.600000,-1.338870,-1.510218,-1.285182,0.996846,0.053159,0.058920,0.058088,0.017057,-0.998166,-0.054067,0.998440,0.013915,-0.701048,-0.039672,-0.001731,0.712008,-0.014144,-0.198895,-0.025038,-0.023401,0.018344,-0.027939,-0.058920,0.998166,-0.013916,0.000000,0.000000,0.000000,-1,-0.076355,1.014297,-0.030167,0.012447,-0.290533,-0.023291,126.148331,284.281403,-770.882996,0,0
3.640000,-1.332800,-1.508515,-1.273031,0.996413,0.059181,0.060487,0.059502,0.018261,-0.998061,-0.060171,0.998080,0.014674,-0.700621,-0.042349,-0.000113,0.712276,0.070833,-0.223302,-0.040759,-0.005584,0.014909,0.012553,-0.060487,0.998061,-0.014674,0.000000,0.000000,0.000000,-1,-0.040817,1.015823,0.011398,0.061215,-0.375378,-0.042593,125.097092,286.376831,-772.218994,0,0
3.680000,-1.336302,-1.507553,-1.265754,0.995658,0.069905,0.061471,0.060283,0.018981,-0.998001,-0.070932,0.997373,0.014685,-0.700356,-0.046472,0.003377,0.712272,0.012302,-0.264659,-0.045241,0.044641,0.018463,0.036734,-0.061471,0.998001,-0.014685,0.000000,0.000000,0.000000,-1,-0.000916,1.001999,0.018860,-0.011010,-0.317057,-0.035678,125.447510,287.773804,-772.887024,0,0
3.720000,-1.351636,-1.506408,-1.274289,0.995076,0.076679,0.062804,0.061536,0.018800,-0.997928,-0.077701,0.996879,0.013989,-0.700408,-0.049334,0.005317,0.712016,-0.019539,-0.209518,-0.037732,0.068145,-0.004932,0.026211,-0.062804,0.997928,-0.013989,0.000000,0.000000,0.000000,-1,0.028748,1.029373,-0.008713,-0.015213,-0.299019,-0.026139,125.272308,286.202209,-770.715942,0,0
3.760000,-1.368526,-1.505123,-1.282297,0.994260,0.085522,0.064288,0.062914,0.018672,-0.997844,-0.086538,0.996161,0.013184,-0.700429,-0.052980,0.007941,0.711708,0.019932,-0.120435,-0.020485,0.085346,0.039479,0.005646,-0.064288,0.997844,-0.013184,0.000000,0.000000,0.000000,-1,-0.028732,1.009628,0.000732,0.031725,-0.198266,-0.004773,126.323532,286.900696,-771.718018,0,0
3.800000,-1.358847,-1.504355,-1.268529,0.993865,0.089553,0.064906,0.063382,0.019764,-0.997794,-0.090638,0.995786,0.013967,-0.700024,-0.054618,0.009190,0.711968,0.017838,-0.093926,-0.017391,0.032070,-0.007163,0.015386,-0.064906,0.997794,-0.013967,0.000000,0.000000,0.000000,-1,-0.014816,0.974258,-0.004959,-0.029940,-0.144213,-0.016039,123.870651,286.551453,-772.385986,0,0
3.840000,-1.385357,-1.504676,-1.294181,0.993780,0.090462,0.064939,0.063561,0.018044,-0.997815,-0.091436,0.995736,0.012182,-0.700634,-0.054958,0.009455,0.711338,-0.051288,0.051269,-0.052379,0.087217,0.000339,-0.033335,-0.064939,0.997815,-0.012182,0.000000,0.000000,0.000000,-1,0.024841,1.006058,-0.055908,-0.020478,-0.024489,-0.068805,125.097092,285.678345,-770.548950,0,0
3.880000,-1.362868,-1.503643,-1.274836,0.994018,0.087275,0.065657,0.064185,0.019571,-0.997746,-0.088363,0.995992,0.013852,-0.700106,-0.054085,0.008108,0.711941,0.087824,0.161451,-0.112931,0.088835,0.009487,-0.041232,-0.065657,0.997746,-0.013852,0.000000,0.000000,0.000000,-1,0.016739,1.006805,-0.054276,0.203794,0.206547,-0.131888,124.921890,286.551453,-772.052002,0,0
3.920000,-1.244544,-1.497959,-1.168256,0.994781,0.075230,0.068934,0.066956,0.028509,-0.997349,-0.076996,0.996759,0.023323,-0.696948,-0.051003,0.002892,0.715299,0.243114,0.353317,-0.135710,0.085139,-0.005543,-0.020759,-0.068934,0.997349,-0.023323,0.000000,0.000000,0.000000,-1,0.023193,0.975266,-0.011047,0.195223,0.203340,-0.148799,125.272308,284.106781,-771.383972,0,0
3.960000,-1.159333,-1.490087,-1.097446,0.995430,0.060488,0.073893,0.071757,0.036753,-0.996745,-0.063007,0.997492,0.032245,-0.693980,-0.047640,-0.003921,0.718406,0.115371,0.290718,-0.164854,0.159754,0.058873,0.058673,-0.073893,0.996745,-0.032245,0.000000,0.000000,0.000000,-1,0.094910,1.061264,0.040482,0.102770,0.256351,-0.148019,124.396271,284.630646,-772.218994,0,0
4.000000,-1.136983,-1.488234,-1.087454,0.996037,0.048072,0.074829,0.073021,0.038326,-0.996594,-0.050776,0.998108,0.034664,-0.693370,-0.043661,-0.008672,0.719206,0.080502,0.500664,-0.148382,0.164291,0.067554,0.078197,-0.074829,0.996594,-0.034664,0.000000,0.000000,0.000000,-1,0.047104,1.055145,0.051514,0.052948,0.422811,-0.142903,124.221069,286.900696,-772.385986,0,0
4.040000,-1.141887,-1.483523,-1.112426,0.996462,0.027926,0.079267,0.078165,0.038568,-0.996194,-0.030877,0.998866,0.036249,-0.693117,-0.038266,-0.017454,0.719597,-0.070353,0.473210,-0.102997,0.121992,0.049124,0.091852,-0.079267,0.996194,-0.036249,0.000000,0.000000,0.000000,-1,0.048828,1.048950,0.055038,-0.148847,0.418651,-0.086410,124.045853,286.027588,-772.887024,0,0
4.080000,-1.218164,-1.483363,-1.214728,0.996634,0.002186,0.081949,0.081844,0.030440,-0.996180,-0.004673,0.999534,0.030158,-0.695708,-0.030196,-0.027769,0.717153,-0.233757,0.514672,-0.024795,0.114038,0.062124,0.123985,-0.081949,0.996180,-0.030158,0.000000,0.000000,0.000000,-1,0.004486,1.076584,0.126694,-0.299463,0.409252,0.009963,123.695450,286.027588,-770.882996,0,0
4.120000,-1.326875,-1.487560,-1.338904,0.996658,-0.012802,0.080679,0.080914,0.019107,-0.996538,0.011216,0.999735,0.020079,-0.699548,-0.024342,-0.032841,0.713415,-0.515163,0.489364,0.069901,0.071661,0.068541,0.156798,-0.080679,0.996538,-0.020079,0.000000,0.000000,0.000000,-1,0.010269,0.959930,0.144501,-0.660557,0.377604,0.119394,125.272308,288.297668,-771.049988,0,0
4.160000,-1.757224,-1.496416,-1.787388,0.996892,-0.029576,0.073024,0.072575,-0.015970,-0.997235,0.030661,0.999435,-0.013773,-0.711800,-0.015102,-0.036416,0.701275,-1.190572,0.337037,0.306732,0.096690,-0.066266,0.138219,-0.073024,0.997235,0.013774,0.000000,0.000000,0.000000,-1,-0.001068,0.881897,0.180313,-1.472672,0.187297,0.482359,124.571472,286.900696,-769.713989,0,0
4.200000,-2.642489,-1.471438,-2.682729,0.998145,-0.038112,0.047478,0.043936,-0.088934,-0.995068,0.042147,0.995308,-0.087094,-0.737254,-0.001975,-0.030392,0.674929,-1.511149,-0.337808,0.588807,-0.022895,0.065326,0.043124,-0.047478,0.995068,0.087094,0.000000,0.000000,0.000000,-1,-0.200150,1.426605,0.100204,-1.470473,-1.046804,0.471948,127.199570,288.821533,-766.874939,0,0
4.240000,-2.913703,-1.432354,-2.915286,0.999514,0.000524,0.031177,0.030964,-0.134481,-0.990432,0.003674,0.990916,-0.134432,-0.753065,-0.010453,-0.011570,0.657761,-1.683638,-1.889375,0.273277,-0.195095,0.488038,0.051374,-0.031177,0.990432,0.134432,0.000000,0.000000,0.000000,-1,-0.292587,1.189407,0.369507,-1.932535,-1.507059,0.395085,127.024368,288.996155,-761.029846,0,0
