0.000000,1.368865,1.509734,-1.316436,0.996859,0.051946,-0.059784,0.059061,0.015355,0.998136,0.052767,-0.998532,0.012239,0.701652,0.039552,-0.002500,0.711416,0.004431,-0.014149,-0.002791,0.002029,0.013975,-0.003462,0.059784,-0.998136,-0.012239,0.000000,0.000000,0.000000,-1,0.061905,-0.987381,-0.012253,0.004190,-0.109193,0.005765,131.930130,218.449646,-770.715942,0,0
0.040000,1.370920,1.509566,-1.318770,0.996862,0.051668,-0.059974,0.059259,0.015259,0.998126,0.052487,-0.998548,0.012150,0.701686,0.039522,-0.002668,0.711384,0.004446,-0.007784,0.000364,0.002450,0.013003,0.000095,0.059974,-0.998126,-0.012150,0.000000,0.000000,0.000000,-1,0.058044,-0.983627,-0.010681,-0.000065,-0.101775,0.003651,130.178070,219.846619,-768.711914,0,0
0.080000,1.375290,1.509719,-1.323148,0.996868,0.051670,-0.059877,0.059178,0.014962,0.998135,0.052470,-0.998552,0.011858,0.701792,0.039487,-0.002639,0.711282,0.002373,0.001695,-0.000692,-0.003175,0.010510,-0.000929,0.059877,-0.998135,-0.011858,0.000000,0.000000,0.000000,-1,0.056671,-0.986237,-0.013199,0.002066,-0.101773,0.004691,132.105331,218.973511,-769.212952,0,0
0.120000,1.376105,1.509922,-1.324045,0.996883,0.051593,-0.059688,0.058994,0.014860,0.998148,0.052384,-0.998558,0.011770,0.701829,0.039393,-0.002601,0.711251,0.004502,-0.003604,0.001441,-0.004527,0.012430,0.001256,0.059688,-0.998148,-0.011770,0.000000,0.000000,0.000000,-1,0.052078,-0.984818,-0.006210,0.005256,-0.106012,0.005739,132.105331,220.719711,-769.880981,0,0
0.160000,1.382397,1.510555,-1.330623,0.996929,0.051328,-0.059140,0.058477,0.014321,0.998186,0.052081,-0.998579,0.011276,0.702021,0.039103,-0.002514,0.711078,0.002383,-0.004676,0.003607,-0.006039,0.012026,0.000594,0.059140,-0.998186,-0.011276,0.000000,0.000000,0.000000,-1,0.053696,-0.987015,-0.010239,0.002076,-0.103889,0.007892,130.528488,219.497375,-769.713989,0,0
0.200000,1.384044,1.510916,-1.332476,0.996959,0.051130,-0.058804,0.058153,0.014128,0.998208,0.051869,-0.998592,0.011111,0.702090,0.038913,-0.002470,0.711020,0.003449,-0.006796,0.004673,-0.001828,0.013985,0.001040,0.058804,-0.998208,-0.011111,0.000000,0.000000,0.000000,-1,0.057495,-0.983826,-0.008133,0.004195,-0.108131,0.006824,131.579712,219.846619,-768.711914,0,0
0.240000,1.388992,1.511142,-1.337698,0.996983,0.050868,-0.058636,0.058007,0.013772,0.998221,0.051585,-0.998610,0.010779,0.702216,0.038761,-0.002511,0.710903,0.007687,-0.009983,0.000389,-0.003781,0.012290,0.004203,0.058636,-0.998221,-0.010779,0.000000,0.000000,0.000000,-1,0.053482,-0.987656,-0.010223,0.004185,-0.110255,0.004706,132.806152,217.227310,-769.880981,0,0
0.280000,1.394944,1.511415,-1.344113,0.997017,0.050420,-0.058431,0.057828,0.013338,0.998237,0.051110,-0.998639,0.010382,0.702370,0.038529,-0.002606,0.710763,0.007703,-0.007859,0.003573,0.000544,0.010307,0.002997,0.058431,-0.998237,-0.010382,0.000000,0.000000,0.000000,-1,0.058594,-0.986893,-0.015640,0.004204,-0.107068,0.008947,132.280548,219.497375,-769.045959,0,0
0.320000,1.398761,1.511494,-1.348102,0.997028,0.050254,-0.058393,0.057804,0.013090,0.998242,0.050930,-0.998651,0.010146,0.702459,0.038457,-0.002656,0.710680,0.005546,-0.003631,0.003558,0.001498,0.012463,0.003966,0.058393,-0.998242,-0.010146,0.000000,0.000000,0.000000,-1,0.060562,-0.984283,-0.008041,0.002069,-0.102832,0.005760,132.981369,219.148132,-769.713989,0,0
0.360000,1.400497,1.511147,-1.350061,0.997018,0.050031,-0.058752,0.058168,0.013052,0.998222,0.050709,-0.998662,0.010103,0.702471,0.038507,-0.002862,0.710664,-0.000872,-0.006827,-0.005936,-0.000051,0.015220,-0.003050,0.058752,-0.998221,-0.010103,0.000000,0.000000,0.000000,-1,0.058411,-0.985046,-0.011444,-0.005399,-0.099662,-0.001618,130.878891,217.751175,-769.713989,0,0
0.400000,1.399313,1.510723,-1.348806,0.996991,0.050093,-0.059157,0.058564,0.013218,0.998196,0.050785,-0.998657,0.010245,0.702411,0.038673,-0.002980,0.710713,-0.004034,0.009082,-0.001723,0.004824,0.014416,0.000907,0.059157,-0.998196,-0.010245,0.000000,0.000000,0.000000,-1,0.064484,-0.984924,-0.012192,-0.007502,-0.090114,0.002617,130.178070,219.497375,-768.711914,0,0
0.440000,1.399944,1.510389,-1.349126,0.996956,0.050401,-0.059492,0.058893,0.013273,0.998176,0.051098,-0.998641,0.010264,0.702392,0.038901,-0.002987,0.710720,-0.001915,0.008018,-0.003874,0.003863,0.009040,0.004436,0.059492,-0.998176,-0.010264,0.000000,0.000000,0.000000,-1,0.058487,-0.986755,-0.008408,-0.003265,-0.094360,-0.000602,130.002869,219.671997,-768.544922,0,0
0.480000,1.404374,1.510334,-1.353322,0.996938,0.050641,-0.059591,0.059002,0.013038,0.998173,0.051325,-0.998632,0.010010,0.702476,0.039020,-0.002942,0.710631,0.005463,0.006940,-0.005045,-0.006337,0.012897,0.002060,0.059591,-0.998173,-0.010010,0.000000,0.000000,0.000000,-1,0.052994,-0.980652,-0.011963,-0.003261,-0.095418,0.000467,131.054092,220.021240,-768.878967,0,0
0.520000,1.401745,1.510294,-1.350586,0.996932,0.050743,-0.059603,0.059005,0.013208,0.998170,0.051437,-0.998624,0.010173,0.702416,0.039061,-0.002906,0.710688,-0.010500,-0.003666,-0.006945,0.000852,0.018846,0.001674,0.059603,-0.998170,-0.010173,0.000000,0.000000,0.000000,-1,0.060486,-0.985611,-0.010590,-0.014988,-0.106030,-0.005739,131.754929,219.671997,-769.880981,0,0
0.560000,1.395713,1.509692,-1.344881,0.996917,0.050398,-0.060133,0.059515,0.013679,0.998134,0.051127,-0.998636,0.010637,0.702247,0.039129,-0.003206,0.710850,-0.010528,-0.011098,-0.013295,-0.001356,0.010890,-0.001722,0.060133,-0.998134,-0.010637,0.000000,0.000000,0.000000,-1,0.054688,-0.990875,-0.013931,-0.011806,-0.110272,-0.006818,131.579712,218.798889,-768.711914,0,0
0.600000,1.386754,1.509376,-1.336364,0.996928,0.049938,-0.060346,0.059703,0.014259,0.998114,0.050705,-0.998650,0.011233,0.702039,0.039044,-0.003433,0.711059,-0.007326,-0.010032,-0.009076,-0.001950,0.010321,-0.002057,0.060346,-0.998114,-0.011233,0.000000,0.000000,0.000000,-1,0.060135,-0.986191,-0.011398,-0.007546,-0.111329,-0.004733,130.002869,218.973511,-769.546997,0,0
0.640000,1.381795,1.509013,-1.331849,0.996932,0.049482,-0.060645,0.059990,0.014614,0.998092,0.050273,-0.998668,0.011600,0.701911,0.038990,-0.003694,0.711187,-0.010587,-0.012152,-0.006938,0.000131,0.013671,-0.002651,0.060645,-0.998092,-0.011600,0.000000,0.000000,0.000000,-1,0.059494,-0.986862,-0.013519,-0.011786,-0.110264,-0.001500,130.878891,219.846619,-770.047974,0,0
0.680000,1.373791,1.508637,-1.324209,0.996934,0.049099,-0.060918,0.060241,0.015163,0.998069,0.049928,-0.998679,0.012159,0.701714,0.038955,-0.003915,0.711382,-0.005266,-0.007911,-0.005953,0.000437,0.009696,-0.003436,0.060918,-0.998069,-0.012159,0.000000,0.000000,0.000000,-1,0.064224,-0.987473,-0.012772,-0.005404,-0.106024,-0.001589,131.930130,219.148132,-769.713989,0,0
0.720000,1.372041,1.508166,-1.322638,0.996917,0.048911,-0.061357,0.060672,0.015373,0.998039,0.049758,-0.998685,0.012358,0.701638,0.039045,-0.004133,0.711451,-0.004193,0.000572,-0.004943,0.001830,0.011757,-0.000902,0.061357,-0.998039,-0.012358,0.000000,0.000000,0.000000,-1,0.063187,-0.985168,-0.015289,-0.006465,-0.098604,-0.002675,131.229309,218.449646,-769.379944,0,0
0.760000,1.366300,1.507709,-1.316886,0.996894,0.048905,-0.061732,0.061024,0.015836,0.998011,0.049785,-0.998678,0.012803,0.701473,0.039178,-0.004258,0.711606,-0.007391,-0.000491,-0.005968,0.001028,0.013514,-0.001922,0.061732,-0.998011,-0.012803,0.000000,0.000000,0.000000,-1,0.062851,-0.985550,-0.014877,-0.007520,-0.098601,-0.000536,129.477249,218.798889,-770.047974,0,0
0.800000,1.360698,1.507381,-1.311174,0.996874,0.048999,-0.061980,0.061249,0.016269,0.997990,0.049909,-0.998666,0.013217,0.701318,0.039301,-0.004303,0.711751,-0.005350,0.003754,-0.004987,-0.000532,0.011402,-0.001157,0.061980,-0.997990,-0.013217,0.000000,0.000000,0.000000,-1,0.062210,-0.987656,-0.016251,-0.006453,-0.098599,0.000516,132.630951,218.798889,-769.045959,0,0
0.840000,1.354898,1.506983,-1.305390,0.996856,0.048966,-0.062290,0.061537,0.016727,0.997965,0.049908,-0.998660,0.013661,0.701154,0.039401,-0.004415,0.711907,-0.004296,-0.003668,-0.004967,0.000744,0.010767,-0.004436,0.062290,-0.997965,-0.013661,0.000000,0.000000,0.000000,-1,0.062683,-0.980789,-0.016678,-0.006462,-0.104962,-0.000519,131.754929,219.671997,-769.546997,0,0
0.880000,1.349851,1.506700,-1.300541,0.996854,0.048754,-0.062495,0.061727,0.017100,0.997947,0.049723,-0.998664,0.014037,0.701020,0.039400,-0.004555,0.712038,-0.007491,-0.007910,-0.004913,-0.002238,0.016501,0.001327,0.062495,-0.997947,-0.014037,0.000000,0.000000,0.000000,-1,0.062363,-0.984360,-0.016541,-0.008595,-0.108144,-0.001545,131.754929,218.973511,-769.212952,0,0
0.920000,1.344509,1.506305,-1.295588,0.996854,0.048351,-0.062803,0.062021,0.017513,0.997921,0.049350,-0.998677,0.014459,0.700871,0.039370,-0.004799,0.712184,-0.009621,-0.012152,-0.004871,0.002993,0.012936,-0.002844,0.062803,-0.997921,-0.014459,0.000000,0.000000,0.000000,-1,0.068024,-0.989700,-0.019028,-0.010721,-0.113443,-0.000434,130.703690,218.624268,-769.212952,0,0
0.960000,1.337843,1.505763,-1.289441,0.996853,0.047812,-0.063232,0.062432,0.018044,0.997886,0.048851,-0.998693,0.015003,0.700679,0.039335,-0.005131,0.712373,-0.004398,-0.011083,-0.004975,0.000824,0.015495,-0.002179,0.063232,-0.997886,-0.015003,0.000000,0.000000,0.000000,-1,0.063660,-0.982117,-0.015442,-0.009657,-0.107084,-0.001538,131.754929,219.671997,-769.546997,0,0
1.000000,1.333890,1.505471,-1.285751,0.996852,0.047538,-0.063456,0.062645,0.018357,0.997867,0.048601,-0.998701,0.015321,0.700567,0.039319,-0.005301,0.712483,-0.011833,-0.002602,-0.004931,-0.002466,0.009677,0.002351,0.063456,-0.997867,-0.015321,0.000000,0.000000,0.000000,-1,0.062683,-0.987610,-0.016144,-0.013897,-0.101780,0.000613,130.878891,218.100418,-769.379944,0,0
1.040000,1.328730,1.505253,-1.280664,0.996848,0.047451,-0.063587,0.062759,0.018737,0.997853,0.048540,-0.998698,0.015700,0.700430,0.039336,-0.005370,0.712616,-0.011834,-0.003663,-0.004926,0.001202,0.009221,-0.000596,0.063587,-0.997853,-0.015700,0.000000,0.000000,0.000000,-1,0.062958,-0.983322,-0.015472,-0.010719,-0.106024,-0.001531,131.754929,219.671997,-770.882996,0,0
1.080000,1.322612,1.504827,-1.274744,0.996838,0.047235,-0.063902,0.063054,0.019232,0.997825,0.048361,-0.998699,0.016193,0.700252,0.039375,-0.005548,0.712787,-0.009704,0.001637,-0.004975,0.001452,0.016761,0.000416,0.063902,-0.997825,-0.016193,0.000000,0.000000,0.000000,-1,0.061722,-0.982941,-0.018967,-0.008596,-0.099666,-0.003710,129.652451,219.322754,-769.880981,0,0
1.120000,1.313261,1.504225,-1.265362,0.996810,0.047236,-0.064328,0.063443,0.020004,0.997785,0.048418,-0.998683,0.016943,0.699976,0.039530,-0.005682,0.713049,-0.016181,-0.002582,-0.008107,0.003680,0.015195,-0.009363,0.064328,-0.997785,-0.016943,0.000000,0.000000,0.000000,-1,0.064728,-0.983887,-0.019379,-0.017107,-0.107087,-0.003583,130.878891,219.497375,-768.377930,0,0
1.160000,1.304532,1.503991,-1.257028,0.996825,0.046822,-0.064404,0.063497,0.020604,0.997769,0.048045,-0.998691,0.017566,0.699760,0.039413,-0.005844,0.713266,-0.014056,-0.015302,-0.005943,-0.013180,0.003186,0.007907,0.064404,-0.997769,-0.017565,0.000000,0.000000,0.000000,-1,0.041351,-0.999527,-0.006348,-0.013933,-0.116632,-0.005702,130.703690,217.925797,-769.212952,0,0
1.200000,1.302363,1.505041,-1.255264,0.996910,0.046435,-0.063355,0.062464,0.020391,0.997839,0.047627,-0.998713,0.017427,0.699838,0.038902,-0.005618,0.713219,-0.003425,-0.004707,-0.010344,-0.023712,0.008444,0.005464,0.063355,-0.997839,-0.017427,0.000000,0.000000,0.000000,-1,0.048157,-0.989853,-0.027649,0.013783,-0.108123,0.012037,131.930130,219.497375,-769.713989,0,0
1.240000,1.294637,1.506215,-1.248020,0.997012,0.045964,-0.062091,0.061204,0.020471,0.997915,0.047140,-0.998733,0.017597,0.699811,0.038285,-0.005341,0.713281,0.020042,-0.020572,0.016073,-0.010654,0.007528,-0.012890,0.062091,-0.997915,-0.017597,0.000000,0.000000,0.000000,-1,0.040314,-0.949997,-0.036102,0.002074,-0.133567,0.013345,131.229309,219.497375,-769.713989,0,0
1.280000,1.268580,1.506460,-1.223464,0.997125,0.044429,-0.061378,0.060452,0.021884,0.997931,0.045680,-0.998773,0.019135,0.699304,0.037495,-0.005612,0.713818,-0.059996,-0.082097,-0.029587,-0.021064,0.047934,-0.016967,0.061378,-0.997931,-0.019136,0.000000,0.000000,0.000000,-1,0.042816,-0.900131,-0.037323,-0.098205,-0.224854,-0.058535,131.404510,219.671997,-769.546997,0,0
1.320000,1.190494,1.498600,-1.152608,0.997072,0.036895,-0.066979,0.065917,0.029294,0.997395,0.038761,-0.998890,0.026776,0.696599,0.036898,-0.010127,0.716439,-0.170058,-0.135315,-0.165351,-0.025064,0.056889,0.023602,0.066979,-0.997395,-0.026776,0.000000,0.000000,0.000000,-1,0.041397,-1.002884,0.013519,-0.171836,-0.217545,-0.132216,131.229309,219.148132,-769.379944,0,0
1.360000,1.142475,1.492415,-1.108508,0.996923,0.032715,-0.071228,0.070082,0.034922,0.996930,0.035102,-0.998854,0.032522,0.694528,0.037003,-0.013004,0.718395,-0.111115,-0.047160,-0.061084,-0.000824,-0.063831,0.048757,0.071228,-0.996930,-0.032522,0.000000,0.000000,0.000000,-1,0.136398,-1.113144,-0.027145,-0.066009,-0.093308,-0.005234,132.806152,220.370468,-770.548950,0,0
1.400000,1.130218,1.492878,-1.094982,0.996940,0.033972,-0.070407,0.069193,0.035656,0.996966,0.036379,-0.998787,0.033196,0.694278,0.037148,-0.012253,0.718643,0.041613,0.093024,0.095094,0.065992,-0.116178,0.006050,0.070407,-0.996966,-0.033196,0.000000,0.000000,0.000000,-1,0.161148,-1.029617,-0.050064,0.090896,0.013990,0.137218,131.579712,219.846619,-770.381958,0,0
1.440000,1.193600,1.499090,-1.152285,0.996964,0.040333,-0.066608,0.065461,0.029116,0.997430,0.042169,-0.998762,0.026388,0.696681,0.037964,-0.008770,0.716322,0.168185,0.145031,0.107253,0.061291,0.042550,-0.019511,0.066608,-0.997430,-0.026388,0.000000,0.000000,0.000000,-1,0.074158,-0.906464,-0.040512,0.123618,0.083849,0.059955,130.878891,220.545090,-769.045959,0,0
1.480000,1.245097,1.502495,-1.196362,0.996757,0.047908,-0.064660,0.063520,0.024961,0.997668,0.049410,-0.998540,0.021837,0.698204,0.039898,-0.005460,0.714765,0.064827,0.223370,0.031450,-0.001001,0.082370,-0.021177,0.064660,-0.997668,-0.021837,0.000000,0.000000,0.000000,-1,0.049835,-0.952347,-0.045990,0.033186,0.129398,0.034153,132.806152,219.671997,-770.214966,0,0
1.520000,1.254474,1.503419,-1.199155,0.996461,0.054508,-0.063986,0.062731,0.024449,0.997731,0.055949,-0.998214,0.020944,0.698403,0.041967,-0.002877,0.714467,-0.013897,0.202151,0.022840,-0.014151,0.045384,-0.025046,0.063986,-0.997731,-0.020944,0.000000,0.000000,0.000000,-1,0.043442,-0.966263,-0.045609,-0.032813,0.080609,0.022336,131.579712,218.798889,-768.711914,0,0
1.560000,1.224708,1.502755,-1.163547,0.996132,0.060260,-0.063958,0.062428,0.026929,0.997686,0.061843,-0.997819,0.023063,0.697520,0.043973,-0.000758,0.715214,-0.062029,0.094987,-0.030393,-0.026482,0.029241,-0.022286,0.063958,-0.997686,-0.023063,0.000000,0.000000,0.000000,-1,0.039612,-1.010849,-0.027191,-0.054397,-0.033987,-0.039668,131.754929,218.973511,-769.212952,0,0
1.600000,1.200983,1.500946,-1.138455,0.995981,0.061535,-0.065075,0.063371,0.029243,0.997562,0.063288,-0.997676,0.025226,0.696691,0.044821,-0.000641,0.715970,-0.017490,-0.015231,-0.028246,-0.015224,-0.019559,0.001377,0.065075,-0.997561,-0.025226,0.000000,0.000000,0.000000,-1,0.061508,-1.008972,-0.017334,-0.011838,-0.127244,-0.012060,131.229309,218.798889,-770.047974,0,0
1.640000,1.199394,1.500365,-1.138299,0.996037,0.060089,-0.065575,0.063893,0.029496,0.997521,0.061874,-0.997757,0.025540,0.696599,0.044496,-0.001328,0.716078,-0.003601,-0.049121,-0.003782,0.006950,0.008507,0.007046,0.065575,-0.997521,-0.025540,0.000000,0.000000,0.000000,-1,0.071945,-0.977249,-0.013779,-0.002253,-0.151614,-0.002482,131.404510,219.322754,-769.880981,0,0
1.680000,1.204567,1.499877,-1.145282,0.996105,0.058281,-0.066161,0.064541,0.029250,0.997486,0.060070,-0.997872,0.025375,0.696685,0.044074,-0.002186,0.716019,0.009129,-0.035355,-0.014624,0.006914,0.017994,0.006805,0.066161,-0.997486,-0.025375,0.000000,0.000000,0.000000,-1,0.079651,-0.992966,-0.019592,0.009462,-0.125109,-0.002731,130.002869,219.671997,-770.882996,0,0
1.720000,1.212333,1.499510,-1.154001,0.996124,0.057336,-0.066699,0.065128,0.028835,0.997460,0.059114,-0.997938,0.024989,0.696832,0.043936,-0.002721,0.715882,0.003893,-0.015186,0.002359,0.013105,0.006432,0.004511,0.066699,-0.997460,-0.024989,0.000000,0.000000,0.000000,-1,0.073563,-0.978058,-0.022232,0.005263,-0.112369,0.008959,131.930130,218.798889,-770.381958,0,0
1.760000,1.218287,1.499153,-1.160230,0.996108,0.057064,-0.067180,0.065633,0.028570,0.997435,0.058837,-0.997962,0.024714,0.696926,0.044014,-0.002993,0.715785,0.001753,-0.001356,0.000201,0.003239,0.022612,0.001963,0.067180,-0.997435,-0.024714,0.000000,0.000000,0.000000,-1,0.063614,-0.975983,-0.022598,-0.000067,-0.099656,0.002578,131.930130,218.449646,-771.049988,0,0
1.800000,1.221065,1.499201,-1.162947,0.996102,0.057131,-0.067203,0.065666,0.028373,0.997438,0.058891,-0.997963,0.024511,0.696997,0.044045,-0.002981,0.715714,-0.002527,0.001811,-0.008275,-0.002415,0.016451,0.005376,0.067203,-0.997438,-0.024511,0.000000,0.000000,0.000000,-1,0.067154,-0.993942,-0.024216,-0.006465,-0.098604,-0.002675,130.178070,219.497375,-771.718018,0,0
1.840000,1.220355,1.498987,-1.162170,0.996086,0.057191,-0.067387,0.065840,0.028509,0.997423,0.058964,-0.997956,0.024632,0.696948,0.044132,-0.003021,0.715756,0.002844,0.005012,0.005479,0.003139,0.002916,0.002064,0.067387,-0.997423,-0.024632,0.000000,0.000000,0.000000,-1,0.066391,-0.983566,-0.023392,0.005292,-0.095399,0.013137,131.579712,219.846619,-769.713989,0,0
1.880000,1.223903,1.499421,-1.165599,0.996100,0.057326,-0.067067,0.065540,0.028112,0.997454,0.059066,-0.997960,0.024246,0.697091,0.044064,-0.002870,0.715622,0.013477,0.001832,0.006440,-0.001088,0.013064,-0.002091,0.067067,-0.997454,-0.024246,0.000000,0.000000,0.000000,-1,0.066055,-0.983521,-0.020859,0.011651,-0.099646,0.008831,133.506989,220.021240,-771.216980,0,0
1.920000,1.228404,1.499672,-1.170082,0.996107,0.057359,-0.066939,0.065435,0.027721,0.997472,0.059070,-0.997969,0.023859,0.697232,0.044029,-0.002822,0.715487,0.008163,0.001900,0.004402,0.000291,0.014958,0.000742,0.066939,-0.997472,-0.023859,0.000000,0.000000,0.000000,-1,0.071457,-0.987930,-0.023026,0.005283,-0.096463,0.011014,130.353271,217.925797,-770.214966,0,0
1.960000,1.232877,1.499855,-1.174080,0.996083,0.057847,-0.066873,0.065376,0.027388,0.997485,0.059533,-0.997950,0.023499,0.697351,0.044175,-0.002631,0.715362,0.008199,0.013573,0.011792,0.000403,0.010790,-0.000305,0.066873,-0.997485,-0.023499,0.000000,0.000000,0.000000,-1,0.069443,-0.980896,-0.026154,0.003176,-0.086916,0.014186,130.703690,219.671997,-768.878967,0,0
2.000000,1.234180,1.499907,-1.174897,0.996056,0.058335,-0.066855,0.065351,0.027315,0.997488,0.060014,-0.997923,0.023395,0.697378,0.044340,-0.002452,0.715326,0.011361,0.011442,0.005382,0.002634,0.013419,-0.002042,0.066855,-0.997488,-0.023395,0.000000,0.000000,0.000000,-1,0.061264,-0.985641,-0.027359,0.009531,-0.091165,0.008816,132.280548,218.798889,-770.715942,0,0
2.040000,1.233423,1.500295,-1.173897,0.996067,0.058585,-0.066472,0.064967,0.027231,0.997516,0.060250,-0.997911,0.023317,0.697409,0.044290,-0.002231,0.715300,0.009224,0.005078,0.004372,-0.006551,0.011630,-0.004759,0.066472,-0.997516,-0.023317,0.000000,0.000000,0.000000,-1,0.051529,-0.984756,-0.020844,0.010590,-0.102825,0.009921,130.703690,219.671997,-771.216980,0,0
2.080000,1.232093,1.501843,-1.173345,0.996208,0.057847,-0.064984,0.063528,0.026668,0.997624,0.059442,-0.997969,0.022892,0.697612,0.043497,-0.001986,0.715152,0.007109,-0.035122,0.002514,-0.014279,0.015736,0.000401,0.064984,-0.997624,-0.022892,0.000000,0.000000,0.000000,-1,0.049118,-0.983231,-0.022842,0.008412,-0.144181,0.004813,131.754929,218.624268,-769.880981,0,0
2.120000,1.227463,1.502812,-1.170887,0.996396,0.055700,-0.063967,0.062572,0.026448,0.997690,0.057263,-0.998097,0.022868,0.697689,0.042380,-0.002402,0.715142,0.009177,-0.068003,-0.005861,-0.015307,0.014047,-0.003118,0.063967,-0.997690,-0.022868,0.000000,0.000000,0.000000,-1,0.052155,-0.986328,-0.021423,0.009421,-0.173880,-0.003574,131.404510,218.275040,-769.212952,0,0
2.160000,1.226962,1.503314,-1.172656,0.996551,0.053449,-0.063484,0.062157,0.026143,0.997724,0.054987,-0.998228,0.022731,0.697796,0.041418,-0.003044,0.715092,0.004910,-0.077548,-0.007893,-0.011482,0.010663,0.000606,0.063484,-0.997724,-0.022731,0.000000,0.000000,0.000000,-1,0.057465,-0.986725,-0.025223,0.005164,-0.180241,-0.003498,133.156570,218.973511,-768.878967,0,0
2.200000,1.220454,1.503559,-1.170265,0.996786,0.049341,-0.063105,0.061869,0.026196,0.997741,0.050882,-0.998438,0.023060,0.697770,0.039845,-0.004379,0.715200,0.007038,-0.087087,-0.004677,-0.004740,0.009078,-0.005459,0.063105,-0.997740,-0.023060,0.000000,0.000000,0.000000,-1,0.062103,-0.986084,-0.025070,0.010484,-0.190838,-0.000318,131.229309,219.846619,-770.047974,0,0
2.240000,1.221381,1.503432,-1.174910,0.996954,0.045632,-0.063246,0.062107,0.025958,0.997732,0.047171,-0.998621,0.023045,0.697845,0.038597,-0.005759,0.715185,0.013460,-0.094497,-0.006792,0.001055,0.011694,-0.004330,0.063246,-0.997732,-0.023045,0.000000,0.000000,0.000000,-1,0.060440,-0.986160,-0.022781,0.012604,-0.192960,-0.001395,131.054092,219.322754,-770.214966,0,0
2.280000,1.223541,1.503548,-1.179740,0.997076,0.042976,-0.063186,0.062125,0.025613,0.997740,0.044498,-0.998748,0.022869,0.697960,0.037646,-0.006694,0.715115,0.015618,-0.083886,-0.000481,-0.002746,0.011579,0.000087,0.063186,-0.997740,-0.022869,0.000000,0.000000,0.000000,-1,0.066986,-0.988861,-0.022018,0.012631,-0.184471,0.003884,131.754929,218.973511,-769.880981,0,0
2.320000,1.232188,1.503414,-1.192552,0.997225,0.038836,-0.063508,0.062572,0.024865,0.997731,0.040327,-0.998936,0.022366,0.698211,0.036310,-0.008300,0.714922,0.015626,-0.084944,0.001647,0.009460,0.015461,-0.000873,0.063508,-0.997731,-0.022366,0.000000,0.000000,0.000000,-1,0.071228,-0.986069,-0.022507,0.017945,-0.185531,0.003831,130.353271,218.275040,-769.880981,0,0
2.360000,1.242298,1.502934,-1.205876,0.997302,0.035637,-0.064184,0.063345,0.024200,0.997698,0.037108,-0.999072,0.021877,0.698431,0.035430,-0.009692,0.714734,0.019868,-0.075409,-0.002703,0.006952,0.013735,-0.000263,0.064184,-0.997698,-0.021877,0.000000,0.000000,0.000000,-1,0.063889,-0.985977,-0.023590,0.020071,-0.175992,0.001637,132.280548,219.148132,-771.049988,0,0
2.400000,1.248841,1.502922,-1.214690,0.997370,0.033383,-0.064337,0.063567,0.023645,0.997697,0.034828,-0.999163,0.021460,0.698617,0.034694,-0.010560,0.714576,0.019953,-0.072246,0.001589,-0.000449,0.011720,-0.002130,0.064337,-0.997697,-0.021460,0.000000,0.000000,0.000000,-1,0.065140,-0.980103,-0.023315,0.015842,-0.170683,0.006978,131.579712,218.798889,-770.047974,0,0
2.440000,1.252937,1.503089,-1.222274,0.997484,0.029914,-0.064267,0.063589,0.023105,0.997709,0.031331,-0.999285,0.021145,0.698791,0.033452,-0.011783,0.714446,0.014642,-0.068005,0.002691,-0.001599,0.015500,-0.002552,0.064267,-0.997709,-0.021145,0.000000,0.000000,0.000000,-1,0.061783,-0.987259,-0.023331,0.011576,-0.172809,0.003843,130.878891,219.497375,-769.713989,0,0
2.480000,1.256710,1.503075,-1.229019,0.997563,0.026957,-0.064359,0.063756,0.022680,0.997708,0.028355,-0.999379,0.020906,0.698923,0.032447,-0.012878,0.714344,0.018854,-0.073321,-0.006905,-0.000425,0.010281,-0.001738,0.064359,-0.997708,-0.020906,0.000000,0.000000,0.000000,-1,0.069397,-0.987885,-0.028778,0.020053,-0.173880,-0.003691,131.054092,220.021240,-768.210938,0,0
2.520000,1.260083,1.502699,-1.234533,0.997590,0.024818,-0.064787,0.064234,0.022452,0.997682,0.026215,-0.999440,0.020804,0.698988,0.031851,-0.013795,0.714291,0.018849,-0.064843,-0.009072,0.004610,0.009798,-0.007974,0.064787,-0.997682,-0.020804,0.000000,0.000000,0.000000,-1,0.074585,-0.982727,-0.029465,0.016880,-0.156915,-0.002669,131.404510,220.021240,-770.214966,0,0
2.560000,1.266525,1.501376,-1.243210,0.997552,0.022573,-0.066178,0.065676,0.022319,0.997591,0.023996,-0.999496,0.020781,0.699009,0.031562,-0.015087,0.714257,0.011496,-0.015057,-0.007045,0.010024,0.019076,-0.005784,0.066178,-0.997591,-0.020781,0.000000,0.000000,0.000000,-1,0.075516,-0.982590,-0.021347,0.008417,-0.106024,-0.001742,130.878891,219.497375,-769.045959,0,0
2.600000,1.270441,1.500806,-1.247113,0.997511,0.022582,-0.066802,0.066301,0.022243,0.997552,0.024013,-0.999498,0.020690,0.699031,0.031788,-0.015303,0.714221,0.006230,0.009340,0.001408,0.008363,0.012261,-0.001999,0.066802,-0.997552,-0.020690,0.000000,0.000000,0.000000,-1,0.075348,-0.992493,-0.027725,0.005284,-0.084804,0.008834,130.353271,220.021240,-769.880981,0,0
2.640000,1.274520,1.500480,-1.250529,0.997469,0.023245,-0.067198,0.066686,0.022119,0.997529,0.024674,-0.999485,0.020513,0.699077,0.032161,-0.015207,0.714160,0.025378,0.017824,0.003282,0.008547,0.003419,-0.007777,0.067198,-0.997529,-0.020513,0.000000,0.000000,0.000000,-1,0.069870,-0.984848,-0.020599,0.034000,-0.079499,0.010621,131.579712,219.148132,-769.713989,0,0
2.680000,1.295997,1.501122,-1.271065,0.997458,0.024240,-0.067005,0.066514,0.020556,0.997574,0.025558,-0.999495,0.018891,0.699645,0.032428,-0.014810,0.713601,0.025410,0.017836,0.011790,-0.004963,0.018555,0.003297,0.067005,-0.997574,-0.018891,0.000000,0.000000,0.000000,-1,0.059402,-0.974792,-0.009689,0.013815,-0.081613,0.015108,132.455750,219.671997,-770.214966,0,0
2.720000,1.305012,1.501822,-1.279609,0.997480,0.024742,-0.066500,0.066018,0.019786,0.997622,0.025999,-0.999498,0.018103,0.699927,0.032418,-0.014466,0.713332,0.005244,0.008235,0.007845,-0.003786,0.022631,0.008642,0.066500,-0.997622,-0.018103,0.000000,0.000000,0.000000,-1,0.060669,-0.986832,-0.012985,0.004177,-0.116618,0.003671,130.703690,219.671997,-769.212952,0,0
2.760000,1.315199,1.502300,-1.290406,0.997512,0.024163,-0.066220,0.065770,0.018940,0.997655,0.025361,-0.999529,0.017304,0.700226,0.032109,-0.014588,0.713049,0.021127,-0.027829,-0.002802,-0.004513,0.003102,0.008896,0.066220,-0.997655,-0.017304,0.000000,0.000000,0.000000,-1,0.056717,-0.990967,0.001022,0.028645,-0.142048,0.013090,131.404510,219.671997,-770.548950,0,0
2.800000,1.341448,1.503654,-1.318476,0.997611,0.022422,-0.065335,0.064967,0.016750,0.997747,0.023466,-0.999608,0.015253,0.701001,0.031166,-0.014932,0.712323,0.026483,-0.064912,0.013266,-0.008160,0.012792,0.015085,0.065335,-0.997747,-0.015253,0.000000,0.000000,0.000000,-1,0.059891,-0.975677,-0.008667,0.022252,-0.172791,0.015427,132.455750,217.925797,-769.880981,0,0
2.840000,1.355006,1.504569,-1.335379,0.997725,0.019126,-0.064644,0.064353,0.015436,0.997808,0.020082,-0.999698,0.014170,0.701448,0.029753,-0.015882,0.711922,0.014715,-0.098860,-0.000277,-0.008583,0.022085,0.004404,0.064644,-0.997808,-0.014170,0.000000,0.000000,0.000000,-1,0.055496,-0.985092,-0.010544,0.010473,-0.209920,0.000832,131.579712,218.798889,-770.381958,0,0
2.880000,1.359112,1.504991,-1.342947,0.997808,0.015686,-0.064290,0.064058,0.014854,0.997836,0.016607,-0.999767,0.013816,0.701630,0.028414,-0.016990,0.711772,0.018971,-0.125398,-0.006541,-0.008794,0.012743,0.003272,0.064290,-0.997836,-0.013816,0.000000,0.000000,0.000000,-1,0.051956,-0.990280,-0.016388,0.017870,-0.248094,-0.003332,131.229309,219.846619,-769.045959,0,0
2.920000,1.365277,1.506143,-1.358535,0.997978,0.006311,-0.063249,0.063159,0.013611,0.997911,0.007158,-0.999887,0.013185,0.701994,0.024740,-0.019975,0.711473,0.026379,-0.175228,-0.005325,-0.014268,0.006791,-0.004561,0.063249,-0.997911,-0.013185,0.000000,0.000000,0.000000,-1,0.052002,-0.984055,-0.020432,0.022120,-0.277772,0.002074,131.229309,219.497375,-768.711914,0,0
2.960000,1.364490,1.506564,-1.363064,0.998024,0.001010,-0.062827,0.062808,0.013238,0.997938,0.001840,-0.999912,0.013149,0.702075,0.022725,-0.021717,0.711409,0.026390,-0.172043,-0.002145,-0.003623,0.017667,-0.011403,0.062827,-0.997938,-0.013149,0.000000,0.000000,0.000000,-1,0.074417,-0.992416,-0.025238,0.026390,-0.260807,0.003014,132.806152,220.370468,-768.544922,0,0
3.000000,1.363614,1.506107,-1.367122,0.997989,-0.003922,-0.063262,0.063308,0.013076,0.997908,-0.003086,-0.999907,0.013297,0.702071,0.021147,-0.023626,0.711400,0.029590,-0.157200,-0.001187,0.011155,0.005492,-0.011941,0.063262,-0.997908,-0.013297,0.000000,0.000000,0.000000,-1,0.075775,-0.994324,-0.026611,0.034912,-0.243842,0.003907,132.455750,220.021240,-769.880981,0,0
3.040000,1.376672,1.505061,-1.387942,0.997853,-0.011656,-0.064454,0.064593,0.011944,0.997840,-0.010861,-0.999861,0.012672,0.702360,0.018843,-0.026808,0.711068,0.042440,-0.096711,0.005872,0.017257,0.017005,-0.013161,0.064454,-0.997840,-0.012672,0.000000,0.000000,0.000000,-1,0.082367,-0.972336,-0.030563,0.038173,-0.185520,0.011054,131.404510,219.322754,-768.544922,0,0
3.080000,1.378264,1.504403,-1.391799,0.997780,-0.013919,-0.065119,0.065285,0.011812,0.997797,-0.013120,-0.999833,0.012695,0.702366,0.018283,-0.027848,0.711036,0.031843,-0.054301,0.007919,0.013464,0.025415,-0.019288,0.065119,-0.997797,-0.012695,0.000000,0.000000,0.000000,-1,0.080521,-0.989395,-0.033264,0.031832,-0.129331,0.009806,130.528488,219.148132,-769.045959,0,0
3.120000,1.378686,1.503802,-1.393229,0.997727,-0.014932,-0.065713,0.065892,0.011825,0.997757,-0.014122,-0.999819,0.012782,0.702339,0.018139,-0.028417,0.711044,0.036106,-0.015079,0.004498,0.014808,0.008362,-0.020482,0.065713,-0.997757,-0.012782,0.000000,0.000000,0.000000,-1,0.072891,-0.997253,-0.025406,0.041429,-0.091163,0.009528,132.981369,219.148132,-767.375916,0,0
3.160000,1.394226,1.503421,-1.408256,0.997697,-0.014391,-0.066277,0.066437,0.010895,0.997731,-0.013637,-0.999837,0.011826,0.702669,0.018517,-0.028432,0.710707,0.047856,0.027341,0.012680,0.006156,0.007024,-0.016144,0.066277,-0.997731,-0.011826,0.000000,0.000000,0.000000,-1,0.060928,-0.984802,-0.020203,0.056372,-0.065702,0.019886,132.630951,219.497375,-769.045959,0,0
3.200000,1.418745,1.504520,-1.431109,0.997775,-0.012666,-0.065464,0.065583,0.009221,0.997804,-0.012035,-0.999877,0.010031,0.703300,0.018810,-0.027548,0.710110,0.063861,0.053971,0.021992,-0.005894,0.015917,-0.009164,0.065464,-0.997805,-0.010031,0.000000,0.000000,0.000000,-1,0.060226,-0.986572,-0.024155,0.060658,-0.043432,0.023993,131.930130,219.846619,-768.711914,0,0
3.240000,1.444451,1.505470,-1.454572,0.997847,-0.010366,-0.064760,0.064840,0.007570,0.997867,-0.009854,-0.999918,0.008226,0.703927,0.019346,-0.026499,0.709514,0.073395,0.060318,0.013348,0.004683,0.006656,-0.021468,0.064760,-0.997867,-0.008226,0.000000,0.000000,0.000000,-1,0.063599,-0.983124,-0.025101,0.080800,-0.045574,0.008889,131.930130,218.798889,-769.713989,0,0
3.280000,1.476704,1.505706,-1.484749,0.997867,-0.008225,-0.064756,0.064803,0.005590,0.997882,-0.007846,-0.999951,0.006111,0.704657,0.020073,-0.025758,0.708796,0.081846,0.052879,0.002650,-0.001722,0.016910,-0.016258,0.064756,-0.997882,-0.006111,0.000000,0.000000,0.000000,-1,0.055801,-0.966278,-0.029404,0.075473,-0.044519,0.005751,131.579712,220.195847,-769.379944,0,0
3.320000,1.493192,1.506276,-1.498995,0.997914,-0.005952,-0.064281,0.064309,0.004625,0.997919,-0.005642,-0.999972,0.004999,0.705034,0.020693,-0.024794,0.708438,0.044618,0.062412,-0.001235,-0.004070,0.036280,-0.026633,0.064281,-0.997919,-0.004999,0.000000,0.000000,0.000000,-1,0.070816,-0.961578,-0.032822,0.038258,-0.030743,0.001845,131.754929,219.322754,-769.212952,0,0
3.360000,1.489680,1.505171,-1.492014,0.997858,-0.002503,-0.065362,0.065374,0.005161,0.997847,-0.002160,-0.999984,0.005314,0.704873,0.022299,-0.023949,0.708578,0.023300,0.117679,-0.020367,0.014655,0.036712,-0.023068,0.065362,-0.997847,-0.005314,0.000000,0.000000,0.000000,-1,0.086517,-0.947952,-0.033478,0.008381,0.026448,-0.038506,131.229309,220.195847,-770.047974,0,0
3.400000,1.475879,1.501602,-1.473358,0.997626,0.002289,-0.068828,0.068811,0.006726,0.997607,0.002746,-0.999975,0.006553,0.704334,0.025236,-0.023455,0.709032,0.001835,0.110183,-0.069038,0.024373,0.059497,-0.034722,0.068828,-0.997607,-0.006553,0.000000,0.000000,0.000000,-1,0.112137,-0.912582,-0.044266,-0.015201,-0.018145,-0.080593,131.054092,219.671997,-770.214966,0,0
3.440000,1.442460,1.496701,-1.439065,0.997297,0.003038,-0.073418,0.073386,0.009724,0.997256,0.003743,-0.999948,0.009474,0.703224,0.027169,-0.024770,0.710017,-0.128212,-0.061656,-0.123210,0.042884,0.091617,-0.030824,0.073418,-0.997256,-0.009474,0.000000,0.000000,0.000000,-1,0.101913,-0.909470,-0.038513,-0.184561,-0.189975,-0.129009,132.630951,219.497375,-770.047974,0,0
3.480000,1.304891,1.488416,-1.302593,0.996842,0.001431,-0.079395,0.079346,0.021806,0.996609,0.003157,-0.999761,0.021624,0.698823,0.028897,-0.027274,0.714190,-0.446034,0.043296,-0.125505,-0.007572,0.059444,-0.021253,0.079395,-0.996609,-0.021624,0.000000,0.000000,0.000000,-1,0.108978,-0.977005,-0.058044,-0.575775,-0.063841,-0.145477,130.878891,220.545090,-769.379944,0,0
3.520000,1.081527,1.473700,-1.077468,0.996330,0.002090,-0.085570,0.085384,0.045909,0.995290,0.006008,-0.998944,0.045562,0.690083,0.031690,-0.028823,0.722461,-0.698360,-0.021290,-0.196863,0.047731,-0.011729,-0.023301,0.085570,-0.995290,-0.045562,0.000000,0.000000,0.000000,-1,0.207870,-1.150421,-0.077011,-0.737731,-0.155135,-0.220932,131.930130,219.497375,-772.052002,0,0
3.560000,0.912724,1.451659,-0.908529,0.995569,0.000747,-0.094035,0.093729,0.073085,0.992912,0.007614,-0.997325,0.072691,0.680035,0.034732,-0.031771,0.731667,-0.550490,0.046580,-0.187099,0.138509,-0.160531,0.008253,0.094035,-0.992912,-0.072691,0.000000,0.000000,0.000000,-1,0.266815,-1.120361,-0.034668,-0.431290,-0.007707,-0.185617,133.156570,220.021240,-770.882996,0,0
3.600000,0.884634,1.438370,-0.875269,0.994756,0.005024,-0.102157,0.101369,0.084610,0.991244,0.013624,-0.996401,0.083657,0.675738,0.039362,-0.032754,0.735361,-0.108167,0.172729,-0.202117,0.112413,-0.063077,0.058006,0.102157,-0.991244,-0.083656,0.000000,0.000000,0.000000,-1,0.164062,-0.936279,-0.085999,0.029082,0.176727,-0.219180,133.506989,218.973511,-770.882996,0,0
3.640000,0.945073,1.430701,-0.925735,0.993468,0.014562,-0.113182,0.111579,0.083957,0.990203,0.023922,-0.996363,0.081784,0.675967,0.046652,-0.033012,0.734712,0.070379,0.253256,-0.236368,0.040855,0.086104,-0.046955,0.113182,-0.990203,-0.081784,0.000000,0.000000,0.000000,-1,0.131531,-0.864899,-0.193344,0.071583,0.133261,-0.217325,132.630951,218.798889,-770.715942,0,0
3.680000,0.991708,1.424584,-0.965092,0.992304,0.021529,-0.121938,0.119773,0.082948,0.989330,0.031414,-0.996321,0.079731,0.676318,0.052232,-0.033462,0.733993,-0.018786,0.145203,-0.176393,0.022532,0.120693,-0.107158,0.121938,-0.989330,-0.079731,0.000000,0.000000,0.000000,-1,0.179871,-0.882278,-0.158524,-0.004800,0.036877,-0.153289,132.455750,220.370468,-772.552979,0,0
3.720000,1.018380,1.417585,-0.986614,0.991178,0.026261,-0.129912,0.127303,0.084168,0.988286,0.036888,-0.996105,0.080083,0.675819,0.056807,-0.034412,0.734069,0.060116,0.127280,-0.109117,0.078095,0.094442,-0.059825,0.129912,-0.988286,-0.080083,0.000000,0.000000,0.000000,-1,0.189636,-0.921326,-0.123688,0.044378,-0.018127,-0.069549,133.506989,219.671997,-772.218994,0,0
3.760000,1.035083,1.413865,-1.000606,0.990511,0.028766,-0.134393,0.131563,0.084363,0.987712,0.039751,-0.996020,0.079778,0.675716,0.059318,-0.035015,0.733937,-0.034353,0.022760,-0.028860,0.048728,0.058405,-0.053004,0.134393,-0.987712,-0.079778,0.000000,0.000000,0.000000,-1,0.206436,-0.943726,-0.166977,-0.086214,-0.111328,-0.002802,132.981369,218.798889,-772.385986,0,0
3.800000,0.998198,1.409045,-0.965030,0.990431,0.026915,-0.135359,0.132391,0.091699,0.986947,0.038976,-0.995423,0.087258,0.672955,0.059182,-0.035806,0.736442,-0.190432,-0.073605,0.049872,0.081773,0.045403,-0.085472,0.135359,-0.986947,-0.087258,0.000000,0.000000,0.000000,-1,0.237350,-0.929855,-0.169922,-0.227440,-0.187571,0.059730,133.331772,218.798889,-770.047974,0,0
3.840000,0.938127,1.401436,-0.907842,0.990447,0.023179,-0.135929,0.132849,0.103735,0.985693,0.036948,-0.994335,0.099665,0.668403,0.058358,-0.037022,0.740582,-0.295697,-0.093744,0.054296,0.130093,0.081381,-0.044836,0.135929,-0.985693,-0.099665,0.000000,0.000000,0.000000,-1,0.305496,-0.897583,-0.149994,-0.344336,-0.170594,0.070516,132.630951,218.798889,-771.718018,0,0
3.880000,0.864668,1.395229,-0.836175,0.990914,0.020649,-0.132900,0.129617,0.117080,0.984628,0.035892,-0.992908,0.113340,0.663418,0.056626,-0.036556,0.745207,-0.342346,-0.060837,0.082319,0.173328,0.072900,-0.035555,0.132900,-0.984628,-0.113340,0.000000,0.000000,0.000000,-1,0.299500,-0.909058,-0.136719,-0.322975,-0.151477,0.092532,131.579712,218.798889,-774.056030,0,0
3.920000,0.802434,1.390681,-0.772598,0.991436,0.021502,-0.128813,0.125041,0.128284,0.983823,0.037679,-0.991504,0.124497,0.659290,0.055569,-0.034558,0.749036,-0.192249,0.087924,0.124688,0.163653,0.074048,-0.026260,0.128813,-0.983823,-0.124497,0.000000,0.000000,0.000000,-1,0.261780,-0.894012,-0.214478,0.004018,0.071344,0.205995,133.156570,218.973511,-774.891052,0,0
3.960000,0.781533,1.394177,-0.746546,0.991947,0.026936,-0.123759,0.119321,0.128973,0.984443,0.042479,-0.991282,0.124720,0.659214,0.055466,-0.030825,0.749273,0.068778,0.193075,0.248983,0.138020,0.090431,-0.089758,0.123759,-0.984443,-0.124720,0.000000,0.000000,0.000000,-1,0.228790,-1.068253,-0.161850,0.100032,0.113872,0.284524,131.930130,216.703445,-774.056030,0,0
4.000000,0.773138,1.397508,-0.734106,0.992231,0.031256,-0.120417,0.115510,0.128011,0.985023,0.046203,-0.991280,0.123406,0.659700,0.055619,-0.028124,0.748941,-0.169802,-0.278540,-0.334495,-0.059534,-0.319008,-0.022636,0.120417,-0.985023,-0.123406,0.000000,0.000000,0.000000,-1,-0.031143,-1.260986,-0.025528,-0.256134,-0.498964,-0.439559,132.806152,218.624268,-774.557007,0,0
4.040000,0.774292,1.382973,-0.746599,0.991265,0.018664,-0.130557,0.126811,0.137053,0.982413,0.036229,-0.990388,0.133490,0.655881,0.055450,-0.035955,0.751965,-0.093083,-0.084087,-0.045823,-0.083117,-0.127755,0.063848,0.130557,-0.982413,-0.133490,0.000000,0.000000,0.000000,-1,0.191681,-1.097855,-0.112045,0.339185,-0.215138,0.052546,132.280548,218.100418,-772.719971,0,0
4.080000,0.797872,1.389308,-0.773494,0.991489,0.015964,-0.129210,0.126100,0.129139,0.983576,0.032387,-0.991498,0.126026,0.658848,0.053906,-0.036740,0.749442,0.482349,-0.130612,0.031014,0.062470,-0.114279,0.013981,0.129211,-0.983576,-0.126027,0.000000,0.000000,0.000000,-1,0.001053,-1.160812,0.082748,0.565674,-0.219362,0.061769,132.630951,217.052689,-773.054016,0,0
4.120000,0.886175,1.410297,-0.866457,0.992219,0.013269,-0.123799,0.121783,0.103483,0.987148,0.025910,-0.994543,0.101061,0.668520,0.050504,-0.036607,0.741074,0.780722,0.035007,0.179090,-0.196400,-0.215672,0.259112,0.123799,-0.987148,-0.101061,0.000000,0.000000,0.000000,-1,-0.167648,-0.981598,-0.106750,0.751439,0.201725,0.181213,132.981369,216.354218,-772.385986,0,0
4.160000,1.031109,1.435208,-1.003645,0.992982,0.023231,-0.115961,0.114010,0.072619,0.990822,0.031439,-0.997089,0.069461,0.680239,0.050438,-0.031063,0.730593,0.191696,0.021207,0.175007,-0.096308,0.224510,-0.241742,0.115961,-0.990822,-0.069461,0.000000,0.000000,0.000000,-1,0.076675,-0.831619,-0.230331,0.108696,-0.263384,0.404203,132.280548,215.655731,-771.718018,0,0
4.200000,1.006689,1.446064,-0.982908,0.994254,0.020137,-0.105134,0.103523,0.068998,0.992231,0.027235,-0.997414,0.066517,0.681678,0.045351,-0.028569,0.729686,0.008649,-0.190420,0.453483,-0.044862,0.125028,-0.094082,0.105134,-0.992231,-0.066517,0.000000,0.000000,0.000000,-1,-0.011139,-1.003052,0.070877,0.101917,-0.310813,0.590643,131.754929,215.830353,-772.218994,0,0
4.240000,0.902104,1.470600,-0.887367,0.996840,0.012252,-0.078486,0.077564,0.063164,0.994985,0.017148,-0.997928,0.062014,0.684043,0.032825,-0.022417,0.728357,0.139331,-0.088706,0.409035,-0.107447,0.029103,0.135668,0.078486,-0.994985,-0.062014,0.000000,0.000000,0.000000,-1,0.065796,-0.839294,-0.017456,0.124390,-0.052568,0.293516,131.930130,217.052689,-773.388000,0,0
4.280000,0.897269,1.478873,-0.880470,0.997315,0.014696,-0.071748,0.070777,0.058453,0.995778,0.018828,-0.998182,0.057256,0.685858,0.031155,-0.019290,0.726812,0.211839,0.067817,0.150110,0.058440,0.206929,-0.002940,0.071748,-0.995778,-0.057256,0.000000,0.000000,0.000000,-1,0.117126,-0.812744,-0.089890,0.270439,-0.132324,0.131645,131.229309,217.401932,-772.052002,0,0
