0.000000,-1.641927,0.055701,0.007266,-0.070665,-0.056047,0.995924,-0.007254,0.998423,0.055673,-0.997474,-0.003291,-0.070961,-0.021636,0.731445,0.017904,-0.681322,0.129644,-0.065717,-0.088866,0.009199,0.016274,-0.029319,-0.995924,-0.055673,0.070961,0.000000,0.000000,0.000000,-1,-0.994049,-0.038940,0.044449,0.100739,-0.048672,-0.107131,-23.380325,235.033875,-567.956909,0,0
0.040000,-1.641234,0.056174,0.009780,-0.069829,-0.056691,0.995947,-0.009764,0.998375,0.056145,-0.997511,-0.005804,-0.070269,-0.022722,0.731176,0.017212,-0.681593,0.122240,-0.040353,-0.099537,0.006796,0.019279,-0.030031,-0.995947,-0.056145,0.070269,0.000000,0.000000,0.000000,-1,-1.000137,-0.042053,0.046021,0.085977,0.005279,-0.114676,-24.259293,235.209656,-568.794861,0,0
0.080000,-1.637658,0.058488,0.015034,-0.065928,-0.059321,0.996059,-0.015008,0.998177,0.058454,-0.997711,-0.011095,-0.066698,-0.025460,0.729864,0.016222,-0.682926,0.082026,0.032916,-0.088810,-0.000446,0.013090,-0.021517,-0.996059,-0.058454,0.066698,0.000000,0.000000,0.000000,-1,-0.998215,-0.051926,0.043198,0.044598,0.040389,-0.098507,-21.973984,234.682281,-566.951416,0,0
0.120000,-1.635041,0.060448,0.016967,-0.063169,-0.061367,0.996114,-0.016935,0.998030,0.060411,-0.997859,-0.013053,-0.064083,-0.026855,0.728917,0.016243,-0.683882,0.048997,0.023473,-0.084249,-0.000819,0.004152,-0.019772,-0.996114,-0.060411,0.064083,0.000000,0.000000,0.000000,-1,-1.009842,-0.065933,0.050095,0.011563,0.026677,-0.092873,-24.435074,233.627533,-568.962463,0,0
0.160000,-1.632803,0.063880,0.018350,-0.060788,-0.064840,0.996042,-0.018312,0.997792,0.063836,-0.997983,-0.014359,-0.061841,-0.028552,0.728083,0.016989,-0.684683,0.005398,0.045725,-0.087192,-0.021307,-0.002097,-0.000287,-0.996042,-0.063836,0.061841,0.000000,0.000000,0.000000,-1,-1.035660,-0.057861,0.112671,-0.357055,0.311619,-0.097474,-22.501373,233.451736,-568.459717,0,0
0.200000,-1.622423,0.067730,0.002493,-0.051435,-0.067716,0.996378,-0.002488,0.997704,0.067678,-0.998673,0.001002,-0.051486,-0.024219,0.724677,0.023693,-0.688256,-0.434992,0.132137,-0.025509,0.009226,0.001699,0.035444,-0.996378,-0.067678,0.051486,0.000000,0.000000,0.000000,-1,-0.998962,-0.069550,0.095612,-0.492702,0.137269,-0.055286,-24.786667,234.330704,-568.962463,0,0
0.240000,-1.615897,0.070168,-0.011649,-0.045898,-0.069509,0.996525,0.011620,0.997472,0.070110,-0.998878,0.014798,-0.044975,-0.020029,0.722555,0.029378,-0.690398,-0.477318,0.262988,-0.078937,-0.002438,0.000561,0.050637,-0.996525,-0.070110,0.044975,0.000000,0.000000,0.000000,-1,-0.974152,-0.032410,0.008926,-0.453385,0.156871,-0.111062,-24.435074,233.627533,-570.303162,0,0
0.280000,-1.610519,0.073313,-0.024797,-0.041515,-0.072182,0.996527,0.024727,0.997007,0.073247,-0.998832,0.027682,-0.039606,-0.016459,0.720786,0.035007,-0.692078,-0.419536,0.029663,-0.109400,0.022376,0.040837,-0.030679,-0.996527,-0.073247,0.039606,0.000000,0.000000,0.000000,-1,-0.999374,-0.051773,-0.002136,-0.460127,0.040357,-0.111638,-23.731903,231.869614,-570.303162,0,0
0.320000,-1.602141,0.076757,-0.047668,-0.034956,-0.075064,0.996566,0.047509,0.995923,0.076682,-0.998259,0.050027,-0.031247,-0.009594,0.718005,0.044118,-0.694572,-0.418971,0.152253,-0.029947,0.008651,0.012626,-0.057477,-0.996566,-0.076682,0.031247,0.000000,0.000000,0.000000,-1,-0.985992,-0.068680,-0.066437,-0.332861,0.175418,-0.050277,-23.028748,232.924362,-569.968018,0,0
0.360000,-1.595404,0.078891,-0.051765,-0.028648,-0.077407,0.996588,0.051581,0.995554,0.078809,-0.998258,0.053662,-0.024528,-0.009022,0.715669,0.046275,-0.696846,0.179246,0.116944,-0.056826,0.014502,-0.005709,-0.105766,-0.996588,-0.078809,0.024528,0.000000,0.000000,0.000000,-1,-0.985809,-0.101242,-0.080017,0.284392,0.088305,-0.066456,-23.380325,235.033875,-571.308716,0,0
0.400000,-1.594350,0.080172,-0.035947,-0.026413,-0.079166,0.996511,0.035824,0.996144,0.080086,-0.999009,0.037814,-0.023475,-0.015150,0.715198,0.041212,-0.697541,0.477133,0.010212,-0.024646,-0.000010,-0.026237,-0.089271,-0.996511,-0.080086,0.023475,0.000000,0.000000,0.000000,-1,-0.971100,-0.096069,-0.017593,0.468197,-0.079720,-0.021442,-23.907700,232.748566,-570.135559,0,0
0.440000,-1.599161,0.080441,-0.016117,-0.029652,-0.079854,0.996365,0.016064,0.996637,0.080354,-0.999431,0.018389,-0.028270,-0.022252,0.716687,0.034444,-0.696189,0.501236,-0.106427,-0.038245,0.011395,0.003267,-0.014689,-0.996365,-0.080354,0.028270,0.000000,0.000000,0.000000,-1,-0.993362,-0.071716,0.074326,0.460651,-0.079014,-0.059738,-23.204529,232.045410,-570.470764,0,0
0.480000,-1.602581,0.081724,0.000346,-0.031751,-0.081603,0.996159,-0.000345,0.996662,0.081634,-0.999496,0.002248,-0.031673,-0.028547,0.717650,0.029221,-0.695205,0.285429,0.001689,-0.033780,0.003941,0.006682,0.066029,-0.996159,-0.081634,0.031673,0.000000,0.000000,0.000000,-1,-0.982712,-0.096970,0.106339,0.075640,0.038893,-0.030561,-23.907700,233.100159,-569.800415,0,0
0.520000,-1.601812,0.082589,0.003554,-0.030718,-0.082565,0.996112,-0.003542,0.996585,0.082495,-0.999522,-0.000994,-0.030905,-0.030010,0.717323,0.028404,-0.695515,-0.073376,0.010192,-0.037422,0.020541,0.008856,0.081766,-0.996112,-0.082495,0.030905,0.000000,0.000000,0.000000,-1,-0.977631,-0.014252,0.067062,-0.150618,-0.098132,-0.077298,-23.028748,233.627533,-570.973511,0,0
0.560000,-1.608930,0.086648,-0.001736,-0.038274,-0.086410,0.995524,0.001729,0.996247,0.086540,-0.999266,0.005034,-0.037981,-0.029411,0.719809,0.031805,-0.692819,-0.074372,-0.260558,-0.108841,0.009562,0.074790,0.011625,-0.995524,-0.086540,0.037981,0.000000,0.000000,0.000000,-1,-1.003098,-0.077545,0.018600,-0.072275,-0.219199,-0.110477,-23.731903,233.275955,-570.303162,0,0
0.600000,-1.613703,0.089141,-0.002655,-0.043129,-0.088827,0.995113,0.002645,0.996026,0.089023,-0.999066,0.006471,-0.042723,-0.029865,0.721436,0.033092,-0.691045,-0.018255,-0.052517,-0.059986,-0.007985,0.011478,-0.024122,-0.995113,-0.089023,0.042723,0.000000,0.000000,0.000000,-1,-0.998077,-0.123199,-0.004211,0.005590,0.131898,-0.053804,-22.325577,233.275955,-568.962463,0,0
0.640000,-1.610206,0.090674,-0.000181,-0.039416,-0.090472,0.995119,0.000181,0.995892,0.090550,-0.999223,0.003749,-0.039238,-0.031344,0.720164,0.032735,-0.692322,0.173894,0.088566,-0.033241,-0.002959,-0.032650,-0.043449,-0.995119,-0.090550,0.039238,0.000000,0.000000,0.000000,-1,-0.977142,-0.095551,0.030106,0.228745,-0.010122,-0.059263,-22.149780,231.693817,-570.470764,0,0
0.680000,-1.613015,0.092160,0.011634,-0.041133,-0.092432,0.994869,-0.011584,0.995689,0.092029,-0.999086,-0.007739,-0.042027,-0.036071,0.720911,0.029230,-0.691471,0.204228,-0.096962,-0.028581,0.007137,-0.008968,0.005565,-0.994869,-0.092029,0.042027,0.000000,0.000000,0.000000,-1,-0.989655,-0.101639,0.059525,0.153991,-0.097854,-0.041310,-23.556122,232.045410,-569.800415,0,0
0.720000,-1.616252,0.092977,0.016501,-0.043903,-0.093484,0.994652,-0.016429,0.995545,0.092843,-0.998901,-0.012265,-0.045244,-0.038063,0.721923,0.027904,-0.690362,0.129741,-0.070592,-0.041952,0.005929,-0.009482,0.021742,-0.994652,-0.092843,0.045244,0.000000,0.000000,0.000000,-1,-0.990540,-0.100082,0.070450,0.063734,0.003620,-0.065492,-23.380325,232.572784,-569.632812,0,0
0.760000,-1.617345,0.095162,0.019839,-0.044640,-0.095820,0.994397,-0.019748,0.995280,0.095019,-0.998808,-0.015395,-0.046321,-0.040006,0.722191,0.027563,-0.689985,0.033211,0.059558,-0.055545,0.007108,-0.006101,0.019215,-0.994397,-0.095019,0.046321,0.000000,0.000000,0.000000,-1,-0.982193,-0.104233,0.050522,-0.029720,0.087276,-0.069343,-23.204529,232.396988,-568.459717,0,0
0.800000,-1.613843,0.098353,0.020186,-0.041044,-0.098953,0.994245,-0.020087,0.994964,0.098195,-0.998955,-0.015941,-0.042825,-0.041281,0.720908,0.028524,-0.691212,0.019363,0.060592,-0.058644,0.002836,-0.007091,-0.009332,-0.994245,-0.098195,0.042825,0.000000,0.000000,0.000000,-1,-0.992569,-0.107101,0.023224,0.016017,0.074525,-0.072845,-22.852951,232.396988,-570.135559,0,0
0.840000,-1.610238,0.100727,0.021686,-0.037244,-0.101310,0.994158,-0.021574,0.994697,0.100557,-0.999073,-0.017703,-0.039232,-0.042693,0.719578,0.028785,-0.692499,0.072679,0.089197,-0.060242,0.003069,-0.008299,-0.020845,-0.994158,-0.100557,0.039232,0.000000,0.000000,0.000000,-1,-0.987930,-0.107132,0.010635,0.067172,0.090399,-0.073302,-23.028748,231.166443,-570.638306,0,0
0.880000,-1.604535,0.104002,0.024961,-0.031132,-0.104565,0.994031,-0.024823,0.994287,0.103815,-0.999207,-0.021443,-0.033550,-0.045086,0.717455,0.028703,-0.694551,0.081027,0.039443,-0.064399,0.001050,-0.004370,-0.017437,-0.994031,-0.103815,0.033550,0.000000,0.000000,0.000000,-1,-0.984726,-0.110764,0.025757,0.010589,0.025963,-0.055576,-23.731903,231.869614,-570.973511,0,0
0.920000,-1.602457,0.107043,0.026800,-0.028783,-0.107595,0.993778,-0.026643,0.993919,0.106839,-0.999231,-0.023402,-0.031474,-0.046830,0.716620,0.029108,-0.695281,0.023558,0.025977,-0.035158,0.007725,-0.002811,0.000157,-0.993778,-0.106839,0.031474,0.000000,0.000000,0.000000,-1,-0.999557,-0.105301,0.034058,-0.006417,0.033411,-0.052276,-24.083496,232.924362,-570.303162,0,0
0.960000,-1.601970,0.108349,0.026935,-0.028246,-0.108884,0.993653,-0.026774,0.993775,0.108137,-0.999242,-0.023550,-0.030986,-0.047339,0.716416,0.029517,-0.695439,-0.032910,0.020612,-0.043225,-0.005904,0.002836,0.003072,-0.993653,-0.108137,0.030986,0.000000,0.000000,0.000000,-1,-0.980911,-0.104675,0.035858,-0.136272,0.048262,-0.052390,-21.973984,232.221191,-569.297607,0,0
1.000000,-1.600648,0.109410,0.022337,-0.027402,-0.109782,0.993578,-0.022201,0.993773,0.109191,-0.999378,-0.019067,-0.029668,-0.046081,0.716038,0.031466,-0.695827,-0.157377,0.053479,-0.040238,0.012667,0.004516,0.006190,-0.993578,-0.109191,0.029668,0.000000,0.000000,0.000000,-1,-1.004364,-0.109253,0.028503,-0.152238,0.057709,-0.061890,-22.677155,232.221191,-571.308716,0,0
1.040000,-1.597576,0.111929,0.016754,-0.024902,-0.112088,0.993386,-0.016648,0.993603,0.111695,-0.999551,-0.013756,-0.026609,-0.045010,0.715037,0.034243,-0.696795,-0.161549,0.084177,-0.042461,-0.006019,0.008683,0.005709,-0.993386,-0.111695,0.026609,0.000000,0.000000,0.000000,-1,-0.992401,-0.088058,0.020874,-0.198811,0.128910,-0.037293,-23.731903,231.518036,-569.968018,0,0
1.080000,-1.591604,0.111394,0.006526,-0.020080,-0.111273,0.993587,-0.006485,0.993781,0.111163,-0.999777,-0.004211,-0.020677,-0.041279,0.713186,0.037491,-0.698753,-0.256447,0.033414,-0.036156,0.004879,0.021518,0.003066,-0.993587,-0.111163,0.020677,0.000000,0.000000,0.000000,-1,-0.983124,-0.106369,0.026382,-0.288683,-0.004637,-0.048879,-21.798203,232.045410,-572.146606,0,0
1.120000,-1.591347,0.112238,-0.001316,-0.020696,-0.111951,0.993498,0.001308,0.993707,0.112002,-0.999785,0.003617,-0.020420,-0.038782,0.713236,0.040526,-0.698676,-0.254468,-0.018475,-0.033838,0.009871,0.002398,0.009793,-0.993498,-0.112002,0.020420,0.000000,0.000000,0.000000,-1,-0.976700,-0.106064,0.037811,-0.237558,-0.001443,-0.046092,-23.380325,230.463272,-571.308716,0,0
1.160000,-1.591868,0.114202,-0.010373,-0.022251,-0.113704,0.993266,0.010305,0.993433,0.113954,-0.999699,0.012771,-0.020933,-0.036227,0.713550,0.044399,-0.698257,0.007774,0.089395,-0.041593,0.019831,0.002870,0.009417,-0.993266,-0.113954,0.020933,0.000000,0.000000,0.000000,-1,-0.979675,-0.125717,-0.004120,0.127145,0.194308,-0.060307,-23.028748,231.166443,-571.979004,0,0
1.200000,-1.588818,0.115584,-0.008256,-0.018972,-0.115156,0.993166,0.008201,0.993294,0.115327,-0.999786,0.010333,-0.017901,-0.037532,0.712420,0.044096,-0.699360,0.151792,0.186754,-0.048412,0.019198,-0.013793,-0.009051,-0.993166,-0.115327,0.017901,0.000000,0.000000,0.000000,-1,-0.983292,-0.114258,-0.022919,0.154805,0.181650,-0.054082,-23.028748,231.166443,-571.979004,0,0
1.240000,-1.584253,0.116680,-0.001633,-0.013647,-0.116383,0.993111,0.001622,0.993199,0.116415,-0.999906,0.003200,-0.013365,-0.040370,0.710671,0.042078,-0.701104,0.158652,-0.038441,-0.010339,0.010536,0.003790,-0.031767,-0.993111,-0.116415,0.013365,0.000000,0.000000,0.000000,-1,-0.996887,-0.111130,0.003662,0.188631,0.068669,-0.015569,-23.907700,232.396988,-571.476257,0,0
1.280000,-1.581334,0.116224,0.010606,-0.009308,-0.116061,0.993198,-0.010534,0.993198,0.115962,-0.999901,-0.009383,-0.010467,-0.044614,0.709396,0.037560,-0.702393,0.329401,0.085545,-0.003594,0.009754,0.008434,-0.011550,-0.993198,-0.115962,0.010467,0.000000,0.000000,0.000000,-1,-0.984680,-0.102829,0.007812,0.321731,0.074951,-0.020886,-22.677155,231.518036,-570.303162,0,0
1.320000,-1.580494,0.115776,0.020920,-0.007279,-0.115690,0.993259,-0.020779,0.993088,0.115518,-0.999758,-0.019798,-0.009632,-0.048129,0.708872,0.033758,-0.702883,0.333500,0.037832,-0.009824,0.008579,0.012689,-0.001820,-0.993259,-0.115518,0.009632,0.000000,0.000000,0.000000,-1,-0.984039,-0.103943,0.024246,0.280111,0.044236,-0.021514,-22.325577,230.463272,-570.638306,0,0
1.360000,-1.581075,0.115236,0.031106,-0.006698,-0.115239,0.993315,-0.030895,0.992887,0.114981,-0.999500,-0.029918,-0.010210,-0.051540,0.708836,0.030001,-0.702848,0.171621,0.024084,-0.008499,0.012496,0.009146,0.017164,-0.993315,-0.114981,0.010210,0.000000,0.000000,0.000000,-1,-0.987030,-0.112625,0.041428,0.060634,-0.000222,-0.022841,-23.204529,230.639069,-570.805908,0,0
1.400000,-1.583509,0.115464,0.034531,-0.008728,-0.115568,0.993261,-0.034294,0.992749,0.115207,-0.999374,-0.033057,-0.012628,-0.052798,0.709596,0.028943,-0.702032,0.018196,-0.006698,-0.013583,0.006231,0.002582,0.028800,-0.993261,-0.115207,0.012628,0.000000,0.000000,0.000000,-1,-0.987320,-0.108017,0.015717,-0.040404,0.042110,-0.028608,-24.259293,230.990646,-570.805908,0,0
1.440000,-1.583152,0.115683,0.033916,-0.007567,-0.115950,0.993226,-0.033250,0.992735,0.115639,-0.999418,-0.032149,-0.011367,-0.052597,0.709167,0.029432,-0.702460,-0.041245,0.062040,-0.024020,0.008073,0.002709,-0.013107,-0.993226,-0.115639,0.011367,0.000000,0.000000,0.000000,-1,-0.984787,-0.117889,-0.008698,-0.048890,0.063176,-0.041405,-23.380325,231.518036,-571.979004,0,0
1.480000,-1.579395,0.116930,0.032606,-0.004791,-0.116877,0.993135,-0.032377,0.992644,0.116663,-0.999464,-0.031596,-0.008540,-0.052691,0.708162,0.030031,-0.703440,-0.007238,0.051358,-0.035966,0.007005,-0.001958,-0.021907,-0.993135,-0.116663,0.008540,0.000000,0.000000,0.000000,-1,-0.996124,-0.123444,-0.025406,0.012774,0.041880,-0.052457,-23.028748,230.111694,-571.643860,0,0
1.520000,-1.576767,0.119131,0.035046,-0.001803,-0.118984,0.992895,-0.034790,0.992303,0.118850,-0.999393,-0.034329,-0.005928,-0.054367,0.707113,0.029882,-0.704374,0.093761,0.004751,-0.038711,-0.000041,-0.002122,-0.020607,-0.992895,-0.118850,0.005928,0.000000,0.000000,0.000000,-1,-0.992737,-0.123428,-0.004318,0.079746,0.004813,-0.050707,-23.556122,229.935898,-571.141113,0,0
1.560000,-1.577202,0.120311,0.038311,-0.001804,-0.120176,0.992751,-0.038025,0.992043,0.120021,-0.999275,-0.037533,-0.006359,-0.055930,0.707143,0.029163,-0.704251,0.113939,-0.017432,-0.032394,0.003051,-0.002049,-0.005657,-0.992751,-0.120021,0.006359,0.000000,0.000000,0.000000,-1,-0.978043,-0.111862,0.013214,0.093496,-0.034280,-0.040013,-23.204529,230.639069,-571.141113,0,0
1.600000,-1.579481,0.120894,0.041951,-0.003619,-0.120853,0.992664,-0.041633,0.991828,0.120600,-0.999126,-0.040891,-0.008621,-0.057389,0.707826,0.028153,-0.703489,0.119072,-0.085170,-0.026849,0.014621,0.008738,0.004593,-0.992664,-0.120600,0.008621,0.000000,0.000000,0.000000,-1,-0.991455,-0.110260,0.008499,0.073141,-0.075582,-0.039701,-23.028748,231.166443,-572.314209,0,0
1.640000,-1.582818,0.121430,0.045484,-0.006502,-0.121545,0.992565,-0.045133,0.991610,0.121132,-0.998960,-0.044010,-0.011933,-0.058782,0.708880,0.027199,-0.702349,0.044733,-0.028915,-0.016874,0.007671,0.005471,-0.017411,-0.992565,-0.121132,0.011933,0.000000,0.000000,0.000000,-1,-0.958694,-0.116699,-0.017868,0.032904,-0.014004,-0.024705,-22.852951,229.935898,-571.811462,0,0
1.680000,-1.582383,0.121503,0.047394,-0.005832,-0.121609,0.992561,-0.047027,0.991513,0.121204,-0.998877,-0.045970,-0.011501,-0.059490,0.708669,0.026541,-0.702528,0.088477,-0.023312,0.013660,0.033866,0.004505,-0.029369,-0.992561,-0.121204,0.011501,0.000000,0.000000,0.000000,-1,-0.949692,-0.117126,-0.017685,0.108444,-0.050886,-0.002781,-23.380325,230.111694,-571.643860,0,0
1.720000,-1.583333,0.121240,0.052656,-0.006155,-0.121426,0.992581,-0.052246,0.991284,0.120943,-0.998615,-0.051114,-0.012445,-0.061251,0.708852,0.024628,-0.702261,0.173380,-0.095683,-0.011278,0.042890,0.003817,-0.030130,-0.992581,-0.120943,0.012445,0.000000,0.000000,0.000000,-1,-0.967712,-0.123535,-0.010468,0.172092,-0.106233,-0.030765,-23.731903,230.463272,-570.638306,0,0
1.760000,-1.588018,0.122446,0.062290,-0.009585,-0.122958,0.992366,-0.061783,0.990588,0.122141,-0.998044,-0.060141,-0.017091,-0.065036,0.710152,0.021826,-0.700698,0.196612,-0.139273,-0.033671,0.012324,0.001581,-0.033937,-0.992366,-0.122141,0.017091,0.000000,0.000000,0.000000,-1,-1.000824,-0.128769,-0.027542,0.157019,-0.142457,-0.053950,-23.731903,230.463272,-571.308716,0,0
1.800000,-1.590937,0.124491,0.067722,-0.011692,-0.125223,0.992060,-0.067146,0.989986,0.124170,-0.997675,-0.065161,-0.019983,-0.067647,0.710926,0.020751,-0.699698,0.093290,-0.144534,-0.040310,-0.000845,-0.006201,-0.045892,-0.992060,-0.124170,0.019983,0.000000,0.000000,0.000000,-1,-0.943558,-0.114120,-0.027893,0.036903,-0.112367,-0.009453,-23.731903,230.111694,-569.632812,0,0
1.840000,-1.592250,0.124435,0.069449,-0.012789,-0.125275,0.992040,-0.068856,0.989876,0.124115,-0.997545,-0.066721,-0.021286,-0.068229,0.711328,0.020171,-0.699250,0.067932,-0.118592,0.009865,0.066502,0.016769,-0.052231,-0.992040,-0.124115,0.021286,0.000000,0.000000,0.000000,-1,-0.950745,-0.117813,-0.036346,0.086849,-0.133680,-0.022544,-24.083496,231.518036,-569.297607,0,0
1.880000,-1.597028,0.125263,0.075085,-0.016786,-0.126509,0.991823,-0.074427,0.989369,0.124936,-0.997085,-0.071721,-0.026023,-0.070477,0.712772,0.018665,-0.697596,0.130734,-0.085094,-0.036558,0.022967,-0.016818,-0.069740,-0.991823,-0.124936,0.026023,0.000000,0.000000,0.000000,-1,-0.963745,-0.167801,-0.055161,0.083856,-0.036584,-0.060171,-23.204529,230.639069,-569.465210,0,1
1.920000,-1.598330,0.127025,0.077770,-0.017609,-0.128392,0.991567,-0.077066,0.988945,0.126683,-0.996870,-0.074185,-0.027309,-0.072033,0.713068,0.018406,-0.697142,0.055216,-0.020901,-0.083087,0.027822,-0.053355,-0.090083,-0.991567,-0.126683,0.027309,0.000000,0.000000,0.000000,-1,-1.026459,-0.202454,-0.058182,0.028170,-0.096404,-0.115977,-23.907700,229.935898,-568.459717,0,0
1.960000,-1.602457,0.131831,0.080922,-0.020931,-0.133512,0.990826,-0.080133,0.988079,0.131449,-0.996564,-0.076646,-0.031380,-0.074784,0.714211,0.019183,-0.695659,0.167379,-0.269584,-0.060677,-0.056736,-0.055166,-0.073861,-0.990826,-0.131449,0.031380,0.000000,0.000000,0.000000,-1,-1.040237,-0.096298,0.005920,0.334304,-0.343432,-0.021546,-23.556122,230.287491,-570.135559,0,0
2.000000,-1.616232,0.131813,0.095583,-0.032682,-0.135031,0.990302,-0.094609,0.986800,0.131432,-0.994978,-0.089396,-0.045026,-0.079912,0.718420,0.014628,-0.690850,0.487014,-0.265696,0.019921,-0.043862,0.059273,-0.030393,-0.990302,-0.131432,0.045026,0.000000,0.000000,0.000000,-1,-1.016586,-0.048416,0.011642,0.470174,-0.166166,0.022544,-23.556122,229.935898,-569.800415,0,0
2.040000,-1.620730,0.127927,0.112802,-0.035253,-0.132228,0.990592,-0.111643,0.985525,0.127578,-0.993123,-0.106095,-0.049505,-0.084745,0.719424,0.007465,-0.689342,0.325205,0.052604,0.075398,-0.020898,0.079910,-0.040869,-0.990592,-0.127578,0.049505,0.000000,0.000000,0.000000,-1,-0.968369,-0.093323,0.022568,0.180143,0.027936,0.046438,-22.677155,231.166443,-568.627258,0,0
2.080000,-1.620761,0.123913,0.120994,-0.034679,-0.128568,0.991094,-0.119774,0.985078,0.123597,-0.992195,-0.114421,-0.049560,-0.086319,0.719256,0.003189,-0.689354,0.161804,-0.070652,0.028154,0.022726,0.030274,-0.026993,-0.991094,-0.123597,0.049560,0.000000,0.000000,0.000000,-1,-0.970978,-0.119766,0.038589,0.140298,-0.093111,0.013110,-22.325577,229.408524,-567.956909,0,0
2.120000,-1.625014,0.121917,0.129690,-0.038031,-0.127425,0.991119,-0.128367,0.984242,0.121615,-0.990997,-0.122601,-0.053789,-0.088764,0.720427,-0.000342,-0.687827,0.197207,0.009922,0.037166,0.014892,-0.012266,-0.016786,-0.991119,-0.121615,0.053789,0.000000,0.000000,0.000000,-1,-0.996506,-0.149246,0.017120,0.186555,0.059443,0.017506,-22.325577,230.814865,-569.297607,0,0
2.160000,-1.622831,0.121719,0.136355,-0.035046,-0.127198,0.991258,-0.134927,0.983388,0.121418,-0.990236,-0.129492,-0.051627,-0.091094,0.719385,-0.002806,-0.688606,0.253813,0.100648,-0.003042,-0.005248,-0.027828,-0.034506,-0.991258,-0.121418,0.051627,0.000000,0.000000,0.000000,-1,-1.031769,-0.164658,0.009613,0.292107,0.143733,-0.028372,-22.677155,229.056946,-569.297607,0,0
2.200000,-1.619068,0.122479,0.145531,-0.030046,-0.127738,0.991353,-0.143931,0.982017,0.122173,-0.989131,-0.139016,-0.047891,-0.094641,0.717627,-0.005868,-0.689942,0.339157,0.168293,-0.018888,-0.040416,-0.042485,-0.038278,-0.991353,-0.122173,0.047891,0.000000,0.000000,0.000000,-1,-1.023819,-0.154907,0.000046,0.319054,0.245483,-0.020439,-23.204529,231.693817,-569.800415,0,0
2.240000,-1.611894,0.123252,0.166389,-0.020174,-0.127944,0.991576,-0.164366,0.978708,0.122940,-0.986193,-0.160501,-0.040775,-0.102338,0.714083,-0.013150,-0.692416,0.364962,-0.082907,-0.039464,-0.036683,-0.003205,-0.024707,-0.991576,-0.122940,0.040775,0.000000,0.000000,0.000000,-1,-1.035141,-0.110275,0.055710,0.341123,-0.165893,-0.064878,-23.907700,229.935898,-570.135559,0,0
2.280000,-1.621592,0.124417,0.180841,-0.027655,-0.131047,0.990990,-0.178466,0.976089,0.124096,-0.983557,-0.173427,-0.050382,-0.107978,0.716611,-0.017210,-0.688849,0.334799,-0.181601,-0.060159,-0.042243,0.004666,0.036807,-0.990990,-0.124096,0.050382,0.000000,0.000000,0.000000,-1,-1.011520,-0.134613,0.116943,0.278566,-0.068554,-0.077541,-23.380325,229.056946,-567.621765,0,0
2.320000,-1.626283,0.125526,0.187418,-0.031196,-0.133148,0.990605,-0.184856,0.974758,0.125196,-0.982270,-0.179214,-0.055022,-0.110756,0.717805,-0.018813,-0.687121,0.303167,-0.075759,-0.065644,-0.020915,-0.009417,0.061921,-0.990605,-0.125196,0.055022,0.000000,0.000000,0.000000,-1,-0.949371,-0.144318,0.149292,0.252280,0.051027,-0.089504,-21.622406,231.166443,-568.292114,0,0
2.360000,-1.625587,0.128030,0.198385,-0.028563,-0.135781,0.990327,-0.195473,0.972362,0.127680,-0.980293,-0.189935,-0.054315,-0.115531,0.716806,-0.021713,-0.687292,0.227090,0.135881,-0.088219,0.040956,-0.016638,0.094977,-0.990327,-0.127680,0.054315,0.000000,0.000000,0.000000,-1,-0.924698,-0.115417,0.123413,0.126899,0.155696,-0.112361,-22.149780,230.990646,-569.465210,0,0
2.400000,-1.622176,0.133069,0.206777,-0.023059,-0.140223,0.989851,-0.203492,0.970045,0.132676,-0.978805,-0.198367,-0.050903,-0.120206,0.714844,-0.022974,-0.688492,0.184922,-0.036152,-0.137318,0.062605,0.025483,0.061158,-0.989851,-0.132676,0.050903,0.000000,0.000000,0.000000,-1,-0.952789,-0.105957,0.107300,0.278259,-0.082259,-0.185085,-21.973984,228.705353,-569.297607,0,0
2.440000,-1.627201,0.136967,0.215828,-0.025873,-0.145232,0.989059,-0.212150,0.967651,0.136539,-0.976894,-0.206297,-0.055847,-0.124822,0.715781,-0.024364,-0.686646,0.341263,-0.052594,-0.190659,0.036270,0.030582,0.051453,-0.989059,-0.136539,0.055847,0.000000,0.000000,0.000000,-1,-0.964676,-0.140701,0.066895,0.302256,0.140839,-0.226589,-21.973984,229.760101,-569.297607,0,0
2.480000,-1.623542,0.144914,0.228791,-0.018641,-0.152406,0.988142,-0.224423,0.963733,0.144408,-0.974314,-0.219070,-0.052168,-0.132093,0.713187,-0.026172,-0.687918,0.242071,0.271204,-0.225196,0.023466,0.003706,0.014726,-0.988142,-0.144408,0.052168,0.000000,0.000000,0.000000,-1,-0.983871,-0.169067,0.050705,0.166072,0.172667,-0.223522,-21.973984,229.056946,-568.962463,0,0
2.520000,-1.620849,0.154462,0.238988,-0.012236,-0.161132,0.986857,-0.233902,0.960011,0.153849,-0.972183,-0.228945,-0.049436,-0.138915,0.710929,-0.026408,-0.688901,0.197481,-0.121843,-0.122182,0.002985,-0.015219,0.001269,-0.986857,-0.153849,0.049436,0.000000,0.000000,0.000000,-1,-0.943054,-0.121048,0.086151,0.233584,-0.148067,-0.086482,-23.028748,226.595856,-569.632812,0,0
2.560000,-1.629657,0.156671,0.250192,-0.018430,-0.165476,0.986042,-0.244557,0.956998,0.156031,-0.969460,-0.238268,-0.058106,-0.143768,0.713010,-0.028835,-0.685650,0.334796,-0.173350,-0.075109,0.042987,0.034983,0.028045,-0.986042,-0.156031,0.058106,0.000000,0.000000,0.000000,-1,-0.993439,-0.104233,0.113586,0.408832,-0.319376,-0.053109,-22.677155,228.002182,-570.303162,0,0
2.600000,-1.653393,0.153738,0.273601,-0.038199,-0.169227,0.984836,-0.267013,0.951448,0.153133,-0.962935,-0.257115,-0.081530,-0.151561,0.719579,-0.036126,-0.676705,0.533333,-0.494982,0.085446,-0.011639,0.083279,0.085309,-0.984837,-0.153133,0.081530,0.000000,0.000000,0.000000,-1,-0.989624,-0.041763,0.196106,0.495124,-0.428139,0.098971,-22.149780,228.881149,-567.789307,0,0
2.640000,-1.665644,0.148771,0.287763,-0.048933,-0.168368,0.984509,-0.280673,0.948289,0.148223,-0.958555,-0.269072,-0.093659,-0.155271,0.722994,-0.041788,-0.671881,0.408822,-0.168204,0.142714,-0.007373,0.116683,0.108764,-0.984509,-0.148223,0.093659,0.000000,0.000000,0.000000,-1,-0.988815,-0.041397,0.208435,0.230600,0.097536,0.128881,-21.622406,228.353775,-567.621765,0,0
2.680000,-1.663880,0.142660,0.297291,-0.047404,-0.162579,0.985556,-0.289955,0.946420,0.142177,-0.955865,-0.279028,-0.092005,-0.156669,0.722120,-0.047378,-0.672126,0.157383,0.169291,0.096525,-0.004205,0.075297,0.116064,-0.985556,-0.142177,0.092005,0.000000,0.000000,0.000000,-1,-0.997726,-0.129227,0.197845,0.098670,0.161812,0.090246,-21.270828,227.299026,-568.627258,0,0
2.720000,-1.658170,0.135897,0.303132,-0.042996,-0.154858,0.987001,-0.295758,0.945607,0.135479,-0.954295,-0.286089,-0.086458,-0.156409,0.720254,-0.052277,-0.673824,0.134874,0.057554,0.169526,0.035096,0.001019,0.083891,-0.987001,-0.135479,0.086458,0.000000,0.000000,0.000000,-1,-0.899155,-0.129227,0.141357,0.129269,0.011008,0.161951,-21.446609,229.584320,-568.459717,0,0
2.760000,-1.659942,0.130592,0.308053,-0.045510,-0.150591,0.987548,-0.300622,0.944812,0.130221,-0.952657,-0.290953,-0.088269,-0.156483,0.720866,-0.055743,-0.672873,0.217377,-0.097397,0.137507,0.099868,0.004122,0.045627,-0.987548,-0.130221,0.088269,0.000000,0.000000,0.000000,-1,-0.934418,-0.149734,0.134125,0.257681,-0.052371,0.068509,-22.501373,228.177979,-568.124512,0,0
2.800000,-1.664133,0.127275,0.319232,-0.048830,-0.149244,0.987594,-0.311299,0.941797,0.126932,-0.949057,-0.301239,-0.092447,-0.159547,0.721643,-0.060386,-0.670917,0.314597,0.066105,0.069002,0.035095,-0.028754,0.036795,-0.987594,-0.126932,0.092447,0.000000,0.000000,0.000000,-1,-0.977798,-0.160660,0.102905,0.302864,0.129474,0.033387,-21.973984,229.760101,-567.621765,0,0
2.840000,-1.660614,0.126407,0.335114,-0.043412,-0.148077,0.988023,-0.326252,0.936838,0.126071,-0.944285,-0.316872,-0.088981,-0.164872,0.719241,-0.066320,-0.671648,0.286768,0.122134,-0.057789,0.011124,-0.043393,-0.002235,-0.988023,-0.126071,0.088981,0.000000,0.000000,0.000000,-1,-0.999512,-0.188812,0.060608,0.224847,0.140982,-0.098151,-21.973984,228.705353,-568.962463,0,0
2.880000,-1.657058,0.130397,0.341982,-0.037722,-0.150936,0.987824,-0.332508,0.934094,0.130028,-0.942346,-0.323555,-0.085424,-0.168529,0.717154,-0.067463,-0.672857,0.180122,0.086994,-0.082428,-0.011688,-0.058784,-0.024816,-0.987824,-0.130028,0.085424,0.000000,0.000000,0.000000,-1,-0.970245,-0.213837,0.017609,0.039594,0.119072,-0.065738,-22.325577,228.705353,-568.292114,0,0
2.920000,-1.649148,0.135595,0.343644,-0.028290,-0.153257,0.987781,-0.333827,0.932891,0.135180,-0.942210,-0.325924,-0.077553,-0.170567,0.713921,-0.066794,-0.675842,-0.081202,0.279966,-0.070513,0.017536,-0.078656,-0.059944,-0.987781,-0.135180,0.077553,0.000000,0.000000,0.000000,-1,-0.945389,-0.221558,-0.033783,-0.223778,0.383489,-0.111561,-23.380325,226.595856,-568.627258,0,0
2.960000,-1.630469,0.142551,0.332756,-0.010042,-0.153517,0.988095,-0.323336,0.935559,0.142068,-0.946231,-0.318060,-0.059032,-0.168398,0.707925,-0.062151,-0.683097,-0.304022,0.276849,-0.182763,0.020184,-0.082907,-0.128261,-0.988095,-0.142068,0.059032,0.000000,0.000000,0.000000,-1,-0.998306,-0.221390,-0.062180,-0.323634,0.186667,-0.208058,-24.083496,226.947433,-568.962463,0,0
3.000000,-1.626664,0.148705,0.324810,-0.005712,-0.158011,0.987421,-0.315607,0.937252,0.148158,-0.948873,-0.310790,-0.055223,-0.167525,0.706786,-0.057525,-0.684894,-0.220905,-0.056761,-0.177896,-0.018927,-0.061315,-0.100618,-0.987421,-0.148158,0.055223,0.000000,0.000000,0.000000,-1,-1.021545,-0.149109,0.015381,-0.074395,-0.164705,-0.173519,-22.501373,226.771652,-570.805908,0,0
3.040000,-1.630992,0.153797,0.322971,-0.008516,-0.164102,0.986407,-0.313639,0.937104,0.153192,-0.949504,-0.308071,-0.059450,-0.168693,0.708002,-0.054689,-0.683582,0.052392,-0.175384,-0.172114,-0.035139,0.004083,-0.044069,-0.986407,-0.153192,0.059449,0.000000,0.000000,0.000000,-1,-1.076859,-0.118668,0.056183,0.244057,-0.103680,-0.211372,-23.731903,224.837936,-569.297607,0,0
3.080000,-1.636347,0.161620,0.345990,-0.007168,-0.173271,0.984848,-0.334709,0.928480,0.160917,-0.942294,-0.328484,-0.064650,-0.179584,0.707160,-0.059239,-0.681297,0.547629,0.148367,-0.086597,-0.035553,0.044417,-0.007628,-0.984848,-0.160917,0.064650,0.000000,0.000000,0.000000,-1,-0.949326,-0.120163,0.043320,0.520099,0.208077,-0.052753,-23.204529,224.310562,-569.465210,0,0
3.120000,-1.632881,0.161165,0.361573,-0.001378,-0.171752,0.985139,-0.349161,0.923221,0.160468,-0.937062,-0.343751,-0.061241,-0.184826,0.704599,-0.065031,-0.682019,0.451108,0.185368,0.018414,0.059297,0.023734,-0.028542,-0.985139,-0.160468,0.061241,0.000000,0.000000,0.000000,-1,-0.892136,-0.202164,0.020630,0.254835,0.099732,0.023218,-22.677155,224.837936,-567.956909,0,0
3.160000,-1.631172,0.159584,0.370593,0.001204,-0.169703,0.985494,-0.357566,0.920269,0.158908,-0.933887,-0.352571,-0.059573,-0.187422,0.703320,-0.068839,-0.682257,0.173921,0.050065,0.042378,0.093359,-0.043256,-0.038943,-0.985494,-0.158908,0.059573,0.000000,0.000000,0.000000,-1,-0.887238,-0.252457,0.012299,-0.091534,-0.023943,0.043412,-25.138245,224.134766,-568.627258,0,0
3.200000,-1.631162,0.163608,0.358410,0.000537,-0.173414,0.984849,-0.346101,0.923950,0.162879,-0.938197,-0.340945,-0.059523,-0.184465,0.704084,-0.063226,-0.682818,-0.418790,-0.225674,0.099028,0.082307,-0.091470,-0.057204,-0.984849,-0.162879,0.059523,0.000000,0.000000,0.000000,-1,-0.916290,-0.246033,-0.013489,-0.463766,-0.279669,0.100524,-24.435074,223.431595,-566.616211,0,0
3.240000,-1.642747,0.161392,0.341187,-0.014116,-0.175092,0.984451,-0.330258,0.930112,0.160692,-0.943785,-0.322854,-0.070954,-0.177994,0.709785,-0.057117,-0.679162,-0.360062,-0.553633,0.139194,0.065216,-0.083510,-0.095384,-0.984451,-0.160692,0.070954,0.000000,0.000000,0.000000,-1,-0.896454,-0.240753,-0.026596,-0.282962,-0.710656,0.114586,-23.380325,223.080017,-564.605164,0,0
3.280000,-1.661971,0.158411,0.332689,-0.034751,-0.178215,0.983378,-0.322497,0.933333,0.157749,-0.945933,-0.311654,-0.089908,-0.174516,0.717285,-0.053641,-0.672435,-0.193575,-0.761439,0.119504,0.086924,-0.083004,-0.116505,-0.983378,-0.157749,0.089908,0.000000,0.000000,0.000000,-1,-0.876541,-0.235214,-0.016373,-0.041430,-0.741688,0.085131,-25.138245,223.080017,-563.599609,0,0
3.320000,-1.697617,0.153200,0.336097,-0.069480,-0.184620,0.980351,-0.325942,0.932992,0.152601,-0.942833,-0.308935,-0.125000,-0.175020,0.729293,-0.053591,-0.659263,0.359499,-0.573385,0.078289,0.099232,-0.075991,-0.136887,-0.980351,-0.152601,0.125000,0.000000,0.000000,0.000000,-1,-0.885330,-0.212143,-0.027893,0.514021,-0.484643,0.059619,-24.435074,223.080017,-559.912659,0,0
3.360000,-1.713383,0.149092,0.356886,-0.081782,-0.187413,0.978871,-0.345483,0.926594,0.148540,-0.934855,-0.326035,-0.140527,-0.181762,0.732957,-0.060541,-0.652741,0.993437,-0.414850,0.051462,0.086201,-0.061451,-0.178934,-0.978871,-0.148540,0.140527,0.000000,0.000000,0.000000,-1,-0.955338,-0.202393,0.005676,1.436299,-0.360477,-0.010852,-24.259293,224.310562,-559.745117,0,0
3.400000,-1.730265,0.142573,0.398459,-0.091922,-0.190909,0.977294,-0.384062,0.912309,0.142090,-0.918720,-0.362280,-0.157182,-0.195545,0.735087,-0.074886,-0.644826,1.598495,-0.256830,-0.029460,0.021957,-0.060302,-0.151506,-0.977294,-0.142090,0.157182,0.000000,0.000000,0.000000,-1,-1.110855,-0.219101,0.033585,1.658812,0.035044,-0.072653,-24.610870,223.255798,-558.069214,0,0
3.440000,-1.737975,0.134155,0.465006,-0.089590,-0.192503,0.977198,-0.444399,0.885788,0.133753,-0.891338,-0.422283,-0.164906,-0.217674,0.731485,-0.098611,-0.638610,1.625266,0.174983,-0.065378,-0.133657,-0.085348,-0.131321,-0.977198,-0.133753,0.164906,0.000000,0.000000,0.000000,-1,-1.196014,-0.307709,0.038239,1.459175,0.199399,-0.056807,-24.083496,222.025269,-558.236816,0,0
3.480000,-1.736023,0.125052,0.533971,-0.078964,-0.189613,0.978679,-0.504981,0.854071,0.124727,-0.859511,-0.484366,-0.163192,-0.239873,0.723918,-0.124199,-0.634806,1.083684,0.312629,-0.080870,-0.227422,-0.223113,-0.122695,-0.978679,-0.124727,0.163192,0.000000,0.000000,0.000000,-1,-1.269943,-0.561874,0.057480,0.697248,0.579229,-0.345285,-24.786667,221.322098,-557.566406,0,0
3.520000,-1.716090,0.130436,0.562405,-0.053859,-0.186075,0.981058,-0.528693,0.838789,0.130067,-0.847103,-0.511673,-0.143553,-0.250452,0.713477,-0.133714,-0.640581,0.344917,0.771870,-0.142913,-0.278280,-0.496368,-0.087995,-0.981058,-0.130067,0.143553,0.000000,0.000000,0.000000,-1,-1.190445,-0.542252,0.061249,-0.162437,0.767903,0.111305,-25.314041,220.794724,-559.074707,0,0
3.560000,-1.681486,0.128321,0.546632,-0.028254,-0.166073,0.985709,-0.515539,0.847256,0.127969,-0.856400,-0.504556,-0.109556,-0.241891,0.704462,-0.133643,-0.653729,-0.787510,0.373986,0.103862,-0.057321,-0.265189,-0.021802,-0.985709,-0.127969,0.109556,0.000000,0.000000,0.000000,-1,-0.938187,-0.232071,0.126022,-0.902892,0.239813,0.144595,-23.907700,219.388382,-561.420959,0,0
3.600000,-1.671219,0.126731,0.515636,-0.025210,-0.158839,0.986983,-0.489134,0.863002,0.126392,-0.871844,-0.479581,-0.099450,-0.229803,0.704922,-0.125258,-0.659231,-0.480857,0.108178,0.000209,0.098448,0.004932,0.055961,-0.986983,-0.126392,0.099450,0.000000,0.000000,0.000000,-1,-0.899307,-0.043823,0.176605,0.191369,0.181138,-0.337739,-22.501373,219.739960,-563.096863,0,0
3.640000,-1.667397,0.134788,0.520702,-0.017127,-0.164011,0.986310,-0.492977,0.859602,0.134381,-0.869874,-0.483927,-0.095576,-0.233905,0.702194,-0.124448,-0.660851,0.673280,0.140486,-0.492518,0.087003,0.090557,0.081029,-0.986310,-0.134381,0.095576,0.000000,0.000000,0.000000,-1,-1.155441,0.027512,0.258774,1.966016,-0.672037,-0.705186,-21.095032,220.794724,-564.102417,0,0
3.680000,-1.743692,0.151375,0.641470,-0.048950,-0.221962,0.973826,-0.591531,0.792055,0.150798,-0.804795,-0.568667,-0.170069,-0.286820,0.709062,-0.147332,-0.627104,3.262571,-2.311731,-0.581175,-0.286260,0.263286,0.207647,-0.973826,-0.150798,0.170069,0.000000,0.000000,0.000000,-1,-1.102798,0.220383,0.539825,3.055471,-2.154489,-0.526974,-18.106567,219.212585,-557.901611,0,0
3.720000,-1.805570,0.141923,0.735907,-0.080082,-0.258118,0.962789,-0.664511,0.733770,0.141447,-0.742975,-0.628456,-0.230284,-0.322658,0.714866,-0.170315,-0.596532,1.184289,0.266358,0.185918,-0.055995,0.384641,0.270815,-0.962789,-0.141447,0.230284,0.000000,0.000000,0.000000,-1,-0.783127,0.274323,0.173584,-0.277567,1.070639,0.546780,-17.579193,221.146301,-557.398865,0,0
3.760000,-1.788868,0.131811,0.739081,-0.073464,-0.240571,0.967847,-0.667766,0.732677,0.131430,-0.740737,-0.636640,-0.214470,-0.319503,0.710741,-0.177706,-0.600987,-0.252975,1.063257,0.558434,0.184721,0.405752,-0.040886,-0.967847,-0.131430,0.214470,0.000000,0.000000,0.000000,-1,-0.639801,0.237656,0.025955,-1.219008,1.056455,0.483823,-17.579193,221.146301,-559.409912,0,0
3.800000,-1.738626,0.123851,0.658782,-0.057527,-0.198567,0.978398,-0.607466,0.784681,0.123534,-0.792260,-0.587236,-0.165763,-0.284409,0.708515,-0.163618,-0.624778,-1.456289,-0.072398,0.168265,0.281010,0.308486,-0.127799,-0.978398,-0.123534,0.165763,0.000000,0.000000,0.000000,-1,-0.787643,0.101837,0.091629,-1.404694,-0.192466,0.120277,-17.051819,222.025269,-560.583008,0,0
3.840000,-1.737475,0.127481,0.618570,-0.062466,-0.198348,0.978139,-0.575165,0.808097,0.127136,-0.815649,-0.554650,-0.164561,-0.271108,0.713289,-0.149839,-0.628703,-1.246594,0.003793,0.050233,0.153142,0.173202,-0.046641,-0.978139,-0.127136,0.164561,0.000000,0.000000,0.000000,-1,-0.907455,-0.174286,0.125000,-1.143353,0.420636,-0.006559,-15.118103,222.552643,-561.756165,0,0
3.880000,-1.722483,0.132462,0.584792,-0.053924,-0.192277,0.979858,-0.547190,0.826523,0.132075,-0.835270,-0.529046,-0.149781,-0.259488,0.712430,-0.139302,-0.636949,-1.031872,0.612518,0.021784,0.072402,-0.042210,-0.024781,-0.979858,-0.132075,0.149781,0.000000,0.000000,0.000000,-1,-0.838928,-0.252914,0.020752,-0.845893,0.849095,0.058774,-15.821274,221.497879,-562.426514,0,0
3.920000,-1.672560,0.134044,0.541545,-0.018521,-0.166292,0.985903,-0.510836,0.849227,0.133643,-0.859478,-0.501160,-0.100677,-0.241314,0.701503,-0.130975,-0.657653,-0.484636,0.535793,0.096662,0.178407,-0.064905,-0.122039,-0.985903,-0.133643,0.100677,0.000000,0.000000,0.000000,-1,-0.786636,-0.099579,-0.049881,-0.473221,0.458662,0.109548,-17.051819,221.673676,-564.940308,0,1
3.960000,-1.658644,0.132131,0.528064,-0.009657,-0.157568,0.987461,-0.499470,0.856255,0.131747,-0.866277,-0.491934,-0.086970,-0.235084,0.698728,-0.128873,-0.663255,-0.420404,0.323663,0.066064,0.207462,0.053881,-0.139780,-0.987461,-0.131747,0.086970,0.000000,0.000000,0.000000,-1,-0.849838,-0.136734,-0.005035,-0.401083,0.203420,-0.115903,-15.118103,221.497879,-566.113464,0,0
4.000000,-1.648412,0.138430,0.513115,-0.000019,-0.157918,0.987452,-0.486197,0.862886,0.137988,-0.873849,-0.480094,-0.076796,-0.231242,0.696366,-0.122818,-0.668220,-0.374859,0.175347,-0.279963,0.089961,-0.027738,-0.056120,-0.987452,-0.137988,0.076796,0.000000,0.000000,0.000000,-1,-1.048950,-0.236160,0.041061,-0.520515,0.394435,-0.422505,-15.821274,220.443130,-565.778259,0,0
4.040000,-1.614121,0.159226,0.481612,0.034990,-0.160448,0.986424,-0.457349,0.875039,0.158554,-0.888599,-0.456688,-0.042763,-0.225119,0.686078,-0.108637,-0.683240,-1.041962,1.062837,-0.303684,-0.217388,-0.134125,-0.078926,-0.986424,-0.158554,0.042763,0.000000,0.000000,0.000000,-1,-1.309891,-0.353882,-0.162170,-1.240796,1.129245,-0.235373,-14.414932,218.685211,-569.130005,0,0
4.080000,-1.561339,0.167896,0.426497,0.077737,-0.148219,0.985895,-0.407867,0.897619,0.167108,-0.909726,-0.415105,0.009324,-0.206636,0.672785,-0.092153,-0.704393,-1.535741,1.070192,-0.205069,-0.277472,-0.181479,-0.162658,-0.985895,-0.167108,-0.009324,0.000000,0.000000,0.000000,-1,-1.106430,-0.318909,-0.198273,-1.497557,0.881795,-0.426343,-14.414932,217.278885,-570.805908,0,0
4.120000,-1.526340,0.178418,0.381105,0.107199,-0.148047,0.983153,-0.366042,0.913519,0.177473,-0.924403,-0.378900,0.043737,-0.193613,0.663812,-0.075860,-0.718410,-1.388317,0.812740,-0.553607,-0.123277,-0.141436,-0.154536,-0.983153,-0.177473,-0.043737,0.000000,0.000000,0.000000,-1,-1.357620,-0.258484,-0.162964,-1.034840,0.496980,-0.568046,-12.832809,217.806259,-573.654907,0,0
4.160000,-1.517264,0.192836,0.352304,0.116254,-0.161151,0.980059,-0.338665,0.921183,0.191643,-0.933697,-0.354191,0.052515,-0.188783,0.661894,-0.061395,-0.722833,0.679142,-0.992477,0.246771,-0.409651,0.052986,-0.013601,-0.980059,-0.191643,-0.052515,0.000000,0.000000,0.000000,-1,-1.362732,0.071014,-0.002518,1.339344,-1.523757,0.526921,-10.899094,218.685211,-575.163208,0,0
4.200000,-1.571715,0.174826,0.401282,0.067094,-0.160478,0.984756,-0.384645,0.906529,0.173937,-0.920623,-0.390452,-0.000904,-0.200916,0.678295,-0.079801,-0.702267,1.806003,-1.290903,0.754767,-0.287598,0.321459,-0.005772,-0.984756,-0.173937,0.000904,0.000000,0.000000,0.000000,-1,-0.797958,0.088486,0.084412,1.057875,-0.098601,0.353310,-11.426468,218.861008,-572.649414,0,0
