0.000000,2.018021,-1.465211,1.925926,0.991054,-0.093711,-0.095024,-0.098813,-0.036645,-0.994431,0.089706,0.994925,-0.045577,-0.719944,0.066854,0.001847,0.690802,-0.016545,-0.011453,-0.003424,0.003273,0.015426,-0.000442,0.095024,0.994431,0.045577,0.000000,0.000000,0.000000,-1,0.100525,1.009766,0.048752,-0.035180,-0.002247,-0.014633,76.469513,216.751495,-529.076416,0,0
0.040000,2.022369,-1.464945,1.930740,0.991092,-0.093274,-0.095063,-0.098883,-0.037214,-0.994403,0.089215,0.994945,-0.046105,-0.720141,0.066708,0.002030,0.690611,-0.010151,-0.008277,-0.003481,0.002822,0.013760,0.000800,0.095063,0.994403,0.046105,0.000000,0.000000,0.000000,-1,0.096619,1.010071,0.047760,-0.034112,-0.001189,-0.014646,75.590561,215.872543,-529.914368,0,0
0.080000,2.026375,-1.464864,1.935265,0.991149,-0.092778,-0.094950,-0.098789,-0.037689,-0.994394,0.088680,0.994973,-0.046521,-0.720305,0.066488,0.002176,0.690460,-0.008047,-0.016740,-0.002402,0.001318,0.015386,0.002643,0.094950,0.994394,0.046521,0.000000,0.000000,0.000000,-1,0.095871,1.009857,0.048996,-0.033061,-0.007524,-0.012499,77.348480,215.520966,-530.584717,0,0
0.120000,2.028924,-1.464867,1.938336,0.991208,-0.092270,-0.094829,-0.098670,-0.037992,-0.994395,0.088150,0.995009,-0.046762,-0.720410,0.066261,0.002318,0.690372,-0.006984,-0.015691,-0.003481,0.000905,0.017446,0.002371,0.094829,0.994395,0.046762,0.000000,0.000000,0.000000,-1,0.092209,1.009537,0.050369,-0.030921,-0.002249,-0.014666,76.293732,215.872543,-530.919922,0,0
0.160000,2.030964,-1.465110,1.940770,0.991274,-0.091879,-0.094516,-0.098352,-0.038144,-0.994420,0.087761,0.995039,-0.046848,-0.720463,0.066010,0.002344,0.690341,0.003715,-0.004034,-0.002565,-0.001956,0.015391,-0.000659,0.094516,0.994420,0.046848,0.000000,0.000000,0.000000,-1,0.095062,1.006744,0.046967,-0.020239,0.008350,-0.013724,75.766357,217.454666,-530.417114,0,0
0.200000,2.031195,-1.465227,1.940927,0.991279,-0.091950,-0.094401,-0.098237,-0.038117,-0.994433,0.087840,0.995034,-0.046818,-0.720454,0.065996,0.002277,0.690352,-0.000515,0.002361,0.001703,0.000722,0.012922,0.000881,0.094401,0.994433,0.046818,0.000000,0.000000,0.000000,-1,0.096466,1.010437,0.047791,-0.024478,0.011568,-0.009441,75.942139,216.575714,-530.249512,0,0
0.240000,2.031625,-1.465185,1.941270,0.991269,-0.092039,-0.094418,-0.098263,-0.038166,-0.994428,0.087922,0.995024,-0.046877,-0.720471,0.066034,0.002254,0.690331,-0.002642,0.004470,0.000646,0.001117,0.015932,0.004164,0.094418,0.994428,0.046877,0.000000,0.000000,0.000000,-1,0.098648,1.009399,0.047012,-0.027660,0.018943,-0.013706,75.590561,216.575714,-530.249512,0,0
0.280000,2.032198,-1.465179,1.941460,0.991235,-0.092421,-0.094397,-0.098262,-0.038187,-0.994428,0.088301,0.994987,-0.046934,-0.720478,0.066165,0.002115,0.690311,0.002674,0.005489,-0.003657,0.003915,0.015475,0.000429,0.094397,0.994428,0.046934,0.000000,0.000000,0.000000,-1,0.098495,1.006973,0.047653,-0.021290,0.014685,-0.015870,78.051651,215.872543,-529.244019,0,0
0.320000,2.031470,-1.465168,1.940557,0.991215,-0.092592,-0.094442,-0.098307,-0.038102,-0.994426,0.088477,0.994975,-0.046870,-0.720449,0.066243,0.002070,0.690334,-0.001558,0.006553,-0.002571,0.002437,0.015354,0.000264,0.094442,0.994426,0.046870,0.000000,0.000000,0.000000,-1,0.099854,1.009842,0.044327,-0.024473,0.014726,-0.011584,75.590561,215.169373,-528.908813,0,0
0.360000,2.030844,-1.465153,1.939730,0.991193,-0.092789,-0.094484,-0.098351,-0.038026,-0.994425,0.088679,0.994959,-0.046817,-0.720423,0.066329,0.002014,0.690353,0.000563,0.003374,-0.002573,0.003096,0.015432,-0.000095,0.094484,0.994425,0.046817,0.000000,0.000000,0.000000,-1,0.098557,1.009949,0.052795,-0.025559,0.010460,-0.014756,76.293732,216.575714,-529.244019,0,0
0.400000,2.032608,-1.465049,1.941450,0.991187,-0.092843,-0.094494,-0.098383,-0.038233,-0.994414,0.088711,0.994946,-0.047030,-0.720495,0.066352,0.002006,0.690276,-0.002643,0.000198,-0.002534,0.003300,0.014558,0.003522,0.094494,0.994414,0.047030,0.000000,0.000000,0.000000,-1,0.097336,1.008896,0.047546,-0.026624,0.009411,-0.013678,76.996887,216.927292,-528.908813,0,0
0.440000,2.033920,-1.465059,1.942802,0.991197,-0.092809,-0.094423,-0.098321,-0.038362,-0.994415,0.088668,0.994945,-0.047149,-0.720539,0.066315,0.001997,0.690233,-0.000528,-0.000901,-0.006806,0.003051,0.015961,0.001419,0.094423,0.994415,0.047150,0.000000,0.000000,0.000000,-1,0.094055,1.009293,0.045166,-0.026635,0.008322,-0.016870,75.766357,216.048340,-529.411621,0,0
0.480000,2.034855,-1.465344,1.943717,0.991224,-0.092821,-0.094125,-0.098022,-0.038349,-0.994445,0.088696,0.994944,-0.047111,-0.720535,0.066216,0.001884,0.690247,-0.000491,0.003318,-0.008963,-0.001306,0.016389,-0.002235,0.094125,0.994445,0.047111,0.000000,0.000000,0.000000,-1,0.094742,1.008118,0.048889,-0.022362,0.015705,-0.020127,77.172684,216.751495,-529.746765,0,0
0.520000,2.036534,-1.465629,1.945008,0.991220,-0.093203,-0.093793,-0.097709,-0.038372,-0.994475,0.089089,0.994907,-0.047142,-0.720544,0.066239,0.001632,0.690237,0.001672,0.008682,-0.001542,0.002841,0.013215,0.000466,0.093793,0.994475,0.047142,0.000000,0.000000,0.000000,-1,0.098846,1.010742,0.049515,-0.020217,0.014715,-0.012682,76.117935,215.696747,-528.406067,0,0
0.560000,2.034778,-1.465569,1.943087,0.991192,-0.093362,-0.093929,-0.097838,-0.038206,-0.994469,0.089256,0.994899,-0.047004,-0.720486,0.066344,0.001621,0.690287,0.006975,0.001277,-0.000487,0.004231,0.016411,0.001077,0.093929,0.994469,0.047004,0.000000,0.000000,0.000000,-1,0.095703,1.009369,0.051941,-0.017036,0.010477,-0.012691,75.063187,217.454666,-529.076416,0,0
0.600000,2.032495,-1.465764,1.940602,0.991180,-0.093547,-0.093863,-0.097752,-0.037893,-0.994489,0.089475,0.994893,-0.046703,-0.720378,0.066389,0.001523,0.690396,0.008048,0.006543,-0.003711,0.001596,0.015963,-0.005321,0.093863,0.994489,0.046703,0.000000,0.000000,0.000000,-1,0.094604,1.007690,0.050156,-0.014896,0.014704,-0.013789,75.942139,215.872543,-529.579224,0,0
0.640000,2.030175,-1.466091,1.937861,0.991160,-0.093944,-0.093679,-0.097552,-0.037508,-0.994523,0.089916,0.994871,-0.046341,-0.720245,0.066469,0.001306,0.690527,0.009170,0.010792,-0.003739,0.000239,0.013899,-0.000045,0.093679,0.994523,0.046341,0.000000,0.000000,0.000000,-1,0.096085,1.009201,0.047897,-0.017015,0.018931,-0.014854,76.469513,215.345169,-529.746765,0,0
0.680000,2.029172,-1.466214,1.936555,0.991139,-0.094237,-0.093616,-0.097486,-0.037336,-0.994536,0.090227,0.994849,-0.046192,-0.720185,0.066554,0.001176,0.690581,0.010230,0.009733,-0.003743,0.002942,0.014802,0.004314,0.093616,0.994536,0.046192,0.000000,0.000000,0.000000,-1,0.094131,1.010376,0.050186,-0.012759,0.019969,-0.017021,76.821106,217.103088,-528.406067,0,0
0.720000,2.027761,-1.466455,1.934766,0.991118,-0.094598,-0.093465,-0.097329,-0.037077,-0.994561,0.090619,0.994825,-0.045954,-0.720095,0.066633,0.000988,0.690668,0.015567,0.013978,-0.002735,-0.000539,0.014777,0.001882,0.093465,0.994561,0.045955,0.000000,0.000000,0.000000,-1,0.091019,1.009125,0.046219,-0.007399,0.028480,-0.012833,75.766357,216.399918,-529.411621,0,0
0.760000,2.020411,-1.467277,1.926016,0.991028,-0.095932,-0.093065,-0.096884,-0.035939,-0.994647,0.092074,0.994739,-0.044911,-0.719701,0.066978,0.000344,0.691046,0.019872,0.028805,-0.002827,0.000059,0.014982,-0.002751,0.093065,0.994647,0.044911,0.000000,0.000000,0.000000,-1,0.094772,1.009155,0.042542,-0.003107,0.041169,-0.015045,77.348480,216.927292,-530.249512,0,0
0.800000,2.015616,-1.467640,1.920298,0.990952,-0.096817,-0.092953,-0.096748,-0.035261,-0.994684,0.093024,0.994677,-0.044309,-0.719465,0.067260,-0.000025,0.691264,0.017800,0.027775,-0.002804,0.002598,0.016363,-0.001615,0.092953,0.994684,0.044309,0.000000,0.000000,0.000000,-1,0.096481,1.010651,0.045486,-0.009517,0.034806,-0.016036,75.766357,216.399918,-528.741211,0,0
0.840000,2.012529,-1.467820,1.916466,0.990884,-0.097538,-0.092927,-0.096714,-0.034830,-0.994703,0.093784,0.994622,-0.043945,-0.719315,0.067513,-0.000298,0.691395,0.010332,0.023530,-0.003794,0.004378,0.015353,-0.000626,0.092927,0.994703,0.043945,0.000000,0.000000,0.000000,-1,0.096512,1.009552,0.040054,-0.014864,0.026344,-0.014898,75.942139,215.872543,-528.908813,0,0
0.880000,2.007338,-1.468107,1.910351,0.990799,-0.098425,-0.092896,-0.096656,-0.034142,-0.994732,0.094735,0.994559,-0.043342,-0.719076,0.067824,-0.000639,0.691613,0.008157,0.007643,-0.003714,0.003814,0.014683,-0.002113,0.092896,0.994732,0.043342,0.000000,0.000000,0.000000,-1,0.096985,1.011261,0.041321,-0.018096,0.014685,-0.015895,76.469513,215.696747,-530.081970,0,0
0.920000,2.005360,-1.468221,1.908283,0.990793,-0.098504,-0.092878,-0.096619,-0.033905,-0.994744,0.094837,0.994559,-0.043110,-0.718994,0.067846,-0.000681,0.691697,0.000677,-0.000838,-0.004688,0.004260,0.013603,-0.002842,0.092878,0.994744,0.043110,0.000000,0.000000,0.000000,-1,0.095505,1.008606,0.041092,-0.025584,0.003036,-0.015793,77.524277,215.696747,-529.411621,0,0
0.960000,2.004855,-1.468285,1.908038,0.990822,-0.098242,-0.092842,-0.096567,-0.033860,-0.994750,0.094583,0.994586,-0.043036,-0.718978,0.067738,-0.000605,0.691724,-0.001411,-0.006106,-0.004644,0.004066,0.013947,-0.000174,0.092842,0.994750,0.043036,0.000000,0.000000,0.000000,-1,0.095566,1.009537,0.044617,-0.023450,0.006193,-0.017952,75.414764,217.103088,-528.406067,0,0
1.000000,2.006065,-1.468402,1.909445,0.990856,-0.098048,-0.092684,-0.096410,-0.033957,-0.994762,0.094387,0.994602,-0.043100,-0.719012,0.067613,-0.000592,0.691701,-0.002485,-0.008234,-0.005693,0.000318,0.014546,-0.001184,0.092685,0.994762,0.043100,0.000000,0.000000,0.000000,-1,0.093719,1.010529,0.043182,-0.025593,0.000908,-0.016850,77.875854,217.103088,-528.406067,0,0
1.040000,2.006363,-1.468541,1.909950,0.990890,-0.097839,-0.092546,-0.096262,-0.033960,-0.994777,0.094185,0.994623,-0.043069,-0.719013,0.067489,-0.000570,0.691712,-0.001393,-0.001850,-0.002529,0.002226,0.015844,-0.002129,0.092546,0.994776,0.043069,0.000000,0.000000,0.000000,-1,0.092239,1.010345,0.041245,-0.021304,0.008350,-0.013715,76.821106,215.696747,-529.746765,0,0
1.080000,2.004886,-1.468714,1.908441,0.990896,-0.097860,-0.092454,-0.096152,-0.033758,-0.994794,0.094229,0.994628,-0.042860,-0.718943,0.067464,-0.000617,0.691787,0.003952,0.004503,-0.002594,-0.000215,0.015551,-0.001615,0.092454,0.994794,0.042860,0.000000,0.000000,0.000000,-1,0.093781,1.009537,0.046082,-0.019152,0.015764,-0.013760,76.117935,217.806259,-528.406067,0,0
1.120000,2.003448,-1.468836,1.906660,0.990868,-0.098191,-0.092405,-0.096096,-0.033546,-0.994807,0.094581,0.994602,-0.042676,-0.718869,0.067567,-0.000757,0.691854,-0.000267,0.003470,-0.001479,0.002185,0.015905,-0.000409,0.092405,0.994807,0.042676,0.000000,0.000000,0.000000,-1,0.093002,1.009811,0.041412,-0.024482,0.012598,-0.012641,76.469513,217.454666,-529.076416,0,0
1.160000,2.003238,-1.468951,1.906380,0.990871,-0.098255,-0.092310,-0.095998,-0.033482,-0.994818,0.094655,0.994598,-0.042608,-0.718846,0.067557,-0.000816,0.691878,0.002925,0.003460,-0.002570,0.001577,0.013925,0.001383,0.092310,0.994818,0.042608,0.000000,0.000000,0.000000,-1,0.093231,1.009766,0.043274,-0.020223,0.013646,-0.013744,75.238968,216.224121,-530.584717,0,0
1.200000,2.002407,-1.469089,1.905371,0.990862,-0.098426,-0.092221,-0.095902,-0.033340,-0.994832,0.094842,0.994586,-0.042474,-0.718797,0.067588,-0.000912,0.691926,0.002941,0.007706,-0.001521,0.001301,0.015849,-0.001703,0.092221,0.994832,0.042474,0.000000,0.000000,0.000000,-1,0.096100,1.010376,0.044434,-0.023410,0.016814,-0.014796,75.238968,216.224121,-527.903320,0,0
1.240000,2.001993,-1.469190,1.904524,0.990827,-0.098849,-0.092147,-0.095835,-0.033226,-0.994843,0.095278,0.994548,-0.042394,-0.718757,0.067716,-0.001089,0.691955,0.002937,0.004549,0.000622,0.002381,0.015991,0.000117,0.092147,0.994843,0.042394,0.000000,0.000000,0.000000,-1,0.093094,1.011658,0.042862,-0.023403,0.014745,-0.009462,76.645309,216.927292,-528.573669,0,0
1.280000,2.002099,-1.469248,1.904503,0.990820,-0.098974,-0.092091,-0.095782,-0.033205,-0.994848,0.095406,0.994536,-0.042380,-0.718750,0.067741,-0.001153,0.691960,0.001920,0.004541,-0.002549,-0.001240,0.013864,0.002496,0.092091,0.994848,0.042380,0.000000,0.000000,0.000000,-1,0.088913,1.010925,0.044540,-0.022356,0.012587,-0.013723,76.645309,216.575714,-528.908813,0,0
1.320000,2.003929,-1.469476,1.906223,0.990835,-0.099084,-0.091806,-0.095510,-0.033295,-0.994871,0.095519,0.994522,-0.042453,-0.718781,0.067682,-0.001291,0.691933,-0.004478,0.003464,-0.004628,-0.002893,0.016054,0.002087,0.091806,0.994871,0.042453,0.000000,0.000000,0.000000,-1,0.091904,1.008224,0.046707,-0.029807,0.015737,-0.016873,77.348480,217.630463,-527.903320,0,0
1.360000,2.012186,-1.469757,1.913800,0.990821,-0.099778,-0.091200,-0.094992,-0.033923,-0.994900,0.096176,0.994431,-0.043090,-0.718998,0.067723,-0.001730,0.691702,-0.005511,0.016165,-0.005736,0.000704,0.013981,0.004120,0.091200,0.994900,0.043090,0.000000,0.000000,0.000000,-1,0.094482,1.008026,0.044647,-0.027655,0.023150,-0.016917,75.942139,217.278885,-529.579224,0,0
1.400000,2.014791,-1.469810,1.916001,0.990795,-0.100186,-0.091040,-0.094867,-0.034115,-0.994905,0.096569,0.994384,-0.043305,-0.719064,0.067815,-0.001922,0.691624,-0.004456,0.014036,-0.006801,0.003076,0.013457,0.002304,0.091040,0.994905,0.043305,0.000000,0.000000,0.000000,-1,0.095993,1.008423,0.045975,-0.028730,0.019973,-0.016897,76.996887,217.630463,-528.238464,0,0
1.440000,2.017391,-1.469685,1.918342,0.990768,-0.100456,-0.091039,-0.094904,-0.034379,-0.994893,0.096813,0.994347,-0.043595,-0.719156,0.067913,-0.002007,0.691519,-0.004436,0.006653,-0.003555,0.004954,0.013530,0.002379,0.091039,0.994893,0.043595,0.000000,0.000000,0.000000,-1,0.096237,1.011368,0.046265,-0.024489,0.014667,-0.017976,76.469513,216.751495,-528.741211,0,0
1.480000,2.018208,-1.469596,1.918779,0.990725,-0.100839,-0.091084,-0.094972,-0.034451,-0.994884,0.097185,0.994306,-0.043708,-0.719181,0.068067,-0.002121,0.691478,0.007277,0.007709,-0.003646,0.004635,0.015477,-0.001029,0.091084,0.994884,0.043708,0.000000,0.000000,0.000000,-1,0.094070,1.011856,0.044250,-0.015954,0.017871,-0.014858,75.766357,217.103088,-528.741211,0,0
1.520000,2.016493,-1.469730,1.916789,0.990702,-0.101101,-0.091038,-0.094915,-0.034216,-0.994897,0.097470,0.994288,-0.043494,-0.719099,0.068146,-0.002236,0.691555,0.008348,0.008778,-0.002592,0.003337,0.017569,0.001275,0.091038,0.994897,0.043494,0.000000,0.000000,0.000000,-1,0.094604,1.009201,0.044601,-0.017013,0.017891,-0.012719,77.524277,217.806259,-529.076416,0,0
1.560000,2.015157,-1.469743,1.915198,0.990673,-0.101349,-0.091084,-0.094957,-0.034061,-0.994898,0.097729,0.994268,-0.043367,-0.719045,0.068252,-0.002310,0.691600,0.005152,0.007730,-0.001497,0.002589,0.014348,0.002333,0.091084,0.994898,0.043367,0.000000,0.000000,0.000000,-1,0.090378,1.007767,0.047409,-0.022349,0.014705,-0.013731,78.051651,217.278885,-529.914368,0,0
1.600000,2.020447,-1.470179,1.920057,0.990685,-0.101779,-0.090463,-0.094383,-0.034374,-0.994942,0.098155,0.994213,-0.043660,-0.719152,0.068192,-0.002674,0.691493,-0.001253,0.002356,-0.007797,-0.007516,0.014930,0.004573,0.090463,0.994942,0.043660,0.000000,0.000000,0.000000,-1,0.084686,1.011063,0.048752,-0.019204,0.003005,-0.019038,77.524277,217.103088,-528.406067,0,0
1.640000,2.023014,-1.470566,1.922871,0.990752,-0.101533,-0.090004,-0.093925,-0.034506,-0.994981,0.097917,0.994234,-0.043724,-0.719198,0.067943,-0.002751,0.691470,0.015729,-0.012495,-0.010006,0.004981,0.020751,0.008965,0.090004,0.994981,0.043724,0.000000,0.000000,0.000000,-1,0.101822,1.021103,0.060883,-0.001141,-0.009709,-0.019131,76.645309,217.982040,-529.579224,0,0
1.680000,2.021464,-1.470289,1.922140,0.990806,-0.100724,-0.090320,-0.094209,-0.034533,-0.994953,0.097097,0.994315,-0.043704,-0.719208,0.067760,-0.002355,0.691478,0.029494,-0.031592,-0.013230,0.014858,0.013439,0.018796,0.090320,0.994953,0.043704,0.000000,0.000000,0.000000,-1,0.102509,0.998032,0.056259,-0.009708,-0.022456,-0.023278,76.996887,215.872543,-528.238464,0,0
1.720000,2.021133,-1.469936,1.922919,0.990886,-0.099634,-0.090651,-0.094512,-0.034727,-0.994918,0.095980,0.994418,-0.043827,-0.719277,0.067479,-0.001852,0.691435,0.000772,-0.017845,-0.016247,0.008928,0.003526,0.009151,0.090651,0.994918,0.043827,0.000000,0.000000,0.000000,-1,0.098419,1.005798,0.046967,-0.030968,-0.001377,-0.034910,76.293732,215.520966,-530.249512,0,0
1.760000,2.030086,-1.470697,1.931823,0.990978,-0.099690,-0.089576,-0.093490,-0.035300,-0.994994,0.096029,0.994392,-0.044301,-0.719475,0.067125,-0.002242,0.691263,-0.001347,0.014624,-0.053605,0.008676,0.014939,0.003474,0.089576,0.994994,0.044301,0.000000,0.000000,0.000000,-1,0.104248,1.010635,0.044983,-0.025654,0.026864,-0.073409,75.942139,216.224121,-528.908813,0,0
1.800000,2.035755,-1.471998,1.936832,0.991041,-0.100322,-0.088166,-0.092103,-0.035304,-0.995123,0.096720,0.994329,-0.044228,-0.719474,0.066863,-0.002972,0.691287,0.010360,0.025074,-0.068645,0.016082,0.015512,0.000755,0.088166,0.995123,0.044228,0.000000,0.000000,0.000000,-1,0.105377,1.010910,0.032654,-0.009619,0.049092,-0.074682,75.238968,216.224121,-528.908813,0,0
1.840000,2.032343,-1.473800,1.931863,0.991019,-0.101798,-0.086711,-0.090600,-0.034212,-0.995300,0.098353,0.994217,-0.043128,-0.719090,0.066889,-0.004047,0.691679,0.026482,0.055981,-0.047570,0.018666,0.015610,-0.010474,0.086711,0.995300,0.043128,0.000000,0.000000,0.000000,-1,0.111588,1.008850,0.028030,0.012894,0.073742,-0.042989,75.942139,217.278885,-529.244019,0,0
1.880000,1.999579,-1.474293,1.895683,0.990597,-0.105060,-0.087631,-0.091313,-0.030756,-0.995347,0.101876,0.993990,-0.040060,-0.717881,0.068386,-0.004961,0.692781,0.062848,0.078536,-0.012759,0.033768,0.013152,-0.010122,0.087631,0.995347,0.040060,0.000000,0.000000,0.000000,-1,0.122665,1.011230,0.026276,0.040653,0.082396,-0.022996,75.942139,217.278885,-529.579224,0,0
1.920000,1.972381,-1.474174,1.866464,0.990289,-0.106970,-0.088797,-0.092286,-0.028110,-0.995336,0.103975,0.993865,-0.037709,-0.716957,0.069480,-0.005293,0.693626,0.061718,0.054166,-0.010487,0.034021,0.013362,-0.010319,0.088797,0.995336,0.037709,0.000000,0.000000,0.000000,-1,0.119232,1.009216,0.020874,0.039503,0.050661,-0.018607,76.469513,216.399918,-529.411621,0,0
1.960000,1.910758,-1.474082,1.803160,0.989930,-0.108404,-0.091037,-0.093968,-0.022236,-0.995327,0.105873,0.993858,-0.032199,-0.714906,0.070769,-0.005188,0.695610,0.078647,0.004488,0.001310,0.022794,0.014942,-0.019824,0.091037,0.995327,0.032199,0.000000,0.000000,0.000000,-1,0.110931,1.010101,0.011505,0.063891,0.008388,-0.007984,76.469513,218.157837,-528.406067,0,0
2.000000,1.871024,-1.474271,1.763401,0.989850,-0.108267,-0.092065,-0.094594,-0.018448,-0.995345,0.106064,0.993951,-0.028502,-0.713582,0.071071,-0.004905,0.696940,0.099954,-0.002835,0.011832,0.017799,0.013139,-0.016722,0.092065,0.995345,0.028502,0.000000,0.000000,0.000000,-1,0.112335,1.008759,0.011749,0.083078,0.005324,0.004662,76.645309,217.982040,-530.249512,0,0
2.040000,1.811410,-1.473625,1.703812,0.989676,-0.107999,-0.094224,-0.096162,-0.012867,-0.995283,0.106277,0.994068,-0.023119,-0.711629,0.071723,-0.004234,0.698872,0.127686,-0.003735,0.029742,0.025314,0.011553,-0.008227,0.094224,0.995283,0.023119,0.000000,0.000000,0.000000,-1,0.134689,0.997162,0.014999,0.117190,0.000227,0.026789,76.293732,217.630463,-530.249512,0,0
2.080000,1.742454,-1.470983,1.635250,0.989365,-0.107314,-0.098183,-0.099441,-0.006418,-0.995023,0.106150,0.994204,-0.017021,-0.709367,0.072866,-0.002808,0.701057,0.154258,-0.036404,0.053143,0.040931,0.000491,-0.005821,0.098183,0.995023,0.017021,0.000000,0.000000,0.000000,-1,0.141571,0.992615,0.005112,0.134162,-0.040857,0.051314,76.117935,217.454666,-530.081970,0,0
2.120000,1.659630,-1.466234,1.554928,0.989084,-0.104425,-0.103960,-0.104358,0.001656,-0.994538,0.104026,0.994531,-0.009260,-0.706521,0.073877,-0.000023,0.703825,0.201034,-0.100591,0.099918,0.036528,-0.008851,-0.009626,0.103960,0.994538,0.009260,0.000000,0.000000,0.000000,-1,0.126251,0.984634,-0.008804,0.208618,-0.106089,0.099985,75.063187,217.454666,-529.746765,0,0
2.160000,1.572593,-1.461773,1.470990,0.988935,-0.100837,-0.108807,-0.108266,0.010842,-0.994063,0.101418,0.994844,-0.000195,-0.703258,0.074333,0.002627,0.707033,0.328870,-0.118196,0.145876,0.012775,-0.003142,-0.008481,0.108807,0.994063,0.000195,0.000000,0.000000,0.000000,-1,0.097931,1.020828,-0.007309,0.398372,-0.098993,0.183713,77.524277,216.399918,-531.422668,0,0
2.200000,1.330152,-1.444722,1.236955,0.988378,-0.090537,-0.122117,-0.118798,0.041202,-0.992063,0.094850,0.995040,0.029967,-0.692316,0.075592,0.009846,0.717556,0.640723,-0.292554,0.310296,-0.036622,0.068697,0.019652,0.122117,0.992063,-0.029967,0.000000,0.000000,0.000000,-1,0.053375,1.046814,0.007996,0.670657,-0.301204,0.313394,78.579025,216.751495,-531.087463,0,0
2.240000,1.194966,-1.428353,1.109042,0.987876,-0.081621,-0.132053,-0.127095,0.063247,-0.989872,0.089146,0.994655,0.052106,-0.684201,0.076263,0.015678,0.725126,0.737947,-0.238993,0.383943,-0.075932,0.063946,0.063642,0.132053,0.989872,-0.052106,0.000000,0.000000,0.000000,-1,0.044739,1.010468,0.004150,0.742588,-0.183820,0.409341,78.227432,216.048340,-532.763367,0,0
2.280000,1.091167,-1.405966,1.008490,0.986411,-0.076172,-0.145571,-0.138821,0.087480,-0.986446,0.087875,0.993250,0.075717,-0.675132,0.079611,0.021365,0.733077,0.791027,-0.074362,0.549104,-0.099978,-0.019634,0.041293,0.145571,0.986446,-0.075717,0.000000,0.000000,0.000000,-1,0.112930,0.951233,-0.212997,0.816226,0.014487,0.665834,79.457977,214.114624,-533.936523,0,0
2.320000,0.981905,-1.339546,0.901234,0.979392,-0.066846,-0.190588,-0.179710,0.142248,-0.973381,0.092177,0.987571,0.127304,-0.653804,0.094277,0.037630,0.749824,0.984194,-0.191087,0.872966,0.055322,0.151863,-0.178666,0.190588,0.973381,-0.127304,0.000000,0.000000,0.000000,-1,0.318848,1.146942,-0.289322,0.964586,-0.317006,0.786308,79.809570,214.466202,-535.277222,0,0
2.360000,0.925784,-1.305626,0.854785,0.976409,-0.052607,-0.209421,-0.197716,0.172020,-0.965048,0.086793,0.983688,0.157561,-0.641644,0.097532,0.047779,0.759274,0.927186,-0.440124,0.514263,0.126044,0.131723,-0.112108,0.209421,0.965048,-0.157561,0.000000,0.000000,0.000000,-1,0.339783,1.090591,-0.237015,0.864909,-0.477307,0.286980,80.161148,213.763046,-536.282715,0,0
2.400000,0.830439,-1.281245,0.779236,0.977094,-0.029317,-0.210780,-0.200647,0.203135,-0.958372,0.070913,0.978712,0.192600,-0.628761,0.091435,0.055612,0.770199,0.625953,-0.653932,-0.048286,0.101109,0.085680,-0.010342,0.210780,0.958372,-0.192600,0.000000,0.000000,0.000000,-1,0.255905,0.938629,-0.221039,0.440001,-0.579883,-0.047047,81.391693,213.235657,-538.796570,0,0
2.440000,0.752402,-1.268002,0.727845,0.979016,-0.001342,-0.203781,-0.198374,0.222631,-0.954507,0.046649,0.974902,0.217693,-0.620220,0.080502,0.063337,0.777711,0.214448,-0.503086,-0.008374,-0.033859,-0.120385,-0.085118,0.203781,0.954507,-0.217693,0.000000,0.000000,0.000000,-1,0.110443,0.866196,-0.306503,0.098614,-0.463145,-0.028858,80.161148,212.708282,-537.958618,0,0
2.480000,0.733652,-1.266337,0.722432,0.979575,0.011882,-0.200727,-0.198216,0.224893,-0.954009,0.033807,0.974311,0.222655,-0.618876,0.075271,0.067429,0.778961,-0.002433,-0.434803,0.040992,-0.099668,-0.061767,-0.076936,0.200727,0.954009,-0.222655,0.000000,0.000000,0.000000,-1,0.131531,0.821869,-0.262558,-0.063955,-0.436729,0.075640,81.391693,212.532501,-538.796570,0,0
2.520000,0.731678,-1.268221,0.735463,0.979629,0.026291,-0.199086,-0.199924,0.220958,-0.954572,0.018893,0.974929,0.221713,-0.619871,0.070028,0.072674,0.778187,-0.178877,-0.258740,-0.050983,-0.052495,-0.188978,-0.069852,0.199086,0.954572,-0.221713,0.000000,0.000000,0.000000,-1,0.184814,0.864105,-0.269440,-0.239549,-0.201763,-0.175295,79.985352,212.884079,-538.461365,0,0
2.560000,0.728359,-1.282679,0.743594,0.981310,0.035429,-0.189142,-0.192350,0.209144,-0.958780,0.005589,0.977243,0.212050,-0.624523,0.062816,0.073477,0.775001,-0.327082,-0.221766,-0.178876,0.016913,-0.070948,-0.056474,0.189142,0.958780,-0.212050,0.000000,0.000000,0.000000,-1,0.214539,0.869507,-0.279404,-0.392931,-0.207188,-0.192196,79.809570,214.114624,-537.288269,0,0
2.600000,0.732169,-1.292915,0.754097,0.982203,0.040618,-0.183378,-0.187807,0.199948,-0.961639,-0.002393,0.978964,0.204018,-0.628139,0.058582,0.073937,0.772362,-0.375948,-0.184736,-0.183955,0.031298,-0.095565,-0.082023,0.183378,0.961639,-0.204018,0.000000,0.000000,0.000000,-1,0.229523,0.923172,-0.315430,-0.365067,-0.153110,-0.185157,78.930603,213.587250,-537.455811,0,0
2.640000,0.734430,-1.300007,0.761058,0.982803,0.044308,-0.179263,-0.184486,0.193693,-0.963560,-0.007971,0.980061,0.198536,-0.630590,0.055574,0.074230,0.770557,-0.270138,-0.102719,-0.131803,0.050259,-0.040388,-0.116894,0.179263,0.963560,-0.198536,0.000000,0.000000,0.000000,-1,0.217697,0.976730,-0.358994,-0.274017,-0.043233,-0.098919,78.930603,213.938828,-536.450317,0,0
2.680000,0.740398,-1.305448,0.771048,0.983077,0.047578,-0.176906,-0.182756,0.188078,-0.965001,-0.012641,0.981001,0.193590,-0.632734,0.053410,0.074892,0.768886,-0.202512,-0.040224,-0.014287,0.039647,-0.018971,-0.180022,0.176906,0.965001,-0.193590,0.000000,0.000000,0.000000,-1,0.221283,0.934799,-0.366943,-0.214184,-0.051903,-0.004536,80.512741,212.708282,-536.617920,0,0
2.720000,0.754956,-1.308869,0.788224,0.982873,0.049741,-0.177442,-0.183617,0.182582,-0.965893,-0.015647,0.981932,0.188588,-0.634764,0.052726,0.076048,0.767145,-0.177912,-0.077522,0.076214,0.065707,-0.065365,-0.167979,0.177442,0.965893,-0.188588,0.000000,0.000000,0.000000,-1,0.267807,0.860931,-0.358032,-0.210730,-0.063510,0.114796,79.985352,213.938828,-535.444763,0,0
2.760000,0.776186,-1.304590,0.812477,0.981426,0.053253,-0.184299,-0.190989,0.180916,-0.964776,-0.018035,0.982056,0.187727,-0.634977,0.054229,0.079662,0.766497,-0.256108,-0.025181,0.237512,0.092922,-0.119668,-0.170260,0.184299,0.964776,-0.187727,0.000000,0.000000,0.000000,-1,0.266037,0.898392,-0.353485,-0.439569,0.140814,0.328870,78.403229,212.356705,-534.271667,0,0
2.800000,0.882086,-1.301021,0.908460,0.977632,0.043544,-0.205767,-0.210162,0.163896,-0.963831,-0.008244,0.985516,0.169382,-0.641162,0.064967,0.083447,0.760084,-0.233720,0.646725,0.289213,0.079160,0.426779,0.130380,0.205767,0.963831,-0.169381,0.000000,0.000000,0.000000,-1,0.082977,1.145706,-0.108688,-0.214333,0.657923,0.358210,78.754807,211.653534,-532.930969,0,0
2.840000,0.937630,-1.295862,0.946948,0.975383,0.027005,-0.218859,-0.220346,0.158591,-0.962443,0.008718,0.986975,0.160637,-0.643458,0.075118,0.081645,0.757399,-0.107147,0.583372,0.312971,-0.148089,0.113698,0.028542,0.218859,0.962443,-0.160637,0.000000,0.000000,0.000000,-1,0.084869,1.093277,-0.129562,-0.068889,0.555776,0.310590,80.864319,211.653534,-530.919922,0,0
2.880000,0.992605,-1.284845,0.979607,0.971681,0.005956,-0.236221,-0.234197,0.157212,-0.959394,0.031423,0.987547,0.154154,-0.644266,0.088566,0.079469,0.755488,-0.023988,0.592140,0.346384,-0.137054,0.107287,-0.009466,0.236221,0.959394,-0.154154,0.000000,0.000000,0.000000,-1,0.155838,0.969574,-0.067291,0.049617,0.493296,0.085123,80.864319,209.895615,-532.595764,0,0
2.920000,1.013716,-1.284653,0.977230,0.970725,-0.017174,-0.239578,-0.233975,0.157871,-0.959340,0.054298,0.987310,0.149231,-0.644908,0.097358,0.071824,0.754624,-0.077367,0.352289,-0.278713,0.007782,-0.004078,0.133468,0.239578,0.959340,-0.149231,0.000000,0.000000,0.000000,-1,0.266983,0.967148,0.040192,-0.130998,0.280581,-0.356919,78.754807,210.247192,-530.249512,0,0
2.960000,1.015528,-1.295861,0.972584,0.972706,-0.024958,-0.230696,-0.224339,0.152891,-0.962443,0.059292,0.987928,0.143119,-0.647437,0.096263,0.066186,0.753113,-0.262396,0.109428,-0.315785,0.012910,0.023763,0.205634,0.230696,0.962443,-0.143119,0.000000,0.000000,0.000000,-1,0.175781,1.017090,0.054611,-0.385955,0.055767,-0.276330,79.809570,210.950363,-527.568115,0,0
3.000000,1.040485,-1.307981,0.998125,0.974208,-0.026296,-0.224116,-0.218350,0.140780,-0.965662,0.056945,0.989692,0.131407,-0.652308,0.093762,0.064069,0.749399,-0.461611,-0.043836,-0.170912,-0.048335,0.051427,0.186018,0.224116,0.965662,-0.131407,0.000000,0.000000,0.000000,-1,0.106461,0.999252,-0.007797,-0.490054,-0.007188,-0.099509,79.457977,211.301956,-525.557068,0,0
3.040000,1.099019,-1.320178,1.057439,0.974895,-0.027902,-0.220912,-0.216036,0.121796,-0.968759,0.053936,0.992163,0.112710,-0.659619,0.092454,0.063285,0.743203,-0.502161,0.170293,-0.038235,-0.114451,0.030493,0.104913,0.220912,0.968759,-0.112710,0.000000,0.000000,0.000000,-1,0.161896,1.015793,-0.016327,-0.519921,0.281428,-0.043897,76.996887,210.247192,-526.897766,0,0
3.080000,1.199132,-1.331916,1.146679,0.974511,-0.041540,-0.220460,-0.215652,0.097371,-0.971603,0.061827,0.994381,0.085931,-0.669180,0.096085,0.059264,0.734475,-0.484773,0.298316,-0.052699,-0.003449,0.017837,0.069421,0.220460,0.971603,-0.085931,0.000000,0.000000,0.000000,-1,0.238083,0.960037,-0.017517,-0.524176,0.314957,-0.083407,78.051651,210.598785,-522.875671,0,0
3.120000,1.263649,-1.339427,1.204164,0.974520,-0.050345,-0.218579,-0.214071,0.082202,-0.973353,0.066971,0.995343,0.069330,-0.675090,0.097919,0.056144,0.729049,-0.507418,0.254326,-0.114147,0.034701,-0.026957,0.055582,0.218579,0.973353,-0.069330,0.000000,0.000000,0.000000,-1,0.249039,0.937210,-0.009918,-0.508957,0.138318,-0.171284,77.700058,212.356705,-521.870117,0,0
3.160000,1.378175,-1.358013,1.315895,0.976640,-0.056658,-0.207276,-0.204358,0.053249,-0.977447,0.066418,0.996973,0.040427,-0.686106,0.095108,0.051325,0.719430,-0.457413,0.026110,-0.280935,0.006683,-0.059753,0.052817,0.207276,0.977447,-0.040427,0.000000,0.000000,0.000000,-1,0.203995,0.919235,0.025909,-0.491483,0.055350,-0.323450,77.875854,210.774582,-521.702515,0,0
3.200000,1.443091,-1.369937,1.380661,0.978471,-0.058620,-0.197887,-0.195916,0.037706,-0.979895,0.064903,0.997568,0.025410,-0.691982,0.091959,0.048044,0.714420,-0.454418,0.033787,-0.367276,0.005437,-0.054816,0.055439,0.197887,0.979895,-0.025410,0.000000,0.000000,0.000000,-1,0.242218,0.955643,0.033447,-0.466222,0.014466,-0.391673,76.469513,211.477737,-519.021118,0,0
3.240000,1.509234,-1.381579,1.448200,0.980457,-0.058818,-0.187734,-0.186679,0.023002,-0.982152,0.062086,0.998004,0.011572,-0.697475,0.087995,0.045037,0.709759,-0.418451,-0.044555,-0.362994,0.054484,-0.026509,0.045019,0.187734,0.982152,-0.011572,0.000000,0.000000,0.000000,-1,0.246109,0.948212,0.030853,-0.427888,-0.042087,-0.321447,74.887390,210.598785,-518.853516,0,0
3.280000,1.643047,-1.395939,1.585262,0.983124,-0.057973,-0.173514,-0.173950,-0.002516,-0.984751,0.056652,0.998315,-0.012558,-0.706788,0.082034,0.041336,0.701436,-0.378411,0.064685,-0.232661,0.054376,0.000921,0.010009,0.173514,0.984751,0.012558,0.000000,0.000000,0.000000,-1,0.205200,0.993546,0.027817,-0.400599,0.111201,-0.238073,76.996887,210.950363,-519.188721,0,1
3.320000,1.716447,-1.399693,1.656227,0.983792,-0.061416,-0.168467,-0.169649,-0.014529,-0.985398,0.058072,0.998007,-0.024712,-0.711167,0.081227,0.038808,0.697236,-0.360053,0.135823,-0.213883,0.025548,0.003494,-0.003518,0.168467,0.985397,0.024712,0.000000,0.000000,0.000000,-1,0.165848,0.992203,0.000641,-0.362051,0.168553,-0.220476,75.063187,210.422989,-516.339722,0,0
3.360000,1.778177,-1.403877,1.714187,0.984492,-0.065890,-0.162586,-0.164441,-0.023742,-0.986101,0.061114,0.997544,-0.034209,-0.714570,0.080584,0.035501,0.693999,-0.281152,0.151906,-0.191116,0.003262,0.006102,-0.033568,0.162586,0.986101,0.034209,0.000000,0.000000,0.000000,-1,0.168930,1.003418,0.023163,-0.246872,0.214254,-0.201300,74.184219,210.247192,-515.166626,0,0
3.400000,1.878348,-1.412297,1.800554,0.985343,-0.080436,-0.150431,-0.153689,-0.035946,-0.987465,0.074020,0.996111,-0.047781,-0.719213,0.081382,0.026560,0.689495,-0.145312,0.364649,-0.204685,0.046682,0.008583,-0.006125,0.150431,0.987465,0.047781,0.000000,0.000000,0.000000,-1,0.234909,0.968628,0.046509,-0.137655,0.424917,-0.211459,73.656845,210.422989,-513.993469,0,0
3.440000,1.914746,-1.414509,1.824107,0.984787,-0.093390,-0.146535,-0.150684,-0.039008,-0.987812,0.086536,0.994865,-0.052487,-0.720465,0.084693,0.020819,0.687985,-0.054409,0.470839,-0.173811,0.103984,-0.015278,-0.009732,0.146535,0.987812,0.052487,0.000000,0.000000,0.000000,-1,0.245819,1.050446,0.041443,-0.046947,0.446599,-0.155782,72.250504,210.071411,-512.987915,0,0
3.480000,1.922642,-1.414677,1.820896,0.983767,-0.104396,-0.145960,-0.150648,-0.038483,-0.987838,0.097509,0.993791,-0.053585,-0.720388,0.088509,0.016814,0.687695,0.065635,0.250910,-0.016227,0.083166,0.149933,-0.008831,0.145960,0.987838,0.053585,0.000000,0.000000,0.000000,-1,0.274887,1.180634,0.046936,0.124151,0.066232,0.177763,73.129471,210.598785,-512.820374,0,0
3.520000,1.869136,-1.409105,1.763095,0.982145,-0.108226,-0.153876,-0.158021,-0.030767,-0.986956,0.102080,0.993650,-0.047320,-0.717675,0.092746,0.018043,0.689938,0.290743,0.089136,0.361888,0.100121,0.132840,0.007383,0.153876,0.986956,0.047320,0.000000,0.000000,0.000000,-1,0.231277,1.052597,0.073227,0.478193,0.014768,0.460717,74.360016,212.180908,-509.300995,0,0
3.560000,1.662812,-1.388003,1.557932,0.977917,-0.104474,-0.181008,-0.181762,0.002338,-0.983340,0.103157,0.994525,-0.016703,-0.705741,0.101396,0.027578,0.700634,0.947500,-0.303392,0.764155,0.062370,-0.020602,0.063040,0.181008,0.983340,0.016703,0.000000,0.000000,0.000000,-1,0.179092,1.055267,-0.039124,1.169363,-0.301106,0.906107,75.766357,211.829330,-510.641724,0,0
3.600000,1.449609,-1.357132,1.351733,0.973181,-0.092814,-0.210487,-0.206975,0.046080,-0.977261,0.100403,0.994617,0.025634,-0.689468,0.108703,0.039916,0.714999,1.636887,-0.449365,1.141807,-0.086784,0.171043,-0.065628,0.221977,0.974084,-0.043442,0.000000,0.000000,0.000000,-1,-0.059113,1.030075,-0.021973,1.524975,-0.464608,1.099981,76.117935,212.180908,-510.306519,0,0
3.640000,1.155726,-1.273742,1.078858,0.961721,-0.057863,-0.267851,-0.257996,0.138255,-0.956203,0.092360,0.988705,0.118034,-0.652961,0.120933,0.067190,0.744649,1.022999,-0.606192,0.664564,-0.328291,0.077473,0.093468,0.267851,0.956203,-0.118035,0.000000,0.000000,0.000000,-1,0.035507,1.047318,-0.041428,0.819104,-0.619811,0.452994,79.457977,213.411453,-513.155518,0,0
3.680000,1.089462,-1.253428,1.030324,0.960295,-0.036327,-0.276610,-0.267587,0.160572,-0.950060,0.078929,0.986355,0.144475,-0.643282,0.118111,0.076825,0.752553,0.545838,-0.712199,0.302191,-0.136611,0.187605,0.064123,0.276610,0.950060,-0.144475,0.000000,0.000000,0.000000,-1,0.336990,1.227310,-0.107330,0.378507,-0.503747,0.396318,79.985352,212.884079,-512.317566,0,0
3.720000,1.051101,-1.229426,1.014298,0.956795,-0.010339,-0.290578,-0.284264,0.176835,-0.942297,0.061127,0.984186,0.166256,-0.635158,0.115957,0.090313,0.758269,0.349891,-0.648645,0.642245,0.057948,0.194819,0.069332,0.290578,0.942297,-0.166256,0.000000,0.000000,0.000000,-1,0.243591,1.009750,-0.070663,0.216496,-0.842626,0.742944,81.567490,213.763046,-513.490723,0,0
3.760000,1.042017,-1.191932,1.049591,0.946872,0.038062,-0.319350,-0.320755,0.184165,-0.929085,0.023451,0.982158,0.186590,-0.627718,0.112588,0.117847,0.761188,-0.024088,-0.836975,0.771559,-0.134490,0.055747,0.076803,0.319350,0.929085,-0.186590,0.000000,0.000000,0.000000,-1,0.068161,0.969147,-0.175201,-0.120839,-0.707799,0.655567,85.434906,213.059875,-515.166626,0,0
3.800000,1.051524,-1.176046,1.085877,0.940338,0.065469,-0.333883,-0.340241,0.179266,-0.923093,-0.000580,0.981620,0.190846,-0.626543,0.109638,0.133456,0.760008,-0.163025,-0.905835,0.659993,-0.288137,0.120990,-0.002483,0.333883,0.923092,-0.190846,0.000000,0.000000,0.000000,-1,0.046585,0.696625,-0.187149,-0.185557,-0.837595,0.477581,88.071793,213.938828,-514.328613,0,0
3.840000,1.051596,-1.170392,1.108657,0.936903,0.087649,-0.338423,-0.348902,0.173794,-0.920903,-0.021900,0.980874,0.193409,-0.626438,0.104261,0.143798,0.758964,-0.155807,-0.462644,0.022279,-0.252882,-0.220937,0.005619,0.338423,0.920903,-0.193409,0.000000,0.000000,0.000000,-1,0.163208,0.813461,-0.138596,-0.093041,-0.212800,-0.335123,86.665451,213.235657,-514.328613,0,0
3.880000,1.035711,-1.182430,1.103095,0.940548,0.096215,-0.325747,-0.338010,0.170721,-0.925529,-0.033438,0.980611,0.193093,-0.627840,0.096280,0.143024,0.759006,-0.170048,-0.280839,-0.361808,-0.126239,-0.088447,0.065087,0.325747,0.925529,-0.193093,0.000000,0.000000,0.000000,-1,0.309662,0.906662,-0.142776,-0.416802,-0.186842,-0.397694,88.599167,213.059875,-513.490723,0,0
3.920000,1.047625,-1.207855,1.121741,0.946419,0.098545,-0.307537,-0.319828,0.154122,-0.934856,-0.044727,0.983125,0.177381,-0.635397,0.087065,0.138600,0.754639,-0.388403,0.050648,-0.369878,0.011936,0.009235,-0.007692,0.307537,0.934857,-0.177381,0.000000,0.000000,0.000000,-1,0.290085,0.951248,-0.196213,-0.344662,0.081083,-0.401388,87.895996,213.411453,-512.150024,0,0
3.960000,1.050816,-1.221708,1.122847,0.950228,0.094640,-0.293563,-0.305189,0.151266,-0.940201,-0.044496,0.983960,0.172749,-0.637816,0.082560,0.132507,0.754199,-0.006155,0.042123,-0.367479,-0.000320,-0.032319,-0.063899,0.293563,0.940201,-0.172749,0.000000,0.000000,0.000000,-1,0.327118,0.729126,-0.206146,0.089004,0.073782,-0.266232,87.368622,214.641998,-511.312073,0,0
4.000000,1.021898,-1.230403,1.085637,0.954670,0.086523,-0.284814,-0.295331,0.155694,-0.942624,-0.037214,0.984009,0.174189,-0.637336,0.081907,0.126318,0.755737,0.005893,0.276663,-0.088272,0.023276,-0.298779,0.004420,0.284814,0.942623,-0.174189,0.000000,0.000000,0.000000,-1,0.241745,0.821121,-0.169495,-0.156938,0.296712,-0.102166,88.950745,215.872543,-509.133423,0,0
4.040000,1.038401,-1.238616,1.093121,0.956675,0.076345,-0.280970,-0.289603,0.149916,-0.945334,-0.030050,0.985747,0.165530,-0.640552,0.083232,0.121387,0.753678,-0.303327,0.385053,-0.399485,-0.066676,0.137033,0.076328,0.280970,0.945334,-0.165530,0.000000,0.000000,0.000000,-1,0.091858,1.466187,-0.127914,-0.323080,0.353394,-0.618837,89.302338,217.630463,-509.468567,0,0
4.080000,1.055613,-1.259490,1.112298,0.960887,0.075167,-0.266545,-0.274667,0.135570,-0.951934,-0.035419,0.987912,0.150913,-0.646994,0.077087,0.116680,0.749562,-0.355925,-0.304345,-0.157861,-0.191014,0.269822,-0.121242,0.266545,0.951934,-0.150913,0.000000,0.000000,0.000000,-1,0.304855,1.015137,-0.213776,-0.011709,0.176761,0.215689,88.950745,215.872543,-509.468567,0,1
4.120000,1.097832,-1.246461,1.139997,0.956938,0.061535,-0.283695,-0.289562,0.133079,-0.947863,-0.020572,0.989193,0.145167,-0.647822,0.087998,0.117419,0.747527,-0.078009,0.559747,0.513224,-0.049930,-0.020006,0.073557,0.283695,0.947863,-0.145167,0.000000,0.000000,0.000000,-1,0.203262,0.921265,-0.030014,-0.192935,0.328643,0.372062,92.115005,215.169373,-507.457520,0,0
4.160000,1.131268,-1.243629,1.170125,0.955045,0.057570,-0.290818,-0.295910,0.125343,-0.946956,-0.018064,0.990442,0.136744,-0.650569,0.091589,0.118697,0.744502,-0.375174,-0.074491,-0.042454,-0.085373,-0.006832,0.130839,0.290818,0.946956,-0.136744,0.000000,0.000000,0.000000,-1,0.252487,0.931137,0.056824,-0.449397,-0.161222,-0.262241,93.697128,215.345169,-505.614075,0,0
4.200000,1.144263,-1.257851,1.192301,0.957758,0.064359,-0.280279,-0.286072,0.113762,-0.951431,-0.029348,0.991421,0.127368,-0.655101,0.084610,0.118160,0.741432,-0.388972,-0.434104,-0.445821,-0.027792,-0.020294,0.184192,0.280279,0.951431,-0.127368,0.000000,0.000000,0.000000,-1,0.234665,1.053375,0.043182,-0.379169,-0.408320,-0.408874,91.939209,216.048340,-506.954773,0,0
4.240000,1.155878,-1.281559,1.225414,0.961814,0.082349,-0.261020,-0.268378,0.096564,-0.958462,-0.053724,0.991914,0.114977,-0.661490,0.070307,0.118953,0.737115,-0.238207,-0.142971,-0.114636,-0.094303,0.067112,0.112551,0.261020,0.958462,-0.114977,0.000000,0.000000,0.000000,-1,0.157135,1.026855,-0.019028,-0.267665,-0.056984,-0.096786,94.751877,216.048340,-504.608521,0,0
4.280000,1.161229,-1.283367,1.231888,0.962014,0.083110,-0.260041,-0.267362,0.094248,-0.958976,-0.055192,0.992074,0.112888,-0.662359,0.069544,0.118982,0.736402,-0.243226,-0.066435,-0.085055,-0.102906,0.067880,0.093861,0.260041,0.958976,-0.112888,0.000000,0.000000,0.000000,-1,0.267426,1.013336,-0.019516,-0.336262,0.124383,-0.071366,95.103470,215.696747,-504.943695,0,0
