0.000000,-1.922162,-1.430302,-1.780888,0.980990,0.142734,0.131477,0.136953,-0.029204,-0.990147,-0.137488,0.989330,-0.048196,-0.717354,-0.097472,0.002095,0.689853,0.004565,0.001273,-0.000496,0.000968,0.008953,0.001654,-0.131477,0.990147,0.048196,0.000000,0.000000,0.000000,-1,-0.131561,0.999847,0.049347,0.004198,-0.098591,0.005717,136.660690,282.884460,-759.860840,0,0
0.040000,-1.921954,-1.430372,-1.780706,0.981001,0.142705,0.131422,0.136891,-0.029164,-0.990157,-0.137467,0.989336,-0.048145,-0.717341,-0.097442,0.002107,0.689872,0.003506,0.002334,0.000575,-0.000139,0.009691,0.001202,-0.131422,0.990157,0.048145,0.000000,0.000000,0.000000,-1,-0.132629,1.000992,0.048599,0.003140,-0.097529,0.006788,134.733429,282.011353,-761.363831,0,0
0.080000,-1.921415,-1.430288,-1.780323,0.981010,0.142549,0.131526,0.136983,-0.029129,-0.990145,-0.137313,0.989359,-0.048103,-0.717329,-0.097421,0.002017,0.689887,-0.000758,0.004448,-0.002579,-0.001714,0.009947,0.002755,-0.131526,0.990145,0.048103,0.000000,0.000000,0.000000,-1,-0.132172,1.000305,0.050903,0.003137,-0.091171,0.004632,134.908630,281.487488,-760.194824,0,0
0.120000,-1.921092,-1.430232,-1.780199,0.981029,0.142353,0.131594,0.137042,-0.029124,-0.990137,-0.137116,0.989387,-0.048080,-0.717327,-0.097373,0.001925,0.689896,0.001407,0.006610,-0.002556,-0.000166,0.010641,0.000947,-0.131594,0.990137,0.048080,0.000000,0.000000,0.000000,-1,-0.130981,1.000046,0.047760,0.002065,-0.092235,0.002521,135.784668,282.360596,-760.695801,0,0
0.160000,-1.919727,-1.430310,-1.779063,0.981065,0.142115,0.131587,0.136999,-0.028952,-0.990148,-0.136905,0.989427,-0.047873,-0.717267,-0.097284,0.001854,0.689971,0.003539,0.003432,-0.000437,0.000132,0.011027,-0.001914,-0.131587,0.990148,0.047873,0.000000,0.000000,0.000000,-1,-0.130829,1.002975,0.046494,0.003125,-0.101775,0.003616,134.908630,283.582947,-761.530823,0,0
0.200000,-1.917970,-1.430530,-1.777220,0.981072,0.142178,0.131466,0.136839,-0.028655,-0.990179,-0.137015,0.989426,-0.047568,-0.717164,-0.097264,0.001934,0.690081,0.006729,-0.002928,0.000622,0.001552,0.011240,-0.000479,-0.131466,0.990179,0.047568,0.000000,0.000000,0.000000,-1,-0.131821,0.999329,0.045517,0.006320,-0.103892,0.005718,134.908630,282.884460,-760.528809,0,0
0.240000,-1.915987,-1.430662,-1.775111,0.981061,0.142282,0.131437,0.136771,-0.028340,-0.990197,-0.137162,0.989420,-0.047263,-0.717054,-0.097291,0.001996,0.690192,0.006725,-0.005051,-0.000432,0.000577,0.010505,-0.003058,-0.131437,0.990197,0.047263,0.000000,0.000000,0.000000,-1,-0.130005,1.001785,0.048996,0.006317,-0.102833,0.004649,135.083832,283.408325,-761.363831,0,0
0.280000,-1.914787,-1.430826,-1.773842,0.981066,0.142336,0.131341,0.136648,-0.028134,-0.990220,-0.137249,0.989419,-0.047051,-0.716982,-0.097277,0.002060,0.690268,0.005696,0.001349,-0.002512,0.002801,0.010283,0.003410,-0.131341,0.990220,0.047051,0.000000,0.000000,0.000000,-1,-0.136032,0.999161,0.049408,0.003133,-0.096472,0.004656,135.784668,282.360596,-762.365845,0,0
0.320000,-1.915231,-1.430664,-1.774283,0.981047,0.142346,0.131470,0.136792,-0.028226,-0.990198,-0.137240,0.989414,-0.047163,-0.717014,-0.097327,0.002012,0.690228,-0.002820,-0.006075,-0.003449,-0.002487,0.006827,0.001970,-0.131470,0.990198,0.047163,0.000000,0.000000,0.000000,-1,-0.131683,1.001862,0.042831,-0.003265,-0.106019,0.001578,135.609451,283.233704,-761.864868,0,0
0.360000,-1.915333,-1.430630,-1.774192,0.981015,0.142538,0.131498,0.136828,-0.028221,-0.990193,-0.137429,0.989387,-0.047188,-0.717012,-0.097406,0.002068,0.690219,0.002496,-0.006076,-0.003507,0.003599,0.011715,0.004539,-0.131498,0.990193,0.047188,0.000000,0.000000,0.000000,-1,-0.126968,1.002197,0.041565,0.004193,-0.100713,0.004663,134.908630,283.582947,-762.198853,0,0
0.400000,-1.911240,-1.431196,-1.770076,0.981064,0.142511,0.131161,0.136393,-0.027546,-0.990272,-0.137512,0.989410,-0.046462,-0.716776,-0.097277,0.002215,0.690481,0.007848,-0.000764,0.003859,0.000729,0.011834,-0.003997,-0.131161,0.990272,0.046462,0.000000,0.000000,0.000000,-1,-0.129623,1.002808,0.045486,0.007398,-0.100707,0.008883,136.310287,281.836731,-760.862854,0,0
0.440000,-1.908848,-1.431529,-1.767527,0.981073,0.142637,0.130961,0.136140,-0.027134,-0.990318,-0.137703,0.989403,-0.046039,-0.716632,-0.097252,0.002352,0.690634,0.007860,-0.007088,0.001825,-0.001272,0.009087,0.000501,-0.130961,0.990318,0.046039,0.000000,0.000000,0.000000,-1,-0.131821,0.998962,0.045807,0.009510,-0.109191,0.006770,134.908630,281.836731,-761.864868,0,0
0.480000,-1.908058,-1.431663,-1.766427,0.981042,0.142931,0.130872,0.136039,-0.026958,-0.990337,-0.138022,0.989366,-0.045891,-0.716570,-0.097328,0.002494,0.690687,0.005724,-0.009212,-0.000268,0.001584,0.010655,0.002097,-0.130872,0.990337,0.045891,0.000000,0.000000,0.000000,-1,-0.131607,0.999054,0.045578,0.004195,-0.108131,0.006824,136.135071,282.011353,-761.363831,0,0
0.520000,-1.907714,-1.431732,-1.765899,0.981023,0.143107,0.130823,0.135987,-0.026873,-0.990346,-0.138209,0.989342,-0.045824,-0.716540,-0.097375,0.002577,0.690711,0.002542,0.000329,-0.000276,-0.005285,0.009135,0.002653,-0.130823,0.990346,0.045824,0.000000,0.000000,0.000000,-1,-0.133179,1.001068,0.045670,-0.001120,-0.101772,0.005790,135.259048,283.233704,-761.196838,0,0
0.560000,-1.906867,-1.431591,-1.765033,0.980998,0.143122,0.130994,0.136147,-0.026782,-0.990327,-0.138229,0.989343,-0.045759,-0.716509,-0.097441,0.002525,0.690735,0.000417,0.001388,-0.000259,-0.000568,0.010497,-0.001432,-0.130994,0.990327,0.045759,0.000000,0.000000,0.000000,-1,-0.131256,1.000656,0.046463,0.002078,-0.096469,0.006795,135.434250,281.312866,-761.029846,0,0
0.600000,-1.906694,-1.431702,-1.764912,0.981019,0.143067,0.130898,0.136042,-0.026745,-0.990342,-0.138185,0.989352,-0.045700,-0.716496,-0.097387,0.002543,0.690756,-0.000637,0.000361,-0.000188,0.001335,0.009505,-0.001587,-0.130898,0.990342,0.045700,0.000000,0.000000,0.000000,-1,-0.128632,1.000198,0.044846,-0.000057,-0.101772,0.005779,135.784668,283.059082,-763.033875,0,0
0.640000,-1.906093,-1.431897,-1.764179,0.981022,0.143186,0.130743,0.135872,-0.026608,-0.990369,-0.138328,0.989338,-0.045558,-0.716447,-0.097376,0.002647,0.690807,-0.000631,-0.004938,0.001964,0.000967,0.011142,-0.005503,-0.130743,0.990369,0.045558,0.000000,0.000000,0.000000,-1,-0.129730,1.000427,0.045319,0.001013,-0.103889,0.007904,135.083832,282.360596,-761.363831,0,0
0.680000,-1.905657,-1.432101,-1.763536,0.981016,0.143380,0.130572,0.135691,-0.026482,-0.990397,-0.138545,0.989313,-0.045434,-0.716403,-0.097386,0.002782,0.690851,-0.000630,-0.005998,0.001970,-0.001172,0.009801,-0.000482,-0.130572,0.990397,0.045434,0.000000,0.000000,0.000000,-1,-0.131592,1.001129,0.045776,-0.003249,-0.106012,0.005833,137.186310,283.757538,-762.031860,0,0
0.720000,-1.906638,-1.432081,-1.764314,0.980989,0.143588,0.130547,0.135690,-0.026591,-0.990394,-0.138738,0.989280,-0.045569,-0.716441,-0.097454,0.002858,0.690802,-0.004887,-0.006001,0.000953,-0.002144,0.008919,0.000222,-0.130547,0.990394,0.045569,0.000000,0.000000,0.000000,-1,-0.130936,1.001511,0.044876,-0.003241,-0.104949,0.007955,134.558212,282.884460,-760.528809,0,0
0.760000,-1.907655,-1.432029,-1.765199,0.980969,0.143727,0.130548,0.135716,-0.026721,-0.990387,-0.138857,0.989257,-0.045719,-0.716486,-0.097505,0.002899,0.690748,-0.008054,-0.001728,0.001027,-0.001013,0.011810,-0.000583,-0.130548,0.990387,0.045719,0.000000,0.000000,0.000000,-1,-0.130249,0.999817,0.044830,-0.004306,-0.102830,0.006894,134.908630,282.535217,-761.196838,0,0
0.800000,-1.907948,-1.432135,-1.765396,0.980970,0.143821,0.130436,0.135609,-0.026728,-0.990402,-0.138955,0.989243,-0.045723,-0.716488,-0.097500,0.002972,0.690746,-0.003807,-0.005971,-0.000064,0.002095,0.012757,-0.000465,-0.130436,0.990402,0.045723,0.000000,0.000000,0.000000,-1,-0.128571,1.000183,0.041946,-0.004312,-0.104952,0.005840,135.434250,282.709839,-762.031860,0,0
0.840000,-1.909942,-1.432277,-1.767193,0.980969,0.144028,0.130212,0.135422,-0.026944,-0.990422,-0.139140,0.989207,-0.045936,-0.716563,-0.097497,0.003115,0.690668,-0.005927,-0.008089,0.002098,0.002816,0.010036,-0.001380,-0.130212,0.990422,0.045936,0.000000,0.000000,0.000000,-1,-0.130737,1.002426,0.042191,-0.005376,-0.112372,0.006949,136.135071,284.805267,-761.697876,0,0
0.880000,-1.911435,-1.432451,-1.768018,0.980902,0.144690,0.129981,0.135231,-0.027022,-0.990446,-0.139796,0.989108,-0.046072,-0.716589,-0.097658,0.003424,0.690617,-0.003808,-0.015513,0.001046,0.001303,0.010745,-0.003119,-0.129981,0.990446,0.046072,0.000000,0.000000,0.000000,-1,-0.127136,0.999680,0.045395,-0.003253,-0.115553,0.006940,136.135071,282.360596,-761.363831,0,0
0.920000,-1.912242,-1.432587,-1.768394,0.980861,0.145116,0.129817,0.135089,-0.027046,-0.990464,-0.140221,0.989045,-0.046132,-0.716596,-0.097756,0.003630,0.690594,-0.001669,-0.012305,0.001064,-0.001165,0.011733,-0.004476,-0.129817,0.990464,0.046132,0.000000,0.000000,0.000000,-1,-0.125366,1.000580,0.052994,-0.000059,-0.110252,0.006881,135.259048,282.884460,-760.862854,0,0
0.960000,-1.914894,-1.432675,-1.770714,0.980837,0.145461,0.129612,0.134940,-0.027342,-0.990476,-0.140532,0.988986,-0.046447,-0.716698,-0.097810,0.003809,0.690480,-0.003798,-0.003828,-0.001077,0.003879,0.009127,0.005128,-0.129612,0.990476,0.046447,0.000000,0.000000,0.000000,-1,-0.131577,1.000458,0.050400,-0.005369,-0.102830,0.006906,135.784668,283.757538,-761.363831,0,0
1.000000,-1.918081,-1.432380,-1.773666,0.980782,0.145725,0.129738,0.135145,-0.027799,-0.990436,-0.140724,0.988935,-0.046959,-0.716858,-0.097952,0.003832,0.690294,-0.009126,-0.013372,-0.002040,-0.006737,0.007672,0.004982,-0.129738,0.990436,0.046959,0.000000,0.000000,0.000000,-1,-0.126114,1.001877,0.046997,-0.007514,-0.106017,0.002689,136.135071,283.408325,-761.029846,0,0
1.040000,-1.921754,-1.432353,-1.777133,0.980766,0.145958,0.129590,0.135074,-0.028273,-0.990432,-0.140898,0.988887,-0.047445,-0.717022,-0.097986,0.003943,0.690117,-0.005916,0.000414,0.001055,0.005642,0.009949,-0.000936,-0.129590,0.990432,0.047445,0.000000,0.000000,0.000000,-1,-0.126709,1.002945,0.045258,-0.007499,-0.101772,0.005861,135.083832,283.408325,-759.693848,0,0
1.080000,-1.923588,-1.432563,-1.778877,0.980789,0.146056,0.129307,0.134821,-0.028466,-0.990461,-0.140982,0.988867,-0.047610,-0.717089,-0.097923,0.004070,0.690057,-0.004853,-0.003804,0.001112,0.000035,0.013277,-0.000308,-0.129307,0.990461,0.047610,0.000000,0.000000,0.000000,-1,-0.127563,1.003189,0.049194,-0.002180,-0.102830,0.006870,134.558212,281.487488,-760.528809,0,0
1.120000,-1.925586,-1.432703,-1.780658,0.980785,0.146281,0.129081,0.134634,-0.028677,-0.990480,-0.141187,0.988827,-0.047820,-0.717162,-0.097926,0.004220,0.689980,-0.002738,-0.008049,-0.001018,0.003288,0.009169,0.001359,-0.129081,0.990480,0.047820,0.000000,0.000000,0.000000,-1,-0.129959,1.001266,0.048676,-0.000070,-0.109196,0.003685,135.784668,282.011353,-761.363831,0,0
1.160000,-1.926381,-1.432672,-1.781126,0.980738,0.146609,0.129073,0.134652,-0.028746,-0.990476,-0.141502,0.988777,-0.047934,-0.717185,-0.098043,0.004333,0.689938,-0.001674,-0.006989,-0.001034,0.000166,0.011676,0.001550,-0.129073,0.990476,0.047934,0.000000,0.000000,0.000000,-1,-0.127716,0.999832,0.051163,-0.001134,-0.104957,0.002614,136.485489,281.662109,-762.365845,0,0
1.200000,-1.928063,-1.432630,-1.782618,0.980713,0.146810,0.129031,0.134649,-0.028956,-0.990470,-0.141675,0.988741,-0.048165,-0.717258,-0.098103,0.004407,0.689854,-0.003800,-0.004870,-0.001020,-0.002637,0.011162,0.001212,-0.129031,0.990470,0.048165,0.000000,0.000000,0.000000,-1,-0.133087,1.002136,0.050613,-0.002195,-0.107076,0.003699,135.784668,283.408325,-762.031860,0,0
1.240000,-1.929919,-1.432364,-1.784243,0.980655,0.147058,0.129188,0.134859,-0.029231,-0.990434,-0.141875,0.988696,-0.048497,-0.717353,-0.098249,0.004422,0.689733,-0.004870,0.002573,-0.003122,0.000800,0.009383,0.000972,-0.129188,0.990434,0.048497,0.000000,0.000000,0.000000,-1,-0.129715,1.001999,0.050735,-0.002197,-0.099658,0.001538,137.536728,282.360596,-761.363831,0,0
1.280000,-1.930346,-1.432231,-1.784643,0.980637,0.147091,0.129290,0.134976,-0.029312,-0.990415,-0.141892,0.988688,-0.048599,-0.717382,-0.098298,0.004392,0.689697,-0.002755,-0.001672,-0.005254,-0.001508,0.011950,-0.000671,-0.129290,0.990415,0.048599,0.000000,0.000000,0.000000,-1,-0.126465,1.000824,0.050537,-0.001144,-0.101781,-0.000592,135.959869,283.233704,-761.864868,0,0
1.320000,-1.931391,-1.432266,-1.785635,0.980639,0.147151,0.129207,0.134913,-0.029439,-0.990420,-0.141938,0.988676,-0.048721,-0.717426,-0.098290,0.004436,0.689652,-0.000623,0.000449,-0.004221,0.003718,0.011991,0.001175,-0.129207,0.990420,0.048721,0.000000,0.000000,0.000000,-1,-0.131149,1.003342,0.050171,0.003120,-0.102837,0.002557,135.083832,283.757538,-761.029846,0,0
1.360000,-1.931466,-1.432249,-1.785507,0.980607,0.147351,0.129219,0.134933,-0.029425,-0.990418,-0.142137,0.988646,-0.048737,-0.717421,-0.098368,0.004501,0.689646,0.001505,-0.006970,-0.002083,-0.000008,0.012771,0.000686,-0.129219,0.990418,0.048737,0.000000,0.000000,0.000000,-1,-0.131241,1.000992,0.048416,-0.000066,-0.102835,0.003656,134.733429,282.360596,-761.363831,0,0
1.400000,-1.931350,-1.432191,-1.785211,0.980573,0.147529,0.129278,0.134998,-0.029398,-0.990410,-0.142313,0.988621,-0.048742,-0.717411,-0.098454,0.004542,0.689644,0.001498,-0.003765,-0.003119,0.000113,0.007805,0.005274,-0.129278,0.990410,0.048742,0.000000,0.000000,0.000000,-1,-0.131805,1.001175,0.053558,0.002058,-0.101776,0.002564,135.959869,282.535217,-761.864868,0,0
1.440000,-1.931285,-1.432080,-1.785134,0.980556,0.147543,0.129384,0.135108,-0.029410,-0.990394,-0.142321,0.988618,-0.048773,-0.717415,-0.098496,0.004508,0.689633,0.000442,0.001536,-0.002067,-0.000285,0.010292,0.002787,-0.129384,0.990394,0.048773,0.000000,0.000000,0.000000,-1,-0.131836,0.999374,0.055389,0.002058,-0.101776,0.002564,135.959869,281.487488,-761.864868,0,0
1.480000,-1.931222,-1.431907,-1.785008,0.980525,0.147609,0.129548,0.135279,-0.029430,-0.990370,-0.142375,0.988608,-0.048825,-0.717422,-0.098578,0.004470,0.689614,0.000439,-0.001645,-0.002053,-0.002288,0.009004,0.006564,-0.129548,0.990370,0.048825,0.000000,0.000000,0.000000,-1,-0.131714,1.000809,0.046738,0.000993,-0.103897,0.002585,134.383011,281.662109,-761.363831,0,0
1.520000,-1.930673,-1.431771,-1.784332,0.980486,0.147733,0.129701,0.135430,-0.029367,-0.990352,-0.142499,0.988591,-0.048802,-0.717401,-0.098677,0.004460,0.689623,-0.001691,-0.001647,-0.003094,-0.002013,0.010457,-0.002064,-0.129701,0.990352,0.048801,0.000000,0.000000,0.000000,-1,-0.129440,1.000839,0.045578,-0.000069,-0.101776,0.002588,136.135071,283.059082,-762.031860,0,0
1.560000,-1.929210,-1.431725,-1.782895,0.980476,0.147696,0.129814,0.135517,-0.029182,-0.990345,-0.142482,0.988602,-0.048627,-0.717336,-0.098703,0.004387,0.689743,0.003621,0.001559,-0.004197,-0.002754,0.010952,-0.006784,-0.129875,0.990345,0.048471,0.000000,0.000000,0.000000,-1,-0.129990,1.002228,0.049957,0.004176,-0.101780,0.000413,135.609451,283.233704,-760.528809,0,0
1.600000,-1.926200,-1.431690,-1.779908,0.980460,0.147651,0.129993,0.135637,-0.028784,-0.990340,-0.142483,0.988621,-0.048249,-0.717198,-0.098748,0.004354,0.689824,0.001485,-0.001625,-0.006286,0.000003,0.011887,0.001709,-0.129975,0.990338,0.048337,0.000000,0.000000,0.000000,-1,-0.135559,0.998062,0.048676,0.002061,-0.097536,0.002545,135.434250,282.011353,-761.363831,0,0
1.640000,-1.926627,-1.431542,-1.780350,0.980445,0.147644,0.130110,0.135768,-0.028875,-0.990320,-0.142458,0.988619,-0.048355,-0.717230,-0.098787,0.004304,0.689785,-0.000633,-0.000563,-0.004140,-0.005449,0.007742,0.000320,-0.130110,0.990320,0.048355,0.000000,0.000000,0.000000,-1,-0.128143,1.001419,0.046906,-0.002204,-0.102840,0.000488,134.207809,282.535217,-761.196838,0,0
1.680000,-1.925814,-1.431297,-1.779364,0.980384,0.147812,0.130376,0.136034,-0.028791,-0.990286,-0.142623,0.988596,-0.048334,-0.717201,-0.098942,0.004269,0.689793,0.002560,-0.001622,-0.003107,0.002264,0.011988,-0.000772,-0.130376,0.990286,0.048334,0.000000,0.000000,0.000000,-1,-0.131104,1.001343,0.046494,0.002070,-0.095412,0.004663,135.083832,282.011353,-760.695801,0,0
1.720000,-1.924041,-1.431328,-1.777749,0.980402,0.147643,0.130433,0.136051,-0.028565,-0.990290,-0.142483,0.988628,-0.048092,-0.717123,-0.098900,0.004201,0.689881,0.002568,0.003716,-0.002034,-0.002837,0.011190,0.000217,-0.130433,0.990290,0.048092,0.000000,0.000000,0.000000,-1,-0.129745,1.001648,0.049423,0.003128,-0.097534,0.003597,136.310287,282.884460,-762.866882,0,0
1.760000,-1.923848,-1.431480,-1.777598,0.980427,0.147596,0.130301,0.135907,-0.028513,-0.990311,-0.142450,0.988637,-0.048015,-0.717104,-0.098836,0.004236,0.689909,0.005754,-0.000525,-0.002049,0.000556,0.011337,0.001409,-0.130301,0.990311,0.048015,0.000000,0.000000,0.000000,-1,-0.132294,1.000763,0.047867,0.003122,-0.099656,0.002543,135.434250,284.106781,-762.699829,0,0
1.800000,-1.922903,-1.431387,-1.776510,0.980389,0.147731,0.130433,0.136028,-0.028384,-0.990298,-0.142595,0.988620,-0.047923,-0.717059,-0.098932,0.004240,0.689942,0.002558,-0.003709,-0.003063,0.000291,0.010327,0.003087,-0.130433,0.990298,0.047923,0.000000,0.000000,0.000000,-1,-0.130890,1.001480,0.048370,0.003122,-0.099656,0.002543,137.887131,282.360596,-762.031860,0,0
1.840000,-1.922055,-1.431323,-1.775658,0.980376,0.147729,0.130533,0.136115,-0.028281,-0.990289,-0.142603,0.988623,-0.047835,-0.717024,-0.098966,0.004208,0.689975,0.003629,0.002653,-0.002040,-0.003713,0.011023,0.002107,-0.130533,0.990289,0.047835,0.000000,0.000000,0.000000,-1,-0.132767,0.999588,0.051025,0.003128,-0.097534,0.003597,136.660690,283.233704,-762.532837,0,0
1.880000,-1.921436,-1.431200,-1.775035,0.980357,0.147731,0.130677,0.136251,-0.028221,-0.990272,-0.142606,0.988625,-0.047795,-0.717003,-0.099017,0.004159,0.689989,0.004690,-0.003669,-0.001995,-0.002090,0.009316,0.003230,-0.130677,0.990272,0.047795,0.000000,0.000000,0.000000,-1,-0.131973,0.999969,0.050705,0.004179,-0.102838,0.001482,136.310287,282.535217,-761.196838,0,0
1.920000,-1.921303,-1.431039,-1.774771,0.980316,0.147863,0.130833,0.136415,-0.028218,-0.990250,-0.142730,0.988605,-0.047833,-0.717002,-0.099120,0.004148,0.689976,0.002561,-0.000491,-0.003050,-0.002498,0.009033,0.002521,-0.130833,0.990250,0.047833,0.000000,0.000000,0.000000,-1,-0.131714,0.999496,0.047745,0.003121,-0.101776,0.002552,134.908630,283.582947,-761.196838,0,0
1.960000,-1.920009,-1.430958,-1.773373,0.980283,0.147957,0.130970,0.136533,-0.028043,-0.990239,-0.142839,0.988596,-0.047691,-0.716941,-0.099202,0.004139,0.690027,0.004691,-0.001550,-0.002005,-0.001339,0.010189,0.000588,-0.130970,0.990239,0.047691,0.000000,0.000000,0.000000,-1,-0.133881,1.000183,0.048416,0.006320,-0.098593,0.004630,137.186310,283.408325,-761.697876,0,0
2.000000,-1.918697,-1.430930,-1.772049,0.980271,0.147958,0.131059,0.136597,-0.027868,-0.990235,-0.142861,0.988601,-0.047529,-0.716880,-0.099234,0.004116,0.690086,0.006821,-0.001549,-0.000965,-0.002822,0.009948,0.000887,-0.131059,0.990235,0.047529,0.000000,0.000000,0.000000,-1,-0.131073,1.001617,0.046280,0.007385,-0.101772,0.005697,135.959869,284.281403,-761.530823,0,0
2.040000,-1.916425,-1.431061,-1.769638,0.980256,0.148071,0.131044,0.136537,-0.027513,-0.990253,-0.143023,0.988594,-0.047187,-0.716756,-0.099270,0.004178,0.690209,0.005761,-0.002567,-0.000920,-0.000776,0.010632,0.001535,-0.131044,0.990253,0.047187,0.000000,0.000000,0.000000,-1,-0.131653,0.999939,0.046860,0.009513,-0.099651,0.005663,136.835892,283.757538,-762.365845,0,0
2.080000,-1.914096,-1.431231,-1.767259,0.980259,0.148097,0.130996,0.136437,-0.027155,-0.990277,-0.143100,0.988600,-0.046825,-0.716631,-0.099261,0.004223,0.690340,0.008957,0.000615,0.000094,-0.001695,0.008564,0.000844,-0.130996,0.990277,0.046825,0.000000,0.000000,0.000000,-1,-0.129776,0.999893,0.046814,0.009515,-0.101770,0.006737,135.259048,283.582947,-761.196838,0,0
2.120000,-1.912837,-1.431397,-1.765919,0.980262,0.148162,0.130899,0.136312,-0.026940,-0.990300,-0.143199,0.988596,-0.046605,-0.716555,-0.099251,0.004291,0.690420,0.006829,-0.001506,0.000128,0.001123,0.009594,0.000209,-0.130899,0.990300,0.046605,0.000000,0.000000,0.000000,-1,-0.131058,0.999557,0.047394,0.005260,-0.100711,0.005715,135.434250,283.059082,-760.695801,0,0
2.160000,-1.911543,-1.431502,-1.764624,0.980269,0.148149,0.130862,0.136244,-0.026744,-0.990314,-0.143215,0.988603,-0.046401,-0.716487,-0.099232,0.004310,0.690493,0.002579,0.000613,0.000165,-0.000196,0.009243,0.000993,-0.130862,0.990314,0.046401,0.000000,0.000000,0.000000,-1,-0.131348,0.999542,0.045746,0.004197,-0.099651,0.005722,135.434250,282.709839,-762.365845,0,0
2.200000,-1.909279,-1.431595,-1.762405,0.980276,0.148084,0.130880,0.136213,-0.026424,-0.990327,-0.143193,0.988622,-0.046074,-0.716375,-0.099214,0.004297,0.690612,0.003642,0.002777,-0.001955,-0.001093,0.010268,-0.000191,-0.130880,0.990327,0.046074,0.000000,0.000000,0.000000,-1,-0.128387,1.001801,0.046616,0.003128,-0.097534,0.003597,134.558212,282.535217,-761.864868,0,0
2.240000,-1.908650,-1.431714,-1.761810,0.980294,0.148043,0.130798,0.136113,-0.026320,-0.990344,-0.143171,0.988631,-0.045952,-0.716339,-0.099170,0.004318,0.690656,0.004700,0.000654,-0.003020,0.002410,0.011457,0.000663,-0.130798,0.990344,0.045952,0.000000,0.000000,0.000000,-1,-0.135330,0.999466,0.046341,0.004195,-0.097532,0.004649,134.908630,281.487488,-761.196838,0,0
2.280000,-1.907777,-1.431732,-1.761077,0.980312,0.147898,0.130820,0.136115,-0.026217,-0.990346,-0.143040,0.988655,-0.045832,-0.716303,-0.099124,0.004265,0.690700,-0.000612,0.000655,-0.001897,-0.005960,0.007212,-0.000223,-0.130820,0.990346,0.045832,0.000000,0.000000,0.000000,-1,-0.127274,1.000900,0.044327,0.002058,-0.100716,0.002559,135.959869,283.582947,-761.530823,0,0
2.320000,-1.907198,-1.431854,-1.760536,0.980331,0.147852,0.130733,0.136010,-0.026121,-0.990363,-0.143012,0.988665,-0.045716,-0.716270,-0.099077,0.004286,0.690741,0.001525,0.003838,0.000193,0.003673,0.011376,-0.001512,-0.130733,0.990363,0.045716,0.000000,0.000000,0.000000,-1,-0.132156,1.001007,0.044083,0.003141,-0.096469,0.006783,135.609451,282.884460,-761.196838,0,0
2.360000,-1.905805,-1.432007,-1.759206,0.980353,0.147775,0.130653,0.135896,-0.025911,-0.990384,-0.142969,0.988682,-0.045484,-0.716196,-0.099020,0.004299,0.690825,0.004717,-0.001417,0.000212,-0.001503,0.010623,-0.001402,-0.130653,0.990384,0.045484,0.000000,0.000000,0.000000,-1,-0.127579,1.002380,0.044952,0.005258,-0.102832,0.005725,135.083832,283.059082,-760.361816,0,0
2.400000,-1.904682,-1.432343,-1.757907,0.980365,0.147931,0.130390,0.135602,-0.025673,-0.990431,-0.143168,0.988665,-0.045229,-0.716112,-0.098983,0.004461,0.690917,0.004720,-0.003537,0.001287,0.001438,0.011263,0.000136,-0.130390,0.990431,0.045229,0.000000,0.000000,0.000000,-1,-0.131897,1.002029,0.044312,0.004192,-0.107073,0.005756,135.083832,283.408325,-761.697876,0,0
2.440000,-1.903845,-1.432435,-1.756837,0.980338,0.148150,0.130342,0.135540,-0.025511,-0.990443,-0.143409,0.988636,-0.045090,-0.716055,-0.099046,0.004562,0.690966,0.002604,-0.000354,0.003423,0.001634,0.009480,0.002121,-0.130342,0.990443,0.045090,0.000000,0.000000,0.000000,-1,-0.135971,0.999588,0.048676,0.002082,-0.100707,0.008941,136.485489,282.709839,-762.365845,0,0
2.480000,-1.904080,-1.432312,-1.757073,0.980323,0.148154,0.130446,0.135654,-0.025566,-0.990426,-0.143401,0.988634,-0.045160,-0.716074,-0.099085,0.004523,0.690941,0.000466,0.000701,0.000250,-0.005785,0.010703,0.000693,-0.130446,0.990426,0.045160,0.000000,0.000000,0.000000,-1,-0.131027,1.001221,0.045029,0.002065,-0.102833,0.004696,134.908630,283.932159,-761.530823,0,0
2.520000,-1.904191,-1.432166,-1.757141,0.980299,0.148199,0.130578,0.135794,-0.025602,-0.990406,-0.143434,0.988626,-0.045222,-0.716087,-0.099148,0.004489,0.690919,0.000456,-0.001424,-0.001868,-0.000449,0.010815,-0.000193,-0.130578,0.990406,0.045222,0.000000,0.000000,0.000000,-1,-0.130829,1.001694,0.047119,0.001006,-0.097532,0.004684,134.733429,282.360596,-762.031860,0,0
2.560000,-1.903369,-1.432289,-1.756227,0.980297,0.148281,0.130499,0.135698,-0.025455,-0.990423,-0.143539,0.988618,-0.045075,-0.716035,-0.099150,0.004553,0.690972,0.003655,-0.005621,0.000274,0.001669,0.010157,-0.000473,-0.130499,0.990423,0.045075,0.000000,0.000000,0.000000,-1,-0.133652,1.002472,0.043839,0.002069,-0.102832,0.005760,135.784668,282.360596,-761.029846,0,0
2.600000,-1.902735,-1.432303,-1.755483,0.980280,0.148383,0.130516,0.135704,-0.025352,-0.990425,-0.143653,0.988605,-0.044988,-0.715999,-0.099192,0.004587,0.691003,0.001526,-0.004563,-0.000771,-0.001824,0.012032,0.000132,-0.130516,0.990425,0.044988,0.000000,0.000000,0.000000,-1,-0.131424,1.002228,0.046051,0.003125,-0.106014,0.004699,136.310287,283.233704,-760.862854,0,0
2.640000,-1.902150,-1.432312,-1.754718,0.980251,0.148554,0.130533,0.135714,-0.025246,-0.990426,-0.143836,0.988582,-0.044908,-0.715962,-0.099261,0.004645,0.691031,0.001525,-0.005624,-0.000766,-0.000891,0.011801,0.001143,-0.130533,0.990426,0.044908,0.000000,0.000000,0.000000,-1,-0.130905,0.999481,0.046036,0.001005,-0.103892,0.005776,135.609451,282.185974,-760.862854,0,0
2.680000,-1.902621,-1.432318,-1.754925,0.980215,0.148816,0.130506,0.135703,-0.025273,-0.990427,-0.144093,0.988542,-0.044968,-0.715971,-0.099347,0.004744,0.691009,0.000462,-0.006645,-0.000722,-0.003512,0.010839,-0.000092,-0.130506,0.990427,0.044968,0.000000,0.000000,0.000000,-1,-0.131821,1.001541,0.045319,0.002064,-0.103894,0.004701,135.434250,282.360596,-762.031860,0,0
2.720000,-1.902362,-1.432328,-1.754546,0.980197,0.148933,0.130509,0.135703,-0.025220,-0.990429,-0.144216,0.988526,-0.044931,-0.715952,-0.099391,0.004786,0.691022,0.001531,-0.003464,0.000316,0.001770,0.012074,-0.000528,-0.130509,0.990429,0.044931,0.000000,0.000000,0.000000,-1,-0.130142,1.001816,0.045364,0.004191,-0.102833,0.004673,136.135071,281.312866,-760.695801,0,0
2.760000,-1.901936,-1.432429,-1.754096,0.980205,0.148949,0.130433,0.135615,-0.025140,-0.990443,-0.144247,0.988525,-0.044843,-0.715924,-0.099370,0.004824,0.691054,0.001534,-0.000284,0.000302,0.000291,0.011373,0.000522,-0.130433,0.990443,0.044843,0.000000,0.000000,0.000000,-1,-0.128784,1.001068,0.042847,0.001010,-0.102830,0.006835,135.959869,284.630646,-760.862854,0,0
2.800000,-1.901143,-1.432819,-1.753151,0.980228,0.149083,0.130103,0.135260,-0.024942,-0.990496,-0.144421,0.988510,-0.044614,-0.715853,-0.099302,0.005000,0.691135,0.001536,-0.003464,0.001382,0.001212,0.009290,-0.000669,-0.130103,0.990496,0.044614,0.000000,0.000000,0.000000,-1,-0.129440,0.999619,0.044647,0.002065,-0.102833,0.004696,135.434250,282.360596,-761.029846,0,0
2.840000,-1.901149,-1.432919,-1.753005,0.980219,0.149229,0.130009,0.135166,-0.024905,-0.990510,-0.144575,0.988489,-0.044583,-0.715840,-0.099322,0.005087,0.691146,0.002585,-0.006608,-0.000713,0.002095,0.013473,0.001255,-0.130009,0.990510,0.044583,0.000000,0.000000,0.000000,-1,-0.127777,1.002533,0.047577,0.002058,-0.107076,0.003652,135.609451,281.836731,-762.198853,0,0
2.880000,-1.902062,-1.432953,-1.753793,0.980208,0.149359,0.129937,0.135113,-0.025005,-0.990515,-0.144693,0.988467,-0.044691,-0.715874,-0.099344,0.005153,0.691107,0.001522,0.000811,-0.001798,0.000619,0.009730,0.004458,-0.129937,0.990515,0.044690,0.000000,0.000000,0.000000,-1,-0.138885,0.999527,0.045990,0.002062,-0.095415,0.002535,136.485489,282.011353,-760.361816,0,0
2.920000,-1.901437,-1.432556,-1.753318,0.980177,0.149216,0.130337,0.135512,-0.025012,-0.990460,-0.144533,0.988488,-0.044737,-0.715878,-0.099433,0.004958,0.691091,-0.003798,-0.000252,-0.002800,0.001568,0.008914,-0.001967,-0.130337,0.990460,0.044737,0.000000,0.000000,0.000000,-1,-0.124298,0.999664,0.042526,-0.000067,-0.099656,0.002578,135.259048,282.185974,-761.530823,0,0
2.960000,-1.901056,-1.432896,-1.753030,0.980233,0.149113,0.130035,0.135188,-0.024912,-0.990507,-0.144458,0.988506,-0.044578,-0.715843,-0.099289,0.005037,0.691148,0.002594,0.006111,-0.000769,0.004562,0.011126,-0.001716,-0.130035,0.990507,0.044578,0.000000,0.000000,0.000000,-1,-0.129517,1.002533,0.041290,0.003136,-0.097531,0.005724,135.784668,282.709839,-762.365845,0,0
3.000000,-1.899925,-1.433076,-1.751905,0.980251,0.149094,0.129916,0.135040,-0.024728,-0.990532,-0.144470,0.988514,-0.044373,-0.715778,-0.099240,0.005083,0.691222,0.003642,-0.004453,-0.000703,0.000949,0.012566,-0.001496,-0.129916,0.990532,0.044373,0.000000,0.000000,0.000000,-1,-0.125366,1.002533,0.043671,0.005255,-0.107073,0.005744,134.558212,281.487488,-761.196838,0,0
3.040000,-1.898356,-1.433508,-1.750037,0.980255,0.149364,0.129581,0.134665,-0.024399,-0.990591,-0.144797,0.988481,-0.044032,-0.715662,-0.099219,0.005315,0.691344,0.002576,-0.004456,-0.001753,-0.001767,0.010599,-0.001093,-0.129581,0.990591,0.044032,0.000000,0.000000,0.000000,-1,-0.132401,1.000748,0.041870,0.002057,-0.108136,0.003657,135.784668,283.408325,-762.031860,0,0
3.080000,-1.898041,-1.433446,-1.749470,0.980208,0.149610,0.129653,0.134739,-0.024334,-0.990582,-0.145046,0.988446,-0.044011,-0.715638,-0.099334,0.005378,0.691351,0.001513,-0.009756,-0.000654,-0.001726,0.009311,0.001323,-0.129653,0.990582,0.044011,0.000000,0.000000,0.000000,-1,-0.130905,1.001236,0.046341,0.000998,-0.108134,0.004732,134.908630,282.884460,-761.196838,0,0
3.120000,-1.898199,-1.433385,-1.749401,0.980167,0.149835,0.129703,0.134800,-0.024335,-0.990574,-0.145267,0.988411,-0.044050,-0.715638,-0.099434,0.005437,0.691336,0.000452,-0.006576,-0.000657,-0.004513,0.010433,0.000643,-0.129703,0.990574,0.044050,0.000000,0.000000,0.000000,-1,-0.130936,1.000351,0.044815,0.000994,-0.108136,0.003668,137.011108,284.281403,-759.860840,0,0
3.160000,-1.898279,-1.433251,-1.749193,0.980107,0.150121,0.129826,0.134936,-0.024331,-0.990555,-0.145544,0.988368,-0.044104,-0.715636,-0.099582,0.005491,0.691316,-0.000624,-0.002301,-0.001699,-0.001766,0.011245,0.000498,-0.129825,0.990556,0.044104,0.000000,0.000000,0.000000,-1,-0.131989,1.001709,0.043243,0.003131,-0.103892,0.005753,136.660690,283.582947,-761.530823,0,0
3.200000,-1.897349,-1.433210,-1.748063,0.980067,0.150311,0.129904,0.135003,-0.024185,-0.990550,-0.145749,0.988343,-0.043996,-0.715585,-0.099679,0.005535,0.691355,0.003629,-0.007601,-0.000659,-0.002862,0.010625,-0.000829,-0.129904,0.990550,0.043996,0.000000,0.000000,0.000000,-1,-0.129425,1.001587,0.046234,0.004191,-0.108133,0.005760,135.434250,283.059082,-762.699829,0,0
3.240000,-1.896728,-1.433298,-1.747219,0.980042,0.150521,0.129849,0.134938,-0.024056,-0.990562,-0.145977,0.988314,-0.043887,-0.715539,-0.099736,0.005635,0.691393,0.005761,-0.005479,0.000372,-0.002262,0.010704,0.000287,-0.129849,0.990562,0.043887,0.000000,0.000000,0.000000,-1,-0.130722,1.001617,0.044479,0.007384,-0.102832,0.005701,134.908630,283.582947,-761.864868,0,0
3.280000,-1.895693,-1.433432,-1.745855,0.980005,0.150833,0.129769,0.134840,-0.023849,-0.990580,-0.146318,0.988271,-0.043711,-0.715466,-0.099821,0.005782,0.691456,0.004705,-0.005478,0.002511,-0.001334,0.010259,0.002401,-0.129769,0.990580,0.043711,0.000000,0.000000,0.000000,-1,-0.132401,1.000977,0.046844,0.005257,-0.104952,0.005734,135.259048,282.884460,-761.864868,0,0
3.320000,-1.895552,-1.433428,-1.745593,0.979986,0.150950,0.129778,0.134850,-0.023814,-0.990580,-0.146437,0.988255,-0.043693,-0.715453,-0.099867,0.005821,0.691462,0.004685,-0.001207,0.000390,-0.003477,0.009344,0.003136,-0.129778,0.990580,0.043693,0.000000,0.000000,0.000000,-1,-0.131760,1.000839,0.045685,0.004201,-0.100710,0.006791,134.383011,282.360596,-761.363831,0,0
3.360000,-1.895451,-1.433424,-1.745501,0.979986,0.150941,0.129787,0.134856,-0.023803,-0.990579,-0.146429,0.988256,-0.043682,-0.715449,-0.099866,0.005815,0.691466,0.002568,0.000916,0.002531,-0.003742,0.010138,0.001683,-0.129787,0.990579,0.043682,0.000000,0.000000,0.000000,-1,-0.135162,0.999374,0.045425,0.002070,-0.096472,0.004667,135.784668,282.011353,-761.697876,0,0
3.400000,-1.895187,-1.433195,-1.745436,0.979985,0.150749,0.130013,0.135081,-0.023833,-0.990548,-0.146226,0.988285,-0.043720,-0.715461,-0.099876,0.005665,0.691454,0.001493,0.001971,-0.000654,-0.004035,0.010184,0.002850,-0.130013,0.990548,0.043719,0.000000,0.000000,0.000000,-1,-0.131363,1.002457,0.046463,0.001002,-0.101773,0.004703,135.083832,284.106781,-761.363831,0,0
3.440000,-1.895602,-1.433236,-1.745827,0.979989,0.150775,0.129957,0.135032,-0.023879,-0.990553,-0.146247,0.988280,-0.043761,-0.715477,-0.099866,0.005692,0.691439,0.001490,-0.001211,-0.000639,0.001524,0.009874,-0.000029,-0.129957,0.990553,0.043761,0.000000,0.000000,0.000000,-1,-0.128189,1.000839,0.044220,0.002063,-0.099654,0.003618,136.660690,283.932159,-761.530823,0,0
3.480000,-1.895366,-1.433320,-1.745587,0.979998,0.150775,0.129889,0.134956,-0.023832,-0.990565,-0.146257,0.988281,-0.043703,-0.715460,-0.099842,0.005720,0.691459,0.000411,-0.000116,-0.000607,0.001532,0.013006,0.000959,-0.129889,0.990565,0.043704,0.000000,0.000000,0.000000,-1,-0.125061,1.002457,0.043304,0.003127,-0.103894,0.004689,136.135071,282.709839,-761.697876,0,0
3.520000,-1.895335,-1.433497,-1.745533,0.980017,0.150793,0.129723,0.134784,-0.023794,-0.990589,-0.146287,0.988279,-0.043643,-0.715446,-0.099790,0.005788,0.691480,-0.000656,0.000942,-0.001662,-0.004356,0.008480,0.000470,-0.129723,0.990589,0.043643,0.000000,0.000000,0.000000,-1,-0.134476,1.000168,0.042297,-0.003256,-0.103895,0.003696,135.083832,283.059082,-762.031860,0,0
3.560000,-1.895679,-1.433313,-1.745788,0.979982,0.150887,0.129881,0.134957,-0.023861,-0.990564,-0.146364,0.988263,-0.043746,-0.715470,-0.099880,0.005759,0.691443,-0.003854,-0.006482,-0.002658,-0.000520,0.010443,0.000275,-0.129881,0.990564,0.043746,0.000000,0.000000,0.000000,-1,-0.125031,1.002060,0.041595,-0.003261,-0.104957,0.002637,135.259048,282.884460,-761.864868,0,0
3.600000,-1.896043,-1.433634,-1.746028,0.980006,0.151004,0.129564,0.134639,-0.023837,-0.990608,-0.146497,0.988246,-0.043692,-0.715461,-0.099811,0.005917,0.691462,-0.000650,-0.003297,0.000486,0.003069,0.012108,-0.003531,-0.129564,0.990608,0.043692,0.000000,0.000000,0.000000,-1,-0.128830,1.000732,0.041611,0.000999,-0.106014,0.004722,134.908630,281.836731,-761.196838,0,0
3.640000,-1.895743,-1.433818,-1.745596,0.980008,0.151127,0.129405,0.134470,-0.023748,-0.990633,-0.146639,0.988229,-0.043595,-0.715428,-0.099799,0.006022,0.691496,0.001456,-0.006443,0.000502,0.000575,0.012617,-0.000458,-0.129405,0.990633,0.043595,0.000000,0.000000,0.000000,-1,-0.127426,1.000595,0.043610,-0.000066,-0.108134,0.004744,134.908630,283.582947,-762.198853,0,0
3.680000,-1.896471,-1.434069,-1.745885,0.979977,0.151557,0.129137,0.134217,-0.023743,-0.990667,-0.147077,0.988163,-0.043609,-0.715425,-0.099862,0.006269,0.691488,0.000381,-0.011748,-0.001588,0.002000,0.009027,0.000992,-0.129137,0.990667,0.043609,0.000000,0.000000,0.000000,-1,-0.128998,1.000122,0.043564,0.000983,-0.116619,0.002643,135.784668,283.408325,-761.697876,0,0
3.720000,-1.897341,-1.434018,-1.746120,0.979877,0.152188,0.129147,0.134262,-0.023783,-0.990660,-0.147695,0.988065,-0.043738,-0.715437,-0.100096,0.006482,0.691440,-0.000688,-0.013871,-0.002630,-0.000705,0.010957,0.002588,-0.129147,0.990660,0.043738,0.000000,0.000000,0.000000,-1,-0.137421,1.000214,0.047852,-0.000077,-0.113439,0.002640,135.609451,282.535217,-761.530823,0,0
3.760000,-1.898394,-1.433665,-1.746801,0.979781,0.152569,0.129432,0.134590,-0.023936,-0.990612,-0.148039,0.988003,-0.043987,-0.715490,-0.100337,0.006501,0.691350,-0.001751,-0.012811,-0.002624,-0.006524,0.009540,0.003575,-0.129432,0.990612,0.043986,0.000000,0.000000,0.000000,-1,-0.134232,1.001678,0.045578,-0.002217,-0.114504,-0.000523,135.259048,281.836731,-763.534851,0,0
3.800000,-1.899818,-1.432903,-1.747614,0.979596,0.153197,0.130084,0.135314,-0.024178,-0.990508,-0.148598,0.987900,-0.044415,-0.715575,-0.100797,0.006468,0.691195,-0.002845,-0.009599,-0.005796,-0.005384,0.010240,0.000492,-0.130084,0.990508,0.044415,0.000000,0.000000,0.000000,-1,-0.133575,1.001511,0.044312,-0.002216,-0.108144,-0.001615,136.660690,282.535217,-760.862854,0,0
3.840000,-1.899453,-1.432583,-1.747107,0.979532,0.153341,0.130400,0.135638,-0.024165,-0.990464,-0.148727,0.987878,-0.044469,-0.715571,-0.100961,0.006403,0.691176,-0.003891,0.002065,-0.003711,-0.001268,0.010467,-0.002081,-0.130400,0.990464,0.044469,0.000000,0.000000,0.000000,-1,-0.132629,1.001724,0.045914,-0.003242,-0.091171,0.004702,136.135071,282.360596,-761.029846,0,0
3.880000,-1.899424,-1.432473,-1.747348,0.979559,0.153078,0.130504,0.135739,-0.024217,-0.990449,-0.148455,0.987917,-0.044501,-0.715590,-0.100902,0.006272,0.691166,-0.003874,0.008431,-0.000549,-0.003957,0.010650,0.001306,-0.130504,0.990449,0.044501,0.000000,0.000000,0.000000,-1,-0.136749,1.000061,0.046875,-0.001125,-0.097534,0.003644,137.011108,282.884460,-760.528809,0,0
3.920000,-1.899850,-1.432096,-1.748087,0.979560,0.152784,0.130839,0.136089,-0.024383,-0.990396,-0.148126,0.987959,-0.044677,-0.715650,-0.100913,0.006039,0.691104,-0.003874,0.008430,-0.000550,-0.002905,0.010977,0.000550,-0.130839,0.990396,0.044677,0.000000,0.000000,0.000000,-1,-0.133636,1.001816,0.047318,0.001011,-0.090111,0.004650,135.434250,283.059082,-760.695801,0,0
3.960000,-1.900271,-1.431998,-1.748887,0.979608,0.152418,0.130912,0.136165,-0.024509,-0.990383,-0.147744,0.988012,-0.044764,-0.715696,-0.100805,0.005880,0.691074,-0.002817,0.016950,0.001547,-0.002511,0.012257,0.002768,-0.130912,0.990383,0.044764,0.000000,0.000000,0.000000,-1,-0.134979,1.000336,0.045929,-0.003217,-0.074203,0.007816,135.434250,282.011353,-761.029846,0,0
4.000000,-1.900988,-1.431867,-1.750628,0.979750,0.151425,0.131002,0.136249,-0.024770,-0.990365,-0.146721,0.988158,-0.044899,-0.715789,-0.100474,0.005490,0.691028,-0.003886,0.025426,-0.001671,-0.004359,0.009589,0.001106,-0.131002,0.990365,0.044899,0.000000,0.000000,0.000000,-1,-0.129105,1.000641,0.044601,-0.006428,-0.080571,0.003626,135.959869,283.233704,-762.198853,0,0
4.040000,-1.902471,-1.431842,-1.753039,0.979893,0.150527,0.130959,0.136214,-0.025103,-0.990361,-0.145789,0.988287,-0.045102,-0.715908,-0.100132,0.005179,0.690957,-0.008144,0.012704,-0.000502,0.001610,0.011180,0.001331,-0.130959,0.990361,0.045102,0.000000,0.000000,0.000000,-1,-0.127014,1.002716,0.043549,-0.007493,-0.089051,0.004739,136.660690,282.535217,-761.196838,0,0
4.080000,-1.903804,-1.431972,-1.754732,0.979970,0.150184,0.130777,0.136045,-0.025310,-0.990379,-0.145429,0.988334,-0.045234,-0.715981,-0.099943,0.005116,0.690910,-0.009209,0.009522,-0.000474,0.001383,0.011787,-0.002006,-0.130777,0.990379,0.045234,0.000000,0.000000,0.000000,-1,-0.128922,1.001358,0.041916,-0.005380,-0.095415,0.002617,136.835892,282.360596,-760.695801,0,0
4.120000,-1.903763,-1.432081,-1.754960,0.980025,0.149917,0.130676,0.135933,-0.025321,-0.990394,-0.145168,0.988374,-0.045194,-0.715985,-0.099810,0.005060,0.690925,-0.003926,0.005319,-0.001556,0.001602,0.012322,-0.003735,-0.130676,0.990394,0.045194,0.000000,0.000000,0.000000,-1,-0.129700,1.002243,0.040131,-0.002197,-0.103897,0.002621,134.908630,283.233704,-761.864868,0,0
4.160000,-1.903170,-1.432319,-1.754226,0.980031,0.150044,0.130481,0.135720,-0.025178,-0.990427,-0.145323,0.988359,-0.045039,-0.715934,-0.099787,0.005183,0.690980,-0.002869,-0.006344,-0.001513,0.002993,0.008901,-0.002238,-0.130481,0.990427,0.045039,0.000000,0.000000,0.000000,-1,-0.130325,1.000824,0.043030,-0.004320,-0.111315,0.004805,135.259048,282.535217,-762.866882,0,0
4.200000,-1.904713,-1.432396,-1.755292,0.979977,0.150523,0.130339,0.135618,-0.025309,-0.990438,-0.145785,0.988282,-0.045215,-0.715979,-0.099913,0.005393,0.690915,-0.005005,-0.019068,-0.001431,0.001479,0.011698,-0.000935,-0.130339,0.990438,0.045216,0.000000,0.000000,0.000000,-1,-0.126602,1.001724,0.044388,-0.004328,-0.120857,0.004848,136.485489,282.360596,-762.031860,0,0
4.240000,-1.906228,-1.432599,-1.756227,0.979923,0.151099,0.130080,0.135396,-0.025398,-0.990466,-0.146355,0.988192,-0.045347,-0.716008,-0.100032,0.005682,0.690865,-0.003928,-0.018003,0.001744,0.003112,0.010770,-0.002012,-0.130080,0.990466,0.045347,0.000000,0.000000,0.000000,-1,-0.130814,1.002319,0.044601,-0.001129,-0.119794,0.006935,136.310287,281.836731,-762.866882,0,0
