0.000000,2.645304,-0.605236,1.758872,0.430552,-0.813196,-0.391583,-0.807866,-0.153757,-0.568956,0.402464,0.561311,-0.723154,-0.759517,0.533584,-0.003582,0.372035,-0.002589,-0.002930,0.003855,-0.003170,-0.002016,-0.000025,0.391583,0.568956,0.723154,0.000000,0.000000,0.000000,-1,0.390549,0.568314,0.722427,-0.026640,-0.000072,-0.008316,57.483978,229.760101,-481.481323,0,0
0.040000,2.645112,-0.605150,1.758854,0.430582,-0.813102,-0.391745,-0.807917,-0.153752,-0.568885,0.402330,0.561449,-0.723122,-0.759516,0.533570,-0.003484,0.372058,-0.001543,-0.007185,0.001731,-0.001013,-0.001075,-0.002770,0.391745,0.568885,0.723122,0.000000,0.000000,0.000000,-1,0.391861,0.567520,0.722504,-0.028742,0.005263,-0.004058,58.187149,228.002182,-480.475800,0,0
0.080000,2.644839,-0.604893,1.758722,0.430485,-0.813025,-0.392012,-0.808081,-0.153672,-0.568674,0.402105,0.561583,-0.723143,-0.759490,0.533617,-0.003322,0.372045,-0.006851,-0.005028,0.006028,0.001207,-0.003565,-0.001433,0.392012,0.568674,0.723143,0.000000,0.000000,0.000000,-1,0.389877,0.566971,0.721390,-0.027698,0.002046,-0.008315,56.253433,228.881149,-480.308228,0,0
0.120000,2.644628,-0.604539,1.758783,0.430483,-0.812906,-0.392261,-0.808269,-0.153760,-0.568383,0.401728,0.561732,-0.723237,-0.759520,0.533618,-0.003116,0.371983,-0.002612,-0.004036,-0.001466,-0.003345,-0.003762,-0.002397,0.392261,0.568383,0.723238,0.000000,0.000000,0.000000,-1,0.387665,0.565735,0.723038,-0.024508,0.004124,-0.012609,56.429230,230.111694,-480.810974,0,0
0.160000,2.644718,-0.604567,1.759033,0.430661,-0.812847,-0.392188,-0.808215,-0.153958,-0.568406,0.401646,0.561762,-0.723259,-0.759585,0.533535,-0.003113,0.371969,0.002694,-0.005131,-0.005766,-0.002906,-0.003602,-0.002876,0.392188,0.568406,0.723259,0.000000,0.000000,0.000000,-1,0.390594,0.568420,0.724182,-0.025572,0.006223,-0.014740,58.011368,229.584320,-479.973022,0,0
0.200000,2.644781,-0.604677,1.759184,0.430801,-0.812809,-0.392112,-0.808130,-0.154069,-0.568497,0.401667,0.561787,-0.723228,-0.759621,0.533469,-0.003145,0.371989,0.000591,0.000207,-0.001510,-0.000755,0.000931,-0.001396,0.392112,0.568497,0.723228,0.000000,0.000000,0.000000,-1,0.393585,0.569580,0.721237,-0.022339,0.013696,-0.008401,56.956604,229.935898,-478.297150,0,0
0.240000,2.644649,-0.604698,1.758968,0.430687,-0.812826,-0.392203,-0.808152,-0.153892,-0.568514,0.401746,0.561811,-0.723166,-0.759563,0.533523,-0.003141,0.372031,0.002727,-0.001875,0.002742,-0.001486,-0.002840,0.001001,0.392203,0.568514,0.723166,0.000000,0.000000,0.000000,-1,0.388290,0.563599,0.731918,-0.023423,0.007341,-0.008368,57.308197,228.177979,-481.648926,0,0
0.280000,2.644776,-0.604522,1.759036,0.430622,-0.812881,-0.392158,-0.808240,-0.153965,-0.568369,0.401638,0.561710,-0.723304,-0.759587,0.533553,-0.003120,0.371939,0.001641,-0.002956,-0.000441,-0.002556,-0.003778,0.004693,0.392158,0.568369,0.723304,0.000000,0.000000,0.000000,-1,0.388657,0.567017,0.721405,-0.022353,0.012597,-0.012658,58.187149,228.353775,-480.475800,0,0
0.320000,2.645014,-0.604761,1.759045,0.430626,-0.812994,-0.391921,-0.808105,-0.153947,-0.568565,0.401905,0.561553,-0.723278,-0.759581,0.533551,-0.003286,0.371955,0.003800,0.005530,0.000572,0.001466,-0.001656,-0.001171,0.391921,0.568565,0.723278,0.000000,0.000000,0.000000,-1,0.390671,0.565735,0.722473,-0.020209,0.014744,-0.009486,57.483978,229.056946,-479.135101,0,0
0.360000,2.645082,-0.604803,1.758873,0.430475,-0.813103,-0.391861,-0.808108,-0.153804,-0.568600,0.402061,0.561434,-0.723283,-0.759533,0.533621,-0.003357,0.371950,0.003792,0.004459,-0.000487,0.000305,-0.002759,-0.003511,0.391861,0.568600,0.723284,0.000000,0.000000,0.000000,-1,0.393417,0.563873,0.735367,-0.022354,0.011548,-0.011588,56.253433,227.123230,-480.643372,0,0
0.400000,2.645268,-0.604448,1.758972,0.430344,-0.813191,-0.391822,-0.808291,-0.153922,-0.568308,0.401832,0.561274,-0.723534,-0.759572,0.533682,-0.003295,0.371782,-0.002624,-0.005061,-0.000409,-0.000724,-0.003336,0.001609,0.391822,0.568308,0.723534,0.000000,0.000000,0.000000,-1,0.391418,0.564941,0.721436,-0.027712,-0.000101,-0.011503,56.956604,227.826401,-480.308228,0,0
0.440000,2.644983,-0.604275,1.759029,0.430439,-0.813019,-0.392076,-0.808379,-0.153986,-0.568165,0.401555,0.561506,-0.723509,-0.759594,0.533639,-0.003120,0.371801,-0.001583,-0.011427,-0.001456,-0.000596,-0.002690,-0.001844,0.392076,0.568165,0.723509,0.000000,0.000000,0.000000,-1,0.390762,0.566315,0.717819,-0.023455,-0.003250,-0.008329,56.429230,228.353775,-480.475800,0,0
0.480000,2.644511,-0.604331,1.758883,0.430531,-0.812813,-0.392401,-0.808370,-0.153862,-0.568212,0.401474,0.561838,-0.723296,-0.759554,0.533597,-0.002986,0.371945,0.003784,-0.001848,0.003793,-0.001639,-0.001897,-0.005476,0.392401,0.568212,0.723296,0.000000,0.000000,0.000000,-1,0.391663,0.565048,0.715073,-0.019150,0.013675,-0.010556,57.483978,228.705353,-480.810974,0,0
0.520000,2.644197,-0.604551,1.758550,0.430472,-0.812763,-0.392569,-0.808298,-0.153570,-0.568393,0.401682,0.561990,-0.723062,-0.759458,0.533625,-0.003000,0.372102,-0.000489,-0.005061,0.000645,0.001062,-0.004138,0.001837,0.392569,0.568393,0.723062,0.000000,0.000000,0.000000,-1,0.395737,0.564743,0.724686,-0.029887,-0.014929,-0.011431,58.011368,228.177979,-480.308228,0,0
0.560000,2.642826,-0.604104,1.758477,0.430790,-0.812056,-0.393682,-0.808559,-0.153558,-0.568025,0.400815,0.563014,-0.722747,-0.759456,0.533479,-0.002348,0.372319,0.004793,-0.022999,0.008132,-0.001363,0.001571,0.006181,0.393682,0.568025,0.722747,0.000000,0.000000,0.000000,-1,0.391876,0.571182,0.725906,-0.017068,-0.011636,0.001241,57.483978,228.353775,-481.816528,0,0
0.600000,2.642589,-0.604131,1.758354,0.430795,-0.811974,-0.393846,-0.808563,-0.153456,-0.568047,0.400801,0.563161,-0.722640,-0.759423,0.533476,-0.002290,0.372391,0.006939,-0.020841,0.012368,-0.001969,0.003136,0.003266,0.393846,0.568047,0.722640,0.000000,0.000000,0.000000,-1,0.391724,0.566132,0.717712,-0.019170,-0.004202,0.003360,56.956604,228.177979,-480.978577,0,0
0.640000,2.641296,-0.604084,1.757411,0.430529,-0.811655,-0.394792,-0.808734,-0.152698,-0.568008,0.400743,0.563826,-0.722153,-0.759174,0.533602,-0.001959,0.372719,-0.002615,-0.011329,0.010275,-0.001833,-0.003464,-0.002579,0.394792,0.568008,0.722153,0.000000,0.000000,0.000000,-1,0.394379,0.566162,0.721802,-0.025572,-0.005299,-0.000847,56.780823,227.650604,-480.810974,0,0
0.680000,2.640299,-0.603564,1.756812,0.430240,-0.811389,-0.395654,-0.809115,-0.152268,-0.567580,0.400283,0.564325,-0.722019,-0.759033,0.533739,-0.001525,0.372811,0.001634,-0.013438,0.011319,0.000464,-0.004043,0.000409,0.395654,0.567580,0.722019,0.000000,0.000000,0.000000,-1,0.397369,0.564758,0.722870,-0.023450,-0.008467,0.000214,57.132401,228.353775,-481.146149,0,0
0.720000,2.639505,-0.603276,1.756459,0.430160,-0.811113,-0.396306,-0.809329,-0.152013,-0.567344,0.399936,0.564790,-0.721847,-0.758950,0.533778,-0.001196,0.372928,-0.000536,-0.023000,0.008177,-0.000599,-0.003180,-0.001052,0.396306,0.567344,0.721847,0.000000,0.000000,0.000000,-1,0.396210,0.562302,0.719803,-0.026680,-0.016979,-0.003991,57.835571,228.353775,-480.475800,0,0
0.760000,2.638123,-0.602853,1.756250,0.430378,-0.810453,-0.397419,-0.809597,-0.151888,-0.566995,0.399160,0.565771,-0.721509,-0.758909,0.533677,-0.000573,0.373156,-0.008021,-0.034670,0.005076,-0.001941,-0.004419,-0.002301,0.397419,0.566995,0.721509,0.000000,0.000000,0.000000,-1,0.399292,0.565155,0.717941,-0.032028,-0.022303,-0.007125,56.605026,228.529572,-479.973022,0,0
0.800000,2.636765,-0.602549,1.756066,0.430652,-0.809785,-0.398482,-0.809794,-0.151771,-0.566744,0.398463,0.566758,-0.721119,-0.758871,0.533549,0.000006,0.373417,-0.002634,-0.017688,0.009233,0.002107,-0.000430,-0.004521,0.398482,0.566744,0.721119,0.000000,0.000000,0.000000,-1,0.402130,0.563309,0.720642,-0.024494,-0.000014,-0.001941,57.659775,228.529572,-481.648926,0,0
0.840000,2.635910,-0.602257,1.755496,0.430416,-0.809567,-0.399178,-0.810043,-0.151339,-0.566504,0.398212,0.567184,-0.720923,-0.758729,0.533659,0.000318,0.373548,-0.000470,-0.004993,0.008107,0.004096,-0.003989,-0.005469,0.399178,0.566504,0.720923,0.000000,0.000000,0.000000,-1,0.406113,0.561615,0.717178,-0.025551,0.004204,-0.004079,57.308197,228.529572,-480.308228,0,0
0.880000,2.635246,-0.601854,1.755132,0.430228,-0.809376,-0.399768,-0.810322,-0.151087,-0.566172,0.397847,0.567523,-0.720858,-0.758645,0.533747,0.000633,0.373592,-0.005812,-0.009243,0.007105,0.003751,-0.005854,-0.003603,0.399768,0.566172,0.720857,0.000000,0.000000,0.000000,-1,0.406403,0.560440,0.714981,-0.028759,0.003106,-0.008311,58.011368,229.232727,-478.632324,0,0
0.920000,2.634121,-0.601297,1.754856,0.430232,-0.808897,-0.400731,-0.810674,-0.150921,-0.565713,0.397125,0.568250,-0.720683,-0.758590,0.533744,0.001189,0.373707,-0.006885,-0.011412,0.000732,0.003672,0.001014,-0.004985,0.400731,0.565713,0.720683,0.000000,0.000000,0.000000,-1,0.404099,0.565216,0.717178,-0.028801,-0.010663,-0.008259,58.011368,230.287491,-480.308228,0,0
0.960000,2.633852,-0.601244,1.754805,0.430277,-0.808770,-0.400940,-0.810711,-0.150885,-0.565669,0.397000,0.568440,-0.720601,-0.758578,0.533723,0.001298,0.373762,-0.004775,-0.019867,0.002879,0.003159,-0.000453,-0.003423,0.400940,0.565669,0.720601,0.000000,0.000000,0.000000,-1,0.398712,0.565170,0.715393,-0.021371,-0.014941,-0.012562,57.308197,229.232727,-480.308228,0,0
1.000000,2.633060,-0.601719,1.754846,0.430812,-0.808267,-0.401379,-0.810441,-0.150869,-0.566060,0.396972,0.569160,-0.720049,-0.758573,0.533472,0.001453,0.374130,0.004844,0.000146,-0.008992,-0.006512,0.001475,-0.008928,0.401379,0.566060,0.720049,0.000000,0.000000,0.000000,-1,0.396484,0.565277,0.709854,-0.023418,0.017834,-0.019061,57.132401,228.002182,-479.135101,0,0
1.040000,2.633835,-0.602327,1.755211,0.431038,-0.808507,-0.400654,-0.810047,-0.151101,-0.566561,0.397529,0.568758,-0.720059,-0.758650,0.533367,0.001030,0.374125,0.005966,0.020239,-0.012274,0.002606,-0.004824,-0.003125,0.400654,0.566561,0.720059,0.000000,0.000000,0.000000,-1,0.400009,0.556030,0.718460,-0.012746,0.033630,-0.028791,58.714523,230.287491,-480.978577,0,0
1.080000,2.635818,-0.602951,1.755918,0.431067,-0.809282,-0.399054,-0.809593,-0.151609,-0.567075,0.398423,0.567519,-0.720542,-0.758818,0.533354,0.000208,0.373803,0.023061,0.064472,-0.039201,-0.002356,-0.013196,-0.004096,0.399054,0.567075,0.720542,0.000000,0.000000,0.000000,-1,0.388184,0.561478,0.716522,-0.000954,0.081051,-0.054628,58.538742,228.705353,-480.140625,0,0
1.120000,2.638926,-0.604108,1.757136,0.431264,-0.810433,-0.396496,-0.808762,-0.152473,-0.568028,0.399894,0.565641,-0.721204,-0.759102,0.533260,-0.001119,0.373359,0.020959,0.076080,-0.046690,-0.008312,-0.006550,-0.004682,0.396496,0.568028,0.721204,0.000000,0.000000,0.000000,-1,0.410339,0.571320,0.732513,-0.004074,0.098087,-0.045080,57.835571,229.056946,-480.140625,0,0
1.160000,2.645092,-0.606742,1.757792,0.430338,-0.813432,-0.391328,-0.807189,-0.152725,-0.570194,0.404048,0.561251,-0.722317,-0.759174,0.533679,-0.004189,0.372591,0.084964,0.134125,-0.066565,0.028945,-0.005329,0.014072,0.391328,0.570194,0.722317,0.000000,0.000000,0.000000,-1,0.422409,0.561325,0.720413,0.070442,0.129429,-0.090518,57.659775,228.529572,-481.313721,0,0
1.200000,2.646141,-0.610219,1.757457,0.430974,-0.813913,-0.389625,-0.805287,-0.152085,-0.573047,0.407154,0.560728,-0.720978,-0.758953,0.533366,-0.005774,0.373467,0.095323,0.071218,-0.107936,0.055962,0.001569,-0.030930,0.389625,0.573047,0.720978,0.000000,0.000000,0.000000,-1,0.451675,0.631729,0.678772,0.056175,0.040933,-0.153995,56.605026,228.881149,-480.308228,0,0
1.240000,2.647557,-0.614829,1.759546,0.433855,-0.813469,-0.387347,-0.802364,-0.153271,-0.576819,0.409855,0.561049,-0.719196,-0.759329,0.531994,-0.007411,0.374629,0.089814,0.034867,-0.142907,0.056776,0.075418,-0.039127,0.387347,0.576819,0.719196,0.000000,0.000000,0.000000,-1,0.389435,0.671967,0.668152,0.113650,0.010469,-0.125563,56.956604,228.881149,-480.643372,0,0
1.280000,2.647955,-0.623439,1.760744,0.437929,-0.812545,-0.384693,-0.797273,-0.153288,-0.583831,0.415420,0.562381,-0.714950,-0.759303,0.530031,-0.010117,0.377389,0.169742,0.008830,-0.095507,-0.003299,0.086701,-0.061767,0.384693,0.583831,0.714950,0.000000,0.000000,0.000000,-1,0.401596,0.625336,0.595016,0.153336,0.091131,-0.106998,55.726059,228.705353,-481.816528,0,0
1.320000,2.652099,-0.635292,1.760958,0.440802,-0.813924,-0.378446,-0.790389,-0.152140,-0.593413,0.425416,0.560697,-0.710380,-0.758835,0.528545,-0.015474,0.380224,0.150912,0.142966,-0.135285,0.022662,0.016267,-0.127799,0.378446,0.593413,0.710380,0.000000,0.000000,0.000000,-1,0.416122,0.601349,0.573166,0.102321,0.157466,-0.150529,55.901855,230.287491,-482.319275,0,0
1.360000,2.656152,-0.641622,1.762522,0.442679,-0.815050,-0.373804,-0.786447,-0.152657,-0.598496,0.430740,0.558918,-0.708571,-0.758931,0.527550,-0.018755,0.381264,0.081722,0.160739,-0.159314,0.038534,-0.000656,-0.130370,0.373804,0.598496,0.708571,0.000000,0.000000,0.000000,-1,0.410629,0.638794,0.623367,0.039484,0.196167,-0.204518,56.077652,229.056946,-481.481323,0,0
1.400000,2.666310,-0.648882,1.768526,0.445802,-0.817518,-0.364589,-0.781235,-0.156519,-0.604296,0.436958,0.554226,-0.708450,-0.760061,0.525863,-0.023803,0.381062,0.078598,0.226916,-0.221344,0.045415,0.046583,-0.068847,0.364589,0.604296,0.708450,0.000000,0.000000,0.000000,-1,0.375000,0.686600,0.653763,0.092681,0.233711,-0.266860,55.022903,229.056946,-480.140625,0,0
1.440000,2.682642,-0.662012,1.777987,0.450919,-0.821324,-0.349425,-0.771887,-0.162256,-0.614705,0.448176,0.546899,-0.707134,-0.761628,0.522962,-0.032414,0.381290,0.155361,0.236607,-0.201742,0.041368,-0.004735,-0.058468,0.349425,0.614705,0.707134,0.000000,0.000000,0.000000,-1,0.343307,0.450348,0.703247,0.115547,0.294229,-0.136229,55.726059,228.353775,-482.151672,0,0
1.480000,2.693967,-0.668249,1.779981,0.449541,-0.826134,-0.339729,-0.767797,-0.162995,-0.619613,0.456509,0.539384,-0.707576,-0.761596,0.523221,-0.038334,0.380450,0.151211,0.285190,-0.214656,-0.005210,-0.213485,0.016651,0.339729,0.619613,0.707576,0.000000,0.000000,0.000000,-1,0.290924,0.445358,0.799896,0.256163,0.481928,-0.338304,53.616562,229.760101,-480.810974,0,0
1.520000,2.712762,-0.677274,1.787473,0.450001,-0.832167,-0.324032,-0.761062,-0.167535,-0.626671,0.467208,0.528611,-0.708722,-0.762604,0.522299,-0.055140,0.378243,0.367448,0.555816,-0.497520,0.011527,-0.062521,0.226787,0.309732,0.634909,0.707783,0.000000,0.000000,0.000000,-1,0.379852,0.659164,0.909164,0.238601,0.424477,-0.480706,53.792358,230.639069,-482.319275,0,0
1.560000,2.743085,-0.695120,1.806113,0.456565,-0.838295,-0.298009,-0.746812,-0.179055,-0.640477,0.483549,0.514976,-0.707799,-0.765411,0.517730,-0.060602,0.377396,-0.154384,-0.093556,-0.174639,0.094707,0.049113,0.156779,0.298009,0.640477,0.707799,0.000000,0.000000,0.000000,-1,0.381256,0.622055,0.738297,-0.359650,-0.263784,-0.012202,52.737595,229.935898,-482.319275,0,0
1.600000,2.735482,-0.681251,1.809210,0.458698,-0.833926,-0.306861,-0.754813,-0.183447,-0.629765,0.468885,0.520495,-0.713605,-0.767423,0.517557,-0.052782,0.374715,-0.589642,-0.334549,0.215297,0.046975,-0.049916,0.007022,0.306861,0.629765,0.713605,0.000000,0.000000,0.000000,-1,0.290253,0.495850,0.751648,-0.694277,-0.260872,0.296129,53.089188,229.232727,-479.302673,0,0
1.640000,2.724655,-0.652297,1.808804,0.454458,-0.830602,-0.321820,-0.772289,-0.187362,-0.607014,0.443890,0.524400,-0.726613,-0.769486,0.520767,-0.039660,0.367588,-0.641278,-0.226763,0.301585,-0.047665,-0.131474,0.032848,0.321820,0.607014,0.726613,0.000000,0.000000,0.000000,-1,0.267166,0.447174,0.763245,-0.541071,-0.238299,0.220284,53.616562,230.111694,-478.799927,0,0
1.680000,2.715079,-0.626281,1.810388,0.451604,-0.826865,-0.335185,-0.787069,-0.192269,-0.586135,0.420209,0.528515,-0.737629,-0.771606,0.522914,-0.027548,0.361146,-0.272221,-0.153890,0.055560,-0.057063,-0.138549,0.021938,0.335185,0.586135,0.737629,0.000000,0.000000,0.000000,-1,0.281601,0.481964,0.766449,-0.220647,-0.057414,-0.027903,53.968140,229.056946,-481.146149,0,0
1.720000,2.719007,-0.621475,1.815277,0.452445,-0.827112,-0.333436,-0.788844,-0.196794,-0.582235,0.415956,0.526458,-0.741500,-0.773101,0.522557,-0.026685,0.358522,-0.023781,0.117696,-0.123160,-0.034348,-0.077551,0.027604,0.333436,0.582235,0.741500,0.000000,0.000000,0.000000,-1,0.363144,0.581161,0.771484,0.035741,0.311186,-0.136739,54.495514,228.529572,-480.308228,0,0
1.760000,2.731385,-0.624290,1.818160,0.450547,-0.832049,-0.323578,-0.786681,-0.198665,-0.584521,0.422067,0.517907,-0.744065,-0.773511,0.523176,-0.031832,0.356306,0.066529,0.331427,-0.029836,0.054001,-0.004550,0.028243,0.323578,0.584521,0.744065,0.000000,0.000000,0.000000,-1,0.398148,0.543304,0.763962,0.019142,0.333752,0.012450,54.495514,228.881149,-479.302673,0,0
1.800000,2.743319,-0.622896,1.815256,0.442617,-0.839566,-0.314991,-0.788045,-0.196577,-0.583389,0.427874,0.506445,-0.748624,-0.772628,0.526648,-0.036526,0.352639,0.022605,0.234186,-0.006728,0.086483,-0.109818,0.035449,0.314991,0.583389,0.748624,0.000000,0.000000,0.000000,-1,0.396271,0.469101,0.774902,-0.013352,0.194520,-0.040042,52.561813,230.814865,-478.464722,0,0
1.840000,2.747720,-0.620902,1.815485,0.440319,-0.841836,-0.312139,-0.789126,-0.197039,-0.581769,0.428251,0.502481,-0.751075,-0.772728,0.527664,-0.037566,0.350787,0.029496,0.098150,-0.054177,0.081965,-0.100308,0.009667,0.312139,0.581769,0.751075,0.000000,0.000000,0.000000,-1,0.386246,0.484833,0.748657,0.047860,0.036447,-0.066558,53.616562,229.408524,-478.129578,0,0
1.880000,2.746501,-0.621667,1.814993,0.440659,-0.841383,-0.312883,-0.788791,-0.196543,-0.582391,0.428519,0.503435,-0.750283,-0.772574,0.527514,-0.037419,0.351366,0.102522,-0.051091,-0.039238,0.070449,-0.100671,-0.001901,0.312883,0.582391,0.750283,0.000000,0.000000,0.000000,-1,0.371582,0.448822,0.757095,0.081653,-0.072466,-0.046170,53.440765,228.177979,-478.297150,0,0
1.920000,2.741308,-0.622102,1.814430,0.442539,-0.838973,-0.316676,-0.788656,-0.196037,-0.582745,0.426827,0.507636,-0.748415,-0.772495,0.526744,-0.035648,0.352876,0.077759,-0.095948,-0.078262,0.056874,-0.141522,0.020003,0.316676,0.582745,0.748415,0.000000,0.000000,0.000000,-1,0.402496,0.455139,0.777145,0.051656,-0.079424,-0.111962,53.440765,229.935898,-479.637878,0,0
1.960000,2.737660,-0.621246,1.815330,0.444581,-0.836782,-0.319600,-0.788963,-0.196867,-0.582049,0.424129,0.510921,-0.747713,-0.772846,0.525896,-0.033813,0.353554,0.071302,-0.090818,-0.094172,0.082896,-0.126910,0.029432,0.319600,0.582049,0.747713,0.000000,0.000000,0.000000,-1,0.420914,0.462875,0.800903,0.030316,-0.104720,-0.098918,52.210220,229.408524,-478.799927,0,0
2.000000,2.731184,-0.619932,1.818166,0.449267,-0.832288,-0.324740,-0.789142,-0.199292,-0.580980,0.418824,0.517281,-0.746329,-0.773771,0.523873,-0.030398,0.354840,-0.025798,-0.164747,-0.070733,0.127729,-0.126573,0.054819,0.324740,0.580980,0.746329,0.000000,0.000000,0.000000,-1,0.472061,0.414185,0.770294,-0.074257,-0.217608,-0.052940,53.440765,229.584320,-479.973022,0,1
2.040000,2.715715,-0.611196,1.817881,0.452599,-0.825038,-0.338330,-0.794090,-0.200300,-0.573847,0.405678,0.528387,-0.745810,-0.774388,0.522712,-0.021742,0.355840,-0.194547,-0.417840,0.049826,0.100650,-0.153208,0.031259,0.338330,0.573847,0.745810,0.000000,0.000000,0.000000,-1,0.416367,0.476395,0.802170,-0.246175,-0.450856,0.033428,55.198685,230.990646,-479.302673,0,0
2.080000,2.700185,-0.600385,1.818967,0.456052,-0.817166,-0.352501,-0.799839,-0.202675,-0.564960,0.390223,0.539595,-0.746031,-0.775364,0.521370,-0.012163,0.356141,-0.236514,-0.529282,0.026105,0.039894,-0.050052,0.073304,0.352501,0.564960,0.746031,0.000000,0.000000,0.000000,-1,0.282227,0.711731,0.862885,-0.267584,-0.430328,-0.037859,53.792358,228.881149,-479.973022,0,0
2.120000,2.687783,-0.592952,1.826420,0.464274,-0.807636,-0.363557,-0.802347,-0.209686,-0.558812,0.375084,0.551141,-0.745356,-0.777708,0.517541,-0.003705,0.356803,-0.211715,-0.268405,-0.167889,-0.025071,0.188198,0.124089,0.363557,0.558812,0.745356,0.000000,0.000000,0.000000,-1,0.440460,0.775085,0.950974,-0.192568,0.218438,-0.205998,55.901855,229.584320,-479.637878,0,0
2.160000,2.704442,-0.590837,1.838857,0.467367,-0.811143,-0.351589,-0.800816,-0.219961,-0.557056,0.374516,0.541908,-0.752379,-0.780978,0.516007,-0.007339,0.351791,-0.011047,0.178250,-0.083763,0.076435,0.191998,0.275865,0.351589,0.557056,0.752379,0.000000,0.000000,0.000000,-1,0.335037,0.731445,0.933975,0.021960,-0.094693,-0.045624,53.616562,228.705353,-478.464722,0,0
2.200000,2.696320,-0.593444,1.838577,0.471066,-0.806600,-0.357062,-0.799474,-0.219352,-0.559219,0.372744,0.548891,-0.748185,-0.780801,0.514239,-0.005021,0.354799,0.137222,-0.487424,-0.021694,-0.044807,0.173447,0.108184,0.357062,0.559219,0.748185,0.000000,0.000000,0.000000,-1,0.339996,0.727142,0.649124,0.178396,-0.512659,0.001603,54.495514,229.232727,-478.297150,0,0
2.240000,2.670785,-0.604666,1.832672,0.479803,-0.794057,-0.373178,-0.794643,-0.212989,-0.568487,0.371928,0.569306,-0.733185,-0.778777,0.509998,0.000401,0.365250,0.252021,-0.239246,0.015885,-0.010935,0.123407,-0.089615,0.373178,0.568487,0.733185,0.000000,0.000000,0.000000,-1,0.402023,0.548569,0.652084,0.300972,-0.108186,-0.010451,55.550278,229.584320,-478.967499,0,0
2.280000,2.657548,-0.622072,1.824502,0.484654,-0.788723,-0.378188,-0.786658,-0.203975,-0.582720,0.382464,0.579922,-0.719313,-0.775877,0.507613,-0.001378,0.374622,0.418604,-0.356841,-0.095774,0.025880,-0.066729,-0.063841,0.378188,0.582720,0.719313,0.000000,0.000000,0.000000,-1,0.365952,0.525406,0.690018,0.376217,-0.415070,-0.208034,54.143936,229.584320,-480.978577,0,0
2.320000,2.647085,-0.636129,1.826067,0.495074,-0.780484,-0.381768,-0.778335,-0.203118,-0.594086,0.386131,0.591260,-0.708036,-0.775601,0.502455,-0.001406,0.382073,0.438322,-0.273890,-0.401978,-0.038109,-0.049378,0.005618,0.381768,0.594086,0.708036,0.000000,0.000000,0.000000,-1,0.328308,0.622742,0.592407,0.460907,-0.381288,-0.447450,54.143936,229.935898,-480.643372,0,0
2.360000,2.627520,-0.664178,1.834987,0.519967,-0.761388,-0.387198,-0.760103,-0.205619,-0.616412,0.389714,0.614825,-0.685648,-0.776407,0.489914,-0.000810,0.396453,0.304106,-0.744067,-0.279860,-0.074942,0.038205,-0.170863,0.387198,0.616412,0.685648,0.000000,0.000000,0.000000,-1,0.308640,0.641449,0.443771,0.216507,-0.753064,-0.223639,55.901855,231.693817,-482.989624,0,0
2.400000,2.603711,-0.672844,1.836915,0.533897,-0.744598,-0.400659,-0.754524,-0.205671,-0.623213,0.381639,0.635038,-0.671624,-0.776401,0.482715,0.006125,0.405155,0.093841,-0.386133,-0.062246,-0.103845,-0.010435,-0.252465,0.400659,0.623212,0.671624,0.000000,0.000000,0.000000,-1,0.294174,0.596405,0.460464,0.069452,-0.218801,-0.064703,54.847107,230.287491,-481.984100,0,0
2.440000,2.599568,-0.677639,1.837563,0.537817,-0.741104,-0.401892,-0.751499,-0.205370,-0.626955,0.382103,0.639209,-0.667390,-0.776302,0.480677,0.006373,0.407755,0.095977,-0.005139,-0.095650,-0.064353,-0.017947,-0.150193,0.401892,0.626955,0.667390,0.000000,0.000000,0.000000,-1,0.381088,0.613297,0.561996,0.038923,-0.092874,-0.077722,54.495514,231.693817,-480.978577,0,0
2.480000,2.595803,-0.682539,1.837395,0.541036,-0.738261,-0.402803,-0.748560,-0.204432,-0.630765,0.383324,0.642789,-0.663238,-0.776000,0.479002,0.006275,0.410294,0.041454,-0.141185,-0.047926,-0.009981,-0.008512,-0.083938,0.402803,0.630765,0.663238,0.000000,0.000000,0.000000,-1,0.413971,0.585831,0.562973,-0.020707,-0.112776,-0.054813,54.671310,231.869614,-481.816528,0,0
2.520000,2.589584,-0.682908,1.839195,0.544874,-0.733231,-0.406797,-0.747967,-0.205717,-0.631051,0.379021,0.648115,-0.660522,-0.776388,0.476952,0.008944,0.411897,-0.128712,-0.080807,-0.047887,0.010317,-0.061319,-0.106094,0.406797,0.631051,0.660522,0.000000,0.000000,0.000000,-1,0.425583,0.562790,0.534073,-0.195171,-0.063992,-0.051513,53.616562,232.221191,-482.151672,0,0
2.560000,2.592073,-0.676227,1.844957,0.545542,-0.732430,-0.407345,-0.750811,-0.211160,-0.625855,0.372380,0.647269,-0.665113,-0.778109,0.476553,0.011234,0.409044,-0.231393,0.046065,0.039790,0.044636,-0.070527,-0.125181,0.407345,0.625855,0.665113,0.000000,0.000000,0.000000,-1,0.524643,0.517258,0.583115,-0.230587,0.161998,-0.010538,54.495514,231.693817,-483.324799,0,0
2.600000,2.596588,-0.664106,1.846847,0.540505,-0.735658,-0.408241,-0.757654,-0.214631,-0.616355,0.365806,0.642449,-0.673384,-0.779185,0.479126,0.013615,0.403885,-0.170258,0.267757,-0.033900,0.120568,-0.132575,-0.022352,0.408241,0.616355,0.673384,0.000000,0.000000,0.000000,-1,0.468567,0.481186,0.712051,-0.203704,0.291792,-0.062368,53.792358,230.990646,-481.648926,0,0
2.640000,2.609274,-0.654297,1.855962,0.538802,-0.739941,-0.402715,-0.761431,-0.223218,-0.608602,0.360436,0.634556,-0.683685,-0.781937,0.480017,0.013517,0.397461,-0.259598,0.083159,-0.181627,0.059230,-0.097005,0.027299,0.402715,0.608602,0.683685,0.000000,0.000000,0.000000,-1,0.657715,0.550735,0.727142,-0.262281,0.055298,-0.210172,53.968140,230.814865,-481.146149,0,0
2.680000,2.619124,-0.650557,1.867403,0.542309,-0.740417,-0.397094,-0.760999,-0.232578,-0.605630,0.356063,0.630627,-0.689586,-0.784932,0.478199,0.013068,0.393747,-0.146664,0.059313,-0.123821,0.266526,-0.056100,0.047002,0.397094,0.605630,0.689586,0.000000,0.000000,0.000000,-1,0.461090,0.748367,0.929672,0.081755,0.234778,-0.380769,54.495514,230.287491,-479.302673,0,0
2.720000,2.632029,-0.662525,1.879184,0.550856,-0.740704,-0.384599,-0.751246,-0.239310,-0.615109,0.363575,0.627765,-0.688276,-0.787153,0.473843,0.006677,0.394737,0.388051,0.033011,-0.437878,0.023864,0.144153,0.232836,0.384599,0.615109,0.688276,0.000000,0.000000,0.000000,-1,0.301117,0.868866,0.817978,0.463048,-0.031694,-0.440254,51.507065,230.463272,-480.810974,0,1
2.760000,2.637766,-0.690433,1.880323,0.559615,-0.740467,-0.372209,-0.734332,-0.234843,-0.636871,0.384171,0.629728,-0.675171,-0.785753,0.469231,-0.003806,0.402989,0.647832,0.234779,-0.261675,-0.136614,0.209610,0.010392,0.372209,0.636871,0.675171,0.000000,0.000000,0.000000,-1,0.200638,0.865799,0.632996,0.411878,0.140644,-0.245549,52.034439,232.396988,-482.319275,0,0
2.800000,2.642680,-0.699396,1.884073,0.563639,-0.740440,-0.366141,-0.727986,-0.235827,-0.643756,0.390317,0.629392,-0.671952,-0.786037,0.467035,-0.007689,0.404926,-0.032160,0.081609,-0.344238,-0.140479,0.298078,-0.015061,0.366141,0.643756,0.671952,0.000000,0.000000,0.000000,-1,0.275330,0.744827,0.769760,-0.223315,0.043229,-0.369162,52.210220,231.518036,-482.151672,0,0
2.840000,2.651809,-0.686182,1.909681,0.574462,-0.733161,-0.363962,-0.729669,-0.257196,-0.633588,0.370912,0.629544,-0.682714,-0.792839,0.461263,-0.002192,0.398294,-0.591007,-0.433823,-0.084428,-0.215540,-0.075970,0.086802,0.363962,0.633588,0.682714,0.000000,0.000000,0.000000,-1,0.153946,0.540344,0.742538,-0.663852,-0.422544,-0.120041,52.386017,232.396988,-480.643372,0,0
2.880000,2.649729,-0.670393,1.924948,0.580893,-0.724996,-0.370060,-0.734949,-0.271741,-0.621294,0.349875,0.632881,-0.690688,-0.797390,0.457726,0.006328,0.393213,-0.647160,-0.346900,-0.077927,-0.201786,-0.069323,0.040575,0.370060,0.621294,0.690688,0.000000,0.000000,0.000000,-1,0.246536,0.555817,0.595276,-0.625580,-0.531689,-0.010201,53.440765,231.342239,-480.308228,0,0
2.920000,2.629827,-0.654051,1.932878,0.587468,-0.709810,-0.388653,-0.742168,-0.281120,-0.608406,0.322595,0.645865,-0.691947,-0.800084,0.453696,0.020641,0.391919,-0.530960,-1.225641,0.193992,-0.110195,-0.041267,-0.108070,0.388653,0.608406,0.691947,0.000000,0.000000,0.000000,-1,0.360321,0.752655,0.731003,-0.358356,-0.547555,-0.002626,53.968140,232.221191,-480.140625,0,0
2.960000,2.603873,-0.639989,1.933411,0.590639,-0.694531,-0.410820,-0.749943,-0.284522,-0.597187,0.297878,0.660813,-0.688909,-0.800636,0.451040,0.035266,0.392813,-0.152158,-0.465985,0.454536,-0.017524,0.075344,-0.011907,0.410820,0.597187,0.688909,0.000000,0.000000,0.000000,-1,0.296417,0.465424,0.582779,-0.233668,-0.399990,0.723469,52.913391,231.166443,-479.470276,0,0
3.000000,2.575417,-0.612827,1.908523,0.570743,-0.694054,-0.438795,-0.771815,-0.271047,-0.575182,0.280273,0.666951,-0.690379,-0.795640,0.460595,0.049810,0.390294,-0.352019,-0.012603,0.456517,-0.150877,-0.210513,-0.056178,0.438795,0.575182,0.690379,0.000000,0.000000,0.000000,-1,0.304367,0.355881,0.738235,-0.366477,0.021063,0.323425,55.726059,230.111694,-479.470276,0,0
3.040000,2.574133,-0.599934,1.907351,0.564915,-0.695746,-0.443631,-0.779068,-0.272569,-0.564588,0.271890,0.664563,-0.696011,-0.795848,0.463284,0.053949,0.386114,-0.131794,-0.049709,-0.001009,-0.109433,-0.171171,0.067950,0.443631,0.564588,0.696011,0.000000,0.000000,0.000000,-1,0.429398,0.446564,0.723358,-0.014468,-0.045254,-0.197868,56.077652,229.760101,-478.464722,0,0
3.080000,2.582147,-0.597689,1.917916,0.569168,-0.695400,-0.438711,-0.777335,-0.281215,-0.562734,0.267953,0.661315,-0.700617,-0.798592,0.461041,0.053456,0.383189,0.102780,-0.055258,-0.259544,0.007288,-0.095571,-0.002375,0.438711,0.562734,0.700617,0.000000,0.000000,0.000000,-1,0.468613,0.496353,0.643402,0.103493,-0.069156,-0.260482,55.550278,229.935898,-477.626801,0,0
3.120000,2.578660,-0.604239,1.921572,0.575337,-0.690010,-0.439174,-0.772823,-0.282782,-0.568136,0.267829,0.666273,-0.695951,-0.799073,0.457666,0.053607,0.386201,0.148621,-0.150292,-0.111443,0.033925,-0.070181,-0.039624,0.439174,0.568136,0.695951,0.000000,0.000000,0.000000,-1,0.480850,0.476929,0.678467,0.127130,-0.152159,-0.072857,56.429230,229.056946,-478.129578,0,0
3.160000,2.566939,-0.603468,1.917421,0.575275,-0.684666,-0.447539,-0.774402,-0.279720,-0.567501,0.263363,0.673045,-0.691123,-0.797828,0.457200,0.057712,0.388726,0.107188,-0.164423,-0.033244,0.038774,-0.084988,-0.010077,0.447539,0.567501,0.691123,0.000000,0.000000,0.000000,-1,0.489655,0.518982,0.661880,0.087513,-0.316350,0.038859,55.726059,228.705353,-478.464722,0,1
3.200000,2.549886,-0.603693,1.911273,0.575630,-0.676606,-0.459188,-0.775987,-0.274911,-0.567686,0.257864,0.683102,-0.683285,-0.795900,0.456274,0.063238,0.392885,0.103659,-0.498638,0.247156,-0.025472,-0.070250,0.002064,0.459188,0.567686,0.683285,0.000000,0.000000,0.000000,-1,0.411423,0.421173,0.709656,0.031224,-0.491759,0.311610,58.362946,230.990646,-478.297150,0,0
3.240000,2.526692,-0.593169,1.899990,0.569219,-0.668722,-0.478331,-0.784650,-0.268055,-0.558991,0.245591,0.693511,-0.677295,-0.792870,0.458263,0.073386,0.394927,-0.100271,-0.357321,0.289764,-0.038649,-0.125382,0.028546,0.478331,0.558991,0.677295,0.000000,0.000000,0.000000,-1,0.414337,0.475342,0.752075,-0.168203,-0.244939,0.311166,58.362946,230.639069,-477.626801,0,0
3.280000,2.524541,-0.575906,1.895746,0.559015,-0.672300,-0.485299,-0.794808,-0.267764,-0.544594,0.236185,0.690156,-0.684033,-0.792277,0.462940,0.078607,0.389621,-0.450986,0.179109,0.332006,-0.088922,0.020393,0.128055,0.485299,0.544594,0.684033,0.000000,0.000000,0.000000,-1,0.456543,0.705109,0.853394,-0.664242,0.310480,0.116911,58.890320,230.111694,-477.459229,0,0
3.320000,2.546613,-0.554247,1.908231,0.552530,-0.683796,-0.476584,-0.802346,-0.281506,-0.526303,0.225723,0.673184,-0.704182,-0.796589,0.466408,0.078730,0.376445,-0.551771,0.684245,-0.137848,0.024118,0.317630,0.288616,0.476584,0.526303,0.704182,0.000000,0.000000,0.000000,-1,0.601349,0.928436,1.102158,-0.381476,0.840520,-0.286764,57.483978,228.353775,-477.794373,0,0
3.360000,2.579704,-0.554472,1.918158,0.551834,-0.700218,-0.452963,-0.799401,-0.289416,-0.526494,0.237566,0.652636,-0.719464,-0.800112,0.468566,0.067302,0.368427,0.133084,0.233792,0.071594,0.100245,0.459498,0.338855,0.452963,0.526494,0.719464,0.000000,0.000000,0.000000,-1,0.426483,0.898422,0.759857,0.169788,-0.341479,0.186395,56.077652,227.650604,-477.124023,0,0
3.400000,2.553992,-0.556890,1.907883,0.551785,-0.688525,-0.470602,-0.801128,-0.280766,-0.528549,0.231790,0.668658,-0.706519,-0.796723,0.467432,0.074936,0.375666,0.143633,-0.521190,0.094583,0.008157,0.283738,-0.127875,0.470602,0.528549,0.706519,0.000000,0.000000,0.000000,-1,0.535965,0.613190,0.689896,0.021382,-0.026912,0.068116,57.132401,230.111694,-478.129578,0,0
3.440000,2.554620,-0.561795,1.904901,0.551758,-0.689831,-0.468718,-0.799503,-0.277522,-0.532707,0.237398,0.668666,-0.704647,-0.795916,0.467805,0.072658,0.377356,0.050346,0.350034,0.038737,0.085222,0.024239,0.040714,0.468717,0.532707,0.704647,0.000000,0.000000,0.000000,-1,0.436142,0.507523,0.845871,0.190580,0.422790,-0.091484,56.429230,230.463272,-476.453674,0,0
3.480000,2.564114,-0.583003,1.904249,0.558221,-0.693322,-0.455735,-0.788830,-0.273240,-0.550534,0.257172,0.666817,-0.699441,-0.795440,0.465827,0.062407,0.382603,0.608031,-0.083143,-0.417873,-0.065858,-0.048947,0.061210,0.455735,0.550534,0.699441,0.000000,0.000000,0.000000,-1,0.326202,0.542648,0.557251,0.497918,-0.195022,-0.348295,56.253433,229.935898,-479.302673,0,0
3.520000,2.556099,-0.599744,1.901896,0.565907,-0.686774,-0.456169,-0.780645,-0.268349,-0.564431,0.265224,0.675522,-0.687987,-0.794079,0.461988,0.060115,0.390375,0.480400,-0.264840,-0.139219,-0.190697,-0.006326,-0.209304,0.456169,0.564431,0.687987,0.000000,0.000000,0.000000,-1,0.242523,0.592346,0.242737,0.347646,-0.354712,-0.210169,58.187149,230.111694,-480.140625,0,0
3.560000,2.540112,-0.619924,1.900004,0.577653,-0.673939,-0.460569,-0.770214,-0.263136,-0.580974,0.270348,0.690338,-0.671078,-0.792443,0.455601,0.060011,0.401073,0.266823,-0.099797,-0.163749,-0.149015,0.029470,-0.436993,0.460569,0.580974,0.671078,0.000000,0.000000,0.000000,-1,0.347809,0.581345,0.305099,0.211897,0.082742,-0.096767,57.308197,232.045410,-480.308228,0,0
3.600000,2.547613,-0.626330,1.896178,0.575765,-0.680364,-0.453430,-0.767673,-0.258992,-0.586176,0.281378,0.685585,-0.671416,-0.791545,0.457345,0.054341,0.401671,0.108114,0.434685,0.018714,-0.083817,-0.034342,-0.256773,0.453430,0.586176,0.671416,0.000000,0.000000,0.000000,-1,0.411331,0.562683,0.509323,0.058921,0.461889,0.010596,55.726059,231.869614,-480.810974,0,0
3.640000,2.558994,-0.627761,1.894485,0.571964,-0.688888,-0.445298,-0.767314,-0.257425,-0.587334,0.289977,0.677617,-0.675831,-0.791394,0.460012,0.049066,0.399596,0.035346,0.338046,-0.010189,-0.011658,-0.017419,-0.135030,0.445298,0.587334,0.675832,0.000000,0.000000,0.000000,-1,0.516663,0.561111,0.556778,-0.052771,0.211201,-0.069628,55.901855,232.396988,-480.308228,0,0
3.680000,2.561997,-0.628829,1.893473,0.570840,-0.691347,-0.442923,-0.766979,-0.256449,-0.588198,0.293062,0.675479,-0.676640,-0.791191,0.460801,0.047353,0.399296,-0.077105,0.176329,-0.084324,0.082483,-0.025713,-0.109975,0.442923,0.588198,0.676640,0.000000,0.000000,0.000000,-1,0.568512,0.600388,0.576523,-0.135886,0.226685,-0.114851,54.671310,231.518036,-479.135101,0,0
3.720000,2.569708,-0.627042,1.895400,0.569162,-0.695689,-0.438260,-0.767479,-0.258261,-0.586752,0.295011,0.670312,-0.680919,-0.791887,0.461924,0.045224,0.396857,-0.117845,0.378063,-0.024007,0.178058,0.003489,-0.041408,0.438260,0.586752,0.680919,0.000000,0.000000,0.000000,-1,0.490540,0.612564,0.687424,-0.112739,0.433822,-0.049757,55.022903,230.814865,-479.470276,0,0
3.760000,2.578544,-0.626117,1.896585,0.566986,-0.701040,-0.432516,-0.767686,-0.259345,-0.586003,0.298641,0.664291,-0.685223,-0.792394,0.463382,0.042238,0.394467,0.006036,0.273841,-0.177959,0.024347,0.068172,-0.008801,0.432516,0.586003,0.685223,0.000000,0.000000,0.000000,-1,0.640884,0.707962,0.508026,0.109064,-0.026349,-0.212746,55.198685,231.693817,-479.302673,0,0
3.800000,2.567552,-0.639114,1.892152,0.572553,-0.694420,-0.435848,-0.761537,-0.253511,-0.596485,0.303719,0.673434,-0.673975,-0.790576,0.460410,0.041783,0.401580,0.022458,-0.197951,0.124105,0.216373,-0.004184,-0.190851,0.435848,0.596485,0.673975,0.000000,0.000000,0.000000,-1,0.409332,0.592041,0.705658,-0.056733,-0.170768,0.087371,53.440765,233.451736,-478.632324,0,0
3.840000,2.551470,-0.640509,1.885992,0.573735,-0.686850,-0.446167,-0.762292,-0.248557,-0.597604,0.299566,0.682976,-0.666186,-0.788746,0.459319,0.046467,0.405891,0.002744,-0.172951,-0.142133,-0.045487,0.040290,0.075879,0.446167,0.597604,0.666186,0.000000,0.000000,0.000000,-1,0.359573,0.866501,0.849838,0.070349,-0.118878,-0.254712,54.495514,232.396988,-479.302673,0,0
3.880000,2.565838,-0.659659,1.887528,0.578327,-0.693132,-0.430239,-0.750896,-0.246118,-0.612847,0.318895,0.677491,-0.662807,-0.788551,0.457810,0.035300,0.409085,0.662767,0.978819,-0.310302,-0.161318,0.427146,0.414342,0.430239,0.612847,0.662807,0.000000,0.000000,0.000000,-1,0.175705,1.090820,1.133621,0.341613,0.852364,-0.251933,52.034439,233.451736,-478.967499,0,1
3.920000,2.589816,-0.677052,1.884651,0.575279,-0.708605,-0.408574,-0.741349,-0.240629,-0.626498,0.345625,0.663307,-0.663753,-0.787347,0.460392,0.019988,0.409541,0.199738,0.024764,0.052682,-0.207967,0.340818,0.330251,0.408574,0.626498,0.663752,0.000000,0.000000,0.000000,-1,0.278061,0.518707,0.742477,-0.133398,-0.268165,0.205516,53.089188,232.045410,-480.643372,0,0
3.960000,2.577426,-0.664212,1.892507,0.579898,-0.697459,-0.421034,-0.747006,-0.248969,-0.616439,0.325116,0.671986,-0.665382,-0.789660,0.457306,0.030367,0.407905,-0.662807,-0.658855,-0.014794,-0.220609,-0.166640,0.048180,0.421034,0.616439,0.665382,0.000000,0.000000,0.000000,-1,0.157532,0.436020,0.660095,-0.782558,-0.698837,0.008688,52.386017,231.342239,-479.302673,0,0
4.000000,2.563586,-0.642753,1.906907,0.585402,-0.682676,-0.437330,-0.755659,-0.264003,-0.599401,0.293741,0.681363,-0.670418,-0.793697,0.453049,0.045228,0.403417,-0.864182,-0.820612,0.127996,-0.269117,-0.132757,-0.010537,0.437330,0.599401,0.670418,0.000000,0.000000,0.000000,-1,0.252380,0.650818,0.688141,-0.642231,-0.830594,0.080536,54.847107,231.342239,-478.967499,0,0
4.040000,2.539050,-0.620709,1.919696,0.591423,-0.661571,-0.461023,-0.764454,-0.278095,-0.581612,0.256569,0.696410,-0.670212,-0.796827,0.447408,0.064146,0.400973,-0.389153,-0.738452,0.087783,-0.155878,0.098503,-0.018357,0.461023,0.581612,0.670212,0.000000,0.000000,0.000000,-1,0.407654,0.652878,0.561996,-0.219879,-0.854222,0.396945,56.077652,231.518036,-477.124023,0,0
4.080000,2.500241,-0.595495,1.902100,0.577976,-0.648555,-0.495298,-0.782851,-0.269287,-0.560918,0.230409,0.711942,-0.663363,-0.792248,0.451691,0.083588,0.401661,-0.284848,0.044819,0.835090,-0.166089,-0.029134,-0.120089,0.495298,0.560918,0.663363,0.000000,0.000000,0.000000,-1,0.342026,0.395264,0.632217,-0.367411,0.388655,0.787600,57.835571,229.760101,-475.783325,0,0
4.120000,2.506496,-0.574584,1.888237,0.557591,-0.664153,-0.497989,-0.797479,-0.262013,-0.543486,0.230478,0.700178,-0.675744,-0.789833,0.462639,0.084673,0.393648,-0.288115,0.571103,0.592380,-0.156543,-0.217482,-0.017983,0.497989,0.543486,0.675744,0.000000,0.000000,0.000000,-1,0.358246,0.294830,0.742096,-0.090875,0.386698,0.237887,56.956604,229.935898,-476.956451,0,0
4.160000,2.516969,-0.568400,1.881424,0.547663,-0.676146,-0.492841,-0.802430,-0.257596,-0.538285,0.237005,0.690269,-0.683635,-0.788811,0.468609,0.081083,0.389369,0.144583,0.189969,-0.067916,-0.099988,-0.199326,0.061970,0.492841,0.538285,0.683635,0.000000,0.000000,0.000000,-1,0.484238,0.381958,0.714279,0.225042,0.264241,-0.169991,57.659775,230.287491,-476.621277,0,0
4.200000,2.532237,-0.578005,1.883310,0.549670,-0.684158,-0.479365,-0.796986,-0.257508,-0.546354,0.250352,0.682362,-0.686809,-0.789618,0.468943,0.072507,0.389022,0.277272,0.256745,-0.290750,0.007848,-0.155928,0.046513,0.479365,0.546354,0.686809,0.000000,0.000000,0.000000,-1,0.482697,0.408173,0.730270,0.244645,0.155090,-0.290115,56.429230,232.572784,-478.129578,0,0
4.240000,2.537327,-0.584905,1.887756,0.554552,-0.684157,-0.473710,-0.792233,-0.259867,-0.552120,0.254635,0.681468,-0.686122,-0.790655,0.466825,0.069270,0.390052,0.193288,-0.064833,-0.249439,0.013244,-0.129253,0.029592,0.473710,0.552120,0.686122,0.000000,0.000000,0.000000,-1,0.490936,0.526535,0.689560,0.117130,-0.156842,-0.235757,56.956604,230.639069,-476.956451,0,1
4.280000,2.532166,-0.592313,1.892090,0.562150,-0.677101,-0.474891,-0.787196,-0.261999,-0.558282,0.253593,0.687670,-0.680294,-0.791272,0.462641,0.069918,0.393655,0.073660,-0.264097,-0.151873,0.013482,-0.009133,0.009800,0.474891,0.558282,0.680294,0.000000,0.000000,0.000000,-1,0.417175,0.453003,0.694031,-0.003208,-0.280479,-0.092672,56.956604,231.342239,-477.961975,0,0
