0.000000,1.700296,1.509267,-1.631655,0.995772,0.068701,-0.060976,0.061377,-0.003740,0.998108,0.068343,-0.997630,-0.007941,0.708423,0.045904,0.002600,0.704289,0.020462,-0.004649,0.009883,-0.006227,0.012481,0.000406,0.060976,-0.998108,0.007941,0.000000,0.000000,0.000000,-1,0.054977,-0.985092,0.008850,0.020176,-0.105998,0.015148,139.113571,194.526703,-778.565063,0,0
0.040000,1.700296,1.509267,-1.631655,0.995772,0.068701,-0.060976,0.061377,-0.003740,0.998108,0.068343,-0.997630,-0.007941,0.708423,0.045904,0.002600,0.704289,0.020462,-0.004649,0.009883,-0.006227,0.012481,0.000406,0.060976,-0.998108,0.007941,0.000000,0.000000,0.000000,-1,0.057358,-0.982468,0.009491,0.019111,-0.108118,0.015169,139.113571,194.526703,-778.565063,0,0
0.080000,1.716540,1.509805,-1.648306,0.995839,0.068324,-0.060308,0.060771,-0.004720,0.998141,0.067912,-0.997652,-0.008852,0.708768,0.045535,0.002682,0.703965,0.022567,-0.014198,0.005660,-0.002950,0.015673,0.000639,0.060308,-0.998141,0.008852,0.000000,0.000000,0.000000,-1,0.055725,-0.986832,0.015610,0.013757,-0.121912,0.007845,139.113571,193.828232,-779.233093,0,0
0.120000,1.734911,1.510124,-1.667800,0.995942,0.067236,-0.059821,0.060350,-0.005873,0.998160,0.066761,-0.997720,-0.009907,0.709176,0.044977,0.002447,0.703591,0.011937,-0.025862,0.004776,-0.003180,0.013404,0.001385,0.059821,-0.998160,0.009907,0.000000,0.000000,0.000000,-1,0.054245,-0.982666,0.012024,0.010561,-0.125095,0.006830,138.237549,194.352081,-779.066101,0,0
0.160000,1.746315,1.510392,-1.680308,0.996037,0.066155,-0.059441,0.060006,-0.006598,0.998176,0.065642,-0.997788,-0.010541,0.709432,0.044459,0.002185,0.703367,0.010867,-0.029047,0.001623,-0.006599,0.014061,0.005297,0.059441,-0.998176,0.010541,0.000000,0.000000,0.000000,-1,0.055801,-0.983810,0.017761,0.005231,-0.133579,0.004800,138.412750,193.478989,-777.897095,0,0
0.200000,1.753989,1.510467,-1.688936,0.996108,0.065218,-0.059284,0.059872,-0.007106,0.998181,0.064678,-0.997846,-0.010984,0.709612,0.044070,0.001900,0.703210,0.004497,-0.030108,0.001703,-0.003482,0.014370,0.006778,0.059284,-0.998181,0.010984,0.000000,0.000000,0.000000,-1,0.060135,-0.987747,0.014877,0.005234,-0.129339,0.004781,137.887131,194.352081,-779.066101,0,0
0.240000,1.763516,1.510321,-1.699993,0.996204,0.063711,-0.059319,0.059934,-0.007787,0.998172,0.063133,-0.997938,-0.011576,0.709853,0.043546,0.001343,0.703001,0.009806,-0.031175,-0.002605,-0.001275,0.012042,0.000998,0.059319,-0.998172,0.011576,0.000000,0.000000,0.000000,-1,0.059494,-0.983612,0.009689,0.010531,-0.128286,-0.000601,137.361511,193.828232,-779.233093,0,0
0.280000,1.769942,1.510005,-1.707529,0.996259,0.062619,-0.059553,0.060187,-0.008281,0.998153,0.062010,-0.998003,-0.012019,0.710028,0.043240,0.000865,0.702844,0.006620,-0.021637,-0.004742,0.000170,0.013320,0.005635,0.059553,-0.998153,0.012019,0.000000,0.000000,0.000000,-1,0.062210,-0.981873,0.016357,-0.000088,-0.121922,0.001615,139.288788,194.002853,-779.066101,0,0
0.320000,1.770687,1.509721,-1.708908,0.996282,0.061991,-0.059822,0.060456,-0.008403,0.998136,0.061373,-0.998041,-0.012120,0.710071,0.043111,0.000546,0.702809,0.000258,-0.018452,-0.001502,0.002388,0.016263,0.004238,0.059822,-0.998136,0.012120,0.000000,0.000000,0.000000,-1,0.063843,-0.979370,0.011993,-0.003278,-0.117683,0.000567,138.938370,193.653610,-779.066101,0,0
0.360000,1.768303,1.509133,-1.707448,0.996303,0.061071,-0.060426,0.061049,-0.008395,0.998099,0.060448,-0.998098,-0.012092,0.710069,0.042996,0.000008,0.702819,0.000243,-0.017406,-0.010061,0.002532,0.016013,0.000115,0.060426,-0.998099,0.012092,0.000000,0.000000,0.000000,-1,0.063065,-0.984711,0.014771,-0.007563,-0.117695,-0.007895,138.763168,194.526703,-778.231079,0,0
0.400000,1.764034,1.508524,-1.703893,0.996307,0.060357,-0.061074,0.061682,-0.008258,0.998062,0.059736,-0.998143,-0.011951,0.710020,0.042970,-0.000471,0.702869,-0.006135,-0.018467,-0.009991,0.001105,0.014022,-0.001010,0.061074,-0.998062,0.011951,0.000000,0.000000,0.000000,-1,0.060913,-0.984009,0.008163,-0.006472,-0.113445,-0.001544,138.938370,194.002853,-778.398071,0,0
0.440000,1.760033,1.508262,-1.700463,0.996323,0.059783,-0.061378,0.061969,-0.008081,0.998045,0.059170,-0.998179,-0.011756,0.709958,0.042873,-0.000777,0.702938,-0.003992,-0.012101,-0.006853,-0.000709,0.013579,0.002054,0.061378,-0.998045,0.011756,0.000000,0.000000,0.000000,-1,0.065170,-0.986313,0.010468,-0.008603,-0.114507,-0.002580,139.288788,193.304367,-780.068115,0,0
0.480000,1.752378,1.507724,-1.693393,0.996320,0.059190,-0.061994,0.062557,-0.007708,0.998012,0.058595,-0.998217,-0.011383,0.709826,0.042879,-0.001197,0.703070,-0.010380,-0.014226,-0.008908,0.004107,0.013453,-0.000778,0.061994,-0.998012,0.011382,0.000000,0.000000,0.000000,-1,0.066116,-0.979965,0.010284,-0.011798,-0.110269,-0.004691,139.113571,193.828232,-778.565063,0,0
0.520000,1.741820,1.506994,-1.683266,0.996294,0.058745,-0.062829,0.063356,-0.007156,0.997965,0.058176,-0.998247,-0.010851,0.709630,0.043016,-0.001639,0.703258,-0.011566,-0.010002,-0.015369,0.003028,0.015009,-0.003588,0.062829,-0.997965,0.010851,0.000000,0.000000,0.000000,-1,0.062714,-0.989273,0.010193,-0.014992,-0.106032,-0.006802,138.938370,195.050568,-778.732056,0,0
0.560000,1.734567,1.506529,-1.676247,0.996274,0.058501,-0.063364,0.063867,-0.006760,0.997936,0.057952,-0.998264,-0.010471,0.709490,0.043118,-0.001907,0.703392,-0.012617,-0.008937,-0.012174,-0.000651,0.008662,-0.000278,0.063364,-0.997936,0.010471,0.000000,0.000000,0.000000,-1,0.067627,-0.984329,0.001038,-0.012849,-0.104965,-0.002576,138.062347,193.828232,-778.231079,0,0
0.600000,1.714101,1.505889,-1.656037,0.996238,0.058208,-0.064197,0.064627,-0.005522,0.997894,0.057731,-0.998289,-0.009263,0.709053,0.043309,-0.002280,0.703820,-0.009431,0.000604,-0.011197,0.005948,0.013702,-0.006318,0.064197,-0.997894,0.009263,0.000000,0.000000,0.000000,-1,0.071350,-0.981522,0.000183,-0.014982,-0.098609,-0.005772,138.412750,195.923676,-777.563110,0,0
0.640000,1.703072,1.505353,-1.644983,0.996197,0.058213,-0.064825,0.065217,-0.004847,0.997859,0.057774,-0.998292,-0.008625,0.708814,0.043534,-0.002487,0.704046,-0.011555,0.001666,-0.009058,0.001230,0.014644,-0.005741,0.064825,-0.997859,0.008625,0.000000,0.000000,0.000000,-1,0.063171,-0.987442,0.000900,-0.018172,-0.099669,-0.005732,137.711929,194.875946,-778.899109,0,0
0.680000,1.684007,1.505143,-1.625754,0.996166,0.058338,-0.065186,0.065507,-0.003604,0.997846,0.057977,-0.998290,-0.007412,0.708375,0.043707,-0.002544,0.704477,-0.009596,0.010146,-0.006022,-0.002686,0.010358,-0.006618,0.065186,-0.997846,0.007411,0.000000,0.000000,0.000000,-1,0.065521,-0.985809,0.002670,-0.016026,-0.089062,-0.002613,138.412750,194.526703,-779.567139,0,0
0.720000,1.672556,1.504897,-1.613943,0.996125,0.058672,-0.065511,0.065791,-0.002840,0.997829,0.058359,-0.998273,-0.006689,0.708106,0.043942,-0.002525,0.704733,-0.009601,0.005905,-0.004941,0.001246,0.012096,-0.001624,0.065511,-0.997829,0.006690,0.000000,0.000000,0.000000,-1,0.064331,-0.985703,0.003326,-0.013894,-0.092239,-0.000494,138.237549,195.050568,-779.734131,0,0
0.760000,1.665851,1.504790,-1.607015,0.996103,0.058880,-0.065660,0.065915,-0.002388,0.997822,0.058595,-0.998262,-0.006260,0.707946,0.044069,-0.002495,0.704886,-0.012790,0.009085,-0.004920,-0.002046,0.013524,-0.001103,0.065660,-0.997822,0.006260,0.000000,0.000000,0.000000,-1,0.061295,-0.987381,0.005096,-0.013894,-0.086940,-0.001582,139.113571,193.828232,-778.899109,0,0
0.800000,1.657728,1.504850,-1.598545,0.996085,0.059208,-0.065650,0.065873,-0.001828,0.997826,0.058959,-0.998244,-0.005721,0.707749,0.044183,-0.002363,0.705077,-0.010664,0.013325,-0.004959,-0.003089,0.010415,-0.004959,0.065650,-0.997826,0.005721,0.000000,0.000000,0.000000,-1,0.064056,-0.986511,0.003265,-0.013889,-0.090117,0.000560,138.587952,194.002853,-779.734131,0,0
0.840000,1.647408,1.504888,-1.587847,0.996062,0.059562,-0.065667,0.065851,-0.001123,0.997829,0.059359,-0.998224,-0.005041,0.707500,0.044316,-0.002229,0.705319,-0.010868,0.004869,-0.003955,-0.000390,0.012843,-0.003439,0.065667,-0.997829,0.005041,0.000000,0.000000,0.000000,-1,0.064377,-0.985260,0.000549,-0.009644,-0.095420,-0.000527,141.216049,194.875946,-778.565063,0,0
0.880000,1.638288,1.504778,-1.578572,0.996044,0.059697,-0.065820,0.065968,-0.000513,0.997822,0.059533,-0.998216,-0.004449,0.707285,0.044418,-0.002222,0.705529,-0.009810,0.004868,-0.003966,-0.001443,0.012562,-0.003900,0.065820,-0.997822,0.004449,0.000000,0.000000,0.000000,-1,0.066116,-0.990463,0.002396,-0.007501,-0.094353,0.003700,137.887131,195.050568,-779.066101,0,0
0.920000,1.633975,1.504751,-1.574090,0.996032,0.059857,-0.065866,0.065997,-0.000217,0.997820,0.059712,-0.998207,-0.004167,0.707180,0.044491,-0.002176,0.705629,-0.004477,0.008054,0.000215,0.000251,0.007357,-0.001771,0.065866,-0.997820,0.004167,0.000000,0.000000,0.000000,-1,0.066132,-0.981705,0.001877,-0.005362,-0.087989,0.005775,139.113571,193.828232,-779.567139,0,0
0.960000,1.628695,1.504745,-1.568288,0.995999,0.060365,-0.065893,0.066004,0.000166,0.997819,0.060245,-0.998176,-0.003819,0.707045,0.044682,-0.001997,0.705752,-0.007678,0.006989,-0.001873,0.000238,0.016115,-0.001943,0.065893,-0.997819,0.003819,0.000000,0.000000,0.000000,-1,0.063339,-0.985275,0.003555,-0.003254,-0.091176,0.001511,138.763168,192.431274,-778.899109,0,0
1.000000,1.624692,1.504728,-1.564026,0.995982,0.060614,-0.065925,0.066019,0.000447,0.997818,0.060511,-0.998161,-0.003556,0.706946,0.044782,-0.001914,0.705846,-0.001513,0.007059,-0.000977,-0.002585,0.012543,-0.000001,0.065925,-0.997818,0.003556,0.000000,0.000000,0.000000,-1,0.061356,-0.988358,0.003738,-0.005364,-0.091170,0.005789,137.887131,194.701324,-779.066101,0,0
1.040000,1.623740,1.504953,-1.562859,0.995984,0.060826,-0.065703,0.065793,0.000522,0.997833,0.060729,-0.998148,-0.003482,0.706920,0.044779,-0.001759,0.705873,-0.004687,0.006004,0.003321,-0.004347,0.009476,0.000257,0.065703,-0.997833,0.003482,0.000000,0.000000,0.000000,-1,0.063522,-0.983032,0.002274,-0.004296,-0.094347,0.007919,139.989609,193.304367,-779.400085,0,0
1.080000,1.619009,1.505157,-1.557995,0.995988,0.060949,-0.065516,0.065587,0.000840,0.997847,0.060873,-0.998141,-0.003161,0.706808,0.044756,-0.001642,0.705986,0.001667,-0.000365,-0.000974,-0.001994,0.014814,-0.000888,0.065516,-0.997846,0.003161,0.000000,0.000000,0.000000,-1,0.064041,-0.984573,0.001846,-0.003244,-0.098591,0.005799,138.062347,194.875946,-779.567139,0,0
1.120000,1.617967,1.505335,-1.556992,0.996002,0.060907,-0.065342,0.065408,0.000903,0.997858,0.060836,-0.998143,-0.003085,0.706786,0.044680,-0.001594,0.706014,-0.001516,-0.002483,0.001201,-0.001300,0.013285,-0.001238,0.065342,-0.997858,0.003084,0.000000,0.000000,0.000000,-1,0.064835,-0.985260,-0.001114,-0.001120,-0.101772,0.005790,139.288788,195.399811,-778.064087,0,0
1.160000,1.615689,1.505389,-1.554802,0.996011,0.060815,-0.065295,0.065352,0.001045,0.997862,0.060754,-0.998149,-0.002933,0.706735,0.044631,-0.001606,0.706067,0.000406,-0.002379,0.001096,-0.000905,0.014602,-0.001162,0.065282,-0.997863,0.002886,0.000000,0.000000,0.000000,-1,0.063004,-0.984512,0.001022,-0.003263,-0.108138,0.002651,137.887131,193.653610,-778.064087,0,0
1.200000,1.613117,1.505392,-1.552584,0.996033,0.060458,-0.065299,0.065347,0.001190,0.997862,0.060406,-0.998170,-0.002765,0.706684,0.044505,-0.001731,0.706126,-0.001735,-0.009804,-0.000974,-0.002295,0.013350,-0.001743,0.065299,-0.997862,0.002765,0.000000,0.000000,0.000000,-1,0.068588,-0.983185,0.000397,-0.002199,-0.107077,0.002635,139.288788,193.653610,-777.730103,0,0
1.240000,1.609375,1.505124,-1.549132,0.996032,0.060160,-0.065576,0.065609,0.001422,0.997844,0.060123,-0.998188,-0.002531,0.706601,0.044498,-0.001929,0.706209,-0.002792,-0.003442,0.000070,0.003012,0.014660,-0.002134,0.065576,-0.997844,0.002531,0.000000,0.000000,0.000000,-1,0.066010,-0.984009,0.000000,-0.005383,-0.099656,0.002637,140.340012,194.352081,-778.732056,0,0
1.280000,1.604309,1.504792,-1.544205,0.996019,0.060010,-0.065920,0.065934,0.001754,0.997822,0.059995,-0.998196,-0.002210,0.706483,0.044567,-0.002097,0.706322,-0.002807,-0.005569,-0.003115,0.001280,0.009099,-0.000409,0.065920,-0.997822,0.002210,0.000000,0.000000,0.000000,-1,0.063278,-0.989532,-0.002747,-0.004331,-0.103900,0.000517,139.639191,194.002853,-780.068115,0,0
1.320000,1.601414,1.504695,-1.541484,0.996023,0.059830,-0.066022,0.066024,0.001936,0.997816,0.059827,-0.998207,-0.002022,0.706419,0.044540,-0.002192,0.706388,0.003421,-0.004395,-0.001114,-0.002744,0.008284,-0.004769,0.066022,-0.997816,0.002022,0.000000,0.000000,0.000000,-1,0.065262,-0.980469,-0.001556,0.003130,-0.104952,0.005758,138.237549,193.304367,-780.402100,0,0
1.360000,1.598002,1.504701,-1.538363,0.996041,0.059532,-0.066023,0.066013,0.002142,0.997817,0.059544,-0.998224,-0.001797,0.706345,0.044435,-0.002293,0.706468,-0.000834,-0.007575,0.000010,-0.000761,0.017348,-0.003353,0.066023,-0.997817,0.001797,0.000000,0.000000,0.000000,-1,0.065445,-0.983643,-0.002914,-0.004328,-0.110258,0.002673,137.011108,193.828232,-778.899109,0,0
1.400000,1.592490,1.504657,-1.533174,0.996057,0.059200,-0.066075,0.066044,0.002486,0.997814,0.059235,-0.998243,-0.001434,0.706223,0.044336,-0.002422,0.706596,-0.005109,-0.011823,-0.004178,-0.000630,0.014171,-0.004348,0.066075,-0.997814,0.001434,0.000000,0.000000,0.000000,-1,0.067276,-0.984604,-0.003021,-0.003268,-0.109199,0.001593,137.711929,193.828232,-779.901123,0,0
1.440000,1.581559,1.504414,-1.522794,0.996074,0.058626,-0.066330,0.066257,0.003183,0.997797,0.058708,-0.998275,-0.000714,0.705975,0.044224,-0.002699,0.706849,-0.007239,-0.013943,-0.003082,-0.000229,0.013560,-0.005795,0.066330,-0.997797,0.000714,0.000000,0.000000,0.000000,-1,0.067047,-0.985214,-0.001404,-0.005394,-0.109199,0.001616,138.938370,193.304367,-777.730103,0,0
1.480000,1.574661,1.504209,-1.516267,0.996083,0.058241,-0.066538,0.066440,0.003626,0.997784,0.058353,-0.998296,-0.000257,0.705817,0.044162,-0.002899,0.707010,-0.004176,-0.009596,-0.004232,-0.001948,0.010311,-0.002729,0.066538,-0.997784,0.000257,0.000000,0.000000,0.000000,-1,0.063065,-0.985138,-0.004242,-0.003265,-0.106019,0.001578,138.587952,193.304367,-779.066101,0,0
1.520000,1.568376,1.504196,-1.510393,0.996107,0.057816,-0.066551,0.066430,0.004017,0.997783,0.057956,-0.998319,0.000161,0.705678,0.044017,-0.003045,0.707157,-0.004165,-0.007472,-0.001050,0.001214,0.012904,-0.000785,0.066551,-0.997783,-0.000161,0.000000,0.000000,0.000000,-1,0.066544,-0.984879,-0.001678,-0.006444,-0.102835,0.003726,139.814407,194.177475,-779.901123,0,0
1.560000,1.564330,1.504130,-1.506480,0.996110,0.057675,-0.066616,0.066479,0.004282,0.997779,0.057833,-0.998326,0.000431,0.705585,0.043990,-0.003112,0.707252,-0.003100,-0.003232,-0.001081,-0.000316,0.012580,-0.001919,0.066616,-0.997779,-0.000431,0.000000,0.000000,0.000000,-1,0.064011,-0.987259,-0.001282,-0.003255,-0.102835,0.003691,138.938370,194.701324,-780.068115,0,0
1.600000,1.563018,1.504107,-1.505263,0.996115,0.057577,-0.066638,0.066497,0.004364,0.997777,0.057740,-0.998332,0.000518,0.705555,0.043963,-0.003153,0.707283,-0.000978,-0.002174,-0.002173,-0.000628,0.011754,0.000518,0.066638,-0.997777,-0.000518,0.000000,0.000000,0.000000,-1,0.064621,-0.983673,-0.001312,-0.002190,-0.100715,0.003670,139.113571,194.875946,-779.567139,0,0
1.640000,1.559918,1.503986,-1.502170,0.996107,0.057562,-0.066757,0.066604,0.004578,0.997769,0.057739,-0.998331,0.000726,0.705479,0.044001,-0.003195,0.707356,-0.002126,0.003195,0.000987,0.003678,0.012478,-0.001334,0.066757,-0.997769,-0.000726,0.000000,0.000000,0.000000,-1,0.066269,-0.987183,-0.002731,-0.001111,-0.095409,0.006825,139.463989,193.478989,-778.899109,0,0
1.680000,1.557753,1.504054,-1.499806,0.996101,0.057757,-0.066687,0.066525,0.004731,0.997774,0.057944,-0.998319,0.000870,0.705425,0.044045,-0.003099,0.707407,0.001067,0.005316,0.002006,-0.000449,0.013124,-0.003265,0.066687,-0.997774,-0.000870,0.000000,0.000000,0.000000,-1,0.067566,-0.987793,-0.002548,0.001022,-0.091166,0.007846,138.587952,194.352081,-779.066101,0,0
1.720000,1.557348,1.504059,-1.499182,0.996089,0.057974,-0.066682,0.066517,0.004772,0.997774,0.058163,-0.998307,0.000897,0.705411,0.044120,-0.003019,0.707417,0.002133,0.010616,0.001970,-0.000474,0.014864,-0.001392,0.066682,-0.997774,-0.000897,0.000000,0.000000,0.000000,-1,0.061554,-0.980667,0.000351,-0.003241,-0.090111,0.004697,139.639191,194.002853,-778.398071,0,0
1.760000,1.557785,1.504217,-1.499187,0.996074,0.058406,-0.066524,0.066359,0.004760,0.997784,0.058593,-0.998282,0.000866,0.705416,0.044217,-0.002811,0.707407,0.002127,0.007433,0.000922,-0.002269,0.013821,0.000515,0.066524,-0.997784,-0.000866,0.000000,0.000000,0.000000,-1,0.060577,-0.984741,-0.000702,-0.001116,-0.091171,0.004679,137.536728,194.352081,-779.734131,0,0
1.800000,1.556985,1.504447,-1.498106,0.996073,0.058685,-0.066294,0.066125,0.004815,0.997800,0.058875,-0.998265,0.000916,0.705397,0.044234,-0.002630,0.707426,-0.004322,0.003228,-0.002183,-0.004481,0.011182,-0.000412,0.066294,-0.997800,-0.000916,0.000000,0.000000,0.000000,-1,0.060837,-0.987320,-0.001083,-0.004321,-0.101776,0.002634,139.113571,193.478989,-778.899109,0,0
1.840000,1.554667,1.504615,-1.495822,0.996086,0.058648,-0.066125,0.065947,0.004954,0.997811,0.058847,-0.998266,0.001067,0.705349,0.044161,-0.002579,0.707479,-0.002193,-0.003131,-0.000048,-0.004647,0.012627,0.000121,0.066125,-0.997811,-0.001067,0.000000,0.000000,0.000000,-1,0.061234,-0.985687,0.001221,-0.001120,-0.101772,0.005790,138.587952,194.701324,-779.400085,0,0
1.880000,1.556742,1.504954,-1.498017,0.996115,0.058533,-0.065789,0.065621,0.004784,0.997833,0.058721,-0.998274,0.000925,0.705409,0.044001,-0.002505,0.707429,0.000998,-0.003132,-0.000080,-0.005410,0.012115,0.000986,0.065789,-0.997833,-0.000925,0.000000,0.000000,0.000000,-1,0.063370,-0.984985,-0.001633,-0.001134,-0.104957,0.002614,138.763168,193.478989,-779.567139,0,0
1.920000,1.555877,1.505062,-1.497490,0.996142,0.058195,-0.065680,0.065511,0.004811,0.997840,0.058386,-0.998294,0.000980,0.705399,0.043843,-0.002585,0.707448,0.002046,-0.011617,-0.002178,-0.002905,0.011756,0.000309,0.065680,-0.997840,-0.000980,0.000000,0.000000,0.000000,-1,0.065002,-0.985550,-0.000412,0.003121,-0.112375,0.004728,137.711929,193.478989,-778.899109,0,0
1.960000,1.556898,1.505044,-1.498893,0.996163,0.057818,-0.065699,0.065535,0.004720,0.997839,0.058003,-0.998316,0.000913,0.705431,0.043716,-0.002727,0.707424,0.000945,-0.011553,0.002081,-0.002128,0.012062,-0.000184,0.065666,-0.997841,-0.000899,0.000000,0.000000,0.000000,-1,0.063461,-0.982788,-0.001633,-0.002195,-0.112375,0.004786,138.587952,193.304367,-778.398071,0,0
2.000000,1.555917,1.505116,-1.497886,0.996202,0.057219,-0.065625,0.065459,0.004781,0.997844,0.057409,-0.998350,0.001017,0.705408,0.043478,-0.002912,0.707460,-0.000129,-0.009438,-0.003228,-0.002866,0.016704,-0.002233,0.065625,-0.997844,-0.001017,0.000000,0.000000,0.000000,-1,0.068344,-0.983139,-0.001953,-0.002202,-0.106019,0.001566,139.113571,194.875946,-779.901123,0,0
2.040000,1.552935,1.504744,-1.495702,0.996189,0.057038,-0.065994,0.065818,0.004952,0.997819,0.057240,-0.998360,0.001179,0.705347,0.043544,-0.003103,0.707517,-0.003316,-0.004138,-0.003219,0.002747,0.010423,-0.000316,0.065994,-0.997819,-0.001179,0.000000,0.000000,0.000000,-1,0.065735,-0.989334,-0.000656,-0.002200,-0.102838,0.001552,139.989609,194.701324,-778.732056,0,0
2.080000,1.552266,1.504640,-1.494528,0.996190,0.056895,-0.066096,0.065916,0.005037,0.997812,0.057103,-0.998367,0.001268,0.705316,0.043530,-0.003187,0.707548,0.000951,-0.000953,-0.000089,-0.001277,0.012293,-0.002669,0.066096,-0.997812,-0.001268,0.000000,0.000000,0.000000,-1,0.064178,-0.983521,-0.007309,0.002066,-0.100713,0.004687,138.062347,194.177475,-779.901123,0,0
2.120000,1.549029,1.504670,-1.491981,0.996195,0.056845,-0.066062,0.065873,0.005203,0.997814,0.057064,-0.998369,0.001438,0.705258,0.043501,-0.003190,0.707608,0.003035,-0.001967,-0.001165,-0.002357,0.016384,-0.003628,0.066062,-0.997814,-0.001438,0.000000,0.000000,0.000000,-1,0.068436,-0.983292,-0.000610,0.002052,-0.103898,0.001510,137.361511,193.478989,-779.233093,0,0
2.160000,1.546712,1.504333,-1.489872,0.996185,0.056631,-0.066396,0.066197,0.005369,0.997792,0.056862,-0.998381,0.001599,0.705198,0.043544,-0.003380,0.707664,-0.004425,-0.003034,-0.005334,-0.001500,0.013371,-0.004107,0.066396,-0.997792,-0.001599,0.000000,0.000000,0.000000,-1,0.065628,-0.982986,-0.003265,-0.004346,-0.108146,-0.002655,139.989609,194.352081,-779.400085,0,0
2.200000,1.541179,1.504044,-1.484706,0.996188,0.056251,-0.066674,0.066456,0.005735,0.997773,0.056508,-0.998400,0.001975,0.705067,0.043509,-0.003604,0.707796,-0.002319,-0.011522,-0.008510,-0.000451,0.015717,-0.001076,0.066674,-0.997773,-0.001975,0.000000,0.000000,0.000000,-1,0.065872,-0.982376,-0.003189,-0.004347,-0.109206,-0.002650,138.587952,194.002853,-778.064087,0,0
2.240000,1.536689,1.503713,-1.480526,0.996185,0.055930,-0.066994,0.066760,0.006043,0.997751,0.056209,-0.998416,0.002286,0.704957,0.043510,-0.003825,0.707904,-0.009761,-0.010462,-0.008433,0.001823,0.015085,-0.002948,0.066994,-0.997751,-0.002286,0.000000,0.000000,0.000000,-1,0.064590,-0.987610,-0.004593,-0.009666,-0.108147,-0.003660,138.412750,193.828232,-778.231079,0,0
2.280000,1.529167,1.503382,-1.473362,0.996185,0.055555,-0.067305,0.067044,0.006553,0.997729,0.055870,-0.998434,0.002803,0.704774,0.043489,-0.004056,0.708086,-0.002327,-0.006184,-0.006399,0.000978,0.010439,-0.002964,0.067305,-0.997729,-0.002803,0.000000,0.000000,0.000000,-1,0.067215,-0.985580,-0.005051,-0.005400,-0.106022,-0.000526,139.639191,193.653610,-778.398071,0,0
2.320000,1.523597,1.503039,-1.468094,0.996180,0.055239,-0.067630,0.067348,0.006941,0.997705,0.055581,-0.998449,0.003195,0.704635,0.043493,-0.004275,0.708222,-0.004458,-0.009365,-0.006362,-0.000567,0.013086,-0.005076,0.067630,-0.997705,-0.003194,0.000000,0.000000,0.000000,-1,0.063141,-0.988297,-0.010284,-0.000083,-0.110261,0.000499,138.062347,195.225189,-780.569092,0,0
2.360000,1.519110,1.503032,-1.463855,0.996195,0.054982,-0.067622,0.067325,0.007227,0.997705,0.055344,-0.998461,0.003498,0.704533,0.043400,-0.004357,0.708329,0.005139,-0.004054,0.000955,-0.001689,0.008035,-0.008678,0.067622,-0.997705,-0.003498,0.000000,0.000000,0.000000,-1,0.068848,-0.987640,-0.008560,0.007396,-0.102827,0.008892,139.463989,193.828232,-780.903137,0,0
2.400000,1.518510,1.503146,-1.463282,0.996204,0.054956,-0.067507,0.067209,0.007254,0.997713,0.055319,-0.998462,0.003533,0.704524,0.043350,-0.004325,0.708342,0.009424,0.006558,0.008305,0.002638,0.013048,-0.003105,0.067507,-0.997713,-0.003533,0.000000,0.000000,0.000000,-1,0.069199,-0.983017,-0.006653,0.007409,-0.091163,0.009903,138.237549,193.304367,-778.732056,0,0
2.440000,1.521261,1.503258,-1.465753,0.996195,0.055241,-0.067404,0.067115,0.007076,0.997720,0.055592,-0.998448,0.003342,0.704588,0.043414,-0.004191,0.708275,0.007267,0.005526,0.003023,0.000269,0.015832,0.000244,0.067404,-0.997720,-0.003342,0.000000,0.000000,0.000000,-1,0.063828,-0.981277,-0.004028,0.004206,-0.093288,0.006757,138.763168,194.875946,-779.233093,0,0
2.480000,1.522317,1.503383,-1.466647,0.996194,0.055406,-0.067283,0.066998,0.007003,0.997729,0.055751,-0.998439,0.003264,0.704615,0.043429,-0.004092,0.708248,0.000873,0.002340,-0.000082,-0.005180,0.015536,0.001143,0.067283,-0.997729,-0.003264,0.000000,0.000000,0.000000,-1,0.050888,-0.988159,-0.004623,-0.000059,-0.099653,0.004705,139.814407,193.129745,-779.567139,0,0
2.520000,1.526328,1.504576,-1.471171,0.996300,0.054911,-0.066107,0.065844,0.006582,0.997808,0.055226,-0.998470,0.002942,0.704765,0.042835,-0.003860,0.708136,0.011496,-0.026282,0.003131,-0.012686,0.008627,0.003491,0.066107,-0.997808,-0.002942,0.000000,0.000000,0.000000,-1,0.055695,-0.987106,0.001907,0.012685,-0.133575,0.007909,138.763168,193.129745,-779.567139,0,0
2.560000,1.537903,1.505312,-1.484184,0.996423,0.053508,-0.065402,0.065192,0.005661,0.997857,0.053764,-0.998551,0.002152,0.705091,0.042087,-0.004127,0.707855,0.011475,-0.042190,0.000017,-0.008258,0.017190,0.004029,0.065402,-0.997857,-0.002152,0.000000,0.000000,0.000000,-1,0.059479,-0.978119,-0.000458,0.006274,-0.144186,0.001645,138.763168,194.526703,-778.565063,0,0
2.600000,1.540661,1.505443,-1.488421,0.996509,0.052041,-0.065277,0.065086,0.005374,0.997865,0.052281,-0.998630,0.001968,0.705189,0.041523,-0.004607,0.707787,0.002928,-0.055937,-0.007259,-0.007019,0.018510,0.000198,0.065277,-0.997865,-0.001968,0.000000,0.000000,0.000000,-1,0.060013,-0.987244,-0.007233,-0.001204,-0.160099,-0.004583,139.113571,194.875946,-779.567139,0,0
2.640000,1.534817,1.505336,-1.485487,0.996651,0.049128,-0.065371,0.065176,0.005574,0.997858,0.049387,-0.998777,0.002353,0.705111,0.040527,-0.005667,0.707916,0.007177,-0.051699,-0.008385,-0.001864,0.008021,-0.004971,0.065371,-0.997858,-0.002353,0.000000,0.000000,0.000000,-1,0.062073,-0.990784,-0.003510,0.012647,-0.156907,0.002696,139.639191,193.653610,-778.064087,0,0
2.680000,1.538182,1.505584,-1.491156,0.996777,0.046840,-0.065131,0.064959,0.005184,0.997874,0.047078,-0.998889,0.002125,0.705242,0.039631,-0.006400,0.707829,0.016759,-0.063353,-0.002053,-0.011024,0.010570,-0.002636,0.065131,-0.997874,-0.002125,0.000000,0.000000,0.000000,-1,0.047729,-0.985550,-0.008438,0.017955,-0.167509,0.002686,138.763168,193.828232,-779.901123,0,0
2.720000,1.539739,1.506293,-1.494953,0.996925,0.044614,-0.064427,0.064273,0.004884,0.997920,0.044836,-0.998992,0.002002,0.705344,0.038594,-0.006944,0.707780,0.018853,-0.082443,-0.006238,-0.020955,0.012432,-0.006208,0.064427,-0.997920,-0.002002,0.000000,0.000000,0.000000,-1,0.050293,-0.985245,-0.011032,0.017924,-0.187659,-0.001478,138.062347,193.478989,-779.567139,0,0
2.760000,1.537141,1.507057,-1.497421,0.997187,0.039561,-0.063660,0.063525,0.004670,0.997969,0.039777,-0.999206,0.002143,0.705403,0.036534,-0.008464,0.707814,0.019873,-0.120573,-0.008186,-0.008149,0.015563,-0.006966,0.063660,-0.997969,-0.002143,0.000000,0.000000,0.000000,-1,0.054550,-0.986282,-0.006393,0.026374,-0.234316,-0.006679,138.763168,194.875946,-779.567139,0,0
2.800000,1.540742,1.507107,-1.506319,0.997385,0.034286,-0.063618,0.063514,0.004101,0.997973,0.034477,-0.999404,0.001913,0.705580,0.034652,-0.010325,0.707707,0.021976,-0.136480,-0.010261,-0.005237,0.009096,-0.006739,0.063618,-0.997973,-0.001913,0.000000,0.000000,0.000000,-1,0.063599,-0.986404,-0.013214,0.021048,-0.242800,-0.007646,138.587952,194.701324,-778.732056,0,0
2.840000,1.541817,1.506432,-1.513322,0.997528,0.028373,-0.064293,0.064213,0.003695,0.997929,0.028552,-0.999591,0.001864,0.705686,0.032800,-0.012662,0.707652,0.037898,-0.152388,-0.012494,0.005471,0.006505,-0.009977,0.064293,-0.997929,-0.001864,0.000000,0.000000,0.000000,-1,0.070099,-0.989746,-0.007874,0.042307,-0.252340,-0.006773,137.186310,193.304367,-778.732056,0,0
2.880000,1.555879,1.505296,-1.533543,0.997608,0.022253,-0.065446,0.065408,0.002438,0.997856,0.022365,-0.999749,0.000976,0.706080,0.031038,-0.015254,0.707287,0.035806,-0.151314,-0.002909,0.018721,0.015678,-0.004425,0.065446,-0.997856,-0.000976,0.000000,0.000000,0.000000,-1,0.087021,-0.982834,-0.011261,0.040205,-0.252330,-0.000368,139.989609,194.002853,-779.400085,0,0
2.920000,1.567795,1.503578,-1.551602,0.997611,0.016148,-0.067168,0.067156,0.001289,0.997742,0.016199,-0.999869,0.000202,0.706421,0.029481,-0.018038,0.706948,0.057031,-0.153408,-0.012704,0.019411,0.016052,-0.015011,0.067168,-0.997742,-0.000202,0.000000,0.000000,0.000000,-1,0.079102,-0.980026,-0.017532,0.058227,-0.256590,-0.013312,137.887131,194.002853,-780.402100,0,0
2.960000,1.579684,1.501788,-1.570215,0.997575,0.009467,-0.068951,0.068954,0.000040,0.997620,0.009447,-0.999955,-0.000613,0.706779,0.027739,-0.021048,0.706577,0.048433,-0.176761,-0.030594,0.005817,0.021240,-0.015322,0.068951,-0.997620,0.000613,0.000000,0.000000,0.000000,-1,0.073990,-0.977478,-0.013046,0.041152,-0.278874,-0.025788,139.288788,193.653610,-778.064087,0,0
3.000000,1.578037,1.500133,-1.575626,0.997502,0.002423,-0.070602,0.070603,-0.000341,0.997504,0.002393,-0.999997,-0.000511,0.706816,0.025829,-0.024125,0.706514,0.030369,-0.165097,-0.028324,0.006317,0.024467,-0.016365,0.070602,-0.997504,0.000511,0.000000,0.000000,0.000000,-1,0.078171,-0.978851,-0.023041,0.039070,-0.252359,-0.019502,138.763168,194.875946,-779.233093,0,0
3.040000,1.573836,1.498861,-1.576116,0.997411,-0.002266,-0.071873,0.071873,-0.000382,0.997414,-0.002288,-0.999997,-0.000219,0.706755,0.024622,-0.026233,0.706543,0.039960,-0.146008,-0.024265,0.010722,0.018822,-0.021718,0.071873,-0.997414,0.000219,0.000000,0.000000,0.000000,-1,0.087784,-0.963043,-0.023300,0.017773,-0.244954,-0.029938,138.763168,193.478989,-779.233093,0,0
3.080000,1.542462,1.494818,-1.552174,0.997070,-0.009766,-0.075875,0.075892,0.001413,0.997115,-0.009630,-0.999951,0.002150,0.705958,0.023417,-0.030280,0.707219,-0.037835,-0.159816,-0.068016,0.029518,0.055755,-0.026338,0.075875,-0.997115,-0.002150,0.000000,0.000000,0.000000,-1,0.123627,-0.925323,-0.017593,-0.070695,-0.292739,-0.079806,139.113571,195.574432,-778.899109,0,0
3.120000,1.480409,1.488435,-1.499050,0.996459,-0.018882,-0.081932,0.082057,0.005897,0.996610,-0.018335,-0.999804,0.007426,0.704119,0.022430,-0.035600,0.708834,-0.126453,-0.253236,-0.147472,0.033088,0.063459,0.014033,0.081932,-0.996610,-0.007426,0.000000,0.000000,0.000000,-1,0.099915,-0.933731,-0.001175,-0.183619,-0.276934,-0.143519,137.711929,194.177475,-779.901123,0,0
3.160000,1.390482,1.481152,-1.415161,0.995793,-0.025289,-0.088073,0.088442,0.013877,0.995985,-0.023965,-0.999584,0.016055,0.701046,0.022521,-0.039954,0.711640,-0.310186,-0.057083,-0.135698,0.022706,0.064405,-0.000180,0.088073,-0.995985,-0.016055,0.000000,0.000000,0.000000,-1,0.100586,-0.949829,-0.039871,-0.391843,-0.135909,-0.130160,137.887131,193.653610,-780.068115,0,0
3.200000,1.260869,1.473248,-1.287268,0.995305,-0.027662,-0.092753,0.093505,0.027245,0.995246,-0.025004,-0.999246,0.029704,0.696124,0.023646,-0.042290,0.716285,-0.516650,-0.122881,-0.176740,0.003835,0.016761,-0.003835,0.092753,-0.995246,-0.029704,0.000000,0.000000,0.000000,-1,0.112335,-1.093460,-0.044449,-0.553737,-0.229298,-0.188586,140.164810,193.478989,-781.237122,0,0
3.240000,1.049283,1.451462,-1.081080,0.994053,-0.034692,-0.103225,0.105059,0.055999,0.992888,-0.028665,-0.997828,0.059311,0.685336,0.025669,-0.048112,0.726182,-0.544416,-0.102700,-0.214798,0.077469,-0.183244,0.016891,0.103225,-0.992888,-0.059311,0.000000,0.000000,0.000000,-1,0.270523,-1.128143,-0.032104,-0.382426,-0.141269,-0.169597,138.763168,194.526703,-780.903137,0,0
3.280000,0.976310,1.437685,-1.009408,0.993249,-0.036993,-0.109949,0.112348,0.070654,0.991154,-0.028898,-0.996815,0.074333,0.679754,0.027714,-0.051065,0.731135,-0.255993,-0.020964,-0.151331,0.158347,-0.079815,0.050713,0.109949,-0.991154,-0.074333,0.000000,0.000000,0.000000,-1,0.207764,-1.012955,-0.026657,-0.101499,-0.076512,-0.116609,140.164810,195.225189,-782.573120,0,0
3.320000,1.005837,1.434300,-1.037406,0.992737,-0.035558,-0.114928,0.117170,0.069187,0.990699,-0.027276,-0.996970,0.072851,0.680202,0.029996,-0.052265,0.730543,0.206767,0.102100,-0.103811,0.065126,0.002235,0.029119,0.114928,-0.990699,-0.072851,0.000000,0.000000,0.000000,-1,0.128555,-0.904297,-0.142044,0.316621,0.056097,-0.066502,141.566467,194.526703,-782.573120,0,0
3.360000,1.107770,1.440946,-1.132337,0.992878,-0.027762,-0.115852,0.117237,0.054973,0.991581,-0.021160,-0.998102,0.057836,0.685578,0.032628,-0.049962,0.725549,0.167084,0.167039,0.073974,0.027901,0.099766,-0.110789,0.115852,-0.991581,-0.057836,0.000000,0.000000,0.000000,-1,0.190521,-0.893112,-0.165512,0.138750,0.057451,0.131176,141.040848,194.002853,-781.738159,0,0
3.400000,1.137734,1.448196,-1.156273,0.993592,-0.021282,-0.111004,0.111937,0.049254,0.992494,-0.015655,-0.998560,0.051321,0.687935,0.032945,-0.046029,0.723562,0.159965,0.140801,0.166736,0.118091,0.109987,-0.094507,0.111004,-0.992494,-0.051321,0.000000,0.000000,0.000000,-1,0.256897,-0.878036,-0.126328,0.170864,0.046940,0.191502,142.092072,195.749054,-781.070129,0,0
3.440000,1.160639,1.451160,-1.174633,0.993855,-0.016523,-0.109452,0.110107,0.046055,0.992852,-0.011364,-0.998802,0.047592,0.689240,0.033945,-0.043822,0.722409,0.177146,0.172670,0.208924,0.155090,0.107186,-0.077714,0.109452,-0.992852,-0.047592,0.000000,0.000000,0.000000,-1,0.266632,-0.883881,-0.150497,0.166760,0.086215,0.223281,140.690430,193.304367,-781.070129,0,0
3.480000,1.192652,1.464564,-1.197158,0.995112,-0.006418,-0.098542,0.098717,0.038702,0.994363,-0.002568,-0.999230,0.039147,0.692326,0.033329,-0.036511,0.719889,0.124136,0.197105,0.243437,0.154190,0.121682,-0.129356,0.098542,-0.994363,-0.039147,0.000000,0.000000,0.000000,-1,0.236191,-0.871811,-0.159500,0.089376,0.119162,0.277171,139.639191,195.050568,-780.402100,0,1
3.520000,1.190081,1.475639,-1.184967,0.996096,0.003534,-0.088210,0.088029,0.035756,0.995476,0.006672,-0.999354,0.035305,0.693728,0.032997,-0.029384,0.718881,0.014794,0.310576,0.264341,0.143738,0.095787,-0.098865,0.088210,-0.995476,-0.035306,0.000000,0.000000,0.000000,-1,0.232193,-0.973038,-0.144806,-0.041510,0.239940,0.221692,137.887131,194.002853,-782.406128,0,0
3.560000,1.151660,1.479215,-1.136907,0.996418,0.013143,-0.083537,0.082979,0.038447,0.995809,0.016299,-0.999174,0.037219,0.692956,0.034678,-0.024257,0.719737,-0.167712,0.268956,0.085708,0.118581,-0.045817,-0.064924,0.083537,-0.995809,-0.037219,0.000000,0.000000,0.000000,-1,0.125854,-1.201874,0.078125,-0.187012,0.153723,-0.002887,139.113571,193.129745,-780.569092,0,0
3.600000,1.115566,1.473087,-1.088099,0.995828,0.025475,-0.087619,0.086408,0.045282,0.995230,0.029321,-0.998649,0.042892,0.690589,0.040503,-0.021105,0.721804,-0.066094,0.316473,-0.043272,0.039441,-0.044610,0.126342,0.087619,-0.995230,-0.042892,0.000000,0.000000,0.000000,-1,0.132248,-0.929749,-0.003937,-0.016414,0.324563,0.092323,139.814407,194.526703,-780.903137,0,0
3.640000,1.119276,1.475549,-1.075310,0.995446,0.042013,-0.085573,0.083666,0.045218,0.995467,0.045692,-0.998093,0.041497,0.690784,0.045484,-0.014433,0.721485,0.061007,0.434354,0.087760,0.026182,0.066604,-0.004707,0.085573,-0.995467,-0.041497,0.000000,0.000000,0.000000,-1,0.033524,-0.980469,-0.052475,0.046246,0.318178,0.075706,140.515228,195.225189,-780.903137,0,0
3.680000,1.120588,1.477285,-1.066047,0.995070,0.052611,-0.084071,0.081731,0.045155,0.995631,0.056177,-0.997594,0.040632,0.690884,0.048612,-0.010093,0.721259,-0.110404,0.229697,0.066107,-0.095881,-0.022618,-0.008974,0.084071,-0.995631,-0.040632,0.000000,0.000000,0.000000,-1,-0.173508,-1.187012,0.011429,-0.224525,0.197482,0.190925,141.040848,194.352081,-780.736084,0,0
3.720000,0.998215,1.487022,-0.921439,0.994706,0.074918,-0.070330,0.066646,0.050597,0.996493,0.078214,-0.995905,0.045336,0.688980,0.051367,0.002861,0.722952,-0.059107,0.494140,0.365380,-0.184405,-0.094983,0.003405,0.070330,-0.996493,-0.045336,0.000000,0.000000,0.000000,-1,-0.053299,-0.932220,-0.066284,-0.009342,0.264427,0.289305,139.989609,192.955124,-782.072144,0,0
3.760000,0.948277,1.495958,-0.857584,0.994170,0.089081,-0.060743,0.056545,0.048919,0.997201,0.091803,-0.994822,0.043596,0.689503,0.052801,0.011262,0.722268,0.135404,0.214947,0.126224,-0.095609,0.147897,-0.037230,0.060743,-0.997201,-0.043596,0.000000,0.000000,0.000000,-1,-0.042465,-0.898132,-0.081833,0.124649,0.056279,0.056877,140.865631,195.574432,-782.907166,0,0
3.800000,0.964830,1.498214,-0.870644,0.993913,0.092653,-0.059607,0.055458,0.046726,0.997367,0.095194,-0.994602,0.041304,0.690269,0.053643,0.012889,0.721447,-0.021312,0.061089,0.043548,-0.117636,0.040198,-0.036409,0.059607,-0.997367,-0.041304,0.000000,0.000000,0.000000,-1,-0.044724,-1.105865,-0.076950,-0.081503,-0.054971,0.107518,139.814407,193.478989,-781.237122,0,0
3.840000,0.820558,1.502612,-0.724088,0.994224,0.095047,-0.049840,0.045134,0.051038,0.997676,0.097370,-0.994164,0.046453,0.688610,0.050893,0.017256,0.723138,-0.088552,-0.015963,0.273336,-0.037481,-0.072133,-0.051584,0.049840,-0.997676,-0.046453,0.000000,0.000000,0.000000,-1,0.018829,-0.994965,-0.076279,0.090050,-0.227576,0.244690,139.814407,194.177475,-782.239136,0,0
3.880000,0.736462,1.511885,-0.644787,0.995100,0.090616,-0.039546,0.035387,0.047056,0.998265,0.092320,-0.994774,0.043619,0.690005,0.045653,0.019121,0.722111,0.228866,-0.166651,0.180109,-0.046992,0.043355,-0.000982,0.039546,-0.998265,-0.043619,0.000000,0.000000,0.000000,-1,0.002945,-0.936462,0.000854,0.252417,-0.249951,0.169604,138.763168,195.225189,-782.239136,0,0
3.920000,0.777650,1.524598,-0.689805,0.995668,0.087155,-0.032402,0.029390,0.035623,0.998933,0.088216,-0.995558,0.032908,0.694107,0.041976,0.020103,0.718366,0.200059,-0.027606,0.126655,-0.017707,0.075273,0.024851,0.032402,-0.998933,-0.032908,0.000000,0.000000,0.000000,-1,0.027481,-0.937927,-0.039078,0.184273,-0.128106,0.117683,138.587952,194.352081,-781.738159,0,0
3.960000,0.819960,1.530516,-0.733642,0.995880,0.085770,-0.029442,0.026964,0.029910,0.999189,0.086581,-0.995866,0.027474,0.696149,0.040485,0.020520,0.716461,0.223192,-0.082822,0.070273,-0.002769,0.052549,-0.023185,0.029442,-0.999189,-0.027474,0.000000,0.000000,0.000000,-1,0.005356,-0.965347,-0.074509,0.297745,-0.228908,0.061574,138.412750,192.431274,-781.237122,0,0
4.000000,1.075539,1.542738,-0.996078,0.996554,0.079190,-0.024684,0.023547,0.015250,0.999606,0.079535,-0.996743,0.013333,0.701422,0.036617,0.019550,0.711537,0.225296,-0.108267,0.072497,-0.015483,0.062625,-0.039447,0.024684,-0.999606,-0.013333,0.000000,0.000000,0.000000,-1,0.015076,-0.935135,-0.047211,0.209600,-0.198134,0.081554,138.938370,193.304367,-781.404114,0,0
4.040000,1.187946,1.546809,-1.110984,0.996801,0.076767,-0.022249,0.021494,0.010644,0.999712,0.076982,-0.996992,0.008960,0.703064,0.034940,0.019462,0.710001,0.156184,-0.055274,0.062385,0.012175,0.065996,-0.044019,0.022249,-0.999712,-0.008960,0.000000,0.000000,0.000000,-1,0.048721,-0.931686,-0.067520,0.129817,-0.145159,0.058792,139.639191,195.749054,-779.734131,0,0
4.080000,1.242949,1.547686,-1.167542,0.996926,0.075236,-0.021877,0.021254,0.009068,0.999733,0.075415,-0.997124,0.007441,0.703636,0.034283,0.019022,0.709478,0.124162,-0.063801,0.034050,0.025211,0.067558,-0.069891,0.021877,-0.999733,-0.007441,0.000000,0.000000,0.000000,-1,-0.022247,-0.969940,-0.066269,0.151906,-0.215206,0.009934,139.288788,195.050568,-781.070129,0,0
4.120000,1.566951,1.550727,-1.498672,0.997469,0.068212,-0.020068,0.020016,0.001446,0.999799,0.068227,-0.997670,0.000077,0.706390,0.031225,0.017044,0.706929,0.143072,-0.149740,-0.005119,-0.085406,0.019620,-0.104125,0.020068,-0.999799,-0.000077,0.000000,0.000000,0.000000,-1,-0.052261,-0.973068,-0.109528,0.124145,-0.293685,-0.005361,139.113571,194.177475,-778.565063,0,0
4.160000,1.540067,1.552838,-1.478960,0.997973,0.061055,-0.017948,0.017881,0.001647,0.999839,0.061075,-0.998133,0.000552,0.706359,0.027938,0.015264,0.707137,0.103544,-0.304555,-0.017796,-0.047169,0.030494,-0.102811,0.017948,-0.999839,-0.000552,0.000000,0.000000,0.000000,-1,-0.001663,-0.979660,-0.111221,0.102776,-0.430453,-0.005572,138.763168,194.177475,-779.901123,0,0
4.200000,1.487870,1.553231,-1.437123,0.998560,0.050705,-0.017504,0.017408,0.002341,0.999846,0.050738,-0.998711,0.001455,0.706181,0.024113,0.011765,0.707523,0.101394,-0.363912,-0.005800,-0.009280,0.025908,-0.117793,0.017504,-0.999846,-0.001455,0.000000,0.000000,0.000000,-1,0.053787,-0.975647,-0.161636,0.081352,-0.500469,-0.033741,138.237549,194.701324,-780.068115,0,0
4.240000,1.672350,1.550391,-1.641944,0.999331,0.030415,-0.020299,0.020353,-0.001451,0.999792,0.030380,-0.999536,-0.002069,0.707610,0.017936,0.003561,0.706366,0.069060,-0.438281,-0.107224,0.052440,0.020864,-0.181726,0.020299,-0.999792,0.002069,0.000000,0.000000,0.000000,-1,0.074310,-0.980881,-0.189087,0.070343,-0.551495,-0.123805,137.887131,194.701324,-780.736084,0,0
4.280000,1.734029,1.545767,-1.717468,0.999557,0.016606,-0.024694,0.024758,-0.003658,0.999687,0.016510,-0.999855,-0.004067,0.708393,0.014598,-0.002888,0.705662,0.087930,-0.473364,-0.171097,0.049937,0.012992,-0.200341,0.024694,-0.999687,0.004067,0.000000,0.000000,0.000000,-1,0.098557,-1.007736,-0.134827,0.093627,-0.478405,-0.166940,139.989609,196.098282,-780.402100,0,1
