0.000000,2.711944,-1.374944,2.639164,0.993518,-0.079695,-0.081062,-0.093712,-0.170553,-0.980882,0.064346,0.982120,-0.176916,-0.765014,0.056668,0.005463,0.641492,0.012550,-0.015324,-0.016794,0.000801,0.019698,0.001856,0.081062,0.980882,0.176916,0.000000,0.000000,0.000000,-1,0.073547,0.995987,0.164154,0.015804,-0.115585,-0.014545,135.434250,279.566650,-771.718018,0,0
0.040000,2.713216,-1.376386,2.640938,0.993633,-0.079081,-0.080249,-0.092730,-0.169478,-0.981162,0.063990,0.982356,-0.175732,-0.764664,0.056172,0.005316,0.641955,0.022120,-0.028051,-0.020046,-0.006702,0.014825,-0.011578,0.080249,0.981162,0.175732,0.000000,0.000000,0.000000,-1,0.076859,0.982391,0.183502,0.015764,-0.152697,-0.017568,134.908630,279.042786,-771.216980,0,0
0.080000,2.716091,-1.377607,2.645496,0.993854,-0.077290,-0.079249,-0.091387,-0.168845,-0.981397,0.062471,0.982608,-0.174871,-0.764456,0.055162,0.005487,0.642288,0.006191,-0.034404,-0.015607,-0.002391,0.000995,0.008631,0.079249,0.981397,0.174871,0.000000,0.000000,0.000000,-1,0.083038,0.982727,0.193207,-0.006467,-0.107084,-0.001573,136.660690,280.789001,-772.218994,0,0
0.120000,2.718141,-1.376744,2.647737,0.993867,-0.077137,-0.079238,-0.091409,-0.169795,-0.981231,0.062235,0.982456,-0.175804,-0.764766,0.055097,0.005558,0.641924,-0.008637,0.011208,-0.000751,0.003800,0.001496,0.017402,0.079238,0.981231,0.175804,0.000000,0.000000,0.000000,-1,0.072647,0.997040,0.165085,-0.008544,-0.083747,0.006854,134.207809,279.392029,-771.216980,0,0
0.160000,2.719897,-1.377048,2.648977,0.993864,-0.077609,-0.078808,-0.091058,-0.169645,-0.981289,0.062787,0.982445,-0.175671,-0.764719,0.055140,0.005237,0.641979,0.003057,-0.014234,0.000282,-0.006160,0.015750,-0.010587,0.078808,0.981289,0.175671,0.000000,0.000000,0.000000,-1,0.085297,0.994232,0.181442,-0.000097,-0.124046,-0.000503,135.434250,279.566650,-771.049988,0,0
0.200000,2.719930,-1.377482,2.649591,0.993926,-0.077000,-0.078628,-0.090752,-0.169326,-0.981373,0.062252,0.982548,-0.175286,-0.764614,0.054849,0.005354,0.642128,0.006242,-0.004701,-0.005120,0.006669,0.012859,0.006157,0.078628,0.981373,0.175286,0.000000,0.000000,0.000000,-1,0.081909,0.992844,0.179840,0.006293,-0.097544,-0.002820,134.733429,278.169708,-772.719971,0,0
0.240000,2.719937,-1.377794,2.649544,0.993933,-0.077032,-0.078501,-0.090616,-0.169052,-0.981433,0.062331,0.982592,-0.175007,-0.764525,0.054821,0.005288,0.642237,0.008344,-0.005771,-0.010449,0.002554,0.013303,-0.002384,0.078501,0.981433,0.175007,0.000000,0.000000,0.000000,-1,0.075424,0.992493,0.177979,0.006266,-0.112393,-0.007008,134.558212,279.392029,-773.889038,0,0
0.280000,2.721203,-1.378247,2.651023,0.993985,-0.076774,-0.078098,-0.090156,-0.168794,-0.981520,0.062173,0.982657,-0.174700,-0.764441,0.054592,0.005208,0.642357,0.003063,-0.004766,-0.009311,-0.002674,0.010973,0.003279,0.078098,0.981520,0.174700,0.000000,0.000000,0.000000,-1,0.080383,0.985641,0.184906,-0.001168,-0.107090,-0.005886,135.083832,278.868164,-772.052002,0,0
0.320000,2.723162,-1.378344,2.652970,0.994016,-0.076758,-0.077717,-0.089782,-0.168885,-0.981538,0.062216,0.982642,-0.174766,-0.764471,0.054463,0.005069,0.642333,-0.000105,0.010081,-0.006153,0.002667,0.004103,0.010140,0.077717,0.981538,0.174766,0.000000,0.000000,0.000000,-1,0.084427,0.985474,0.179108,-0.001116,-0.096471,0.005766,135.959869,279.741272,-772.552979,0,0
0.360000,2.722154,-1.378103,2.651709,0.993973,-0.077037,-0.077989,-0.090106,-0.168980,-0.981492,0.062433,0.982604,-0.174903,-0.764502,0.054658,0.005087,0.642279,-0.000069,0.010095,0.004492,0.006438,0.003982,0.004205,0.077989,0.981492,0.174903,0.000000,0.000000,0.000000,-1,0.076477,0.995163,0.175262,-0.006403,-0.090100,0.012178,134.207809,280.439758,-772.552979,0,0
0.400000,2.721554,-1.377491,2.650474,0.993893,-0.077718,-0.078339,-0.090599,-0.169399,-0.981375,0.063000,0.982479,-0.175405,-0.764640,0.055031,0.005015,0.642084,-0.007503,0.010099,0.007766,-0.001862,0.013788,-0.000143,0.078339,0.981375,0.175405,0.000000,0.000000,0.000000,-1,0.077515,0.996017,0.171890,-0.007479,-0.096464,0.010091,136.485489,279.915894,-771.718018,0,0
0.440000,2.720469,-1.377696,2.649190,0.993869,-0.077914,-0.078447,-0.090721,-0.169104,-0.981414,0.063200,0.982514,-0.175136,-0.764544,0.055142,0.004986,0.642189,-0.000072,-0.002629,0.003503,-0.000932,0.014603,-0.003246,0.078447,0.981414,0.175136,0.000000,0.000000,0.000000,-1,0.076096,0.998032,0.184921,0.003131,-0.098593,0.004665,134.558212,280.090515,-772.552979,0,0
0.480000,2.723874,-1.377359,2.651761,0.993841,-0.078726,-0.077985,-0.090441,-0.169629,-0.981349,0.064030,0.982359,-0.175704,-0.764718,0.055304,0.004562,0.641971,-0.003256,0.037655,0.000156,-0.003369,0.014714,0.008927,0.077985,0.981349,0.175704,0.000000,0.000000,0.000000,-1,0.072479,0.997025,0.166550,-0.000039,-0.067848,0.003498,136.310287,278.693542,-771.551025,0,0
0.520000,2.725493,-1.377868,2.652534,0.993817,-0.079514,-0.077498,-0.090076,-0.169258,-0.981447,0.064922,0.982359,-0.175374,-0.764599,0.055451,0.004112,0.642103,0.005232,0.011149,-0.000888,-0.005019,0.015578,-0.008824,0.077498,0.981447,0.175374,0.000000,0.000000,0.000000,-1,0.083237,0.988037,0.183929,0.004174,-0.103900,0.000423,133.857391,279.042786,-773.221008,0,0
0.560000,2.725203,-1.378121,2.652020,0.993804,-0.079722,-0.077449,-0.090046,-0.168993,-0.981495,0.065159,0.982388,-0.175124,-0.764513,0.055515,0.004019,0.642201,0.005234,0.017507,-0.001979,0.005788,0.006542,0.008805,0.077449,0.981495,0.175124,0.000000,0.000000,0.000000,-1,0.083633,0.992340,0.177872,-0.000051,-0.078452,0.002482,135.959869,279.741272,-772.218994,0,0
0.600000,2.724553,-1.377796,2.650363,0.993702,-0.080753,-0.077691,-0.090476,-0.169124,-0.981433,0.066114,0.982281,-0.175365,-0.764557,0.055989,0.003786,0.642108,0.007355,0.013279,-0.001945,0.005301,0.017148,0.000248,0.077691,0.981433,0.175365,0.000000,0.000000,0.000000,-1,0.079453,0.996796,0.178879,0.007366,-0.095420,-0.000714,133.331772,279.915894,-771.718018,0,0
0.640000,2.725094,-1.378095,2.650667,0.993701,-0.080962,-0.077478,-0.090287,-0.168893,-0.981490,0.066378,0.982304,-0.175139,-0.764482,0.056001,0.003630,0.642197,0.007324,0.003727,-0.008283,-0.000452,0.014909,0.004960,0.077478,0.981490,0.175139,0.000000,0.000000,0.000000,-1,0.077118,0.989059,0.180908,0.007331,-0.110272,-0.007029,134.908630,280.090515,-772.218994,0,0
0.680000,2.727761,-1.378277,2.653530,0.993763,-0.080724,-0.076939,-0.089719,-0.168993,-0.981525,0.066230,0.982306,-0.175182,-0.764516,0.055736,0.003502,0.642181,0.004130,0.002668,-0.007182,0.001644,0.006985,0.007634,0.076939,0.981525,0.175182,0.000000,0.000000,0.000000,-1,0.079178,0.989990,0.177582,0.003117,-0.085880,-0.001774,135.434250,278.169708,-771.718018,0,0
0.720000,2.728699,-1.378237,2.654028,0.993739,-0.081153,-0.076790,-0.089653,-0.169072,-0.981518,0.066670,0.982257,-0.175289,-0.764542,0.055852,0.003309,0.642141,0.003101,0.031300,-0.003045,0.000404,0.008701,0.005024,0.076790,0.981518,0.175289,0.000000,0.000000,0.000000,-1,0.070328,0.995239,0.173264,0.007402,-0.079507,0.005596,134.908630,279.042786,-770.548950,0,0
0.760000,2.729409,-1.378886,2.653499,0.993671,-0.082333,-0.076410,-0.089444,-0.168462,-0.981642,0.067949,0.982264,-0.174760,-0.764345,0.056184,0.002767,0.642349,0.010561,0.021812,0.003335,-0.007334,0.012453,0.000304,0.076410,0.981642,0.174760,0.000000,0.000000,0.000000,-1,0.079178,0.993713,0.171646,0.009526,-0.077389,0.004499,133.682190,280.265137,-772.385986,0,0
0.800000,2.729068,-1.379604,2.652158,0.993609,-0.083282,-0.076187,-0.089338,-0.167720,-0.981778,0.068987,0.982311,-0.174089,-0.764104,0.056478,0.002356,0.642612,0.008391,-0.003646,-0.003972,0.004348,0.004596,-0.002855,0.076187,0.981778,0.174089,0.000000,0.000000,0.000000,-1,0.082977,0.990646,0.182281,0.007357,-0.107082,-0.000662,134.207809,279.392029,-772.218994,0,0
0.840000,2.728710,-1.379654,2.651839,0.993609,-0.083244,-0.076230,-0.089368,-0.167648,-0.981788,0.068948,0.982326,-0.174016,-0.764080,0.056477,0.002383,0.642640,0.008392,-0.002586,-0.003975,0.005649,0.005837,0.001903,0.076230,0.981788,0.174016,0.000000,0.000000,0.000000,-1,0.078293,0.993622,0.179962,0.000987,-0.095420,-0.000644,134.032608,280.265137,-771.049988,0,0
0.880000,2.729301,-1.379535,2.652184,0.993593,-0.083490,-0.076174,-0.089366,-0.167783,-0.981765,0.069187,0.982282,-0.174169,-0.764124,0.056554,0.002286,0.642581,0.002001,-0.007891,-0.004941,-0.003451,0.010193,-0.002217,0.076174,0.981765,0.174169,0.000000,0.000000,0.000000,-1,0.075821,0.986008,0.174408,-0.002225,-0.119806,-0.001562,135.259048,280.090515,-771.551025,0,0
0.920000,2.729820,-1.379680,2.653159,0.993644,-0.083021,-0.076026,-0.089135,-0.167743,-0.981793,0.068757,0.982329,-0.174077,-0.764111,0.056326,0.002378,0.642616,-0.006489,0.003848,-0.000585,-0.000114,0.005954,0.006160,0.076026,0.981793,0.174077,0.000000,0.000000,0.000000,-1,0.074371,0.990997,0.178085,-0.010684,-0.091171,0.004784,134.908630,279.042786,-771.216980,0,0
0.960000,2.731045,-1.379283,2.654090,0.993622,-0.083327,-0.075969,-0.089162,-0.168171,-0.981717,0.069027,0.982230,-0.174528,-0.764251,0.056424,0.002271,0.642441,-0.009656,0.017637,0.003642,-0.001597,0.009280,0.003558,0.075969,0.981717,0.174528,0.000000,0.000000,0.000000,-1,0.077744,0.996521,0.172012,-0.008531,-0.086921,0.011123,134.558212,278.344330,-772.552979,0,0
1.000000,2.730001,-1.379324,2.652140,0.993533,-0.084235,-0.076135,-0.089471,-0.167961,-0.981725,0.069908,0.982188,-0.174412,-0.764184,0.056827,0.002037,0.642487,-0.000061,0.018704,0.008849,0.000617,0.018275,-0.010013,0.076135,0.981725,0.174412,0.000000,0.000000,0.000000,-1,0.070114,0.999893,0.161285,0.002080,-0.109187,0.010043,134.908630,279.042786,-771.216980,0,0
1.040000,2.727992,-1.380542,2.650688,0.993595,-0.083623,-0.076005,-0.089151,-0.166776,-0.981956,0.069438,0.982442,-0.173163,-0.763795,0.056551,0.002149,0.642973,0.006267,-0.029019,0.000478,-0.003464,0.012825,-0.000495,0.076005,0.981956,0.173163,0.000000,0.000000,0.000000,-1,0.075089,0.988052,0.183823,0.004160,-0.128283,0.001597,133.331772,278.518951,-773.722046,0,0
1.080000,2.729783,-1.380117,2.652916,0.993641,-0.083197,-0.075861,-0.088975,-0.167343,-0.981876,0.068995,0.982382,-0.173682,-0.763981,0.056340,0.002247,0.642771,-0.000126,0.002834,-0.003799,-0.001017,0.006573,0.013452,0.075861,0.981876,0.173682,0.000000,0.000000,0.000000,-1,0.078766,0.997238,0.180161,-0.000078,-0.098601,-0.000618,134.383011,279.566650,-771.049988,0,0
1.120000,2.731076,-1.380104,2.653766,0.993622,-0.083623,-0.075642,-0.088838,-0.167430,-0.981873,0.069443,0.982331,-0.173791,-0.764010,0.056433,0.002028,0.642729,0.000947,0.012377,-0.002791,-0.000431,0.015350,-0.004861,0.075642,0.981873,0.173791,0.000000,0.000000,0.000000,-1,0.076904,0.992950,0.162628,0.005248,-0.095417,0.001437,134.558212,279.392029,-772.218994,0,0
1.160000,2.729283,-1.380844,2.652254,0.993647,-0.083315,-0.075662,-0.088750,-0.166654,-0.982013,0.069207,0.982489,-0.172989,-0.763755,0.056322,0.002113,0.643040,0.005191,-0.013068,-0.001658,0.001441,0.008648,0.008148,0.075662,0.982013,0.172989,0.000000,0.000000,0.000000,-1,0.075928,0.986710,0.184021,0.000981,-0.114500,0.001570,133.682190,280.265137,-773.054016,0,0
1.200000,2.730469,-1.380494,2.653587,0.993663,-0.083179,-0.075594,-0.088689,-0.167076,-0.981947,0.069047,0.982429,-0.173394,-0.763894,0.056247,0.002143,0.642883,-0.002250,0.001773,-0.002707,-0.000582,0.015306,0.009986,0.075594,0.981947,0.173394,0.000000,0.000000,0.000000,-1,0.074875,0.997726,0.169220,-0.001145,-0.097542,-0.001675,134.558212,280.090515,-772.218994,0,0
1.240000,2.731202,-1.381107,2.654442,0.993705,-0.083009,-0.075227,-0.088264,-0.166619,-0.982063,0.068985,0.982521,-0.172897,-0.763744,0.056063,0.002043,0.643076,0.007269,-0.018365,-0.009054,-0.000138,0.015465,-0.006393,0.075227,0.982063,0.172897,0.000000,0.000000,0.000000,-1,0.077118,0.991714,0.175735,0.007330,-0.121931,-0.004849,134.558212,277.645844,-772.218994,0,0
1.280000,2.731409,-1.381465,2.654972,0.993748,-0.082662,-0.075051,-0.088011,-0.166356,-0.982130,0.068700,0.982595,-0.172591,-0.763658,0.055874,0.002079,0.643195,0.008377,0.004970,-0.001726,-0.001702,0.008928,0.006517,0.075051,0.982130,0.172591,0.000000,0.000000,0.000000,-1,0.066055,0.989334,0.173096,0.005242,-0.097539,0.000382,134.558212,279.392029,-772.887024,0,0
1.320000,2.733515,-1.381754,2.656941,0.993776,-0.082755,-0.074574,-0.087551,-0.166277,-0.982185,0.068881,0.982600,-0.172487,-0.763633,0.055755,0.001864,0.643236,0.001994,-0.004570,-0.000554,-0.007237,0.005776,0.000181,0.074574,0.982185,0.172487,0.000000,0.000000,0.000000,-1,0.080765,0.994186,0.175934,-0.001135,-0.111317,0.003706,134.383011,279.566650,-772.052002,0,0
1.360000,2.732271,-1.381338,2.655681,0.993743,-0.082812,-0.074952,-0.087951,-0.166528,-0.982106,0.068848,0.982553,-0.172769,-0.763715,0.055899,0.001998,0.643126,-0.007528,0.010286,0.009060,0.002715,0.006617,0.004461,0.074952,0.982106,0.172769,0.000000,0.000000,0.000000,-1,0.077911,0.992142,0.174683,-0.003217,-0.095401,0.012167,134.908630,279.741272,-772.218994,0,0
1.400000,2.730420,-1.381072,2.653498,0.993680,-0.083180,-0.075376,-0.088437,-0.166567,-0.982056,0.069133,0.982515,-0.172870,-0.763727,0.056178,0.002044,0.643087,-0.002241,0.007119,0.008013,0.003100,0.010406,-0.001453,0.075376,0.982056,0.172870,0.000000,0.000000,0.000000,-1,0.074448,0.991302,0.170715,-0.002165,-0.098585,0.010042,135.083832,279.566650,-772.052002,0,0
1.440000,2.729318,-1.381154,2.652301,0.993659,-0.083282,-0.075534,-0.088599,-0.166389,-0.982072,0.069221,0.982537,-0.172713,-0.763669,0.056268,0.002067,0.643148,0.000944,-0.001364,0.008015,-0.000827,0.011291,0.000322,0.075534,0.982072,0.172713,0.000000,0.000000,0.000000,-1,0.072311,0.997238,0.177780,0.001028,-0.099643,0.011076,134.908630,279.042786,-770.882996,0,0
1.480000,2.730230,-1.380936,2.652486,0.993604,-0.084009,-0.075462,-0.088669,-0.166595,-0.982031,0.069927,0.982440,-0.172978,-0.763737,0.056524,0.001812,0.643046,-0.004365,0.012417,0.006943,-0.008323,0.012965,-0.004292,0.075462,0.982031,0.172978,0.000000,0.000000,0.000000,-1,0.071198,0.993546,0.166641,-0.003251,-0.118732,0.008018,134.908630,279.741272,-770.548950,0,0
1.520000,2.729473,-1.381011,2.652104,0.993627,-0.083639,-0.075563,-0.088697,-0.166496,-0.982045,0.069557,0.982489,-0.172853,-0.763704,0.056415,0.001966,0.643094,-0.004383,-0.008789,0.005973,0.004561,0.009563,0.005965,0.075563,0.982045,0.172853,0.000000,0.000000,0.000000,-1,0.081375,0.987839,0.185486,-0.005352,-0.100703,0.011151,134.558212,279.392029,-771.885010,0,0
1.560000,2.728460,-1.380210,2.650743,0.993555,-0.084050,-0.076054,-0.089295,-0.167069,-0.981893,0.069822,0.982356,-0.173497,-0.763892,0.056731,0.002040,0.642843,-0.005431,0.024076,0.011205,0.008754,0.005945,0.010829,0.076054,0.981893,0.173497,0.000000,0.000000,0.000000,-1,0.078094,0.995697,0.173019,-0.008506,-0.075252,0.015325,136.135071,278.868164,-772.719971,0,0
1.600000,2.726842,-1.379726,2.648096,0.993427,-0.085123,-0.076526,-0.089962,-0.167250,-0.981802,0.070775,0.982233,-0.173809,-0.763951,0.057296,0.001882,0.642722,-0.004373,0.016654,0.011229,0.000347,0.017161,-0.004451,0.076526,0.981802,0.173809,0.000000,0.000000,0.000000,-1,0.074524,0.993683,0.163651,-0.004275,-0.093279,0.013233,136.310287,280.090515,-773.221008,0,0
1.640000,2.724862,-1.380256,2.646678,0.993466,-0.084551,-0.076660,-0.089952,-0.166664,-0.981902,0.070244,0.982382,-0.173181,-0.763759,0.057120,0.002100,0.642966,0.004043,-0.036380,-0.003518,0.003327,0.006715,0.005912,0.076660,0.981902,0.173181,0.000000,0.000000,0.000000,-1,0.087708,0.983734,0.192917,-0.000099,-0.136765,0.001682,134.383011,278.518951,-772.719971,0,0
1.680000,2.723815,-1.378826,2.646072,0.993436,-0.084221,-0.077411,-0.090721,-0.167845,-0.981630,0.069681,0.982209,-0.174384,-0.764144,0.057235,0.002529,0.642496,-0.012893,0.013468,0.009215,0.006604,0.004301,0.012444,0.077411,0.981630,0.174384,0.000000,0.000000,0.000000,-1,0.079926,0.992798,0.174622,-0.011698,-0.084792,0.016467,135.083832,279.915894,-772.052002,0,0
1.720000,2.721700,-1.378469,2.643400,0.993344,-0.084823,-0.077922,-0.091336,-0.167910,-0.981562,0.070175,0.982146,-0.174539,-0.764165,0.057631,0.002535,0.642436,-0.002285,0.003913,0.011310,-0.000758,0.008443,-0.004007,0.077922,0.981562,0.174539,0.000000,0.000000,0.000000,-1,0.079056,0.990082,0.177032,-0.001109,-0.108126,0.010074,135.784668,277.121979,-771.718018,0,0
1.760000,2.720042,-1.378228,2.641753,0.993312,-0.084847,-0.078308,-0.091726,-0.167967,-0.981516,0.070125,0.982134,-0.174627,-0.764183,0.057765,0.002677,0.642401,-0.003373,0.003903,0.004941,0.003860,0.012289,0.003276,0.078308,0.981516,0.174626,0.000000,0.000000,0.000000,-1,0.080093,0.995224,0.169907,-0.008558,-0.101770,0.006936,134.383011,279.566650,-772.719971,0,0
1.800000,2.719675,-1.378234,2.641537,0.993320,-0.084701,-0.078370,-0.091759,-0.167942,-0.981517,0.069973,0.982151,-0.174592,-0.764175,0.057729,0.002747,0.642414,-0.011903,-0.018367,0.001943,-0.003007,0.015157,-0.005037,0.078370,0.981517,0.174592,0.000000,0.000000,0.000000,-1,0.071152,0.993958,0.181793,-0.010707,-0.132516,0.007098,134.383011,278.169708,-773.054016,0,0
1.840000,2.722114,-1.377967,2.644679,0.993405,-0.083993,-0.078050,-0.091356,-0.168460,-0.981466,0.069288,0.982123,-0.175022,-0.764344,0.057353,0.002866,0.642247,0.002990,0.002835,0.000614,-0.000780,0.013468,0.008785,0.078050,0.981466,0.175022,0.000000,0.000000,0.000000,-1,0.084015,0.993988,0.178711,0.007383,-0.099653,0.004623,134.383011,279.566650,-772.719971,0,0
1.880000,2.720383,-1.378045,2.642631,0.993356,-0.084323,-0.078322,-0.091664,-0.168205,-0.981481,0.069587,0.982139,-0.174816,-0.764261,0.057568,0.002857,0.642327,0.002986,0.015536,0.005923,0.005800,0.007914,-0.001736,0.078322,0.981481,0.174816,0.000000,0.000000,0.000000,-1,0.078217,0.983719,0.170914,0.002102,-0.090100,0.012084,135.434250,279.915894,-772.385986,0,0
1.920000,2.718901,-1.378118,2.640725,0.993301,-0.084756,-0.078552,-0.091950,-0.167967,-0.981495,0.069993,0.982142,-0.174635,-0.764183,0.057809,0.002800,0.642398,-0.001237,0.010247,0.014503,-0.003692,-0.000843,-0.004133,0.078552,0.981495,0.174635,0.000000,0.000000,0.000000,-1,0.078094,0.987625,0.176086,-0.007445,-0.099630,0.019679,134.733429,279.566650,-771.718018,0,0
1.960000,2.717765,-1.377126,2.639273,0.993219,-0.085150,-0.079150,-0.092662,-0.168686,-0.981305,0.070207,0.981985,-0.175433,-0.764418,0.058153,0.002925,0.642087,-0.021446,0.009183,0.012602,-0.002582,0.015354,0.004270,0.079150,0.981305,0.175433,0.000000,0.000000,0.000000,-1,0.073730,1.000549,0.180771,-0.024454,-0.081612,0.016594,135.609451,279.392029,-772.552979,0,0
2.000000,2.720814,-1.376465,2.641333,0.993155,-0.086144,-0.078880,-0.092626,-0.169447,-0.981177,0.071156,0.981767,-0.176266,-0.764668,0.058447,0.002525,0.641764,-0.015042,0.030390,0.014557,-0.016334,0.015451,-0.003750,0.078880,0.981177,0.176266,0.000000,0.000000,0.000000,-1,0.052353,0.992188,0.169418,-0.009564,-0.074190,0.016396,135.083832,280.265137,-772.719971,0,0
2.040000,2.725286,-1.377064,2.644734,0.993151,-0.087115,-0.077854,-0.091769,-0.169244,-0.981292,0.072309,0.981717,-0.176079,-0.764604,0.058489,0.001813,0.641839,0.001936,0.032484,0.012255,-0.025760,0.008423,-0.006341,0.077854,0.981292,0.176079,0.000000,0.000000,0.000000,-1,0.061523,0.992477,0.181625,0.005318,-0.071011,0.015154,135.259048,279.042786,-771.885010,0,0
2.080000,2.733871,-1.377348,2.650123,0.993005,-0.090171,-0.076228,-0.090724,-0.169490,-0.981347,0.075569,0.981398,-0.176485,-0.764686,0.059140,0.000216,0.641683,-0.010761,0.104583,0.014181,-0.025081,0.012626,0.009260,0.076228,0.981347,0.176485,0.000000,0.000000,0.000000,-1,0.049683,0.994766,0.178848,-0.006318,0.001084,0.016021,135.609451,280.439758,-772.887024,0,0
2.120000,2.743173,-1.377585,2.655570,0.992793,-0.093875,-0.074493,-0.089691,-0.169776,-0.981393,0.079481,0.981001,-0.176972,-0.764778,0.060006,-0.001630,0.641491,-0.007639,0.051564,0.006926,-0.015197,0.011420,-0.005051,0.074493,0.981393,0.176972,0.000000,0.000000,0.000000,-1,0.065674,0.993958,0.173920,-0.014908,-0.079501,0.010097,135.434250,279.566650,-772.719971,0,0
2.160000,2.745598,-1.377371,2.657548,0.992779,-0.094302,-0.074145,-0.089453,-0.170139,-0.981352,0.079929,0.980897,-0.177346,-0.764896,0.060059,-0.001891,0.641345,-0.022569,-0.001450,0.005198,-0.003954,0.016451,0.002525,0.074145,0.981352,0.177346,0.000000,0.000000,0.000000,-1,0.075027,1.003815,0.178467,-0.023426,-0.101764,0.011355,135.259048,278.693542,-773.221008,0,0
2.200000,2.744591,-1.376645,2.655830,0.992672,-0.095069,-0.074599,-0.090077,-0.170615,-0.981212,0.080555,0.980741,-0.177928,-0.765051,0.060501,-0.001947,0.641118,0.000885,0.028233,0.022915,-0.000243,0.016957,-0.000514,0.074599,0.981212,0.177928,0.000000,0.000000,0.000000,-1,0.071777,1.003067,0.184845,0.015993,-0.055095,0.023474,135.784668,279.217407,-771.718018,0,0
2.240000,2.742489,-1.376844,2.651819,0.992465,-0.096975,-0.074897,-0.090669,-0.170080,-0.981250,0.082418,0.980647,-0.177591,-0.764875,0.061332,-0.002458,0.641248,0.016804,0.045180,0.012024,0.001153,0.020657,0.003317,0.074897,0.981250,0.177591,0.000000,0.000000,0.000000,-1,0.078568,1.007706,0.172974,0.014845,-0.083747,0.006597,134.383011,279.566650,-772.052002,0,0
2.280000,2.741157,-1.377671,2.650480,0.992474,-0.096943,-0.074817,-0.090514,-0.169243,-0.981409,0.082478,0.980795,-0.176744,-0.764601,0.061292,-0.002505,0.641578,0.016643,-0.035438,-0.015267,0.000653,0.032965,-0.005189,0.074817,0.981409,0.176744,0.000000,0.000000,0.000000,-1,0.074066,1.013489,0.174255,0.017854,-0.163310,-0.024989,134.908630,277.995087,-771.551025,0,0
2.320000,2.744227,-1.380598,2.658770,0.993111,-0.091534,-0.073162,-0.087774,-0.167443,-0.981967,0.077633,0.981623,-0.174324,-0.764015,0.058673,-0.001463,0.642523,0.057837,-0.137297,-0.067385,-0.000759,0.023008,0.010125,0.073162,0.981967,0.174324,0.000000,0.000000,0.000000,-1,0.080093,0.993622,0.195343,0.081396,-0.241840,-0.075330,136.135071,280.614380,-772.719971,0,0
2.360000,2.745972,-1.383288,2.666075,0.993717,-0.085818,-0.071839,-0.085339,-0.165730,-0.982472,0.072407,0.982430,-0.172012,-0.763456,0.056047,-0.000186,0.643423,0.095005,-0.127795,-0.069941,0.019408,0.001995,0.022873,0.071839,0.982472,0.172012,0.000000,0.000000,0.000000,-1,0.088669,0.984711,0.199371,0.095295,-0.212132,-0.060725,135.959869,279.392029,-773.555054,0,0
2.400000,2.744764,-1.385103,2.667678,0.993998,-0.082921,-0.071358,-0.084259,-0.164280,-0.982808,0.069773,0.982922,-0.170281,-0.762981,0.054779,0.000519,0.644096,0.091927,-0.067334,-0.049963,0.010994,0.003001,0.024772,0.071358,0.982808,0.170281,0.000000,0.000000,0.000000,-1,0.080276,0.981979,0.188782,0.093267,-0.170757,-0.042806,134.207809,279.741272,-772.218994,0,0
2.440000,2.740812,-1.387729,2.667496,0.994337,-0.079051,-0.071023,-0.083111,-0.161968,-0.983290,0.066227,0.983625,-0.167621,-0.762221,0.053187,0.001573,0.645126,0.078177,-0.085319,-0.023131,0.012915,-0.013548,0.025143,0.071023,0.983290,0.167621,0.000000,0.000000,0.000000,-1,0.082962,0.967911,0.201477,0.060434,-0.191905,-0.005119,134.032608,278.169708,-773.054016,0,0
2.480000,2.734347,-1.387527,2.664173,0.994491,-0.076008,-0.072184,-0.083740,-0.161867,-0.983253,0.063051,0.983881,-0.167341,-0.762184,0.052398,0.002996,0.645229,0.052771,-0.060891,0.006830,0.013235,-0.015571,0.035494,0.072184,0.983253,0.167341,0.000000,0.000000,0.000000,-1,0.082672,0.967178,0.202362,0.047787,-0.146286,0.015026,133.682190,279.217407,-773.388000,0,0
2.520000,2.729453,-1.386647,2.659964,0.994449,-0.075435,-0.073349,-0.084821,-0.162280,-0.983092,0.062257,0.983857,-0.167777,-0.762317,0.052556,0.003638,0.645057,0.040122,-0.000447,0.031170,0.006180,-0.010375,0.035439,0.073349,0.983092,0.167777,0.000000,0.000000,0.000000,-1,0.080887,0.992645,0.198654,0.033052,-0.080513,0.041484,134.733429,278.169708,-772.385986,0,0
2.560000,2.722628,-1.384869,2.651692,0.994186,-0.077064,-0.075203,-0.086983,-0.163115,-0.982765,0.063469,0.983593,-0.168870,-0.762589,0.053779,0.003847,0.644632,0.010414,0.020780,0.047360,0.013161,0.011665,0.023574,0.075203,0.982765,0.168870,0.000000,0.000000,0.000000,-1,0.099289,0.989716,0.188095,-0.004133,-0.095342,0.051534,134.733429,278.868164,-771.718018,0,0
2.600000,2.706969,-1.381784,2.635000,0.993773,-0.078464,-0.079114,-0.091164,-0.164291,-0.982190,0.064069,0.983286,-0.170421,-0.762969,0.055582,0.004930,0.644023,-0.019375,0.046209,0.039078,0.022723,0.025088,0.005025,0.079114,0.982190,0.170421,0.000000,0.000000,0.000000,-1,0.108475,1.026962,0.149582,-0.027541,-0.051894,0.037768,135.959869,280.090515,-772.552979,0,0
2.640000,2.703053,-1.380743,2.629929,0.993584,-0.079725,-0.080215,-0.092496,-0.164717,-0.981994,0.065077,0.983114,-0.171035,-0.763108,0.056421,0.004959,0.643784,-0.018384,0.012261,0.026458,0.031037,0.056443,-0.030654,0.080215,0.981994,0.171035,0.000000,0.000000,0.000000,-1,0.102066,1.045334,0.131439,-0.007448,-0.113410,0.021868,135.434250,279.217407,-773.388000,0,0
2.680000,2.694218,-1.381305,2.624068,0.993710,-0.076823,-0.081484,-0.093187,-0.163693,-0.982100,0.062109,0.983516,-0.169822,-0.762762,0.055722,0.006350,0.644243,0.015394,-0.107643,-0.014865,-0.016588,0.014802,-0.049430,0.081484,0.982100,0.169822,0.000000,0.000000,0.000000,-1,0.056946,0.962128,0.115036,0.049690,-0.219507,-0.029341,135.609451,280.090515,-772.887024,0,0
2.720000,2.689054,-1.384874,2.623841,0.994145,-0.071715,-0.080827,-0.091489,-0.160625,-0.982766,0.057496,0.984407,-0.166245,-0.761744,0.053563,0.007657,0.645615,0.096160,-0.144756,-0.018783,0.004348,-0.029641,-0.056321,0.080827,0.982766,0.166246,0.000000,0.000000,0.000000,-1,0.107742,0.956100,0.128143,0.102937,-0.221591,-0.005453,135.959869,278.344330,-772.552979,0,0
2.760000,2.674933,-1.388126,2.612220,0.994254,-0.069133,-0.081728,-0.091735,-0.156792,-0.983362,0.055168,0.985209,-0.162233,-0.760473,0.052884,0.008731,0.647153,0.087912,-0.039729,0.026577,0.026014,-0.027262,-0.034089,0.081728,0.983362,0.162233,0.000000,0.000000,0.000000,-1,0.093552,0.982254,0.179321,0.070258,-0.133509,0.050887,135.609451,277.296600,-772.218994,0,0
2.800000,2.655107,-1.388106,2.592919,0.994009,-0.068786,-0.084937,-0.094754,-0.155009,-0.983359,0.054475,0.985516,-0.160598,-0.759871,0.053805,0.010022,0.647766,-0.006441,0.016550,0.086935,-0.003883,0.002222,0.026582,0.084937,0.983359,0.160598,0.000000,0.000000,0.000000,-1,0.056244,0.993713,0.172943,-0.032670,-0.048640,0.086741,135.609451,278.344330,-773.221008,0,0
2.840000,2.651665,-1.384995,2.585398,0.993529,-0.073097,-0.086929,-0.097532,-0.156889,-0.982789,0.058201,0.984907,-0.163003,-0.760497,0.056091,0.009444,0.646846,-0.018251,0.084261,0.040987,-0.033401,0.007995,-0.032281,0.086929,0.982789,0.163003,0.000000,0.000000,0.000000,-1,0.091293,0.982971,0.143707,-0.002011,-0.022212,0.035225,135.083832,278.169708,-773.722046,0,0
2.880000,2.650219,-1.385550,2.581015,0.993314,-0.075986,-0.086907,-0.097928,-0.155998,-0.982891,0.061128,0.984830,-0.162396,-0.760215,0.057192,0.008477,0.647094,0.009380,0.121351,0.028811,0.004386,0.000080,-0.018689,0.086907,0.982891,0.162396,0.000000,0.000000,0.000000,-1,0.107132,1.000992,0.158630,0.011850,0.047757,0.031565,137.011108,277.645844,-773.889038,0,0
2.920000,2.647567,-1.385143,2.571309,0.992695,-0.083043,-0.087527,-0.099654,-0.155377,-0.982816,0.068017,0.984359,-0.162517,-0.760031,0.060095,0.006418,0.647070,-0.000083,0.195583,0.041348,0.020047,0.020022,-0.006908,0.087527,0.982816,0.162517,0.000000,0.000000,0.000000,-1,0.098572,1.001038,0.139206,-0.001897,0.087002,0.043241,136.485489,278.868164,-772.052002,0,0
2.960000,2.643426,-1.384864,2.559374,0.991941,-0.090832,-0.088331,-0.101652,-0.154406,-0.982764,0.075628,0.983823,-0.162395,-0.759727,0.063340,0.004180,0.647136,0.022099,0.095893,0.022409,0.008761,0.017892,-0.026180,0.088331,0.982764,0.162395,0.000000,0.000000,0.000000,-1,0.099136,1.013855,0.141037,0.023411,-0.040267,0.013752,136.485489,277.820465,-773.722046,0,0
3.000000,2.640068,-1.385922,2.554858,0.991836,-0.091929,-0.088375,-0.101773,-0.153080,-0.982959,0.076834,0.983929,-0.161186,-0.759293,0.063777,0.003800,0.647605,0.018721,-0.003874,-0.006909,0.010761,0.030896,-0.020149,0.088375,0.982959,0.161186,0.000000,0.000000,0.000000,-1,0.096146,1.003433,0.160675,0.013691,-0.135717,-0.006984,134.558212,278.693542,-772.552979,0,0
3.040000,2.636358,-1.386273,2.552957,0.991962,-0.090138,-0.088806,-0.101872,-0.152598,-0.983024,0.075056,0.984169,-0.160554,-0.759130,0.063234,0.004528,0.647844,-0.003625,-0.054759,-0.002175,0.007966,0.008034,0.003646,0.088806,0.983024,0.160554,0.000000,0.000000,0.000000,-1,0.089249,0.992477,0.170883,-0.006487,-0.153726,0.002893,135.784668,278.518951,-773.054016,0,0
3.080000,2.636417,-1.385322,2.554751,0.992071,-0.088487,-0.089249,-0.102116,-0.153559,-0.982849,0.073265,0.984169,-0.161378,-0.759442,0.062744,0.005262,0.647521,0.007026,-0.014474,-0.003537,0.003845,0.015213,0.000060,0.089249,0.982849,0.161378,0.000000,0.000000,0.000000,-1,0.095078,1.006195,0.147491,0.012666,-0.111325,-0.001765,136.835892,277.121979,-773.388000,0,0
3.120000,2.629493,-1.387148,2.548065,0.992078,-0.088169,-0.089484,-0.102136,-0.151385,-0.983184,0.073140,0.984535,-0.159191,-0.758725,0.062705,0.005386,0.648364,0.046379,-0.017652,-0.000763,0.002465,0.028916,-0.017131,0.089484,0.983184,0.159191,0.000000,0.000000,0.000000,-1,0.080643,1.006302,0.136292,0.055197,-0.145238,0.006429,137.536728,279.217407,-772.385986,0,0
3.160000,2.619624,-1.390981,2.541163,0.992382,-0.085014,-0.089171,-0.101049,-0.147566,-0.983877,0.070485,0.985392,-0.155032,-0.757460,0.061410,0.006168,0.649958,0.057932,-0.123697,-0.007870,-0.007872,0.013651,-0.009357,0.089171,0.983877,0.155032,0.000000,0.000000,0.000000,-1,0.096603,0.996078,0.174576,0.049765,-0.231136,-0.006951,135.959869,279.042786,-772.552979,0,0
3.200000,2.612937,-1.391823,2.539262,0.992723,-0.080246,-0.089788,-0.100860,-0.146691,-0.984027,0.065793,0.985922,-0.153718,-0.757155,0.059798,0.007923,0.650445,0.040936,-0.105671,-0.005635,0.005228,0.016034,0.024169,0.089788,0.984027,0.153718,0.000000,0.000000,0.000000,-1,0.086655,0.991959,0.177551,0.036000,-0.200377,0.001571,135.784668,278.868164,-772.052002,0,0
3.240000,2.612049,-1.391475,2.541693,0.992953,-0.076983,-0.090098,-0.100696,-0.147218,-0.983965,0.062485,0.986104,-0.153933,-0.757315,0.058654,0.009115,0.650346,0.020743,-0.077046,-0.006606,-0.002604,0.005781,0.021238,0.090098,0.983965,0.153933,0.000000,0.000000,0.000000,-1,0.101074,0.982941,0.169525,0.014733,-0.179181,-0.003609,136.135071,277.471222,-773.388000,0,0
3.280000,2.609145,-1.390831,2.541136,0.993056,-0.074722,-0.090866,-0.101136,-0.147685,-0.983850,0.060095,0.986208,-0.154217,-0.757456,0.058042,0.010156,0.650222,0.004789,-0.082347,-0.005338,0.018097,-0.001428,0.009891,0.090866,0.983850,0.154217,0.000000,0.000000,0.000000,-1,0.110504,0.969971,0.152527,-0.005471,-0.196141,-0.001182,136.660690,278.693542,-773.221008,0,0
3.320000,2.596312,-1.388935,2.534413,0.993205,-0.068884,-0.093805,-0.103191,-0.148534,-0.983509,0.053815,0.986505,-0.154632,-0.757689,0.056776,0.013195,0.650007,-0.032486,-0.158634,0.014565,0.020270,-0.021183,0.001114,0.093805,0.983509,0.154632,0.000000,0.000000,0.000000,-1,0.120605,0.952957,0.182571,-0.050082,-0.279856,0.027344,135.434250,279.217407,-773.054016,0,0
3.360000,2.587739,-1.382873,2.532115,0.993153,-0.063187,-0.098261,-0.106943,-0.153182,-0.982394,0.047023,0.986176,-0.158891,-0.759148,0.056027,0.016874,0.648282,-0.112010,-0.094953,0.061970,0.015508,-0.030124,0.032866,0.098261,0.982394,0.158891,0.000000,0.000000,0.000000,-1,0.096069,0.967087,0.193237,-0.130608,-0.151501,0.074456,136.135071,278.169708,-773.388000,0,0
3.400000,2.594028,-1.376333,2.539417,0.992951,-0.062670,-0.100603,-0.109458,-0.159250,-0.981151,0.045468,0.985247,-0.164988,-0.761116,0.056538,0.018110,0.645893,-0.173550,-0.017527,0.082509,-0.007082,-0.003124,0.031607,0.100603,0.981151,0.164988,0.000000,0.000000,0.000000,-1,0.104248,1.036346,0.208374,-0.192217,-0.118623,0.082433,135.434250,279.566650,-772.719971,0,0
3.440000,2.610524,-1.362941,2.554514,0.992393,-0.065057,-0.104513,-0.114310,-0.171809,-0.978476,0.045701,0.982980,-0.177939,-0.765203,0.058601,0.019215,0.640829,-0.208579,0.116043,0.071654,0.003062,0.043619,0.016565,0.104513,0.978476,0.177939,0.000000,0.000000,0.000000,-1,0.093109,1.002396,0.159622,-0.205957,0.030853,0.073400,135.959869,277.296600,-772.552979,0,0
3.480000,2.620192,-1.358088,2.560165,0.992034,-0.069372,-0.105152,-0.115944,-0.176418,-0.977463,0.049257,0.981868,-0.183056,-0.766731,0.060424,0.018225,0.638858,-0.154511,0.141508,0.050703,-0.022708,0.015350,-0.041714,0.105152,0.977463,0.183056,0.000000,0.000000,0.000000,-1,0.074158,0.996140,0.111862,-0.116769,0.015969,0.044827,136.310287,277.645844,-772.552979,0,0
3.520000,2.622793,-1.356730,2.561068,0.991888,-0.071149,-0.105333,-0.116513,-0.177633,-0.977175,0.050814,0.981521,-0.184482,-0.767138,0.061156,0.017767,0.638313,-0.026170,-0.068475,0.009812,-0.022326,0.047254,-0.083484,0.105333,0.977175,0.184482,0.000000,0.000000,0.000000,-1,0.063217,1.030350,0.142517,0.026407,-0.253381,0.006171,137.011108,277.995087,-771.216980,0,0
3.560000,2.612637,-1.359316,2.557787,0.992299,-0.064203,-0.105926,-0.115702,-0.175141,-0.977721,0.044221,0.982448,-0.181221,-0.766267,0.058695,0.020132,0.639519,0.080079,-0.121497,0.001428,-0.032226,0.019319,-0.002601,0.105926,0.977721,0.181220,0.000000,0.000000,0.000000,-1,0.080307,0.965240,0.194412,0.083849,-0.195074,0.002084,137.536728,278.518951,-773.054016,0,0
3.600000,2.607285,-1.361131,2.554681,0.992441,-0.061865,-0.105990,-0.115262,-0.173302,-0.978101,0.042142,0.982924,-0.179123,-0.765648,0.057836,0.020848,0.640315,0.065232,-0.068486,0.001350,-0.018878,-0.020810,0.017487,0.105990,0.978101,0.179123,0.000000,0.000000,0.000000,-1,0.097488,0.950195,0.203003,0.046681,-0.165381,0.007678,136.485489,279.566650,-771.049988,0,0
3.640000,2.604722,-1.361005,2.553215,0.992450,-0.060813,-0.106512,-0.115584,-0.173236,-0.978074,0.041027,0.983001,-0.178957,-0.765611,0.057600,0.021383,0.640363,-0.025016,0.015294,0.017922,-0.005057,-0.030778,0.024367,0.106512,0.978074,0.178957,0.000000,0.000000,0.000000,-1,0.094757,0.961838,0.213455,-0.077507,-0.033875,0.035046,137.011108,279.392029,-771.551025,0,0
3.680000,2.614340,-1.355856,2.559406,0.992125,-0.064577,-0.107318,-0.117277,-0.178152,-0.976989,0.043972,0.981882,-0.184323,-0.767235,0.059256,0.020641,0.638289,-0.120608,0.072565,0.032545,0.005627,0.004944,0.029270,0.107318,0.976989,0.184323,0.000000,0.000000,0.000000,-1,0.127930,0.995209,0.212250,-0.141278,-0.048707,0.043262,135.434250,278.169708,-771.383972,0,0
3.720000,2.620128,-1.350414,2.564099,0.991853,-0.066094,-0.108897,-0.119341,-0.183153,-0.975814,0.044551,0.980860,-0.189548,-0.768855,0.060296,0.020923,0.636230,-0.191808,0.020643,0.052715,0.024282,0.018128,0.020550,0.108897,0.975814,0.189548,0.000000,0.000000,0.000000,-1,0.130219,0.985901,0.190292,-0.243299,-0.108045,0.066992,135.434250,279.566650,-771.718018,0,0
3.760000,2.629242,-1.340725,2.573584,0.991502,-0.066519,-0.111795,-0.122679,-0.192238,-0.973650,0.043275,0.979091,-0.198765,-0.771768,0.061287,0.022196,0.632554,-0.276799,-0.004773,0.073979,0.014578,0.009352,-0.013859,0.111795,0.973650,0.198765,0.000000,0.000000,0.000000,-1,0.121765,0.976120,0.176956,-0.304948,-0.116519,0.073029,135.609451,279.392029,-771.551025,0,0
3.800000,2.646847,-1.325811,2.592574,0.991129,-0.066341,-0.115161,-0.126571,-0.206897,-0.970141,0.040533,0.976111,-0.213459,-0.776448,0.062113,0.024028,0.626652,-0.347044,-0.013287,0.054581,0.004453,0.022367,-0.022052,0.115161,0.970141,0.213459,0.000000,0.000000,0.000000,-1,0.126312,0.988953,0.195435,-0.349710,-0.104904,0.041558,136.135071,277.121979,-769.713989,0,0
3.840000,2.659246,-1.316703,2.605444,0.990945,-0.066580,-0.116599,-0.128406,-0.216097,-0.967892,0.039245,0.974099,-0.222689,-0.779380,0.062545,0.024813,0.622928,-0.388551,0.017427,0.034692,0.011056,0.021580,-0.026721,0.116599,0.967892,0.222689,0.000000,0.000000,0.000000,-1,0.119751,0.967743,0.185638,-0.410306,-0.047669,0.031330,136.660690,279.042786,-769.880981,0,0
3.880000,2.676228,-1.306317,2.619449,0.990606,-0.070273,-0.117306,-0.130374,-0.226575,-0.965229,0.041251,0.971455,-0.233608,-0.782750,0.064084,0.024291,0.618551,-0.299157,0.132977,0.027871,0.014667,0.006665,-0.052792,0.117306,0.965229,0.233608,0.000000,0.000000,0.000000,-1,0.162262,0.950653,0.194580,-0.243359,-0.033877,0.035810,136.135071,278.518951,-769.713989,0,0
3.920000,2.675234,-1.297856,2.619004,0.990112,-0.070624,-0.121206,-0.134546,-0.233585,-0.962982,0.039697,0.969768,-0.240778,-0.784932,0.065346,0.025960,0.615579,-0.157004,-0.110937,-0.011932,0.028925,-0.045471,0.001928,0.121206,0.962982,0.240778,0.000000,0.000000,0.000000,-1,0.176025,0.938889,0.280884,-0.125650,-0.218416,-0.007203,135.259048,279.042786,-770.548950,0,0
3.960000,2.676938,-1.293192,2.623631,0.990085,-0.068188,-0.122807,-0.135686,-0.238105,-0.961715,0.036337,0.968843,-0.244996,-0.786318,0.064819,0.027492,0.613796,-0.097420,-0.035664,-0.012919,0.073345,-0.012786,0.059294,0.122807,0.961715,0.244996,0.000000,0.000000,0.000000,-1,0.217499,0.982635,0.304321,-0.293990,-0.664774,-0.010779,136.660690,277.995087,-769.880981,0,0
4.000000,2.675883,-1.285619,2.636369,0.990441,-0.055374,-0.126332,-0.136163,-0.246180,-0.959612,0.022037,0.967641,-0.251367,-0.788668,0.060715,0.033060,0.610920,-0.403775,-0.669543,0.075226,0.087703,0.019804,0.105628,0.126332,0.959612,0.251367,0.000000,0.000000,0.000000,-1,0.187546,0.992325,0.397400,-0.455858,-0.260641,0.118955,136.660690,277.995087,-770.214966,0,0
4.040000,2.689592,-1.263334,2.653680,0.989753,-0.053996,-0.132183,-0.141873,-0.267327,-0.953105,0.016128,0.962092,-0.272248,-0.795193,0.061579,0.036487,0.602117,-0.425456,0.196639,0.069429,0.010181,0.044469,-0.014527,0.132183,0.953105,0.272248,0.000000,0.000000,0.000000,-1,0.085953,0.979507,0.209854,-0.423042,-0.019044,0.031342,136.835892,278.169708,-768.377930,0,0
4.080000,2.710004,-1.251706,2.676680,0.989977,-0.052193,-0.131227,-0.140647,-0.280407,-0.949521,0.012761,0.958461,-0.284937,-0.799269,0.060318,0.037054,0.596790,-0.225587,-0.239400,-0.126530,-0.026094,0.031024,-0.064402,0.131227,0.949521,0.284938,0.000000,0.000000,0.000000,-1,0.154404,0.966934,0.268738,-0.112747,-0.529330,-0.187838,136.135071,277.820465,-768.377930,0,0
4.120000,2.718044,-1.250463,2.697745,0.990816,-0.039179,-0.129416,-0.135216,-0.284372,-0.949131,0.000384,0.957913,-0.287059,-0.800351,0.054475,0.040305,0.595690,-0.063424,-0.468534,-0.213445,0.056543,0.010037,-0.001353,0.129416,0.949131,0.287058,0.000000,0.000000,0.000000,-1,0.217987,0.923767,0.334656,-0.011930,-0.605714,-0.221579,136.310287,278.693542,-767.876953,0,0
4.160000,2.724085,-1.253211,2.724915,0.991793,-0.017713,-0.126622,-0.126385,-0.285555,-0.949992,-0.019331,0.958199,-0.285450,-0.800437,0.045006,0.045585,0.595984,-0.033710,-0.477035,-0.226498,0.085872,-0.033794,0.068569,0.126622,0.949992,0.285450,0.000000,0.000000,0.000000,-1,0.182388,0.863754,0.347809,-0.017215,-0.511372,-0.232584,135.784668,278.518951,-767.041931,0,1
4.200000,2.733863,-1.254305,2.749403,0.992352,-0.002659,-0.123412,-0.118957,-0.287603,-0.950333,-0.032967,0.957746,-0.285720,-0.800886,0.037963,0.048814,0.595615,0.020685,-0.228947,-0.227143,0.057862,-0.092728,0.052888,0.123412,0.950333,0.285720,0.000000,0.000000,0.000000,-1,0.215790,0.864136,0.357452,0.012758,-0.260097,-0.229794,135.784668,278.169708,-767.041931,0,0
4.240000,2.753649,-1.252907,2.772323,0.992985,0.000998,-0.118238,-0.112814,-0.291493,-0.949897,-0.035413,0.956572,-0.289335,-0.802155,0.034849,0.047887,0.594171,-0.080073,0.101840,-0.224314,0.101962,-0.091041,0.080370,0.118238,0.949897,0.289335,0.000000,0.000000,0.000000,-1,0.240036,0.902603,0.434875,-0.104950,0.057988,-0.213976,135.434250,278.169708,-767.041931,0,0
4.280000,2.783976,-1.245018,2.797400,0.993697,-0.003908,-0.112030,-0.107995,-0.301275,-0.947402,-0.030050,0.953529,-0.299798,-0.805415,0.034735,0.044101,0.590047,-0.290312,0.269417,-0.179118,0.146011,-0.022902,0.160422,0.112030,0.947402,0.299798,0.000000,0.000000,0.000000,-1,0.246445,0.896805,0.442444,-0.333220,0.207554,-0.161077,134.383011,277.471222,-767.709961,0,0
