0.000000,-1.615956,1.397754,1.452124,0.971795,-0.161334,0.172004,-0.170969,0.020385,0.985066,-0.162430,-0.986689,-0.007773,0.699854,-0.118704,0.003420,0.704345,0.002493,-0.020548,-0.008393,0.004676,0.013981,-0.008627,-0.172004,-0.985066,0.007773,0.000000,0.000000,0.000000,-1,-0.165344,-0.970764,0.002380,-0.001177,-0.118752,-0.005833,148.574707,174.969269,-763.534851,0,0
0.040000,-1.614638,1.398245,1.450280,0.971795,-0.161835,0.171532,-0.170451,0.020642,0.985150,-0.162973,-0.986602,-0.007525,0.699764,-0.118714,0.003058,0.704435,-0.001780,-0.017371,-0.011558,0.004677,0.014523,-0.005862,-0.171532,-0.985150,0.007525,0.000000,0.000000,0.000000,-1,-0.167191,-0.969040,0.004547,-0.002232,-0.113450,-0.004782,149.275528,174.620026,-764.870911,0,0
0.080000,-1.614121,1.398705,1.449206,0.971784,-0.162378,0.171083,-0.169979,0.020770,0.985229,-0.163533,-0.986510,-0.007417,0.699720,-0.118747,0.002697,0.704475,0.004614,-0.007822,-0.007417,0.002000,0.015746,-0.001847,-0.171083,-0.985229,0.007417,0.000000,0.000000,0.000000,-1,-0.166382,-0.972702,0.008499,0.006291,-0.106024,-0.001718,149.100311,175.493118,-762.699829,0,0
0.120000,-1.615408,1.398990,1.450313,0.971802,-0.162578,0.170793,-0.169723,0.020548,0.985278,-0.163694,-0.986482,-0.007624,0.699800,-0.118713,0.002536,0.704401,0.001432,-0.004641,-0.006336,0.004411,0.012575,0.000875,-0.170793,-0.985278,0.007624,0.000000,0.000000,0.000000,-1,-0.167191,-0.971222,0.008926,0.002045,-0.102841,-0.000622,148.399490,175.493118,-763.701904,0,0
0.160000,-1.616822,1.399213,1.451601,0.971817,-0.162726,0.170562,-0.169531,0.020303,0.985316,-0.163799,-0.986462,-0.007856,0.699887,-0.118682,0.002416,0.704320,0.005696,0.000660,-0.005344,0.003371,0.016947,0.000445,-0.170562,-0.985316,0.007856,0.000000,0.000000,0.000000,-1,-0.163300,-0.969330,0.008713,0.008429,-0.095420,-0.000726,150.677170,175.318512,-763.534851,0,0
0.200000,-1.619211,1.399714,1.454306,0.971951,-0.162464,0.170049,-0.169095,0.019787,0.985401,-0.163457,-0.986516,-0.008239,0.700072,-0.118402,0.002354,0.704184,0.013147,0.005962,-0.004397,0.004735,0.012577,-0.000122,-0.170049,-0.985401,0.008239,0.000000,0.000000,0.000000,-1,-0.165924,-0.972580,0.004990,0.013748,-0.091179,-0.000804,148.925110,174.969269,-764.202881,0,0
0.240000,-1.620648,1.399990,1.456187,0.972068,-0.162059,0.169766,-0.168862,0.019438,0.985448,-0.163001,-0.986590,-0.008470,0.700196,-0.118153,0.002415,0.704102,0.009964,0.009148,-0.001192,0.004727,0.012197,-0.005785,-0.169766,-0.985448,0.008470,0.000000,0.000000,0.000000,-1,-0.164169,-0.970810,0.003387,0.011651,-0.089048,0.006656,149.275528,174.620026,-762.866882,0,0
0.280000,-1.620957,1.400130,1.456854,0.972150,-0.161717,0.169625,-0.168738,0.019310,0.985472,-0.162643,-0.986648,-0.008516,0.700242,-0.117979,0.002493,0.704085,0.011027,0.007033,0.001990,0.008157,0.014128,-0.004380,-0.169625,-0.985472,0.008516,0.000000,0.000000,0.000000,-1,-0.162170,-0.970856,0.007065,0.011649,-0.097528,0.007758,149.625931,176.016983,-763.534851,0,0
0.320000,-1.623389,1.400517,1.459416,0.972233,-0.161634,0.169223,-0.168408,0.018835,0.985537,-0.162483,-0.986671,-0.008908,0.700412,-0.117803,0.002406,0.703946,0.008887,-0.001451,0.000968,0.007358,0.015445,-0.004392,-0.169223,-0.985537,0.008908,0.000000,0.000000,0.000000,-1,-0.164139,-0.971817,0.002701,0.013758,-0.104954,0.004577,150.151550,175.842361,-763.701904,0,0
0.360000,-1.624014,1.400723,1.459953,0.972253,-0.161732,0.169015,-0.168216,0.018722,0.985572,-0.162563,-0.986657,-0.009003,0.700452,-0.117763,0.002303,0.703913,0.013122,-0.003569,0.000921,0.004053,0.012046,-0.005524,-0.169015,-0.985572,0.009003,0.000000,0.000000,0.000000,-1,-0.162064,-0.974167,0.008270,0.007393,-0.101768,0.007824,147.523468,176.016983,-763.200867,0,0
0.400000,-1.625329,1.400795,1.461255,0.972262,-0.161765,0.168933,-0.168170,0.018496,0.985584,-0.162558,-0.986656,-0.009222,0.700533,-0.117744,0.002275,0.703835,0.008879,-0.002504,0.004148,0.004351,0.013874,-0.000554,-0.168933,-0.985584,0.009221,0.000000,0.000000,0.000000,-1,-0.164154,-0.970596,0.007614,0.006336,-0.099646,0.008890,149.100311,176.540848,-763.367859,0,0
0.440000,-1.628868,1.400861,1.464776,0.972268,-0.161835,0.168833,-0.168169,0.017896,0.985596,-0.162525,-0.986656,-0.009815,0.700747,-0.117733,0.002251,0.703624,0.006756,-0.000390,0.002025,0.004008,0.014084,0.000484,-0.168833,-0.985596,0.009816,0.000000,0.000000,0.000000,-1,-0.166031,-0.973938,0.008240,0.009516,-0.100710,0.006732,147.698669,176.191605,-764.369873,0,0
0.480000,-1.630986,1.400850,1.466919,0.972269,-0.161840,0.168823,-0.168218,0.017537,0.985594,-0.162470,-0.986661,-0.010174,0.700875,-0.117731,0.002266,0.703497,0.012068,-0.000392,0.000899,0.004837,0.011259,0.001103,-0.168823,-0.985594,0.010174,0.000000,0.000000,0.000000,-1,-0.164413,-0.970139,0.009888,0.012705,-0.101770,0.006702,148.574707,175.667740,-763.200867,0,0
0.520000,-1.633025,1.400815,1.468940,0.972259,-0.161887,0.168837,-0.168287,0.017201,0.985588,-0.162458,-0.986659,-0.010520,0.700995,-0.117752,0.002275,0.703374,0.012070,-0.001451,0.001966,0.002226,0.015175,-0.000785,-0.168837,-0.985588,0.010520,0.000000,0.000000,0.000000,-1,-0.166229,-0.971619,0.008392,0.009516,-0.100710,0.006732,148.399490,176.191605,-763.033875,0,0
0.560000,-1.635727,1.400696,1.471562,0.972224,-0.162002,0.168925,-0.168449,0.016771,0.985568,-0.162497,-0.986648,-0.010984,0.701149,-0.117825,0.002292,0.703209,0.007817,-0.003573,0.002021,0.002070,0.014315,-0.001661,-0.168925,-0.985568,0.010984,0.000000,0.000000,0.000000,-1,-0.163864,-0.972855,0.010361,0.009521,-0.104947,0.008878,150.677170,175.318512,-762.532837,0,0
0.600000,-1.637508,1.400675,1.473218,0.972200,-0.162196,0.168928,-0.168525,0.016344,0.985562,-0.162615,-0.986623,-0.011444,0.701301,-0.117895,0.002251,0.703045,0.007833,-0.002509,0.005200,0.005491,0.013684,0.003799,-0.168928,-0.985562,0.011444,0.000000,0.000000,0.000000,-1,-0.169205,-0.970978,0.011307,0.010598,-0.097523,0.010961,148.224289,175.667740,-763.200867,0,0
0.640000,-1.640204,1.400177,1.475873,0.972108,-0.162219,0.169384,-0.169028,0.016093,0.985480,-0.162589,-0.986624,-0.011775,0.701390,-0.118068,0.002422,0.702927,0.009960,-0.008865,0.008403,-0.000965,0.012824,-0.005229,-0.169384,-0.985480,0.011775,0.000000,0.000000,0.000000,-1,-0.160477,-0.969955,0.006134,0.010587,-0.117665,0.012115,149.275528,176.715469,-762.532837,0,0
0.680000,-1.640708,1.400231,1.475867,0.972034,-0.162723,0.169324,-0.168975,0.016089,0.985489,-0.163086,-0.986541,-0.011857,0.701392,-0.118229,0.002223,0.702899,0.004620,-0.019470,0.006371,0.009504,0.018479,-0.001084,-0.169324,-0.985489,0.011857,0.000000,0.000000,0.000000,-1,-0.168045,-0.972534,0.010834,0.003119,-0.119795,0.005825,148.224289,174.270782,-762.866882,0,0
0.720000,-1.641279,1.400282,1.475871,0.971950,-0.163283,0.169268,-0.168925,0.016083,0.985498,-0.163637,-0.986448,-0.011950,0.701394,-0.118410,0.002007,0.702866,0.000346,-0.017361,-0.001028,-0.000925,0.015702,-0.001977,-0.169317,-0.985489,0.011941,0.000000,0.000000,0.000000,-1,-0.174927,-0.973083,0.011383,-0.002218,-0.116624,-0.000513,148.399490,175.143890,-762.699829,0,0
0.760000,-1.641463,1.400057,1.475388,0.971727,-0.164261,0.169602,-0.169253,0.016223,0.985439,-0.164620,-0.986284,-0.012037,0.701345,-0.118883,0.001776,0.702836,-0.005996,-0.015248,-0.004175,-0.005142,0.011913,0.001970,-0.169602,-0.985439,0.012037,0.000000,0.000000,0.000000,-1,-0.174240,-0.967300,0.014008,-0.005393,-0.113439,0.002699,148.224289,176.016983,-763.868896,0,0
0.800000,-1.641893,1.399580,1.475141,0.971611,-0.164587,0.169950,-0.169602,0.016273,0.985378,-0.164946,-0.986228,-0.012103,0.701328,-0.119127,0.001784,0.702812,-0.001723,-0.008884,-0.001048,-0.005648,0.017162,0.001721,-0.169950,-0.985378,0.012103,0.000000,0.000000,0.000000,-1,-0.170135,-0.968674,0.011261,0.002063,-0.104954,0.004706,149.625931,175.667740,-763.200867,0,0
0.840000,-1.642122,1.399291,1.475211,0.971536,-0.164740,0.170232,-0.169887,0.016288,0.985329,-0.165096,-0.986202,-0.012163,0.701322,-0.119284,0.001831,0.702791,0.005742,-0.002515,0.004166,0.003408,0.015465,-0.003312,-0.170232,-0.985329,0.012163,0.000000,0.000000,0.000000,-1,-0.169601,-0.971115,0.011185,0.002077,-0.102829,0.007887,149.976349,175.318512,-762.866882,0,0
0.880000,-1.641997,1.398968,1.475026,0.971471,-0.164791,0.170551,-0.170201,0.016350,0.985274,-0.165153,-0.986193,-0.012164,0.701300,-0.119418,0.001924,0.702790,-0.000640,-0.004635,0.004252,-0.004483,0.014021,-0.002963,-0.170551,-0.985274,0.012164,0.000000,0.000000,0.000000,-1,-0.169754,-0.971542,0.008957,-0.003242,-0.101770,0.006877,147.698669,176.540848,-762.031860,0,0
0.920000,-1.639312,1.398739,1.472181,0.971407,-0.164903,0.170808,-0.170378,0.016857,0.985235,-0.165348,-0.986166,-0.011721,0.701119,-0.119552,0.001947,0.702948,-0.003850,-0.004640,0.001100,0.004289,0.014455,-0.005221,-0.170808,-0.985235,0.011721,0.000000,0.000000,0.000000,-1,-0.168533,-0.968857,0.008148,-0.001121,-0.103892,0.005800,149.275528,176.366226,-763.200867,0,0
0.960000,-1.638095,1.398772,1.470717,0.971372,-0.165126,0.170790,-0.170321,0.017103,0.985240,-0.165610,-0.986124,-0.011511,0.701032,-0.119626,0.001847,0.703023,0.001443,-0.012066,-0.002116,0.004011,0.015666,-0.003271,-0.170790,-0.985240,0.011511,0.000000,0.000000,0.000000,-1,-0.167603,-0.969803,0.007294,-0.000090,-0.119803,0.000542,150.501968,175.842361,-763.701904,0,0
1.000000,-1.637209,1.398935,1.469309,0.971314,-0.165623,0.170639,-0.170136,0.017326,0.985268,-0.166139,-0.986037,-0.011349,0.700952,-0.119751,0.001605,0.703081,-0.001765,-0.022669,-0.003098,0.004639,0.014168,-0.006299,-0.170639,-0.985268,0.011349,0.000000,0.000000,0.000000,-1,-0.172241,-0.971039,0.009247,-0.007532,-0.125103,0.001711,148.749908,175.143890,-763.367859,0,0
1.040000,-1.634173,1.398967,1.465129,0.971131,-0.166691,0.170642,-0.170032,0.018034,0.985274,-0.167313,-0.985844,-0.010829,0.700701,-0.120138,0.001188,0.703267,-0.011342,-0.019490,-0.004065,-0.002622,0.013670,-0.000942,-0.170642,-0.985274,0.010829,0.000000,0.000000,0.000000,-1,-0.173233,-0.969406,0.012924,-0.003288,-0.120867,-0.001546,148.925110,174.620026,-763.200867,0,0
1.080000,-1.634558,1.399002,1.464773,0.971013,-0.167416,0.170603,-0.169991,0.018091,0.985280,-0.168038,-0.985720,-0.010893,0.700681,-0.120385,0.000915,0.703244,-0.000723,-0.013138,-0.009522,-0.001195,0.014531,0.003649,-0.170603,-0.985280,0.010893,0.000000,0.000000,0.000000,-1,-0.173431,-0.971008,0.011703,0.000953,-0.114512,-0.005876,148.574707,176.715469,-763.200867,0,0
1.120000,-1.635289,1.399045,1.465036,0.970941,-0.167882,0.170553,-0.169953,0.018042,0.985287,-0.168489,-0.985642,-0.011015,0.700699,-0.120535,0.000737,0.703201,0.000333,-0.018441,-0.010566,-0.002466,0.016690,-0.000212,-0.170553,-0.985287,0.011015,0.000000,0.000000,0.000000,-1,-0.172180,-0.971878,0.012650,-0.000101,-0.117687,-0.002659,149.100311,174.096161,-763.701904,0,0
1.160000,-1.635794,1.398957,1.464772,0.970797,-0.168634,0.170634,-0.170035,0.018096,0.985272,-0.169238,-0.985513,-0.011106,0.700680,-0.120836,0.000498,0.703169,-0.001759,-0.011009,-0.003119,0.001109,0.013470,0.000078,-0.170634,-0.985272,0.011106,0.000000,0.000000,0.000000,-1,-0.169022,-0.971603,0.011337,0.000987,-0.106019,0.001531,148.399490,176.540848,-763.367859,0,0
1.200000,-1.635940,1.399048,1.464743,0.970783,-0.168807,0.170542,-0.169945,0.018091,0.985288,-0.169409,-0.985483,-0.011125,0.700681,-0.120865,0.000404,0.703162,-0.000681,-0.001465,-0.001046,0.004313,0.015408,0.000013,-0.170542,-0.985288,0.011125,0.000000,0.000000,0.000000,-1,-0.165329,-0.970779,0.011597,0.000989,-0.103898,0.001522,149.450729,176.540848,-763.367859,0,0
1.240000,-1.635759,1.399336,1.464499,0.970821,-0.168872,0.170262,-0.169658,0.018103,0.985337,-0.169478,-0.985472,-0.011076,0.700677,-0.120787,0.000280,0.703180,0.000413,0.000661,-0.000036,0.005497,0.014481,-0.001799,-0.170262,-0.985337,0.011076,0.000000,0.000000,0.000000,-1,-0.165634,-0.970413,0.011993,0.002069,-0.097532,0.004672,148.925110,176.366226,-763.534851,0,0
1.280000,-1.635968,1.399513,1.464811,0.970868,-0.168777,0.170085,-0.169490,0.018031,0.985367,-0.169374,-0.985489,-0.011100,0.700703,-0.120689,0.000253,0.703171,0.000409,0.005958,-0.002190,0.006999,0.016205,0.001152,-0.170085,-0.985367,0.011100,0.000000,0.000000,0.000000,-1,-0.166092,-0.975220,0.008133,0.004198,-0.098591,0.005717,148.049088,176.540848,-763.033875,0,0
1.320000,-1.635571,1.399692,1.464391,0.970895,-0.168798,0.169913,-0.169307,0.018083,0.985397,-0.169406,-0.985485,-0.011022,0.700684,-0.120634,0.000181,0.703199,0.004657,-0.009940,0.001022,0.005881,0.009949,-0.004094,-0.169913,-0.985397,0.011022,0.000000,0.000000,0.000000,-1,-0.159119,-0.971619,0.008240,0.002062,-0.106014,0.004711,149.100311,177.239319,-763.033875,0,0
1.360000,-1.635006,1.400235,1.463584,0.970946,-0.169035,0.169386,-0.168761,0.018163,0.985490,-0.169658,-0.985443,-0.010891,0.700656,-0.120528,-0.000097,0.703246,-0.001739,-0.000407,-0.004279,0.003095,0.013856,-0.002560,-0.169386,-0.985490,0.010891,0.000000,0.000000,0.000000,-1,-0.171509,-0.969543,0.005280,-0.003258,-0.096477,0.001535,149.100311,175.842361,-763.701904,0,0
1.400000,-1.633095,1.400136,1.461781,0.970949,-0.168900,0.169504,-0.168825,0.018478,0.985473,-0.169578,-0.985460,-0.010574,0.700543,-0.120523,-0.000027,0.703359,0.001456,0.002777,-0.002197,-0.002219,0.015044,-0.004470,-0.169504,-0.985473,0.010574,0.000000,0.000000,0.000000,-1,-0.167068,-0.971741,0.005783,0.003141,-0.100708,0.007866,150.326767,176.366226,-762.866882,0,0
1.440000,-1.631750,1.399891,1.460383,0.970899,-0.168927,0.169758,-0.169039,0.018740,0.985431,-0.169648,-0.985450,-0.010360,0.700450,-0.120625,0.000040,0.703434,0.001464,-0.006719,0.006347,0.002492,0.014118,-0.003845,-0.169758,-0.985431,0.010360,0.000000,0.000000,0.000000,-1,-0.165359,-0.971405,0.007812,-0.001087,-0.111297,0.016470,150.677170,174.270782,-762.198853,0,0
1.480000,-1.631738,1.399749,1.459747,0.970770,-0.169530,0.169898,-0.169166,0.018863,0.985407,-0.170261,-0.985344,-0.010367,0.700406,-0.120893,-0.000130,0.703432,0.006799,-0.018368,0.014843,0.010902,0.015604,0.000192,-0.169898,-0.985407,0.010367,0.000000,0.000000,0.000000,-1,-0.160385,-0.970978,0.010925,0.009536,-0.121900,0.016401,149.100311,176.540848,-763.033875,0,0
1.520000,-1.633710,1.399792,1.461130,0.970676,-0.170131,0.169836,-0.169150,0.018625,0.985414,-0.170813,-0.985245,-0.010699,0.700491,-0.121087,-0.000349,0.703314,0.007835,-0.017320,0.007373,0.009985,0.015154,-0.000872,-0.169836,-0.985414,0.010699,0.000000,0.000000,0.000000,-1,-0.167419,-0.969116,0.001862,0.012704,-0.124028,0.011057,149.100311,174.794647,-762.699829,0,0
1.560000,-1.634155,1.399668,1.460711,0.970507,-0.170975,0.169953,-0.169263,0.018709,0.985393,-0.171657,-0.985098,-0.010782,0.700461,-0.121434,-0.000608,0.703284,0.010985,-0.026813,0.006307,0.004593,0.013820,-0.008524,-0.169953,-0.985393,0.010782,0.000000,0.000000,0.000000,-1,-0.160217,-0.970963,0.004471,0.009511,-0.133568,0.012199,148.574707,175.318512,-763.534851,0,0
1.600000,-1.635224,1.399934,1.460170,0.970275,-0.172557,0.169679,-0.168992,0.018772,0.985439,-0.173230,-0.984821,-0.010947,0.700437,-0.121906,-0.001267,0.703225,0.006702,-0.038479,0.003207,0.006685,0.013561,-0.007331,-0.169679,-0.985439,0.010947,0.000000,0.000000,0.000000,-1,-0.166748,-0.970306,0.007568,0.008422,-0.136758,0.005843,149.100311,174.096161,-762.699829,0,0
1.640000,-1.636251,1.399898,1.460145,0.970086,-0.173592,0.169704,-0.169028,0.018780,0.985432,-0.174250,-0.984639,-0.011124,0.700434,-0.122288,-0.001623,0.703161,0.008817,-0.033183,-0.000031,-0.001424,0.013036,-0.007065,-0.169704,-0.985432,0.011124,0.000000,0.000000,0.000000,-1,-0.179962,-0.969650,-0.014389,-0.001130,-0.131453,0.009115,148.574707,174.969269,-763.200867,0,0
1.680000,-1.628881,1.399003,1.451864,0.969782,-0.174350,0.170661,-0.169742,0.020284,0.985280,-0.175246,-0.984475,-0.009924,0.699897,-0.122908,-0.001638,0.703587,-0.012383,-0.013009,0.018205,-0.011163,0.020192,-0.026968,-0.170661,-0.985280,0.009924,0.000000,0.000000,0.000000,-1,-0.186752,-0.979538,0.013626,-0.020159,-0.142008,0.040221,149.625931,175.318512,-763.868896,0,0
1.720000,-1.624319,1.395831,1.446124,0.969038,-0.175357,0.173825,-0.172723,0.021646,0.984733,-0.176443,-0.984267,-0.009312,0.699411,-0.124419,-0.000936,0.703806,-0.049598,0.009321,0.014285,-0.024417,0.031577,0.021144,-0.173825,-0.984733,0.009312,0.000000,0.000000,0.000000,-1,-0.196991,-0.953369,0.009445,-0.043612,-0.094339,0.013671,148.224289,174.270782,-763.534851,0,0
1.760000,-1.617502,1.394402,1.439310,0.968799,-0.175218,0.175290,-0.173967,0.023007,0.984483,-0.176532,-0.984261,-0.008193,0.698925,-0.124901,-0.000444,0.704204,-0.028398,-0.006603,0.000314,-0.015353,0.035508,-0.008071,-0.175290,-0.984483,0.008193,0.000000,0.000000,0.000000,-1,-0.144791,-0.956970,-0.008926,-0.002248,-0.129355,-0.005774,149.100311,174.794647,-763.033875,0,0
1.800000,-1.613511,1.396082,1.434011,0.968865,-0.176464,0.173668,-0.172203,0.023703,0.984776,-0.177894,-0.984022,-0.007423,0.698675,-0.124760,-0.001512,0.704476,0.017184,-0.062822,-0.020163,0.042305,0.013768,-0.024284,-0.173668,-0.984776,0.007423,0.000000,0.000000,0.000000,-1,-0.117264,-0.993317,-0.027893,-0.001313,-0.167562,-0.032205,148.399490,175.842361,-763.701904,0,0
1.840000,-1.612868,1.399196,1.430525,0.968892,-0.179282,0.170608,-0.169082,0.023874,0.985313,-0.180722,-0.983508,-0.007182,0.698606,-0.124664,-0.003619,0.704554,-0.006358,-0.041682,-0.062560,0.037872,-0.004906,-0.030742,-0.170608,-0.985313,0.007182,0.000000,0.000000,0.000000,-1,-0.152008,-0.974426,-0.023224,-0.002445,-0.152751,-0.053533,148.574707,174.270782,-764.870911,0,0
1.880000,-1.614790,1.401196,1.429213,0.968640,-0.182491,0.168625,-0.167099,0.023818,0.985652,-0.183889,-0.982919,-0.007423,0.698614,-0.125101,-0.005462,0.704456,0.018163,-0.130681,-0.024138,0.006973,0.017711,-0.030281,-0.168625,-0.985652,0.007423,0.000000,0.000000,0.000000,-1,-0.154587,-0.964859,-0.020386,0.015753,-0.252330,-0.000099,148.574707,175.318512,-764.536865,0,0
1.920000,-1.618929,1.401680,1.428942,0.967900,-0.186832,0.168116,-0.166620,0.023796,0.985734,-0.188167,-0.982104,-0.008098,0.698606,-0.126485,-0.007175,0.704201,0.013951,-0.153871,-0.002712,0.015681,0.021668,-0.029109,-0.168116,-0.985734,0.008098,0.000000,0.000000,0.000000,-1,-0.147202,-0.970245,-0.018417,0.016774,-0.271425,-0.007470,147.523468,175.667740,-764.202881,0,0
1.960000,-1.626949,1.403576,1.429121,0.966709,-0.194573,0.166180,-0.164775,0.023502,0.986051,-0.195764,-0.980606,-0.009341,0.698668,-0.128583,-0.010586,0.703717,0.024439,-0.150742,-0.037957,0.023495,0.023237,-0.026462,-0.166180,-0.986051,0.009341,0.000000,0.000000,0.000000,-1,-0.135452,-0.967514,-0.015167,0.028376,-0.255564,-0.035326,148.574707,176.366226,-763.868896,0,0
2.000000,-1.630730,1.407695,1.426783,0.966164,-0.200635,0.162088,-0.160698,0.023304,0.986728,-0.201749,-0.979389,-0.009726,0.698675,-0.129292,-0.014192,0.703517,0.031798,-0.164539,-0.050772,0.038064,0.015964,-0.024207,-0.162088,-0.986728,0.009726,0.000000,0.000000,0.000000,-1,-0.127975,-0.976028,-0.012665,0.021926,-0.275730,-0.050056,148.399490,174.445404,-763.033875,0,0
2.040000,-1.633505,1.411164,1.424508,0.965686,-0.205629,0.158642,-0.157257,0.023170,0.987286,-0.206690,-0.978356,-0.009961,0.698655,-0.129852,-0.017193,0.703366,0.014729,-0.180402,-0.056907,0.029812,0.011715,-0.021772,-0.158642,-0.987286,0.009961,0.000000,0.000000,0.000000,-1,-0.133621,-0.976883,-0.009933,0.003836,-0.292695,-0.050843,148.049088,175.143890,-763.033875,0,0
2.080000,-1.636951,1.415866,1.418243,0.964366,-0.215153,0.153974,-0.152519,0.023450,0.988022,-0.216186,-0.976299,-0.010201,0.698412,-0.131610,-0.022269,0.703138,0.009387,-0.217499,-0.051387,0.016995,0.014176,-0.008522,-0.153974,-0.988022,0.010201,0.000000,0.000000,0.000000,-1,-0.143143,-0.968002,0.005737,0.014466,-0.331911,-0.043338,148.749908,174.794647,-763.701904,0,0
2.120000,-1.649768,1.417968,1.421719,0.962619,-0.224352,0.151760,-0.150546,0.022611,0.988344,-0.225168,-0.974246,-0.012010,0.698573,-0.134165,-0.026271,0.702357,0.032767,-0.238698,-0.048362,-0.002858,0.027743,-0.007310,-0.151760,-0.988344,0.012010,0.000000,0.000000,0.000000,-1,-0.172150,-0.962524,0.004745,0.060187,-0.328729,-0.042792,147.523468,174.969269,-763.534851,0,0
2.160000,-1.669676,1.417752,1.432997,0.960601,-0.232878,0.151702,-0.151002,0.020941,0.988312,-0.233332,-0.972281,-0.015049,0.699055,-0.137285,-0.029193,0.701158,0.070002,-0.198409,-0.047866,-0.032364,0.022858,-0.011555,-0.151702,-0.988312,0.015049,0.000000,0.000000,0.000000,-1,-0.198135,-0.962769,0.004166,0.070860,-0.278898,-0.042071,148.049088,176.540848,-763.701904,0,0
2.200000,-1.686795,1.418218,1.445406,0.959558,-0.237609,0.150965,-0.150794,0.019008,0.988382,-0.237718,-0.971175,-0.017591,0.699668,-0.138781,-0.030998,0.700174,0.061512,-0.139994,-0.052273,-0.051809,0.024790,-0.010175,-0.150965,-0.988383,0.017591,0.000000,0.000000,0.000000,-1,-0.213028,-0.958328,0.001968,0.054931,-0.222716,-0.048531,148.925110,174.620026,-762.866882,0,0
2.240000,-1.700326,1.418990,1.455319,0.958807,-0.241249,0.149957,-0.150217,0.017424,0.988500,-0.241088,-0.970307,-0.019533,0.700164,-0.139777,-0.032539,0.699410,0.025391,-0.063672,-0.059651,-0.063407,0.033101,-0.020952,-0.149957,-0.988500,0.019533,0.000000,0.000000,0.000000,-1,-0.194855,-0.951263,-0.007736,0.025179,-0.154878,-0.058083,148.224289,175.667740,-762.866882,0,0
2.280000,-1.705107,1.421380,1.457544,0.958542,-0.243794,0.147520,-0.147907,0.016823,0.988858,-0.243559,-0.969681,-0.019933,0.700295,-0.139834,-0.034285,0.699184,-0.020408,-0.046746,-0.083675,-0.042131,0.038388,-0.036855,-0.147520,-0.988858,0.019933,0.000000,0.000000,0.000000,-1,-0.189301,-0.957550,-0.013565,-0.025911,-0.132644,-0.077831,148.224289,175.667740,-764.202881,0,0
2.320000,-1.685557,1.421460,1.438230,0.958610,-0.243352,0.147804,-0.147477,0.019666,0.988870,-0.243550,-0.969739,-0.017037,0.699282,-0.139725,-0.034230,0.700221,-0.011827,0.049746,-0.076721,-0.030236,0.031488,-0.007103,-0.147804,-0.988870,0.017037,0.000000,0.000000,0.000000,-1,-0.183060,-0.963226,0.030457,0.001842,-0.043569,-0.066838,150.151550,174.445404,-764.369873,0,0
2.360000,-1.693257,1.419828,1.448833,0.959072,-0.240625,0.149269,-0.149278,0.018297,0.988626,-0.240619,-0.970446,-0.018372,0.699847,-0.139282,-0.032632,0.699821,0.001279,0.104987,0.000574,-0.039497,0.025659,0.033508,-0.149269,-0.988626,0.018372,0.000000,0.000000,0.000000,-1,-0.176025,-0.948105,0.071228,-0.018969,-0.016891,0.048153,148.049088,175.493118,-762.365845,0,0
2.400000,-1.693760,1.417915,1.452009,0.959426,-0.238032,0.151137,-0.151214,0.018047,0.988336,-0.237983,-0.971090,-0.018679,0.700010,-0.139014,-0.031016,0.699785,0.002541,0.019357,0.069013,0.006469,0.038202,0.056501,-0.151137,-0.988336,0.018679,0.000000,0.000000,0.000000,-1,-0.110184,-0.971985,0.048828,0.019426,-0.061358,0.089415,147.873871,174.270782,-764.202881,0,0
2.440000,-1.694966,1.413584,1.456677,0.959585,-0.234647,0.155360,-0.155547,0.017828,0.987668,-0.234523,-0.971917,-0.019391,0.700205,-0.139314,-0.028264,0.699647,0.044308,0.131826,0.126550,0.100123,-0.007984,-0.015332,-0.155360,-0.987668,0.019391,0.000000,0.000000,0.000000,-1,-0.020477,-1.020630,-0.014313,0.034471,0.009719,0.117649,148.399490,174.794647,-763.033875,0,0
2.480000,-1.692333,1.411216,1.458041,0.960147,-0.230735,0.157732,-0.157895,0.017879,0.987294,-0.230623,-0.972852,-0.019265,0.700274,-0.138742,-0.026022,0.699779,-0.001986,0.099797,-0.020652,0.119295,-0.034984,-0.029046,-0.157732,-0.987294,0.019265,0.000000,0.000000,0.000000,-1,-0.063812,-1.005463,-0.029282,0.025214,-0.002240,-0.080047,149.450729,175.143890,-764.703857,0,0
2.520000,-1.699410,1.414296,1.469863,0.961711,-0.226316,0.154574,-0.155069,0.015705,0.987779,-0.225977,-0.973927,-0.019991,0.701070,-0.136001,-0.025462,0.699540,0.089173,0.158152,-0.105954,0.082919,-0.007354,-0.055590,-0.154574,-0.987779,0.019991,0.000000,0.000000,0.000000,-1,-0.051453,-0.983566,-0.023621,0.133675,0.095278,-0.095511,148.749908,175.493118,-765.037903,0,0
2.560000,-1.725647,1.416396,1.502967,0.963582,-0.220048,0.151947,-0.153434,0.010423,0.988104,-0.219014,-0.975433,-0.023719,0.703008,-0.132816,-0.023850,0.698263,0.206274,0.238765,-0.082080,0.120865,0.014914,-0.034431,-0.151947,-0.988104,0.023719,0.000000,0.000000,0.000000,-1,0.029770,-0.942184,-0.006027,0.234788,0.126060,-0.072298,148.574707,175.318512,-764.202881,0,0
2.600000,-1.805018,1.415285,1.593983,0.966080,-0.209744,0.150656,-0.154843,-0.003591,0.987933,-0.206672,-0.977750,-0.035947,0.708099,-0.128720,-0.019777,0.694000,0.312979,0.132932,0.042741,0.182089,0.051165,-0.036465,-0.150656,-0.987933,0.035947,0.000000,0.000000,0.000000,-1,0.040558,-0.951675,0.008881,0.320362,-0.096306,0.111785,149.275528,174.620026,-762.866882,0,0
2.640000,-1.878061,1.412327,1.667884,0.966107,-0.209791,0.150416,-0.157064,-0.015297,0.987470,-0.204862,-0.977627,-0.047729,0.712238,-0.128768,-0.019111,0.689761,0.307922,-0.060920,0.153188,0.186686,0.022779,-0.035415,-0.150416,-0.987470,0.047729,0.000000,0.000000,0.000000,-1,0.024277,-0.976608,0.008102,0.296083,-0.152411,0.169747,147.698669,174.096161,-763.367859,0,0
2.680000,-1.924683,1.409113,1.713620,0.965699,-0.211242,0.151004,-0.159341,-0.022914,0.986958,-0.205026,-0.977165,-0.055787,0.714913,-0.129590,-0.018891,0.686840,0.312287,-0.040731,0.181725,0.166599,0.011341,-0.061341,-0.151004,-0.986958,0.055787,0.000000,0.000000,0.000000,-1,-0.026428,-0.970123,-0.038162,0.331279,-0.130108,0.194787,148.049088,174.445404,-761.363831,0,0
2.720000,-1.980173,1.396463,1.770415,0.964452,-0.210981,0.159119,-0.170007,-0.034395,0.984842,-0.202310,-0.976885,-0.069040,0.719007,-0.132470,-0.015018,0.682096,0.280798,0.041055,0.279533,0.112076,0.007822,-0.116114,-0.159119,-0.984842,0.069040,0.000000,0.000000,0.000000,-1,-0.038956,-0.969421,-0.042847,0.205332,0.016382,0.316778,147.523468,174.969269,-762.532837,0,0
2.760000,-1.983127,1.385789,1.778762,0.963892,-0.206173,0.168536,-0.179990,-0.037981,0.982935,-0.196254,-0.977778,-0.073719,0.720346,-0.134020,-0.009619,0.680476,0.201258,0.189532,0.309493,0.147891,0.021509,-0.117771,-0.168536,-0.982935,0.073719,0.000000,0.000000,0.000000,-1,0.002731,-0.991272,-0.040176,0.222345,0.099054,0.300262,146.121811,174.270782,-760.528809,0,1
2.800000,-1.990055,1.381103,1.791516,0.964369,-0.200825,0.172227,-0.183983,-0.041281,0.982062,-0.190113,-0.978757,-0.076759,0.721528,-0.133331,-0.006197,0.679398,0.265708,0.149447,0.216412,0.181580,-0.032052,-0.113838,-0.172227,-0.982062,0.076759,0.000000,0.000000,0.000000,-1,0.005630,-1.056229,-0.037277,0.298373,0.010877,0.179622,148.049088,173.746918,-762.699829,0,0
2.840000,-2.050842,1.367510,1.855026,0.963358,-0.199688,0.179070,-0.193789,-0.056614,0.979408,-0.185438,-0.978223,-0.093236,0.726844,-0.135338,-0.002190,0.673333,0.355523,-0.079710,0.115403,0.158151,-0.096519,-0.141088,-0.179070,-0.979408,0.093236,0.000000,0.000000,0.000000,-1,-0.039291,-1.097961,-0.061295,0.268288,-0.196987,0.138343,146.997849,174.096161,-761.363831,0,0
2.880000,-2.083566,1.357332,1.885046,0.961550,-0.203332,0.184601,-0.201473,-0.065483,0.977303,-0.186628,-0.976918,-0.103931,0.729891,-0.138652,-0.000694,0.669354,0.179397,-0.059431,0.207668,0.156815,-0.127205,-0.212360,-0.184601,-0.977303,0.103931,0.000000,0.000000,0.000000,-1,0.024536,-1.124741,-0.128281,0.111349,-0.169268,0.242064,144.895370,174.445404,-760.695801,0,0
2.920000,-2.073937,1.350658,1.871966,0.959483,-0.206872,0.191303,-0.208536,-0.064775,0.975867,-0.189488,-0.976221,-0.105291,0.729649,-0.142332,0.000622,0.668845,-0.121453,-0.174952,0.239163,0.250950,-0.183465,-0.213964,-0.191303,-0.975867,0.105291,0.000000,0.000000,0.000000,-1,0.138031,-1.258881,-0.003830,-0.282314,-0.376067,0.207979,144.544968,175.143890,-761.697876,0,0
2.960000,-1.987046,1.359873,1.764647,0.955481,-0.224474,0.191485,-0.205441,-0.040331,0.977838,-0.211777,-0.973645,-0.084652,0.721191,-0.149030,-0.007034,0.676479,-0.705884,-0.350568,-0.206747,0.336322,-0.230978,-0.060894,-0.191485,-0.977838,0.084652,0.000000,0.000000,0.000000,-1,0.060120,-1.124039,0.034073,-0.942883,-0.536046,-0.414803,144.369751,174.969269,-762.198853,0,0
3.000000,-1.849926,1.389315,1.602894,0.953864,-0.245033,0.173501,-0.180394,-0.005792,0.983577,-0.240004,-0.969497,-0.049728,0.708764,-0.150060,-0.023457,0.688902,-1.252951,-0.888602,-0.537615,0.064615,-0.105046,-0.061935,-0.173501,-0.983577,0.049728,0.000000,0.000000,0.000000,-1,-0.246201,-1.094238,0.011490,-1.439349,-1.176634,-0.556424,147.173050,175.318512,-765.204895,0,0
3.040000,-1.498155,1.418620,1.199830,0.945088,-0.289741,0.151190,-0.141278,0.054954,0.988443,-0.294701,-0.955526,0.011002,0.685407,-0.157213,-0.052345,0.709056,-2.101631,-1.233185,-0.537343,-0.155573,-0.048132,0.058503,-0.151190,-0.988443,-0.011002,0.000000,0.000000,0.000000,-1,-0.277512,-1.025299,0.079086,-2.206133,-1.304986,-0.592069,145.420990,177.064713,-768.210938,0,0
3.080000,-1.082681,1.418036,0.746988,0.937194,-0.321877,0.134396,-0.103387,0.111650,0.988355,-0.333134,-0.940175,0.071360,0.662228,-0.160543,-0.075026,0.728046,-2.173910,-0.864340,-0.608416,-0.170368,-0.012027,0.165599,-0.134396,-0.988355,-0.071360,0.000000,0.000000,0.000000,-1,-0.302719,-0.963135,-0.062057,-2.159885,-0.798148,-0.554445,145.771408,180.557098,-771.885010,0,0
3.120000,-0.518821,1.351945,0.151515,0.931513,-0.347411,0.107655,-0.032770,0.214621,0.976147,-0.362229,-0.912822,0.188538,0.618133,-0.153761,-0.102961,0.763982,-1.869438,-0.120770,-0.370473,-0.143841,-0.111636,0.049530,-0.107655,-0.976147,-0.188538,0.000000,0.000000,0.000000,-1,-0.228745,-1.076920,-0.053665,-1.794924,-0.418162,-0.271915,145.070587,183.001785,-774.891052,0,0
3.160000,-0.409284,1.310337,0.024402,0.926515,-0.362032,0.102482,-0.006283,0.257448,0.966272,-0.376205,-0.895909,0.236254,0.598501,-0.153849,-0.114337,0.777852,-1.495425,-0.675175,-0.316780,-0.068172,-0.019370,0.207110,-0.102482,-0.966272,-0.236254,0.000000,0.000000,0.000000,-1,-0.074234,-0.924347,-0.059784,-1.373613,-0.845597,-0.389511,145.946609,185.970322,-778.064087,0,0
3.200000,-0.337854,1.278102,-0.070979,0.918585,-0.383477,0.095638,0.020462,0.287806,0.957470,-0.394693,-0.877561,0.272221,0.582786,-0.155724,-0.128287,0.787181,-1.214160,-0.587391,-0.461750,0.015209,0.083950,0.183751,-0.095638,-0.957470,-0.272221,0.000000,0.000000,0.000000,-1,-0.074921,-0.820358,-0.224533,-1.015737,-0.654977,-0.538982,144.369751,187.541901,-781.237122,0,0
3.240000,-0.216552,1.236759,-0.230743,0.904337,-0.420966,0.070445,0.074982,0.319171,0.944726,-0.420182,-0.849069,0.320203,0.562353,-0.153811,-0.155479,0.797451,-0.592948,-0.496531,-0.679623,-0.044927,0.144403,0.033612,-0.070445,-0.944726,-0.320203,0.000000,0.000000,0.000000,-1,-0.129425,-0.770767,-0.281311,-0.482390,-0.637097,-0.640676,143.493729,189.113495,-779.400085,0,0
3.280000,-0.177925,1.228598,-0.290372,0.895276,-0.441535,0.059390,0.096073,0.321512,0.942019,-0.435029,-0.837662,0.330262,0.557562,-0.154898,-0.168429,0.797974,-0.253277,-0.671200,-0.506002,-0.100446,0.238803,0.061112,-0.059390,-0.942019,-0.330262,0.000000,0.000000,0.000000,-1,-0.149933,-0.653732,-0.254745,-0.141463,-0.800030,-0.418190,143.844131,190.161209,-783.074158,0,0
3.320000,-0.167814,1.228573,-0.323025,0.885012,-0.462181,0.056051,0.106526,0.318226,0.942011,-0.453216,-0.827721,0.330868,0.555859,-0.159957,-0.178627,0.795944,0.066633,-0.666573,-0.252129,-0.077829,0.288324,0.077419,-0.056051,-0.942011,-0.330868,0.000000,0.000000,0.000000,-1,-0.098801,-0.700577,-0.275848,0.257617,-0.696634,-0.052881,142.968109,188.240387,-782.573120,0,0
3.360000,-0.202190,1.242885,-0.316301,0.871896,-0.485401,0.064676,0.100180,0.306089,0.946717,-0.479334,-0.818960,0.315506,0.559084,-0.172255,-0.185418,0.789540,0.409540,-0.455001,0.137776,0.005060,0.204224,0.012954,-0.064676,-0.946717,-0.315506,0.000000,0.000000,0.000000,-1,-0.030197,-0.794495,-0.318298,0.469272,-0.388806,0.189115,141.916870,188.938873,-780.903137,0,0
3.400000,-0.246993,1.258643,-0.280121,0.867529,-0.491687,0.075085,0.084907,0.295138,0.951674,-0.490086,-0.819230,0.297789,0.564491,-0.180153,-0.183794,0.784292,0.412280,-0.100754,0.228690,0.052471,0.072158,-0.086031,-0.075085,-0.951674,-0.297789,0.000000,0.000000,0.000000,-1,-0.014114,-1.014709,-0.421036,0.301810,-0.099252,0.268369,140.515228,189.288101,-782.239136,0,0
3.440000,-0.269492,1.258070,-0.249597,0.871461,-0.483576,0.081910,0.075995,0.298120,0.951498,-0.484541,-0.822969,0.296550,0.564976,-0.180354,-0.178163,0.785196,-0.082717,0.260850,0.279288,0.062700,-0.078226,-0.126607,-0.081910,-0.951498,-0.296550,0.000000,0.000000,0.000000,-1,-0.029648,-0.937485,-0.530975,-0.232210,0.027803,0.160928,139.814407,189.288101,-780.235107,0,0
3.480000,-0.259552,1.239252,-0.252579,0.875195,-0.476503,0.083540,0.081344,0.315176,0.945541,-0.476883,-0.820737,0.314601,0.557991,-0.177045,-0.176232,0.791355,-0.293018,0.131238,0.098127,0.059721,0.028609,-0.222752,-0.083540,-0.945541,-0.314601,0.000000,0.000000,0.000000,-1,0.053482,-0.904541,-0.359207,-0.253649,0.223812,0.074118,138.938370,191.208923,-781.404114,0,0
3.520000,-0.226413,1.239654,-0.264924,0.884896,-0.460035,0.072985,0.085129,0.313781,0.945671,-0.457943,-0.830608,0.316826,0.559975,-0.167376,-0.171864,0.793017,0.310195,0.717097,-0.201586,0.125307,-0.012687,-0.027763,-0.072985,-0.945671,-0.316826,0.000000,0.000000,0.000000,-1,-0.212234,-1.302536,-0.465012,0.347074,0.556211,-0.270138,140.865631,191.034302,-780.903137,0,0
3.560000,-0.197019,1.253026,-0.279952,0.891097,-0.449672,0.061161,0.086333,0.300286,0.949934,-0.445525,-0.841204,0.306405,0.566658,-0.160299,-0.169575,0.790220,0.510696,0.266473,-0.226228,-0.247249,-0.554338,-0.156516,-0.061161,-0.949934,-0.306405,0.000000,0.000000,0.000000,-1,-0.203705,-1.216492,-0.231476,0.569029,0.132161,-0.249396,140.164810,191.034302,-781.905151,0,1
3.600000,-0.171058,1.275713,-0.283994,0.900299,-0.432447,0.049505,0.081485,0.279171,0.956778,-0.427576,-0.857352,0.286576,0.577614,-0.151901,-0.163635,0.785182,0.308399,0.520514,0.209916,-0.330134,0.012198,0.043976,-0.049505,-0.956778,-0.286576,0.000000,0.000000,0.000000,-1,-0.257477,-0.910889,-0.087677,0.308011,0.247684,0.432675,138.763168,190.335831,-780.903137,0,0
3.640000,-0.224495,1.287046,-0.183458,0.906846,-0.415460,0.070879,0.051073,0.275260,0.960012,-0.418357,-0.866963,0.270837,0.583256,-0.156187,-0.148939,0.783094,0.690366,0.266052,0.904653,-0.072997,0.084890,0.268762,-0.070879,-0.960012,-0.270837,0.000000,0.000000,0.000000,-1,0.087143,-0.903824,0.178665,0.924511,0.190194,0.972891,138.587952,189.811966,-780.736084,0,0
3.680000,-0.376124,1.307257,-0.051514,0.910601,-0.402057,0.095686,0.013413,0.260154,0.965474,-0.413069,-0.877878,0.242289,0.593329,-0.163755,-0.133730,0.776699,1.134361,0.112210,0.825994,0.272841,0.017857,0.395762,-0.095686,-0.965474,-0.242289,0.000000,0.000000,0.000000,-1,-0.009369,-0.976547,-0.081818,1.170979,-0.107070,0.700268,137.536728,188.065765,-780.402100,0,0
3.720000,-0.578120,1.347202,0.151108,0.908159,-0.400706,0.121167,-0.033379,0.219209,0.975107,-0.417292,-0.889597,0.185702,0.613035,-0.177022,-0.120761,0.760439,1.127968,-0.205553,0.321169,0.039731,0.019754,0.113222,-0.121167,-0.975107,-0.185702,0.000000,0.000000,0.000000,-1,-0.044907,-0.916199,0.015625,1.135040,-0.390827,0.247737,133.506989,187.541901,-777.897095,0,0
3.760000,-0.753149,1.382509,0.319373,0.903590,-0.408823,0.128018,-0.058768,0.177712,0.982326,-0.424348,-0.895144,0.136553,0.630342,-0.185451,-0.117528,0.744623,1.332109,-0.154037,0.030419,0.080898,0.077892,0.137453,-0.128018,-0.982326,-0.136553,0.000000,0.000000,0.000000,-1,-0.110046,-0.840591,-0.085388,1.269467,-0.205584,0.050759,134.733429,184.922607,-777.396057,0,0
3.800000,-0.907134,1.403996,0.473653,0.902522,-0.410303,0.130787,-0.075732,0.147749,0.986121,-0.423932,-0.899901,0.102274,0.642748,-0.189046,-0.114020,0.733578,0.980734,-0.007564,0.143193,0.019901,0.169013,-0.008459,-0.130787,-0.986121,-0.102274,0.000000,0.000000,0.000000,-1,-0.023956,-0.837753,-0.023315,0.916066,-0.078148,0.194490,132.455750,183.351028,-777.563110,0,0
3.840000,-1.180039,1.415709,0.750470,0.901577,-0.408363,0.142822,-0.105343,0.112972,0.987998,-0.419597,-0.905802,0.058834,0.657604,-0.195295,-0.105221,0.719962,0.846294,-0.037815,0.301217,0.132035,0.138877,0.071545,-0.142822,-0.987998,-0.058834,0.000000,0.000000,0.000000,-1,-0.053314,-0.864365,0.045258,0.846288,-0.197760,0.323445,131.754929,184.747986,-775.225037,0,0
3.880000,-1.434739,1.411850,1.004236,0.898218,-0.410625,0.156815,-0.133547,0.084953,0.987395,-0.418771,-0.907838,0.021468,0.669290,-0.203265,-0.097848,0.707926,1.080563,-0.074760,0.407301,0.079483,0.105070,0.055938,-0.156815,-0.987395,-0.021468,0.000000,0.000000,0.000000,-1,-0.102310,-0.951691,-0.032867,1.162598,-0.150901,0.459094,130.528488,181.430206,-776.060059,0,0
3.920000,-1.648810,1.398003,1.220047,0.895538,-0.410645,0.171412,-0.161467,0.059077,0.985108,-0.414656,-0.909880,-0.013400,0.680048,-0.210320,-0.089422,0.696638,1.178986,-0.033179,0.561331,0.053705,0.003587,-0.064959,-0.171412,-0.985108,0.013400,0.000000,0.000000,0.000000,-1,-0.112503,-1.002548,-0.097778,1.125937,-0.169760,0.609567,128.951630,182.303299,-775.225037,0,1
3.960000,-1.850505,1.362324,1.413849,0.885616,-0.419659,0.198922,-0.204421,0.032350,0.978348,-0.417008,-0.907105,-0.057138,0.691087,-0.225761,-0.078892,0.682061,0.503401,-0.339680,0.502077,0.107293,-0.072250,-0.147089,-0.198922,-0.978348,0.057138,0.000000,0.000000,0.000000,-1,-0.036743,-1.163132,-0.017120,0.357483,-0.383145,0.429658,126.849152,180.906342,-773.221008,0,0
4.000000,-1.886299,1.347540,1.443857,0.880306,-0.425160,0.210478,-0.219625,0.028030,0.975182,-0.420508,-0.904684,-0.068701,0.692997,-0.232608,-0.075769,0.678166,0.171649,-0.005205,0.139368,0.187086,-0.186104,-0.091803,-0.210478,-0.975182,0.068701,0.000000,0.000000,0.000000,-1,-0.010971,-1.165848,-0.069382,0.167087,-0.069882,0.059106,124.571472,182.128693,-773.054016,0,0
4.040000,-1.902566,1.346027,1.462088,0.880905,-0.422828,0.209730,-0.220726,0.023424,0.975055,-0.417193,-0.905907,-0.072679,0.694777,-0.231569,-0.074651,0.676822,0.003836,0.118441,-0.124206,0.190626,-0.198362,-0.233659,-0.209730,-0.975055,0.072679,0.000000,0.000000,0.000000,-1,-0.025925,-1.203461,-0.014908,-0.416923,0.005864,-0.326247,125.272308,180.382492,-773.722046,0,0
4.080000,-1.834646,1.367558,1.395114,0.885387,-0.422043,0.194857,-0.198735,0.035278,0.979418,-0.420230,-0.905889,-0.052640,0.689701,-0.225017,-0.081692,0.683379,-0.988200,-0.207848,-0.647913,0.139788,-0.209440,-0.007642,-0.194857,-0.979418,0.052640,0.000000,0.000000,0.000000,-1,-0.053650,-1.089615,0.056030,-1.282236,-0.449646,-0.768862,125.797913,180.207870,-776.227051,0,0
4.120000,-1.494064,1.412684,1.032907,0.884858,-0.438612,0.156991,-0.135221,0.080668,0.987526,-0.445805,-0.895049,0.012070,0.669350,-0.214324,-0.107871,0.703135,-2.319231,-0.360258,-1.165482,0.137567,-0.004417,0.060028,-0.156991,-0.987526,-0.012070,0.000000,0.000000,0.000000,-1,-0.090866,-1.034729,-0.090271,-2.619524,-0.358232,-1.303413,125.797913,181.954071,-779.567139,0,0
4.160000,-0.909316,1.422147,0.432165,0.884662,-0.451348,0.116865,-0.062031,0.134486,0.988972,-0.462087,-0.882156,0.090977,0.644049,-0.199278,-0.134004,0.726314,-2.784806,-0.359594,-1.423092,-0.164156,-0.220363,0.028233,-0.116865,-0.988972,-0.090977,0.000000,0.000000,0.000000,-1,-0.612183,-1.170319,0.001862,-2.719754,-0.490836,-1.353832,126.498749,187.541901,-785.579224,0,0
4.200000,-0.303846,1.347342,-0.201637,0.876431,-0.476942,0.066301,0.044380,0.217110,0.975138,-0.479479,-0.851698,0.211449,0.601638,-0.179743,-0.171689,0.759110,-2.086744,-0.337288,-0.696921,-0.482161,-0.153952,0.102592,-0.066301,-0.975138,-0.211449,0.000000,0.000000,0.000000,-1,-0.388382,-1.089645,-0.090775,-1.879722,-0.279641,-0.515197,125.097092,188.589630,-788.251221,0,0
4.240000,-0.181279,1.284611,-0.317835,0.880299,-0.471682,0.050894,0.088220,0.268156,0.959328,-0.466146,-0.840005,0.277669,0.577597,-0.165973,-0.179732,0.778801,-1.528981,0.626209,-0.153220,-0.128213,-0.006462,0.142812,-0.050894,-0.959328,-0.277669,0.000000,0.000000,0.000000,-1,-0.123703,-0.897659,-0.179886,-1.527996,0.459881,-0.150110,126.148331,189.288101,-789.921265,0,0
