0.000000,-0.832545,-1.413581,-0.705200,0.985990,0.120055,0.115805,0.101486,0.119224,-0.987667,-0.132381,0.985582,0.105370,-0.663588,-0.083463,0.006245,0.743402,-0.006651,0.001939,0.006076,0.002936,0.011112,-0.000831,-0.115805,0.987667,-0.105370,0.000000,0.000000,0.000000,-1,-0.115097,0.998459,-0.101471,-0.009595,-0.098580,0.013315,117.388031,266.120911,-731.804443,0,0
0.040000,-0.832325,-1.413753,-0.704977,0.986005,0.120073,0.115657,0.101349,0.119117,-0.987694,-0.132372,0.985593,0.105281,-0.663628,-0.083413,0.006297,0.743371,-0.009835,-0.001238,0.008255,0.002467,0.012901,-0.001332,-0.115657,0.987694,-0.105281,0.000000,0.000000,0.000000,-1,-0.119904,1.002487,-0.104279,-0.008524,-0.089038,0.013260,117.388031,266.120911,-731.804443,0,0
0.080000,-0.832543,-1.414275,-0.705396,0.986066,0.119921,0.115298,0.101064,0.118682,-0.987776,-0.132139,0.985664,0.104909,-0.663791,-0.083228,0.006343,0.743246,-0.008770,0.014662,0.007113,0.001177,0.012316,0.002430,-0.115298,0.987776,-0.104909,0.000000,0.000000,0.000000,-1,-0.117645,0.996246,-0.105179,-0.010666,-0.094344,0.010117,118.964890,265.247803,-731.637451,0,0
0.120000,-0.834586,-1.414598,-0.707509,0.986073,0.119879,0.115276,0.101108,0.118226,-0.987826,-0.132048,0.985724,0.104459,-0.663963,-0.083207,0.006315,0.743095,-0.006688,-0.007614,0.000801,-0.002369,0.008421,-0.000720,-0.115276,0.987826,-0.104459,0.000000,0.000000,0.000000,-1,-0.111450,0.998428,-0.101547,-0.008563,-0.093293,0.003707,117.738449,265.771667,-731.804443,0,0
0.160000,-0.835687,-1.415002,-0.708929,0.986128,0.119599,0.115095,0.101016,0.117779,-0.987889,-0.131706,0.985811,0.104064,-0.664132,-0.083046,0.006253,0.742962,-0.004553,0.018889,-0.000399,0.003644,0.010540,0.002517,-0.115095,0.987889,-0.104064,0.000000,0.000000,0.000000,-1,-0.114227,1.002563,-0.106964,-0.008547,-0.093287,0.007961,117.738449,267.517883,-731.804443,0,0
0.200000,-0.835092,-1.415333,-0.708615,0.986194,0.119351,0.114790,0.100766,0.117563,-0.987940,-0.131407,0.985867,0.103913,-0.664214,-0.082849,0.006254,0.742911,-0.007742,-0.003369,0.003999,0.000563,0.014624,-0.003051,-0.114790,0.987940,-0.103913,0.000000,0.000000,0.000000,-1,-0.120529,0.998093,-0.103455,-0.002173,-0.104947,0.009007,119.315292,266.644775,-731.303406,0,0
0.240000,-0.836234,-1.415328,-0.709571,0.986158,0.119534,0.114912,0.100881,0.117470,-0.987939,-0.131591,0.985856,0.103785,-0.664248,-0.082957,0.006277,0.742868,0.000742,0.000861,-0.002504,-0.005617,0.010153,0.000331,-0.114912,0.987939,-0.103785,0.000000,0.000000,0.000000,-1,-0.113068,0.999130,-0.110168,0.000988,-0.094360,-0.000649,119.665710,265.247803,-731.637451,0,0
0.280000,-0.836893,-1.415066,-0.710388,0.986149,0.119355,0.115173,0.101146,0.117584,-0.987899,-0.131453,0.985864,0.103883,-0.664207,-0.082994,0.006128,0.742902,-0.003510,0.001920,-0.002467,0.002105,0.011232,-0.006286,-0.115173,0.987899,-0.103883,0.000000,0.000000,0.000000,-1,-0.116394,1.000275,-0.106201,-0.003237,-0.111307,0.010111,118.264069,266.295532,-730.635376,0,0
0.320000,-0.836384,-1.415260,-0.709631,0.986140,0.119617,0.114978,0.100932,0.117515,-0.987929,-0.131685,0.985841,0.103813,-0.664231,-0.083009,0.006288,0.742878,0.000757,-0.011853,0.003935,-0.001416,0.012346,-0.002388,-0.114978,0.987929,-0.103813,0.000000,0.000000,0.000000,-1,-0.116089,1.002182,-0.102432,-0.003247,-0.102832,0.005818,118.964890,265.247803,-729.967407,0,0
0.360000,-0.837217,-1.415413,-0.710336,0.986126,0.119756,0.114952,0.100917,0.117329,-0.987952,-0.131801,0.985846,0.103616,-0.664300,-0.083047,0.006341,0.742811,-0.001374,-0.001256,0.001783,-0.001137,0.014230,0.001184,-0.114952,0.987952,-0.103616,0.000000,0.000000,0.000000,-1,-0.117172,0.999847,-0.105637,-0.001117,-0.108130,0.007946,118.964890,266.644775,-731.971436,0,0
0.400000,-0.837791,-1.415550,-0.710550,0.986086,0.120123,0.114911,0.100853,0.117205,-0.987974,-0.132147,0.985816,0.103459,-0.664346,-0.083156,0.006486,0.742757,-0.003508,-0.013978,0.002927,-0.002261,0.011874,-0.002177,-0.114911,0.987974,-0.103459,0.000000,0.000000,0.000000,-1,-0.118988,0.997955,-0.106308,-0.001129,-0.114494,0.005848,119.315292,265.946289,-730.969421,0,0
0.440000,-0.837263,-1.415357,-0.709592,0.986026,0.120531,0.114998,0.100865,0.117446,-0.987944,-0.132583,0.985738,0.103648,-0.664254,-0.083325,0.006619,0.742819,-0.000316,-0.012921,0.000756,-0.003990,0.010012,-0.002660,-0.114998,0.987944,-0.103648,0.000000,0.000000,0.000000,-1,-0.110504,1.001114,-0.106033,-0.005372,-0.107071,0.006925,119.840912,266.120911,-730.468384,0,0
0.480000,-0.836228,-1.415711,-0.708363,0.986042,0.120753,0.114631,0.100493,0.117304,-0.987998,-0.132750,0.985727,0.103532,-0.664305,-0.083262,0.006819,0.742778,-0.005602,0.004048,0.003939,0.002647,0.011315,-0.002806,-0.114631,0.987998,-0.103532,0.000000,0.000000,0.000000,-1,-0.115875,1.000107,-0.103165,-0.001102,-0.104944,0.011123,119.315292,264.898560,-730.969421,0,0
0.520000,-0.834792,-1.415837,-0.706593,0.986028,0.121093,0.114390,0.100205,0.117388,-0.988018,-0.133070,0.985676,0.103614,-0.664272,-0.083286,0.007030,0.742804,-0.001353,-0.021394,0.006135,-0.003148,0.011875,-0.006601,-0.114390,0.988018,-0.103614,0.000000,0.000000,0.000000,-1,-0.117020,1.000397,-0.108551,-0.002188,-0.113432,0.006918,118.964890,265.247803,-731.637451,0,0
0.560000,-0.834835,-1.415798,-0.706208,0.985973,0.121513,0.114423,0.100185,0.117456,-0.988012,-0.133496,0.985616,0.103634,-0.664244,-0.083440,0.007178,0.742809,-0.001353,0.004041,-0.000365,-0.002596,0.012385,-0.004917,-0.114423,0.988012,-0.103635,0.000000,0.000000,0.000000,-1,-0.111832,0.999680,-0.105377,-0.002178,-0.095410,0.005773,117.913651,264.898560,-729.299377,0,0
0.600000,-0.832993,-1.416108,-0.704082,0.985983,0.121820,0.114005,0.099736,0.117435,-0.988060,-0.133754,0.985581,0.103639,-0.664249,-0.083386,0.007433,0.742808,0.000818,-0.017140,0.005009,0.000480,0.012535,-0.005812,-0.114005,0.988060,-0.103639,0.000000,0.000000,0.000000,-1,-0.115616,0.998718,-0.101089,0.002066,-0.111312,0.006862,118.088852,265.422424,-731.136414,0,0
0.640000,-0.832999,-1.416132,-0.703705,0.985938,0.122200,0.113989,0.099677,0.117454,-0.988063,-0.134130,0.985531,0.103622,-0.664240,-0.083508,0.007581,0.742801,0.001879,-0.008663,0.002830,-0.001627,0.010655,0.002533,-0.113989,0.988063,-0.103622,0.000000,0.000000,0.000000,-1,-0.112213,0.999603,-0.100586,-0.002185,-0.098593,0.004724,117.913651,264.549347,-729.967407,0,0
0.680000,-0.832939,-1.416443,-0.703668,0.985964,0.122205,0.113755,0.099473,0.117224,-0.988111,-0.134087,0.985558,0.103422,-0.664327,-0.083422,0.007651,0.742733,0.002937,-0.003364,0.001737,0.000077,0.014330,-0.001467,-0.113755,0.988111,-0.103422,0.000000,0.000000,0.000000,-1,-0.114288,0.998566,-0.100159,0.006322,-0.107071,0.006796,119.840912,266.120911,-730.802429,0,0
0.720000,-0.833688,-1.416698,-0.704132,0.985939,0.122507,0.113646,0.099365,0.116986,-0.988150,-0.134350,0.985549,0.103168,-0.664414,-0.083484,0.007790,0.742646,-0.002381,-0.001244,0.002851,-0.000169,0.009912,0.007663,-0.113646,0.988150,-0.103168,0.000000,0.000000,0.000000,-1,-0.115814,1.001404,-0.100235,-0.001103,-0.095406,0.008952,118.264069,265.247803,-732.973450,0,0
0.760000,-0.834623,-1.416911,-0.705126,0.985951,0.122466,0.113586,0.099344,0.116726,-0.988183,-0.134277,0.985585,0.102920,-0.664512,-0.083449,0.007784,0.742563,0.001862,0.000873,0.001730,-0.002228,0.013221,0.002685,-0.113586,0.988183,-0.102920,0.000000,0.000000,0.000000,-1,-0.113190,1.001511,-0.102692,-0.001130,-0.110255,0.004765,119.490509,266.470154,-731.804443,0,0
0.800000,-0.835320,-1.417039,-0.705447,0.985906,0.122849,0.113564,0.099300,0.116598,-0.988203,-0.134641,0.985552,0.102756,-0.664559,-0.083570,0.007929,0.742506,0.001852,-0.001250,0.000678,0.002739,0.013934,0.001773,-0.113564,0.988203,-0.102756,0.000000,0.000000,0.000000,-1,-0.113510,0.998840,-0.103333,0.003133,-0.095412,0.004651,118.614471,266.994019,-730.635376,0,0
0.840000,-0.834276,-1.417100,-0.704520,0.985938,0.122738,0.113412,0.099153,0.116644,-0.988212,-0.134520,0.985560,0.102834,-0.664541,-0.083475,0.007941,0.742532,0.003976,-0.001251,0.000658,0.000772,0.009057,-0.000376,-0.113412,0.988212,-0.102834,0.000000,0.000000,0.000000,-1,-0.112183,1.000839,-0.097031,0.005258,-0.097532,0.004637,118.264069,265.946289,-732.305420,0,0
0.880000,-0.834296,-1.417266,-0.704576,0.985954,0.122718,0.113292,0.099053,0.116513,-0.988237,-0.134474,0.985578,0.102721,-0.664590,-0.083424,0.007968,0.742494,0.005064,0.004061,0.000606,0.001110,0.012602,0.005691,-0.113292,0.988237,-0.102721,0.000000,0.000000,0.000000,-1,-0.116394,0.999512,-0.102066,0.003136,-0.102830,0.006812,119.315292,265.946289,-731.303406,0,0
0.920000,-0.836294,-1.417414,-0.706326,0.985911,0.122973,0.113389,0.099162,0.116229,-0.988260,-0.134709,0.985580,0.102397,-0.664696,-0.083548,0.008019,0.742384,-0.001334,0.000875,-0.001438,0.000291,0.011267,0.002895,-0.113389,0.988260,-0.102397,0.000000,0.000000,0.000000,-1,-0.111954,1.000305,-0.102097,-0.004306,-0.092231,0.004719,118.088852,266.120911,-730.802429,0,0
0.960000,-0.835739,-1.417721,-0.705907,0.985957,0.122866,0.113107,0.098916,0.116039,-0.988307,-0.134554,0.985616,0.102256,-0.664767,-0.083406,0.008066,0.742336,0.002936,-0.004417,0.004925,0.001153,0.011998,0.000160,-0.113107,0.988307,-0.102256,0.000000,0.000000,0.000000,-1,-0.117157,0.994492,-0.098465,0.007388,-0.125088,0.011120,118.264069,265.597046,-730.635376,0,0
1.000000,-0.836238,-1.417529,-0.705530,0.985829,0.123713,0.113299,0.098996,0.116221,-0.988278,-0.135431,0.985489,0.102327,-0.664695,-0.083763,0.008324,0.742357,0.003981,-0.017144,0.002838,-0.003858,0.006214,0.003862,-0.113299,0.988278,-0.102327,0.000000,0.000000,0.000000,-1,-0.117325,1.001404,-0.101929,0.003137,-0.112369,0.008982,118.088852,265.771667,-732.138428,0,0
1.040000,-0.837237,-1.417393,-0.705617,0.985694,0.124600,0.113501,0.099093,0.116315,-0.988257,-0.136339,0.985366,0.102304,-0.664657,-0.084139,0.008590,0.742346,0.013551,-0.023491,0.000609,-0.004267,0.011606,0.004144,-0.113501,0.988257,-0.102304,0.000000,0.000000,0.000000,-1,-0.119446,1.013779,-0.098099,0.013721,-0.121927,-0.001728,118.964890,266.644775,-730.969421,0,0
1.080000,-0.838904,-1.417085,-0.706646,0.985572,0.125202,0.113898,0.099410,0.116444,-0.988210,-0.136989,0.985274,0.102318,-0.664607,-0.084491,0.008686,0.742350,0.011390,-0.015025,-0.008981,-0.005548,0.025569,0.004219,-0.113898,0.988210,-0.102318,0.000000,0.000000,0.000000,-1,-0.094040,0.984207,-0.095703,0.001005,-0.119790,0.009039,116.512009,265.597046,-730.635376,0,0
1.120000,-0.838749,-1.418105,-0.705673,0.985546,0.126097,0.113132,0.098643,0.115774,-0.988365,-0.137728,0.985239,0.101662,-0.664852,-0.084508,0.009248,0.742122,-0.019372,-0.022414,0.013742,0.019092,-0.004158,0.005959,-0.113132,0.988365,-0.101662,0.000000,0.000000,0.000000,-1,-0.087540,1.016022,-0.078232,-0.021244,-0.071005,0.019702,117.738449,265.771667,-729.800415,0,0
1.160000,-0.837977,-1.422366,-0.704480,0.986267,0.123560,0.109589,0.095776,0.112681,-0.989004,-0.134550,0.985919,0.099300,-0.666012,-0.082332,0.009370,0.741325,0.000928,0.127085,0.020336,0.038361,0.035623,0.035976,-0.109589,0.989004,-0.099300,0.000000,0.000000,0.000000,-1,-0.029556,0.997650,-0.070786,-0.014703,0.028689,0.042581,118.789673,266.470154,-731.804443,0,0
1.200000,-0.828494,-1.424344,-0.701967,0.986912,0.120167,0.107537,0.094230,0.111428,-0.989295,-0.130863,0.986480,0.098646,-0.666491,-0.080420,0.008749,0.741112,-0.074291,0.109196,0.086098,0.077981,0.008355,0.027861,-0.107537,0.989295,-0.098646,0.000000,0.000000,0.000000,-1,-0.057373,1.000946,-0.110947,-0.159047,0.005469,0.113419,117.212830,265.946289,-730.635376,0,0
1.240000,-0.831048,-1.432872,-0.708906,0.987983,0.116514,0.101554,0.089505,0.104363,-0.990503,-0.126006,0.987691,0.092681,-0.669130,-0.076973,0.009136,0.739092,-0.180594,0.103904,0.092638,0.044180,0.010443,-0.018266,-0.101554,0.990503,-0.092681,0.000000,0.000000,0.000000,-1,-0.111588,1.005737,-0.108093,-0.108209,-0.053962,0.073769,117.738449,266.470154,-731.470398,0,0
1.280000,-0.837838,-1.436497,-0.717289,0.988344,0.115213,0.099511,0.088016,0.100903,-0.990995,-0.124217,0.988203,0.089586,-0.670421,-0.075784,0.009213,0.738043,-0.079848,-0.019146,0.048467,-0.012076,0.014742,-0.018507,-0.099511,0.990995,-0.089586,0.000000,0.000000,0.000000,-1,-0.091309,1.006592,-0.097290,-0.056493,-0.152682,-0.007198,117.913651,265.946289,-731.303406,0,0
1.320000,-0.856572,-1.436748,-0.736300,0.988224,0.114959,0.100984,0.089751,0.099027,-0.991029,-0.123928,0.988422,0.087543,-0.671129,-0.076256,0.008547,0.737359,-0.015392,0.082444,-0.078220,0.009675,0.015563,-0.009747,-0.100984,0.991029,-0.087543,0.000000,0.000000,0.000000,-1,-0.078339,1.006378,-0.102753,-0.034323,-0.083852,-0.063066,117.738449,265.073181,-731.136414,0,0
1.360000,-0.872922,-1.435478,-0.753652,0.988103,0.113879,0.103366,0.092317,0.098373,-0.990858,-0.123007,0.988612,0.086689,-0.671387,-0.076780,0.007313,0.737083,-0.006795,-0.004396,-0.043922,0.025028,0.015520,-0.016063,-0.103366,0.990858,-0.086689,0.000000,0.000000,0.000000,-1,-0.113174,0.984589,-0.102798,0.006167,-0.100774,-0.035780,117.563232,265.247803,-730.969421,0,0
1.400000,-0.884597,-1.433095,-0.764888,0.987772,0.114139,0.106197,0.095051,0.099032,-0.990534,-0.123576,0.988517,0.086972,-0.671150,-0.077922,0.006473,0.737187,0.018526,-0.017193,-0.093074,-0.025730,-0.003794,-0.014301,-0.106197,0.990534,-0.086972,0.000000,0.000000,0.000000,-1,-0.119385,1.012436,-0.093796,0.034610,-0.081800,-0.109575,117.913651,264.549347,-730.969421,0,0
1.440000,-0.892713,-1.428841,-0.774597,0.987553,0.112243,0.110181,0.098955,0.101116,-0.989941,-0.122255,0.988523,0.088750,-0.670389,-0.078759,0.004503,0.737804,0.066314,0.098311,-0.132424,-0.009204,0.022495,-0.005045,-0.110181,0.989941,-0.088750,0.000000,0.000000,0.000000,-1,-0.101364,0.991867,-0.102463,0.082441,-0.031990,-0.123092,117.738449,266.470154,-731.470398,0,0
1.480000,-0.890385,-1.423084,-0.774511,0.987374,0.109565,0.114402,0.102930,0.105196,-0.989110,-0.120406,0.988397,0.092590,-0.668877,-0.079422,0.002244,0.739114,0.055659,-0.005571,-0.120127,0.013038,0.002757,-0.009872,-0.114402,0.989110,-0.092590,0.000000,0.000000,0.000000,-1,-0.099243,0.994385,-0.085693,0.037840,-0.039389,-0.107675,117.388031,265.422424,-730.802429,0,0
1.520000,-0.896853,-1.419675,-0.785263,0.987484,0.105061,0.117633,0.106439,0.106467,-0.988603,-0.116387,0.988750,0.093952,-0.668406,-0.079106,-0.000466,0.739578,0.008017,0.128101,-0.097882,0.005313,0.030837,0.008564,-0.117633,0.988603,-0.093952,0.000000,0.000000,0.000000,-1,-0.123062,1.035538,-0.077316,0.000744,0.006232,-0.086197,116.161591,264.549347,-730.969421,0,0
1.560000,-0.909506,-1.418376,-0.800026,0.987449,0.102887,0.119825,0.108919,0.105779,-0.988407,-0.114369,0.989053,0.093245,-0.668660,-0.079191,-0.002040,0.739336,0.028191,0.005149,-0.075209,-0.001010,0.038739,0.027540,-0.119825,0.988407,-0.093245,0.000000,0.000000,0.000000,-1,-0.097260,1.018661,-0.030640,0.052803,-0.247095,-0.044143,118.264069,265.597046,-731.637451,0,0
1.600000,-0.916180,-1.416361,-0.799724,0.986456,0.109613,0.122024,0.110316,0.107199,-0.988099,-0.121389,0.988177,0.093655,-0.668132,-0.082292,-0.000238,0.739478,0.060072,-0.325537,-0.008116,0.039749,0.024749,0.079251,-0.122024,0.988099,-0.093655,0.000000,0.000000,0.000000,-1,-0.046860,1.008942,0.013367,0.076316,-0.591508,0.059269,118.264069,267.343262,-731.303406,0,0
1.640000,-0.912178,-1.418707,-0.775158,0.984239,0.130071,0.119815,0.106027,0.108221,-0.988457,-0.141536,0.985581,0.092724,-0.667700,-0.088399,0.008133,0.739118,0.116823,-0.628494,0.168155,0.118747,0.042625,0.144589,-0.119815,0.988457,-0.092724,0.000000,0.000000,0.000000,-1,0.179153,0.979111,0.153107,0.167248,-0.815977,0.255004,118.439270,265.422424,-729.800415,0,0
1.680000,-0.909108,-1.435150,-0.710634,0.975641,0.191681,0.106691,0.088213,0.102498,-0.990814,-0.200856,0.976090,0.083092,-0.668964,-0.104600,0.035191,0.735056,-0.760392,-2.860182,0.878203,0.347032,-0.045853,0.285302,-0.106691,0.990814,-0.083092,0.000000,0.000000,0.000000,-1,0.126801,1.162445,0.179199,-1.290202,-1.949161,1.098436,123.520248,263.850861,-729.633423,0,0
1.720000,-1.171501,-1.498058,-0.903982,0.962515,0.262833,0.066957,0.057107,0.044948,-0.997356,-0.265148,0.963794,0.028253,-0.687262,-0.116382,0.072094,0.713393,-1.242309,-0.808157,1.227408,0.121599,0.250493,0.129770,-0.066957,0.997356,-0.028253,0.000000,0.000000,0.000000,-1,-0.057419,1.303894,0.105789,-1.317025,-0.994512,1.403965,126.148331,262.628540,-727.462341,0,0
1.760000,-3.058407,-1.529102,-2.766189,0.957581,0.288144,0.003463,0.015283,-0.038779,-0.999131,-0.287759,0.956802,-0.041538,-0.713775,-0.106275,0.099575,0.685066,-1.451485,0.688504,0.992132,-0.154816,0.219299,0.282773,-0.003463,0.999131,0.041538,0.000000,0.000000,0.000000,-1,0.012573,1.138458,-0.014206,-1.394827,1.414529,0.858900,127.024368,259.659973,-725.625366,0,0
1.800000,2.872731,-1.469418,3.113624,0.971087,0.237207,-0.026883,-0.002830,-0.101165,-0.994866,-0.238709,0.966177,-0.097569,-0.736516,-0.079556,0.090152,0.665649,-1.336301,0.626751,0.817755,0.096377,0.126411,-0.158238,0.026883,0.994866,0.097569,0.000000,0.000000,0.000000,-1,0.040085,1.052856,0.061310,-1.237496,0.316058,0.796173,127.725189,257.913757,-723.955322,0,0
1.840000,2.794425,-1.416915,3.011940,0.975917,0.211817,-0.052149,-0.019817,-0.151988,-0.988184,-0.217240,0.965419,-0.144130,-0.753664,-0.063689,0.089360,0.648035,-1.003180,0.833147,0.584453,-0.033030,-0.037882,-0.008388,0.052149,0.988184,0.144130,0.000000,0.000000,0.000000,-1,0.051834,0.859421,0.136322,-0.914885,0.927379,0.512228,125.447510,255.992966,-724.122314,0,0
1.880000,2.805484,-1.380409,2.978392,0.984120,0.166168,-0.062414,-0.030747,-0.186724,-0.981931,-0.174820,0.968257,-0.178650,-0.766403,-0.044174,0.077385,0.636150,-0.658221,1.108492,0.375174,-0.004919,-0.203397,-0.081757,0.062414,0.981931,0.178650,0.000000,0.000000,0.000000,-1,0.048203,0.775589,0.128113,-0.548664,1.005587,0.342962,123.345032,254.595993,-723.120300,0,0
1.920000,2.819662,-1.359413,2.949878,0.990192,0.122934,-0.066384,-0.039978,-0.205969,-0.977742,-0.133871,0.970806,-0.199034,-0.773821,-0.026801,0.064697,0.629522,-0.333422,0.978977,0.259425,-0.040643,-0.191487,-0.041624,0.066384,0.977742,0.199034,0.000000,0.000000,0.000000,-1,-0.018845,0.798203,0.205048,-0.248495,0.820887,0.191567,123.169830,253.373657,-722.619263,0,0
1.960000,2.833284,-1.350222,2.935221,0.993302,0.094565,-0.066391,-0.044832,-0.214148,-0.975772,-0.106491,0.972213,-0.208474,-0.777162,-0.015998,0.055613,0.626634,-0.221206,0.935331,0.140312,-0.092286,-0.170764,0.026618,0.066391,0.975772,0.208474,0.000000,0.000000,0.000000,-1,-0.007629,0.821976,0.281204,-0.175596,0.892777,0.054283,122.994629,252.849792,-724.122314,0,0
2.000000,2.882455,-1.342608,2.936783,0.997174,0.047798,-0.057967,-0.046007,-0.221485,-0.974078,-0.059397,0.973992,-0.218660,-0.780596,-0.000573,0.037588,0.623905,-0.076159,0.873616,-0.008865,-0.023268,-0.143069,0.074950,0.057966,0.974078,0.218660,0.000000,0.000000,0.000000,-1,0.081085,0.885239,0.321609,-0.061118,0.720939,-0.002580,120.716949,254.770615,-723.621338,0,0
2.040000,2.915738,-1.341362,2.939801,0.998534,0.018312,-0.050930,-0.045582,-0.222812,-0.973795,-0.029180,0.974689,-0.221651,-0.781505,0.008723,0.025627,0.623312,0.016137,0.649901,-0.016318,0.059956,-0.058024,0.106611,0.050930,0.973795,0.221651,0.000000,0.000000,0.000000,-1,0.056915,0.915344,0.327286,0.118124,0.349808,-0.042238,120.016129,252.675186,-724.623291,0,0
2.080000,2.937937,-1.346970,2.944268,0.998991,0.001383,-0.044892,-0.043515,-0.217655,-0.975055,-0.011120,0.976025,-0.217375,-0.780067,0.013503,0.017951,0.625292,0.220798,0.341264,-0.094833,-0.051133,-0.071125,0.135988,0.044892,0.975055,0.217375,0.000000,0.000000,0.000000,-1,-0.032181,0.902832,0.384171,0.270798,0.236234,-0.131697,119.315292,253.024414,-724.289307,0,0
2.120000,2.990051,-1.356832,2.980495,0.999402,-0.012954,-0.032055,-0.034059,-0.209586,-0.977197,0.005940,0.977704,-0.209902,-0.777639,0.015114,0.008395,0.628473,0.412620,0.511685,-0.276432,-0.041790,0.001105,0.218564,0.032055,0.977197,0.209902,0.000000,0.000000,0.000000,-1,0.039291,1.095551,0.445190,0.439380,0.409872,-0.290705,116.687210,253.897522,-726.126343,0,0
2.160000,3.052419,-1.375563,3.028770,0.999530,-0.025328,-0.017276,-0.021841,-0.192762,-0.981002,0.021517,0.980919,-0.193224,-0.772256,0.015270,-0.001373,0.635127,0.400653,0.176651,-0.280107,0.043683,0.254242,0.268690,0.017276,0.981003,0.193224,0.000000,0.000000,0.000000,-1,0.075867,1.264206,0.499710,0.336524,0.076116,-0.149782,116.862411,254.421387,-725.959351,0,0
2.200000,3.083042,-1.389332,3.049773,0.999359,-0.034220,-0.010561,-0.016547,-0.179710,-0.983580,0.031760,0.983124,-0.180161,-0.767989,0.016526,-0.006901,0.640212,0.309518,0.484561,0.019477,0.106429,0.154237,0.293441,0.010561,0.983580,0.180161,0.000000,0.000000,0.000000,-1,0.041016,1.041031,0.343231,0.340826,0.530192,0.053419,118.789673,252.849792,-724.790283,0,0
2.240000,3.109195,-1.406877,3.048034,0.998090,-0.061554,-0.005286,-0.015245,-0.162473,-0.986595,0.059870,0.984791,-0.163101,-0.762178,0.025191,-0.017904,0.646629,0.555790,0.670950,-0.121299,-0.054938,0.097618,0.070999,0.005286,0.986595,0.163101,0.000000,0.000000,0.000000,-1,-0.068237,1.079697,0.235168,0.564178,0.330546,-0.166204,116.161591,253.722900,-727.295349,0,0
2.280000,3.140953,-1.431615,3.081444,0.998230,-0.059480,-0.000089,-0.008340,-0.138482,-0.990330,0.058893,0.988577,-0.138733,-0.754229,0.022480,-0.019491,0.655937,0.708080,-0.773995,-0.039868,-0.028958,0.085811,-0.067215,0.000089,0.990330,0.138733,0.000000,0.000000,0.000000,-1,-0.021606,1.088943,-0.024414,0.699917,-1.968482,0.212849,115.460770,255.119858,-727.629395,0,0
2.320000,2.996711,-1.462071,3.012979,0.999758,0.015423,-0.015666,-0.013918,-0.107615,-0.994095,-0.017017,0.994073,-0.107375,-0.744102,-0.000506,0.010981,0.667976,0.975269,-2.589867,0.137704,-0.137447,-0.128937,-0.246672,0.015666,0.994095,0.107375,0.000000,0.000000,0.000000,-1,-0.319824,0.728485,-0.234772,1.138621,-2.926131,0.022994,124.221069,256.866058,-726.293335,0,0
2.360000,2.857337,-1.497106,2.959320,0.994666,0.101058,-0.020647,-0.013345,-0.072404,-0.997286,-0.102279,0.992242,-0.070669,-0.731051,-0.029995,0.042037,0.680366,1.181859,-2.922325,-0.271540,-0.415621,-0.249346,-0.282019,0.020647,0.997286,0.070669,0.000000,0.000000,0.000000,-1,-0.300690,1.001099,0.015305,1.005090,-2.901374,-0.434108,126.148331,259.136108,-728.798401,0,0
2.400000,-2.872472,-1.553168,-2.686638,0.982764,0.184803,0.004687,0.007746,-0.015834,-0.999845,-0.184700,0.982648,-0.016993,-0.709858,-0.067812,0.063398,0.698201,1.194108,-0.453632,-0.630652,0.029986,0.137820,-0.168574,-0.004687,0.999845,0.016993,0.000000,0.000000,0.000000,-1,0.292267,1.182220,-0.325363,0.960172,-0.291194,-0.474114,126.323532,259.659973,-728.965393,0,0
2.440000,-0.945100,-1.541698,-0.752642,0.981302,0.191022,0.023583,0.019888,0.021236,-0.999577,-0.191442,0.981356,0.017039,-0.696963,-0.075653,0.060211,0.710559,0.435199,0.041826,-0.395824,0.367638,0.075252,-0.273885,-0.023583,0.999577,-0.017039,0.000000,0.000000,0.000000,-1,0.264954,0.961578,-0.129425,0.287684,-0.062069,-0.386893,125.272308,259.310730,-728.965393,0,0
2.480000,-0.914240,-1.527006,-0.724993,0.981643,0.187550,0.034675,0.029029,0.032767,-0.999041,-0.188507,0.981708,0.026721,-0.693209,-0.078108,0.055478,0.714341,0.447318,0.261391,-0.327807,0.224266,-0.060550,0.033313,-0.034675,0.999041,-0.026721,0.000000,0.000000,0.000000,-1,-0.065125,1.025253,0.012482,0.741324,0.295410,-0.266924,124.746689,259.136108,-730.468384,0,0
2.520000,-0.635452,-1.493144,-0.470687,0.985646,0.162426,0.046043,0.035180,0.069138,-0.996987,-0.165120,0.984295,0.062432,-0.680822,-0.072562,0.043725,0.727533,0.499969,0.788376,-0.288217,-0.023521,-0.037117,-0.019050,-0.046043,0.996987,-0.062432,0.000000,0.000000,0.000000,-1,-0.095535,0.924942,-0.119675,0.301386,0.920822,-0.337230,124.045853,260.533081,-729.132385,0,0
2.560000,-0.631045,-1.474024,-0.506278,0.990888,0.122029,0.057006,0.046854,0.084501,-0.995321,-0.126275,0.988923,0.078014,-0.676087,-0.062449,0.025614,0.733724,0.356350,1.032110,-0.362194,-0.015184,-0.087774,-0.040593,-0.057006,0.995321,-0.078014,0.000000,0.000000,0.000000,-1,-0.055679,0.944489,-0.129288,0.433174,0.850854,-0.335176,121.592972,260.183838,-732.138428,0,0
2.600000,-0.600220,-1.456365,-0.499932,0.993205,0.096878,0.064492,0.054735,0.100207,-0.993460,-0.102707,0.990239,0.094224,-0.670592,-0.056522,0.014246,0.739533,0.589068,0.592214,-0.303206,0.029519,-0.045996,-0.040130,-0.064492,0.993460,-0.094224,0.000000,0.000000,0.000000,-1,-0.019928,0.932831,-0.128662,0.652888,0.252937,-0.309370,120.892151,260.882324,-732.472412,0,0
2.640000,-0.574589,-1.424570,-0.477564,0.992631,0.091721,0.079189,0.066969,0.129403,-0.989328,-0.100990,0.987341,0.122307,-0.659720,-0.060135,0.008261,0.749056,0.444799,-0.288777,-0.326411,0.054424,-0.072473,-0.010215,-0.079189,0.989328,-0.122307,0.000000,0.000000,0.000000,-1,0.001328,0.914337,-0.092850,0.501191,-0.458539,-0.356609,121.067352,262.453918,-733.307434,0,0
2.680000,-0.588902,-1.398902,-0.479729,0.990268,0.101694,0.095009,0.078946,0.151741,-0.985263,-0.114612,0.983175,0.142236,-0.651209,-0.069348,0.007526,0.755686,0.648807,-0.169056,-0.383449,0.078941,-0.036730,0.063851,-0.095009,0.985263,-0.142236,0.000000,0.000000,0.000000,-1,-0.004959,0.958954,-0.084564,0.712809,-0.195666,-0.398422,120.016129,261.755432,-733.307434,0,0
2.720000,-0.580918,-1.373667,-0.468882,0.988928,0.102320,0.107484,0.088505,0.174718,-0.980633,-0.119118,0.979288,0.163727,-0.642356,-0.074268,0.004528,0.762786,0.776279,-0.095967,-0.427733,0.103593,0.014881,0.060746,-0.107484,0.980633,-0.163727,0.000000,0.000000,0.000000,-1,0.023056,1.012009,-0.086044,0.775277,-0.293278,-0.447601,120.541733,262.628540,-734.810486,0,1
2.760000,-0.570115,-1.330997,-0.451597,0.986245,0.104345,0.128190,0.103649,0.213698,-0.971386,-0.128753,0.971311,0.199943,-0.627018,-0.082930,0.000224,0.774578,0.773321,0.000576,-0.384516,0.134003,0.077885,0.114982,-0.128190,0.971386,-0.199943,0.000000,0.000000,0.000000,-1,-0.048553,1.174057,-0.096954,0.799228,-0.071537,-0.343557,120.716949,263.850861,-735.645508,0,0
2.800000,-0.548107,-1.296790,-0.429093,0.984839,0.101057,0.140997,0.112578,0.246060,-0.962695,-0.131981,0.963972,0.230952,-0.613968,-0.086989,-0.003671,0.784514,0.817318,-0.045896,-0.266719,0.069250,0.326994,0.134425,-0.140997,0.962695,-0.230952,0.000000,0.000000,0.000000,-1,-0.003204,1.272156,-0.076630,0.799604,-0.144519,-0.228351,119.315292,266.644775,-735.979492,0,0
2.840000,-0.530333,-1.273570,-0.410517,0.983979,0.099193,0.148139,0.116879,0.268536,-0.956152,-0.134625,0.958149,0.252640,-0.604732,-0.089326,-0.005587,0.791384,0.673819,0.070700,-0.282683,0.200004,0.269311,0.194794,-0.148139,0.956152,-0.252640,0.000000,0.000000,0.000000,-1,0.217377,1.080215,0.010193,0.582374,0.031282,-0.355460,119.840912,264.723969,-736.480469,0,0
2.880000,-0.533491,-1.244829,-0.420986,0.982734,0.087827,0.162848,0.130864,0.292265,-0.947341,-0.130797,0.952296,0.275726,-0.594715,-0.091931,-0.013473,0.798550,0.353321,0.062447,-0.125937,0.371649,0.190232,0.309906,-0.162848,0.947341,-0.275726,0.000000,0.000000,0.000000,-1,0.137909,1.191940,0.032639,0.314265,-0.442776,0.258082,119.490509,262.977783,-737.816528,0,0
2.920000,-0.534392,-1.244646,-0.388995,0.979265,0.120042,0.163185,0.121514,0.296462,-0.947283,-0.162092,0.947470,0.275728,-0.593101,-0.101819,-0.000461,0.798664,-0.693437,-2.798436,0.303788,0.158729,0.227995,0.375932,-0.163185,0.947283,-0.275728,0.000000,0.000000,0.000000,-1,0.121384,1.040543,0.489212,-2.011506,-4.449210,0.353920,123.695450,262.977783,-736.814514,0,0
2.960000,-0.735081,-1.305810,-0.481827,0.957255,0.229813,0.175640,0.121362,0.232079,-0.965096,-0.262554,0.945159,0.194268,-0.618649,-0.141912,0.035123,0.771946,-2.323734,-2.671665,0.725398,0.322902,0.065223,0.876046,-0.175640,0.965096,-0.194268,0.000000,0.000000,0.000000,-1,-0.129868,1.168640,0.613708,-2.271842,-1.338814,0.886312,124.571472,261.406189,-734.977478,0,0
3.000000,-1.121601,-1.442720,-0.920928,0.974059,0.194864,0.115055,0.101691,0.077285,-0.991810,-0.202160,0.977781,0.055464,-0.678474,-0.109273,0.032096,0.725742,-3.286766,3.477649,1.500729,-0.089306,0.406567,-0.148302,-0.115055,0.991809,-0.055464,0.000000,0.000000,0.000000,-1,-0.325424,1.681625,-0.769653,-2.892166,1.575878,1.006577,123.169830,252.675186,-730.635376,0,0
3.040000,-2.198482,-1.480960,-2.032595,0.983350,0.166581,0.072615,0.080318,-0.039973,-0.995967,-0.163007,0.985217,-0.052687,-0.720418,-0.085679,0.031368,0.687512,-2.274314,-3.067858,0.943640,-0.296969,0.412648,-1.097457,-0.072614,0.995967,0.052687,0.000000,0.000000,0.000000,-1,-0.108261,1.304138,-0.534225,-1.376457,-5.073123,1.419837,126.498749,250.055878,-728.798401,0,0
3.080000,-2.942454,-1.487158,-2.618280,0.947568,0.319125,0.016527,0.041750,-0.072361,-0.996504,-0.316814,0.944946,-0.081890,-0.724883,-0.124460,0.103564,0.669574,0.196762,-5.764064,1.563612,0.005098,0.202775,-0.353665,-0.016527,0.996504,0.081890,0.000000,0.000000,0.000000,-1,0.164429,1.231522,1.151398,0.428971,-5.053954,1.456228,134.383011,249.881256,-729.299377,0,0
3.120000,2.699538,-1.431485,3.099487,0.920906,0.385230,-0.059405,-0.005845,-0.138738,-0.990312,-0.389740,0.912332,-0.125513,-0.739114,-0.128324,0.151920,0.643556,-1.742842,2.700428,1.427652,-0.004610,0.345015,-0.060267,0.059405,0.990312,0.125513,0.000000,0.000000,0.000000,-1,0.124023,1.238861,-0.416794,-1.985951,2.768210,1.431587,132.981369,245.341141,-729.299377,0,0
3.160000,2.721591,-1.335315,3.007595,0.957875,0.270969,-0.095136,-0.031170,-0.231220,-0.972402,-0.285488,0.934405,-0.213034,-0.774940,-0.077360,0.122791,0.615147,-2.149541,2.633422,1.290963,-0.131329,-0.097372,-0.550848,0.095136,0.972402,0.213034,0.000000,0.000000,0.000000,-1,-0.124435,0.607697,-0.145737,-1.983853,2.437089,1.208613,130.528488,242.896454,-728.297363,0,0
3.200000,2.760806,-1.272633,2.972716,0.974875,0.194163,-0.109178,-0.049374,-0.289586,-0.955878,-0.217212,0.937252,-0.272723,-0.796427,-0.045449,0.102455,0.594257,-1.528169,2.205638,0.939272,-0.292756,-0.408469,-0.422198,0.109178,0.955878,0.272723,0.000000,0.000000,0.000000,-1,-0.248199,0.475006,-0.160324,-1.372130,1.928722,0.852075,128.250809,239.229431,-728.130371,0,0
3.240000,2.827596,-1.215428,2.942781,0.989562,0.096012,-0.107464,-0.068719,-0.341082,-0.937518,-0.126667,0.935117,-0.330924,-0.815716,-0.008365,0.071756,0.573924,-0.497575,1.854766,0.261482,-0.402661,-0.497882,-0.531257,0.107464,0.937518,0.330924,0.000000,0.000000,0.000000,-1,-0.305267,0.416260,-0.219223,0.010415,1.692340,0.161379,124.921890,238.007095,-731.303406,0,0
3.280000,2.879049,-1.222367,2.912808,0.995893,0.018563,-0.088612,-0.077432,-0.332525,-0.939910,-0.046913,0.942912,-0.329722,-0.815190,0.018054,0.041562,0.577418,0.698574,1.120948,0.148429,-0.272526,-0.523208,-0.387767,0.088612,0.939910,0.329722,0.000000,0.000000,0.000000,-1,-0.118225,0.418671,0.053818,0.863395,0.794331,0.145393,122.118591,239.404053,-730.969421,0,0
3.320000,2.868589,-1.249314,2.879508,0.996361,-0.002423,-0.085194,-0.081867,-0.305184,-0.948768,-0.023701,0.952290,-0.304271,-0.807127,0.026108,0.033729,0.588835,1.119790,0.361731,0.073817,-0.059620,-0.390815,-0.001735,0.085194,0.948768,0.304271,0.000000,0.000000,0.000000,-1,0.271683,1.130035,1.031494,1.188730,-0.081553,0.042579,121.242569,241.324875,-730.468384,0,0
3.360000,2.831223,-1.284875,2.846087,0.996279,0.003002,-0.086139,-0.082137,-0.269816,-0.959402,-0.026122,0.962907,-0.268566,-0.796031,0.024853,0.035256,0.603717,1.331130,-0.371165,-0.120929,0.185544,0.170633,0.762928,0.086139,0.959402,0.268566,0.000000,0.000000,0.000000,-1,0.345352,1.526443,1.039261,1.394984,-0.074556,-0.242675,120.366531,239.753296,-732.639404,0,0
3.400000,2.817707,-1.335084,2.816480,0.997188,-0.009566,-0.074323,-0.074595,-0.221302,-0.972348,-0.007146,0.975158,-0.221393,-0.781006,0.026940,0.026078,0.623397,0.228656,0.345740,0.026270,0.314699,0.930255,0.686886,0.074323,0.972348,0.221393,0.000000,0.000000,0.000000,-1,0.269958,1.638382,0.633362,-0.149049,0.491068,0.128136,119.315292,239.753296,-733.307434,0,0
3.440000,2.832206,-1.320270,2.804510,0.996473,-0.036662,-0.075484,-0.081994,-0.233962,-0.968782,0.017857,0.971554,-0.236143,-0.785267,0.037776,0.018346,0.617731,-0.884266,1.358851,0.444560,0.172106,0.272093,0.388597,0.075484,0.968782,0.236143,0.000000,0.000000,0.000000,-1,-0.201996,0.487183,0.186066,-0.919631,1.476627,0.551287,117.563232,241.848740,-734.309448,0,1
3.480000,2.809971,-1.298568,2.757047,0.994102,-0.064013,-0.087540,-0.100866,-0.249242,-0.963174,0.039837,0.966323,-0.254228,-0.790185,0.052165,0.015092,0.610457,0.450304,-1.127720,0.180461,-0.422730,-0.307504,-0.130602,0.087540,0.963174,0.254228,0.000000,0.000000,0.000000,-1,-0.474686,0.998199,-0.270630,1.052376,-2.189563,-0.162339,120.892151,240.975632,-736.146484,0,0
3.520000,2.610013,-1.378715,2.713084,0.990819,0.094409,-0.096767,-0.079323,-0.173642,-0.981609,-0.109476,0.980273,-0.164559,-0.763056,-0.004943,0.067571,0.642771,1.186614,-4.516991,-0.382510,-0.687222,0.679463,-0.489998,0.096767,0.981609,0.164559,0.000000,0.000000,0.000000,-1,-0.233429,0.986069,0.454971,0.341312,-4.351025,0.052041,124.746689,243.071075,-735.812500,0,0
3.560000,2.532218,-1.391232,2.719750,0.978700,0.178039,-0.102223,-0.073127,-0.162944,-0.983922,-0.191833,0.970439,-0.146454,-0.756323,-0.034678,0.097199,0.646007,0.255810,-0.542857,-0.770998,-0.335652,0.002147,0.308518,0.102223,0.983922,0.146454,0.000000,0.000000,0.000000,-1,-0.103165,0.643875,-0.581192,0.325716,0.257070,-1.083360,125.797913,243.769562,-737.148499,0,0
3.600000,2.636355,-1.435562,2.834278,0.979140,0.192421,-0.065256,-0.040784,-0.128506,-0.990870,-0.199050,0.972862,-0.117978,-0.745926,-0.050822,0.088583,0.658152,1.283830,-1.251933,-0.645100,-0.046732,-0.407496,-0.729962,0.065256,0.990870,0.117978,0.000000,0.000000,0.000000,-1,0.260529,0.855820,-0.488144,1.673300,-1.700300,-0.538373,126.849152,244.817276,-737.148499,0,0
3.640000,2.505119,-1.531444,2.750849,0.969785,0.242840,-0.023384,-0.014985,-0.036377,-0.999226,-0.243502,0.969384,-0.031639,-0.713758,-0.079808,0.093479,0.689523,1.041546,-0.104832,-1.419904,0.369622,0.411236,-0.591469,0.023384,0.999226,0.031639,0.000000,0.000000,0.000000,-1,0.344528,1.338303,-0.250000,0.533084,0.331919,-1.368932,126.498749,245.166519,-738.484497,0,0
3.680000,-2.531101,-1.545883,-2.314330,0.976466,0.215198,0.014281,0.018336,-0.016862,-0.999690,-0.214890,0.976425,-0.020411,-0.709531,-0.082285,0.070684,0.696275,0.181330,1.874132,-1.004504,0.302336,0.176458,-0.100291,-0.014281,0.999690,0.020411,0.000000,0.000000,0.000000,-1,-0.150574,0.948792,0.319672,0.859837,2.003722,-0.767378,122.469009,247.785812,-737.983521,0,0
3.720000,-0.958161,-1.528084,-0.772342,0.982265,0.184217,0.034934,0.029796,0.030585,-0.999088,-0.185117,0.982410,0.024553,-0.694105,-0.077082,0.054093,0.713688,1.100326,0.084590,-0.244935,-0.059793,-0.062015,0.165102,-0.034934,0.999088,-0.024553,0.000000,0.000000,0.000000,-1,-0.050110,0.878326,-0.096573,0.971185,0.280662,-0.206631,122.118591,248.135056,-739.987549,0,0
3.760000,-0.619460,-1.494436,-0.450469,0.985018,0.166664,0.044291,0.033214,0.068676,-0.997086,-0.169220,0.983619,0.062112,-0.680851,-0.073393,0.045872,0.727291,0.569732,-0.039453,-0.237463,-0.075780,-0.175003,-0.098640,-0.044291,0.997086,-0.062112,0.000000,0.000000,0.000000,-1,-0.102219,0.807220,-0.097565,0.750281,-0.531544,-0.260099,121.943390,248.309677,-741.824585,0,0
3.800000,-0.563483,-1.468028,-0.378505,0.981899,0.181306,0.054796,0.037909,0.095326,-0.994724,-0.185573,0.978796,0.086728,-0.670792,-0.081700,0.048740,0.735519,0.989719,-0.616436,-0.393727,-0.025435,-0.171970,0.006848,-0.054796,0.994724,-0.086728,0.000000,0.000000,0.000000,-1,-0.053055,0.852753,-0.095383,0.977011,-0.549875,-0.466749,121.768188,249.182785,-743.327576,0,0
3.840000,-0.577693,-1.424061,-0.380075,0.978360,0.190885,0.079844,0.054242,0.135776,-0.989254,-0.199674,0.972177,0.122483,-0.655763,-0.093451,0.045683,0.747767,0.833393,-0.143112,-0.784524,0.047160,-0.095073,0.027192,-0.079844,0.989254,-0.122483,0.000000,0.000000,0.000000,-1,0.025391,1.106293,-0.087723,0.784465,-0.141232,-0.863238,121.417770,251.278214,-742.659546,0,0
3.880000,-0.659388,-1.366152,-0.462736,0.975020,0.183948,0.124498,0.090716,0.181847,-0.979133,-0.202749,0.965968,0.160617,-0.638857,-0.107483,0.030621,0.761164,0.802246,0.035881,-0.905189,0.159227,0.134102,0.097980,-0.124498,0.979133,-0.160617,0.000000,0.000000,0.000000,-1,0.064926,1.166962,0.003677,0.828252,0.053867,-0.850773,120.541733,250.055878,-745.832642,0,0
3.920000,-0.652529,-1.320387,-0.468184,0.974510,0.166403,0.150464,0.111824,0.221135,-0.968811,-0.194486,0.960942,0.196890,-0.623796,-0.111506,0.017643,0.773391,1.042238,0.461634,-0.502352,0.221387,0.162888,0.232870,-0.150464,0.968811,-0.196890,0.000000,0.000000,0.000000,-1,0.063339,1.044357,0.026550,1.224817,0.257161,-0.326330,118.964890,249.881256,-746.667603,0,1
3.960000,-0.590567,-1.284993,-0.411314,0.974946,0.157591,0.156987,0.112719,0.258414,-0.959436,-0.191766,0.953093,0.234177,-0.608760,-0.111008,0.014283,0.785420,1.229042,0.076138,-0.223977,0.241673,0.078711,0.220093,-0.156987,0.959436,-0.234177,0.000000,0.000000,0.000000,-1,0.208496,1.182129,0.015594,0.948138,-0.019574,-0.336923,118.439270,251.103592,-747.836670,0,0
4.000000,-0.590877,-1.253728,-0.416861,0.973654,0.147747,0.173691,0.126238,0.285083,-0.950154,-0.189899,0.947047,0.258921,-0.597840,-0.114573,0.006778,0.793356,0.070926,0.049494,-0.302571,0.402832,0.257793,0.298975,-0.173691,0.950154,-0.258921,0.000000,0.000000,0.000000,-1,0.279480,1.257584,0.088516,-0.142204,-0.514367,-0.107802,117.388031,252.151321,-747.502625,0,0
4.040000,-0.698515,-1.287671,-0.471941,0.962802,0.201836,0.179650,0.127001,0.248820,-0.960187,-0.238501,0.947286,0.213932,-0.612383,-0.134245,0.024025,0.778710,-1.792009,-1.788686,0.575105,0.519356,0.484408,0.515064,-0.179650,0.960187,-0.213932,0.000000,0.000000,0.000000,-1,0.261658,1.537354,0.616974,-1.861601,-1.287991,0.836885,118.789673,250.754364,-745.498596,0,0
4.080000,-0.826076,-1.354530,-0.564129,0.956730,0.244488,0.157779,0.114734,0.181335,-0.976705,-0.267404,0.952546,0.145438,-0.638349,-0.140684,0.042933,0.755563,-2.649319,-1.366806,1.234709,0.233539,0.466913,0.933356,-0.157779,0.976705,-0.145438,0.000000,0.000000,0.000000,-1,-0.376389,1.267426,-0.220856,-3.026569,-0.830239,1.382709,120.366531,249.881256,-746.667603,0,0
4.120000,-1.619785,-1.487425,-1.423395,0.977346,0.194621,0.083175,0.082372,0.012231,-0.996527,-0.194962,0.980802,-0.004078,-0.701640,-0.098695,0.039830,0.704539,-3.169817,2.203910,1.190292,-0.317887,0.464121,-0.523411,-0.083175,0.996527,0.004078,0.000000,0.000000,0.000000,-1,-0.371948,1.544296,-0.819016,-2.989453,1.413499,0.896692,118.614471,249.182785,-743.995605,0,0
4.160000,-2.740277,-1.462386,-2.538437,0.978398,0.202361,0.042265,0.061375,-0.089106,-0.994129,-0.197407,0.975249,-0.099601,-0.736055,-0.089578,0.052694,0.668897,-1.449043,-3.125583,1.298559,-0.216707,0.384716,-1.048637,-0.042265,0.994129,0.099601,0.000000,0.000000,0.000000,-1,-0.119431,1.138611,-0.629471,-0.737818,-4.680662,1.534418,120.016129,249.532013,-744.329590,0,0
4.200000,2.983446,-1.453157,-2.955013,0.941370,0.336869,-0.018484,0.021772,-0.115332,-0.993088,-0.336673,0.934461,-0.115904,-0.736988,-0.121658,0.120476,0.653861,-0.207037,-5.042174,1.465842,-0.097601,0.014251,-0.536070,0.018484,0.993088,0.115904,0.000000,0.000000,0.000000,-1,0.039841,1.256058,0.864807,-0.341293,-4.263077,1.437746,125.097092,250.754364,-741.824585,0,0
4.240000,2.638994,-1.384786,3.027877,0.924390,0.370899,-0.089086,-0.020985,-0.183745,-0.982750,-0.380870,0.910314,-0.162069,-0.753360,-0.116118,0.155953,0.628207,-1.798902,2.448956,1.267683,-0.077383,0.271599,0.090250,0.089086,0.982750,0.162069,0.000000,0.000000,0.000000,-1,0.080688,0.945694,-0.332764,-1.959829,2.925950,1.277411,123.520248,250.230499,-741.323547,0,0
