0.000000,-1.678182,0.919934,0.904295,0.555439,-0.573257,0.602383,-0.476210,0.374574,0.795562,-0.681698,-0.728746,-0.064937,0.558077,-0.470126,-0.035531,0.682839,-0.114005,-0.040461,-0.022842,0.008572,0.021682,-0.013713,-0.602383,-0.795562,0.064937,0.000000,0.000000,0.000000,-1,-0.601318,-0.773361,0.049957,-0.107567,-0.152700,-0.018336,154.882111,159.253464,-739.486511,0,0
0.040000,-1.673854,0.921422,0.896149,0.554421,-0.575186,0.601480,-0.472218,0.377701,0.796462,-0.685294,-0.725605,-0.062207,0.556536,-0.470502,-0.037650,0.683724,-0.106644,-0.078644,-0.035513,0.001169,0.013427,-0.013028,-0.601480,-0.796462,0.062207,0.000000,0.000000,0.000000,-1,-0.599518,-0.779709,0.048813,-0.109764,-0.187704,-0.029855,154.882111,159.253464,-739.486511,0,0
0.080000,-1.670217,0.922097,0.890964,0.554249,-0.575679,0.601167,-0.469834,0.379807,0.796870,-0.687068,-0.724114,-0.059966,0.555520,-0.470511,-0.038658,0.684487,-0.041766,-0.000187,-0.041887,0.002915,0.011028,-0.005950,-0.601167,-0.796870,0.059966,0.000000,0.000000,0.000000,-1,-0.596024,-0.789536,0.057739,-0.038503,-0.109260,-0.038440,157.685410,158.554977,-739.486511,0,0
0.120000,-1.667891,0.924279,0.888358,0.555365,-0.576266,0.599573,-0.467493,0.379932,0.798186,-0.687765,-0.723581,-0.058399,0.555390,-0.469832,-0.039698,0.685000,-0.031080,-0.002287,-0.027101,0.003733,0.013961,0.002773,-0.599573,-0.798186,0.058399,0.000000,0.000000,0.000000,-1,-0.597458,-0.780624,0.063217,-0.027834,-0.112425,-0.027906,157.685410,158.554977,-739.486511,0,0
0.160000,-1.666398,0.923177,0.884711,0.553778,-0.576791,0.600534,-0.466784,0.382192,0.797523,-0.689523,-0.721970,-0.057588,0.554341,-0.470638,-0.040133,0.685270,-0.057569,-0.067966,0.009674,-0.008780,0.036643,0.001464,-0.600534,-0.797522,0.057588,0.000000,0.000000,0.000000,-1,-0.609314,-0.760880,0.059052,-0.054309,-0.177037,0.013098,157.510208,158.729599,-740.655518,0,1
0.200000,-1.667152,0.921126,0.881594,0.550504,-0.578273,0.602118,-0.466852,0.384684,0.796283,-0.692094,-0.719457,-0.058197,0.553177,-0.472329,-0.040663,0.685017,-0.055415,-0.126247,0.029080,-0.005243,0.025104,-0.005234,-0.602118,-0.796283,0.058197,0.000000,0.000000,0.000000,-1,-0.599899,-0.775879,0.052948,-0.052155,-0.235319,0.032485,158.211029,158.380356,-740.321533,0,0
0.240000,-1.666479,0.920689,0.875414,0.547186,-0.581014,0.602503,-0.464733,0.387785,0.796019,-0.696140,-0.715573,-0.057826,0.551640,-0.473927,-0.042436,0.685045,-0.084028,-0.098684,0.011165,0.018962,0.006117,-0.014613,-0.602503,-0.796019,0.057826,0.000000,0.000000,0.000000,-1,-0.584152,-0.788498,0.043030,-0.076633,-0.205652,0.019856,158.211029,158.380356,-740.321533,0,0
0.280000,-1.662743,0.919940,0.867304,0.544730,-0.582484,0.603309,-0.462028,0.391927,0.795565,-0.699857,-0.712114,-0.055629,0.549644,-0.475086,-0.043914,0.685753,-0.123392,-0.097624,0.006286,-0.008797,0.033678,-0.011806,-0.603309,-0.795565,0.055629,0.000000,0.000000,0.000000,-1,-0.612106,-0.761887,0.043823,-0.120262,-0.206729,0.009705,157.335007,157.856506,-739.486511,0,0
0.320000,-1.661214,0.917013,0.859859,0.540116,-0.584287,0.605710,-0.460860,0.396873,0.793788,-0.704190,-0.707885,-0.054917,0.547302,-0.477408,-0.044984,0.685943,-0.075548,-0.136833,0.015538,-0.017017,0.035747,-0.002243,-0.605710,-0.793788,0.054917,0.000000,0.000000,0.000000,-1,-0.621170,-0.763123,0.053253,-0.072415,-0.245942,0.018928,158.035828,157.507263,-739.152527,0,0
0.360000,-1.663717,0.913992,0.857235,0.535426,-0.586267,0.607955,-0.461627,0.399649,0.791947,-0.707262,-0.704678,-0.056655,0.545993,-0.479812,-0.045471,0.685277,-0.025566,-0.114571,0.013851,-0.007478,0.019029,-0.001235,-0.607955,-0.791947,0.056655,0.000000,0.000000,0.000000,-1,-0.611191,-0.778580,0.053696,-0.028810,-0.230037,0.019439,158.035828,157.507263,-739.152527,0,0
0.400000,-1.668465,0.912701,0.857261,0.531483,-0.589080,0.608696,-0.462410,0.400306,0.791159,-0.709720,-0.701955,-0.059640,0.545623,-0.481784,-0.046288,0.684132,0.019314,-0.051006,0.008786,0.004555,0.018835,-0.005319,-0.608696,-0.791159,0.059640,0.000000,0.000000,0.000000,-1,-0.604141,-0.772324,0.054321,0.022249,-0.160073,0.012178,158.035828,157.856506,-739.486511,0,0
0.440000,-1.673951,0.912302,0.862815,0.530682,-0.589824,0.608674,-0.464866,0.397937,0.790914,-0.708714,-0.702676,-0.063011,0.546753,-0.482251,-0.045743,0.682936,0.116104,0.001999,0.007476,0.023622,0.009924,0.010063,-0.608674,-0.790914,0.063011,0.000000,0.000000,0.000000,-1,-0.585052,-0.780991,0.073074,0.119034,-0.107063,0.010872,156.458969,160.126556,-738.651489,0,0
0.480000,-1.679537,0.912812,0.870331,0.531400,-0.589964,0.607911,-0.467536,0.394172,0.791226,-0.706416,-0.704678,-0.066366,0.548542,-0.481959,-0.044894,0.681763,0.068305,0.013671,0.016445,0.019548,-0.004291,-0.005835,-0.607911,-0.791226,0.066366,0.000000,0.000000,0.000000,-1,-0.588364,-0.795517,0.060532,0.079737,-0.098569,0.019777,156.458969,160.126556,-738.651489,0,0
0.520000,-1.679688,0.913147,0.871669,0.532238,-0.589490,0.607638,-0.467860,0.393375,0.791431,-0.705571,-0.705519,-0.066430,0.548929,-0.481551,-0.044602,0.681759,0.011928,0.003066,0.012847,0.014834,-0.001812,-0.015938,-0.607638,-0.791431,0.066430,0.000000,0.000000,0.000000,-1,-0.592804,-0.793243,0.050491,0.014864,-0.105996,0.016270,157.510208,157.332642,-738.317505,0,0
0.560000,-1.678828,0.913026,0.871355,0.532603,-0.589003,0.607790,-0.467809,0.393584,0.791357,-0.705329,-0.705809,-0.065917,0.548848,-0.481378,-0.044429,0.681959,0.010089,0.020025,0.008484,0.006273,0.017675,0.000062,-0.607790,-0.791357,0.065917,0.000000,0.000000,0.000000,-1,-0.602722,-0.767776,0.072556,0.010606,-0.092220,0.012000,157.159790,158.729599,-738.317505,0,0
0.600000,-1.681812,0.912083,0.875153,0.532297,-0.588721,0.608332,-0.469874,0.392282,0.790780,-0.704187,-0.706769,-0.067814,0.549506,-0.481612,-0.043609,0.681316,0.050485,0.027429,0.002692,0.018687,0.015222,0.026150,-0.608332,-0.790780,0.067814,0.000000,0.000000,0.000000,-1,-0.583664,-0.781403,0.096695,0.045677,-0.086926,0.007335,157.510208,158.380356,-738.651489,0,0
0.640000,-1.685906,0.912435,0.885974,0.535947,-0.585981,0.607772,-0.473875,0.386999,0.790996,-0.698716,-0.711940,-0.070271,0.552091,-0.479928,-0.041181,0.680565,0.131283,0.119625,-0.019895,0.006897,0.007808,0.001506,-0.607772,-0.790996,0.070271,0.000000,0.000000,0.000000,-1,-0.600876,-0.783188,0.071777,0.133907,0.010580,-0.016416,157.510208,158.729599,-738.317505,0,0
0.680000,-1.687934,0.912459,0.892700,0.538478,-0.583825,0.607610,-0.476452,0.383791,0.791010,-0.695007,-0.715439,-0.071501,0.553667,-0.478752,-0.039463,0.680215,0.116429,0.115395,-0.011202,0.008199,0.008326,0.006578,-0.607610,-0.791010,0.071501,0.000000,0.000000,0.000000,-1,-0.598129,-0.781708,0.084015,0.119052,0.006352,-0.007723,156.634171,158.904221,-739.486511,0,0
0.720000,-1.689921,0.911742,0.899188,0.540541,-0.581476,0.608030,-0.479377,0.381045,0.790571,-0.691385,-0.718812,-0.072776,0.555039,-0.477828,-0.037545,0.679855,0.020187,0.063526,0.013444,0.010923,0.017332,0.022424,-0.608030,-0.790571,0.072776,0.000000,0.000000,0.000000,-1,-0.602707,-0.772873,0.084229,0.031924,-0.039204,0.015781,156.634171,158.904221,-739.486511,0,0
0.760000,-1.686805,0.909694,0.898975,0.541593,-0.578573,0.609861,-0.480562,0.382154,0.789316,-0.689737,-0.720564,-0.071068,0.554641,-0.477396,-0.036004,0.680566,0.001049,0.065645,0.012593,-0.012149,0.024469,-0.007470,-0.609861,-0.789316,0.071068,0.000000,0.000000,0.000000,-1,-0.622009,-0.764847,0.063599,0.003217,-0.043444,0.016116,158.035828,158.554977,-740.154541,0,0
0.800000,-1.685297,0.907978,0.899139,0.541907,-0.576745,0.611312,-0.481684,0.382917,0.788261,-0.688707,-0.721623,-0.070303,0.554368,-0.477314,-0.034902,0.680904,0.004235,0.048684,0.014773,-0.011033,0.030235,0.011057,-0.611312,-0.788261,0.070303,0.000000,0.000000,0.000000,-1,-0.624054,-0.748764,0.085999,0.006401,-0.060404,0.018285,157.685410,159.951935,-739.820557,0,0
0.840000,-1.685076,0.904206,0.900614,0.541098,-0.574349,0.614277,-0.484575,0.384050,0.785934,-0.687314,-0.722931,-0.070507,0.553975,-0.477875,-0.032960,0.680926,0.029815,0.058238,0.027233,-0.010097,0.039062,0.017659,-0.614277,-0.785934,0.070507,0.000000,0.000000,0.000000,-1,-0.623657,-0.753952,0.086807,0.019211,-0.055084,0.030885,156.108551,158.729599,-738.985535,0,0
0.880000,-1.686553,0.902600,0.905929,0.542356,-0.571929,0.615425,-0.487602,0.382247,0.784941,-0.684175,-0.725799,-0.071560,0.554903,-0.477350,-0.030974,0.680633,0.064320,0.072123,0.010800,0.013099,0.003019,-0.005611,-0.615425,-0.784941,0.071560,0.000000,0.000000,0.000000,-1,-0.602325,-0.781921,0.065948,0.065942,-0.037085,0.014333,158.035828,158.904221,-739.152527,0,0
0.920000,-1.684873,0.902453,0.906769,0.543912,-0.570197,0.615659,-0.488013,0.381909,0.784850,-0.682644,-0.727339,-0.070538,0.555100,-0.476586,-0.030168,0.681044,0.009046,0.065769,0.015691,0.007016,0.005858,-0.006619,-0.615659,-0.784850,0.070538,0.000000,0.000000,0.000000,-1,-0.610580,-0.775818,0.065521,0.010670,-0.043440,0.019225,158.035828,157.158020,-739.820557,0,0
0.960000,-1.682309,0.901582,0.906612,0.545149,-0.568084,0.616517,-0.488492,0.382407,0.784309,-0.681314,-0.728729,-0.069036,0.554927,-0.475997,-0.029192,0.681638,0.006946,0.079557,0.019908,0.006150,0.011818,0.004298,-0.616517,-0.784309,0.069036,0.000000,0.000000,0.000000,-1,-0.609192,-0.771301,0.074539,0.003255,-0.034950,0.024587,155.582947,159.951935,-739.486511,0,0
1.000000,-1.679996,0.900988,0.908752,0.547645,-0.565001,0.617137,-0.489676,0.381647,0.783941,-0.678456,-0.731519,-0.067660,0.555351,-0.474779,-0.027603,0.682208,0.023972,0.136791,0.010952,0.017482,0.015722,0.006803,-0.617137,-0.783941,0.067660,0.000000,0.000000,0.000000,-1,-0.606689,-0.766663,0.072281,0.024523,0.020166,0.014531,157.685410,159.951935,-739.486511,0,0
1.040000,-1.675607,0.899207,0.911943,0.551537,-0.559350,0.618817,-0.491995,0.380936,0.782834,-0.673608,-0.736216,-0.065097,0.555810,-0.472889,-0.024645,0.683260,0.034166,0.166718,0.022379,0.006909,0.034497,0.012463,-0.618817,-0.782834,0.065097,0.000000,0.000000,0.000000,-1,-0.615707,-0.749481,0.083679,0.035226,0.057291,0.025946,156.809387,158.729599,-740.321533,0,0
1.080000,-1.675370,0.896080,0.916466,0.552682,-0.555495,0.621263,-0.495652,0.380195,0.780885,-0.669979,-0.739511,-0.065205,0.556258,-0.472419,-0.021894,0.683314,0.036367,0.140232,0.043760,0.000139,0.029038,0.034740,-0.621263,-0.780885,0.065205,0.000000,0.000000,0.000000,-1,-0.625259,-0.741974,0.097961,0.033150,0.028694,0.045245,157.159790,158.729599,-739.653564,0,0
1.120000,-1.675346,0.892022,0.919560,0.552403,-0.552233,0.624411,-0.499342,0.380578,0.778343,-0.667464,-0.741754,-0.065521,0.556180,-0.472677,-0.019352,0.683275,-0.048659,0.017278,0.072918,0.004752,0.015373,0.018616,-0.624411,-0.778343,0.065521,0.000000,0.000000,0.000000,-1,-0.618011,-0.763428,0.078934,-0.031686,-0.079408,0.071977,157.159790,158.729599,-740.655518,0,0
1.160000,-1.670195,0.888489,0.915080,0.551618,-0.549541,0.627473,-0.499809,0.384485,0.776120,-0.667764,-0.741739,-0.062576,0.554461,-0.473139,-0.018167,0.684384,-0.039047,0.046970,0.077997,0.008775,0.004239,-0.009384,-0.627473,-0.776120,0.062576,0.000000,0.000000,0.000000,-1,-0.618698,-0.771881,0.053192,-0.038016,-0.062431,0.081543,157.335007,158.904221,-739.820557,0,0
1.200000,-1.664706,0.886718,0.912457,0.552962,-0.546235,0.629174,-0.499885,0.386635,0.775002,-0.666594,-0.743062,-0.059260,0.553531,-0.472476,-0.016900,0.685627,-0.015226,0.041941,0.040479,0.012384,-0.005821,-0.021083,-0.629174,-0.775002,0.059260,0.000000,0.000000,0.000000,-1,-0.613174,-0.783142,0.037445,-0.008369,-0.058239,0.048222,156.634171,157.507263,-740.488525,0,0
1.240000,-1.661093,0.886136,0.909255,0.553335,-0.545097,0.629833,-0.499001,0.388511,0.774634,-0.666947,-0.742919,-0.057027,0.552687,-0.472282,-0.016788,0.686443,-0.068444,0.020720,0.029458,0.024181,0.003318,-0.012090,-0.629833,-0.774634,0.057027,0.000000,0.000000,0.000000,-1,-0.605652,-0.771317,0.044937,-0.067988,-0.089009,0.033063,157.159790,157.332642,-740.989563,0,0
1.280000,-1.657728,0.886061,0.904931,0.553188,-0.544961,0.630079,-0.497362,0.390700,0.774587,-0.668292,-0.741870,-0.054912,0.551679,-0.472341,-0.017316,0.687200,-0.063188,-0.011102,0.019966,0.023619,0.013356,0.000126,-0.630079,-0.774587,0.054912,0.000000,0.000000,0.000000,-1,-0.606461,-0.761230,0.055038,-0.062732,-0.120830,0.023575,156.984589,160.999664,-740.154541,0,0
1.320000,-1.655776,0.885527,0.900572,0.551853,-0.545715,0.630598,-0.495978,0.393122,0.774249,-0.670421,-0.740034,-0.053718,0.550556,-0.473019,-0.018083,0.687615,-0.055738,-0.056673,0.031787,0.016264,0.007830,-0.008002,-0.630598,-0.774249,0.053718,0.000000,0.000000,0.000000,-1,-0.612320,-0.775497,0.037537,-0.054207,-0.157918,0.036413,156.458969,159.078842,-740.321533,0,0
1.360000,-1.651836,0.887180,0.893674,0.551545,-0.547260,0.629528,-0.492256,0.395731,0.775294,-0.673411,-0.737498,-0.051129,0.549305,-0.473105,-0.019972,0.688503,-0.055349,-0.041754,0.011447,0.031994,-0.013708,-0.027584,-0.629528,-0.775294,0.051129,0.000000,0.000000,0.000000,-1,-0.597534,-0.789001,0.023544,-0.055345,-0.151588,0.015122,155.057327,160.825043,-740.989563,0,0
1.400000,-1.647316,0.889637,0.888944,0.553203,-0.547511,0.627851,-0.488899,0.396853,0.776843,-0.674496,-0.736708,-0.048137,0.548746,-0.472172,-0.021250,0.689550,-0.059634,0.013357,-0.005789,0.030760,-0.011380,-0.023296,-0.627851,-0.776843,0.048137,0.000000,0.000000,0.000000,-1,-0.599869,-0.783768,0.029861,-0.059620,-0.096483,-0.002099,156.809387,158.729599,-740.655518,0,0
1.440000,-1.644075,0.892551,0.886177,0.555291,-0.547811,0.625744,-0.486043,0.396772,0.778675,-0.674844,-0.736529,-0.045936,0.548738,-0.471014,-0.022370,0.690313,-0.007569,0.023949,-0.014936,0.030682,-0.003521,-0.002586,-0.625744,-0.778675,0.045936,0.000000,0.000000,0.000000,-1,-0.598465,-0.782303,0.045578,-0.016054,-0.089073,-0.010058,157.335007,158.205734,-740.488525,0,0
1.480000,-1.645292,0.895533,0.889366,0.557663,-0.548109,0.623369,-0.485500,0.393755,0.780542,-0.673277,-0.737925,-0.046524,0.550098,-0.469738,-0.022681,0.690089,0.057318,0.020783,-0.005016,0.030870,-0.003332,-0.002594,-0.623369,-0.780542,0.046524,0.000000,0.000000,0.000000,-1,-0.592499,-0.783875,0.043930,0.057338,-0.089059,-0.001294,158.035828,159.253464,-740.154541,0,0
1.520000,-1.646052,0.897491,0.891756,0.559409,-0.548101,0.621809,-0.485250,0.391633,0.781765,-0.672007,-0.739059,-0.046883,0.551058,-0.468804,-0.022774,0.689956,0.058785,0.035866,-0.005161,0.031996,-0.005314,-0.010460,-0.621809,-0.781765,0.046883,0.000000,0.000000,0.000000,-1,-0.590546,-0.787476,0.031952,0.058412,-0.074216,-0.001373,155.758148,159.428085,-739.987549,0,0
1.560000,-1.645811,0.899256,0.894154,0.561738,-0.547267,0.620443,-0.485111,0.389603,0.782864,-0.670162,-0.740748,-0.046630,0.551988,-0.467572,-0.022519,0.690056,0.080074,0.042242,0.002010,0.022191,0.001553,-0.017974,-0.620443,-0.782864,0.046630,0.000000,0.000000,0.000000,-1,-0.597687,-0.779404,0.023773,0.074391,-0.069964,0.005878,156.984589,158.205734,-740.488525,0,0
1.600000,-1.646450,0.899235,0.899409,0.564170,-0.544775,0.620430,-0.487165,0.387059,0.782851,-0.666620,-0.743912,-0.047028,0.553204,-0.466347,-0.020874,0.689964,0.086461,0.038018,0.008338,0.010795,0.013549,-0.022537,-0.620430,-0.782851,0.047028,0.000000,0.000000,0.000000,-1,-0.609634,-0.769302,0.024490,0.086107,-0.072075,0.012141,157.335007,159.253464,-739.820557,0,0
1.640000,-1.646820,0.899063,0.901327,0.564884,-0.543901,0.620546,-0.488012,0.386208,0.782744,-0.665395,-0.744993,-0.047267,0.553612,-0.465991,-0.020253,0.689896,0.085386,0.038017,0.006222,0.011293,0.007445,-0.010493,-0.620546,-0.782744,0.047267,0.000000,0.000000,0.000000,-1,-0.609573,-0.774170,0.040680,0.085036,-0.072078,0.010025,156.458969,159.078842,-739.319519,0,0
1.680000,-1.652965,0.898691,0.910465,0.565591,-0.543180,0.620534,-0.491750,0.381911,0.782513,-0.662034,-0.747730,-0.051103,0.555604,-0.465678,-0.018673,0.688549,0.112252,0.024346,0.000604,0.015035,0.007595,0.010710,-0.620534,-0.782513,0.051103,0.000000,0.000000,0.000000,-1,-0.606339,-0.774078,0.062378,0.111588,-0.086927,0.005545,155.232529,158.554977,-739.486511,0,0
1.720000,-1.660091,0.898884,0.920462,0.566409,-0.542933,0.620003,-0.495423,0.376884,0.782633,-0.658587,-0.750454,-0.055511,0.557906,-0.465292,-0.017290,0.686983,0.143040,0.011606,-0.009255,0.017525,0.007212,-0.001464,-0.620003,-0.782633,0.055511,0.000000,0.000000,0.000000,-1,-0.602478,-0.775421,0.054047,0.142370,-0.098605,-0.005379,157.685410,159.253464,-739.486511,0,0
1.760000,-1.665224,0.899290,0.927589,0.567106,-0.542901,0.619394,-0.497842,0.373153,0.782885,-0.656158,-0.752340,-0.058662,0.559601,-0.464949,-0.016424,0.685857,0.146202,0.017954,-0.017830,0.012918,0.008777,-0.003883,-0.619394,-0.782885,0.058662,0.000000,0.000000,0.000000,-1,-0.606552,-0.774918,0.055115,0.145532,-0.092257,-0.013952,157.159790,158.729599,-739.987549,0,0
1.800000,-1.673286,0.900176,0.938708,0.568308,-0.542993,0.618211,-0.501401,0.367185,0.783436,-0.652398,-0.755204,-0.063583,0.562296,-0.464344,-0.015200,0.684089,0.154685,0.025363,-0.025406,0.012132,0.000676,0.005570,-0.618211,-0.783436,0.063583,0.000000,0.000000,0.000000,-1,-0.607224,-0.782333,0.076614,0.152949,-0.088027,-0.021499,156.283768,158.904221,-738.818542,0,0
1.840000,-1.683601,0.901499,0.952205,0.569595,-0.543598,0.616492,-0.505466,0.359783,0.784258,-0.648124,-0.758325,-0.069840,0.565608,-0.463688,-0.013982,0.681825,0.162369,0.030632,-0.028809,0.027869,0.004396,0.020737,-0.616492,-0.784258,0.069840,0.000000,0.000000,0.000000,-1,-0.588623,-0.779861,0.090576,0.161449,-0.079550,-0.024822,157.860626,160.126556,-739.653564,0,0
1.880000,-1.690342,0.902661,0.960765,0.570476,-0.544249,0.615101,-0.507780,0.354920,0.784979,-0.645536,-0.760148,-0.073885,0.567768,-0.463230,-0.013401,0.680351,0.134750,0.013677,-0.019925,0.032750,-0.003336,0.011000,-0.615101,-0.784979,0.073885,0.000000,0.000000,0.000000,-1,-0.580002,-0.792557,0.081863,0.133826,-0.096501,-0.015932,156.108551,159.078842,-738.985535,0,0
1.920000,-1.695183,0.904965,0.967899,0.572403,-0.544663,0.612941,-0.508808,0.350263,0.786403,-0.643016,-0.762009,-0.076637,0.569820,-0.462195,-0.013195,0.679343,0.055041,0.026404,-0.014860,0.027385,-0.006321,-0.000404,-0.612941,-0.786403,0.076637,0.000000,0.000000,0.000000,-1,-0.585800,-0.788208,0.077316,0.060495,-0.084832,-0.010921,155.232529,159.602707,-739.152527,0,0
1.960000,-1.696933,0.906126,0.970877,0.573488,-0.544693,0.611899,-0.509095,0.348230,0.787120,-0.641821,-0.762919,-0.077595,0.570713,-0.461610,-0.013107,0.678993,0.027424,0.024290,-0.008170,0.012870,0.008586,0.006298,-0.611899,-0.787120,0.077595,0.000000,0.000000,0.000000,-1,-0.599030,-0.778534,0.083893,0.026498,-0.085883,-0.004159,158.386230,159.951935,-739.152527,0,0
2.000000,-1.700304,0.906125,0.974776,0.573449,-0.545030,0.611635,-0.510450,0.346243,0.787119,-0.640779,-0.763582,-0.079657,0.571591,-0.461641,-0.012747,0.678239,0.042482,0.000856,-0.012607,0.005633,0.012064,0.018365,-0.611635,-0.787119,0.079658,0.000000,0.000000,0.000000,-1,-0.602844,-0.775055,0.103714,0.036034,-0.107093,-0.008424,155.933350,159.951935,-739.152527,0,0
2.040000,-1.706225,0.905897,0.980913,0.572892,-0.545958,0.611331,-0.512714,0.343204,0.786979,-0.639468,-0.764291,-0.083302,0.572929,-0.461956,-0.012278,0.676904,0.058479,0.012524,-0.004326,0.009234,0.014609,0.017742,-0.611331,-0.786979,0.083302,0.000000,0.000000,0.000000,-1,-0.599899,-0.773270,0.095856,0.058394,-0.098601,-0.001262,157.159790,159.428085,-739.987549,0,0
2.080000,-1.708379,0.905706,0.984127,0.573173,-0.545699,0.611298,-0.513939,0.341637,0.786861,-0.638018,-0.765370,-0.084508,0.573679,-0.461677,-0.011677,0.676469,0.019197,0.019963,0.008836,0.016221,0.004494,-0.009953,-0.611222,-0.786935,0.084508,0.000000,0.000000,0.000000,-1,-0.595001,-0.782440,0.074554,0.018053,-0.090098,0.012972,155.407730,159.777328,-737.983521,0,0
2.120000,-1.706669,0.906464,0.983448,0.574279,-0.545036,0.610852,-0.513211,0.341656,0.787328,-0.637823,-0.765642,-0.083513,0.573615,-0.461218,-0.011755,0.676835,-0.009529,0.011477,0.005995,0.010494,0.003866,-0.000444,-0.610852,-0.787328,0.083513,0.000000,0.000000,0.000000,-1,-0.600357,-0.783463,0.083069,-0.010668,-0.096464,0.010126,156.809387,160.475800,-740.321533,0,0
2.160000,-1.706841,0.906333,0.983986,0.574396,-0.544814,0.610939,-0.513481,0.341436,0.787248,-0.637500,-0.765898,-0.083631,0.573714,-0.461159,-0.011574,0.676794,-0.000812,0.025087,0.000359,0.007241,0.016114,0.015108,-0.610939,-0.787248,0.083631,0.000000,0.000000,0.000000,-1,-0.605103,-0.768280,0.098419,-0.005357,-0.086927,0.006834,156.458969,160.126556,-739.653564,0,0
2.200000,-1.706851,0.905601,0.984978,0.574557,-0.544005,0.611509,-0.514299,0.341246,0.786796,-0.636696,-0.766557,-0.083716,0.573809,-0.461087,-0.010973,0.676773,0.008782,0.018735,0.007730,0.003126,0.016014,0.000986,-0.611509,-0.786796,0.083716,0.000000,0.000000,0.000000,-1,-0.607346,-0.771164,0.079910,0.007417,-0.091160,0.012031,156.283768,159.602707,-738.818542,0,0
2.240000,-1.706237,0.905140,0.984991,0.574720,-0.543371,0.611919,-0.514605,0.341439,0.786512,-0.636301,-0.766921,-0.083389,0.573731,-0.461007,-0.010624,0.676899,0.003466,0.014495,0.008873,0.006100,0.011777,-0.009079,-0.611919,-0.786512,0.083389,0.000000,0.000000,0.000000,-1,-0.604507,-0.774216,0.071854,0.002102,-0.095399,0.013172,157.159790,160.825043,-739.319519,0,0
2.280000,-1.703908,0.904652,0.983693,0.575247,-0.542165,0.612493,-0.514481,0.342320,0.786210,-0.635924,-0.767381,-0.082015,0.573355,-0.460730,-0.010217,0.677413,-0.002920,0.018734,0.006798,0.003118,0.010316,-0.008407,-0.612493,-0.786210,0.082015,0.000000,0.000000,0.000000,-1,-0.608200,-0.773636,0.080597,-0.006410,-0.089043,0.010046,156.634171,160.301178,-738.818542,0,0
2.320000,-1.704583,0.904211,0.984971,0.575286,-0.541799,0.612780,-0.515207,0.341853,0.785938,-0.635301,-0.767848,-0.082475,0.573565,-0.460717,-0.009816,0.677249,0.021648,0.011105,-0.001042,0.007556,0.014636,0.012679,-0.612780,-0.785938,0.082475,0.000000,0.000000,0.000000,-1,-0.603729,-0.774185,0.096039,0.020137,-0.098594,0.003414,155.758148,159.428085,-739.319519,0,0
2.360000,-1.705741,0.904230,0.986557,0.575420,-0.541781,0.612670,-0.515736,0.341027,0.785949,-0.634750,-0.768227,-0.083182,0.573928,-0.460649,-0.009618,0.676991,0.016322,0.011098,-0.004175,0.011321,0.010620,0.002282,-0.612670,-0.785949,0.083182,0.000000,0.000000,0.000000,-1,-0.602249,-0.777359,0.079544,0.014810,-0.098599,0.000282,156.809387,159.078842,-738.985535,0,0
2.400000,-1.704886,0.904650,0.985671,0.575698,-0.541776,0.612414,-0.515159,0.341302,0.786209,-0.634967,-0.768109,-0.082614,0.573805,-0.460494,-0.009826,0.677197,-0.021950,-0.011158,0.001664,0.008654,0.008728,-0.013202,-0.612414,-0.786209,0.082614,0.000000,0.000000,0.000000,-1,-0.606293,-0.777771,0.074081,-0.020271,-0.121916,0.006092,157.685410,160.301178,-740.488525,0,0
2.440000,-1.704005,0.904350,0.983988,0.575192,-0.541966,0.612720,-0.514780,0.342299,0.786023,-0.635732,-0.767531,-0.082106,0.573367,-0.460764,-0.010033,0.677382,-0.012358,-0.004789,0.006849,0.004581,0.012815,0.004702,-0.612720,-0.786023,0.082106,0.000000,0.000000,0.000000,-1,-0.609802,-0.773743,0.086853,-0.013867,-0.114486,0.011307,156.108551,158.729599,-739.319519,0,0
2.480000,-1.703452,0.903748,0.983465,0.574953,-0.541639,0.613234,-0.514995,0.342831,0.785651,-0.635775,-0.767525,-0.081830,0.573139,-0.460898,-0.009832,0.677487,-0.008106,0.004749,0.004634,0.003127,0.016105,-0.005673,-0.613234,-0.785651,0.081830,0.000000,0.000000,0.000000,-1,-0.611206,-0.767792,0.071487,-0.009615,-0.104947,0.009089,156.283768,159.253464,-739.820557,0,0
2.520000,-1.701467,0.902631,0.981202,0.574421,-0.541036,0.614265,-0.514946,0.344483,0.784960,-0.636295,-0.767211,-0.080726,0.572421,-0.461191,-0.009621,0.677897,-0.014492,-0.021748,0.009084,0.001121,0.019365,-0.009270,-0.614265,-0.784960,0.080726,0.000000,0.000000,0.000000,-1,-0.612900,-0.769272,0.075150,-0.017060,-0.129326,0.013536,157.510208,159.777328,-739.653564,0,0
2.560000,-1.701627,0.901778,0.980482,0.573493,-0.541280,0.614916,-0.515254,0.345226,0.784431,-0.636882,-0.766704,-0.080912,0.572097,-0.461694,-0.009599,0.677829,0.003579,-0.014330,0.006727,0.006517,0.013130,-0.002345,-0.614916,-0.784431,0.080912,0.000000,0.000000,0.000000,-1,-0.607376,-0.770523,0.077866,0.002073,-0.124028,0.011174,157.510208,159.777328,-739.653564,0,0
2.600000,-1.702678,0.901339,0.981074,0.572920,-0.541596,0.615171,-0.515744,0.345112,0.784159,-0.637001,-0.766532,-0.081603,0.572148,-0.462005,-0.009538,0.677575,0.008932,-0.012569,0.001105,0.008299,0.016733,-0.002258,-0.615171,-0.784159,0.081603,0.000000,0.000000,0.000000,-1,-0.606873,-0.767426,0.079346,0.008433,-0.121916,0.005776,156.634171,159.951935,-739.486511,0,0
2.640000,-1.703724,0.901073,0.981896,0.572563,-0.541837,0.615292,-0.516201,0.344804,0.783994,-0.636952,-0.766501,-0.082275,0.572283,-0.462200,-0.009462,0.677328,0.017440,-0.009389,0.000997,0.006284,0.013745,0.003876,-0.615292,-0.783994,0.082275,0.000000,0.000000,0.000000,-1,-0.609039,-0.774063,0.084167,0.014814,-0.118735,0.005691,156.634171,159.951935,-739.486511,0,0
2.680000,-1.705496,0.900964,0.983345,0.572164,-0.542328,0.615231,-0.516772,0.344104,0.783926,-0.636848,-0.766468,-0.083376,0.572590,-0.462417,-0.009438,0.676922,0.017427,-0.022114,-0.000009,0.007931,0.005438,-0.003649,-0.615231,-0.783926,0.083376,0.000000,0.000000,0.000000,-1,-0.604324,-0.778259,0.080582,0.015864,-0.131459,0.004673,156.634171,159.951935,-739.820557,0,0
2.720000,-1.708592,0.901490,0.984953,0.571334,-0.543959,0.614561,-0.516981,0.343044,0.784252,-0.637423,-0.765787,-0.085224,0.573043,-0.462854,-0.009974,0.676231,0.019496,-0.058177,-0.008381,0.022200,0.010845,0.015698,-0.614561,-0.784252,0.085224,0.000000,0.000000,0.000000,-1,-0.592361,-0.773407,0.100922,0.013689,-0.164335,-0.001537,156.984589,159.253464,-739.152527,0,0
2.760000,-1.713459,0.901964,0.987524,0.569874,-0.546378,0.613771,-0.517551,0.341509,0.784546,-0.638267,-0.764750,-0.088161,0.573700,-0.463626,-0.010675,0.675134,0.030044,-0.053128,-0.011847,0.023713,0.009980,0.026692,-0.613771,-0.784546,0.088161,0.000000,0.000000,0.000000,-1,-0.587540,-0.777344,0.116394,0.028551,-0.166463,-0.007009,156.984589,159.253464,-739.152527,0,0
2.800000,-1.716775,0.903420,0.989864,0.569783,-0.548070,0.612345,-0.517393,0.339670,0.785448,-0.638476,-0.764358,-0.090030,0.574487,-0.463658,-0.011371,0.674430,0.000325,0.008360,-0.011802,0.014887,-0.001631,-0.004748,-0.612345,-0.785448,0.090030,0.000000,0.000000,0.000000,-1,-0.602966,-0.788635,0.076920,-0.001167,-0.100731,-0.006979,156.984589,159.253464,-739.486511,0,0
2.840000,-1.714447,0.904300,0.987082,0.570196,-0.548174,0.611868,-0.515869,0.340726,0.785993,-0.639340,-0.763814,-0.088505,0.574015,-0.463421,-0.011965,0.674985,-0.064539,-0.026619,-0.006675,0.005117,0.003324,-0.007679,-0.611868,-0.785993,0.088505,0.000000,0.000000,0.000000,-1,-0.606750,-0.782669,0.080826,-0.054336,-0.133592,-0.003053,158.035828,160.301178,-738.818542,0,0
2.880000,-1.711584,0.904609,0.982720,0.569794,-0.548579,0.611879,-0.514176,0.342839,0.786183,-0.641059,-0.762576,-0.086718,0.573078,-0.463617,-0.012730,0.675632,-0.111283,-0.004350,-0.002004,0.003160,0.013402,0.012113,-0.611879,-0.786183,0.086718,0.000000,0.000000,0.000000,-1,-0.610718,-0.773911,0.098557,-0.109582,-0.115559,0.003857,158.035828,160.301178,-738.818542,0,0
2.920000,-1.708499,0.904294,0.976819,0.568377,-0.549481,0.612388,-0.512349,0.346005,0.785989,-0.643775,-0.760494,-0.084865,0.571672,-0.464353,-0.013726,0.676298,-0.096511,-0.026869,0.003137,-0.001275,0.021158,0.017095,-0.612388,-0.785989,0.084865,0.000000,0.000000,0.000000,-1,-0.611679,-0.757080,0.103104,-0.097887,-0.135697,0.008074,156.283768,159.253464,-739.486511,0,0
2.960000,-1.704383,0.902635,0.970391,0.566658,-0.549430,0.614024,-0.511190,0.350028,0.784962,-0.646208,-0.758687,-0.082517,0.569901,-0.465265,-0.014118,0.677157,-0.103906,-0.017315,0.012756,-0.008153,0.018345,-0.005857,-0.614024,-0.784962,0.082517,0.000000,0.000000,0.000000,-1,-0.622177,-0.766617,0.076660,-0.105277,-0.120838,0.018725,157.685410,159.602707,-740.154541,0,0
3.000000,-1.699205,0.902317,0.963269,0.565937,-0.549428,0.614691,-0.508889,0.353802,0.784765,-0.648650,-0.756937,-0.079368,0.568222,-0.465627,-0.014941,0.678301,-0.129474,-0.044889,0.005718,-0.004648,0.008764,-0.028968,-0.614691,-0.784765,0.079368,0.000000,0.000000,0.000000,-1,-0.624542,-0.777695,0.042206,-0.122337,-0.154774,0.012684,156.809387,160.475800,-739.987549,0,0
3.040000,-1.690248,0.903127,0.950578,0.565197,-0.550128,0.614745,-0.503840,0.359862,0.785267,-0.653220,-0.753564,-0.073783,0.565491,-0.465953,-0.017010,0.680308,-0.164607,-0.032187,-0.008843,-0.014527,0.020344,-0.022804,-0.614745,-0.785267,0.073783,0.000000,0.000000,0.000000,-1,-0.628143,-0.760193,0.060593,-0.165979,-0.141017,-0.003916,155.933350,158.904221,-739.152527,0,0
3.080000,-1.686110,0.903221,0.943954,0.564306,-0.550788,0.614972,-0.501386,0.363149,0.785325,-0.655874,-0.751502,-0.071231,0.564001,-0.466389,-0.018130,0.681216,-0.123329,-0.029248,-0.012597,-0.008914,0.037261,0.021796,-0.614825,-0.785537,0.070153,0.000000,0.000000,0.000000,-1,-0.612411,-0.748276,0.091949,-0.112816,-0.132535,-0.004541,156.984589,159.253464,-740.154541,0,0
3.120000,-1.682765,0.904064,0.938178,0.563739,-0.551841,0.614549,-0.498746,0.365646,0.785847,-0.658370,-0.749516,-0.069099,0.562848,-0.466639,-0.019464,0.681961,-0.039332,-0.037724,-0.009230,0.008927,0.029698,0.021599,-0.614549,-0.785847,0.069099,0.000000,0.000000,0.000000,-1,-0.603119,-0.759796,0.085312,-0.050090,-0.142074,-0.003062,156.984589,159.253464,-740.154541,0,0
3.160000,-1.684654,0.904133,0.936807,0.561769,-0.554052,0.614364,-0.498201,0.366298,0.785889,-0.660464,-0.747564,-0.070254,0.562522,-0.467649,-0.020488,0.681508,-0.045728,-0.079069,-0.005780,0.005568,0.012208,-0.004610,-0.614364,-0.785889,0.070254,0.000000,0.000000,0.000000,-1,-0.606689,-0.781326,0.063675,-0.046927,-0.187659,-0.000763,156.634171,158.205734,-740.488525,0,0
3.200000,-1.685024,0.905510,0.931754,0.559395,-0.557662,0.613261,-0.495474,0.368165,0.786740,-0.664517,-0.743954,-0.070358,0.561602,-0.468809,-0.022817,0.681396,-0.091549,-0.097130,-0.029660,0.019755,-0.003268,-0.026183,-0.613261,-0.786740,0.070358,0.000000,0.000000,0.000000,-1,-0.593506,-0.790009,0.044174,-0.087416,-0.211013,-0.019359,157.685410,158.904221,-739.486511,0,0
3.240000,-1.680781,0.906912,0.924928,0.559097,-0.558843,0.612458,-0.492068,0.370875,0.787605,-0.667292,-0.741719,-0.067634,0.560325,-0.468885,-0.024465,0.682338,-0.117281,-0.043253,-0.041419,0.001694,0.016212,-0.040229,-0.612458,-0.787605,0.067634,0.000000,0.000000,0.000000,-1,-0.620377,-0.765976,0.030457,-0.120401,-0.158030,-0.037317,157.685410,158.904221,-739.486511,0,0
3.280000,-1.676731,0.908548,0.917701,0.558559,-0.560488,0.611445,-0.488351,0.373637,0.788611,-0.670466,-0.739086,-0.065017,0.559003,-0.469067,-0.026396,0.683224,-0.072509,-0.043206,-0.010001,-0.014105,0.034125,-0.003417,-0.611445,-0.788612,0.065017,0.000000,0.000000,0.000000,-1,-0.622162,-0.751923,0.071503,-0.073494,-0.151619,-0.004888,157.860626,158.380356,-739.319519,0,0
3.320000,-1.678378,0.907470,0.917639,0.556896,-0.561339,0.612182,-0.489003,0.374184,0.787948,-0.671374,-0.738163,-0.066115,0.558755,-0.469948,-0.026484,0.682819,0.026455,-0.007136,0.005768,0.018615,0.022232,-0.003340,-0.612181,-0.787948,0.066115,0.000000,0.000000,0.000000,-1,-0.593567,-0.765717,0.062775,0.022282,-0.127204,0.014157,157.159790,159.428085,-739.653564,0,0
3.360000,-1.676261,0.907543,0.917864,0.558477,-0.559676,0.612263,-0.489041,0.374039,0.787993,-0.670031,-0.739498,-0.064812,0.558849,-0.469141,-0.025842,0.683320,0.049788,0.097774,-0.030064,0.000538,0.017806,-0.037514,-0.612263,-0.787993,0.064812,0.000000,0.000000,0.000000,-1,-0.628540,-0.780060,0.028656,0.041367,-0.030775,-0.019464,158.211029,159.428085,-739.653564,0,0
3.400000,-1.675996,0.908938,0.925508,0.563597,-0.555707,0.611186,-0.491007,0.369628,0.788851,-0.664282,-0.744691,-0.064535,0.560915,-0.466521,-0.023665,0.683500,0.142126,0.215220,-0.038084,-0.016072,0.019198,-0.022543,-0.611186,-0.788851,0.064535,0.000000,0.000000,0.000000,-1,-0.628006,-0.770279,0.046448,0.141362,0.107034,-0.032889,157.335007,160.999664,-740.154541,0,0
3.440000,-1.669770,0.908809,0.935162,0.572951,-0.545507,0.611677,-0.494634,0.364931,0.788772,-0.653501,-0.754485,-0.060739,0.563196,-0.461714,-0.018565,0.685045,0.114606,0.301123,-0.022211,-0.001696,-0.017975,-0.031213,-0.611677,-0.788772,0.060739,0.000000,0.000000,0.000000,-1,-0.613373,-0.806747,0.029526,0.134050,0.195057,-0.016186,156.809387,159.777328,-738.651489,0,0
3.480000,-1.660223,0.909527,0.935045,0.579455,-0.538607,0.611665,-0.494136,0.364653,0.789213,-0.648121,-0.759559,-0.054845,0.563393,-0.458269,-0.016177,0.687252,-0.095856,0.350952,-0.020116,0.020173,-0.016069,-0.015234,-0.611665,-0.789213,0.054845,0.000000,0.000000,0.000000,-1,-0.602875,-0.793350,0.050888,-0.061563,0.221556,-0.018405,157.335007,158.904221,-739.820557,0,0
3.520000,-1.631821,0.911430,0.924874,0.593269,-0.523573,0.611476,-0.489202,0.368755,0.790381,-0.639307,-0.768044,-0.037362,0.561666,-0.450790,-0.012388,0.693661,-0.056433,0.525867,-0.033042,-0.016286,0.043402,0.054908,-0.611476,-0.790381,0.037362,0.000000,0.000000,0.000000,-1,-0.625916,-0.741821,0.095093,-0.057194,0.417681,-0.027848,157.510208,160.475800,-739.319519,0,0
3.560000,-1.618015,0.911964,0.932527,0.606209,-0.508492,0.611512,-0.491670,0.364749,0.790708,-0.625117,-0.779996,-0.028896,0.563550,-0.443688,-0.006036,0.696789,0.118672,0.400573,-0.044047,-0.018234,0.056653,0.034367,-0.611512,-0.790708,0.028896,0.000000,0.000000,0.000000,-1,-0.629745,-0.734055,0.063263,0.114910,0.301044,-0.038792,155.232529,159.602707,-741.824585,0,0
3.600000,-1.612982,0.912788,0.939576,0.613296,-0.500550,0.610998,-0.493703,0.360889,0.791212,-0.616544,-0.786898,-0.025791,0.565287,-0.439711,-0.002453,0.697924,0.173937,0.291397,-0.027144,-0.032465,0.076261,0.029263,-0.610998,-0.791212,0.025791,0.000000,0.000000,0.000000,-1,-0.640167,-0.717346,0.061676,0.154242,0.216251,-0.022887,157.159790,158.729599,-740.321533,0,0
3.640000,-1.624903,0.909950,0.963406,0.616454,-0.494321,0.612887,-0.504004,0.350303,0.789473,-0.604950,-0.795572,-0.033194,0.569944,-0.437905,0.003482,0.695263,0.402514,0.136650,0.001892,0.014224,0.056959,0.062372,-0.612887,-0.789473,0.033194,0.000000,0.000000,0.000000,-1,-0.583817,-0.739655,0.093903,0.401930,0.028643,0.007142,156.283768,159.253464,-741.490540,0,0
3.680000,-1.649260,0.908797,1.000317,0.619486,-0.490621,0.612804,-0.517353,0.331957,0.788765,-0.590409,-0.805664,-0.048182,0.577865,-0.436077,0.009688,0.689794,0.509954,0.146207,0.014490,0.051448,-0.013725,0.034383,-0.612804,-0.788765,0.048182,0.000000,0.000000,0.000000,-1,-0.561356,-0.802490,0.082565,0.510415,0.029721,0.017642,156.108551,158.380356,-739.987549,0,0
3.720000,-1.662168,0.907067,1.022867,0.622049,-0.486504,0.613489,-0.525871,0.320918,0.787700,-0.580099,-0.812604,-0.056212,0.582525,-0.434477,0.014330,0.686796,0.415236,0.161974,0.022841,0.089578,-0.031758,0.013933,-0.613489,-0.787700,0.056212,0.000000,0.000000,0.000000,-1,-0.520508,-0.828201,0.060974,0.439240,0.061540,0.026792,156.634171,159.602707,-740.822571,0,0
3.760000,-1.671800,0.908400,1.039929,0.625480,-0.484134,0.611874,-0.530363,0.311367,0.788521,-0.572267,-0.817719,-0.062013,0.586542,-0.432406,0.016881,0.684623,0.079190,0.041108,0.026014,0.082226,-0.051567,-0.034074,-0.611874,-0.788521,0.062013,0.000000,0.000000,0.000000,-1,-0.547440,-0.834885,0.014969,0.078741,-0.066745,0.031345,156.458969,159.078842,-739.653564,0,0
3.800000,-1.667122,0.908490,1.034510,0.625586,-0.483728,0.612087,-0.528607,0.314200,0.788576,-0.573774,-0.816875,-0.059143,0.585348,-0.432365,0.016363,0.685683,-0.073976,-0.044766,0.027024,-0.025243,0.025560,-0.015518,-0.612087,-0.788576,0.059143,0.000000,0.000000,0.000000,-1,-0.637329,-0.763016,0.043625,-0.075487,-0.148385,0.030222,156.108551,160.825043,-739.319519,0,0
3.840000,-1.667835,0.907763,1.032665,0.623900,-0.485234,0.612615,-0.528519,0.315469,0.788129,-0.575688,-0.815492,-0.059634,0.584822,-0.433360,0.015786,0.685517,0.006791,-0.085055,0.026316,-0.032985,0.046948,0.004712,-0.612615,-0.788129,0.059634,0.000000,0.000000,0.000000,-1,-0.640213,-0.742111,0.065277,-0.013849,-0.190790,0.031862,156.108551,158.380356,-739.319519,0,0
3.880000,-1.675211,0.904017,1.040865,0.621660,-0.484977,0.615090,-0.533632,0.312615,0.785817,-0.573389,-0.816743,-0.064459,0.585983,-0.434573,0.017791,0.683706,0.173737,0.034654,0.023890,-0.015326,0.046254,-0.015554,-0.615090,-0.785817,0.064459,0.000000,0.000000,0.000000,-1,-0.628021,-0.741714,0.036804,0.173352,-0.073108,0.029267,155.758148,159.428085,-740.655518,0,0
3.920000,-1.682320,0.901054,1.051277,0.621061,-0.483408,0.616928,-0.538877,0.308196,0.783982,-0.569118,-0.819348,-0.069089,0.587783,-0.434806,0.020335,0.681940,0.180007,-0.038515,0.011391,-0.004990,-0.001663,-0.060788,-0.616928,-0.783982,0.069089,0.000000,0.000000,0.000000,-1,-0.621918,-0.785645,0.008301,0.187080,-0.147336,0.019877,155.758148,160.475800,-740.321533,0,0
3.960000,-1.687948,0.900527,1.057889,0.620779,-0.483756,0.616939,-0.541262,0.304829,0.783655,-0.567159,-0.820402,-0.072608,0.589185,-0.434930,0.021122,0.680625,0.101294,0.001743,-0.007070,0.024089,-0.034674,-0.036368,-0.616939,-0.783655,0.072608,0.000000,0.000000,0.000000,-1,-0.583969,-0.824020,0.052094,0.119002,-0.112375,0.003450,155.933350,158.205734,-739.152527,0,0
4.000000,-1.688097,0.903373,1.060209,0.623344,-0.483294,0.614711,-0.540020,0.302481,0.785419,-0.565527,-0.821542,-0.072439,0.590191,-0.433468,0.020834,0.680696,0.002383,0.038826,-0.023174,0.027782,-0.043469,-0.004369,-0.614711,-0.785419,0.072439,0.000000,0.000000,0.000000,-1,-0.588181,-0.832626,0.069473,0.002006,-0.068940,-0.017794,155.232529,159.253464,-739.486511,0,0
4.040000,-1.682449,0.907803,1.054409,0.626104,-0.483614,0.611647,-0.535226,0.303888,0.788153,-0.567034,-0.820835,-0.068577,0.589659,-0.431961,0.018915,0.682168,-0.143345,-0.028027,-0.029817,0.051771,-0.078149,-0.037785,-0.611647,-0.788153,0.068577,0.000000,0.000000,0.000000,-1,-0.559875,-0.866302,0.030792,-0.125629,-0.126198,-0.020384,156.984589,159.951935,-739.486511,0,0
4.080000,-1.675274,0.909638,1.044656,0.626438,-0.484398,0.610683,-0.530985,0.308366,0.789281,-0.570641,-0.818699,-0.064036,0.587815,-0.431846,0.017030,0.683880,-0.242262,0.012229,-0.049119,0.055569,-0.087244,-0.042399,-0.610683,-0.789282,0.064036,0.000000,0.000000,0.000000,-1,-0.545349,-0.853195,0.016312,-0.229883,-0.114566,-0.039498,155.582947,160.650421,-739.486511,0,0
4.120000,-1.647649,0.918221,1.018321,0.634032,-0.481086,0.605442,-0.516895,0.318674,0.794523,-0.575172,-0.816703,-0.046622,0.583519,-0.427570,0.012968,0.690305,-0.470857,0.135173,-0.075887,0.040134,-0.004260,-0.050253,-0.605442,-0.794523,0.046622,0.000000,0.000000,0.000000,-1,-0.588348,-0.792465,-0.028412,-0.471231,0.027452,-0.070454,156.458969,160.126556,-740.321533,0,0
4.160000,-1.602552,0.922261,0.971799,0.639985,-0.475338,0.603715,-0.498861,0.340555,0.796969,-0.584428,-0.811219,-0.019178,0.574153,-0.424190,0.008398,0.700243,-0.660984,0.202019,-0.040053,-0.028227,0.055926,-0.035382,-0.603716,-0.796969,0.019178,0.000000,0.000000,0.000000,-1,-0.631943,-0.741043,-0.016205,-0.649676,0.103828,-0.041175,157.510208,158.729599,-741.323547,0,0
4.200000,-1.572257,0.923636,0.939950,0.643383,-0.471743,0.602923,-0.486878,0.355621,0.797799,-0.590768,-0.806841,-0.000881,0.567592,-0.422232,0.005354,0.706775,-0.602561,0.124627,-0.038220,-0.022916,0.097131,0.014607,-0.602923,-0.797799,0.000881,0.000000,0.000000,0.000000,-1,-0.606857,-0.694763,0.016190,-0.617791,0.044471,-0.031685,156.283768,159.602707,-741.824585,0,0
4.240000,-1.535677,0.922679,0.898961,0.645440,-0.468422,0.603314,-0.472494,0.375749,0.797222,-0.600131,-0.799621,0.021196,0.558680,-0.421044,0.001425,0.714560,-0.525686,0.137476,0.045974,0.068326,0.035976,0.070650,-0.603314,-0.797222,-0.021197,0.000000,0.000000,0.000000,-1,-0.493927,-0.771957,0.036469,-0.526057,0.029754,0.051404,154.531708,158.904221,-741.490540,0,0
4.280000,-1.500046,0.920686,0.884313,0.658968,-0.448593,0.603760,-0.468167,0.383636,0.796017,-0.588711,-0.807210,0.042787,0.555100,-0.412880,0.006777,0.722044,0.150846,0.794755,0.004703,0.149444,0.020505,0.088167,-0.603760,-0.796017,-0.042787,0.000000,0.000000,0.000000,-1,-0.454315,-0.775513,0.045380,0.073948,0.674324,0.018480,156.809387,159.428085,-741.991577,0,0
4.320000,-1.490088,0.921582,0.900437,0.672238,-0.430091,0.602593,-0.473733,0.375594,0.796559,-0.568923,-0.820945,0.048740,0.558548,-0.404542,0.015070,0.723977,0.406999,0.742795,-0.004268,0.083687,0.014699,-0.061657,-0.602593,-0.796559,-0.048740,0.000000,0.000000,0.000000,-1,-0.561020,-0.795151,-0.158844,0.387489,0.637194,0.000299,155.232529,158.205734,-743.160583,0,0
4.360000,-1.480871,0.925206,0.925919,0.689738,-0.406417,0.599239,-0.480839,0.361664,0.798745,-0.541346,-0.839062,0.054033,0.564367,-0.393031,0.025645,0.725506,0.316293,0.476503,-0.045713,-0.020817,-0.037330,-0.118056,-0.599239,-0.798745,-0.054032,0.000000,0.000000,0.000000,-1,-0.597794,-0.878769,-0.165726,0.315897,0.368898,-0.040249,157.335007,158.205734,-743.160583,0,0
4.400000,-1.492330,0.924164,0.949485,0.692594,-0.399419,0.600648,-0.489904,0.350718,0.798117,-0.529441,-0.847031,0.047228,0.568913,-0.390799,0.031291,0.722935,0.257924,-0.037501,0.088088,0.087373,-0.071283,-0.025328,-0.600648,-0.798117,-0.047228,0.000000,0.000000,0.000000,-1,-0.513275,-0.869400,-0.072556,0.268187,-0.087860,0.088920,155.933350,159.253464,-741.156555,0,0
4.440000,-1.510806,0.922440,0.963604,0.687632,-0.404728,0.602791,-0.495936,0.344550,0.797078,-0.530292,-0.847042,0.036205,0.571594,-0.393927,0.031709,0.719095,0.304312,-0.374701,0.052932,0.058983,-0.024822,0.018596,-0.602791,-0.797078,-0.036205,0.000000,0.000000,0.000000,-1,-0.542816,-0.796234,0.010757,0.295493,-0.432456,0.069964,155.057327,159.428085,-742.993591,0,0
4.480000,-1.546906,0.921478,0.984708,0.676593,-0.420520,0.604471,-0.503735,0.334432,0.796496,-0.537097,-0.843397,0.014444,0.576133,-0.401060,0.029235,0.711595,0.269048,-0.382194,0.006551,0.034967,0.041430,0.024850,-0.604471,-0.796496,-0.014444,0.000000,0.000000,0.000000,-1,-0.588531,-0.740616,0.007538,0.268652,-0.489795,0.012014,156.283768,160.301178,-741.824585,0,0
4.520000,-1.578220,0.922959,1.007039,0.670012,-0.432362,0.603447,-0.510080,0.322470,0.797391,-0.539355,-0.842067,-0.004480,0.581382,-0.405259,0.027560,0.704983,0.225343,-0.318648,-0.036867,-0.149758,0.123212,0.004645,-0.603447,-0.797391,0.004480,0.000000,0.000000,0.000000,-1,-0.753204,-0.674179,0.009125,0.283451,-0.363703,-0.036585,156.634171,158.554977,-741.824585,0,0
4.560000,-1.593457,0.921903,1.009439,0.662243,-0.443213,0.604150,-0.511564,0.321693,0.796753,-0.547482,-0.836706,-0.013693,0.581860,-0.410226,0.024348,0.701827,-0.045479,-0.538994,0.085185,-0.165504,0.026307,-0.066824,-0.604150,-0.796753,0.013693,0.000000,0.000000,0.000000,-1,-0.719040,-0.777451,-0.065857,-0.015060,-0.599965,0.076270,154.356491,160.475800,-740.989563,0,0
4.600000,-1.610109,0.914290,1.001156,0.645336,-0.459985,0.609881,-0.513975,0.329181,0.792130,-0.565129,-0.824654,-0.023988,0.578823,-0.420664,0.019329,0.698307,0.043952,-0.244288,0.059480,-0.012525,0.019745,0.052397,-0.609881,-0.792130,0.023988,0.000000,0.000000,0.000000,-1,-0.659393,-0.745117,0.132950,0.043563,-0.351892,0.064931,155.933350,158.554977,-740.822571,0,0
4.640000,-1.634460,0.897560,1.028139,0.635282,-0.457399,0.622256,-0.533945,0.321994,0.781808,-0.557961,-0.828919,-0.039669,0.581583,-0.426140,0.027638,0.692388,0.530151,0.040935,0.082660,-0.168515,0.200249,0.034107,-0.622256,-0.781808,0.039669,0.000000,0.000000,0.000000,-1,-0.790771,-0.581558,0.073776,0.451051,-0.070899,0.084701,156.809387,159.078842,-741.323547,0,0
4.680000,-1.658588,0.894637,1.056071,0.633140,-0.458821,0.623392,-0.544716,0.308080,0.779982,-0.549926,-0.833409,-0.054870,0.587352,-0.427145,0.031270,0.686722,0.534081,-0.190249,0.044303,-0.078604,0.147429,-0.005782,-0.623392,-0.779982,0.054870,0.000000,0.000000,0.000000,-1,-0.701996,-0.632553,0.049088,0.565602,-0.266025,0.052407,156.809387,160.475800,-739.987549,0,0
4.720000,-1.696544,0.890290,1.087224,0.624389,-0.469563,0.624219,-0.557044,0.292537,0.777254,-0.547577,-0.833026,-0.078911,0.593878,-0.432163,0.032263,0.677867,0.386899,-0.438452,-0.028472,0.035626,0.044787,-0.044563,-0.624219,-0.777254,0.078911,0.000000,0.000000,0.000000,-1,-0.605621,-0.743271,0.020966,0.386489,-0.546037,-0.023070,156.984589,160.650421,-740.154541,0,0
4.760000,-1.740867,0.889851,1.111348,0.611301,-0.491283,0.620445,-0.564244,0.279166,0.776978,-0.554924,-0.825050,-0.106549,0.599726,-0.440004,0.027313,0.667817,0.401508,-0.637815,-0.059643,0.001228,0.017594,-0.095517,-0.620445,-0.776978,0.106549,0.000000,0.000000,0.000000,-1,-0.619217,-0.759384,0.011032,0.384086,-0.760245,-0.052924,156.984589,159.951935,-738.818542,0,0
4.800000,-1.776662,0.889207,1.133995,0.602325,-0.506808,0.616725,-0.570874,0.266529,0.776572,-0.557949,-0.819821,-0.128787,0.605100,-0.445250,0.024284,0.659558,0.509894,-0.602861,-0.082270,-0.033361,0.037330,-0.123690,-0.616725,-0.776572,0.128787,0.000000,0.000000,0.000000,-1,-0.664047,-0.716064,0.018723,0.496762,-0.712556,-0.068210,156.984589,159.951935,-737.482483,0,0
4.840000,-1.828994,0.888974,1.163851,0.588319,-0.531613,0.609318,-0.578742,0.249440,0.776426,-0.564746,-0.809424,-0.160916,0.612331,-0.453332,0.018198,0.647465,0.330042,-0.664407,-0.116175,-0.106914,0.138853,-0.095349,-0.609318,-0.776426,0.160916,0.000000,0.000000,0.000000,-1,-0.738022,-0.600342,0.079041,0.329638,-0.771995,-0.110776,156.283768,160.650421,-737.148499,0,0
4.880000,-1.870912,0.889009,1.180125,0.573276,-0.555818,0.602014,-0.582700,0.239979,0.776448,-0.576035,-0.795912,-0.186301,0.616360,-0.461791,0.010537,0.637760,0.166635,-0.583730,-0.046660,-0.142477,0.154728,-0.235343,-0.602014,-0.776448,0.186301,0.000000,0.000000,0.000000,-1,-0.744492,-0.621719,-0.049042,0.172599,-0.727358,-0.036914,157.159790,160.475800,-737.649536,0,0
4.920000,-1.889147,0.889883,1.186389,0.566723,-0.566899,0.597872,-0.583562,0.236070,0.776998,-0.581619,-0.789238,-0.197035,0.617998,-0.465398,0.006575,0.633593,0.094337,-0.410972,-0.082809,-0.125394,0.130697,-0.154981,-0.597872,-0.776998,0.197035,0.000000,0.000000,0.000000,-1,-0.728561,-0.643021,0.090210,0.091840,-0.516425,-0.068887,156.283768,162.047379,-735.478455,0,0
4.960000,-1.912921,0.892581,1.196622,0.560185,-0.580398,0.591043,-0.583994,0.229319,0.778693,-0.587489,-0.781378,-0.210488,0.620756,-0.468941,0.001431,0.628295,-0.005584,-0.260463,-0.108980,-0.101340,0.071586,-0.162529,-0.591043,-0.778693,0.210488,0.000000,0.000000,0.000000,-1,-0.726196,-0.722290,0.007050,-0.005988,-0.368049,-0.103581,158.911850,160.825043,-736.647461,0,0
5.000000,-1.900729,0.897312,1.168805,0.553787,-0.587481,0.590073,-0.573993,0.244029,0.781653,-0.603201,-0.771567,-0.202070,0.614782,-0.472311,-0.005339,0.631614,-0.545304,-0.072299,0.235446,-0.409058,0.173881,-0.064711,-0.590073,-0.781653,0.202070,0.000000,0.000000,0.000000,-1,-0.999130,-0.607773,0.137360,-0.564085,-0.255257,0.175437,158.911850,160.126556,-736.647461,0,0
5.040000,-1.880015,0.891571,1.150272,0.552351,-0.580371,0.598397,-0.573460,0.256452,0.778059,-0.605023,-0.772918,-0.191168,0.609727,-0.473093,-0.002717,0.635931,-0.120381,0.453696,0.317741,-0.432914,0.078566,-0.066397,-0.598397,-0.778059,0.191168,0.000000,0.000000,0.000000,-1,-1.021255,-0.783844,0.072128,-0.192091,0.240094,0.325468,158.911850,160.126556,-736.647461,0,0
5.080000,-1.819855,0.885719,1.143026,0.580599,-0.535611,0.613210,-0.575719,0.262485,0.774370,-0.575719,-0.802635,-0.155963,0.607058,-0.457670,0.015439,0.649446,-0.147909,1.855969,0.060678,-0.363353,-0.144651,-0.220477,-0.613210,-0.774370,0.155963,0.000000,0.000000,0.000000,-1,-0.971725,-0.883820,-0.083786,-0.148313,1.748386,0.066077,157.860626,161.523529,-734.309448,0,0
5.120000,-1.675458,0.885544,1.107273,0.642063,-0.437726,0.629405,-0.566090,0.282957,0.774259,-0.517008,-0.853423,-0.066116,0.596913,-0.420420,0.047074,0.681708,-0.886570,3.045670,0.165567,-0.130772,-0.106661,-0.229919,-0.629405,-0.774259,0.066116,0.000000,0.000000,0.000000,-1,-0.760178,-0.880920,-0.163803,-0.772315,2.864893,0.142376,155.407730,160.825043,-737.983521,0,0
5.160000,-1.545222,0.880308,1.048286,0.680611,-0.362455,0.636706,-0.551930,0.317856,0.770935,-0.481810,-0.876124,0.016287,0.580187,-0.394005,0.066744,0.709710,-1.513804,2.541171,0.280066,0.051608,-0.200348,-0.086298,-0.636706,-0.770935,-0.016287,0.000000,0.000000,0.000000,-1,-0.591736,-1.054932,-0.058868,-1.390994,2.542714,0.232555,155.232529,161.348907,-741.156555,0,0
5.200000,-1.351676,0.859488,0.884016,0.709593,-0.300724,0.637215,-0.504824,0.413924,0.757509,-0.491560,-0.859204,0.141905,0.537067,-0.374976,0.067801,0.752566,-3.342297,0.148833,-0.032565,0.064172,-0.359358,0.092329,-0.637215,-0.757509,-0.141905,0.000000,0.000000,0.000000,-1,-0.572678,-1.075928,0.039154,-3.342702,0.041252,-0.027166,155.232529,161.348907,-741.156555,0,0
5.240000,-1.206978,0.817526,0.699913,0.711309,-0.292220,0.639255,-0.440617,0.523212,0.729456,-0.547627,-0.800535,0.243408,0.485976,-0.376993,0.047136,0.787072,-1.418046,1.342044,0.262084,0.111163,-0.445364,0.658218,-0.639255,-0.729456,-0.243408,0.000000,0.000000,0.000000,-1,-0.528091,-1.174820,0.414810,-1.999292,0.832620,0.257615,155.758148,162.571243,-744.663574,0,0
5.280000,-1.159943,0.807713,0.685191,0.728534,-0.260279,0.633635,-0.437376,0.535158,0.722709,-0.527201,-0.803654,0.276041,0.478888,-0.364206,0.055563,0.796827,-0.225337,1.009189,0.283415,0.217864,-0.147012,0.145990,-0.633635,-0.722709,-0.276041,0.000000,0.000000,0.000000,-1,-0.467484,-0.792358,-0.099442,-0.195163,0.942845,0.212767,155.758148,162.571243,-744.663574,0,0
5.320000,-1.100822,0.767222,0.677237,0.740736,-0.198514,0.641796,-0.451083,0.560978,0.694138,-0.497830,-0.803676,0.325990,0.461998,-0.351515,0.077904,0.810510,-0.449921,1.283808,1.009043,0.089169,0.010529,0.413026,-0.641796,-0.694138,-0.325990,0.000000,0.000000,0.000000,-1,-0.555969,-0.661560,0.013901,-0.450325,1.176231,1.014442,155.232529,162.396622,-748.170654,0,0
5.360000,-1.062403,0.730661,0.689442,0.746420,-0.140171,0.650545,-0.473730,0.574637,0.667362,-0.467373,-0.806315,0.362517,0.449796,-0.341211,0.101809,0.819081,-0.168923,0.745728,0.638201,0.233340,0.141208,0.236251,-0.650545,-0.667362,-0.362517,0.000000,0.000000,0.000000,-1,-0.417206,-0.526154,-0.126266,-0.163763,0.729401,0.690993,153.130051,161.348907,-750.174683,0,0
5.400000,-1.056122,0.716631,0.694868,0.744203,-0.124006,0.656342,-0.482789,0.579194,0.656848,-0.461602,-0.805703,0.371169,0.445489,-0.340522,0.109284,0.820757,-0.034338,0.027462,0.379317,0.301239,0.126437,0.237563,-0.656342,-0.656848,-0.371169,0.000000,0.000000,0.000000,-1,-0.338470,-0.566025,-0.135361,-0.074959,0.022892,0.418764,153.130051,161.348907,-750.174683,0,0
5.440000,-1.086468,0.715690,0.714752,0.732249,-0.133381,0.667848,-0.494614,0.569947,0.656138,-0.468154,-0.810784,0.351371,0.450259,-0.348686,0.110877,0.814489,0.642117,-0.675972,0.030391,0.362718,0.044627,0.145026,-0.667848,-0.656138,-0.351371,0.000000,0.000000,0.000000,-1,-0.299133,-0.631378,-0.246460,0.641690,-0.783432,0.035821,153.305267,162.222000,-749.673706,0,0
5.480000,-1.155995,0.733603,0.761118,0.714450,-0.165718,0.679778,-0.512310,0.537812,0.669550,-0.476549,-0.826617,0.299341,0.468321,-0.361946,0.108488,0.798687,0.708030,-0.826478,0.060128,0.351454,-0.093695,-0.065481,-0.679778,-0.669550,-0.299341,0.000000,0.000000,0.000000,-1,-0.352539,-0.779999,-0.379486,0.812864,-1.003884,0.081732,153.480469,162.745865,-748.504639,0,1
5.520000,-1.178232,0.744858,0.776261,0.711769,-0.178864,0.679259,-0.515082,0.524582,0.677867,-0.477573,-0.832359,0.281252,0.475903,-0.364542,0.105949,0.793348,0.409313,-0.245017,-0.332780,0.270278,-0.035130,-0.153059,-0.679259,-0.677867,-0.281252,0.000000,0.000000,0.000000,-1,-0.489365,-0.628525,-0.386398,0.415383,-0.375745,-0.291150,153.830887,163.444336,-746.500610,0,0
5.560000,-1.192046,0.772349,0.792331,0.721270,-0.192007,0.665509,-0.509981,0.502958,0.697820,-0.468710,-0.842714,0.264849,0.488227,-0.359458,0.100773,0.788840,0.630851,-0.017398,-0.555373,-0.002597,0.021047,-0.103773,-0.665509,-0.697820,-0.264849,0.000000,0.000000,0.000000,-1,-0.736008,-0.694733,-0.367523,0.630430,-0.124860,-0.549945,154.181290,162.745865,-747.502625,0,0
5.600000,-1.203258,0.803018,0.826863,0.737355,-0.190276,0.648154,-0.511049,0.470333,0.719455,-0.441743,-0.861732,0.249561,0.504346,-0.347641,0.102316,0.783781,0.680602,0.608697,-0.175809,-0.215112,-0.047665,-0.251995,-0.648154,-0.719455,-0.249561,0.000000,0.000000,0.000000,-1,-0.863266,-0.767120,-0.501556,0.713883,0.382401,-0.230848,154.356491,162.571243,-746.333618,0,0
5.640000,-1.191022,0.806111,0.847200,0.747698,-0.165897,0.642982,-0.518837,0.458368,0.721600,-0.414434,-0.873142,0.256647,0.508105,-0.336906,0.112451,0.786206,0.124611,0.981577,0.327520,-0.151020,0.191793,-0.188803,-0.642467,-0.719289,-0.264307,0.000000,0.000000,0.000000,-1,-0.793488,-0.527496,-0.453110,0.124189,0.874117,0.332948,153.480469,162.745865,-746.500610,0,0
5.680000,-1.163808,0.794608,0.862695,0.755220,-0.125520,0.643340,-0.532148,0.455642,0.713589,-0.382703,-0.881269,0.277315,0.505535,-0.325233,0.128892,0.788698,0.113648,0.574448,0.323096,-0.103562,0.241268,-0.176405,-0.643341,-0.713589,-0.277315,0.000000,0.000000,0.000000,-1,-0.711670,-0.513779,-0.443359,0.113227,0.466988,0.328524,155.057327,162.920486,-746.667603,0,0
5.720000,-1.154447,0.781805,0.875459,0.753865,-0.102281,0.649019,-0.544891,0.454629,0.704562,-0.367126,-0.884789,0.286997,0.503051,-0.321624,0.140092,0.789856,0.024419,0.248032,0.410650,0.159441,-0.051923,-0.189963,-0.649019,-0.704562,-0.286997,0.000000,0.000000,0.000000,-1,-0.489578,-0.756485,-0.476959,0.025075,0.228550,0.401841,153.655670,162.222000,-746.667603,0,0
5.760000,-1.171828,0.778712,0.884115,0.746794,-0.109885,0.655915,-0.550488,0.451275,0.702363,-0.373177,-0.885594,0.276519,0.504728,-0.327094,0.140045,0.786541,0.331865,-0.973092,-0.138233,0.233689,-0.360946,-0.217759,-0.655915,-0.702363,-0.276519,0.000000,0.000000,0.000000,-1,-0.428558,-1.128067,-0.426605,0.236454,-0.834379,0.002223,153.655670,162.222000,-747.669678,0,0
5.800000,-1.218444,0.792469,0.886700,0.736056,-0.154919,0.658955,-0.544112,0.443701,0.712089,-0.402695,-0.882683,0.242295,0.512362,-0.341083,0.125039,0.778147,-0.391807,-0.317955,-0.178953,0.220555,-0.105614,0.192460,-0.658955,-0.712089,-0.242295,0.000000,0.000000,0.000000,-1,-0.477524,-0.799026,0.190811,-0.392229,-0.425412,-0.173525,154.181290,162.745865,-745.164612,0,0
5.840000,-1.206890,0.804400,0.858850,0.742233,-0.170362,0.648126,-0.525076,0.453098,0.720415,-0.416396,-0.875031,0.246851,0.510461,-0.340593,0.113490,0.781374,0.191329,-0.661533,-0.247675,0.111444,-0.086607,0.375513,-0.648126,-0.720415,-0.246851,0.000000,0.000000,0.000000,-1,-0.536682,-0.807022,0.128662,0.263252,-1.005358,-0.187706,153.130051,162.396622,-746.166626,0,0
5.880000,-1.222434,0.818288,0.868134,0.744206,-0.182914,0.642418,-0.521574,0.441695,0.729977,-0.417275,-0.878321,0.233309,0.517011,-0.340654,0.108867,0.777690,0.686220,-0.430690,-0.441386,-0.136589,-0.125476,0.328615,-0.642418,-0.729977,-0.233309,0.000000,0.000000,0.000000,-1,-0.682251,-0.708725,0.158463,0.566955,-0.477677,-0.393414,155.582947,164.841309,-745.164612,0,0
5.920000,-1.263857,0.839188,0.896323,0.742691,-0.206979,0.636844,-0.521785,0.417199,0.744101,-0.419703,-0.884932,0.201851,0.530010,-0.343750,0.102423,0.768398,0.551896,-0.851188,-0.168887,-0.056256,0.137030,0.206292,-0.636844,-0.744101,-0.201851,0.000000,0.000000,0.000000,-1,-0.677643,-0.615417,0.007599,0.551500,-0.958668,-0.163437,155.758148,161.872757,-743.995605,0,0
5.960000,-1.329687,0.849272,0.923365,0.725559,-0.249278,0.641424,-0.526863,0.398392,0.750800,-0.442696,-0.882692,0.157721,0.540705,-0.358856,0.091884,0.755260,0.243970,-1.196558,0.007324,-0.119548,-0.048242,0.143134,-0.641424,-0.750799,-0.157721,0.000000,0.000000,0.000000,-1,-0.760971,-0.799042,-0.014587,0.294542,-1.275445,-0.010255,154.181290,163.095108,-742.826599,0,0
6.000000,-1.370171,0.850444,0.933224,0.710430,-0.278266,0.646419,-0.530057,0.392654,0.751573,-0.462956,-0.876579,0.131457,0.544592,-0.371068,0.084220,0.747419,0.259032,-0.997229,0.013704,-0.196569,0.015474,0.190005,-0.646418,-0.751573,-0.120130,0.000000,0.000000,0.000000,-1,-0.835709,-0.664215,0.097992,0.350699,-0.788608,0.122021,156.283768,163.793579,-740.154541,0,0
6.040000,-1.415653,0.847866,0.963078,0.696446,-0.296175,0.653639,-0.543130,0.377762,0.749871,-0.469013,-0.877255,0.102229,0.551465,-0.380489,0.083698,0.737638,0.541805,-0.297289,0.144648,-0.012804,0.080452,0.036784,-0.653638,-0.749871,-0.102229,0.000000,0.000000,0.000000,-1,-0.609787,-0.690750,-0.078812,0.541409,-0.404766,0.150098,154.706909,163.269730,-739.653564,0,0
6.080000,-1.467893,0.850002,0.999802,0.684276,-0.317470,0.656490,-0.555285,0.356700,0.751282,-0.472679,-0.878623,0.067795,0.561200,-0.388790,0.081883,0.726080,0.398151,-0.728082,-0.083714,0.190807,-0.019501,0.052932,-0.656490,-0.751282,-0.067795,0.000000,0.000000,0.000000,-1,-0.465683,-0.770782,-0.014862,0.433969,-0.866267,-0.054060,156.984589,163.444336,-739.152527,0,0
6.120000,-1.495115,0.855427,1.015180,0.679349,-0.332783,0.654019,-0.557234,0.345964,0.754851,-0.477468,-0.877248,0.049592,0.566523,-0.392754,0.077910,0.720226,0.357630,-0.334933,-0.208983,-0.072462,0.117214,0.008772,-0.652041,-0.757045,-0.041532,0.000000,0.000000,0.000000,-1,-0.724503,-0.639832,-0.032761,0.407155,-0.442407,-0.203534,156.108551,163.618958,-738.651489,0,0
6.160000,-1.536456,0.850705,1.050286,0.668879,-0.343853,0.659065,-0.572119,0.327961,0.751746,-0.474638,-0.879890,0.022641,0.574081,-0.398886,0.080314,0.710542,0.568470,-0.204428,-0.136847,-0.164422,0.147696,0.099454,-0.659065,-0.751746,-0.022641,0.000000,0.000000,0.000000,-1,-0.814178,-0.610977,0.054108,0.568066,-0.311890,-0.131436,155.933350,163.444336,-738.150513,0,0
6.200000,-1.579708,0.851634,1.102541,0.667323,-0.347500,0.658728,-0.587844,0.297316,0.752358,-0.457295,-0.889296,-0.005870,0.586489,-0.398705,0.085864,0.699780,0.880756,0.224077,-0.018829,-0.014672,-0.004936,0.058339,-0.658728,-0.752358,0.005870,0.000000,0.000000,0.000000,-1,-0.673401,-0.757294,0.064209,0.862303,0.065753,0.004027,156.108551,164.317444,-736.647461,0,0
6.240000,-1.607702,0.852555,1.143414,0.669478,-0.345462,0.657613,-0.598871,0.272760,0.752964,-0.439491,-0.897919,-0.024281,0.596028,-0.396094,0.091490,0.692452,0.916466,-0.064387,-0.076425,0.125722,-0.016887,-0.019871,-0.657613,-0.752964,0.024281,0.000000,0.000000,0.000000,-1,-0.524628,-0.769791,-0.016922,0.908722,-0.108211,-0.056331,156.809387,163.618958,-738.317505,0,0
6.280000,-1.663125,0.856064,1.193939,0.665349,-0.362483,0.652624,-0.609422,0.241193,0.755269,-0.431180,-0.900240,-0.060428,0.609217,-0.398833,0.090872,0.679359,0.569174,-0.635950,-0.144479,0.035528,0.024617,0.012097,-0.652624,-0.755269,0.060428,0.000000,0.000000,0.000000,-1,-0.669556,-0.735535,0.052750,0.568768,-0.743408,-0.139070,157.685410,164.841309,-736.480469,0,0
6.320000,-1.715311,0.860447,1.227890,0.658134,-0.387875,0.645301,-0.614134,0.219252,0.758134,-0.435545,-0.895255,-0.093910,0.619030,-0.404669,0.084712,0.667734,0.421368,-0.571306,-0.163350,-0.050820,0.038270,-0.128410,-0.645301,-0.758134,0.093910,0.000000,0.000000,0.000000,-1,-0.696121,-0.719864,-0.034500,0.454958,-0.673477,-0.166851,155.057327,163.968201,-736.981506,0,0
6.360000,-1.748892,0.861867,1.245196,0.651134,-0.406813,0.640724,-0.616816,0.208247,0.759060,-0.442224,-0.889458,-0.115332,0.624143,-0.410014,0.079509,0.660312,0.241909,-0.747164,-0.069098,-0.107567,0.122722,-0.082007,-0.640724,-0.759060,0.115332,0.000000,0.000000,0.000000,-1,-0.748291,-0.636337,0.033325,0.241507,-0.854622,-0.063692,158.211029,163.968201,-734.643433,0,0
6.400000,-1.775692,0.858896,1.249886,0.639262,-0.426902,0.639609,-0.619923,0.206063,0.757122,-0.455016,-0.880507,-0.132918,0.625723,-0.418246,0.073752,0.654295,0.033586,-0.641271,-0.078993,-0.096964,0.039944,-0.158736,-0.639609,-0.757122,0.132918,0.000000,0.000000,0.000000,-1,-0.704041,-0.727234,-0.017975,0.033169,-0.748619,-0.073575,156.108551,163.618958,-733.975464,0,0
6.440000,-1.776534,0.858659,1.228284,0.629350,-0.441292,0.639672,-0.615496,0.219465,0.756967,-0.474429,-0.870113,-0.133494,0.621164,-0.425326,0.066505,0.654851,-0.314822,-0.348609,-0.051990,-0.066398,0.113916,-0.080179,-0.639672,-0.756967,0.133494,0.000000,0.000000,0.000000,-1,-0.706070,-0.643051,0.053314,-0.313148,-0.486722,-0.052856,158.035828,164.492065,-733.140442,0,0
6.480000,-1.770568,0.859111,1.209971,0.624347,-0.447699,0.640122,-0.611054,0.230579,0.757262,-0.486624,-0.863944,-0.129607,0.617125,-0.428905,0.062183,0.656757,-0.325574,-0.100220,0.148050,-0.245880,0.051757,0.097307,-0.640122,-0.757262,0.129607,0.000000,0.000000,0.000000,-1,-0.886002,-0.705505,0.226913,-0.325979,-0.207576,0.153450,158.035828,164.841309,-732.472412,0,0
6.520000,-1.752896,0.846198,1.189542,0.616130,-0.442090,0.651875,-0.615242,0.246631,0.748766,-0.491794,-0.862398,-0.120036,0.610232,-0.433168,0.065582,0.660061,-0.269865,0.153688,0.491998,-0.291423,-0.150450,0.009496,-0.651875,-0.748766,0.120036,0.000000,0.000000,0.000000,-1,-0.947906,-0.932358,0.093811,-0.270270,0.046332,0.497399,158.211029,163.618958,-732.305420,0,0
6.560000,-1.711309,0.834110,1.168568,0.620041,-0.415977,0.665216,-0.618219,0.263004,0.740699,-0.483068,-0.870512,-0.094091,0.602314,-0.429259,0.075603,0.668759,-0.294006,1.191013,0.079115,-0.055030,-0.090234,-0.245504,-0.665216,-0.740699,0.094091,0.000000,0.000000,0.000000,-1,-0.644241,-0.841919,-0.214371,-0.260282,0.835689,0.163973,157.335007,165.190536,-732.138428,0,1
6.600000,-1.590938,0.837452,1.125548,0.661696,-0.338083,0.669222,-0.604098,0.288280,0.742940,-0.444099,-0.895876,-0.013481,0.588833,-0.400020,0.095580,0.695790,-0.967596,2.364480,-0.037893,0.011568,-0.054118,-0.352242,-0.669222,-0.742940,0.013481,0.000000,0.000000,0.000000,-1,-0.657654,-0.797058,-0.338760,-0.968001,2.257126,-0.032493,156.634171,164.492065,-733.474426,0,0
6.640000,-1.472768,0.837479,1.062911,0.693659,-0.274072,0.666124,-0.584850,0.325519,0.742958,-0.420460,-0.904943,0.065509,0.570664,-0.376282,0.107622,0.721922,-1.815199,2.170406,-0.064905,-0.020094,0.032738,-0.198072,-0.666124,-0.742958,-0.065509,0.000000,0.000000,0.000000,-1,-0.777786,-0.810974,-0.364777,-1.815605,2.063052,-0.059505,157.335007,163.444336,-736.480469,0,0
6.680000,-1.277494,0.805346,0.847808,0.708879,-0.239919,0.663272,-0.519530,0.458417,0.721071,-0.477054,-0.855741,0.200317,0.512383,-0.370547,0.090859,0.769352,-3.887179,-0.571281,-0.027566,0.018161,-0.447310,0.305923,-0.663272,-0.721071,-0.200317,0.000000,0.000000,0.000000,-1,-0.645111,-1.168381,0.105606,-3.854186,-0.145334,-0.014304,156.108551,163.269730,-738.985535,0,0
6.720000,-1.158067,0.766781,0.704072,0.717147,-0.224783,0.659677,-0.466171,0.548906,0.693821,-0.518059,-0.805093,0.288859,0.468877,-0.368409,0.075509,0.799205,-2.016654,2.576982,0.281189,0.291467,-0.374142,0.648966,-0.659677,-0.693821,-0.288859,0.000000,0.000000,0.000000,-1,-0.368210,-1.067963,0.360107,-2.017059,2.469630,0.286589,155.933350,163.095108,-740.488525,0,0
6.760000,-1.078210,0.730729,0.669932,0.735844,-0.167320,0.656154,-0.462401,0.583734,0.667413,-0.494691,-0.794518,0.352168,0.447197,-0.352038,0.090264,0.817274,-0.464908,0.561333,0.846526,-0.117406,-0.228522,-0.204641,-0.656154,-0.667413,-0.352168,0.000000,0.000000,0.000000,-1,-0.811005,-0.831055,-0.243729,-0.465313,0.453982,0.851927,156.283768,161.348907,-742.492554,0,0
6.800000,-1.019086,0.677966,0.664733,0.742034,-0.097102,0.663292,-0.480433,0.613019,0.627210,-0.467514,-0.784079,0.408230,0.424495,-0.340130,0.115301,0.831156,-0.354226,1.086022,0.768478,0.311089,0.205228,0.334271,-0.663292,-0.627210,-0.408230,0.000000,0.000000,0.000000,-1,-0.352203,-0.421982,-0.073959,-0.499815,1.156919,0.862963,154.531708,161.348907,-744.496582,0,0
6.840000,-1.000817,0.661149,0.677234,0.744471,-0.064723,0.664511,-0.494599,0.615099,0.614024,-0.448481,-0.785789,0.425911,0.419077,-0.332357,0.131554,0.834630,0.155117,0.392046,0.366039,0.284864,0.193005,0.301941,-0.665052,-0.612103,-0.427826,0.000000,0.000000,0.000000,-1,-0.380188,-0.419098,-0.125885,0.154712,0.284697,0.371439,153.305267,162.920486,-746.333618,0,0
6.880000,-1.004129,0.655177,0.692384,0.741371,-0.052994,0.668999,-0.506192,0.610347,0.609300,-0.440611,-0.790360,0.425669,0.419927,-0.332906,0.135969,0.833275,0.206066,-0.267660,0.196132,0.241295,0.214067,0.235880,-0.668999,-0.609300,-0.425669,0.000000,0.000000,0.000000,-1,-0.420609,-0.410507,-0.198975,0.205661,-0.375009,0.201532,152.078827,162.745865,-745.832642,0,0
6.920000,-1.054612,0.660745,0.713958,0.722537,-0.080190,0.686666,-0.517012,0.596712,0.613705,-0.458954,-0.798439,0.389687,0.428992,-0.348026,0.132701,0.822942,0.607605,-1.077969,-0.012062,0.375814,0.092419,0.245492,-0.686666,-0.613705,-0.389687,0.000000,0.000000,0.000000,-1,-0.310852,-0.521286,-0.144196,0.531877,-1.157695,0.031274,152.429230,163.095108,-746.166626,0,0
6.960000,-1.130603,0.693769,0.754579,0.706699,-0.129577,0.695547,-0.526643,0.560147,0.639439,-0.472465,-0.818196,0.327615,0.452476,-0.362572,0.123256,0.805367,1.070238,-0.944147,-0.565579,0.397009,0.014256,0.058343,-0.695547,-0.639439,-0.327615,0.000000,0.000000,0.000000,-1,-0.298538,-0.625183,-0.269272,1.069833,-1.051493,-0.560179,152.254028,163.618958,-744.663574,0,0
7.000000,-1.163871,0.725838,0.780226,0.710098,-0.154836,0.686868,-0.526133,0.531604,0.663763,-0.467916,-0.832720,0.296026,0.469699,-0.362450,0.116538,0.796512,0.965462,-0.263937,-0.861080,0.354867,-0.087031,-0.144388,-0.686868,-0.663763,-0.296026,0.000000,0.000000,0.000000,-1,-0.343506,-0.804932,-0.484497,0.965056,-0.371283,-0.855681,152.604431,161.872757,-743.327576,0,1
7.040000,-1.204496,0.784918,0.810291,0.724952,-0.195361,0.660514,-0.512537,0.487634,0.706767,-0.460164,-0.850909,0.253381,0.495968,-0.356826,0.100989,0.785170,1.086350,-0.562950,-0.883401,0.044120,-0.203267,-0.341910,-0.660514,-0.706767,-0.253381,0.000000,0.000000,0.000000,-1,-0.616394,-0.910034,-0.595291,1.039875,-0.796563,-0.946066,152.078827,162.745865,-741.490540,0,0
7.080000,-1.171913,0.793826,0.803032,0.742482,-0.176917,0.646081,-0.504433,0.486950,0.713041,-0.440758,-0.855325,0.272308,0.495788,-0.343569,0.103534,0.790844,-0.990419,1.064217,0.379886,-1.010672,-0.043795,-0.674789,-0.646081,-0.713041,-0.272308,0.000000,0.000000,0.000000,-1,-1.656754,-0.756836,-0.947098,-0.990824,0.956873,0.385286,155.232529,161.348907,-741.490540,0,0
7.120000,-1.137084,0.762410,0.784013,0.740110,-0.147026,0.656216,-0.510652,0.512069,0.690666,-0.437574,-0.846268,0.303908,0.480659,-0.342071,0.113720,0.799388,-0.674419,0.469086,0.848189,-0.272861,0.117027,-0.346757,-0.656216,-0.690666,-0.303908,0.000000,0.000000,0.000000,-1,-0.584412,-0.572159,-0.586212,-0.674824,0.361743,0.853588,155.232529,160.999664,-742.158569,0,0
7.160000,-1.112956,0.728666,0.764634,0.732463,-0.125037,0.669226,-0.516480,0.538386,0.665875,-0.443561,-0.833370,0.329769,0.464841,-0.345020,0.121367,0.806322,-0.698283,0.011234,0.249518,0.258398,-0.148044,-0.080876,-0.669226,-0.665875,-0.329769,0.000000,0.000000,0.000000,-1,-0.477417,-0.929184,-0.387711,-0.691943,-0.059925,0.345096,153.655670,161.523529,-742.325562,0,0
7.200000,-1.088744,0.719993,0.736619,0.735893,-0.121333,0.666138,-0.505056,0.556899,0.659380,-0.450976,-0.821670,0.348538,0.455647,-0.343682,0.118053,0.812608,-0.543284,0.286291,-0.150199,0.072144,-0.491759,-0.237461,-0.666138,-0.659379,-0.348538,0.000000,0.000000,0.000000,-1,-0.593994,-1.151138,-0.585999,-0.543690,0.178949,-0.144799,153.480469,161.348907,-742.826599,0,0
7.240000,-1.055457,0.720070,0.727838,0.749674,-0.100544,0.654125,-0.500113,0.561275,0.659438,-0.433446,-0.821500,0.370490,0.452192,-0.332081,0.122005,0.818755,-0.224076,0.463823,0.164597,-0.192830,0.024764,-0.075311,-0.654125,-0.659438,-0.370490,0.000000,0.000000,0.000000,-1,-0.408997,-0.213806,0.208649,-0.224481,0.356483,0.169996,153.480469,161.348907,-742.826599,0,0
7.280000,-1.103040,0.730803,0.712190,0.730620,-0.156308,0.664652,-0.486616,0.563641,0.667468,-0.478955,-0.811096,0.335746,0.455860,-0.352589,0.101838,0.810865,0.187257,-2.669669,-0.922488,0.841104,-0.326521,0.292091,-0.664652,-0.667468,-0.335746,0.000000,0.000000,0.000000,-1,0.126556,-1.199814,-0.135132,0.104564,-2.563717,-0.790562,152.604431,160.475800,-744.329590,0,0
7.320000,-1.165178,0.791828,0.691985,0.721053,-0.251715,0.645540,-0.448271,0.540947,0.711639,-0.528333,-0.802506,0.277215,0.475103,-0.368334,0.061675,0.796746,1.033621,-1.863479,-1.351369,-0.020277,-0.463547,0.490228,-0.645540,-0.711639,-0.277215,0.000000,0.000000,0.000000,-1,-0.735535,-0.837158,0.431503,1.033216,-1.970818,-1.345969,154.181290,162.396622,-744.496582,0,0
7.360000,-1.239169,0.825215,0.723781,0.703982,-0.304908,0.641436,-0.449251,0.508329,0.734694,-0.550075,-0.805377,0.220874,0.493654,-0.381927,0.046268,0.779934,0.719685,-1.504722,-0.371971,-0.293043,0.308241,0.654071,-0.641436,-0.734694,-0.220874,0.000000,0.000000,0.000000,-1,-1.039322,-0.582916,0.010468,0.719279,-1.612060,-0.366571,155.232529,159.253464,-741.824585,0,0
7.400000,-1.328427,0.832791,0.751221,0.665595,-0.361083,0.653148,-0.459216,0.491730,0.739812,-0.588306,-0.792352,0.161478,0.503087,-0.407633,0.032222,0.761381,0.722839,-1.989739,0.001421,-0.147404,0.031301,0.139505,-0.653148,-0.739812,-0.161478,0.000000,0.000000,0.000000,-1,-0.686691,-0.701904,0.014038,0.615269,-1.948608,0.033924,156.458969,158.380356,-737.315491,0,0
7.440000,-1.437690,0.840568,0.795491,0.620284,-0.422069,0.661140,-0.476405,0.466884,0.745022,-0.623126,-0.777096,0.088525,0.515964,-0.435337,0.018419,0.737512,0.534034,-1.054872,-0.078393,0.126777,-0.050770,0.214304,-0.661140,-0.745022,-0.088525,0.000000,0.000000,0.000000,-1,-0.507965,-0.826797,0.147278,0.533609,-1.162093,-0.072970,156.458969,158.380356,-737.315491,0,0
7.480000,-1.474011,0.844847,0.819719,0.610045,-0.437342,0.660739,-0.485241,0.453026,0.747869,-0.626407,-0.776852,0.064150,0.522702,-0.441257,0.016420,0.729250,0.555031,-0.357149,-0.009441,0.155612,-0.075556,0.139742,-0.660739,-0.747869,-0.064150,0.000000,0.000000,0.000000,-1,-0.574097,-0.755081,-0.125748,0.554606,-0.464370,-0.004017,157.159790,160.825043,-735.311462,0,0
7.520000,-1.518980,0.842553,0.847652,0.593078,-0.454397,0.664666,-0.498989,0.440431,0.746345,-0.631876,-0.774302,0.034471,0.528719,-0.450800,0.015504,0.719024,0.337244,-0.749245,0.114930,-0.035849,0.067008,-0.055693,-0.664667,-0.746345,-0.034471,0.000000,0.000000,0.000000,-1,-0.685104,-0.647659,-0.036804,0.334721,-0.824657,0.121296,157.860626,159.777328,-733.975464,0,0
7.560000,-1.576949,0.843095,0.876879,0.570081,-0.482279,0.665143,-0.511336,0.425402,0.746705,-0.643073,-0.765794,-0.004093,0.535904,-0.463523,0.010296,0.705583,0.585211,-0.748509,-0.102678,-0.011798,0.106935,0.040539,-0.665143,-0.746705,0.004093,0.000000,0.000000,0.000000,-1,-0.677979,-0.646881,0.045990,0.584786,-0.855727,-0.097254,157.860626,159.777328,-733.975464,0,0
7.600000,-1.619971,0.847790,0.913160,0.562674,-0.496675,0.660842,-0.523649,0.404427,0.749820,-0.639679,-0.767953,-0.032523,0.545612,-0.467514,0.009697,0.695445,0.921078,-0.350026,-0.210295,-0.062760,0.064395,-0.018668,-0.660842,-0.749820,0.032523,0.000000,0.000000,0.000000,-1,-0.745789,-0.685699,0.011215,0.920654,-0.457244,-0.204872,159.963089,161.523529,-732.639404,0,0
7.640000,-1.672465,0.853682,0.976570,0.564458,-0.503893,0.653819,-0.544554,0.367952,0.753705,-0.620361,-0.781475,-0.066703,0.561963,-0.466422,0.014885,0.682955,0.790580,-0.250291,-0.158248,-0.046148,0.089032,-0.040672,-0.653819,-0.753705,0.066703,0.000000,0.000000,0.000000,-1,-0.677353,-0.685059,-0.003571,0.855113,-0.242998,-0.148739,158.736649,160.999664,-730.134399,0,0
7.680000,-1.708081,0.856813,1.010632,0.561517,-0.513715,0.648688,-0.554767,0.347938,0.755760,-0.613948,-0.784243,-0.089619,0.570788,-0.467985,0.015216,0.674507,0.585418,-0.288439,-0.141987,0.071646,0.062064,-0.082203,-0.648688,-0.755760,0.089619,0.000000,0.000000,0.000000,-1,-0.570023,-0.707687,-0.016388,0.584993,-0.395654,-0.136563,158.736649,160.999664,-730.134399,0,0
7.720000,-1.750622,0.861393,1.040855,0.553711,-0.531676,0.640878,-0.562036,0.329262,0.758750,-0.614426,-0.780325,-0.116505,0.578998,-0.472243,0.011421,0.664543,0.491516,-0.411521,-0.207412,0.071191,0.037666,-0.072636,-0.640878,-0.758750,0.116505,0.000000,0.000000,0.000000,-1,-0.638321,-0.717560,0.096451,0.491093,-0.518739,-0.201987,161.014328,161.872757,-730.301392,0,0
7.760000,-1.807887,0.866229,1.083992,0.544672,-0.554036,0.629585,-0.572462,0.302998,0.761892,-0.612879,-0.775394,-0.152130,0.590297,-0.477089,0.007076,0.651064,0.500772,-0.664958,-0.238281,-0.073769,0.017400,-0.101013,-0.629585,-0.761892,0.152130,0.000000,0.000000,0.000000,-1,-0.707916,-0.736008,0.054596,0.568347,-0.798690,-0.239869,160.839127,161.348907,-727.796387,0,0
7.800000,-1.826489,0.865399,1.089046,0.535581,-0.565421,0.627258,-0.574546,0.300395,0.761354,-0.618910,-0.768155,-0.163975,0.591431,-0.481868,0.003529,0.646529,0.059186,-0.487669,-0.085279,-0.107498,0.064851,-0.067905,-0.627258,-0.761354,0.163975,0.000000,0.000000,0.000000,-1,-0.763641,-0.688873,0.128387,0.058780,-0.594898,-0.079869,162.240768,162.047379,-728.464355,0,0
7.840000,-1.824946,0.843377,1.075517,0.516538,-0.564789,0.643585,-0.585042,0.316033,0.746893,-0.625231,-0.762323,-0.167182,0.584741,-0.491599,0.007847,0.645250,-0.159724,-0.282633,0.188575,-0.067337,0.079687,-0.066230,-0.643585,-0.746893,0.167182,0.000000,0.000000,0.000000,-1,-0.660782,-0.683670,0.074066,-0.160112,-0.389869,0.193930,162.591187,163.095108,-727.796387,0,0
7.880000,-1.818388,0.837842,1.053575,0.505109,-0.569296,0.648666,-0.581552,0.330832,0.743201,-0.637701,-0.752630,-0.163969,0.578413,-0.497416,0.004739,0.646524,-0.225941,-0.334677,0.121461,0.010711,-0.010110,-0.009809,-0.648665,-0.743201,0.163969,0.000000,0.000000,0.000000,-1,-0.623093,-0.752975,0.165131,-0.231502,-0.400532,0.154344,163.116806,161.872757,-728.631348,0,0
7.920000,-1.814980,0.844235,1.027734,0.496009,-0.581782,0.644597,-0.568730,0.343285,0.747463,-0.656141,-0.737350,-0.160605,0.573003,-0.501966,-0.005037,0.647821,-0.452900,-0.466290,0.017107,-0.009136,-0.054829,-0.080847,-0.644597,-0.747463,0.160605,0.000000,0.000000,0.000000,-1,-0.689331,-0.812515,0.083176,-0.453271,-0.573548,0.022477,162.941589,162.396622,-727.462341,0,0
7.960000,-1.809263,0.848069,1.003427,0.487649,-0.590860,0.642715,-0.557798,0.355464,0.750005,-0.671610,-0.724244,-0.156239,0.567544,-0.505978,-0.012728,0.649399,-0.537958,-0.422838,0.007212,-0.199921,-0.124843,-0.006962,-0.642715,-0.750005,0.156239,0.000000,0.000000,0.000000,-1,-0.987030,-0.893585,0.093719,-0.538329,-0.530096,0.012581,164.343246,161.348907,-726.794373,0,1
8.000000,-1.781273,0.843679,0.967553,0.483127,-0.586536,0.650049,-0.547396,0.377106,0.747094,-0.683335,-0.716775,-0.138877,0.557875,-0.508148,-0.014916,0.656002,-0.521324,0.845483,0.212984,-0.459372,-0.058906,-0.229194,-0.650049,-0.747094,0.138877,0.000000,0.000000,0.000000,-1,-1.093170,-0.801270,-0.060532,-0.494141,0.467921,0.250117,162.415970,161.174286,-727.629395,0,0
8.040000,-1.662200,0.843239,0.928519,0.540816,-0.518570,0.662271,-0.532526,0.398377,0.746801,-0.651102,-0.756559,-0.060703,0.548439,-0.479130,0.005091,0.685290,-0.832976,2.714423,0.075020,-0.143240,-0.041102,-0.231846,-0.662271,-0.746801,0.060703,0.000000,0.000000,0.000000,-1,-0.687119,-0.782608,-0.231079,-0.833347,2.607167,0.080389,161.014328,161.523529,-728.631348,0,0
8.080000,-1.529813,0.839980,0.875589,0.597581,-0.445105,0.666917,-0.512570,0.427550,0.744630,-0.616579,-0.786818,0.027348,0.534482,-0.447946,0.023546,0.716324,-1.341566,3.080344,0.178963,0.102510,-0.030013,-0.145565,-0.666917,-0.744630,-0.027348,0.000000,0.000000,0.000000,-1,-0.527405,-0.865067,-0.175842,-1.341937,2.973088,0.184332,159.262268,160.126556,-731.303406,0,0
8.120000,-1.319100,0.821304,0.718158,0.654038,-0.369995,0.659801,-0.448273,0.513007,0.732035,-0.609332,-0.774550,0.169667,0.492789,-0.415121,0.025604,0.764315,-3.195355,0.895831,-0.117307,0.133449,-0.230734,0.340261,-0.659801,-0.732035,-0.169667,0.000000,0.000000,0.000000,-1,-0.547546,-0.917694,0.395065,-3.142248,1.092892,-0.089435,157.510208,156.983398,-733.975464,0,0
8.160000,-1.181428,0.772065,0.525805,0.652259,-0.367691,0.662843,-0.359604,0.619691,0.697616,-0.667265,-0.693387,0.271976,0.436060,-0.416970,-0.002535,0.797485,-2.483776,0.741649,0.280822,-0.116484,-0.374329,0.653766,-0.662843,-0.697616,-0.271976,0.000000,0.000000,0.000000,-1,-0.779327,-1.071945,0.381790,-2.484147,0.634395,0.286192,157.860626,155.935684,-737.649536,0,0
8.200000,-1.128968,0.751788,0.498490,0.670719,-0.337802,0.660323,-0.349237,0.641575,0.682946,-0.654347,-0.688674,0.312343,0.423320,-0.405744,0.003529,0.810037,-0.234921,1.065470,0.559861,-0.094041,-0.244834,-0.076145,-0.660323,-0.682946,-0.312343,0.000000,0.000000,0.000000,-1,-0.705307,-0.863113,0.127579,-0.235291,0.958216,0.565230,157.159790,155.586441,-739.319519,0,0
8.240000,-1.080906,0.690313,0.510537,0.685091,-0.260311,0.680359,-0.376769,0.672724,0.636779,-0.623455,-0.692590,0.362800,0.402978,-0.395232,0.035303,0.824714,-0.246920,1.242563,1.292095,0.130234,0.091796,0.389305,-0.680359,-0.636779,-0.362800,0.000000,0.000000,0.000000,-1,-0.503006,-0.523895,-0.075241,-0.402024,1.183199,1.418091,154.531708,156.459549,-741.490540,0,0
8.280000,-1.054253,0.657177,0.543696,0.697444,-0.199104,0.688426,-0.409559,0.677556,0.610884,-0.588076,-0.708008,0.391012,0.396508,-0.383764,0.063271,0.831567,0.248110,0.837739,0.699167,0.148326,0.098967,0.315497,-0.688426,-0.610884,-0.391012,0.000000,0.000000,0.000000,-1,-0.542572,-0.476120,-0.096298,0.247739,0.730488,0.704536,153.305267,155.586441,-742.325562,0,0
8.320000,-1.052727,0.646370,0.563249,0.698093,-0.178020,0.693523,-0.426228,0.674961,0.602293,-0.575322,-0.716056,0.395309,0.396176,-0.381300,0.074589,0.831920,0.353153,0.186462,0.493523,0.229244,0.112928,0.325851,-0.693523,-0.602293,-0.395309,0.000000,0.000000,0.000000,-1,-0.306488,-0.581879,-0.050949,0.352783,0.079211,0.498893,153.480469,157.856506,-741.490540,0,0
8.360000,-1.087119,0.647700,0.599774,0.685372,-0.178423,0.705996,-0.450139,0.658285,0.603354,-0.572398,-0.731318,0.370856,0.405041,-0.387962,0.082459,0.823789,0.746771,-0.633577,0.159942,0.531344,-0.015344,0.289847,-0.705996,-0.603354,-0.370856,0.000000,0.000000,0.000000,-1,-0.127121,-0.590622,-0.148499,0.713608,-0.649611,0.190790,151.202789,157.681885,-741.657593,0,0
8.400000,-1.159309,0.665770,0.642814,0.659495,-0.213355,0.720795,-0.471432,0.629477,0.617665,-0.585506,-0.747153,0.314555,0.422925,-0.404792,0.079972,0.806773,0.848995,-1.188684,-0.250338,0.601135,0.046330,0.084803,-0.720795,-0.617665,-0.314555,0.000000,0.000000,0.000000,-1,-0.227814,-0.644058,-0.279129,0.848624,-1.295933,-0.244969,154.181290,157.856506,-740.822571,0,0
8.440000,-1.203849,0.686101,0.664176,0.647017,-0.244495,0.722213,-0.476930,0.609248,0.633525,-0.594901,-0.754347,0.277587,0.435942,-0.413716,0.073010,0.795904,0.748260,-0.920978,-0.522771,0.340743,-0.071004,-0.008012,-0.722213,-0.633525,-0.277587,0.000000,0.000000,0.000000,-1,-0.460770,-0.774902,-0.264450,0.747869,-1.028110,-0.517379,152.954849,159.078842,-738.317505,0,0
8.480000,-1.249606,0.736325,0.699571,0.651848,-0.284280,0.703050,-0.477085,0.566908,0.671570,-0.589478,-0.773176,0.233912,0.461256,-0.412658,0.061556,0.783050,1.143835,-0.061802,-0.962878,0.121766,-0.251022,-0.054769,-0.703050,-0.671570,-0.233912,0.000000,0.000000,0.000000,-1,-0.735657,-0.911407,-0.329529,1.105769,-0.340820,-1.045647,154.356491,158.729599,-737.315491,0,1
8.520000,-1.218926,0.753266,0.735213,0.686321,-0.245073,0.684765,-0.489281,0.541031,0.684025,-0.538115,-0.804503,0.251411,0.472726,-0.388362,0.077555,0.787204,-0.196245,1.610280,0.549507,-0.790425,-0.151424,-0.568261,-0.684765,-0.684025,-0.251411,0.000000,0.000000,0.000000,-1,-1.526611,-0.719528,-0.928558,-0.196636,1.503150,0.554899,155.057327,157.681885,-736.313477,0,0
8.560000,-1.182880,0.721371,0.723736,0.688271,-0.207624,0.695108,-0.497238,0.562678,0.660415,-0.528240,-0.800179,0.284036,0.458682,-0.384178,0.090950,0.796082,-0.736775,0.527319,0.939036,-0.431890,0.136794,-0.387534,-0.695108,-0.660415,-0.284036,0.000000,0.000000,0.000000,-1,-0.800980,-0.419861,-0.437134,-0.737165,0.420190,0.944428,154.531708,156.459549,-736.480469,0,0
8.600000,-1.174171,0.686890,0.707836,0.673807,-0.193222,0.713197,-0.502742,0.587471,0.634135,-0.541511,-0.785839,0.298701,0.443744,-0.392098,0.096726,0.799997,-0.390497,-0.180597,0.433148,0.130860,0.065425,-0.011983,-0.713197,-0.634135,-0.298701,0.000000,0.000000,0.000000,-1,-0.586853,-0.661957,-0.258408,-0.432371,-0.362985,0.448910,152.954849,158.729599,-737.649536,0,0
8.640000,-1.148081,0.676623,0.701496,0.681904,-0.171459,0.711062,-0.503183,0.595589,0.626164,-0.530862,-0.784778,0.319859,0.437737,-0.385300,0.102916,0.805815,0.006055,0.472502,-0.270905,-0.105070,-0.397182,-0.018703,-0.711062,-0.626164,-0.319859,0.000000,0.000000,0.000000,-1,-0.717087,-1.046417,-0.465744,0.005664,0.365374,-0.265513,151.903610,157.332642,-738.317505,0,0
8.680000,-1.155563,0.693949,0.708955,0.687207,-0.181581,0.703402,-0.500472,0.583496,0.639578,-0.526567,-0.791556,0.310107,0.445422,-0.382813,0.099251,0.803245,0.455684,-0.037759,-0.474601,0.258868,-0.226618,-0.066816,-0.703402,-0.639578,-0.310107,0.000000,0.000000,0.000000,-1,-0.508347,-0.652130,-0.281021,0.455293,-0.144886,-0.469209,151.553207,158.380356,-738.317505,0,0
8.720000,-1.149251,0.700889,0.678313,0.687829,-0.201432,0.697363,-0.479564,0.595085,0.644897,-0.544893,-0.778010,0.312717,0.441596,-0.385532,0.086318,0.805548,-0.545045,-1.051563,-0.623871,0.231223,-0.011582,0.545948,-0.697363,-0.644897,-0.312717,0.000000,0.000000,0.000000,-1,-0.234573,-0.873993,0.117996,-0.641535,-0.948574,-0.488595,152.604431,156.284927,-739.987549,0,0
8.760000,-1.239895,0.738018,0.671036,0.650115,-0.296334,0.699669,-0.460008,0.579398,0.672823,-0.604767,-0.759265,0.240359,0.455620,-0.415007,0.052073,0.785791,0.280832,-0.976809,-0.979020,0.673531,-0.703734,0.064212,-0.699669,-0.672823,-0.240359,0.000000,0.000000,0.000000,-1,-0.236160,-1.260345,0.059372,0.280441,-1.083934,-0.973628,154.181290,156.110306,-737.148499,0,0
8.800000,-1.289191,0.766009,0.688245,0.637642,-0.337844,0.692296,-0.457765,0.556629,0.693264,-0.619567,-0.758964,0.200277,0.469238,-0.423884,0.038748,0.773716,1.148253,-1.887924,-0.544089,0.123006,-0.066608,0.700292,-0.692296,-0.693264,-0.200277,0.000000,0.000000,0.000000,-1,-0.763626,-0.483383,0.637375,1.147862,-1.995048,-0.538698,155.933350,155.761063,-734.142456,0,0
8.840000,-1.362805,0.795266,0.706969,0.610808,-0.397090,0.685006,-0.454734,0.532306,0.714050,-0.648175,-0.747643,0.144566,0.483202,-0.440719,0.019056,0.756254,-0.336317,-0.337697,-0.395376,-0.400581,0.159836,0.189686,-0.685006,-0.714050,-0.144566,0.000000,0.000000,0.000000,-1,-1.156998,-0.630768,-0.137192,-0.281739,-0.543515,-0.453968,156.458969,156.634155,-732.639404,0,0
8.880000,-1.412330,0.804189,0.730643,0.592172,-0.424385,0.685004,-0.462937,0.516626,0.720269,-0.659562,-0.743636,0.109468,0.491446,-0.451383,0.012942,0.744692,0.959305,-0.791039,-0.123598,-0.114862,0.010094,-0.007704,-0.685004,-0.720268,-0.109468,0.000000,0.000000,0.000000,-1,-0.607361,-0.745300,-0.066208,0.958914,-0.898161,-0.118206,156.108551,154.887955,-734.977478,0,0
8.920000,-1.462743,0.811711,0.765923,0.577689,-0.445067,0.684244,-0.477102,0.496057,0.725466,-0.662306,-0.745548,0.074224,0.501848,-0.459387,0.010929,0.732798,0.683984,-0.966968,-0.076156,0.173456,-0.102415,0.138250,-0.684244,-0.725466,-0.074224,0.000000,0.000000,0.000000,-1,-0.531586,-0.802551,0.127808,0.683593,-1.074089,-0.070765,158.386230,155.761063,-732.138428,0,0
8.960000,-1.505404,0.810653,0.796819,0.562854,-0.458766,0.687553,-0.492747,0.481619,0.724737,-0.663623,-0.746711,0.045025,0.508972,-0.467370,0.011754,0.722755,0.376158,0.088235,0.122453,0.095558,0.025427,0.248089,-0.687553,-0.724737,-0.045025,0.000000,0.000000,0.000000,-1,-0.620682,-0.657730,0.023529,0.376785,-0.036922,0.119405,158.911850,156.284927,-729.967407,0,0
9.000000,-1.538988,0.810111,0.817075,0.549665,-0.472284,0.689069,-0.502687,0.471808,0.724364,-0.667213,-0.744544,0.021925,0.513793,-0.474399,0.010634,0.714737,0.589307,-1.076161,-0.068238,0.076856,0.060073,-0.182008,-0.689069,-0.724364,-0.021925,0.000000,0.000000,0.000000,-1,-0.599884,-0.740509,-0.011780,0.522163,-1.129137,-0.013424,157.159790,157.681885,-729.967407,0,0
9.040000,-1.600673,0.819430,0.879080,0.543489,-0.488919,0.682333,-0.525735,0.435427,0.730757,-0.654387,-0.755884,-0.020392,0.531143,-0.477580,0.013153,0.699736,0.870808,-0.304658,-0.290757,0.089224,-0.020433,-0.052115,-0.682333,-0.730757,0.020392,0.000000,0.000000,0.000000,-1,-0.593109,-0.751190,-0.031723,0.900299,-0.344958,-0.268977,159.087067,158.904221,-729.800415,0,0
9.080000,-1.648640,0.831118,0.914333,0.535921,-0.511071,0.672009,-0.533952,0.411386,0.738686,-0.653975,-0.754698,-0.052417,0.542437,-0.481633,0.008311,0.688275,0.445252,-0.578229,-0.310361,-0.001865,0.064934,-0.083301,-0.672009,-0.738686,0.052417,0.000000,0.000000,0.000000,-1,-0.673874,-0.673752,-0.030884,0.446953,-0.716098,-0.308045,158.736649,156.110306,-728.464355,0,0
9.120000,-1.704775,0.841914,0.946836,0.521898,-0.540309,0.660068,-0.540536,0.389135,0.745919,-0.659882,-0.746084,-0.088968,0.552660,-0.488929,0.000084,0.674919,0.455805,-0.751023,-0.295869,-0.001202,0.065759,-0.150934,-0.660068,-0.745919,0.088968,0.000000,0.000000,0.000000,-1,-0.661270,-0.680161,-0.061966,0.455415,-0.858140,-0.290478,162.065567,156.983398,-726.293335,0,0
9.160000,-1.741694,0.850685,0.964910,0.512069,-0.561663,0.649862,-0.542081,0.375561,0.751732,-0.666283,-0.737216,-0.112154,0.558718,-0.493874,-0.007348,0.666235,0.233631,-0.696961,-0.298983,-0.076258,0.084084,-0.047579,-0.649862,-0.751732,0.112154,0.000000,0.000000,0.000000,-1,-0.726120,-0.667648,0.064575,0.225855,-0.765899,-0.286237,162.240768,156.459549,-726.126343,0,0
9.200000,-1.790132,0.857763,0.995265,0.500903,-0.584350,0.638460,-0.548753,0.356031,0.756381,-0.669303,-0.729230,-0.142327,0.567274,-0.499363,-0.013593,0.654715,0.528726,-0.528198,-0.175351,-0.173476,0.088107,-0.049187,-0.638460,-0.756381,0.142327,0.000000,0.000000,0.000000,-1,-0.805023,-0.680481,0.073990,0.555800,-0.684139,-0.207272,163.642410,157.507263,-725.792358,0,0
9.240000,-1.811853,0.856960,1.010486,0.494893,-0.592309,0.635807,-0.554622,0.347960,0.755856,-0.668935,-0.726701,-0.156305,0.570797,-0.502337,-0.014510,0.649336,0.179953,-0.193935,0.025900,-0.136211,0.034039,-0.054330,-0.635807,-0.755856,0.156305,0.000000,0.000000,0.000000,-1,-0.735886,-0.724533,0.122391,0.218777,-0.388009,0.016359,162.591187,158.904221,-725.124329,0,0
9.280000,-1.820741,0.850939,0.994988,0.476375,-0.604163,0.638791,-0.552971,0.358985,0.751900,-0.683586,-0.711419,-0.163073,0.565788,-0.511293,-0.019793,0.646585,-0.365933,-0.420526,0.228664,0.004880,0.035683,-0.045046,-0.638791,-0.751900,0.163073,0.000000,0.000000,0.000000,-1,-0.633911,-0.716217,0.118027,-0.342930,-0.584872,0.246820,161.189529,158.205734,-724.122314,0,0
9.320000,-1.818162,0.847834,0.974864,0.464274,-0.610710,0.641470,-0.547564,0.371348,0.749849,-0.696149,-0.699381,-0.161995,0.560116,-0.516979,-0.024405,0.646844,-0.222879,-0.343343,0.086328,0.001592,-0.002531,0.020530,-0.641470,-0.749849,0.161995,0.000000,0.000000,0.000000,-1,-0.673462,-0.791626,0.186996,-0.247605,-0.437690,0.120650,163.116806,156.284927,-724.957336,0,0
9.360000,-1.822718,0.849373,0.966537,0.456780,-0.618268,0.639607,-0.543503,0.375239,0.750867,-0.704242,-0.690609,-0.164628,0.558160,-0.520357,-0.028950,0.645637,-0.252014,-0.431486,-0.009752,-0.147350,-0.186130,-0.035219,-0.639607,-0.750867,0.164628,0.000000,0.000000,0.000000,-1,-0.828125,-0.909866,0.085983,-0.197176,-0.467608,-0.034010,163.992828,158.904221,-724.790283,0,1
9.400000,-1.798324,0.850475,0.927044,0.450281,-0.619902,0.642626,-0.527602,0.395908,0.751594,-0.720335,-0.677479,-0.148791,0.548444,-0.523072,-0.035423,0.651421,-0.424326,0.718879,0.016740,-0.429136,-0.036996,-0.141803,-0.642626,-0.751594,0.148791,0.000000,0.000000,0.000000,-1,-1.071762,-0.788589,0.006989,-0.485295,0.362703,0.079236,163.992828,158.904221,-724.790283,0,0
9.440000,-1.717746,0.851421,0.905374,0.494960,-0.574590,0.651814,-0.518340,0.406809,0.752217,-0.697380,-0.710178,-0.096479,0.544204,-0.502078,-0.020933,0.671805,-0.490696,2.315733,0.134720,-0.340481,0.003529,-0.189359,-0.651814,-0.752217,0.096479,0.000000,0.000000,0.000000,-1,-0.923035,-0.769501,-0.146545,-0.436043,1.997611,0.119182,162.766388,156.284927,-724.957336,0,0
9.480000,-1.583099,0.843973,0.862480,0.559488,-0.495460,0.664449,-0.504659,0.432294,0.747289,-0.657489,-0.753420,-0.008175,0.532768,-0.469303,0.003266,0.704203,-0.983504,3.149303,0.377835,-0.041056,0.034978,-0.179348,-0.664449,-0.747289,0.008175,0.000000,0.000000,0.000000,-1,-0.620346,-0.712402,-0.155716,-0.983909,3.042307,0.383244,161.189529,154.014862,-727.462341,0,0
9.520000,-1.399506,0.822337,0.764747,0.622883,-0.402961,0.670551,-0.471154,0.491028,0.732738,-0.624524,-0.772343,0.115996,0.503949,-0.433633,0.022833,0.746644,-2.362805,1.434453,0.067833,0.051182,-0.202000,0.196837,-0.670551,-0.732738,-0.115996,0.000000,0.000000,0.000000,-1,-0.619370,-0.934738,0.080841,-2.109486,1.654179,0.189171,157.510208,153.840240,-732.305420,0,0
9.560000,-1.269651,0.794185,0.612110,0.634170,-0.387080,0.669326,-0.402715,0.573615,0.713292,-0.660037,-0.721896,0.207887,0.461700,-0.427656,0.005030,0.777122,-2.916716,-0.244839,0.130448,0.023299,-0.411402,0.660859,-0.669326,-0.713293,-0.207887,0.000000,0.000000,0.000000,-1,-0.646027,-1.124695,0.452972,-2.859762,-0.232087,0.097455,157.685410,153.316376,-735.144470,0,0
9.600000,-1.161925,0.746734,0.524032,0.656085,-0.340684,0.673415,-0.367231,0.635426,0.679246,-0.659313,-0.692942,0.291784,0.426871,-0.414595,0.008259,0.803632,-0.499821,1.498409,0.983082,-0.130479,-0.273757,-0.015574,-0.673415,-0.679246,-0.291784,0.000000,0.000000,0.000000,-1,-0.803894,-0.953003,-0.307358,-0.500226,1.391414,0.988491,157.685410,153.316376,-735.144470,0,0
9.640000,-1.121052,0.693958,0.523992,0.664594,-0.281188,0.692277,-0.384622,0.665580,0.639585,-0.640609,-0.691330,0.334190,0.407684,-0.408288,0.031684,0.816144,-0.541041,1.709847,1.287869,0.080171,-0.001727,0.530861,-0.692277,-0.639585,-0.334190,0.000000,0.000000,0.000000,-1,-0.612106,-0.641312,0.196671,-0.628429,1.325241,1.402926,155.758148,151.744797,-736.981506,0,0
9.680000,-1.065854,0.657745,0.540757,0.690165,-0.209670,0.692611,-0.407387,0.678459,0.611334,-0.598087,-0.704082,0.382832,0.396508,-0.389057,0.059598,0.829376,0.202143,1.333819,0.804829,0.256530,0.052313,0.269993,-0.692611,-0.611334,-0.382832,0.000000,0.000000,0.000000,-1,-0.418442,-0.577789,-0.069031,0.138158,1.306400,0.849938,150.151550,154.189484,-740.989563,0,0
9.720000,-1.050987,0.636610,0.573025,0.697108,-0.164229,0.697903,-0.435973,0.675670,0.594473,-0.569182,-0.718678,0.399416,0.394342,-0.380508,0.081605,0.832495,0.335793,0.356057,0.639702,0.339856,0.034017,0.307955,-0.697903,-0.594473,-0.399416,0.000000,0.000000,0.000000,-1,-0.358047,-0.560455,-0.091461,0.335389,0.249064,0.645111,150.151550,154.189484,-740.989563,0,0
9.760000,-1.067193,0.631627,0.608602,0.691603,-0.148393,0.706870,-0.461418,0.662157,0.590459,-0.555679,-0.734525,0.389479,0.399990,-0.381142,0.094497,0.828136,0.634673,-0.103670,0.201294,0.495353,0.049931,0.329649,-0.706870,-0.590459,-0.389479,0.000000,0.000000,0.000000,-1,-0.211517,-0.540527,-0.059830,0.594096,-0.163935,0.257994,150.677170,154.364105,-742.158569,0,0
9.800000,-1.082093,0.637584,0.625645,0.688343,-0.151087,0.709476,-0.470567,0.651335,0.595256,-0.552042,-0.743597,0.377245,0.406129,-0.382670,0.096911,0.824155,0.813365,-0.340415,-0.012350,0.505679,0.107250,0.219500,-0.709476,-0.595256,-0.377245,0.000000,0.000000,0.000000,-1,-0.198959,-0.492065,-0.203751,0.766420,-0.376299,0.042182,150.326767,154.713348,-740.488525,0,0
9.840000,-1.132053,0.663878,0.665102,0.678507,-0.176758,0.713011,-0.486064,0.619733,0.616176,-0.550790,-0.764649,0.334578,0.425499,-0.389438,0.095312,0.811298,1.088916,-0.746063,-0.445426,0.392927,0.012645,0.030653,-0.713011,-0.616176,-0.334578,0.000000,0.000000,0.000000,-1,-0.369461,-0.631653,-0.349167,1.061172,-0.891088,-0.351256,151.903610,154.189484,-737.983521,0,1
9.880000,-1.193095,0.726388,0.713951,0.682983,-0.225098,0.694885,-0.489533,0.565005,0.664174,-0.542118,-0.793789,0.275696,0.458880,-0.389335,0.083228,0.794305,1.343205,-0.398132,-1.032716,0.071914,-0.191600,-0.021164,-0.694885,-0.664174,-0.275696,0.000000,0.000000,0.000000,-1,-0.622971,-0.855774,-0.296860,1.289615,-0.596283,-1.015673,153.130051,154.713348,-736.480469,0,0
9.920000,-1.216161,0.762187,0.767617,0.699533,-0.224810,0.678318,-0.502295,0.520483,0.690505,-0.508285,-0.823746,0.251174,0.481631,-0.377418,0.088259,0.786001,0.975562,1.114409,0.130344,-0.499615,-0.259462,-0.332017,-0.678317,-0.690505,-0.251174,0.000000,0.000000,0.000000,-1,-1.403519,-0.943405,-0.681290,1.104968,0.790823,-0.075316,154.006088,153.141754,-735.311462,0,0
9.960000,-1.181443,0.745206,0.783013,0.711608,-0.176904,0.679941,-0.518446,0.520925,0.678123,-0.474161,-0.835070,0.278979,0.477416,-0.364122,0.107757,0.792387,-0.469555,1.591446,0.813198,-0.606070,0.157570,-0.617231,-0.679941,-0.678123,-0.278979,0.000000,0.000000,0.000000,-1,-1.045212,-0.389709,-0.784561,-0.265881,1.544854,0.792683,152.254028,154.538727,-737.649536,0,0
10.000000,-1.145922,0.696878,0.765451,0.702389,-0.136052,0.698670,-0.531321,0.552952,0.641827,-0.473653,-0.822030,0.316100,0.456436,-0.365535,0.123246,0.801786,-0.395097,-0.234512,0.631276,0.142120,0.168087,-0.137803,-0.698670,-0.641827,-0.316100,0.000000,0.000000,0.000000,-1,-0.556549,-0.473740,-0.453903,-0.490841,-0.247032,0.709642,150.151550,155.586441,-737.649536,0,0
10.040000,-1.155691,0.689180,0.765576,0.693991,-0.140082,0.706224,-0.534798,0.556432,0.635904,-0.482044,-0.819000,0.311244,0.454510,-0.371213,0.123309,0.800260,0.074279,-0.160323,-0.096496,-0.041029,-0.366598,-0.071874,-0.706224,-0.635904,-0.311244,0.000000,0.000000,0.000000,-1,-0.764587,-1.149155,-0.438370,0.046405,-0.288438,-0.040695,151.377991,156.110306,-737.816528,0,0
10.080000,-1.162634,0.699580,0.771077,0.696531,-0.147225,0.702260,-0.533213,0.548709,0.643897,-0.480133,-0.822948,0.303691,0.459383,-0.370299,0.120883,0.798269,0.051969,0.442757,-0.215981,-0.044856,-0.502389,-0.181035,-0.702260,-0.643897,-0.303691,0.000000,0.000000,0.000000,-1,-0.870651,-1.039871,-0.441528,0.051564,0.335772,-0.210572,151.377991,156.110306,-737.816528,0,0
10.120000,-1.139043,0.691672,0.727707,0.697791,-0.154215,0.699504,-0.512293,0.575095,0.637826,-0.500644,-0.803420,0.322293,0.447326,-0.372496,0.111138,0.805478,-0.240770,-1.469218,-0.487074,0.654109,0.074731,0.784832,-0.699504,-0.637826,-0.322293,0.000000,0.000000,0.000000,-1,-0.045395,-0.563095,0.462540,-0.410918,-1.227356,-0.455840,149.976349,155.411819,-737.148499,0,0
10.160000,-1.186960,0.715137,0.724076,0.683298,-0.207393,0.700066,-0.500147,0.565582,0.655721,-0.531937,-0.798188,0.282734,0.456887,-0.387153,0.091997,0.795552,0.355611,-0.858530,-1.195266,0.893105,-0.564525,0.117436,-0.700066,-0.655721,-0.282734,0.000000,0.000000,0.000000,-1,0.049438,-1.172348,0.130325,0.358797,-1.486816,-0.975865,152.429230,154.713348,-735.478455,0,0
10.200000,-1.239690,0.775457,0.744429,0.687647,-0.266633,0.675313,-0.483840,0.525204,0.700043,-0.541331,-0.808126,0.232147,0.482259,-0.389040,0.069455,0.781824,1.564622,-1.913450,-1.214468,0.058401,0.013138,0.914413,-0.675313,-0.700043,-0.232147,0.000000,0.000000,0.000000,-1,-0.726395,-0.629196,0.784668,1.564218,-2.020433,-1.209060,154.706909,153.490997,-734.643433,0,0
10.240000,-1.320831,0.805615,0.781652,0.667872,-0.321742,0.671140,-0.487952,0.491622,0.721257,-0.562005,-0.809191,0.171346,0.501225,-0.403858,0.054434,0.763354,-0.205124,-0.629776,0.056559,-0.595446,0.106343,-0.038661,-0.671140,-0.721257,-0.171346,0.000000,0.000000,0.000000,-1,-1.266586,-0.614914,-0.210007,-0.036873,-0.863037,-0.015909,156.108551,153.141754,-731.637451,0,0
10.280000,-1.364834,0.809004,0.793921,0.648471,-0.350725,0.675632,-0.492201,0.483882,0.723600,-0.580710,-0.801780,0.141156,0.505824,-0.416610,0.046914,0.753908,0.844105,-1.268287,-0.129765,-0.206387,0.130949,0.073178,-0.675632,-0.723600,-0.141156,0.000000,0.000000,0.000000,-1,-0.705063,-0.698090,-0.009247,0.707671,-1.321192,-0.119910,156.283768,152.617905,-732.806458,0,0
10.320000,-1.429246,0.818536,0.840829,0.632738,-0.376894,0.676457,-0.509186,0.455650,0.730146,-0.583415,-0.806433,0.096398,0.519781,-0.426179,0.044751,0.739051,0.944956,-0.433791,-0.058055,0.173115,-0.090044,0.248650,-0.676457,-0.730146,-0.096398,0.000000,0.000000,0.000000,-1,-0.506119,-0.782318,0.149338,0.944551,-0.540771,-0.052646,156.984589,153.316376,-730.468384,0,0
10.360000,-1.480273,0.823132,0.897388,0.627235,-0.384774,0.677144,-0.531500,0.424040,0.733279,-0.569283,-0.819841,0.061465,0.534259,-0.428760,0.050472,0.726763,0.730111,-0.273786,-0.112786,0.160024,0.077822,-0.060086,-0.677144,-0.733279,-0.061465,0.000000,0.000000,0.000000,-1,-0.517120,-0.655457,-0.121552,0.777771,-0.290585,-0.066829,157.335007,155.411819,-730.134399,0,0
10.400000,-1.533443,0.833234,0.942852,0.620446,-0.404277,0.672016,-0.544200,0.395073,0.740110,-0.564705,-0.824910,0.025114,0.547782,-0.432872,0.048975,0.714254,0.982557,-0.253881,-0.274152,0.011219,0.013700,-0.017458,-0.672016,-0.740110,-0.025114,0.000000,0.000000,0.000000,-1,-0.666565,-0.718414,0.031342,0.917296,-0.479569,-0.245155,157.335007,155.411819,-730.134399,0,0
10.440000,-1.591473,0.848183,1.009305,0.623770,-0.416794,0.661206,-0.559805,0.352133,0.750080,-0.545462,-0.838024,-0.013673,0.566858,-0.430708,0.051046,0.700398,0.887768,-0.246531,-0.319944,-0.019123,0.033314,0.063765,-0.661206,-0.750080,0.013673,0.000000,0.000000,0.000000,-1,-0.680328,-0.716766,0.077438,0.887363,-0.353508,-0.314536,158.386230,155.761063,-727.128357,0,0
10.480000,-1.638324,0.855166,1.059640,0.623707,-0.427189,0.654598,-0.572231,0.320952,0.754680,-0.532485,-0.845281,-0.044271,0.580307,-0.430556,0.052607,0.689273,0.906068,-0.474436,-0.217016,0.044887,0.049907,-0.013677,-0.654598,-0.754680,0.044271,0.000000,0.000000,0.000000,-1,-0.609711,-0.704773,0.030594,0.956722,-0.444556,-0.228728,156.984589,157.158020,-726.126343,0,0
10.520000,-1.685450,0.860508,1.090623,0.615174,-0.449392,0.647771,-0.578315,0.301205,0.758174,-0.535829,-0.841025,-0.074597,0.589187,-0.436070,0.047499,0.678561,0.451449,-0.986626,-0.283090,0.105550,0.011805,-0.054882,-0.647771,-0.758174,0.074597,0.000000,0.000000,0.000000,-1,-0.555649,-0.795883,-0.023270,0.541544,-1.006517,-0.256719,158.736649,156.110306,-723.788330,0,0
10.560000,-1.751205,0.871923,1.113680,0.596622,-0.493418,0.632914,-0.577302,0.283953,0.765568,-0.557463,-0.822137,-0.115439,0.597517,-0.447987,0.031569,0.664292,0.307911,-0.825530,-0.318402,-0.064947,0.039982,-0.109396,-0.632914,-0.765568,0.115439,0.000000,0.000000,0.000000,-1,-0.697861,-0.725586,0.006042,0.307491,-0.932391,-0.312978,159.963089,155.935684,-724.289307,0,0
10.600000,-1.781073,0.878647,1.124510,0.589082,-0.513261,0.624136,-0.575686,0.275456,0.769876,-0.567069,-0.812827,-0.133211,0.601423,-0.452655,0.023721,0.657900,0.068197,-0.631350,-0.208137,-0.199610,0.135721,-0.049730,-0.624136,-0.769876,0.133211,0.000000,0.000000,0.000000,-1,-0.814514,-0.632050,0.132004,0.067777,-0.738211,-0.202713,161.890350,157.158020,-723.120300,0,0
10.640000,-1.806662,0.851337,1.124807,0.559001,-0.526289,0.640732,-0.594520,0.284250,0.752162,-0.577983,-0.801387,-0.153993,0.597650,-0.468840,0.026248,0.649857,-0.240801,-0.458046,0.140265,-0.099182,0.056407,0.051817,-0.640732,-0.752162,0.153993,0.000000,0.000000,0.000000,-1,-0.714417,-0.726898,0.190277,-0.190259,-0.517207,0.119313,161.014328,157.332642,-722.619263,0,0
10.680000,-1.810046,0.847629,1.100185,0.541729,-0.541473,0.642913,-0.589823,0.300064,0.749713,-0.598864,-0.785347,-0.156820,0.591288,-0.478319,0.018624,0.649032,-0.555276,-0.721873,0.254484,-0.049347,0.001407,-0.063406,-0.642913,-0.749713,0.156820,0.000000,0.000000,0.000000,-1,-0.692261,-0.748306,0.093414,-0.555705,-0.828704,0.259839,161.715149,158.031128,-723.621338,0,0
10.720000,-1.805510,0.838025,1.042044,0.506896,-0.565498,0.650591,-0.577581,0.337447,0.743323,-0.639888,-0.752557,-0.155570,0.575547,-0.496518,0.004649,0.649764,-0.601344,-0.600763,0.419322,-0.183378,-0.113366,0.002221,-0.650591,-0.743323,0.155570,0.000000,0.000000,0.000000,-1,-0.833969,-0.856689,0.157791,-0.628377,-0.710784,0.418602,161.890350,155.411819,-722.786255,0,0
10.760000,-1.797993,0.834611,1.018930,0.496719,-0.570333,0.654210,-0.571785,0.352034,0.741036,-0.652941,-0.742154,-0.151246,0.569195,-0.501638,0.000557,0.651442,-0.475555,0.075153,0.086196,-0.234828,-0.164955,-0.124405,-0.654210,-0.741035,0.151246,0.000000,0.000000,0.000000,-1,-0.894791,-0.841507,0.038010,-0.443014,-0.193834,0.128085,163.992828,156.110306,-722.452271,0,0
10.800000,-1.747872,0.835287,0.991253,0.514244,-0.547110,0.660473,-0.561405,0.367448,0.741489,-0.648366,-0.752099,-0.118192,0.562358,-0.492797,0.005382,0.663984,-0.464781,1.383532,0.138677,-0.247288,-0.121517,-0.184507,-0.660473,-0.741489,0.118192,0.000000,0.000000,0.000000,-1,-0.907761,-0.863007,-0.066315,-0.465211,1.276703,0.144031,162.941589,153.665619,-724.122314,0,1
10.840000,-1.573591,0.823025,0.920830,0.582015,-0.445930,0.680004,-0.541356,0.411512,0.733206,-0.606789,-0.794861,-0.001900,0.541388,-0.455905,0.033809,0.705625,-1.254903,2.660398,0.394788,0.076778,-0.112131,-0.076775,-0.680004,-0.733206,0.001900,0.000000,0.000000,0.000000,-1,-0.603226,-0.845337,-0.074875,-1.157599,2.534462,0.383195,160.663910,152.792526,-724.289307,0,0
10.880000,-1.459433,0.807681,0.857529,0.615846,-0.385888,0.686894,-0.522687,0.452242,0.722687,-0.589519,-0.804094,0.076812,0.521247,-0.435770,0.046703,0.732274,-1.583792,1.943763,0.444196,0.251409,-0.141617,0.005661,-0.686894,-0.722687,-0.076812,0.000000,0.000000,0.000000,-1,-0.452408,-0.915085,-0.067764,-1.518233,1.956732,0.444027,158.736649,152.268661,-728.798401,0,0
10.920000,-1.293534,0.782079,0.713121,0.650465,-0.333598,0.682355,-0.464120,0.536574,0.704756,-0.601239,-0.775114,0.194193,0.479504,-0.415907,0.042292,0.771562,-2.905645,0.607940,-0.217049,0.015424,-0.324175,0.366495,-0.682355,-0.704756,-0.194193,0.000000,0.000000,0.000000,-1,-0.666931,-1.028931,0.172302,-2.906074,0.501114,-0.211695,157.335007,151.570175,-732.472412,0,0
10.960000,-1.184739,0.743799,0.561046,0.652561,-0.330751,0.681739,-0.391553,0.623087,0.677089,-0.648731,-0.708778,0.277096,0.433699,-0.416362,0.019028,0.798865,-1.222409,0.597884,0.128235,0.108452,-0.370976,0.213482,-0.681739,-0.677089,-0.277096,0.000000,0.000000,0.000000,-1,-0.537735,-0.960266,0.039352,-1.753503,0.208005,0.154544,156.634171,149.474747,-736.146484,0,0
11.000000,-1.149650,0.733343,0.553659,0.668931,-0.304658,0.678023,-0.390640,0.631950,0.669357,-0.632402,-0.712617,0.303719,0.428153,-0.405987,0.026639,0.806939,-0.279867,1.073379,0.464600,0.182876,-0.137375,0.225670,-0.678023,-0.669357,-0.303719,0.000000,0.000000,0.000000,-1,-0.521637,-0.745010,-0.063416,-0.156307,0.948377,0.366553,157.510208,150.347839,-738.317505,0,0
11.040000,-1.099398,0.689976,0.548080,0.683100,-0.247406,0.687143,-0.401865,0.658292,0.636518,-0.609819,-0.710944,0.350255,0.410656,-0.395265,0.047073,0.820312,-0.176989,0.918327,0.996025,0.067957,0.006269,0.310689,-0.687143,-0.636518,-0.350255,0.000000,0.000000,0.000000,-1,-0.619186,-0.630249,-0.039566,-0.177418,0.811503,1.001379,155.582947,149.474747,-737.816528,0,0
11.080000,-1.082093,0.656554,0.562380,0.684539,-0.205608,0.699379,-0.422349,0.670108,0.610391,-0.594161,-0.713219,0.371877,0.400798,-0.391692,0.065631,0.825609,-0.116209,0.484055,0.566509,0.176460,0.123879,0.282781,-0.699379,-0.610391,-0.371877,0.000000,0.000000,0.000000,-1,-0.479752,-0.534302,-0.107590,-0.127183,0.396345,0.591040,153.480469,151.220947,-739.486511,0,0
11.120000,-1.080360,0.642844,0.572278,0.682342,-0.189482,0.706050,-0.433452,0.672867,0.599474,-0.588667,-0.715085,0.376994,0.397643,-0.391641,0.073799,0.826469,0.154344,0.039744,0.509155,0.320490,-0.036329,0.250376,-0.706050,-0.599474,-0.376994,0.000000,0.000000,0.000000,-1,-0.324326,-0.691391,-0.094696,0.091274,0.024106,0.519043,153.480469,149.823975,-740.822571,0,0
11.160000,-1.100303,0.635352,0.592133,0.671388,-0.185905,0.717410,-0.449220,0.667837,0.593461,-0.589440,-0.720717,0.364865,0.399589,-0.397361,0.080063,0.822206,0.471434,-0.495813,0.405961,0.449756,-0.024016,0.258756,-0.717410,-0.593461,-0.364865,0.000000,0.000000,0.000000,-1,-0.261459,-0.597961,-0.164459,0.429720,-0.525192,0.443332,151.903610,149.300125,-740.655518,0,0
11.200000,-1.160374,0.634212,0.630685,0.642642,-0.203522,0.738640,-0.475025,0.650572,0.592543,-0.601134,-0.731666,0.321407,0.409470,-0.414283,0.083954,0.808490,0.591121,-0.798486,0.064554,0.399377,0.008895,0.034389,-0.738640,-0.592543,-0.321407,0.000000,0.000000,0.000000,-1,-0.339264,-0.583649,-0.287018,0.588785,-0.942314,0.136047,153.130051,150.173218,-739.486511,0,0
11.240000,-1.208035,0.655053,0.654322,0.628209,-0.235946,0.741406,-0.482646,0.629226,0.609202,-0.610251,-0.740543,0.281407,0.423549,-0.424149,0.077415,0.796687,0.610053,-1.108905,-0.492705,0.264691,-0.025015,-0.092265,-0.741406,-0.609202,-0.281407,0.000000,0.000000,0.000000,-1,-0.570511,-0.673050,-0.296402,0.642732,-1.084238,-0.474482,153.130051,151.919418,-736.814514,0,1
11.280000,-1.250727,0.678078,0.673886,0.617424,-0.268938,0.739229,-0.485980,0.608541,0.627297,-0.618555,-0.746559,0.245029,0.436994,-0.431882,0.069036,0.785970,0.861928,-0.759179,-0.590667,0.013429,-0.102226,-0.003079,-0.739229,-0.627297,-0.245029,0.000000,0.000000,0.000000,-1,-0.779831,-0.749802,-0.265274,0.826300,-0.987931,-0.590757,153.305267,151.395554,-736.313477,0,0
11.320000,-1.267900,0.700597,0.723886,0.631018,-0.263470,0.729657,-0.506302,0.572760,0.644674,-0.587771,-0.776227,0.228027,0.455585,-0.422408,0.077859,0.779712,0.384715,0.912954,0.239937,-0.414996,-0.170207,-0.285828,-0.729657,-0.644674,-0.228027,0.000000,0.000000,0.000000,-1,-1.152267,-0.776749,-0.603546,0.482741,0.766753,0.141203,156.458969,152.094040,-734.309448,0,0
11.360000,-1.250302,0.686005,0.731727,0.636086,-0.236810,0.734381,-0.517007,0.575711,0.633451,-0.572799,-0.782610,0.243769,0.451831,-0.417090,0.089404,0.783512,-0.161604,0.553070,0.637967,-0.211694,0.080427,-0.265218,-0.734381,-0.633451,-0.243769,0.000000,0.000000,0.000000,-1,-0.864563,-0.495193,-0.462982,-0.100374,0.538462,0.623078,153.305267,151.395554,-734.977478,0,0
11.400000,-1.241144,0.663225,0.727726,0.629184,-0.219629,0.745580,-0.524164,0.588399,0.615662,-0.573916,-0.778171,0.255090,0.443197,-0.419561,0.096833,0.786237,-0.295513,0.000464,0.482381,0.036077,0.184418,-0.199393,-0.745580,-0.615662,-0.255090,0.000000,0.000000,0.000000,-1,-0.712753,-0.465729,-0.433167,-0.295941,-0.106354,0.487733,153.305267,152.443283,-735.979492,0,0
11.440000,-1.201053,0.648165,0.716519,0.642221,-0.187161,0.743319,-0.523568,0.601160,0.603724,-0.559847,-0.776902,0.288087,0.433870,-0.409528,0.105718,0.795529,0.023623,0.886200,0.068505,0.030871,-0.200322,0.016007,-0.743319,-0.603724,-0.288087,0.000000,0.000000,0.000000,-1,-0.650986,-0.941467,-0.348541,-0.054926,0.872853,0.199836,152.779648,152.617905,-734.810486,0,0
11.480000,-1.210924,0.661052,0.725833,0.644801,-0.196039,0.738783,-0.523936,0.590389,0.613948,-0.556527,-0.782949,0.277972,0.440579,-0.408539,0.103418,0.792648,0.714836,-0.786445,-0.398537,0.262327,-0.590429,-0.212781,-0.738783,-0.613948,-0.277972,0.000000,0.000000,0.000000,-1,-0.231369,-1.042618,-0.294464,0.585829,-0.740633,-0.409455,152.254028,151.395554,-735.979492,0,0
11.520000,-1.210407,0.679213,0.711124,0.650835,-0.215192,0.728084,-0.507834,0.589486,0.628181,-0.564375,-0.778588,0.274376,0.443557,-0.407515,0.092271,0.792890,-0.842078,0.039954,-0.684026,0.160686,0.045265,0.185250,-0.728084,-0.628181,-0.274376,0.000000,0.000000,0.000000,-1,-0.518082,-0.707886,0.082718,-0.842510,-0.066767,-0.678638,152.078827,152.617905,-735.812500,0,0
11.560000,-1.269457,0.711123,0.692235,0.626294,-0.290376,0.723490,-0.483564,0.583239,0.652685,-0.611492,-0.758627,0.224864,0.452270,-0.427809,0.061909,0.780128,0.321351,-2.303099,-0.686274,0.504527,-0.472177,0.068690,-0.723490,-0.652685,-0.224864,0.000000,0.000000,0.000000,-1,-0.179337,-1.044479,0.011444,0.306977,-2.464981,-0.701758,154.706909,152.443283,-736.313477,0,0
11.600000,-1.332051,0.738409,0.705005,0.603937,-0.344857,0.718564,-0.479250,0.563240,0.673112,-0.636851,-0.750889,0.174889,0.465244,-0.442836,0.043908,0.765191,0.879261,-1.762653,-0.866121,0.275571,-0.164428,0.546166,-0.718564,-0.673112,-0.174889,0.000000,0.000000,0.000000,-1,-0.591568,-0.682724,0.552628,0.692882,-1.755923,-0.854941,155.232529,151.570175,-734.476440,0,0
11.640000,-1.425148,0.773204,0.746352,0.575743,-0.408798,0.708099,-0.485920,0.525429,0.698432,-0.657573,-0.746196,0.103869,0.486427,-0.459842,0.025968,0.742469,0.585763,-1.249273,-0.704582,-0.190262,-0.031671,0.384936,-0.708099,-0.698431,-0.103869,0.000000,0.000000,0.000000,-1,-0.988586,-0.728638,0.115570,0.585331,-1.355991,-0.699194,156.458969,150.697083,-729.633423,0,0
11.680000,-1.470856,0.789986,0.760075,0.559282,-0.443535,0.700343,-0.484939,0.510143,0.710343,-0.672337,-0.736906,0.070227,0.494700,-0.469211,0.014153,0.731377,0.613516,-1.014145,-0.157071,-0.220799,0.042741,-0.127802,-0.700343,-0.710343,-0.070227,0.000000,0.000000,0.000000,-1,-0.772491,-0.690292,-0.162903,0.531369,-1.016934,-0.133168,159.087067,150.871704,-730.802429,0,0
11.720000,-1.531114,0.794500,0.787684,0.533272,-0.474863,0.700090,-0.496560,0.494295,0.713513,-0.684872,-0.728133,0.027796,0.502788,-0.483018,0.007567,0.716827,0.366189,-1.125280,-0.029388,0.231218,-0.129535,0.183374,-0.700090,-0.713513,-0.027796,0.000000,0.000000,0.000000,-1,-0.468872,-0.843048,0.155579,0.365757,-1.231996,-0.024000,159.612686,151.744797,-728.965393,0,0
11.760000,-1.565488,0.793166,0.792232,0.511021,-0.496627,0.701583,-0.499480,0.492699,0.712578,-0.699555,-0.714569,0.003724,0.503636,-0.494458,0.001007,0.708422,-0.002966,-0.595012,0.082914,0.109237,0.009529,0.187226,-0.701583,-0.712578,-0.003724,0.000000,0.000000,0.000000,-1,-0.643372,-0.636261,0.168320,-0.003399,-0.701728,0.088302,161.014328,150.697083,-727.629395,0,0
11.800000,-1.614707,0.796299,0.815877,0.490007,-0.521283,0.698683,-0.509360,0.479220,0.714772,-0.707422,-0.706125,-0.030700,0.510266,-0.504954,-0.004281,0.696155,0.801914,-0.563607,-0.192028,-0.018770,0.071874,0.024476,-0.698683,-0.714772,0.030700,0.000000,0.000000,0.000000,-1,-0.717453,-0.642899,0.055176,0.677003,-0.835700,-0.176013,161.014328,150.697083,-727.629395,0,0
11.840000,-1.647133,0.800165,0.856883,0.490753,-0.526069,0.694560,-0.526485,0.456124,0.717471,-0.694244,-0.717776,-0.053123,0.521477,-0.504602,0.000151,0.688069,0.898117,0.057693,-0.182064,0.004282,0.009250,-0.080086,-0.694560,-0.717471,0.053123,0.000000,0.000000,0.000000,-1,-0.666077,-0.750641,-0.039154,0.941234,-0.079773,-0.181269,161.890350,150.871704,-727.796387,0,0
11.880000,-1.683481,0.807584,0.898265,0.491631,-0.535275,0.686862,-0.540725,0.430625,0.722619,-0.682580,-0.726666,-0.077728,0.533558,-0.504163,0.002007,0.679067,0.466024,-0.367506,-0.212613,0.059436,-0.034003,-0.014023,-0.686862,-0.722619,0.077728,0.000000,0.000000,0.000000,-1,-0.599899,-0.729828,0.083786,0.465592,-0.474218,-0.207225,161.890350,152.268661,-725.124329,0,0
11.920000,-1.710854,0.811214,0.917930,0.485557,-0.547066,0.681875,-0.547001,0.418312,0.725124,-0.681927,-0.725075,-0.096132,0.539300,-0.507170,-0.000024,0.672261,0.437439,-0.420453,-0.169510,0.049490,0.010936,-0.041825,-0.681875,-0.725124,0.096132,0.000000,0.000000,0.000000,-1,-0.634613,-0.735580,-0.002808,0.437007,-0.527164,-0.164123,161.890350,152.268661,-725.124329,0,0
11.960000,-1.749132,0.818727,0.936258,0.473639,-0.568908,0.672317,-0.550173,0.404976,0.730277,-0.687733,-0.715778,-0.121185,0.545401,-0.512963,-0.007066,0.662840,0.090491,-0.546726,-0.237449,0.065460,-0.046930,-0.143265,-0.672317,-0.730277,0.121185,0.000000,0.000000,0.000000,-1,-0.641434,-0.719055,0.105774,0.107049,-0.678882,-0.232134,163.817627,153.490997,-724.289307,0,0
12.000000,-1.759957,0.803614,0.935946,0.457756,-0.570706,0.681729,-0.558870,0.411647,0.719869,-0.691465,-0.710522,-0.130517,0.542362,-0.520675,-0.004488,0.659334,0.235175,-0.504271,-0.215779,-0.085666,0.094289,-0.043023,-0.681729,-0.719869,0.130517,0.000000,0.000000,0.000000,-1,-0.785797,-0.649689,0.059204,0.234765,-0.610994,-0.210446,163.992828,153.316376,-722.452271,0,0
12.040000,-1.763529,0.805100,0.934595,0.455322,-0.574457,0.680207,-0.557452,0.411765,0.720900,-0.694212,-0.707424,-0.132746,0.542287,-0.521821,-0.006456,0.658472,0.190436,-0.328963,0.014752,-0.050018,-0.030779,-0.082850,-0.680207,-0.720900,0.132746,0.000000,0.000000,0.000000,-1,-0.704056,-0.759872,0.031830,0.190049,-0.435714,0.020082,165.219269,153.490997,-722.285278,0,0
12.080000,-1.779947,0.803040,0.933355,0.442013,-0.585711,0.679387,-0.558133,0.413339,0.719471,-0.702219,-0.697204,-0.144203,0.541497,-0.528093,-0.010541,0.654054,-0.210258,-0.589653,0.101188,0.039678,0.023502,-0.066780,-0.679387,-0.719471,0.144203,0.000000,0.000000,0.000000,-1,-0.631241,-0.690552,0.091965,-0.158593,-0.713377,0.098575,166.445709,151.919418,-722.118286,0,0
12.120000,-1.784008,0.796239,0.905875,0.419176,-0.597523,0.683563,-0.550403,0.431527,0.714731,-0.722044,-0.675833,-0.147993,0.532832,-0.538596,-0.018055,0.652440,-0.302306,-0.450620,0.194122,-0.010361,0.013788,-0.016874,-0.683563,-0.714731,0.147993,0.000000,0.000000,0.000000,-1,-0.671906,-0.728394,0.128220,-0.302686,-0.557377,0.199448,165.744888,151.919418,-722.452271,0,0
12.160000,-1.785770,0.792425,0.884838,0.403195,-0.605718,0.685959,-0.543310,0.444734,0.712058,-0.736375,-0.659786,-0.149778,0.526365,-0.545737,-0.023945,0.651566,-0.444510,-0.420845,0.257250,-0.037659,-0.097161,0.069354,-0.685959,-0.712058,0.149778,0.000000,0.000000,0.000000,-1,-0.757645,-0.835098,0.213730,-0.436498,-0.515984,0.230521,165.744888,151.919418,-722.452271,0,0
12.200000,-1.782747,0.783074,0.859713,0.385238,-0.609506,0.692888,-0.536987,0.462568,0.705461,-0.750491,-0.643843,-0.149098,0.517631,-0.553721,-0.027820,0.651673,-0.578533,-0.499938,0.539905,-0.161283,-0.160444,0.001079,-0.692888,-0.705461,0.149098,0.000000,0.000000,0.000000,-1,-0.906296,-0.870956,0.119659,-0.550297,-0.631104,0.526944,165.744888,150.522461,-723.454285,0,0
12.240000,-1.745559,0.769192,0.820160,0.382280,-0.594361,0.707529,-0.525387,0.490073,0.695555,-0.760152,-0.637623,-0.124924,0.504265,-0.555139,-0.026089,0.660952,-0.200388,0.969989,0.146165,-0.241080,-0.159303,-0.147950,-0.707529,-0.695555,0.124924,0.000000,0.000000,0.000000,-1,-0.869278,-0.885941,-0.083221,-0.200770,0.863237,0.151492,165.744888,150.522461,-723.454285,0,1
12.280000,-1.671825,0.768776,0.799593,0.425710,-0.554443,0.715097,-0.515404,0.500976,0.695256,-0.743727,-0.664542,-0.072492,0.499306,-0.535667,-0.014335,0.680844,-0.659185,2.221902,0.021117,-0.019797,-0.207851,-0.207593,-0.715097,-0.695256,0.072492,0.000000,0.000000,0.000000,-1,-0.712860,-0.893661,-0.144348,-0.573530,1.977336,0.033564,165.219269,150.697083,-725.291321,0,0
12.320000,-1.520960,0.765827,0.735805,0.501571,-0.479740,0.719914,-0.483796,0.534329,0.693133,-0.717195,-0.695947,0.035908,0.482528,-0.499212,0.001409,0.719689,-1.486372,2.672751,0.202649,0.056996,-0.046231,-0.054333,-0.719914,-0.693133,-0.035908,0.000000,0.000000,0.000000,-1,-0.592148,-0.697800,-0.093155,-1.421909,2.685765,0.181192,161.364746,148.252396,-728.297363,0,0
12.360000,-1.339959,0.740056,0.608311,0.562896,-0.407936,0.718844,-0.422000,0.605967,0.674329,-0.710679,-0.682929,0.168948,0.443842,-0.467473,0.004599,0.764495,-2.851873,1.460701,0.066803,0.073656,-0.166094,0.241564,-0.718844,-0.674329,-0.168948,0.000000,0.000000,0.000000,-1,-0.691437,-0.897034,0.170609,-2.852255,1.353951,0.072131,159.612686,146.506195,-731.971436,0,0
12.400000,-1.222505,0.698914,0.433985,0.563947,-0.405184,0.719576,-0.321902,0.694574,0.643387,-0.760488,-0.594469,0.261273,0.389904,-0.466195,-0.026232,0.793693,-2.697094,-0.160039,0.280901,0.081179,-0.641297,0.549802,-0.719576,-0.643387,-0.261273,0.000000,0.000000,0.000000,-1,-0.638397,-1.284683,0.288528,-3.051082,-0.651784,0.197192,159.437469,145.283859,-736.146484,0,0
12.440000,-1.167146,0.675989,0.390574,0.582259,-0.382516,0.717396,-0.296995,0.721341,0.625669,-0.756815,-0.577364,0.306402,0.372329,-0.456257,-0.026468,0.807775,-0.695241,1.123895,0.271125,0.200779,-0.254992,0.126577,-0.717396,-0.625669,-0.306402,0.000000,0.000000,0.000000,-1,-0.496826,-0.817841,-0.216202,-0.789140,1.126330,0.265289,158.386230,144.934616,-740.154541,0,0
12.480000,-1.099477,0.633980,0.386898,0.619637,-0.317435,0.717834,-0.303996,0.746124,0.592356,-0.723627,-0.585264,0.365827,0.356260,-0.436079,-0.004066,0.826376,-0.200429,1.640455,1.130270,0.086165,-0.055014,0.299757,-0.717834,-0.592356,-0.365827,0.000000,0.000000,0.000000,-1,-0.631668,-0.647369,-0.066071,-0.200811,1.533708,1.135597,157.860626,146.855438,-740.655518,0,0
12.520000,-1.046189,0.606024,0.398268,0.652870,-0.260169,0.711388,-0.318759,0.757591,0.569604,-0.687134,-0.598638,0.411677,0.347707,-0.416246,0.017438,0.839961,-0.094000,1.077369,0.422123,0.211953,0.088647,0.335429,-0.711388,-0.569604,-0.411677,0.000000,0.000000,0.000000,-1,-0.533493,-0.514221,-0.085648,-0.081537,1.068284,0.434329,154.006088,145.458481,-741.323547,0,0
12.560000,-1.024945,0.591585,0.399834,0.663738,-0.236959,0.709438,-0.323113,0.764587,0.557678,-0.674574,-0.599380,0.430921,0.342136,-0.409246,0.025475,0.845465,-0.171485,0.349911,0.322016,0.376781,-0.036301,0.286115,-0.709438,-0.557678,-0.430921,0.000000,0.000000,0.000000,-1,-0.332657,-0.593979,-0.144806,-0.171881,0.243277,0.306920,154.531708,144.934616,-743.494568,0,0
12.600000,-1.036419,0.586489,0.412750,0.657586,-0.231988,0.716772,-0.334096,0.762944,0.553440,-0.675249,-0.603405,0.424195,0.342946,-0.412663,0.030270,0.843316,0.506624,-0.391442,0.138119,0.489783,-0.110867,0.296128,-0.716772,-0.553440,-0.424195,0.000000,0.000000,0.000000,-1,-0.222702,-0.651978,-0.108459,0.506228,-0.498076,0.143461,154.706909,146.855438,-741.657593,0,0
12.640000,-1.074484,0.600277,0.442577,0.643035,-0.244922,0.725617,-0.353400,0.745674,0.564871,-0.679423,-0.619664,0.392939,0.355113,-0.421219,0.032521,0.833914,0.556862,-0.477611,-0.055642,0.439560,-0.060663,0.032587,-0.725617,-0.564871,-0.392939,0.000000,0.000000,0.000000,-1,-0.286057,-0.625534,-0.360352,0.591745,-0.595824,0.003613,153.480469,145.283859,-741.824585,0,0
12.680000,-1.094654,0.617812,0.452402,0.637286,-0.262672,0.724479,-0.356323,0.733144,0.579253,-0.683301,-0.627299,0.373626,0.364183,-0.424921,0.028267,0.828260,0.495318,-0.324732,-0.621551,0.330726,-0.034440,-0.029572,-0.724479,-0.579253,-0.373626,0.000000,0.000000,0.000000,-1,-0.393753,-0.613693,-0.403198,0.494921,-0.431363,-0.616210,154.531708,147.379303,-740.154541,0,1
12.720000,-1.121049,0.660012,0.470533,0.637820,-0.295057,0.711426,-0.358149,0.704135,0.613126,-0.681847,-0.645861,0.343437,0.384138,-0.425111,0.019251,0.819358,0.872473,-0.443542,-0.669848,0.049424,-0.052538,-0.038430,-0.711426,-0.613126,-0.343437,0.000000,0.000000,0.000000,-1,-0.761093,-0.709839,-0.369263,0.872077,-0.550173,-0.664507,155.933350,145.283859,-740.822571,0,0
12.760000,-1.135202,0.685804,0.497621,0.644842,-0.303113,0.701642,-0.369415,0.680050,0.633296,-0.669112,-0.667573,0.326551,0.399450,-0.420909,0.020359,0.814163,0.515110,0.537006,-0.057633,-0.270618,-0.065252,-0.122317,-0.701642,-0.633296,-0.326551,0.000000,0.000000,0.000000,-1,-0.972260,-0.698547,-0.448868,0.553741,0.323204,-0.112870,156.283768,145.633102,-739.152527,0,0
12.800000,-1.118322,0.687989,0.511005,0.660634,-0.284321,0.694784,-0.377806,0.673837,0.634985,-0.648711,-0.681986,0.337741,0.402820,-0.410933,0.028594,0.817345,0.199462,0.977324,0.166175,-0.124201,-0.015970,-0.216733,-0.694784,-0.634985,-0.337741,0.000000,0.000000,0.000000,-1,-0.793945,-0.657135,-0.548401,0.260586,0.856859,0.135799,156.283768,145.982346,-737.148499,0,0
12.840000,-1.100448,0.676920,0.520349,0.670828,-0.259151,0.694860,-0.387557,0.676335,0.626395,-0.632289,-0.689501,0.353269,0.400382,-0.403806,0.039070,0.821650,-0.069575,0.022341,0.347901,-0.037348,0.058539,-0.151034,-0.694860,-0.626395,-0.353269,0.000000,0.000000,0.000000,-1,-0.698303,-0.547028,-0.481491,-0.069972,-0.084287,0.353242,155.933350,145.283859,-738.818542,0,0
12.880000,-1.102809,0.657399,0.521530,0.662823,-0.248120,0.706472,-0.394373,0.686350,0.611060,-0.636503,-0.683638,0.357076,0.393509,-0.408182,0.044452,0.822534,-0.146949,-0.010423,0.418043,0.119878,-0.012414,-0.126047,-0.706472,-0.611060,-0.357076,0.000000,0.000000,0.000000,-1,-0.586594,-0.623474,-0.483124,-0.187692,-0.110670,0.436565,155.758148,146.506195,-738.985535,0,0
12.920000,-1.080103,0.658385,0.509450,0.674581,-0.241297,0.697651,-0.385760,0.690537,0.611840,-0.629389,-0.681861,0.372740,0.390930,-0.401004,0.043653,0.827324,0.239253,-0.354082,0.283396,0.178150,-0.011497,-0.102465,-0.697651,-0.611840,-0.372740,0.000000,0.000000,0.000000,-1,-0.501968,-0.622711,-0.463486,0.163555,-0.385440,0.315861,155.057327,145.807724,-738.651489,0,0
12.960000,-1.122474,0.667856,0.534821,0.657384,-0.259242,0.707559,-0.400181,0.675512,0.619304,-0.638515,-0.690273,0.340327,0.400482,-0.411643,0.043101,0.817500,0.488840,-0.852119,-0.250030,0.124704,-0.218327,-0.150044,-0.707559,-0.619304,-0.340327,0.000000,0.000000,0.000000,-1,-0.672363,-1.011963,-0.443054,0.488468,-0.958791,-0.244648,154.006088,146.506195,-738.317505,0,0
13.000000,-1.178302,0.683883,0.549362,0.631022,-0.298150,0.716183,-0.404727,0.661071,0.631808,-0.661822,-0.688543,0.296481,0.410326,-0.428243,0.033121,0.804452,0.267960,-0.475760,-0.257803,0.297772,-0.255109,-0.219449,-0.716183,-0.631808,-0.296481,0.000000,0.000000,0.000000,-1,-0.305649,-0.626877,-0.344589,0.373867,-0.972482,-0.182691,155.407730,146.156952,-736.981506,0,0
13.040000,-1.167692,0.694489,0.530545,0.636233,-0.309276,0.706793,-0.388803,0.662752,0.639993,-0.666363,-0.681988,0.301417,0.409897,-0.425765,0.024659,0.806288,-0.486949,-0.465621,-0.556943,0.181082,-0.197852,0.223887,-0.706793,-0.639993,-0.301417,0.000000,0.000000,0.000000,-1,-0.525711,-0.837845,-0.077530,-0.487321,-0.572291,-0.551561,154.706909,144.410767,-736.981506,0,0
13.080000,-1.209806,0.713707,0.514027,0.608690,-0.359637,0.707218,-0.371687,0.658251,0.654640,-0.700960,-0.661337,0.266999,0.413352,-0.442313,0.003785,0.795918,0.197161,-1.134628,-0.573165,0.255726,-0.476387,0.227661,-0.707218,-0.654640,-0.266999,0.000000,0.000000,0.000000,-1,-0.473618,-1.077347,0.027557,0.196789,-1.241297,-0.567783,156.809387,145.807724,-736.313477,0,0
13.120000,-1.281312,0.742720,0.547313,0.581056,-0.404924,0.705981,-0.383339,0.629029,0.676294,-0.717931,-0.663595,0.210278,0.430624,-0.457628,-0.006937,0.777876,0.688698,-1.286045,-0.449189,0.115649,0.066232,0.716580,-0.705981,-0.676294,-0.210278,0.000000,0.000000,0.000000,-1,-0.469330,-0.530899,0.568634,0.772396,-1.315309,-0.438701,157.685410,145.633102,-734.142456,0,0
13.160000,-1.332351,0.762567,0.557066,0.555363,-0.444876,0.702607,-0.382284,0.613745,0.690780,-0.738533,-0.652229,0.170783,0.438986,-0.471062,-0.020459,0.764835,0.307143,-0.625269,-0.268197,-0.255568,-0.076417,0.187674,-0.702607,-0.690780,-0.170783,0.000000,0.000000,0.000000,-1,-0.958176,-0.767197,0.016891,0.306771,-0.731936,-0.262816,161.890350,143.886902,-733.474426,0,0
13.200000,-1.367984,0.770330,0.576059,0.540473,-0.462299,0.702971,-0.390937,0.601859,0.696372,-0.745021,-0.651188,0.144559,0.445549,-0.478755,-0.023595,0.756123,0.560771,-0.647286,-0.106017,-0.408845,0.107230,0.095669,-0.702971,-0.696372,-0.144559,0.000000,0.000000,0.000000,-1,-0.955582,-0.591354,0.030960,0.560399,-0.753952,-0.100636,161.189529,145.982346,-731.470398,0,0
13.240000,-1.411308,0.776208,0.624840,0.533420,-0.468098,0.704519,-0.417418,0.578750,0.700579,-0.735680,-0.667782,0.113325,0.458624,-0.482702,-0.016986,0.745905,0.902028,-0.197474,0.078597,0.099294,-0.053908,0.323118,-0.704519,-0.700579,-0.113325,0.000000,0.000000,0.000000,-1,-0.569046,-0.784027,0.210388,0.909083,-0.249031,0.068755,162.415970,145.109238,-731.637451,0,0
13.280000,-1.459373,0.777867,0.661910,0.516356,-0.481789,0.707994,-0.437866,0.561965,0.701761,-0.735969,-0.672365,0.079215,0.467754,-0.491527,-0.014952,0.734428,0.379457,-0.384244,-0.029682,0.233080,-0.068899,0.014716,-0.707994,-0.701761,-0.079215,0.000000,0.000000,0.000000,-1,-0.474915,-0.770660,-0.064499,0.379085,-0.490908,-0.024301,161.890350,145.633102,-730.468384,0,0
13.320000,-1.484305,0.783896,0.679702,0.509318,-0.492783,0.705521,-0.445127,0.550785,0.706044,-0.736517,-0.673648,0.061174,0.473645,-0.495049,-0.016360,0.728230,0.528526,-0.472548,-0.235160,0.164292,-0.060664,-0.011321,-0.705521,-0.706044,-0.061174,0.000000,0.000000,0.000000,-1,-0.592392,-0.737915,-0.002380,0.528154,-0.579212,-0.229779,162.065567,146.156952,-728.631348,0,0
13.360000,-1.522705,0.797210,0.720687,0.507673,-0.505180,0.697898,-0.461077,0.524974,0.715409,-0.727789,-0.684979,0.033589,0.487111,-0.495911,-0.015341,0.718720,0.731874,-0.109952,-0.234783,-0.057840,0.088548,0.122609,-0.697898,-0.715409,-0.033589,0.000000,0.000000,0.000000,-1,-0.778336,-0.633499,0.061966,0.712354,-0.189063,-0.237825,163.467209,145.458481,-728.965393,0,0
13.400000,-1.565432,0.805820,0.770540,0.506313,-0.513885,0.692510,-0.482356,0.496907,0.721399,-0.714829,-0.699289,0.003715,0.501421,-0.496709,-0.011128,0.708332,0.806778,-0.022849,-0.124311,-0.017833,-0.025641,0.024116,-0.692510,-0.721399,-0.003715,0.000000,0.000000,0.000000,-1,-0.710342,-0.747040,0.020401,0.806406,-0.129511,-0.118930,162.591187,145.633102,-727.462341,0,0
13.440000,-1.585319,0.808162,0.789996,0.503321,-0.519157,0.690756,-0.490731,0.486238,0.723018,-0.711232,-0.702886,-0.010032,0.506733,-0.498234,-0.010102,0.703478,0.566232,-0.513688,-0.094979,0.052115,-0.005039,0.039605,-0.690756,-0.723018,0.010032,0.000000,0.000000,0.000000,-1,-0.571838,-0.747284,0.043655,0.565859,-0.620349,-0.089598,162.941589,148.427017,-727.462341,0,0
13.480000,-1.619551,0.818858,0.809533,0.494512,-0.538518,0.682244,-0.494508,0.471197,0.730367,-0.714786,-0.698550,-0.033289,0.513956,-0.502487,-0.015829,0.695057,0.262014,-0.544479,-0.127670,0.177178,-0.074718,-0.114420,-0.682244,-0.730367,0.033289,0.000000,0.000000,0.000000,-1,-0.523895,-0.777359,-0.005035,0.261644,-0.651149,-0.122273,163.992828,148.077774,-725.792358,0,0
13.520000,-1.682049,0.818812,0.854565,0.474583,-0.560278,0.678867,-0.515244,0.448480,0.730335,-0.713649,-0.696387,-0.075839,0.524867,-0.512283,-0.016567,0.679563,0.430957,-0.247806,-0.224457,-0.053265,0.095676,0.112317,-0.678867,-0.730335,0.075839,0.000000,0.000000,0.000000,-1,-0.732132,-0.634659,0.188156,0.430555,-0.354433,-0.219081,162.766388,148.252396,-723.955322,0,0
13.560000,-1.715595,0.822118,0.885434,0.469897,-0.570553,0.673548,-0.526968,0.430833,0.732589,-0.708168,-0.699180,-0.098216,0.533217,-0.514576,-0.016232,0.671289,0.491010,-0.203199,-0.099813,-0.089712,0.050277,0.034474,-0.673548,-0.732589,0.098216,0.000000,0.000000,0.000000,-1,-0.733200,-0.701218,0.183731,0.490595,-0.309716,-0.094426,165.394470,148.077774,-724.790283,0,0
13.600000,-1.747220,0.819665,0.911664,0.461351,-0.579433,0.671872,-0.539505,0.417964,0.730918,-0.704336,-0.699688,-0.119779,0.539251,-0.518746,-0.015050,0.663237,0.193800,-0.377894,0.063809,-0.021273,-0.006174,-0.037260,-0.671872,-0.730918,0.119779,0.000000,0.000000,0.000000,-1,-0.678635,-0.732788,0.051010,0.260326,-0.489723,0.059973,164.693649,148.077774,-723.120300,0,0
13.640000,-1.764702,0.816042,0.914235,0.448562,-0.588935,0.672270,-0.542673,0.418189,0.728440,-0.710140,-0.691573,-0.132016,0.539071,-0.524796,-0.017563,0.658547,0.027957,-0.354576,0.062341,0.045638,0.085648,-0.029354,-0.672270,-0.728440,0.132016,0.000000,0.000000,0.000000,-1,-0.626633,-0.642792,0.102661,0.027542,-0.461090,0.067728,164.518448,148.252396,-722.953308,0,0
13.680000,-1.772642,0.816277,0.914131,0.442973,-0.594550,0.671033,-0.542493,0.418140,0.728601,-0.713776,-0.686781,-0.137315,0.539015,-0.527371,-0.019825,0.656467,-0.031953,-0.231780,-0.062008,0.020642,-0.013663,-0.044633,-0.671033,-0.728601,0.137315,0.000000,0.000000,0.000000,-1,-0.687225,-0.747910,0.116516,-0.032369,-0.338293,-0.056621,165.569687,148.601639,-723.287292,0,0
13.720000,-1.779653,0.820230,0.907152,0.435845,-0.604021,0.667231,-0.537289,0.420139,0.731303,-0.722052,-0.677231,-0.141418,0.537849,-0.530498,-0.025482,0.654707,-0.248726,-0.280492,-0.021105,-0.128545,-0.008932,0.026932,-0.667231,-0.731303,0.141418,0.000000,0.000000,0.000000,-1,-0.833221,-0.748245,0.168564,-0.194996,-0.370077,-0.039793,165.920090,147.553925,-722.619263,0,0
13.760000,-1.765845,0.815991,0.885044,0.430320,-0.602521,0.672155,-0.530264,0.433873,0.728405,-0.730509,-0.669867,-0.132791,0.531328,-0.532997,-0.027457,0.657914,-0.240980,0.245756,0.234918,-0.267969,-0.150150,-0.012521,-0.672155,-0.728405,0.132791,0.000000,0.000000,0.000000,-1,-0.940125,-0.878555,0.120270,-0.241395,0.139245,0.240305,165.569687,148.950882,-721.617310,0,0
13.800000,-1.738964,0.811606,0.877014,0.442811,-0.585993,0.678624,-0.529214,0.440155,0.725394,-0.723775,-0.680350,-0.115210,0.528646,-0.527388,-0.021353,0.664785,-0.137559,0.972955,0.163482,-0.280910,-0.161218,-0.032371,-0.678624,-0.725394,0.115210,0.000000,0.000000,0.000000,-1,-0.888962,-0.892441,0.016403,-0.137975,0.866444,0.168869,166.620926,147.204681,-723.955322,0,1
13.840000,-1.637517,0.806958,0.842692,0.493501,-0.529280,0.690159,-0.516309,0.460295,0.722186,-0.699915,-0.712735,-0.046116,0.519452,-0.503217,-0.004695,0.690594,-0.841367,2.335327,0.171473,0.077519,-0.182873,-0.234288,-0.690159,-0.722186,0.046116,0.000000,0.000000,0.000000,-1,-0.562851,-0.888687,-0.198914,-0.765406,2.087784,0.159635,164.343246,148.776260,-724.456299,0,0
13.880000,-1.471437,0.792564,0.768620,0.563918,-0.440467,0.698559,-0.488006,0.504663,0.712155,-0.666218,-0.742499,0.069637,0.497398,-0.466666,0.016255,0.731132,-1.369237,2.218941,0.336311,0.138013,-0.042148,-0.016163,-0.698559,-0.712155,-0.069637,0.000000,0.000000,0.000000,-1,-0.560547,-0.754303,-0.085800,-1.369652,2.112432,0.341697,162.766388,146.156952,-727.629395,0,0
13.920000,-1.362949,0.778280,0.690641,0.596671,-0.398070,0.696795,-0.453644,0.548931,0.702056,-0.661960,-0.734993,0.146949,0.474550,-0.448696,0.018352,0.757059,-2.395750,1.372491,0.081261,0.078158,-0.170884,0.113441,-0.696795,-0.702056,-0.146949,0.000000,0.000000,0.000000,-1,-0.691833,-0.943542,0.069031,-2.396165,1.265983,0.086648,159.437469,144.585373,-729.466370,0,0
13.960000,-1.229305,0.739441,0.520656,0.606379,-0.384233,0.696182,-0.367538,0.640943,0.673875,-0.705138,-0.664497,0.247434,0.423675,-0.443602,-0.005285,0.789740,-2.920483,-0.075555,0.222290,-0.078782,-0.467253,0.574644,-0.696182,-0.673875,-0.247434,0.000000,0.000000,0.000000,-1,-0.784164,-1.193069,0.339111,-3.078648,-0.328489,0.151361,159.262268,143.363037,-734.309448,0,0
14.000000,-1.151418,0.704004,0.456591,0.626128,-0.351095,0.696201,-0.336072,0.684171,0.647275,-0.703576,-0.639251,0.310386,0.397357,-0.432336,-0.004640,0.809427,-0.189901,1.308626,0.595477,0.164676,-0.285876,0.188849,-0.696201,-0.647275,-0.310386,0.000000,0.000000,0.000000,-1,-0.531525,-0.933151,-0.121536,-0.190316,1.202119,0.600864,159.262268,141.966080,-738.651489,0,0
14.040000,-1.117782,0.671853,0.458992,0.640329,-0.307818,0.703724,-0.346757,0.701663,0.622437,-0.685375,-0.642586,0.342557,0.386040,-0.423904,0.011883,0.819230,-0.530346,1.190672,1.125239,0.124347,-0.109405,0.382581,-0.703724,-0.622437,-0.342557,0.000000,0.000000,0.000000,-1,-0.581299,-0.684097,0.034485,-0.530761,1.084166,1.130625,157.860626,141.966080,-739.987549,0,0
14.080000,-1.082565,0.630455,0.468878,0.653709,-0.252483,0.713384,-0.365015,0.720583,0.589512,-0.662894,-0.645765,0.378891,0.372235,-0.414723,0.033910,0.829636,-0.053899,0.705518,0.696690,0.131353,0.027348,0.265351,-0.713384,-0.589512,-0.378891,0.000000,0.000000,0.000000,-1,-0.582031,-0.562164,-0.113541,-0.097744,0.619215,0.740758,154.882111,143.188416,-741.490540,0,0
14.120000,-1.075593,0.609531,0.481795,0.654520,-0.226173,0.721422,-0.379925,0.726581,0.572483,-0.653652,-0.648788,0.389633,0.366847,-0.413046,0.046184,0.832276,0.026470,-0.008382,0.444797,0.274889,-0.046475,0.284424,-0.721422,-0.572483,-0.389633,0.000000,0.000000,0.000000,-1,-0.446533,-0.618958,-0.105209,0.026055,-0.114886,0.450184,153.655670,143.013794,-743.661621,0,0
14.160000,-1.087663,0.600731,0.493228,0.646181,-0.220935,0.730505,-0.390577,0.726599,0.565246,-0.655667,-0.650570,0.383223,0.366183,-0.417491,0.051093,0.830061,0.218339,-0.304314,0.354666,0.445837,-0.086289,0.282911,-0.730505,-0.565246,-0.383223,0.000000,0.000000,0.000000,-1,-0.241821,-0.615112,-0.116226,0.217924,-0.410818,0.360052,153.130051,144.585373,-742.158569,0,0
14.200000,-1.116775,0.605489,0.514464,0.633505,-0.229480,0.738925,-0.404590,0.715792,0.569164,-0.659529,-0.659530,0.360613,0.373196,-0.424757,0.053187,0.823090,0.461200,-0.423686,-0.065513,0.508807,-0.002811,0.080462,-0.738925,-0.569164,-0.360613,0.000000,0.000000,0.000000,-1,-0.230118,-0.571976,-0.280151,0.468330,-0.515309,-0.035812,152.429230,142.489944,-743.494568,0,0
14.240000,-1.131367,0.629817,0.524612,0.635198,-0.248271,0.731358,-0.404776,0.699456,0.588997,-0.657784,-0.670166,0.343799,0.384689,-0.424399,0.047814,0.818299,0.420968,-0.050331,-0.663500,0.301121,-0.015175,-0.079724,-0.731358,-0.588997,-0.343799,0.000000,0.000000,0.000000,-1,-0.430237,-0.604172,-0.423523,0.420553,-0.156833,-0.658114,153.830887,143.886902,-742.826599,0,1
14.280000,-1.138773,0.654548,0.533986,0.641809,-0.262787,0.720433,-0.403777,0.682881,0.608800,-0.651955,-0.681628,0.332172,0.395840,-0.420981,0.043249,0.814994,0.699676,0.091759,-0.651258,0.099858,-0.063548,-0.019650,-0.720433,-0.608800,-0.332172,0.000000,0.000000,0.000000,-1,-0.726273,-0.686005,-0.354507,0.699261,-0.014741,-0.645871,153.830887,143.886902,-742.826599,0,0
14.320000,-1.135592,0.673807,0.556993,0.656974,-0.257409,0.708608,-0.413104,0.663335,0.623965,-0.630659,-0.702658,0.329457,0.407487,-0.411371,0.047823,0.813905,0.360596,0.618761,0.109596,-0.374598,-0.028562,-0.136943,-0.708608,-0.623965,-0.329457,0.000000,0.000000,0.000000,-1,-1.083206,-0.652527,-0.466400,0.413134,0.432688,0.076464,153.655670,142.664566,-739.319519,0,0
14.360000,-1.106214,0.665036,0.565416,0.673890,-0.225770,0.703491,-0.421593,0.664427,0.617087,-0.606738,-0.712436,0.352568,0.405246,-0.399365,0.059688,0.820196,-0.127998,0.604101,0.237375,-0.266999,0.056403,-0.278536,-0.703491,-0.617087,-0.352568,0.000000,0.000000,0.000000,-1,-0.970490,-0.560684,-0.631104,-0.128413,0.497602,0.242761,155.057327,143.013794,-741.991577,0,0
14.400000,-1.100689,0.658769,0.564103,0.674584,-0.218996,0.704966,-0.422779,0.668235,0.612144,-0.605140,-0.710987,0.358193,0.402541,-0.398578,0.061997,0.821738,-0.127773,-0.142394,0.167345,0.014643,0.063560,-0.144294,-0.704966,-0.612144,-0.358193,0.000000,0.000000,0.000000,-1,-0.593063,-0.585098,-0.461090,-0.128188,-0.248892,0.172731,155.057327,143.013794,-741.991577,0,0
14.440000,-1.111190,0.644300,0.560525,0.661896,-0.220106,0.716552,-0.425050,0.677175,0.600639,-0.617435,-0.702131,0.354663,0.396881,-0.406391,0.062435,0.820630,-0.206077,-0.227039,0.283471,0.208159,0.033607,-0.091839,-0.716552,-0.600639,-0.354663,0.000000,0.000000,0.000000,-1,-0.508392,-0.567032,-0.446503,-0.226653,-0.361078,0.305160,153.130051,144.236145,-740.822571,0,0
14.480000,-1.125444,0.641374,0.558100,0.651350,-0.229882,0.723117,-0.424335,0.679691,0.598297,-0.629034,-0.696545,0.345170,0.395755,-0.413271,0.059433,0.817956,0.028617,-0.556558,-0.286717,0.108447,-0.185104,-0.223235,-0.723117,-0.598297,-0.345170,0.000000,0.000000,0.000000,-1,-0.705093,-0.942871,-0.546234,0.028202,-0.663054,-0.281331,154.531708,143.188416,-742.826599,0,0
14.520000,-1.147918,0.653857,0.554601,0.640967,-0.255421,0.723824,-0.417989,0.674770,0.608252,-0.643775,-0.692420,0.325742,0.400142,-0.420732,0.050013,0.812631,0.240442,-0.989312,-0.413681,0.024147,-0.555108,-0.234790,-0.723824,-0.608252,-0.325742,0.000000,0.000000,0.000000,-1,-0.524170,-1.108170,-0.636063,0.240027,-1.095808,-0.408295,154.531708,143.188416,-742.826599,0,0
14.560000,-1.133349,0.659185,0.536680,0.647732,-0.260206,0.716056,-0.404167,0.679357,0.612473,-0.645827,-0.686124,0.334875,0.397964,-0.417358,0.044118,0.815776,-0.399172,0.259701,-0.278249,0.142020,0.067032,0.353246,-0.716056,-0.612473,-0.334875,0.000000,0.000000,0.000000,-1,-0.574036,-0.545441,0.018372,-0.541503,0.439705,-0.182167,155.232529,143.886902,-741.490540,0,0
14.600000,-1.191156,0.686093,0.519733,0.613885,-0.326662,0.718636,-0.384271,0.671557,0.633519,-0.689552,-0.665058,0.286732,0.404844,-0.439016,0.017960,0.801900,-0.194799,-1.881808,-0.906939,0.451378,-0.235286,0.265492,-0.718636,-0.633519,-0.286732,0.000000,0.000000,0.000000,-1,-0.288284,-0.954681,0.085114,-0.195226,-1.988194,-0.901545,155.232529,142.839172,-741.156555,0,0
14.640000,-1.243595,0.714360,0.518051,0.586425,-0.379824,0.715429,-0.374120,0.656379,0.655134,-0.718428,-0.651844,0.242817,0.414497,-0.454735,-0.001809,0.788293,0.882328,-1.806488,-0.888304,0.010610,-0.422289,0.606312,-0.715429,-0.655134,-0.242817,0.000000,0.000000,0.000000,-1,-0.782730,-0.975586,0.493439,0.881902,-1.912873,-0.882909,157.685410,142.140701,-739.820557,0,0
14.680000,-1.321559,0.735650,0.547689,0.549224,-0.426767,0.718486,-0.386056,0.632951,0.671069,-0.741157,-0.645943,0.182876,0.428193,-0.474566,-0.013236,0.768936,0.011098,-0.678339,-0.116852,-0.055729,0.087069,0.350952,-0.718486,-0.671069,-0.182876,0.000000,0.000000,0.000000,-1,-0.777069,-0.561554,0.092117,0.119170,-0.829216,-0.087987,157.685410,142.140701,-739.820557,0,0
14.720000,-1.370240,0.747778,0.552238,0.519181,-0.462818,0.718506,-0.384634,0.624213,0.680011,-0.763222,-0.629410,0.146064,0.432696,-0.489635,-0.025836,0.756548,0.403539,-1.415328,-0.214649,-0.085663,-0.118710,-0.022988,-0.718506,-0.680011,-0.146064,0.000000,0.000000,0.000000,-1,-0.780045,-0.838882,-0.184418,0.403113,-1.521711,-0.209255,159.963089,140.569122,-736.981506,0,0
14.760000,-1.451094,0.761246,0.581793,0.476132,-0.506587,0.718796,-0.397842,0.604867,0.689824,-0.784232,-0.614415,0.086455,0.442947,-0.510461,-0.036932,0.736114,0.554729,-1.264735,-0.187211,0.163178,-0.148708,0.228606,-0.718796,-0.689824,-0.086455,0.000000,0.000000,0.000000,-1,-0.571854,-0.826172,0.232620,0.574409,-1.415670,-0.197794,161.890350,143.537659,-737.482483,0,0
14.800000,-1.488237,0.765194,0.597007,0.456276,-0.524548,0.718792,-0.405464,0.596488,0.692677,-0.792093,-0.607496,0.059478,0.447300,-0.519792,-0.040969,0.726678,0.199627,-0.595529,-0.041652,0.097088,-0.065838,0.328231,-0.718792,-0.692677,-0.059478,0.000000,0.000000,0.000000,-1,-0.664093,-0.690826,0.184509,0.285149,-0.815385,-0.057967,160.839127,144.934616,-733.474426,0,0
14.840000,-1.512808,0.766105,0.593324,0.435056,-0.541463,0.719405,-0.402911,0.597454,0.693334,-0.805226,-0.591496,0.041764,0.446049,-0.529300,-0.048100,0.720117,0.105641,-0.906248,-0.091336,-0.003907,0.072698,-0.228118,-0.719405,-0.693334,-0.041764,0.000000,0.000000,0.000000,-1,-0.723312,-0.620636,-0.269882,0.105215,-1.012629,-0.085942,162.065567,142.664566,-734.977478,0,0
14.880000,-1.543534,0.769763,0.607512,0.419509,-0.555665,0.717808,-0.409896,0.589591,0.695965,-0.809937,-0.586191,0.019574,0.450096,-0.536309,-0.051171,0.712158,0.391697,-0.528901,-0.152569,0.073125,0.006283,0.096661,-0.717808,-0.695965,-0.019574,0.000000,0.000000,0.000000,-1,-0.660202,-0.687134,0.158020,0.391271,-0.635281,-0.147175,162.065567,142.315323,-734.977478,0,0
14.920000,-1.592736,0.779955,0.642255,0.403579,-0.576129,0.710774,-0.425858,0.569287,0.703248,-0.809796,-0.586504,-0.015597,0.460947,-0.543439,-0.053706,0.699512,0.743314,-0.524775,-0.231987,-0.025829,0.043183,-0.053103,-0.710774,-0.703248,0.015597,0.000000,0.000000,0.000000,-1,-0.748032,-0.690247,-0.062729,0.717313,-0.699010,-0.228132,162.591187,142.140701,-733.474426,0,0
14.960000,-1.628947,0.787977,0.686083,0.403387,-0.584412,0.704089,-0.446804,0.545699,0.708928,-0.798527,-0.600562,-0.040990,0.473993,-0.543898,-0.049810,0.690669,0.592840,-0.132421,-0.179977,0.013766,-0.057429,-0.038212,-0.704089,-0.708928,0.040990,0.000000,0.000000,0.000000,-1,-0.672668,-0.764969,0.005676,0.592414,-0.238800,-0.174583,163.116806,143.013794,-731.971436,0,0
15.000000,-1.660288,0.791760,0.704415,0.390873,-0.597932,0.699782,-0.454992,0.535370,0.711591,-0.800126,-0.596537,-0.062793,0.479139,-0.549384,-0.052356,0.682541,0.312833,-0.751556,-0.157077,0.125228,0.008680,-0.015460,-0.699782,-0.711591,0.062793,0.000000,0.000000,0.000000,-1,-0.564667,-0.692734,0.056335,0.312407,-0.857934,-0.151683,163.116806,144.061523,-730.969421,0,0
15.040000,-1.705453,0.801925,0.726057,0.372449,-0.621706,0.689030,-0.461644,0.519963,0.718696,-0.805088,-0.585765,-0.093347,0.486270,-0.556970,-0.059667,0.670646,0.340870,-0.721088,-0.341547,0.088551,0.011481,-0.038172,-0.689030,-0.718696,0.093347,0.000000,0.000000,0.000000,-1,-0.617920,-0.712723,0.074219,0.339448,-0.790341,-0.325672,163.817627,144.061523,-730.635376,0,0
15.080000,-1.757620,0.814138,0.754127,0.353792,-0.647930,0.674550,-0.470011,0.500366,0.727134,-0.808654,-0.574300,-0.127509,0.495211,-0.564376,-0.067700,0.657010,0.482514,-0.663756,-0.289117,0.003178,0.007667,-0.031760,-0.674550,-0.727134,0.127509,0.000000,0.000000,0.000000,-1,-0.728668,-0.729828,0.077408,0.482087,-0.770132,-0.283723,164.343246,143.188416,-729.466370,0,0
15.120000,-1.790449,0.816651,0.769937,0.338724,-0.662385,0.668216,-0.476589,0.491559,0.728857,-0.811251,-0.565346,-0.149182,0.499086,-0.570530,-0.071649,0.648286,0.116573,-0.698396,-0.054100,-0.141217,0.012762,-0.127866,-0.668216,-0.728857,0.149182,0.000000,0.000000,0.000000,-1,-0.823761,-0.715988,0.012405,0.116147,-0.804772,-0.048707,165.394470,143.886902,-728.464355,0,0
15.160000,-1.810105,0.814049,0.755966,0.312086,-0.676550,0.666995,-0.470975,0.499548,0.727073,-0.825097,-0.541047,-0.162736,0.493780,-0.580990,-0.080047,0.642047,-0.351358,-0.698033,0.193583,-0.094922,0.051932,-0.112901,-0.666995,-0.727073,0.162736,0.000000,0.000000,0.000000,-1,-0.712402,-0.658142,0.046646,-0.300791,-0.773686,0.182321,167.146530,142.839172,-728.798401,0,0
15.200000,-1.809745,0.807340,0.725333,0.288542,-0.682245,0.671777,-0.458679,0.517377,0.722451,-0.840450,-0.516588,-0.163647,0.483429,-0.590017,-0.087227,0.640756,-0.339596,-0.402295,0.151701,-0.054556,0.069100,-0.048214,-0.671777,-0.722451,0.163647,0.000000,0.000000,0.000000,-1,-0.722931,-0.667221,0.136398,-0.340019,-0.508671,0.157091,166.445709,143.886902,-729.466370,0,0
15.240000,-1.811328,0.806200,0.712378,0.277838,-0.686146,0.672317,-0.452476,0.523898,0.721662,-0.847391,-0.504712,-0.164906,0.479282,-0.593920,-0.091321,0.639693,-0.237692,-0.308028,0.089521,-0.079072,0.014585,0.009288,-0.672317,-0.721662,0.164906,0.000000,0.000000,0.000000,-1,-0.789474,-0.730164,0.257874,-0.238115,-0.414404,0.094911,165.219269,141.267593,-728.965393,0,0
15.280000,-1.817166,0.803015,0.697071,0.260932,-0.691535,0.673568,-0.445878,0.532522,0.719453,-0.856217,-0.488057,-0.169388,0.473761,-0.600204,-0.096382,0.637194,-0.210910,-0.398038,0.161964,-0.165177,-0.227095,-0.086578,-0.673569,-0.719453,0.169388,0.000000,0.000000,0.000000,-1,-0.871368,-0.953751,0.002594,-0.190089,-0.609349,0.183550,167.672150,143.013794,-729.967407,0,0
15.320000,-1.773970,0.805641,0.676536,0.284962,-0.677176,0.678402,-0.433665,0.540091,0.721275,-0.854828,-0.499735,-0.139762,0.470275,-0.590527,-0.093789,0.649094,-0.190145,1.194134,-0.014581,-0.348331,-0.192513,-0.100928,-0.678402,-0.721275,0.139762,0.000000,0.000000,0.000000,-1,-1.025345,-0.894714,-0.018784,-0.190568,1.087760,-0.009191,165.394470,143.188416,-731.136414,0,1
15.360000,-1.712770,0.806193,0.663252,0.328343,-0.650057,0.685286,-0.426207,0.545489,0.721657,-0.842934,-0.529025,-0.097951,0.469256,-0.573389,-0.083989,0.666311,-0.522820,2.188765,0.090968,-0.204240,-0.116081,-0.215093,-0.685286,-0.721657,0.097951,0.000000,0.000000,0.000000,-1,-0.697952,-0.826904,-0.161194,-0.523244,2.082392,0.096358,165.920090,143.013794,-731.637451,0,0
15.400000,-1.549477,0.798817,0.601298,0.422838,-0.578659,0.697397,-0.394616,0.575205,0.716531,-0.815773,-0.578180,0.014870,0.456279,-0.533267,-0.064860,0.709386,-1.265836,2.634387,0.321591,0.116952,-0.038306,-0.115958,-0.697397,-0.716531,-0.014870,0.000000,0.000000,0.000000,-1,-0.539734,-0.709488,-0.080643,-1.209842,2.594816,0.331377,162.941589,144.585373,-736.146484,0,0
15.440000,-1.387386,0.783748,0.487465,0.486247,-0.527826,0.696393,-0.331746,0.625775,0.705939,-0.808398,-0.574287,0.129177,0.427579,-0.502581,-0.065488,0.748532,-2.215381,1.154929,0.024938,0.078885,-0.174066,0.211849,-0.696393,-0.705939,-0.129177,0.000000,0.000000,0.000000,-1,-0.617508,-0.880005,0.082672,-2.215804,1.048558,0.030328,163.116806,141.616837,-738.317505,0,0
15.480000,-1.314037,0.765290,0.394601,0.492020,-0.520917,0.697540,-0.277251,0.665759,0.692746,-0.825257,-0.534238,0.183142,0.400974,-0.497644,-0.079629,0.765003,-2.431449,-0.111734,0.220250,0.120986,-0.250110,0.588507,-0.697540,-0.692746,-0.183142,0.000000,0.000000,0.000000,-1,-0.622757,-1.066650,0.333725,-2.431872,-0.218105,0.225640,161.364746,141.616837,-743.327576,0,0
15.520000,-1.197673,0.722562,0.295440,0.528031,-0.482990,0.698501,-0.218404,0.717615,0.661308,-0.820660,-0.501747,0.273436,0.366395,-0.478578,-0.083352,0.793581,-0.961338,0.877271,0.796329,-0.049378,-0.220772,-0.188890,-0.698501,-0.661308,-0.273436,0.000000,0.000000,0.000000,-1,-0.726807,-0.820709,-0.101349,-1.233424,0.807773,0.647116,161.189529,144.236145,-746.500610,0,0
15.560000,-1.133129,0.667471,0.271769,0.558773,-0.426308,0.711361,-0.210827,0.756564,0.619001,-0.802076,-0.495855,0.332870,0.342541,-0.465006,-0.066207,0.813666,-0.695211,1.319270,0.791394,0.190365,-0.084581,0.390854,-0.711361,-0.619001,-0.332870,0.000000,0.000000,0.000000,-1,-0.520355,-0.723694,0.048203,-0.695645,1.213007,0.796790,159.963089,144.061523,-748.337646,0,0
15.600000,-1.105106,0.644289,0.275771,0.578202,-0.394124,0.714387,-0.217702,0.769317,0.600630,-0.786313,-0.502809,0.359019,0.335360,-0.456096,-0.053619,0.822578,-0.037738,0.778486,0.733402,0.245042,-0.060258,0.231685,-0.714387,-0.600630,-0.359019,0.000000,0.000000,0.000000,-1,-0.465561,-0.588211,-0.086319,-0.038172,0.672223,0.738798,158.736649,144.585373,-751.176697,0,0
15.640000,-1.101831,0.618437,0.295055,0.582822,-0.363392,0.726819,-0.236934,0.779576,0.579762,-0.777291,-0.510106,0.368254,0.329770,-0.455110,-0.038263,0.826234,0.148189,0.043510,0.566602,0.244305,0.021168,0.266050,-0.726818,-0.579762,-0.368254,0.000000,0.000000,0.000000,-1,-0.458252,-0.568680,-0.085754,0.098999,-0.019236,0.603187,156.984589,143.886902,-750.842712,0,0
15.680000,-1.114650,0.607580,0.318163,0.578710,-0.348995,0.737087,-0.256837,0.779826,0.570882,-0.774035,-0.519686,0.361658,0.330615,-0.458110,-0.027939,0.824650,0.327630,0.036634,0.222139,0.420818,-0.042445,0.341501,-0.737087,-0.570882,-0.361658,0.000000,0.000000,0.000000,-1,-0.265625,-0.588806,-0.034134,0.327196,-0.069627,0.227535,157.159790,145.807724,-750.675659,0,0
15.720000,-1.129811,0.610150,0.335106,0.573500,-0.348978,0.741156,-0.269529,0.773974,0.572990,-0.773597,-0.528373,0.349815,0.335302,-0.461156,-0.024188,0.821171,0.540393,-0.425848,0.067642,0.508047,0.028602,0.178077,-0.741156,-0.572990,-0.349815,0.000000,0.000000,0.000000,-1,-0.278015,-0.538223,-0.293808,0.539959,-0.532108,0.073038,155.758148,145.458481,-750.341675,0,0
15.760000,-1.177405,0.634291,0.363523,0.552890,-0.375274,0.743964,-0.286408,0.752853,0.592607,-0.782485,-0.540724,0.308763,0.350455,-0.472017,-0.027480,0.808472,0.733534,-0.933464,-0.489584,0.351142,0.037736,-0.061140,-0.743964,-0.592607,-0.308763,0.000000,0.000000,0.000000,-1,-0.399261,-0.558517,-0.360229,0.742769,-0.943233,-0.477284,157.510208,145.458481,-748.671631,0,1
15.800000,-1.231132,0.671321,0.393518,0.532586,-0.413904,0.738265,-0.300234,0.723153,0.622021,-0.791335,-0.552932,0.260873,0.370324,-0.482103,-0.035827,0.793192,0.846094,-0.277449,-0.660789,0.162276,-0.044071,-0.049872,-0.738265,-0.622021,-0.260873,0.000000,0.000000,0.000000,-1,-0.651657,-0.729095,-0.324905,0.845660,-0.383707,-0.655393,158.211029,145.807724,-747.669678,0,0
15.840000,-1.236493,0.692611,0.422358,0.546537,-0.415695,0.726977,-0.315461,0.701955,0.638548,-0.775746,-0.578323,0.252509,0.384732,-0.475108,-0.031690,0.790727,0.925337,0.805772,-0.165540,-0.184034,-0.158449,-0.173288,-0.726977,-0.638548,-0.252509,0.000000,0.000000,0.000000,-1,-1.253754,-0.737350,-0.558655,0.924903,0.699514,-0.160144,159.437469,145.283859,-746.834656,0,0
15.880000,-1.196783,0.672045,0.443477,0.578685,-0.366717,0.728452,-0.335779,0.706850,0.622587,-0.743220,-0.604881,0.285908,0.382729,-0.458873,-0.009647,0.801786,-0.520450,1.069293,0.949090,-0.701083,0.138945,-0.439846,-0.728452,-0.622587,-0.285908,0.000000,0.000000,0.000000,-1,-1.279160,-0.390045,-0.661285,-0.408161,1.078577,0.937830,157.510208,145.807724,-745.665649,0,0
15.920000,-1.165370,0.629482,0.423945,0.582040,-0.330864,0.742804,-0.332515,0.736773,0.588726,-0.742067,-0.589656,0.318815,0.362785,-0.457143,0.000508,0.812039,-0.687212,0.063731,0.631033,-0.071664,0.151943,-0.277346,-0.742804,-0.588726,-0.318815,0.000000,0.000000,0.000000,-1,-0.720322,-0.557709,-0.595413,-0.687646,-0.042524,0.636428,157.159790,145.807724,-748.003662,0,0
15.960000,-1.154608,0.608130,0.418251,0.581674,-0.313316,0.750659,-0.333345,0.749972,0.571334,-0.741981,-0.582559,0.331797,0.353520,-0.457302,0.006136,0.816003,-0.179285,0.409153,0.487719,0.167483,-0.185701,-0.174596,-0.750659,-0.571334,-0.331797,0.000000,0.000000,0.000000,-1,-0.496964,-0.885620,-0.468460,-0.179719,0.302898,0.493115,156.809387,146.855438,-749.339661,0,0
16.000000,-1.150219,0.608450,0.429833,0.588585,-0.304179,0.749028,-0.341932,0.745895,0.571596,-0.732564,-0.592550,0.335014,0.356257,-0.453403,0.011554,0.816929,0.463318,0.027565,-0.165445,0.257344,-0.384428,-0.237587,-0.749028,-0.571596,-0.335014,0.000000,0.000000,0.000000,-1,-0.539032,-0.852890,-0.518280,0.400396,-0.028779,-0.106400,155.057327,148.950882,-748.671631,0,0
16.040000,-1.130413,0.617745,0.419697,0.602786,-0.304759,0.737408,-0.332176,0.744439,0.579198,-0.725471,-0.594081,0.347503,0.357367,-0.445575,0.008351,0.820781,-0.848140,-0.230233,-0.261517,-0.089298,-0.041804,0.295242,-0.737408,-0.579198,-0.347503,0.000000,0.000000,0.000000,-1,-0.849258,-0.515732,0.076904,-0.848574,-0.336486,-0.256122,155.933350,148.427017,-750.508667,0,0
16.080000,-1.160790,0.625995,0.394587,0.574553,-0.342813,0.743215,-0.311532,0.748107,0.585904,-0.756860,-0.568168,0.323030,0.354759,-0.461119,-0.009616,0.813279,-0.123042,-2.332185,-0.677000,0.437948,-0.120136,0.344179,-0.743215,-0.585904,-0.323030,0.000000,0.000000,0.000000,-1,0.030212,-1.122162,-0.239273,-0.123476,-2.438437,-0.671604,156.809387,147.903152,-750.007690,0,0
16.120000,-1.227222,0.676673,0.392670,0.536833,-0.415831,0.734095,-0.298343,0.720321,0.626202,-0.789178,-0.555178,0.262632,0.372116,-0.479806,-0.037007,0.793692,1.338983,-1.168137,-1.440843,0.268564,-0.330921,0.705930,-0.734095,-0.626202,-0.262632,0.000000,0.000000,0.000000,-1,-0.718536,-0.838989,0.674515,0.876464,-0.925534,-1.401081,159.437469,149.125504,-749.506653,0,0
16.160000,-1.346790,0.722013,0.452000,0.481274,-0.482651,0.731727,-0.327782,0.675111,0.660897,-0.812979,-0.557919,0.166709,0.399829,-0.506737,-0.050804,0.762085,-0.321518,-0.411328,-0.131412,-0.143945,0.049462,0.530372,-0.731727,-0.660897,-0.166709,0.000000,0.000000,0.000000,-1,-0.882874,-0.555786,0.138062,-0.321952,-0.517578,-0.126017,160.839127,148.427017,-747.502625,0,0
16.200000,-1.356640,0.733330,0.439987,0.470862,-0.501243,0.725978,-0.316443,0.672189,0.669347,-0.823500,-0.544901,0.157894,0.400244,-0.510743,-0.060914,0.758443,0.451415,-1.141366,-0.547232,-0.140843,0.080465,-0.133198,-0.725978,-0.669347,-0.157894,0.000000,0.000000,0.000000,-1,-0.758209,-0.800034,-0.176208,0.450981,-1.247615,-0.541836,161.364746,147.204681,-745.999634,0,0
16.240000,-1.455520,0.763009,0.487986,0.423465,-0.552455,0.717963,-0.338864,0.638399,0.691099,-0.840148,-0.535949,0.083132,0.418908,-0.531931,-0.072919,0.732290,0.789400,-0.982421,-0.608051,0.216040,-0.058947,0.168170,-0.717963,-0.691099,-0.083132,0.000000,0.000000,0.000000,-1,-0.515198,-0.760666,0.167450,0.837569,-1.350581,-0.629666,162.941589,148.776260,-744.496582,0,0
16.280000,-1.491292,0.777162,0.523504,0.418249,-0.565719,0.710655,-0.356395,0.617429,0.701259,-0.835494,-0.546575,0.056620,0.431335,-0.534453,-0.072356,0.723239,0.497247,-0.225789,-0.138083,0.027168,0.002040,0.153910,-0.710655,-0.701259,-0.056620,0.000000,0.000000,0.000000,-1,-0.738220,-0.624313,0.050568,0.496813,-0.332037,-0.132687,162.941589,149.474747,-744.162598,0,0
16.320000,-1.521308,0.783886,0.540233,0.405118,-0.579305,0.707308,-0.364240,0.607323,0.706037,-0.838576,-0.543658,0.035032,0.436681,-0.540179,-0.075150,0.715450,0.433804,-0.664870,-0.238582,-0.052412,0.177808,-0.032260,-0.707308,-0.706037,-0.035032,0.000000,0.000000,0.000000,-1,-0.671234,-0.605072,-0.073853,0.433370,-0.771117,-0.233187,164.518448,148.950882,-741.657593,0,0
16.360000,-1.572921,0.800038,0.590745,0.397802,-0.596987,0.696678,-0.388037,0.578610,0.717383,-0.831373,-0.555713,-0.001480,0.452955,-0.543665,-0.074342,0.702661,1.148828,-0.163731,-0.473170,0.132530,0.003485,-0.069138,-0.696678,-0.717383,0.001480,0.000000,0.000000,0.000000,-1,-0.551056,-0.738586,-0.043060,1.080526,-0.263549,-0.422379,164.168030,150.347839,-741.991577,0,0
16.400000,-1.638398,0.821927,0.666738,0.398853,-0.616058,0.679256,-0.421031,0.535011,0.732459,-0.814646,-0.578131,-0.045989,0.476925,-0.543633,-0.070971,0.687000,0.964712,-0.453158,-0.463452,0.098201,0.004554,0.056993,-0.679256,-0.732459,0.045989,0.000000,0.000000,0.000000,-1,-0.612534,-0.712524,0.061951,0.964278,-0.559404,-0.458056,165.044067,149.823975,-740.488525,0,0
16.440000,-1.690227,0.832716,0.700855,0.382590,-0.638200,0.668076,-0.433914,0.514268,0.739762,-0.815686,-0.572913,-0.080170,0.486953,-0.550420,-0.075782,0.673923,0.670001,-0.897340,-0.428414,0.054261,0.060776,-0.097672,-0.668076,-0.739762,0.080170,0.000000,0.000000,0.000000,-1,-0.649811,-0.695343,-0.011139,0.669567,-1.003585,-0.423019,165.569687,149.998596,-738.651489,0,0
16.480000,-1.768331,0.846749,0.742508,0.352072,-0.673901,0.649540,-0.447889,0.488056,0.749131,-0.821852,-0.554669,-0.130002,0.498502,-0.562580,-0.086415,0.653859,0.305298,-1.056343,-0.404530,0.009068,0.032654,-0.222501,-0.649540,-0.749131,0.130002,0.000000,0.000000,0.000000,-1,-0.656082,-0.735031,-0.043411,0.374908,-1.288762,-0.406783,165.744888,149.125504,-738.484497,0,0
16.520000,-1.812766,0.860325,0.753863,0.329051,-0.700567,0.633191,-0.446399,0.475480,0.758055,-0.832138,-0.532094,-0.156275,0.502455,-0.570680,-0.098987,0.641922,-0.005306,-0.595996,-0.257455,-0.081393,0.007810,-0.166407,-0.633191,-0.758055,0.156275,0.000000,0.000000,0.000000,-1,-0.766037,-0.705917,0.062805,-0.005740,-0.702239,-0.252060,167.847366,149.823975,-736.480469,0,0
16.560000,-1.822748,0.863080,0.750424,0.319483,-0.708213,0.629575,-0.443335,0.475483,0.759848,-0.837487,-0.521872,-0.162067,0.501514,-0.574035,-0.103642,0.638925,-0.115573,-0.351678,0.056455,-0.254931,0.193457,0.015866,-0.629575,-0.759848,0.162067,0.000000,0.000000,0.000000,-1,-0.915756,-0.520142,0.247635,-0.116007,-0.457920,0.061850,168.022568,152.094040,-735.979492,0,0
16.600000,-1.835933,0.854781,0.738928,0.296650,-0.714663,0.633448,-0.442072,0.485193,0.754427,-0.846505,-0.503831,-0.172000,0.495847,-0.583211,-0.107421,0.634398,-0.190549,-0.736323,0.268564,-0.156240,0.033876,-0.053515,-0.633448,-0.754427,0.172000,0.000000,0.000000,0.000000,-1,-0.756073,-0.798553,0.072678,-0.149484,-0.807465,0.278667,168.548187,151.220947,-737.816528,0,0
16.640000,-1.840397,0.851300,0.705993,0.267671,-0.724480,0.635201,-0.427557,0.501482,0.752138,-0.863451,-0.472910,-0.175524,0.485209,-0.593577,-0.117604,0.631195,-0.649734,-0.422562,0.232852,-0.153938,-0.242796,-0.214480,-0.635201,-0.752138,0.175524,0.000000,0.000000,0.000000,-1,-0.819016,-0.963455,-0.009888,-0.650178,-0.528698,0.238252,169.424210,150.347839,-737.315491,0,0
16.680000,-1.808871,0.851031,0.674139,0.271910,-0.718107,0.640614,-0.411494,0.515003,0.751961,-0.869906,-0.468075,-0.155462,0.477590,-0.591303,-0.120025,0.638641,-0.269830,0.900320,0.054627,-0.383830,-0.020821,-0.156286,-0.640614,-0.751961,0.155462,0.000000,0.000000,0.000000,-1,-1.024445,-0.772781,-0.000824,-0.302373,0.520651,0.061615,169.949829,151.919418,-738.818542,0,1
16.720000,-1.743420,0.845932,0.657657,0.314844,-0.688643,0.653180,-0.405289,0.524743,0.748589,-0.858262,-0.500415,-0.113888,0.475392,-0.575280,-0.107849,0.656829,-0.417346,2.264285,0.411761,-0.408084,0.085076,-0.149960,-0.653180,-0.748589,0.113888,0.000000,0.000000,0.000000,-1,-0.880219,-0.664307,-0.049225,-0.369255,1.979942,0.354671,169.949829,151.919418,-738.818542,0,0
16.760000,-1.558140,0.817042,0.591832,0.417237,-0.598006,0.684326,-0.381804,0.567982,0.729124,-0.824705,-0.565496,0.008662,0.458419,-0.534341,-0.076556,0.706024,-1.479845,3.066662,0.994257,0.159882,-0.061708,-0.077703,-0.684326,-0.729124,-0.008662,0.000000,0.000000,0.000000,-1,-0.524445,-0.790833,-0.086365,-1.480288,2.960528,0.999658,168.372986,151.395554,-740.321533,0,0
16.800000,-1.423434,0.783309,0.517297,0.472792,-0.534044,0.700903,-0.350417,0.615871,0.705628,-0.808502,-0.579224,0.104041,0.433843,-0.509666,-0.062004,0.740389,-2.138928,2.462126,0.858521,0.076788,-0.320907,0.115867,-0.700903,-0.705628,-0.104041,0.000000,0.000000,0.000000,-1,-0.651413,-0.987991,0.166580,-2.139371,2.355992,0.863921,166.095306,151.570175,-744.162598,0,0
16.840000,-1.260479,0.737631,0.364323,0.513508,-0.489576,0.704716,-0.263697,0.691490,0.672537,-0.816562,-0.531185,0.225986,0.386016,-0.487851,-0.072436,0.779581,-2.902509,-0.590450,0.010593,-0.095089,-0.675791,0.311359,-0.704716,-0.672537,-0.225986,0.000000,0.000000,0.000000,-1,-0.761963,-1.484833,0.005341,-2.852272,-0.063547,0.075337,166.095306,151.570175,-744.162598,0,0
16.880000,-1.196895,0.698264,0.272484,0.512838,-0.478093,0.713039,-0.206139,0.737699,0.642889,-0.833369,-0.476683,0.279767,0.351913,-0.486080,-0.085483,0.795347,-0.458597,2.720543,0.658002,0.074321,-0.555506,0.394101,-0.713039,-0.642889,-0.279767,0.000000,0.000000,0.000000,-1,-0.575653,-1.003601,0.312210,-0.459040,2.614411,0.663402,166.620926,152.443283,-748.671631,0,0
16.920000,-1.120955,0.673807,0.271237,0.569469,-0.424849,0.703710,-0.209370,0.752882,0.623965,-0.794902,-0.502665,0.339793,0.345251,-0.459244,-0.066033,0.815804,-0.342641,1.966994,0.831383,0.172445,-0.034238,0.331202,-0.703710,-0.623965,-0.339793,0.000000,0.000000,0.000000,-1,-0.576630,-0.604187,0.006424,-0.343084,1.860863,0.836784,165.569687,151.395554,-750.675659,0,0
16.960000,-1.058557,0.625476,0.284626,0.613712,-0.352175,0.706633,-0.227639,0.778068,0.585483,-0.756001,-0.520175,0.397341,0.331022,-0.437897,-0.037285,0.835033,-0.257540,1.308190,1.262097,0.152067,-0.067975,0.366992,-0.706633,-0.585483,-0.397341,0.000000,0.000000,0.000000,-1,-0.533432,-0.654007,-0.004837,-0.260194,1.285756,1.227787,165.569687,151.395554,-750.675659,0,0
17.000000,-1.025577,0.578466,0.308477,0.636053,-0.287952,0.715905,-0.254212,0.797779,0.546740,-0.728569,-0.529747,0.434229,0.317822,-0.426467,-0.009961,0.846768,0.053621,0.849759,0.979915,0.322762,0.071078,0.377162,-0.715905,-0.546740,-0.434230,0.000000,0.000000,0.000000,-1,-0.393143,-0.475662,-0.057068,0.053179,0.743629,0.985315,162.591187,151.220947,-752.178711,0,0
17.040000,-1.019736,0.561095,0.334519,0.643407,-0.256312,0.721340,-0.277976,0.799740,0.529632,-0.708254,-0.552334,0.439662,0.318855,-0.422493,0.013433,0.848322,0.809668,0.034979,0.614658,0.471145,0.027038,0.380412,-0.725387,-0.529632,-0.439662,0.000000,0.000000,0.000000,-1,-0.254242,-0.502594,-0.059250,0.730914,0.100696,0.681842,162.415970,153.490997,-752.679688,0,0
17.080000,-1.059435,0.563540,0.390117,0.629757,-0.244743,0.737229,-0.321491,0.781852,0.534182,-0.707141,-0.573418,0.413695,0.329473,-0.429651,0.022830,0.840432,1.113968,-0.725712,0.265838,0.586884,0.047655,0.233809,-0.737229,-0.534182,-0.413695,0.000000,0.000000,0.000000,-1,-0.132187,-0.479111,-0.258850,1.095674,-0.732122,0.310343,162.415970,153.490997,-752.679688,0,0
17.120000,-1.132507,0.591561,0.440406,0.599158,-0.275843,0.751612,-0.353865,0.750865,0.557657,-0.718185,-0.600094,0.352275,0.352143,-0.447055,0.023731,0.821933,1.097936,-0.947479,-0.560557,0.587595,0.094034,-0.001118,-0.751612,-0.557657,-0.352275,0.000000,0.000000,0.000000,-1,-0.164017,-0.463623,-0.353394,1.097493,-1.053606,-0.555156,162.941589,154.364105,-749.840698,0,0
17.160000,-1.172061,0.627107,0.464207,0.589278,-0.309719,0.746208,-0.362527,0.724041,0.586804,-0.722029,-0.616311,0.314380,0.371099,-0.452875,0.016289,0.810509,1.122827,-0.770094,-1.046687,0.353706,-0.017825,-0.117657,-0.746208,-0.586804,-0.314380,0.000000,0.000000,0.000000,-1,-0.526215,-0.701263,-0.405380,1.122384,-0.876220,-1.041286,165.219269,152.792526,-748.337646,0,1
17.200000,-1.192139,0.686714,0.505668,0.608758,-0.336298,0.718552,-0.374596,0.676552,0.633999,-0.699350,-0.655119,0.285881,0.401972,-0.442129,0.011942,0.801747,0.925155,1.427716,-0.343864,-0.490646,-0.374958,-0.331566,-0.718552,-0.633999,-0.285881,0.000000,0.000000,0.000000,-1,-1.607559,-1.175888,-0.689880,1.028755,1.022220,-0.599933,165.219269,152.792526,-748.337646,0,0
17.240000,-1.125758,0.654980,0.522213,0.647360,-0.261800,0.715812,-0.395578,0.687359,0.609143,-0.651494,-0.677494,0.341406,0.393254,-0.417910,0.040888,0.817943,-0.484393,1.184015,1.182188,-0.358148,0.055860,-0.553522,-0.715812,-0.609143,-0.341406,0.000000,0.000000,0.000000,-1,-1.073959,-0.553284,-0.894928,-0.484836,1.077891,1.187588,165.219269,154.189484,-748.671631,0,0
17.280000,-1.115622,0.605612,0.519778,0.635517,-0.225423,0.738446,-0.408354,0.713572,0.569265,-0.655260,-0.663325,0.361435,0.374336,-0.423267,0.055556,0.823183,-0.363470,-0.396600,0.582733,0.260968,0.184637,-0.237809,-0.738446,-0.569265,-0.361435,0.000000,0.000000,0.000000,-1,-0.477478,-0.384628,-0.599243,-0.452545,-0.450521,0.756942,166.095306,155.761063,-748.504639,0,0
17.320000,-1.124472,0.608996,0.519276,0.630821,-0.233778,0.739874,-0.407037,0.712100,0.572044,-0.660595,-0.662013,0.354051,0.375722,-0.426388,0.052751,0.821123,0.346970,-0.360039,-0.494299,0.148199,-0.242470,0.050539,-0.739874,-0.572044,-0.354051,0.000000,0.000000,0.000000,-1,-0.668839,-0.976913,-0.325073,0.215178,-0.349383,-0.383733,163.116806,153.490997,-749.339661,0,0
17.360000,-1.150196,0.638312,0.526305,0.626280,-0.265192,0.733108,-0.403432,0.694418,0.595841,-0.667095,-0.668922,0.327913,0.388571,-0.430182,0.042471,0.813728,-0.451462,-0.292216,-0.504955,0.085479,-0.100723,0.138689,-0.733108,-0.595841,-0.327913,0.000000,0.000000,0.000000,-1,-0.647629,-0.696564,-0.189224,-0.451907,-0.398337,-0.499551,165.744888,154.713348,-747.836670,0,0
17.400000,-1.169653,0.653159,0.480597,0.595304,-0.329913,0.732646,-0.365427,0.700898,0.612540,-0.715595,-0.632376,0.296688,0.386561,-0.449696,0.011028,0.805122,-0.064299,-1.901900,-0.696617,0.240932,-0.691049,0.075481,-0.732646,-0.612540,-0.296688,0.000000,0.000000,0.000000,-1,-0.491714,-1.303589,-0.221207,-0.226629,-2.116244,-0.744254,165.569687,154.538727,-748.337646,0,0
17.440000,-1.221750,0.678037,0.480486,0.575723,-0.364622,0.731843,-0.359972,0.690621,0.627266,-0.734141,-0.624574,0.266353,0.393303,-0.460583,-0.001461,0.795723,0.413781,-0.760111,-0.741079,0.682923,-0.313027,0.381130,-0.731843,-0.627266,-0.266353,0.000000,0.000000,0.000000,-1,-0.066284,-0.678207,0.397736,0.280957,-0.964595,-0.577406,165.744888,154.713348,-747.502625,0,0
17.480000,-1.341597,0.723364,0.534010,0.523660,-0.439214,0.729980,-0.381530,0.645221,0.661910,-0.761719,-0.625125,0.170303,0.420754,-0.487662,-0.018858,0.764720,0.833318,-1.969176,-0.321141,0.109177,-0.159226,0.436005,-0.729980,-0.661910,-0.170303,0.000000,0.000000,0.000000,-1,-0.620804,-0.821136,0.265701,0.832873,-2.075295,-0.315738,168.022568,154.887955,-745.665649,0,0
17.520000,-1.381716,0.748028,0.531522,0.500635,-0.480638,0.719967,-0.371534,0.631900,0.680195,-0.781874,-0.608021,0.137778,0.427480,-0.498369,-0.036205,0.753378,0.251334,-0.879795,-0.657906,-0.010502,-0.107250,0.249319,-0.719967,-0.680195,-0.137778,0.000000,0.000000,0.000000,-1,-0.730469,-0.787445,0.111542,0.122371,-0.890475,-0.638752,167.321747,154.538727,-745.999634,0,0
17.560000,-1.436953,0.767333,0.556954,0.476960,-0.513491,0.713328,-0.380470,0.610986,0.694218,-0.792308,-0.602514,0.096048,0.438727,-0.509406,-0.045005,0.738917,0.969654,-1.274851,-0.397047,-0.267111,-0.109936,0.054834,-0.713328,-0.694218,-0.096048,0.000000,0.000000,0.000000,-1,-0.963196,-0.679031,0.000259,0.904052,-1.512516,-0.445645,168.197769,153.665619,-744.496582,0,0
17.600000,-1.493051,0.783454,0.616295,0.470069,-0.529262,0.706340,-0.409513,0.578138,0.705731,-0.781879,-0.620998,0.055025,0.457413,-0.513090,-0.041286,0.725126,0.889650,-0.151796,-0.134243,-0.058812,0.219906,0.125902,-0.706340,-0.705731,-0.055025,0.000000,0.000000,0.000000,-1,-0.765152,-0.485825,0.070877,0.889198,-0.257810,-0.128837,167.672150,154.887955,-741.991577,0,0
17.640000,-1.547396,0.791386,0.661258,0.455181,-0.546871,0.702668,-0.431634,0.554711,0.711328,-0.778783,-0.627078,0.016446,0.470113,-0.520357,-0.040477,0.711747,0.637079,-0.667144,-0.187638,0.124451,-0.002997,0.008145,-0.702668,-0.711328,-0.016446,0.000000,0.000000,0.000000,-1,-0.578217,-0.714325,-0.008301,0.639894,-0.743449,-0.167510,168.898590,155.062576,-741.824585,0,0
17.680000,-1.587128,0.799513,0.690346,0.443947,-0.563164,0.696963,-0.443888,0.537448,0.717017,-0.778380,-0.627691,-0.011383,0.479031,-0.525567,-0.042490,0.701785,0.728010,-0.554996,-0.344449,0.157260,-0.073312,-0.073014,-0.696963,-0.717017,0.011383,0.000000,0.000000,0.000000,-1,-0.566681,-0.766113,0.025253,0.708505,-0.703371,-0.307794,168.723389,153.840240,-741.323547,0,0
17.720000,-1.645922,0.814872,0.746918,0.437874,-0.583415,0.684027,-0.466029,0.503349,0.727638,-0.768819,-0.637390,-0.051485,0.496490,-0.528431,-0.042696,0.687339,0.886061,-0.594357,-0.433237,-0.015345,0.068611,0.072218,-0.684027,-0.727638,0.051485,0.000000,0.000000,0.000000,-1,-0.732040,-0.638321,0.043228,0.885608,-0.700368,-0.427833,171.526688,156.284927,-739.987549,0,0
17.760000,-1.731109,0.827410,0.800205,0.410247,-0.620751,0.668106,-0.485592,0.471421,0.736181,-0.771944,-0.626443,-0.108033,0.511581,-0.540649,-0.050744,0.665889,0.589629,-0.902711,-0.317952,0.000305,0.106985,-0.133713,-0.668106,-0.736181,0.108033,0.000000,0.000000,0.000000,-1,-0.684280,-0.633530,-0.024719,0.662503,-1.047949,-0.313178,171.701889,156.459549,-738.150513,0,0
17.800000,-1.771201,0.835153,0.817184,0.393608,-0.642332,0.657634,-0.489355,0.459194,0.741399,-0.778206,-0.613637,-0.133586,0.516720,-0.547534,-0.058335,0.655594,0.299522,-0.775474,-0.306819,0.013026,0.106221,-0.117747,-0.657634,-0.741399,0.133586,0.000000,0.000000,0.000000,-1,-0.640594,-0.658279,0.087738,0.267080,-0.969492,-0.308110,171.877106,155.935684,-739.319519,0,0
17.840000,-1.814953,0.846063,0.849757,0.386080,-0.661166,0.643274,-0.497945,0.437648,0.748676,-0.776527,-0.609363,-0.160257,0.526471,-0.550415,-0.063276,0.644878,0.364917,-0.032279,-0.315149,-0.040640,0.038807,-0.015329,-0.643274,-0.748676,0.160257,0.000000,0.000000,0.000000,-1,-0.760544,-0.662582,0.166519,0.364464,-0.138287,-0.309744,173.278748,157.332642,-737.315491,0,0
17.880000,-1.834353,0.845370,0.867203,0.382287,-0.666002,0.640545,-0.505899,0.429230,0.748217,-0.773255,-0.610085,-0.172841,0.530542,-0.552219,-0.062535,0.640054,0.198433,-0.258499,0.130214,-0.210819,0.079149,0.054378,-0.640545,-0.748217,0.172841,0.000000,0.000000,0.000000,-1,-0.851364,-0.669067,0.227219,0.233007,-0.295636,0.106202,172.227509,156.284927,-737.649536,0,0
17.920000,-1.847746,0.840717,0.862922,0.366746,-0.673763,0.641515,-0.506696,0.433651,0.745121,-0.780229,-0.598323,-0.182353,0.528074,-0.558851,-0.065670,0.636012,-0.281159,-0.648584,0.184064,-0.085124,-0.140453,-0.117702,-0.641515,-0.745121,0.182353,0.000000,0.000000,0.000000,-1,-0.713394,-0.961990,-0.025436,-0.184816,-0.760930,0.203323,173.103546,156.459549,-737.482483,0,0
17.960000,-1.840032,0.841400,0.821166,0.344819,-0.684403,0.642412,-0.487780,0.454077,0.745577,-0.801979,-0.570444,-0.177264,0.516722,-0.567125,-0.077202,0.636717,-0.691273,-0.341116,0.193579,-0.210509,-0.122236,-0.104281,-0.642412,-0.745577,0.177264,0.000000,0.000000,0.000000,-1,-0.925949,-0.876175,0.106339,-0.691726,-0.447122,0.198984,172.928329,154.538727,-737.983521,0,0
18.000000,-1.801763,0.839843,0.789051,0.353079,-0.673073,0.649852,-0.473771,0.470322,0.744538,-0.806769,-0.570763,-0.152822,0.508817,-0.563486,-0.077099,0.646255,-0.400257,1.203447,0.081284,-0.445607,-0.088363,-0.208959,-0.649852,-0.744538,0.152822,0.000000,0.000000,0.000000,-1,-1.095459,-0.832901,-0.056137,-0.347828,0.801625,0.073612,173.453949,156.459549,-737.482483,0,1
18.040000,-1.724291,0.835533,0.765999,0.397924,-0.634213,0.662896,-0.465025,0.483426,0.741654,-0.790828,-0.603385,-0.102558,0.504246,-0.544991,-0.063427,0.666857,-0.503516,2.536518,0.339144,-0.326606,-0.015792,-0.099872,-0.662896,-0.741654,0.102558,0.000000,0.000000,0.000000,-1,-0.768646,-0.726669,-0.116806,-0.478709,2.214196,0.320781,174.505188,155.761063,-739.152527,0,0
18.080000,-1.528596,0.813712,0.694633,0.497252,-0.530923,0.686193,-0.439626,0.527664,0.726842,-0.747977,-0.663092,0.028975,0.484926,-0.500359,-0.031852,0.716570,-1.558484,3.090492,0.713127,0.147024,0.042592,-0.203844,-0.686193,-0.726842,-0.028975,0.000000,0.000000,0.000000,-1,-0.521362,-0.776352,-0.249908,-1.558937,2.984489,0.718532,171.877106,155.935684,-741.323547,0,0
18.120000,-1.324552,0.775366,0.551309,0.563238,-0.450598,0.692622,-0.374082,0.608354,0.699978,-0.736767,-0.653351,0.174087,0.441814,-0.466645,-0.024980,0.765780,-2.884083,1.461284,0.246844,0.041377,-0.209980,0.367706,-0.692622,-0.699978,-0.174087,0.000000,0.000000,0.000000,-1,-0.709427,-0.965332,0.241074,-2.777785,1.619368,0.313703,170.825867,156.634155,-741.991577,0,0
18.160000,-1.222501,0.741906,0.431377,0.575589,-0.434237,0.692919,-0.308232,0.669649,0.675694,-0.757424,-0.602502,0.251597,0.404457,-0.458929,-0.039872,0.790069,-3.097035,0.287436,0.120461,-0.087584,-0.571025,0.573512,-0.692919,-0.675694,-0.251597,0.000000,0.000000,0.000000,-1,-0.760315,-1.264648,0.298615,-3.132060,0.361819,0.225422,169.424210,154.887955,-745.999634,0,0
18.200000,-1.172988,0.711873,0.394229,0.589002,-0.407247,0.698016,-0.290815,0.699061,0.653253,-0.753992,-0.587761,0.293315,0.386208,-0.451870,-0.036234,0.803333,0.054977,1.541847,0.912949,-0.157437,-0.375143,0.009456,-0.698016,-0.653253,-0.293315,0.000000,0.000000,0.000000,-1,-0.816376,-0.899170,-0.130463,0.054524,1.435847,0.918353,169.424210,154.538727,-746.667603,0,0
18.240000,-1.073705,0.645287,0.380351,0.639046,-0.313822,0.702236,-0.296599,0.741832,0.601427,-0.709682,-0.592622,0.380985,0.359246,-0.424794,-0.005182,0.830943,-0.532944,1.294255,1.251363,0.094463,-0.044477,0.442829,-0.702236,-0.601427,-0.380985,0.000000,0.000000,0.000000,-1,-0.513947,-0.535965,-0.088440,-0.686194,1.521178,1.268650,167.847366,153.316376,-748.504639,0,0
18.280000,-1.054447,0.611945,0.400351,0.649370,-0.267644,0.711818,-0.319016,0.753806,0.574461,-0.690324,-0.600120,0.404116,0.350517,-0.418425,0.015330,0.837749,0.142659,1.109614,1.135187,0.291484,-0.022356,0.368106,-0.711818,-0.574461,-0.404116,0.000000,0.000000,0.000000,-1,-0.390472,-0.531250,-0.071045,0.107355,0.979332,1.208099,166.095306,155.062576,-749.506653,0,0
18.320000,-1.038892,0.581298,0.436148,0.659620,-0.214686,0.720286,-0.353064,0.757513,0.549109,-0.663512,-0.616510,0.423872,0.345773,-0.410494,0.041049,0.842764,0.310048,0.452885,0.828891,0.387309,0.078375,0.364470,-0.720286,-0.549109,-0.423872,0.000000,0.000000,0.000000,-1,-0.264160,-0.492706,-0.038757,0.309595,0.346887,0.834295,165.569687,155.935684,-749.673706,0,0
18.360000,-1.048678,0.568939,0.465580,0.655272,-0.193362,0.730226,-0.378221,0.752801,0.538739,-0.653886,-0.629207,0.420156,0.347245,-0.411513,0.054961,0.840867,0.670486,-0.212500,0.404562,0.617309,0.058011,0.360686,-0.733276,-0.538281,-0.415404,0.000000,0.000000,0.000000,-1,-0.115967,-0.480270,-0.054718,0.612859,-0.249510,0.459216,164.343246,155.062576,-749.506653,0,0
18.400000,-1.083599,0.576178,0.504872,0.642609,-0.194924,0.740984,-0.405603,0.733931,0.544823,-0.650031,-0.650654,0.392568,0.359204,-0.417957,0.063302,0.832032,0.992958,-0.528000,-0.009227,0.667361,0.137413,0.176016,-0.740984,-0.544823,-0.392568,0.000000,0.000000,0.000000,-1,-0.075867,-0.416000,-0.243729,0.949273,-0.579799,0.080442,163.116806,155.237198,-749.339661,0,1
18.440000,-1.135743,0.616444,0.545395,0.632289,-0.229587,0.739933,-0.423273,0.697565,0.578138,-0.648884,-0.678744,0.343885,0.384331,-0.424674,0.059226,0.817578,1.132040,-0.623682,-0.891087,0.491962,0.062696,-0.051425,-0.739933,-0.578138,-0.343885,0.000000,0.000000,0.000000,-1,-0.316238,-0.554520,-0.422653,1.131586,-0.729677,-0.885683,163.642410,155.411819,-748.504639,0,0
18.480000,-1.169391,0.668197,0.577496,0.638707,-0.264535,0.722547,-0.428520,0.657648,0.619572,-0.639081,-0.705351,0.306686,0.410601,-0.421976,0.050820,0.806697,1.307778,-0.107390,-0.913437,0.095304,-0.171993,-0.157639,-0.722547,-0.619572,-0.306686,0.000000,0.000000,0.000000,-1,-0.851761,-0.852371,-0.570724,1.319492,-0.398041,-1.027534,164.343246,155.411819,-747.168640,0,0
18.520000,-1.151813,0.679789,0.611641,0.662820,-0.236539,0.710436,-0.446568,0.636713,0.628629,-0.601039,-0.733925,0.316395,0.421222,-0.405431,0.064929,0.808691,0.021727,1.687987,0.805221,-1.295225,-0.481829,-0.641033,-0.710436,-0.628629,-0.316395,0.000000,0.000000,0.000000,-1,-1.963165,-0.892990,-1.081497,0.308265,1.439522,0.538984,166.095306,155.761063,-744.496582,0,0
18.560000,-1.083063,0.623989,0.611184,0.679975,-0.153795,0.716925,-0.465701,0.664638,0.584277,-0.566354,-0.731166,0.380314,0.398441,-0.388699,0.094475,0.825368,-0.374223,0.845192,0.859128,-0.306421,0.345401,-0.326442,-0.716925,-0.584277,-0.380314,0.000000,0.000000,0.000000,-1,-0.824997,-0.161484,-0.695877,-0.374676,0.739200,0.864532,164.168030,154.189484,-745.331604,0,0
18.600000,-1.084990,0.689474,0.613556,0.705651,-0.191085,0.682308,-0.444259,0.630849,0.636132,-0.551988,-0.752008,0.360267,0.422651,-0.375809,0.077085,0.821092,-0.065397,-0.179096,0.064557,0.081615,-0.217826,0.027870,-0.682308,-0.636132,-0.360267,0.000000,0.000000,0.000000,-1,-0.600693,-0.853958,-0.332397,-0.106118,-0.365582,0.128338,163.992828,155.761063,-746.500610,0,0
18.640000,-1.099359,0.699529,0.623357,0.703610,-0.200611,0.681681,-0.446664,0.621240,0.643857,-0.552652,-0.757507,0.347504,0.428622,-0.377533,0.075258,0.817367,0.603041,-0.380051,-0.258887,0.195734,-0.634936,0.072525,-0.681681,-0.643857,-0.347504,0.000000,0.000000,0.000000,-1,-0.472992,-1.207977,-0.287247,0.646953,-0.547524,-0.309947,161.364746,155.935684,-745.999634,0,0
18.680000,-1.087356,0.693787,0.591331,0.701522,-0.210910,0.680723,-0.428597,0.638282,0.639453,-0.569360,-0.740346,0.357374,0.420079,-0.380587,0.066275,0.821154,-0.583370,-0.738699,-0.443107,0.136243,-0.056958,0.610899,-0.680723,-0.639453,-0.357374,0.000000,0.000000,0.000000,-1,-0.315353,-0.748428,0.293335,-0.583852,-0.844595,-0.437578,162.415970,154.887955,-746.667603,0,0
18.720000,-1.145596,0.740638,0.573464,0.680003,-0.292542,0.672321,-0.400419,0.619972,0.674759,-0.614215,-0.728048,0.304443,0.434623,-0.398599,0.033423,0.806911,0.556190,-1.019199,-1.562795,0.590167,-0.434525,0.440475,-0.672321,-0.674759,-0.304443,0.000000,0.000000,0.000000,-1,-0.082153,-1.109283,0.136032,0.452723,-1.289320,-1.485185,163.467209,155.586441,-745.999634,0,0
18.760000,-1.205513,0.796429,0.595188,0.670144,-0.352606,0.653129,-0.392053,0.579021,0.714863,-0.630240,-0.735122,0.249787,0.458622,-0.405922,0.012477,0.790404,1.728076,-2.235822,-1.242596,0.014991,0.023686,0.917771,-0.653129,-0.714863,-0.235603,0.000000,0.000000,0.000000,-1,-0.738373,-0.588760,0.722382,1.779103,-2.501568,-1.077356,163.817627,156.284927,-745.999634,0,0
18.800000,-1.303513,0.830977,0.634285,0.634890,-0.417293,0.650216,-0.399505,0.543028,0.738590,-0.661295,-0.728688,0.178053,0.477967,-0.427225,-0.005795,0.767459,-0.223994,-0.640752,-0.174135,-0.382773,-0.042888,0.033323,-0.650216,-0.738591,-0.178053,0.000000,0.000000,0.000000,-1,-0.993942,-0.758575,-0.208145,-0.224476,-0.746646,-0.168606,164.168030,154.538727,-742.659546,0,0
18.840000,-1.358921,0.850094,0.653139,0.607940,-0.464138,0.644194,-0.399601,0.522239,0.753382,-0.686096,-0.715432,0.132020,0.488283,-0.442233,-0.021454,0.752030,0.704627,-1.276273,-0.485725,-0.208009,0.056376,0.249192,-0.644194,-0.753382,-0.132020,0.000000,0.000000,0.000000,-1,-0.852203,-0.697006,0.117172,0.699635,-1.433143,-0.538421,165.920090,154.887955,-742.325562,0,0
18.880000,-1.417503,0.864828,0.682845,0.593009,-0.487084,0.641163,-0.409376,0.503304,0.760984,-0.693363,-0.713747,0.099063,0.497655,-0.450342,-0.026223,0.740840,0.734162,-0.575992,-0.125420,0.002445,0.086149,0.121646,-0.641163,-0.760984,-0.099063,0.000000,0.000000,0.000000,-1,-0.586838,-0.644409,-0.056671,0.723902,-0.769939,-0.157679,166.095306,154.713348,-740.488525,0,0
18.920000,-1.480049,0.871084,0.735577,0.578424,-0.504082,0.641348,-0.432132,0.477488,0.765027,-0.691872,-0.719657,0.058361,0.510533,-0.458449,-0.024741,0.727027,0.670691,-0.670196,-0.021114,0.044790,0.167127,0.034481,-0.641348,-0.765027,-0.058361,0.000000,0.000000,0.000000,-1,-0.620300,-0.582657,0.021332,0.670209,-0.776087,-0.015585,166.796127,155.411819,-738.818542,0,0
18.960000,-1.535231,0.877056,0.772355,0.561658,-0.525549,0.639013,-0.446201,0.457995,0.768859,-0.696739,-0.716965,0.022736,0.519838,-0.467333,-0.027761,0.714561,0.775149,-0.809358,-0.204597,-0.018518,0.107360,0.071961,-0.639013,-0.768860,-0.022736,0.000000,0.000000,0.000000,-1,-0.692429,-0.668793,0.001923,0.834021,-0.923801,-0.246487,167.847366,155.411819,-738.150513,0,0
19.000000,-1.607638,0.889812,0.839630,0.553373,-0.545868,0.629131,-0.468641,0.420381,0.776953,-0.688588,-0.724782,-0.023188,0.537629,-0.471751,-0.027648,0.698313,1.243022,-0.054684,-0.339742,-0.058125,0.067114,0.113011,-0.629131,-0.776953,0.023189,0.000000,0.000000,0.000000,-1,-0.649704,-0.690353,0.135757,1.217962,-0.284630,-0.341892,167.847366,155.411819,-738.150513,0,0
19.040000,-1.686001,0.897563,0.917793,0.547006,-0.563159,0.619384,-0.495236,0.378833,0.781810,-0.674927,-0.734396,-0.071673,0.556742,-0.475263,-0.024941,0.680839,0.865496,-0.898398,-0.192426,0.055404,0.091426,-0.088733,-0.619384,-0.781810,0.071673,0.000000,0.000000,0.000000,-1,-0.544189,-0.689163,0.022217,0.865014,-1.004287,-0.186897,168.022568,156.284927,-735.311462,0,0
19.080000,-1.758831,0.899869,0.962993,0.524888,-0.592851,0.610754,-0.510367,0.355038,0.783246,-0.681189,-0.722825,-0.116216,0.567024,-0.486407,-0.031055,0.664024,0.636489,-1.240915,-0.235160,0.133718,0.053570,-0.178441,-0.610754,-0.783246,0.116216,0.000000,0.000000,0.000000,-1,-0.498856,-0.745270,-0.002563,0.709450,-1.342529,-0.208122,167.847366,155.761063,-735.812500,0,0
19.120000,-1.823821,0.909412,0.996902,0.505708,-0.625018,0.594653,-0.515809,0.333459,0.789143,-0.691520,-0.705803,-0.153757,0.575762,-0.495355,-0.042060,0.649117,0.342687,-0.957018,-0.390633,-0.022717,-0.084972,-0.267786,-0.594653,-0.789143,0.153757,0.000000,0.000000,0.000000,-1,-0.647247,-0.809647,-0.102173,0.411323,-1.054420,-0.383777,167.847366,155.761063,-735.812500,0,0
19.160000,-1.850372,0.922978,0.995483,0.492919,-0.648545,0.580018,-0.506306,0.328335,0.797403,-0.707591,-0.686721,-0.166520,0.576867,-0.500484,-0.055287,0.643182,-0.129029,-0.457262,-0.120696,-0.227584,0.120477,0.112594,-0.580018,-0.797403,0.166520,0.000000,0.000000,0.000000,-1,-0.824478,-0.617538,0.290146,-0.129511,-0.563148,-0.115167,170.300247,157.158020,-732.806458,0,0
19.200000,-1.868611,0.918472,0.991375,0.475031,-0.661500,0.580313,-0.507955,0.332376,0.794675,-0.718560,-0.672268,-0.178123,0.574626,-0.508790,-0.060146,0.638217,-0.001172,-0.502300,0.245081,-0.169152,0.145978,0.062035,-0.580313,-0.794675,0.178123,0.000000,0.000000,0.000000,-1,-0.749466,-0.648697,0.240158,-0.000640,-0.566869,0.229137,168.723389,155.935684,-732.973450,0,0
19.240000,-1.878274,0.912122,0.976691,0.455149,-0.672701,0.583363,-0.507191,0.342616,0.790804,-0.731845,-0.655810,-0.185246,0.569601,-0.517859,-0.065169,0.634925,-0.486008,-0.771530,0.293125,-0.135555,-0.162977,-0.239308,-0.583363,-0.790804,0.185246,0.000000,0.000000,0.000000,-1,-0.759674,-0.978699,-0.060211,-0.363116,-0.884814,0.312219,168.723389,155.935684,-732.973450,0,0
19.280000,-1.855932,0.913304,0.910276,0.427232,-0.688142,0.586458,-0.482596,0.374948,0.791527,-0.764574,-0.621188,-0.171904,0.553215,-0.529060,-0.080491,0.638411,-1.046101,-0.364464,0.263422,-0.342070,-0.127860,-0.227279,-0.586458,-0.791527,0.171904,0.000000,0.000000,0.000000,-1,-1.031555,-0.893875,0.027634,-1.046583,-0.470347,0.268951,171.176270,154.538727,-735.311462,0,0
19.320000,-1.789337,0.912075,0.854631,0.439985,-0.670336,0.597547,-0.461729,0.401845,0.790776,-0.770207,-0.623835,-0.132708,0.541029,-0.523108,-0.079783,0.653667,-0.533507,1.453728,0.211273,-0.578799,0.020222,-0.313753,-0.597547,-0.790776,0.132708,0.000000,0.000000,0.000000,-1,-1.176346,-0.770554,-0.181046,-0.463187,0.996853,0.173992,168.723389,154.887955,-735.311462,0,1
19.360000,-1.677901,0.907968,0.806065,0.491509,-0.619751,0.611823,-0.444016,0.426033,0.788255,-0.749178,-0.659094,-0.065781,0.531803,-0.500076,-0.064571,0.680397,-1.181395,2.965798,0.357319,-0.147073,0.015367,-0.196259,-0.611823,-0.788255,0.065781,0.000000,0.000000,0.000000,-1,-0.679810,-0.759354,-0.112381,-1.110897,2.688115,0.330929,168.723389,154.887955,-735.311462,0,0
19.400000,-1.444115,0.880010,0.689274,0.583747,-0.509673,0.632038,-0.405209,0.491689,0.770745,-0.703594,-0.706028,0.080498,0.502882,-0.454820,-0.035573,0.734155,-2.256142,2.786076,0.711429,0.141285,-0.001426,-0.165443,-0.632038,-0.770745,-0.080498,0.000000,0.000000,0.000000,-1,-0.529617,-0.943970,-0.250015,-2.256622,2.680194,0.716958,163.992828,153.316376,-739.152527,0,0
19.440000,-1.235529,0.837087,0.500069,0.625017,-0.457703,0.632346,-0.321078,0.587633,0.742696,-0.711521,-0.667230,0.220322,0.451958,-0.430782,-0.043796,0.779899,-3.222476,0.394356,0.094643,-0.062540,-0.306956,0.625352,-0.632346,-0.742696,-0.220322,0.000000,0.000000,0.000000,-1,-0.694885,-1.049652,0.405029,-3.187779,0.515328,0.078550,163.992828,153.316376,-739.152527,0,0
19.480000,-1.151163,0.799229,0.377555,0.620057,-0.458323,0.636764,-0.257044,0.648151,0.716819,-0.741254,-0.608145,0.284081,0.414676,-0.431281,-0.062995,0.798794,-2.341404,-0.393246,0.175711,-0.089615,-0.548654,0.376824,-0.636764,-0.716819,-0.284081,0.000000,0.000000,0.000000,-1,-0.853729,-1.183670,-0.151474,-2.968468,-0.617992,0.106777,165.044067,151.570175,-747.168640,0,0
19.520000,-1.094245,0.764448,0.366147,0.648501,-0.410024,0.641347,-0.258407,0.673922,0.692138,-0.716011,-0.614581,0.331086,0.401090,-0.416634,-0.046538,0.814480,-0.995108,2.094457,1.164432,-0.074610,-0.196274,0.372376,-0.641347,-0.692138,-0.331086,0.000000,0.000000,0.000000,-1,-0.609726,-0.878387,0.166183,-0.995589,1.988578,1.169961,161.364746,152.792526,-745.999634,0,0
19.560000,-1.033925,0.702329,0.365278,0.675998,-0.335796,0.655948,-0.272672,0.712978,0.645997,-0.684599,-0.615552,0.390410,0.378355,-0.402048,-0.018932,0.833575,-0.241297,0.881542,1.135005,0.250079,0.155656,0.235671,-0.655948,-0.645997,-0.390410,0.000000,0.000000,0.000000,-1,-0.405869,-0.490341,-0.154739,-0.313968,0.790543,1.165727,161.364746,152.792526,-745.999634,0,0
19.600000,-1.020492,0.675102,0.384568,0.684601,-0.297612,0.665393,-0.292865,0.723626,0.624977,-0.667496,-0.622730,0.408235,0.371733,-0.397111,-0.001414,0.839116,0.049372,0.521563,0.754742,0.275745,0.184211,0.332719,-0.665393,-0.624977,-0.408235,0.000000,0.000000,0.000000,-1,-0.389648,-0.440765,-0.075516,0.048891,0.415686,0.760271,160.313507,152.094040,-748.337646,0,0
19.640000,-1.018506,0.656423,0.408037,0.687729,-0.268717,0.674403,-0.314344,0.727144,0.610287,-0.654383,-0.631707,0.415608,0.369113,-0.394907,0.013560,0.841202,0.187765,0.315495,0.560555,0.431071,0.131436,0.385197,-0.674403,-0.610287,-0.415608,0.000000,0.000000,0.000000,-1,-0.217194,-0.491211,-0.055435,0.187280,0.209715,0.566078,158.736649,153.665619,-749.840698,0,0
19.680000,-1.039959,0.654288,0.438287,0.681141,-0.260385,0.684285,-0.336745,0.718481,0.608595,-0.650115,-0.644968,0.401704,0.374485,-0.398634,0.022812,0.836858,0.693551,-0.373328,0.059205,0.562963,0.182874,0.194398,-0.684285,-0.608595,-0.401704,0.000000,0.000000,0.000000,-1,-0.121323,-0.425720,-0.207306,0.631729,-0.392066,0.134154,158.736649,153.665619,-749.840698,0,0
19.720000,-1.090680,0.686224,0.475119,0.667800,-0.288453,0.686177,-0.353899,0.687954,0.633621,-0.654828,-0.665969,0.357332,0.394498,-0.407069,0.019866,0.823572,0.993475,-0.662846,-0.702288,0.427220,0.113036,-0.056135,-0.686177,-0.633621,-0.357332,0.000000,0.000000,0.000000,-1,-0.258957,-0.520584,-0.413467,0.992989,-0.768623,-0.696765,156.809387,153.840240,-749.005676,0,0
19.760000,-1.130434,0.728355,0.498801,0.662376,-0.324857,0.675074,-0.356996,0.655343,0.665643,-0.658644,-0.681905,0.318111,0.415007,-0.410748,0.009898,0.811762,1.283331,-0.960191,-1.028575,0.253581,0.056710,-0.128026,-0.675074,-0.665643,-0.318111,0.000000,0.000000,0.000000,-1,-0.546432,-0.699936,-0.444427,1.282846,-1.065968,-1.023052,158.561447,154.189484,-747.669678,0,1
19.800000,-1.183148,0.762704,0.551212,0.657005,-0.346909,0.669327,-0.378634,0.615892,0.690879,-0.651905,-0.707341,0.273292,0.438127,-0.414003,0.009941,0.797839,0.592658,0.816752,0.410228,-0.713639,-0.327661,-0.325249,-0.669327,-0.690879,-0.273292,0.000000,0.000000,0.000000,-1,-1.382965,-1.018539,-0.598541,0.783534,0.330051,0.207936,158.561447,154.189484,-747.669678,0,0
19.840000,-1.134311,0.733103,0.554551,0.678729,-0.292949,0.673431,-0.391289,0.631738,0.669179,-0.621467,-0.717697,0.314151,0.428030,-0.399643,0.030351,0.810034,-0.790364,1.873719,1.088716,-0.594089,0.233279,-0.582190,-0.674206,-0.664371,-0.322580,0.000000,0.000000,0.000000,-1,-1.268295,-0.431091,-0.904770,-0.813473,1.595063,1.050593,157.159790,153.141754,-747.335632,0,0
19.880000,-1.092695,0.693054,0.545655,0.687674,-0.246100,0.683037,-0.399249,0.657587,0.638890,-0.606387,-0.712050,0.353950,0.411138,-0.392416,0.046609,0.821464,-0.172067,-0.078985,0.514179,-0.107506,0.308018,-0.364709,-0.683037,-0.638890,-0.353950,0.000000,0.000000,0.000000,-1,-0.667160,-0.403381,-0.662323,-0.172552,-0.184759,0.519703,156.108551,155.586441,-745.665649,0,0
19.920000,-1.117293,0.690311,0.552521,0.673348,-0.257299,0.693109,-0.404673,0.656319,0.636777,-0.618743,-0.709255,0.337809,0.412074,-0.401610,0.045117,0.816621,0.516032,-0.587211,-0.454839,-0.015952,-0.513950,0.040614,-0.693109,-0.636777,-0.337809,0.000000,0.000000,0.000000,-1,-0.709061,-1.150726,-0.297195,0.344945,-0.729855,-0.289839,156.108551,155.586441,-745.665649,0,0
19.960000,-1.117146,0.706232,0.543923,0.678751,-0.270620,0.682687,-0.393580,0.650787,0.649285,-0.619993,-0.709395,0.335212,0.416159,-0.399006,0.037662,0.816203,-0.732866,-0.172683,-0.450391,-0.034506,-0.323249,0.135398,-0.682687,-0.649285,-0.335212,0.000000,0.000000,0.000000,-1,-0.717194,-0.972534,-0.199814,-0.733351,-0.278456,-0.444868,154.531708,154.713348,-747.836670,0,0
20.000000,-1.127807,0.712637,0.498423,0.658881,-0.313943,0.683605,-0.361705,0.664586,0.653831,-0.659580,-0.678060,0.324328,0.409258,-0.412728,0.014676,0.813602,-0.285614,-1.630581,-0.526392,0.446697,-0.100075,0.688021,-0.683605,-0.653831,-0.324328,0.000000,0.000000,0.000000,-1,-0.027878,-0.844147,-0.018814,-0.286099,-1.736354,-0.520869,158.035828,154.014862,-745.832642,0,0
20.040000,-1.187745,0.761707,0.498060,0.634155,-0.383820,0.671214,-0.345708,0.635742,0.690158,-0.691616,-0.669711,0.270470,0.426598,-0.427527,-0.011956,0.796926,1.172493,-1.037468,-1.650343,0.408992,-0.186551,0.724632,-0.671214,-0.690158,-0.270470,0.000000,0.000000,0.000000,-1,-0.262222,-0.876709,0.454163,0.910019,-1.066685,-1.496548,157.860626,154.887955,-744.663574,0,0
20.080000,-1.300361,0.820196,0.554149,0.597999,-0.458662,0.657287,-0.358923,0.580004,0.731280,-0.716639,-0.673220,0.182218,0.457104,-0.447154,-0.032461,0.768150,1.254270,-2.307029,-0.563714,-0.054413,-0.122343,0.425519,-0.657287,-0.731280,-0.182218,0.000000,0.000000,0.000000,-1,-0.711700,-0.853622,0.243301,1.253785,-2.412799,-0.558191,159.087067,152.617905,-743.160583,0,0
20.120000,-1.350127,0.835761,0.555782,0.567831,-0.499391,0.654352,-0.353821,0.569678,0.741807,-0.743222,-0.652744,0.146786,0.461348,-0.462348,-0.048158,0.755694,-0.130286,-0.629583,-0.420931,-0.091132,0.080934,0.166073,-0.654352,-0.741807,-0.146786,0.000000,0.000000,0.000000,-1,-0.818939,-0.681076,-0.044601,-0.130771,-0.735353,-0.415408,159.787888,152.268661,-742.492554,0,0
20.160000,-1.425147,0.862326,0.577596,0.531819,-0.550192,0.643783,-0.355275,0.545119,0.759358,-0.768731,-0.632562,0.094436,0.472299,-0.479287,-0.066138,0.736779,0.705925,-1.213772,-0.437085,-0.314133,0.112981,0.156280,-0.643783,-0.759358,-0.094436,0.000000,0.000000,0.000000,-1,-0.957916,-0.646378,0.061844,0.659340,-1.528491,-0.490743,160.138290,152.967148,-741.156555,0,0
20.200000,-1.478665,0.874508,0.627841,0.523213,-0.564242,0.638654,-0.376742,0.519063,0.767228,-0.764404,-0.642032,0.059007,0.486092,-0.483953,-0.064674,0.724790,1.089611,-0.057689,-0.140181,0.002790,0.178651,0.163972,-0.638654,-0.767228,-0.059007,0.000000,0.000000,0.000000,-1,-0.635864,-0.588577,0.104965,1.089126,-0.163457,-0.134658,160.488708,153.316376,-739.486511,0,0
20.240000,-1.539075,0.880620,0.684854,0.512107,-0.576889,0.636353,-0.402734,0.493111,0.771134,-0.758651,-0.651184,0.020193,0.499701,-0.490105,-0.061186,0.711585,0.680797,-0.777580,-0.139872,0.072312,0.115662,0.037557,-0.636353,-0.771134,-0.020193,0.000000,0.000000,0.000000,-1,-0.598770,-0.674118,-0.057114,0.680312,-0.883347,-0.134349,162.065567,152.094040,-737.315491,0,0
20.280000,-1.609348,0.895924,0.727248,0.489903,-0.608443,0.624333,-0.415376,0.466728,0.780787,-0.766458,-0.641842,-0.024081,0.511677,-0.500227,-0.069441,0.695081,0.823366,-0.427141,-0.467459,0.104497,0.000773,-0.024432,-0.624333,-0.780787,0.024081,0.000000,0.000000,0.000000,-1,-0.549057,-0.750107,0.078262,0.742084,-0.659033,-0.434947,161.890350,154.014862,-736.480469,0,0
20.320000,-1.669928,0.912501,0.785801,0.486871,-0.626387,0.608766,-0.432761,0.432412,0.791036,-0.758732,-0.648583,-0.060547,0.527969,-0.501519,-0.071011,0.681677,1.098220,-0.716689,-0.543642,-0.021224,0.120153,0.051239,-0.608766,-0.791036,0.060547,0.000000,0.000000,0.000000,-1,-0.594635,-0.633194,-0.051819,1.097735,-0.822454,-0.538119,161.715149,154.887955,-735.645508,0,0
20.360000,-1.753490,0.928549,0.840396,0.465348,-0.660679,0.589028,-0.446197,0.399631,0.800752,-0.764434,-0.635451,-0.108825,0.541882,-0.510663,-0.080924,0.662600,0.434829,-0.816317,-0.514606,-0.067665,0.084626,-0.151596,-0.589028,-0.800752,0.108825,0.000000,0.000000,0.000000,-1,-0.656693,-0.716125,-0.042770,0.434344,-0.922081,-0.509083,162.065567,153.840240,-734.977478,0,0
20.400000,-1.809906,0.942197,0.866093,0.445230,-0.689497,0.571283,-0.447950,0.380919,0.808852,-0.775313,-0.616032,-0.139263,0.548538,-0.518400,-0.092988,0.649401,0.356312,-1.009156,-0.433091,-0.120794,0.052809,-0.180432,-0.571283,-0.808852,0.139263,0.000000,0.000000,0.000000,-1,-0.692078,-0.756042,-0.041168,0.358888,-1.178563,-0.448589,164.168030,153.490997,-733.307434,0,0
20.440000,-1.842993,0.952314,0.878632,0.432582,-0.707816,0.558452,-0.446368,0.370030,0.814759,-0.783344,-0.601726,-0.155878,0.551912,-0.522811,-0.101869,0.641626,-0.073589,-0.333317,-0.105905,-0.344471,0.251344,-0.003412,-0.558452,-0.814759,0.155878,0.000000,0.000000,0.000000,-1,-0.902924,-0.563416,0.152466,-0.074074,-0.439080,-0.100383,165.569687,153.840240,-732.973450,0,0
20.480000,-1.852099,0.950289,0.875184,0.422102,-0.714005,0.558594,-0.446355,0.372624,0.813584,-0.789048,-0.592747,-0.161414,0.550203,-0.527242,-0.104713,0.639006,-0.021356,-0.241686,0.195202,-0.285125,0.233933,0.037393,-0.558594,-0.813584,0.161414,0.000000,0.000000,0.000000,-1,-0.814880,-0.664948,0.178940,-0.021841,-0.347448,0.200724,165.044067,153.665619,-733.140442,0,0
20.520000,-1.852211,0.940081,0.859032,0.406077,-0.717044,0.566525,-0.446544,0.385189,0.807606,-0.797308,-0.580928,-0.163775,0.544211,-0.534530,-0.106017,0.637866,-0.281576,-0.453565,0.307525,-0.151783,-0.154399,-0.174502,-0.566525,-0.807606,0.163775,0.000000,0.000000,0.000000,-1,-0.718307,-0.962006,-0.010727,-0.234234,-0.546613,0.306081,164.868866,155.586441,-733.975464,0,0
20.560000,-1.842599,0.935941,0.820533,0.392798,-0.719355,0.572921,-0.430843,0.407711,0.805075,-0.812494,-0.562496,-0.145267,0.530864,-0.539274,-0.112421,0.643994,-0.879829,0.224877,0.252553,-0.389991,-0.179499,-0.182285,-0.575219,-0.804998,0.145267,0.000000,0.000000,0.000000,-1,-0.965210,-0.984497,-0.037018,-0.880314,0.119117,0.258075,165.394470,154.014862,-733.474426,0,0
20.600000,-1.730610,0.932959,0.752135,0.425673,-0.687902,0.587871,-0.406818,0.434823,0.803385,-0.808271,-0.581136,-0.094758,0.520963,-0.525335,-0.105766,0.664405,-0.665883,2.060064,0.224893,-0.561268,0.121363,-0.169450,-0.587871,-0.803385,0.094758,0.000000,0.000000,0.000000,-1,-1.149139,-0.682022,-0.074692,-0.666368,1.954305,0.230415,163.467209,154.189484,-736.313477,0,1
20.640000,-1.573818,0.917059,0.692181,0.504299,-0.613050,0.608155,-0.388137,0.468194,0.793816,-0.771383,-0.636368,-0.001838,0.509397,-0.491358,-0.080108,0.701900,-1.221134,3.645751,0.677002,-0.174331,0.110589,-0.188529,-0.608155,-0.793816,0.001838,0.000000,0.000000,0.000000,-1,-0.688721,-0.631653,-0.230896,-1.124020,3.460415,0.641385,161.539948,153.316376,-737.482483,0,0
20.680000,-1.347729,0.868700,0.574965,0.590555,-0.504553,0.629818,-0.351200,0.541979,0.763490,-0.726569,-0.672075,0.142870,0.475843,-0.449598,-0.050831,0.754222,-2.279306,1.969411,0.654751,-0.033420,-0.259032,0.106127,-0.629818,-0.763490,-0.142870,0.000000,0.000000,0.000000,-1,-0.764114,-0.995132,0.270538,-2.279791,1.863746,0.660266,159.787888,155.062576,-741.490540,0,0
20.720000,-1.198219,0.829840,0.405585,0.605625,-0.487826,0.628684,-0.266323,0.620233,0.737823,-0.749860,-0.614278,0.245709,0.430024,-0.438434,-0.070447,0.786061,-3.360233,-0.376644,0.090081,-0.191491,-0.592270,0.605542,-0.628684,-0.737824,-0.245709,0.000000,0.000000,0.000000,-1,-0.864288,-1.485748,0.478592,-3.360718,-0.482308,0.095596,159.963089,154.887955,-743.327576,0,0
20.760000,-1.124230,0.792439,0.329795,0.616585,-0.467767,0.633259,-0.227378,0.664273,0.712067,-0.753738,-0.583040,0.303221,0.402831,-0.431412,-0.074771,0.803754,-0.651669,0.403525,0.669407,-0.202831,-0.367690,0.292967,-0.633259,-0.712068,-0.303221,0.000000,0.000000,0.000000,-1,-0.857193,-0.981201,-0.673615,-0.652154,0.297862,0.674922,156.984589,155.062576,-746.834656,0,0
20.800000,-1.079175,0.727799,0.356210,0.646931,-0.385012,0.658215,-0.260372,0.699770,0.665228,-0.716720,-0.601737,0.352456,0.385585,-0.418445,-0.037933,0.821456,-0.819371,2.238936,1.500118,0.079220,-0.052896,0.601007,-0.658215,-0.665228,-0.352456,0.000000,0.000000,0.000000,-1,-0.578995,-0.718124,0.248550,-0.819856,2.133274,1.505633,158.211029,155.586441,-747.335632,0,0
20.840000,-1.034378,0.677707,0.387272,0.676752,-0.306020,0.669596,-0.294205,0.721321,0.627008,-0.674871,-0.621327,0.398123,0.373265,-0.402010,-0.003533,0.836091,0.285190,1.634362,1.319414,0.168070,-0.042730,0.353979,-0.669596,-0.627008,-0.398123,0.000000,0.000000,0.000000,-1,-0.535614,-0.690201,-0.056412,0.284705,1.528700,1.324929,157.685410,156.110306,-748.838684,0,0
20.880000,-1.018134,0.646693,0.429777,0.690903,-0.247477,0.679270,-0.332535,0.725503,0.602550,-0.641930,-0.642185,0.418957,0.369609,-0.392315,0.025257,0.841927,0.470285,0.878281,1.218669,0.164118,0.043178,0.405682,-0.679271,-0.602550,-0.418957,0.000000,0.000000,0.000000,-1,-0.461868,-0.526901,-0.036835,0.407242,0.860657,1.251069,154.531708,158.205734,-749.840698,0,0
20.920000,-1.031707,0.633235,0.509887,0.695917,-0.192677,0.691791,-0.393449,0.703579,0.591755,-0.600748,-0.683997,0.413824,0.380300,-0.385304,0.059850,0.838648,1.120947,0.211406,0.505007,0.617237,0.157628,0.349142,-0.691791,-0.591755,-0.413824,0.000000,0.000000,0.000000,-1,-0.074554,-0.434128,-0.064682,1.120461,0.105746,0.510522,153.830887,158.554977,-750.508667,0,0
20.960000,-1.061446,0.644584,0.554703,0.690795,-0.189114,0.697881,-0.421010,0.679493,0.600866,-0.587837,-0.708891,0.389771,0.394186,-0.386952,0.069792,0.830671,1.296655,-0.257798,0.110549,0.717977,0.172720,0.204636,-0.697881,-0.600866,-0.389771,0.000000,0.000000,0.000000,-1,-0.009003,-0.447815,-0.260849,1.296170,-0.363457,0.116064,153.480469,160.301178,-749.840698,0,0
21.000000,-1.116632,0.685550,0.609448,0.685386,-0.215370,0.695602,-0.443089,0.634710,0.633099,-0.577856,-0.742131,0.339593,0.421628,-0.390426,0.069816,0.815428,1.125493,-0.770998,-0.630914,0.448516,0.057827,-0.013403,-0.695602,-0.633099,-0.339593,0.000000,0.000000,0.000000,-1,-0.247086,-0.575272,-0.352997,1.175169,-0.773769,-0.595569,155.232529,160.301178,-748.170654,0,0
21.040000,-1.178975,0.739120,0.652336,0.681399,-0.262936,0.683052,-0.448643,0.587309,0.673638,-0.578286,-0.765463,0.282227,0.450517,-0.394868,0.058137,0.798582,1.219642,-0.409766,-0.831434,0.040978,-0.032127,-0.030655,-0.683052,-0.673638,-0.282227,0.000000,0.000000,0.000000,-1,-0.642075,-0.705765,-0.312881,1.219157,-0.515423,-0.825919,155.057327,159.777328,-747.335632,0,0
21.080000,-1.192475,0.767993,0.688707,0.695456,-0.263679,0.668442,-0.457148,0.555354,0.694693,-0.554398,-0.788705,0.265684,0.467552,-0.385426,0.060979,0.793173,1.081271,0.967174,-0.306392,-0.462463,-0.207636,-0.280779,-0.668442,-0.694693,-0.265684,0.000000,0.000000,0.000000,-1,-1.334885,-0.923370,-0.666351,1.080786,0.861518,-0.300877,157.335007,158.205734,-745.498596,0,1
21.120000,-1.167568,0.765604,0.743452,0.720263,-0.203628,0.663142,-0.487972,0.530728,0.692973,-0.493056,-0.822717,0.282899,0.476087,-0.363169,0.089314,0.795910,0.343567,1.431028,0.768682,-0.723608,0.356593,-0.374495,-0.663142,-0.692973,-0.282899,0.000000,0.000000,0.000000,-1,-1.386749,-0.336380,-0.657394,0.460003,1.337022,0.764346,157.510208,161.174286,-745.999634,0,0
21.160000,-1.130677,0.741776,0.762147,0.730213,-0.147949,0.667009,-0.509067,0.533308,0.675598,-0.455675,-0.832883,0.314112,0.469785,-0.349637,0.112463,0.802750,0.012351,0.573983,0.510272,-0.129088,0.259567,-0.227316,-0.667009,-0.675598,-0.314112,0.000000,0.000000,0.000000,-1,-0.796097,-0.416031,-0.541428,0.011866,0.468328,0.515786,158.561447,162.222000,-745.999634,0,0
21.200000,-1.136705,0.739449,0.769566,0.727483,-0.146447,0.670314,-0.514102,0.530644,0.673881,-0.454386,-0.834847,0.310746,0.470663,-0.350861,0.114694,0.801385,0.330154,-0.630293,-0.115390,-0.073857,-0.432717,0.157868,-0.670314,-0.673881,-0.310746,0.000000,0.000000,0.000000,-1,-0.555374,-1.267532,-0.065201,0.329669,-0.735946,-0.109875,155.407730,162.222000,-746.667603,0,0
21.240000,-1.122618,0.738061,0.757175,0.731451,-0.143082,0.666713,-0.508130,0.537653,0.672855,-0.454734,-0.830937,0.320562,0.467235,-0.348439,0.113422,0.804622,-1.432324,1.621831,0.060876,-0.137425,-0.480374,0.106176,-0.666713,-0.672855,-0.320562,0.000000,0.000000,0.000000,-1,-0.804138,-1.153229,-0.214386,-1.245558,1.415545,0.122222,155.582947,163.444336,-747.168640,0,0
21.280000,-1.115353,0.747541,0.743444,0.737029,-0.151734,0.658608,-0.496360,0.539859,0.679837,-0.458711,-0.827967,0.322577,0.467598,-0.346502,0.106875,0.806143,0.784304,-1.151472,-0.528638,0.608499,0.027509,0.563117,-0.658608,-0.679837,-0.322577,0.000000,0.000000,0.000000,-1,-0.050110,-0.652328,0.240540,0.783819,-1.257124,-0.523124,157.159790,162.920486,-747.335632,0,0
21.320000,-1.149032,0.784094,0.752573,0.739204,-0.190482,0.645983,-0.483951,0.516813,0.706184,-0.468368,-0.834638,0.289846,0.482842,-0.349200,0.091963,0.797788,0.808903,-1.049881,-1.360131,0.421373,0.025520,0.682592,-0.645983,-0.706184,-0.289846,0.000000,0.000000,0.000000,-1,-0.373520,-0.695221,0.399506,0.808418,-1.155532,-1.354617,158.911850,164.666687,-745.665649,0,0
21.360000,-1.222528,0.851218,0.790647,0.742538,-0.254668,0.619501,-0.468471,0.463579,0.752084,-0.478719,-0.848669,0.224920,0.513332,-0.352179,0.068563,0.779589,1.136242,-0.620455,-0.630648,-0.503775,-0.314979,0.220129,-0.619501,-0.752084,-0.224920,0.000000,0.000000,0.000000,-1,-1.167130,-0.982803,-0.076874,1.146446,-0.703190,-0.897667,159.612686,165.365158,-745.331604,0,0
21.400000,-1.282280,0.856510,0.835555,0.728067,-0.274830,0.628002,-0.485851,0.439404,0.755561,-0.483597,-0.855215,0.186390,0.524946,-0.362266,0.068771,0.767115,0.555681,-0.715665,0.220772,-0.216770,0.212882,0.113834,-0.628002,-0.755561,-0.186390,0.000000,0.000000,0.000000,-1,-0.757416,-0.578690,-0.003113,0.555196,-0.821315,0.226287,159.262268,166.063644,-744.997620,0,0
21.440000,-1.329083,0.861317,0.866702,0.716422,-0.294418,0.632501,-0.496526,0.421705,0.758701,-0.490105,-0.857603,0.155933,0.533569,-0.370591,0.066719,0.757308,0.864986,-0.815747,-0.063007,0.065866,0.064853,0.224216,-0.632501,-0.758701,-0.155933,0.000000,0.000000,0.000000,-1,-0.519562,-0.743195,0.076324,0.864501,-0.921396,-0.057492,160.839127,165.539780,-742.492554,0,0
21.480000,-1.400133,0.869844,0.925921,0.703967,-0.316975,0.635576,-0.515424,0.387676,0.764228,-0.488638,-0.865583,0.109535,0.549262,-0.378871,0.066879,0.741818,1.083655,-0.323671,0.027033,0.118639,0.051536,0.165428,-0.635576,-0.764229,-0.109535,0.000000,0.000000,0.000000,-1,-0.509857,-0.673813,-0.021011,1.083170,-0.429319,0.032548,160.839127,165.539780,-742.492554,0,0
21.520000,-1.485655,0.881472,1.011500,0.696846,-0.335879,0.633712,-0.539105,0.337464,0.771676,-0.473044,-0.879377,0.054086,0.571248,-0.382927,0.070314,0.722564,0.987867,-0.714177,-0.203103,0.120452,0.067513,-0.045188,-0.633712,-0.771676,-0.054086,0.000000,0.000000,0.000000,-1,-0.562195,-0.694305,-0.068146,0.987382,-0.819824,-0.197588,160.488708,164.841309,-742.158569,0,0
21.560000,-1.551079,0.895656,1.066279,0.692758,-0.360007,0.624885,-0.547136,0.302119,0.780619,-0.469818,-0.882677,0.012323,0.587009,-0.386341,0.066041,0.708378,0.898158,-0.335961,-0.387844,-0.153389,0.117045,0.182839,-0.624885,-0.780619,-0.012323,0.000000,0.000000,0.000000,-1,-0.799744,-0.641434,0.155533,0.897673,-0.441608,-0.382330,159.787888,165.190536,-740.154541,0,0
21.600000,-1.631249,0.909010,1.150452,0.694251,-0.376497,0.613404,-0.561031,0.250773,0.788896,-0.450843,-0.891831,-0.037127,0.608401,-0.385243,0.066799,0.690633,1.315532,-0.327233,-0.227607,-0.127318,0.139695,0.001233,-0.613404,-0.788896,0.037127,0.000000,0.000000,0.000000,-1,-0.675613,-0.684631,0.021210,1.280846,-0.508202,-0.254352,162.065567,165.015930,-739.987549,0,0
21.640000,-1.699365,0.909608,1.226185,0.693413,-0.385114,0.608987,-0.577953,0.207447,0.789263,-0.430289,-0.899251,-0.078731,0.625439,-0.384956,0.071429,0.674931,1.175277,-0.599593,-0.149308,0.164834,-0.005811,-0.039699,-0.608987,-0.789263,0.078731,0.000000,0.000000,0.000000,-1,-0.405792,-0.796066,0.055862,1.174791,-0.705237,-0.143794,162.065567,165.015930,-739.987549,0,0
21.680000,-1.774386,0.915702,1.265904,0.680101,-0.425993,0.596651,-0.581136,0.182886,0.792991,-0.446928,-0.886049,-0.123179,0.636473,-0.395589,0.058810,0.659509,0.239770,-1.109803,-0.303698,0.097414,-0.087686,-0.158350,-0.596651,-0.792991,0.123179,0.000000,0.000000,0.000000,-1,-0.567642,-0.823227,0.014511,0.239285,-1.215446,-0.298184,162.766388,165.714401,-737.649536,0,0
21.720000,-1.812498,0.924348,1.277036,0.672518,-0.453513,0.584846,-0.576551,0.174414,0.798228,-0.464012,-0.874017,-0.144177,0.640758,-0.401893,0.047145,0.652448,0.065398,-0.859773,-0.359275,-0.130440,0.108851,0.013660,-0.584846,-0.798228,0.144177,0.000000,0.000000,0.000000,-1,-0.829132,-0.623962,0.158951,0.064908,-0.965323,-0.353768,163.467209,165.365158,-738.651489,0,0
21.760000,-1.853261,0.934296,1.285646,0.662720,-0.484722,0.570830,-0.570383,0.167202,0.804181,-0.485248,-0.858539,-0.165669,0.644435,-0.409314,0.033200,0.645030,-0.081640,-0.436160,0.035073,-0.233217,0.144391,0.126399,-0.570830,-0.804181,0.165669,0.000000,0.000000,0.000000,-1,-0.804047,-0.659790,0.292068,-0.082130,-0.541709,0.040580,163.467209,165.365158,-738.651489,0,0
21.800000,-1.860879,0.932648,1.274734,0.652706,-0.498135,0.570821,-0.569791,0.173802,0.803200,-0.499312,-0.849502,-0.170392,0.642125,-0.415779,0.027841,0.643451,-0.279209,-0.729679,0.143884,-0.136104,0.025429,0.013812,-0.570821,-0.803200,0.170392,0.000000,0.000000,0.000000,-1,-0.666855,-0.817673,0.105438,-0.279698,-0.835227,0.149391,164.343246,165.190536,-738.484497,0,0
21.840000,-1.861655,0.933763,1.229340,0.629612,-0.528094,0.569830,-0.560473,0.199179,0.803864,-0.538014,-0.825496,-0.170577,0.632655,-0.430158,0.012572,0.643858,-0.724989,-0.866536,0.089847,-0.138514,0.008134,-0.084167,-0.569830,-0.803864,0.170577,0.000000,0.000000,0.000000,-1,-0.708344,-0.795731,0.086411,-0.746604,-0.938112,0.125217,165.044067,165.539780,-737.816528,0,0
21.880000,-1.862881,0.942159,1.191981,0.613168,-0.553987,0.563137,-0.546353,0.217470,0.808830,-0.570547,-0.803620,-0.169326,0.625505,-0.439781,-0.002961,0.644460,-0.489064,-0.346170,-0.043812,-0.293888,0.027046,0.011490,-0.563137,-0.808830,0.169326,0.000000,0.000000,0.000000,-1,-0.923111,-0.807495,0.155167,-0.489554,-0.451716,-0.038305,166.270508,163.618958,-738.985535,0,0
21.920000,-1.858573,0.945822,1.174792,0.607968,-0.561814,0.561017,-0.539797,0.225684,0.810978,-0.582232,-0.795884,-0.166057,0.622162,-0.442655,-0.008525,0.645677,-0.320780,-0.047159,-0.024678,-0.405643,-0.071010,-0.162883,-0.561017,-0.810978,0.166057,0.000000,0.000000,0.000000,-1,-0.985123,-0.860382,-0.028107,-0.321269,-0.152705,-0.019172,165.394470,165.190536,-738.484497,0,0
21.960000,-1.783194,0.944604,1.131975,0.627447,-0.527355,0.572894,-0.530536,0.249003,0.810265,-0.569949,-0.812339,-0.123545,0.612778,-0.431596,0.001201,0.661986,-0.601938,1.626418,0.353806,-0.344327,0.000649,-0.192606,-0.572894,-0.810265,0.123545,0.000000,0.000000,0.000000,-1,-0.870193,-0.824371,-0.098862,-0.547462,1.289691,0.321456,165.394470,165.190536,-738.484497,0,1
22.000000,-1.601736,0.927213,1.050513,0.678389,-0.424327,0.599779,-0.520664,0.298308,0.799950,-0.518360,-0.854961,-0.018563,0.591321,-0.399525,0.034423,0.699667,-1.262114,2.956375,0.662495,-0.031569,0.030022,-0.221474,-0.599779,-0.799950,0.018563,0.000000,0.000000,0.000000,-1,-0.560623,-0.760208,-0.239746,-1.262603,2.850831,0.668001,164.518448,162.571243,-739.653564,0,0
22.040000,-1.507326,0.913596,1.004172,0.700678,-0.370606,0.609673,-0.515430,0.327925,0.791705,-0.493338,-0.868974,0.038748,0.577496,-0.383568,0.050362,0.718914,-1.556920,2.709294,0.631756,-0.000084,-0.130108,-0.105218,-0.609673,-0.791705,-0.038748,0.000000,0.000000,0.000000,-1,-0.704025,-1.041214,-0.052567,-1.557409,2.603751,0.637263,164.693649,163.095108,-743.160583,0,0
22.080000,-1.323428,0.890569,0.842204,0.725422,-0.319184,0.609824,-0.469282,0.418780,0.777430,-0.503525,-0.850144,0.154005,0.536804,-0.367203,0.049505,0.757992,-3.270044,0.209278,-0.079490,0.081595,-0.279104,0.320921,-0.609824,-0.777430,-0.154005,0.000000,0.000000,0.000000,-1,-0.563232,-1.121811,0.329895,-3.270533,0.103735,-0.073983,164.343246,160.650421,-745.164612,0,0
22.120000,-1.158111,0.828717,0.637489,0.724154,-0.303865,0.619085,-0.402236,0.543086,0.737065,-0.560185,-0.782767,0.271052,0.476974,-0.370094,0.030872,0.796601,-1.310935,2.118037,0.857222,-0.194697,-0.402965,0.029292,-0.619085,-0.737065,-0.271052,0.000000,0.000000,0.000000,-1,-0.830154,-1.028824,-0.322098,-1.311424,2.012496,0.862728,163.992828,162.396622,-746.500610,0,0
22.160000,-1.095398,0.771542,0.632714,0.735679,-0.229273,0.637347,-0.423891,0.578076,0.697241,-0.528293,-0.783111,0.328091,0.455388,-0.358576,0.059869,0.812688,-0.976329,1.349297,1.502680,0.037188,0.040930,0.447735,-0.637347,-0.697241,-0.328091,0.000000,0.000000,0.000000,-1,-0.525635,-0.636368,0.147995,-0.976819,1.243757,1.508186,162.415970,162.222000,-748.337646,0,0
22.200000,-1.038005,0.721838,0.629563,0.745687,-0.160987,0.646555,-0.441943,0.606693,0.660765,-0.498635,-0.778465,0.381256,0.435241,-0.346320,0.084964,0.826686,-0.461209,1.379408,1.074571,0.266840,0.057060,0.295440,-0.648039,-0.652870,-0.392181,0.000000,0.000000,0.000000,-1,-0.373718,-0.595810,-0.096741,-0.348039,1.268531,1.054383,162.941589,162.047379,-749.840698,0,0
22.240000,-1.004842,0.679503,0.649849,0.747868,-0.097861,0.656595,-0.470672,0.619332,0.628407,-0.468147,-0.779006,0.417118,0.421728,-0.337026,0.111712,0.834314,-0.108405,0.528892,0.920281,0.277109,0.026325,0.307988,-0.656595,-0.628407,-0.417118,0.000000,0.000000,0.000000,-1,-0.358154,-0.520844,-0.125443,-0.041305,0.206956,0.849432,160.663910,163.968201,-750.341675,0,0
22.280000,-1.014219,0.657471,0.671243,0.736394,-0.077737,0.672072,-0.492306,0.619815,0.611117,-0.464067,-0.780888,0.418158,0.417858,-0.341051,0.124447,0.832822,0.216777,-0.147161,0.452776,0.465330,0.103900,0.315664,-0.672072,-0.611117,-0.418158,0.000000,0.000000,0.000000,-1,-0.148392,-0.482254,-0.103821,0.216288,-0.252699,0.458283,160.839127,162.396622,-749.506653,0,0
22.320000,-1.037466,0.657902,0.690280,0.727288,-0.082268,0.681383,-0.503848,0.610128,0.611458,-0.466035,-0.788020,0.402288,0.422751,-0.346609,0.127350,0.827603,0.481859,-0.459474,0.043860,0.461199,0.179115,0.232717,-0.681383,-0.611458,-0.402288,0.000000,0.000000,0.000000,-1,-0.221375,-0.392563,-0.222351,0.447580,-0.523583,0.102738,159.612686,161.523529,-749.339661,0,0
22.360000,-1.105875,0.689699,0.727095,0.713028,-0.126908,0.689554,-0.512776,0.576347,0.636305,-0.478175,-0.807291,0.345876,0.444636,-0.359668,0.118850,0.811673,0.874555,-1.013850,-0.589814,0.360071,0.208876,0.045293,-0.689554,-0.636305,-0.345876,0.000000,0.000000,0.000000,-1,-0.355698,-0.438034,-0.320770,0.874065,-1.119387,-0.584308,160.138290,163.095108,-749.172668,0,1
22.400000,-1.150594,0.720220,0.744683,0.708080,-0.166299,0.686271,-0.509430,0.552698,0.659550,-0.488983,-0.816621,0.306637,0.460637,-0.366736,0.107073,0.801158,0.873424,-1.104394,-0.872342,0.333717,0.161351,-0.021855,-0.686271,-0.659550,-0.306637,0.000000,0.000000,0.000000,-1,-0.533890,-0.706360,-0.301697,0.872935,-1.209929,-0.866836,160.839127,163.444336,-746.834656,0,0
22.440000,-1.200343,0.764092,0.775860,0.710105,-0.206829,0.673032,-0.505646,0.515385,0.691882,-0.489972,-0.831625,0.261395,0.483044,-0.368742,0.094743,0.788493,1.195972,-0.453033,-0.615035,-0.529452,-0.250135,-0.204776,-0.673032,-0.691882,-0.261395,0.000000,0.000000,0.000000,-1,-1.623108,-1.013550,-0.610565,1.165074,-0.788818,-0.732610,160.839127,163.095108,-747.502625,0,0
22.480000,-1.166877,0.739737,0.811487,0.720149,-0.141651,0.679205,-0.535748,0.508499,0.674094,-0.440861,-0.849331,0.290306,0.479933,-0.352861,0.124155,0.793561,-1.050161,1.645868,1.316005,-1.139017,0.120047,-0.692390,-0.679205,-0.674094,-0.290306,0.000000,0.000000,0.000000,-1,-1.404190,-0.360733,-0.841537,-1.050650,1.540335,1.321511,160.839127,162.745865,-747.168640,0,0
22.520000,-1.126414,0.696261,0.792033,0.714129,-0.100738,0.692728,-0.546112,0.538913,0.641354,-0.437929,-0.836316,0.329839,0.459722,-0.351762,0.138561,0.803567,-0.850663,0.191766,0.947004,-0.137503,0.358822,-0.337642,-0.692728,-0.641354,-0.329839,0.000000,0.000000,0.000000,-1,-0.487564,-0.387558,-0.553848,-0.851152,0.086234,0.952510,161.014328,161.872757,-748.003662,0,0
22.560000,-1.153701,0.669668,0.794755,0.688789,-0.108397,0.716813,-0.559554,0.549180,0.620726,-0.460944,-0.828644,0.317615,0.453319,-0.368367,0.141108,0.799310,0.092561,-0.351022,0.258278,0.304139,-0.046892,-0.039151,-0.716813,-0.620726,-0.317615,0.000000,0.000000,0.000000,-1,-0.597244,-0.849854,-0.239990,0.081706,-0.692802,0.383037,160.488708,164.492065,-747.836670,0,0
22.600000,-1.143273,0.694891,0.807505,0.707645,-0.103214,0.698989,-0.555019,0.531007,0.640302,-0.437256,-0.841058,0.318478,0.463185,-0.355276,0.141268,0.799551,0.753729,0.475431,-0.795183,0.235717,-0.408130,0.040219,-0.698989,-0.640302,-0.318478,0.000000,0.000000,0.000000,-1,-0.463272,-1.048431,-0.278259,0.753240,0.369900,-0.789677,160.839127,162.396622,-747.836670,0,0
22.640000,-1.129231,0.704603,0.806520,0.718474,-0.096746,0.688793,-0.549980,0.527224,0.647732,-0.425814,-0.844200,0.325588,0.465204,-0.347549,0.141324,0.801762,-0.098454,1.000679,-0.490320,0.117077,-0.145695,0.113033,-0.688793,-0.647732,-0.325588,0.000000,0.000000,0.000000,-1,-0.583344,-0.654800,-0.100098,0.230155,0.859983,-0.607419,160.488708,163.444336,-749.840698,0,0
22.680000,-1.141650,0.722587,0.764151,0.716503,-0.146258,0.682079,-0.519010,0.541548,0.661328,-0.466103,-0.827849,0.312111,0.464447,-0.358097,0.116255,0.801586,-0.079403,-2.217807,-0.985525,0.408398,-0.375843,0.161781,-0.682079,-0.661328,-0.312111,0.000000,0.000000,0.000000,-1,-0.225693,-1.148956,0.004654,-0.131591,-2.159957,-0.907854,161.539948,162.047379,-746.834656,0,0
22.720000,-1.244764,0.786610,0.764849,0.695472,-0.262103,0.669045,-0.489027,0.509550,0.707963,-0.526471,-0.819549,0.226202,0.489826,-0.383365,0.072768,0.779619,1.347151,-2.148017,-1.062188,0.151009,-0.011458,0.892447,-0.669045,-0.707963,-0.226202,0.000000,0.000000,0.000000,-1,-0.562683,-0.541504,0.759659,1.346659,-2.253455,-1.056690,162.941589,163.095108,-746.834656,0,0
22.760000,-1.339978,0.821304,0.804297,0.672013,-0.329491,0.663200,-0.490746,0.472539,0.732035,-0.554587,-0.817400,0.155856,0.510788,-0.401457,0.053159,0.758355,0.190908,-1.053823,-0.305524,-0.233651,-0.055486,0.130801,-0.663200,-0.732035,-0.155856,0.000000,0.000000,0.000000,-1,-0.896851,-0.787521,-0.025055,0.532837,-1.551805,-0.481797,163.817627,161.872757,-744.663574,0,0
22.800000,-1.349173,0.827855,0.789102,0.664768,-0.350143,0.659912,-0.480096,0.476553,0.736482,-0.572357,-0.806410,0.148695,0.509784,-0.407152,0.042938,0.756640,-0.157259,-0.862193,-0.480193,-0.082825,0.000581,0.092374,-0.659912,-0.736482,-0.148695,0.000000,0.000000,0.000000,-1,-0.763580,-0.758698,-0.080246,-0.313675,-0.842419,-0.403336,162.766388,161.523529,-743.327576,0,0
22.840000,-1.454676,0.859980,0.837201,0.636677,-0.417926,0.648058,-0.484623,0.436846,0.757830,-0.599818,-0.796557,0.075593,0.530151,-0.425610,0.022748,0.732993,1.041246,-0.912927,-0.388929,-0.026350,0.029528,0.123246,-0.648058,-0.757830,-0.075593,0.000000,0.000000,0.000000,-1,-0.717239,-0.740433,0.132812,1.040753,-1.018362,-0.383431,163.116806,161.872757,-742.993591,0,0
22.880000,-1.493635,0.869856,0.877943,0.635510,-0.427381,0.643018,-0.496231,0.411944,0.764236,-0.591507,-0.804766,0.049715,0.541722,-0.426239,0.023772,0.724080,0.518743,-0.095108,-0.118804,0.005841,0.172103,-0.059248,-0.643018,-0.764236,-0.049715,0.000000,0.000000,0.000000,-1,-0.637177,-0.592133,-0.108963,0.608632,-0.069110,-0.137234,163.467209,161.872757,-742.993591,0,0
22.920000,-1.545544,0.876101,0.906358,0.620191,-0.453686,0.639948,-0.503968,0.394728,0.768249,-0.601149,-0.798974,0.016164,0.549841,-0.435423,0.017641,0.712580,0.581482,-0.921179,-0.229585,-0.007696,0.141646,-0.006419,-0.639948,-0.768248,-0.016164,0.000000,0.000000,0.000000,-1,-0.648758,-0.665268,-0.045654,0.530066,-1.064725,-0.187188,164.518448,161.174286,-741.323547,0,0
22.960000,-1.592018,0.885862,0.943146,0.614253,-0.471871,0.632480,-0.512050,0.371504,0.774460,-0.600414,-0.799576,-0.013424,0.560396,-0.438941,0.014305,0.702199,0.927999,-0.323430,-0.373322,-0.031201,0.038560,-0.014538,-0.632480,-0.774460,0.013424,0.000000,0.000000,0.000000,-1,-0.645004,-0.740707,0.023056,0.873241,-0.551827,-0.353906,163.817627,160.825043,-742.325562,0,0
23.000000,-1.657185,0.901126,1.012699,0.616889,-0.486840,0.618413,-0.526541,0.328721,0.784026,-0.584980,-0.809277,-0.053557,0.579164,-0.437432,0.014431,0.687760,0.967157,-0.469767,-0.391176,0.033757,0.087585,0.004167,-0.618413,-0.784026,0.053557,0.000000,0.000000,0.000000,-1,-0.561340,-0.686890,0.027023,0.966664,-0.575198,-0.385678,164.343246,161.348907,-740.822571,0,0
23.040000,-1.721400,0.910818,1.060469,0.608257,-0.512439,0.606160,-0.534981,0.299476,0.790006,-0.586360,-0.804811,-0.091986,0.591770,-0.442494,0.008365,0.673748,0.567136,-0.918212,-0.369851,0.067570,0.047177,-0.146247,-0.606160,-0.790006,0.091986,0.000000,0.000000,0.000000,-1,-0.537537,-0.791641,-0.104446,0.641141,-1.025731,-0.343891,165.219269,161.523529,-738.651489,0,0
23.080000,-1.806958,0.931598,1.092976,0.585312,-0.566584,0.579994,-0.529738,0.274322,0.802574,-0.613830,-0.777001,-0.139577,0.602197,-0.455134,-0.014047,0.655755,0.263668,-1.108122,-0.453938,-0.049370,0.091240,-0.049657,-0.579994,-0.802574,0.139577,0.000000,0.000000,0.000000,-1,-0.675598,-0.685516,0.062103,0.263176,-1.213551,-0.448440,165.744888,163.095108,-738.818542,0,0
23.120000,-1.828288,0.927709,1.093481,0.570383,-0.581704,0.579899,-0.532645,0.275486,0.800248,-0.625262,-0.765328,-0.152709,0.601583,-0.463091,-0.018851,0.650607,0.138144,-0.624411,-0.285582,-0.237682,0.175828,-0.125365,-0.579899,-0.800248,0.152709,0.000000,0.000000,0.000000,-1,-0.910645,-0.608505,0.109650,0.137662,-0.729844,-0.280109,166.270508,163.968201,-737.649536,0,0
23.160000,-1.852460,0.929266,1.092473,0.555294,-0.601004,0.574841,-0.531260,0.275449,0.801181,-0.639852,-0.750281,-0.166334,0.601286,-0.470768,-0.027030,0.645060,-0.181174,-0.567539,0.171889,-0.242862,0.124270,0.027391,-0.574841,-0.801181,0.166334,0.000000,0.000000,0.000000,-1,-0.775497,-0.694901,0.161728,-0.127619,-0.661385,0.125655,166.971329,162.222000,-737.315491,0,0
23.200000,-1.851869,0.922486,1.059147,0.531940,-0.616824,0.580145,-0.526512,0.295650,0.797105,-0.663194,-0.729465,-0.167497,0.592407,-0.482496,-0.035047,0.644223,-0.489062,-0.549354,0.283699,-0.118540,0.044862,-0.084199,-0.580145,-0.797105,0.167497,0.000000,0.000000,0.000000,-1,-0.732681,-0.778503,0.105438,-0.489544,-0.654784,0.289172,166.971329,161.872757,-738.651489,0,0
23.240000,-1.843569,0.918267,1.029010,0.516670,-0.625397,0.584748,-0.520240,0.313112,0.794551,-0.680001,-0.714731,-0.163581,0.584624,-0.489904,-0.040733,0.645407,-0.519916,-0.564202,0.280915,-0.215850,-0.067067,0.042382,-0.584748,-0.794551,0.163581,0.000000,0.000000,0.000000,-1,-0.870056,-0.995117,0.111862,-0.520398,-0.669632,0.286388,166.445709,163.095108,-738.150513,0,0
23.280000,-1.826428,0.914336,0.995312,0.505353,-0.629243,0.590484,-0.512012,0.332160,0.792157,-0.694595,-0.702654,-0.154322,0.576089,-0.495260,-0.045180,0.648689,-0.352096,0.655663,-0.012580,-0.378373,-0.073367,-0.056025,-0.590484,-0.792157,0.154322,0.000000,0.000000,0.000000,-1,-1.000336,-0.811722,0.124512,-0.371560,0.336198,0.078102,166.620926,163.269730,-738.651489,0,1
23.320000,-1.736805,0.910763,0.968389,0.548334,-0.577626,0.604713,-0.505214,0.347424,0.789972,-0.666400,-0.738678,-0.101320,0.570576,-0.474450,-0.027028,0.669783,-0.411296,2.300528,0.306147,-0.253365,-0.082327,-0.212328,-0.604713,-0.789972,0.101320,0.000000,0.000000,0.000000,-1,-0.784714,-0.815857,-0.149536,-0.411778,2.195099,0.311620,166.971329,160.475800,-738.651489,0,0
23.360000,-1.615373,0.900851,0.922803,0.597447,-0.508185,0.620326,-0.495076,0.374794,0.783856,-0.630838,-0.775421,0.015091,0.549675,-0.436247,0.005070,0.712404,-1.476345,2.634900,0.588689,0.091529,-0.060079,-0.212464,-0.627143,-0.778758,-0.015091,0.000000,0.000000,0.000000,-1,-0.535614,-0.838837,-0.227554,-1.442783,2.683166,0.568627,166.095306,162.396622,-739.486511,0,0
23.400000,-1.411943,0.870607,0.801574,0.652527,-0.411575,0.636250,-0.462943,0.448204,0.764720,-0.599910,-0.793548,0.101929,0.524975,-0.416457,0.017306,0.742068,-2.371382,2.153335,0.446488,0.031407,-0.204350,0.067566,-0.636250,-0.764720,-0.101929,0.000000,0.000000,0.000000,-1,-0.580231,-0.941498,0.096817,-2.186647,2.043762,0.512697,164.518448,161.174286,-742.325562,0,0
23.440000,-1.218035,0.825756,0.611994,0.679074,-0.366118,0.636252,-0.389512,0.554947,0.735060,-0.622205,-0.746988,0.234243,0.471668,-0.400509,0.007445,0.785536,-3.302295,0.004889,0.152648,-0.042688,-0.465669,0.553381,-0.636252,-0.735061,-0.234243,0.000000,0.000000,0.000000,-1,-0.648239,-1.199600,0.276184,-3.302778,-0.100537,0.158121,163.992828,160.301178,-744.830627,0,0
23.480000,-1.115928,0.786038,0.522618,0.697965,-0.331470,0.634801,-0.352727,0.612327,0.707559,-0.623240,-0.717763,0.310465,0.440220,-0.388554,0.006565,0.809438,-0.134604,1.656225,0.509175,-0.104686,-0.292456,-0.011496,-0.634801,-0.707559,-0.310465,0.000000,0.000000,0.000000,-1,-0.739487,-1.000015,-0.321960,-0.181057,1.501943,0.456871,163.292007,162.396622,-746.166626,0,0
23.520000,-1.067115,0.748975,0.510257,0.712420,-0.284641,0.641433,-0.357699,0.639095,0.680889,-0.603745,-0.714519,0.353488,0.424216,-0.378545,0.022210,0.822345,-1.220609,1.274664,1.303636,0.027374,0.025783,0.449985,-0.641433,-0.680889,-0.353488,0.000000,0.000000,0.000000,-1,-0.610687,-0.618149,0.189056,-1.221678,1.021681,1.183199,163.642410,160.301178,-747.168640,0,0
23.560000,-1.016797,0.687417,0.514893,0.723620,-0.210597,0.657285,-0.380602,0.672679,0.634543,-0.575775,-0.709332,0.406610,0.401351,-0.368256,0.050772,0.837095,-0.227075,1.023906,0.928962,0.188001,0.080862,0.282434,-0.657285,-0.634543,-0.406610,0.000000,0.000000,0.000000,-1,-0.469284,-0.553680,-0.124176,-0.227557,0.918483,0.934435,161.539948,162.745865,-749.172668,0,0
23.600000,-1.002485,0.663047,0.526686,0.726040,-0.177921,0.664236,-0.396166,0.681312,0.615521,-0.562066,-0.710041,0.424174,0.393876,-0.364382,0.064849,0.841357,-0.159852,0.499995,0.817832,0.321844,0.055035,0.320353,-0.664236,-0.615521,-0.424174,0.000000,0.000000,0.000000,-1,-0.291245,-0.575134,-0.089127,-0.160334,0.394573,0.823304,162.240768,161.348907,-750.508667,0,0
23.640000,-0.998344,0.640050,0.546568,0.723707,-0.147333,0.674196,-0.416881,0.685215,0.597236,-0.549962,-0.713283,0.434475,0.388593,-0.362985,0.079926,0.843119,0.185084,0.272521,0.422544,0.494280,0.068946,0.361080,-0.674196,-0.597236,-0.434475,0.000000,0.000000,0.000000,-1,-0.182449,-0.481689,-0.101837,0.150801,0.208522,0.478197,162.065567,163.618958,-750.341675,0,0
23.680000,-1.015165,0.643787,0.573010,0.719695,-0.142504,0.679508,-0.433638,0.672074,0.600229,-0.542215,-0.726642,0.421893,0.395515,-0.364172,0.086782,0.838699,0.684881,-0.317577,0.004849,0.455143,0.226984,0.156024,-0.679508,-0.600229,-0.421893,0.000000,0.000000,0.000000,-1,-0.224365,-0.373245,-0.265869,0.684399,-0.422998,0.010321,161.014328,164.666687,-750.675659,0,0
23.720000,-1.048553,0.661823,0.596858,0.711948,-0.160184,0.683719,-0.443384,0.652482,0.614556,-0.544556,-0.740681,0.393510,0.408031,-0.369805,0.085265,0.830352,0.939267,-0.756132,-0.395927,0.412463,0.194390,0.033952,-0.683719,-0.614556,-0.393510,0.000000,0.000000,0.000000,-1,-0.316650,-0.440430,-0.384399,0.938783,-0.861463,-0.390461,162.591187,164.142822,-750.842712,0,0
23.760000,-1.102022,0.714568,0.626801,0.708812,-0.208470,0.673888,-0.443071,0.611785,0.655291,-0.548883,-0.763059,0.341274,0.434670,-0.374733,0.071896,0.815762,0.975260,-0.877872,-0.978691,0.304366,0.086657,-0.141423,-0.673888,-0.655291,-0.341274,0.000000,0.000000,0.000000,-1,-0.452057,-0.676483,-0.454208,1.004713,-0.921660,-0.940859,161.715149,163.269730,-750.007690,0,1
23.800000,-1.150936,0.760149,0.663518,0.708656,-0.244632,0.661787,-0.446358,0.570967,0.689030,-0.546417,-0.783678,0.295425,0.458875,-0.376459,0.062855,0.802348,0.817702,0.332011,-0.149524,-0.648058,-0.320995,-0.426193,-0.661787,-0.689030,-0.295425,0.000000,0.000000,0.000000,-1,-1.309845,-1.010025,-0.721619,0.817218,0.226682,-0.144059,162.941589,163.793579,-749.506653,0,0
23.840000,-1.120839,0.747387,0.677427,0.722528,-0.204309,0.660463,-0.459730,0.571509,0.679724,-0.516334,-0.794755,0.319005,0.456074,-0.363997,0.079005,0.808245,-0.523011,1.787199,0.955379,-1.135009,-0.131189,-0.758998,-0.660463,-0.679724,-0.319005,0.000000,0.000000,0.000000,-1,-1.398819,-0.558426,-0.952408,-0.523496,1.681870,0.960844,163.992828,163.095108,-746.500610,0,0
23.880000,-1.071882,0.695695,0.661839,0.723324,-0.149912,0.674039,-0.471748,0.605538,0.640919,-0.504238,-0.781569,0.367280,0.433159,-0.358795,0.098002,0.820997,-0.842414,-0.022002,0.640503,-0.036486,0.232594,-0.315948,-0.674039,-0.640919,-0.367280,0.000000,0.000000,0.000000,-1,-0.626480,-0.656235,-0.632416,-0.805182,0.042455,0.745840,161.539948,164.492065,-748.170654,0,0
23.920000,-1.062941,0.674566,0.633888,0.715057,-0.151685,0.682411,-0.462559,0.629258,0.624558,-0.524149,-0.762250,0.379793,0.420121,-0.365516,0.094177,0.825244,-0.250090,-0.185377,-0.139674,0.380668,-0.806594,-0.170256,-0.682411,-0.624558,-0.379793,0.000000,0.000000,0.000000,-1,-0.301743,-1.431152,-0.550049,-0.250575,-0.290704,-0.134209,161.539948,164.492065,-748.170654,0,0
23.960000,-1.047995,0.679478,0.626404,0.723687,-0.148368,0.673992,-0.456033,0.630209,0.628387,-0.517988,-0.762118,0.388413,0.418066,-0.357138,0.090653,0.830334,-0.320153,-0.202720,-0.390925,-0.149077,0.057573,0.455297,-0.668886,-0.629519,-0.395345,0.000000,0.000000,0.000000,-1,-0.817963,-0.571945,0.059952,-0.442346,0.201980,-0.341744,163.817627,162.920486,-750.675659,0,0
24.000000,-1.080512,0.698620,0.599265,0.708859,-0.202936,0.675527,-0.431900,0.632302,0.643161,-0.557658,-0.747670,0.360565,0.423081,-0.375126,0.069649,0.821846,-0.064117,-2.776834,-1.045889,0.503484,0.219944,0.960601,-0.675527,-0.643161,-0.360565,0.000000,0.000000,0.000000,-1,0.039444,-0.616470,0.239120,-0.082999,-2.532101,-0.915219,163.642410,163.444336,-749.172668,0,0
24.040000,-1.149219,0.765061,0.549045,0.678850,-0.325511,0.658183,-0.376448,0.615320,0.692581,-0.630436,-0.717931,0.295172,0.438280,-0.400405,0.015827,0.804572,0.295331,-0.912244,-1.969873,0.428874,-0.616699,0.612250,-0.658183,-0.692581,-0.295172,0.000000,0.000000,0.000000,-1,-0.506592,-1.330170,0.471008,0.294846,-1.017569,-1.964408,163.642410,163.444336,-749.172668,0,0
24.080000,-1.270388,0.816280,0.596482,0.635764,-0.409567,0.654262,-0.384753,0.566659,0.728603,-0.669155,-0.714949,0.202680,0.465410,-0.426678,-0.008000,0.775420,0.581924,-1.944957,0.100560,-0.247502,0.133236,0.277387,-0.654262,-0.728603,-0.202680,0.000000,0.000000,0.000000,-1,-0.901764,-0.595367,0.074707,0.877606,-2.194604,0.012996,164.868866,161.523529,-745.665649,0,0
24.120000,-1.322950,0.822201,0.598316,0.602756,-0.448701,0.659813,-0.383355,0.562378,0.732646,-0.699803,-0.694549,0.166965,0.467283,-0.445156,-0.021395,0.763561,0.060990,-1.505956,-0.549866,-0.226891,0.280253,0.225559,-0.659813,-0.732646,-0.166965,0.000000,0.000000,0.000000,-1,-0.848160,-0.568787,0.040771,0.013213,-1.693730,-0.380759,164.868866,161.523529,-745.665649,0,0
24.160000,-1.400259,0.853384,0.611284,0.565159,-0.510706,0.647900,-0.377316,0.538383,0.753509,-0.733640,-0.670316,0.111575,0.478331,-0.464125,-0.044812,0.744163,0.441926,-1.386056,-0.489719,-0.134418,-0.075897,0.170718,-0.647900,-0.753509,-0.111575,0.000000,0.000000,0.000000,-1,-0.760300,-0.796600,0.082153,0.441441,-1.491378,-0.484254,166.796127,163.444336,-744.162598,0,0
24.200000,-1.463409,0.867865,0.640581,0.539292,-0.544113,0.642733,-0.386363,0.518296,0.762950,-0.748257,-0.659781,0.069288,0.487778,-0.476895,-0.054084,0.729191,0.677564,-0.718690,-0.163448,-0.077268,0.208629,0.070616,-0.642733,-0.762951,-0.069288,0.000000,0.000000,0.000000,-1,-0.720001,-0.554321,0.001328,0.599254,-0.931146,-0.192808,168.022568,162.920486,-743.661621,0,0
24.240000,-1.498146,0.874019,0.679029,0.536866,-0.549638,0.640057,-0.403043,0.499399,0.766914,-0.741168,-0.669701,0.046583,0.497716,-0.478526,-0.050788,0.721604,0.887853,0.114720,-0.109959,-0.080585,0.159828,0.222547,-0.640057,-0.766914,-0.046583,0.000000,0.000000,0.000000,-1,-0.721390,-0.602310,0.080841,0.890510,-0.033015,-0.108592,168.022568,162.920486,-743.661621,0,0
24.280000,-1.567696,0.881469,0.750998,0.528830,-0.561982,0.636015,-0.433999,0.464935,0.771674,-0.729372,-0.684114,0.001972,0.515248,-0.483253,-0.045297,0.706353,1.294506,-0.277650,-0.174365,-0.025499,0.128073,-0.060208,-0.636015,-0.771674,-0.001972,0.000000,0.000000,0.000000,-1,-0.603439,-0.688141,-0.026901,1.294021,-0.382969,-0.168901,167.496948,163.095108,-743.494568,0,0
24.320000,-1.629951,0.890485,0.835721,0.535986,-0.564285,0.627935,-0.466605,0.421858,0.777377,-0.703561,-0.709661,-0.037189,0.536497,-0.480380,-0.035241,0.692939,0.934736,-0.313859,-0.277672,0.112004,0.004809,-0.079593,-0.627935,-0.777377,0.037189,0.000000,0.000000,0.000000,-1,-0.515930,-0.772568,-0.042404,1.014162,-0.224088,-0.266523,167.321747,163.269730,-740.989563,0,0
24.360000,-1.678397,0.897897,0.871127,0.525669,-0.582841,0.619652,-0.476825,0.401355,0.782018,-0.704493,-0.706548,-0.066934,0.545721,-0.485443,-0.038866,0.681926,0.656682,-0.744403,-0.339679,0.084450,0.029012,-0.047250,-0.619652,-0.782018,0.066934,0.000000,0.000000,0.000000,-1,-0.552353,-0.716049,0.007309,0.671155,-0.884667,-0.307628,167.321747,163.269730,-740.989563,0,0
24.400000,-1.751984,0.910461,0.923571,0.511091,-0.612181,0.603341,-0.489331,0.369854,0.789787,-0.706640,-0.698887,-0.110530,0.559412,-0.492263,-0.046164,0.665285,0.647737,-0.887664,-0.427223,0.036568,0.037742,-0.182064,-0.603341,-0.789787,0.110530,0.000000,0.000000,0.000000,-1,-0.571671,-0.800217,-0.049164,0.647253,-0.992981,-0.421757,171.176270,162.571243,-737.649536,0,0
24.440000,-1.812894,0.926268,0.948952,0.491138,-0.646950,0.583300,-0.488351,0.350000,0.799383,-0.721316,-0.677463,-0.144041,0.566829,-0.500725,-0.060872,0.651363,0.069711,-0.867399,-0.340100,-0.064832,0.118628,0.013186,-0.583300,-0.799383,0.144041,0.000000,0.000000,0.000000,-1,-0.648132,-0.680756,0.157227,0.055378,-0.962128,-0.344104,171.001068,163.095108,-740.154541,0,0
24.480000,-1.846847,0.929431,0.961704,0.476365,-0.664617,0.575639,-0.490698,0.342296,0.801279,-0.729583,-0.664167,-0.163069,0.569460,-0.507198,-0.067583,0.643349,0.155046,-0.791609,0.002198,-0.278350,0.219157,-0.030210,-0.575639,-0.801279,0.163069,0.000000,0.000000,0.000000,-1,-0.889038,-0.574173,0.173508,0.227748,-0.942568,-0.029104,172.402710,164.142822,-740.822571,0,0
24.520000,-1.867286,0.923565,0.951021,0.451343,-0.680985,0.576670,-0.490831,0.350242,0.797757,-0.745235,-0.643109,-0.176170,0.565082,-0.518428,-0.074575,0.637459,-0.246930,-0.747774,0.251086,-0.111013,0.024166,-0.050025,-0.576670,-0.797756,0.176170,0.000000,0.000000,0.000000,-1,-0.659241,-0.840408,0.104462,-0.247415,-0.853089,0.256551,171.877106,164.666687,-738.651489,0,0
24.560000,-1.854387,0.916251,0.890833,0.416315,-0.696465,0.584481,-0.473399,0.382791,0.793325,-0.776257,-0.606966,-0.170344,0.548605,-0.533109,-0.087393,0.638115,-0.997704,-0.663700,0.471725,-0.283683,-0.123667,-0.090511,-0.584481,-0.793325,0.170344,0.000000,0.000000,0.000000,-1,-0.868164,-0.916992,0.079834,-0.988653,-0.838979,0.482719,172.052307,163.793579,-740.154541,0,0
24.600000,-1.834882,0.912281,0.849711,0.401114,-0.700106,0.590728,-0.459624,0.404005,0.790901,-0.792372,-0.588755,-0.159734,0.537783,-0.539126,-0.093738,0.641363,-0.565428,-0.202818,0.260647,-0.507431,-0.079353,-0.130193,-0.590728,-0.790901,0.159734,0.000000,0.000000,0.000000,-1,-1.130905,-0.769394,-0.017914,-0.636055,-0.467104,0.305896,172.052307,163.793579,-740.154541,0,0
24.640000,-1.759253,0.906362,0.820646,0.438035,-0.664272,0.605697,-0.451106,0.420376,0.787266,-0.777579,-0.618083,-0.115518,0.532254,-0.523894,-0.080733,0.660093,-0.281798,2.111670,0.288560,-0.532289,0.031940,-0.127588,-0.605697,-0.787266,0.115518,0.000000,0.000000,0.000000,-1,-0.935165,-0.778458,-0.062531,-0.282282,2.006357,0.294025,172.928329,164.317444,-739.653564,0,0
24.680000,-1.567010,0.894546,0.750825,0.534862,-0.567637,0.625868,-0.426997,0.457592,0.779925,-0.729106,-0.684396,0.002370,0.518387,-0.479677,-0.049788,0.706191,-1.443196,3.244307,0.516433,0.060393,-0.035138,-0.180095,-0.625868,-0.779925,-0.002370,0.000000,0.000000,0.000000,-1,-0.565475,-0.815063,-0.182465,-1.299123,3.251319,0.486828,170.650650,163.095108,-739.820557,0,1
24.720000,-1.314259,0.855158,0.581117,0.612809,-0.470863,0.634628,-0.360171,0.548401,0.754674,-0.703379,-0.691046,0.166474,0.473797,-0.438497,-0.036276,0.762837,-2.938322,1.460505,0.237806,-0.023956,-0.205927,0.426728,-0.634628,-0.754674,-0.166474,0.000000,0.000000,0.000000,-1,-0.658585,-0.960602,0.260254,-3.009501,1.076301,0.157023,171.701889,162.745865,-743.494568,0,0
24.760000,-1.213945,0.828197,0.474221,0.626000,-0.454608,0.633605,-0.308786,0.601585,0.736713,-0.716083,-0.656831,0.236216,0.443903,-0.429933,-0.046450,0.784825,-3.090125,0.480836,0.217308,-0.085221,-0.361538,0.618403,-0.633605,-0.736713,-0.236216,0.000000,0.000000,0.000000,-1,-0.780060,-1.238998,0.406418,-3.090596,0.375598,0.222775,171.526688,162.571243,-742.993591,0,0
24.800000,-1.120210,0.782335,0.367962,0.634610,-0.435449,0.638478,-0.255134,0.661793,0.704938,-0.729505,-0.610258,0.308882,0.407411,-0.423763,-0.055856,0.807045,-0.294529,0.425333,0.645208,-0.143992,-0.378421,-0.122636,-0.638479,-0.704938,-0.308882,0.000000,0.000000,0.000000,-1,-0.782471,-1.083359,-0.431519,-0.521989,0.226610,0.528080,173.278748,161.523529,-744.663574,0,0
24.840000,-1.071439,0.747530,0.368206,0.661585,-0.384452,0.643819,-0.263971,0.684216,0.679830,-0.701872,-0.619714,0.351183,0.395660,-0.409710,-0.036682,0.821125,-1.024608,1.947660,1.268659,-0.038127,-0.085658,0.328477,-0.643819,-0.679830,-0.351183,0.000000,0.000000,0.000000,-1,-0.570374,-0.663681,0.093903,-0.843404,1.904909,1.227165,169.774628,160.126556,-745.999634,0,0
24.880000,-0.995082,0.687154,0.360272,0.697057,-0.305998,0.648441,-0.272524,0.723425,0.634339,-0.663206,-0.618887,0.420877,0.371737,-0.389066,-0.009929,0.842817,-0.281160,1.577036,0.854734,0.223698,0.005342,0.354913,-0.648441,-0.634339,-0.420877,0.000000,0.000000,0.000000,-1,-0.387451,-0.642700,-0.062256,-0.281631,1.471801,0.860200,170.300247,161.698135,-747.168640,0,0
24.920000,-0.959513,0.655932,0.377151,0.717517,-0.252992,0.648971,-0.291849,0.736782,0.609898,-0.632450,-0.627014,0.454819,0.362600,-0.375648,0.011391,0.852807,-0.104607,0.602605,0.789107,0.337631,0.087941,0.362015,-0.648971,-0.609898,-0.454819,0.000000,0.000000,0.000000,-1,-0.311340,-0.521957,-0.092804,-0.152003,0.534408,0.748121,168.372986,161.523529,-745.331604,0,0
24.960000,-0.957212,0.637718,0.391969,0.718079,-0.229885,0.656898,-0.306928,0.742521,0.595363,-0.624626,-0.629138,0.462631,0.358094,-0.374770,0.022530,0.854873,0.079444,0.252468,0.609954,0.394569,0.111644,0.400086,-0.656898,-0.595363,-0.462631,0.000000,0.000000,0.000000,-1,-0.242645,-0.460617,-0.061630,0.020728,0.189721,0.667994,169.249008,161.348907,-744.830627,0,0
25.000000,-0.978433,0.634232,0.420148,0.710287,-0.221108,0.668284,-0.328571,0.735469,0.592559,-0.622522,-0.640466,0.449744,0.362310,-0.379288,0.031577,0.850809,0.582313,-0.439425,0.182047,0.445979,0.205840,0.352531,-0.668284,-0.592559,-0.449744,0.000000,0.000000,0.000000,-1,-0.216949,-0.397247,-0.141296,0.581843,-0.544657,0.187514,167.321747,161.523529,-745.999634,0,0
25.040000,-1.033641,0.658096,0.454252,0.690377,-0.247661,0.679738,-0.347153,0.710926,0.611611,-0.634716,-0.658215,0.404831,0.379018,-0.392339,0.029696,0.837576,0.864574,-0.879282,-0.439226,0.493947,0.181848,0.047302,-0.679738,-0.611611,-0.404831,0.000000,0.000000,0.000000,-1,-0.185791,-0.429764,-0.357529,0.868634,-1.001360,-0.356082,169.424210,160.475800,-744.663574,0,1
25.080000,-1.062429,0.689701,0.471260,0.686050,-0.274262,0.673881,-0.350239,0.687348,0.636306,-0.637705,-0.672558,0.375498,0.394717,-0.395537,0.022913,0.828990,0.917805,-0.415449,-0.798251,0.311805,0.074096,-0.068457,-0.673881,-0.636306,-0.375498,0.000000,0.000000,0.000000,-1,-0.461212,-0.644485,-0.467590,0.908866,-0.614994,-0.763545,171.526688,161.174286,-745.331604,0,0
25.120000,-1.096723,0.731855,0.503537,0.686740,-0.300478,0.661892,-0.358969,0.651600,0.668251,-0.632083,-0.696513,0.339617,0.416990,-0.395361,0.017871,0.818223,0.819660,-0.084684,-0.105118,-0.171177,-0.155190,-0.238340,-0.661892,-0.668251,-0.339617,0.000000,0.000000,0.000000,-1,-1.028717,-0.825836,-0.669464,0.819190,-0.189914,-0.099652,170.475449,161.872757,-742.325562,0,0
25.160000,-1.080830,0.717884,0.526496,0.698521,-0.265322,0.664584,-0.378488,0.651196,0.657793,-0.607301,-0.711019,0.354453,0.416195,-0.386724,0.034409,0.822218,-0.316290,1.064662,0.664901,-0.824018,0.065324,-0.623575,-0.664584,-0.657793,-0.354453,0.000000,0.000000,0.000000,-1,-1.488602,-0.592468,-0.978027,-0.249671,0.970077,0.697236,170.825867,159.078842,-743.327576,0,0
25.200000,-1.063478,0.696980,0.525446,0.701722,-0.241676,0.670208,-0.384618,0.663345,0.641905,-0.599712,-0.708213,0.372531,0.407997,-0.383762,0.043196,0.827284,-0.316195,0.124156,0.600002,-0.170628,0.250624,-0.291013,-0.670208,-0.641905,-0.372531,0.000000,0.000000,0.000000,-1,-0.699692,-0.445084,-0.623550,-0.349538,0.173705,0.596623,171.176270,160.126556,-742.993591,0,0
25.240000,-1.071696,0.677643,0.524982,0.690077,-0.236456,0.684019,-0.390459,0.674140,0.626959,-0.609373,-0.699731,0.372882,0.400954,-0.390890,0.046543,0.827209,-0.203726,0.053263,-0.012555,0.013059,-0.172190,-0.128506,-0.684019,-0.626959,-0.372882,0.000000,0.000000,0.000000,-1,-0.779495,-0.985382,-0.474777,-0.204197,-0.051964,-0.007088,170.650650,159.602707,-742.492554,0,0
25.280000,-1.067103,0.687000,0.524073,0.695839,-0.239376,0.677131,-0.386893,0.669386,0.634221,-0.605080,-0.703293,0.373172,0.404129,-0.387419,0.044572,0.827405,-0.072931,0.882104,-0.176231,-0.009179,-0.501567,-0.008328,-0.677131,-0.634221,-0.373172,0.000000,0.000000,0.000000,-1,-0.686310,-1.135788,-0.381500,0.275892,0.222366,-0.188068,170.650650,159.951935,-742.826599,0,0
25.320000,-1.055206,0.685917,0.502182,0.697413,-0.245685,0.673241,-0.372479,0.678296,0.633383,-0.612270,-0.692497,0.381540,0.399242,-0.387086,0.038179,0.830248,-0.461640,-1.057543,-0.517411,-0.023430,0.146459,0.552958,-0.673241,-0.633383,-0.381540,0.000000,0.000000,0.000000,-1,-0.437149,-0.554764,0.307343,-0.453985,-0.944159,-0.374737,169.599426,160.301178,-743.494568,0,0
25.360000,-1.119880,0.717070,0.467243,0.655503,-0.331802,0.678397,-0.339502,0.672944,0.657179,-0.674577,-0.661100,0.328470,0.404379,-0.415021,0.002362,0.815003,0.016271,-1.638776,-1.385921,0.990012,-0.337907,0.058206,-0.678397,-0.657179,-0.328470,0.000000,0.000000,0.000000,-1,0.242462,-1.029388,0.013000,0.015800,-1.744001,-1.380455,170.650650,160.301178,-742.826599,0,0
25.400000,-1.209277,0.805988,0.491861,0.630489,-0.427835,0.647642,-0.326997,0.610319,0.721515,-0.703958,-0.666685,0.244898,0.440248,-0.428641,-0.031979,0.788306,1.976604,-2.828002,-1.186226,-0.127352,-0.175366,0.842845,-0.647642,-0.721515,-0.244898,0.000000,0.000000,0.000000,-1,-0.774994,-0.896881,0.597946,2.050949,-2.642025,-1.419044,173.979568,159.078842,-741.657593,0,0
25.440000,-1.298280,0.824330,0.522297,0.585974,-0.478468,0.653990,-0.338759,0.588515,0.734093,-0.736123,-0.651705,0.182770,0.451301,-0.452706,-0.045498,0.767668,-0.041481,-1.515962,-0.085976,-0.268572,0.038369,0.106720,-0.653990,-0.734093,-0.182770,0.000000,0.000000,0.000000,-1,-0.894913,-0.590897,-0.082153,0.257704,-1.891515,-0.067700,174.855606,160.301178,-741.156555,0,0
25.480000,-1.358336,0.853825,0.528171,0.553470,-0.530173,0.642330,-0.331151,0.567561,0.753799,-0.764206,-0.629913,0.138561,0.460258,-0.467849,-0.066200,0.751597,0.656315,-1.677129,-0.808822,-0.317448,0.072876,0.098796,-0.642330,-0.753799,-0.138561,0.000000,0.000000,0.000000,-1,-0.929626,-0.751205,-0.047958,0.655844,-1.782351,-0.803355,176.257248,160.301178,-740.488525,0,0
25.520000,-1.437990,0.875979,0.564303,0.519108,-0.572539,0.634607,-0.342421,0.540982,0.768171,-0.783119,-0.616066,0.084779,0.472585,-0.484018,-0.078564,0.732269,0.623290,-0.549224,-0.208293,-0.002432,0.151609,0.217256,-0.634607,-0.768171,-0.084779,0.000000,0.000000,0.000000,-1,-0.637039,-0.616562,0.132477,0.595070,-0.728680,-0.216014,177.308487,160.650421,-737.816528,0,0
25.560000,-1.479192,0.882579,0.600375,0.510007,-0.582957,0.632498,-0.358835,0.524087,0.772380,-0.781748,-0.620882,0.058102,0.481616,-0.488870,-0.077473,0.723221,0.888513,-0.391101,-0.109813,0.005530,0.169825,0.105954,-0.632498,-0.772379,-0.058102,0.000000,0.000000,0.000000,-1,-0.658600,-0.604111,0.033524,0.858288,-0.525992,-0.094311,178.534927,160.126556,-737.315491,0,0
25.600000,-1.550719,0.891813,0.662639,0.494486,-0.601046,0.627875,-0.386346,0.495099,0.778212,-0.778601,-0.627392,0.012608,0.496684,-0.496992,-0.075866,0.707494,0.897530,-0.645694,-0.204498,-0.011132,0.072157,-0.030773,-0.627875,-0.778212,-0.012608,0.000000,0.000000,0.000000,-1,-0.588486,-0.731277,-0.047043,0.897059,-0.750914,-0.199031,177.308487,160.650421,-737.482483,0,0
25.640000,-1.634121,0.902107,0.736548,0.479131,-0.622595,0.618715,-0.416447,0.459260,0.784635,-0.772661,-0.633605,-0.039232,0.514564,-0.504817,-0.074794,0.689050,1.146182,-0.282203,-0.314187,0.069902,0.112440,0.119764,-0.618715,-0.784635,0.039232,0.000000,0.000000,0.000000,-1,-0.548813,-0.672195,0.158997,1.099906,-0.502986,-0.308758,178.534927,161.872757,-736.981506,0,0
25.680000,-1.692693,0.906889,0.794290,0.472459,-0.634583,0.611627,-0.439575,0.431827,0.787591,-0.763909,-0.640960,-0.074926,0.528100,-0.508501,-0.072090,0.676269,0.998043,-1.008371,-0.260346,0.013192,0.039620,-0.069815,-0.611627,-0.787591,0.074927,0.000000,0.000000,0.000000,-1,-0.602127,-0.735199,-0.081375,1.103084,-0.856992,-0.239117,181.338226,161.872757,-735.979492,0,0
25.720000,-1.772779,0.917009,0.836545,0.442857,-0.669970,0.595833,-0.451485,0.407511,0.793786,-0.774622,-0.620543,-0.122012,0.537903,-0.521216,-0.083095,0.657335,0.298004,-1.100780,-0.366030,0.077965,0.011651,-0.154040,-0.595833,-0.793786,0.122012,0.000000,0.000000,0.000000,-1,-0.524048,-0.791611,-0.041824,0.297533,-1.205997,-0.360564,181.688629,160.475800,-735.979492,0,0
25.760000,-1.835395,0.933675,0.850515,0.410636,-0.708304,0.574181,-0.447127,0.392383,0.803811,-0.794642,-0.586806,-0.155575,0.541717,-0.533227,-0.101742,0.641764,-0.162201,-1.007545,-0.345415,-0.054359,0.073770,-0.083081,-0.574181,-0.803811,0.155575,0.000000,0.000000,0.000000,-1,-0.628540,-0.730042,0.072495,-0.096890,-1.137105,-0.370356,181.513428,162.396622,-735.812500,0,0
25.800000,-1.852558,0.941053,0.841563,0.393620,-0.724591,0.565714,-0.439162,0.392408,0.808179,-0.807589,-0.566555,-0.163753,0.539668,-0.539106,-0.112048,0.636843,-0.254303,-0.642363,-0.032251,-0.293478,0.165296,0.000889,-0.565713,-0.808179,0.163753,0.000000,0.000000,0.000000,-1,-0.889008,-0.601425,0.135712,-0.243314,-0.791042,-0.079909,185.543167,162.222000,-735.645508,0,0
25.840000,-1.863199,0.936337,0.819970,0.367190,-0.736900,0.567583,-0.433369,0.404394,0.805392,-0.823021,-0.541705,-0.170860,0.532366,-0.549560,-0.119954,0.632599,-0.258483,-0.708682,0.284019,-0.235747,0.088885,0.017754,-0.567583,-0.805392,0.170860,0.000000,0.000000,0.000000,-1,-0.792587,-0.792969,0.155121,-0.258956,-0.813812,0.289476,183.090286,162.222000,-736.313477,0,0
25.880000,-1.857667,0.932967,0.772464,0.335126,-0.749342,0.571120,-0.415568,0.426459,0.803390,-0.845573,-0.506576,-0.168485,0.518930,-0.561208,-0.132221,0.631091,-0.795605,-0.512701,0.185874,-0.264864,-0.165711,-0.184079,-0.571119,-0.803390,0.168485,0.000000,0.000000,0.000000,-1,-0.835983,-0.969101,-0.015594,-0.781125,-0.728030,0.232085,183.265488,160.301178,-736.480469,0,0
25.920000,-1.838158,0.934415,0.736280,0.325140,-0.752167,0.573174,-0.399086,0.440351,0.804252,-0.857329,-0.490241,-0.157004,0.510341,-0.563962,-0.139199,0.634131,-0.534987,-0.085508,0.135333,-0.390739,-0.133630,-0.089422,-0.573174,-0.804252,0.157004,0.000000,0.000000,0.000000,-1,-0.992325,-0.888901,-0.001495,-0.643913,-0.341145,0.169258,185.893585,160.825043,-736.313477,0,0
25.960000,-1.744919,0.935607,0.695981,0.375335,-0.719479,0.584358,-0.380406,0.455336,0.804959,-0.845231,-0.524423,-0.102791,0.505665,-0.543781,-0.128975,0.657244,-0.512362,2.274765,0.296754,-0.384285,0.053464,-0.104301,-0.584358,-0.804959,0.102791,0.000000,0.000000,0.000000,-1,-0.968643,-0.751495,-0.001511,-0.512835,2.169638,0.302211,185.893585,160.126556,-737.315491,0,1
26.000000,-1.547243,0.917342,0.620422,0.480641,-0.632144,0.607764,-0.353439,0.494635,0.793988,-0.802536,-0.596431,0.014317,0.492872,-0.499919,-0.098795,0.705265,-1.474927,3.188005,0.572362,0.081596,0.048780,-0.128612,-0.607764,-0.793988,-0.014317,0.000000,0.000000,0.000000,-1,-0.439163,-0.839355,-0.172714,-1.397746,3.220681,0.560386,185.192749,159.777328,-736.981506,0,0
26.040000,-1.394653,0.891112,0.527737,0.537002,-0.573313,0.618822,-0.316524,0.543033,0.777771,-0.781947,-0.613537,0.110143,0.470060,-0.473257,-0.086758,0.739962,-2.498231,2.469175,0.579439,0.062456,-0.246612,-0.011897,-0.618822,-0.777771,-0.110143,0.000000,0.000000,0.000000,-1,-0.623306,-0.981857,0.112503,-2.281542,2.393839,0.651510,182.564667,157.507263,-735.144470,0,0
26.080000,-1.168450,0.835593,0.339863,0.596686,-0.512894,0.617176,-0.223595,0.632372,0.741695,-0.770695,-0.580557,0.262647,0.418828,-0.439613,-0.091636,0.789257,-3.034250,1.079795,0.251228,-0.108960,-0.333714,0.507123,-0.617176,-0.741695,-0.262647,0.000000,0.000000,0.000000,-1,-0.776138,-1.274780,0.213333,-3.034721,0.974670,0.256686,181.688629,157.681885,-737.315491,0,0
26.120000,-1.122775,0.797237,0.261486,0.585154,-0.510916,0.629730,-0.180622,0.674936,0.715428,-0.790550,-0.532379,0.302659,0.389731,-0.443599,-0.103161,0.800429,0.214990,0.007311,0.515969,-0.164505,-0.265620,0.185685,-0.629730,-0.715428,-0.302659,0.000000,0.000000,0.000000,-1,-0.760284,-0.920731,-0.101578,0.061869,-0.603626,0.461568,180.812607,156.110306,-741.156555,0,0
26.160000,-1.063952,0.770029,0.255133,0.623311,-0.466427,0.627638,-0.181177,0.694652,0.696156,-0.760696,-0.547635,0.348479,0.380848,-0.425107,-0.087343,0.816462,-1.209319,2.383905,0.970894,-0.036074,-0.181301,0.488875,-0.627638,-0.696156,-0.348479,0.000000,0.000000,0.000000,-1,-0.608963,-0.853134,0.107941,-1.018789,2.328451,0.867650,181.338226,154.887955,-740.655518,0,0
26.200000,-1.003343,0.708653,0.264637,0.662321,-0.389122,0.640246,-0.198586,0.732808,0.650812,-0.722422,-0.558190,0.408080,0.361052,-0.406942,-0.056901,0.837139,0.000223,1.075250,1.428313,0.169939,-0.001822,0.396468,-0.640246,-0.650812,-0.408080,0.000000,0.000000,0.000000,-1,-0.460968,-0.630630,-0.049164,-0.000248,0.970127,1.433771,179.235748,154.189484,-739.653564,0,0
26.240000,-0.991756,0.659767,0.303380,0.675493,-0.326108,0.661334,-0.236051,0.754051,0.612933,-0.698562,-0.570140,0.432378,0.349665,-0.401926,-0.026617,0.845861,0.046704,0.642271,1.154252,0.231051,-0.025327,0.384390,-0.661334,-0.612933,-0.432378,0.000000,0.000000,0.000000,-1,-0.376373,-0.666107,-0.022308,0.002803,0.563711,1.197299,177.658890,154.364105,-739.820557,0,0
26.280000,-0.993730,0.638860,0.331360,0.678464,-0.295049,0.672780,-0.261167,0.759106,0.596280,-0.686643,-0.580263,0.437969,0.346911,-0.400834,-0.009990,0.847871,0.379274,0.314265,0.884010,0.402135,-0.016223,0.391216,-0.672780,-0.596280,-0.437969,0.000000,0.000000,0.000000,-1,-0.234909,-0.564575,-0.090790,0.337521,0.316264,0.916032,173.979568,153.490997,-740.989563,0,0
26.320000,-1.030661,0.626651,0.376802,0.663235,-0.278448,0.694684,-0.298037,0.753172,0.586436,-0.686508,-0.595986,0.416542,0.351255,-0.410303,0.005819,0.841568,0.669167,-0.550530,0.400726,0.499997,0.203791,0.173576,-0.694684,-0.586435,-0.416542,0.000000,0.000000,0.000000,-1,-0.193787,-0.378906,-0.286209,0.668696,-0.655650,0.406184,173.278748,154.887955,-739.319519,0,0
26.360000,-1.089898,0.641892,0.413443,0.636859,-0.300235,0.710119,-0.321799,0.733477,0.598712,-0.700611,-0.609811,0.370506,0.364992,-0.426061,0.006513,0.827775,0.723626,-1.010641,-0.291341,0.540502,0.204776,0.006508,-0.710119,-0.598712,-0.370506,0.000000,0.000000,0.000000,-1,-0.199936,-0.406631,-0.322388,0.739420,-1.095495,-0.205312,174.154770,154.713348,-740.488525,0,1
26.400000,-1.127734,0.665102,0.429649,0.621993,-0.328297,0.710877,-0.327765,0.715338,0.617140,-0.711122,-0.616857,0.337331,0.377268,-0.434745,-0.000163,0.817720,0.756577,-0.807571,-0.618118,0.437653,0.177885,0.106893,-0.710877,-0.617140,-0.337331,0.000000,0.000000,0.000000,-1,-0.359634,-0.451187,-0.202194,0.728568,-1.008038,-0.565124,176.432449,153.141754,-736.981506,0,0
26.440000,-1.148695,0.717582,0.461206,0.633824,-0.354858,0.687272,-0.335283,0.674680,0.657565,-0.697031,-0.647211,0.308651,0.403266,-0.427845,-0.006050,0.808881,1.091288,0.623627,-0.679325,-0.179396,-0.089765,-0.088673,-0.687272,-0.657565,-0.308651,0.000000,0.000000,0.000000,-1,-1.107758,-0.838501,-0.564758,1.090816,0.518509,-0.673868,176.432449,153.141754,-736.981506,0,0
26.480000,-1.125319,0.720731,0.500071,0.663674,-0.315999,0.677998,-0.360251,0.659323,0.659934,-0.655558,-0.682231,0.323736,0.412497,-0.409851,0.013600,0.813439,-0.054562,1.096849,0.990568,-1.112941,-0.229058,-0.655466,-0.677998,-0.659934,-0.323736,0.000000,0.000000,0.000000,-1,-1.664978,-0.696640,-0.943680,0.160205,1.121868,0.813297,175.206009,156.459549,-736.146484,0,0
26.520000,-1.111012,0.686645,0.502802,0.662596,-0.283961,0.693061,-0.372677,0.677661,0.633946,-0.649676,-0.678338,0.343190,0.400545,-0.409840,0.027079,0.819061,-0.509800,0.104285,0.858591,-0.426904,0.308934,-0.344417,-0.693061,-0.633946,-0.343190,0.000000,0.000000,0.000000,-1,-0.779129,-0.314148,-0.696106,-0.519300,0.174266,0.971857,172.577927,154.189484,-736.313477,0,0
26.560000,-1.102993,0.651441,0.500230,0.655245,-0.258602,0.709774,-0.381405,0.697775,0.606333,-0.652062,-0.668008,0.358582,0.386939,-0.413506,0.037288,0.823347,-0.172646,0.974506,0.713728,0.027126,-0.000356,-0.066208,-0.709774,-0.606333,-0.358582,0.000000,0.000000,0.000000,-1,-0.614990,-0.708603,-0.266144,-0.173117,0.869391,0.719185,172.577927,154.189484,-736.313477,0,0
26.600000,-1.088840,0.669287,0.511186,0.673206,-0.252720,0.694929,-0.383672,0.684008,0.620427,-0.632131,-0.684300,0.363517,0.395500,-0.402270,0.039695,0.824732,0.629685,-0.528343,-1.058359,0.324583,-0.476299,0.180808,-0.694929,-0.620427,-0.363517,0.000000,0.000000,0.000000,-1,-0.229187,-1.013611,-0.191238,0.642399,-0.346057,-0.997967,172.227509,155.237198,-735.979492,0,0
26.640000,-1.113379,0.698462,0.496419,0.663106,-0.296953,0.687102,-0.364750,0.673392,0.643040,-0.653642,-0.677025,0.338216,0.403577,-0.409899,0.020727,0.817728,-0.523384,-1.275815,-1.060359,0.469969,-0.221370,0.150472,-0.687102,-0.643040,-0.338216,0.000000,0.000000,0.000000,-1,-0.600143,-1.035461,-0.003036,-0.249453,-1.388302,-1.025982,174.329987,154.887955,-734.977478,0,0
26.680000,-1.141388,0.729082,0.438569,0.634140,-0.371587,0.678078,-0.316694,0.675205,0.666186,-0.705387,-0.637198,0.310496,0.402629,-0.427367,-0.016957,0.809296,-0.267083,-1.257339,-0.761172,-0.033714,-0.833723,0.035074,-0.678078,-0.666186,-0.310496,0.000000,0.000000,0.000000,-1,-0.650314,-1.124237,-0.011963,-0.267555,-1.362451,-0.755715,174.329987,154.887955,-734.977478,0,0
26.720000,-1.232868,0.767300,0.455591,0.585883,-0.442258,0.679079,-0.316702,0.646370,0.694194,-0.745949,-0.621782,0.238634,0.418593,-0.453281,-0.039938,0.785953,1.212080,-2.179727,-0.779695,0.238024,0.351879,0.679689,-0.679079,-0.694194,-0.238634,0.000000,0.000000,0.000000,-1,-0.494308,-0.305328,0.475784,1.114754,-2.285942,-0.801886,179.410950,156.459549,-734.142456,0,0
26.760000,-1.310468,0.797547,0.481154,0.548216,-0.493892,0.674930,-0.323251,0.619161,0.715645,-0.771342,-0.610500,0.179783,0.432802,-0.472007,-0.055690,0.766022,0.325272,-1.736332,-0.618746,-0.093655,0.121468,0.480671,-0.674930,-0.715645,-0.179783,0.000000,0.000000,0.000000,-1,-0.757446,-0.800049,0.140793,0.600688,-2.005936,-0.723023,180.987808,156.284927,-734.309448,0,0
26.800000,-1.364996,0.818508,0.470147,0.505960,-0.544599,0.668892,-0.309552,0.609173,0.730127,-0.805098,-0.576472,0.139635,0.435072,-0.490810,-0.078266,0.750794,0.319211,-1.402427,-0.603158,0.000817,-0.178168,0.264605,-0.668892,-0.730127,-0.139635,0.000000,0.000000,0.000000,-1,-0.715530,-0.881989,0.070435,0.318737,-1.507453,-0.597710,180.987808,156.284927,-734.309448,0,0
26.840000,-1.459113,0.848040,0.516870,0.465197,-0.592878,0.657334,-0.326865,0.575049,0.749985,-0.822649,-0.563751,0.073720,0.451782,-0.508953,-0.091479,0.726974,0.826526,-0.833824,-0.388999,-0.072158,0.012207,0.064275,-0.657334,-0.749985,-0.073720,0.000000,0.000000,0.000000,-1,-0.684540,-0.675171,0.067001,0.863011,-1.155167,-0.406384,181.513428,156.808777,-733.808472,0,0
26.880000,-1.498305,0.858636,0.556929,0.460542,-0.602592,0.651754,-0.345412,0.554720,0.756952,-0.817674,-0.573733,0.047329,0.463275,-0.511578,-0.089536,0.718086,0.788836,-0.266128,-0.066711,0.030462,0.161722,0.068341,-0.651754,-0.756952,-0.047329,0.000000,0.000000,0.000000,-1,-0.621292,-0.595230,0.021011,0.788362,-0.371153,-0.061264,184.491928,158.380356,-732.973450,0,0
26.920000,-1.571181,0.863213,0.594351,0.425223,-0.629830,0.649999,-0.363981,0.538532,0.759935,-0.828676,-0.559729,-0.000250,0.470888,-0.527627,-0.094861,0.700626,0.454052,-1.285062,-0.109481,0.079611,0.023179,0.032556,-0.649999,-0.759935,0.000250,0.000000,0.000000,0.000000,-1,-0.543655,-0.751083,0.021027,0.453578,-1.390086,-0.104034,184.491928,158.380356,-732.973450,0,0
26.960000,-1.638483,0.873942,0.624696,0.392613,-0.660168,0.640339,-0.375362,0.520597,0.766865,-0.839618,-0.541440,-0.043409,0.478389,-0.541154,-0.104141,0.683703,0.589630,-0.744723,-0.355942,0.023090,0.030873,-0.036359,-0.640339,-0.766865,0.043409,0.000000,0.000000,0.000000,-1,-0.658600,-0.694077,0.094803,0.512614,-0.930296,-0.332268,183.966309,159.253464,-732.472412,0,0
27.000000,-1.689261,0.883236,0.667892,0.382471,-0.675690,0.630205,-0.393062,0.498285,0.772797,-0.836193,-0.543282,-0.075008,0.489692,-0.545624,-0.105162,0.671890,1.046537,-0.634592,-0.447634,-0.063642,0.182999,0.081654,-0.630205,-0.772797,0.075008,0.000000,0.000000,0.000000,-1,-0.732925,-0.532135,0.039398,0.985493,-0.648453,-0.452570,186.243988,160.126556,-731.303406,0,0
27.040000,-1.781767,0.895175,0.732948,0.354873,-0.707186,0.611516,-0.418420,0.464787,0.780319,-0.836056,-0.532785,-0.130961,0.505234,-0.556973,-0.111107,0.649750,0.419515,-0.587868,-0.389876,-0.058070,0.117004,-0.171610,-0.611516,-0.780319,0.130961,0.000000,0.000000,0.000000,-1,-0.640625,-0.694336,0.047577,0.419041,-0.692889,-0.384430,187.470428,159.602707,-731.470398,0,0
27.080000,-1.833813,0.906848,0.763115,0.337732,-0.729291,0.595039,-0.425924,0.445342,0.787565,-0.839360,-0.519427,-0.160217,0.512983,-0.562989,-0.119069,0.636957,0.171985,-0.814612,-0.292517,-0.046044,0.097654,-0.070251,-0.595039,-0.787565,0.160217,0.000000,0.000000,0.000000,-1,-0.609238,-0.716431,0.093338,0.247977,-0.935562,-0.305925,189.047287,161.174286,-731.971436,0,0
27.120000,-1.858172,0.912130,0.768672,0.323466,-0.742189,0.585060,-0.424007,0.440576,0.791272,-0.848909,-0.497755,-0.177746,0.513010,-0.570695,-0.128579,0.628168,-0.176506,-0.658298,0.020161,-0.151237,-0.038837,-0.031261,-0.585060,-0.791272,0.177746,0.000000,0.000000,0.000000,-1,-0.736298,-0.830109,0.146484,-0.176980,-0.763317,0.025606,187.996048,161.523529,-731.971436,0,0
27.160000,-1.874890,0.912001,0.754649,0.298686,-0.754745,0.584078,-0.419353,0.445970,0.790730,-0.857280,-0.481115,-0.183299,0.508924,-0.576754,-0.134206,0.624771,-0.213298,-0.645413,0.129007,-0.126478,-0.039409,-0.087322,-0.584078,-0.790730,0.183299,0.000000,0.000000,0.000000,-1,-0.698532,-0.859100,0.028366,-0.213772,-0.750431,0.134453,188.521667,160.650421,-731.136414,0,0
27.200000,-1.865617,0.911115,0.711718,0.273802,-0.762326,0.586423,-0.400284,0.464087,0.790187,-0.874531,-0.451091,-0.178079,0.496939,-0.584886,-0.144941,0.624462,-0.842846,-0.353589,0.313334,-0.195498,-0.129704,-0.143961,-0.586423,-0.790187,0.178079,0.000000,0.000000,0.000000,-1,-0.858597,-0.948929,0.033783,-0.802080,-0.498971,0.267448,189.572906,159.253464,-732.138428,0,0
27.240000,-1.828827,0.907175,0.665163,0.269326,-0.756800,0.595582,-0.380171,0.484658,0.787767,-0.884835,-0.438589,-0.157183,0.485245,-0.585772,-0.149024,0.631823,-0.847399,0.436330,0.354495,-0.402923,-0.161895,-0.202654,-0.595582,-0.787766,0.157183,0.000000,0.000000,0.000000,-1,-1.132919,-0.923782,-0.017380,-0.875569,0.077978,0.397556,187.645645,160.475800,-733.975464,0,0
27.280000,-1.695828,0.904263,0.602108,0.338908,-0.713327,0.613438,-0.350174,0.509539,0.785970,-0.873224,-0.481181,-0.077101,0.476044,-0.558510,-0.136429,0.665459,-0.894866,2.750632,0.262667,-0.386089,0.006688,-0.102950,-0.613438,-0.785970,0.077101,0.000000,0.000000,0.000000,-1,-0.866562,-0.740723,-0.082245,-0.895340,2.645616,0.268113,187.470428,159.253464,-732.806458,0,1
27.320000,-1.480313,0.883092,0.504293,0.450946,-0.630088,0.632168,-0.306711,0.555747,0.772705,-0.838198,-0.542342,0.057357,0.457669,-0.511723,-0.112543,0.718340,-1.734152,2.813825,0.699247,0.121304,0.072891,-0.145173,-0.632168,-0.772705,-0.057357,0.000000,0.000000,0.000000,-1,-0.542282,-0.843567,-0.219604,-1.624022,2.892186,0.676053,186.419205,157.158020,-732.472412,0,0
27.360000,-1.334023,0.856273,0.401772,0.503048,-0.584127,0.636976,-0.256238,0.603079,0.755405,-0.825400,-0.543223,0.153702,0.431934,-0.486397,-0.109058,0.751636,-2.647196,1.995878,0.360912,-0.031771,-0.174557,0.347916,-0.636976,-0.755406,-0.153702,0.000000,0.000000,0.000000,-1,-0.690826,-0.989197,0.343719,-2.577243,1.966220,0.419490,186.419205,157.158020,-732.472412,0,0
27.400000,-1.161267,0.809621,0.238986,0.544079,-0.551023,0.632734,-0.163282,0.670168,0.724026,-0.822993,-0.497241,0.274652,0.387059,-0.461367,-0.122888,0.788812,-2.216459,0.011624,-0.041221,-0.191988,-0.557865,0.600641,-0.632734,-0.724026,-0.274652,0.000000,0.000000,0.000000,-1,-0.837158,-1.284470,0.081360,-2.216932,-0.093389,-0.035775,183.615906,155.062576,-737.148499,0,0
27.440000,-1.144029,0.781191,0.227734,0.547955,-0.530969,0.646388,-0.160314,0.691742,0.704126,-0.821002,-0.489454,0.293921,0.374931,-0.460941,-0.116431,0.795867,-0.798856,1.858127,1.098528,-0.172201,-0.277609,0.145576,-0.646388,-0.704126,-0.293921,0.000000,0.000000,0.000000,-1,-0.764832,-0.905365,0.001755,-0.355602,1.345854,1.006250,181.513428,153.316376,-737.482483,0,0
27.480000,-1.067516,0.733330,0.208879,0.593406,-0.473595,0.650828,-0.154060,0.726801,0.669347,-0.790022,-0.497461,0.358326,0.356469,-0.440190,-0.097620,0.818311,-0.838717,1.693000,1.276290,0.132426,-0.034953,0.388263,-0.650828,-0.669347,-0.358326,0.000000,0.000000,0.000000,-1,-0.385513,-0.593582,-0.011871,-1.053748,1.831840,1.286191,178.534927,154.189484,-736.647461,0,0
27.520000,-1.021009,0.687495,0.230706,0.632390,-0.407270,0.658949,-0.176721,0.752362,0.634603,-0.754223,-0.517767,0.403813,0.345042,-0.423131,-0.069031,0.834950,0.083218,1.454813,0.801295,0.318220,0.060934,0.350727,-0.658949,-0.634603,-0.403813,0.000000,0.000000,0.000000,-1,-0.367401,-0.581711,-0.050247,0.082744,1.349802,0.806740,176.257248,152.617905,-739.152527,0,0
27.560000,-0.996903,0.660636,0.260232,0.657219,-0.358271,0.663102,-0.203168,0.763016,0.613620,-0.725800,-0.538004,0.428680,0.341146,-0.411436,-0.045946,0.843936,0.065358,0.528133,0.765253,0.269441,0.031802,0.414397,-0.663103,-0.613620,-0.428680,0.000000,0.000000,0.000000,-1,-0.391083,-0.597443,-0.031830,0.089452,0.550356,0.775172,174.680389,153.840240,-737.315491,0,0
27.600000,-1.003688,0.644719,0.279760,0.656277,-0.338856,0.674149,-0.220698,0.768194,0.600974,-0.721521,-0.543189,0.429363,0.338644,-0.413084,-0.034972,0.844665,0.283494,-0.037134,0.647327,0.347947,0.055976,0.365444,-0.674149,-0.600974,-0.429363,0.000000,0.000000,0.000000,-1,-0.222244,-0.453323,-0.113907,0.210938,-0.084825,0.697984,172.753128,153.316376,-738.484497,0,0
27.640000,-1.037162,0.649685,0.315512,0.645171,-0.337278,0.685564,-0.247087,0.756968,0.604936,-0.722981,-0.559681,0.405037,0.347551,-0.420345,-0.026915,0.837732,0.798178,-0.491990,-0.080685,0.473955,0.199937,0.141411,-0.685564,-0.604936,-0.405037,0.000000,0.000000,0.000000,-1,-0.216034,-0.414581,-0.315430,0.797704,-0.596999,-0.075240,173.979568,153.840240,-738.985535,0,0
27.680000,-1.088089,0.685801,0.348691,0.627898,-0.368583,0.685486,-0.264421,0.727339,0.633293,-0.732001,-0.578900,0.359234,0.367874,-0.430176,-0.031611,0.823783,0.937183,-0.755799,-0.665007,0.400345,0.220192,0.047039,-0.685486,-0.633293,-0.359234,0.000000,0.000000,0.000000,-1,-0.343063,-0.434418,-0.290192,0.915661,-0.873440,-0.599705,174.505188,152.967148,-737.482483,0,1
27.720000,-1.118085,0.723375,0.369927,0.623024,-0.396831,0.674067,-0.271007,0.698870,0.661919,-0.733755,-0.595068,0.327869,0.386098,-0.432428,-0.038648,0.813905,1.097829,-0.321627,-1.009127,0.196802,0.176750,0.009174,-0.674067,-0.661919,-0.327869,0.000000,0.000000,0.000000,-1,-0.639069,-0.660034,-0.403458,1.087841,-0.534721,-0.966923,175.556427,153.665619,-735.812500,0,0
27.760000,-1.126332,0.767716,0.404328,0.641973,-0.407307,0.649593,-0.283051,0.661483,0.694494,-0.712567,-0.629715,0.309366,0.409611,-0.421350,-0.038435,0.808211,0.710941,0.908516,-0.099872,-0.478825,-0.218058,-0.396063,-0.649593,-0.694494,-0.309366,0.000000,0.000000,0.000000,-1,-1.399796,-0.981094,-0.781067,0.710467,0.803510,-0.094427,176.432449,153.490997,-735.645508,0,0
27.800000,-1.088613,0.744676,0.422152,0.669029,-0.357751,0.651471,-0.301273,0.670754,0.677734,-0.679437,-0.649694,0.340973,0.405371,-0.406433,-0.017247,0.818651,-0.455094,0.664966,0.871434,-0.703952,0.035461,-0.555725,-0.651471,-0.677734,-0.340973,0.000000,0.000000,0.000000,-1,-1.073074,-0.489655,-0.744995,-0.396939,0.758303,0.877456,175.556427,153.316376,-735.144470,0,0
27.840000,-1.083879,0.709805,0.417405,0.661214,-0.336815,0.670337,-0.307483,0.693368,0.651686,-0.684288,-0.637021,0.354900,0.391454,-0.411477,-0.008910,0.823025,-0.557833,-0.187454,0.866840,0.164401,0.033842,-0.252842,-0.670337,-0.651686,-0.354900,0.000000,0.000000,0.000000,-1,-0.505936,-0.617844,-0.607742,-0.558308,-0.292378,0.872276,173.103546,153.665619,-736.814514,0,0
27.880000,-1.090412,0.684774,0.416979,0.649693,-0.325690,0.686895,-0.313698,0.708195,0.632498,-0.692454,-0.626407,0.357941,0.381955,-0.418498,-0.003638,0.823989,-0.021790,-0.287636,-0.191696,0.255377,-0.304285,-0.218612,-0.686895,-0.632498,-0.357941,0.000000,0.000000,0.000000,-1,-0.636230,-1.066467,-0.512817,-0.022265,-0.392558,-0.186261,173.278748,153.490997,-735.979492,0,0
27.920000,-1.101204,0.713163,0.414429,0.649136,-0.351807,0.674429,-0.304536,0.692273,0.654229,-0.697052,-0.630072,0.342241,0.391989,-0.418598,-0.014428,0.819092,-0.106002,0.426636,-0.397162,0.085577,-0.338462,-0.088255,-0.674429,-0.654229,-0.342241,0.000000,0.000000,0.000000,-1,-0.673294,-0.867416,-0.338058,0.217219,-0.044170,-0.469167,171.701889,152.967148,-735.812500,0,0
27.960000,-1.110225,0.722552,0.369510,0.628409,-0.391888,0.671957,-0.270913,0.699491,0.661301,-0.729184,-0.597609,0.333399,0.385850,-0.429442,-0.037078,0.815674,-0.610222,-1.975398,-0.826461,0.183752,-0.015579,0.654047,-0.671957,-0.661301,-0.333399,0.000000,0.000000,0.000000,-1,-0.488205,-0.676880,0.320648,-0.610697,-2.080318,-0.821026,173.979568,153.490997,-734.977478,0,0
28.000000,-1.146998,0.740725,0.340468,0.593028,-0.442495,0.672693,-0.246432,0.695618,0.674823,-0.766543,-0.565962,0.303476,0.385336,-0.446966,-0.060889,0.805003,-0.166750,-1.174068,-0.957293,0.648187,-0.409863,0.270746,-0.672693,-0.674823,-0.303476,0.000000,0.000000,0.000000,-1,-0.092697,-1.125565,0.115814,-0.167225,-1.278988,-0.951858,176.432449,152.792526,-736.647461,0,0
28.040000,-1.230990,0.794759,0.371896,0.555035,-0.505770,0.660404,-0.254533,0.652573,0.713695,-0.791928,-0.564220,0.233465,0.408961,-0.464778,-0.080401,0.781197,1.401138,-2.262239,-0.530348,0.140049,-0.085881,0.678137,-0.660404,-0.713695,-0.233465,0.000000,0.000000,0.000000,-1,-0.724106,-0.702896,0.332306,1.493715,-2.320724,-0.669750,176.782867,152.792526,-736.647461,0,0
28.080000,-1.321015,0.820091,0.395698,0.501190,-0.558486,0.660985,-0.262938,0.629443,0.731208,-0.824422,-0.540273,0.168623,0.419262,-0.489803,-0.097455,0.758165,0.141869,-1.321904,-0.564325,-0.069087,0.116599,0.268477,-0.660985,-0.731208,-0.168623,0.000000,0.000000,0.000000,-1,-0.730072,-0.614609,0.099854,0.141394,-1.426822,-0.558889,178.534927,153.141754,-736.647461,0,0
28.120000,-1.362619,0.845158,0.405479,0.478632,-0.591050,0.649285,-0.261768,0.609803,0.748076,-0.838086,-0.528015,0.137154,0.427690,-0.498502,-0.110361,0.745920,0.630286,-1.244783,-0.751952,-0.304176,-0.157426,0.143776,-0.649285,-0.748076,-0.137154,0.000000,0.000000,0.000000,-1,-0.958908,-0.860626,-0.008484,0.629811,-1.349700,-0.746517,180.812607,154.014862,-736.146484,0,0
28.160000,-1.433332,0.871546,0.448515,0.452213,-0.623702,0.637573,-0.279102,0.579983,0.765325,-0.847116,-0.524038,0.088200,0.442728,-0.509796,-0.118325,0.728079,0.746590,-0.321664,-0.263835,-0.121964,0.166189,0.274937,-0.637572,-0.765325,-0.088200,0.000000,0.000000,0.000000,-1,-0.728622,-0.545685,0.155426,0.723594,-0.490252,-0.297222,181.863846,154.014862,-734.476440,0,0
28.200000,-1.497635,0.883506,0.512761,0.441887,-0.635898,0.632747,-0.311249,0.552851,0.772968,-0.841344,-0.538507,0.046375,0.458983,-0.515894,-0.113619,0.714338,1.056457,-0.333126,-0.133170,-0.013737,0.170948,0.067402,-0.632747,-0.772968,-0.046375,0.000000,0.000000,0.000000,-1,-0.646484,-0.602020,0.021027,1.055982,-0.438042,-0.127735,182.389465,153.840240,-734.643433,0,0
28.240000,-1.549424,0.889755,0.562530,0.432335,-0.645653,0.629459,-0.335785,0.532586,0.776918,-0.836860,-0.547251,0.013455,0.470716,-0.521247,-0.110152,0.703274,1.118822,-0.481655,-0.199137,0.083362,0.050965,-0.041721,-0.629459,-0.776918,-0.013455,0.000000,0.000000,0.000000,-1,-0.512680,-0.753082,-0.049759,1.118347,-0.586569,-0.193702,180.987808,154.189484,-732.973450,0,0
28.280000,-1.635725,0.903163,0.646108,0.420009,-0.664745,0.617824,-0.372767,0.494333,0.785289,-0.827428,-0.560134,-0.040171,0.491388,-0.527848,-0.106639,0.684502,0.992533,-0.524386,-0.412424,0.112545,-0.011753,-0.000986,-0.617824,-0.785289,0.040171,0.000000,0.000000,0.000000,-1,-0.523621,-0.782028,0.085815,1.044205,-0.617621,-0.395915,182.389465,155.586441,-732.305420,0,0
28.320000,-1.730869,0.915643,0.711620,0.390521,-0.696923,0.601492,-0.397898,0.461411,0.792955,-0.830163,-0.548997,-0.097113,0.506513,-0.540371,-0.112866,0.662348,0.676020,-1.584577,-0.394577,0.045675,0.120576,-0.081687,-0.601492,-0.792955,0.097113,0.000000,0.000000,0.000000,-1,-0.555817,-0.672379,0.015427,0.675545,-1.689490,-0.389142,182.915085,157.158020,-731.470398,0,0
28.360000,-1.793287,0.926306,0.736306,0.360114,-0.725909,0.585982,-0.403464,0.445159,0.799406,-0.841151,-0.524300,-0.132571,0.511744,-0.551728,-0.124657,0.646665,0.329608,-1.088484,-0.447247,-0.029527,0.150587,-0.089403,-0.585982,-0.799406,0.132571,0.000000,0.000000,0.000000,-1,-0.627731,-0.650589,0.069138,0.329133,-1.193396,-0.441812,184.316727,156.459549,-731.804443,0,0
28.400000,-1.850220,0.940919,0.761834,0.336595,-0.752411,0.566200,-0.406589,0.426217,0.808100,-0.849347,-0.502212,-0.162460,0.517889,-0.559482,-0.136683,0.632525,-0.019307,-0.843309,-0.265803,-0.191735,0.125833,-0.103805,-0.566200,-0.808100,0.162460,0.000000,0.000000,0.000000,-1,-0.745468,-0.703857,0.023895,0.087464,-0.914356,-0.303188,186.068787,155.411819,-730.468384,0,0
28.440000,-1.807195,0.889957,0.698644,0.306547,-0.729081,0.611939,-0.404847,0.481976,0.777044,-0.861468,-0.485942,-0.147418,0.492947,-0.575075,-0.126550,0.640528,-0.156397,-0.585255,-0.003703,-0.149062,-0.036112,0.087903,-0.611939,-0.777045,0.147418,0.000000,0.000000,0.000000,-1,-0.761002,-0.813156,0.235321,-0.156813,-0.690198,0.001652,187.295227,157.681885,-731.637451,0,0
28.480000,-1.814535,0.889181,0.689270,0.293033,-0.735044,0.611426,-0.400694,0.486215,0.776556,-0.868087,-0.472551,-0.152051,0.489609,-0.579921,-0.131054,0.637808,-0.217571,-0.531006,0.115863,-0.226419,-0.129221,-0.086210,-0.611426,-0.776556,0.152051,0.000000,0.000000,0.000000,-1,-0.888641,-0.961319,0.058105,-0.217986,-0.635948,0.121218,188.521667,156.110306,-731.136414,0,0
28.520000,-1.802495,0.886000,0.659856,0.280686,-0.736367,0.615613,-0.387734,0.499738,0.774548,-0.877997,-0.456098,-0.145245,0.481195,-0.584016,-0.136319,0.639370,-0.481434,0.229273,0.190864,-0.391955,-0.204029,-0.194409,-0.615613,-0.774548,0.145245,0.000000,0.000000,0.000000,-1,-1.080505,-0.949631,-0.063065,-0.475648,0.006614,0.173280,186.944809,155.237198,-733.307434,0,1
28.560000,-1.713282,0.880848,0.621861,0.329333,-0.703264,0.630047,-0.370791,0.517343,0.771279,-0.868363,-0.487624,-0.090386,0.474967,-0.565331,-0.125438,0.662626,-0.479377,2.302170,0.313387,-0.327625,-0.051658,-0.086861,-0.630047,-0.771279,0.090386,0.000000,0.000000,0.000000,-1,-0.957672,-0.822937,0.003525,-0.479793,2.197229,0.318742,187.820847,155.411819,-732.138428,0,0
28.600000,-1.598482,0.869828,0.587245,0.400223,-0.651283,0.644711,-0.357352,0.536908,0.764218,-0.843873,-0.536246,-0.017854,0.469353,-0.537247,-0.106083,0.692690,-0.997707,3.294838,0.526299,0.035442,0.047772,-0.140474,-0.644711,-0.764218,0.017854,0.000000,0.000000,0.000000,-1,-0.530136,-0.734818,-0.182297,-0.998123,3.189899,0.531655,185.893585,152.792526,-732.305420,0,0
28.640000,-1.394085,0.832787,0.481630,0.493156,-0.564007,0.662339,-0.311665,0.596278,0.739809,-0.812195,-0.571270,0.118277,0.441192,-0.496197,-0.084916,0.742918,-2.093104,2.180752,0.668919,0.129090,-0.157484,0.111166,-0.662339,-0.739809,-0.118277,0.000000,0.000000,0.000000,-1,-0.612762,-0.889771,0.211334,-1.935854,2.221145,0.728258,182.214249,152.617905,-732.472412,0,0
28.680000,-1.274220,0.802803,0.387770,0.530663,-0.526323,0.664365,-0.262681,0.643115,0.719306,-0.805851,-0.556225,0.203022,0.413680,-0.476820,-0.085505,0.770844,-2.303491,1.294942,0.316763,-0.035876,-0.367654,0.513676,-0.664365,-0.719306,-0.203022,0.000000,0.000000,0.000000,-1,-0.720352,-1.248108,0.277542,-2.339737,1.391508,0.365217,181.688629,151.395554,-734.977478,0,0
28.720000,-1.173439,0.767344,0.283268,0.550476,-0.506466,0.663678,-0.201168,0.691072,0.694226,-0.810252,-0.515666,0.278534,0.381074,-0.464237,-0.096158,0.793738,-0.777347,0.434743,0.055978,-0.094577,-0.333728,0.495850,-0.663678,-0.694226,-0.278534,0.000000,0.000000,0.000000,-1,-0.841995,-0.936737,-0.202423,-0.777762,0.329805,0.061334,180.637405,149.649353,-736.981506,0,0
28.760000,-1.127539,0.722270,0.286836,0.580322,-0.451462,0.677797,-0.212276,0.719653,0.661089,-0.786235,-0.527525,0.321795,0.367040,-0.452088,-0.073860,0.809594,-1.061811,1.956926,1.284029,-0.007490,0.039553,0.357333,-0.677797,-0.661089,-0.321795,0.000000,0.000000,0.000000,-1,-0.583298,-0.587097,0.084915,-0.938986,1.783063,1.279827,181.338226,151.046326,-738.651489,0,0
28.800000,-1.055894,0.665049,0.284207,0.623292,-0.377459,0.684859,-0.220640,0.755320,0.617098,-0.750217,-0.535739,0.387502,0.346579,-0.431430,-0.047145,0.831582,-0.056966,1.686221,1.093349,0.311935,-0.184324,0.416463,-0.684859,-0.617098,-0.387502,0.000000,0.000000,0.000000,-1,-0.372925,-0.801422,0.028961,-0.057384,1.581365,1.098698,175.731628,148.950882,-738.651489,0,0
28.840000,-1.023169,0.636441,0.305499,0.649172,-0.327328,0.686609,-0.241883,0.766978,0.594337,-0.721158,-0.551906,0.418725,0.340392,-0.418055,-0.025374,0.841854,-0.001963,1.361784,1.084633,0.313578,-0.046562,0.422510,-0.686609,-0.594337,-0.418726,0.000000,0.000000,0.000000,-1,-0.367126,-0.620911,0.034454,-0.002381,1.256928,1.089983,175.731628,148.950882,-738.651489,0,0
28.880000,-1.000820,0.606330,0.338518,0.668315,-0.273342,0.691838,-0.272893,0.775109,0.569856,-0.692015,-0.569641,0.443424,0.335329,-0.407238,-0.000132,0.849536,0.323264,0.516167,0.663633,0.379475,0.050874,0.368228,-0.691838,-0.569856,-0.443423,0.000000,0.000000,0.000000,-1,-0.276688,-0.509781,-0.097412,0.284866,0.520598,0.725285,171.877106,147.553925,-739.987549,0,0
28.920000,-1.020150,0.601315,0.371467,0.662547,-0.259297,0.702707,-0.299313,0.768352,0.565727,-0.686618,-0.585150,0.431458,0.340124,-0.410593,0.011826,0.845925,0.520880,-0.380338,0.245332,0.582269,0.059776,0.239335,-0.702707,-0.565727,-0.431458,0.000000,0.000000,0.000000,-1,-0.120438,-0.505951,-0.192123,0.520461,-0.485192,0.250682,171.001068,149.823975,-738.818542,0,0
28.960000,-1.047166,0.610121,0.390364,0.651225,-0.268593,0.709763,-0.311870,0.757922,0.572967,-0.691840,-0.594484,0.409812,0.347667,-0.417398,0.012888,0.839488,0.654115,-0.647083,-0.176165,0.575577,0.114181,0.140113,-0.709763,-0.572967,-0.409812,0.000000,0.000000,0.000000,-1,-0.190231,-0.463776,-0.285828,0.653697,-0.751936,-0.170815,171.001068,149.823975,-738.818542,0,0
29.000000,-1.092819,0.644905,0.413131,0.635575,-0.304174,0.709593,-0.320844,0.731922,0.601123,-0.702213,-0.609728,0.367599,0.366078,-0.426834,0.005040,0.826906,0.795633,-0.727377,-0.695393,0.369551,0.133212,0.056930,-0.709593,-0.601123,-0.367599,0.000000,0.000000,0.000000,-1,-0.398453,-0.508224,-0.317932,0.745496,-0.894663,-0.610498,174.855606,148.427017,-738.150513,0,1
29.040000,-1.124388,0.702938,0.443276,0.640099,-0.341586,0.688180,-0.327228,0.689208,0.646462,-0.695122,-0.638992,0.329385,0.394178,-0.424183,-0.004403,0.815275,1.199165,0.238419,-0.737174,-0.171546,-0.214576,-0.169226,-0.688180,-0.646462,-0.329385,0.000000,0.000000,0.000000,-1,-0.859726,-0.861038,-0.498611,1.198746,0.133567,-0.731825,175.206009,149.823975,-735.812500,0,0
29.080000,-1.114348,0.715038,0.476185,0.661503,-0.321008,0.677767,-0.346118,0.671067,0.655646,-0.665294,-0.668299,0.332806,0.405472,-0.411326,0.007690,0.816299,0.528884,1.655713,0.543470,-1.119032,-0.416696,-0.506122,-0.677767,-0.655646,-0.332806,0.000000,0.000000,0.000000,-1,-1.833588,-0.917328,-0.957550,0.528465,1.550863,0.548819,175.206009,149.823975,-735.812500,0,0
29.120000,-1.054785,0.655418,0.477086,0.681751,-0.244363,0.689567,-0.364045,0.704268,0.609490,-0.634576,-0.666554,0.391176,0.382853,-0.397285,0.035908,0.833246,-1.011696,0.529440,1.048461,-0.298150,0.341134,-0.202604,-0.689567,-0.609490,-0.391176,0.000000,0.000000,0.000000,-1,-0.777267,-0.275909,-0.610840,-0.992447,0.630421,1.152654,173.804367,149.125504,-736.146484,0,0
29.160000,-1.045062,0.612806,0.456826,0.669832,-0.225112,0.707566,-0.360837,0.734153,0.575165,-0.648939,-0.640580,0.410531,0.362335,-0.404287,0.040451,0.838826,-0.225631,-0.304101,0.188330,0.246338,-0.300613,-0.126655,-0.707566,-0.575165,-0.410531,0.000000,0.000000,0.000000,-1,-0.461227,-0.875778,-0.537186,-0.226045,-0.408954,0.193679,171.351486,150.522461,-737.816528,0,0
29.200000,-1.053808,0.627072,0.454390,0.667997,-0.241392,0.703924,-0.355411,0.727583,0.586776,-0.653806,-0.642147,0.400230,0.367486,-0.406003,0.034095,0.836034,0.561505,-0.529271,-0.795822,0.241568,-0.516129,0.048180,-0.703924,-0.586776,-0.400230,0.000000,0.000000,0.000000,-1,-0.302856,-1.016876,-0.275314,0.561091,-0.634124,-0.790474,171.351486,150.522461,-737.816528,0,0
29.240000,-1.045099,0.660549,0.415961,0.673467,-0.282683,0.683032,-0.319075,0.722320,0.613550,-0.666808,-0.631144,0.396262,0.372453,-0.403916,0.010890,0.835471,-1.059069,-0.308959,-0.918301,0.044970,-0.344793,0.480445,-0.683032,-0.613551,-0.396262,0.000000,0.000000,0.000000,-1,-0.578659,-0.909302,0.229996,-1.021280,-0.220940,-0.971685,174.329987,148.601639,-736.981506,0,0
29.280000,-1.105800,0.690638,0.384450,0.624214,-0.363805,0.691377,-0.289103,0.714572,0.637029,-0.725794,-0.597522,0.340869,0.377085,-0.432865,-0.022817,0.818483,0.163248,-1.642838,-1.018299,0.473924,-0.298625,0.563479,-0.691377,-0.637029,-0.340869,0.000000,0.000000,0.000000,-1,-0.217453,-0.935654,0.222610,0.162832,-1.747687,-1.012949,176.958069,148.077774,-737.816528,0,0
29.320000,-1.159423,0.725302,0.387944,0.600159,-0.411572,0.685870,-0.283071,0.692692,0.663361,-0.748118,-0.592272,0.299221,0.389950,-0.445340,-0.039907,0.804996,1.147476,-1.974676,-1.023394,0.130832,0.151704,0.897610,-0.685870,-0.663361,-0.299221,0.000000,0.000000,0.000000,-1,-0.642883,-0.420807,0.702255,1.147060,-2.079525,-1.018044,178.534927,147.553925,-737.983521,0,0
29.360000,-1.284153,0.772229,0.426452,0.534249,-0.492374,0.687129,-0.296317,0.652200,0.697734,-0.791691,-0.576371,0.202539,0.412162,-0.478386,-0.063423,0.772818,-0.207008,-0.958052,-0.381205,-0.197255,-0.058843,0.232156,-0.687129,-0.697734,-0.202539,0.000000,0.000000,0.000000,-1,-0.861572,-0.773193,0.064789,0.046027,-1.528445,-0.453135,180.286987,149.649353,-736.647461,0,0
29.400000,-1.316312,0.790968,0.428069,0.514685,-0.521540,0.680511,-0.291891,0.639711,0.711034,-0.806163,-0.564594,0.177017,0.417719,-0.486829,-0.075201,0.763448,0.804704,-1.371565,-0.411764,-0.241730,-0.034525,0.076156,-0.680511,-0.711034,-0.177017,0.000000,0.000000,0.000000,-1,-0.922241,-0.745560,-0.100861,0.804288,-1.476412,-0.406414,183.791107,149.649353,-735.311462,0,0
29.440000,-1.381352,0.811145,0.469103,0.489903,-0.550044,0.676348,-0.311338,0.614275,0.725076,-0.814287,-0.565790,0.129685,0.431840,-0.498670,-0.079856,0.747306,1.138057,-0.608212,-0.414628,0.011431,0.014459,0.247987,-0.676348,-0.725076,-0.129685,0.000000,0.000000,0.000000,-1,-0.625549,-0.772232,0.149246,1.137641,-0.713058,-0.409279,184.842346,148.252396,-735.311462,0,0
29.480000,-1.431118,0.825596,0.540618,0.493941,-0.552350,0.671515,-0.349005,0.581413,0.734952,-0.796378,-0.597384,0.094411,0.452249,-0.498262,-0.069024,0.736506,1.064428,-0.166559,-0.010534,0.155051,0.082379,0.112920,-0.671515,-0.734952,-0.094411,0.000000,0.000000,0.000000,-1,-0.518738,-0.618835,-0.070099,1.099185,-0.094368,-0.018072,182.739868,150.697083,-733.975464,0,0
29.520000,-1.510846,0.836314,0.592788,0.463584,-0.580973,0.668999,-0.374426,0.555857,0.742178,-0.803053,-0.594553,0.040155,0.465718,-0.512864,-0.071961,0.717565,0.729907,-0.966418,-0.311715,0.094979,-0.009089,-0.009863,-0.668999,-0.742178,-0.040155,0.000000,0.000000,0.000000,-1,-0.574020,-0.751266,-0.050018,0.729491,-1.071262,-0.306365,183.265488,150.522461,-731.470398,0,0
29.560000,-1.562613,0.850151,0.627005,0.447463,-0.603637,0.659847,-0.387160,0.534355,0.751380,-0.806154,-0.591681,0.005400,0.476369,-0.519974,-0.076782,0.704844,0.882662,-0.729139,-0.451689,0.017590,0.046882,0.027510,-0.659847,-0.751380,-0.005400,0.000000,0.000000,0.000000,-1,-0.641647,-0.637741,0.037125,0.882246,-0.833982,-0.446339,185.543167,149.300125,-731.971436,0,0
29.600000,-1.647699,0.867961,0.699072,0.430747,-0.631752,0.644474,-0.415953,0.494768,0.763012,-0.800900,-0.596736,-0.049660,0.496397,-0.527655,-0.078781,0.684809,1.015520,-0.842561,-0.438813,-0.031262,0.146283,-0.039482,-0.644474,-0.763012,0.049660,0.000000,0.000000,0.000000,-1,-0.652756,-0.663528,-0.095474,1.099158,-0.821250,-0.442405,186.243988,151.395554,-730.635376,0,0
29.640000,-1.719294,0.883561,0.737140,0.404331,-0.665478,0.627420,-0.426428,0.469707,0.773003,-0.809120,-0.580099,-0.093861,0.507071,-0.538340,-0.089583,0.667116,0.205531,-0.991958,-0.367515,0.042505,0.052987,-0.046284,-0.627420,-0.773003,0.093861,0.000000,0.000000,0.000000,-1,-0.584915,-0.720016,0.047577,0.205115,-1.096799,-0.362166,187.645645,152.094040,-730.301392,0,0
29.680000,-1.750832,0.892443,0.748711,0.390251,-0.683051,0.617370,-0.427144,0.459695,0.778607,-0.815630,-0.567558,-0.112365,0.510618,-0.543555,-0.097069,0.659087,0.205006,-0.780826,-0.267409,0.104720,0.028088,0.014558,-0.617370,-0.778607,0.112365,0.000000,0.000000,0.000000,-1,-0.539429,-0.771362,0.082443,0.204590,-0.885667,-0.262060,189.748108,151.744797,-729.967407,0,0
29.720000,-1.773195,0.899700,0.751065,0.376582,-0.697940,0.609152,-0.424358,0.454545,0.783140,-0.823472,-0.553415,-0.125003,0.511625,-0.548399,-0.104725,0.653093,-0.216868,-0.299138,-0.027724,-0.165217,0.041151,0.096707,-0.609152,-0.783140,0.125003,0.000000,0.000000,0.000000,-1,-0.830276,-0.701508,0.280609,-0.189802,-0.404042,-0.065226,189.222488,152.617905,-730.802429,0,0
29.760000,-1.789519,0.896505,0.740487,0.354281,-0.709248,0.609469,-0.421212,0.460853,0.781150,-0.834904,-0.533462,-0.135472,0.507173,-0.557235,-0.111123,0.648009,-0.135770,-0.685877,0.130558,-0.147641,-0.053644,-0.078877,-0.609469,-0.781150,0.135472,0.000000,0.000000,0.000000,-1,-0.757111,-0.834793,0.056595,-0.136186,-0.790716,0.135907,189.047287,151.395554,-730.969421,0,0
29.800000,-1.791151,0.895880,0.720884,0.338679,-0.716613,0.609724,-0.412420,0.469388,0.780759,-0.845699,-0.515889,-0.136573,0.501464,-0.562868,-0.117643,0.646431,-0.522716,-0.476006,0.100900,-0.243838,-0.119113,-0.059837,-0.609724,-0.780759,0.136573,0.000000,0.000000,0.000000,-1,-0.898331,-0.915634,0.100647,-0.523132,-0.580845,0.106249,190.273727,150.522461,-730.468384,0,0
29.840000,-1.769250,0.900626,0.687133,0.334959,-0.719033,0.608929,-0.393991,0.480168,0.783716,-0.855905,-0.502425,-0.122456,0.494279,-0.562953,-0.124918,0.650513,-0.429241,0.420544,-0.106276,-0.424351,-0.074454,-0.132206,-0.608929,-0.783716,0.122456,0.000000,0.000000,0.000000,-1,-1.066177,-0.862732,-0.056335,-0.441380,0.165270,-0.076724,189.222488,152.268661,-732.472412,0,1
29.880000,-1.662925,0.896396,0.647031,0.395451,-0.676023,0.621781,-0.376419,0.498217,0.781082,-0.837811,-0.542930,-0.057447,0.488539,-0.538566,-0.110549,0.677536,-0.620040,2.599048,0.448701,-0.263229,0.021453,-0.061490,-0.621781,-0.781082,0.057447,0.000000,0.000000,0.000000,-1,-0.885010,-0.759628,-0.004044,-0.620459,2.494290,0.454044,189.222488,150.522461,-733.140442,0,0
29.920000,-1.535226,0.878417,0.603040,0.465565,-0.613390,0.637967,-0.362051,0.525772,0.769729,-0.807569,-0.589336,0.022702,0.478824,-0.509290,-0.088552,0.709584,-1.107462,3.322537,0.736949,0.041455,0.004333,-0.051852,-0.637967,-0.769729,-0.022702,0.000000,0.000000,0.000000,-1,-0.520981,-0.824646,-0.141113,-1.107881,3.217779,0.742291,188.171265,149.125504,-731.136414,0,0
29.960000,-1.338838,0.837964,0.503189,0.550217,-0.522858,0.651061,-0.322595,0.586057,0.743283,-0.770191,-0.618996,0.153787,0.450104,-0.469588,-0.066168,0.756647,-2.063828,2.070147,0.559541,0.040801,-0.242755,0.214838,-0.651061,-0.743283,-0.153787,0.000000,0.000000,0.000000,-1,-0.653336,-0.972961,0.185165,-1.915024,2.075768,0.642524,183.615906,148.427017,-732.138428,0,0
30.000000,-1.181378,0.794550,0.360827,0.588258,-0.483582,0.648152,-0.247348,0.655491,0.713548,-0.769916,-0.580070,0.265985,0.408284,-0.447562,-0.074559,0.792107,-2.351039,0.673362,0.239258,-0.041988,-0.496520,0.652094,-0.648152,-0.713548,-0.265985,0.000000,0.000000,0.000000,-1,-0.690140,-1.210068,0.386108,-2.351456,0.568602,0.244605,183.791107,145.458481,-734.309448,0,0
30.040000,-1.120114,0.772720,0.308619,0.605867,-0.466389,0.644521,-0.217484,0.682186,0.698085,-0.765262,-0.563120,0.311881,0.391088,-0.437161,-0.077183,0.806216,-0.171637,1.254594,0.373235,-0.168315,-0.367497,0.371391,-0.644521,-0.698085,-0.311881,0.000000,0.000000,0.000000,-1,-0.845047,-0.961090,-0.326523,-0.172054,1.149835,0.378582,182.915085,145.633102,-735.478455,0,0
30.080000,-1.053249,0.718749,0.317491,0.648658,-0.389160,0.654062,-0.234959,0.715015,0.658444,-0.723904,-0.580783,0.372364,0.374593,-0.416531,-0.046612,0.827048,-1.033325,1.865933,1.526661,-0.009558,-0.022342,0.463230,-0.654062,-0.658444,-0.372364,0.000000,0.000000,0.000000,-1,-0.583847,-0.656708,0.099121,-0.981906,1.864941,1.441616,179.936569,145.109238,-736.647461,0,0
30.120000,-0.995397,0.657520,0.338521,0.683565,-0.302930,0.664057,-0.262854,0.746590,0.611156,-0.680916,-0.592315,0.430716,0.355760,-0.397589,-0.011847,0.845705,0.006853,1.372409,1.165333,0.271861,-0.091038,0.400183,-0.664057,-0.611156,-0.430716,0.000000,0.000000,0.000000,-1,-0.392197,-0.702194,-0.030533,0.006435,1.267651,1.170680,175.906830,142.839172,-737.816528,0,0
30.160000,-0.979405,0.631112,0.365480,0.695759,-0.258226,0.670252,-0.288553,0.754047,0.590043,-0.657766,-0.603931,0.450123,0.350567,-0.389924,0.008904,0.851459,0.170975,0.868697,1.090273,0.296793,-0.043273,0.396672,-0.670252,-0.590043,-0.450123,0.000000,0.000000,0.000000,-1,-0.337570,-0.599762,-0.053131,0.170558,0.763941,1.095620,173.979568,144.061523,-737.649536,0,0
30.200000,-0.978620,0.611357,0.410147,0.701775,-0.214181,0.679439,-0.326519,0.750955,0.573979,-0.633164,-0.624654,0.457067,0.351338,-0.384744,0.032928,0.852906,0.631101,0.284825,0.582571,0.456127,0.050007,0.380926,-0.679439,-0.573979,-0.457067,0.000000,0.000000,0.000000,-1,-0.206436,-0.482971,-0.088852,0.586289,0.287220,0.634727,173.278748,143.712280,-737.649536,0,0
30.240000,-1.011043,0.620369,0.457279,0.693917,-0.207572,0.689488,-0.359239,0.730066,0.581335,-0.624041,-0.651089,0.432037,0.364628,-0.388623,0.044873,0.844988,0.958147,-0.353177,0.037222,0.574650,0.171255,0.278030,-0.689488,-0.581335,-0.432037,0.000000,0.000000,0.000000,-1,-0.114838,-0.410080,-0.154007,0.957730,-0.457932,0.042569,171.877106,144.759995,-736.313477,0,0
30.280000,-1.043366,0.641097,0.485363,0.686286,-0.225967,0.692819,-0.375682,0.705173,0.601326,-0.624437,-0.672063,0.398006,0.381318,-0.394453,0.044832,0.834861,0.981858,-0.702602,-0.372057,0.496911,0.114785,0.159801,-0.692819,-0.601326,-0.398006,0.000000,0.000000,0.000000,-1,-0.195908,-0.486542,-0.238205,0.996494,-0.762773,-0.330911,170.825867,146.156952,-735.645508,0,1
30.320000,-1.093627,0.687849,0.521246,0.679106,-0.260369,0.686311,-0.384731,0.670010,0.634877,-0.625138,-0.695194,0.354835,0.404432,-0.398770,0.037814,0.822185,1.236347,-0.364130,-0.903993,0.284792,0.028599,0.072136,-0.686311,-0.634877,-0.354835,0.000000,0.000000,0.000000,-1,-0.506134,-0.707214,-0.297607,1.144672,-0.602360,-0.824706,171.877106,145.458481,-733.641479,0,0
30.360000,-1.097204,0.741470,0.570912,0.708556,-0.259250,0.656307,-0.398532,0.620519,0.675373,-0.582341,-0.740099,0.336353,0.433499,-0.379345,0.042656,0.816307,0.965976,1.692978,0.003436,-0.689351,-0.511776,-0.381299,-0.656307,-0.675373,-0.336353,0.000000,0.000000,0.000000,-1,-1.345657,-1.187149,-0.717651,0.965559,1.588226,0.008783,173.103546,146.680817,-732.472412,0,0
30.400000,-1.049798,0.715112,0.591078,0.730214,-0.194846,0.654846,-0.420740,0.626923,0.655702,-0.538299,-0.754322,0.375808,0.426463,-0.360867,0.068322,0.826581,-0.700410,1.794976,1.578626,-0.883652,-0.109160,-0.705841,-0.654846,-0.655702,-0.375808,0.000000,0.000000,0.000000,-1,-1.301331,-0.483566,-0.896103,-0.700827,1.690225,1.583972,173.278748,148.252396,-730.969421,0,0
30.440000,-1.012558,0.649405,0.581679,0.724388,-0.137530,0.675535,-0.437588,0.665462,0.604712,-0.532709,-0.733653,0.421871,0.399079,-0.360279,0.089473,0.838409,-0.637932,-0.243923,0.797860,-0.098879,0.416434,-0.216999,-0.675535,-0.604712,-0.421871,0.000000,0.000000,0.000000,-1,-0.651764,-0.314133,-0.592880,-0.771925,-0.078251,0.850262,169.774628,147.903152,-731.971436,0,0
30.480000,-1.027225,0.638624,0.587956,0.713320,-0.137636,0.687190,-0.445347,0.668088,0.596091,-0.541147,-0.731242,0.415265,0.396853,-0.367254,0.092001,0.836163,0.347121,0.090595,-0.256950,0.010081,-0.406167,0.261243,-0.687190,-0.596091,-0.415265,0.000000,0.000000,0.000000,-1,-0.677109,-1.002258,-0.154022,0.346704,-0.014155,-0.251604,168.548187,146.680817,-732.138428,0,0
30.520000,-1.032521,0.664768,0.596445,0.721644,-0.150235,0.675765,-0.442095,0.651165,0.616876,-0.532711,-0.743918,0.403491,0.408347,-0.362639,0.087581,0.833112,0.128616,-0.168243,-0.351236,0.239425,-0.192236,0.076709,-0.675765,-0.616876,-0.403491,0.000000,0.000000,0.000000,-1,-0.489700,-0.769028,-0.273773,0.400041,-0.230724,-0.442683,167.321747,148.601639,-732.639404,0,0
30.560000,-1.154917,0.767921,0.626605,0.699860,-0.277812,0.658039,-0.421829,0.582695,0.694641,-0.576416,-0.763732,0.290616,0.454574,-0.384779,0.044890,0.802055,-0.778588,-1.279081,-0.808639,0.352177,-0.554611,0.088056,-0.658039,-0.694641,-0.290616,0.000000,0.000000,0.000000,-1,-0.305862,-1.249252,-0.202560,-1.010410,-1.166262,-0.714374,169.073807,147.903152,-730.969421,0,0
30.600000,-1.189576,0.791543,0.609502,0.683091,-0.328470,0.652299,-0.402295,0.576207,0.711438,-0.609545,-0.748394,0.261460,0.459735,-0.397384,0.023249,0.793845,0.205925,-1.164594,-0.829580,0.566865,-0.383273,0.194657,-0.652299,-0.711438,-0.261460,0.000000,0.000000,0.000000,-1,-0.171799,-0.728424,0.256927,0.142298,-1.490904,-0.871343,172.052307,148.077774,-731.470398,0,0
30.640000,-1.288468,0.858987,0.645039,0.659834,-0.413593,0.627344,-0.392726,0.521960,0.757181,-0.640614,-0.745988,0.181978,0.488849,-0.412356,-0.006786,0.768728,1.730475,-2.258181,-1.183966,-0.071218,0.205896,0.766588,-0.627344,-0.757181,-0.181978,0.000000,0.000000,0.000000,-1,-0.698563,-0.551285,0.584610,1.595909,-2.204934,-1.225596,173.979568,149.649353,-729.967407,0,0
30.680000,-1.408048,0.900042,0.696829,0.620363,-0.488810,0.613364,-0.398922,0.476676,0.783353,-0.675286,-0.730647,0.100715,0.510630,-0.434626,-0.030317,0.741241,0.130121,-1.037748,-0.374046,-0.392908,-0.078128,0.233985,-0.613364,-0.783353,-0.100715,0.000000,0.000000,0.000000,-1,-1.006271,-0.861481,0.133270,0.362593,-1.545502,-0.519307,176.782867,150.347839,-728.631348,0,0
30.720000,-1.425656,0.911165,0.695828,0.612229,-0.507422,0.606382,-0.392834,0.470358,0.790218,-0.686190,-0.722002,0.088634,0.513137,-0.438604,-0.038882,0.736753,0.301987,-0.780341,-0.524959,-0.349749,0.099895,-0.042088,-0.606382,-0.790218,-0.088634,0.000000,0.000000,0.000000,-1,-0.871964,-0.647614,-0.125885,0.148670,-0.735418,-0.462101,178.184509,151.046326,-727.963379,0,0
30.760000,-1.521941,0.936707,0.764239,0.592063,-0.547091,0.591737,-0.409964,0.427691,0.805612,-0.693823,-0.719564,0.028932,0.532785,-0.449081,-0.047902,0.715662,1.082691,-0.264667,-0.259325,0.028398,0.103936,0.106096,-0.591737,-0.805612,-0.028932,0.000000,0.000000,0.000000,-1,-0.563339,-0.701675,0.077164,1.068024,-0.491322,-0.307395,180.111786,152.967148,-727.796387,0,0
30.800000,-1.569653,0.940749,0.821130,0.592167,-0.549729,0.589182,-0.431233,0.401466,0.808000,-0.680718,-0.732546,0.000674,0.545442,-0.449618,-0.041955,0.706100,1.096395,-0.048073,-0.051964,0.057612,0.157594,0.052447,-0.589182,-0.808000,-0.000674,0.000000,0.000000,0.000000,-1,-0.522598,-0.640244,-0.017380,1.128795,-0.118808,-0.055518,181.513428,152.617905,-726.126343,0,0
30.840000,-1.637682,0.943649,0.877760,0.578821,-0.567562,0.585525,-0.451460,0.374917,0.809705,-0.679081,-0.733015,-0.039222,0.557478,-0.456979,-0.041955,0.691830,0.716824,-0.817988,-0.181526,0.048736,0.057401,-0.157294,-0.585525,-0.809705,0.039222,0.000000,0.000000,0.000000,-1,-0.529846,-0.760590,-0.145218,0.719590,-0.901388,-0.146401,181.513428,153.665619,-724.456299,0,0
30.880000,-1.728409,0.955232,0.954141,0.567044,-0.594359,0.570262,-0.471068,0.333927,0.816448,-0.675689,-0.731594,-0.090632,0.575272,-0.463011,-0.045816,0.672744,1.001388,-0.273421,-0.390278,-0.107305,0.109524,0.027959,-0.570262,-0.816448,0.090632,0.000000,0.000000,0.000000,-1,-0.683807,-0.671326,0.114395,0.973141,-0.412996,-0.392864,181.688629,156.284927,-724.289307,0,0
30.920000,-1.786082,0.960123,1.007667,0.562725,-0.607895,0.560182,-0.484877,0.306111,0.819262,-0.669504,-0.732639,-0.122498,0.587178,-0.465264,-0.046545,0.660746,0.928933,-0.716519,-0.341740,-0.074492,0.171267,-0.140457,-0.560182,-0.819262,0.122498,0.000000,0.000000,0.000000,-1,-0.618286,-0.670502,-0.067169,0.951889,-0.722479,-0.326346,183.966309,157.158020,-721.784302,0,0
30.960000,-1.868798,0.968435,1.061916,0.544829,-0.640166,0.541618,-0.494798,0.276042,0.824000,-0.677006,-0.716930,-0.166357,0.598987,-0.473701,-0.056507,0.643140,0.415756,-1.235102,-0.428414,-0.085595,0.093974,-0.123327,-0.541618,-0.824000,0.166357,0.000000,0.000000,0.000000,-1,-0.610138,-0.697159,0.110901,0.484411,-1.271803,-0.411258,183.265488,158.554977,-723.120300,0,0
31.000000,-1.947140,0.980036,1.101626,0.522757,-0.677045,0.518011,-0.496806,0.251842,0.830518,-0.692755,-0.691510,-0.204707,0.607376,-0.483165,-0.071926,0.626477,0.256463,-0.469370,-0.253537,-0.172251,0.096753,-0.173686,-0.518011,-0.830518,0.204707,0.000000,0.000000,0.000000,-1,-0.690262,-0.733765,0.031021,0.336572,-0.639712,-0.273134,185.367966,159.951935,-723.120300,0,0
31.040000,-1.961376,0.984180,1.104295,0.516575,-0.686405,0.511858,-0.494398,0.248965,0.832819,-0.699086,-0.683274,-0.210748,0.607939,-0.485577,-0.076993,0.623456,-0.050983,-0.314282,-0.051933,-0.235640,0.158350,0.014899,-0.511858,-0.832819,0.210748,0.000000,0.000000,0.000000,-1,-0.689697,-0.683716,0.248489,-0.072982,-0.484643,-0.083169,185.718369,161.698135,-721.116272,0,0
31.080000,-1.978043,0.981688,1.103605,0.503237,-0.697474,0.510178,-0.496078,0.250240,0.831436,-0.707573,-0.671498,-0.220072,0.606850,-0.491700,-0.081319,0.619154,0.048277,-0.578039,0.104530,-0.172988,-0.061172,-0.080713,-0.510178,-0.831436,0.220072,0.000000,0.000000,0.000000,-1,-0.681641,-0.991257,0.029907,0.072193,-0.806710,0.075573,186.944809,161.174286,-722.285278,0,0
31.120000,-1.972706,0.985301,1.058359,0.476708,-0.717006,0.508577,-0.481630,0.270947,0.833439,-0.735379,-0.642253,-0.216169,0.596223,-0.502595,-0.095099,0.618766,-0.997156,-0.356248,0.254399,-0.465986,-0.138531,-0.179700,-0.508577,-0.833439,0.216169,0.000000,0.000000,0.000000,-1,-0.974564,-0.971970,0.036469,-0.923545,-0.569031,0.211663,188.171265,162.396622,-723.454285,0,0
31.160000,-1.899329,0.985708,0.993335,0.484992,-0.701092,0.522736,-0.462723,0.301485,0.833663,-0.742072,-0.646202,-0.178193,0.583460,-0.498670,-0.093981,0.634091,-0.784908,1.491830,0.338390,-0.501556,0.005859,-0.396547,-0.522736,-0.833663,0.178193,0.000000,0.000000,0.000000,-1,-0.912766,-0.789078,-0.268799,-0.745407,1.117909,0.305266,188.171265,162.745865,-723.454285,0,0
31.200000,-1.766089,0.981780,0.927439,0.536206,-0.644575,0.544983,-0.444483,0.333262,0.831487,-0.717578,-0.688084,-0.107805,0.572440,-0.475621,-0.075377,0.663638,-1.517238,3.504409,0.544804,-0.172912,0.151464,-0.382570,-0.544983,-0.831487,0.107805,0.000000,0.000000,0.000000,-1,-0.668411,-0.634766,-0.159241,-1.339615,3.075341,0.498706,182.739868,162.920486,-723.955322,0,1
31.240000,-1.540921,0.952383,0.785562,0.597106,-0.554673,0.579484,-0.410008,0.409873,0.814799,-0.689462,-0.724114,0.017317,0.537158,-0.444367,-0.050150,0.715181,-1.771897,1.200626,0.585668,-0.261487,-0.027172,0.770689,-0.581729,-0.812901,-0.027998,0.000000,0.000000,0.000000,-1,-0.843216,-0.840073,0.742691,-1.707319,1.066490,0.669255,182.739868,162.920486,-723.955322,0,0
31.280000,-1.407656,0.933719,0.688848,0.629556,-0.509066,0.586951,-0.378115,0.459211,0.803838,-0.678740,-0.727995,0.096614,0.518105,-0.428089,-0.044291,0.739152,-1.353820,1.827758,0.239967,-0.098825,-0.342601,0.503281,-0.587420,-0.800957,-0.115784,0.000000,0.000000,0.000000,-1,-0.763718,-1.322174,0.387497,-1.258751,1.575839,0.256736,180.462189,163.095108,-724.456299,0,0
31.320000,-1.323366,0.914361,0.637711,0.654041,-0.471284,0.591710,-0.363345,0.490349,0.792173,-0.663484,-0.733109,0.149470,0.503543,-0.414379,-0.035634,0.757275,0.699675,0.259361,0.694575,0.150869,-0.248568,0.428355,-0.591710,-0.792173,-0.149470,0.000000,0.000000,0.000000,-1,-0.403641,-0.917221,-0.378143,0.699129,0.154794,0.700032,176.607666,164.142822,-725.792358,0,0
31.360000,-1.315615,0.880851,0.669823,0.661222,-0.428338,0.615884,-0.395166,0.498969,0.771281,-0.637675,-0.753364,0.160664,0.500397,-0.411425,-0.010887,0.761718,-0.264704,1.648613,0.955290,0.234948,0.109217,0.121739,-0.615884,-0.771281,-0.160664,0.000000,0.000000,0.000000,-1,-0.432419,-0.664230,0.025726,-0.115058,1.504947,1.044366,176.607666,164.142822,-725.792358,0,0
31.400000,-1.273650,0.843291,0.674778,0.674745,-0.374693,0.635865,-0.415447,0.519269,0.746836,-0.610019,-0.768092,0.194709,0.490094,-0.403055,0.013184,0.772775,0.016774,0.937329,1.030922,0.112824,-0.018514,0.236671,-0.635865,-0.746836,-0.194709,0.000000,0.000000,0.000000,-1,-0.503693,-0.725174,0.013519,-0.045532,0.840143,1.009369,173.979568,162.920486,-728.631348,0,0
31.440000,-1.261986,0.819090,0.697336,0.679911,-0.338324,0.650583,-0.438534,0.523470,0.730525,-0.587715,-0.781995,0.207546,0.487056,-0.398752,0.032269,0.776358,0.442038,0.950686,0.743226,0.139154,0.149714,0.198742,-0.650583,-0.730525,-0.207546,0.000000,0.000000,0.000000,-1,-0.459015,-0.597809,0.009659,0.351432,0.849423,0.690670,172.402710,165.190536,-727.796387,0,0
31.480000,-1.260072,0.809860,0.763326,0.697594,-0.286827,0.656577,-0.476740,0.498264,0.724191,-0.534866,-0.818207,0.210844,0.497113,-0.384001,0.061209,0.775677,1.067356,1.106775,0.189942,0.537924,0.243615,0.304518,-0.656577,-0.724191,-0.210844,0.000000,0.000000,0.000000,-1,-0.062515,-0.420395,-0.153442,1.023484,1.047891,0.256302,172.402710,165.190536,-727.796387,0,0
31.520000,-1.283585,0.829814,0.824568,0.711857,-0.272362,0.647363,-0.495631,0.458249,0.737806,-0.497604,-0.846065,0.191217,0.515362,-0.372550,0.072648,0.768330,1.143914,0.128289,-0.456418,0.346231,0.143644,-0.082099,-0.647363,-0.737806,-0.191217,0.000000,0.000000,0.000000,-1,-0.301132,-0.594162,-0.273315,1.151157,0.098057,-0.373731,173.103546,166.238266,-728.798401,0,0
31.560000,-1.315032,0.857667,0.874355,0.723608,-0.275317,0.632923,-0.501859,0.419666,0.756318,-0.473844,-0.864917,0.165503,0.533488,-0.364196,0.074547,0.759733,1.044428,0.358463,-0.382963,-0.224163,-0.340468,-0.268441,-0.632923,-0.756318,-0.165503,0.000000,0.000000,0.000000,-1,-0.949707,-1.203033,-0.575378,1.043882,0.253901,-0.377507,173.103546,166.238266,-728.798401,0,1
31.600000,-1.294010,0.844895,0.904753,0.734518,-0.229663,0.638544,-0.521935,0.410154,0.747902,-0.433667,-0.882626,0.181396,0.534548,-0.351511,0.095818,0.762573,0.385471,0.093781,0.577522,0.081095,0.155204,-0.158920,-0.638544,-0.747902,-0.181396,0.000000,0.000000,0.000000,-1,-0.557449,-0.592697,-0.340317,0.191086,0.312771,0.709173,172.052307,167.285980,-728.130371,0,0
31.640000,-1.327595,0.848265,0.927979,0.727101,-0.243690,0.641826,-0.529300,0.396410,0.750134,-0.437226,-0.885141,0.159245,0.541167,-0.357094,0.094518,0.755440,0.975422,-1.384375,-0.281793,0.295497,0.797635,0.707005,-0.641826,-0.750134,-0.159245,0.000000,0.000000,0.000000,-1,-0.305115,-0.142548,0.673370,0.856779,-1.122886,-0.090537,172.052307,167.984467,-729.132385,0,0
31.680000,-1.462953,0.924510,0.985249,0.720952,-0.348932,0.598727,-0.501901,0.332824,0.798326,-0.477832,-0.876056,0.064820,0.575176,-0.369815,0.052547,0.727770,0.315977,-0.345601,-1.134442,-0.320874,-0.755019,0.220155,-0.598727,-0.798326,-0.064820,0.000000,0.000000,0.000000,-1,-0.919601,-1.553345,0.155334,0.315431,-0.450160,-1.128986,175.731628,169.206802,-729.967407,0,0
31.720000,-1.452043,0.932670,0.997022,0.734143,-0.333417,0.591496,-0.500296,0.323345,0.803213,-0.459062,-0.885597,0.070574,0.578840,-0.360079,0.057198,0.729394,0.221573,0.278338,-0.071436,-0.052791,0.088934,0.027911,-0.591496,-0.803213,-0.070574,0.000000,0.000000,0.000000,-1,-0.608795,-0.759232,-0.065430,0.221027,0.173779,-0.065980,175.731628,169.206802,-729.967407,0,0
31.760000,-1.479268,0.943507,1.010198,0.731426,-0.351258,0.584495,-0.497111,0.312078,0.809622,-0.466794,-0.882737,0.053647,0.584316,-0.362976,0.050358,0.724077,0.237170,-0.383596,-0.312212,0.126503,-0.084894,0.050367,-0.584495,-0.809622,-0.053648,0.000000,0.000000,0.000000,-1,-0.505463,-0.899185,0.106476,0.255506,-0.650418,-0.341334,176.432449,167.809845,-730.969421,0,0
31.800000,-1.519845,0.946133,1.076046,0.737147,-0.339826,0.584066,-0.514697,0.277682,0.811160,-0.437838,-0.898561,0.029785,0.597846,-0.357334,0.061148,0.714950,1.177458,0.326082,-0.057722,-0.232295,0.178195,0.316894,-0.584066,-0.811160,-0.029785,0.000000,0.000000,0.000000,-1,-0.816360,-0.632965,0.287109,1.176912,0.221525,-0.052266,178.359726,167.285980,-731.804443,0,0
31.840000,-1.572419,0.953241,1.147027,0.742512,-0.336728,0.579043,-0.527824,0.238102,0.815297,-0.412405,-0.911000,-0.000940,0.613463,-0.352325,0.067909,0.703504,1.494463,-0.068544,-0.212610,-0.277540,0.311635,0.128272,-0.579043,-0.815297,0.000940,0.000000,0.000000,0.000000,-1,-0.782089,-0.585983,0.039978,1.493917,-0.173101,-0.207154,177.308487,169.032181,-731.136414,0,0
31.880000,-1.659013,0.953262,1.238370,0.738925,-0.348311,0.576775,-0.547327,0.188958,0.815308,-0.392967,-0.918136,-0.051014,0.632649,-0.353923,0.072634,0.684994,0.988315,-0.073526,0.052550,0.115121,-0.000610,-0.182911,-0.576775,-0.815308,0.051014,0.000000,0.000000,0.000000,-1,-0.461655,-0.815918,-0.131897,0.985675,-0.103809,0.050236,177.483688,168.508316,-730.301392,0,0
31.920000,-1.747929,0.950811,1.326073,0.734588,-0.365067,0.571932,-0.563711,0.140775,0.813887,-0.377637,-0.920276,-0.102381,0.651190,-0.356570,0.074592,0.665767,0.909500,-0.646348,-0.150357,0.070879,0.076033,-0.002695,-0.571932,-0.813887,0.102381,0.000000,0.000000,0.000000,-1,-0.501053,-0.737854,0.099686,0.908958,-0.750832,-0.144913,178.009308,168.682938,-730.468384,0,0
31.960000,-1.817786,0.955527,1.370404,0.727324,-0.397212,0.559663,-0.565629,0.114890,0.816618,-0.388670,-0.910507,-0.141112,0.662108,-0.363551,0.064564,0.652131,0.548373,-0.871334,-0.293218,0.056718,-0.007708,-0.145354,-0.559663,-0.816618,0.141112,0.000000,0.000000,0.000000,-1,-0.502945,-0.824326,-0.004242,0.521414,-0.894142,-0.261259,179.235748,169.206802,-728.297363,0,0
32.000000,-1.870324,0.961422,1.401467,0.722566,-0.422884,0.546871,-0.564169,0.096454,0.820006,-0.399516,-0.901036,-0.168884,0.669887,-0.368365,0.054993,0.642288,0.437606,-0.799343,-0.360400,-0.133839,0.169860,-0.050094,-0.546871,-0.820006,0.168884,0.000000,0.000000,0.000000,-1,-0.680710,-0.650146,0.118790,0.479540,-0.957900,-0.357308,180.111786,169.032181,-730.468384,0,0
32.040000,-1.933314,0.970796,1.434921,0.716544,-0.455893,0.527945,-0.559439,0.076485,0.825335,-0.416645,-0.886742,-0.200239,0.678288,-0.374226,0.041023,0.631029,0.320743,-0.839587,-0.329146,-0.087823,0.198886,-0.120908,-0.527945,-0.825335,0.200239,0.000000,0.000000,0.000000,-1,-0.615768,-0.626450,0.079330,0.320200,-0.944069,-0.323702,182.389465,169.206802,-729.299377,0,0
32.080000,-1.979756,0.979757,1.456769,0.711693,-0.481760,0.511273,-0.553605,0.063401,0.830362,-0.432450,-0.874007,-0.221583,0.683717,-0.378580,0.028821,0.623200,0.048510,-0.705011,-0.372493,-0.119663,-0.044455,-0.109690,-0.511273,-0.830362,0.221583,0.000000,0.000000,0.000000,-1,-0.630936,-0.874817,0.111893,0.118093,-0.838126,-0.373011,183.265488,169.730667,-729.800415,0,0
32.120000,-2.008469,0.990573,1.464805,0.708417,-0.501594,0.496536,-0.545134,0.057997,0.836340,-0.448301,-0.863157,-0.232350,0.686070,-0.381421,0.017577,0.619287,0.011161,-0.682809,-0.413666,-0.290970,0.033209,-0.038700,-0.496536,-0.836340,0.232350,0.000000,0.000000,0.000000,-1,-0.861481,-0.744034,0.200882,-0.006414,-0.854072,-0.400287,185.718369,168.682938,-729.466370,0,0
32.160000,-2.053728,1.008001,1.480385,0.704056,-0.530110,0.472534,-0.531373,0.048173,0.845767,-0.471113,-0.846559,-0.247770,0.689865,-0.384671,0.000515,0.613282,0.081871,-0.577664,-0.291529,-0.471420,0.149356,-0.046201,-0.472534,-0.845767,0.247770,0.000000,0.000000,0.000000,-1,-0.925003,-0.752579,0.171783,0.081328,-0.682144,-0.286085,184.842346,166.762131,-730.301392,0,0
32.200000,-2.082893,1.014195,1.496997,0.701994,-0.543244,0.460533,-0.526866,0.038953,0.849055,-0.479184,-0.838670,-0.258872,0.693165,-0.385951,-0.006727,0.608702,0.004702,-0.284961,-0.233495,-0.320366,-0.141835,-0.143195,-0.460533,-0.849055,0.258872,0.000000,0.000000,0.000000,-1,-0.780899,-0.990891,0.115677,0.072100,-0.437175,-0.245604,186.944809,168.508316,-729.633423,0,0
32.240000,-2.080651,1.021463,1.491161,0.703216,-0.545722,0.455713,-0.520464,0.041535,0.852873,-0.484360,-0.836936,-0.254820,0.692189,-0.385078,-0.010347,0.610314,-0.378210,0.123445,-0.079006,-0.525412,-0.065950,-0.238036,-0.455713,-0.852873,0.254820,0.000000,0.000000,0.000000,-1,-1.066818,-0.870361,0.021103,-0.298229,-0.090311,-0.125015,185.718369,166.238266,-729.800415,0,0
32.280000,-1.963063,1.019806,1.414121,0.717999,-0.500447,0.483767,-0.517119,0.081689,0.852006,-0.465903,-0.861905,-0.200138,0.677578,-0.375443,0.006591,0.632367,-0.779257,1.827222,0.643181,-0.307402,-0.001784,-0.318134,-0.483767,-0.852006,0.200138,0.000000,0.000000,0.000000,-1,-0.791168,-0.853790,-0.117996,-0.779799,1.722745,0.648624,184.667145,165.190536,-729.466370,0,1
32.320000,-1.813270,1.005907,1.338131,0.742485,-0.422690,0.519663,-0.520898,0.123430,0.844648,-0.421166,-0.897830,-0.128534,0.660982,-0.356889,0.037254,0.659049,-1.189570,2.644840,0.778042,0.122187,0.027875,-0.278756,-0.519663,-0.844648,0.128534,0.000000,0.000000,0.000000,-1,-0.397476,-0.816772,-0.150223,-1.088101,2.507488,0.776127,184.667145,165.539780,-729.132385,0,0
32.360000,-1.615250,0.981260,1.214682,0.762785,-0.331150,0.555426,-0.521093,0.193833,0.831199,-0.382911,-0.923455,-0.024707,0.631201,-0.337548,0.068328,0.694966,-1.838349,1.951568,0.856399,0.004889,-0.036035,-0.081225,-0.555426,-0.831199,0.024707,0.000000,0.000000,0.000000,-1,-0.612335,-0.863068,0.029892,-1.760038,1.955273,0.887078,182.564667,163.793579,-730.468384,0,0
32.400000,-1.473310,0.956440,1.103428,0.769900,-0.279514,0.573695,-0.514614,0.259705,0.817145,-0.377395,-0.924351,0.056105,0.602928,-0.329280,0.081395,0.722099,-2.290097,1.526162,0.687785,-0.167180,-0.172601,0.279936,-0.573695,-0.817145,-0.056105,0.000000,0.000000,0.000000,-1,-0.791962,-1.104980,0.217300,-2.230900,1.475823,0.735938,179.761368,160.999664,-731.136414,0,0
32.440000,-1.292388,0.914877,0.912903,0.770978,-0.248444,0.586404,-0.482593,0.372917,0.792488,-0.415568,-0.893985,0.167613,0.554628,-0.329517,0.077004,0.760182,-2.287785,-0.927614,0.391420,0.042306,-0.439186,0.136134,-0.586404,-0.792488,-0.167613,0.000000,0.000000,0.000000,-1,-0.544098,-1.231674,-0.031479,-2.424404,-0.675965,0.326550,178.184509,159.777328,-733.641479,0,0
32.480000,-1.239754,0.873825,0.875296,0.764995,-0.215122,0.607046,-0.492807,0.411309,0.766790,-0.414637,-0.885747,0.208636,0.535035,-0.330786,0.089905,0.772163,-0.540863,1.638025,1.029664,0.207724,-0.146983,0.178820,-0.607046,-0.766789,-0.208636,0.000000,0.000000,0.000000,-1,-0.412628,-0.925537,-0.018906,-0.388569,1.449719,0.982743,179.410950,160.301178,-733.808472,0,0
32.520000,-1.167596,0.825639,0.853460,0.767371,-0.148747,0.623711,-0.510979,0.445761,0.734981,-0.387352,-0.882707,0.266057,0.513701,-0.321066,0.115028,0.787272,-0.805213,1.388040,1.182627,0.209206,0.017956,0.306524,-0.623711,-0.734981,-0.266057,0.000000,0.000000,0.000000,-1,-0.387497,-0.715393,0.018768,-0.805755,1.283567,1.188070,176.607666,159.253464,-733.808472,0,0
32.560000,-1.117343,0.764844,0.869195,0.758182,-0.067150,0.648576,-0.551081,0.465679,0.692425,-0.348525,-0.882402,0.316065,0.494074,-0.312823,0.151825,0.796857,-0.114538,0.975173,0.880100,0.191469,0.168102,0.288416,-0.648576,-0.692425,-0.316065,0.000000,0.000000,0.000000,-1,-0.457108,-0.524323,-0.027649,-0.119061,0.918505,0.948131,175.030807,159.777328,-734.643433,0,0
32.600000,-1.103469,0.744496,0.881129,0.753335,-0.037373,0.656574,-0.567353,0.467940,0.677601,-0.332561,-0.882970,0.331312,0.488386,-0.309553,0.165859,0.798841,0.035300,0.507312,0.674199,0.218311,0.130375,0.274519,-0.656574,-0.677601,-0.331312,0.000000,0.000000,0.000000,-1,-0.399200,-0.560608,-0.070206,-0.007619,0.500411,0.699879,173.979568,158.380356,-734.643433,0,0
32.640000,-1.114750,0.729684,0.905513,0.742721,-0.022963,0.669208,-0.586426,0.460113,0.666634,-0.323219,-0.887563,0.328269,0.488451,-0.311899,0.177084,0.795472,0.479690,-0.081350,0.507081,0.428622,0.148171,0.181861,-0.669208,-0.666634,-0.328269,0.000000,0.000000,0.000000,-1,-0.216919,-0.504013,-0.187454,0.479148,-0.185819,0.512524,172.928329,157.332642,-733.975464,0,0
32.680000,-1.168117,0.736502,0.954853,0.730811,-0.037153,0.681568,-0.604681,0.427994,0.671701,-0.316663,-0.903017,0.290317,0.503115,-0.318930,0.181323,0.782484,0.662945,-0.667525,-0.118823,0.481967,0.125924,-0.013775,-0.681568,-0.671700,-0.290317,0.000000,0.000000,0.000000,-1,-0.199600,-0.545776,-0.304092,0.677540,-0.737976,-0.053068,173.453949,157.856506,-732.138428,0,0
32.720000,-1.199991,0.755298,0.976186,0.732249,-0.057739,0.678585,-0.603107,0.407853,0.685506,-0.316343,-0.911220,0.263827,0.514920,-0.320849,0.175873,0.775230,0.793401,-0.501672,-0.519903,0.279308,0.133779,-0.024747,-0.678585,-0.685506,-0.263827,0.000000,0.000000,0.000000,-1,-0.463882,-0.537033,-0.314407,0.758928,-0.640021,-0.483086,175.731628,159.428085,-733.641479,0,0
32.760000,-1.235618,0.785469,1.008388,0.740343,-0.077818,0.667710,-0.598151,0.377020,0.707157,-0.306770,-0.922930,0.232577,0.531683,-0.317844,0.169716,0.766476,0.962454,-0.359642,-0.546873,-0.068786,0.046818,-0.205823,-0.667710,-0.707157,-0.232577,0.000000,0.000000,0.000000,-1,-0.831390,-0.685364,-0.447906,0.961912,-0.464110,-0.541430,173.979568,160.475800,-732.639404,0,1
32.800000,-1.243739,0.798742,1.056452,0.748760,-0.054105,0.660630,-0.607349,0.343198,0.716479,-0.265492,-0.937703,0.224112,0.543472,-0.304272,0.181765,0.760932,0.115128,1.611746,0.471547,-0.691482,-0.236325,-0.465631,-0.660630,-0.716479,-0.224112,0.000000,0.000000,0.000000,-1,-1.352112,-0.952805,-0.689743,0.278717,1.333196,0.336619,175.556427,158.554977,-733.140442,0,0
32.840000,-1.204195,0.768367,1.054936,0.741170,-0.008234,0.671267,-0.625476,0.354694,0.694962,-0.243816,-0.934946,0.257739,0.531210,-0.298239,0.201168,0.767073,-0.647469,0.698843,1.145705,-0.233641,0.078278,-0.454481,-0.671267,-0.694962,-0.257739,0.000000,0.000000,0.000000,-1,-0.700806,-0.473389,-0.647324,-0.556523,0.863611,1.110630,174.505188,159.253464,-732.138428,0,0
32.880000,-1.182547,0.720039,1.024534,0.718180,0.006409,0.695828,-0.642375,0.390548,0.659414,-0.267528,-0.920560,0.284600,0.510645,-0.311355,0.209686,0.773519,-0.784834,-0.128173,0.408476,0.130612,0.298131,-0.405356,-0.695828,-0.659414,-0.284600,0.000000,0.000000,0.000000,-1,-0.592819,-0.405563,-0.716721,-0.785377,-0.232638,0.413919,173.103546,157.856506,-731.136414,0,0
32.920000,-1.162961,0.718369,1.003947,0.722659,0.010162,0.691130,-0.635128,0.404280,0.658157,-0.272722,-0.914579,0.298610,0.504918,-0.309439,0.207166,0.778709,-0.216854,0.657025,-0.536323,-0.081254,-0.672363,0.025646,-0.691130,-0.658157,-0.298610,0.000000,0.000000,0.000000,-1,-0.772385,-1.330521,-0.272964,-0.297933,0.354534,-0.420612,174.154770,155.761063,-733.474426,0,0
32.960000,-1.140913,0.743474,0.986134,0.743089,0.007963,0.669145,-0.613851,0.406279,0.676849,-0.266470,-0.913714,0.306790,0.507450,-0.298496,0.198382,0.783607,-0.454071,0.452412,-0.528531,0.207140,-0.462403,-0.178379,-0.669145,-0.676849,-0.306790,0.000000,0.000000,0.000000,-1,-0.462006,-1.139252,-0.485168,-0.103614,-0.059340,-0.683624,173.804367,158.205734,-734.142456,0,0
33.000000,-1.132839,0.741679,0.949747,0.744307,-0.011083,0.667746,-0.599652,0.429047,0.675527,-0.293981,-0.903214,0.312697,0.500640,-0.304977,0.186643,0.788361,-0.239858,-1.834402,-0.488659,0.224127,0.032811,0.111388,-0.667746,-0.675527,-0.312697,0.000000,0.000000,0.000000,-1,-0.299026,-0.571838,0.122345,-0.240397,-1.938797,-0.483229,175.030807,156.634155,-733.641479,0,0
33.040000,-1.255388,0.811268,0.919191,0.736269,-0.171442,0.654612,-0.547497,0.417598,0.725161,-0.397688,-0.892311,0.213601,0.525611,-0.341954,0.122202,0.769329,0.241180,-2.710734,-1.596273,0.220392,-0.066297,0.710900,-0.654612,-0.725161,-0.213601,0.000000,0.000000,0.000000,-1,-0.434219,-0.791458,0.497299,0.087476,-2.760043,-1.620251,177.658890,156.808777,-733.140442,0,0
33.080000,-1.315134,0.843090,0.926264,0.729438,-0.231902,0.643538,-0.531715,0.399643,0.746702,-0.430347,-0.886852,0.168210,0.538884,-0.354258,0.098904,0.757841,0.900218,-2.658416,-1.359118,-0.129579,-0.089678,0.677731,-0.643538,-0.746702,-0.168210,0.000000,0.000000,0.000000,-1,-0.773117,-0.836380,0.509521,0.780225,-2.831856,-1.440348,179.586166,158.031128,-731.303406,0,0
33.120000,-1.422188,0.887752,0.950911,0.710397,-0.325129,0.624201,-0.513727,0.366666,0.775655,-0.481061,-0.871692,0.093451,0.559080,-0.375106,0.064007,0.736633,0.229267,-1.230157,-0.542297,-0.196676,0.033437,0.038900,-0.624201,-0.775655,-0.093451,0.000000,0.000000,0.000000,-1,-0.768631,-0.671768,-0.031189,0.228729,-1.334549,-0.536867,183.791107,156.634155,-733.975464,0,0
33.160000,-1.530972,0.917721,0.995362,0.687453,-0.398469,0.607150,-0.509776,0.330673,0.794219,-0.517239,-0.855499,0.024192,0.577189,-0.393392,0.038943,0.714548,0.735970,-1.713630,-0.558464,-0.058271,-0.021485,0.045539,-0.607150,-0.794219,-0.024192,0.000000,0.000000,0.000000,-1,-0.665421,-0.815704,0.021347,0.780917,-1.905024,-0.596755,184.842346,157.681885,-733.641479,0,0
33.200000,-1.596502,0.931690,1.024627,0.672286,-0.438725,0.596281,-0.509703,0.309821,0.802629,-0.536874,-0.843523,-0.015331,0.586898,-0.404001,0.025305,0.701209,0.531490,-1.239581,-0.465806,-0.030336,0.114733,0.127186,-0.596281,-0.802629,0.015331,0.000000,0.000000,0.000000,-1,-0.675705,-0.676865,0.147095,0.542647,-1.394845,-0.449639,187.120026,156.110306,-730.134399,0,0
33.240000,-1.668364,0.942661,1.069870,0.659557,-0.472170,0.584842,-0.515439,0.282206,0.809124,-0.547090,-0.835114,-0.057244,0.598873,-0.412278,0.015760,0.686389,0.710998,-0.369690,-0.122811,-0.095196,0.185299,0.139396,-0.584842,-0.809125,0.057244,0.000000,0.000000,0.000000,-1,-0.666916,-0.611465,0.133804,0.710460,-0.474079,-0.117381,187.996048,159.777328,-732.639404,0,0
33.280000,-1.747520,0.944405,1.133208,0.647885,-0.497199,0.577094,-0.530989,0.248417,0.810148,-0.546165,-0.831314,-0.103061,0.612889,-0.419402,0.012616,0.669560,0.985906,-0.710091,-0.174300,-0.077279,0.126326,-0.145557,-0.577094,-0.810148,0.103061,0.000000,0.000000,0.000000,-1,-0.654373,-0.683823,-0.042496,0.911923,-0.926863,-0.168617,188.346466,159.777328,-732.305420,0,0
33.320000,-1.802735,0.945177,1.190059,0.646984,-0.506561,0.569919,-0.543666,0.217612,0.810600,-0.534640,-0.834291,-0.134609,0.625296,-0.419892,0.014105,0.657645,1.072913,-0.171738,-0.330864,0.037158,0.047356,-0.101207,-0.569919,-0.810600,0.134609,0.000000,0.000000,0.000000,-1,-0.520828,-0.783539,0.040726,1.088409,-0.287750,-0.300029,189.923325,159.602707,-731.136414,0,0
33.360000,-1.885067,0.951282,1.259250,0.642256,-0.531584,0.552201,-0.552688,0.177984,0.814161,-0.531078,-0.828094,-0.179489,0.641046,-0.422853,0.008238,0.640459,0.669327,-0.965856,-0.338787,0.023224,0.089582,-0.082581,-0.552201,-0.814161,0.179489,0.000000,0.000000,0.000000,-1,-0.543350,-0.703217,0.049377,0.668789,-1.070243,-0.333357,188.521667,161.348907,-730.468384,0,0
33.400000,-1.969717,0.958810,1.304747,0.625579,-0.573064,0.529385,-0.554282,0.151047,0.818509,-0.549020,-0.805470,-0.223147,0.651475,-0.432613,-0.007535,0.623193,0.287546,-0.834478,-0.392613,-0.120425,0.062268,-0.222903,-0.529385,-0.818509,0.223147,0.000000,0.000000,0.000000,-1,-0.649811,-0.756241,0.000244,0.335868,-1.017313,-0.383113,192.726608,160.999664,-729.466370,0,0
33.440000,-2.003995,0.967164,1.321156,0.620360,-0.591371,0.515202,-0.550040,0.140238,0.823279,-0.559115,-0.794112,-0.238280,0.655439,-0.435361,-0.016749,0.616911,0.130476,-0.587416,-0.368595,-0.154552,0.079337,-0.158629,-0.515202,-0.823279,0.238280,0.000000,0.000000,0.000000,-1,-0.687363,-0.736374,0.083481,0.141552,-0.728929,-0.376954,192.551407,161.523529,-728.965393,0,0
33.480000,-2.026636,0.974919,1.327024,0.614922,-0.606570,0.503928,-0.544642,0.135462,0.827657,-0.570295,-0.783404,-0.247065,0.656986,-0.438065,-0.025254,0.613050,-0.125718,-0.403623,-0.114500,-0.278054,0.077504,-0.121943,-0.503928,-0.827657,0.247065,0.000000,0.000000,0.000000,-1,-0.776703,-0.730194,0.137558,-0.126256,-0.508007,-0.109070,192.200989,160.825043,-728.965393,0,0
33.520000,-2.028263,0.977753,1.305960,0.602428,-0.621014,0.501420,-0.539402,0.146290,0.829243,-0.588325,-0.770026,-0.246848,0.652493,-0.444609,-0.033297,0.612754,-0.403312,-0.652318,0.191778,-0.177627,0.132695,-0.049338,-0.501420,-0.829243,0.246848,0.000000,0.000000,0.000000,-1,-0.662186,-0.722153,0.175766,-0.403850,-0.756702,0.197208,190.974548,159.951935,-730.134399,0,0
33.560000,-2.029710,0.976654,1.261428,0.572759,-0.648124,0.501878,-0.533222,0.170435,0.828629,-0.622592,-0.742218,-0.247976,0.642320,-0.459797,-0.046983,0.611396,-0.732812,-0.722243,0.228701,-0.239256,-0.166259,-0.241689,-0.501878,-0.828629,0.247976,0.000000,0.000000,0.000000,-1,-0.741135,-0.994888,0.006287,-0.733351,-0.826625,0.234131,194.829086,160.999664,-732.472412,0,0
33.600000,-2.001778,0.980908,1.210837,0.559473,-0.656932,0.505401,-0.520617,0.195938,0.831003,-0.644940,-0.728044,-0.232388,0.631649,-0.466061,-0.055228,0.617054,-0.879860,-0.312837,0.340165,-0.419679,-0.201559,-0.204404,-0.505401,-0.831003,0.232388,0.000000,0.000000,0.000000,-1,-1.002274,-1.016495,-0.011765,-0.880398,-0.417219,0.345594,196.405945,159.078842,-732.973450,0,0
33.640000,-1.902845,0.984876,1.145251,0.582869,-0.622080,0.522762,-0.503650,0.228274,0.833203,-0.637653,-0.748937,-0.180257,0.619446,-0.454330,-0.046368,0.638531,-0.652453,2.089245,0.100245,-0.523854,-0.007037,-0.113316,-0.522762,-0.833203,0.180257,0.000000,0.000000,0.000000,-1,-1.046616,-0.840240,0.066940,-0.584230,1.789708,0.053675,196.405945,159.078842,-732.973450,0,1
33.680000,-1.757926,0.984204,1.085779,0.637180,-0.546091,0.543863,-0.489687,0.258067,0.832832,-0.595155,-0.796986,-0.102978,0.608706,-0.425401,-0.021066,0.669378,-1.170466,3.067202,0.400446,0.001428,0.081687,-0.203472,-0.543863,-0.832832,0.102978,0.000000,0.000000,0.000000,-1,-0.542435,-0.751144,-0.100494,-1.171005,2.962822,0.405875,192.726608,157.158020,-731.136414,0,0
33.720000,-1.600424,0.971451,1.000303,0.678639,-0.470657,0.563854,-0.474768,0.304642,0.825705,-0.560397,-0.828056,-0.016711,0.589641,-0.400847,0.001466,0.701172,-1.820269,2.623444,0.721280,0.055676,-0.145135,-0.189669,-0.563854,-0.825705,0.016711,0.000000,0.000000,0.000000,-1,-0.544785,-1.013718,-0.040298,-1.820807,2.519064,0.726710,192.726608,157.158020,-731.136414,0,0
33.760000,-1.322682,0.931938,0.764000,0.715691,-0.392021,0.578020,-0.412515,0.430558,0.802777,-0.563576,-0.812982,0.146432,0.533550,-0.376973,0.006768,0.757080,-2.859489,0.358037,0.204717,-0.051253,-0.239749,0.352334,-0.578020,-0.802777,-0.146432,0.000000,0.000000,0.000000,-1,-0.629272,-1.042526,0.205902,-2.806539,0.603554,0.226061,190.448929,154.538727,-731.971436,0,0
33.800000,-1.242877,0.902230,0.633628,0.699404,-0.407999,0.586832,-0.367003,0.499537,0.784711,-0.613305,-0.764199,0.199641,0.496137,-0.389175,-0.014772,0.775998,-1.771553,-0.608438,0.484292,-0.114594,-0.453302,0.332070,-0.589340,-0.781501,-0.204782,0.000000,0.000000,0.000000,-1,-0.703934,-1.234802,0.127289,-1.772091,-0.712816,0.489721,189.748108,153.141754,-734.309448,0,0
33.840000,-1.197569,0.865783,0.622651,0.709777,-0.363440,0.603430,-0.377933,0.526429,0.761603,-0.594460,-0.768625,0.236291,0.486584,-0.380907,0.004609,0.786209,-0.125639,1.902083,1.132408,-0.026377,-0.018686,0.089181,-0.603430,-0.761603,-0.236291,0.000000,0.000000,0.000000,-1,-0.593033,-0.721588,-0.067337,-0.126177,1.797706,1.137838,189.748108,153.141754,-734.309448,0,0
33.880000,-1.117023,0.790359,0.629708,0.730414,-0.258036,0.632386,-0.414351,0.568641,0.710606,-0.542963,-0.781066,0.308426,0.461884,-0.363937,0.048402,0.807385,-0.178932,1.397522,1.200160,0.148698,0.104054,0.297226,-0.632386,-0.710606,-0.308426,0.000000,0.000000,0.000000,-1,-0.483688,-0.606552,-0.011200,-0.233414,1.356849,1.266528,187.645645,150.347839,-735.311462,0,0
33.920000,-1.090549,0.760388,0.650116,0.737728,-0.206918,0.642606,-0.438566,0.576766,0.689203,-0.513242,-0.790269,0.334750,0.454481,-0.355066,0.071160,0.813825,0.001029,0.855122,0.821953,0.224179,0.115457,0.274478,-0.642606,-0.689203,-0.334750,0.000000,0.000000,0.000000,-1,-0.418427,-0.573746,-0.060272,0.000495,0.750812,0.827370,183.090286,149.649353,-736.313477,0,0
33.960000,-1.083308,0.734319,0.671394,0.735029,-0.172143,0.655820,-0.461761,0.581178,0.670082,-0.496498,-0.795361,0.347694,0.448931,-0.353007,0.088723,0.816073,0.141609,0.252780,0.726323,0.461637,-0.000908,0.260352,-0.655820,-0.670082,-0.347694,0.000000,0.000000,0.000000,-1,-0.162537,-0.662643,-0.051407,0.141075,0.148471,0.731740,183.090286,149.649353,-736.313477,0,0
34.000000,-1.115226,0.726451,0.704600,0.721559,-0.169454,0.671295,-0.484201,0.569526,0.664221,-0.494875,-0.804317,0.328897,0.453634,-0.360233,0.097226,0.809318,0.578817,-0.549666,0.106042,0.510071,0.213247,0.142694,-0.671295,-0.664221,-0.328897,0.000000,0.000000,0.000000,-1,-0.161224,-0.450974,-0.186203,0.556204,-0.575443,0.161343,182.039047,150.697083,-735.645508,0,0
34.040000,-1.173318,0.745405,0.738584,0.707266,-0.201820,0.677527,-0.494707,0.543337,0.678269,-0.505014,-0.814895,0.284442,0.468905,-0.371359,0.091977,0.796091,0.704169,-0.925756,-0.410609,0.475592,0.223451,-0.036328,-0.677527,-0.678269,-0.284442,0.000000,0.000000,0.000000,-1,-0.219086,-0.448730,-0.319427,0.703635,-1.030063,-0.405192,183.265488,149.125504,-735.478455,0,0
34.080000,-1.213567,0.771741,0.759697,0.703502,-0.232888,0.671452,-0.493591,0.519638,0.697384,-0.511324,-0.822034,0.250615,0.483024,-0.376006,0.082878,0.786409,0.902839,-0.768313,-0.764536,0.380284,0.168881,-0.011882,-0.671452,-0.697384,-0.250615,0.000000,0.000000,0.000000,-1,-0.336578,-0.567795,-0.271881,0.902305,-0.872619,-0.759119,183.265488,149.125504,-735.478455,0,1
34.120000,-1.261208,0.819965,0.806319,0.713475,-0.262103,0.649812,-0.492408,0.472224,0.731122,-0.498486,-0.841609,0.207858,0.508280,-0.371110,0.074430,0.773556,1.008259,0.359262,-0.385721,-0.254241,-0.253284,-0.285962,-0.649812,-0.731122,-0.207858,0.000000,0.000000,0.000000,-1,-0.904053,-0.984406,-0.493820,1.047394,0.013011,-0.525379,185.017548,149.125504,-733.474426,0,0
34.160000,-1.250749,0.816832,0.836696,0.724501,-0.229982,0.649774,-0.508222,0.458583,0.728981,-0.465627,-0.858377,0.215362,0.512483,-0.360111,0.089831,0.774346,0.084820,1.485035,0.922431,-1.195746,-0.303246,-0.782486,-0.649774,-0.728981,-0.215362,0.000000,0.000000,0.000000,-1,-1.866867,-0.807877,-1.160782,0.378800,1.292345,0.666517,186.243988,151.046326,-734.643433,0,0
34.200000,-1.202934,0.760841,0.823078,0.716299,-0.173801,0.675803,-0.531056,0.492471,0.689530,-0.452654,-0.852799,0.260458,0.490757,-0.359066,0.113676,0.785689,-0.768776,0.275955,0.640519,-0.427881,0.627977,-0.484583,-0.675803,-0.689530,-0.260458,0.000000,0.000000,0.000000,-1,-0.865570,-0.402863,-0.655075,-0.769310,0.171652,0.645935,181.513428,149.823975,-733.808472,0,0
34.240000,-1.195284,0.754687,0.796734,0.712111,-0.183266,0.677725,-0.520924,0.509245,0.685061,-0.470676,-0.840883,0.267172,0.483657,-0.363992,0.107023,0.788753,-0.144367,-0.500383,-0.246809,0.250647,-0.409452,-0.096247,-0.677725,-0.685061,-0.267172,0.000000,0.000000,0.000000,-1,-0.427078,-1.094513,-0.363419,-0.242591,-0.430817,-0.244292,181.338226,149.649353,-734.643433,0,0
34.280000,-1.180463,0.759141,0.777625,0.717715,-0.186624,0.670863,-0.508952,0.516927,0.688298,-0.475240,-0.835439,0.276023,0.480824,-0.361659,0.101712,0.792254,-1.271789,1.636995,-0.239774,0.103236,-0.713679,-0.059731,-0.670863,-0.688298,-0.276023,0.000000,0.000000,0.000000,-1,-0.723343,-1.296555,-0.356674,-0.789493,0.708804,-0.309358,181.338226,149.649353,-734.643433,0,0
34.320000,-1.158565,0.742600,0.722879,0.710320,-0.199559,0.674998,-0.487370,0.552464,0.676206,-0.507855,-0.809296,0.295167,0.464405,-0.369790,0.089977,0.799680,-0.016461,-2.044930,-0.126367,0.526301,-0.312289,0.766542,-0.674998,-0.676206,-0.295167,0.000000,0.000000,0.000000,-1,0.374496,-1.105850,0.154343,-0.016995,-2.149231,-0.120950,183.791107,151.744797,-736.981506,0,0
34.360000,-1.177969,0.784475,0.689321,0.710490,-0.260163,0.653850,-0.450144,0.546162,0.706454,-0.540901,-0.796255,0.270932,0.472598,-0.375746,0.059749,0.794919,0.266458,-0.591785,-1.810335,0.674830,-0.276838,0.801968,-0.653850,-0.706454,-0.270932,0.000000,0.000000,0.000000,-1,-0.297165,-0.966522,0.517990,0.020915,-0.473279,-1.694724,183.791107,150.697083,-738.317505,0,0
34.400000,-1.274583,0.855502,0.713089,0.693106,-0.355145,0.627277,-0.429033,0.496041,0.754900,-0.579254,-0.792348,0.191440,0.501404,-0.390991,0.023944,0.771458,1.223866,-3.135700,-1.425404,-0.414547,-0.055876,0.327945,-0.627277,-0.754900,-0.191440,0.000000,0.000000,0.000000,-1,-1.334351,-0.889908,-0.037979,1.223332,-2.824678,-0.895003,186.243988,150.697083,-737.649536,0,0
34.440000,-1.347312,0.876829,0.718586,0.660304,-0.418347,0.623686,-0.421057,0.481445,0.768715,-0.621860,-0.770193,0.141752,0.509192,-0.412125,0.000897,0.755563,-0.088200,-1.592565,-0.354189,-0.573442,-0.070427,0.046568,-0.623686,-0.768715,-0.141752,0.000000,0.000000,0.000000,-1,-0.995880,-0.573517,-0.116974,-0.088734,-1.696864,-0.348773,188.872086,153.665619,-738.484497,0,0
34.480000,-1.396103,0.891478,0.718068,0.634970,-0.462626,0.618701,-0.413354,0.473131,0.778001,-0.652650,-0.749750,0.109196,0.512992,-0.426897,-0.016545,0.744530,0.222578,-1.247966,-0.336832,-0.107618,0.376466,0.006840,-0.618701,-0.778001,-0.109196,0.000000,0.000000,0.000000,-1,-0.680542,-0.420959,-0.065521,0.222044,-1.352264,-0.331415,190.273727,153.665619,-738.818542,0,0
34.520000,-1.438309,0.891983,0.706232,0.601184,-0.501235,0.622367,-0.407470,0.477691,0.778318,-0.687420,-0.721508,0.082942,0.510037,-0.445411,-0.031886,0.735156,-0.863957,-0.302339,0.327190,-0.243798,-0.093844,-0.173757,-0.622367,-0.778318,-0.082942,0.000000,0.000000,0.000000,-1,-0.966736,-1.041168,-0.421143,-0.864491,-0.406636,0.332606,189.397705,151.744797,-738.651489,0,0
34.560000,-1.378780,0.869447,0.644602,0.603164,-0.484778,0.633391,-0.387718,0.515773,0.763972,-0.697043,-0.706377,0.123138,0.490982,-0.444261,-0.032411,0.748678,-1.725332,0.865349,0.600535,-0.435442,-0.250722,-0.661591,-0.633391,-0.763972,-0.123138,0.000000,0.000000,0.000000,-1,-0.855560,-0.870209,-0.821793,-1.725866,0.761053,0.605951,188.696869,155.586441,-740.655518,0,0
34.600000,-1.160053,0.797744,0.488308,0.660491,-0.392230,0.640240,-0.327606,0.616709,0.715782,-0.675593,-0.682514,0.278834,0.437306,-0.411517,-0.020211,0.799380,-1.994061,3.261211,0.459719,0.100491,-0.136803,0.172816,-0.640240,-0.715782,-0.278834,0.000000,0.000000,0.000000,-1,-0.534500,-0.942490,0.251938,-2.215314,2.873032,0.635853,186.243988,152.792526,-742.659546,0,0
34.640000,-1.032195,0.757025,0.443320,0.716227,-0.312528,0.623975,-0.311789,0.656617,0.686762,-0.624345,-0.686426,0.372844,0.414357,-0.376678,-0.000223,0.828506,-1.042456,1.667183,0.803197,0.148069,-0.007574,0.607203,-0.623975,-0.686762,-0.372844,0.000000,0.000000,0.000000,-1,-0.363571,-0.540833,-0.134674,-1.042990,1.562889,0.808613,185.367966,151.570175,-742.492554,0,0
34.680000,-0.997863,0.730407,0.418056,0.723023,-0.292269,0.625952,-0.302419,0.680752,0.667173,-0.621112,-0.671681,0.403811,0.399518,-0.372128,0.003029,0.837793,-0.633949,-0.150421,-0.173850,0.536978,0.125440,0.119540,-0.625952,-0.667173,-0.403811,0.000000,0.000000,0.000000,-1,0.085754,-0.578400,-0.307053,-0.634483,-0.254714,-0.168434,185.017548,152.617905,-744.496582,0,1
34.720000,-1.039350,0.742805,0.376195,0.685552,-0.356113,0.634983,-0.270606,0.685065,0.676356,-0.675864,-0.635507,0.373281,0.395981,-0.395674,-0.025810,0.828236,0.097722,-1.528395,-0.686280,0.228794,0.358165,0.102880,-0.634983,-0.676356,-0.373281,0.000000,0.000000,0.000000,-1,-0.546982,-0.278809,-0.241226,0.097188,-1.632687,-0.680864,185.017548,151.919418,-745.832642,0,0
34.760000,-1.061470,0.753356,0.374252,0.672183,-0.377669,0.636817,-0.266650,0.678909,0.684091,-0.690701,-0.629642,0.355646,0.399258,-0.403448,-0.033740,0.822608,0.353067,-1.568593,-0.629345,-0.058358,0.408395,0.146127,-0.636817,-0.684091,-0.355646,0.000000,0.000000,0.000000,-1,-0.830475,-0.340897,-0.175980,0.267346,-1.672939,-0.659156,184.491928,152.792526,-746.333618,0,0
34.800000,-1.133955,0.779193,0.399652,0.637484,-0.421922,0.644668,-0.276835,0.655414,0.702706,-0.719011,-0.626430,0.301013,0.412631,-0.423355,-0.045042,0.805281,0.790699,-0.717442,-0.060411,-0.293641,0.006676,0.011508,-0.644667,-0.702706,-0.301013,0.000000,0.000000,0.000000,-1,-0.746704,-0.717560,-0.427017,0.790165,-0.821734,-0.054995,184.491928,152.792526,-745.665649,0,0
34.840000,-1.150722,0.794323,0.439301,0.646135,-0.416067,0.639842,-0.298041,0.634229,0.713390,-0.702624,-0.651645,0.285793,0.426061,-0.419017,-0.036839,0.800961,0.466499,1.112366,-0.134238,-0.018224,0.187923,-0.296238,-0.639842,-0.713390,-0.285793,0.000000,0.000000,0.000000,-1,-0.731079,-0.542496,-0.651505,0.554128,0.789708,-0.105406,186.944809,153.141754,-744.663574,0,0
34.880000,-1.107646,0.796822,0.442033,0.677519,-0.387185,0.625345,-0.299010,0.631799,0.715138,-0.671984,-0.671504,0.312284,0.428204,-0.400624,-0.027229,0.809568,-0.169152,1.462594,0.111588,-0.249564,0.017857,-0.497775,-0.625345,-0.715138,-0.312284,0.000000,0.000000,0.000000,-1,-0.879059,-0.744278,-0.845184,-0.091254,1.468436,0.029481,185.192749,155.237198,-744.663574,0,0
34.920000,-1.085980,0.787405,0.440658,0.688909,-0.368205,0.624364,-0.301000,0.638273,0.708524,-0.659396,-0.676042,0.328882,0.424780,-0.393853,-0.020618,0.814872,-0.033632,-0.089791,-0.003088,0.012959,0.167280,-0.410757,-0.624364,-0.708524,-0.328882,0.000000,0.000000,0.000000,-1,-0.572876,-0.539825,-0.688095,-0.034162,-0.194016,0.002316,184.491928,152.792526,-744.329590,0,0
34.960000,-1.077104,0.788496,0.429990,0.691114,-0.370196,0.620739,-0.293851,0.640745,0.709294,-0.660313,-0.672607,0.334045,0.423180,-0.392297,-0.023379,0.816380,-0.265938,0.297909,-0.224594,-0.020909,-0.246395,-0.404130,-0.620739,-0.709294,-0.334045,0.000000,0.000000,0.000000,-1,-0.719528,-1.145477,-0.717926,-0.194113,0.122698,-0.188820,185.367966,153.316376,-743.160583,0,0
35.000000,-1.035882,0.778996,0.396340,0.703586,-0.360777,0.612215,-0.274717,0.656455,0.702565,-0.655361,-0.662501,0.362760,0.413634,-0.384093,-0.026077,0.825046,-0.732891,0.254783,0.009447,-0.022215,-0.409450,-0.388262,-0.612215,-0.702565,-0.362760,0.000000,0.000000,0.000000,-1,-0.484772,-0.905334,-0.586334,-0.733421,0.150560,0.014850,183.440689,154.189484,-742.993591,0,0
35.040000,-1.028398,0.777434,0.376706,0.700998,-0.368764,0.610422,-0.262179,0.662741,0.701453,-0.663222,-0.651757,0.367898,0.409377,-0.385307,-0.032244,0.826383,-0.112392,-0.649239,-0.477304,0.612070,0.338340,0.485024,-0.610422,-0.701453,-0.367898,0.000000,0.000000,0.000000,-1,0.105743,-0.459396,0.031708,-0.112923,-0.753461,-0.471900,182.739868,153.840240,-742.993591,0,0
35.080000,-1.110094,0.830160,0.363153,0.650418,-0.460052,0.604408,-0.239690,0.630751,0.738039,-0.720767,-0.624904,0.299982,0.424171,-0.412417,-0.068580,0.803298,0.523077,-2.547189,-1.303315,-0.263436,-0.243803,0.519663,-0.604408,-0.738039,-0.299982,0.000000,0.000000,0.000000,-1,-0.867844,-0.981842,0.219681,0.449069,-2.441601,-1.372509,183.966309,154.713348,-743.160583,0,0
35.120000,-1.236786,0.875416,0.380162,0.573595,-0.551938,0.605271,-0.237737,0.594936,0.767810,-0.783881,-0.584307,0.210036,0.438356,-0.450362,-0.101864,0.771130,0.639444,-3.179321,-0.762439,-0.492187,-0.039533,0.179671,-0.605271,-0.767810,-0.210036,0.000000,0.000000,0.000000,-1,-1.097458,-0.807343,-0.030365,0.638913,-3.283542,-0.757036,186.068787,154.713348,-744.496582,0,0
35.160000,-1.287508,0.882636,0.366874,0.523109,-0.595819,0.609390,-0.227325,0.591575,0.773539,-0.821389,-0.543175,0.174014,0.435178,-0.472877,-0.121788,0.756422,-0.107280,-1.289493,-0.400010,0.132370,0.120188,0.185565,-0.609390,-0.773539,-0.174014,0.000000,0.000000,0.000000,-1,-0.477020,-0.653351,0.011551,-0.107810,-1.393713,-0.394607,187.470428,156.110306,-743.494568,0,0
35.200000,-1.348358,0.909526,0.369150,0.483497,-0.638312,0.598990,-0.221588,0.572749,0.789213,-0.846835,-0.514311,0.135480,0.440246,-0.488306,-0.140742,0.734452,0.415101,-1.807415,-0.764031,0.236597,-0.058128,0.128026,-0.595209,-0.794289,-0.121785,0.000000,0.000000,0.000000,-1,-0.358612,-0.852417,0.006241,0.362489,-1.858635,-0.765739,187.996048,155.586441,-744.663574,0,0
35.240000,-1.451093,0.943749,0.400832,0.423648,-0.693649,0.582558,-0.228943,0.540248,0.809763,-0.876417,-0.476427,0.070069,0.450924,-0.511500,-0.162921,0.713086,0.630017,-1.458224,-0.511620,-0.022972,-0.087713,0.186494,-0.582558,-0.809763,-0.070069,0.000000,0.000000,0.000000,-1,-0.605530,-0.897476,0.116425,0.629486,-1.562442,-0.506216,188.872086,155.411819,-745.498596,0,0
35.280000,-1.512274,0.957280,0.430374,0.393694,-0.717394,0.574761,-0.240208,0.523244,0.817628,-0.887302,-0.459958,0.033675,0.457377,-0.523420,-0.170833,0.698322,0.254248,-0.777121,-0.209520,-0.059700,0.066438,0.115096,-0.574761,-0.817628,-0.033675,0.000000,0.000000,0.000000,-1,-0.696594,-0.745026,0.020538,0.253717,-0.881338,-0.204116,190.098526,155.237198,-743.661621,0,0
35.320000,-1.569642,0.965723,0.439805,0.351218,-0.743699,0.568822,-0.242184,0.514690,0.822461,-0.904430,-0.426622,0.000657,0.457130,-0.539170,-0.183541,0.683111,0.190434,-1.197907,-0.129266,-0.123729,0.125668,0.043961,-0.568822,-0.822461,-0.000657,0.000000,0.000000,0.000000,-1,-0.681183,-0.664520,0.042953,0.154760,-1.318045,-0.136168,188.872086,157.158020,-745.164612,0,0
35.360000,-1.630278,0.970623,0.466846,0.317674,-0.762383,0.563786,-0.254194,0.504349,0.825238,-0.913493,-0.405468,-0.033575,0.460136,-0.552324,-0.190002,0.668664,0.473856,-0.518270,-0.104609,-0.131587,0.146008,0.061030,-0.563786,-0.825238,0.033575,0.000000,0.000000,0.000000,-1,-0.695374,-0.679230,0.094604,0.473325,-0.622485,-0.099206,189.397705,157.681885,-744.663574,0,0
35.400000,-1.658931,0.968122,0.491525,0.309711,-0.765018,0.564648,-0.267536,0.499741,0.823823,-0.912416,-0.406210,-0.049894,0.463644,-0.556759,-0.187519,0.663242,0.605582,-0.414433,-0.152264,-0.031132,0.110367,-0.085142,-0.564648,-0.823823,0.049894,0.000000,0.000000,0.000000,-1,-0.563217,-0.722443,-0.039642,0.605060,-0.518654,-0.146866,190.098526,156.284927,-744.329590,0,0
35.440000,-1.709779,0.972447,0.528693,0.293133,-0.776453,0.557847,-0.284121,0.486373,0.826267,-0.912879,-0.400702,-0.078034,0.470318,-0.563754,-0.188719,0.652202,0.436677,-0.327470,-0.132712,-0.055251,0.040226,0.006621,-0.557847,-0.826267,0.078034,0.000000,0.000000,0.000000,-1,-0.634491,-0.782944,0.069031,0.418026,-0.447611,-0.138743,191.675385,156.110306,-744.496582,0,0
35.480000,-1.713673,0.939714,0.531800,0.282518,-0.760999,0.584007,-0.299190,0.508534,0.807390,-0.911410,-0.402831,-0.084013,0.463141,-0.572283,-0.176730,0.653268,0.699125,-0.511906,-0.126221,-0.055245,0.071107,-0.101866,-0.584007,-0.807390,0.084013,0.000000,0.000000,0.000000,-1,-0.600021,-0.724564,-0.052002,0.659331,-0.584347,-0.120575,190.448929,156.983398,-742.993591,0,0
35.520000,-1.776113,0.941190,0.585544,0.267392,-0.772138,0.576459,-0.325417,0.490734,0.808260,-0.906976,-0.403711,-0.120048,0.473473,-0.579524,-0.174518,0.639937,0.595752,-0.311688,-0.232357,0.010419,0.119768,-0.102119,-0.576459,-0.808260,0.120048,0.000000,0.000000,0.000000,-1,-0.547470,-0.694824,0.052261,0.595270,-0.415934,-0.227001,190.448929,156.983398,-743.327576,0,0
35.560000,-1.835984,0.949789,0.624409,0.246209,-0.789989,0.561515,-0.340163,0.472064,0.813293,-0.907563,-0.391246,-0.152498,0.481311,-0.587017,-0.179742,0.625655,0.245061,-1.034899,-0.325217,-0.031487,0.127074,-0.143023,-0.561515,-0.813293,0.152498,0.000000,0.000000,0.000000,-1,-0.640488,-0.659012,0.111282,0.310590,-1.089290,-0.304858,189.397705,155.586441,-742.993591,0,0
35.600000,-1.892532,0.952734,0.661685,0.225601,-0.804306,0.549724,-0.356046,0.457167,0.815003,-0.906827,-0.379592,-0.183232,0.487767,-0.594727,-0.183030,0.612278,0.642920,-0.674015,-0.054665,-0.224278,0.057007,-0.205953,-0.549724,-0.815003,0.183232,0.000000,0.000000,0.000000,-1,-0.774002,-0.757996,-0.022720,0.642438,-0.778259,-0.049308,189.748108,156.634155,-743.327576,0,0
35.640000,-1.913858,0.950718,0.666808,0.209689,-0.810285,0.547237,-0.359398,0.456627,0.813833,-0.909320,-0.367328,-0.195465,0.486962,-0.600500,-0.185889,0.606393,-0.247259,-0.313364,0.074783,-0.054691,-0.045450,-0.098160,-0.547237,-0.813833,0.195465,0.000000,0.000000,0.000000,-1,-0.583725,-0.832245,0.130493,-0.247741,-0.417607,0.080139,191.149765,159.428085,-741.991577,0,0
35.680000,-1.918159,0.950853,0.650913,0.192891,-0.815084,0.546289,-0.352029,0.462195,0.813911,-0.915898,-0.349305,-0.197780,0.481787,-0.605616,-0.191790,0.603595,-0.092456,-0.497950,0.000513,-0.072699,0.056358,-0.019786,-0.546289,-0.813911,0.197780,0.000000,0.000000,0.000000,-1,-0.604309,-0.753937,0.145920,-0.091797,-0.583084,0.022790,190.448929,156.634155,-742.993591,0,0
35.720000,-1.931713,0.955809,0.642630,0.175271,-0.823359,0.539778,-0.345767,0.461860,0.816781,-0.921806,-0.329795,-0.203739,0.478840,-0.610395,-0.199455,0.598622,-0.210951,-0.455751,-0.136654,-0.172701,-0.079200,-0.005665,-0.539778,-0.816781,0.203739,0.000000,0.000000,0.000000,-1,-0.712479,-0.895981,0.198074,-0.211434,-0.559992,-0.131298,190.974548,158.554977,-743.160583,0,0
35.760000,-1.939729,0.962463,0.631641,0.160895,-0.830647,0.533046,-0.337454,0.461235,0.820602,-0.927490,-0.311909,-0.206094,0.475856,-0.613684,-0.207229,0.594987,-0.345902,-0.630605,-0.081192,-0.339619,-0.110032,-0.036966,-0.533046,-0.820602,0.206094,0.000000,0.000000,0.000000,-1,-0.938370,-0.939102,0.135101,-0.346384,-0.734846,-0.075836,191.675385,157.158020,-742.158569,0,0
35.800000,-1.921335,0.965722,0.590956,0.145205,-0.832773,0.534232,-0.316923,0.472356,0.822460,-0.937270,-0.288736,-0.195336,0.465882,-0.616945,-0.216277,0.596285,-0.561066,0.177712,0.212182,-0.451837,-0.005940,-0.184014,-0.534232,-0.822460,0.195336,0.000000,0.000000,0.000000,-1,-0.975464,-0.792389,0.050385,-0.592439,-0.086595,0.234556,190.273727,157.158020,-742.158569,0,1
35.840000,-1.846194,0.966842,0.560313,0.190603,-0.815479,0.546502,-0.301812,0.481063,0.823096,-0.934120,-0.321825,-0.154430,0.464750,-0.601018,-0.208509,0.615881,-0.453952,1.886566,0.073515,-0.233833,-0.097894,-0.257823,-0.546502,-0.823096,0.154430,0.000000,0.000000,0.000000,-1,-0.780334,-0.920990,-0.103394,-0.454434,1.782327,0.078871,190.624146,158.205734,-743.828613,0,0
35.880000,-1.736746,0.969819,0.517446,0.258821,-0.788672,0.557681,-0.279706,0.491423,0.824783,-0.924541,-0.369458,-0.093406,0.463897,-0.575762,-0.197705,0.643591,-1.094170,2.883197,0.102667,-0.008359,0.029816,-0.319739,-0.557681,-0.824783,0.093406,0.000000,0.000000,0.000000,-1,-0.553452,-0.770905,-0.248672,-1.094653,2.778959,0.108023,190.624146,156.808777,-743.160583,0,0
35.920000,-1.524154,0.961277,0.409528,0.368889,-0.732740,0.571851,-0.227945,0.525135,0.819923,-0.901089,-0.432811,0.026692,0.451958,-0.531402,-0.182118,0.692949,-1.706153,2.262257,0.338786,-0.015537,0.038384,-0.054668,-0.571851,-0.819924,-0.026692,0.000000,0.000000,0.000000,-1,-0.647263,-0.805283,-0.014771,-1.495812,2.353167,0.387741,189.397705,156.284927,-742.993591,0,0
35.960000,-1.297438,0.933007,0.248549,0.451970,-0.683400,0.573312,-0.146472,0.577124,0.803414,-0.879926,-0.447093,0.160743,0.422523,-0.491022,-0.181418,0.739905,-2.248282,1.964393,0.424831,-0.064215,-0.118674,0.513969,-0.573312,-0.803414,-0.160743,0.000000,0.000000,0.000000,-1,-0.637527,-0.922089,0.353226,-2.248762,1.860220,0.430177,189.923325,155.761063,-742.492554,0,0
36.000000,-1.187397,0.903544,0.152025,0.480084,-0.663442,0.573902,-0.093716,0.611693,0.785525,-0.872202,-0.430902,0.231489,0.399031,-0.474373,-0.186890,0.762113,-1.839993,0.231709,0.221790,-0.187542,-0.399793,0.660810,-0.573902,-0.785525,-0.231489,0.000000,0.000000,0.000000,-1,-0.816254,-1.156906,-0.011505,-1.840473,0.127536,0.227135,189.222488,155.761063,-743.828613,0,0
36.040000,-1.166850,0.852334,0.122846,0.474912,-0.638850,0.605252,-0.080657,0.653268,0.752819,-0.876329,-0.406341,0.258717,0.375143,-0.479489,-0.180650,0.772479,-0.973237,1.767608,1.393477,-0.184085,-0.105122,0.240910,-0.605252,-0.752819,-0.258717,0.000000,0.000000,0.000000,-1,-0.696747,-0.855789,0.172729,-0.828508,1.152396,1.384637,189.047287,155.237198,-745.999634,0,0
36.080000,-1.091418,0.785561,0.132603,0.540144,-0.561016,0.627301,-0.093474,0.700785,0.707222,-0.836366,-0.440638,0.326084,0.358216,-0.456771,-0.145907,0.801095,0.091523,1.294699,1.345582,0.175305,0.088249,0.371021,-0.627301,-0.707222,-0.326084,0.000000,0.000000,0.000000,-1,-0.451996,-0.618973,0.044937,0.091044,1.190528,1.350927,186.419205,155.761063,-746.166626,0,0
36.120000,-1.072386,0.760857,0.168295,0.572724,-0.517027,0.636136,-0.121313,0.714013,0.689542,-0.810722,-0.472089,0.346211,0.357946,-0.445836,-0.121936,0.811318,0.485839,1.463812,0.994764,0.196515,0.131605,0.279453,-0.636136,-0.689542,-0.346211,0.000000,0.000000,0.000000,-1,-0.410019,-0.545471,-0.054474,0.485359,1.359641,1.000110,183.440689,155.237198,-744.663574,0,0
36.160000,-1.060030,0.742583,0.218787,0.605226,-0.469727,0.642696,-0.159903,0.719162,0.676193,-0.779828,-0.512019,0.360145,0.362602,-0.434106,-0.094548,0.819227,0.475201,0.747535,0.573691,0.425243,0.123459,0.392722,-0.642696,-0.676193,-0.360145,0.000000,0.000000,0.000000,-1,-0.189392,-0.570724,0.019073,0.487679,0.718698,0.616847,183.440689,155.237198,-744.663574,0,0
36.200000,-1.073006,0.740474,0.261477,0.614489,-0.449181,0.648567,-0.190817,0.713059,0.674638,-0.765501,-0.538315,0.352455,0.370464,-0.431890,-0.078910,0.818536,0.783578,0.072624,0.160615,0.523124,0.178514,0.191109,-0.648567,-0.674638,-0.352455,0.000000,0.000000,0.000000,-1,-0.125443,-0.496124,-0.161346,0.783098,-0.031544,0.165961,181.338226,154.189484,-744.663574,0,0
36.240000,-1.102431,0.755975,0.294916,0.609857,-0.454482,0.649245,-0.211485,0.696190,0.685999,-0.763772,-0.555667,0.328460,0.382494,-0.435279,-0.074855,0.811558,1.069768,-0.396613,-0.257399,0.462447,0.199960,0.079849,-0.649246,-0.685999,-0.328460,0.000000,0.000000,0.000000,-1,-0.225601,-0.504211,-0.253403,1.069288,-0.500781,-0.252053,181.338226,154.887955,-743.661621,0,1
36.280000,-1.154935,0.800135,0.346017,0.602621,-0.480392,0.637237,-0.236257,0.655322,0.717450,-0.762253,-0.582903,0.281415,0.408009,-0.439114,-0.076602,0.796768,1.269843,-0.130291,-0.825640,0.284148,0.135984,0.009808,-0.637237,-0.717450,-0.281415,0.000000,0.000000,0.000000,-1,-0.394104,-0.634003,-0.295807,1.219656,-0.324444,-0.732116,182.739868,155.586441,-742.325562,0,0
36.320000,-1.191033,0.853046,0.407348,0.617539,-0.495508,0.610833,-0.260561,0.603876,0.753287,-0.742127,-0.624344,0.243807,0.438707,-0.430851,-0.074819,0.785051,1.169874,0.818507,-0.178888,-0.251014,-0.265817,-0.370726,-0.610833,-0.753287,-0.243807,0.000000,0.000000,0.000000,-1,-0.861847,-1.019104,-0.614532,1.169395,0.714341,-0.173543,183.440689,155.237198,-741.657593,0,0
36.360000,-1.165151,0.839016,0.434757,0.645832,-0.453809,0.613970,-0.281437,0.606035,0.743986,-0.709714,-0.653284,0.263678,0.440488,-0.417291,-0.054340,0.793023,-0.396456,1.929564,1.220449,-0.998960,-0.175188,-0.639810,-0.613970,-0.743986,-0.263678,0.000000,0.000000,0.000000,-1,-1.526230,-0.742264,-0.968338,-0.396936,1.825399,1.225794,185.367966,156.459549,-740.488525,0,0
36.400000,-1.107827,0.776060,0.418022,0.662576,-0.391467,0.638550,-0.289720,0.652227,0.700473,-0.690692,-0.649118,0.318734,0.415817,-0.409548,-0.031349,0.811409,-0.643485,0.216845,0.906468,-0.220245,0.340824,-0.298759,-0.638550,-0.700473,-0.318734,0.000000,0.000000,0.000000,-1,-0.752396,-0.429214,-0.605682,-0.725549,0.300392,0.948032,183.265488,155.411819,-741.824585,0,0
36.440000,-1.130631,0.743784,0.425160,0.640807,-0.382259,0.665766,-0.303539,0.670396,0.677077,-0.705145,-0.635962,0.313564,0.405231,-0.423091,-0.024295,0.810057,0.086708,-0.277984,0.385814,0.146265,-0.035356,-0.185368,-0.665766,-0.677077,-0.313564,0.000000,0.000000,0.000000,-1,-0.519501,-0.712433,-0.498932,0.086228,-0.382147,0.391159,181.513428,155.062576,-741.824585,0,0
36.480000,-1.126519,0.746691,0.427309,0.645316,-0.380012,0.662691,-0.304162,0.667948,0.679214,-0.700752,-0.639872,0.315452,0.406791,-0.420470,-0.023391,0.810666,0.307910,0.125009,-0.247100,-0.016875,-0.634751,0.006721,-0.662691,-0.679214,-0.315452,0.000000,0.000000,0.000000,-1,-0.491760,-1.177719,-0.411102,0.307430,0.020846,-0.241755,181.688629,156.634155,-740.989563,0,0
36.520000,-1.072132,0.755563,0.395402,0.673305,-0.371518,0.639246,-0.280366,0.671724,0.685698,-0.684146,-0.640907,0.348114,0.404187,-0.403208,-0.027772,0.820540,-1.255842,0.536917,-0.567860,-0.013541,-0.093416,0.352172,-0.639246,-0.685698,-0.348114,0.000000,0.000000,0.000000,-1,-0.499710,-0.868500,0.180862,-1.198833,0.738042,-0.602819,180.637405,155.935684,-741.323547,0,0
36.560000,-1.105524,0.784547,0.362691,0.643494,-0.431144,0.632479,-0.251089,0.661669,0.706504,-0.723097,-0.613440,0.317525,0.407523,-0.418524,-0.055591,0.809736,0.245737,-1.482632,-1.186933,0.669115,-0.171425,0.296635,-0.632479,-0.706504,-0.317525,0.000000,0.000000,0.000000,-1,0.036636,-0.877930,-0.020889,0.245251,-1.586787,-1.181587,182.564667,158.205734,-742.826599,0,0
36.600000,-1.151117,0.831229,0.358021,0.618043,-0.489086,0.615481,-0.236173,0.631233,0.738760,-0.749830,-0.601946,0.274620,0.421957,-0.429700,-0.079599,0.794339,0.635628,-1.435475,-1.558426,0.035296,0.097906,1.061364,-0.615481,-0.738760,-0.274620,0.000000,0.000000,0.000000,-1,-0.582657,-0.519165,0.874268,0.635142,-1.539629,-1.553080,182.564667,158.205734,-742.826599,0,0
36.640000,-1.193492,0.892825,0.360313,0.600039,-0.547678,0.583097,-0.221135,0.586938,0.778847,-0.768799,-0.596282,0.231075,0.442161,-0.434691,-0.104997,0.777504,1.297081,-1.899841,-0.855185,-0.398837,-0.117393,0.151257,-0.583097,-0.778847,-0.231075,0.000000,0.000000,0.000000,-1,-1.180511,-1.083374,-0.182526,0.984515,-1.556956,-1.093072,187.996048,160.126556,-741.323547,0,0
36.680000,-1.335006,0.909305,0.443321,0.540131,-0.592870,0.597297,-0.263496,0.554912,0.789077,-0.799267,-0.583590,0.143506,0.458725,-0.466711,-0.110072,0.748089,0.714411,-0.386775,-0.046102,-0.045647,0.215591,0.301206,-0.597297,-0.789077,-0.143506,0.000000,0.000000,0.000000,-1,-0.642944,-0.573486,0.157700,0.713924,-0.490927,-0.040756,188.521667,160.650421,-742.158569,0,0
36.720000,-1.361337,0.913104,0.473949,0.538317,-0.593879,0.597931,-0.278996,0.543911,0.791405,-0.795221,-0.592847,0.127107,0.465644,-0.468638,-0.105923,0.743192,0.621626,-0.253981,0.133026,0.051056,0.034874,0.135026,-0.597931,-0.791405,-0.127107,0.000000,0.000000,0.000000,-1,-0.547165,-0.778015,-0.040298,0.621139,-0.358133,0.138372,188.521667,159.602707,-741.490540,0,0
36.760000,-1.429251,0.919158,0.535927,0.523238,-0.604742,0.600425,-0.309697,0.521457,0.795091,-0.793921,-0.601971,0.085559,0.478597,-0.477666,-0.101075,0.729770,1.085032,-0.366803,-0.164095,0.176139,0.033601,0.045871,-0.600424,-0.795091,-0.085559,0.000000,0.000000,0.000000,-1,-0.429138,-0.765305,-0.057404,1.044236,-0.479398,-0.132737,187.645645,162.571243,-742.659546,0,0
36.800000,-1.506994,0.934819,0.613090,0.514108,-0.619947,0.592755,-0.341766,0.485788,0.804492,-0.786695,-0.616179,0.037871,0.497607,-0.483169,-0.097436,0.713752,0.962486,-0.374338,-0.237170,0.005399,0.068499,0.004530,-0.592755,-0.804492,-0.037871,0.000000,0.000000,0.000000,-1,-0.587357,-0.735992,-0.033340,0.962000,-0.478488,-0.231824,189.047287,160.825043,-740.989563,0,0
36.840000,-1.552262,0.944156,0.660102,0.511246,-0.628371,0.586326,-0.359595,0.463236,0.810003,-0.780589,-0.624951,0.010868,0.509201,-0.485057,-0.095376,0.704512,0.934738,-0.177242,-0.305832,-0.043481,0.121785,0.020695,-0.586326,-0.810003,-0.010868,0.000000,0.000000,0.000000,-1,-0.632233,-0.675446,-0.014969,0.934252,-0.281392,-0.300486,189.047287,160.825043,-740.989563,0,0
36.880000,-1.624365,0.956260,0.737532,0.509013,-0.639855,0.575753,-0.387729,0.426744,0.817041,-0.768487,-0.639120,-0.030872,0.527527,-0.486981,-0.091338,0.690088,1.054005,-0.193063,-0.251762,-0.076362,0.176416,0.043072,-0.575753,-0.817041,0.030872,0.000000,0.000000,0.000000,-1,-0.641464,-0.640533,0.127609,1.034341,-0.308887,-0.254662,188.696869,163.269730,-740.655518,0,0
36.920000,-1.715651,0.962183,0.833568,0.504003,-0.652622,0.565743,-0.423272,0.384339,0.820442,-0.752876,-0.652968,-0.082528,0.548223,-0.490628,-0.085336,0.671903,1.267397,-0.370183,-0.296926,-0.017006,0.042121,-0.065057,-0.565743,-0.820442,0.082528,0.000000,0.000000,0.000000,-1,-0.582748,-0.778320,0.017471,1.266911,-0.474332,-0.291581,189.397705,163.618958,-740.655518,0,0
36.960000,-1.775309,0.965677,0.891040,0.498636,-0.664159,0.557005,-0.442417,0.357587,0.822434,-0.745406,-0.656524,-0.115530,0.560486,-0.493579,-0.084034,0.659677,0.888814,-0.469916,-0.299740,0.004683,-0.001876,-0.192251,-0.557005,-0.822434,0.115530,0.000000,0.000000,0.000000,-1,-0.555649,-0.817535,-0.069656,0.888332,-0.574002,-0.294404,189.397705,163.618958,-740.655518,0,0
37.000000,-1.841089,0.973128,0.940376,0.486107,-0.685293,0.542286,-0.454551,0.331712,0.826650,-0.746381,-0.648337,-0.150253,0.571106,-0.498964,-0.089342,0.645671,0.262451,-0.604593,-0.312438,-0.101544,0.047048,-0.163818,-0.542286,-0.826650,0.150253,0.000000,0.000000,0.000000,-1,-0.677032,-0.748398,0.042953,0.336380,-0.725640,-0.306783,191.324966,164.142822,-741.156555,0,0
37.040000,-1.875571,0.981237,0.961659,0.478581,-0.699761,0.530371,-0.455994,0.318118,0.831186,-0.750353,-0.639637,-0.166842,0.576044,-0.501592,-0.095471,0.638329,0.263265,-0.133680,-0.192245,-0.149423,0.146036,-0.003054,-0.530371,-0.831186,0.166842,0.000000,0.000000,0.000000,-1,-0.679794,-0.685150,0.163788,0.262783,-0.237764,-0.186910,190.624146,164.142822,-742.158569,0,0
37.080000,-1.896844,0.981920,0.980761,0.476349,-0.704445,0.526164,-0.461516,0.309034,0.831565,-0.748395,-0.638949,-0.177904,0.579918,-0.502640,-0.095802,0.633932,0.384652,-0.305305,-0.107711,-0.160222,0.127555,0.065382,-0.526164,-0.831565,0.177904,0.000000,0.000000,0.000000,-1,-0.668610,-0.729813,0.209900,0.384171,-0.409389,-0.102376,190.624146,164.142822,-742.158569,0,0
37.120000,-1.926604,0.980911,1.001042,0.467999,-0.713508,0.521424,-0.468394,0.300064,0.831005,-0.749389,-0.633141,-0.193774,0.583461,-0.506418,-0.097678,0.627353,-0.008530,-0.403805,-0.035919,-0.174453,0.009166,-0.139391,-0.521424,-0.831005,0.193774,0.000000,0.000000,0.000000,-1,-0.749435,-0.858688,0.039413,0.071809,-0.462303,-0.034871,190.799347,164.666687,-742.659546,0,0
37.160000,-1.932866,0.983086,0.984944,0.452629,-0.725448,0.518509,-0.461996,0.306565,0.832212,-0.762684,-0.616233,-0.196394,0.579323,-0.512428,-0.105371,0.625060,-0.149315,-0.460795,0.140340,-0.332519,-0.175646,-0.028883,-0.518509,-0.832213,0.196394,0.000000,0.000000,0.000000,-1,-0.851028,-1.007858,0.167511,-0.149796,-0.564876,0.145675,191.675385,162.745865,-743.160583,0,0
37.200000,-1.922272,0.980330,0.975842,0.452931,-0.722237,0.522712,-0.461084,0.312041,0.830681,-0.763056,-0.617256,-0.191679,0.577185,-0.512540,-0.104102,0.627155,-0.190309,0.715864,0.023791,-0.472451,-0.116645,-0.189055,-0.522712,-0.830681,0.191679,0.000000,0.000000,0.000000,-1,-1.071167,-0.905670,0.040451,-0.190791,0.611783,0.029126,189.222488,163.444336,-743.160583,0,1
37.240000,-1.814870,0.984437,0.941744,0.511372,-0.670972,0.536932,-0.447416,0.325569,0.832961,-0.733701,-0.666185,-0.133717,0.574352,-0.486804,-0.085648,0.652538,-0.626346,2.552373,0.177739,-0.323084,0.025847,-0.182194,-0.536932,-0.832961,0.133717,0.000000,0.000000,0.000000,-1,-0.760925,-0.755600,-0.072205,-0.538874,2.269058,0.142492,190.974548,163.793579,-743.828613,0,0
37.280000,-1.619777,0.973365,0.858668,0.593109,-0.576672,0.561846,-0.425813,0.367577,0.826783,-0.683304,-0.729614,-0.027541,0.559704,-0.447775,-0.054251,0.695188,-1.220432,2.566658,0.519294,0.125276,-0.006636,-0.185989,-0.561846,-0.826783,0.027541,0.000000,0.000000,0.000000,-1,-0.436569,-0.833420,-0.158447,-1.220914,2.462579,0.524628,189.923325,162.396622,-744.830627,0,0
37.320000,-1.485368,0.958703,0.777632,0.632924,-0.521216,0.572487,-0.403123,0.409434,0.818447,-0.660984,-0.748797,0.049026,0.541863,-0.426463,-0.040830,0.723081,-1.897951,2.009672,0.277174,0.024956,-0.210240,0.150238,-0.572487,-0.818447,-0.049026,0.000000,0.000000,0.000000,-1,-0.580124,-0.973465,0.258057,-1.898433,1.905593,0.282509,190.098526,162.571243,-741.991577,0,0
37.360000,-1.306113,0.933450,0.604753,0.656232,-0.489379,0.574342,-0.338329,0.489526,0.803678,-0.674458,-0.721715,0.155671,0.502751,-0.411589,-0.049784,0.758523,-2.542226,-0.419382,0.212268,-0.105086,-0.307986,0.400437,-0.574342,-0.803678,-0.155671,0.000000,0.000000,0.000000,-1,-0.695526,-1.181381,0.229004,-2.500008,-0.201185,0.197594,189.572906,160.999664,-744.830627,0,0
37.400000,-1.226684,0.888873,0.484760,0.639065,-0.489436,0.593337,-0.293711,0.557670,0.776362,-0.710866,-0.670415,0.212635,0.466036,-0.420110,-0.063047,0.776107,-0.640075,1.187066,1.048855,-0.150285,-0.224981,0.430362,-0.593337,-0.776362,-0.212635,0.000000,0.000000,0.000000,-1,-0.743622,-1.001343,0.217728,-0.640557,1.082989,1.054189,188.696869,161.174286,-745.999634,0,0
37.440000,-1.177019,0.846373,0.490879,0.664379,-0.429040,0.611984,-0.312399,0.584451,0.748882,-0.674013,-0.691330,0.260323,0.452538,-0.406260,-0.032659,0.793155,-0.287786,1.627499,1.341889,0.041456,-0.003538,0.325951,-0.614896,-0.744402,-0.260323,0.000000,0.000000,0.000000,-1,-0.573441,-0.747940,0.065628,-0.322064,1.635860,1.384319,187.120026,159.253464,-745.832642,0,0
37.480000,-1.127328,0.793866,0.518416,0.691848,-0.346854,0.633276,-0.347395,0.608974,0.713069,-0.632979,-0.713332,0.300822,0.442168,-0.392525,0.000168,0.806481,0.127545,1.592380,1.250245,0.097983,-0.000325,0.363597,-0.633276,-0.713069,-0.300822,0.000000,0.000000,0.000000,-1,-0.502304,-0.720825,-0.007416,0.089892,1.528596,1.257935,185.367966,158.554977,-746.500610,0,0
37.520000,-1.103807,0.756767,0.560173,0.707133,-0.280157,0.649211,-0.386311,0.615938,0.686575,-0.592223,-0.736297,0.327322,0.436999,-0.381275,0.032602,0.814001,0.392393,1.049979,0.826414,0.291912,0.044744,0.321112,-0.649211,-0.686575,-0.327322,0.000000,0.000000,0.000000,-1,-0.357300,-0.641830,-0.006210,0.391912,0.945904,0.831748,184.316727,158.554977,-745.498596,0,0
37.560000,-1.103701,0.746297,0.593386,0.712287,-0.250777,0.655560,-0.410549,0.608697,0.678924,-0.569296,-0.752728,0.330610,0.439596,-0.376098,0.049059,0.814186,0.662158,0.471807,0.586713,0.401303,0.098861,0.268507,-0.655560,-0.678924,-0.330610,0.000000,0.000000,0.000000,-1,-0.222702,-0.535812,-0.087509,0.661676,0.367734,0.592048,183.440689,156.634155,-742.993591,0,0
37.600000,-1.134006,0.753807,0.643201,0.710451,-0.242522,0.660638,-0.437278,0.583402,0.684419,-0.551405,-0.775129,0.308429,0.452388,-0.375674,0.060365,0.806580,0.884762,-0.053949,-0.048407,0.514001,0.161653,0.097217,-0.660638,-0.684419,-0.308429,0.000000,0.000000,0.000000,-1,-0.133652,-0.540817,-0.267105,0.876993,-0.128283,-0.008024,183.440689,157.332642,-744.997620,0,0
37.640000,-1.187210,0.773778,0.681796,0.698980,-0.267332,0.663295,-0.450758,0.555370,0.698843,-0.555197,-0.787463,0.267691,0.467953,-0.383634,0.057750,0.794047,0.604578,-1.010623,-0.286720,0.421275,0.087698,0.028769,-0.663295,-0.698843,-0.267691,0.000000,0.000000,0.000000,-1,-0.242020,-0.611145,-0.238922,0.604096,-1.114695,-0.281385,182.739868,156.284927,-744.997620,0,1
37.680000,-1.221815,0.793369,0.697651,0.692314,-0.293602,0.659166,-0.450624,0.537557,0.712721,-0.563595,-0.790462,0.239854,0.478253,-0.389034,0.049958,0.785768,0.643059,-0.459826,-0.627892,0.274034,0.060972,0.051484,-0.659166,-0.712721,-0.239854,0.000000,0.000000,0.000000,-1,-0.415329,-0.655441,-0.206253,0.642577,-0.563897,-0.622558,183.440689,157.332642,-742.325562,0,0
37.720000,-1.236152,0.832836,0.735886,0.712513,-0.297518,0.635459,-0.451600,0.498689,0.739842,-0.537013,-0.814121,0.220963,0.498212,-0.375903,0.049400,0.779770,1.003830,0.984309,-0.546906,0.001381,-0.091640,-0.016845,-0.635460,-0.739842,-0.220963,0.000000,0.000000,0.000000,-1,-0.735428,-0.852783,-0.344955,0.971270,0.721183,-0.557520,184.491928,156.983398,-742.659546,0,0
37.760000,-1.219496,0.837643,0.785231,0.736626,-0.250132,0.628344,-0.473128,0.473286,0.743068,-0.483252,-0.844650,0.230290,0.508195,-0.355799,0.071376,0.781057,0.034460,0.905967,0.951209,-0.808179,-0.192464,-0.609889,-0.628344,-0.743068,-0.230290,0.000000,0.000000,0.000000,-1,-1.436523,-0.935532,-0.840179,0.033978,0.801897,0.956544,184.141525,156.983398,-742.993591,0,0
37.800000,-1.206159,0.803622,0.785936,0.727843,-0.223009,0.648469,-0.491069,0.490542,0.719875,-0.478639,-0.842399,0.247525,0.497438,-0.358878,0.085352,0.785161,-0.556087,0.185041,0.970546,-0.473312,0.269359,-0.259555,-0.648469,-0.719875,-0.247525,0.000000,0.000000,0.000000,-1,-0.917053,-0.362381,-0.525208,-0.556568,0.080973,0.975880,183.440689,156.634155,-740.989563,0,0
37.840000,-1.188859,0.765407,0.759763,0.713023,-0.209398,0.669141,-0.496657,0.522798,0.692830,-0.494903,-0.826338,0.268768,0.479963,-0.367766,0.090756,0.791295,-0.657396,0.065358,0.346736,-0.040332,0.283666,-0.308671,-0.669141,-0.692830,-0.268768,0.000000,0.000000,0.000000,-1,-0.727554,-0.484558,-0.512314,-0.694840,-0.123402,0.435830,182.214249,154.364105,-742.492554,0,0
37.880000,-1.158714,0.765591,0.736045,0.723120,-0.201691,0.660619,-0.484033,0.534334,0.692964,-0.492756,-0.820858,0.288763,0.474348,-0.361404,0.088470,0.797844,0.028652,-0.181681,-0.372401,0.119192,-0.615600,0.109838,-0.660619,-0.692964,-0.288763,0.000000,0.000000,0.000000,-1,-0.541428,-1.308563,-0.178925,0.028171,-0.285748,-0.367067,182.915085,154.014862,-741.490540,0,0
37.920000,-1.142826,0.769740,0.719873,0.729502,-0.202461,0.653327,-0.473430,0.539925,0.695949,-0.493650,-0.817001,0.298026,0.472110,-0.357910,0.084555,0.801164,-0.901086,0.863991,-0.159448,0.594169,-0.434041,-0.079538,-0.653327,-0.695949,-0.298026,0.000000,0.000000,0.000000,-1,-0.272705,-1.021896,-0.455566,-0.901568,0.759925,-0.154114,181.513428,155.411819,-742.158569,0,0
37.960000,-1.156966,0.787647,0.688668,0.722838,-0.245440,0.645960,-0.448361,0.544723,0.708696,-0.525811,-0.801895,0.283701,0.472867,-0.366805,0.063521,0.798634,0.520356,-2.246765,-0.943972,0.505900,-0.243041,0.113245,-0.645960,-0.708695,-0.283701,0.000000,0.000000,0.000000,-1,-0.086639,-0.944336,-0.130096,0.455439,-2.211819,-0.855585,182.739868,153.490997,-741.991577,0,0
38.000000,-1.244964,0.846156,0.678199,0.694297,-0.351542,0.627989,-0.415876,0.516176,0.748738,-0.587366,-0.781012,0.212181,0.491411,-0.390416,0.020666,0.778244,0.649556,-2.348139,-1.340632,0.075606,-0.026179,0.771004,-0.627989,-0.748738,-0.212181,0.000000,0.000000,0.000000,-1,-0.552383,-0.774918,0.558823,0.649078,-2.452144,-1.335308,183.440689,154.887955,-742.993591,0,0
38.040000,-1.317960,0.885187,0.698172,0.673364,-0.413271,0.613015,-0.406997,0.485001,0.774033,-0.617198,-0.770702,0.158382,0.507440,-0.404121,-0.002061,0.761043,0.648675,-1.388020,-0.922659,-0.106635,0.127717,0.642330,-0.613015,-0.774033,-0.158382,0.000000,0.000000,0.000000,-1,-0.885757,-0.770584,0.259064,0.648197,-1.492025,-0.917335,186.419205,153.316376,-743.828613,0,0
38.080000,-1.381412,0.904917,0.717679,0.649721,-0.458008,0.606705,-0.406256,0.465373,0.786374,-0.642510,-0.757402,0.116294,0.516734,-0.418138,-0.017322,0.746892,0.250540,-0.667927,-0.072674,-0.506118,-0.042605,0.031806,-0.606705,-0.786374,-0.116294,0.000000,0.000000,0.000000,-1,-1.010773,-0.747971,-0.051666,0.236055,-0.924629,-0.085654,187.820847,155.411819,-743.494568,0,0
38.120000,-1.443078,0.918143,0.762114,0.636217,-0.482081,0.602350,-0.419309,0.439305,0.794475,-0.647617,-0.758029,0.077352,0.529046,-0.425951,-0.021391,0.733634,0.922764,-0.860064,-0.237710,0.094156,0.040905,0.100805,-0.602350,-0.794475,-0.077352,0.000000,0.000000,0.000000,-1,-0.508194,-0.753571,0.023453,0.922286,-0.964066,-0.232386,187.996048,154.887955,-742.993591,0,0
38.160000,-1.529855,0.932367,0.820103,0.614619,-0.517398,0.595435,-0.435757,0.406514,0.803033,-0.657540,-0.753024,0.024392,0.543993,-0.438036,-0.028541,0.715109,0.597451,-0.645965,-0.276576,0.086723,0.045236,0.176934,-0.595435,-0.803033,-0.024392,0.000000,0.000000,0.000000,-1,-0.547073,-0.733810,0.188385,0.655369,-0.851747,-0.271436,187.470428,156.808777,-743.160583,0,0
38.200000,-1.561467,0.938778,0.845339,0.609835,-0.528315,0.590749,-0.442015,0.391966,0.806837,-0.657817,-0.753157,0.005511,0.550536,-0.440630,-0.030456,0.708398,0.520710,-0.341432,-0.106909,-0.016368,0.080350,0.193027,-0.590749,-0.806837,-0.005511,0.000000,0.000000,0.000000,-1,-0.622849,-0.709229,0.128769,0.486080,-0.404150,-0.145008,189.923325,154.014862,-741.490540,0,0
38.240000,-1.642220,0.941198,0.915679,0.595822,-0.547771,0.587319,-0.466921,0.358740,0.808264,-0.653438,-0.755813,-0.042020,0.565487,-0.448592,-0.029231,0.691473,1.303025,-0.325595,-0.159216,-0.070472,0.163977,0.052951,-0.587319,-0.808264,0.042020,0.000000,0.000000,0.000000,-1,-0.657791,-0.644287,0.094971,1.302547,-0.429595,-0.153892,187.470428,154.713348,-740.488525,0,0
38.280000,-1.705538,0.943556,0.987115,0.595449,-0.554247,0.581593,-0.489743,0.323447,0.809650,-0.636861,-0.766937,-0.078843,0.581129,-0.449122,-0.023776,0.678243,1.259141,-0.368110,-0.228746,0.032048,-0.029416,-0.087555,-0.581593,-0.809650,0.078843,0.000000,0.000000,0.000000,-1,-0.480865,-0.842392,-0.055527,1.258663,-0.472109,-0.223422,188.696869,156.284927,-741.323547,0,0
38.320000,-1.780537,0.947463,1.050584,0.585597,-0.575404,0.570952,-0.506523,0.290159,0.811937,-0.632859,-0.764669,-0.121539,0.595184,-0.454451,-0.026003,0.662234,0.665871,-0.476235,-0.211081,0.043853,0.018633,-0.132495,-0.570952,-0.811937,0.121539,0.000000,0.000000,0.000000,-1,-0.566452,-0.795395,0.021484,0.653696,-0.530420,-0.216491,189.572906,156.459549,-739.152527,0,0
38.360000,-1.855107,0.951750,1.096081,0.567085,-0.606800,0.556964,-0.516095,0.265227,0.814432,-0.641919,-0.749299,-0.162760,0.605107,-0.463924,-0.035099,0.646056,0.309193,-0.922659,-0.256194,-0.063062,0.055537,-0.196772,-0.556964,-0.814432,0.162760,0.000000,0.000000,0.000000,-1,-0.620026,-0.758896,-0.034012,0.308715,-1.026657,-0.250870,187.295227,155.935684,-739.653564,0,0
38.400000,-1.884102,0.958665,1.107709,0.558903,-0.623547,0.546641,-0.514093,0.256687,0.818425,-0.650643,-0.738445,-0.182422,0.610300,-0.467702,-0.045355,0.637755,0.274096,-0.325950,-0.381891,-0.088944,0.125587,-0.033390,-0.541198,-0.820869,0.182422,0.000000,0.000000,0.000000,-1,-0.630142,-0.695282,0.149033,0.201357,-0.440533,-0.365086,189.222488,156.459549,-738.818542,0,0
38.440000,-1.928540,0.967345,1.141491,0.555515,-0.639412,0.531560,-0.515991,0.236211,0.823382,-0.652040,-0.731681,-0.198712,0.616039,-0.468884,-0.048893,0.631073,0.383174,-0.347953,-0.208544,-0.193873,0.127978,-0.056485,-0.531560,-0.823382,0.198712,0.000000,0.000000,0.000000,-1,-0.729446,-0.724915,0.104263,0.425004,-0.507150,-0.250242,188.872086,155.411819,-738.818542,0,0
38.480000,-1.938024,0.968498,1.141560,0.549905,-0.646538,0.528765,-0.515144,0.235780,0.824036,-0.657443,-0.725532,-0.203404,0.615940,-0.471508,-0.052228,0.628944,-0.285491,-0.247881,0.073877,-0.145918,-0.013748,-0.140599,-0.528765,-0.824036,0.203404,0.000000,0.000000,0.000000,-1,-0.701477,-0.814377,0.100861,-0.285969,-0.351876,0.079200,190.799347,156.983398,-739.653564,0,0
38.520000,-1.928779,0.969064,1.117444,0.540641,-0.653155,0.530185,-0.508889,0.247929,0.824356,-0.669880,-0.715486,-0.198343,0.610544,-0.475823,-0.057201,0.630521,-0.526570,-0.395105,0.173997,-0.204556,0.053788,-0.079248,-0.530185,-0.824356,0.198343,0.000000,0.000000,0.000000,-1,-0.738388,-0.742264,0.132584,-0.527048,-0.499099,0.179320,191.324966,156.459549,-740.154541,0,0
38.560000,-1.923820,0.969267,1.086563,0.523735,-0.666134,0.531006,-0.500843,0.263445,0.824471,-0.689099,-0.697755,-0.195654,0.603312,-0.483571,-0.065511,0.630779,-0.282449,-0.475817,0.081255,-0.160080,0.054482,-0.059957,-0.531006,-0.824471,0.195654,0.000000,0.000000,0.000000,-1,-0.659317,-0.926407,0.176010,-0.277591,-0.606300,0.097276,190.624146,155.761063,-739.820557,0,0
38.600000,-1.909984,0.972942,1.055601,0.514344,-0.673573,0.530801,-0.489807,0.277329,0.826545,-0.703945,-0.685118,-0.187279,0.596719,-0.487407,-0.072540,0.633323,-0.518193,-0.135486,0.086572,-0.233238,-0.205483,-0.191521,-0.530801,-0.826545,0.187279,0.000000,0.000000,0.000000,-1,-0.794144,-0.938660,-0.023132,-0.518670,-0.239478,0.091895,191.149765,156.983398,-740.989563,0,0
38.640000,-1.875414,0.976705,1.029821,0.523174,-0.664190,0.533986,-0.479827,0.288259,0.828657,-0.704312,-0.689753,-0.167887,0.592200,-0.482952,-0.071904,0.641004,-0.418984,0.804766,-0.017691,-0.452388,0.031263,-0.064722,-0.533986,-0.828657,0.167887,0.000000,0.000000,0.000000,-1,-1.061417,-0.772980,0.137604,-0.419462,0.700774,-0.012368,190.799347,154.538727,-741.657593,0,1
38.680000,-1.776558,0.980519,0.994130,0.570347,-0.614689,0.544850,-0.466582,0.303472,0.830786,-0.676022,-0.728054,-0.113719,0.587493,-0.460121,-0.055818,0.663344,-0.809728,2.218213,0.110010,-0.198649,0.029608,-0.103190,-0.544850,-0.830786,0.113719,0.000000,0.000000,0.000000,-1,-0.590866,-0.857040,-0.099609,-0.677490,1.933971,0.104047,190.799347,154.538727,-741.657593,0,0
38.720000,-1.576873,0.972842,0.894275,0.640643,-0.522180,0.562943,-0.438966,0.352456,0.826489,-0.629989,-0.776597,-0.003421,0.568245,-0.422858,-0.029497,0.705280,-1.414280,2.451960,0.450690,0.055451,0.020260,-0.085605,-0.562943,-0.826489,0.003421,0.000000,0.000000,0.000000,-1,-0.473709,-0.850494,-0.064575,-1.414758,2.347970,0.456013,189.572906,156.459549,-740.488525,0,0
38.760000,-1.453427,0.954898,0.813160,0.669371,-0.472008,0.573717,-0.419671,0.396994,0.816255,-0.613041,-0.787150,0.067648,0.548801,-0.406194,-0.017913,0.730413,-1.846509,1.506303,0.490570,0.111712,-0.085936,0.096075,-0.573717,-0.816255,-0.067648,0.000000,0.000000,0.000000,-1,-0.511124,-0.917969,0.107635,-1.846987,1.402314,0.495893,188.521667,154.364105,-741.490540,0,0
38.800000,-1.299507,0.918855,0.650947,0.677226,-0.446854,0.584540,-0.367642,0.482660,0.794908,-0.637342,-0.753233,0.162588,0.507931,-0.400889,-0.025989,0.761983,-2.547357,-0.667409,0.313445,-0.004526,-0.201491,0.346761,-0.584540,-0.794908,-0.162588,0.000000,0.000000,0.000000,-1,-0.610413,-1.181656,0.200027,-2.460434,-0.442744,0.309939,188.521667,154.364105,-741.490540,0,0
38.840000,-1.213936,0.873243,0.515081,0.657763,-0.452871,0.601876,-0.316422,0.559003,0.766416,-0.683538,-0.694567,0.224393,0.467538,-0.411353,-0.043666,0.781210,-0.836598,1.431449,0.760598,-0.064842,-0.313769,0.397229,-0.601876,-0.766416,-0.224393,0.000000,0.000000,0.000000,-1,-0.691254,-0.991379,0.191498,-0.837075,1.327461,0.765921,187.645645,151.744797,-745.331604,0,0
38.880000,-1.178226,0.842480,0.521967,0.675410,-0.406966,0.614980,-0.331866,0.576981,0.746296,-0.658549,-0.708146,0.254641,0.459290,-0.402160,-0.023715,0.791680,-0.138951,1.050408,1.175861,-0.019740,-0.022427,0.203554,-0.614980,-0.746296,-0.254641,0.000000,0.000000,0.000000,-1,-0.617783,-0.709991,0.025009,-0.139428,0.946421,1.181183,186.068787,153.316376,-745.832642,0,0
38.920000,-1.135318,0.794531,0.544132,0.695825,-0.335128,0.635230,-0.362694,0.599434,0.713535,-0.619904,-0.726889,0.295552,0.447448,-0.389890,0.008563,0.804800,0.158453,1.423377,1.023042,-0.027200,0.037403,0.338674,-0.635230,-0.713535,-0.295552,0.000000,0.000000,0.000000,-1,-0.522903,-0.684357,-0.069122,0.046542,1.388361,1.067576,186.068787,153.316376,-745.832642,0,0
38.960000,-1.118984,0.768274,0.578736,0.707444,-0.284558,0.646954,-0.393329,0.602007,0.694895,-0.587209,-0.746066,0.313961,0.444825,-0.380986,0.033578,0.809848,0.211469,0.715526,0.563999,0.339550,0.062220,0.255978,-0.646954,-0.694895,-0.313961,0.000000,0.000000,0.000000,-1,-0.273071,-0.661804,-0.049423,0.210992,0.611541,0.569322,182.389465,152.094040,-744.663574,0,0
39.000000,-1.118583,0.761257,0.601281,0.711332,-0.264478,0.651198,-0.409549,0.596994,0.689832,-0.571207,-0.757396,0.316344,0.448507,-0.376848,0.047648,0.809047,0.637381,0.202958,0.225175,0.450128,0.034788,0.239898,-0.653055,-0.690153,-0.311782,0.000000,0.000000,0.000000,-1,-0.202927,-0.655365,-0.071884,0.636907,0.099030,0.279737,182.214249,154.014862,-744.162598,0,0
39.040000,-1.148727,0.768331,0.646429,0.708852,-0.259297,0.655968,-0.433125,0.573991,0.694936,-0.556715,-0.776723,0.294567,0.458338,-0.377681,0.054138,0.802716,0.798897,-0.222514,0.055438,0.452873,0.112325,0.148830,-0.655968,-0.694936,-0.294567,0.000000,0.000000,0.000000,-1,-0.215424,-0.567261,-0.245178,0.784746,-0.262790,0.086144,182.214249,154.014862,-744.162598,0,0
39.080000,-1.202018,0.792806,0.687772,0.700321,-0.284548,0.654663,-0.445546,0.542293,0.712326,-0.557710,-0.790539,0.253000,0.475665,-0.383723,0.050957,0.789875,0.772043,-0.750239,-0.475870,0.338516,0.118804,-0.024008,-0.654663,-0.712326,-0.253000,0.000000,0.000000,0.000000,-1,-0.375595,-0.632797,-0.275070,0.771569,-0.854164,-0.470558,182.389465,151.395554,-743.661621,0,1
39.120000,-1.237426,0.817388,0.709439,0.697233,-0.309760,0.646464,-0.445647,0.519067,0.729362,-0.561485,-0.796629,0.223867,0.488441,-0.386642,0.043495,0.781052,0.773520,-0.492947,-0.701492,0.184153,0.010947,-0.025049,-0.646464,-0.729362,-0.223867,0.000000,0.000000,0.000000,-1,-0.506454,-0.783432,-0.231262,0.773046,-0.596872,-0.696180,183.615906,153.316376,-743.828613,0,0
39.160000,-1.255710,0.851393,0.749460,0.714067,-0.312428,0.626496,-0.448896,0.482379,0.752199,-0.537216,-0.818352,0.204203,0.506825,-0.375536,0.044039,0.774701,0.856104,1.088480,-0.268097,-0.228240,-0.168760,-0.114446,-0.626496,-0.752199,-0.204203,0.000000,0.000000,0.000000,-1,-1.022491,-0.776703,-0.492661,0.853026,0.785107,-0.349080,183.615906,153.316376,-743.828613,0,0
39.200000,-1.239492,0.848212,0.787497,0.732130,-0.270014,0.625362,-0.468608,0.466645,0.750099,-0.494360,-0.842220,0.215114,0.512438,-0.360347,0.063911,0.776835,0.244034,0.481073,0.508332,-0.562184,0.087837,-0.410069,-0.625362,-0.750099,-0.215114,0.000000,0.000000,0.000000,-1,-1.103622,-0.570969,-0.530685,0.243560,0.377151,0.513644,183.090286,151.046326,-741.657593,0,0
39.240000,-1.249419,0.836312,0.798673,0.724867,-0.264974,0.635890,-0.480155,0.467573,0.742177,-0.493983,-0.843305,0.211700,0.511271,-0.364351,0.069390,0.775265,-0.072940,-0.252857,0.336433,-0.147252,0.216695,-0.118286,-0.635890,-0.742177,-0.211700,0.000000,0.000000,0.000000,-1,-0.783142,-0.525482,-0.329987,-0.003259,-0.330287,0.332343,183.090286,151.046326,-741.657593,0,0
39.280000,-1.249166,0.818290,0.795101,0.715779,-0.259245,0.648423,-0.487953,0.478574,0.729979,-0.499562,-0.838903,0.216054,0.505260,-0.369710,0.073656,0.776274,-0.118901,0.158704,0.470174,0.045624,-0.018633,-0.160090,-0.648423,-0.729978,-0.216054,0.000000,0.000000,0.000000,-1,-0.605408,-0.803146,-0.360825,-0.172607,-0.007780,0.468910,182.039047,150.347839,-740.655518,0,0
39.320000,-1.249235,0.808246,0.804087,0.713330,-0.248317,0.655361,-0.497490,0.479233,0.723076,-0.493623,-0.841828,0.218316,0.503930,-0.369996,0.080238,0.776350,0.152235,-0.260787,-0.003211,0.001812,-0.303550,-0.186026,-0.655361,-0.723076,-0.218316,0.000000,0.000000,0.000000,-1,-0.530884,-0.958145,-0.435913,0.151761,-0.364707,0.002101,182.389465,151.395554,-739.319519,0,0
39.360000,-1.271918,0.815955,0.809002,0.706924,-0.267393,0.654797,-0.495790,0.472921,0.728381,-0.504431,-0.839552,0.201748,0.506571,-0.374173,0.073492,0.773291,-0.509108,0.435527,-0.158622,0.055720,-0.195281,-0.081019,-0.653147,-0.728456,-0.206762,0.000000,0.000000,0.000000,-1,-0.597427,-0.923737,-0.287781,-0.307620,0.086761,-0.114010,181.688629,150.347839,-739.653564,0,0
39.400000,-1.235076,0.819821,0.769722,0.716923,-0.266370,0.644258,-0.474873,0.490000,0.731024,-0.510409,-0.830029,0.224800,0.500530,-0.370229,0.066854,0.779699,-0.533829,-0.240153,-0.374426,0.140566,-0.221414,0.420998,-0.644258,-0.731024,-0.224800,0.000000,0.000000,0.000000,-1,-0.296494,-0.897369,0.124924,-0.639561,-0.125738,-0.414679,183.090286,149.649353,-740.655518,0,0
39.440000,-1.310057,0.837998,0.777630,0.687570,-0.330893,0.646341,-0.469332,0.476681,0.743305,-0.554053,-0.814423,0.172453,0.509519,-0.392638,0.045282,0.764314,0.723323,-1.745830,-0.504878,0.595255,-0.012447,0.360441,-0.646341,-0.743305,-0.172453,0.000000,0.000000,0.000000,-1,-0.198364,-0.743393,0.427979,0.722850,-1.849748,-0.499566,183.265488,149.823975,-740.154541,0,0
39.480000,-1.405146,0.875782,0.818384,0.665719,-0.397318,0.631631,-0.467517,0.437648,0.768044,-0.581590,-0.806599,0.105598,0.529734,-0.408146,0.023616,0.743129,0.348282,-0.923262,-0.604447,0.174828,-0.206199,0.522300,-0.631631,-0.768044,-0.105598,0.000000,0.000000,0.000000,-1,-0.456802,-0.974243,0.416702,0.540804,-1.332623,-0.670089,185.017548,150.871704,-740.154541,0,0
39.520000,-1.404539,0.890917,0.813262,0.670911,-0.406744,0.620030,-0.456770,0.432000,0.777649,-0.584157,-0.804945,0.104045,0.532651,-0.405291,0.016837,0.742791,0.041904,-0.026253,-0.554060,-0.189052,0.001144,-0.069158,-0.620030,-0.777649,-0.104045,0.000000,0.000000,0.000000,-1,-0.876343,-0.699463,-0.331436,-0.083752,0.034220,-0.509816,185.893585,151.744797,-740.655518,0,0
39.560000,-1.482118,0.918108,0.858144,0.656652,-0.450398,0.604938,-0.459521,0.397095,0.794454,-0.598038,-0.799661,0.053786,0.549038,-0.414324,0.003142,0.725867,0.570370,-0.814773,-0.374430,-0.160641,0.045339,0.069518,-0.604938,-0.794454,-0.053786,0.000000,0.000000,0.000000,-1,-0.687805,-0.753021,0.177628,0.569896,-0.918688,-0.369118,186.243988,152.094040,-739.653564,0,0
39.600000,-1.508149,0.926545,0.863177,0.647091,-0.471133,0.599422,-0.456403,0.390406,0.799550,-0.610712,-0.790959,0.037602,0.552061,-0.420034,-0.005113,0.720260,-0.073917,-0.686114,-0.117935,-0.012395,0.113622,0.224232,-0.599421,-0.799550,-0.037601,0.000000,0.000000,0.000000,-1,-0.611816,-0.685928,0.186630,-0.078539,-0.704136,-0.102328,186.419205,150.522461,-737.816528,0,0
39.640000,-1.534550,0.932023,0.868522,0.635864,-0.490587,0.595819,-0.455132,0.385126,0.802828,-0.623322,-0.781666,0.021606,0.554331,-0.426514,-0.012404,0.714597,0.345792,-0.598236,-0.201673,-0.026938,0.114946,0.123824,-0.595819,-0.802828,-0.021606,0.000000,0.000000,0.000000,-1,-0.600998,-0.713837,0.062332,0.233606,-0.800752,-0.196812,188.171265,151.220947,-739.820557,0,0
39.680000,-1.587198,0.941690,0.923303,0.634922,-0.500726,0.588343,-0.469325,0.354930,0.808554,-0.613684,-0.789492,-0.009650,0.567812,-0.427100,-0.011157,0.703598,0.778711,-0.047007,-0.259991,0.006892,0.004324,-0.013129,-0.588343,-0.808554,0.009650,0.000000,0.000000,0.000000,-1,-0.599548,-0.804733,0.031250,0.778237,-0.150920,-0.254679,187.820847,152.268661,-738.150513,0,0
39.720000,-1.627402,0.953855,0.964706,0.637066,-0.510397,0.577617,-0.475494,0.329572,0.815652,-0.606673,-0.794278,-0.032731,0.578841,-0.425804,-0.012549,0.695325,0.386006,-0.323801,-0.307599,-0.063832,0.006890,-0.032014,-0.577617,-0.815652,0.032731,0.000000,0.000000,0.000000,-1,-0.641449,-0.808762,0.000717,0.401549,-0.361972,-0.297442,187.820847,150.522461,-737.148499,0,0
39.760000,-1.660499,0.961779,0.987198,0.632339,-0.524899,0.569762,-0.477377,0.315223,0.820211,-0.610130,-0.790642,-0.051247,0.584885,-0.428407,-0.017255,0.688534,0.444342,-0.552792,-0.297635,-0.072450,0.095113,-0.036827,-0.569762,-0.820211,0.051247,0.000000,0.000000,0.000000,-1,-0.642212,-0.725098,0.014420,0.431143,-0.655630,-0.283678,188.872086,152.617905,-736.814514,0,0
39.800000,-1.712597,0.972081,1.021950,0.623931,-0.547201,0.557925,-0.480807,0.294022,0.826060,-0.616064,-0.783659,-0.079649,0.593624,-0.432938,-0.024484,0.677921,0.407569,-0.476306,-0.196522,-0.095532,0.128718,-0.114500,-0.557925,-0.826060,0.079649,0.000000,0.000000,0.000000,-1,-0.634796,-0.725250,-0.074524,0.407095,-0.580216,-0.191210,189.047287,152.792526,-736.981506,0,0
39.840000,-1.660047,0.953658,0.979326,0.624603,-0.526910,0.576400,-0.480394,0.322675,0.815538,-0.615705,-0.786287,-0.051581,0.581702,-0.432912,-0.016892,0.688421,0.265900,-0.414880,-0.265392,0.051513,0.031908,-0.039633,-0.576400,-0.815538,0.051581,0.000000,0.000000,0.000000,-1,-0.524887,-0.783630,0.011948,0.264474,-0.487011,-0.251754,189.923325,151.919418,-735.478455,0,0
39.880000,-1.684775,0.959857,0.997266,0.621869,-0.537099,0.569915,-0.481850,0.311256,0.819109,-0.617333,-0.783992,-0.065241,0.586484,-0.434347,-0.020212,0.683353,0.351234,-0.298180,-0.214737,-0.032334,0.039919,0.029654,-0.569915,-0.819109,0.065241,0.000000,0.000000,0.000000,-1,-0.620300,-0.769043,0.090775,0.348651,-0.389426,-0.222275,188.346466,152.443283,-735.311462,0,0
39.920000,-1.736381,0.943404,1.026258,0.597614,-0.554624,0.579007,-0.502131,0.304099,0.809561,-0.625077,-0.774542,-0.096760,0.589550,-0.448120,-0.019536,0.671743,0.109967,-0.680792,-0.117778,-0.002109,0.075445,-0.020451,-0.579007,-0.809561,0.096760,0.000000,0.000000,0.000000,-1,-0.565567,-0.726242,0.119263,0.109543,-0.784724,-0.112547,190.974548,152.268661,-734.810486,0,0
39.960000,-1.770388,0.946093,1.022603,0.575208,-0.583544,0.573246,-0.499156,0.304796,0.811136,-0.648057,-0.752712,-0.115959,0.588721,-0.459768,-0.031768,0.664087,-0.316229,-1.086680,0.002569,-0.037243,0.020899,-0.033516,-0.573246,-0.811136,0.115959,0.000000,0.000000,0.000000,-1,-0.610489,-0.790237,0.082443,-0.227397,-1.165193,-0.011382,190.799347,152.443283,-735.311462,0,0
40.000000,-1.779589,0.947500,0.994852,0.553293,-0.606451,0.571037,-0.489549,0.317907,0.811959,-0.673950,-0.728802,-0.120992,0.582318,-0.470533,-0.044183,0.661477,-0.680488,-1.065325,0.107541,-0.091744,-0.032447,-0.063833,-0.571037,-0.811959,0.120992,0.000000,0.000000,0.000000,-1,-0.671860,-0.826477,0.079559,-0.628834,-1.163962,0.106855,190.799347,152.792526,-734.643433,0,0
40.040000,-1.771679,0.945079,0.920000,0.511020,-0.639919,0.573901,-0.465967,0.354816,0.810543,-0.722311,-0.681623,-0.116863,0.564151,-0.490066,-0.065767,0.661244,-1.160026,-1.281199,0.423349,-0.105206,0.019238,0.010990,-0.573901,-0.810543,0.116863,0.000000,0.000000,0.000000,-1,-0.693726,-0.795395,0.120651,-1.160448,-1.385072,0.428573,189.748108,151.046326,-735.979492,0,0
40.080000,-1.743967,0.926454,0.821366,0.459159,-0.662629,0.591689,-0.439739,0.409192,0.799495,-0.771882,-0.627284,-0.103500,0.536998,-0.513209,-0.083889,0.664238,-1.082139,-0.741182,0.668965,-0.208009,0.000011,-0.005523,-0.591689,-0.799495,0.103500,0.000000,0.000000,0.000000,-1,-0.799698,-0.799484,0.097977,-1.131545,-1.018907,0.689340,189.572906,150.522461,-739.152527,0,0
40.120000,-1.709999,0.915991,0.773980,0.449823,-0.658721,0.603114,-0.425687,0.435521,0.793166,-0.785144,-0.613522,-0.084502,0.524119,-0.517252,-0.086826,0.670977,-0.787857,0.358896,0.385253,-0.271352,-0.243409,-0.104353,-0.603114,-0.793166,0.084502,0.000000,0.000000,0.000000,-1,-0.805222,-1.085693,-0.111832,-0.792730,0.044028,0.380840,189.222488,150.522461,-739.486511,0,1
40.160000,-1.590155,0.898820,0.689689,0.482936,-0.615931,0.622417,-0.396116,0.480250,0.782593,-0.780939,-0.624492,-0.012051,0.503671,-0.502336,-0.078683,0.698415,-1.530559,1.591078,0.537862,0.083263,-0.241943,-0.201916,-0.622417,-0.782593,0.012051,0.000000,0.000000,0.000000,-1,-0.496338,-0.968460,-0.221069,-1.530981,1.487207,0.543085,186.068787,148.776260,-739.486511,0,0
40.200000,-1.410248,0.870080,0.536854,0.523274,-0.566644,0.636474,-0.329756,0.554061,0.764380,-0.785777,-0.609861,0.103072,0.465333,-0.481590,-0.080213,0.738310,-2.676842,0.772331,0.375487,0.335159,-0.200204,-0.074586,-0.636474,-0.764380,-0.103072,0.000000,0.000000,0.000000,-1,-0.301315,-0.964584,-0.177658,-2.556910,0.822232,0.406346,185.543167,148.950882,-740.989563,0,0
40.240000,-1.309162,0.844645,0.402895,0.521146,-0.563040,0.641400,-0.260342,0.610830,0.747736,-0.812791,-0.556662,0.171749,0.429699,-0.479045,-0.099716,0.758901,-3.269470,-0.797335,0.014675,0.284985,-0.324301,0.159282,-0.641400,-0.747736,-0.171749,0.000000,0.000000,0.000000,-1,-0.408569,-1.096405,0.105545,-3.176710,-0.522550,0.124597,185.367966,148.427017,-744.496582,0,0
40.280000,-1.204817,0.808174,0.216454,0.494512,-0.582532,0.645069,-0.148366,0.674699,0.723027,-0.856414,-0.453252,0.247219,0.378350,-0.482951,-0.139649,0.777244,-1.594989,1.007457,0.204008,0.179096,-0.524928,0.630841,-0.645069,-0.723027,-0.247219,0.000000,0.000000,0.000000,-1,-0.311279,-1.286606,0.511520,-1.595411,0.903588,0.209231,184.667145,147.030060,-748.170654,0,0
40.320000,-1.146632,0.791506,0.175140,0.518239,-0.566738,0.640497,-0.122455,0.692024,0.711412,-0.846424,-0.447114,0.289234,0.366395,-0.470253,-0.140509,0.790490,-0.611274,0.307633,0.137820,0.273081,-0.040785,0.168659,-0.640497,-0.711412,-0.289234,0.000000,0.000000,0.000000,-1,-0.367416,-0.752197,-0.120575,-0.569305,0.200532,0.107487,183.966309,148.077774,-750.842712,0,0
40.360000,-1.118628,0.776049,0.148771,0.525482,-0.558348,0.641962,-0.105785,0.705803,0.700465,-0.844203,-0.435992,0.311822,0.356320,-0.465967,-0.141895,0.797356,-0.835397,0.248358,0.205444,0.116236,0.060405,0.283746,-0.641962,-0.700465,-0.311822,0.000000,0.000000,0.000000,-1,-0.548706,-0.644272,-0.059067,-0.837857,0.213419,0.219952,185.192749,149.300125,-751.009705,0,0
40.400000,-1.103587,0.761970,0.115221,0.518271,-0.560495,0.645941,-0.083175,0.718680,0.690348,-0.851162,-0.411513,0.325852,0.344143,-0.467589,-0.149081,0.800438,-0.413184,-0.420161,-0.188704,0.074683,0.092722,0.215912,-0.645941,-0.690348,-0.325852,0.000000,0.000000,0.000000,-1,-0.533218,-0.599716,-0.119186,-0.413606,-0.524027,-0.183482,184.842346,148.950882,-751.009705,0,0
40.440000,-1.107707,0.771497,0.090236,0.501107,-0.580984,0.641365,-0.064600,0.713951,0.697209,-0.862971,-0.390809,0.320235,0.341658,-0.472390,-0.162154,0.796130,-0.185446,-0.406718,-0.416783,0.212608,-0.069454,0.179442,-0.641365,-0.697209,-0.320235,0.000000,0.000000,0.000000,-1,-0.428757,-0.766663,-0.140793,-0.207194,-0.557243,-0.418561,185.192749,147.553925,-752.345703,0,0
40.480000,-1.116397,0.776388,0.080496,0.488127,-0.592271,0.641052,-0.057368,0.711139,0.700707,-0.870885,-0.378810,0.313149,0.340529,-0.476934,-0.168733,0.792530,-0.155690,-0.700946,-0.076457,0.385528,-0.226692,0.063362,-0.641052,-0.700707,-0.313149,0.000000,0.000000,0.000000,-1,-0.206512,-0.986252,-0.292511,-0.140469,-0.747698,-0.164208,184.667145,148.776260,-751.844727,0,0
40.520000,-1.140866,0.774510,0.065704,0.457648,-0.606982,0.649716,-0.046929,0.713222,0.699366,-0.887894,-0.350554,0.297919,0.334106,-0.489299,-0.178220,0.785619,-0.296722,-0.733023,-0.254526,0.432248,-0.100485,-0.026574,-0.649716,-0.699366,-0.297919,0.000000,0.000000,0.000000,-1,-0.282471,-0.762772,-0.331909,-0.297144,-0.836886,-0.249304,184.667145,149.125504,-753.514709,0,0
40.560000,-1.154537,0.782436,0.038653,0.428958,-0.628700,0.648638,-0.027406,0.708669,0.705009,-0.902909,-0.320195,0.286759,0.329215,-0.498235,-0.193088,0.778522,-0.341372,-0.788137,-0.242084,0.011096,-0.052193,-0.063674,-0.648638,-0.705009,-0.286759,0.000000,0.000000,0.000000,-1,-0.637543,-0.757202,-0.350433,-0.321757,-0.885705,-0.281787,183.440689,147.903152,-753.681763,0,1
40.600000,-1.158656,0.783975,0.017287,0.411695,-0.639954,0.648819,-0.012241,0.708006,0.706100,-0.911239,-0.298640,0.283649,0.324052,-0.503155,-0.202452,0.775137,-0.509511,-0.476597,-0.348009,-0.179184,0.033645,0.028263,-0.648819,-0.706100,-0.283649,0.000000,0.000000,0.000000,-1,-0.812592,-0.663864,-0.250122,-0.488502,-0.648224,-0.284213,183.791107,148.252396,-753.681763,0,0
40.640000,-1.154444,0.789816,-0.021826,0.390155,-0.658221,0.643835,0.015364,0.703808,0.710224,-0.920621,-0.267206,0.284707,0.316875,-0.507185,-0.218371,0.771147,-0.505115,-0.571930,-0.290186,0.055502,-0.098965,-0.032584,-0.643835,-0.710224,-0.284707,0.000000,0.000000,0.000000,-1,-0.528580,-0.850952,-0.304825,-0.505537,-0.675791,-0.284964,184.491928,148.252396,-754.015747,0,0
40.680000,-1.137793,0.790005,-0.061278,0.379324,-0.669283,0.638884,0.043103,0.702521,0.710357,-0.924259,-0.241918,0.295331,0.308817,-0.506919,-0.231023,0.770905,-0.532901,-0.221802,-0.117010,0.049727,-0.303056,-0.135135,-0.638884,-0.710357,-0.295331,0.000000,0.000000,0.000000,-1,-0.589157,-1.013412,-0.430466,-0.553722,-0.278047,-0.174538,185.192749,148.601639,-755.017761,0,0
40.720000,-1.133344,0.766146,-0.089137,0.366041,-0.663290,0.652734,0.064146,0.717728,0.693363,-0.928385,-0.211929,0.305265,0.292851,-0.511474,-0.235317,0.772825,-0.720138,-0.407542,0.456044,0.019738,-0.172009,-0.244891,-0.652734,-0.693363,-0.305265,0.000000,0.000000,0.000000,-1,-0.632996,-0.865372,-0.550156,-0.720560,-0.511401,0.461266,185.192749,148.601639,-756.353760,0,0
40.760000,-1.109826,0.749862,-0.125898,0.364651,-0.661422,0.655401,0.091887,0.725991,0.681538,-0.926599,-0.188300,0.325510,0.279799,-0.508879,-0.242316,0.777199,-1.096211,0.210696,-0.158497,0.157918,0.123783,-0.077307,-0.655401,-0.681538,-0.325510,0.000000,0.000000,0.000000,-1,-0.431335,-0.591599,-0.294159,-1.096630,0.106833,-0.153271,184.667145,148.427017,-757.856812,0,0
40.800000,-1.083938,0.744305,-0.182158,0.351647,-0.673591,0.650092,0.133248,0.723389,0.677461,-0.926601,-0.151603,0.344132,0.266517,-0.506856,-0.259372,0.777684,-0.701940,-0.765945,-0.286081,0.430915,-0.017592,0.072877,-0.650092,-0.677461,-0.344132,0.000000,0.000000,0.000000,-1,-0.219177,-0.695053,-0.271255,-0.685391,-0.846507,-0.297103,185.367966,149.474747,-757.856812,0,0
40.840000,-1.081975,0.737107,-0.217536,0.330441,-0.680794,0.653704,0.159800,0.722966,0.672149,-0.930200,-0.117644,0.347689,0.254846,-0.511086,-0.271238,0.774774,-0.965024,-0.763597,-0.131080,0.205248,0.014159,0.136614,-0.653704,-0.672149,-0.347689,0.000000,0.000000,0.000000,-1,-0.542999,-0.570084,-0.224136,-0.950561,-0.816584,-0.136885,184.842346,151.395554,-760.027832,0,0
40.880000,-1.098810,0.725136,-0.264520,0.284401,-0.689045,0.666583,0.195669,0.722378,0.663237,-0.938526,-0.058196,0.340269,0.235453,-0.523858,-0.288743,0.766004,-0.657895,-1.146262,-0.086999,-0.049496,0.198729,-0.075258,-0.666583,-0.663237,-0.340269,0.000000,0.000000,0.000000,-1,-0.741074,-0.507172,-0.451157,-0.658314,-1.250123,-0.081773,184.141525,150.697083,-759.359802,0,0
40.920000,-1.112721,0.717166,-0.293454,0.252801,-0.692209,0.675972,0.218007,0.721452,0.657252,-0.942637,-0.018787,0.333290,0.222519,-0.532767,-0.299598,0.759530,-0.390458,-0.479360,-0.069554,0.023567,0.125010,-0.067741,-0.675972,-0.657252,-0.333290,0.000000,0.000000,0.000000,-1,-0.652405,-0.532242,-0.401031,-0.423831,-0.610775,-0.057459,184.667145,150.522461,-761.864868,0,0
40.960000,-1.119633,0.716954,-0.305567,0.237919,-0.695118,0.678385,0.226772,0.718892,0.657091,-0.944441,-0.002496,0.328671,0.218149,-0.536726,-0.304902,0.755891,-0.159258,-0.548478,-0.207947,0.074305,0.247836,-0.054431,-0.678385,-0.657092,-0.328671,0.000000,0.000000,0.000000,-1,-0.579941,-0.484238,-0.440887,-0.190411,-0.591885,-0.188827,184.141525,151.744797,-761.697876,0,0
41.000000,-1.139765,0.722939,-0.314928,0.211076,-0.700932,0.681279,0.232269,0.712986,0.661591,-0.949472,0.018594,0.313299,0.214937,-0.545117,-0.311945,0.747891,-0.065628,-0.577066,-0.183320,0.039082,0.182908,-0.189096,-0.681279,-0.661591,-0.313299,0.000000,0.000000,0.000000,-1,-0.638321,-0.491104,-0.522888,-0.066047,-0.680924,-0.178095,185.718369,151.570175,-763.868896,0,0
41.040000,-1.125051,0.705505,-0.344154,0.208450,-0.696217,0.686899,0.256858,0.716644,0.648418,-0.943702,0.041272,0.328213,0.202233,-0.543134,-0.317458,0.750551,-0.010012,-0.447635,-0.114323,0.183633,0.115886,-0.219837,-0.686899,-0.648418,-0.328213,0.000000,0.000000,0.000000,-1,-0.503265,-0.532532,-0.548050,0.000270,-0.597033,-0.088788,184.316727,150.871704,-764.536865,0,0
41.080000,-1.031763,0.756997,-0.432141,0.219283,-0.750167,0.623831,0.304438,0.660078,0.686741,-0.926948,0.039327,0.373124,0.215686,-0.516641,-0.351341,0.750414,-0.312002,-0.026662,-0.787392,0.177649,-0.687252,-0.289642,-0.623831,-0.686741,-0.373124,0.000000,0.000000,0.000000,-1,-0.446182,-1.373993,-0.662766,-0.312422,-0.130526,-0.782055,184.316727,150.871704,-764.536865,0,0
41.120000,-1.019085,0.768956,-0.439802,0.222126,-0.759013,0.612012,0.305967,0.650249,0.695385,-0.925767,0.032792,0.376670,0.220911,-0.512702,-0.355069,0.749841,0.082665,0.020286,0.113270,-0.317554,-1.068805,-0.677422,-0.612012,-0.695385,-0.376670,0.000000,0.000000,0.000000,-1,-1.079575,-1.023087,-0.540924,0.082246,-0.083577,0.118607,185.543167,153.490997,-763.367859,0,0
41.160000,-1.074099,0.765707,-0.452286,0.162332,-0.756287,0.633781,0.315046,0.648407,0.693047,-0.935090,0.087167,0.343523,0.206399,-0.534451,-0.364960,0.733870,0.078420,-3.119522,-0.939422,0.632758,0.544549,0.769060,-0.633781,-0.693047,-0.343523,0.000000,0.000000,0.000000,-1,-0.001022,-0.148499,0.425537,0.078790,-3.012152,-0.766979,186.944809,151.744797,-763.367859,0,0
41.200000,-1.136846,0.800820,-0.488085,0.065905,-0.772491,0.631597,0.326435,0.614834,0.717927,-0.942919,0.158860,0.292689,0.198986,-0.560411,-0.391136,0.702394,-0.424849,-2.866164,-1.660474,0.483876,-0.128493,0.534281,-0.631596,-0.717927,-0.292689,0.000000,0.000000,0.000000,-1,-0.428589,-1.109238,0.376053,-0.436730,-2.884082,-1.610722,186.594406,153.490997,-765.371887,0,0
41.240000,-1.238930,0.860879,-0.497051,-0.055524,-0.785624,0.616208,0.310787,0.572902,0.758416,-0.948856,0.233620,0.212352,0.199513,-0.594994,-0.416826,0.657596,0.530493,-1.831451,-0.294968,-0.593890,-0.471504,0.185146,-0.616208,-0.758416,-0.212352,0.000000,0.000000,0.000000,-1,-1.319138,-0.991241,-0.059143,0.530073,-1.935313,-0.289630,186.594406,153.840240,-766.373901,0,0
41.280000,-1.296369,0.857604,-0.502568,-0.113164,-0.768495,0.629769,0.315138,0.573352,0.756277,-0.942275,0.284048,0.177299,0.184516,-0.614251,-0.423412,0.639822,-0.106112,-1.925697,-0.212002,0.002801,0.116171,0.082054,-0.629769,-0.756277,-0.177299,0.000000,0.000000,0.000000,-1,-0.626968,-0.640106,-0.095245,-0.147379,-1.775999,-0.094605,187.295227,152.094040,-767.375916,0,0
41.320000,-1.373097,0.872807,-0.509769,-0.195132,-0.751546,0.630160,0.313611,0.560967,0.766136,-0.929286,0.347123,0.126231,0.171516,-0.638331,-0.436003,0.610751,0.008540,-2.233557,-0.477805,0.157748,-0.188637,0.235209,-0.630160,-0.766136,-0.126231,0.000000,0.000000,0.000000,-1,-0.472412,-0.954773,0.108978,0.008120,-2.337416,-0.472468,185.017548,151.919418,-767.208923,0,0
41.360000,-1.445356,0.882946,-0.503212,-0.260055,-0.731854,0.629889,0.306165,0.556177,0.772612,-0.915770,0.393772,0.079431,0.161506,-0.658939,-0.442524,0.586420,0.132813,-1.301114,-0.134484,0.005134,0.034240,0.248269,-0.629889,-0.772612,-0.079431,0.000000,0.000000,0.000000,-1,-0.684860,-0.715546,0.162689,0.132393,-1.404972,-0.129147,184.141525,153.490997,-769.379944,0,0
41.400000,-1.495125,0.879095,-0.498485,-0.300758,-0.710647,0.636023,0.304953,0.560227,0.770162,-0.903631,0.425590,0.048221,0.150660,-0.673195,-0.444058,0.571771,-0.082716,-0.843768,0.133897,-0.026895,0.114400,0.050830,-0.636023,-0.770162,-0.048221,0.000000,0.000000,0.000000,-1,-0.662918,-0.655762,0.002609,-0.140504,-0.904150,0.141785,184.141525,153.490997,-769.379944,0,0
41.440000,-1.545450,0.878541,-0.483484,-0.335304,-0.693136,0.638070,0.296713,0.565117,0.769808,-0.894166,0.447443,0.016176,0.144398,-0.686339,-0.443386,0.558119,0.483992,-1.340197,-0.038176,0.061547,0.016665,0.054247,-0.638070,-0.769808,-0.016176,0.000000,0.000000,0.000000,-1,-0.576523,-0.753143,0.038071,0.483573,-1.444050,-0.032852,181.688629,152.094040,-769.379944,0,0
41.480000,-1.610382,0.881934,-0.452053,-0.372542,-0.676596,0.635162,0.277664,0.571809,0.771970,-0.885503,0.463953,-0.025156,0.142131,-0.701696,-0.440334,0.541782,0.383045,-0.673510,-0.160272,0.054854,0.001904,-0.060679,-0.635161,-0.771970,0.025156,0.000000,0.000000,0.000000,-1,-0.600235,-0.763657,-0.057739,0.382626,-0.777362,-0.154948,182.039047,153.840240,-769.713989,0,0
41.520000,-1.652725,0.890934,-0.423278,-0.392968,-0.673036,0.626577,0.258233,0.573203,0.777659,-0.882548,0.467399,-0.051450,0.146013,-0.710215,-0.438268,0.531221,0.512768,-0.376735,-0.217293,-0.095744,0.081431,-0.003690,-0.626577,-0.777659,0.051450,0.000000,0.000000,0.000000,-1,-0.722321,-0.696228,0.047760,0.491055,-0.490137,-0.218071,182.039047,153.840240,-769.713989,0,0
41.560000,-1.691509,0.891174,-0.390368,-0.405185,-0.668237,0.623926,0.239162,0.581217,0.777810,-0.882398,0.464377,-0.075683,0.149400,-0.717998,-0.432517,0.524487,0.680901,-0.482656,-0.153780,-0.026724,0.138162,-0.024795,-0.623926,-0.777810,0.075683,0.000000,0.000000,0.000000,-1,-0.650650,-0.639648,0.050888,0.680488,-0.586509,-0.148455,181.863846,150.522461,-768.878967,0,0
41.600000,-1.744749,0.893997,-0.353456,-0.428151,-0.660442,0.616849,0.216789,0.587584,0.779581,-0.877319,0.467505,-0.108398,0.152203,-0.728720,-0.427834,0.512600,0.389449,-0.585527,-0.170314,0.010144,0.077235,-0.108215,-0.616849,-0.779581,0.108398,0.000000,0.000000,0.000000,-1,-0.569397,-0.725494,-0.011139,0.389036,-0.689379,-0.164989,182.739868,149.300125,-769.379944,0,0
41.640000,-1.788996,0.901707,-0.330836,-0.453487,-0.653942,0.605565,0.201486,0.586635,0.784387,-0.868189,0.477722,-0.134272,0.153419,-0.737291,-0.427955,0.499719,0.235811,-0.747908,-0.280644,0.016453,-0.004447,-0.037226,-0.605565,-0.784387,0.134272,0.000000,0.000000,0.000000,-1,-0.589111,-0.788834,0.097046,0.262050,-0.808275,-0.265170,183.090286,150.347839,-768.377930,0,0
41.680000,-1.812203,0.909318,-0.332049,-0.475778,-0.646419,0.596471,0.200245,0.580729,0.789085,-0.856468,0.494869,-0.146856,0.150291,-0.742186,-0.432491,0.489412,0.089075,-0.887813,-0.255003,-0.044657,-0.001625,-0.068777,-0.596471,-0.789085,0.146856,0.000000,0.000000,0.000000,-1,-0.641129,-0.790710,0.078079,0.088669,-0.991671,-0.249667,182.214249,150.522461,-768.210938,0,0
41.720000,-1.839279,0.915719,-0.332690,-0.500429,-0.636033,0.587395,0.198964,0.575815,0.793001,-0.842606,0.513711,-0.161607,0.146085,-0.747973,-0.436751,0.477959,-0.158895,-0.744408,-0.067830,-0.049827,0.035997,0.008742,-0.587395,-0.793001,0.161607,0.000000,0.000000,0.000000,-1,-0.631378,-0.759811,0.194244,-0.159302,-0.848266,-0.062494,183.265488,150.871704,-767.208923,0,0
41.760000,-1.870521,0.912625,-0.341194,-0.531152,-0.613476,0.584401,0.204673,0.576411,0.791112,-0.822184,0.539812,-0.180600,0.135126,-0.756334,-0.439926,0.464935,-0.328826,-0.719961,-0.023512,0.004964,0.022161,-0.069944,-0.584401,-0.791112,0.180600,0.000000,0.000000,0.000000,-1,-0.579437,-0.768951,0.110657,-0.280328,-0.870455,-0.011065,183.265488,150.871704,-767.208923,0,0
41.800000,-1.883731,0.920961,-0.367822,-0.559651,-0.596150,0.575670,0.217568,0.564585,0.796183,-0.799659,0.570832,-0.186268,0.124531,-0.760017,-0.449666,0.452401,-0.553226,-0.697736,-0.046668,-0.200163,-0.083699,-0.070133,-0.575670,-0.796183,0.186268,0.000000,0.000000,0.000000,-1,-0.775833,-0.879883,0.116135,-0.553625,-0.801591,-0.041339,183.090286,149.300125,-769.379944,0,0
41.840000,-1.871945,0.925304,-0.407190,-0.574479,-0.583012,0.574518,0.238249,0.552404,0.798804,-0.783078,0.595775,-0.178443,0.113534,-0.759165,-0.459247,0.447069,-0.812666,-0.589217,0.207803,-0.313406,-0.065668,-0.069449,-0.574518,-0.798804,0.178443,0.000000,0.000000,0.000000,-1,-0.911819,-0.861511,0.060867,-0.813065,-0.693072,0.213132,180.812607,150.871704,-772.218994,0,0
41.880000,-1.823132,0.923520,-0.463884,-0.568903,-0.579126,0.583920,0.269805,0.539290,0.797729,-0.776888,0.611374,-0.150553,0.102907,-0.751456,-0.468791,0.452724,-0.799935,1.066737,0.143812,-0.361103,-0.121903,-0.094309,-0.583920,-0.797729,0.150553,0.000000,0.000000,0.000000,-1,-0.945023,-0.919632,0.056244,-0.751671,0.659660,0.146782,183.791107,150.347839,-773.722046,0,1
41.920000,-1.726921,0.921147,-0.511555,-0.520658,-0.609794,0.597550,0.296122,0.527470,0.796296,-0.800766,0.591546,-0.094057,0.107156,-0.731810,-0.474112,0.477691,-0.809433,1.993529,0.255679,-0.001449,-0.075256,-0.071246,-0.597550,-0.796296,0.094058,0.000000,0.000000,0.000000,-1,-0.598999,-0.871552,0.022812,-0.809832,1.889676,0.261008,186.243988,152.094040,-774.390015,0,0
41.960000,-1.569094,0.910097,-0.592036,-0.439203,-0.656134,0.613668,0.342459,0.509227,0.789563,-0.830555,0.556935,0.001045,0.112389,-0.697744,-0.482447,0.517462,-1.393304,2.276858,0.431031,0.189718,-0.163913,-0.055535,-0.613668,-0.789563,-0.001045,0.000000,0.000000,0.000000,-1,-0.423950,-0.953476,-0.056580,-1.393703,2.173006,0.436360,189.397705,152.094040,-774.723999,0,0
42.000000,-1.400785,0.883017,-0.717616,-0.373301,-0.684969,0.625670,0.417453,0.478260,0.772658,-0.828480,0.549622,0.107408,0.101281,-0.660332,-0.500612,0.550538,-2.240839,1.117891,0.337104,0.049773,-0.108690,0.315538,-0.625670,-0.772658,-0.107408,0.000000,0.000000,0.000000,-1,-0.575897,-0.881348,0.208130,-2.179472,1.089333,0.354177,192.551407,152.443283,-775.392029,0,0
42.040000,-1.287353,0.858216,-0.827811,-0.345832,-0.697418,0.627701,0.481484,0.442281,0.756678,-0.805341,0.563911,0.182840,0.085215,-0.633497,-0.521151,0.565528,-2.070913,0.402977,0.152318,0.037659,-0.298590,0.380396,-0.627701,-0.756678,-0.182840,0.000000,0.000000,0.000000,-1,-0.590042,-1.055267,0.197556,-2.071311,0.299182,0.157636,195.880325,154.364105,-776.561035,0,0
42.080000,-1.234922,0.834152,-0.904346,-0.345939,-0.691398,0.634267,0.528054,0.415310,0.740727,-0.775555,0.591173,0.221424,0.065817,-0.620448,-0.536668,0.568066,-0.569639,-0.156591,0.285089,0.052068,-0.170589,0.032520,-0.634267,-0.740727,-0.221424,0.000000,0.000000,0.000000,-1,-0.576614,-0.903931,-0.095398,-0.570037,-0.260385,0.290407,194.653885,155.237198,-777.730103,0,0
42.120000,-1.178129,0.793157,-0.926121,-0.296255,-0.701476,0.648201,0.560784,0.421618,0.712572,-0.773145,0.574604,0.268470,0.058431,-0.601956,-0.534581,0.590304,-0.710774,1.243837,0.918555,0.119255,0.009584,0.285590,-0.648201,-0.712572,-0.268470,0.000000,0.000000,0.000000,-1,-0.528946,-0.702988,0.017120,-0.778066,1.250305,0.924113,196.055527,155.586441,-778.064087,0,0
42.160000,-1.151660,0.757382,-0.928543,-0.258736,-0.701787,0.663740,0.581853,0.435257,0.687021,-0.771040,0.563956,0.295721,0.050713,-0.591243,-0.528961,0.606680,-0.271803,0.777445,0.981772,0.089658,-0.046636,0.304083,-0.663740,-0.687021,-0.295721,0.000000,0.000000,0.000000,-1,-0.574081,-0.733658,0.008362,-0.272201,0.673652,0.987090,195.880325,154.713348,-775.893066,0,0
42.200000,-1.123933,0.721706,-0.919575,-0.211916,-0.704844,0.676968,0.597049,0.455030,0.660666,-0.773708,0.544189,0.324398,0.046516,-0.579342,-0.519924,0.626002,-0.168813,0.704894,0.676741,0.292614,0.029502,0.252117,-0.676968,-0.660666,-0.324398,0.000000,0.000000,0.000000,-1,-0.385635,-0.653366,-0.079010,-0.169211,0.601102,0.682059,196.756348,152.792526,-776.728027,0,0
42.240000,-1.106980,0.706998,-0.911294,-0.184996,-0.709500,0.679989,0.600875,0.465863,0.649554,-0.777641,0.528754,0.340138,0.047440,-0.572434,-0.514605,0.636594,0.043064,0.748048,0.465723,0.303265,-0.057401,0.239629,-0.679989,-0.649554,-0.340138,0.000000,0.000000,0.000000,-1,-0.354813,-0.715576,-0.104050,0.042666,0.644257,0.471040,197.106766,152.094040,-774.723999,0,0
42.280000,-1.097636,0.685153,-0.895467,-0.154748,-0.707805,0.689250,0.604359,0.484071,0.632791,-0.781539,0.514478,0.352860,0.045611,-0.567001,-0.505850,0.648495,0.022716,0.121596,0.554935,0.386363,-0.101797,0.141815,-0.689250,-0.632791,-0.352860,0.000000,0.000000,0.000000,-1,-0.302887,-0.734589,-0.211044,0.022318,0.017805,0.560253,197.982788,153.316376,-774.223022,0,0
42.320000,-1.105146,0.672689,-0.882725,-0.144936,-0.700407,0.698873,0.604188,0.496702,0.623092,-0.783550,0.512560,0.351188,0.042350,-0.567990,-0.499855,0.652486,0.146684,-0.025896,0.472328,0.319555,-0.009767,0.065314,-0.698873,-0.623092,-0.351188,0.000000,0.000000,0.000000,-1,-0.395615,-0.595490,-0.282196,0.146286,-0.129686,0.477646,197.982788,150.871704,-773.555054,0,1
42.360000,-1.114291,0.672490,-0.866842,-0.140920,-0.697927,0.702167,0.596318,0.506316,0.622935,-0.790282,0.506499,0.344837,0.044518,-0.570613,-0.494833,0.653879,0.344705,0.086771,-0.045202,0.087131,0.013438,0.044025,-0.702167,-0.622935,-0.344837,0.000000,0.000000,0.000000,-1,-0.661377,-0.595886,-0.281525,0.318862,-0.056205,-0.012834,197.632385,150.173218,-773.221008,0,0
42.400000,-1.114621,0.686533,-0.848202,-0.135507,-0.706756,0.694358,0.580158,0.511507,0.633860,-0.803153,0.488729,0.340718,0.055383,-0.571466,-0.491100,0.655118,0.474312,0.310368,-0.117845,0.070396,0.101038,0.068501,-0.694358,-0.633860,-0.340718,0.000000,0.000000,0.000000,-1,-0.612717,-0.539810,-0.291000,0.473914,0.206580,-0.112528,197.457169,150.347839,-772.719971,0,0
42.440000,-1.121547,0.699539,-0.824231,-0.130783,-0.712654,0.689217,0.561632,0.519622,0.643865,-0.816986,0.471293,0.332292,0.065771,-0.574046,-0.485657,0.655959,0.651668,0.135411,-0.133902,0.021767,0.081030,-0.073104,-0.689217,-0.643865,-0.332292,0.000000,0.000000,0.000000,-1,-0.700989,-0.585953,-0.441925,0.651270,0.031624,-0.128585,199.734848,148.776260,-771.551025,0,0
42.480000,-1.131563,0.709236,-0.803754,-0.129250,-0.715236,0.686827,0.546354,0.526655,0.651254,-0.827522,0.459425,0.322702,0.073132,-0.577322,-0.480962,0.655764,0.497781,-0.018161,-0.028335,-0.089433,-0.043311,-0.139228,-0.686827,-0.651254,-0.322702,0.000000,0.000000,0.000000,-1,-0.790573,-0.722977,-0.471603,0.557848,-0.129425,-0.058750,198.858826,147.553925,-770.047974,0,0
42.520000,-1.133557,0.706333,-0.788909,-0.118863,-0.714776,0.689179,0.539814,0.536038,0.649049,-0.833350,0.449177,0.322131,0.075776,-0.577228,-0.475646,0.659414,0.028264,0.195456,0.319457,-0.056503,-0.078323,-0.196180,-0.689179,-0.649049,-0.322131,0.000000,0.000000,0.000000,-1,-0.745682,-0.727371,-0.518311,0.027869,0.091667,0.324777,199.384445,147.379303,-770.214966,0,0
42.560000,-1.138894,0.692815,-0.781306,-0.111275,-0.706616,0.698793,0.541853,0.546306,0.638706,-0.833074,0.449716,0.322091,0.071287,-0.577817,-0.470920,0.662782,-0.077085,-0.046238,0.344047,0.026644,0.044147,-0.235236,-0.698793,-0.638706,-0.322091,0.000000,0.000000,0.000000,-1,-0.672150,-0.594559,-0.557327,-0.077479,-0.150027,0.349367,197.807587,146.855438,-768.711914,0,0
42.600000,-1.079726,0.661878,-0.816537,-0.072071,-0.714785,0.695621,0.574890,0.540157,0.614599,-0.815051,0.444200,0.371993,0.062809,-0.556829,-0.475370,0.678248,-0.308715,0.360859,0.305369,0.041767,0.131995,-0.123643,-0.695380,-0.611691,-0.377200,0.000000,0.000000,0.000000,-1,-0.646362,-0.527786,-0.462555,-0.302739,0.343930,0.283670,199.734848,146.331573,-768.878967,0,0
42.640000,-1.041417,0.664783,-0.826428,-0.049485,-0.732172,0.679320,0.578889,0.533232,0.616888,-0.813904,0.423777,0.397459,0.070398,-0.544348,-0.477941,0.685785,0.050305,0.805028,-0.443069,-0.028581,-0.608530,0.095091,-0.679320,-0.616888,-0.397459,0.000000,0.000000,0.000000,-1,-0.507950,-1.269684,-0.411057,0.049929,0.701203,-0.437712,199.034027,143.886902,-768.544922,0,0
42.680000,-1.038589,0.684399,-0.824678,-0.055593,-0.742409,0.667636,0.568958,0.525929,0.632207,-0.820486,0.415003,0.393161,0.079556,-0.545060,-0.480319,0.682550,-0.041025,0.036650,-0.257762,0.085391,-0.300944,0.040897,-0.667636,-0.632207,-0.393161,0.000000,0.000000,0.000000,-1,-0.755188,-0.965393,-0.404007,-0.041400,-0.067173,-0.252405,199.910065,144.061523,-767.041931,0,0
42.720000,-1.046082,0.687991,-0.852224,-0.083888,-0.738881,0.668594,0.581514,0.508560,0.634986,-0.809200,0.442065,0.387008,0.071666,-0.548963,-0.490493,0.672993,-0.460422,-1.432350,-0.657105,-0.061173,-0.217293,0.088454,-0.668594,-0.634986,-0.387008,0.000000,0.000000,0.000000,-1,-0.576920,-0.746918,0.063034,-0.481638,-1.410938,-0.564859,200.085266,145.633102,-765.872925,0,0
42.760000,-1.121622,0.742929,-0.876903,-0.214453,-0.708221,0.672631,0.566186,0.471011,0.676448,-0.795892,0.525901,0.299975,0.060334,-0.588534,-0.510739,0.623805,0.946237,-2.713281,-1.507165,0.413263,-0.081105,0.735857,-0.672631,-0.676448,-0.299975,0.000000,0.000000,0.000000,-1,-0.259369,-0.757553,0.435883,0.945861,-2.817102,-1.501808,201.486908,145.633102,-767.208923,0,0
42.800000,-1.203479,0.777746,-0.862547,-0.263770,-0.698743,0.664969,0.541143,0.463483,0.701675,-0.798492,0.544924,0.255867,0.064962,-0.606504,-0.513847,0.603237,1.179787,-1.798945,-1.221343,0.059012,-0.259644,0.650337,-0.664969,-0.701675,-0.255867,0.000000,0.000000,0.000000,-1,-0.818390,-0.942764,0.290573,1.179412,-1.902767,-1.215987,201.486908,144.585373,-768.544922,0,0
42.840000,-1.261575,0.802864,-0.842111,-0.308575,-0.683324,0.661703,0.518243,0.462560,0.719349,-0.797625,0.564896,0.211394,0.066091,-0.624448,-0.514152,0.584247,0.157037,-0.988559,-0.247872,-0.073329,-0.004589,0.120558,-0.661702,-0.719349,-0.211394,0.000000,0.000000,0.000000,-1,-0.674118,-0.760086,-0.076370,0.185710,-0.895103,-0.191604,199.734848,145.982346,-768.210938,0,0
42.880000,-1.324369,0.827569,-0.835017,-0.365603,-0.660078,0.656225,0.501619,0.454155,0.736289,-0.784036,0.600832,0.159290,0.061826,-0.645394,-0.518851,0.557170,0.559707,-1.135353,-0.573954,0.172548,-0.135586,0.238284,-0.655031,-0.738621,-0.159290,0.000000,0.000000,0.000000,-1,-0.482483,-0.874207,0.078995,0.559331,-1.239172,-0.568598,199.559647,144.759995,-767.709961,0,0
42.920000,-1.396460,0.849367,-0.793760,-0.405625,-0.642173,0.650447,0.470904,0.463093,0.750862,-0.783401,0.610867,0.114559,0.064657,-0.662223,-0.514075,0.541301,0.699373,-0.847541,-0.245976,0.096813,-0.035972,0.222012,-0.650447,-0.750862,-0.114560,0.000000,0.000000,0.000000,-1,-0.613632,-0.775345,0.114090,0.698998,-0.951360,-0.240620,199.734848,144.934616,-768.878967,0,0
42.960000,-1.433689,0.857960,-0.772733,-0.425297,-0.631997,0.647845,0.456541,0.468255,0.756510,-0.781468,0.617509,0.089385,0.065313,-0.671596,-0.511475,0.532058,0.329795,-0.666145,-0.174644,-0.023008,0.097590,0.057357,-0.647845,-0.756510,-0.089385,0.000000,0.000000,0.000000,-1,-0.675934,-0.657791,-0.060379,0.329419,-0.769962,-0.169287,200.961288,144.061523,-766.707886,0,0
43.000000,-1.490959,0.864258,-0.750263,-0.458619,-0.609002,0.647137,0.442648,0.474899,0.760614,-0.770540,0.635285,0.051776,0.060635,-0.685883,-0.508796,0.516734,0.459729,-0.750844,-0.096978,0.029385,0.049554,-0.029905,-0.647137,-0.760614,-0.051776,0.000000,0.000000,0.000000,-1,-0.617752,-0.711060,-0.081680,0.459353,-0.854661,-0.091622,199.209229,143.712280,-767.375916,0,0
43.040000,-1.542535,0.873547,-0.714113,-0.480536,-0.597585,0.641855,0.420549,0.485228,0.766611,-0.769561,0.638316,0.018145,0.063428,-0.697786,-0.503352,0.505677,0.653132,-0.241075,-0.226929,0.089579,-0.006781,0.133562,-0.641855,-0.766611,-0.018145,0.000000,0.000000,0.000000,-1,-0.561966,-0.773010,0.096542,0.652757,-0.344891,-0.221573,198.683624,143.537659,-766.540894,0,0
43.080000,-1.574288,0.882051,-0.681002,-0.488767,-0.597632,0.635565,0.400136,0.493800,0.772044,-0.775240,0.631662,-0.002219,0.070092,-0.704412,-0.498184,0.500703,0.676340,-0.347194,-0.254349,0.093283,0.023341,-0.062843,-0.635565,-0.772044,0.002219,0.000000,0.000000,0.000000,-1,-0.540375,-0.764206,-0.039474,0.675962,-0.450953,-0.249007,198.508408,144.061523,-765.371887,0,0
43.120000,-1.637481,0.896729,-0.627920,-0.511883,-0.591709,0.622781,0.366676,0.505109,0.781290,-0.776868,0.628288,-0.041592,0.078421,-0.717388,-0.491218,0.487759,0.572993,-0.526405,-0.275803,0.076563,0.042612,0.008427,-0.622781,-0.781290,0.041592,0.000000,0.000000,0.000000,-1,-0.546219,-0.738678,0.050018,0.572615,-0.630163,-0.270461,197.632385,142.140701,-762.866882,0,0
43.160000,-1.696011,0.909667,-0.597332,-0.543719,-0.577272,0.609202,0.345342,0.507686,0.789299,-0.764924,0.639540,-0.076682,0.079493,-0.729398,-0.489732,0.470979,0.376754,-0.811764,-0.380851,0.006846,0.059410,-0.005363,-0.609201,-0.789299,0.076682,0.000000,0.000000,0.000000,-1,-0.626053,-0.735245,0.079071,0.376376,-0.915520,-0.375509,197.982788,140.743744,-763.868896,0,0
43.200000,-1.756753,0.919066,-0.572019,-0.578412,-0.556864,0.596106,0.328351,0.510004,0.795036,-0.746743,0.655590,-0.112145,0.077022,-0.741714,-0.488943,0.452617,0.081869,-0.998038,-0.161890,-0.103556,0.053107,-0.010262,-0.596106,-0.795035,0.112145,0.000000,0.000000,0.000000,-1,-0.699661,-0.741928,0.101883,0.169604,-1.132581,-0.185036,198.158005,142.664566,-762.699829,0,0
43.240000,-1.785415,0.918562,-0.578689,-0.602985,-0.533586,0.593039,0.331965,0.508138,0.794729,-0.725402,0.676078,-0.129268,0.067351,-0.748397,-0.491319,0.440422,-0.151699,-0.675279,0.143452,-0.050943,0.050986,-0.024760,-0.593039,-0.794729,0.129268,0.000000,0.000000,0.000000,-1,-0.643982,-0.743744,0.104507,-0.152076,-0.779035,0.148794,196.931564,142.489944,-762.198853,0,0
43.280000,-1.789823,0.917113,-0.585154,-0.609120,-0.525955,0.593586,0.335878,0.506940,0.793850,-0.718442,0.682923,-0.132131,0.063384,-0.749699,-0.492455,0.437518,-0.270707,-0.619081,0.149828,-0.084560,0.042461,-0.007512,-0.593586,-0.793850,0.132131,0.000000,0.000000,0.000000,-1,-0.675705,-0.778625,0.102310,-0.239190,-0.737674,0.158077,196.581146,142.140701,-762.866882,0,0
43.320000,-1.804153,0.916938,-0.619889,-0.636842,-0.494210,0.591767,0.353361,0.495084,0.793743,-0.685250,0.714597,-0.140655,0.046716,-0.753754,-0.500276,0.423552,-0.699258,-0.582029,0.118218,-0.230270,-0.184834,-0.096481,-0.591767,-0.793743,0.140655,0.000000,0.000000,0.000000,-1,-0.931396,-0.991821,0.085510,-0.570179,-0.699660,0.059437,195.004288,141.616837,-763.367859,0,0
43.360000,-1.779139,0.909060,-0.677661,-0.645075,-0.471633,0.601200,0.385267,0.478711,0.788926,-0.659885,0.740539,-0.127100,0.028783,-0.750148,-0.509721,0.420279,-0.332018,-0.003784,0.400892,-0.433468,-0.016967,-0.043299,-0.601200,-0.788926,0.127100,0.000000,0.000000,0.000000,-1,-1.034668,-0.805893,0.083801,-0.332396,-0.107537,0.406234,195.354706,141.616837,-763.033875,0,1
43.400000,-1.731233,0.903977,-0.693676,-0.618790,-0.494300,0.610547,0.395442,0.475557,0.785793,-0.678767,0.727677,-0.098803,0.033377,-0.740464,-0.510987,0.435306,-0.438684,1.807842,0.219442,-0.225940,-0.119206,-0.179080,-0.610547,-0.785793,0.098803,0.000000,0.000000,0.000000,-1,-0.709183,-0.939636,-0.118195,-0.439062,1.704090,0.224784,193.602646,142.664566,-764.703857,0,0
43.440000,-1.568179,0.895447,-0.757071,-0.534131,-0.569094,0.625168,0.429364,0.454405,0.780488,-0.728251,0.685308,0.001637,0.049565,-0.704787,-0.519943,0.480081,-1.304861,2.919137,0.358002,0.120072,-0.104003,-0.087322,-0.625168,-0.780488,-0.001637,0.000000,0.000000,0.000000,-1,-0.441254,-0.893799,-0.112656,-1.213939,2.849250,0.320700,193.252228,143.363037,-760.361816,0,0
43.480000,-1.367253,0.862892,-0.879332,-0.444248,-0.630162,0.636820,0.500891,0.414638,0.759726,-0.742800,0.656484,0.131441,0.049178,-0.657161,-0.538760,0.524841,-2.325641,1.991668,0.513850,0.082315,-0.135919,0.252138,-0.636820,-0.759726,-0.131441,0.000000,0.000000,0.000000,-1,-0.554504,-0.895645,0.120697,-2.326019,1.887918,0.519192,193.252228,143.363037,-760.361816,0,0
43.520000,-1.236420,0.829723,-0.981564,-0.396991,-0.660113,0.637691,0.561240,0.375157,0.737745,-0.726229,0.650775,0.221548,0.039701,-0.622615,-0.557535,0.547657,-2.413220,1.712757,0.465015,-0.020329,-0.190905,0.464452,-0.637691,-0.737745,-0.221548,0.000000,0.000000,0.000000,-1,-0.713486,-1.099686,0.161499,-2.413598,1.609008,0.470357,193.077026,144.585373,-761.530823,0,0
43.560000,-1.151214,0.783328,-1.101444,-0.390484,-0.654808,0.647107,0.631945,0.320492,0.705642,-0.669453,0.684478,0.288656,0.009585,-0.596305,-0.582805,0.551965,-1.696603,-1.815156,0.065635,0.027295,-0.456178,0.087453,-0.647107,-0.705642,-0.288656,0.000000,0.000000,0.000000,-1,-0.615784,-1.080002,-0.053558,-1.895717,-1.688882,0.044473,191.500168,146.156952,-764.035889,0,0
43.600000,-1.110943,0.742040,-1.109743,-0.344907,-0.666898,0.660520,0.660127,0.327926,0.675793,-0.667287,0.669113,0.327134,0.002918,-0.580021,-0.579680,0.572310,-0.411514,1.906435,0.922879,0.095045,-0.093463,0.311982,-0.660520,-0.675793,-0.327134,0.000000,0.000000,0.000000,-1,-0.565475,-0.769257,-0.015152,-0.411892,1.802687,0.928221,191.500168,147.553925,-764.703857,0,0
43.640000,-1.075249,0.711087,-1.102617,-0.297784,-0.683435,0.666514,0.676123,0.341900,0.652657,-0.673930,0.644997,0.360274,0.003232,-0.565555,-0.573620,0.592535,-0.218711,1.128629,1.180620,0.092662,0.013863,0.324660,-0.666514,-0.652657,-0.360274,0.000000,0.000000,0.000000,-1,-0.544220,-0.685593,0.003418,-0.219088,1.024882,1.185962,187.820847,146.680817,-764.870911,0,0
43.680000,-1.042303,0.665333,-1.078328,-0.231348,-0.696364,0.679378,0.693225,0.371959,0.617321,-0.682581,0.613778,0.396686,0.001429,-0.549231,-0.560374,0.619939,-0.152097,0.793134,0.868667,0.354092,-0.062305,0.274829,-0.679378,-0.617321,-0.396685,0.000000,0.000000,0.000000,-1,-0.265167,-0.690582,-0.105682,-0.137338,0.770040,0.924537,187.820847,146.680817,-764.870911,0,0
43.720000,-1.026717,0.636159,-1.057818,-0.188855,-0.700476,0.688234,0.700849,0.394771,0.594110,-0.687855,0.594549,0.416374,-0.000172,-0.540197,-0.550104,0.636846,0.085855,0.454528,0.601643,0.524355,0.000726,0.313346,-0.688234,-0.594110,-0.416374,0.000000,0.000000,0.000000,-1,-0.163879,-0.593384,-0.103027,0.085477,0.350783,0.606985,185.192749,148.252396,-764.035889,0,0
43.760000,-1.029577,0.628013,-1.043517,-0.175941,-0.698596,0.693547,0.699291,0.407175,0.587538,-0.692847,0.588363,0.416883,-0.000322,-0.539961,-0.544438,0.641895,0.278857,-0.034700,0.286863,0.475163,0.094313,0.218717,-0.693547,-0.587538,-0.416883,0.000000,0.000000,0.000000,-1,-0.226715,-0.494095,-0.267563,0.278480,-0.138444,0.292205,183.440689,147.204681,-762.365845,0,0
43.800000,-1.057617,0.634396,-1.019198,-0.182483,-0.688726,0.701681,0.685975,0.422085,0.592691,-0.704371,0.589492,0.395425,0.001251,-0.549805,-0.537546,0.639341,0.468773,-0.377623,-0.030670,0.413214,0.063425,0.049203,-0.701681,-0.592691,-0.395425,0.000000,0.000000,0.000000,-1,-0.300583,-0.520996,-0.363449,0.501460,-0.460126,-0.001323,183.440689,147.204681,-762.365845,0,0
43.840000,-1.078883,0.655763,-1.000908,-0.197693,-0.687652,0.698607,0.667324,0.427629,0.609764,-0.718050,0.586744,0.374348,0.009087,-0.559235,-0.534886,0.633301,0.638433,-0.036943,-0.503177,0.255232,0.135444,0.006382,-0.698607,-0.609764,-0.374348,0.000000,0.000000,0.000000,-1,-0.443375,-0.474319,-0.367966,0.638056,-0.140685,-0.497835,183.265488,146.680817,-762.532837,0,1
43.880000,-1.085613,0.685707,-0.983828,-0.208091,-0.698539,0.684647,0.644427,0.428656,0.633220,-0.735807,0.572973,0.360958,0.023954,-0.564754,-0.533946,0.628793,1.014010,0.236198,-0.769160,-0.001373,0.050060,-0.051716,-0.684647,-0.633220,-0.360958,0.000000,0.000000,0.000000,-1,-0.809723,-0.625000,-0.429596,1.013632,0.132456,-0.763819,183.440689,146.855438,-761.029846,0,0
43.920000,-1.089792,0.714101,-0.952071,-0.204639,-0.713659,0.669936,0.615593,0.438294,0.654938,-0.761031,0.546433,0.349631,0.043116,-0.568617,-0.528199,0.629144,0.875667,0.807637,-0.071352,-0.564958,-0.109954,-0.354958,-0.669936,-0.654938,-0.349631,0.000000,0.000000,0.000000,-1,-1.307404,-0.815216,-0.795044,0.936462,0.541538,-0.163814,183.440689,146.855438,-761.029846,0,0
43.960000,-1.060652,0.698273,-0.931109,-0.158622,-0.726666,0.668427,0.614511,0.457232,0.642896,-0.772797,0.512733,0.374018,0.050322,-0.557188,-0.518509,0.646651,-0.598493,0.188616,0.746542,-0.207931,-0.039691,-0.332174,-0.668427,-0.642896,-0.374018,0.000000,0.000000,0.000000,-1,-0.876358,-0.682587,-0.706192,-0.445771,0.259760,0.716432,183.615906,145.982346,-758.524780,0,0
44.000000,-1.051101,0.655570,-0.945552,-0.138358,-0.712360,0.688040,0.642737,0.463964,0.609612,-0.753489,0.526574,0.393668,0.031664,-0.549694,-0.516735,0.655605,-0.885633,0.144488,1.016899,0.155265,-0.129738,-0.278680,-0.688040,-0.609611,-0.393668,0.000000,0.000000,0.000000,-1,-0.447525,-0.793259,-0.687302,-0.886011,0.040749,1.022241,181.863846,145.982346,-761.530823,0,0
44.040000,-1.035757,0.638531,-0.942154,-0.114873,-0.713905,0.690756,0.649466,0.472185,0.596016,-0.751664,0.517088,0.409415,0.029690,-0.542596,-0.512860,0.664592,0.487513,0.484960,-0.313464,0.068609,-0.303871,-0.088677,-0.690756,-0.596016,-0.409415,0.000000,0.000000,0.000000,-1,-0.622147,-0.899887,-0.498093,0.372753,0.376096,-0.189829,179.060547,145.633102,-762.198853,0,0
44.080000,-1.045492,0.667065,-0.922773,-0.124060,-0.722910,0.679714,0.626375,0.474222,0.618683,-0.769587,0.502509,0.393980,0.043983,-0.548703,-0.510837,0.660330,0.668692,-0.090174,-0.645808,-0.095845,-0.146225,0.366896,-0.679714,-0.618683,-0.393980,0.000000,0.000000,0.000000,-1,-0.799835,-0.739822,0.024460,0.972497,-0.244732,-0.598914,180.111786,147.030060,-761.530823,0,0
44.120000,-1.058988,0.676606,-0.974374,-0.176575,-0.711832,0.679792,0.645087,0.437948,0.626150,-0.743427,0.549088,0.381863,0.030058,-0.555126,-0.529266,0.640944,-1.006111,-1.826891,-0.651409,0.475370,-0.452112,0.495800,-0.679792,-0.626150,-0.381863,0.000000,0.000000,0.000000,-1,-0.007050,-1.132477,-0.010208,-1.006490,-1.930572,-0.646081,178.534927,148.601639,-762.365845,0,0
44.160000,-1.105296,0.694327,-1.004030,-0.241380,-0.685680,0.686716,0.648325,0.412605,0.639868,-0.722087,0.599667,0.344949,0.016324,-0.572065,-0.541693,0.615665,0.109780,-1.509086,-0.835338,0.600122,-0.413446,0.547891,-0.686716,-0.639868,-0.344949,0.000000,0.000000,0.000000,-1,-0.276367,-0.889221,0.491394,-0.014806,-1.882965,-0.725304,178.534927,148.601639,-762.365845,0,0
44.200000,-1.221655,0.778340,-0.963770,-0.346737,-0.657309,0.669118,0.584865,0.406190,0.702099,-0.733285,0.634787,0.243596,0.029483,-0.614274,-0.544092,0.570756,1.546757,-3.000922,-0.929541,0.063771,0.027202,0.677052,-0.669118,-0.702099,-0.243596,0.000000,0.000000,0.000000,-1,-0.605347,-0.674896,0.433456,1.546378,-3.104602,-0.924212,179.060547,148.776260,-761.196838,0,0
44.240000,-1.308470,0.810156,-0.945524,-0.415460,-0.619760,0.665801,0.558956,0.403509,0.724395,-0.717608,0.673111,0.178777,0.023738,-0.640350,-0.545602,0.540099,-0.007642,-0.970432,-0.788607,-0.290773,-0.100480,0.201344,-0.665801,-0.724395,-0.178777,0.000000,0.000000,0.000000,-1,-1.105347,-0.852631,-0.076584,0.096047,-1.417561,-0.745646,179.410950,147.379303,-760.528809,0,0
44.280000,-1.327232,0.830674,-0.946656,-0.440555,-0.614472,0.654474,0.547235,0.394106,0.738386,-0.711650,0.683450,0.162635,0.025999,-0.646534,-0.549792,0.528249,0.411206,-0.840712,-0.543835,-0.379355,0.074018,0.003852,-0.654474,-0.738386,-0.162635,0.000000,0.000000,0.000000,-1,-0.822922,-0.544800,-0.041672,0.284270,-0.790725,-0.580354,179.410950,147.379303,-760.528809,0,0
44.320000,-1.422798,0.864708,-0.896295,-0.495696,-0.585165,0.641769,0.506774,0.405220,0.760906,-0.705313,0.702409,0.095681,0.029172,-0.671795,-0.544554,0.501299,0.635377,-0.923019,-0.286388,0.125824,0.077510,0.220757,-0.641769,-0.760906,-0.095681,0.000000,0.000000,0.000000,-1,-0.515945,-0.683395,0.125076,0.634997,-1.026697,-0.281059,179.235748,147.204681,-759.693848,0,0
44.360000,-1.468650,0.873025,-0.866728,-0.515016,-0.571166,0.639162,0.489732,0.415913,0.766276,-0.703507,0.707662,0.065516,0.029812,-0.682901,-0.539588,0.491532,0.628907,-0.422366,-0.130082,0.074328,0.048427,0.057566,-0.639162,-0.766276,-0.065516,0.000000,0.000000,0.000000,-1,-0.564835,-0.717850,-0.007950,0.584863,-0.600264,-0.129256,179.761368,147.379303,-758.190796,0,0
44.400000,-1.509612,0.880524,-0.829411,-0.526335,-0.564836,0.635556,0.469622,0.430002,0.771073,-0.708820,0.704314,0.038935,0.034381,-0.692352,-0.532745,0.485438,0.936688,-0.502069,-0.257569,0.045040,0.091217,-0.151159,-0.635556,-0.771073,-0.038935,0.000000,0.000000,0.000000,-1,-0.598419,-0.699814,-0.192627,0.902483,-0.533594,-0.214964,179.586166,146.855438,-757.355774,0,0
44.440000,-1.579089,0.891974,-0.770121,-0.547812,-0.552901,0.627855,0.437141,0.450706,0.778313,-0.713309,0.700831,-0.005207,0.040889,-0.707765,-0.522470,0.473732,0.947701,-0.187131,-0.220818,-0.031615,0.065331,0.100064,-0.627855,-0.778313,0.005207,0.000000,0.000000,0.000000,-1,-0.659470,-0.712982,0.105270,0.958864,-0.460448,-0.221234,180.987808,146.156952,-754.349731,0,0
44.480000,-1.645001,0.903496,-0.709940,-0.566793,-0.545760,0.617165,0.403371,0.469350,0.785495,-0.718358,0.694159,-0.045881,0.049341,-0.721461,-0.512728,0.462784,0.540802,-0.762962,-0.306278,0.065987,-0.023663,-0.097700,-0.617165,-0.785495,0.045881,0.000000,0.000000,0.000000,-1,-0.551178,-0.809158,-0.051819,0.601077,-0.835877,-0.293248,179.235748,146.506195,-755.017761,0,0
44.520000,-1.680304,0.910461,-0.686358,-0.582050,-0.538028,0.609708,0.388715,0.474487,0.789786,-0.714225,0.696698,-0.067036,0.051231,-0.728624,-0.510031,0.454258,0.456273,-0.436310,-0.233424,0.066709,0.074973,0.005367,-0.609708,-0.789786,0.067036,0.000000,0.000000,0.000000,-1,-0.597900,-0.718658,0.055313,0.451593,-0.551661,-0.238633,179.936569,146.855438,-754.683716,0,0
44.560000,-1.757571,0.922239,-0.643816,-0.618572,-0.514867,0.593532,0.362575,0.483116,0.796956,-0.697071,0.708175,-0.112164,0.051177,-0.743951,-0.505790,0.433699,0.203995,-0.865690,-0.226578,-0.085179,0.114095,-0.029233,-0.593532,-0.796956,0.112164,0.000000,0.000000,0.000000,-1,-0.678711,-0.682861,0.082932,0.203616,-0.969362,-0.221250,179.235748,146.506195,-753.681763,0,0
44.600000,-1.777419,0.924092,-0.634612,-0.628298,-0.507390,0.589743,0.357237,0.485242,0.798074,-0.691103,0.712106,-0.123618,0.050195,-0.747857,-0.504836,0.428172,0.213716,-0.290747,-0.020791,-0.090006,0.119317,0.014947,-0.589743,-0.798074,0.123618,0.000000,0.000000,0.000000,-1,-0.686462,-0.699219,0.138901,0.213337,-0.394418,-0.015463,179.235748,146.506195,-753.681763,0,0
44.640000,-1.798930,0.923689,-0.624759,-0.638001,-0.498076,0.587260,0.352626,0.488999,0.797831,-0.684551,0.716100,-0.136348,0.048340,-0.752221,-0.503154,0.422685,0.086055,-0.441286,-0.011259,-0.088735,0.040934,0.011571,-0.587260,-0.797831,0.136348,0.000000,0.000000,0.000000,-1,-0.721497,-0.845306,0.116791,0.101764,-0.456929,0.013705,177.308487,146.680817,-752.846741,0,0
44.680000,-1.813033,0.925612,-0.641955,-0.656558,-0.477621,0.583789,0.360063,0.481634,0.798989,-0.662786,0.734784,-0.144247,0.038906,-0.755387,-0.507611,0.412562,-0.611164,-0.428489,0.046363,-0.171780,-0.181800,-0.215292,-0.583789,-0.798989,0.144247,0.000000,0.000000,0.000000,-1,-0.755569,-0.980789,-0.071045,-0.611543,-0.532159,0.051691,178.184509,146.156952,-755.017761,0,0
44.720000,-1.783506,0.929482,-0.683989,-0.658550,-0.473668,0.584766,0.378027,0.463678,0.801310,-0.650698,0.748760,-0.126296,0.031891,-0.749754,-0.516860,0.411956,-0.762488,0.346568,0.076445,-0.437451,-0.166051,-0.159774,-0.584766,-0.801310,0.126296,0.000000,0.000000,0.000000,-1,-1.089096,-0.897018,-0.052979,-0.750210,0.057379,0.093107,178.009308,148.077774,-755.184753,0,1
44.760000,-1.678758,0.930948,-0.738201,-0.616397,-0.517394,0.593597,0.401806,0.441644,0.802186,-0.677205,0.732976,-0.064336,0.039671,-0.728419,-0.526882,0.436151,-0.873697,2.506571,0.312577,-0.444366,0.011232,-0.091329,-0.593597,-0.802186,0.064336,0.000000,0.000000,0.000000,-1,-0.941452,-0.753677,-0.081436,-0.834215,2.198130,0.216273,179.410950,146.680817,-756.854797,0,0
44.800000,-1.464421,0.901818,-0.825901,-0.501464,-0.606828,0.616679,0.455934,0.420420,0.784456,-0.735294,0.674542,0.065848,0.055379,-0.681182,-0.535465,0.496186,-1.395074,3.286685,0.890273,0.142726,-0.005583,-0.169794,-0.616679,-0.784456,-0.065848,0.000000,0.000000,0.000000,-1,-0.473953,-0.790039,-0.235641,-1.395453,3.183017,0.895602,176.607666,147.728546,-757.856812,0,0
44.840000,-1.316060,0.862873,-0.914418,-0.428652,-0.648284,0.629274,0.515139,0.396821,0.759714,-0.742219,0.649816,0.163858,0.051645,-0.644518,-0.546738,0.531984,-2.121237,1.750044,0.636091,-0.058516,-0.111182,0.613367,-0.629274,-0.759714,-0.163858,0.000000,0.000000,0.000000,-1,-0.687790,-0.870895,0.449509,-1.990553,1.717508,0.704541,176.782867,148.950882,-760.361816,0,0
44.880000,-1.200513,0.826752,-1.004664,-0.384760,-0.673301,0.631367,0.571603,0.363268,0.735735,-0.724727,0.643973,0.245090,0.041478,-0.612972,-0.562713,0.553082,-2.233923,1.321427,0.443544,-0.132411,-0.589903,0.555652,-0.631367,-0.735735,-0.245090,0.000000,0.000000,0.000000,-1,-0.737198,-1.343170,0.243378,-2.263751,1.413967,0.494052,178.184509,149.300125,-762.699829,0,0
44.920000,-1.153252,0.783843,-1.067962,-0.370047,-0.666324,0.647362,0.620544,0.341292,0.706006,-0.691368,0.662972,0.287189,0.019181,-0.596689,-0.573573,0.560900,0.940665,0.117850,0.957545,-0.116646,-0.319430,0.064579,-0.647362,-0.706007,-0.287189,0.000000,0.000000,0.000000,-1,-0.764008,-1.025436,-0.222610,0.940286,0.014185,0.962874,176.607666,149.823975,-765.538879,0,0
44.960000,-1.099919,0.737684,-1.050355,-0.294429,-0.691652,0.659491,0.642048,0.367989,0.672576,-0.707874,0.621451,0.335727,0.021533,-0.575910,-0.561731,0.593567,-0.814042,2.495598,1.478866,0.148230,0.014205,0.415271,-0.659491,-0.672576,-0.335727,0.000000,0.000000,0.000000,-1,-0.511261,-0.658371,0.079544,-0.822844,2.501134,1.483795,175.731628,150.697083,-763.701904,0,0
45.000000,-1.057518,0.699580,-1.034149,-0.231027,-0.708786,0.666520,0.657559,0.391169,0.643896,-0.717107,0.587034,0.375698,0.022941,-0.558234,-0.551261,0.619645,0.045409,1.401121,1.244570,0.274400,-0.099985,0.341640,-0.666520,-0.643896,-0.375698,0.000000,0.000000,0.000000,-1,-0.348297,-0.699905,-0.016022,0.006848,1.385463,1.256305,177.308487,150.871704,-766.540894,0,0
45.040000,-1.015352,0.653555,-0.990609,-0.143002,-0.724225,0.674573,0.664009,0.435216,0.608013,-0.733923,0.534870,0.418655,0.027960,-0.538415,-0.530670,0.654001,0.179615,0.936140,0.838849,0.419995,0.000087,0.363754,-0.674573,-0.608013,-0.418655,0.000000,0.000000,0.000000,-1,-0.226791,-0.543625,-0.062592,0.179235,0.832477,0.844178,175.556427,151.919418,-765.204895,0,0
45.080000,-1.010169,0.643407,-0.976305,-0.123111,-0.725067,0.677585,0.662794,0.448101,0.599925,-0.738613,0.522956,0.425404,0.029088,-0.535212,-0.524503,0.661512,0.249913,0.553149,0.668544,0.481754,0.076945,0.359440,-0.677585,-0.599925,-0.425404,0.000000,0.000000,0.000000,-1,-0.177017,-0.513855,-0.065033,0.249534,0.449486,0.673873,175.731628,151.395554,-764.703857,0,0
45.120000,-1.025709,0.639677,-0.936015,-0.103531,-0.720177,0.686023,0.646004,0.475759,0.596936,-0.756281,0.504975,0.415981,0.034385,-0.539284,-0.510821,0.668620,0.592883,-0.113530,0.123162,0.549792,0.114713,0.282970,-0.686023,-0.596936,-0.415981,0.000000,0.000000,0.000000,-1,-0.126236,-0.481644,-0.165970,0.578903,-0.176778,0.178440,176.257248,151.570175,-765.538879,0,1
45.160000,-1.057910,0.661509,-0.907405,-0.119575,-0.716235,0.687539,0.621712,0.485901,0.614308,-0.774064,0.500907,0.387190,0.042818,-0.551880,-0.505189,0.662102,0.791618,-0.379381,-0.409688,0.473412,0.134297,0.091124,-0.687539,-0.614308,-0.387190,0.000000,0.000000,0.000000,-1,-0.214127,-0.480011,-0.296066,0.791240,-0.482991,-0.404372,176.257248,152.268661,-764.202881,0,0
45.200000,-1.077686,0.692327,-0.887229,-0.136990,-0.722131,0.678056,0.596816,0.486153,0.638330,-0.790598,0.492120,0.364381,0.055847,-0.560973,-0.503790,0.654512,1.079760,-0.125421,-0.739508,0.306993,0.088800,0.013475,-0.678056,-0.638331,-0.364381,0.000000,0.000000,0.000000,-1,-0.483185,-0.643646,-0.361511,1.079382,-0.229031,-0.734191,177.133286,149.300125,-765.705933,0,0
45.240000,-1.092088,0.742276,-0.833323,-0.134350,-0.744386,0.654094,0.545455,0.495528,0.675967,-0.827302,0.447595,0.339455,0.087560,-0.567984,-0.494540,0.652042,1.242337,1.087269,-0.162791,-0.462605,-0.173902,-0.253684,-0.654094,-0.675967,-0.339455,0.000000,0.000000,0.000000,-1,-1.801559,-0.950378,-0.871597,1.341224,0.815931,-0.302478,176.607666,149.125504,-763.200867,0,0
45.280000,-1.045256,0.711809,-0.804576,-0.059270,-0.753299,0.655002,0.545577,0.525042,0.653204,-0.835962,0.396070,0.379863,0.094636,-0.548737,-0.478041,0.679271,-0.776141,1.274614,1.063803,-0.649807,0.211813,-0.430226,-0.655002,-0.653204,-0.379863,0.000000,0.000000,0.000000,-1,-1.059601,-0.274841,-0.671036,-0.776519,1.171007,1.069119,179.235748,149.300125,-762.699829,0,0
45.320000,-1.016857,0.681937,-0.818065,-0.031596,-0.750375,0.660257,0.566602,0.530742,0.630298,-0.823386,0.394018,0.408394,0.085538,-0.537109,-0.476773,0.690569,-0.717201,0.111891,0.576963,-0.050910,0.214160,-0.266243,-0.660257,-0.630298,-0.408394,0.000000,0.000000,0.000000,-1,-0.588760,-0.529327,-0.664444,-0.717579,0.008284,0.582279,177.834106,148.601639,-762.699829,0,0
45.360000,-1.024601,0.657935,-0.811336,-0.021283,-0.736471,0.676134,0.573825,0.544804,0.611485,-0.818701,0.400997,0.411010,0.075667,-0.537373,-0.471033,0.695437,0.178849,0.205726,0.218828,0.281557,-0.305706,0.017212,-0.676134,-0.611485,-0.411010,0.000000,0.000000,0.000000,-1,-0.507080,-1.205109,-0.375290,0.135201,-0.004801,0.331475,177.133286,148.601639,-763.033875,0,0
45.400000,-1.024991,0.681577,-0.799006,-0.023876,-0.747573,0.663750,0.556547,0.541602,0.630018,-0.830473,0.384450,0.403128,0.088592,-0.539062,-0.470479,0.692974,0.109358,0.516326,-0.513646,0.078682,-0.425218,0.027686,-0.663750,-0.630018,-0.403128,0.000000,0.000000,0.000000,-1,-0.672302,-0.952026,-0.307709,0.108980,0.412721,-0.508330,175.030807,149.998596,-762.031860,0,0
45.440000,-1.029172,0.686242,-0.823372,-0.047786,-0.747177,0.662904,0.567415,0.525878,0.633634,-0.822044,0.406421,0.398830,0.082924,-0.541949,-0.479775,0.685004,-0.639728,-1.695276,-0.504981,0.088640,-0.082461,0.477840,-0.662904,-0.633634,-0.398830,0.000000,0.000000,0.000000,-1,-0.168564,-0.846573,0.221771,-0.640106,-1.798880,-0.499665,178.534927,149.649353,-764.035889,0,0
45.480000,-1.103304,0.708370,-0.868691,-0.152382,-0.719152,0.677938,0.579808,0.490455,0.650597,-0.800377,0.492213,0.342234,0.061092,-0.570220,-0.501039,0.648133,-0.174404,-2.028003,-1.095781,0.760106,-0.452308,0.410807,-0.677938,-0.650597,-0.342234,0.000000,0.000000,0.000000,-1,-0.068542,-1.044067,0.370651,-0.223565,-2.415607,-0.999293,177.483688,150.347839,-763.701904,0,0
45.520000,-1.180625,0.776876,-0.860302,-0.243422,-0.711188,0.659513,0.540564,0.465095,0.701055,-0.805318,0.527161,0.271228,0.071160,-0.599435,-0.512239,0.610921,1.549196,-2.065421,-1.320971,0.178846,-0.161906,0.764880,-0.659513,-0.701055,-0.271228,0.000000,0.000000,0.000000,-1,-0.593246,-0.840439,0.292953,1.548818,-2.169023,-1.315655,178.534927,150.347839,-765.037903,0,0
45.560000,-1.281819,0.817454,-0.820331,-0.317002,-0.685235,0.655716,0.500317,0.466529,0.729406,-0.805725,0.559289,0.194944,0.073357,-0.630196,-0.511228,0.579756,0.977050,-2.275560,-0.753137,-0.063629,-0.038111,0.333570,-0.655716,-0.729406,-0.194944,0.000000,0.000000,0.000000,-1,-0.958084,-0.852203,0.238007,0.976672,-2.379162,-0.747821,178.009308,150.522461,-764.536865,0,0
45.600000,-1.347769,0.851840,-0.803701,-0.374813,-0.668567,0.642287,0.474145,0.457099,0.752494,-0.796681,0.586582,0.145671,0.074861,-0.649277,-0.515603,0.554066,0.298091,-1.293529,-0.561807,-0.511918,0.171286,0.055721,-0.642287,-0.752494,-0.145671,0.000000,0.000000,0.000000,-1,-0.982254,-0.434799,-0.070618,0.279788,-1.163896,-0.564793,179.060547,149.125504,-763.868896,0,0
45.640000,-1.419603,0.882729,-0.776684,-0.427837,-0.650247,0.627801,0.445115,0.452941,0.772475,-0.786656,0.609937,0.095649,0.076766,-0.668044,-0.517336,0.529328,0.662952,-0.452534,-0.400493,0.020867,0.077254,0.101845,-0.627801,-0.772475,-0.095649,0.000000,0.000000,0.000000,-1,-0.606934,-0.695221,0.006195,0.662574,-0.556134,-0.395177,177.483688,149.649353,-761.697876,0,0
45.680000,-1.453813,0.891593,-0.742031,-0.436186,-0.648472,0.623880,0.424511,0.463025,0.778073,-0.793431,0.604228,0.073319,0.082871,-0.675628,-0.511488,0.524442,0.886330,-0.249623,-0.129432,0.091776,0.114056,0.129761,-0.623880,-0.778073,-0.073319,0.000000,0.000000,0.000000,-1,-0.542709,-0.662308,0.056976,0.885952,-0.353222,-0.124116,179.410950,147.728546,-761.196838,0,0
45.720000,-1.523945,0.903112,-0.674541,-0.453308,-0.641858,0.618490,0.386695,0.483567,0.785258,-0.803106,0.595131,0.028999,0.092366,-0.690630,-0.499685,0.514601,0.946266,-0.520160,-0.251199,0.125082,-0.030111,-0.054772,-0.618490,-0.785257,-0.028998,0.000000,0.000000,0.000000,-1,-0.493408,-0.815369,-0.083771,0.948170,-0.528306,-0.224001,180.462189,147.728546,-761.530823,0,0
45.760000,-1.607613,0.916622,-0.600911,-0.478724,-0.633282,0.608092,0.344045,0.501907,0.793550,-0.807748,0.589103,-0.022398,0.102184,-0.707642,-0.488472,0.500196,0.931213,-0.277514,-0.345735,0.034163,0.046327,0.054384,-0.608092,-0.793550,0.022398,0.000000,0.000000,0.000000,-1,-0.573929,-0.747223,0.076782,0.930835,-0.381112,-0.340420,180.111786,148.427017,-760.194824,0,0
45.800000,-1.651948,0.926771,-0.556071,-0.489576,-0.634177,0.598444,0.316933,0.509958,0.799685,-0.812323,0.581174,-0.048671,0.110835,-0.715578,-0.482428,0.492877,0.868112,-0.575493,-0.382393,0.030593,0.092780,-0.004247,-0.593154,-0.802283,0.067159,0.000000,0.000000,0.000000,-1,-0.562561,-0.709503,0.062912,0.742005,-1.198546,-0.345286,178.359726,148.427017,-759.192810,0,0
45.840000,-1.745544,0.942708,-0.507927,-0.539462,-0.611674,0.578650,0.285789,0.513417,0.809152,-0.792026,0.601879,-0.102160,0.110996,-0.734003,-0.480595,0.466850,0.377219,-1.170404,-0.466437,0.039160,0.046289,-0.063570,-0.578650,-0.809152,0.102160,0.000000,0.000000,0.000000,-1,-0.539490,-0.762863,0.038589,0.422482,-1.351402,-0.465530,177.308487,146.331573,-756.854797,0,0
45.880000,-1.789257,0.945944,-0.489267,-0.563417,-0.597023,0.571074,0.274927,0.516347,0.811049,-0.779087,0.613962,-0.126781,0.108417,-0.742722,-0.479659,0.454464,0.304413,-0.748345,-0.402639,-0.128450,0.105468,-0.044612,-0.571074,-0.811049,0.126781,0.000000,0.000000,0.000000,-1,-0.745621,-0.704468,0.074417,0.304047,-0.851942,-0.397337,178.359726,146.680817,-758.190796,0,0
45.920000,-1.822526,0.955442,-0.488285,-0.590961,-0.581569,0.559055,0.270794,0.509790,0.816569,-0.759892,0.633949,-0.143781,0.103718,-0.749088,-0.484095,0.440184,-0.272213,-0.566418,0.024127,-0.180815,0.136085,0.075198,-0.557787,-0.817131,0.145505,0.000000,0.000000,0.000000,-1,-0.772751,-0.717987,0.256531,-0.289677,-0.723043,0.017093,179.761368,145.982346,-756.854797,0,0
45.960000,-1.835103,0.956202,-0.505662,-0.610552,-0.563400,0.556603,0.279311,0.504465,0.817007,-0.741088,0.654291,-0.150638,0.094369,-0.752605,-0.488735,0.431067,-0.163605,-0.603448,0.075220,-0.273124,-0.036264,0.043591,-0.556603,-0.817007,0.150638,0.000000,0.000000,0.000000,-1,-0.884552,-0.987686,0.104187,-0.160838,-0.701766,0.064508,179.410950,146.680817,-757.188782,0,0
46.000000,-1.834208,0.955484,-0.534226,-0.625543,-0.545993,0.557304,0.293903,0.496786,0.816593,-0.722715,0.674608,-0.150293,0.083611,-0.753761,-0.494587,0.424544,-0.499144,-0.199468,0.105815,-0.367943,-0.252636,-0.092767,-0.557304,-0.816593,0.150293,0.000000,0.000000,0.000000,-1,-0.929001,-1.052795,0.003906,-0.499510,-0.303062,0.111118,179.235748,147.553925,-759.025818,0,0
46.040000,-1.756497,0.950764,-0.580811,-0.593247,-0.567394,0.571071,0.318829,0.485777,0.813860,-0.739192,0.664894,-0.107284,0.084053,-0.739309,-0.500046,0.443070,-0.612199,1.870557,0.434917,-0.385152,-0.142210,-0.174331,-0.571071,-0.813860,0.107284,0.000000,0.000000,0.000000,-1,-0.956223,-0.956070,-0.067047,-0.603411,1.531504,0.378422,179.410950,145.283859,-759.192810,0,0
46.080000,-1.643156,0.935714,-0.624483,-0.528099,-0.609108,0.591691,0.346856,0.481278,0.805023,-0.775114,0.630364,-0.042890,0.091532,-0.716287,-0.500982,0.477045,-1.005849,3.040344,0.688205,0.027055,-0.053101,-0.189847,-0.591691,-0.805023,0.042890,0.000000,0.000000,0.000000,-1,-0.461609,-0.865173,-0.163132,-0.876714,2.802065,0.666095,178.534927,145.109238,-760.361816,0,1
46.120000,-1.407687,0.893799,-0.752896,-0.407388,-0.672263,0.618140,0.428342,0.457132,0.779457,-0.806572,0.582317,0.101728,0.091858,-0.663851,-0.512832,0.536533,-2.263727,2.493746,1.047060,0.090766,-0.246528,0.000013,-0.618140,-0.779457,-0.101728,0.000000,0.000000,0.000000,-1,-0.612686,-0.988724,0.001358,-2.264092,2.390200,1.052356,180.286987,146.855438,-760.361816,0,0
46.160000,-1.202274,0.832647,-0.913214,-0.325977,-0.706881,0.627741,0.532597,0.411292,0.739715,-0.781075,0.575464,0.242411,0.071273,-0.611322,-0.537842,0.576135,-2.633493,0.953173,0.289021,-0.060827,-0.497788,0.358240,-0.627741,-0.739715,-0.242411,0.000000,0.000000,0.000000,-1,-0.688568,-1.237503,0.115829,-2.642856,1.187959,0.376923,181.688629,149.300125,-763.367859,0,0
46.200000,-1.131642,0.796833,-1.010330,-0.322242,-0.704212,0.632650,0.592037,0.371562,0.715146,-0.738683,0.605002,0.297186,0.047460,-0.590893,-0.558540,0.580195,-2.115378,-0.084732,0.311396,-0.031534,-0.714755,0.726355,-0.632650,-0.715146,-0.297186,0.000000,0.000000,0.000000,-1,-0.699402,-1.284958,0.406250,-2.473471,-0.478891,0.243231,181.688629,151.046326,-765.037903,0,0
46.240000,-1.070511,0.752414,-1.013674,-0.255343,-0.724201,0.640572,0.619645,0.386007,0.683403,-0.742186,0.571429,0.350183,0.046008,-0.568148,-0.552159,0.608450,-0.624291,1.719001,1.210128,0.079476,-0.118080,0.217951,-0.640572,-0.683403,-0.350183,0.000000,0.000000,0.000000,-1,-0.493210,-0.763535,0.026733,-0.624656,1.615458,1.215424,182.564667,152.268661,-768.544922,0,0
46.280000,-0.987659,0.679156,-1.018374,-0.157388,-0.743883,0.649513,0.662365,0.408310,0.628136,-0.732463,0.529076,0.428459,0.038220,-0.533207,-0.542572,0.647955,-0.486667,1.672557,1.346040,0.311150,-0.109901,0.396568,-0.649513,-0.628136,-0.428459,0.000000,0.000000,0.000000,-1,-0.338364,-0.738037,-0.031891,-0.602750,1.685668,1.372295,181.688629,151.744797,-768.711914,0,0
46.320000,-0.955864,0.644136,-0.998499,-0.099914,-0.750618,0.653138,0.672207,0.433045,0.600508,-0.733590,0.499044,0.461303,0.037872,-0.517604,-0.531077,0.669782,-0.169634,1.257804,1.202943,0.375520,-0.054262,0.404067,-0.653139,-0.600508,-0.461303,0.000000,0.000000,0.000000,-1,-0.261505,-0.592667,-0.061722,-0.159171,1.266689,1.237396,181.688629,151.744797,-768.711914,0,0
46.360000,-0.939298,0.603791,-0.970028,-0.044314,-0.746034,0.664432,0.679050,0.465329,0.567767,-0.732753,0.476343,0.485974,0.033102,-0.505883,-0.515984,0.690469,0.084572,0.323241,0.856524,0.444599,0.071170,0.429684,-0.664432,-0.567767,-0.485974,0.000000,0.000000,0.000000,-1,-0.183502,-0.451340,-0.084976,0.084206,0.219700,0.861819,182.564667,152.268661,-769.212952,0,0
46.400000,-0.960461,0.597547,-0.937498,-0.032445,-0.734845,0.677459,0.666401,0.489257,0.562617,-0.744887,0.469714,0.473827,0.033431,-0.511829,-0.504236,0.694737,0.641887,-0.403964,0.212241,0.550719,0.177714,0.348308,-0.677459,-0.562617,-0.473827,0.000000,0.000000,0.000000,-1,-0.126740,-0.384903,-0.125519,0.583319,-0.420486,0.272035,182.739868,151.744797,-768.043945,0,0
46.440000,-0.993430,0.612993,-0.913258,-0.047963,-0.726636,0.685346,0.647391,0.499894,0.575318,-0.760648,0.471281,0.446441,0.037755,-0.524742,-0.498626,0.688907,0.959708,-0.771557,-0.296996,0.562208,0.122849,0.210510,-0.685346,-0.575318,-0.446441,0.000000,0.000000,0.000000,-1,-0.131729,-0.528931,-0.312988,0.930033,-0.818740,-0.181005,182.739868,151.744797,-768.043945,0,1
46.480000,-1.061348,0.658513,-0.885312,-0.104822,-0.715726,0.690469,0.612248,0.500680,0.611942,-0.783687,0.486883,0.385720,0.046847,-0.552219,-0.497459,0.667379,1.008758,-1.216442,-0.733781,0.394327,-0.018552,0.104180,-0.690469,-0.611942,-0.385720,0.000000,0.000000,0.000000,-1,-0.412628,-0.669617,-0.273773,1.008393,-1.319981,-0.728485,179.761368,150.173218,-767.876953,0,0
46.520000,-1.103595,0.713235,-0.845561,-0.138408,-0.724529,0.675204,0.565934,0.501629,0.654284,-0.812750,0.472679,0.340606,0.069564,-0.569963,-0.494314,0.652654,1.128940,0.544895,-0.517546,-0.373533,-0.199949,-0.138321,-0.675204,-0.654284,-0.340606,0.000000,0.000000,0.000000,-1,-1.048737,-0.854233,-0.478928,1.196834,0.147432,-0.677617,180.111786,148.077774,-765.204895,0,0
46.560000,-1.074009,0.723072,-0.821548,-0.101316,-0.745162,0.659142,0.548987,0.510664,0.661691,-0.829668,0.428900,0.357346,0.087570,-0.560052,-0.486826,0.664585,0.243612,1.989204,0.398363,-0.976859,-0.378073,-0.621520,-0.659142,-0.661691,-0.357346,0.000000,0.000000,0.000000,-1,-1.489868,-0.908203,-1.066238,0.442291,1.782528,0.203015,182.389465,148.950882,-763.367859,0,0
46.600000,-1.039279,0.685667,-0.812857,-0.047999,-0.743317,0.667215,0.562118,0.532065,0.633190,-0.825663,0.405446,0.392294,0.083130,-0.544924,-0.476505,0.684902,-0.668938,0.211624,0.671736,-0.116354,0.247310,-0.198527,-0.667215,-0.633190,-0.392294,0.000000,0.000000,0.000000,-1,-0.720383,-0.356674,-0.572083,-0.669303,0.108087,0.677031,181.513428,147.728546,-763.868896,0,0
46.640000,-1.014265,0.647561,-0.831855,-0.022840,-0.735444,0.677200,0.589540,0.537160,0.603243,-0.807416,0.413015,0.421305,0.068365,-0.533548,-0.476179,0.695634,-0.255227,0.566320,0.351779,0.239898,-0.285536,-0.138906,-0.677200,-0.603243,-0.421305,0.000000,0.000000,0.000000,-1,-0.437302,-0.888779,-0.560211,-0.423198,0.343165,0.481789,180.987808,147.903152,-765.037903,0,0
46.680000,-0.997017,0.654550,-0.835606,-0.015160,-0.745551,0.666276,0.588409,0.532103,0.608803,-0.808421,0.401272,0.430623,0.074354,-0.528356,-0.477933,0.697776,0.264921,0.174691,-0.632934,0.125138,-0.570503,0.090443,-0.666276,-0.608803,-0.430623,0.000000,0.000000,0.000000,-1,-0.386185,-1.146240,-0.344528,0.148233,0.291861,-0.506090,180.987808,147.903152,-765.037903,0,0
46.720000,-1.008297,0.678411,-0.852515,-0.048748,-0.750902,0.658612,0.586215,0.512371,0.627557,-0.808687,0.416681,0.415213,0.076922,-0.535235,-0.487747,0.685353,-0.467884,-1.058504,-0.736301,0.138639,-0.177329,0.232322,-0.658612,-0.627557,-0.415213,0.000000,0.000000,0.000000,-1,-0.544830,-0.817596,0.036026,-0.468249,-1.162038,-0.731006,183.265488,147.728546,-762.866882,0,0
46.760000,-1.067166,0.707143,-0.890894,-0.139050,-0.733033,0.665829,0.591174,0.477964,0.649664,-0.794467,0.483957,0.366889,0.063438,-0.559045,-0.506946,0.653032,-0.217359,-1.847642,-0.962075,0.432583,-0.255548,0.540107,-0.665829,-0.649664,-0.366889,0.000000,0.000000,0.000000,-1,-0.233246,-0.905212,0.173218,-0.211334,-2.117565,-0.917803,182.389465,147.903152,-765.705933,0,0
46.800000,-1.103811,0.737650,-0.907487,-0.196003,-0.724506,0.660813,0.583130,0.455670,0.672551,-0.788380,0.517162,0.333168,0.061561,-0.574131,-0.518049,0.631038,0.445247,-1.517274,-1.247436,0.132020,-0.170619,0.711800,-0.660813,-0.672551,-0.333168,0.000000,0.000000,0.000000,-1,-0.516693,-0.748962,0.447632,0.291987,-1.636618,-1.182941,182.389465,147.903152,-765.705933,0,0
46.840000,-1.178170,0.800208,-0.888651,-0.273338,-0.714930,0.643554,0.540683,0.439151,0.717501,-0.795581,0.544079,0.266514,0.072453,-0.601243,-0.524571,0.598399,0.753132,-1.181671,-0.866215,-0.031220,-0.021451,0.394444,-0.643554,-0.717501,-0.266514,0.000000,0.000000,0.000000,-1,-0.703735,-0.849289,0.047806,0.752760,-1.285197,-0.860917,184.667145,148.776260,-762.198853,0,0
46.880000,-1.241697,0.841131,-0.879161,-0.337168,-0.698822,0.630845,0.513434,0.425169,0.745397,-0.789116,0.575221,0.215445,0.074529,-0.621870,-0.530906,0.570843,0.381687,-0.994871,-0.726808,-0.486571,-0.197199,0.256324,-0.630845,-0.745397,-0.215445,0.000000,0.000000,0.000000,-1,-1.117416,-0.942596,0.040878,0.405471,-1.269157,-0.765682,183.966309,146.680817,-760.862854,0,0
46.920000,-1.259049,0.857470,-0.870145,-0.352437,-0.698493,0.622812,0.500202,0.421871,0.756189,-0.790940,0.578042,0.200704,0.079036,-0.627217,-0.531806,0.563502,0.460670,-0.050599,-0.272414,-0.034262,0.161783,0.291616,-0.622812,-0.756189,-0.200704,0.000000,0.000000,0.000000,-1,-0.563950,-0.548630,0.101379,0.403655,-0.218896,-0.332150,183.966309,146.680817,-760.862854,0,0
46.960000,-1.297574,0.869161,-0.833212,-0.362843,-0.694300,0.621525,0.477708,0.434078,0.763788,-0.800088,0.574042,0.174170,0.085013,-0.636936,-0.525103,0.557989,0.571914,-0.475343,-0.005793,0.164646,0.133218,0.125220,-0.621525,-0.763787,-0.174170,0.000000,0.000000,0.000000,-1,-0.418808,-0.673203,-0.059036,0.571542,-0.578867,-0.000496,183.791107,148.601639,-760.361816,0,0
47.000000,-1.351412,0.885990,-0.777727,-0.375377,-0.691343,0.617362,0.443817,0.450679,0.774542,-0.813706,0.564742,0.137655,0.095247,-0.649692,-0.515353,0.550672,1.179053,-0.092055,-0.350350,0.107505,0.062109,0.154806,-0.617362,-0.774542,-0.137655,0.000000,0.000000,0.000000,-1,-0.509857,-0.712433,0.017151,1.104407,-0.199759,-0.304857,184.141525,147.204681,-760.361816,0,0
47.040000,-1.398499,0.904324,-0.718878,-0.380933,-0.695652,0.609063,0.407121,0.465236,0.786008,-0.830146,0.547378,0.105991,0.109362,-0.659579,-0.505393,0.545503,1.355787,0.090346,-0.322273,-0.031989,0.133725,0.195423,-0.609063,-0.786008,-0.105991,0.000000,0.000000,0.000000,-1,-0.669800,-0.645432,0.112656,1.362707,-0.094847,-0.340089,184.842346,147.553925,-758.023804,0,0
47.080000,-1.448904,0.922805,-0.632250,-0.369589,-0.710263,0.599108,0.356696,0.486913,0.797298,-0.858005,0.508372,0.073391,0.132389,-0.667666,-0.488893,0.545600,1.143977,0.332326,-0.151900,-0.074507,0.122539,0.067806,-0.599108,-0.797298,-0.073391,0.000000,0.000000,0.000000,-1,-0.681137,-0.692688,-0.036819,1.143605,0.228804,-0.146602,185.543167,147.204681,-757.021790,0,0
47.120000,-1.519101,0.930560,-0.539645,-0.367189,-0.713622,0.596587,0.306955,0.512491,0.801955,-0.878038,0.477594,0.030868,0.149542,-0.679855,-0.470523,0.542257,1.308724,-0.095885,-0.076257,0.048323,-0.046266,0.113174,-0.596587,-0.801955,-0.030868,0.000000,0.000000,0.000000,-1,-0.548264,-0.848221,0.082306,1.325451,-0.140016,-0.059717,184.491928,147.553925,-755.685791,0,0
47.160000,-1.578003,0.937850,-0.471480,-0.372631,-0.715028,0.591507,0.268673,0.526986,0.806288,-0.888235,0.459370,-0.004263,0.161745,-0.689906,-0.458634,0.536212,1.334669,-0.130103,-0.238064,0.114243,-0.082094,0.075495,-0.591507,-0.806288,0.004263,0.000000,0.000000,0.000000,-1,-0.450241,-0.898453,-0.037903,1.321645,-0.211275,-0.209338,185.017548,146.331573,-753.514709,0,0
47.200000,-1.666867,0.947686,-0.395425,-0.399887,-0.708997,0.580873,0.224789,0.538532,0.812067,-0.888572,0.455309,-0.055977,0.171434,-0.706115,-0.448714,0.520257,0.397141,-0.851189,-0.321275,0.042024,-0.038641,-0.101586,-0.580873,-0.812067,0.055977,0.000000,0.000000,0.000000,-1,-0.600555,-0.785049,0.083649,0.396770,-0.954659,-0.315989,185.367966,144.934616,-751.176697,0,0
47.240000,-1.706703,0.957221,-0.382271,-0.427882,-0.701045,0.570485,0.214788,0.534234,0.817595,-0.877942,0.472367,-0.078013,0.170219,-0.714165,-0.451563,0.507035,0.085630,-0.433176,-0.124002,0.004628,0.168272,0.102681,-0.570485,-0.817595,0.078013,0.000000,0.000000,0.000000,-1,-0.565857,-0.649323,0.180695,0.086122,-0.572760,-0.164304,184.491928,144.061523,-750.675659,0,0
47.280000,-1.724370,0.960570,-0.377238,-0.440535,-0.696580,0.566308,0.211086,0.532759,0.819519,-0.872566,0.480566,-0.087660,0.169091,-0.717801,-0.452801,0.501140,0.012171,-0.575243,-0.121488,-0.169303,-0.058136,0.073732,-0.566308,-0.819519,0.087660,0.000000,0.000000,0.000000,-1,-0.766235,-0.924896,0.071045,0.046898,-0.604511,-0.127562,184.491928,144.410767,-751.343689,0,0
47.320000,-1.726293,0.962409,-0.408316,-0.464028,-0.682532,0.564649,0.226940,0.524558,0.820571,-0.856257,0.508909,-0.088516,0.158058,-0.720608,-0.461236,0.492954,-0.690622,-0.469914,0.131502,-0.331790,-0.093293,0.031739,-0.564649,-0.820571,0.088516,0.000000,0.000000,0.000000,-1,-0.908859,-0.911346,0.154999,-0.690994,-0.573380,0.136786,183.090286,145.807724,-750.675659,0,0
47.360000,-1.692511,0.955199,-0.449703,-0.461617,-0.677039,0.573174,0.251015,0.520034,0.816429,-0.850824,0.520752,-0.070110,0.148710,-0.716198,-0.466763,0.497068,-0.519948,0.984901,0.266657,-0.420692,-0.145714,-0.113063,-0.573174,-0.816429,0.070110,0.000000,0.000000,0.000000,-1,-0.993866,-0.962143,-0.042953,-0.440924,0.585592,0.241554,184.667145,145.982346,-751.510681,0,0
47.400000,-1.615151,0.945172,-0.486677,-0.417928,-0.695039,0.585028,0.273881,0.517610,0.810598,-0.866213,0.499000,-0.025966,0.150356,-0.700269,-0.467534,0.518101,-0.795053,1.907524,0.429338,-0.074137,-0.201823,-0.194667,-0.585028,-0.810598,0.025966,0.000000,0.000000,0.000000,-1,-0.569016,-0.978882,-0.218292,-0.717956,1.671518,0.423729,182.389465,145.807724,-752.011719,0,1
47.440000,-1.415508,0.916476,-0.595088,-0.311371,-0.735861,0.601296,0.341181,0.503997,0.793462,-0.886929,0.452212,0.094132,0.150416,-0.655979,-0.474738,0.567177,-1.899982,2.728591,0.750544,0.260308,0.029866,-0.129501,-0.601296,-0.793462,-0.094132,0.000000,0.000000,0.000000,-1,-0.377975,-0.828293,-0.238525,-1.900354,2.625128,0.755828,183.265488,144.236145,-754.516724,0,0
47.480000,-1.208973,0.860955,-0.758965,-0.231329,-0.758272,0.609517,0.448490,0.472850,0.758465,-0.863333,0.448817,0.230694,0.127601,-0.606936,-0.497286,0.606674,-2.809439,0.815092,0.176713,0.121693,-0.281909,0.439876,-0.609517,-0.758465,-0.230694,0.000000,0.000000,0.000000,-1,-0.487823,-1.040375,0.209183,-2.774161,0.981066,0.277187,182.389465,145.109238,-755.351746,0,0
47.520000,-1.125205,0.827167,-0.884788,-0.240893,-0.754201,0.610862,0.523821,0.428825,0.736017,-0.817057,0.497284,0.291766,0.098129,-0.586931,-0.525317,0.608214,-3.114924,-1.002548,-0.110621,0.096549,-0.536154,0.458208,-0.610862,-0.736017,-0.291766,0.000000,0.000000,0.000000,-1,-0.547302,-1.409042,-0.065979,-3.088623,-0.890816,-0.124685,182.915085,146.680817,-758.524780,0,0
47.560000,-1.047843,0.775567,-0.974603,-0.221472,-0.753852,0.618593,0.590840,0.400922,0.700121,-0.775795,0.520547,0.356613,0.072445,-0.562535,-0.542486,0.619690,-0.363906,1.620949,0.920508,0.173006,-0.344419,0.579864,-0.618593,-0.700121,-0.356613,0.000000,0.000000,0.000000,-1,-0.405853,-0.923080,-0.055420,-0.364278,1.517487,0.925792,181.513428,146.331573,-761.864868,0,0
47.600000,-1.023293,0.712025,-0.979891,-0.173261,-0.743083,0.646381,0.628674,0.421757,0.653368,-0.758122,0.519566,0.394083,0.052200,-0.547936,-0.535161,0.640816,-1.009125,0.485852,1.188035,0.116825,-0.024366,0.335260,-0.646381,-0.653368,-0.394083,0.000000,0.000000,0.000000,-1,-0.529556,-0.677734,-0.058823,-1.043593,0.286972,1.193062,180.987808,148.252396,-761.363831,0,0
47.640000,-1.010734,0.674883,-0.982677,-0.145681,-0.735665,0.661494,0.649598,0.433175,0.624806,-0.746190,0.520728,0.414781,0.039886,-0.539462,-0.530869,0.652356,-0.455751,0.209649,0.817263,0.245280,-0.029171,0.272752,-0.661494,-0.624806,-0.414781,0.000000,0.000000,0.000000,-1,-0.368286,-0.629715,-0.184601,-0.533391,0.186876,0.897495,180.987808,147.204681,-763.033875,0,0
47.680000,-1.015786,0.644091,-0.977834,-0.128746,-0.722182,0.679615,0.663137,0.446859,0.600472,-0.737342,0.527987,0.421375,0.027479,-0.537175,-0.525181,0.659448,-0.077766,-0.040047,0.450432,0.406300,0.043007,0.190616,-0.679615,-0.600472,-0.421375,0.000000,0.000000,0.000000,-1,-0.243439,-0.532394,-0.254837,-0.078138,-0.143506,0.455716,176.607666,150.522461,-762.866882,0,0
47.720000,-1.038804,0.647472,-0.960227,-0.135069,-0.713628,0.687380,0.653500,0.457298,0.603172,-0.744778,0.530673,0.404590,0.027585,-0.544926,-0.520183,0.657042,0.617136,-0.481965,-0.136022,0.434923,0.154014,0.163470,-0.687380,-0.603172,-0.404590,0.000000,0.000000,0.000000,-1,-0.252457,-0.449158,-0.241119,0.554198,-0.534485,-0.098367,176.257248,148.077774,-763.200867,0,0
47.760000,-1.066180,0.662906,-0.939788,-0.149740,-0.708185,0.689965,0.636425,0.465010,0.615410,-0.756665,0.531263,0.381076,0.032304,-0.555355,-0.516189,0.651219,0.737095,-0.412083,-0.198292,0.338143,0.078422,0.094393,-0.689965,-0.615410,-0.381076,0.000000,0.000000,0.000000,-1,-0.375900,-0.519608,-0.317337,0.747374,-0.564288,-0.178013,176.432449,148.601639,-762.699829,0,1
47.800000,-1.083680,0.695509,-0.918442,-0.165818,-0.715707,0.678430,0.610080,0.466056,0.640776,-0.774795,0.520149,0.359358,0.046818,-0.564029,-0.514568,0.644126,0.688054,0.088761,-0.620180,0.352625,0.177641,0.030531,-0.678430,-0.640776,-0.359358,0.000000,0.000000,0.000000,-1,-0.375397,-0.532867,-0.338226,0.687683,-0.014695,-0.614896,176.607666,148.427017,-763.200867,0,0
47.840000,-1.093285,0.742779,-0.897274,-0.182858,-0.733886,0.654197,0.575742,0.459444,0.676338,-0.796922,0.500322,0.338516,0.069250,-0.570917,-0.515250,0.635433,0.824267,-0.170859,-0.533285,0.048698,-0.135628,-0.146088,-0.654197,-0.676338,-0.338516,0.000000,0.000000,0.000000,-1,-0.605499,-0.811966,-0.484604,0.842488,-0.211999,-0.685917,177.308487,148.427017,-762.532837,0,0
47.880000,-1.101538,0.751293,-0.879057,-0.180396,-0.736615,0.651810,0.562822,0.466165,0.682584,-0.806653,0.489988,0.330489,0.075746,-0.573601,-0.511058,0.635661,0.217585,0.622297,0.258037,-0.466217,-0.252779,-0.365083,-0.651810,-0.682584,-0.330489,0.000000,0.000000,0.000000,-1,-1.242722,-0.928375,-0.738434,0.353719,0.264215,0.143829,178.359726,148.077774,-759.860840,0,0
47.920000,-1.045948,0.716805,-0.885935,-0.123379,-0.747736,0.652432,0.583907,0.476896,0.656980,-0.802390,0.462017,0.377770,0.074086,-0.552835,-0.506027,0.657892,-0.752116,1.006776,0.723325,-0.368304,0.102139,-0.360038,-0.652432,-0.656980,-0.377770,0.000000,0.000000,0.000000,-1,-0.905090,-0.528656,-0.680542,-0.752488,0.903322,0.728609,178.184509,147.204681,-760.027832,0,0
47.960000,-1.007486,0.679856,-0.892444,-0.078781,-0.749317,0.657508,0.605495,0.487992,0.628681,-0.791940,0.447646,0.415263,0.067014,-0.536542,-0.501511,0.675365,-0.239592,0.334420,0.597319,0.102943,0.033878,-0.200337,-0.657508,-0.628681,-0.415263,0.000000,0.000000,0.000000,-1,-0.554565,-0.594803,-0.615601,-0.309976,0.373054,0.615498,176.257248,147.728546,-761.196838,0,0
48.000000,-0.982569,0.658746,-0.898854,-0.053119,-0.751270,0.657854,0.618860,0.492254,0.612125,-0.783703,0.439635,0.438783,0.062936,-0.525973,-0.499912,0.685186,0.006215,0.264166,0.391752,0.076235,0.059666,-0.106383,-0.657854,-0.612125,-0.438783,0.000000,0.000000,0.000000,-1,-0.702209,-0.633560,-0.512054,-0.000175,0.114188,0.496243,176.782867,147.553925,-762.365845,0,0
48.040000,-0.952401,0.660173,-0.905867,-0.035537,-0.764531,0.643607,0.621609,0.487363,0.613253,-0.782521,0.421865,0.457920,0.069246,-0.515989,-0.501521,0.690968,0.181991,0.530549,-0.135800,-0.224054,-0.608915,-0.070172,-0.643607,-0.613253,-0.457920,0.000000,0.000000,0.000000,-1,-0.745621,-1.238937,-0.651794,0.181643,0.427072,-0.130512,176.782867,146.506195,-760.361816,0,0
48.080000,-0.964141,0.662806,-0.909612,-0.048913,-0.760401,0.647609,0.622153,0.484038,0.615331,-0.781366,0.433010,0.449410,0.066406,-0.520466,-0.503559,0.686392,-0.363085,-1.734517,-0.431239,0.539959,0.103399,0.611123,-0.647609,-0.615331,-0.449410,0.000000,0.000000,0.000000,-1,-0.107651,-0.511932,0.161713,-0.171804,-1.709641,-0.383966,174.505188,146.680817,-761.196838,0,0
48.120000,-1.003549,0.662341,-0.942490,-0.103782,-0.739549,0.665053,0.637960,0.463493,0.614965,-0.763044,0.488100,0.423700,0.047499,-0.534690,-0.515749,0.667722,-0.553876,-2.629682,-0.659114,1.005462,-0.535426,-0.199804,-0.665053,-0.614965,-0.423700,0.000000,0.000000,0.000000,-1,0.348938,-1.461456,-0.499252,-0.698037,-2.496493,-0.494815,177.483688,147.204681,-760.027832,0,0
48.160000,-1.071789,0.737494,-0.964528,-0.212527,-0.729701,0.649900,0.608245,0.421744,0.672436,-0.764768,0.538209,0.354205,0.053675,-0.565700,-0.535020,0.625184,1.609943,-1.492342,-2.241113,0.206021,-0.208454,0.979876,-0.649900,-0.672436,-0.354205,0.000000,0.000000,0.000000,-1,-0.542969,-0.750565,0.723465,1.609596,-1.595770,-2.235837,175.731628,146.506195,-761.697876,0,0
48.200000,-1.180121,0.833165,-0.907661,-0.304850,-0.721355,0.621863,0.530003,0.414008,0.740064,-0.791305,0.555198,0.256111,0.079108,-0.604720,-0.535479,0.584223,1.079667,-1.739833,-0.424768,-0.399866,-0.050555,0.160179,-0.621863,-0.740064,-0.256111,0.000000,0.000000,0.000000,-1,-1.021729,-0.790619,-0.095932,1.440596,-1.905234,-0.744436,178.009308,145.982346,-759.860840,0,0
48.240000,-1.223440,0.836273,-0.903316,-0.337342,-0.699316,0.630204,0.526390,0.414881,0.742151,-0.780457,0.582092,0.228156,0.070037,-0.617265,-0.536334,0.571335,-0.139752,-1.214767,-0.237120,-0.468383,-0.153693,0.262580,-0.630204,-0.742151,-0.228156,0.000000,0.000000,0.000000,-1,-0.962296,-0.805862,0.063690,-0.170285,-1.257522,-0.072227,178.359726,145.283859,-756.186768,0,0
48.280000,-1.296450,0.871327,-0.885500,-0.398810,-0.675929,0.619735,0.498459,0.407470,0.765184,-0.769733,0.614076,0.174420,0.069463,-0.638721,-0.539852,0.543847,0.797709,-0.881419,-0.658488,0.014174,0.046831,0.218045,-0.619734,-0.765184,-0.174420,0.000000,0.000000,0.000000,-1,-0.544754,-0.735199,0.084793,0.797362,-0.984844,-0.653212,179.235748,146.156952,-757.355774,0,0
48.320000,-1.360745,0.892172,-0.825221,-0.417893,-0.669672,0.613925,0.461186,0.425844,0.778437,-0.782734,0.608437,0.130887,0.079650,-0.654380,-0.529843,0.533582,1.079907,-0.502003,-0.048482,0.110477,0.096323,0.046536,-0.613925,-0.778437,-0.130887,0.000000,0.000000,0.000000,-1,-0.503448,-0.682114,-0.084351,1.056209,-0.507903,-0.052962,178.184509,146.506195,-758.023804,0,0
48.360000,-1.419382,0.899923,-0.777288,-0.435548,-0.657736,0.614558,0.436007,0.443138,0.783279,-0.787525,0.609107,0.093770,0.082982,-0.668004,-0.521100,0.524729,0.961597,-0.764976,-0.073648,0.066111,0.123428,0.082052,-0.614558,-0.783279,-0.093770,0.000000,0.000000,0.000000,-1,-0.557709,-0.640381,0.002335,0.983506,-0.881147,-0.084515,179.235748,146.156952,-756.019775,0,0
48.400000,-1.519976,0.912804,-0.702981,-0.472104,-0.635699,0.610740,0.395351,0.466547,0.791221,-0.787918,0.614996,0.031065,0.087010,-0.690577,-0.509073,0.506337,1.312266,-0.959427,-0.364903,0.072364,0.099754,0.009321,-0.610740,-0.791221,-0.031065,0.000000,0.000000,0.000000,-1,-0.522949,-0.736313,0.034958,1.311919,-1.062851,-0.359626,179.235748,145.109238,-754.015747,0,0
48.440000,-1.624580,0.927007,-0.599215,-0.494838,-0.629206,0.599363,0.338527,0.495658,0.799827,-0.800335,0.598685,-0.032267,0.102191,-0.711119,-0.491659,0.492075,1.203460,-0.388931,-0.295009,0.039106,0.104743,-0.070032,-0.599363,-0.799827,0.032267,0.000000,0.000000,0.000000,-1,-0.560257,-0.695084,-0.037766,1.287079,-0.405452,-0.314452,178.710129,144.585373,-752.512695,0,0
48.480000,-1.716011,0.936295,-0.540896,-0.534371,-0.608623,0.586537,0.305223,0.508156,0.805367,-0.788217,0.609389,-0.085778,0.103985,-0.729435,-0.484881,0.471171,0.350120,-1.258320,-0.295508,0.030247,-0.001594,-0.172829,-0.586537,-0.805367,0.085778,0.000000,0.000000,0.000000,-1,-0.556290,-0.806961,-0.087051,0.349773,-1.361742,-0.290232,178.359726,145.283859,-748.504639,0,0
48.520000,-1.763518,0.944548,-0.522779,-0.563000,-0.593387,0.575258,0.292638,0.507826,0.810232,-0.772912,0.624504,-0.112258,0.101774,-0.738763,-0.485519,0.456226,0.406410,-0.839689,-0.396944,0.095644,0.040411,-0.034255,-0.575258,-0.810232,0.112258,0.000000,0.000000,0.000000,-1,-0.504562,-0.770660,0.180679,0.406063,-0.943110,-0.391667,178.359726,145.283859,-748.504639,0,0
48.560000,-1.817071,0.954690,-0.499342,-0.593038,-0.578125,0.560426,0.276708,0.507303,0.816135,-0.756134,0.639074,-0.140879,0.100669,-0.748535,-0.486019,0.439712,-0.185858,-0.900779,-0.122083,-0.194503,0.011768,-0.045496,-0.560426,-0.816135,0.140879,0.000000,0.000000,0.000000,-1,-0.754929,-0.804367,0.095383,-0.081108,-0.979883,-0.163815,178.359726,145.633102,-748.838684,0,0
48.600000,-1.832045,0.957405,-0.516335,-0.614614,-0.559456,0.556111,0.284193,0.500599,0.817701,-0.735856,0.660613,-0.148682,0.091472,-0.752312,-0.491257,0.429332,-0.369255,-0.983241,0.036677,-0.261073,-0.000903,-0.062454,-0.556111,-0.817701,0.148682,0.000000,0.000000,0.000000,-1,-0.821655,-0.793915,0.110413,-0.370703,-1.115292,0.037840,179.235748,144.410767,-749.339661,0,0
48.640000,-1.830199,0.955696,-0.547073,-0.629700,-0.540750,0.557734,0.300170,0.492822,0.816716,-0.716503,0.681701,-0.148013,0.079830,-0.753415,-0.497209,0.422821,-0.391459,-0.210111,0.194054,-0.318837,-0.039806,-0.095644,-0.557734,-0.816716,0.148013,0.000000,0.000000,0.000000,-1,-0.932480,-0.946091,0.070694,-0.391806,-0.313530,0.199330,179.060547,145.283859,-750.174683,0,0
48.680000,-1.785792,0.950627,-0.590603,-0.619934,-0.541566,0.567793,0.323633,0.482725,0.813780,-0.714803,0.688246,-0.123989,0.073024,-0.746098,-0.503294,0.429768,-0.658174,0.950939,0.276851,-0.478411,-0.288530,-0.267239,-0.567793,-0.813780,0.123989,0.000000,0.000000,0.000000,-1,-1.046204,-1.102310,-0.143250,-0.582135,0.541152,0.301815,178.359726,144.934616,-748.504639,0,1
48.720000,-1.679240,0.949727,-0.643049,-0.571410,-0.582103,0.578487,0.348932,0.465682,0.813257,-0.742790,0.666556,-0.062981,0.080450,-0.724581,-0.510575,0.455876,-1.191659,2.749012,0.252278,-0.425969,-0.110190,-0.112327,-0.578487,-0.813257,0.062981,0.000000,0.000000,0.000000,-1,-0.859467,-0.884796,-0.019379,-1.151960,2.480112,0.197228,178.885345,145.458481,-752.011719,0,0
48.760000,-1.457437,0.921656,-0.744004,-0.452801,-0.658957,0.600622,0.409392,0.444770,0.796604,-0.792066,0.606593,0.068379,0.092262,-0.676238,-0.518751,0.514866,-1.754878,2.967235,0.844673,0.157019,0.063709,-0.103602,-0.600622,-0.796604,-0.068379,0.000000,0.000000,0.000000,-1,-0.485870,-0.900909,-0.052811,-1.755225,2.863819,0.849949,178.885345,145.458481,-752.011719,0,0
48.800000,-1.232090,0.868617,-0.893632,-0.352988,-0.710134,0.609187,0.503370,0.404701,0.763437,-0.788681,0.576131,0.214606,0.083224,-0.621105,-0.539188,0.562654,-2.506667,1.849203,0.475067,-0.004506,-0.207892,0.535986,-0.609187,-0.763436,-0.214606,0.000000,0.000000,0.000000,-1,-0.613693,-0.971329,0.321381,-2.522635,1.929279,0.529682,179.060547,145.283859,-755.852783,0,0
48.840000,-1.138074,0.832728,-0.984414,-0.327350,-0.720913,0.610841,0.560457,0.372328,0.739770,-0.760743,0.584514,0.282159,0.067385,-0.595298,-0.556143,0.576007,-2.295819,-0.348015,0.166735,-0.011336,-0.523658,0.437311,-0.610841,-0.739770,-0.282159,0.000000,0.000000,0.000000,-1,-0.610626,-1.236725,0.077286,-2.265462,0.155199,0.296581,177.834106,145.807724,-759.693848,0,0
48.880000,-1.139347,0.798182,-1.006148,-0.325718,-0.701352,0.634044,0.589662,0.373518,0.716088,-0.739057,0.607115,0.291899,0.047074,-0.593156,-0.557696,0.578727,0.087574,1.152092,1.490999,-0.190128,-0.377891,0.230056,-0.634044,-0.716088,-0.291899,0.000000,0.000000,0.000000,-1,-0.672409,-0.989914,-0.173965,0.087227,1.048678,1.496275,177.834106,145.807724,-759.693848,0,0
48.920000,-1.050816,0.725809,-1.013691,-0.226207,-0.726289,0.649103,0.634862,0.395471,0.663741,-0.738770,0.562234,0.371635,0.040886,-0.559027,-0.548263,0.620665,-0.575022,1.473765,1.078809,0.319529,0.054595,0.331581,-0.649103,-0.663741,-0.371635,0.000000,0.000000,0.000000,-1,-0.329575,-0.609146,-0.040054,-0.724887,1.530549,1.155216,176.082047,146.506195,-761.363831,0,0
48.960000,-1.022071,0.698054,-1.001628,-0.180812,-0.734903,0.653624,0.645319,0.412872,0.642728,-0.742206,0.538009,0.399595,0.040991,-0.546372,-0.540263,0.638681,-0.126277,1.046246,0.905598,0.423888,-0.034350,0.370954,-0.653624,-0.642728,-0.399595,0.000000,0.000000,0.000000,-1,-0.223267,-0.666672,-0.030090,-0.123334,0.991629,0.927637,175.731628,147.553925,-762.031860,0,0
49.000000,-0.995272,0.665414,-0.983092,-0.129254,-0.740120,0.659936,0.654672,0.436166,0.617385,-0.744781,0.511841,0.428160,0.040063,-0.533212,-0.529445,0.658611,-0.026616,0.688530,0.622101,0.410363,-0.015367,0.408888,-0.659936,-0.617385,-0.428160,0.000000,0.000000,0.000000,-1,-0.250397,-0.602280,-0.005157,-0.026963,0.585119,0.627377,175.731628,147.553925,-762.031860,0,0
49.040000,-0.994887,0.653397,-0.962525,-0.107178,-0.738261,0.665945,0.651605,0.453744,0.607887,-0.750949,0.499085,0.432423,0.040787,-0.531154,-0.521022,0.666894,0.338025,0.026304,0.183883,0.564428,0.132179,0.365956,-0.665945,-0.607887,-0.432423,0.000000,0.000000,0.000000,-1,-0.101517,-0.475708,-0.066467,0.294350,-0.022947,0.247897,174.680389,145.807724,-760.695801,0,0
49.080000,-1.008295,0.661158,-0.947786,-0.110664,-0.736185,0.667672,0.640996,0.460532,0.614032,-0.759525,0.495926,0.420927,0.044377,-0.536253,-0.517460,0.665356,0.534341,-0.250897,-0.141463,0.555688,0.095828,0.219694,-0.667672,-0.614032,-0.420927,0.000000,0.000000,0.000000,-1,-0.133392,-0.525742,-0.221878,0.510839,-0.336195,-0.077510,174.680389,146.156952,-761.363831,0,1
49.120000,-1.030348,0.697790,-0.926221,-0.131252,-0.742329,0.657055,0.612517,0.460417,0.642526,-0.779484,0.486790,0.394258,0.059315,-0.547131,-0.516017,0.656396,0.946993,-0.210350,-0.679117,0.396206,0.124948,0.149248,-0.657055,-0.642526,-0.394258,0.000000,0.000000,0.000000,-1,-0.317123,-0.551834,-0.265625,0.946646,-0.313759,-0.673842,175.731628,145.109238,-761.029846,0,0
49.160000,-1.052822,0.744915,-0.892897,-0.148235,-0.755032,0.638712,0.572599,0.461052,0.677909,-0.806323,0.466216,0.363986,0.081740,-0.557965,-0.512633,0.647457,0.800432,0.517641,-0.220198,-0.165686,-0.374260,-0.266812,-0.638712,-0.677909,-0.363986,0.000000,0.000000,0.000000,-1,-0.804398,-1.052170,-0.630798,0.907664,0.204031,-0.402373,176.607666,145.283859,-760.194824,0,0
49.200000,-1.037013,0.737051,-0.870525,-0.114564,-0.761928,0.637448,0.566201,0.477167,0.672107,-0.816267,0.437923,0.376738,0.088784,-0.551134,-0.503521,0.659421,-0.090861,1.257248,0.951070,-0.807742,-0.446561,-0.518586,-0.637448,-0.672107,-0.376738,0.000000,0.000000,0.000000,-1,-1.451324,-0.878738,-0.924988,0.121854,1.097459,0.797875,175.906830,145.982346,-758.190796,0,0
49.240000,-0.996321,0.681822,-0.876186,-0.058649,-0.756126,0.651792,0.596531,0.496979,0.630208,-0.800444,0.425775,0.421905,0.074944,-0.532382,-0.495877,0.681952,-0.840312,0.181696,0.629114,-0.305514,0.394491,-0.231934,-0.651792,-0.630208,-0.421905,0.000000,0.000000,0.000000,-1,-0.843430,-0.234436,-0.607040,-0.840658,0.078334,0.634378,174.680389,145.109238,-759.025818,0,0
49.280000,-0.972113,0.693309,-0.910136,-0.071032,-0.768937,0.635366,0.607300,0.471971,0.639086,-0.791291,0.431253,0.433450,0.076725,-0.526676,-0.508063,0.677198,-0.270821,-0.441422,0.088405,0.202581,-0.128782,-0.032233,-0.635366,-0.639086,-0.433450,0.000000,0.000000,0.000000,-1,-0.432785,-0.767868,-0.465683,-0.322867,-0.579627,0.209345,174.154770,147.030060,-759.526794,0,0
49.320000,-0.992193,0.708718,-0.909921,-0.094525,-0.766193,0.635620,0.599352,0.466001,0.650861,-0.794885,0.442483,0.415171,0.077948,-0.535106,-0.514380,0.663477,-0.094458,-0.053767,-0.873698,0.126254,-0.452337,0.114532,-0.629642,-0.660151,-0.409576,0.000000,0.000000,0.000000,-1,-0.503387,-1.112488,-0.295044,-0.094815,-0.157157,-0.868367,175.381226,145.807724,-759.359802,0,0
49.360000,-0.988750,0.725005,-0.955434,-0.134996,-0.768662,0.625248,0.611195,0.432073,0.663139,-0.779882,0.471670,0.411474,0.073241,-0.537493,-0.527825,0.653558,-0.989596,-1.218573,-0.619239,0.118687,-0.108223,0.521078,-0.625248,-0.663139,-0.411474,0.000000,0.000000,0.000000,-1,-0.461197,-0.839142,0.220215,-0.989953,-1.321962,-0.613907,175.206009,145.633102,-759.860840,0,0
49.400000,-1.042290,0.752505,-0.996565,-0.221653,-0.743969,0.630381,0.612898,0.396517,0.683470,-0.758437,0.537852,0.368088,0.058615,-0.559035,-0.546174,0.621078,0.022998,-1.185312,-1.073056,0.768702,-0.524706,0.364380,-0.630381,-0.683470,-0.368088,0.000000,0.000000,0.000000,-1,0.138321,-1.208176,-0.003708,-0.000886,-1.583404,-1.043797,174.680389,145.458481,-761.029846,0,0
49.440000,-1.115013,0.819808,-0.989786,-0.307089,-0.728210,0.612704,0.570392,0.374527,0.731015,-0.761807,0.573968,0.300352,0.067141,-0.587636,-0.555183,0.584763,1.551179,-2.259644,-1.313750,0.001528,0.061123,0.846510,-0.612704,-0.731015,-0.300352,0.000000,0.000000,0.000000,-1,-0.611176,-0.669891,0.546158,1.550822,-2.363031,-1.308419,177.834106,146.156952,-761.363831,0,0
49.480000,-1.214310,0.856885,-0.958611,-0.379113,-0.692629,0.613627,0.535880,0.376283,0.755807,-0.754391,0.615366,0.228513,0.063427,-0.617835,-0.554829,0.553553,0.650178,-2.403784,-0.564949,-0.225957,0.098443,0.357266,-0.613627,-0.755807,-0.228513,0.000000,0.000000,0.000000,-1,-0.938232,-0.730240,0.164810,0.649821,-2.507170,-0.559617,177.834106,147.204681,-759.693848,0,0
49.520000,-1.263621,0.884708,-0.955738,-0.427888,-0.672505,0.603861,0.517417,0.365542,0.773730,-0.741074,0.643518,0.191554,0.061268,-0.632826,-0.559888,0.531321,0.567267,-0.673622,-0.632475,-0.416952,0.043032,0.200847,-0.603861,-0.773730,-0.191554,0.000000,0.000000,0.000000,-1,-0.890366,-0.648544,-0.035675,0.396903,-0.683700,-0.619309,177.834106,144.410767,-759.359802,0,0
49.560000,-1.318063,0.909961,-0.919513,-0.456350,-0.662253,0.594278,0.488140,0.372076,0.789480,-0.743952,0.650370,0.153476,0.067266,-0.647099,-0.556271,0.517011,1.065128,-0.839899,-0.520203,-0.027655,0.090948,0.156451,-0.594278,-0.789480,-0.153476,0.000000,0.000000,0.000000,-1,-0.547974,-0.742508,0.035553,0.926247,-0.693912,-0.365550,175.381226,144.410767,-759.025818,0,0
49.600000,-1.380891,0.931276,-0.867257,-0.478746,-0.653691,0.586081,0.455102,0.386089,0.802382,-0.750789,0.650864,0.112657,0.075013,-0.661849,-0.548934,0.504975,0.580915,-0.270086,-0.195132,0.148535,0.035430,0.098528,-0.586081,-0.802382,-0.112657,0.000000,0.000000,0.000000,-1,-0.440262,-0.774597,-0.045853,0.580558,-0.373470,-0.189800,178.359726,143.537659,-757.522766,0,0
49.640000,-1.438882,0.944006,-0.823432,-0.499494,-0.642199,0.581452,0.430223,0.398681,0.809914,-0.751940,0.654701,0.077150,0.078541,-0.674727,-0.542670,0.494049,0.657137,-0.715368,-0.190771,0.079591,0.074074,0.029161,-0.581453,-0.809914,-0.077150,0.000000,0.000000,0.000000,-1,-0.520172,-0.730042,-0.021317,0.654695,-0.774219,-0.183490,177.658890,144.236145,-757.522766,0,0
49.680000,-1.517795,0.963537,-0.766195,-0.530457,-0.627633,0.569818,0.395666,0.411162,0.821215,-0.749709,0.661077,0.030229,0.083892,-0.691265,-0.536079,0.477214,1.009310,-0.488868,-0.450967,0.044214,0.093981,0.138475,-0.569818,-0.821215,-0.030229,0.000000,0.000000,0.000000,-1,-0.525604,-0.727234,0.108246,1.008953,-0.592251,-0.445636,176.782867,144.759995,-755.685791,0,0
49.720000,-1.581762,0.976927,-0.704648,-0.545178,-0.624258,0.559538,0.362471,0.426304,0.828782,-0.755907,0.654650,-0.006136,0.093078,-0.703139,-0.527432,0.467705,1.190024,-0.582146,-0.438709,0.017378,0.075699,0.038130,-0.559538,-0.828782,0.006136,0.000000,0.000000,0.000000,-1,-0.534500,-0.759140,-0.028824,1.189667,-0.685528,-0.433378,178.184509,144.410767,-754.349731,0,0
49.760000,-1.680048,0.991880,-0.630686,-0.578727,-0.607698,0.543855,0.322634,0.441864,0.837056,-0.748987,0.659894,-0.059655,0.098822,-0.721153,-0.518943,0.448186,0.556354,-0.929806,-0.371652,0.044115,0.067998,-0.057091,-0.543855,-0.837056,0.059655,0.000000,0.000000,0.000000,-1,-0.499741,-0.769058,0.002563,0.631580,-0.984392,-0.350354,178.885345,143.013794,-752.679688,0,0
49.800000,-1.757255,1.007255,-0.599024,-0.621491,-0.581552,0.524924,0.301192,0.441175,0.845369,-0.723209,0.683492,-0.099027,0.095343,-0.735135,-0.519925,0.424457,0.197026,-0.898006,-0.371026,-0.027673,-0.006468,-0.106534,-0.524924,-0.845369,0.099027,0.000000,0.000000,0.000000,-1,-0.552597,-0.851837,-0.007507,0.196670,-1.001386,-0.365695,179.586166,144.759995,-752.011719,0,0
49.840000,-1.779766,1.014621,-0.600721,-0.640735,-0.568094,0.516457,0.298413,0.435514,0.849280,-0.707395,0.698281,-0.109523,0.091205,-0.739218,-0.523378,0.413901,-0.277327,-0.822408,-0.150204,-0.232262,0.082435,-0.023067,-0.516457,-0.849280,0.109523,0.000000,0.000000,0.000000,-1,-0.767609,-0.707077,0.120789,-0.277684,-0.925787,-0.144873,178.710129,143.886902,-752.846741,0,0
49.880000,-1.793385,1.013273,-0.625150,-0.663352,-0.541918,0.516033,0.309631,0.429023,0.848568,-0.681244,0.722679,-0.116798,0.078141,-0.743164,-0.528567,0.402763,-0.181119,-0.670210,0.240561,-0.231007,0.147366,0.006889,-0.516033,-0.848568,0.116798,0.000000,0.000000,0.000000,-1,-0.747040,-0.701202,0.123688,-0.184786,-0.795894,0.218372,180.637405,144.410767,-751.677734,0,0
49.920000,-1.795428,1.006209,-0.661503,-0.680798,-0.512800,0.523020,0.332381,0.420016,0.844458,-0.652715,0.748747,-0.115501,0.060595,-0.744365,-0.535089,0.394879,-0.802657,-0.479273,0.313564,-0.250876,-0.213205,-0.161476,-0.523020,-0.844458,0.115501,0.000000,0.000000,0.000000,-1,-0.773895,-1.057663,-0.045975,-0.803014,-0.582651,0.318895,178.184509,144.061523,-752.679688,0,0
49.960000,-1.747558,1.000944,-0.718697,-0.678077,-0.508079,0.531101,0.355214,0.406068,0.841981,-0.643456,0.759582,-0.094869,0.051778,-0.738074,-0.542480,0.397845,-0.754471,0.291400,0.246795,-0.373181,-0.199721,-0.115315,-0.531101,-0.841981,0.094869,0.000000,0.000000,0.000000,-1,-0.965591,-0.990738,-0.056259,-0.754828,0.188024,0.252126,178.009308,146.331573,-754.850769,0,1
50.000000,-1.607899,0.990486,-0.786006,-0.617514,-0.564336,0.547906,0.387931,0.387459,0.836293,-0.684241,0.728972,-0.020338,0.061978,-0.711567,-0.549936,0.432899,-0.858116,2.687807,0.466885,-0.200492,-0.112896,-0.083891,-0.547906,-0.836293,0.020338,0.000000,0.000000,0.000000,-1,-0.748398,-0.949188,-0.063553,-0.808650,2.445528,0.461657,177.658890,144.585373,-755.852783,0,0
50.040000,-1.377472,0.955895,-0.912349,-0.516473,-0.642457,0.566131,0.456278,0.352985,0.816830,-0.724615,0.680184,0.110831,0.070196,-0.663066,-0.564429,0.486658,-2.241521,2.507944,0.730791,0.150421,-0.165225,-0.059548,-0.566131,-0.816830,-0.110831,0.000000,0.000000,0.000000,-1,-0.415710,-0.982056,-0.170380,-2.241878,2.404568,0.736122,179.235748,144.410767,-757.021790,0,0
50.080000,-1.227401,0.915434,-1.015220,-0.456678,-0.679797,0.573865,0.517784,0.321442,0.792827,-0.723426,0.659205,0.205192,0.064590,-0.627082,-0.578884,0.517193,-2.389686,1.981025,0.736930,0.033902,-0.218083,0.356178,-0.573865,-0.792827,-0.205192,0.000000,0.000000,0.000000,-1,-0.646729,-1.000534,0.268158,-2.390043,1.877650,0.742261,178.184509,144.759995,-760.027832,0,0
50.120000,-1.088431,0.857440,-1.137442,-0.413178,-0.702295,0.579712,0.593887,0.274784,0.756170,-0.690349,0.656716,0.303549,0.046068,-0.588305,-0.600405,0.539712,-1.761230,-0.647015,0.174902,-0.147522,-0.636607,0.348104,-0.579712,-0.756170,-0.303549,0.000000,0.000000,0.000000,-1,-0.569412,-1.372528,-0.084122,-1.845729,-0.211603,0.312757,178.184509,148.252396,-762.365845,0,0
50.160000,-1.063542,0.826976,-1.208545,-0.429330,-0.682199,0.591844,0.633161,0.239952,0.735887,-0.644036,0.690672,0.328923,0.021178,-0.578870,-0.616097,0.533747,-1.333543,0.855815,0.510178,0.216753,-0.381224,0.635884,-0.591844,-0.735887,-0.328923,0.000000,0.000000,0.000000,-1,-0.375092,-1.117111,0.306961,-1.333899,0.752442,0.515509,179.235748,147.903152,-766.039917,0,0
50.200000,-0.975172,0.778940,-1.223872,-0.356149,-0.725333,0.589109,0.669260,0.241969,0.702526,-0.652111,0.644471,0.399259,0.025606,-0.547462,-0.615110,0.566807,-0.661502,1.058057,1.065642,0.286146,-0.090138,0.351148,-0.589109,-0.702526,-0.399259,0.000000,0.000000,0.000000,-1,-0.319702,-0.706924,-0.084320,-0.661856,0.954728,1.070959,179.060547,149.823975,-765.872925,0,0
50.240000,-0.948116,0.725357,-1.207566,-0.296519,-0.736629,0.607827,0.699442,0.265854,0.663402,-0.650275,0.621851,0.436398,0.017523,-0.530560,-0.605612,0.592818,-0.416205,0.915916,1.015712,0.338174,-0.043171,0.370633,-0.607827,-0.663402,-0.436398,0.000000,0.000000,0.000000,-1,-0.247940,-0.663864,-0.094528,-0.420560,0.849785,1.080474,179.761368,150.173218,-766.540894,0,0
50.280000,-0.928164,0.693850,-1.199851,-0.259869,-0.744118,0.615432,0.716500,0.278684,0.639502,-0.647376,0.607144,0.460739,0.013301,-0.519089,-0.600401,0.608185,-0.314371,0.602733,0.735182,0.297713,0.091834,0.358414,-0.615432,-0.639502,-0.460739,0.000000,0.000000,0.000000,-1,-0.317719,-0.547668,-0.102325,-0.314725,0.499407,0.740499,178.359726,149.474747,-768.210938,0,0
50.320000,-0.926168,0.676258,-1.185552,-0.237802,-0.744857,0.623408,0.722757,0.293083,0.625879,-0.648901,0.599408,0.468655,0.010722,-0.515323,-0.594427,0.617239,0.182338,0.014796,0.344104,0.300532,0.079752,0.358319,-0.623408,-0.625879,-0.468655,0.000000,0.000000,0.000000,-1,-0.244690,-0.533676,-0.137405,0.181984,-0.088530,0.349421,177.483688,149.998596,-767.041931,0,0
50.360000,-0.952948,0.682308,-1.161050,-0.240687,-0.736099,0.632636,0.711874,0.309188,0.630586,-0.659777,0.602131,0.449592,0.011547,-0.524472,-0.587599,0.616055,0.608101,-0.451141,0.004315,0.444358,0.134202,0.201301,-0.632636,-0.630586,-0.449592,0.000000,0.000000,0.000000,-1,-0.162201,-0.448578,-0.301102,0.561192,-0.469586,0.052311,176.257248,150.522461,-769.212952,0,0
50.400000,-1.004197,0.714755,-1.139461,-0.277944,-0.718807,0.637231,0.686079,0.315760,0.655433,-0.672342,0.619364,0.405395,0.015012,-0.545048,-0.584718,0.600668,0.710444,-0.985426,-0.661352,0.382852,0.162955,0.017211,-0.637231,-0.655433,-0.405394,0.000000,0.000000,0.000000,-1,-0.333893,-0.508804,-0.362946,0.710090,-1.088751,-0.656036,176.432449,150.347839,-768.711914,0,0
50.440000,-1.035633,0.745004,-1.128806,-0.309002,-0.710424,0.632310,0.664445,0.314425,0.677975,-0.680463,0.629631,0.374880,0.020574,-0.558692,-0.585119,0.587431,0.770990,-0.568914,-0.761761,0.206635,0.142956,0.025133,-0.632309,-0.677975,-0.374880,0.000000,0.000000,0.000000,-1,-0.558289,-0.715195,-0.387894,0.770635,-0.672238,-0.756445,176.958069,148.427017,-766.540894,0,1
50.480000,-1.048751,0.779542,-1.101944,-0.318244,-0.720173,0.616500,0.634484,0.321381,0.702954,-0.704379,0.614871,0.354661,0.037796,-0.566781,-0.581275,0.582623,0.684841,0.830760,0.075336,-0.302369,-0.242191,-0.170074,-0.616500,-0.702954,-0.354661,0.000000,0.000000,0.000000,-1,-1.133484,-0.995773,-0.633194,0.753865,0.518325,-0.087236,176.082047,149.300125,-765.037903,0,0
50.520000,-0.986319,0.752166,-1.080057,-0.242527,-0.755185,0.608996,0.644035,0.344132,0.683222,-0.725534,0.557915,0.402904,0.051080,-0.544003,-0.570372,0.613292,-0.589225,1.683376,0.932250,-0.778195,-0.193792,-0.633550,-0.608996,-0.683222,-0.402904,0.000000,0.000000,0.000000,-1,-1.196274,-0.722504,-1.009491,-0.589579,1.580054,0.937566,177.658890,148.427017,-764.202881,0,0
50.560000,-0.958739,0.721281,-1.084279,-0.209128,-0.760583,0.614637,0.663824,0.351111,0.660347,-0.718055,0.546108,0.431466,0.045537,-0.531219,-0.567777,0.627186,-0.683853,0.296191,0.649158,-0.221560,0.207711,-0.281791,-0.614637,-0.660347,-0.431466,0.000000,0.000000,0.000000,-1,-0.562576,-0.438721,-0.659790,-0.684207,0.192870,0.654475,179.235748,148.950882,-764.369873,0,0
50.600000,-0.954668,0.694339,-1.081685,-0.189477,-0.755484,0.627171,0.678373,0.361062,0.639878,-0.709865,0.546698,0.444087,0.036653,-0.525940,-0.564026,0.635545,0.070486,0.319313,0.506711,0.235172,-0.002853,-0.118779,-0.627171,-0.639878,-0.444087,0.000000,0.000000,0.000000,-1,-0.389999,-0.681122,-0.486542,-0.031030,0.151274,0.482587,175.731628,148.601639,-764.369873,0,0
50.640000,-0.951501,0.746803,-1.064224,-0.202044,-0.775938,0.597577,0.641700,0.356059,0.679296,-0.739864,0.520713,0.425981,0.063081,-0.532006,-0.563907,0.628489,0.904093,-0.134301,-0.806718,-0.012348,-0.295054,0.017945,-0.597577,-0.679296,-0.425980,0.000000,0.000000,0.000000,-1,-0.636429,-1.089691,-0.433960,0.903699,-0.237616,-0.801358,177.308487,149.125504,-765.538879,0,0
50.680000,-0.987958,0.770601,-1.057249,-0.236156,-0.765105,0.599037,0.624941,0.352482,0.696567,-0.744096,0.538861,0.394905,0.064144,-0.546290,-0.565371,0.614661,-0.064673,-1.530905,-0.292981,0.175483,-0.243115,-0.000954,-0.599037,-0.696567,-0.394905,0.000000,0.000000,0.000000,-1,-0.418701,-0.758072,-0.100800,-0.065067,-1.634219,-0.287621,176.607666,148.077774,-764.202881,0,0
50.720000,-1.028500,0.781137,-1.110562,-0.311087,-0.730260,0.608231,0.636225,0.315402,0.704087,-0.706004,0.606004,0.366492,0.041887,-0.561248,-0.583562,0.585407,-0.469133,-1.721664,-0.940785,0.424118,-0.605758,0.249900,-0.608231,-0.704087,-0.366492,0.000000,0.000000,0.000000,-1,-0.014145,-1.345139,-0.235657,-0.608530,-1.750678,-0.877851,176.082047,149.300125,-763.033875,0,0
50.760000,-1.080368,0.833723,-1.125181,-0.386371,-0.706530,0.592902,0.606488,0.289694,0.740438,-0.694903,0.645672,0.316573,0.042901,-0.582986,-0.594401,0.552245,1.189388,-1.266327,-1.327039,0.397894,0.046698,0.683806,-0.592902,-0.740438,-0.316573,0.000000,0.000000,0.000000,-1,-0.195007,-0.693741,0.367233,1.188994,-1.369639,-1.321679,178.534927,148.950882,-765.037903,0,0
50.800000,-1.178546,0.898550,-1.071663,-0.451814,-0.681706,0.575449,0.546769,0.298086,0.782425,-0.704917,0.668148,0.238056,0.054872,-0.614785,-0.589869,0.520655,2.183950,-2.586096,-1.208653,-0.024619,0.282303,0.901585,-0.575449,-0.782425,-0.238056,0.000000,0.000000,0.000000,-1,-0.677475,-0.749893,0.489441,2.183556,-2.689408,-1.203293,178.009308,148.427017,-764.202881,0,0
50.840000,-1.296188,0.928180,-1.047830,-0.532111,-0.619772,0.576837,0.519191,0.299318,0.800531,-0.668804,0.725460,0.162510,0.038928,-0.645933,-0.590615,0.482109,-0.775211,-0.540697,-0.302383,-0.532462,-0.252265,0.221943,-0.576837,-0.800531,-0.162510,0.000000,0.000000,0.000000,-1,-1.145477,-0.912140,-0.052704,-0.692813,-1.042577,-0.251460,179.060547,148.077774,-761.864868,0,0
50.880000,-1.309659,0.948464,-1.053620,-0.554663,-0.612527,0.563169,0.506695,0.288217,0.812521,-0.660007,0.736030,0.150501,0.040676,-0.650457,-0.595178,0.470121,0.882451,-0.801125,-0.770495,-0.177157,0.242804,-0.038677,-0.563169,-0.812521,-0.150501,0.000000,0.000000,0.000000,-1,-0.619339,-0.675568,-0.043701,1.219432,-0.806781,-0.692706,178.710129,147.379303,-761.530823,0,0
50.920000,-1.413489,0.982568,-0.944387,-0.573812,-0.608601,0.548037,0.449536,0.325297,0.831925,-0.684585,0.723731,0.086928,0.059081,-0.673086,-0.577807,0.457825,1.115163,-0.186223,-0.080163,0.135927,0.150193,0.163970,-0.548037,-0.831925,-0.086928,0.000000,0.000000,0.000000,-1,-0.412109,-0.681732,0.077042,1.170042,-0.186727,-0.099278,178.710129,147.379303,-761.530823,0,0
50.960000,-1.464347,0.987425,-0.900149,-0.584117,-0.599005,0.547723,0.431540,0.342344,0.834610,-0.687445,0.723874,0.058526,0.061265,-0.683362,-0.570153,0.451872,0.592867,-0.676010,-0.053049,0.020745,0.068573,0.114800,-0.547723,-0.834610,-0.058526,0.000000,0.000000,0.000000,-1,-0.540710,-0.769363,-0.036987,0.690417,-0.669035,-0.035438,179.410950,147.030060,-758.190796,0,0
51.000000,-1.528666,0.995089,-0.867105,-0.611737,-0.574371,0.543945,0.415104,0.352265,0.838807,-0.673399,0.738923,0.022930,0.057157,-0.696612,-0.566216,0.436881,0.653314,-1.154504,-0.279191,0.041184,0.066819,-0.091160,-0.543945,-0.838807,-0.022930,0.000000,0.000000,0.000000,-1,-0.538712,-0.763199,-0.018936,0.652920,-1.257812,-0.273832,178.885345,146.156952,-757.689819,0,0
51.040000,-1.604786,1.005825,-0.790588,-0.623875,-0.569620,0.535082,0.380539,0.376609,0.844604,-0.682620,0.730547,-0.018195,0.066540,-0.710401,-0.554317,0.428526,1.188040,0.131548,-0.273870,-0.033903,0.158477,0.089838,-0.535082,-0.844604,0.018195,0.000000,0.000000,0.000000,-1,-0.581482,-0.707535,0.002563,1.187647,0.028242,-0.268510,178.885345,146.156952,-757.689819,0,0
51.080000,-1.700100,1.016211,-0.712714,-0.648801,-0.553507,0.522195,0.344332,0.398413,0.850119,-0.678596,0.731366,-0.067901,0.071914,-0.727172,-0.543711,0.412829,0.524577,-1.147126,-0.305462,0.019174,0.139364,-0.026641,-0.522195,-0.850119,0.067901,0.000000,0.000000,0.000000,-1,-0.512894,-0.730515,0.074097,0.616747,-1.235565,-0.285234,179.761368,146.680817,-755.852783,0,0
51.120000,-1.784342,1.025741,-0.664601,-0.682219,-0.527108,0.506689,0.319761,0.408117,0.855098,-0.657518,0.745384,-0.109876,0.069893,-0.741656,-0.539497,0.392435,0.519549,-0.827987,-0.294082,0.009634,0.057232,-0.073515,-0.506689,-0.855098,0.109877,0.000000,0.000000,0.000000,-1,-0.497055,-0.797867,0.036362,0.519156,-0.931291,-0.288723,179.060547,144.934616,-755.184753,0,0
51.160000,-1.814121,1.031507,-0.651738,-0.696696,-0.515958,0.498399,0.311489,0.408269,0.858074,-0.646211,0.753063,-0.123724,0.068482,-0.746440,-0.539607,0.383356,0.024687,-0.463164,-0.214751,-0.101165,0.050533,-0.047949,-0.498399,-0.858074,0.123724,0.000000,0.000000,0.000000,-1,-0.701569,-0.823166,0.100082,0.024294,-0.566467,-0.209391,179.060547,144.934616,-755.184753,0,0
51.200000,-1.838389,1.035314,-0.648515,-0.711699,-0.501324,0.492096,0.308196,0.406665,0.860023,-0.631268,0.763740,-0.134917,0.064329,-0.750547,-0.540860,0.374182,0.027585,-0.436359,-0.014924,-0.249832,0.039588,0.035112,-0.492096,-0.860023,0.134917,0.000000,0.000000,0.000000,-1,-0.733810,-0.825607,0.145935,0.037757,-0.556646,-0.023433,180.286987,146.855438,-754.015747,0,0
51.240000,-1.853009,1.037554,-0.652677,-0.723552,-0.487970,0.488219,0.308715,0.403847,0.861163,-0.617388,0.773817,-0.141560,0.059501,-0.753153,-0.542712,0.366993,-0.243486,-0.362196,-0.018639,-0.292191,-0.226926,-0.098393,-0.488219,-0.861163,0.141560,0.000000,0.000000,0.000000,-1,-0.780411,-1.088089,0.043167,-0.243876,-0.465457,-0.013295,180.812607,144.585373,-754.182739,0,0
51.280000,-1.822395,1.039652,-0.689563,-0.723352,-0.485902,0.490573,0.322248,0.390792,0.862228,-0.610670,0.781780,-0.126099,0.054670,-0.748372,-0.549195,0.367879,-0.810931,0.223392,0.222182,-0.450590,-0.303070,-0.132218,-0.490573,-0.862228,0.126099,0.000000,0.000000,0.000000,-1,-0.969681,-1.100647,-0.050705,-0.811321,0.120132,0.227526,180.812607,144.585373,-754.182739,0,0
51.320000,-1.687582,1.036074,-0.771285,-0.679217,-0.531503,0.506131,0.355222,0.365393,0.860410,-0.642247,0.764194,-0.059379,0.060765,-0.725257,-0.560010,0.395852,-1.141878,2.546325,0.232365,-0.440906,-0.007052,-0.141822,-0.506131,-0.860410,0.059379,0.000000,0.000000,0.000000,-1,-0.801147,-0.870743,-0.172943,-1.043689,2.292445,0.189435,180.812607,143.537659,-757.188782,0,1
51.360000,-1.454690,1.013193,-0.887487,-0.580450,-0.621958,0.525592,0.410352,0.334088,0.848526,-0.703341,0.708204,0.061300,0.077720,-0.680668,-0.571765,0.451370,-1.791716,2.872454,0.668862,0.016375,0.044296,-0.211313,-0.525592,-0.848526,-0.061300,0.000000,0.000000,0.000000,-1,-0.509216,-0.804230,-0.272614,-1.792106,2.769196,0.674206,181.863846,145.283859,-758.524780,0,0
51.400000,-1.251295,0.975169,-1.022932,-0.507278,-0.677472,0.532635,0.478915,0.292220,0.827797,-0.716456,0.675010,0.176215,0.077922,-0.637041,-0.589761,0.490193,-2.563340,2.430140,0.541080,-0.135684,-0.043236,0.623450,-0.532635,-0.827797,-0.176215,0.000000,0.000000,0.000000,-1,-0.668320,-0.871033,0.447235,-2.537138,2.307810,0.553663,181.863846,145.283859,-758.524780,0,0
51.440000,-1.071113,0.922219,-1.156787,-0.447655,-0.720066,0.530199,0.553020,0.243001,0.796944,-0.702691,0.649966,0.289431,0.070559,-0.591867,-0.611164,0.520763,-2.102725,0.332523,0.191252,-0.165450,-0.425667,0.480257,-0.530199,-0.796944,-0.289431,0.000000,0.000000,0.000000,-1,-0.718536,-1.222382,0.038300,-2.201056,0.848611,0.318271,181.513428,147.379303,-762.532837,0,0
51.480000,-1.089519,0.893550,-1.179440,-0.461974,-0.691403,0.555465,0.579270,0.239031,0.779301,-0.671584,0.681781,0.290083,0.047201,-0.593911,-0.615026,0.516512,-0.144790,1.277802,1.296137,-0.182450,-0.299373,0.270293,-0.555465,-0.779301,-0.290083,0.000000,0.000000,0.000000,-1,-0.737915,-1.078674,-0.019791,-0.145180,1.174547,1.301481,179.410950,147.379303,-763.534851,0,0
51.520000,-1.002476,0.828364,-1.192321,-0.378180,-0.729590,0.569806,0.628235,0.249815,0.726861,-0.679326,0.629830,0.376602,0.043083,-0.556635,-0.609327,0.563047,-0.731162,1.100567,1.183200,0.218653,0.069589,0.357239,-0.574320,-0.726861,-0.376602,0.000000,0.000000,0.000000,-1,-0.355667,-0.657272,-0.019363,-0.868212,1.205243,1.276336,179.235748,146.855438,-765.705933,0,0
51.560000,-0.965676,0.782817,-1.183483,-0.322220,-0.745808,0.583047,0.656417,0.267764,0.705280,-0.682122,0.609977,0.403282,0.041029,-0.544679,-0.603684,0.580695,-0.201529,1.147913,0.935685,0.354776,-0.002942,0.394432,-0.583047,-0.705280,-0.403282,0.000000,0.000000,0.000000,-1,-0.224533,-0.721375,0.025742,-0.266827,1.016019,0.932300,180.286987,148.601639,-766.039917,0,0
51.600000,-0.951084,0.746399,-1.156703,-0.272329,-0.754111,0.597623,0.672090,0.295388,0.679000,-0.688572,0.586568,0.426388,0.038387,-0.534165,-0.592311,0.601965,-0.034624,0.421462,0.797777,0.379330,0.094435,0.417782,-0.597622,-0.679000,-0.426388,0.000000,0.000000,0.000000,-1,-0.218292,-0.584564,-0.008606,-0.035014,0.318209,0.803120,177.483688,147.553925,-766.707886,0,0
51.640000,-0.956604,0.732234,-1.135695,-0.252535,-0.752892,0.607767,0.674392,0.313464,0.668533,-0.693846,0.578700,0.428583,0.036803,-0.533248,-0.584734,0.610228,0.278294,0.145183,0.379661,0.432855,0.195480,0.397104,-0.607767,-0.668533,-0.428583,0.000000,0.000000,0.000000,-1,-0.174911,-0.473053,-0.031479,0.221862,0.079149,0.458851,177.658890,147.728546,-766.874939,0,0
51.680000,-0.979168,0.741289,-1.110038,-0.254048,-0.748753,0.612232,0.660679,0.327957,0.675239,-0.706373,0.576032,0.411369,0.040701,-0.540980,-0.578243,0.609360,0.737532,-0.301893,-0.109502,0.474781,0.240333,0.259635,-0.612232,-0.675239,-0.411369,0.000000,0.000000,0.000000,-1,-0.130737,-0.434662,-0.173401,0.670383,-0.375381,-0.051435,177.658890,148.427017,-765.538879,0,1
51.720000,-1.022363,0.776235,-1.074700,-0.277616,-0.743075,0.608908,0.627536,0.339650,0.700598,-0.727412,0.576609,0.372014,0.051769,-0.557954,-0.572272,0.598759,1.029246,-0.388429,-0.550579,0.374533,0.203146,0.139851,-0.608908,-0.700598,-0.372014,0.000000,0.000000,0.000000,-1,-0.234375,-0.497452,-0.232162,1.028857,-0.491680,-0.545235,178.009308,148.776260,-764.202881,0,0
51.760000,-1.054358,0.819813,-1.033532,-0.293409,-0.749551,0.593367,0.586222,0.349222,0.731019,-0.755153,0.562332,0.336939,0.071469,-0.571334,-0.565934,0.590075,1.485540,0.106620,-0.601454,-0.135896,-0.160385,-0.096136,-0.593367,-0.731019,-0.336939,0.000000,0.000000,0.000000,-1,-0.729263,-0.891403,-0.433075,1.501780,-0.008441,-0.695167,177.834106,147.553925,-761.697876,0,0
51.800000,-1.066322,0.834770,-0.976008,-0.266558,-0.763895,0.587717,0.556055,0.376179,0.741142,-0.787242,0.524360,0.324495,0.090511,-0.574074,-0.551106,0.598773,0.207350,1.486900,0.747752,-0.860861,-0.359520,-0.578124,-0.587717,-0.741142,-0.324495,0.000000,0.000000,0.000000,-1,-1.655426,-1.109024,-1.023758,0.571796,1.091829,0.573815,178.009308,145.633102,-758.524780,0,0
51.840000,-1.013640,0.781276,-0.979541,-0.201483,-0.772164,0.602634,0.589484,0.395765,0.704186,-0.782249,0.497125,0.375438,0.082634,-0.552678,-0.543405,0.626443,-0.816294,0.199835,0.780800,-0.415402,0.396660,-0.250935,-0.602634,-0.704186,-0.375438,0.000000,0.000000,0.000000,-1,-1.018036,-0.307526,-0.626373,-0.816684,0.096586,0.786143,176.958069,147.379303,-760.194824,0,0
51.880000,-1.013151,0.751618,-0.988884,-0.193164,-0.760531,0.619904,0.610341,0.401546,0.682821,-0.768227,0.510249,0.386618,0.068322,-0.549566,-0.542733,0.631467,-0.468798,-0.067742,0.509057,0.036439,-0.068450,-0.112648,-0.620958,-0.681169,-0.387840,0.000000,0.000000,0.000000,-1,-0.479507,-0.749619,-0.500488,-0.469188,-0.170989,0.514400,176.432449,148.601639,-762.031860,0,0
51.920000,-1.020859,0.767131,-0.978618,-0.199261,-0.763933,0.613760,0.597324,0.401829,0.694073,-0.776852,0.504916,0.376247,0.075271,-0.553363,-0.541682,0.628254,0.852690,-0.612100,-0.523157,0.201727,-0.420933,0.105205,-0.613760,-0.694073,-0.376247,0.000000,0.000000,0.000000,-1,-0.395004,-1.050797,-0.152420,0.769741,-0.441750,-0.475590,174.329987,148.950882,-762.365845,0,0
51.960000,-1.052930,0.787893,-1.010001,-0.258295,-0.746789,0.612854,0.597305,0.375142,0.708869,-0.759283,0.549158,0.349163,0.065953,-0.566629,-0.555049,0.605395,-1.014527,-1.675732,-0.661589,-0.039764,-0.230264,0.257122,-0.612854,-0.708869,-0.349163,0.000000,0.000000,0.000000,-1,-0.652618,-0.939133,-0.092041,-1.014917,-1.778977,-0.656246,174.855606,147.728546,-762.198853,0,0
52.000000,-1.070444,0.804110,-1.054061,-0.312409,-0.729298,0.608708,0.603174,0.342744,0.720214,-0.733881,0.592158,0.332817,0.054840,-0.574964,-0.570632,0.583770,-0.058745,-1.305188,-1.024823,0.682316,-0.351594,0.341011,-0.608708,-0.720214,-0.332817,0.000000,0.000000,0.000000,-1,0.073608,-1.071808,0.008194,-0.230170,-1.469855,-0.970513,173.629166,146.855438,-762.365845,0,0
52.040000,-1.098251,0.851683,-1.059949,-0.361875,-0.724588,0.586531,0.574620,0.322058,0.752390,-0.734070,0.609303,0.299818,0.063736,-0.588242,-0.578713,0.561249,0.972819,-0.531769,-1.391774,0.592573,0.029017,0.636076,-0.586531,-0.752390,-0.299818,0.000000,0.000000,0.000000,-1,-0.175552,-0.783737,0.366577,0.755889,-0.581883,-1.304505,177.308487,147.728546,-760.528809,0,0
52.080000,-1.234180,0.930740,-0.994698,-0.454927,-0.689390,0.563722,0.500843,0.325350,0.802062,-0.736341,0.647216,0.197265,0.074929,-0.629089,-0.575943,0.516645,1.326854,-2.536007,-0.981354,-0.082076,-0.005112,0.552505,-0.563722,-0.802062,-0.197265,0.000000,0.000000,0.000000,-1,-0.645798,-0.807175,0.355240,1.326464,-2.639251,-0.976011,177.133286,146.506195,-761.029846,0,0
52.120000,-1.294948,0.955752,-0.974838,-0.497517,-0.666522,0.555181,0.477527,0.323868,0.816748,-0.724186,0.671460,0.157152,0.073251,-0.645026,-0.576802,0.495859,0.063951,-0.346665,-0.257178,-0.642619,-0.063150,0.273195,-0.555181,-0.816748,-0.157152,0.000000,0.000000,0.000000,-1,-1.197800,-0.879898,0.116043,0.148168,-0.636624,-0.332767,176.958069,147.379303,-759.192810,0,0
52.160000,-1.346145,0.977414,-0.943252,-0.523434,-0.654877,0.545117,0.452631,0.328320,0.829054,-0.721902,0.680692,0.124564,0.076945,-0.657113,-0.574386,0.482040,1.124796,-0.686319,-0.525821,-0.290134,0.410918,-0.011407,-0.545117,-0.829054,-0.124564,0.000000,0.000000,0.000000,-1,-0.707184,-0.526276,-0.025345,0.988116,-0.934849,-0.544913,175.906830,145.633102,-758.190796,0,0
52.200000,-1.430785,0.998511,-0.844717,-0.529828,-0.657048,0.536255,0.404965,0.359562,0.840665,-0.745175,0.662573,0.075576,0.093587,-0.673389,-0.558087,0.475739,1.253428,-0.126913,-0.077684,0.153077,0.119306,0.109496,-0.536255,-0.840665,-0.075576,0.000000,0.000000,0.000000,-1,-0.383179,-0.721359,0.033920,1.253038,-0.230154,-0.072341,177.308487,144.934616,-756.854797,0,0
52.240000,-1.529190,1.011657,-0.762331,-0.554848,-0.641284,0.529998,0.366338,0.383641,0.847712,-0.746954,0.664510,0.022064,0.099305,-0.692175,-0.546185,0.461210,0.911151,-1.024444,-0.441083,0.211913,0.011210,-0.075882,-0.529998,-0.847712,-0.022064,0.000000,0.000000,0.000000,-1,-0.318085,-0.836502,-0.097946,0.909005,-1.050126,-0.354179,176.958069,145.633102,-755.184753,0,0
52.280000,-1.600920,1.027718,-0.710843,-0.581168,-0.628833,0.516539,0.337181,0.391617,0.856122,-0.740644,0.671718,-0.015565,0.103416,-0.705044,-0.541753,0.445781,0.846293,-0.689524,-0.511022,0.136260,0.002469,-0.006455,-0.516539,-0.856122,0.015565,0.000000,0.000000,0.000000,-1,-0.467148,-0.812897,0.119522,0.889358,-0.911486,-0.518401,178.534927,145.109238,-754.015747,0,0
52.320000,-1.701391,1.047664,-0.635398,-0.614553,-0.613971,0.495342,0.296509,0.402092,0.866259,-0.731031,0.679236,-0.065059,0.110015,-0.721406,-0.535584,0.424994,0.899151,-1.312856,-0.463051,-0.224583,0.129168,-0.143611,-0.495342,-0.866259,0.065059,0.000000,0.000000,0.000000,-1,-0.719925,-0.737091,-0.078552,0.898765,-1.416055,-0.457723,178.009308,145.283859,-752.846741,0,0
52.360000,-1.783786,1.056357,-0.575225,-0.640273,-0.598965,0.480928,0.267685,0.412862,0.870569,-0.719997,0.686139,-0.104011,0.112778,-0.734361,-0.529953,0.408833,0.566404,-0.466638,-0.346194,-0.134626,0.174936,-0.062018,-0.480928,-0.870569,0.104011,0.000000,0.000000,0.000000,-1,-0.615555,-0.695633,0.041992,0.727547,-0.505210,-0.373785,177.658890,145.633102,-751.176697,0,0
52.400000,-1.833320,1.063558,-0.548900,-0.661825,-0.584732,0.469122,0.253448,0.414406,0.874089,-0.705515,0.697392,-0.126065,0.111618,-0.742007,-0.529470,0.395764,0.241800,-0.635935,-0.117408,-0.157587,0.122518,-0.025678,-0.469122,-0.874089,0.126065,0.000000,0.000000,0.000000,-1,-0.587646,-0.779068,0.001846,0.266799,-0.774160,-0.139858,179.235748,145.109238,-751.677734,0,0
52.440000,-1.848341,1.066198,-0.547349,-0.672097,-0.576284,0.464954,0.251603,0.412826,0.875369,-0.696407,0.705316,-0.132464,0.109020,-0.744545,-0.530756,0.389957,-0.047833,-0.313490,-0.019936,-0.189220,0.020877,0.058667,-0.464954,-0.875369,0.132464,0.000000,0.000000,0.000000,-1,-0.654175,-0.854492,0.191132,-0.048219,-0.416686,-0.014607,177.308487,145.283859,-751.510681,0,0
52.480000,-1.860900,1.065646,-0.557096,-0.686152,-0.560501,0.463717,0.255870,0.410765,0.875102,-0.680974,0.719104,-0.138432,0.101876,-0.747554,-0.533141,0.382812,-0.348386,-0.622851,0.130503,-0.186185,-0.210592,-0.204304,-0.463717,-0.875102,0.138432,0.000000,0.000000,0.000000,-1,-0.649902,-1.085693,-0.065872,-0.224486,-0.801339,0.123100,177.133286,145.109238,-750.341675,0,0
52.520000,-1.826901,1.067756,-0.600711,-0.688025,-0.555988,0.466368,0.272492,0.397694,0.876121,-0.672584,0.729875,-0.122121,0.095397,-0.742940,-0.540419,0.383258,-0.805858,0.135262,0.176799,-0.367678,-0.314767,-0.124821,-0.466368,-0.876121,0.122121,0.000000,0.000000,0.000000,-1,-0.909637,-1.123413,-0.081619,-0.796902,-0.041156,0.136615,177.308487,144.934616,-748.838684,0,0
52.560000,-1.725575,1.066269,-0.678721,-0.663002,-0.576465,0.477615,0.303474,0.376262,0.875403,-0.684348,0.725338,-0.074521,0.093883,-0.726943,-0.550504,0.399606,-0.957558,1.896286,0.187543,-0.583008,0.042105,-0.092496,-0.477615,-0.875403,0.074521,0.000000,0.000000,0.000000,-1,-0.937881,-0.844986,-0.041351,-0.953889,1.419933,0.216849,175.731628,144.759995,-751.677734,0,1
52.600000,-1.467295,1.046783,-0.822646,-0.560920,-0.661576,0.497681,0.366737,0.340386,0.865818,-0.742208,0.668173,0.051695,0.108396,-0.680002,-0.563966,0.455840,-1.831130,2.630705,0.699123,0.068543,0.073567,-0.022127,-0.497681,-0.865818,-0.051695,0.000000,0.000000,0.000000,-1,-0.429138,-0.792252,-0.073822,-1.710513,2.593147,0.637935,176.432449,145.807724,-753.681763,0,0
52.640000,-1.293117,1.012865,-0.936429,-0.494663,-0.704324,0.509152,0.426429,0.313777,0.848352,-0.757275,0.636766,0.145130,0.107737,-0.644847,-0.575764,0.490980,-2.193440,2.570379,0.773594,0.058361,-0.039557,0.450169,-0.509152,-0.848352,-0.145130,0.000000,0.000000,0.000000,-1,-0.492706,-0.830124,0.366013,-2.203510,2.456541,0.750357,176.082047,146.506195,-754.349731,0,0
52.680000,-1.074041,0.924658,-1.107126,-0.414662,-0.740177,0.529333,0.538535,0.269283,0.798415,-0.733508,0.616137,0.286950,0.085301,-0.590973,-0.598400,0.534221,-1.839473,-0.634953,0.562906,-0.201792,-0.572023,0.242531,-0.529333,-0.798415,-0.286950,0.000000,0.000000,0.000000,-1,-0.731125,-1.370438,-0.044418,-1.839859,-0.738144,0.568234,175.731628,147.553925,-757.355774,0,0
52.720000,-1.099293,0.897911,-1.167630,-0.462630,-0.691145,0.555241,0.573275,0.244520,0.782027,-0.676261,0.680095,0.283094,0.049387,-0.596669,-0.612618,0.515990,-0.881792,-0.851676,0.259742,0.062839,-0.469026,0.296430,-0.555241,-0.782027,-0.283094,0.000000,0.000000,0.000000,-1,-0.492401,-1.251053,0.013336,-1.100644,-2.212525,0.102959,175.206009,148.776260,-759.860840,0,0
52.760000,-0.995526,0.854980,-1.182006,-0.379622,-0.743449,0.550610,0.607258,0.248758,0.754558,-0.697944,0.620809,0.357031,0.060393,-0.563770,-0.609897,0.553662,-0.999239,1.741667,1.010955,0.304699,-0.059026,0.190283,-0.550610,-0.754558,-0.357031,0.000000,0.000000,0.000000,-1,-0.245911,-0.813583,-0.166748,-1.039891,2.149395,0.947406,173.629166,148.950882,-760.361816,0,0
52.800000,-0.976780,0.819373,-1.174024,-0.342213,-0.750222,0.565736,0.629644,0.263817,0.730718,-0.697451,0.606274,0.382091,0.054495,-0.553159,-0.604253,0.570897,-0.243992,0.637010,1.058674,0.190644,0.036794,0.325298,-0.565736,-0.730718,-0.382091,0.000000,0.000000,0.000000,-1,-0.353653,-0.699539,-0.036499,-0.295298,0.520086,1.096537,174.329987,148.601639,-762.699829,0,0
52.840000,-0.953721,0.774693,-1.159340,-0.291450,-0.758523,0.582838,0.654992,0.285814,0.699497,-0.697168,0.585622,0.413526,0.047986,-0.539384,-0.595643,0.593273,-0.332455,0.530506,0.738887,0.314619,0.170566,0.339002,-0.582838,-0.699497,-0.413526,0.000000,0.000000,0.000000,-1,-0.228317,-0.505310,-0.083588,-0.377354,0.494146,0.767806,174.505188,149.474747,-763.200867,0,0
52.880000,-0.949030,0.753280,-1.145411,-0.266096,-0.760015,0.592933,0.664440,0.301023,0.684035,-0.698364,0.575988,0.424884,0.044713,-0.534377,-0.589482,0.604113,0.086075,0.187599,0.429471,0.454307,0.255782,0.364657,-0.592933,-0.684035,-0.424884,0.000000,0.000000,0.000000,-1,-0.138626,-0.428253,-0.060226,0.029566,0.153393,0.480846,171.701889,149.474747,-764.202881,0,0
52.920000,-0.961708,0.751529,-1.128789,-0.261433,-0.756669,0.599253,0.660427,0.312537,0.682757,-0.703910,0.574258,0.418017,0.044758,-0.537576,-0.584575,0.606037,0.450517,-0.175393,0.160099,0.423609,0.275088,0.299289,-0.599253,-0.682757,-0.418017,0.000000,0.000000,0.000000,-1,-0.184906,-0.416138,-0.173965,0.391901,-0.231848,0.221171,171.877106,149.649353,-762.699829,0,0
52.960000,-0.997692,0.774703,-1.098609,-0.276794,-0.750233,0.600447,0.636431,0.325038,0.699504,-0.719959,0.575761,0.387503,0.051636,-0.550983,-0.578632,0.599113,0.754566,-0.170948,-0.412361,0.395185,0.253184,0.167624,-0.600447,-0.699504,-0.387503,0.000000,0.000000,0.000000,-1,-0.205261,-0.446320,-0.219879,0.704402,-0.367328,-0.336922,170.825867,149.649353,-762.031860,0,1
53.000000,-1.005763,0.807585,-1.079349,-0.285397,-0.760078,0.583806,0.609437,0.326200,0.722620,-0.739685,0.562027,0.370123,0.067600,-0.557107,-0.576481,0.593912,1.127632,0.307657,-0.822846,0.243092,0.116541,-0.007745,-0.583806,-0.722620,-0.370123,0.000000,0.000000,0.000000,-1,-0.421021,-0.742874,-0.472610,1.073181,0.228911,-0.780866,171.877106,147.903152,-761.697876,0,0
53.040000,-1.037973,0.850051,-1.034817,-0.297001,-0.767230,0.568461,0.567400,0.337023,0.751314,-0.768015,0.545686,0.335230,0.087672,-0.569823,-0.569036,0.586356,1.059097,0.168829,-0.075798,-0.494146,-0.294234,-0.522741,-0.568461,-0.751314,-0.335230,0.000000,0.000000,0.000000,-1,-1.461761,-1.158936,-0.934982,1.159045,-0.121161,-0.210080,172.402710,148.776260,-759.526794,0,0
53.080000,-0.989212,0.812436,-1.019573,-0.229052,-0.785682,0.574664,0.585868,0.360186,0.725964,-0.777363,0.502961,0.377805,0.090771,-0.550326,-0.558272,0.614194,-0.991533,1.195500,0.910154,-0.549268,0.135663,-0.450992,-0.574664,-0.725964,-0.377805,0.000000,0.000000,0.000000,-1,-0.893967,-0.504272,-0.718750,-0.951327,1.337227,0.916057,171.176270,147.553925,-758.357788,0,0
53.120000,-0.971818,0.776463,-1.031805,-0.207332,-0.780931,0.589203,0.612256,0.366166,0.700760,-0.762991,0.506033,0.402212,0.077927,-0.541130,-0.557534,0.624709,-0.760349,-0.268859,0.770613,0.069428,0.140320,-0.388086,-0.589203,-0.700760,-0.402212,0.000000,0.000000,0.000000,-1,-0.397781,-0.731659,-0.731140,-0.845509,-0.185391,0.812199,172.577927,149.300125,-758.691772,0,0
53.160000,-0.984963,0.765175,-1.029095,-0.209463,-0.771320,0.600992,0.618000,0.371878,0.692663,-0.757760,0.516500,0.398781,0.070495,-0.543728,-0.555960,0.624739,0.291831,0.031803,-0.237981,0.210428,-0.494974,0.027352,-0.600992,-0.692663,-0.398781,0.000000,0.000000,0.000000,-1,-0.465454,-1.209045,-0.375305,0.183424,-0.188859,-0.095840,170.825867,148.950882,-759.693848,0,0
53.200000,-0.974412,0.785933,-1.044247,-0.223803,-0.779747,0.584727,0.611000,0.355168,0.707485,-0.759336,0.515606,0.396938,0.077606,-0.543607,-0.562488,0.618123,-0.858350,-0.667036,-0.330649,-0.159383,-0.146519,0.506664,-0.584727,-0.707485,-0.396938,0.000000,0.000000,0.000000,-1,-0.514008,-0.665207,0.307205,-0.783073,-0.281537,-0.378355,171.176270,147.903152,-761.363831,0,0
53.240000,-1.014863,0.787621,-1.088271,-0.288349,-0.746801,0.599285,0.624979,0.327380,0.708677,-0.725435,0.578888,0.372335,0.054625,-0.557538,-0.577344,0.594005,-0.071220,-2.360784,-0.731638,0.855160,-0.306566,0.303076,-0.599285,-0.708677,-0.372335,0.000000,0.000000,0.000000,-1,0.448761,-1.201263,-0.271439,-0.295469,-2.301618,-0.635224,172.052307,147.030060,-760.862854,0,0
53.280000,-1.070717,0.852237,-1.104661,-0.374598,-0.725226,0.577688,0.588068,0.295865,0.752755,-0.716835,0.621700,0.315652,0.058919,-0.581982,-0.590420,0.556084,1.057439,-1.273325,-1.636113,0.374350,-0.217078,0.927117,-0.577688,-0.752755,-0.315652,0.000000,0.000000,0.000000,-1,-0.203339,-0.969833,0.611465,1.057058,-1.376467,-1.630799,171.701889,147.728546,-760.194824,0,0
53.320000,-1.174367,0.916805,-1.066293,-0.454257,-0.691903,0.561178,0.532567,0.294064,0.793662,-0.714159,0.659391,0.234904,0.064760,-0.615105,-0.590571,0.518341,1.378081,-2.698615,-1.176879,-0.034479,-0.017892,0.403574,-0.561178,-0.793662,-0.234904,0.000000,0.000000,0.000000,-1,-0.706177,-0.878677,0.087250,1.466917,-2.624790,-1.231853,171.701889,147.728546,-760.194824,0,0
53.360000,-1.266749,0.958608,-1.038886,-0.521130,-0.654056,0.548301,0.495264,0.291456,0.818393,-0.695080,0.698043,0.172044,0.061987,-0.640418,-0.591971,0.485379,0.316991,-0.535843,-0.498420,-0.680046,-0.148130,0.230851,-0.548301,-0.818393,-0.172044,0.000000,0.000000,0.000000,-1,-1.172897,-0.739929,-0.053604,0.410625,-0.898896,-0.601470,175.381226,145.807724,-758.023804,0,0
53.400000,-1.296870,0.976938,-1.026122,-0.542266,-0.644786,0.538700,0.478592,0.289932,0.828788,-0.690577,0.707241,0.151369,0.064095,-0.648234,-0.592390,0.474087,0.590005,-0.806199,-0.502337,-0.319042,0.432960,0.055559,-0.538700,-0.828788,-0.151369,0.000000,0.000000,0.000000,-1,-0.723877,-0.472168,-0.041565,0.589623,-0.909338,-0.497024,173.804367,145.982346,-756.186768,0,0
53.440000,-1.383568,0.998447,-0.963758,-0.572199,-0.624029,0.532143,0.444845,0.308954,0.840631,-0.688985,0.717730,0.100813,0.067145,-0.667147,-0.583965,0.457594,0.784750,-0.831135,-0.165045,0.098122,0.096979,0.032118,-0.532143,-0.840631,-0.100813,0.000000,0.000000,0.000000,-1,-0.434021,-0.743652,-0.068695,0.827971,-0.900352,-0.163556,174.154770,146.331573,-756.186768,0,0
53.480000,-1.443357,1.009686,-0.916053,-0.588737,-0.612212,0.527811,0.422085,0.324041,0.846665,-0.689371,0.721244,0.067630,0.069984,-0.679181,-0.577132,0.448033,0.590772,-0.115484,-0.156563,0.005365,0.087540,0.145160,-0.527811,-0.846665,-0.067630,0.000000,0.000000,0.000000,-1,-0.544434,-0.761337,0.036362,0.615773,-0.288626,-0.172488,174.154770,143.537659,-754.850769,0,0
53.520000,-1.526005,1.024784,-0.847657,-0.610449,-0.598529,0.518763,0.389323,0.343632,0.854602,-0.689768,0.723657,0.023252,0.075279,-0.694771,-0.567906,0.434866,1.117727,-0.901429,-0.380077,-0.055273,0.085452,-0.119937,-0.518763,-0.854602,-0.023252,0.000000,0.000000,0.000000,-1,-0.573715,-0.777222,-0.068069,1.117345,-1.004565,-0.374764,176.432449,144.061523,-753.347717,0,0
53.560000,-1.582761,1.037035,-0.782325,-0.615317,-0.602138,0.508739,0.358651,0.360862,0.860900,-0.701965,0.712186,-0.006087,0.086470,-0.703965,-0.558652,0.429959,0.803277,0.438786,-0.305009,-0.041615,0.089202,0.078019,-0.508739,-0.860900,0.006087,0.000000,0.000000,0.000000,-1,-0.543289,-0.726837,0.077911,0.830483,0.300652,-0.307288,176.432449,144.061523,-753.347717,0,0
53.600000,-1.658538,1.047465,-0.705935,-0.626442,-0.599767,0.497846,0.324222,0.380326,0.866159,-0.708837,0.704011,-0.043794,0.096211,-0.715989,-0.548252,0.421334,0.999874,-1.060351,-0.304664,-0.004703,0.173746,0.006132,-0.497846,-0.866159,0.043794,0.000000,0.000000,0.000000,-1,-0.458481,-0.756241,0.000473,1.020900,-0.935553,-0.308062,174.680389,146.156952,-751.343689,0,0
53.640000,-1.734001,1.054023,-0.658681,-0.653567,-0.578949,0.487512,0.302412,0.390716,0.869418,-0.693828,0.715652,-0.080278,0.094861,-0.728794,-0.543731,0.405238,0.522567,-0.832460,-0.335535,0.046823,0.002139,-0.122713,-0.487512,-0.869418,0.080278,0.000000,0.000000,0.000000,-1,-0.488647,-0.870743,-0.025406,0.607118,-1.130660,-0.322832,176.432449,144.759995,-750.007690,0,0
53.680000,-1.794712,1.065602,-0.617743,-0.675202,-0.566937,0.471895,0.280318,0.394533,0.875081,-0.682293,0.723137,-0.107467,0.097124,-0.737767,-0.541572,0.391109,0.254140,-0.542894,-0.246658,-0.188124,0.075444,0.004701,-0.471895,-0.875081,0.107467,0.000000,0.000000,0.000000,-1,-0.682404,-0.796082,0.083252,0.305828,-0.557007,-0.266786,176.432449,144.759995,-750.007690,0,0
53.720000,-1.816343,1.069005,-0.619024,-0.691432,-0.551575,0.466569,0.279094,0.391745,0.876722,-0.666355,0.736410,-0.116924,0.091851,-0.741637,-0.543774,0.381900,-0.200755,-0.437491,0.053594,-0.150847,0.173216,0.025196,-0.466569,-0.876722,0.116924,0.000000,0.000000,0.000000,-1,-0.629669,-0.735336,0.199249,-0.186405,-0.615936,0.033555,177.133286,143.712280,-750.341675,0,0
53.760000,-1.824006,1.068817,-0.624721,-0.699566,-0.541868,0.465819,0.281417,0.390282,0.876632,-0.656820,0.744351,-0.120537,0.087591,-0.743368,-0.545148,0.377551,-0.007726,-0.689928,-0.019727,-0.168581,-0.068955,-0.034325,-0.465819,-0.876632,0.120537,0.000000,0.000000,0.000000,-1,-0.634415,-0.995087,-0.026215,-0.024966,-0.665813,0.000089,176.782867,145.807724,-750.007690,0,0
53.800000,-1.809757,1.069847,-0.669948,-0.714704,-0.521030,0.466611,0.298214,0.376452,0.877127,-0.632666,0.766036,-0.113674,0.075029,-0.742433,-0.553303,0.370160,-0.656851,-0.181639,0.286165,-0.389071,-0.175902,-0.069802,-0.469521,-0.876161,0.109047,0.000000,0.000000,0.000000,-1,-0.944000,-1.052063,0.039246,-0.600665,-0.218969,0.336298,176.782867,145.807724,-750.007690,0,0
53.840000,-1.768660,1.063781,-0.705688,-0.705531,-0.524936,0.476096,0.314920,0.369599,0.874198,-0.634863,0.766706,-0.095451,0.071275,-0.736645,-0.556884,0.377033,-0.545436,1.013190,0.265717,-0.673852,-0.125512,-0.175865,-0.476096,-0.874198,0.095451,0.000000,0.000000,0.000000,-1,-1.191437,-0.930145,-0.043121,-0.486415,0.543286,0.310324,177.133286,143.363037,-751.343689,0,0
53.880000,-1.530394,1.047902,-0.806388,-0.596879,-0.628293,0.498982,0.360456,0.345633,0.866377,-0.716804,0.696983,0.020171,0.096589,-0.693242,-0.563786,0.438442,-1.391808,3.352524,0.613387,-0.104381,0.049818,-0.202867,-0.498982,-0.866377,-0.020171,0.000000,0.000000,0.000000,-1,-0.603363,-0.816559,-0.223038,-1.392189,3.249395,0.618700,177.133286,143.363037,-751.343689,0,1
53.920000,-1.227818,1.017566,-1.010467,-0.500017,-0.710718,0.494836,0.445089,0.279252,0.850832,-0.742886,0.645676,0.176702,0.104915,-0.632963,-0.591072,0.488860,-2.229684,2.446333,0.788359,0.077965,-0.181090,0.203572,-0.494836,-0.850832,-0.176702,0.000000,0.000000,0.000000,-1,-0.473343,-0.947342,0.272491,-2.200077,2.505393,0.805412,176.432449,143.363037,-756.353760,0,0
53.960000,-1.075224,0.969855,-1.123915,-0.448820,-0.742399,0.497397,0.509894,0.244349,0.824804,-0.733872,0.623809,0.268876,0.097410,-0.596719,-0.606908,0.515850,-2.749377,1.501197,0.469664,-0.047723,-0.090235,0.561769,-0.497397,-0.824804,-0.268876,0.000000,0.000000,0.000000,-1,-0.576782,-1.110336,0.224960,-2.687767,1.576199,0.511821,177.834106,144.410767,-760.027832,0,0
54.000000,-0.967853,0.879732,-1.284668,-0.448840,-0.723151,0.524972,0.611445,0.179888,0.770568,-0.651673,0.666853,0.361426,0.049614,-0.562873,-0.638431,0.522607,-0.605202,-0.782289,0.587174,-0.043189,-0.637238,0.495505,-0.524972,-0.770568,-0.361426,0.000000,0.000000,0.000000,-1,-0.596802,-1.306076,0.144287,-0.605532,-0.885457,0.592524,175.731628,145.458481,-763.367859,0,0
54.040000,-0.954150,0.846576,-1.248450,-0.396389,-0.742098,0.540525,0.628427,0.209892,0.749016,-0.669295,0.636582,0.383155,0.051391,-0.552975,-0.626429,0.546959,-0.635628,1.969975,1.263314,0.170529,-0.169090,0.338264,-0.540525,-0.749016,-0.383155,0.000000,0.000000,0.000000,-1,-0.291214,-0.842560,0.061371,-0.292526,1.882722,1.272252,175.731628,146.506195,-763.367859,0,0
54.080000,-0.913686,0.801448,-1.244854,-0.343237,-0.760793,0.550802,0.659040,0.222754,0.718364,-0.669219,0.609570,0.424935,0.047628,-0.534101,-0.621574,0.571063,-0.539732,1.107948,1.212961,0.149862,0.048198,0.507623,-0.550802,-0.718364,-0.424935,0.000000,0.000000,0.000000,-1,-0.471252,-0.679810,0.022278,-0.707827,1.092836,1.258057,173.804367,147.379303,-765.204895,0,0
54.120000,-0.882556,0.751717,-1.203033,-0.263810,-0.782338,0.564226,0.681671,0.262642,0.682894,-0.682444,0.564770,0.464010,0.048832,-0.515374,-0.605222,0.604740,-0.126759,1.081850,0.774530,0.156481,0.082949,0.439001,-0.564226,-0.682894,-0.464010,0.000000,0.000000,0.000000,-1,-0.314011,-0.558548,-0.027786,-0.127089,0.978685,0.779880,174.505188,147.728546,-763.534851,0,0
54.160000,-0.865691,0.736078,-1.185001,-0.229827,-0.792874,0.564385,0.686636,0.278876,0.671386,-0.689718,0.541830,0.480322,0.052381,-0.507046,-0.598179,0.618339,0.181166,0.517412,0.501372,0.441903,0.041900,0.393698,-0.564386,-0.671386,-0.480322,0.000000,0.000000,0.000000,-1,-0.079544,-0.596527,-0.117218,0.120446,0.570134,0.531149,173.278748,148.950882,-765.371887,0,0
54.200000,-0.878407,0.734056,-1.165017,-0.221766,-0.790074,0.571492,0.682172,0.293076,0.669886,-0.696751,0.538413,0.473972,0.052881,-0.510115,-0.592170,0.621547,0.433747,-0.227231,0.249848,0.526219,0.167842,0.334522,-0.571492,-0.669886,-0.473972,0.000000,0.000000,0.000000,-1,-0.057007,-0.487503,-0.161087,0.397521,-0.257163,0.307385,173.278748,147.553925,-765.705933,0,0
54.240000,-0.933220,0.758298,-1.128206,-0.244406,-0.774557,0.583376,0.656053,0.310935,0.687687,-0.714045,0.550800,0.432156,0.055908,-0.529902,-0.584300,0.612104,0.750387,-0.735837,-0.261931,0.414873,0.247380,0.155300,-0.583376,-0.687687,-0.432156,0.000000,0.000000,0.000000,-1,-0.168503,-0.440308,-0.276855,0.750057,-0.839000,-0.256582,172.928329,147.204681,-763.701904,0,0
54.280000,-0.963834,0.792616,-1.110072,-0.270401,-0.770984,0.576599,0.628789,0.312101,0.712192,-0.729046,0.555137,0.400394,0.065392,-0.543624,-0.582815,0.600436,1.052646,-0.229969,-0.847257,0.329498,0.238910,0.145939,-0.576599,-0.712192,-0.400394,0.000000,0.000000,0.000000,-1,-0.305237,-0.567322,-0.303650,0.978142,-0.434745,-0.755549,172.753128,145.982346,-762.866882,0,1
54.320000,-0.988302,0.849050,-1.078380,-0.292322,-0.781106,0.551744,0.582201,0.312349,0.750653,-0.758676,0.540658,0.363455,0.089267,-0.557049,-0.579532,0.588108,1.211568,0.242310,-0.525642,-0.185775,-0.188907,-0.182489,-0.551744,-0.750653,-0.363455,0.000000,0.000000,0.000000,-1,-1.051834,-1.027466,-0.694077,1.266811,-0.051903,-0.688126,174.855606,146.331573,-761.196838,0,0
54.360000,-0.939751,0.832429,-1.054659,-0.228174,-0.807833,0.543453,0.585401,0.332182,0.739568,-0.777973,0.486888,0.397111,0.103118,-0.539269,-0.568573,0.612601,-1.035071,2.225056,1.011288,-1.336689,-0.067469,-0.699172,-0.543453,-0.739568,-0.397111,0.000000,0.000000,0.000000,-1,-1.880142,-0.807037,-1.096283,-1.035399,2.121933,1.016622,174.680389,147.204681,-761.697876,0,0
54.400000,-0.892701,0.781603,-1.073196,-0.182626,-0.813084,0.552758,0.623710,0.338793,0.704418,-0.760022,0.473406,0.445256,0.091275,-0.518691,-0.567690,0.632737,-0.656894,-0.299926,0.596220,0.013482,0.217541,-0.319316,-0.552758,-0.704418,-0.445256,0.000000,0.000000,0.000000,-1,-0.539276,-0.486877,-0.764572,-0.771890,-0.308658,0.623666,173.804367,146.680817,-761.864868,0,0
54.440000,-0.899634,0.769330,-1.072794,-0.181535,-0.806580,0.562560,0.631122,0.343148,0.695654,-0.754142,0.481330,0.446756,0.084498,-0.519116,-0.566821,0.634107,-0.214343,-0.274799,0.379549,0.347289,-0.270777,-0.053229,-0.562560,-0.695654,-0.446756,0.000000,0.000000,0.000000,-1,-0.313766,-1.101578,-0.447556,-0.315390,-0.442462,0.473509,172.753128,146.331573,-762.532837,0,0
54.480000,-0.878649,0.785518,-1.076841,-0.176794,-0.820036,0.544320,0.622508,0.335208,0.707191,-0.762383,0.463871,0.451216,0.095893,-0.514972,-0.568507,0.634356,-0.109902,0.642311,-0.308648,-0.012458,-0.233360,0.237959,-0.544320,-0.707191,-0.451216,0.000000,0.000000,0.000000,-1,-0.556778,-0.940552,-0.213257,-0.110231,0.539190,-0.303314,173.804367,147.030060,-761.864868,0,0
54.520000,-0.884948,0.780851,-1.108096,-0.204748,-0.809882,0.549700,0.635625,0.317061,0.703884,-0.744351,0.493522,0.449864,0.084153,-0.517674,-0.578263,0.624935,-0.649501,-2.257562,-0.431088,0.337740,-0.181583,0.569660,-0.549700,-0.703884,-0.449864,0.000000,0.000000,0.000000,-1,-0.211960,-0.885468,0.119797,-0.589834,-2.110364,-0.355212,173.629166,145.109238,-764.035889,0,0
54.560000,-0.950285,0.800675,-1.145416,-0.292019,-0.770635,0.566434,0.634176,0.287308,0.717826,-0.715923,0.568838,0.404819,0.062957,-0.541873,-0.593618,0.591631,-0.012600,-1.681802,-1.100211,0.890744,-0.443276,0.207294,-0.566434,-0.717826,-0.404819,0.000000,0.000000,0.000000,-1,0.083511,-0.971130,0.147858,-0.033885,-2.073087,-0.953999,175.206009,147.030060,-763.868896,0,0
54.600000,-0.985113,0.852458,-1.159220,-0.353885,-0.757609,0.548446,0.603175,0.263290,0.752900,-0.714804,0.597249,0.363796,0.068972,-0.559772,-0.602991,0.564181,1.529480,-1.637289,-1.833291,0.078537,-0.003570,1.141445,-0.548446,-0.752900,-0.363796,0.000000,0.000000,0.000000,-1,-0.580902,-0.795197,0.647659,1.152925,-1.667226,-1.806057,174.680389,148.950882,-762.365845,0,0
54.640000,-1.183789,0.942078,-1.084924,-0.486040,-0.683491,0.544614,0.520046,0.274635,0.808782,-0.702365,0.676325,0.221963,0.065882,-0.620224,-0.598617,0.502633,0.126049,-1.018983,-0.270776,-0.359698,-0.048518,0.277582,-0.544614,-0.808782,-0.221963,0.000000,0.000000,0.000000,-1,-0.904312,-0.857300,0.055618,0.341182,-1.725317,-0.238502,174.505188,145.633102,-758.858826,0,0
54.680000,-1.196995,0.961359,-1.086288,-0.505410,-0.678676,0.532879,0.506525,0.266611,0.819970,-0.698566,0.684337,0.209018,0.068849,-0.625101,-0.601626,0.492499,0.560835,-0.877824,-0.880397,-0.375431,0.085977,0.018253,-0.532879,-0.819970,-0.209018,0.000000,0.000000,0.000000,-1,-0.908310,-0.733994,-0.190765,0.383558,-0.705133,-0.771177,175.556427,145.633102,-760.194824,0,0
54.720000,-1.311237,1.032282,-1.009994,-0.566121,-0.658640,0.495682,0.434305,0.272773,0.858472,-0.700632,0.701276,0.131628,0.085845,-0.653312,-0.596862,0.457788,0.782810,-0.079605,-0.255661,0.061249,0.186749,0.240576,-0.495682,-0.858472,-0.131628,0.000000,0.000000,0.000000,-1,-0.434433,-0.671722,0.108948,0.782481,-0.182719,-0.250328,176.082047,145.458481,-758.357788,0,0
54.760000,-1.317338,1.034286,-1.002922,-0.566581,-0.658901,0.494810,0.430915,0.274912,0.859497,-0.702352,0.700195,0.128170,0.087088,-0.654470,-0.595785,0.457302,0.803261,-0.005312,-0.204100,0.050153,0.201401,0.234188,-0.494810,-0.859497,-0.128170,0.000000,0.000000,0.000000,-1,-0.444656,-0.658096,0.106018,0.782481,-0.182719,-0.250328,176.082047,145.458481,-758.357788,0,0
54.800000,-1.387756,1.046970,-0.942880,-0.582107,-0.647491,0.491841,0.404786,0.293845,0.865912,-0.705195,0.703143,0.091046,0.090832,-0.668002,-0.587220,0.447991,0.876989,-1.001881,-0.184459,-0.044612,0.169958,-0.053806,-0.491841,-0.865912,-0.091046,0.000000,0.000000,0.000000,-1,-0.540802,-0.726105,-0.181335,0.839642,-0.984092,-0.152670,176.607666,143.537659,-757.856812,0,0
54.840000,-1.473925,1.063964,-0.875807,-0.606420,-0.631535,0.483135,0.372824,0.310846,0.874286,-0.702323,0.710309,0.046949,0.094586,-0.683798,-0.579336,0.433409,1.132770,-0.232579,-0.460934,0.002651,0.035007,0.090726,-0.483135,-0.874286,-0.046949,0.000000,0.000000,0.000000,-1,-0.474960,-0.773346,0.091385,1.132442,-0.335693,-0.455601,175.556427,143.886902,-755.184753,0,0
54.880000,-1.621029,1.089044,-0.731914,-0.628838,-0.624842,0.462748,0.309642,0.344671,0.886185,-0.713221,0.700553,-0.023265,0.111530,-0.706536,-0.561449,0.416104,1.131076,-1.271520,-0.415806,-0.024648,0.161209,-0.072383,-0.462748,-0.886185,0.023265,0.000000,0.000000,0.000000,-1,-0.487396,-0.724976,-0.049118,1.239538,-1.147676,-0.364828,177.658890,144.236145,-754.516724,0,0
54.920000,-1.723725,1.105220,-0.675491,-0.671088,-0.593947,0.443698,0.280712,0.350351,0.893563,-0.686179,0.724211,-0.068388,0.108339,-0.722812,-0.559542,0.390792,0.403251,-1.517670,-0.527936,-0.034177,0.049844,-0.124037,-0.443698,-0.893563,0.068388,0.000000,0.000000,0.000000,-1,-0.477875,-0.843719,-0.055649,0.402923,-1.620782,-0.522603,177.658890,143.188416,-752.512695,0,0
54.960000,-1.779725,1.116522,-0.646573,-0.695128,-0.576651,0.429267,0.264363,0.350238,0.898580,-0.668513,0.738110,-0.091015,0.106828,-0.730818,-0.559883,0.375531,0.254591,-0.792213,-0.344485,-0.149346,0.110173,0.041935,-0.429267,-0.898580,0.091015,0.000000,0.000000,0.000000,-1,-0.646713,-0.754471,0.100815,0.254263,-0.895324,-0.339151,177.658890,143.188416,-752.178711,0,0
55.000000,-1.805979,1.123175,-0.655749,-0.719238,-0.552751,0.420908,0.263915,0.343051,0.901479,-0.642686,0.759462,-0.100857,0.098192,-0.735382,-0.564653,0.361579,-0.181656,-0.576352,0.085900,-0.363058,0.130422,0.161747,-0.420908,-0.901479,0.100857,0.000000,0.000000,0.000000,-1,-0.783966,-0.771057,0.262604,-0.224698,-0.632902,0.031926,177.483688,143.712280,-751.009705,0,0
55.040000,-1.828075,1.117421,-0.661308,-0.734742,-0.529839,0.423586,0.268999,0.345667,0.898974,-0.622731,0.774458,-0.111450,0.088093,-0.740246,-0.565160,0.353368,-0.051954,-1.074498,0.186708,-0.320250,-0.170835,-0.096756,-0.423586,-0.898974,0.111450,0.000000,0.000000,0.000000,-1,-0.732712,-1.125824,-0.032639,0.007410,-1.197683,0.237214,177.483688,144.759995,-750.675659,0,0
55.080000,-1.792181,1.118620,-0.711117,-0.739119,-0.521542,0.426260,0.285172,0.331028,0.899499,-0.610230,0.786393,-0.095940,0.080302,-0.735882,-0.572746,0.352125,-0.504235,0.296178,0.073817,-0.461633,-0.228950,-0.121468,-0.426260,-0.899499,0.095940,0.000000,0.000000,0.000000,-1,-0.950439,-1.078247,-0.032730,-0.504564,0.193069,0.079150,176.607666,144.236145,-752.178711,0,1
55.120000,-1.648811,1.112685,-0.783284,-0.686155,-0.578610,0.440910,0.312060,0.313382,0.896889,-0.657123,0.752995,-0.034467,0.093449,-0.713093,-0.578426,0.384954,-0.914161,2.710987,0.550364,-0.560875,-0.001045,-0.070493,-0.440910,-0.896889,0.034467,0.000000,0.000000,0.000000,-1,-1.001785,-0.897934,-0.036026,-0.873537,2.382981,0.465845,179.410950,144.585373,-753.180725,0,0
55.160000,-1.443966,1.074989,-0.895469,-0.601928,-0.644184,0.471921,0.371318,0.297411,0.879585,-0.706969,0.704679,0.060177,0.100603,-0.678079,-0.584100,0.434644,-1.735744,3.577869,1.012917,-0.087024,0.063362,-0.103031,-0.471921,-0.879585,-0.060177,0.000000,0.000000,0.000000,-1,-0.436844,-0.850754,-0.247040,-1.577970,3.452365,0.933628,177.483688,141.616837,-755.017761,0,0
55.200000,-1.152984,0.994474,-1.073372,-0.479861,-0.722262,0.498067,0.478904,0.260028,0.838473,-0.735108,0.640877,0.221118,0.098735,-0.616192,-0.600198,0.500321,-2.710168,2.642813,1.057660,0.033666,-0.079084,0.500933,-0.498067,-0.838473,-0.221118,0.000000,0.000000,0.000000,-1,-0.464401,-0.917557,0.279816,-2.710472,2.539699,1.062984,175.906830,144.236145,-756.520752,0,0
55.240000,-1.001320,0.930538,-1.187157,-0.424469,-0.752790,0.503123,0.553976,0.223607,0.801942,-0.716195,0.619118,0.322114,0.086328,-0.575752,-0.617045,0.529446,-2.940340,1.178047,0.651958,-0.080862,-0.417022,0.427003,-0.503123,-0.801942,-0.322114,0.000000,0.000000,0.000000,-1,-0.634903,-1.460983,0.008774,-2.940644,1.074933,0.657281,177.133286,144.410767,-760.695801,0,0
55.280000,-0.978456,0.863823,-1.287818,-0.449822,-0.712229,0.542921,0.628164,0.196713,0.752804,-0.652688,0.659905,0.372187,0.043402,-0.558590,-0.632266,0.535101,0.237456,2.404549,1.239005,-0.098742,-0.655689,0.773218,-0.542921,-0.752804,-0.372187,0.000000,0.000000,0.000000,-1,-0.641663,-1.408493,0.401031,0.237155,2.301472,1.244314,176.432449,145.807724,-763.033875,0,0
55.320000,-0.886836,0.804564,-1.270495,-0.346561,-0.768788,0.537458,0.662393,0.205120,0.720529,-0.664177,0.605715,0.438153,0.050413,-0.527619,-0.628409,0.569366,-1.339027,2.676996,1.239195,0.311399,-0.027411,0.585766,-0.537458,-0.720529,-0.438153,0.000000,0.000000,0.000000,-1,-0.226059,-0.747940,0.147614,-1.339327,2.573921,1.244504,174.855606,148.776260,-763.534851,0,0
55.360000,-0.840493,0.749368,-1.244815,-0.267103,-0.794472,0.545408,0.693564,0.234453,0.681176,-0.669048,0.560220,0.488394,0.050125,-0.503280,-0.616653,0.603271,-0.142743,0.850067,1.103418,0.323637,0.038354,0.446875,-0.545408,-0.681176,-0.488394,0.000000,0.000000,0.000000,-1,-0.221771,-0.642822,-0.041519,-0.145008,0.722679,1.156725,176.782867,147.553925,-765.371887,0,0
55.400000,-0.824916,0.718477,-1.223436,-0.223582,-0.802669,0.552932,0.707848,0.256269,0.658239,-0.670047,0.538561,0.510870,0.048164,-0.492184,-0.607903,0.621200,-0.256371,0.752182,0.875349,0.313613,0.215718,0.525839,-0.552932,-0.658239,-0.510870,0.000000,0.000000,0.000000,-1,-0.239319,-0.442520,0.014969,-0.256672,0.649108,0.880658,176.432449,148.601639,-765.705933,0,0
55.440000,-0.822242,0.704404,-1.197836,-0.193861,-0.806675,0.558296,0.709612,0.277652,0.647580,-0.677398,0.521714,0.518601,0.049716,-0.488086,-0.598918,0.632928,0.522631,0.252015,0.329715,0.448997,0.293957,0.458740,-0.558296,-0.647580,-0.518601,0.000000,0.000000,0.000000,-1,-0.079651,-0.330276,-0.070618,0.522330,0.148942,0.335024,175.206009,149.474747,-766.874939,0,0
55.480000,-0.855495,0.733171,-1.150849,-0.193906,-0.804834,0.560930,0.678492,0.302953,0.669229,-0.708554,0.510354,0.487330,0.062872,-0.502377,-0.587001,0.631739,1.294162,-0.169733,-0.239592,0.465150,0.367670,0.285151,-0.560930,-0.669229,-0.487330,0.000000,0.000000,0.000000,-1,-0.095779,-0.301559,-0.202179,1.258076,-0.264181,-0.139257,174.505188,148.776260,-765.872925,0,0
55.520000,-0.873933,0.775902,-1.121621,-0.205112,-0.811362,0.547376,0.642985,0.309943,0.700360,-0.737902,0.495607,0.458121,0.081890,-0.514037,-0.581655,0.625091,1.232969,0.408301,-0.798914,0.326627,0.224668,0.014899,-0.547376,-0.700360,-0.458121,0.000000,0.000000,0.000000,-1,-0.220749,-0.475693,-0.443222,1.232668,0.305229,-0.793605,174.855606,148.776260,-762.866882,0,1
55.560000,-0.863838,0.824193,-1.107367,-0.208876,-0.830492,0.516385,0.607516,0.303592,0.734000,-0.766352,0.467028,0.441124,0.107712,-0.517529,-0.580174,0.619645,1.297527,0.655137,-0.928386,-0.014224,-0.179056,-0.286095,-0.516385,-0.734000,-0.441124,0.000000,0.000000,0.000000,-1,-0.796997,-1.123352,-0.899521,1.297226,0.552065,-0.923077,174.505188,147.379303,-763.534851,0,0
55.600000,-0.824266,0.822329,-1.083034,-0.156880,-0.851972,0.499532,0.601157,0.318924,0.732733,-0.783581,0.415249,0.462136,0.124559,-0.503406,-0.570108,0.637217,-0.500315,1.517220,0.591636,-0.927988,-0.274210,-0.490699,-0.499532,-0.732733,-0.462136,0.000000,0.000000,0.000000,-1,-1.427521,-1.006943,-0.952835,-0.490697,1.412171,0.690452,176.082047,147.204681,-761.697876,0,0
55.640000,-0.789720,0.803088,-1.082589,-0.121041,-0.861457,0.493195,0.613355,0.325745,0.719504,-0.780478,0.389593,0.488950,0.126752,-0.489345,-0.566623,0.650702,-0.310198,0.513010,0.463236,-0.182357,0.216071,-0.312838,-0.493195,-0.719504,-0.488950,0.000000,0.000000,0.000000,-1,-0.675552,-0.503433,-0.801788,-0.310499,0.409940,0.468544,178.359726,146.680817,-761.196838,0,0
55.680000,-0.789004,0.782380,-1.071788,-0.102110,-0.858050,0.503312,0.622752,0.339409,0.704969,-0.775728,0.385423,0.499695,0.121228,-0.485238,-0.561782,0.658975,-0.351325,-0.191680,0.697696,0.446244,-0.221300,0.012421,-0.503312,-0.704969,-0.499695,0.000000,0.000000,0.000000,-1,-0.097519,-0.955902,-0.613892,-0.351626,-0.294749,0.703005,178.009308,146.680817,-761.196838,0,0
55.720000,-0.824290,0.787549,-1.108764,-0.162925,-0.839755,0.517945,0.631603,0.314527,0.708626,-0.757980,0.442588,0.479147,0.104165,-0.499576,-0.576096,0.638504,-0.851977,-1.659595,-0.388981,0.173066,-0.271385,0.299246,-0.517945,-0.708626,-0.479147,0.000000,0.000000,0.000000,-1,-0.344879,-0.980011,-0.179901,-0.750119,-1.605760,-0.390825,175.906830,146.680817,-762.866882,0,0
55.760000,-0.832051,0.783016,-1.135365,-0.188837,-0.830509,0.524018,0.642651,0.298969,0.705420,-0.742523,0.469970,0.477271,0.093438,-0.502627,-0.584624,0.629961,-0.582036,-1.213422,-0.508851,0.180374,-0.399118,0.166999,-0.524018,-0.705420,-0.477271,0.000000,0.000000,0.000000,-1,-0.199890,-1.143234,-0.325623,-0.827751,-1.218912,-0.475749,176.782867,146.506195,-761.029846,0,0
55.800000,-0.869207,0.822587,-1.174324,-0.267138,-0.811545,0.519646,0.627554,0.262720,0.732908,-0.731309,0.521894,0.439106,0.088085,-0.522196,-0.600734,0.598892,0.501855,-1.361799,-1.191334,0.164269,0.031492,0.887043,-0.519646,-0.732908,-0.439106,0.000000,0.000000,0.000000,-1,-0.400436,-0.650986,0.523270,0.501554,-1.464865,-1.186026,177.308487,147.379303,-762.198853,0,0
55.840000,-0.922146,0.892363,-1.192514,-0.353454,-0.790542,0.500114,0.583205,0.231779,0.778557,-0.731397,0.566853,0.379125,0.094396,-0.549115,-0.612536,0.560680,0.978717,-2.005345,-1.193686,-0.073678,-0.193199,0.333409,-0.500114,-0.778557,-0.379125,0.000000,0.000000,0.000000,-1,-0.573792,-0.971756,-0.045715,0.909033,-1.954838,-1.293614,179.060547,148.077774,-761.196838,0,0
55.880000,-1.002779,0.936132,-1.169657,-0.414874,-0.760313,0.499803,0.545840,0.231511,0.805271,-0.727968,0.606899,0.318962,0.093076,-0.576069,-0.612847,0.532822,0.947556,-1.206109,-0.595949,-0.396636,-0.241436,0.524726,-0.499803,-0.805271,-0.318962,0.000000,0.000000,0.000000,-1,-0.896439,-1.046707,0.205765,0.947255,-1.309173,-0.590641,179.586166,147.903152,-760.361816,0,0
55.920000,-1.054275,0.976502,-1.132964,-0.443111,-0.752730,0.486878,0.507108,0.237395,0.828544,-0.739252,0.614037,0.276523,0.103647,-0.592449,-0.608736,0.517399,1.247716,-0.435430,-0.662304,-0.407775,0.312476,0.198642,-0.486878,-0.828544,-0.276523,0.000000,0.000000,0.000000,-1,-0.813187,-0.512924,-0.014740,1.247416,-0.538494,-0.656995,179.761368,146.680817,-758.524780,0,0
55.960000,-1.139406,1.028440,-1.028715,-0.450763,-0.759589,0.468868,0.442158,0.266295,0.856495,-0.775441,0.593390,0.215823,0.129537,-0.612625,-0.591669,0.507778,1.711323,0.436677,-0.258627,-0.093464,0.287769,0.260226,-0.468868,-0.856495,-0.215823,0.000000,0.000000,0.000000,-1,-0.477753,-0.606995,-0.053223,1.732039,0.293240,-0.310809,179.761368,146.680817,-758.524780,0,0
56.000000,-1.234953,1.055843,-0.913214,-0.448916,-0.763065,0.464980,0.389795,0.301015,0.870316,-0.804073,0.571946,0.162309,0.148122,-0.630004,-0.572322,0.503589,1.020288,-0.700580,-0.017178,0.142104,-0.040878,-0.077666,-0.464980,-0.870316,-0.162309,0.000000,0.000000,0.000000,-1,-0.322876,-0.911194,-0.239975,1.019987,-0.803641,-0.011870,182.214249,145.982346,-754.850769,0,0
56.040000,-1.304532,1.072395,-0.875235,-0.481923,-0.745028,0.461177,0.366975,0.306325,0.878348,-0.795663,0.592536,0.125782,0.146604,-0.644683,-0.570390,0.487387,0.731902,-1.213466,-0.548863,0.137737,0.043844,0.119281,-0.461177,-0.878348,-0.125782,0.000000,0.000000,0.000000,-1,-0.390503,-0.801407,0.089264,0.731601,-1.316527,-0.543554,182.915085,144.934616,-752.846741,0,0
56.080000,-1.409726,1.103698,-0.789821,-0.513040,-0.734328,0.444469,0.319814,0.316997,0.892879,-0.796561,0.600229,0.072216,0.156323,-0.662914,-0.563085,0.468021,1.263255,-0.419273,-0.491289,-0.197346,0.225032,0.129101,-0.444469,-0.892879,-0.072216,0.000000,0.000000,0.000000,-1,-0.695862,-0.640167,0.021759,1.174764,-0.541391,-0.467904,182.915085,144.934616,-752.846741,0,0
56.120000,-1.550460,1.128579,-0.664355,-0.541117,-0.723970,0.427856,0.263850,0.336927,0.903805,-0.798483,0.601954,0.008702,0.168266,-0.683619,-0.550657,0.448473,0.869910,-1.026583,-0.358694,-0.148209,0.141781,-0.019282,-0.427856,-0.903805,-0.008702,0.000000,0.000000,0.000000,-1,-0.576065,-0.762024,-0.027985,0.869609,-1.129642,-0.353386,184.491928,145.109238,-750.341675,0,0
56.160000,-1.630183,1.139152,-0.616516,-0.572662,-0.705440,0.417628,0.241897,0.341343,0.908279,-0.783291,0.621160,-0.024831,0.166452,-0.696210,-0.549201,0.431234,0.648563,-1.306479,-0.356055,0.036631,0.114944,-0.023305,-0.417628,-0.908279,0.024831,0.000000,0.000000,0.000000,-1,-0.372589,-0.825806,-0.045532,0.648262,-1.409537,-0.350747,183.265488,144.934616,-748.170654,0,0
56.200000,-1.715925,1.151073,-0.565508,-0.606295,-0.685432,0.403224,0.218361,0.344066,0.913202,-0.764674,0.641717,-0.058934,0.164752,-0.708748,-0.548474,0.411958,0.053154,-0.522821,-0.241339,-0.142842,0.103677,-0.005665,-0.403224,-0.913202,0.058934,0.000000,0.000000,0.000000,-1,-0.546066,-0.809525,0.053268,0.139956,-0.687382,-0.244159,183.791107,146.506195,-748.003662,0,0
56.240000,-1.743669,1.157515,-0.565049,-0.628342,-0.669823,0.395630,0.215049,0.339190,0.915808,-0.747623,0.660520,-0.069083,0.159335,-0.713550,-0.552284,0.400551,-0.035656,-0.615895,-0.089955,-0.321441,0.025549,0.095941,-0.395630,-0.915808,0.069083,0.000000,0.000000,0.000000,-1,-0.717072,-0.890259,0.165024,-0.035957,-0.718951,-0.084648,186.594406,146.506195,-746.333618,0,0
56.280000,-1.757878,1.157667,-0.573921,-0.644768,-0.654726,0.394472,0.217974,0.337152,0.915869,-0.732640,0.676508,-0.074672,0.152276,-0.717041,-0.555190,0.392973,-0.246504,-0.800029,0.140835,-0.407728,-0.183099,-0.112651,-0.394472,-0.915869,0.074672,0.000000,0.000000,0.000000,-1,-0.844223,-1.071945,-0.090912,-0.246804,-0.903085,0.146143,186.594406,146.506195,-746.333618,0,0
56.320000,-1.694895,1.155260,-0.651832,-0.649153,-0.646637,0.400577,0.244891,0.320916,0.914900,-0.720159,0.692007,-0.049968,0.141332,-0.710640,-0.565303,0.394270,-0.927978,0.421347,0.180078,-0.633161,-0.252764,-0.091335,-0.400577,-0.914900,0.049968,0.000000,0.000000,0.000000,-1,-1.033737,-1.167664,-0.041367,-0.938045,0.205899,0.155139,186.068787,146.680817,-745.498596,0,0
56.360000,-1.601703,1.150075,-0.711543,-0.619177,-0.670801,0.408224,0.266699,0.309318,0.912795,-0.738574,0.674054,-0.012621,0.145022,-0.696620,-0.569482,0.411558,-0.871151,2.310678,0.202836,-0.469965,-0.032091,-0.150545,-0.408224,-0.912795,0.012621,0.000000,0.000000,0.000000,-1,-0.793259,-0.900864,-0.043213,-0.772839,1.734846,0.234707,187.120026,145.982346,-746.834656,0,1
56.400000,-1.327729,1.113812,-0.845512,-0.492129,-0.757886,0.428273,0.330187,0.292698,0.897387,-0.805472,0.583041,0.106199,0.165056,-0.647809,-0.571321,0.476122,-1.666685,3.476008,1.023285,-0.167964,0.163638,-0.074434,-0.428273,-0.897387,-0.106199,0.000000,0.000000,0.000000,-1,-0.591385,-0.830734,-0.118408,-1.666981,3.372990,1.028575,186.419205,145.982346,-747.502625,0,0
56.440000,-1.077082,1.035566,-1.003268,-0.383945,-0.806764,0.449130,0.430082,0.274172,0.860151,-0.817078,0.523413,0.241707,0.158253,-0.595065,-0.581266,0.531962,-2.759962,1.600071,0.754473,-0.172956,-0.241854,0.543526,-0.449130,-0.860151,-0.241707,0.000000,0.000000,0.000000,-1,-0.622086,-1.102005,0.301819,-2.597258,1.713406,0.803790,186.944809,145.458481,-747.669678,0,0
56.480000,-0.947009,0.960401,-1.156092,-0.373374,-0.802584,0.465243,0.524605,0.230950,0.819422,-0.765102,0.550020,0.334809,0.123357,-0.563364,-0.607707,0.545982,-3.360368,-1.609797,0.357536,0.037555,-0.639578,0.260910,-0.465243,-0.819422,-0.334809,0.000000,0.000000,0.000000,-1,-0.427689,-1.459000,-0.073898,-3.360663,-1.712813,0.362823,184.491928,144.410767,-752.011719,0,0
56.520000,-0.953605,0.893382,-1.209691,-0.389982,-0.765928,0.511144,0.586357,0.221447,0.779196,-0.709999,0.603586,0.362747,0.080349,-0.558722,-0.618725,0.546400,0.349357,1.640846,1.751824,-0.022731,-0.528665,0.820389,-0.511144,-0.779196,-0.362747,0.000000,0.000000,0.000000,-1,-0.460617,-1.090424,0.109299,0.349062,1.537832,1.757111,182.214249,145.283859,-754.182739,0,0
56.560000,-0.874419,0.831102,-1.182445,-0.281601,-0.808261,0.517121,0.623868,0.255242,0.738674,-0.729033,0.530627,0.432372,0.087728,-0.525469,-0.603890,0.592877,-0.640167,1.906128,1.209464,0.211152,0.120404,0.468963,-0.517121,-0.738674,-0.432372,0.000000,0.000000,0.000000,-1,-0.305969,-0.618271,0.036591,-0.846812,1.895283,1.170869,180.111786,144.236145,-754.182739,0,0
56.600000,-0.840531,0.780384,-1.141825,-0.199197,-0.824638,0.529427,0.646255,0.295582,0.703552,-0.736665,0.482290,0.474047,0.088281,-0.505156,-0.586869,0.626585,-0.200817,1.035646,1.173447,0.206017,0.081390,0.417925,-0.529427,-0.703552,-0.474047,0.000000,0.000000,0.000000,-1,-0.323410,-0.622162,-0.056122,-0.201112,0.932633,1.178734,178.184509,143.013794,-755.351746,0,0
56.640000,-0.837153,0.762114,-1.126054,-0.174869,-0.825075,0.537282,0.653009,0.311216,0.690452,-0.736886,0.471588,0.484360,0.085959,-0.500431,-0.580520,0.636535,-0.168962,0.569916,0.975219,0.314076,0.221779,0.438766,-0.537282,-0.690452,-0.484360,0.000000,0.000000,0.000000,-1,-0.184891,-0.475632,-0.046646,-0.169257,0.466903,0.980506,178.184509,143.013794,-755.351746,0,0
56.680000,-0.843442,0.741569,-1.096208,-0.144917,-0.821962,0.550798,0.655912,0.336976,0.675446,-0.740796,0.459158,0.490301,0.083376,-0.497894,-0.569702,0.648529,0.298106,0.239581,0.565222,0.508058,0.261215,0.461141,-0.550798,-0.675446,-0.490301,0.000000,0.000000,0.000000,-1,-0.016891,-0.399124,-0.020279,0.297811,0.136569,0.570509,174.680389,143.013794,-754.015747,0,0
56.720000,-0.867219,0.749809,-1.061287,-0.138110,-0.818243,0.558036,0.638866,0.356944,0.681499,-0.756819,0.450632,0.473450,0.088735,-0.505372,-0.560048,0.650439,0.652433,-0.224744,-0.112049,0.495765,0.238842,0.309967,-0.558036,-0.681499,-0.473450,0.000000,0.000000,0.000000,-1,-0.086563,-0.457291,-0.221161,0.652138,-0.327755,-0.106762,174.680389,142.664566,-753.347717,0,0
56.760000,-0.892411,0.771708,-1.042545,-0.152652,-0.815660,0.558029,0.619024,0.361244,0.697360,-0.770394,0.451887,0.449769,0.095309,-0.515783,-0.557040,0.643887,0.898895,-0.540030,-0.382463,0.397721,0.190265,0.154801,-0.558029,-0.697360,-0.449769,0.000000,0.000000,0.000000,-1,-0.213043,-0.524841,-0.268997,0.898600,-0.643040,-0.377176,174.680389,142.664566,-753.347717,0,1
56.800000,-0.984373,0.839149,-0.981356,-0.207550,-0.804524,0.556474,0.555356,0.371392,0.744075,-0.805296,0.463475,0.369715,0.113294,-0.549824,-0.549061,0.619184,1.586331,-1.378990,-0.610698,-0.058226,-0.138509,-0.138601,-0.556474,-0.744075,-0.369715,0.000000,0.000000,0.000000,-1,-0.848999,-0.986115,-0.589035,1.610514,-1.383419,-0.618890,176.257248,142.839172,-750.508667,0,0
56.840000,-1.041226,0.867971,-0.939397,-0.233362,-0.796466,0.557838,0.521756,0.381539,0.763019,-0.820556,0.469115,0.326525,0.121010,-0.567533,-0.542758,0.607187,0.950305,0.086938,-0.127376,-1.066872,-0.500287,-0.533064,-0.557838,-0.763019,-0.326525,0.000000,0.000000,0.000000,-1,-2.050659,-1.333527,-0.944092,1.137514,-0.509186,-0.201709,176.958069,142.489944,-746.166626,0,0
56.880000,-0.964123,0.830651,-0.939171,-0.152932,-0.818316,0.554049,0.544283,0.398202,0.738370,-0.824844,0.414480,0.384498,0.126854,-0.540055,-0.533673,0.638312,-0.928877,1.022572,0.950705,-0.879728,0.185987,-0.454995,-0.554049,-0.738370,-0.384498,0.000000,0.000000,0.000000,-1,-1.053162,-0.324509,-0.762558,-0.929172,0.919564,0.955991,174.154770,142.489944,-747.168640,0,0
56.920000,-0.945037,0.800126,-0.957357,-0.138293,-0.813682,0.564621,0.569604,0.401030,0.717444,-0.810201,0.420828,0.408017,0.114738,-0.531814,-0.535089,0.646288,-0.704063,-0.446874,0.248550,0.090179,-0.250055,-0.075107,-0.564621,-0.717444,-0.408017,0.000000,0.000000,0.000000,-1,-0.237259,-1.384811,-0.199265,-0.721956,-0.353611,0.340370,171.877106,140.569122,-747.669678,0,0
56.960000,-0.969715,0.795997,-0.961549,-0.159658,-0.801019,0.576955,0.573705,0.400331,0.714561,-0.803350,0.445088,0.395633,0.105330,-0.539527,-0.537345,0.639591,0.302629,-0.969227,-0.247371,0.671483,-0.581398,0.476031,-0.576955,-0.714561,-0.395633,0.000000,0.000000,0.000000,-1,0.094528,-1.295959,0.080399,0.270822,-0.978810,-0.159189,171.877106,141.616837,-748.337646,0,0
57.000000,-0.927041,0.790841,-1.035943,-0.183300,-0.806229,0.562491,0.605034,0.358456,0.710945,-0.774813,0.470642,0.422091,0.095070,-0.529071,-0.558331,0.631911,-1.184440,-0.345703,-0.857133,0.164557,-0.259621,0.619449,-0.562491,-0.710945,-0.422091,0.000000,0.000000,0.000000,-1,-0.309097,-1.490860,-0.098724,-1.184735,-0.448709,-0.851847,173.629166,141.966080,-749.339661,0,0
57.040000,-0.959101,0.835709,-1.066897,-0.254515,-0.796097,0.549046,0.587294,0.323820,0.741773,-0.768315,0.511244,0.385126,0.095576,-0.546171,-0.573546,0.602999,0.599477,-0.873961,-1.057371,0.300053,0.070310,1.150339,-0.549046,-0.741773,-0.385126,0.000000,0.000000,0.000000,-1,-0.248993,-0.671463,0.765213,0.443739,-0.996134,-1.106662,174.505188,140.394501,-750.508667,0,0
57.080000,-1.029582,0.888877,-1.048865,-0.319971,-0.778329,0.540206,0.546367,0.314231,0.776365,-0.774017,0.543565,0.324708,0.101353,-0.572166,-0.576725,0.574232,1.597116,-3.289913,-1.593577,0.246139,0.057035,0.410203,-0.540206,-0.776365,-0.324708,0.000000,0.000000,0.000000,-1,-0.294067,-0.719330,0.085495,1.590434,-2.740665,-1.441180,176.082047,140.918365,-749.673706,0,0
57.120000,-1.193862,0.973198,-1.040262,-0.476750,-0.706410,0.523159,0.485314,0.284702,0.826689,-0.732926,0.648020,0.207099,0.088670,-0.623369,-0.591428,0.503749,0.714929,-1.818922,-1.263933,-0.019474,-0.423173,0.534507,-0.523159,-0.826689,-0.207099,0.000000,0.000000,0.000000,-1,-0.638123,-1.043839,0.265106,0.714628,-1.921922,-1.258645,180.286987,140.918365,-746.667603,0,0
57.160000,-1.247171,1.016125,-1.001831,-0.507646,-0.702119,0.499324,0.443692,0.283746,0.850074,-0.738534,0.653083,0.167482,0.101397,-0.637164,-0.589784,0.485691,0.927740,-0.444389,-0.933156,-0.158498,0.107581,-0.011168,-0.499324,-0.850074,-0.167482,0.000000,0.000000,0.000000,-1,-0.665390,-0.744080,-0.145813,1.014870,-0.368165,-0.897729,181.863846,140.045258,-745.832642,0,0
57.200000,-1.326038,1.066263,-0.975469,-0.567310,-0.676909,0.468992,0.400237,0.271080,0.875400,-0.719701,0.684331,0.117138,0.105442,-0.655983,-0.594426,0.453020,0.484984,-1.580148,-1.109301,-0.252474,0.136753,0.109493,-0.468992,-0.875400,-0.117138,0.000000,0.000000,0.000000,-1,-0.723221,-0.700546,-0.004929,0.563100,-1.766979,-1.155557,183.791107,140.219879,-744.663574,0,0
57.240000,-1.386709,1.094709,-0.970717,-0.617751,-0.644498,0.450561,0.378235,0.258808,0.888795,-0.689436,0.719472,0.083893,0.099433,-0.669453,-0.600590,0.425720,0.044865,-1.388087,-0.289445,-0.201767,0.374330,-0.212769,-0.450561,-0.888795,-0.083893,0.000000,0.000000,0.000000,-1,-0.510406,-0.743027,-0.172989,0.044564,-1.491084,-0.284157,183.090286,140.918365,-744.997620,0,0
57.280000,-1.425262,1.102437,-0.956123,-0.637644,-0.627625,0.446651,0.368795,0.260332,0.892310,-0.676313,0.733699,0.065466,0.095601,-0.676851,-0.600579,0.414775,0.467826,0.115613,-0.080703,-0.034047,0.086387,0.179754,-0.446651,-0.892310,-0.065466,0.000000,0.000000,0.000000,-1,-0.453201,-0.736740,0.013580,0.391739,-0.247176,-0.102128,184.491928,141.267593,-745.331604,0,0
57.320000,-1.501704,1.120632,-0.873843,-0.644448,-0.629496,0.434075,0.333645,0.279292,0.900376,-0.688017,0.725073,0.030039,0.107495,-0.688059,-0.590592,0.407702,1.217179,-0.518052,-0.566903,0.052331,0.128663,0.028193,-0.434075,-0.900376,-0.030039,0.000000,0.000000,0.000000,-1,-0.357437,-0.784805,0.045135,1.216878,-0.621047,-0.561615,184.316727,141.791458,-742.826599,0,0
57.360000,-1.593386,1.137547,-0.790101,-0.660518,-0.622540,0.419715,0.298252,0.295460,0.907606,-0.689030,0.724671,-0.009483,0.115656,-0.700974,-0.582146,0.395430,1.061127,-0.593245,-0.488243,0.011832,0.092757,0.003594,-0.419715,-0.907606,0.009483,0.000000,0.000000,0.000000,-1,-0.423828,-0.831863,-0.049774,1.060828,-0.696207,-0.482969,185.367966,140.394501,-741.156555,0,0
57.400000,-1.707898,1.155179,-0.722656,-0.701908,-0.589366,0.399966,0.267035,0.302837,0.914867,-0.660316,0.748958,-0.055182,0.112291,-0.717622,-0.579631,0.369373,0.347591,-1.247264,-0.392330,-0.131833,0.068920,0.013253,-0.399966,-0.914867,0.055182,0.000000,0.000000,0.000000,-1,-0.600220,-0.786819,0.139130,0.365274,-1.471088,-0.386708,186.769608,141.791458,-741.156555,0,0
57.440000,-1.748508,1.165242,-0.729607,-0.734637,-0.556346,0.388315,0.262984,0.294096,0.918884,-0.625419,0.777166,-0.069744,0.101256,-0.724306,-0.585405,0.349898,-0.492228,-1.292392,-0.075455,-0.272268,0.179275,0.141209,-0.388315,-0.918884,0.069744,0.000000,0.000000,0.000000,-1,-0.681229,-0.745178,0.187393,-0.403395,-1.362564,-0.123433,186.769608,141.442215,-741.490540,0,0
57.480000,-1.750421,1.159238,-0.792985,-0.767825,-0.505492,0.393602,0.285008,0.280716,0.916498,-0.573773,0.815890,-0.071471,0.075715,-0.728013,-0.594903,0.332197,-0.594636,-1.454904,0.432737,-0.305769,0.005427,0.009645,-0.393602,-0.916498,0.071471,0.000000,0.000000,0.000000,-1,-0.640350,-1.019058,0.060181,-0.594936,-1.557863,0.438012,185.543167,141.267593,-743.327576,0,0
57.520000,-1.721363,1.140730,-0.883228,-0.789671,-0.454423,0.412214,0.322201,0.264609,0.908938,-0.522118,0.850577,-0.062539,0.045439,-0.727465,-0.604674,0.321092,-0.811396,-0.594865,0.573783,-0.315416,-0.396833,-0.026894,-0.412214,-0.908938,0.062539,0.000000,0.000000,0.000000,-1,-0.809128,-1.250259,0.031250,-0.771552,-0.969256,0.566012,183.440689,140.219879,-744.329590,0,0
57.560000,-1.638926,1.125135,-0.953281,-0.773394,-0.465741,0.430054,0.351447,0.249585,0.902326,-0.527585,0.848995,-0.029345,0.039890,-0.716297,-0.611241,0.334233,-0.886034,1.469493,0.658896,-0.468078,-0.270327,-0.321139,-0.430054,-0.902326,0.029345,0.000000,0.000000,0.000000,-1,-0.751572,-1.065323,-0.386902,-0.933286,1.070758,0.678788,184.491928,142.315323,-744.329590,0,0
57.600000,-1.412976,1.081090,-1.090557,-0.700314,-0.542016,0.464521,0.417161,0.217305,0.882471,-0.579256,0.811787,0.073926,0.045976,-0.678913,-0.623886,0.384356,-2.494118,2.349163,1.178980,0.007139,0.013666,-0.292362,-0.464521,-0.882471,-0.073926,0.000000,0.000000,0.000000,-1,-0.236450,-1.022400,-0.229477,-2.494417,2.246206,1.184254,182.739868,141.616837,-746.667603,0,1
57.640000,-1.139617,1.000613,-1.319455,-0.636782,-0.595007,0.490382,0.522826,0.134247,0.841802,-0.566710,0.792429,0.225600,0.029031,-0.621577,-0.657293,0.425166,-3.080621,1.227727,0.658647,0.104106,-0.285945,0.420821,-0.490382,-0.841802,-0.225600,0.000000,0.000000,0.000000,-1,-0.426743,-1.230469,0.200348,-3.029219,1.325357,0.800729,179.761368,139.696014,-750.508667,0,0
57.680000,-1.019088,0.949651,-1.461699,-0.631370,-0.596432,0.495621,0.578507,0.063365,0.813212,-0.516431,0.800158,0.305034,0.007603,-0.589428,-0.684295,0.429252,-3.117783,-0.928702,-0.018373,0.009735,-0.730260,0.349528,-0.495621,-0.813212,-0.305034,0.000000,0.000000,0.000000,-1,-0.446304,-1.546906,-0.068024,-3.138649,-1.520511,-0.077445,178.359726,141.791458,-755.518738,0,0
57.720000,-0.986590,0.902531,-1.552967,-0.644786,-0.563123,0.516860,0.619527,0.011047,0.784898,-0.447703,0.826300,0.341747,-0.024602,-0.573168,-0.702760,0.420716,0.255201,1.726604,1.007885,0.172241,-0.486541,0.658016,-0.516860,-0.784898,-0.341747,0.000000,0.000000,0.000000,-1,-0.255783,-1.012466,0.025604,0.254902,1.623650,1.013159,178.359726,142.140701,-759.192810,0,0
57.760000,-0.932978,0.834516,-1.533679,-0.572788,-0.617125,0.539510,0.671074,0.024920,0.740972,-0.470717,0.786471,0.399862,-0.024646,-0.547231,-0.697806,0.461518,-0.960718,0.638224,1.326167,0.122274,0.131292,0.318426,-0.539510,-0.740972,-0.399862,0.000000,0.000000,0.000000,-1,-0.446198,-0.500122,-0.149338,-1.017034,0.802493,1.364892,175.556427,143.537659,-758.524780,0,0
57.800000,-0.940921,0.777746,-1.520041,-0.536410,-0.617052,0.575769,0.711579,0.036147,0.701675,-0.453783,0.786091,0.419692,-0.044019,-0.536858,-0.692812,0.479434,-0.372261,-0.035436,1.036582,0.132944,0.105850,0.294906,-0.575769,-0.701675,-0.419692,0.000000,0.000000,0.000000,-1,-0.442825,-0.595825,-0.124786,-0.372560,-0.138389,1.041856,173.453949,143.537659,-760.862854,0,0
57.840000,-0.943182,0.752948,-1.507959,-0.515516,-0.620813,0.590622,0.728236,0.045821,0.683793,-0.451570,0.782618,0.428477,-0.050464,-0.532179,-0.688871,0.489587,-0.125796,0.219497,0.649776,0.330048,0.180863,0.324199,-0.590622,-0.683793,-0.428477,0.000000,0.000000,0.000000,-1,-0.183823,-0.490341,-0.056625,-0.126095,0.116545,0.655050,172.577927,143.363037,-762.031860,0,0
57.880000,-0.946962,0.744479,-1.489399,-0.500644,-0.626934,0.596917,0.733006,0.059797,0.677588,-0.460497,0.776774,0.429609,-0.049874,-0.531703,-0.683823,0.497183,0.252938,0.141377,0.164090,0.557641,0.191489,0.380781,-0.596917,-0.677588,-0.429609,0.000000,0.000000,0.000000,-1,-0.040176,-0.474976,-0.075455,0.226183,0.057553,0.198290,170.650650,142.489944,-761.530823,0,0
57.920000,-0.963917,0.758635,-1.463193,-0.500572,-0.627697,0.596175,0.721578,0.077945,0.687931,-0.478281,0.774546,0.413915,-0.043497,-0.539584,-0.677595,0.497817,0.788286,-0.135867,-0.193714,0.509200,0.318180,0.200658,-0.596175,-0.687931,-0.413915,0.000000,0.000000,0.000000,-1,-0.086975,-0.369751,-0.213257,0.787986,-0.238818,-0.188439,171.526688,143.712280,-763.033875,0,0
57.960000,-0.989905,0.781662,-1.440940,-0.512891,-0.620408,0.593327,0.703768,0.091906,0.704460,-0.491583,0.778876,0.389485,-0.037808,-0.551206,-0.672768,0.492062,0.960289,-0.418312,-0.480475,0.370076,0.257500,0.182317,-0.593327,-0.704460,-0.389485,0.000000,0.000000,0.000000,-1,-0.233383,-0.457886,-0.240585,0.959990,-0.521262,-0.475201,171.176270,142.664566,-760.361816,0,0
58.000000,-1.046075,0.838803,-1.400547,-0.549584,-0.602802,0.578435,0.658691,0.113238,0.743844,-0.513891,0.789815,0.334826,-0.024249,-0.576193,-0.665427,0.473941,1.364581,-0.874794,-0.877510,0.167715,0.006997,-0.068311,-0.578436,-0.743844,-0.334826,0.000000,0.000000,0.000000,-1,-0.548172,-0.907196,-0.465240,1.307919,-0.909917,-0.890004,171.701889,142.489944,-758.190796,0,0
58.040000,-1.097026,0.879558,-1.345423,-0.566299,-0.597917,0.567274,0.621370,0.142461,0.770458,-0.541484,0.788797,0.290852,-0.009848,-0.595380,-0.654731,0.465568,-0.090255,1.515490,0.222303,-1.164323,-0.697682,-0.697841,-0.567274,-0.770458,-0.290852,0.000000,0.000000,0.000000,-1,-2.112686,-1.508331,-1.038040,-0.090554,1.412542,0.227577,170.300247,142.489944,-757.188782,0,1
58.080000,-1.024723,0.840942,-1.363108,-0.516114,-0.639500,0.569794,0.652432,0.137485,0.745272,-0.554940,0.756397,0.346273,-0.005655,-0.571692,-0.656678,0.491844,-1.128486,1.226537,1.262602,-1.106979,-0.191130,-0.709330,-0.569794,-0.745272,-0.346273,0.000000,0.000000,0.000000,-1,-0.962006,-0.461334,-0.797302,-1.128785,1.123590,1.267876,173.103546,140.743744,-754.182739,0,0
58.120000,-1.001988,0.786131,-1.376433,-0.480947,-0.643638,0.595331,0.693284,0.136472,0.707625,-0.536700,0.753064,0.380588,-0.022320,-0.556064,-0.656708,0.508948,-0.346161,-0.179144,0.655068,0.170420,0.183898,-0.163922,-0.595331,-0.707625,-0.380588,0.000000,0.000000,0.000000,-1,-0.243210,-0.825073,-0.214890,-0.524659,-0.296765,0.774063,169.599426,142.839172,-757.856812,0,0
58.160000,-0.982962,0.797940,-1.362441,-0.468152,-0.665797,0.580989,0.683083,0.144420,0.715919,-0.560563,0.732022,0.387184,-0.007808,-0.553486,-0.654010,0.515619,0.396774,1.000213,-0.496621,0.565043,-0.314354,0.524544,-0.580989,-0.715919,-0.387184,0.000000,0.000000,0.000000,-1,-0.173141,-0.915649,-0.020706,0.396475,0.897268,-0.491347,168.022568,144.061523,-758.691772,0,0
58.200000,-0.990563,0.806810,-1.379270,-0.488504,-0.653153,0.578581,0.679155,0.131690,0.722084,-0.547825,0.745687,0.379261,-0.011671,-0.556986,-0.658801,0.505581,-0.470936,-2.384928,-0.410084,0.180769,-0.281502,0.095402,-0.578581,-0.722084,-0.379261,0.000000,0.000000,0.000000,-1,-0.401749,-1.222595,-0.359940,-0.471235,-2.487872,-0.404810,169.774628,141.616837,-756.687744,0,0
58.240000,-1.059218,0.839082,-1.433794,-0.575835,-0.573573,0.582605,0.661885,0.091252,0.744030,-0.479919,0.814056,0.327094,-0.038145,-0.578790,-0.672993,0.458942,-0.071087,-0.539841,-1.613118,0.757410,-0.570316,0.300406,-0.582605,-0.744030,-0.327094,0.000000,0.000000,0.000000,-1,0.423767,-1.138931,-0.155807,-0.173649,-1.117694,-1.563089,169.774628,141.616837,-756.687744,0,0
58.280000,-1.064699,0.902190,-1.454424,-0.625392,-0.561177,0.542185,0.615700,0.071976,0.784687,-0.479373,0.824560,0.300504,-0.023066,-0.590945,-0.680794,0.432171,1.283709,-0.894758,-1.458382,0.610132,0.174198,0.735837,-0.542185,-0.784687,-0.300504,0.000000,0.000000,0.000000,-1,-0.205597,-0.747635,0.473907,1.283410,-0.997700,-1.453108,169.073807,143.712280,-756.353760,0,0
58.320000,-1.180597,0.965788,-1.398346,-0.684120,-0.505260,0.526016,0.560332,0.097599,0.822498,-0.466914,0.857430,0.216344,-0.022009,-0.625575,-0.671354,0.396807,2.026768,-3.355205,-1.263998,-0.133118,-0.126111,0.744985,-0.526016,-0.822498,-0.216344,0.000000,0.000000,0.000000,-1,-0.826416,-1.121628,0.456116,2.026469,-3.458147,-1.258724,170.300247,139.696014,-756.186768,0,0
58.360000,-1.310950,1.000112,-1.381116,-0.750251,-0.405664,0.522073,0.530519,0.101853,0.841532,-0.394554,0.908330,0.138797,-0.047693,-0.654467,-0.668430,0.350142,-0.633337,-1.176798,-0.020158,-0.652488,-0.124990,0.178073,-0.522073,-0.841532,-0.138797,0.000000,0.000000,0.000000,-1,-1.002670,-0.641434,-0.049362,-0.593776,-1.554435,-0.103449,173.278748,139.870636,-752.011719,0,0
58.400000,-1.356735,1.021807,-1.359062,-0.770323,-0.382869,0.509915,0.510172,0.109665,0.853052,-0.382527,0.917270,0.110852,-0.047855,-0.665044,-0.665490,0.335482,1.028248,-0.206833,-0.828937,0.011426,0.127146,0.057324,-0.509915,-0.853052,-0.110852,0.000000,0.000000,0.000000,-1,-0.498489,-0.725906,-0.053528,1.027951,-0.309742,-0.823676,171.176270,139.521393,-752.011719,0,0
58.440000,-1.384100,1.047701,-1.325737,-0.780759,-0.386587,0.490883,0.484639,0.121201,0.866277,-0.394387,0.914254,0.092726,-0.036448,-0.672539,-0.661869,0.329078,0.504252,-0.049493,-0.537732,0.142739,-0.020137,0.021925,-0.490883,-0.866277,-0.092726,0.000000,0.000000,0.000000,-1,-0.345108,-0.813049,-0.038376,0.503956,-0.152402,-0.532471,173.103546,141.092972,-751.510681,0,0
58.480000,-1.440012,1.063021,-1.281014,-0.792979,-0.372534,0.482082,0.465961,0.138939,0.873828,-0.392510,0.917559,0.063411,-0.034174,-0.683467,-0.655258,0.319910,0.540609,-0.252483,-0.157469,0.040202,0.110309,0.205638,-0.482082,-0.873828,-0.063411,0.000000,0.000000,0.000000,-1,-0.460907,-0.797546,0.108505,0.565720,-0.412667,-0.169249,173.278748,138.822922,-750.341675,0,0
58.520000,-1.520900,1.070593,-1.220046,-0.805896,-0.347970,0.479007,0.450404,0.164793,0.877485,-0.384275,0.922909,0.023921,-0.036708,-0.697633,-0.645179,0.309361,0.973994,-0.938379,-0.120856,-0.006909,0.129301,0.087596,-0.479007,-0.877485,-0.023921,0.000000,0.000000,0.000000,-1,-0.485916,-0.748184,0.063675,0.973698,-1.041285,-0.115596,174.505188,140.743744,-747.836670,0,0
58.560000,-1.603490,1.078592,-1.134321,-0.812061,-0.342743,0.472317,0.428265,0.199778,0.881293,-0.396416,0.917941,-0.015447,-0.030032,-0.711914,-0.631830,0.305070,1.605489,0.250809,-0.373584,0.010480,0.166480,0.184275,-0.472317,-0.881293,0.015447,0.000000,0.000000,0.000000,-1,-0.455887,-0.759018,0.093994,1.605193,0.147903,-0.368323,174.505188,140.743744,-747.836670,0,0
58.600000,-1.751997,1.093121,-0.978302,-0.825270,-0.338311,0.452190,0.381358,0.256720,0.888066,-0.416528,0.905340,-0.082846,-0.014628,-0.735669,-0.609447,0.295214,0.960503,-1.192412,-0.547176,0.059337,0.146214,-0.152868,-0.452190,-0.888066,0.082846,0.000000,0.000000,0.000000,-1,-0.367661,-0.717743,-0.052490,1.242153,-1.009061,-0.546314,173.629166,140.569122,-745.331604,0,0
58.640000,-1.832242,1.115357,-0.954222,-0.857265,-0.290773,0.424909,0.358863,0.254344,0.898068,-0.369207,0.922367,-0.113693,-0.022823,-0.745872,-0.610170,0.266170,-0.036190,-0.784146,-0.479528,0.042555,-0.019733,-0.059021,-0.424909,-0.898068,0.113693,0.000000,0.000000,0.000000,-1,-0.408173,-0.950897,0.131363,-0.036486,-0.887050,-0.474267,175.381226,139.172165,-741.657593,0,0
58.680000,-1.867533,1.127423,-0.936708,-0.869144,-0.276210,0.410240,0.345598,0.254151,0.903310,-0.353766,0.926885,-0.125437,-0.023136,-0.749789,-0.610237,0.254740,0.169238,-0.689720,-0.436479,-0.168709,-0.109767,-0.054712,-0.410240,-0.903310,0.125437,0.000000,0.000000,0.000000,-1,-0.666168,-1.014145,0.132462,0.168942,-0.792623,-0.431218,175.381226,139.172165,-741.657593,0,0
58.720000,-1.894346,1.138201,-0.925145,-0.878814,-0.264007,0.397476,0.334841,0.252258,0.907881,-0.339953,0.930949,-0.133287,-0.023537,-0.752389,-0.610997,0.245029,-0.100358,-0.412489,-0.090114,-0.315384,-0.104326,-0.158052,-0.397476,-0.907881,0.133287,0.000000,0.000000,0.000000,-1,-0.698044,-1.026596,-0.082382,-0.085938,-0.466704,-0.139485,174.329987,141.267593,-741.657593,0,0
58.760000,-1.881908,1.141455,-0.956608,-0.883811,-0.248664,0.396289,0.340195,0.239896,0.909240,-0.321163,0.938411,-0.127428,-0.030503,-0.750189,-0.615729,0.239090,-0.602433,0.108228,0.018378,-0.203016,-0.293442,-0.155687,-0.396289,-0.909240,0.127428,0.000000,0.000000,0.000000,-1,-0.599304,-1.202682,-0.028259,-0.602729,0.005327,0.023639,175.206009,142.140701,-740.154541,0,1
58.800000,-1.785153,1.145341,-1.031723,-0.872986,-0.274323,0.403290,0.354204,0.211874,0.910851,-0.335314,0.938006,-0.087797,-0.027097,-0.736997,-0.627159,0.250545,-1.162309,1.402930,0.147416,-0.313187,-0.171913,-0.311155,-0.403290,-0.910851,0.087797,0.000000,0.000000,0.000000,-1,-0.716476,-1.082764,-0.223358,-1.012800,1.044559,0.177707,175.030807,138.124435,-741.657593,0,0
58.840000,-1.529137,1.144075,-1.207245,-0.835280,-0.362353,0.413530,0.386837,0.147177,0.910327,-0.390722,0.920347,0.017237,-0.008733,-0.700932,-0.652944,0.286851,-1.774707,2.871707,0.410275,-0.233397,-0.009274,0.217860,-0.413530,-0.910327,-0.017237,0.000000,0.000000,0.000000,-1,-0.606644,-0.786057,0.282166,-1.909390,2.709281,0.314105,173.804367,137.949814,-746.166626,0,0
58.880000,-1.249418,1.101294,-1.375120,-0.768571,-0.474361,0.429278,0.443809,0.087969,0.891793,-0.460795,0.875924,0.142915,0.011670,-0.654527,-0.675188,0.339968,-2.139379,2.743879,0.719095,-0.088132,0.124383,0.324419,-0.429278,-0.891793,-0.142915,0.000000,0.000000,0.000000,-1,-0.517410,-0.767410,0.181503,-2.139675,2.640980,0.724355,171.176270,138.822922,-749.339661,0,0
58.920000,-1.078221,1.046378,-1.481417,-0.717454,-0.539089,0.441184,0.498711,0.044694,0.865615,-0.486362,0.841062,0.236784,0.016347,-0.617528,-0.690931,0.375507,-2.183876,2.446537,1.104929,-0.156732,-0.251541,0.433149,-0.441184,-0.865615,-0.236784,0.000000,0.000000,0.000000,-1,-0.641663,-1.215332,0.100220,-2.184172,2.343639,1.110190,170.300247,138.648300,-752.512695,0,0
58.960000,-0.959032,0.978536,-1.587283,-0.688583,-0.563037,0.456993,0.558162,-0.009203,0.829681,-0.462936,0.826380,0.320603,0.002091,-0.582833,-0.710350,0.394594,-1.304171,-0.832982,0.200556,0.007683,-0.507599,0.556900,-0.456993,-0.829681,-0.320603,0.000000,0.000000,0.000000,-1,-0.401108,-1.314392,0.241684,-1.500665,-0.576385,0.262733,170.475449,139.521393,-755.351746,0,0
59.000000,-1.031359,0.940957,-1.563532,-0.689618,-0.518677,0.505373,0.588999,0.004279,0.808122,-0.421316,0.854960,0.302549,-0.029809,-0.589777,-0.704963,0.392814,-0.223582,-0.082399,1.569155,0.160692,-0.199980,0.180327,-0.505373,-0.808122,-0.302549,0.000000,0.000000,0.000000,-1,-0.344681,-1.008102,-0.122223,-0.223878,-0.185296,1.574415,167.847366,139.346771,-757.522766,0,0
59.040000,-0.989999,0.887839,-1.547158,-0.635363,-0.563865,0.527608,0.630914,0.014917,0.775709,-0.445266,0.825732,0.346273,-0.029357,-0.570965,-0.701199,0.425977,-0.729720,1.913754,1.425314,0.171986,-0.046739,0.330297,-0.527608,-0.775710,-0.346273,0.000000,0.000000,0.000000,-1,-0.405472,-0.748901,0.046432,-0.730016,1.810858,1.430574,167.847366,139.346771,-757.522766,0,0
59.080000,-0.955552,0.840170,-1.514270,-0.574614,-0.610596,0.544969,0.666271,0.037702,0.744756,-0.475292,0.791044,0.385158,-0.025129,-0.553886,-0.693194,0.460501,-0.091874,1.292856,0.970069,0.220063,0.071294,0.443951,-0.544969,-0.744756,-0.385158,0.000000,0.000000,0.000000,-1,-0.249695,-0.672470,0.038284,-0.071723,1.126467,1.054106,164.518448,140.569122,-758.023804,0,0
59.120000,-0.915086,0.818354,-1.493505,-0.529819,-0.652581,0.541692,0.681384,0.052770,0.730022,-0.504983,0.755880,0.416699,-0.013338,-0.539882,-0.688068,0.484678,0.067171,0.975989,0.353854,0.517095,0.073421,0.425336,-0.541692,-0.730022,-0.416699,0.000000,0.000000,0.000000,-1,0.035950,-0.611938,-0.018951,0.066875,0.873095,0.359114,163.642410,142.140701,-759.192810,0,0
59.160000,-0.904275,0.816417,-1.482692,-0.516117,-0.666253,0.538266,0.682180,0.060259,0.728697,-0.517932,0.743287,0.423404,-0.007416,-0.536883,-0.685431,0.491820,0.223184,0.402058,0.115388,0.627820,0.193297,0.348941,-0.538266,-0.728697,-0.423404,0.000000,0.000000,0.000000,-1,0.078644,-0.566086,-0.132355,0.222888,0.299165,0.120648,164.868866,141.267593,-759.025818,0,0
59.200000,-0.918169,0.828706,-1.467309,-0.519720,-0.664519,0.536941,0.672214,0.069815,0.737058,-0.527276,0.744003,0.410415,-0.003543,-0.542936,-0.681968,0.490028,0.429685,-0.314114,-0.238938,0.523620,0.191648,0.204849,-0.536941,-0.737058,-0.410415,0.000000,0.000000,0.000000,-1,-0.059372,-0.521667,-0.237610,0.423185,-0.395739,-0.191156,163.817627,139.521393,-759.359802,0,0
59.240000,-0.945682,0.853052,-1.451247,-0.536688,-0.653865,0.533316,0.652993,0.078439,0.753291,-0.534383,0.752534,0.384872,0.000393,-0.554584,-0.678808,0.481306,0.701590,-0.203990,-0.332847,0.339911,0.281154,0.135635,-0.533316,-0.753291,-0.384872,0.000000,0.000000,0.000000,-1,-0.222839,-0.509628,-0.262299,0.701294,-0.306882,-0.327587,163.992828,139.696014,-758.524780,0,1
59.280000,-0.960617,0.882584,-1.423649,-0.542148,-0.659631,0.520540,0.628293,0.093125,0.772383,-0.557963,0.745798,0.363954,0.013897,-0.563764,-0.673234,0.478260,1.242216,0.338467,-0.585910,0.154054,0.029417,0.013826,-0.520540,-0.772383,-0.363954,0.000000,0.000000,0.000000,-1,-0.709686,-1.050659,-0.648376,1.241920,0.235576,-0.580650,162.766388,139.870636,-756.353760,0,0
59.320000,-0.947638,0.912535,-1.404593,-0.536967,-0.681833,0.496759,0.603312,0.101206,0.791057,-0.589644,0.724473,0.357014,0.034686,-0.565941,-0.669473,0.479910,-0.618176,1.367232,0.380917,-1.355307,-0.611973,-0.582851,-0.496759,-0.791057,-0.357014,0.000000,0.000000,0.000000,-1,-2.047531,-1.182297,-0.948685,-0.212681,0.946881,0.076786,165.219269,139.521393,-755.351746,0,0
59.360000,-0.866495,0.844806,-1.432213,-0.474994,-0.720021,0.505916,0.657512,0.091708,0.747842,-0.584858,0.687866,0.429861,0.029313,-0.533114,-0.673266,0.511511,-1.011104,0.269335,0.726349,-0.497791,0.305093,-0.466013,-0.505916,-0.747842,-0.429861,0.000000,0.000000,0.000000,-1,-1.003708,-0.442749,-0.895874,-1.011397,0.166475,0.731597,163.642410,138.997543,-758.524780,0,0
59.400000,-0.872443,0.833441,-1.431167,-0.471956,-0.715607,0.514940,0.665789,0.093573,0.740250,-0.577912,0.692207,0.432281,0.023399,-0.532271,-0.672805,0.513298,0.153561,-0.424893,0.148620,0.081301,0.278519,-0.060456,-0.514940,-0.740250,-0.432281,0.000000,0.000000,0.000000,-1,0.055725,-0.762939,0.017883,0.153269,-0.527752,0.153868,162.415970,139.172165,-760.027832,0,0
59.440000,-0.934370,0.846025,-1.420692,-0.506438,-0.677679,0.533172,0.655509,0.099140,0.748651,-0.560204,0.728645,0.394016,0.010070,-0.550355,-0.671065,0.496669,-0.378161,-1.126815,-0.592272,0.640243,-0.481467,0.484760,-0.533172,-0.748651,-0.394016,0.000000,0.000000,0.000000,-1,0.036011,-1.395370,-0.206604,0.031079,-1.503034,-0.475423,161.715149,139.172165,-759.693848,0,0
59.480000,-0.872079,0.876957,-1.519864,-0.555132,-0.672370,0.489640,0.638664,0.032557,0.768797,-0.532857,0.739499,0.411345,0.015539,-0.542297,-0.695327,0.471373,0.217015,-0.134417,-1.982953,0.335938,-0.882281,-0.086061,-0.489640,-0.768797,-0.411345,0.000000,0.000000,0.000000,-1,-0.153702,-1.651077,-0.497406,0.216722,-0.237274,-1.977706,162.941589,138.648300,-760.194824,0,0
59.520000,-0.850977,0.907355,-1.555736,-0.582429,-0.668096,0.463059,0.615762,0.009274,0.787877,-0.530672,0.744017,0.405987,0.024030,-0.544453,-0.703410,0.456298,0.193036,0.074150,-0.766737,0.402177,0.130636,0.985622,-0.463059,-0.787877,-0.405987,0.000000,0.000000,0.000000,-1,-0.166626,-0.495911,0.441116,0.192744,-0.028706,-0.761489,166.270508,138.473679,-761.029846,0,0
59.560000,-0.910651,0.971450,-1.543876,-0.635484,-0.630565,0.445587,0.563899,0.015184,0.825704,-0.527426,0.775988,0.345926,0.029182,-0.571127,-0.701111,0.425918,1.383866,-1.540223,-1.266141,-0.072220,0.037741,0.960001,-0.445587,-0.825704,-0.345926,0.000000,0.000000,0.000000,-1,-0.679993,-1.059631,0.553375,1.419810,-1.682258,-1.229205,166.620926,137.076721,-761.029846,0,0
59.600000,-1.019309,1.033936,-1.514578,-0.701324,-0.564253,0.435618,0.510633,0.028737,0.859318,-0.497391,0.825102,0.267972,0.022172,-0.604585,-0.696520,0.385806,0.860067,-1.905963,-0.532198,-0.396444,-0.079036,0.107526,-0.435618,-0.859318,-0.267972,0.000000,0.000000,0.000000,-1,-0.832062,-0.938354,-0.160446,0.859774,-2.008818,-0.526951,167.496948,136.902100,-757.188782,0,0
59.640000,-1.070566,1.051644,-1.494525,-0.723095,-0.536285,0.435352,0.494702,0.037805,0.868240,-0.482083,0.843190,0.237965,0.016848,-0.617036,-0.693407,0.371710,0.530405,-0.439329,-0.287337,-0.039928,0.278946,0.219959,-0.435352,-0.868240,-0.237965,0.000000,0.000000,0.000000,-1,-0.417770,-0.679901,0.086380,0.530112,-0.542183,-0.282090,167.847366,136.203613,-756.520752,0,0
59.680000,-1.130205,1.076444,-1.424866,-0.725732,-0.537720,0.429150,0.469419,0.068993,0.880276,-0.502951,0.840296,0.202346,0.027063,-0.630947,-0.681741,0.369326,1.230213,-0.190785,0.008051,0.171719,-0.024295,0.137816,-0.429150,-0.880276,-0.202346,0.000000,0.000000,0.000000,-1,-0.232590,-0.883102,-0.097168,1.167228,-0.165379,-0.003609,167.496948,136.552856,-756.186768,0,0
59.720000,-1.246556,1.105974,-1.313402,-0.738309,-0.523789,0.424906,0.433496,0.114111,0.893901,-0.516702,0.844170,0.142812,0.034528,-0.653760,-0.664645,0.360074,1.238300,-0.317505,-0.360576,0.157007,0.066539,0.166188,-0.424906,-0.893901,-0.142812,0.000000,0.000000,0.000000,-1,-0.267899,-0.827362,0.023376,1.238007,-0.420357,-0.355329,167.672150,136.378235,-753.013733,0,0
59.760000,-1.317223,1.127030,-1.246838,-0.748928,-0.516111,0.415615,0.407011,0.136669,0.903141,-0.522923,0.845548,0.107707,0.040911,-0.666688,-0.655737,0.351940,1.073229,-0.484021,-0.400554,0.068782,0.083820,0.038753,-0.415615,-0.903141,-0.107707,0.000000,0.000000,0.000000,-1,-0.403244,-0.814651,-0.112259,1.072936,-0.586873,-0.395307,167.847366,136.203613,-750.842712,0,0
59.800000,-1.428876,1.151977,-1.158423,-0.771884,-0.492051,0.402593,0.372591,0.162992,0.913570,-0.515142,0.855172,0.057523,0.043593,-0.685083,-0.645448,0.334900,0.778771,-0.533825,-0.379001,-0.127253,0.093028,0.059964,-0.402593,-0.913570,-0.057523,0.000000,0.000000,0.000000,-1,-0.543549,-0.785492,0.084686,0.801801,-0.745870,-0.369263,168.022568,134.632034,-749.005676,0,0
59.840000,-1.535788,1.175053,-1.047795,-0.781394,-0.490918,0.385258,0.333963,0.192548,0.922710,-0.527155,0.849662,0.013493,0.056049,-0.700080,-0.632918,0.325825,1.424496,0.053511,-0.399406,-0.118038,0.262447,0.116535,-0.385258,-0.922710,-0.013493,0.000000,0.000000,0.000000,-1,-0.503296,-0.660263,0.103043,1.424204,-0.049338,-0.394158,170.650650,135.155899,-749.172668,0,0
59.880000,-1.648782,1.181873,-0.930126,-0.786135,-0.488955,0.378040,0.303997,0.226656,0.925318,-0.538124,0.842348,-0.029542,0.064711,-0.714551,-0.618453,0.320538,1.375001,-0.289703,-0.202651,-0.063244,0.114222,-0.037934,-0.378040,-0.925318,0.029542,0.000000,0.000000,0.000000,-1,-0.424393,-0.937988,0.021561,1.374709,-0.392552,-0.197404,169.949829,135.155899,-746.834656,0,0
59.920000,-1.782216,1.185546,-0.795963,-0.794230,-0.483940,0.367424,0.268517,0.262902,0.926704,-0.545066,0.834676,-0.078859,0.073699,-0.730752,-0.602592,0.312175,0.649300,-0.381112,-0.347415,0.084190,-0.172188,-0.171373,-0.367424,-0.926704,0.078859,0.000000,0.000000,0.000000,-1,-0.283890,-1.046463,0.022888,0.805420,-0.425613,-0.320753,170.825867,136.028992,-742.659546,0,0
59.960000,-1.831966,1.196437,-0.770761,-0.811677,-0.465164,0.353276,0.254760,0.262329,0.930742,-0.525622,0.845462,-0.094422,0.071442,-0.736279,-0.603102,0.298425,-0.109491,-0.636430,-0.210253,-0.033214,0.067751,0.082153,-0.353276,-0.930742,0.094422,0.000000,0.000000,0.000000,-1,-0.427750,-0.846405,0.181992,-0.109783,-0.739277,-0.205006,170.300247,134.457413,-741.824585,0,0
60.000000,-1.857900,1.199633,-0.765576,-0.823499,-0.448159,0.347854,0.251334,0.261501,0.931906,-0.508607,0.854851,-0.102708,0.066536,-0.739545,-0.604005,0.289523,0.248458,-0.597981,-0.026094,-0.203537,-0.031229,0.030059,-0.347854,-0.931906,0.102708,0.000000,0.000000,0.000000,-1,-0.551392,-0.963135,0.132767,0.192997,-0.607512,-0.008959,172.052307,134.457413,-742.492554,0,0
60.040000,-1.885952,1.201116,-0.757549,-0.834361,-0.431085,0.343522,0.248277,0.262505,0.932443,-0.492138,0.863283,-0.111996,0.061501,-0.743112,-0.604123,0.281135,-0.227166,-0.607681,-0.126116,-0.193679,-0.234244,-0.256161,-0.343522,-0.932443,0.111996,0.000000,0.000000,0.000000,-1,-0.584793,-1.181305,-0.163330,-0.070052,-0.770916,-0.093611,172.227509,134.981277,-741.657593,0,0
60.080000,-1.818208,1.215944,-0.840032,-0.840460,-0.424433,0.336872,0.258735,0.231903,0.937698,-0.476112,0.875258,-0.085089,0.056405,-0.734414,-0.617144,0.276746,-0.639535,0.149551,0.039888,-0.550320,-0.207322,-0.083655,-0.336872,-0.937698,0.085090,0.000000,0.000000,0.000000,-1,-0.887192,-1.145020,0.001434,-0.639828,0.046707,0.045135,170.650650,133.758942,-743.828613,0,0
60.120000,-1.719342,1.219631,-0.903586,-0.821069,-0.458373,0.340204,0.270224,0.212862,0.938972,-0.502816,0.862893,-0.050911,0.065153,-0.721949,-0.623959,0.291925,-1.085367,2.192648,0.090895,-0.367224,0.004402,-0.228966,-0.340204,-0.938972,0.050911,0.000000,0.000000,0.000000,-1,-0.569550,-0.873306,-0.102280,-1.085660,2.089804,0.096142,170.650650,133.758942,-744.162598,0,1
60.160000,-1.387592,1.200862,-1.110072,-0.740162,-0.570769,0.355504,0.323855,0.160746,0.932351,-0.589303,0.805222,0.065868,0.091137,-0.677318,-0.641343,0.348731,-2.007623,3.209085,0.603866,0.000142,0.154275,-0.137821,-0.355504,-0.932351,-0.065869,0.000000,0.000000,0.000000,-1,-0.329437,-0.852829,-0.128555,-1.955991,3.178246,0.548647,171.701889,136.203613,-746.834656,0,0
60.200000,-1.062264,1.134276,-1.345849,-0.663007,-0.651189,0.369289,0.412137,0.094305,0.906228,-0.624951,0.753034,0.205854,0.095960,-0.622788,-0.666062,0.399109,-2.901985,1.533934,0.603200,-0.061100,-0.056342,0.454633,-0.369289,-0.906228,-0.205854,0.000000,0.000000,0.000000,-1,-0.430389,-0.962570,0.248779,-2.902278,1.431091,0.608448,171.176270,135.679764,-752.345703,0,0
60.240000,-0.909099,1.072126,-1.502774,-0.649504,-0.660131,0.377322,0.477152,0.032507,0.878219,-0.592005,0.750447,0.293869,0.077652,-0.589097,-0.691170,0.411361,-3.153513,-0.377081,0.264634,-0.078229,-0.573990,0.465424,-0.377322,-0.878219,-0.293869,0.000000,0.000000,0.000000,-1,-0.396271,-1.492126,0.134995,-3.074359,-1.266898,0.070451,170.475449,137.076721,-757.689819,0,0
60.280000,-0.878199,1.007400,-1.645543,-0.696514,-0.588167,0.411008,0.532570,-0.039882,0.845446,-0.480871,0.807756,0.341018,0.024236,-0.573501,-0.720662,0.388787,-0.017260,-1.495257,0.461685,0.072660,-0.484235,0.036682,-0.411008,-0.845446,-0.341018,0.000000,0.000000,0.000000,-1,-0.359528,-1.321930,0.101822,-0.826148,-2.530408,0.220505,168.372986,139.870636,-762.365845,0,0
60.320000,-0.875781,0.963616,-1.567955,-0.628942,-0.642187,0.438211,0.570552,0.001621,0.821260,-0.528112,0.766546,0.365382,0.031843,-0.562401,-0.705816,0.429552,-1.273233,2.544655,1.518886,0.188730,-0.165526,0.573313,-0.438211,-0.821260,-0.365382,0.000000,0.000000,0.000000,-1,-0.249481,-0.986786,0.207932,-1.273525,2.441815,1.524133,167.321747,141.267593,-763.367859,0,0
60.360000,-0.800648,0.915081,-1.568633,-0.567435,-0.697471,0.437666,0.609725,0.001319,0.792612,-0.553401,0.716612,0.424517,0.041014,-0.534845,-0.705449,0.463250,-0.698539,1.866353,0.962480,0.164793,0.120508,0.282778,-0.437666,-0.792612,-0.424517,0.000000,0.000000,0.000000,-1,-0.254211,-0.646637,-0.116455,-0.698832,1.763514,0.967727,167.146530,141.791458,-764.202881,0,0
60.400000,-0.780571,0.885641,-1.549040,-0.529292,-0.722198,0.445287,0.632644,0.013766,0.774321,-0.565342,0.691550,0.449607,0.042821,-0.522841,-0.700916,0.483240,-0.262019,0.488513,0.560750,0.279134,0.227354,0.497321,-0.445287,-0.774321,-0.449607,0.000000,0.000000,0.000000,-1,-0.069672,-0.525482,0.018112,-0.235619,0.454640,0.581335,167.847366,142.489944,-765.872925,0,0
60.440000,-0.786012,0.877054,-1.527192,-0.512677,-0.729714,0.452415,0.638811,0.027873,0.768859,-0.573657,0.683184,0.451860,0.043561,-0.521702,-0.695820,0.491695,0.435039,0.213434,0.230938,0.537498,0.283034,0.465410,-0.452415,-0.768859,-0.451860,0.000000,0.000000,0.000000,-1,0.085083,-0.485825,0.013550,0.434749,0.110624,0.236173,168.022568,143.363037,-766.707886,0,0
60.480000,-0.809458,0.901182,-1.489174,-0.509455,-0.733870,0.449321,0.618617,0.050605,0.784061,-0.598137,0.677402,0.428204,0.054166,-0.531944,-0.686850,0.492279,0.893562,0.112018,-0.236375,0.424266,0.425983,0.315579,-0.449321,-0.784061,-0.428204,0.000000,0.000000,0.000000,-1,-0.025055,-0.358078,-0.112625,0.895631,0.005063,-0.168388,167.496948,143.886902,-766.206909,0,0
60.520000,-0.817372,0.929983,-1.471784,-0.514163,-0.738583,0.436041,0.594920,0.059098,0.801610,-0.617824,0.671567,0.409012,0.066572,-0.539502,-0.682656,0.488351,1.002746,0.197316,-0.623030,0.408117,0.325673,0.193481,-0.436041,-0.801610,-0.409012,0.000000,0.000000,0.000000,-1,-0.018723,-0.545319,-0.224411,0.938947,0.109458,-0.545893,166.971329,143.013794,-765.037903,0,1
60.560000,-0.851511,1.007262,-1.430644,-0.537682,-0.741226,0.401849,0.528939,0.074621,0.845373,-0.656598,0.667095,0.351941,0.094546,-0.561329,-0.673610,0.471402,1.746208,-0.388460,-0.989181,-0.068839,-0.357829,-0.215503,-0.401849,-0.845373,-0.351941,0.000000,0.000000,0.000000,-1,-0.470688,-1.203201,-0.567444,1.745918,-0.491267,-0.983946,169.073807,143.013794,-763.701904,0,0
60.600000,-0.858017,1.013758,-1.434877,-0.547644,-0.734923,0.399968,0.523799,0.071636,0.848824,-0.652473,0.674356,0.345721,0.093540,-0.564260,-0.674857,0.466292,-1.208870,1.244793,0.806046,-1.099224,-0.493552,-0.831555,-0.399968,-0.848824,-0.345721,0.000000,0.000000,0.000000,-1,-1.499191,-1.342377,-1.177277,-1.143370,0.637006,0.597963,169.599426,140.394501,-761.864868,0,0
60.640000,-0.838025,0.975393,-1.442542,-0.524801,-0.742151,0.416887,0.556236,0.071733,0.827922,-0.644348,0.666383,0.375166,0.084113,-0.552578,-0.676061,0.480130,-0.780756,-1.011625,0.610468,-0.653654,0.330547,-0.464251,-0.416887,-0.827922,-0.375166,0.000000,0.000000,0.000000,-1,-0.855652,-0.525711,-0.591751,-0.945037,-0.679560,0.740002,170.300247,139.696014,-761.530823,0,0
60.680000,-0.893063,0.967442,-1.412716,-0.534747,-0.720190,0.442008,0.560333,0.089323,0.823437,-0.632513,0.688002,0.355781,0.070973,-0.563092,-0.671045,0.477063,0.389401,-0.474831,0.110092,0.353904,-0.515751,0.176750,-0.442008,-0.823437,-0.355781,0.000000,0.000000,0.000000,-1,-0.088104,-1.339188,-0.179031,0.389111,-0.577636,0.115327,169.774628,143.363037,-763.367859,0,0
60.720000,-0.879889,0.941663,-1.454529,-0.544984,-0.705219,0.453495,0.584472,0.068263,0.808538,-0.601153,0.705695,0.374979,0.054255,-0.556388,-0.680386,0.473882,-1.672847,-0.396733,-0.104739,0.243214,-0.273722,0.192926,-0.453495,-0.808538,-0.374978,0.000000,0.000000,0.000000,-1,-0.210281,-1.082260,-0.182053,-1.723115,-0.427043,0.166649,167.321747,141.966080,-762.699829,0,0
60.760000,-0.849083,0.952334,-1.504984,-0.566855,-0.699465,0.435229,0.578528,0.038130,0.814771,-0.586499,0.713649,0.383046,0.054702,-0.552706,-0.691334,0.462148,0.239359,0.187958,-1.194299,0.453249,-0.143512,0.371816,-0.435229,-0.814771,-0.383046,0.000000,0.000000,0.000000,-1,0.145782,-0.991745,-0.099686,0.073250,-0.135289,-1.134120,168.372986,142.315323,-764.035889,0,0
60.800000,-0.837649,0.993737,-1.533175,-0.597135,-0.692161,0.405392,0.545176,0.020520,0.838071,-0.588398,0.721451,0.365096,0.065667,-0.559589,-0.696727,0.443982,0.663825,-0.993704,-0.883039,0.299145,-0.093967,0.915618,-0.405392,-0.838071,-0.365096,0.000000,0.000000,0.000000,-1,-0.106247,-0.932037,0.550522,0.663535,-1.096506,-0.877805,169.774628,143.712280,-764.369873,0,0
60.840000,-0.896333,1.065593,-1.533869,-0.659950,-0.649286,0.378013,0.483655,0.017868,0.875076,-0.574929,0.760335,0.302238,0.070610,-0.586426,-0.697194,0.406250,1.000158,-1.993874,-1.146034,0.008262,-0.289078,0.427177,-0.378013,-0.875076,-0.302238,0.000000,0.000000,0.000000,-1,-0.369751,-1.164154,0.124939,1.081577,-1.900657,-1.222364,173.453949,141.442215,-761.196838,0,0
60.880000,-0.952307,1.095930,-1.531537,-0.701291,-0.607798,0.372522,0.456867,0.017945,0.889354,-0.547233,0.793889,0.265098,0.062582,-0.602938,-0.697933,0.381364,0.412820,-1.271013,-0.568415,-0.260550,-0.184834,0.185905,-0.372522,-0.889354,-0.265098,0.000000,0.000000,0.000000,-1,-0.534637,-0.825592,0.088226,0.468427,-1.655922,-0.625283,173.453949,141.442215,-761.196838,0,0
60.920000,-0.977417,1.131009,-1.514506,-0.717518,-0.600484,0.352968,0.425072,0.023953,0.904842,-0.551798,0.799278,0.238063,0.071530,-0.613068,-0.694915,0.368950,0.648796,0.056372,-0.570625,-0.016249,0.027416,0.301997,-0.352968,-0.904842,-0.238063,0.000000,0.000000,0.000000,-1,-0.326950,-0.929459,0.006683,0.648506,-0.046428,-0.565390,172.928329,143.013794,-760.695801,0,0
60.960000,-1.017600,1.161189,-1.484701,-0.732395,-0.590575,0.338850,0.396774,0.034245,0.917277,-0.553325,0.806256,0.209244,0.077647,-0.623978,-0.690542,0.357454,0.715246,-0.468058,-0.321144,0.071013,0.085704,0.201233,-0.338850,-0.917277,-0.209244,0.000000,0.000000,0.000000,-1,-0.291031,-0.790375,0.006592,0.652165,-0.579362,-0.331135,174.680389,140.569122,-757.355774,0,0
61.000000,-1.068131,1.182357,-1.439150,-0.740761,-0.584054,0.331894,0.375467,0.049716,0.925501,-0.557043,0.810191,0.182465,0.082245,-0.634037,-0.684381,0.350507,0.904674,-0.141538,-0.339597,-0.010101,0.122858,0.156525,-0.331894,-0.925501,-0.182465,0.000000,0.000000,0.000000,-1,-0.339920,-0.837769,-0.039551,0.907599,-0.300500,-0.316062,174.680389,140.569122,-757.355774,0,0
61.040000,-1.132205,1.214456,-1.368568,-0.745890,-0.586430,0.315829,0.341738,0.070067,0.937180,-0.571719,0.806964,0.148143,0.094736,-0.645719,-0.675272,0.343627,0.713291,0.035455,-0.378708,-0.035566,0.015656,0.100398,-0.315829,-0.937180,-0.148143,0.000000,0.000000,0.000000,-1,-0.362274,-0.919724,-0.047318,0.713001,-0.067343,-0.373474,174.154770,140.743744,-757.522766,0,0
61.080000,-1.256469,1.235865,-1.241343,-0.749830,-0.583127,0.312599,0.311026,0.106344,0.944433,-0.583968,0.805390,0.101628,0.102711,-0.662296,-0.660514,0.338431,0.765899,0.253969,-0.291964,-0.076729,0.058142,0.174137,-0.312599,-0.944433,-0.101628,0.000000,0.000000,0.000000,-1,-0.366821,-0.861664,0.077209,0.721943,0.108773,-0.293525,177.308487,139.696014,-754.516724,0,0
61.120000,-1.319609,1.251553,-1.169359,-0.749442,-0.588151,0.303999,0.288897,0.122634,0.949473,-0.595714,0.799400,0.078008,0.111709,-0.669714,-0.652843,0.335857,0.934808,0.046180,-0.285442,-0.024096,0.082606,0.114797,-0.303999,-0.949473,-0.078008,0.000000,0.000000,0.000000,-1,-0.264771,-0.916763,0.012955,0.927094,-0.009948,-0.280358,177.308487,139.696014,-754.516724,0,0
61.160000,-1.429475,1.272320,-1.056119,-0.754337,-0.588403,0.291133,0.255969,0.144754,0.955786,-0.604530,0.795505,0.041419,0.121953,-0.681482,-0.642457,0.328572,0.679348,-0.115048,-0.331893,0.030147,-0.035853,-0.042825,-0.291133,-0.955786,-0.041419,0.000000,0.000000,0.000000,-1,-0.281708,-0.997223,-0.064041,0.679039,-0.217823,-0.326680,178.534927,140.219879,-752.679688,0,0
61.200000,-1.542023,1.285117,-0.945911,-0.761007,-0.584395,0.281693,0.228556,0.164860,0.959470,-0.607149,0.794546,0.008107,0.128477,-0.692416,-0.633296,0.320921,0.589060,-0.186036,-0.296532,-0.058990,0.044584,0.023336,-0.281693,-0.959470,-0.008107,0.000000,0.000000,0.000000,-1,-0.381592,-0.896194,0.024902,0.609985,-0.264438,-0.303371,176.257248,139.696014,-752.512695,0,0
61.240000,-1.603910,1.291767,-0.891227,-0.768156,-0.578067,0.275272,0.214236,0.173092,0.961323,-0.603357,0.797419,-0.009119,0.130260,-0.698278,-0.629672,0.314570,0.443656,-0.410634,-0.183289,-0.169247,0.082341,0.026038,-0.275272,-0.961323,0.009119,0.000000,0.000000,0.000000,-1,-0.439987,-0.880569,0.054291,0.465647,-0.491154,-0.189066,176.257248,139.696014,-752.512695,0,0
61.280000,-1.701053,1.252911,-0.791504,-0.761326,-0.569506,0.309911,0.222358,0.219659,0.949898,-0.609048,0.792094,-0.040598,0.122078,-0.710912,-0.612591,0.323162,0.512580,0.301947,-0.093597,-0.059916,0.127892,0.067099,-0.309911,-0.949898,0.040598,0.000000,0.000000,0.000000,-1,-0.352997,-0.840851,0.060074,0.512273,0.199195,-0.088452,180.286987,140.219879,-750.675659,0,0
61.320000,-1.737969,1.254671,-0.763735,-0.768368,-0.561815,0.306552,0.215017,0.224540,0.950447,-0.602809,0.796207,-0.051730,0.121266,-0.714954,-0.610757,0.317979,0.099538,-0.681845,-0.032482,0.078891,0.020897,0.035550,-0.306552,-0.950447,0.051730,0.000000,0.000000,0.000000,-1,-0.206100,-0.972610,0.075867,0.114103,-0.727367,-0.042651,180.286987,140.219879,-750.675659,0,0
61.360000,-1.756266,1.255974,-0.764288,-0.779846,-0.547009,0.304337,0.214283,0.223527,0.950851,-0.588152,0.806732,-0.057102,0.115897,-0.717718,-0.612213,0.310878,-0.143744,-0.310816,-0.059132,0.034043,-0.129715,0.065350,-0.304337,-0.950851,0.057102,0.000000,0.000000,0.000000,-1,-0.328918,-1.099640,0.112961,-0.118493,-0.410369,-0.043645,179.586166,140.219879,-750.007690,0,0
61.400000,-1.769225,1.267430,-0.775912,-0.795978,-0.529759,0.292872,0.209224,0.213231,0.954336,-0.568018,0.820907,-0.058889,0.111445,-0.719044,-0.617223,0.299318,-0.237242,-0.637686,-0.257661,-0.178655,-0.186060,-0.023977,-0.292872,-0.954336,0.058889,0.000000,0.000000,0.000000,-1,-0.528290,-1.101059,0.104599,-0.237544,-0.740411,-0.252524,178.009308,141.092972,-748.504639,0,0
61.440000,-1.720860,1.273244,-0.820132,-0.793225,-0.535500,0.289886,0.214385,0.199986,0.956057,-0.569942,0.820515,-0.043831,0.112494,-0.713625,-0.622376,0.301219,-0.430567,0.883105,0.042893,-0.316147,-0.113691,0.133873,-0.289886,-0.956057,0.043831,0.000000,0.000000,0.000000,-1,-0.603668,-1.151169,0.065765,-0.388103,0.914022,0.084186,179.761368,141.442215,-750.174683,0,0
61.480000,-1.633564,1.269516,-0.863517,-0.765222,-0.571599,0.296159,0.225564,0.192814,0.954957,-0.602956,0.797557,-0.018613,0.123062,-0.702967,-0.623256,0.319757,-0.459804,1.332707,0.092245,0.027162,-0.177855,-0.171278,-0.296159,-0.954957,0.018613,0.000000,0.000000,0.000000,-1,-0.172775,-1.101837,-0.169327,-0.334625,1.128248,0.125179,180.462189,140.743744,-750.508667,0,1
61.520000,-1.385803,1.262296,-1.031407,-0.709092,-0.638839,0.298449,0.260521,0.155948,0.952790,-0.655222,0.753369,0.055850,0.140632,-0.672531,-0.634231,0.354509,-1.455054,2.138582,0.179356,0.236896,-0.007964,-0.069944,-0.298449,-0.952790,-0.055850,0.000000,0.000000,0.000000,-1,-0.066589,-0.896118,-0.179489,-1.455355,2.035859,0.184494,180.637405,141.267593,-752.345703,0,0
61.560000,-1.104005,1.228532,-1.252922,-0.658422,-0.690400,0.299715,0.318807,0.104898,0.941997,-0.681794,0.715783,0.151037,0.146324,-0.634878,-0.652794,0.386495,-1.926009,1.030581,0.132107,0.112749,0.028041,0.228872,-0.299715,-0.941997,-0.151037,0.000000,0.000000,0.000000,-1,-0.186966,-0.913956,0.077835,-1.920774,1.079512,0.165219,180.462189,142.140701,-754.850769,0,0
61.600000,-0.957393,1.199378,-1.391586,-0.647124,-0.702252,0.296771,0.357125,0.064695,0.931814,-0.673567,0.708983,0.208926,0.140762,-0.612963,-0.669208,0.395758,-1.911628,0.240339,-0.122968,0.068973,0.016607,0.446460,-0.296771,-0.931814,-0.208926,0.000000,0.000000,0.000000,-1,-0.231903,-0.982758,0.215561,-1.881873,0.240543,-0.062250,181.338226,141.616837,-758.357788,0,0
61.640000,-0.769047,1.160200,-1.596166,-0.655670,-0.702167,0.277593,0.399028,-0.010125,0.916883,-0.640995,0.711940,0.286823,0.130031,-0.582821,-0.698681,0.394027,-1.613701,-0.094701,-0.840622,0.102071,-0.307314,0.524097,-0.277593,-0.916883,-0.286823,0.000000,0.000000,0.000000,-1,-0.109924,-1.186371,0.224670,-1.614003,-0.197421,-0.835485,183.090286,144.759995,-760.361816,0,0
61.680000,-0.623117,1.152032,-1.759238,-0.675829,-0.697814,0.237298,0.399434,-0.076174,0.913592,-0.619442,0.712217,0.330211,0.132414,-0.563348,-0.721494,0.380200,-0.456336,0.357079,-0.766065,0.284417,-0.093671,0.406810,-0.237298,-0.913592,-0.330211,0.000000,0.000000,0.000000,-1,0.047119,-1.007263,0.076599,-0.679587,0.011345,-0.909485,184.141525,144.759995,-763.033875,0,0
61.720000,-0.580322,1.157086,-1.767539,-0.655825,-0.722017,0.220419,0.394254,-0.078583,0.915636,-0.643784,0.687398,0.336195,0.147108,-0.557011,-0.719480,0.387875,0.239070,1.527879,0.149612,0.361807,-0.057860,0.276243,-0.220419,-0.915636,-0.336195,0.000000,0.000000,0.000000,-1,0.127914,-0.989899,-0.069290,0.221345,1.375181,0.055177,186.068787,144.934616,-761.530823,0,0
61.760000,-0.562126,1.152874,-1.729511,-0.614721,-0.758501,0.216319,0.400761,-0.064146,0.913934,-0.679344,0.648507,0.343410,0.162800,-0.549355,-0.711034,0.407598,0.051696,0.942082,0.485137,0.128688,-0.073920,0.299648,-0.216319,-0.913934,-0.343410,0.000000,0.000000,0.000000,-1,-0.159195,-0.906204,-0.058594,0.051394,0.839365,0.490274,185.543167,144.759995,-761.029846,0,0
61.800000,-0.581940,1.152182,-1.679978,-0.590225,-0.775703,0.223428,0.404074,-0.044294,0.913653,-0.698827,0.629542,0.339585,0.169178,-0.549169,-0.702514,0.419841,0.444624,0.257858,0.223283,0.028360,0.045382,0.187470,-0.223428,-0.913653,-0.339585,0.000000,0.000000,0.000000,-1,-0.195068,-0.868271,-0.152115,0.388142,0.179585,0.268287,185.017548,143.886902,-760.862854,0,0
61.840000,-0.594068,1.161191,-1.658738,-0.584231,-0.780374,0.222914,0.396709,-0.034978,0.917278,-0.708023,0.624334,0.330016,0.173732,-0.552095,-0.698073,0.421547,0.276753,0.282910,-0.035590,0.247740,0.020946,0.274108,-0.222914,-0.917278,-0.330016,0.000000,0.000000,0.000000,-1,0.107346,-0.915085,-0.017746,0.350974,0.143140,0.003995,185.718369,144.585373,-760.862854,0,0
61.880000,-0.566335,1.162518,-1.665984,-0.570418,-0.793249,0.213023,0.395233,-0.037735,0.917806,-0.720010,0.607726,0.335043,0.181848,-0.547184,-0.696993,0.426289,-0.109123,0.391034,-0.042462,0.442806,-0.011348,0.242987,-0.213023,-0.917806,-0.335043,0.000000,0.000000,0.000000,-1,0.190155,-0.906097,-0.156921,-0.109425,0.288320,-0.037325,186.243988,143.712280,-761.029846,0,0
61.920000,-0.554990,1.163619,-1.674040,-0.568869,-0.795514,0.208676,0.393910,-0.040814,0.918242,-0.721957,0.604559,0.336579,0.183961,-0.545774,-0.697542,0.426291,0.036778,-0.070341,-0.165379,0.258206,0.010939,0.097962,-0.208676,-0.918242,-0.336579,0.000000,0.000000,0.000000,-1,0.022125,-0.910599,-0.225830,0.019588,-0.132730,-0.135773,185.367966,144.236145,-759.526794,0,0
61.960000,-0.546432,1.169462,-1.683671,-0.571542,-0.795068,0.202997,0.388161,-0.044001,0.920541,-0.722960,0.604923,0.333762,0.186210,-0.546301,-0.698088,0.423739,0.149686,0.157620,-0.155952,0.135843,-0.009299,0.103874,-0.202997,-0.920541,-0.333762,0.000000,0.000000,0.000000,-1,-0.105560,-0.943893,-0.252045,0.111091,0.011443,-0.147005,186.068787,141.791458,-759.192810,0,0
62.000000,-0.537459,1.178254,-1.680292,-0.564053,-0.802178,0.195843,0.380248,-0.041803,0.923939,-0.732978,0.595619,0.328605,0.193096,-0.546270,-0.695424,0.425074,0.141046,0.393285,0.043059,-0.008610,-0.090007,0.067360,-0.195843,-0.923939,-0.328605,0.000000,0.000000,0.000000,-1,-0.225021,-1.022781,-0.272552,0.140744,0.290573,0.048196,188.171265,145.283859,-759.860840,0,1
62.040000,-0.538093,1.178484,-1.660933,-0.548936,-0.812574,0.195942,0.380774,-0.034415,0.924028,-0.744098,0.581841,0.328298,0.198230,-0.544569,-0.691312,0.431552,0.102792,0.514544,0.306735,-0.124447,-0.141738,-0.021372,-0.195942,-0.924028,-0.328298,0.000000,0.000000,0.000000,-1,-0.359589,-1.099503,-0.370667,0.098034,0.422350,0.255497,188.872086,143.886902,-759.526794,0,0
62.080000,-0.574281,1.154819,-1.597529,-0.519170,-0.826001,0.219511,0.403940,-0.010801,0.914722,-0.753190,0.563565,0.339263,0.195172,-0.540626,-0.683599,0.449803,-0.570052,0.420686,0.648582,-0.215623,-0.077145,-0.081224,-0.219511,-0.914722,-0.339262,0.000000,0.000000,0.000000,-1,-0.435135,-0.991867,-0.420486,-0.570353,0.317976,0.653719,185.367966,143.188416,-759.526794,0,0
62.120000,-0.561862,1.127875,-1.594770,-0.501500,-0.834483,0.228332,0.428458,-0.010274,0.903503,-0.751612,0.550938,0.362693,0.191102,-0.531162,-0.684556,0.461226,-0.755696,0.574105,0.443575,-0.088257,0.008438,0.016318,-0.228332,-0.903503,-0.362693,0.000000,0.000000,0.000000,-1,-0.224274,-0.841003,-0.308228,-0.755998,0.471395,0.448712,184.491928,143.013794,-760.027832,0,0
62.160000,-0.537042,1.094197,-1.592433,-0.473068,-0.849190,0.234700,0.458653,-0.009925,0.888560,-0.752226,0.527995,0.394179,0.188864,-0.516954,-0.685050,0.477280,-0.368287,0.287681,0.328907,0.207616,0.305354,0.126036,-0.234700,-0.888560,-0.394179,0.000000,0.000000,0.000000,-1,-0.027084,-0.583206,-0.268143,-0.479927,0.306976,0.387906,185.893585,145.109238,-761.029846,0,0
62.200000,-0.536903,1.091535,-1.585010,-0.466020,-0.852759,0.235854,0.461077,-0.006554,0.887336,-0.755138,0.522263,0.396242,0.189929,-0.515564,-0.683523,0.480538,0.158143,0.412393,0.061931,0.235167,0.248862,0.168138,-0.235854,-0.887336,-0.396242,0.000000,0.000000,0.000000,-1,-0.048096,-0.688354,-0.282700,0.111044,0.195210,0.086184,185.893585,145.109238,-759.359802,0,0
62.240000,-0.528310,1.095174,-1.565500,-0.443545,-0.866022,0.230812,0.457886,0.002425,0.889008,-0.770460,0.500001,0.395463,0.199102,-0.512471,-0.677603,0.488452,0.112069,0.430692,0.246380,-0.056954,0.106156,0.035035,-0.230812,-0.889008,-0.395463,0.000000,0.000000,0.000000,-1,-0.360962,-0.767151,-0.358398,0.111768,0.327985,0.251516,186.594406,143.712280,-760.695801,0,0
62.280000,-0.548679,1.096650,-1.535944,-0.434011,-0.868865,0.238133,0.456302,0.015909,0.889683,-0.776803,0.494793,0.389560,0.200324,-0.514869,-0.672247,0.492813,0.260502,0.019294,0.221071,-0.074977,0.112690,0.028079,-0.238133,-0.889683,-0.389560,0.000000,0.000000,0.000000,-1,-0.313110,-0.776993,-0.361481,0.237875,-0.082352,0.226449,185.192749,145.458481,-760.361816,0,0
62.320000,-0.568443,1.102686,-1.511145,-0.429314,-0.869881,0.242891,0.450398,0.026899,0.892423,-0.782835,0.492527,0.380245,0.202202,-0.518644,-0.667582,0.494426,0.452927,0.116802,0.198300,0.021196,0.076978,-0.005101,-0.242891,-0.892422,-0.380245,0.000000,0.000000,0.000000,-1,-0.212631,-0.809052,-0.392395,0.483418,0.021500,0.191363,185.718369,144.934616,-759.860840,0,0
62.360000,-0.605974,1.120752,-1.466767,-0.424725,-0.870759,0.247763,0.432654,0.045172,0.900428,-0.795248,0.489630,0.357552,0.207696,-0.527339,-0.658996,0.494469,0.677906,-0.072021,0.126467,0.109000,0.073432,-0.052406,-0.247763,-0.900428,-0.357552,0.000000,0.000000,0.000000,-1,-0.125824,-0.835678,-0.413681,0.677604,-0.174726,0.131603,185.893585,145.458481,-758.023804,0,0
62.400000,-0.664381,1.148844,-1.410487,-0.429609,-0.866991,0.252512,0.404291,0.065373,0.912291,-0.807456,0.494017,0.322432,0.213651,-0.541422,-0.649359,0.489437,0.849984,-0.345957,-0.142250,0.046824,-0.204774,-0.164034,-0.252512,-0.912291,-0.322432,0.000000,0.000000,0.000000,-1,-0.205688,-1.117065,-0.486465,0.851089,-0.341475,-0.067408,185.543167,144.061523,-757.689819,0,0
62.440000,-0.699955,1.170790,-1.393481,-0.449114,-0.857535,0.250860,0.383318,0.068690,0.921059,-0.807071,0.509819,0.297859,0.214673,-0.552255,-0.647743,0.478914,0.451087,-0.587722,-0.146329,0.129904,-0.888695,-0.205376,-0.250860,-0.921059,-0.297859,0.000000,0.000000,0.000000,-1,-0.120483,-1.525925,-0.490189,0.614842,-0.894193,-0.296327,184.491928,144.061523,-757.689819,0,0
62.480000,-0.652041,1.148499,-1.420831,-0.428536,-0.868621,0.248705,0.405257,0.061234,0.912150,-0.807542,0.491678,0.325774,0.214742,-0.539443,-0.650591,0.489508,-0.861869,0.231998,-0.013229,-0.215742,-0.247259,-0.230638,-0.248705,-0.912150,-0.325774,0.000000,0.000000,0.000000,-1,-0.349442,-0.903702,-0.306213,-0.862168,0.129319,-0.008100,185.543167,144.759995,-756.019775,0,0
62.520000,-0.668930,1.160214,-1.466911,-0.484191,-0.839220,0.247528,0.396992,0.041390,0.916888,-0.779716,0.542215,0.313122,0.200809,-0.550558,-0.662556,0.466455,0.422715,-2.524642,-0.792524,0.505569,0.496478,0.711911,-0.247528,-0.916888,-0.313122,0.000000,0.000000,0.000000,-1,0.258041,-0.420410,0.398788,0.386626,-2.399303,-0.739099,187.120026,144.236145,-758.190796,0,0
62.560000,-0.713000,1.230877,-1.499654,-0.561352,-0.798325,0.218086,0.332568,0.023700,0.942782,-0.757814,0.601761,0.252193,0.201715,-0.577247,-0.668926,0.422653,1.546169,-0.484901,-1.581053,0.505379,-0.295957,0.435634,-0.218086,-0.942782,-0.252193,0.000000,0.000000,0.000000,-1,0.287292,-1.238739,0.183441,1.545870,-0.587579,-1.575925,187.295227,143.712280,-758.023804,0,0
62.600000,-0.720749,1.288679,-1.512540,-0.589039,-0.786943,0.183723,0.277918,0.016209,0.960468,-0.758811,0.616813,0.209158,0.215403,-0.590781,-0.667456,0.398851,1.287784,-0.317667,-1.057738,0.095573,-0.342907,0.620291,-0.183723,-0.960468,-0.209158,0.000000,0.000000,0.000000,-1,-0.183289,-1.266327,0.379745,1.287485,-0.420343,-1.052610,186.068787,145.283859,-757.188782,0,0
62.640000,-0.731387,1.322368,-1.502207,-0.594868,-0.786869,0.164224,0.245303,0.016852,0.969300,-0.765479,0.616890,0.182996,0.226541,-0.597646,-0.663516,0.388902,0.025732,-0.536893,-0.179100,-0.458304,0.048447,-0.217989,-0.164224,-0.969300,-0.182996,0.000000,0.000000,0.000000,-1,-0.622528,-0.920853,-0.400986,0.073381,-0.466765,-0.181662,191.149765,145.807724,-755.351746,0,0
62.680000,-0.767155,1.342470,-1.498898,-0.622615,-0.766595,0.157105,0.225762,0.016260,0.974047,-0.749254,0.641925,0.162945,0.222587,-0.607439,-0.665075,0.373025,0.486614,-0.699263,-0.288755,-0.062499,-0.028486,0.168484,-0.157105,-0.974047,-0.162945,0.000000,0.000000,0.000000,-1,-0.219604,-1.002533,0.005539,0.486316,-0.801938,-0.283626,188.872086,144.934616,-755.518738,0,0
62.720000,-0.785838,1.354431,-1.490865,-0.632283,-0.759706,0.151869,0.213996,0.017141,0.976684,-0.744597,0.650040,0.151736,0.222957,-0.611901,-0.664620,0.366263,0.203506,-0.136166,-0.202014,0.066542,0.008148,0.198977,-0.151869,-0.976684,-0.151736,0.000000,0.000000,0.000000,-1,-0.094330,-0.924057,0.063766,0.203207,-0.238840,-0.196886,190.448929,144.759995,-755.017761,0,0
62.760000,-0.786610,1.365458,-1.486938,-0.631499,-0.761821,0.144352,0.203182,0.017079,0.978992,-0.748282,0.647562,0.144003,0.227717,-0.613305,-0.663028,0.363862,0.343013,0.099223,-0.188659,-0.033687,0.116626,0.130209,-0.144352,-0.978992,-0.144003,0.000000,0.000000,0.000000,-1,-0.178040,-0.862366,-0.013794,0.259866,0.007179,-0.164582,189.572906,144.934616,-755.184753,0,0
62.800000,-0.869105,1.399868,-1.401629,-0.633199,-0.763008,0.129912,0.167669,0.028638,0.985427,-0.755610,0.645754,0.109799,0.238937,-0.622904,-0.654668,0.355401,0.919483,0.033184,-0.397884,-0.040941,0.062820,0.046842,-0.129912,-0.985427,-0.109799,0.000000,0.000000,0.000000,-1,-0.170853,-0.922607,-0.062958,0.919184,-0.069489,-0.392756,190.624146,145.283859,-753.514709,0,0
62.840000,-0.922125,1.421697,-1.341514,-0.630118,-0.767424,0.118376,0.144660,0.033762,0.988905,-0.762906,0.640251,0.089742,0.248183,-0.627323,-0.649249,0.351207,0.513763,0.370386,-0.356641,0.077711,0.004057,0.116719,-0.118376,-0.988905,-0.089742,0.000000,0.000000,0.000000,-1,-0.050903,-0.995529,0.052155,0.513465,0.267714,-0.351512,192.376205,144.236145,-753.180725,0,0
62.880000,-0.896009,1.446033,-1.341019,-0.612118,-0.784774,0.097168,0.121169,0.028342,0.992227,-0.781428,0.619134,0.077742,0.265423,-0.625044,-0.644499,0.351413,0.385757,0.594908,-0.515801,0.041351,-0.024619,0.074659,-0.097168,-0.992227,-0.077742,0.000000,0.000000,0.000000,-1,-0.055817,-1.016846,-0.003082,0.333486,0.530442,-0.485806,191.500168,145.807724,-751.343689,0,0
62.920000,-0.918564,1.470110,-1.308843,-0.606548,-0.791023,0.079884,0.097088,0.026031,0.994935,-0.789096,0.611232,0.061010,0.276772,-0.626811,-0.640611,0.346588,0.705177,0.043534,-0.561509,0.010533,0.034257,0.111242,-0.079884,-0.994935,-0.061010,0.000000,0.000000,0.000000,-1,-0.088211,-0.934067,0.079056,0.670929,0.065959,-0.562953,192.200989,145.807724,-752.011719,0,0
62.960000,-1.347933,1.507205,-0.898217,-0.623631,-0.779258,0.061977,0.049709,0.039591,0.997979,-0.780137,0.625451,0.014046,0.284048,-0.642101,-0.632077,0.327874,1.432134,-0.582526,-0.218860,0.041866,0.106988,0.047112,-0.061977,-0.997979,-0.014046,0.000000,0.000000,0.000000,-1,-0.003891,-0.934418,-0.028351,1.431833,-0.685194,-0.213732,193.252228,145.458481,-750.007690,0,0
63.000000,-2.293009,1.507929,0.036411,-0.633348,-0.772430,0.047141,-0.002287,0.062784,0.998025,-0.773864,0.631989,-0.041531,0.293853,-0.659102,-0.618270,0.311410,0.639362,0.024492,-0.530913,-0.140359,0.113076,-0.070095,-0.047141,-0.998025,0.041531,0.000000,0.000000,0.000000,-1,-0.187500,-0.884949,-0.028564,0.826311,-0.134294,-0.479729,194.128265,145.982346,-748.504639,0,0
63.040000,-2.537760,1.515726,0.279279,-0.634988,-0.771890,0.031253,-0.015173,0.052910,0.998484,-0.772373,0.633551,-0.045309,0.298920,-0.658257,-0.619832,0.305210,-0.098773,-0.282578,-0.261845,-0.173382,-0.080816,-0.098471,-0.031253,-0.998484,0.045309,0.000000,0.000000,0.000000,-1,-0.204636,-1.079300,-0.053162,-0.099073,-0.385244,-0.256716,194.478668,145.982346,-747.836670,0,0
63.080000,-2.611470,1.515039,0.328293,-0.653891,-0.756064,0.028179,-0.017968,0.052752,0.998446,-0.756375,0.652368,-0.048080,0.292163,-0.662330,-0.623109,0.296134,0.144314,-0.811184,0.028257,-0.133534,0.046313,0.028931,-0.028179,-0.998446,0.048080,0.000000,0.000000,0.000000,-1,-0.168060,-0.949371,0.076248,0.144013,-0.913850,0.033385,194.829086,145.982346,-748.170654,0,0
63.120000,-2.579526,1.512252,0.261739,-0.679670,-0.732855,0.031182,-0.015140,0.056518,0.998287,-0.733362,0.678033,-0.049509,0.279876,-0.668150,-0.627225,0.286068,-0.208157,-0.622330,0.123833,-0.172217,-0.102574,-0.060144,-0.031182,-0.998287,0.049509,0.000000,0.000000,0.000000,-1,-0.203400,-1.100861,-0.010635,-0.130864,-0.766336,0.132547,195.705109,146.156952,-747.335632,0,0
63.160000,-2.148081,1.526242,-0.183141,-0.689078,-0.723725,0.037322,0.008112,0.043795,0.999008,-0.724641,0.688697,-0.024308,0.269923,-0.662794,-0.636588,0.287406,-0.745476,0.129378,0.142318,-0.108140,-0.207413,0.032608,-0.037322,-0.999008,0.024308,0.000000,0.000000,0.000000,-1,-0.145462,-1.206421,0.056915,-0.745777,0.026714,0.147446,196.055527,147.553925,-749.339661,0,0
63.200000,-1.528800,1.530556,-0.772653,-0.666794,-0.744157,0.040194,0.028082,0.028807,0.999190,-0.744712,0.667383,0.001689,0.275095,-0.650752,-0.640249,0.301538,-0.946709,1.708911,0.023590,0.165606,-0.326981,0.011745,-0.040194,-0.999190,-0.001689,0.000000,0.000000,0.000000,-1,0.164688,-1.214188,0.066360,-0.947009,1.606248,0.028718,195.179504,146.680817,-750.508667,0,0
63.240000,-0.291082,1.488642,-1.913479,-0.591270,-0.806129,0.023551,0.077290,-0.027574,0.996627,-0.802761,0.591096,0.078610,0.299038,-0.609321,-0.651432,0.339030,-1.924062,1.441261,-0.282481,0.234244,-0.098084,0.024700,-0.023551,-0.996627,-0.078610,0.000000,0.000000,0.000000,-1,0.210693,-1.094711,-0.053909,-1.973147,1.745642,-0.328647,194.303467,146.156952,-751.343689,0,1
63.280000,-0.133304,1.432568,-2.061264,-0.582982,-0.812278,0.018313,0.121545,-0.064904,0.990462,-0.803342,0.579648,0.136566,0.293835,-0.587689,-0.667917,0.349528,-1.634991,-0.050039,-0.006625,0.199634,-0.001878,0.168426,-0.018313,-0.990462,-0.136566,0.000000,0.000000,0.000000,-1,0.181320,-0.992340,0.031860,-1.635291,-0.111336,0.010616,195.004288,146.855438,-753.347717,0,0
63.320000,-0.072015,1.358932,-2.122403,-0.582609,-0.812612,0.015130,0.179094,-0.110200,0.977641,-0.792775,0.572292,0.209737,0.281893,-0.561843,-0.689664,0.359489,-1.899616,-0.094942,-0.252416,0.171274,0.129740,0.295431,-0.015130,-0.977641,-0.209737,0.000000,0.000000,0.000000,-1,0.146423,-1.007004,0.069107,-1.899916,-0.197602,-0.247288,197.632385,148.077774,-753.848755,0,0
63.360000,0.034203,1.283178,-2.288614,-0.632657,-0.774371,-0.009700,0.213672,-0.186581,0.958922,-0.744372,0.604596,0.283503,0.260010,-0.539113,-0.725042,0.340685,-1.326523,-1.854332,-1.296427,0.151234,-0.093446,0.359095,0.009700,-0.958922,-0.283503,0.000000,0.000000,0.000000,-1,0.160934,-1.052368,0.075592,-1.467081,-1.972860,-1.266279,196.581146,148.776260,-755.852783,0,0
63.400000,0.149802,1.258862,-2.448699,-0.670054,-0.740898,-0.045802,0.196038,-0.236130,0.951742,-0.715959,0.628739,0.303463,0.256229,-0.531616,-0.743244,0.315151,0.163707,-0.065145,-0.906077,0.228917,-0.034724,0.361508,0.045802,-0.951742,-0.303463,0.000000,0.000000,0.000000,-1,0.274719,-0.986465,0.058044,0.163407,-0.167804,-0.900949,199.209229,151.395554,-759.359802,0,0
63.440000,0.219872,1.262121,-2.511161,-0.665832,-0.743154,-0.066259,0.179086,-0.245399,0.952737,-0.724290,0.622496,0.296483,0.266028,-0.530083,-0.742919,0.310343,0.012066,0.490159,-0.347389,0.273264,-0.055350,0.394932,0.066259,-0.952737,-0.296483,0.000000,0.000000,0.000000,-1,0.346313,-1.050842,0.059998,0.011772,0.387523,-0.342268,198.508408,149.998596,-758.023804,0,0
63.480000,0.199768,1.243607,-2.489839,-0.665225,-0.743915,-0.063776,0.194945,-0.255506,0.946949,-0.720744,0.617501,0.314992,0.262341,-0.523146,-0.747617,0.313951,-0.835618,-0.482112,0.330102,0.285513,0.094868,0.250706,0.063776,-0.946949,-0.314992,0.000000,0.000000,0.000000,-1,0.349289,-0.852081,-0.064285,-0.815801,-0.456536,0.285491,198.508408,149.998596,-758.023804,0,0
63.520000,0.139292,1.224848,-2.450340,-0.679718,-0.731961,-0.047080,0.216170,-0.261251,0.940754,-0.700895,0.629270,0.335805,0.247855,-0.520255,-0.754449,0.314180,-0.155101,-0.419960,0.056392,0.273599,0.301091,0.243764,0.047080,-0.940754,-0.335805,0.000000,0.000000,0.000000,-1,0.320679,-0.639664,-0.092041,-0.155396,-0.522594,0.061512,199.559647,150.347839,-759.693848,0,0
63.560000,0.128782,1.227109,-2.453310,-0.689135,-0.723339,-0.043275,0.214042,-0.260248,0.941518,-0.692300,0.639571,0.334171,0.243383,-0.523143,-0.755572,0.310156,0.259050,-0.510240,-0.055201,0.276946,0.288137,0.212192,0.043275,-0.941518,-0.334171,0.000000,0.000000,0.000000,-1,0.314941,-0.672775,-0.135376,0.258755,-0.612873,-0.050081,199.209229,151.046326,-762.031860,0,0
63.600000,0.125953,1.245368,-2.472820,-0.704568,-0.708499,-0.040163,0.198231,-0.250843,0.947514,-0.681387,0.659627,0.317182,0.239318,-0.533044,-0.753756,0.300737,0.624425,-0.461623,-0.160501,0.216261,0.253712,0.210340,0.040163,-0.947514,-0.317182,0.000000,0.000000,0.000000,-1,0.264221,-0.752167,-0.104797,0.624130,-0.564256,-0.155381,198.333206,150.173218,-761.196838,0,0
63.640000,0.189456,1.279607,-2.542542,-0.709376,-0.702754,-0.054067,0.161879,-0.237101,0.957903,-0.685989,0.670761,0.281955,0.247876,-0.545509,-0.746397,0.289602,0.710050,0.092500,-0.405409,0.195888,0.146990,0.099826,0.054067,-0.957903,-0.281955,0.000000,0.000000,0.000000,-1,0.249954,-0.810913,-0.182129,0.709755,-0.010131,-0.400289,200.260468,151.395554,-759.693848,0,0
63.680000,0.271151,1.294206,-2.605829,-0.696927,-0.713402,-0.073141,0.139405,-0.234813,0.961992,-0.703462,0.660242,0.263100,0.262100,-0.547498,-0.740750,0.287819,0.236470,0.934704,-0.135934,-0.005407,-0.227308,0.036247,0.073141,-0.961992,-0.263100,0.000000,0.000000,0.000000,-1,0.067734,-1.189301,-0.226852,0.236176,0.832074,-0.130813,199.734848,152.268661,-758.858826,0,0
63.720000,0.272427,1.291339,-2.572510,-0.671963,-0.736856,-0.074218,0.148636,-0.232361,0.961205,-0.725516,0.634863,0.265661,0.271448,-0.541743,-0.736544,0.300557,-0.553846,1.261201,0.546764,-0.194458,-0.293967,-0.162333,0.074218,-0.961205,-0.265661,0.000000,0.000000,0.000000,-1,-0.193878,-1.177475,-0.549484,-0.554140,1.158571,0.551885,199.734848,152.268661,-758.858826,0,1
63.760000,0.214356,1.252383,-2.462925,-0.633772,-0.770648,-0.066593,0.196525,-0.243689,0.949733,-0.748138,0.588827,0.305895,0.275691,-0.520622,-0.738809,0.327274,-0.666116,0.319341,0.287387,-0.267369,0.004024,-0.520369,0.066593,-0.949733,-0.305895,0.000000,0.000000,0.000000,-1,-0.200775,-0.945709,-0.826263,-0.666411,0.216712,0.292507,199.034027,151.919418,-760.194824,0,0
63.800000,0.187463,1.256060,-2.437302,-0.633976,-0.771198,-0.057693,0.200442,-0.235911,0.950878,-0.746926,0.591270,0.304142,0.272852,-0.522954,-0.737229,0.329490,0.587557,-0.330699,0.187150,-0.050094,0.161114,-0.214687,0.057693,-0.950878,-0.304142,0.000000,0.000000,0.000000,-1,0.052246,-0.713470,-0.448502,0.587262,-0.433328,0.192271,198.508408,150.697083,-760.361816,0,0
63.840000,0.189357,1.294573,-2.464376,-0.651913,-0.756554,-0.051334,0.170896,-0.212539,0.962092,-0.738786,0.618428,0.267849,0.270544,-0.541185,-0.730120,0.317568,0.969861,-0.862297,-0.103995,0.087475,0.129634,-0.001483,0.051334,-0.962092,-0.267849,0.000000,0.000000,0.000000,-1,0.163315,-0.908035,-0.176315,0.969567,-0.964925,-0.098875,198.508408,150.697083,-760.361816,0,0
63.880000,0.196616,1.294426,-2.492827,-0.667925,-0.742317,-0.053305,0.164866,-0.217427,0.962052,-0.725738,0.633791,0.267608,0.265469,-0.543804,-0.733648,0.309134,-0.368669,0.217706,-0.322816,0.373484,-0.164382,0.255660,0.053305,-0.962052,-0.267608,0.000000,0.000000,0.000000,-1,0.426788,-1.126434,-0.011948,-0.368964,0.115080,-0.317695,200.085266,151.570175,-760.528809,0,0
63.920000,0.281719,1.290538,-2.554750,-0.651931,-0.754369,-0.076898,0.153165,-0.230326,0.960984,-0.742648,0.614717,0.265700,0.279596,-0.537565,-0.732795,0.309614,0.250655,1.272098,-0.674790,0.493964,0.024583,0.223082,0.076898,-0.960984,-0.265700,0.000000,0.000000,0.000000,-1,0.628860,-0.944260,-0.169525,0.250360,1.169472,-0.669670,201.136505,152.967148,-759.192810,0,0
63.960000,0.327441,1.297591,-2.583520,-0.639209,-0.764121,-0.086779,0.142883,-0.228881,0.962911,-0.755643,0.603102,0.255483,0.289046,-0.537318,-0.728624,0.311205,0.430224,-1.546812,0.158207,0.022611,-0.084345,-0.087794,0.086779,-0.962911,-0.255483,0.000000,0.000000,0.000000,-1,0.109390,-1.047256,-0.343277,0.388721,-1.545466,0.210115,201.136505,152.967148,-759.192810,0,0
64.000000,0.354419,1.313064,-2.619212,-0.645334,-0.758762,-0.088458,0.127175,-0.220895,0.966970,-0.753240,0.612769,0.239047,0.290049,-0.544378,-0.725479,0.305294,0.676284,0.717292,-0.182349,0.224240,0.116262,0.286014,0.088458,-0.966970,-0.239047,0.000000,0.000000,0.000000,-1,0.312698,-0.850708,0.046967,0.675989,0.614668,-0.177229,200.260468,152.443283,-758.357788,0,0
64.040000,0.378104,1.326636,-2.649764,-0.650048,-0.754634,-0.089241,0.114160,-0.213088,0.970341,-0.751269,0.620581,0.224666,0.290849,-0.550521,-0.722461,0.300637,0.310933,-0.948066,-0.021885,-0.068016,-0.014629,0.449977,0.089241,-0.970341,-0.224666,0.000000,0.000000,0.000000,-1,-0.031357,-1.039352,0.273590,0.310639,-1.050690,-0.016765,200.260468,152.443283,-758.357788,0,0
64.080000,0.325353,1.359814,-2.653802,-0.690540,-0.720190,-0.066940,0.098150,-0.184996,0.977826,-0.716604,0.668658,0.198434,0.272040,-0.571645,-0.720064,0.284121,1.057047,-0.286991,0.345591,-0.024490,-0.026187,0.325204,0.066940,-0.977826,-0.198434,0.000000,0.000000,0.000000,-1,0.042450,-1.004013,0.126770,0.992812,-0.570915,0.347979,199.910065,151.744797,-758.023804,0,0
64.120000,0.316875,1.396631,-2.649482,-0.692460,-0.719433,-0.053996,0.081875,-0.152723,0.984872,-0.716795,0.677563,0.164659,0.271848,-0.586319,-0.708845,0.282611,0.861290,-0.409994,0.335539,0.080450,0.043313,0.125459,0.053996,-0.984872,-0.164659,0.000000,0.000000,0.000000,-1,0.147766,-0.950790,-0.041046,0.860995,-0.512616,0.340659,199.209229,151.395554,-757.689819,0,0
64.160000,0.287116,1.418422,-2.647309,-0.711485,-0.701385,-0.042984,0.072007,-0.133618,0.988413,-0.699002,0.700146,0.145572,0.262945,-0.598393,-0.705457,0.274075,0.550698,-1.069731,0.149407,0.166519,0.015971,0.202228,0.042984,-0.988413,-0.145572,0.000000,0.000000,0.000000,-1,0.238541,-0.960266,0.093307,0.550403,-1.172353,0.154527,200.610886,150.697083,-757.355774,0,0
64.200000,0.288635,1.438891,-2.663723,-0.721476,-0.691426,-0.037437,0.060486,-0.116790,0.991313,-0.689792,0.712945,0.126083,0.259437,-0.607989,-0.700776,0.268243,0.368244,0.373993,-0.036993,0.181450,0.032313,0.145400,0.037437,-0.991313,-0.126083,0.000000,0.000000,0.000000,-1,0.218887,-0.959000,0.019318,0.396665,0.132532,-0.000715,197.457169,151.744797,-757.689819,0,0
64.240000,0.378169,1.450355,-2.739617,-0.711859,-0.700920,-0.044362,0.047007,-0.110573,0.992756,-0.700748,0.704616,0.111661,0.267887,-0.610251,-0.695358,0.268900,0.346589,-0.134910,-0.036585,0.091930,-0.030178,0.091489,0.044362,-0.992756,-0.111661,0.000000,0.000000,0.000000,-1,0.136292,-1.022934,-0.020172,0.346295,-0.237529,-0.031465,198.158005,151.046326,-755.351746,0,0
64.280000,0.414953,1.463808,-2.785897,-0.718262,-0.694440,-0.043050,0.037187,-0.100100,0.994282,-0.694779,0.712554,0.097722,0.266513,-0.616530,-0.692114,0.264273,0.516740,-0.435898,0.036295,-0.066426,0.022099,0.159520,0.043050,-0.994282,-0.097722,0.000000,0.000000,0.000000,-1,-0.023376,-0.972183,0.061798,0.516445,-0.538517,0.041414,198.333206,150.522461,-756.186768,0,0
64.320000,0.449356,1.478183,-2.837160,-0.729659,-0.682630,-0.040172,0.027721,-0.088228,0.995714,-0.683249,0.725418,0.083300,0.262331,-0.624126,-0.689418,0.257591,0.371057,-0.416834,0.025050,-0.049450,0.095354,0.252642,0.040172,-0.995714,-0.083300,0.000000,0.000000,0.000000,-1,0.022873,-0.916916,0.176712,0.394143,-0.561851,0.036485,197.632385,149.125504,-755.518738,0,0
64.360000,0.518721,1.490202,-2.914024,-0.734576,-0.677352,-0.039913,0.018163,-0.078432,0.996754,-0.678284,0.731466,0.069917,0.261696,-0.629727,-0.686098,0.253431,0.289435,0.102604,-0.016816,0.142307,-0.009700,0.066621,0.039913,-0.996754,-0.069917,0.000000,0.000000,0.000000,-1,0.182220,-1.006454,-0.003296,0.289140,-0.000013,-0.011697,198.683624,149.474747,-755.184753,0,0
64.400000,0.616593,1.498291,-3.007029,-0.731104,-0.680979,-0.041890,0.009719,-0.071787,0.997373,-0.682197,0.728776,0.059102,0.265321,-0.632498,-0.682274,0.253086,0.216857,-0.106308,-0.049112,0.153957,0.011807,-0.006954,0.041890,-0.997373,-0.059102,0.000000,0.000000,0.000000,-1,0.085815,-0.990250,0.058731,0.216562,-0.208924,-0.043993,198.508408,151.395554,-755.351746,0,0
64.440000,0.678482,1.506987,-3.080672,-0.738949,-0.672572,-0.040021,0.003882,-0.063648,0.997965,-0.673750,0.737289,0.049644,0.262229,-0.637506,-0.680485,0.248519,0.243786,-0.213217,0.065955,0.009143,0.011591,0.171958,0.040021,-0.997965,-0.049644,0.000000,0.000000,0.000000,-1,0.049164,-0.986374,0.122314,0.238114,-0.355073,0.062801,199.734848,148.776260,-756.520752,0,0
64.480000,0.768095,1.517812,3.108974,-0.741479,-0.669966,-0.036795,-0.001727,-0.052931,0.998597,-0.670974,0.740502,0.038090,0.261420,-0.642351,-0.676849,0.246820,0.248068,-0.087098,0.049390,0.025354,0.020951,0.092671,0.036795,-0.998597,-0.038090,0.000000,0.000000,0.000000,-1,0.062149,-0.977646,0.054581,0.247779,-0.189692,0.054502,197.632385,149.823975,-756.520752,0,0
64.520000,0.850767,1.522837,3.026076,-0.741564,-0.669914,-0.036041,-0.005526,-0.047621,0.998850,-0.670860,0.740910,0.031612,0.261938,-0.644657,-0.674685,0.246185,0.223688,0.135505,0.023124,0.051483,-0.013403,0.070400,0.036041,-0.998850,-0.031612,0.000000,0.000000,0.000000,-1,0.099533,-0.992416,0.027145,0.223399,0.032913,0.028237,197.982788,150.173218,-753.514709,0,0
64.560000,0.987074,1.527962,2.902355,-0.732981,-0.679310,-0.035731,-0.010147,-0.041602,0.999083,-0.680173,0.732671,0.023600,0.266937,-0.645713,-0.670482,0.249508,0.203821,0.454663,0.046369,0.079992,-0.009081,0.051417,0.035731,-0.999083,-0.023600,0.000000,0.000000,0.000000,-1,0.096420,-0.960022,0.026047,0.187504,0.382775,0.023862,197.106766,151.395554,-755.017761,0,0
64.600000,1.297488,1.535754,2.599384,-0.727775,-0.684986,-0.033735,-0.018079,-0.030010,0.999386,-0.685578,0.727938,0.009457,0.270545,-0.649675,-0.664688,0.250834,0.312785,-0.111532,0.017939,0.028078,0.019589,-0.033726,0.033735,-0.999386,-0.009457,0.000000,0.000000,0.000000,-1,0.047577,-0.980682,-0.031677,0.312496,-0.214123,0.023051,197.281967,149.823975,-753.848755,0,0
64.640000,1.623088,1.537555,2.262545,-0.735313,-0.676914,-0.033190,-0.025596,-0.021200,0.999448,-0.677244,0.735756,-0.001737,0.268153,-0.654952,-0.662340,0.245840,0.289158,-0.363880,0.006574,0.023939,0.001584,0.017519,0.033190,-0.999448,0.001737,0.000000,0.000000,0.000000,-1,0.074020,-0.995529,0.031509,0.288869,-0.466471,0.011686,197.807587,149.998596,-753.347717,0,0
64.680000,1.966533,1.515768,1.907473,-0.742244,-0.668205,-0.050750,-0.051913,-0.018170,0.998486,-0.668116,0.743755,-0.021202,0.272547,-0.660545,-0.659396,0.233658,0.247450,-0.296159,-0.077330,0.029999,0.006909,0.018700,0.050750,-0.998486,0.021202,0.000000,0.000000,0.000000,-1,0.063293,-0.969360,0.059937,0.255699,-0.414621,-0.055197,197.982788,150.173218,-754.850769,0,0
64.720000,2.190131,1.498232,1.668180,-0.751833,-0.656706,-0.059035,-0.072157,-0.007049,0.997368,-0.655394,0.754114,-0.042086,0.272628,-0.668369,-0.655133,0.223065,0.332358,-0.262300,-0.123095,-0.100386,0.021660,0.026105,0.059035,-0.997368,0.042086,0.000000,0.000000,0.000000,-1,-0.041351,-0.975708,0.068192,0.337385,-0.334140,-0.119220,198.683624,150.173218,-754.516724,0,0
64.760000,2.201913,1.496806,1.654905,-0.752744,-0.655602,-0.059683,-0.073661,-0.006210,0.997264,-0.654179,0.755081,-0.043618,0.272527,-0.668983,-0.654854,0.222164,0.324914,-0.291978,-0.117560,-0.101034,0.021556,0.024574,0.059683,-0.997264,0.043618,0.000000,0.000000,0.000000,-1,-0.025589,-0.987976,0.069077,0.324606,-0.394562,-0.112424,198.683624,150.173218,-754.516724,0,0
64.800000,2.292123,1.484686,1.548814,-0.762483,-0.643777,-0.064583,-0.085983,0.001890,0.996295,-0.641270,0.765211,-0.056795,0.270380,-0.674753,-0.652648,0.213666,0.282405,-0.334368,-0.104135,-0.026466,0.028201,-0.004824,0.064583,-0.996295,0.056795,0.000000,0.000000,0.000000,-1,0.035614,-0.981323,0.047424,0.301276,-0.437994,-0.087505,197.632385,149.474747,-753.180725,0,0
64.840000,2.317227,1.472839,1.503718,-0.774468,-0.628525,-0.071798,-0.097581,0.006555,0.995206,-0.625041,0.777761,-0.066409,0.267107,-0.679602,-0.652208,0.203518,0.242803,-0.543272,-0.131476,-0.054876,-0.027408,0.016766,0.071798,-0.995206,0.066409,0.000000,0.000000,0.000000,-1,0.010971,-1.023376,0.101776,0.242496,-0.645855,-0.126340,197.982788,149.823975,-752.846741,0,0
64.880000,2.421170,1.463138,1.374434,-0.789904,-0.609120,-0.070885,-0.105386,0.020964,0.994210,-0.604107,0.792801,-0.080752,0.259752,-0.687681,-0.649651,0.193848,0.175093,-0.700014,-0.013003,-0.069115,-0.020057,0.092008,0.070885,-0.994210,0.080752,0.000000,0.000000,0.000000,-1,0.006683,-0.996140,0.186295,0.174776,-0.802589,-0.007878,196.931564,149.125504,-754.516724,0,0
64.920000,2.428409,1.461545,1.344642,-0.803366,-0.591197,-0.071335,-0.106257,0.024449,0.994038,-0.585928,0.806157,-0.082460,0.252312,-0.691064,-0.651241,0.186160,0.079724,-0.770901,0.086230,-0.054001,-0.018901,0.115843,0.071335,-0.994038,0.082460,0.000000,0.000000,0.000000,-1,0.043442,-1.004532,0.169006,0.079408,-0.873476,0.091355,197.632385,151.919418,-753.180725,0,0
64.960000,2.477017,1.459843,1.251356,-0.829127,-0.554874,-0.068287,-0.105124,0.034772,0.993851,-0.549087,0.831208,-0.087161,0.236253,-0.698402,-0.653298,0.172107,0.229549,-0.873741,0.085043,0.002086,0.031006,0.050336,0.068287,-0.993851,0.087161,0.000000,0.000000,0.000000,-1,0.078461,-1.008347,0.144257,0.229233,-0.976316,0.090168,196.055527,150.697083,-754.683716,0,0
65.000000,2.502915,1.451131,1.202642,-0.841165,-0.536075,-0.071167,-0.111381,0.042964,0.992849,-0.529184,0.843076,-0.095849,0.230065,-0.703558,-0.652371,0.162750,0.226212,-0.210313,-0.090237,0.029389,-0.035594,0.047294,0.071167,-0.992849,0.095849,0.000000,0.000000,0.000000,-1,0.100555,-1.028442,0.143143,0.225896,-0.312887,-0.085111,196.931564,151.220947,-754.850769,0,0
65.040000,2.508036,1.444338,1.197388,-0.840812,-0.536153,-0.074666,-0.117431,0.046008,0.992015,-0.528437,0.842866,-0.101645,0.231746,-0.705065,-0.650607,0.160897,0.132828,0.038828,-0.094587,-0.004262,-0.087850,-0.005759,0.074666,-0.992015,0.101645,0.000000,0.000000,0.000000,-1,0.044449,-1.066696,0.085770,0.147363,-0.059518,-0.099218,197.281967,150.522461,-755.852783,0,0
65.080000,2.518938,1.443562,1.191322,-0.838241,-0.540256,-0.074002,-0.117864,0.047005,0.991917,-0.532410,0.840187,-0.103078,0.233363,-0.705040,-0.649646,0.162547,-0.080263,0.287079,0.016205,-0.055386,-0.020382,-0.053548,0.074002,-0.991917,0.103078,0.000000,0.000000,0.000000,-1,0.030533,-1.026276,0.041901,-0.080579,0.184508,0.021330,195.705109,150.697083,-754.349731,0,0
65.120000,2.429688,1.451728,1.316453,-0.818282,-0.569555,-0.077601,-0.114966,0.029888,0.992920,-0.563203,0.821410,-0.089936,0.245849,-0.696079,-0.651624,0.174406,-0.717345,1.271605,-0.249274,0.098012,-0.106430,-0.101319,0.077601,-0.992920,0.089936,0.000000,0.000000,0.000000,-1,0.188126,-1.107437,-0.020172,-0.717661,1.169035,-0.244148,196.756348,151.046326,-753.347717,0,0
65.160000,2.253721,1.463297,1.528654,-0.797154,-0.598012,-0.083230,-0.107197,0.004520,0.994228,-0.594183,0.801475,-0.067708,0.257892,-0.683627,-0.656682,0.186854,-0.909125,1.031904,-0.308837,0.068320,-0.047978,-0.086660,0.083230,-0.994228,0.067708,0.000000,0.000000,0.000000,-1,0.138977,-1.011581,-0.012863,-0.909441,0.929334,-0.303712,197.106766,151.046326,-754.683716,0,0
65.200000,1.663031,1.472724,2.185503,-0.756443,-0.646752,-0.097499,-0.079991,-0.056469,0.995195,-0.649150,0.760607,-0.009018,0.277959,-0.653642,-0.671546,0.210991,-1.601695,1.809036,-0.302584,0.022588,0.006303,0.023727,0.097499,-0.995195,0.009018,0.000000,0.000000,0.000000,-1,0.119507,-0.955139,0.074219,-1.602011,1.706467,-0.297459,198.508408,151.395554,-755.351746,0,1
65.240000,1.156096,1.454312,2.807295,-0.678870,-0.726513,-0.106370,-0.038133,-0.109787,0.993223,-0.733268,0.678326,0.046827,0.309875,-0.616899,-0.677400,0.254052,-1.968678,3.100745,-0.051203,0.010833,0.035277,0.047743,0.106370,-0.993223,-0.046827,0.000000,0.000000,0.000000,-1,0.092346,-0.963562,-0.208572,-1.968995,2.998177,-0.046079,198.333206,153.665619,-754.516724,0,0
65.280000,0.744052,1.399385,-3.001716,-0.635502,-0.763408,-0.115525,0.023782,-0.168907,0.985345,-0.771733,0.623441,0.125496,0.319339,-0.579029,-0.694605,0.283323,-2.513948,0.371372,-0.303060,0.029205,0.026956,0.017860,0.115525,-0.985345,-0.125496,0.000000,0.000000,0.000000,-1,0.163315,-0.931976,-0.060913,-2.588055,0.715267,-0.221485,197.982788,154.713348,-754.516724,0,0
65.320000,0.537578,1.325085,-2.865790,-0.691234,-0.711816,-0.124556,0.066241,-0.234053,0.969965,-0.719589,0.662222,0.208937,0.288913,-0.558624,-0.730449,0.266294,-1.028259,-2.982124,-0.350040,0.138368,-0.075613,0.221403,0.124556,-0.969965,-0.208937,0.000000,0.000000,0.000000,-1,0.298508,-1.118927,0.044159,-1.028575,-3.084691,-0.344915,201.136505,154.713348,-756.854797,0,0
65.360000,0.395108,1.306946,-2.812448,-0.753300,-0.649970,-0.100384,0.084299,-0.246799,0.965393,-0.652251,0.718769,0.240706,0.251393,-0.562538,-0.748466,0.245258,-0.629317,-2.195368,0.404698,0.187824,-0.172073,0.599776,0.100384,-0.965393,-0.240706,0.000000,0.000000,0.000000,-1,0.209030,-1.111801,0.390427,-0.629633,-2.297934,0.409823,199.384445,154.713348,-758.858826,0,0
65.400000,0.362183,1.301944,-2.703821,-0.702135,-0.705796,-0.094115,0.112604,-0.240576,0.964077,-0.703084,0.666314,0.248393,0.269281,-0.550719,-0.740119,0.276442,-0.527938,2.288313,0.434403,-0.049315,0.108699,0.475626,0.094115,-0.964077,-0.248392,0.000000,0.000000,0.000000,-1,0.044800,-0.855377,0.227234,-0.433445,2.559963,0.412329,198.333206,156.110306,-760.528809,0,0
65.440000,0.319509,1.295138,-2.601051,-0.658501,-0.747708,-0.085492,0.140064,-0.233376,0.962246,-0.739431,0.621666,0.258406,0.281278,-0.540074,-0.733192,0.302708,-0.264555,1.518092,0.799832,-0.069089,-0.022907,0.339857,0.085492,-0.962246,-0.258406,0.000000,0.000000,0.000000,-1,0.048279,-0.966446,0.068405,-0.264871,1.415527,0.804956,200.610886,156.634155,-759.359802,0,0
65.480000,0.285802,1.301431,-2.518138,-0.620269,-0.780793,-0.075026,0.155372,-0.216054,0.963940,-0.768848,0.586245,0.255324,0.291745,-0.535932,-0.723126,0.323652,0.154175,1.541334,0.753634,0.053727,0.052823,0.340408,0.075026,-0.963940,-0.255325,0.000000,0.000000,0.000000,-1,0.171371,-0.880203,0.108704,0.153865,1.438789,0.758751,200.435684,155.761063,-759.526794,0,0
65.520000,0.256700,1.333461,-2.392116,-0.539943,-0.839582,-0.059693,0.160173,-0.172114,0.971968,-0.826321,0.515246,0.227410,0.318104,-0.533952,-0.696324,0.358940,0.558854,1.801915,0.595886,0.238952,0.188856,0.320351,0.059693,-0.971968,-0.227410,0.000000,0.000000,0.000000,-1,0.298492,-0.768082,0.079193,0.512947,1.684579,0.635611,199.910065,154.887955,-755.017761,0,0
65.560000,0.322927,1.361001,-2.394926,-0.485206,-0.871898,-0.066090,0.141449,-0.152853,0.978074,-0.862883,0.465219,0.197495,0.342838,-0.532649,-0.677413,0.373977,0.881358,1.801848,-0.157590,0.307247,0.284928,0.218292,0.066090,-0.978074,-0.197495,0.000000,0.000000,0.000000,-1,0.437347,-0.799042,-0.017365,0.881048,1.699305,-0.152472,199.910065,154.887955,-755.017761,0,0
65.600000,0.423426,1.379917,-2.455880,-0.450158,-0.889540,-0.077954,0.120137,-0.146839,0.981838,-0.884830,0.432617,0.172967,0.361840,-0.531590,-0.665200,0.379464,0.552449,1.011013,-0.098273,0.446490,-0.010533,0.120858,0.077954,-0.981838,-0.172967,0.000000,0.000000,0.000000,-1,0.501556,-1.050858,-0.015656,0.552140,0.908471,-0.093156,202.012527,153.490997,-753.347717,0,1
65.640000,0.567373,1.370911,-2.518159,-0.377159,-0.919981,-0.106708,0.115923,-0.161204,0.980089,-0.918865,0.357279,0.167446,0.392619,-0.511983,-0.653033,0.396574,-1.164261,3.113923,-0.444124,0.380932,-0.123365,-0.352558,0.106708,-0.980089,-0.167446,0.000000,0.000000,0.000000,-1,0.487640,-1.103455,-0.520004,-0.623616,2.427314,-0.373191,201.486908,155.761063,-750.174683,0,0
65.680000,0.665985,1.325555,-2.450100,-0.223493,-0.963094,-0.150004,0.154825,-0.187020,0.970079,-0.962331,0.193582,0.190908,0.439494,-0.459773,-0.632736,0.441700,0.857790,2.627215,0.192099,0.288839,0.081926,-0.239863,0.150004,-0.970079,-0.190908,0.000000,0.000000,0.000000,-1,0.366730,-0.953796,-0.295303,0.857481,2.524674,0.197217,201.486908,155.062576,-747.168640,0,0
65.720000,0.764846,1.352265,-2.516248,-0.189265,-0.970384,-0.150115,0.126907,-0.175770,0.976217,-0.973691,0.165713,0.156416,0.455546,-0.462893,-0.616735,0.444798,1.682166,1.194003,0.312873,0.141740,-0.135660,0.003187,0.150115,-0.976217,-0.156416,0.000000,0.000000,0.000000,-1,0.218994,-1.108017,-0.106735,1.681856,1.091463,0.317990,201.486908,155.062576,-747.168640,0,0
65.760000,0.854961,1.381022,-2.672987,-0.250837,-0.957508,-0.142336,0.085197,-0.168302,0.982047,-0.964273,0.234207,0.123793,0.445441,-0.489577,-0.621074,0.419718,0.040896,-1.827862,0.157387,-0.244280,0.101020,0.393797,0.142336,-0.982047,-0.123793,0.000000,0.000000,0.000000,-1,-0.076584,-0.855316,0.309464,0.105994,-2.100185,0.061496,202.012527,154.887955,-746.333618,0,0
65.800000,0.747535,1.385694,-2.631150,-0.313416,-0.941337,-0.125122,0.089919,-0.160587,0.982917,-0.945349,0.296811,0.134974,0.421959,-0.504444,-0.634227,0.406501,0.090185,-1.385737,0.168677,0.078187,0.093864,0.227382,0.125122,-0.982917,-0.134974,0.000000,0.000000,0.000000,-1,0.203308,-0.889053,0.092407,0.089876,-1.488275,0.173794,201.311707,154.538727,-749.005676,0,0
65.840000,0.748365,1.394726,-2.666539,-0.345245,-0.930914,-0.119188,0.080117,-0.155766,0.984540,-0.935087,0.330359,0.128359,0.412965,-0.515053,-0.638234,0.396026,0.556638,-0.664061,-0.054593,0.129577,0.136227,0.200762,0.119187,-0.984540,-0.128359,0.000000,0.000000,0.000000,-1,0.277740,-0.967438,0.052338,0.556329,-0.766598,-0.049476,202.362946,155.237198,-748.337646,0,0
65.880000,1.108099,1.403388,-2.882343,-0.205254,-0.967284,-0.149107,0.042716,-0.161060,0.986020,-0.977776,0.196015,0.074377,0.469422,-0.492397,-0.600144,0.420733,0.097958,4.216310,-0.609804,0.171358,-0.180942,-0.101618,0.149107,-0.986020,-0.074377,0.000000,0.000000,0.000000,-1,0.242920,-1.134048,-0.288773,0.438410,4.552790,-0.549793,203.238968,156.808777,-745.164612,0,0
65.920000,1.110524,1.378288,-2.831252,-0.154425,-0.973022,-0.171411,0.058426,-0.182182,0.981528,-0.986275,0.141558,0.084983,0.485483,-0.470972,-0.596152,0.432544,-0.422185,-0.183171,-0.339560,-0.276620,-0.048471,-0.001015,0.171411,-0.981528,-0.084983,0.000000,0.000000,0.000000,-1,-0.135880,-1.088028,0.019150,-0.422494,-0.285706,-0.334443,202.713364,154.887955,-743.661621,0,0
65.960000,1.069900,1.376965,-2.810271,-0.174106,-0.970124,-0.168957,0.062658,-0.182144,0.981274,-0.982731,0.160259,0.092498,0.478419,-0.474201,-0.601820,0.429025,-0.064130,-0.729310,0.275914,-0.318462,-0.093037,0.181106,0.168957,-0.981274,-0.092498,0.000000,0.000000,0.000000,-1,-0.095322,-1.026321,0.055542,-0.064440,-0.831845,0.281031,203.764587,156.284927,-744.997620,0,0
66.000000,1.012316,1.391425,-2.774936,-0.195528,-0.968956,-0.151303,0.063959,-0.166552,0.983956,-0.978610,0.182714,0.094539,0.468104,-0.483331,-0.603452,0.427919,0.246199,-0.646683,0.227445,-0.061353,0.066949,0.184154,0.151303,-0.983956,-0.094539,0.000000,0.000000,0.000000,-1,0.112732,-0.895874,0.119965,0.203536,-0.623022,0.252670,203.764587,156.284927,-744.997620,0,0
66.040000,1.032410,1.399067,-2.821040,-0.220094,-0.964383,-0.146712,0.053845,-0.162182,0.985291,-0.973992,0.208957,0.087622,0.462187,-0.492516,-0.606197,0.419925,0.308000,-0.384201,-0.073326,0.038041,0.050385,0.198157,0.146712,-0.985291,-0.087622,0.000000,0.000000,0.000000,-1,0.208725,-0.958923,0.088699,0.307690,-0.486735,-0.068209,202.187744,156.459549,-745.498596,0,0
66.080000,1.151459,1.397203,-2.904239,-0.184208,-0.970144,-0.157758,0.040613,-0.167880,0.984970,-0.982048,0.175032,0.070325,0.477846,-0.486313,-0.596325,0.423744,0.234274,1.230279,-0.219147,0.040835,-0.019897,0.098691,0.157758,-0.984970,-0.070325,0.000000,0.000000,0.000000,-1,0.163940,-1.023819,-0.001648,0.227613,1.153196,-0.211947,204.115005,156.284927,-743.995605,0,0
66.120000,1.273826,1.396283,-2.992548,-0.149543,-0.974716,-0.166029,0.025783,-0.171704,0.984811,-0.988419,0.142991,0.050808,0.492786,-0.481412,-0.585674,0.427072,0.419183,0.598557,-0.111962,-0.035337,-0.039267,-0.001941,0.166029,-0.984811,-0.050808,0.000000,0.000000,0.000000,-1,0.127502,-0.998749,-0.052673,0.410392,0.570227,-0.115596,201.486908,157.856506,-743.160583,0,0
66.160000,1.369538,1.396426,-3.077074,-0.137271,-0.975839,-0.169987,0.011186,-0.173127,0.984836,-0.990470,0.133288,0.034681,0.500294,-0.482043,-0.579888,0.425524,0.392286,0.175534,-0.109756,-0.065113,0.026111,-0.012164,0.169987,-0.984836,-0.034681,0.000000,0.000000,0.000000,-1,0.096802,-0.965866,-0.039932,0.391976,0.073004,-0.104639,200.786087,156.808777,-742.158569,0,0
66.200000,1.437356,1.394550,3.136102,-0.138400,-0.975011,-0.173776,-0.000963,-0.175332,0.984509,-0.990376,0.136423,0.023327,0.503390,-0.484701,-0.578156,0.421187,0.401367,-0.226357,-0.156973,-0.103693,-0.002536,-0.030979,0.173776,-0.984509,-0.023327,0.000000,0.000000,0.000000,-1,0.051010,-0.989029,-0.061035,0.401058,-0.328887,-0.151857,201.837326,156.808777,-741.156555,0,0
66.240000,1.538379,1.386737,3.001036,-0.169748,-0.968362,-0.182925,-0.025640,-0.181216,0.983109,-0.985154,0.171571,0.005932,0.501382,-0.495631,-0.582429,0.404650,0.626918,-1.108541,-0.217173,-0.229754,-0.007812,-0.032123,0.182925,-0.983109,-0.005932,0.000000,0.000000,0.000000,-1,-0.069473,-0.977203,-0.021210,0.610697,-1.111427,-0.222968,201.837326,156.808777,-741.156555,0,0
66.280000,1.625436,1.381757,2.854705,-0.225132,-0.956090,-0.187635,-0.053174,-0.180236,0.982185,-0.972876,0.231099,-0.010263,0.491265,-0.513605,-0.590573,0.382220,0.285883,-0.440297,-0.005814,-0.305815,0.025917,-0.023217,0.187635,-0.982185,0.010263,0.000000,0.000000,0.000000,-1,-0.136124,-0.987213,-0.016968,0.285574,-0.542825,-0.000698,203.238968,157.507263,-743.160583,0,0
66.320000,1.629976,1.378454,2.844527,-0.230260,-0.954236,-0.190824,-0.055955,-0.182786,0.981559,-0.971519,0.236692,-0.011306,0.490875,-0.514485,-0.591976,0.379357,-0.174444,-0.257994,-0.035602,-0.385084,-0.030434,0.020554,0.190824,-0.981559,0.011306,0.000000,0.000000,0.000000,-1,-0.194260,-1.011993,0.031860,-0.116348,-0.264098,-0.068795,202.187744,158.554977,-743.828613,0,0
66.360000,1.582867,1.385727,2.877516,-0.244890,-0.951931,-0.184001,-0.048031,-0.177635,0.982924,-0.968360,0.249546,-0.002221,0.483468,-0.517077,-0.595882,0.379227,-0.136692,-0.475689,0.436191,-0.338267,-0.122896,0.085303,0.184001,-0.982924,0.002221,0.000000,0.000000,0.000000,-1,-0.114319,-1.110138,0.096497,-0.185167,-0.669495,0.374173,202.187744,158.554977,-743.828613,0,0
66.400000,1.583823,1.403219,2.877862,-0.244434,-0.955215,-0.166780,-0.043481,-0.161027,0.985992,-0.968691,0.248262,-0.002173,0.479261,-0.520956,-0.592302,0.384827,0.010030,0.305450,0.276809,0.061842,-0.137482,0.026788,0.166780,-0.985992,0.002173,0.000000,0.000000,0.000000,-1,0.373093,-1.139084,-0.011826,0.009720,0.202924,0.281926,203.063766,157.332642,-744.997620,0,0
66.440000,1.517384,1.396993,2.976237,-0.214550,-0.961326,-0.172683,-0.028465,-0.170571,0.984934,-0.976298,0.216234,0.009232,0.486515,-0.508613,-0.590414,0.395003,-0.887957,1.127213,-0.352041,0.269761,-0.182714,0.014817,0.172683,-0.984934,-0.009232,0.000000,0.000000,0.000000,-1,0.442444,-1.167648,0.005585,-0.784123,1.019372,-0.358686,203.764587,157.332642,-745.331604,0,1
66.480000,1.346844,1.376556,-3.087566,-0.170099,-0.967288,-0.188201,0.010423,-0.192739,0.981195,-0.985372,0.164939,0.042867,0.494917,-0.483346,-0.592812,0.412319,-1.211294,1.269179,-0.416132,0.011003,-0.100303,0.069784,0.188201,-0.981195,-0.042867,0.000000,0.000000,0.000000,-1,0.153519,-1.042450,0.021912,-1.145774,1.112568,-0.423198,203.764587,157.332642,-745.331604,0,0
66.520000,1.120968,1.338250,-2.789526,-0.105965,-0.972472,-0.207531,0.079470,-0.216320,0.973083,-0.991189,0.086621,0.100205,0.502531,-0.444252,-0.596341,0.440999,-1.888806,1.395597,-0.228396,-0.067013,0.039535,0.080063,0.207531,-0.973083,-0.100205,0.000000,0.000000,0.000000,-1,0.179794,-0.906830,-0.049072,-1.889109,1.293091,-0.223287,204.815826,158.031128,-744.997620,0,0
66.560000,0.941515,1.292271,-2.521093,-0.026897,-0.974613,-0.222274,0.159860,-0.223686,0.961462,-0.986773,-0.009672,0.161818,0.508667,-0.400435,-0.594223,0.477293,-1.646082,2.140191,-0.013179,0.075731,0.129431,0.155852,0.222274,-0.961462,-0.161818,0.000000,0.000000,0.000000,-1,0.298004,-0.832031,-0.005966,-1.698598,2.060958,-0.043765,204.815826,158.729599,-744.329590,0,0
66.600000,0.865238,1.269344,-2.397198,0.015569,-0.973998,-0.226021,0.201163,-0.218375,0.954906,-0.979434,-0.060334,0.192532,0.510248,-0.378657,-0.590622,0.497425,-1.170430,0.677297,0.113700,0.040077,-0.006138,0.033124,0.226021,-0.954906,-0.192532,0.000000,0.000000,0.000000,-1,0.286957,-1.013397,-0.171967,-1.287254,0.899288,0.166496,204.640625,157.856506,-744.496582,0,0
66.640000,0.758287,1.243262,-2.312943,-0.010805,-0.975161,-0.221233,0.237106,-0.217434,0.946838,-0.971424,-0.042225,0.233566,0.493220,-0.374100,-0.604526,0.501330,-0.644950,-1.009289,0.248485,0.012868,-0.095566,0.205383,0.221233,-0.946838,-0.233566,0.000000,0.000000,0.000000,-1,0.234100,-1.042404,-0.028183,-0.645254,-1.111792,0.253594,203.238968,158.205734,-746.166626,0,0
66.680000,0.630479,1.250270,-2.233313,-0.055705,-0.981018,-0.185742,0.248413,-0.193798,0.949070,-0.967051,0.006727,0.254493,0.470000,-0.389684,-0.613188,0.501246,0.012586,-1.749517,0.814731,-0.013348,-0.049862,0.328941,0.185741,-0.949070,-0.254493,0.000000,0.000000,0.000000,-1,0.172394,-0.998932,0.074448,-0.056894,-1.837209,0.798197,202.888565,157.507263,-746.834656,0,0
66.720000,0.531102,1.265089,-2.177409,-0.094732,-0.983763,-0.152435,0.247270,-0.171578,0.953634,-0.964305,0.052647,0.259509,0.452033,-0.407322,-0.617620,0.498297,0.170014,-1.118852,0.705905,0.162353,0.003714,0.445804,0.152435,-0.953634,-0.259509,0.000000,0.000000,0.000000,-1,0.359665,-0.944519,0.188751,0.131275,-1.453533,0.715677,204.640625,156.459549,-747.836670,0,0
66.760000,0.401650,1.280654,-2.028624,-0.070805,-0.991200,-0.111843,0.256626,-0.126451,0.958203,-0.963914,0.039143,0.263321,0.445063,-0.412623,-0.604272,0.516252,-0.512921,1.146810,0.707462,0.197163,0.158017,0.326859,0.111843,-0.958203,-0.263321,0.000000,0.000000,0.000000,-1,0.309006,-0.800186,0.063538,-0.513224,1.044310,0.712571,201.662125,156.983398,-749.339661,0,0
66.800000,0.369266,1.278631,-1.946038,-0.024339,-0.994404,-0.102804,0.267985,-0.105561,0.957622,-0.963115,-0.004242,0.269055,0.450601,-0.403027,-0.591387,0.533656,-0.121570,0.585327,0.283387,0.072534,0.210094,0.094891,0.102804,-0.957622,-0.269055,0.000000,0.000000,0.000000,-1,0.175339,-0.747528,-0.174164,-0.102521,0.588902,0.323970,202.362946,155.935684,-748.337646,0,0
66.840000,0.350601,1.278916,-1.918432,-0.010693,-0.995047,-0.098832,0.270540,-0.098031,0.957705,-0.962649,-0.016497,0.270248,0.451965,-0.400754,-0.587148,0.538870,-0.045223,0.384928,0.270685,0.237304,0.080065,0.089828,0.098832,-0.957705,-0.270248,0.000000,0.000000,0.000000,-1,0.336136,-0.877640,-0.180420,-0.056188,0.263340,0.271743,200.961288,155.586441,-748.337646,0,0
66.880000,0.354353,1.287028,-1.904929,0.007109,-0.995245,-0.097147,0.264491,-0.091818,0.960007,-0.964362,-0.032519,0.262581,0.457260,-0.399529,-0.580364,0.542649,0.282417,0.334765,0.046047,0.204520,0.179642,0.021065,0.097147,-0.960007,-0.262581,0.000000,0.000000,0.000000,-1,0.301666,-0.780365,-0.241516,0.282113,0.232268,0.051156,201.662125,154.887955,-746.333618,0,0
66.920000,0.387497,1.295765,-1.923758,0.021203,-0.994494,-0.102621,0.254835,-0.093878,0.962417,-0.966752,-0.046557,0.251442,0.464661,-0.397956,-0.575351,0.542855,0.271340,0.533845,-0.113224,0.060739,0.118270,0.094139,0.102621,-0.962417,-0.251442,0.000000,0.000000,0.000000,-1,0.163361,-0.844147,-0.157303,0.270005,0.372007,-0.087625,202.713364,154.538727,-746.667603,0,0
66.960000,0.438902,1.301833,-1.950585,0.044889,-0.992589,-0.112922,0.246797,-0.098513,0.964047,-0.968027,-0.071144,0.240546,0.475094,-0.392445,-0.568808,0.544730,0.271634,1.097820,-0.150875,-0.048698,0.003125,0.126852,0.112922,-0.964047,-0.240546,0.000000,0.000000,0.000000,-1,0.046432,-0.989655,-0.123413,0.285109,0.903098,-0.138056,202.713364,154.887955,-744.997620,0,1
67.000000,0.528286,1.297932,-1.975107,0.106513,-0.984989,-0.135838,0.247763,-0.106014,0.963003,-0.962948,-0.136228,0.232752,0.494918,-0.372398,-0.555034,0.555259,-0.363891,0.994042,-0.061495,-0.079045,-0.034769,0.047785,0.135838,-0.963003,-0.232752,0.000000,0.000000,0.000000,-1,0.066864,-0.997452,-0.220093,-0.364195,0.891547,-0.056387,203.414185,156.983398,-743.661621,0,0
67.040000,0.473945,1.264326,-1.890461,0.133480,-0.981439,-0.137694,0.286411,-0.094807,0.953404,-0.948763,-0.166697,0.268441,0.489859,-0.354708,-0.554474,0.571645,-1.267691,0.480368,0.300748,-0.063566,-0.154567,-0.186988,0.137694,-0.953404,-0.268441,0.000000,0.000000,0.000000,-1,0.074127,-1.107971,-0.455429,-1.238384,0.382051,0.262963,204.465424,156.284927,-744.329590,0,0
67.080000,0.420491,1.241998,-1.818456,0.150772,-0.979741,-0.131813,0.313054,-0.079156,0.946431,-0.937691,-0.183960,0.294777,0.483516,-0.344708,-0.552983,0.584464,-0.648681,0.505911,0.359760,0.022911,-0.012889,-0.318367,0.131813,-0.946431,-0.294777,0.000000,0.000000,0.000000,-1,0.142502,-0.895538,-0.605103,-0.816919,0.420392,0.374089,202.888565,158.205734,-744.162598,0,0
67.120000,0.398349,1.252513,-1.794920,0.154350,-0.980531,-0.121387,0.305110,-0.069551,0.949774,-0.939726,-0.183634,0.288434,0.483598,-0.349165,-0.548552,0.585925,0.526057,-0.243864,0.210849,0.084118,0.131216,-0.117404,0.121387,-0.949774,-0.288434,0.000000,0.000000,0.000000,-1,0.205505,-0.818558,-0.405838,0.525754,-0.346356,0.215958,203.063766,155.237198,-743.995605,0,0
67.160000,0.394396,1.265157,-1.805296,0.141895,-0.983106,-0.115622,0.292667,-0.069916,0.953655,-0.945628,-0.169158,0.277802,0.483221,-0.357207,-0.549050,0.580900,-0.117353,-0.248615,-0.121364,0.090082,0.129924,0.129822,0.115622,-0.953655,-0.277802,0.000000,0.000000,0.000000,-1,0.205704,-0.823730,-0.147980,-0.003731,-0.395554,-0.063060,205.341446,156.459549,-744.830627,0,0
67.200000,0.410946,1.253658,-1.822163,0.139609,-0.982339,-0.124576,0.302048,-0.077565,0.950132,-0.943014,-0.170275,0.285885,0.482517,-0.352470,-0.553137,0.580502,-0.256376,0.158054,-0.420571,0.088085,-0.113177,0.271679,0.124576,-0.950132,-0.285885,0.000000,0.000000,0.000000,-1,0.291595,-1.119873,-0.060379,-0.304387,0.031239,-0.374406,204.991028,155.761063,-744.162598,0,0
67.240000,0.471684,1.245178,-1.870969,0.147863,-0.978268,-0.145356,0.305591,-0.094588,0.947453,-0.940612,-0.184512,0.284964,0.489256,-0.343724,-0.554908,0.578411,0.281154,0.306696,-0.284629,0.355544,-0.068065,0.047614,0.145356,-0.947453,-0.284964,0.000000,0.000000,0.000000,-1,0.500900,-1.015518,-0.237350,0.280850,0.204206,-0.279520,206.918304,159.078842,-743.327576,0,0
67.280000,0.462482,1.242305,-1.859613,0.149925,-0.978163,-0.143942,0.309253,-0.091887,0.946530,-0.939087,-0.186423,0.288724,0.488131,-0.342587,-0.554681,0.580250,-0.113204,-0.178281,0.119737,-0.036215,-0.186130,-0.153842,0.143942,-0.946530,-0.288724,0.000000,0.000000,0.000000,-1,0.107727,-1.132660,-0.442566,-0.253377,-0.168237,0.226933,207.268707,158.031128,-743.327576,0,0
67.320000,0.483261,1.252169,-1.902435,0.128928,-0.980912,-0.145564,0.296194,-0.101996,0.949666,-0.946386,-0.165554,0.277390,0.488245,-0.350601,-0.559119,0.571035,1.035629,-1.217985,-0.356269,0.029454,0.467397,0.532700,0.145564,-0.952367,-0.268371,0.000000,0.000000,0.000000,-1,0.221146,-0.554337,0.320374,1.152068,-1.556909,-0.357762,209.195984,158.554977,-742.492554,0,0
67.360000,0.561160,1.298733,-2.074354,0.040427,-0.988896,-0.143004,0.235364,-0.129669,0.963218,-0.971066,-0.072598,0.227509,0.485435,-0.388071,-0.573749,0.533448,1.204237,0.019578,-0.160542,-0.019423,-0.473885,0.373001,0.143004,-0.963218,-0.227509,0.000000,0.000000,0.000000,-1,0.123581,-1.437103,0.145493,1.203933,-0.082910,-0.155434,208.845566,159.951935,-745.164612,0,0
67.400000,0.608160,1.323632,-2.135126,0.029145,-0.989753,-0.139786,0.206721,-0.130854,0.969610,-0.977966,-0.057156,0.200789,0.489696,-0.399754,-0.570635,0.524185,0.065493,-1.198282,0.068122,-0.142899,0.033712,0.101866,0.139786,-0.969610,-0.200789,0.000000,0.000000,0.000000,-1,-0.003113,-0.935898,-0.098923,0.146141,-1.049515,0.061630,210.072006,159.428085,-743.995605,0,0
67.440000,0.564723,1.330692,-2.136020,-0.013465,-0.991777,-0.127268,0.200818,-0.127369,0.971313,-0.979536,-0.012479,0.200881,0.477761,-0.413889,-0.579162,0.514793,0.466520,-1.402750,0.165678,0.011984,-0.061707,0.152175,0.127268,-0.971313,-0.200881,0.000000,0.000000,0.000000,-1,0.211136,-1.056793,-0.012268,0.330011,-1.580538,0.154544,212.524887,161.872757,-744.663574,0,0
67.480000,0.590037,1.370174,-2.219614,-0.067639,-0.991530,-0.110877,0.158785,-0.120413,0.979943,-0.984994,0.048676,0.165585,0.470954,-0.442052,-0.581729,0.494351,1.087033,-1.097647,0.001095,0.167153,-0.054603,0.277707,0.110877,-0.979943,-0.165585,0.000000,0.000000,0.000000,-1,0.250458,-0.985565,0.142044,1.086730,-1.200132,0.006203,211.999268,161.348907,-745.498596,0,0
67.520000,0.699041,1.393195,-2.356987,-0.094191,-0.989042,-0.113684,0.124825,-0.125023,0.984270,-0.987698,0.078518,0.135233,0.473181,-0.456600,-0.581904,0.478545,0.415107,-0.201010,-0.180626,-0.033621,0.100145,0.238062,0.113684,-0.984270,-0.135233,0.000000,0.000000,0.000000,-1,0.080063,-0.884125,0.102829,0.499787,-0.390417,-0.178196,211.123245,160.825043,-743.995605,0,0
67.560000,0.748132,1.394379,-2.404867,-0.092927,-0.988489,-0.119390,0.117915,-0.129990,0.984479,-0.988666,0.077406,0.128637,0.476557,-0.456700,-0.581282,0.475847,0.151688,0.210320,-0.198726,-0.145192,0.062985,0.121664,0.119390,-0.984479,-0.128637,0.000000,0.000000,0.000000,-1,-0.034775,-0.934036,-0.027039,0.150321,0.062276,-0.185961,212.524887,160.475800,-745.999634,0,0
67.600000,0.860839,1.401617,-2.515034,-0.089651,-0.987754,-0.127693,0.098727,-0.136391,0.985723,-0.991068,0.075764,0.109746,0.483992,-0.459215,-0.577881,0.470028,0.608908,-0.138354,-0.112839,-0.118263,0.072897,0.080678,0.127692,-0.985723,-0.109746,0.000000,0.000000,0.000000,-1,0.018997,-0.926086,-0.011993,0.608611,-0.240820,-0.107738,213.050507,162.047379,-744.162598,0,0
67.640000,1.001667,1.409902,-2.657472,-0.089970,-0.986760,-0.134948,0.074562,-0.141791,0.987084,-0.993150,0.078746,0.086332,0.491297,-0.464179,-0.574041,0.462215,0.388887,0.227325,-0.172697,-0.019165,-0.015784,0.050840,0.134948,-0.987084,-0.086332,0.000000,0.000000,0.000000,-1,0.115784,-1.002869,-0.035492,0.426821,0.073968,-0.168851,213.400925,161.348907,-743.828613,0,0
67.680000,1.081559,1.410642,-2.730073,-0.082158,-0.986628,-0.140764,0.063789,-0.146157,0.987203,-0.994576,0.072128,0.074944,0.497256,-0.463966,-0.570802,0.460062,0.371905,0.280329,-0.175940,-0.001237,-0.011073,0.040596,0.140764,-0.987203,-0.074944,0.000000,0.000000,0.000000,-1,0.125275,-1.019485,-0.013321,0.349281,0.171505,-0.169500,214.101746,162.745865,-742.492554,0,0
67.720000,1.233379,1.412477,-2.868533,-0.067496,-0.986566,-0.148769,0.042517,-0.151818,0.987494,-0.996813,0.060327,0.052193,0.507969,-0.464620,-0.563806,0.456311,0.524034,0.207237,-0.135802,-0.029476,0.032126,0.027947,0.148769,-0.987494,-0.052193,0.000000,0.000000,0.000000,-1,0.120865,-0.947495,-0.041260,0.523737,0.104773,-0.130700,213.926544,162.222000,-742.659546,0,0
67.760000,1.427699,1.414599,-3.055692,-0.058200,-0.986360,-0.153973,0.013346,-0.154989,0.987826,-0.998216,0.055436,0.022185,0.518316,-0.469315,-0.555737,0.449721,0.706216,0.173474,-0.028094,-0.045223,-0.019712,-0.106462,0.153973,-0.987826,-0.022185,0.000000,0.000000,0.000000,-1,0.108749,-1.007538,-0.128647,0.704803,0.118685,-0.046598,214.276947,164.317444,-739.987549,0,0
67.800000,1.558203,1.414288,3.093803,-0.059762,-0.985970,-0.155857,-0.007446,-0.155692,0.987778,-0.998185,0.060192,0.001963,0.522964,-0.474897,-0.551683,0.443427,0.666205,-0.324943,-0.105183,-0.073094,0.030838,-0.184088,0.155857,-0.987778,-0.001963,0.000000,0.000000,0.000000,-1,0.105591,-0.973007,-0.243423,0.677782,-0.268350,-0.084975,214.627365,164.666687,-737.983521,0,0
67.840000,1.683367,1.407262,2.920588,-0.105315,-0.981192,-0.161776,-0.035689,-0.158846,0.986658,-0.993798,0.109683,-0.018288,0.517644,-0.491110,-0.558093,0.423542,0.548303,-1.350235,-0.148187,-0.039965,-0.075003,-0.170297,0.161776,-0.986658,0.018289,0.000000,0.000000,0.000000,-1,0.121811,-1.061661,-0.152008,0.548006,-1.452696,-0.143086,214.276947,163.269730,-738.651489,0,0
67.880000,1.695573,1.400377,2.861796,-0.158459,-0.972908,-0.168348,-0.046809,-0.162909,0.985530,-0.986255,0.164046,-0.019727,0.506008,-0.503805,-0.570447,0.405865,-0.097309,-1.072237,0.007659,-0.156996,-0.223073,-0.084119,0.168348,-0.985530,0.019727,0.000000,0.000000,0.000000,-1,0.011353,-1.208603,-0.064392,-0.005307,-1.155696,-0.043657,216.379425,163.269730,-738.985535,0,0
67.920000,1.579632,1.409577,2.927458,-0.201105,-0.966329,-0.160516,-0.034111,-0.156856,0.987032,-0.978976,0.203972,-0.001418,0.489175,-0.511289,-0.582353,0.400194,-0.577575,-1.760629,0.509624,-0.230874,-0.026075,-0.100738,0.160516,-0.987032,0.001418,0.000000,0.000000,0.000000,-1,-0.068024,-0.961044,-0.152878,-0.488834,-1.738128,0.417445,216.729843,163.968201,-740.655518,0,0
67.960000,1.300211,1.427824,-3.136050,-0.262005,-0.955250,-0.137301,0.000790,-0.142483,0.989797,-0.965066,0.259223,0.038086,0.458910,-0.519961,-0.600536,0.397994,-1.372085,-2.248951,0.808853,-0.054095,-0.035044,-0.133103,0.137301,-0.989797,-0.038086,0.000000,0.000000,0.000000,-1,0.184097,-1.085114,-0.088989,-1.231951,-2.306855,0.829224,216.729843,163.968201,-740.655518,0,0
68.000000,0.669562,1.391548,-2.566393,-0.325698,-0.938976,-0.110654,0.096990,-0.149600,0.983978,-0.940486,0.309747,0.139796,0.413554,-0.508995,-0.635432,0.407584,-2.142863,-0.053298,0.081983,0.443484,-0.284012,0.257060,0.110654,-0.983978,-0.139796,0.000000,0.000000,0.000000,-1,0.554138,-1.267990,0.117264,-2.125864,-0.381397,0.209176,215.678604,162.222000,-742.993591,0,1
68.040000,0.509962,1.336830,-2.405410,-0.327909,-0.937906,-0.113170,0.155671,-0.171801,0.972754,-0.931795,0.301358,0.202340,0.400485,-0.488305,-0.652313,0.419115,-2.132751,-0.360873,0.006672,0.417836,0.128196,0.152337,0.113170,-0.972754,-0.202340,0.000000,0.000000,0.000000,-1,0.487045,-0.882889,-0.055374,-2.125778,-0.272620,-0.073201,213.926544,161.523529,-742.993591,0,0
68.080000,0.274575,1.221994,-2.296425,-0.448128,-0.889153,-0.092668,0.255674,-0.226803,0.939783,-0.856628,0.397450,0.328970,0.335300,-0.472323,-0.707796,0.404364,-1.729837,-3.815051,-0.708701,0.393889,-0.026816,0.271094,0.092668,-0.939783,-0.328970,0.000000,0.000000,0.000000,-1,0.446213,-1.003860,0.000763,-1.730135,-3.917507,-0.703598,214.452164,161.348907,-745.832642,0,0
68.120000,0.274405,1.194334,-2.324445,-0.474946,-0.874358,-0.099619,0.268077,-0.251573,0.929971,-0.838189,0.414980,0.353879,0.325096,-0.466233,-0.721179,0.396030,-0.555680,2.946993,-0.005431,0.136419,-0.409751,0.925091,0.099619,-0.929971,-0.353879,0.000000,0.000000,0.000000,-1,0.236038,-1.339722,0.571213,-0.196985,2.898454,-0.107708,216.029007,161.872757,-751.009705,0,0
68.160000,0.255479,1.152851,-2.270242,-0.446169,-0.889051,-0.102570,0.310582,-0.261305,0.913925,-0.839328,0.375909,0.392709,0.324972,-0.445015,-0.724601,0.413895,-1.674583,0.351140,0.410066,-0.071000,-0.063950,0.268884,0.102570,-0.913925,-0.392709,0.000000,0.000000,0.000000,-1,0.088440,-0.807648,-0.128052,-1.765196,0.252945,0.428910,214.452164,163.095108,-751.510681,0,0
68.200000,0.242751,1.113638,-2.227405,-0.421695,-0.900509,-0.106101,0.349619,-0.269446,0.897310,-0.836624,0.341296,0.428459,0.323764,-0.425379,-0.727942,0.429336,-0.487266,0.398328,0.049994,0.071893,0.539537,0.234047,0.106101,-0.897310,-0.428459,0.000000,0.000000,0.000000,-1,0.195053,-0.291000,-0.208481,-0.487564,0.295874,0.055097,214.276947,163.968201,-751.009705,0,0
68.240000,0.253775,1.114189,-2.241201,-0.424834,-0.898478,-0.110694,0.345480,-0.273936,0.897554,-0.836755,0.343069,0.426784,0.324930,-0.425475,-0.728964,0.426619,0.509398,-0.171479,-0.275407,0.053994,0.281694,-0.083150,0.110694,-0.897554,-0.426784,0.000000,0.000000,0.000000,-1,0.164688,-0.615860,-0.509933,0.374233,-0.252674,-0.232747,214.276947,159.777328,-751.343689,0,0
68.280000,0.276721,1.139666,-2.283286,-0.441026,-0.890203,-0.114171,0.316239,-0.273188,0.908494,-0.839934,0.364564,0.402000,0.327934,-0.437561,-0.727361,0.414664,1.211340,-0.858601,-0.352376,0.024592,-0.146834,-0.185448,0.114171,-0.908494,-0.402000,0.000000,0.000000,0.000000,-1,0.200577,-1.090820,-0.487579,1.168497,-0.816917,-0.381494,214.452164,161.348907,-750.842712,0,0
68.320000,0.257971,1.174955,-2.307909,-0.475625,-0.874131,-0.098370,0.285491,-0.259172,0.922673,-0.832031,0.410762,0.372825,0.320438,-0.459246,-0.725883,0.399383,0.460469,-0.557923,0.081094,0.318668,0.056599,0.153404,0.098370,-0.922673,-0.372825,0.000000,0.000000,0.000000,-1,0.417038,-0.866074,-0.219421,0.460171,-0.660375,0.086197,213.926544,160.825043,-750.007690,0,0
68.360000,0.290804,1.187940,-2.331986,-0.468259,-0.877075,-0.107111,0.270472,-0.257683,0.927602,-0.841177,0.405387,0.357886,0.328458,-0.461706,-0.721774,0.397475,0.229828,0.569817,-0.132069,0.076956,-0.074214,0.060859,0.107111,-0.927602,-0.357886,0.000000,0.000000,0.000000,-1,0.120453,-1.039932,-0.355484,0.282624,0.437665,-0.138055,214.802567,160.999664,-751.176697,0,0
68.400000,0.313844,1.183782,-2.340266,-0.456424,-0.882100,-0.116518,0.271097,-0.262595,0.926040,-0.847457,0.391079,0.358989,0.334358,-0.456848,-0.720765,0.399991,-0.375452,0.419170,-0.189605,-0.065996,-0.182801,-0.183979,0.116518,-0.926040,-0.358989,0.000000,0.000000,0.000000,-1,0.063461,-1.121231,-0.567902,-0.273555,0.352810,-0.157071,214.802567,160.999664,-751.176697,0,1
68.440000,0.348734,1.157118,-2.348339,-0.436329,-0.889241,-0.137360,0.286467,-0.282001,0.915648,-0.852968,0.360175,0.377783,0.342012,-0.440609,-0.723898,0.406034,-0.612574,0.674584,-0.250903,0.065567,-0.028199,-0.065652,0.137360,-0.915648,-0.377783,0.000000,0.000000,0.000000,-1,0.202927,-0.943848,-0.443436,-0.612872,0.572135,-0.245801,214.977783,162.571243,-749.673706,0,0
68.480000,0.373945,1.124675,-2.345461,-0.415632,-0.895773,-0.157612,0.308352,-0.301803,0.902127,-0.855669,0.326353,0.401653,0.348037,-0.421953,-0.727854,0.413587,-0.629787,0.554735,-0.279957,0.037838,0.113660,0.027950,0.157612,-0.902127,-0.401653,0.000000,0.000000,0.000000,-1,0.195450,-0.788467,-0.373703,-0.665058,0.487307,-0.252289,214.977783,161.523529,-746.667603,0,0
68.520000,0.393911,1.106371,-2.354327,-0.408636,-0.896362,-0.171909,0.317310,-0.316127,0.894079,-0.855763,0.310804,0.413606,0.351385,-0.411978,-0.731158,0.414983,-0.455966,0.329826,-0.377656,0.061352,0.134527,0.032655,0.171909,-0.894079,-0.413606,0.000000,0.000000,0.000000,-1,0.282761,-0.753433,-0.368011,-0.477504,0.230567,-0.367015,214.977783,161.523529,-746.667603,0,0
68.560000,0.427534,1.086117,-2.370124,-0.396582,-0.897442,-0.193185,0.324837,-0.334015,0.884825,-0.858606,0.288151,0.423987,0.358276,-0.399556,-0.733925,0.416350,-0.254587,0.385105,-0.270555,0.100867,0.188551,0.047705,0.193185,-0.884825,-0.423987,0.000000,0.000000,0.000000,-1,0.288071,-0.697388,-0.357697,-0.254878,0.282674,-0.265460,214.977783,163.618958,-747.335632,0,0
68.600000,0.448725,1.076294,-2.388239,-0.395971,-0.894884,-0.205887,0.324664,-0.346168,0.880205,-0.858953,0.281691,0.427609,0.361451,-0.394396,-0.736503,0.413966,0.003507,0.034182,-0.267561,0.063660,0.198580,0.090695,0.205887,-0.880205,-0.427609,0.000000,0.000000,0.000000,-1,0.276611,-0.724945,-0.333694,-0.051110,-0.101146,-0.282993,215.503387,163.793579,-745.498596,0,0
68.640000,0.467319,1.077921,-2.405259,-0.394961,-0.893628,-0.213156,0.317764,-0.350582,0.880976,-0.861993,0.280217,0.422428,0.365100,-0.394319,-0.736202,0.411365,0.240906,0.173155,-0.213364,0.060205,0.129267,0.071171,0.213157,-0.880976,-0.422428,0.000000,0.000000,0.000000,-1,0.283066,-0.761795,-0.332245,0.224673,0.052710,-0.202693,215.503387,163.793579,-745.498596,0,0
68.680000,0.501484,1.083167,-2.431804,-0.388342,-0.893565,-0.225237,0.305330,-0.355382,0.883446,-0.869462,0.274308,0.410843,0.372893,-0.394372,-0.733922,0.408387,0.224071,0.215620,-0.175077,0.043455,0.164223,0.077407,0.225237,-0.883446,-0.410843,0.000000,0.000000,0.000000,-1,0.228958,-0.667984,-0.351440,0.223780,0.113191,-0.169981,217.430664,164.317444,-744.329590,0,0
68.720000,0.529441,1.090715,-2.460955,-0.388874,-0.891273,-0.233258,0.290638,-0.358938,0.886957,-0.874246,0.277121,0.398619,0.377970,-0.397277,-0.732535,0.403363,0.346223,-0.045157,-0.151844,-0.009229,0.200388,-0.023530,0.233258,-0.886957,-0.398619,0.000000,0.000000,0.000000,-1,0.216843,-0.709595,-0.446060,0.337378,-0.127466,-0.163765,216.029007,165.365158,-742.993591,0,0
68.760000,0.540678,1.100383,-2.478230,-0.393015,-0.889444,-0.233298,0.279101,-0.357132,0.891381,-0.876152,0.285212,0.388603,0.379313,-0.402269,-0.731223,0.399517,0.484952,-0.232548,0.024050,-0.024512,0.110528,-0.115105,0.233298,-0.891381,-0.388603,0.000000,0.000000,0.000000,-1,0.206055,-0.821899,-0.512756,0.448376,-0.289455,-0.016400,215.152985,164.492065,-743.494568,0,0
68.800000,0.530004,1.125419,-2.485919,-0.405737,-0.887664,-0.217784,0.262655,-0.341467,0.902448,-0.875437,0.308955,0.371695,0.375511,-0.416106,-0.727822,0.395124,0.705678,-0.448073,0.525725,0.086110,0.074125,-0.081629,0.217784,-0.902448,-0.371695,0.000000,0.000000,0.000000,-1,0.313461,-0.774094,-0.427338,0.705393,-0.550501,0.530823,214.627365,163.968201,-743.661621,0,0
68.840000,0.483301,1.168197,-2.466897,-0.424385,-0.886987,-0.182076,0.244749,-0.305964,0.920046,-0.871777,0.345891,0.346935,0.365597,-0.439171,-0.720639,0.392615,0.647596,-0.989944,0.458605,0.330619,0.148424,-0.104832,0.182076,-0.920046,-0.346935,0.000000,0.000000,0.000000,-1,0.671432,-0.929321,-0.499466,0.712607,-0.974546,0.557123,215.328186,162.920486,-742.993591,0,0
68.880000,0.457216,1.176966,-2.484581,-0.461511,-0.870811,-0.169398,0.234364,-0.303844,0.923446,-0.855617,0.386480,0.344314,0.352852,-0.450930,-0.726235,0.380447,0.171939,-1.382492,-0.421521,0.725515,-0.439088,-0.188126,0.169398,-0.923446,-0.344314,0.000000,0.000000,0.000000,-1,0.917389,-1.202652,-0.492188,0.242044,-1.675609,-0.318476,216.204224,162.047379,-743.828613,0,0
68.920000,0.528633,1.174154,-2.523119,-0.433829,-0.879675,-0.194844,0.223987,-0.314762,0.922363,-0.872710,0.356505,0.333589,0.369914,-0.443136,-0.721488,0.382426,0.222728,1.964108,-0.040418,0.101665,-0.020080,-0.049788,0.194844,-0.922363,-0.333589,0.000000,0.000000,0.000000,-1,0.030579,-0.970276,-0.276596,0.222443,1.861682,-0.035319,214.452164,162.396622,-741.824585,0,0
68.960000,0.613226,1.206625,-2.606485,-0.429254,-0.879616,-0.204982,0.181626,-0.306387,0.934419,-0.884733,0.363873,0.291278,0.382706,-0.455957,-0.711849,0.372706,1.179492,-2.133012,-0.357970,-0.374019,0.009294,0.417850,0.204982,-0.934419,-0.291278,0.000000,0.000000,0.000000,-1,-0.041367,-0.920700,0.243744,1.215713,-1.652356,-0.377180,215.328186,163.618958,-739.987549,0,0
69.000000,0.608175,1.229654,-2.698837,-0.510870,-0.838135,-0.191160,0.143337,-0.302303,0.942373,-0.847624,0.454030,0.274574,0.359465,-0.483217,-0.722452,0.339632,1.392176,-2.916670,-0.467404,-0.068693,-0.159266,0.620460,0.191160,-0.942373,-0.274574,0.000000,0.000000,0.000000,-1,0.220398,-1.554413,0.309372,1.283079,-3.322370,-0.498031,213.400925,164.142822,-742.826599,0,0
69.040000,0.670951,1.302606,-2.833116,-0.564246,-0.809002,-0.164750,0.080452,-0.252478,0.964252,-0.821677,0.530821,0.207546,0.346658,-0.525410,-0.711384,0.312578,1.850818,-1.464875,0.477271,-0.224275,-0.023678,0.357570,0.164750,-0.964252,-0.207546,0.000000,0.000000,0.000000,-1,-0.136215,-0.902222,0.170563,1.850533,-1.567298,0.482369,215.328186,164.666687,-742.993591,0,0
69.080000,0.701230,1.364283,-2.938276,-0.620810,-0.772719,-0.132289,0.041403,-0.200826,0.978752,-0.782867,0.602141,0.156668,0.325326,-0.561987,-0.703261,0.289410,0.781063,-1.081294,0.345856,-0.288921,-0.029519,0.137609,0.132289,-0.978752,-0.156668,0.000000,0.000000,0.000000,-1,-0.049240,-1.017059,-0.091629,0.991184,-1.415869,0.370958,213.576126,164.317444,-744.329590,0,0
69.120000,0.701159,1.381538,-2.946247,-0.626580,-0.769849,-0.121364,0.036517,-0.184552,0.982144,-0.778501,0.610960,0.143750,0.321801,-0.569710,-0.699085,0.288365,0.509745,0.097635,0.331825,0.073842,0.031552,0.080609,0.121364,-0.982144,-0.143750,0.000000,0.000000,0.000000,-1,0.236618,-0.978851,-0.009140,0.442442,-0.064156,0.338994,213.576126,163.618958,-744.663574,0,0
69.160000,0.795119,1.410235,-3.039623,-0.624822,-0.772379,-0.114141,0.016274,-0.159042,0.987138,-0.780598,0.614928,0.111943,0.324914,-0.581773,-0.688442,0.286391,0.751926,-0.139231,0.037702,0.059916,0.055940,0.182713,0.114141,-0.987138,-0.111943,0.000000,0.000000,0.000000,-1,0.139175,-0.924179,0.092331,0.751641,-0.241652,0.042801,213.225723,163.269730,-744.329590,0,0
69.200000,0.941294,1.430725,3.085623,-0.632596,-0.766216,-0.112852,-0.007810,-0.139395,0.990206,-0.774443,0.627282,0.082196,0.325808,-0.593929,-0.680843,0.278481,0.640218,-0.207096,0.031794,-0.033354,0.039446,0.154737,0.112852,-0.990206,-0.082196,0.000000,0.000000,0.000000,-1,0.066391,-0.969421,0.047119,0.662183,-0.351942,0.025138,213.400925,163.095108,-744.162598,0,0
69.240000,1.044715,1.440243,2.987208,-0.628023,-0.770008,-0.112580,-0.020018,-0.128635,0.991490,-0.777937,0.624933,0.065371,0.329864,-0.598752,-0.674913,0.277810,0.489711,0.543485,0.001345,-0.050568,0.044682,0.032305,0.112580,-0.991644,-0.062597,0.000000,0.000000,0.000000,-1,0.044144,-0.926041,-0.047989,0.487356,0.536478,0.001781,212.875305,162.571243,-742.659546,0,0
69.280000,1.227721,1.448612,2.849737,-0.591102,-0.798389,-0.114778,-0.035069,-0.116726,0.992545,-0.805834,0.590720,0.040999,0.348075,-0.598619,-0.661216,0.288605,0.651316,0.788321,-0.048345,-0.111207,0.064276,0.046217,0.114778,-0.992545,-0.040999,0.000000,0.000000,0.000000,-1,0.016327,-0.970352,0.023270,0.651031,0.685903,-0.043247,213.576126,162.571243,-741.323547,0,0
69.320000,1.488052,1.456458,2.596112,-0.584334,-0.803509,-0.113699,-0.059193,-0.097532,0.993470,-0.809352,0.587249,0.009429,0.354883,-0.607736,-0.650249,0.286166,0.727739,0.036812,0.072277,-0.014196,0.013719,0.033111,0.113699,-0.993470,-0.009429,0.000000,0.000000,0.000000,-1,0.161987,-0.996201,-0.003036,0.700787,-0.086838,0.058618,212.700104,162.396622,-741.156555,0,0
69.360000,1.701976,1.458710,2.386910,-0.579621,-0.807306,-0.110891,-0.076625,-0.081483,0.993725,-0.811276,0.584481,-0.014631,0.359337,-0.614973,-0.641575,0.284721,0.791689,0.326225,0.055374,0.092310,-0.021351,-0.050763,0.110891,-0.993725,0.014631,0.000000,0.000000,0.000000,-1,0.193649,-1.016632,-0.032898,0.799960,0.175074,0.084000,211.648865,163.095108,-740.154541,0,0
69.400000,1.995659,1.450657,2.120874,-0.555619,-0.824235,-0.109196,-0.102171,-0.062652,0.992792,-0.825136,0.562770,-0.049402,0.372973,-0.620961,-0.626273,0.288239,0.686761,0.961224,0.012180,-0.022129,0.046579,-0.069910,0.109196,-0.992792,0.049402,0.000000,0.000000,0.000000,-1,0.040176,-0.891296,0.008545,0.686476,0.858809,0.017278,211.298447,163.095108,-739.486511,0,0
69.440000,2.249442,1.431612,1.883564,-0.540345,-0.834485,-0.107995,-0.132005,-0.042688,0.990330,-0.831025,0.549375,-0.087090,0.383873,-0.629434,-0.611544,0.287175,0.954430,-0.574012,-0.023199,-0.037118,0.079273,-0.223885,0.107995,-0.990330,0.087090,0.000000,0.000000,0.000000,-1,0.071335,-0.919800,-0.136185,0.912936,-0.408174,-0.005029,211.123245,162.222000,-738.317505,0,0
69.480000,2.353538,1.410537,1.740579,-0.570674,-0.813346,-0.113135,-0.157280,-0.026963,0.987186,-0.805974,0.581155,-0.112536,0.377102,-0.643476,-0.609324,0.269178,1.014197,-1.481606,-0.059119,-0.033103,0.043216,-0.188967,0.113135,-0.987186,0.112536,0.000000,0.000000,0.000000,-1,0.054596,-0.952698,-0.057739,1.006508,-1.570227,-0.046556,211.123245,165.365158,-737.649536,0,0
69.520000,2.439823,1.380072,1.588567,-0.620193,-0.774844,-0.122380,-0.189540,-0.003369,0.981867,-0.761207,0.632143,-0.144775,0.363301,-0.663626,-0.608027,0.240657,0.725677,-1.320244,0.084807,-0.098989,-0.056600,-0.150665,0.122381,-0.981867,0.144775,0.000000,0.000000,0.000000,-1,0.019028,-1.041397,-0.022430,0.725392,-1.422657,0.089905,212.524887,163.269730,-738.985535,0,0
69.560000,2.493661,1.366735,1.490060,-0.653395,-0.747072,-0.122306,-0.201988,0.016343,0.979252,-0.729572,0.664542,-0.161578,0.350657,-0.676631,-0.607345,0.224371,0.257294,-0.796489,0.106759,-0.172385,-0.020581,-0.199252,0.122306,-0.979252,0.161578,0.000000,0.000000,0.000000,-1,-0.098587,-1.011871,-0.027008,0.329385,-0.894618,0.130181,211.648865,164.142822,-739.486511,0,0
69.600000,2.494715,1.366972,1.457174,-0.676888,-0.725906,-0.121995,-0.201110,0.022949,0.979300,-0.708080,0.687411,-0.161522,0.339737,-0.682158,-0.610823,0.214791,0.125656,-1.354973,0.273480,-0.300325,-0.078989,-0.128440,0.121995,-0.979300,0.161522,0.000000,0.000000,0.000000,-1,-0.142838,-1.064636,0.131577,0.103070,-1.290961,0.249345,211.473663,163.618958,-740.989563,0,0
69.640000,2.482597,1.370455,1.390034,-0.732434,-0.669845,-0.121855,-0.195761,0.035777,0.979999,-0.652087,0.741639,-0.157334,0.311899,-0.693820,-0.620347,0.191056,0.025634,-1.465237,0.274016,-0.172437,-0.228055,0.125305,0.121855,-0.979999,0.157334,0.000000,0.000000,0.000000,-1,-0.007446,-1.302917,0.319824,0.025356,-1.567633,0.279107,212.524887,161.872757,-741.657593,0,0
69.680000,2.484074,1.379371,1.415160,-0.715431,-0.688940,-0.116277,-0.187959,0.029492,0.981734,-0.672927,0.724218,-0.150592,0.318461,-0.688388,-0.619546,0.202157,-0.681061,2.607380,-0.193974,0.030665,-0.354478,0.151578,0.116278,-0.981734,0.150592,0.000000,0.000000,0.000000,-1,0.168808,-1.339798,0.201187,-0.481722,2.027936,-0.160209,212.524887,162.920486,-743.995605,0,1
69.720000,2.418241,1.403984,1.578245,-0.647111,-0.754433,-0.109902,-0.166035,-0.001237,0.986119,-0.744097,0.656376,-0.124462,0.345900,-0.665270,-0.617229,0.238322,-1.540957,2.973112,-0.211676,0.070869,-0.313548,-0.212688,0.109902,-0.986119,0.124462,0.000000,0.000000,0.000000,-1,0.278732,-1.117538,-0.247131,-1.457173,3.064706,-0.227534,212.700104,162.047379,-740.822571,0,0
69.760000,1.989064,1.445227,2.107022,-0.571837,-0.812346,-0.114443,-0.107661,-0.063984,0.992127,-0.813272,0.579656,-0.050870,0.368448,-0.624244,-0.629474,0.279870,-2.207112,1.819278,-0.419316,0.291517,0.092423,-0.089322,0.114443,-0.992127,0.050870,0.000000,0.000000,0.000000,-1,0.416962,-0.932892,-0.076218,-2.207390,1.716884,-0.414224,213.225723,161.174286,-739.987549,0,0
69.800000,1.171683,1.429166,2.973889,-0.535410,-0.834518,-0.130063,-0.023562,-0.139177,0.989987,-0.844264,0.533113,0.054854,0.370444,-0.579089,-0.657541,0.308329,-2.458066,0.315278,-0.122558,0.073428,-0.006076,0.150389,0.130063,-0.989987,-0.054854,0.000000,0.000000,0.000000,-1,0.146866,-0.992630,0.115158,-2.497824,0.324116,-0.178165,213.050507,162.396622,-739.820557,0,0
69.840000,0.813852,1.389518,-2.956418,-0.543314,-0.829237,-0.131058,0.033194,-0.177205,0.983614,-0.838873,0.530061,0.123804,0.357102,-0.557294,-0.679029,0.317524,-2.244190,-0.895461,-0.109877,-0.006119,-0.111219,0.190195,0.131058,-0.983614,-0.123804,0.000000,0.000000,0.000000,-1,0.179092,-1.236603,0.022980,-2.244123,-0.736984,-0.066610,213.400925,162.047379,-738.818542,0,0
69.880000,0.517652,1.298615,-2.758218,-0.627619,-0.767070,-0.133030,0.100558,-0.249318,0.963187,-0.771999,0.591137,0.233612,0.311483,-0.534951,-0.726386,0.298611,-2.067244,-3.334713,-0.619913,0.211560,-0.291376,0.304809,0.133030,-0.963187,-0.233612,0.000000,0.000000,0.000000,-1,0.359177,-1.172668,0.160309,-2.067522,-3.437104,-0.614822,213.050507,160.301178,-743.828613,0,0
69.920000,0.361615,1.250979,-2.694160,-0.697950,-0.707456,-0.111227,0.136023,-0.283444,0.949293,-0.703110,0.647429,0.294060,0.269923,-0.529256,-0.754230,0.279583,-0.144629,0.271209,0.159557,0.383493,-0.017382,0.805000,0.111227,-0.949293,-0.294060,0.000000,0.000000,0.000000,-1,0.443451,-0.930527,0.563400,-0.427480,-0.710163,0.123862,215.678604,161.523529,-749.339661,0,0
69.960000,0.413090,1.254108,-2.665998,-0.639574,-0.758496,-0.125017,0.142589,-0.276860,0.950272,-0.755390,0.589943,0.285226,0.296673,-0.519011,-0.741899,0.303641,-0.497412,2.767098,0.264935,0.176115,0.126328,0.310967,0.125017,-0.950272,-0.285226,0.000000,0.000000,0.000000,-1,0.301132,-0.823944,0.025742,-0.497690,2.664709,0.270026,215.152985,161.698135,-750.174683,0,0
70.000000,0.393845,1.217116,-2.550239,-0.565938,-0.813664,-0.132910,0.193087,-0.287537,0.938104,-0.801518,0.505246,0.319836,0.316924,-0.489532,-0.737108,0.341453,-1.363024,1.907868,0.675120,-0.028510,0.005899,0.320462,0.132910,-0.938104,-0.319836,0.000000,0.000000,0.000000,-1,0.037308,-0.942352,-0.104340,-1.363302,1.805479,0.680211,214.802567,159.951935,-747.168640,0,0
70.040000,0.321764,1.185324,-2.437494,-0.533383,-0.837475,-0.118906,0.243401,-0.286583,0.926621,-0.810098,0.465302,0.356700,0.314841,-0.471725,-0.737676,0.366311,-0.626610,0.206826,0.359820,-0.017190,0.222382,0.188533,0.118906,-0.926621,-0.356700,0.000000,0.000000,0.000000,-1,0.174850,-0.623856,-0.073013,-0.718125,0.062120,0.425676,213.751328,159.253464,-745.164612,0,0
70.080000,0.301103,1.175828,-2.402335,-0.521294,-0.845713,-0.114115,0.259241,-0.284340,0.923009,-0.813048,0.451575,0.367468,0.314475,-0.466231,-0.737072,0.374778,-0.260020,0.207809,0.304717,0.226735,0.315404,0.285132,0.114115,-0.923009,-0.367468,0.000000,0.000000,0.000000,-1,0.376770,-0.633041,-0.146576,-0.260297,0.105422,0.309808,214.101746,158.904221,-746.166626,0,0
70.120000,0.253446,1.180608,-2.363874,-0.527044,-0.844469,-0.095373,0.266884,-0.271015,0.924837,-0.806844,0.461977,0.368212,0.306496,-0.471120,-0.735913,0.377542,0.339535,-0.429203,0.414801,0.236994,0.308855,0.128100,0.095373,-0.924837,-0.368212,0.000000,0.000000,0.000000,-1,0.288483,-0.589722,-0.266144,0.339257,-0.531590,0.419892,214.276947,157.332642,-747.001648,0,0
70.160000,0.239526,1.210309,-2.360363,-0.533459,-0.841676,-0.083682,0.248376,-0.250455,0.935725,-0.808536,0.478387,0.342660,0.305915,-0.484857,-0.729139,0.373746,0.758307,0.149026,-0.018975,0.069592,0.285579,0.093407,0.083682,-0.935725,-0.342660,0.000000,0.000000,0.000000,-1,0.155487,-0.673721,-0.259781,0.733702,-0.074136,0.044370,214.101746,156.808777,-745.832642,0,1
70.200000,0.307210,1.232260,-2.401611,-0.511578,-0.853347,-0.100429,0.223931,-0.245255,0.943242,-0.838931,0.446678,0.310922,0.330441,-0.485127,-0.716773,0.376427,0.354515,1.769669,-0.294150,0.019930,-0.106175,-0.062232,0.108473,-0.944225,-0.310922,0.000000,0.000000,0.000000,-1,0.128403,-1.050400,-0.373154,0.354238,1.667285,-0.289060,214.101746,157.856506,-746.166626,0,0
70.240000,0.403604,1.227859,-2.420955,-0.446950,-0.884758,-0.132059,0.221882,-0.252657,0.941771,-0.866605,0.391623,0.309237,0.352303,-0.470387,-0.708668,0.390394,-0.680891,2.039339,-0.031854,-0.102427,-0.350648,-0.299650,0.132059,-0.941771,-0.309237,0.000000,0.000000,0.000000,-1,0.044724,-1.225403,-0.706146,-0.681168,1.936955,-0.026763,214.977783,158.380356,-743.661621,0,0
70.280000,0.397827,1.178521,-2.346707,-0.390145,-0.908764,-0.148106,0.272874,-0.267745,0.924041,-0.879390,0.320096,0.352437,0.362340,-0.438738,-0.708930,0.416698,-1.062478,0.615944,0.285127,0.021984,0.022827,-0.659938,0.148106,-0.924041,-0.352437,0.000000,0.000000,0.000000,-1,0.208755,-0.833298,-0.982788,-1.227590,0.745656,0.231419,213.926544,157.332642,-740.655518,0,0
70.320000,0.364806,1.175290,-2.301772,-0.378548,-0.915319,-0.137454,0.286846,-0.257208,0.922802,-0.880012,0.309896,0.359921,0.360118,-0.436296,-0.706342,0.425490,0.138212,0.488921,0.407558,0.101575,0.335262,0.137753,0.137454,-0.922802,-0.359921,0.000000,0.000000,0.000000,-1,0.239029,-0.587540,-0.222168,0.137934,0.386539,0.412649,214.802567,155.062576,-740.822571,0,0
70.360000,0.403473,1.182989,-2.297721,-0.339627,-0.928768,-0.148471,0.282569,-0.251315,0.925741,-0.897111,0.272453,0.347794,0.375464,-0.430267,-0.696192,0.434986,0.230364,1.197422,-0.112558,0.156110,0.187826,0.385056,0.148471,-0.925741,-0.347794,0.000000,0.000000,0.000000,-1,0.374725,-0.751846,-0.045532,0.230087,1.095041,-0.107468,215.328186,155.586441,-740.655518,0,0
70.400000,0.462681,1.212320,-2.393858,-0.371923,-0.914959,-0.156601,0.238569,-0.257253,0.936432,-0.897083,0.310921,0.313959,0.377945,-0.447412,-0.696982,0.413758,1.136650,-3.661959,-0.409094,0.134949,-0.044906,0.235087,0.156601,-0.936432,-0.313959,0.000000,0.000000,0.000000,-1,0.441330,-1.056488,0.188461,1.252800,-2.971327,-0.422694,215.503387,154.713348,-738.484497,0,0
70.440000,0.499697,1.235796,-2.460649,-0.397101,-0.904154,-0.157533,0.206969,-0.255447,0.944410,-0.894134,0.342421,0.288570,0.377418,-0.461813,-0.696620,0.398755,0.911940,1.795664,0.068699,0.133361,-0.486025,0.081432,0.157533,-0.944410,-0.288570,0.000000,0.000000,0.000000,-1,0.290894,-1.430435,-0.207138,0.911662,1.693284,0.073789,216.379425,157.332642,-738.317505,0,0
70.480000,0.478072,1.273167,-2.462091,-0.414273,-0.900097,-0.134917,0.184283,-0.228119,0.956034,-0.891301,0.371197,0.260376,0.371978,-0.481087,-0.689704,0.393060,0.293650,-1.048677,0.213869,-0.139342,0.322718,0.674469,0.134917,-0.956034,-0.260376,0.000000,0.000000,0.000000,-1,0.016052,-0.762024,0.392517,0.293372,-1.151056,0.218960,216.379425,157.332642,-738.317505,0,0
70.520000,0.512229,1.306420,-2.518736,-0.431988,-0.892739,-0.128072,0.152436,-0.212238,0.965256,-0.888903,0.397456,0.227770,0.371645,-0.497991,-0.684104,0.381950,1.276558,0.070789,0.125651,-0.092351,-0.261688,0.517427,0.128072,-0.965256,-0.227770,0.000000,0.000000,0.000000,-1,0.012054,-1.210754,0.203323,1.231392,-0.085738,0.079358,216.204224,155.761063,-740.154541,0,0
70.560000,0.553404,1.342009,-2.556715,-0.426717,-0.896495,-0.119201,0.125214,-0.189098,0.973942,-0.895675,0.400672,0.192945,0.377305,-0.511046,-0.672451,0.379845,0.995050,0.198489,0.445165,-0.203735,0.048329,0.246274,0.119201,-0.973942,-0.192945,0.000000,0.000000,0.000000,-1,-0.020584,-0.903320,-0.108215,1.093575,0.084426,0.433263,214.101746,157.856506,-740.488525,0,0
70.600000,0.580250,1.371298,-2.573646,-0.415982,-0.902859,-0.108648,0.106600,-0.167065,0.980166,-0.903103,0.396149,0.165741,0.382538,-0.520378,-0.661209,0.381672,0.489126,0.352846,0.171357,0.158961,0.014788,0.035355,0.108648,-0.980166,-0.165741,0.000000,0.000000,0.000000,-1,0.310013,-0.995834,-0.134888,0.488854,0.250483,0.176441,214.101746,157.856506,-740.488525,0,0
70.640000,0.645877,1.394334,-2.622220,-0.399160,-0.910773,-0.105662,0.087131,-0.152399,0.984471,-0.912732,0.383755,0.140188,0.391488,-0.525969,-0.650336,0.383611,0.530177,0.236094,0.085270,0.068684,0.010701,0.034551,0.105662,-0.984471,-0.140188,0.000000,0.000000,0.000000,-1,0.113495,-0.946457,-0.085526,0.533228,0.220695,0.108008,215.328186,157.681885,-737.649536,0,0
70.680000,0.708919,1.413787,-2.701895,-0.413158,-0.904952,-0.101796,0.066559,-0.141491,0.987699,-0.908224,0.401301,0.118691,0.390398,-0.536883,-0.646788,0.375514,0.527254,-0.699044,0.065057,-0.108845,0.035353,0.098489,0.101796,-0.987699,-0.118691,0.000000,0.000000,0.000000,-1,-0.007050,-0.952347,-0.020203,0.526982,-0.801406,0.070141,215.678604,158.031128,-737.649536,0,0
70.720000,0.729573,1.426145,-2.734300,-0.423198,-0.900928,-0.096082,0.057100,-0.132356,0.989556,-0.904236,0.413292,0.107456,0.387847,-0.543918,-0.644789,0.371451,0.325133,-0.010805,0.175869,-0.076062,0.006524,0.168689,0.096082,-0.989556,-0.107456,0.000000,0.000000,0.000000,-1,0.035263,-0.984146,0.049515,0.324861,-0.113165,0.180953,215.678604,158.031128,-737.649536,0,0
70.760000,0.767076,1.439106,-2.758157,-0.410269,-0.907400,-0.091134,0.049124,-0.121775,0.991341,-0.910640,0.402240,0.094536,0.392737,-0.546342,-0.637687,0.374997,0.207161,0.152431,0.153031,-0.025628,-0.019584,0.134560,0.091134,-0.991341,-0.094536,0.000000,0.000000,0.000000,-1,0.077072,-0.993652,0.073746,0.222893,0.152903,0.152156,215.503387,156.110306,-736.146484,0,0
70.800000,0.769458,1.449471,-2.760710,-0.410077,-0.908155,-0.084205,0.044991,-0.112355,0.992649,-0.910940,0.403275,0.086933,0.392219,-0.550179,-0.634304,0.375666,0.130598,0.119567,0.156151,0.059365,0.076252,0.268238,0.084205,-0.992649,-0.086933,0.000000,0.000000,0.000000,-1,0.143570,-0.916397,0.181305,0.130326,0.017208,0.161235,216.379425,155.935684,-736.647461,0,0
70.840000,0.774961,1.454180,-2.751615,-0.396613,-0.914369,-0.081411,0.044233,-0.107617,0.993208,-0.916919,0.390319,0.083128,0.396193,-0.549060,-0.629952,0.380427,0.079843,0.728050,0.105033,0.142878,0.077604,0.160337,0.081411,-0.993208,-0.083128,0.000000,0.000000,0.000000,-1,0.217896,-0.932083,0.048584,0.079571,0.625692,0.110117,216.379425,155.935684,-736.647461,0,0
70.880000,0.841030,1.460845,-2.789531,-0.370339,-0.925289,-0.081785,0.037839,-0.102999,0.993961,-0.928126,0.365008,0.073156,0.406049,-0.546394,-0.621791,0.387239,0.252575,0.416220,0.018376,0.044497,-0.043392,0.140997,0.081785,-0.993961,-0.073156,0.000000,0.000000,0.000000,-1,0.086945,-1.036011,0.071426,0.239593,0.376414,0.023317,214.276947,156.284927,-733.975464,0,0
70.920000,0.896914,1.465660,-2.837212,-0.362444,-0.928391,-0.082002,0.031451,-0.100118,0.994478,-0.932824,0.354756,0.063144,0.411399,-0.546972,-0.616749,0.388835,0.111007,0.237030,0.011171,-0.036655,-0.019782,0.089710,0.082096,-0.994622,-0.063144,0.000000,0.000000,0.000000,-1,0.045441,-1.014404,0.026566,0.110735,0.134673,0.016255,215.853806,155.761063,-734.142456,0,0
70.960000,0.923546,1.468472,-2.854318,-0.353433,-0.931904,-0.081486,0.028942,-0.097960,0.994769,-0.935012,0.349226,0.061593,0.413199,-0.546324,-0.615018,0.390577,-0.003711,0.158638,0.055338,0.015666,-0.013531,0.065194,0.081486,-0.994769,-0.061593,0.000000,0.000000,0.000000,-1,0.101334,-0.999695,0.013000,-0.003982,0.056282,0.060422,215.853806,155.761063,-734.142456,0,0
71.000000,0.901058,1.470350,-2.830645,-0.352351,-0.932560,-0.078616,0.030681,-0.095468,0.994959,-0.935365,0.348163,0.062250,0.412573,-0.546496,-0.614424,0.391928,0.005687,-0.062947,0.055171,-0.015887,0.017085,0.153635,0.078616,-0.994960,-0.062250,0.000000,0.000000,0.000000,-1,0.064941,-0.979172,0.115509,-0.008368,-0.152569,0.067795,215.152985,154.713348,-734.142456,0,0
71.040000,0.922268,1.473822,-2.852854,-0.353143,-0.932382,-0.077165,0.027569,-0.092814,0.995302,-0.935163,0.349357,0.058482,0.412671,-0.548144,-0.613278,0.391320,0.157624,0.112956,-0.006866,0.056060,0.029634,0.184489,0.077165,-0.995302,-0.058482,0.000000,0.000000,0.000000,-1,0.133224,-0.965668,0.126007,0.157352,0.010602,-0.001782,214.977783,154.887955,-733.975464,0,0
71.080000,0.986767,1.475861,-2.909918,-0.345971,-0.934906,-0.079081,0.021765,-0.092260,0.995497,-0.937993,0.342692,0.052268,0.416540,-0.548052,-0.610430,0.391802,0.190505,0.330202,-0.072032,-0.031489,0.022612,0.142295,0.079081,-0.995497,-0.052268,0.000000,0.000000,0.000000,-1,0.004532,-0.994095,0.067383,0.190233,0.227848,-0.066948,214.276947,155.586441,-732.973450,0,0
71.120000,1.078464,1.479912,-2.988153,-0.332999,-0.939529,-0.079980,0.013872,-0.089693,0.995873,-0.942825,0.330515,0.042900,0.422432,-0.547815,-0.605308,0.393767,0.154811,0.161860,0.083361,-0.098092,-0.030098,0.034004,0.079980,-0.995873,-0.042900,0.000000,0.000000,0.000000,-1,0.013535,-1.014938,-0.039047,0.167297,0.118861,0.076335,215.853806,155.411819,-733.140442,0,0
71.160000,1.098572,1.483023,-3.006562,-0.331301,-0.940290,-0.078067,0.011801,-0.086863,0.996150,-0.943451,0.329105,0.039874,0.422992,-0.548763,-0.603746,0.394243,0.049263,0.069530,0.024309,0.037930,0.055618,0.001431,0.078136,-0.996154,-0.039639,0.000000,0.000000,0.000000,-1,0.146347,-0.940536,-0.038208,-0.013862,-0.018035,-0.007212,216.029007,156.284927,-731.303406,0,0
71.200000,1.067251,1.480578,-2.977106,-0.333182,-0.939554,-0.078913,0.014753,-0.088880,0.995933,-0.942747,0.330663,0.043474,0.421967,-0.547912,-0.605297,0.394149,-0.190359,-0.245423,-0.019496,0.027380,0.033866,0.074724,0.078913,-0.995933,-0.043474,0.000000,0.000000,0.000000,-1,0.093552,-0.949310,0.041840,-0.190631,-0.347774,-0.014412,213.751328,155.062576,-731.804443,0,0
71.240000,0.990705,1.475925,-2.914233,-0.346311,-0.934768,-0.079233,0.021352,-0.092291,0.995503,-0.937877,0.343062,0.051921,0.416551,-0.548201,-0.610435,0.391573,-0.089680,-0.509463,-0.051325,-0.026956,0.085210,0.118419,0.079233,-0.995503,-0.051921,0.000000,0.000000,0.000000,-1,0.032791,-0.922699,0.076370,-0.117559,-0.539727,-0.051582,215.152985,155.761063,-732.138428,0,0
71.280000,1.007073,1.476869,-2.954202,-0.368207,-0.926358,-0.079277,0.017473,-0.092147,0.995592,-0.929580,0.365198,0.050115,0.410434,-0.553612,-0.614506,0.383980,0.201925,-0.182897,-0.040058,0.015876,-0.001631,0.123754,0.079277,-0.995592,-0.050115,0.000000,0.000000,0.000000,-1,0.095154,-0.997223,0.073639,0.201653,-0.285246,-0.034974,216.204224,156.110306,-733.808472,0,0
71.320000,1.089560,1.478348,-3.028506,-0.360317,-0.929234,-0.081832,0.010418,-0.091727,0.995730,-0.932772,0.357926,0.042731,0.414933,-0.553593,-0.611305,0.384281,0.204442,0.478627,-0.071791,-0.005614,-0.010160,0.093985,0.081832,-0.995730,-0.042731,0.000000,0.000000,0.000000,-1,0.056808,-1.011185,0.044662,0.204170,0.376278,-0.066708,214.977783,155.237198,-733.307434,0,0
71.360000,1.204487,1.479054,-3.109748,-0.328389,-0.940662,-0.085536,0.002917,-0.091568,0.995795,-0.944538,0.326759,0.032814,0.427307,-0.548637,-0.602655,0.391426,0.148762,1.161458,-0.033838,-0.031840,-0.025079,0.052574,0.085536,-0.995795,-0.032814,0.000000,0.000000,0.000000,-1,0.068161,-1.006226,0.010818,0.150500,0.915980,-0.030258,216.029007,156.284927,-732.305420,0,0
71.400000,1.317801,1.477097,3.127799,-0.263577,-0.960376,-0.090584,-0.001291,-0.093553,0.995613,-0.964638,0.262537,0.023419,0.449043,-0.535398,-0.587484,0.408133,0.018982,1.482571,-0.118954,-0.048744,-0.017891,-0.012637,0.090584,-0.995613,-0.023419,0.000000,0.000000,0.000000,-1,0.041840,-1.013504,-0.036057,0.018710,1.380225,-0.113871,215.853806,156.459549,-729.466370,0,0
71.440000,1.381509,1.474941,3.097587,-0.230984,-0.968406,-0.094000,-0.004210,-0.095616,0.995409,-0.972949,0.230319,0.018009,0.460061,-0.528526,-0.579786,0.415755,0.126037,0.742642,-0.054035,-0.113271,-0.037641,-0.034848,0.093999,-0.995409,-0.018008,0.000000,0.000000,0.000000,-1,-0.016632,-1.006821,-0.049744,0.125765,0.640296,-0.048952,213.751328,155.411819,-728.798401,0,0
71.480000,1.435262,1.475543,3.037482,-0.236892,-0.966955,-0.094237,-0.009884,-0.094594,0.995467,-0.971486,0.236749,0.012851,0.459579,-0.531377,-0.579728,0.412724,0.073239,-0.498765,0.013845,-0.002287,0.007720,0.062961,0.094237,-0.995467,-0.012851,0.000000,0.000000,0.000000,-1,0.091949,-0.987747,0.050110,0.093100,-0.630814,0.007139,213.050507,154.364105,-727.796387,0,0
71.520000,1.473991,1.476924,2.995205,-0.229916,-0.968720,-0.093386,-0.013673,-0.092732,0.995597,-0.973114,0.230180,0.008076,0.462261,-0.531298,-0.576785,0.413953,0.136728,0.647275,-0.018620,0.031630,0.028404,0.083668,0.093386,-0.995597,-0.008076,0.000000,0.000000,0.000000,-1,0.125015,-0.967194,0.075592,0.136456,0.544931,-0.013537,213.400925,155.761063,-728.798401,0,0
71.560000,1.565814,1.475857,2.940962,-0.203269,-0.974523,-0.094795,-0.018892,-0.092895,0.995497,-0.978941,0.204145,0.000472,0.471475,-0.526759,-0.569350,0.419615,0.198578,1.093561,-0.060673,-0.054421,0.058210,0.069213,0.094795,-0.995497,-0.000472,0.000000,0.000000,0.000000,-1,0.022293,-0.925735,0.064499,0.198306,0.991218,-0.055590,213.751328,156.110306,-726.794373,0,0
71.600000,1.722566,1.469986,2.848598,-0.139306,-0.985240,-0.099482,-0.029067,-0.096350,0.994923,-0.989823,0.141491,-0.015215,0.493016,-0.514337,-0.552368,0.432761,0.167657,1.533366,-0.172938,-0.122767,-0.009182,-0.054003,0.099482,-0.994923,0.015215,0.000000,0.000000,0.000000,-1,-0.023285,-1.004105,-0.038788,0.180222,1.463922,-0.155386,212.700104,157.158020,-725.124329,0,0
71.640000,1.810788,1.460223,2.803949,-0.095531,-0.989639,-0.107186,-0.036555,-0.104118,0.993893,-0.994755,0.098866,-0.026229,0.508629,-0.504391,-0.541623,0.439921,0.177325,0.328951,-0.182501,-0.226937,0.027493,-0.127624,0.107186,-0.993893,0.026229,0.000000,0.000000,0.000000,-1,-0.119751,-0.966400,-0.101395,0.177059,0.226622,-0.177424,210.422424,156.983398,-722.953308,0,0
71.680000,1.853922,1.453369,2.758459,-0.097370,-0.988870,-0.112493,-0.043797,-0.108663,0.993113,-0.994284,0.101626,-0.032729,0.510887,-0.505330,-0.541596,0.436245,0.257773,-0.124820,-0.183467,-0.097951,-0.021520,-0.079467,0.112493,-0.993113,0.032729,0.000000,0.000000,0.000000,-1,0.061661,-1.039658,-0.008606,0.257507,-0.227149,-0.178390,211.123245,155.935684,-721.951294,0,0
71.720000,1.904816,1.439476,2.718094,-0.086017,-0.988584,-0.123706,-0.053811,-0.119375,0.991390,-0.994839,0.091933,-0.042929,0.518721,-0.502387,-0.539088,0.433497,0.096297,0.505858,-0.279204,-0.092227,-0.094197,0.087305,0.123706,-0.991390,0.042929,0.000000,0.000000,0.000000,-1,0.031479,-1.085587,0.130234,0.132097,0.344145,-0.283831,212.875305,156.634155,-723.955322,0,0
71.760000,1.908676,1.433418,2.730437,-0.069657,-0.989168,-0.129204,-0.054733,-0.125534,0.990578,-0.996068,0.076073,-0.045396,0.524708,-0.497373,-0.536142,0.435721,0.061022,0.157504,0.024853,-0.252205,-0.082603,0.267790,0.129204,-0.990578,0.045396,0.000000,0.000000,0.000000,-1,-0.123001,-1.073181,0.313187,0.060756,0.055177,0.029929,212.174484,157.681885,-720.281250,0,0
71.800000,1.946914,1.435243,2.707886,-0.053972,-0.990600,-0.125692,-0.056790,-0.122626,0.990827,-0.996926,0.060615,-0.049638,0.528747,-0.495223,-0.530792,0.439819,0.066066,0.948494,0.073349,-0.210988,-0.121524,0.211165,0.125692,-0.990827,0.049638,0.000000,0.000000,0.000000,-1,-0.030014,-1.110535,0.210815,0.065800,0.846168,0.078426,212.524887,156.983398,-719.947266,0,0
71.840000,1.957734,1.432346,2.772290,0.020833,-0.991580,-0.127806,-0.049816,-0.128704,0.990431,-0.998541,-0.014266,-0.052078,0.548091,-0.475011,-0.513759,0.458271,-0.481661,1.969077,-0.186894,-0.044004,-0.176088,-0.095642,0.127806,-0.990431,0.052078,0.000000,0.000000,0.000000,-1,0.083801,-1.166519,-0.043564,-0.398957,1.852991,-0.167778,209.546387,155.411819,-719.446228,0,0
71.880000,1.743462,1.431420,3.086278,0.117610,-0.983584,-0.136860,-0.007681,-0.138713,0.990303,-0.993030,-0.115418,-0.023869,0.565728,-0.438048,-0.499308,0.488628,-1.218633,2.418379,-0.329719,-0.093785,-0.089409,-0.069370,0.136860,-0.990303,0.023869,0.000000,0.000000,0.000000,-1,0.043076,-1.079712,-0.045502,-1.218899,2.316055,-0.324643,209.020767,156.284927,-716.607178,0,1
71.920000,1.548344,1.423393,-2.920222,0.195229,-0.969704,-0.146833,0.032248,-0.143286,0.989156,-0.980227,-0.197847,0.003297,0.577758,-0.405644,-0.487687,0.513624,-1.410122,2.666342,-0.411698,-0.018934,0.116017,-0.050307,0.146833,-0.989156,-0.003297,0.000000,0.000000,0.000000,-1,0.140015,-0.834106,-0.057007,-1.410388,2.564018,-0.406622,203.238968,155.062576,-714.770142,0,0
71.960000,1.265372,1.387305,-2.512898,0.308253,-0.935253,-0.174019,0.107305,-0.147575,0.983213,-0.945233,-0.321752,0.054866,0.591811,-0.349752,-0.472808,0.551259,-1.696949,2.373475,-0.573155,-0.023750,0.211866,0.054012,0.174019,-0.983213,-0.054866,0.000000,0.000000,0.000000,-1,0.150269,-0.771347,-0.000854,-1.672620,2.466228,-0.570294,200.786087,153.665619,-712.766113,0,0
72.000000,1.045262,1.341416,-2.215572,0.371757,-0.907254,-0.196691,0.181725,-0.136656,0.973807,-0.910370,-0.397763,0.114068,0.590412,-0.307213,-0.468766,0.580769,-1.673350,1.046582,-0.245120,-0.263266,0.013343,0.228280,0.196692,-0.973807,-0.114068,0.000000,0.000000,0.000000,-1,-0.066574,-0.960464,0.114212,-1.673616,0.944260,-0.240043,197.632385,151.919418,-714.436157,0,0
72.040000,0.909527,1.315433,-2.045509,0.398479,-0.895250,-0.199353,0.224665,-0.115458,0.967572,-0.889235,-0.430345,0.155124,0.582841,-0.287636,-0.466932,0.599614,-1.443019,0.993230,0.231255,-0.315365,-0.160801,0.457920,0.199353,-0.967572,-0.155124,0.000000,0.000000,0.000000,-1,-0.055344,-1.125854,0.195343,-1.443285,0.890909,0.236332,197.281967,150.173218,-714.102173,0,0
72.080000,0.828359,1.300926,-1.900240,0.453239,-0.869474,-0.196442,0.252269,-0.086252,0.963805,-0.854947,-0.486390,0.180249,0.582933,-0.264698,-0.450905,0.621940,-0.608689,2.433311,0.431495,-0.184479,-0.098633,0.425503,0.196442,-0.963805,-0.180249,0.000000,0.000000,0.000000,-1,0.040863,-1.036728,0.262741,-0.579447,2.039419,0.426924,196.230728,148.427017,-716.440186,0,0
72.120000,0.869911,1.296241,-1.799083,0.570615,-0.794646,-0.207208,0.264084,-0.061356,0.962546,-0.777597,-0.603964,0.174843,0.603558,-0.219764,-0.407917,0.648865,-0.647030,3.006680,0.295298,-0.084131,-0.063196,0.333702,0.207208,-0.962546,-0.174843,0.000000,0.000000,0.000000,-1,0.129990,-1.052658,0.134430,-0.647299,2.904360,0.300377,192.200989,145.807724,-714.937195,0,0
72.160000,0.848515,1.294540,-1.696442,0.633315,-0.746345,-0.204649,0.270606,-0.034180,0.962083,-0.725041,-0.664681,0.180318,0.609749,-0.195055,-0.381177,0.666981,-0.790205,2.458224,0.785470,-0.088285,-0.084395,0.265676,0.204649,-0.962083,-0.180318,0.000000,0.000000,0.000000,-1,0.068680,-1.019684,0.121094,-0.790474,2.355904,0.790550,186.944809,145.109238,-714.269165,0,0
72.200000,0.805013,1.301912,-1.516822,0.731318,-0.654602,-0.191495,0.265269,0.014332,0.964068,-0.628336,-0.755838,0.184126,0.619044,-0.157232,-0.331088,0.694582,-0.516453,2.838932,0.844558,-0.202832,0.059283,0.245039,0.191495,-0.964068,-0.184126,0.000000,0.000000,0.000000,-1,-0.017929,-0.861450,0.044449,-0.557010,2.841587,0.858117,182.214249,144.585373,-714.436157,0,0
72.240000,0.804933,1.312351,-1.399471,0.804820,-0.564207,-0.184216,0.251836,0.043573,0.966789,-0.537442,-0.824483,0.177156,0.629303,-0.124094,-0.286689,0.711609,-0.178965,2.559521,0.458097,-0.084408,0.137199,0.384797,0.184216,-0.966789,-0.177156,0.000000,0.000000,0.000000,-1,0.099808,-0.829590,0.207642,-0.179234,2.457203,0.463176,177.483688,143.013794,-715.939209,0,0
72.280000,0.856434,1.318030,-1.366266,0.849320,-0.492907,-0.188941,0.244871,0.050794,0.968224,-0.467647,-0.868598,0.163838,0.639275,-0.096999,-0.256771,0.718323,0.000328,2.971665,0.271301,0.075784,0.105767,0.394612,0.188941,-0.968224,-0.163838,0.000000,0.000000,0.000000,-1,0.313385,-0.833389,0.183258,0.000059,2.869348,0.276381,173.103546,143.537659,-716.106201,0,1
72.320000,1.023922,1.324767,-1.383320,0.910838,-0.356505,-0.208033,0.239287,0.045394,0.969887,-0.336326,-0.933190,0.126653,0.659316,-0.044447,-0.206410,0.721610,0.210841,3.617773,-0.143466,0.161809,0.183968,0.219442,0.208033,-0.969887,-0.126653,0.000000,0.000000,0.000000,-1,0.387482,-0.804962,0.078613,0.221376,3.479490,-0.085158,169.249008,143.188416,-716.774170,0,0
72.360000,1.187635,1.314812,-1.418617,0.943569,-0.233516,-0.234837,0.250271,0.038383,0.967415,-0.216893,-0.971595,0.094659,0.672779,0.006226,-0.167860,0.720522,-0.160258,3.697874,-0.455662,0.157695,0.090309,0.093042,0.234837,-0.967415,-0.094659,0.000000,0.000000,0.000000,-1,0.392532,-0.877106,-0.001617,-0.160524,3.595558,-0.450582,164.343246,144.585373,-717.776245,0,0
72.400000,1.317312,1.271583,-1.398978,0.954289,-0.088930,-0.285349,0.290429,0.050398,0.955569,-0.070598,-0.994762,0.073922,0.676382,0.074477,-0.131563,0.720869,-0.745138,3.409534,-0.424511,0.080648,-0.137525,-0.115943,0.285349,-0.955569,-0.073922,0.000000,0.000000,0.000000,-1,0.327759,-1.215424,-0.273422,-0.745377,3.307218,-0.419433,161.014328,142.315323,-721.283264,0,0
72.440000,1.322831,1.257379,-1.301343,0.954249,0.008914,-0.298881,0.297186,0.082074,0.951286,0.033010,-0.996586,0.075670,0.670169,0.114188,-0.099181,0.726635,-0.651680,1.413731,-0.042105,0.073388,0.067573,-0.157088,0.298881,-0.951286,-0.075670,0.000000,0.000000,0.000000,-1,0.400146,-0.756012,-0.088272,-0.706218,1.329402,-0.060975,157.685410,141.092972,-723.454285,0,0
72.480000,1.335824,1.257212,-1.275023,0.952786,0.046940,-0.299994,0.295076,0.089913,0.951754,0.070309,-0.994766,0.074142,0.668541,0.126419,-0.085059,0.727898,-0.216034,-0.323517,0.246010,0.028539,-0.041990,0.202179,0.297771,-0.951754,-0.074142,0.000000,0.000000,0.000000,-1,0.240433,-1.119415,0.213837,-0.216274,-0.425831,0.251088,156.108551,141.267593,-725.625366,0,0
72.520000,1.296483,1.265897,-1.233965,0.956143,0.047804,-0.288973,0.283328,0.099215,0.953877,0.074269,-0.993917,0.081319,0.666260,0.124250,-0.080563,0.730869,-0.224161,1.117442,0.334267,-0.205431,-0.228343,0.496694,0.288973,-0.953877,-0.081319,0.000000,0.000000,0.000000,-1,0.251434,-0.957947,0.271454,-0.224401,1.015129,0.339345,156.634171,140.394501,-726.126343,0,0
72.560000,1.629031,1.271183,-1.335060,0.913857,0.279368,-0.294650,0.286987,0.068935,0.955451,0.287234,-0.957706,-0.017178,0.682294,0.207519,-0.002717,0.701002,0.852620,6.836302,-0.331007,-0.279788,0.004020,-0.094388,0.294650,-0.955451,0.017178,0.000000,0.000000,0.000000,-1,-0.012833,-1.020493,-0.184937,0.889604,6.540035,-0.282913,152.954849,141.267593,-727.963379,0,0
72.600000,1.859639,1.263032,-1.359952,0.833690,0.469724,-0.290379,0.296220,0.063398,0.953013,0.466063,-0.880534,-0.086287,0.681282,0.281067,0.064468,0.672830,-0.420270,1.409763,0.146835,-0.306782,-0.032689,-0.397673,0.290379,-0.953013,0.086287,0.000000,0.000000,0.000000,-1,-0.069077,-0.926514,-0.214600,-0.420504,1.307462,0.151909,150.677170,140.743744,-732.806458,0,0
72.640000,1.800903,1.274220,-1.307776,0.839812,0.462331,-0.284545,0.282197,0.075984,0.956343,0.463768,-0.883446,-0.066656,0.676477,0.275149,0.066234,0.679915,-0.562790,-0.987086,0.341119,-0.325347,-0.060869,-0.116812,0.284545,-0.956343,0.066656,0.000000,0.000000,0.000000,-1,0.102310,-1.035126,-0.012695,-0.563024,-1.089387,0.346193,146.472229,142.489944,-737.482483,0,0
72.680000,1.803581,1.293647,-1.302182,0.841111,0.470799,-0.266235,0.263803,0.072616,0.961839,0.472166,-0.879247,-0.063120,0.676686,0.271397,0.076081,0.680185,0.010083,1.055039,0.440470,0.053589,-0.058409,0.004736,0.266235,-0.961839,0.063120,0.000000,0.000000,0.000000,-1,0.335510,-0.988297,0.070908,0.038465,0.856254,0.441409,147.348251,140.918365,-737.649536,0,0
72.720000,1.814285,1.309811,-1.286000,0.832131,0.494820,-0.250421,0.247639,0.072498,0.966136,0.496218,-0.865966,-0.062209,0.674878,0.275034,0.091052,0.678679,-0.181929,0.034744,0.196154,0.124197,0.014629,0.018189,0.250421,-0.966136,0.062209,0.000000,0.000000,0.000000,-1,0.372482,-0.934402,0.109787,-0.182163,-0.067554,0.201228,146.121811,142.140701,-737.148499,0,0
72.760000,1.844921,1.311845,-1.307161,0.827871,0.503849,-0.246506,0.247220,0.066729,0.966659,0.503499,-0.861210,-0.069318,0.676473,0.277568,0.094976,0.675515,0.337192,1.004663,0.074364,0.061142,0.059951,0.155215,0.246506,-0.966659,0.069318,0.000000,0.000000,0.000000,-1,0.133057,-0.907059,0.220703,0.336958,0.902365,0.079438,146.647430,141.616837,-737.649536,0,0
72.800000,1.918540,1.310280,-1.301278,0.784888,0.570358,-0.242162,0.248280,0.068585,0.966257,0.567721,-0.818528,-0.087777,0.671580,0.304743,0.121192,0.664398,-0.278281,1.706338,-0.041155,-0.178441,0.005350,0.033027,0.242162,-0.966257,0.087777,0.000000,0.000000,0.000000,-1,0.077332,-0.987656,0.099396,-0.268929,1.702618,-0.051524,145.771408,144.585373,-739.152527,0,0
72.840000,1.970985,1.310060,-1.305336,0.756477,0.609403,-0.237423,0.248762,0.067633,0.966200,0.604863,-0.789971,-0.100434,0.668820,0.320776,0.137346,0.656444,0.270024,0.842423,0.057754,-0.119854,-0.075120,-0.037415,0.237423,-0.966200,0.100434,0.000000,0.000000,0.000000,-1,0.130127,-1.008698,0.068527,0.269790,0.740127,0.062828,145.771408,142.839172,-743.494568,0,0
72.880000,2.040350,1.307777,-1.342071,0.736080,0.635947,-0.231858,0.253226,0.058951,0.965609,0.627744,-0.769478,-0.117646,0.669846,0.331857,0.147753,0.647570,0.306608,1.349222,0.069955,-0.082337,-0.006360,-0.041626,0.231858,-0.965609,0.117646,0.000000,0.000000,0.000000,-1,0.187302,-0.986038,0.061325,0.306375,1.246927,0.075029,145.771408,142.839172,-743.494568,0,0
72.920000,2.129931,1.307584,-1.382921,0.705041,0.673995,-0.220562,0.255606,0.048595,0.965559,0.661500,-0.737136,-0.138015,0.669788,0.346976,0.164581,0.635535,0.207545,0.729112,0.147242,0.049046,-0.015993,-0.110794,0.220562,-0.965559,0.138015,0.000000,0.000000,0.000000,-1,0.291321,-0.973953,0.023972,0.181861,0.707394,0.153297,145.596191,143.013794,-744.663574,0,0
72.960000,2.211475,1.301830,-1.431375,0.682299,0.699345,-0.213037,0.263157,0.036929,0.964046,0.682068,-0.713830,-0.158840,0.671604,0.358284,0.174593,0.624577,0.172983,0.789308,-0.009015,0.059591,-0.023793,-0.121334,0.213037,-0.964046,0.158840,0.000000,0.000000,0.000000,-1,0.220047,-0.960434,0.052933,0.172749,0.687014,-0.003941,144.369751,143.537659,-746.500610,0,0
73.000000,2.207067,1.303621,-1.413887,0.673397,0.708129,-0.212346,0.260765,0.041256,0.964520,0.691765,-0.704877,-0.156874,0.668770,0.362192,0.179216,0.624055,-0.346501,0.084214,-0.038401,-0.086324,0.041440,-0.063154,0.212346,-0.964520,0.156874,0.000000,0.000000,0.000000,-1,0.067108,-0.947220,0.147812,-0.346735,-0.018079,-0.033327,144.369751,143.537659,-746.500610,0,0
73.040000,2.211547,1.307920,-1.432416,0.684248,0.698863,-0.208315,0.257375,0.035845,0.965647,0.682321,-0.714357,-0.155343,0.671518,0.355998,0.176468,0.625450,0.517808,0.082511,0.230775,-0.106615,0.042200,0.266059,0.208315,-0.965647,0.155343,0.000000,0.000000,0.000000,-1,0.168701,-0.949692,0.372009,0.442992,-0.204266,0.231121,145.946609,143.712280,-743.995605,0,0
73.080000,2.289100,1.304839,-1.507171,0.683137,0.702966,-0.197893,0.262301,0.016712,0.964841,0.681558,-0.711027,-0.172972,0.678122,0.355861,0.178311,0.617834,0.172958,0.051616,0.135789,0.086241,0.062360,0.052217,0.197893,-0.964841,0.172972,0.000000,0.000000,0.000000,-1,0.289597,-0.921082,0.220779,0.172725,-0.050676,0.140863,144.194550,144.410767,-745.999634,0,0
73.120000,2.320285,1.302564,-1.533310,0.679832,0.707240,-0.194010,0.264841,0.009933,0.964241,0.683877,-0.706904,-0.180554,0.680157,0.357301,0.180057,0.614250,0.328166,0.452248,0.049301,0.113821,0.070839,-0.063809,0.194010,-0.964241,0.180554,0.000000,0.000000,0.000000,-1,0.237106,-0.890640,0.067902,0.327933,0.349957,0.054374,144.194550,144.410767,-745.999634,0,0
73.160000,2.364927,1.296156,-1.545213,0.656171,0.730279,-0.190086,0.271112,0.006937,0.962523,0.704228,-0.683114,-0.193435,0.678725,0.368850,0.189378,0.606150,-0.202930,0.508183,-0.114229,-0.046059,-0.021272,-0.125229,0.190086,-0.962523,0.193435,0.000000,0.000000,0.000000,-1,0.115265,-0.982224,0.057526,-0.122190,0.522551,-0.087173,142.792908,144.061523,-746.667603,0,0
73.200000,2.345946,1.298519,-1.510993,0.644945,0.739692,-0.192098,0.268445,0.016073,0.963161,0.715530,-0.672753,-0.188200,0.673994,0.373941,0.194153,0.606798,-0.001953,0.207193,-0.042753,-0.138005,-0.081303,-0.108427,0.192098,-0.963161,0.188200,0.000000,0.000000,0.000000,-1,0.056686,-1.049744,0.091385,-0.002187,0.104904,-0.037679,144.019348,143.886902,-746.500610,0,0
73.240000,2.355763,1.296711,-1.518797,0.643349,0.741242,-0.191473,0.270301,0.014068,0.962673,0.716268,-0.671090,-0.191308,0.674646,0.374842,0.194470,0.605415,0.127772,-0.085327,0.022024,-0.098791,-0.043736,-0.081902,0.191473,-0.962673,0.191308,0.000000,0.000000,0.000000,-1,0.181122,-0.933395,0.109558,0.127539,-0.187615,0.027098,144.019348,143.886902,-746.500610,0,0
73.280000,2.365487,1.290782,-1.532915,0.645711,0.738631,-0.193598,0.276171,0.010467,0.961051,0.711889,-0.674028,-0.197230,0.676845,0.374828,0.191436,0.603935,0.179812,0.388419,-0.090250,-0.006297,0.044334,-0.067607,0.193598,-0.961052,0.197230,0.000000,0.000000,0.000000,-1,0.195343,-0.971710,0.110718,0.183719,0.133464,-0.083470,144.194550,144.061523,-746.333618,0,0
73.320000,2.400003,1.283493,-1.549605,0.632004,0.750956,-0.191404,0.283304,0.006004,0.959012,0.721325,-0.660325,-0.208954,0.677302,0.381757,0.195600,0.597715,0.294966,0.415050,-0.007606,0.025164,-0.088932,-0.153213,0.191404,-0.959011,0.208954,0.000000,0.000000,0.000000,-1,0.181015,-1.048889,0.040100,0.294732,0.312764,-0.002533,143.493729,144.410767,-747.335632,0,0
73.360000,2.434041,1.275007,-1.573013,0.623431,0.758575,-0.189464,0.291494,-0.000646,0.956572,0.725510,-0.651585,-0.221523,0.679264,0.386473,0.197289,0.591875,0.251000,0.137208,-0.050544,-0.174602,0.017196,-0.220455,0.189464,-0.956572,0.221523,0.000000,0.000000,0.000000,-1,0.014862,-0.939377,0.001068,0.281715,0.111282,-0.030200,143.493729,144.410767,-747.335632,0,0
73.400000,2.438973,1.270674,-1.580163,0.624454,0.757336,-0.191046,0.295624,-0.002769,0.955300,0.722955,-0.653019,-0.225616,0.680595,0.386779,0.195383,0.590777,0.038124,-0.230672,-0.039091,-0.141364,0.032235,-0.199615,0.191046,-0.955300,0.225616,0.000000,0.000000,0.000000,-1,0.058075,-0.909973,0.033981,0.048670,-0.252346,-0.011098,143.493729,144.061523,-746.667603,0,0
73.440000,2.420503,1.263821,-1.585905,0.640616,0.741493,-0.199498,0.302142,-0.004565,0.953252,0.705918,-0.670946,-0.226961,0.684131,0.381372,0.185060,0.593526,0.282340,-0.581617,-0.050836,-0.130849,-0.014903,-0.156419,0.199498,-0.953252,0.226961,0.000000,0.000000,0.000000,-1,0.091034,-0.984085,0.080475,0.282107,-0.683901,-0.045763,144.194550,143.712280,-745.331604,0,0
73.480000,2.431945,1.253222,-1.611657,0.649457,0.732673,-0.203460,0.312003,-0.012756,0.949996,0.693441,-0.680461,-0.236880,0.689038,0.379034,0.177777,0.591570,0.415572,-0.235959,-0.032590,-0.039459,-0.036836,-0.174396,0.203460,-0.949996,0.236880,0.000000,0.000000,0.000000,-1,0.164001,-0.986832,0.062485,0.407878,-0.384885,-0.022969,144.544968,143.363037,-744.997620,0,0
73.520000,2.461777,1.238897,-1.642762,0.648722,0.732940,-0.204839,0.324996,-0.023429,0.945425,0.688141,-0.679889,-0.253402,0.693821,0.381199,0.174145,0.585639,0.433905,0.140403,-0.040873,-0.105580,-0.031641,-0.230788,0.204839,-0.945425,0.253402,0.000000,0.000000,0.000000,-1,0.072815,-0.972443,0.016052,0.433668,0.017982,-0.032518,143.143311,144.061523,-741.991577,0,0
73.560000,2.505411,1.219705,-1.677508,0.640384,0.740375,-0.204334,0.341966,-0.036631,0.938998,0.687726,-0.671195,-0.276641,0.698866,0.387178,0.172920,0.576002,0.554126,0.361953,-0.064472,-0.223423,-0.066922,-0.256621,0.204334,-0.938998,0.276641,0.000000,0.000000,0.000000,-1,-0.044632,-1.012909,0.010635,0.553893,0.259672,-0.059399,144.895370,143.712280,-743.995605,0,0
73.600000,2.543254,1.206371,-1.698950,0.627565,0.752236,-0.200757,0.353490,-0.045551,0.934329,0.693691,-0.657317,-0.294494,0.701358,0.394138,0.175707,0.567345,0.439743,0.790320,-0.035361,-0.295575,-0.054044,-0.312347,0.200757,-0.934329,0.294494,0.000000,0.000000,0.000000,-1,-0.112274,-0.993759,-0.052017,0.439509,0.688039,-0.030288,143.844131,144.759995,-743.661621,0,0
73.640000,2.600848,1.196533,-1.710203,0.593622,0.782429,-0.188195,0.362041,-0.050800,0.930777,0.718707,-0.620664,-0.313427,0.699616,0.408964,0.189573,0.554390,0.026303,0.966299,-0.033720,-0.341118,-0.153497,-0.427319,0.188195,-0.930777,0.313427,0.000000,0.000000,0.000000,-1,-0.179764,-1.108612,-0.153488,0.077138,0.966852,-0.041380,144.019348,143.537659,-744.830627,0,0
73.680000,2.592311,1.205285,-1.711529,0.602401,0.776075,-0.186603,0.353893,-0.050136,0.933941,0.715453,-0.628645,-0.304849,0.699533,0.403829,0.189001,0.558439,-0.279737,-1.378535,0.205744,-0.314213,-0.191867,-0.470926,0.186603,-0.933941,0.304849,0.000000,0.000000,0.000000,-1,-0.067017,-1.099854,-0.110077,-0.279965,-1.480804,0.210812,144.369751,143.188416,-744.496582,0,0
73.720000,2.540077,1.218456,-1.718036,0.646339,0.737637,-0.195287,0.341361,-0.050628,0.938568,0.682435,-0.673297,-0.284524,0.703827,0.383261,0.173035,0.572535,-0.412902,-2.021995,0.266493,-0.175969,-0.191590,-0.271920,0.195287,-0.938568,0.284524,0.000000,0.000000,0.000000,-1,0.112106,-1.063675,0.173599,-0.413130,-2.124263,0.271560,144.544968,145.458481,-742.325562,0,0
73.760000,2.415578,1.236830,-1.638630,0.676461,0.703593,-0.217620,0.327039,-0.022218,0.944750,0.659884,-0.710256,-0.245132,0.697103,0.369612,0.158608,0.593530,-0.899486,0.356093,-0.411146,0.068071,-0.359160,0.203736,0.217620,-0.944750,0.245132,0.000000,0.000000,0.000000,-1,0.269424,-1.253845,0.473129,-0.843792,-0.318681,-0.401984,144.019348,145.283859,-742.492554,0,1
73.800000,2.371870,1.265315,-1.465320,0.584425,0.783989,-0.209304,0.299081,0.031663,0.953702,0.754319,-0.619967,-0.215971,0.664969,0.407188,0.204903,0.591633,-1.738058,3.787886,-0.475896,-0.098907,-0.124743,0.012972,0.209304,-0.953702,0.215971,0.000000,0.000000,0.000000,-1,0.134781,-1.033463,0.156616,-1.738287,3.685620,-0.470829,144.544968,144.759995,-747.669678,0,0
73.840000,2.332473,1.297636,-1.288448,0.476976,0.856959,-0.195231,0.259094,0.075163,0.962923,0.839860,-0.509874,-0.186182,0.630078,0.442823,0.255773,0.584371,-1.909637,4.347763,-0.416963,0.020223,0.007326,-0.027216,0.195231,-0.962923,0.186182,0.000000,0.000000,0.000000,-1,0.228851,-0.922211,-0.075943,-1.909869,4.245497,-0.411896,147.173050,143.188416,-754.850769,0,0
73.880000,2.093174,1.331385,-0.969640,0.412114,0.887654,-0.205506,0.195557,0.134120,0.971478,0.889899,-0.440547,-0.118315,0.590827,0.458345,0.289591,0.597478,-1.865344,-0.848579,-0.579086,0.045623,-0.049137,-0.187483,0.205506,-0.971478,0.118315,0.000000,0.000000,0.000000,-1,0.276291,-1.042480,0.062469,-1.867286,-0.521423,-0.551473,149.275528,145.633102,-758.524780,0,0
73.920000,1.679187,1.336753,-0.638638,0.489591,0.840920,-0.230551,0.138243,0.186204,0.972737,0.860924,-0.508115,-0.025088,0.576297,0.424765,0.273458,0.642399,-1.501952,-2.645164,-0.267569,0.244119,-0.210720,0.207380,0.230551,-0.972737,0.025088,0.000000,0.000000,0.000000,-1,0.516403,-1.099258,0.249496,-1.502183,-2.747428,-0.262502,149.275528,144.236145,-758.524780,0,0
73.960000,1.464848,1.334386,-0.480133,0.540325,0.808583,-0.232901,0.108183,0.207733,0.972185,0.834473,-0.550491,0.024768,0.571801,0.400824,0.263017,0.665737,-1.027915,-1.451992,0.016471,0.199838,0.121919,0.250202,0.232901,-0.972185,-0.024768,0.000000,0.000000,0.000000,-1,0.338898,-0.805679,0.154419,-1.028147,-1.554255,0.021538,147.523468,147.030060,-758.858826,0,0
74.000000,1.319564,1.326324,-0.374791,0.575384,0.783562,-0.234445,0.088607,0.225242,0.970265,0.813070,-0.579048,0.060172,0.567884,0.383955,0.254728,0.682055,-0.299413,-0.593384,-0.099677,0.077032,0.074162,0.265219,0.234445,-0.970265,-0.060172,0.000000,0.000000,0.000000,-1,0.320709,-0.893845,0.255249,-0.361407,-0.787896,-0.102024,149.801147,145.807724,-757.689819,0,0
74.040000,1.302213,1.320991,-0.365940,0.582085,0.777409,-0.238352,0.088460,0.230847,0.968961,0.808302,-0.585102,0.065603,0.566929,0.381824,0.251332,0.685298,-0.228752,0.236702,-0.139305,0.080053,0.191235,0.348302,0.238352,-0.968961,-0.065603,0.000000,0.000000,0.000000,-1,0.299561,-0.737091,0.321106,-0.228984,0.134441,-0.134239,149.100311,146.855438,-757.355774,0,0
74.080000,1.267065,1.311403,-0.306846,0.563698,0.788885,-0.244754,0.077475,0.244514,0.966546,0.822340,-0.563802,0.076713,0.557331,0.388620,0.259086,0.686463,-0.553560,0.830441,-0.121385,0.120130,0.133599,0.234626,0.244754,-0.966546,-0.076713,0.000000,0.000000,0.000000,-1,0.364883,-0.832947,0.157913,-0.543204,0.685769,-0.119435,148.749908,147.204681,-758.691772,0,0
74.120000,1.245910,1.300960,-0.244857,0.531103,0.808770,-0.252628,0.064622,0.258622,0.963815,0.844839,-0.528210,0.085091,0.544837,0.400758,0.271738,0.684620,-0.420420,0.884594,-0.067784,0.092739,-0.003104,-0.000008,0.252628,-0.963815,-0.085091,0.000000,0.000000,0.000000,-1,0.323029,-0.958176,-0.145721,-0.412204,0.870282,-0.096183,149.450729,145.109238,-759.025818,0,0
74.160000,1.189873,1.291254,-0.176247,0.522468,0.813278,-0.256139,0.048378,0.271642,0.961182,0.851286,-0.514578,0.102579,0.535781,0.402056,0.277700,0.688602,-0.398113,-0.255216,-0.122454,0.084361,0.201965,-0.079504,0.256139,-0.961182,-0.102579,0.000000,0.000000,0.000000,-1,0.346313,-0.708435,-0.157883,-0.398345,-0.357474,-0.117387,150.326767,146.680817,-759.860840,0,0
74.200000,1.199497,1.282359,-0.195221,0.529232,0.806010,-0.265071,0.055179,0.279051,0.958690,0.846681,-0.521995,0.103207,0.535484,0.402061,0.271535,0.691283,0.357619,0.030890,-0.231000,0.042364,0.164287,-0.035144,0.265071,-0.958690,-0.103207,0.000000,0.000000,0.000000,-1,0.307434,-0.794403,-0.138351,0.305186,-0.156202,-0.236677,150.151550,146.156952,-761.363831,0,1
74.240000,1.262572,1.282847,-0.247617,0.518042,0.811422,-0.270604,0.069604,0.275325,0.958828,0.852518,-0.515549,0.086152,0.537719,0.409613,0.270548,0.685478,0.406596,0.779622,-0.082808,-0.086033,0.001476,-0.112532,0.270604,-0.958828,-0.086152,0.000000,0.000000,0.000000,-1,0.162231,-1.018402,-0.351135,0.506118,0.543747,-0.099512,149.275528,146.331573,-761.530823,0,0
74.280000,1.251771,1.271328,-0.199447,0.487180,0.827155,-0.280127,0.058450,0.289164,0.955493,0.871343,-0.481871,0.092528,0.525711,0.421146,0.281151,0.683534,-0.625920,0.910962,-0.154990,-0.038199,0.004383,-0.299196,0.280127,-0.955493,-0.092528,0.000000,0.000000,0.000000,-1,0.251312,-0.908005,-0.337509,-0.626152,0.808706,-0.149924,151.903610,146.506195,-761.697876,0,0
74.320000,1.266936,1.268721,-0.155985,0.437097,0.853442,-0.283873,0.046218,0.293890,0.954721,0.898226,-0.430425,0.089014,0.513369,0.438115,0.299177,0.674537,-0.116440,0.942218,0.179643,-0.136885,0.043451,-0.316839,0.283873,-0.954721,-0.089014,0.000000,0.000000,0.000000,-1,0.146988,-0.911270,-0.405853,-0.124024,1.069994,0.161414,151.202789,147.204681,-761.363831,0,0
74.360000,1.255188,1.274216,-0.136223,0.430978,0.858531,-0.277817,0.039688,0.289544,0.956341,0.901489,-0.423188,0.090713,0.512523,0.438136,0.304217,0.672911,-0.130754,-0.056391,0.253450,-0.188004,0.038190,-0.365708,0.277817,-0.956341,-0.090713,0.000000,0.000000,0.000000,-1,0.108047,-0.918472,-0.431030,-0.134148,-0.101401,0.254037,151.377991,147.030060,-763.868896,0,0
74.400000,1.210724,1.284103,-0.097815,0.438323,0.858973,-0.264648,0.027616,0.281431,0.959184,0.898393,-0.427741,0.099636,0.514115,0.431124,0.308173,0.674424,-0.129483,-0.199393,0.338115,-0.074661,0.056520,-0.315891,0.264648,-0.959184,-0.099636,0.000000,0.000000,0.000000,-1,0.200943,-0.910965,-0.348480,-0.129715,-0.301647,0.343181,151.027588,147.030060,-764.870911,0,0
74.440000,1.207475,1.303103,-0.097663,0.441584,0.862482,-0.247241,0.025792,0.263247,0.964384,0.896849,-0.432233,0.094001,0.520657,0.426516,0.311917,0.670603,0.325943,-0.054028,0.411154,0.046048,-0.037997,-0.174066,0.247241,-0.964384,-0.094001,0.000000,0.000000,0.000000,-1,0.293289,-1.002380,-0.268066,0.317211,-0.208213,0.428249,150.326767,146.680817,-764.870911,0,0
74.480000,1.212689,1.311449,-0.095643,0.435349,0.867632,-0.240181,0.024490,0.255277,0.966558,0.899929,-0.426672,0.089886,0.522060,0.427213,0.315935,0.667179,-0.151886,0.599728,0.153923,0.284142,-0.152430,-0.062137,0.240181,-0.966558,-0.089886,0.000000,0.000000,0.000000,-1,0.582138,-1.095825,-0.130264,-0.056410,0.314126,0.202374,150.151550,148.601639,-762.031860,0,0
74.520000,1.176393,1.301858,0.003286,0.381330,0.891297,-0.245308,-0.000873,0.265706,0.964054,0.924438,-0.367409,0.102100,0.503370,0.442232,0.337292,0.661275,-0.565646,1.471931,-0.074152,0.010856,0.108203,-0.276791,0.245308,-0.964054,-0.102100,0.000000,0.000000,0.000000,-1,0.256165,-0.855850,-0.378891,-0.565878,1.369680,-0.069086,151.202789,146.855438,-763.701904,0,0
74.560000,1.192087,1.299548,0.000800,0.369005,0.895466,-0.248949,-0.000214,0.267934,0.963437,0.929427,-0.355460,0.099061,0.500502,0.447177,0.339898,0.658787,0.182156,-0.405383,0.131376,0.048063,0.235898,0.406663,0.248949,-0.963437,-0.099061,0.000000,0.000000,0.000000,-1,0.297012,-0.727539,0.307602,0.134085,-0.330632,0.101067,152.604431,150.697083,-766.039917,0,0
74.600000,1.208893,1.308917,-0.029771,0.380787,0.892399,-0.242126,0.007706,0.258781,0.965905,0.924631,-0.369670,0.091663,0.507529,0.443377,0.336190,0.657881,0.539051,-0.036246,0.250231,0.183426,-0.059470,0.423710,0.242126,-0.965905,-0.091663,0.000000,0.000000,0.000000,-1,0.404785,-1.109543,0.272308,0.442833,-0.383450,0.225549,153.305267,149.649353,-765.705933,0,0
74.640000,1.440019,1.329114,-0.223897,0.340887,0.909664,-0.237292,0.053140,0.233362,0.970937,0.938601,-0.343589,0.031211,0.518728,0.464022,0.337995,0.633534,1.457956,0.952761,0.133528,-0.211917,-0.176845,0.063895,0.237292,-0.970937,-0.031210,0.000000,0.000000,0.000000,-1,-0.148346,-1.103546,-0.014236,1.457729,0.850522,0.138588,152.604431,148.252396,-765.037903,0,0
74.680000,1.545973,1.347032,-0.346998,0.354837,0.908230,-0.221833,0.075463,0.208676,0.975069,0.931878,-0.362730,0.005508,0.534007,0.460525,0.332414,0.626303,0.388666,-1.019596,0.609487,-0.397355,-0.037870,0.000793,0.221834,-0.975069,-0.005508,0.000000,0.000000,0.000000,-1,-0.175522,-1.012939,-0.004715,0.475616,-1.048703,0.598364,152.254028,148.950882,-764.369873,0,0
74.720000,1.728641,1.376605,-0.551729,0.374048,0.907617,-0.190574,0.101149,0.164339,0.981204,0.921877,-0.386294,-0.030333,0.556786,0.452942,0.328359,0.614014,0.595179,0.173939,0.432693,0.019219,0.101489,0.044633,0.190574,-0.981204,0.030333,0.000000,0.000000,0.000000,-1,0.209793,-0.879715,0.074966,0.669586,0.028332,0.503076,150.677170,149.125504,-761.530823,0,0
74.760000,1.798542,1.379355,-0.612136,0.364768,0.912461,-0.185361,0.109335,0.155724,0.981731,0.924657,-0.378371,-0.042960,0.559465,0.456595,0.330359,0.607769,0.369869,0.590078,0.086526,0.052356,0.079189,0.024102,0.185361,-0.981731,0.042960,0.000000,0.000000,0.000000,-1,0.257935,-0.937241,0.050430,0.369642,0.487841,0.091586,150.677170,149.125504,-761.530823,0,0
74.800000,1.881309,1.375986,-0.698469,0.339547,0.922300,-0.184585,0.125884,0.149919,0.980652,0.932127,-0.356213,-0.065198,0.560095,0.467860,0.333668,0.596714,0.534114,0.593040,-0.059963,0.001526,0.011871,0.017017,0.184585,-0.980652,0.065198,0.000000,0.000000,0.000000,-1,0.186111,-0.968781,0.082214,0.480688,0.475949,-0.062760,150.677170,147.379303,-760.862854,0,0
74.840000,2.004952,1.367226,-0.775645,0.321774,0.928882,-0.183411,0.141552,0.144341,0.979351,0.936175,-0.341092,-0.085040,0.561799,0.476342,0.334979,0.587596,0.474989,0.639839,0.040467,-0.028580,0.031246,-0.018008,0.183411,-0.979351,0.085040,0.000000,0.000000,0.000000,-1,0.173355,-0.955795,0.045624,0.531025,0.537570,0.022569,152.429230,149.474747,-760.862854,0,0
74.880000,2.095065,1.363359,-0.836357,0.293273,0.939257,-0.178291,0.152859,0.138023,0.978562,0.943729,-0.314239,-0.103096,0.560880,0.486787,0.341177,0.576238,0.265447,0.691730,0.004248,0.012505,-0.036712,-0.151466,0.178291,-0.978562,0.103096,0.000000,0.000000,0.000000,-1,0.190796,-1.015274,-0.048370,0.265220,0.589496,0.009308,152.078827,148.077774,-761.530823,0,0
74.920000,2.151525,1.359621,-0.881273,0.281711,0.943360,-0.175246,0.161724,0.133347,0.977785,0.945772,-0.303794,-0.114998,0.561997,0.491588,0.342762,0.570101,0.238636,-0.063002,0.097302,-0.029876,0.038515,-0.197594,0.175246,-0.977785,0.114998,0.000000,0.000000,0.000000,-1,0.145370,-0.939270,-0.082596,0.262966,-0.010450,0.098202,153.305267,147.553925,-761.697876,0,0
74.960000,2.178033,1.358059,-0.919551,0.292538,0.940403,-0.173391,0.167923,0.127986,0.977457,0.941395,-0.315059,-0.120474,0.566795,0.488856,0.338748,0.570099,0.210914,-0.089532,0.081772,0.100840,0.037790,-0.178061,0.173391,-0.977457,0.120474,0.000000,0.000000,0.000000,-1,0.274231,-0.939667,-0.057587,0.194685,-0.276578,0.089518,151.027588,148.427017,-762.532837,0,0
75.000000,2.213989,1.350529,-0.962838,0.298362,0.938304,-0.174833,0.179340,0.124800,0.975839,0.937453,-0.322508,-0.131040,0.571096,0.489254,0.333841,0.568358,0.259125,-0.352661,-0.049473,-0.029920,-0.005133,-0.039976,0.174833,-0.975839,0.131040,0.000000,0.000000,0.000000,-1,0.144913,-0.980972,0.091064,0.258898,-0.454893,-0.044413,152.254028,148.252396,-761.029846,0,0
75.040000,2.239567,1.344629,-1.002257,0.310501,0.934149,-0.175939,0.188968,0.120734,0.974533,0.931601,-0.335840,-0.139036,0.576369,0.487152,0.327769,0.568374,0.401151,-0.285638,0.102898,-0.100438,-0.021759,-0.050047,0.175939,-0.974533,0.139036,0.000000,0.000000,0.000000,-1,0.075500,-0.996292,0.088989,0.350805,-0.425025,0.075703,151.377991,149.125504,-760.862854,0,0
75.080000,2.334053,1.332889,-1.103177,0.315245,0.933607,-0.170292,0.210369,0.106231,0.971833,0.925400,-0.342189,-0.162913,0.585646,0.488339,0.322340,0.560928,0.761006,0.053731,0.166542,-0.030247,0.015199,-0.151103,0.170292,-0.971833,0.162913,0.000000,0.000000,0.000000,-1,0.140045,-0.956635,0.011810,0.735230,-0.087729,0.170997,151.728409,145.982346,-761.196838,0,0
75.120000,2.456458,1.310737,-1.214267,0.302784,0.939067,-0.162711,0.240967,0.089747,0.966375,0.922094,-0.331811,-0.199110,0.594169,0.496506,0.319515,0.546219,0.695087,0.471323,0.080287,-0.047293,0.042867,-0.171095,0.162711,-0.966375,0.199110,0.000000,0.000000,0.000000,-1,0.115417,-0.923508,0.028015,0.694860,0.369093,0.085346,150.677170,147.379303,-758.858826,0,0
75.160000,2.528465,1.292399,-1.275824,0.291616,0.943373,-0.158136,0.262946,0.079892,0.961497,0.919685,-0.321969,-0.224758,0.599267,0.503248,0.317700,0.535432,0.751227,0.214748,0.077635,-0.105463,0.006007,-0.288982,0.158136,-0.961497,0.224758,0.000000,0.000000,0.000000,-1,0.052673,-0.955490,-0.064224,0.726613,0.198396,0.082576,151.553207,148.252396,-758.691772,0,0
75.200000,2.584810,1.268275,-1.346061,0.302584,0.940029,-0.157442,0.290436,0.066393,0.954588,0.907794,-0.334570,-0.252929,0.610148,0.504167,0.307447,0.528216,0.776217,-0.668347,0.118575,-0.105532,-0.011171,-0.389388,0.157442,-0.954588,0.252929,0.000000,0.000000,0.000000,-1,0.051910,-0.965759,-0.136459,0.777115,-0.662442,0.117816,151.728409,148.776260,-757.188782,0,0
75.240000,2.602716,1.243836,-1.410679,0.342929,0.924790,-0.164813,0.317058,0.051205,0.947023,0.884236,-0.377017,-0.275652,0.625975,0.495966,0.287321,0.528792,0.559964,-0.972710,0.067019,-0.076221,-0.084959,-0.419237,0.164813,-0.947023,0.275652,0.000000,0.000000,0.000000,-1,0.088593,-1.031982,-0.143585,0.559737,-1.074937,0.072078,152.254028,148.252396,-756.353760,0,0
75.280000,2.600136,1.232823,-1.441035,0.371253,0.912671,-0.170889,0.328788,0.042905,0.943429,0.868372,-0.406437,-0.284147,0.634920,0.488825,0.274634,0.531510,0.358053,-1.098803,0.117681,-0.237174,-0.083107,-0.298979,0.170889,-0.943429,0.284147,0.000000,0.000000,0.000000,-1,-0.066284,-1.026535,-0.014832,0.358916,-1.060054,0.100818,149.275528,148.427017,-754.516724,0,0
75.320000,2.593307,1.222826,-1.500838,0.429133,0.885582,-0.177733,0.340157,0.023836,0.940067,0.836743,-0.463870,-0.291008,0.651211,0.470561,0.252994,0.538971,0.577863,-1.610407,0.434555,-0.267134,-0.113370,-0.381859,0.177733,-0.940067,0.291008,0.000000,0.000000,0.000000,-1,-0.089401,-1.053436,-0.090851,0.563677,-1.785820,0.417760,150.501968,149.300125,-752.679688,0,0
75.360000,2.584382,1.222687,-1.565131,0.492285,0.851536,-0.180392,0.341116,0.001933,0.940019,0.800809,-0.524292,-0.289521,0.667060,0.446981,0.232519,0.548793,-0.099521,-1.875446,0.451727,-0.278186,-0.201353,-0.259355,0.180392,-0.940019,0.289521,0.000000,0.000000,0.000000,-1,-0.097794,-1.141373,0.030167,-0.099748,-1.977670,0.456786,149.275528,147.728546,-750.174683,0,0
75.400000,2.552881,1.243314,-1.609167,0.557295,0.810875,-0.178615,0.321424,-0.012339,0.946855,0.765577,-0.585089,-0.267511,0.677707,0.417695,0.216525,0.565121,-0.346948,-1.837812,0.805311,-0.172588,-0.139449,-0.053186,0.178615,-0.946855,0.267511,0.000000,0.000000,0.000000,-1,0.006027,-1.086304,0.214325,-0.326122,-2.155277,0.798345,148.574707,148.077774,-747.502625,0,0
75.440000,2.546889,1.271388,-1.614493,0.571009,0.804139,-0.165252,0.294673,-0.012884,0.955511,0.766235,-0.594301,-0.244316,0.676056,0.406332,0.222238,0.573108,-0.780055,0.997215,0.118638,0.035263,-0.335825,0.031136,0.165252,-0.955511,0.244316,0.000000,0.000000,0.000000,-1,0.295242,-1.303238,0.249329,-0.722935,0.526127,0.182171,147.873871,151.220947,-747.168640,0,0
75.480000,2.522786,1.306423,-1.462763,0.468816,0.870194,-0.151573,0.259781,0.028175,0.965257,0.844231,-0.491904,-0.212851,0.642941,0.439377,0.269332,0.566600,-1.785124,3.572571,-0.507373,0.151451,-0.138732,-0.271414,0.151573,-0.965257,0.212851,0.000000,0.000000,0.000000,-1,0.303024,-1.103989,-0.058563,-1.785351,3.470349,-0.502314,148.925110,150.173218,-751.510681,0,1
75.520000,2.337860,1.386686,-1.136394,0.349953,0.927449,-0.131803,0.166068,0.077049,0.983100,0.921930,-0.365927,-0.127056,0.591600,0.462102,0.333894,0.570076,-2.863248,3.732990,-0.277092,-0.212354,0.026633,-0.348248,0.131803,-0.983100,0.127056,0.000000,0.000000,0.000000,-1,-0.080551,-0.956467,-0.221191,-2.777417,3.855447,-0.330368,148.925110,150.173218,-751.510681,0,0
75.560000,0.748601,1.426312,0.518400,0.302658,0.948048,-0.097997,-0.071342,0.125065,0.989580,0.950426,-0.292513,0.105487,0.517713,0.423356,0.411632,0.619114,-2.740464,-0.042780,-0.516720,0.007198,-0.009504,-0.001812,0.097997,-0.989580,-0.105488,0.000000,0.000000,0.000000,-1,0.145737,-0.927338,-0.030258,-2.827250,0.319509,-0.418105,150.852371,153.141754,-762.699829,0,0
75.600000,0.527766,1.319981,0.611962,0.426894,0.895622,-0.124992,-0.142581,0.203152,0.968710,0.892991,-0.395715,0.214423,0.502324,0.374778,0.382223,0.679056,-1.710377,-5.223541,-0.904650,0.389703,-0.379220,0.189505,0.124992,-0.968710,-0.214423,0.000000,0.000000,0.000000,-1,0.514694,-1.347931,-0.024918,-1.710692,-5.325762,-0.899563,150.852371,153.141754,-762.699829,0,0
75.640000,0.373511,1.264805,0.641515,0.537741,0.835914,-0.109918,-0.180264,0.241350,0.953549,0.823614,-0.492948,0.280469,0.503965,0.325246,0.354040,0.717558,-1.316878,-0.469896,-0.431558,0.242850,-0.062336,0.483747,0.109918,-0.953549,-0.280469,0.000000,0.000000,0.000000,-1,0.352768,-1.015884,0.203278,-1.415772,-1.680005,-0.403364,150.852371,151.395554,-761.697876,0,0
75.680000,0.490095,1.248376,0.644186,0.437351,0.886836,-0.149150,-0.190291,0.253360,0.948471,0.878928,-0.386433,0.279564,0.475507,0.366212,0.383684,0.701832,-0.106422,3.975081,-0.059677,-0.036708,-0.007614,0.529061,0.149150,-0.948471,-0.279564,0.000000,0.000000,0.000000,-1,0.112442,-0.956085,0.249496,0.047453,3.939653,-0.062979,152.604431,152.094040,-762.365845,0,0
75.720000,0.459196,1.192350,0.763404,0.362887,0.917330,-0.163762,-0.255451,0.266942,0.929240,0.896135,-0.295376,0.331203,0.437248,0.378435,0.418740,0.700184,-2.053324,0.560644,0.298434,-0.344548,-0.191183,0.274410,0.163762,-0.929240,-0.331203,0.000000,0.000000,0.000000,-1,-0.078888,-0.989471,-0.073181,-2.053630,0.458433,0.303515,152.604431,152.094040,-762.365845,0,0
75.760000,0.426632,1.152150,0.822064,0.342738,0.924247,-0.168223,-0.297800,0.276725,0.913640,0.890980,-0.263043,0.370085,0.417112,0.375467,0.433192,0.705257,-0.741284,0.645062,0.018726,0.139013,0.343770,0.228407,0.168223,-0.913640,-0.370085,0.000000,0.000000,0.000000,-1,0.307236,-0.569870,-0.141678,-0.901077,0.547085,0.020227,153.830887,154.364105,-766.206909,0,0
75.800000,0.422798,1.141159,0.847597,0.323860,0.930539,-0.170913,-0.312278,0.275662,0.909117,0.893083,-0.241055,0.379863,0.408759,0.378133,0.441684,0.703453,-0.378695,0.626433,0.317973,0.212113,0.198637,0.389201,0.170913,-0.909117,-0.379863,0.000000,0.000000,0.000000,-1,0.347717,-0.694824,0.008881,-0.413256,0.541088,0.257405,154.531708,155.062576,-767.876953,0,0
75.840000,0.395212,1.148783,0.896944,0.301444,0.940353,-0.157697,-0.320070,0.255589,0.912266,0.898158,-0.224523,0.378024,0.408604,0.379513,0.453043,0.695532,0.363901,-0.126301,0.321695,0.050281,0.306340,0.188830,0.157697,-0.912266,-0.378024,0.000000,0.000000,0.000000,-1,0.207977,-0.605927,-0.189194,0.363594,-0.228509,0.326776,153.480469,155.411819,-768.544922,0,0
75.880000,0.395436,1.180302,0.875709,0.317458,0.936867,-0.146629,-0.292335,0.243786,0.924721,0.902087,-0.250695,0.351271,0.424971,0.379162,0.444417,0.691468,0.878842,-0.429065,-0.085763,0.178445,0.341545,0.088392,0.146629,-0.924721,-0.351271,0.000000,0.000000,0.000000,-1,0.325073,-0.583176,-0.262878,0.864843,-0.573617,-0.037791,154.006088,154.887955,-766.373901,0,0
75.920000,0.427348,1.202898,0.833845,0.325218,0.933817,-0.149063,-0.266332,0.241701,0.933085,0.907359,-0.263755,0.327311,0.434801,0.383788,0.436003,0.688155,0.883934,-0.068795,-0.219346,0.119950,0.194712,0.084605,0.149063,-0.933085,-0.327311,0.000000,0.000000,0.000000,-1,0.269012,-0.738373,-0.242706,0.900658,-0.245185,-0.193907,153.655670,154.538727,-765.371887,0,1
75.960000,0.511634,1.224448,0.769668,0.305699,0.937510,-0.166203,-0.236233,0.243784,0.940619,0.922357,-0.248284,0.295995,0.437584,0.400652,0.432005,0.679242,0.357252,1.066594,-0.278233,0.055294,-0.096262,0.017873,0.166203,-0.940619,-0.295995,0.000000,0.000000,0.000000,-1,0.221497,-1.036880,-0.278122,0.356945,0.964388,-0.273152,153.130051,152.617905,-763.534851,0,0
76.000000,0.569811,1.211237,0.772964,0.250139,0.949420,-0.189820,-0.245691,0.251878,0.936052,0.936518,-0.187507,0.296269,0.418925,0.419961,0.445604,0.670501,-0.871344,1.342744,0.064878,-0.015748,-0.290541,-0.301067,0.189820,-0.936052,-0.296269,0.000000,0.000000,0.000000,-1,0.174072,-1.226593,-0.597336,-0.711213,1.293494,0.031785,154.181290,152.268661,-764.870911,0,0
76.040000,0.540195,1.182537,0.834593,0.223122,0.955148,-0.194704,-0.280535,0.254207,0.925569,0.933551,-0.151893,0.324672,0.401324,0.420242,0.460256,0.671193,-1.288265,0.627252,0.170565,0.017332,-0.160521,-0.622243,0.194704,-0.925569,-0.324672,0.000000,0.000000,0.000000,-1,0.227081,-1.031082,-0.956985,-1.308792,0.623608,0.149894,156.458969,153.840240,-767.041931,0,0
76.080000,0.491114,1.168613,0.892013,0.215859,0.958816,-0.184601,-0.304663,0.245757,0.920209,0.927677,-0.142394,0.345165,0.395265,0.413743,0.469986,0.672083,-0.049305,-0.292565,0.454646,0.079361,0.050137,-0.481526,0.184601,-0.920209,-0.345165,0.000000,0.000000,0.000000,-1,0.258759,-0.729065,-0.724838,-0.049611,-0.394769,0.459727,156.458969,153.840240,-767.041931,0,0
76.120000,0.455430,1.189927,0.930309,0.209275,0.964090,-0.163504,-0.298053,0.222140,0.928342,0.931326,-0.145546,0.333838,0.404134,0.412015,0.474980,0.664314,-0.308693,0.470557,0.305141,0.082544,0.166074,0.160331,0.163504,-0.928342,-0.333838,0.000000,0.000000,0.000000,-1,0.246048,-0.762268,-0.173508,-0.141823,0.364221,0.379667,153.830887,153.665619,-766.540894,0,0
76.160000,0.471805,1.173279,0.937395,0.189458,0.965996,-0.175949,-0.312035,0.229139,0.922025,0.930989,-0.119783,0.344836,0.392264,0.416787,0.481207,0.663972,-0.471431,1.180858,-0.425981,0.293289,-0.394198,0.214282,0.175949,-0.922025,-0.344836,0.000000,0.000000,0.000000,-1,0.601471,-1.252853,-0.112915,-0.534502,0.882561,-0.390604,156.283768,153.665619,-766.540894,0,0
76.200000,0.504286,1.159265,0.950768,0.148317,0.969869,-0.193279,-0.325555,0.232431,0.916510,0.933818,-0.073011,0.350219,0.376054,0.428338,0.492309,0.657831,-0.538782,0.931425,0.092853,0.281513,0.130331,-0.046463,0.193279,-0.916509,-0.350219,0.000000,0.000000,0.000000,-1,0.265457,-0.872986,-0.680084,-0.539088,0.829224,0.097934,156.809387,153.840240,-768.711914,0,0
76.240000,0.482295,1.162754,0.902031,0.215268,0.959055,-0.184047,-0.311335,0.246031,0.917899,0.925597,-0.140294,0.351550,0.392965,0.412072,0.471765,0.673210,0.557108,-1.718585,-0.278503,0.426457,0.135017,0.698565,0.184047,-0.917899,-0.351550,0.000000,0.000000,0.000000,-1,0.610504,-0.782883,0.347015,0.470277,-1.916339,-0.362454,156.984589,154.014862,-767.208923,0,0
76.280000,0.506781,1.205462,0.827448,0.257949,0.950470,-0.173403,-0.263018,0.241780,0.934004,0.929668,-0.195317,0.312358,0.419467,0.409717,0.450730,0.673069,1.974689,-0.307284,-0.187743,0.356138,0.240981,0.478496,0.173403,-0.934004,-0.312358,0.000000,0.000000,0.000000,-1,0.391251,-0.758408,0.164917,1.745796,-0.729574,-0.118066,155.582947,154.014862,-763.868896,0,0
76.320000,0.659494,1.278109,0.671635,0.253594,0.951019,-0.176785,-0.179540,0.225860,0.957472,0.950503,-0.211069,0.228023,0.447133,0.431348,0.432599,0.653352,2.471671,-0.307720,0.222695,-0.324582,-0.105333,0.605510,0.176785,-0.957472,-0.228023,0.000000,0.000000,0.000000,-1,-0.187241,-1.203827,0.421005,2.471365,-0.409919,0.227775,156.108551,150.347839,-760.695801,0,0
76.360000,0.645527,1.320288,0.618433,0.312931,0.937993,-0.149139,-0.143720,0.201983,0.968787,0.938839,-0.281729,0.198015,0.477738,0.415643,0.413250,0.654395,0.126492,-1.635084,0.263044,-0.373581,-0.197092,0.015917,0.149139,-0.968787,-0.198015,0.000000,0.000000,0.000000,-1,-0.224442,-1.165878,-0.182098,0.175156,-1.872921,0.312873,154.181290,150.522461,-758.190796,0,0
76.400000,0.628783,1.344160,0.604149,0.340017,0.931086,-0.132160,-0.127644,0.184926,0.974428,0.931716,-0.314453,0.181726,0.493297,0.407180,0.405211,0.653198,0.981894,-0.236415,0.420689,-0.007923,0.012651,0.037408,0.132160,-0.974428,-0.181726,0.000000,0.000000,0.000000,-1,0.199539,-0.965530,-0.109375,0.869739,-0.434089,0.388076,155.582947,149.125504,-756.854797,0,0
76.440000,0.713063,1.398524,0.508725,0.346683,0.931255,-0.112136,-0.083493,0.149713,0.985198,0.934259,-0.332189,0.129656,0.516554,0.410297,0.397888,0.637584,1.083447,-0.469793,0.332335,0.085786,0.049834,0.147158,0.112136,-0.985198,-0.129656,0.000000,0.000000,0.000000,-1,0.197922,-0.935364,0.017502,1.083141,-0.571989,0.337415,153.480469,150.173218,-754.850769,0,0
76.480000,0.762441,1.425969,0.414175,0.386961,0.916692,-0.099681,-0.058080,0.132119,0.989531,0.920265,-0.377121,0.104367,0.536301,0.400247,0.382520,0.637073,0.505175,-1.084924,0.201074,-0.058513,0.103667,0.257596,0.099682,-0.989531,-0.104367,0.000000,0.000000,0.000000,-1,0.041168,-0.885864,0.153229,0.505762,-1.243361,0.172359,154.706909,149.998596,-753.347717,0,0
76.520000,0.805291,1.444074,0.352982,0.402921,0.910687,-0.091126,-0.043690,0.118591,0.991982,0.914191,-0.395709,0.087571,0.546982,0.396264,0.376184,0.634248,0.747172,-0.127582,0.179194,-0.044160,-0.007637,0.282060,0.091126,-0.991982,-0.087571,0.000000,0.000000,0.000000,-1,0.051407,-1.020981,0.179703,0.690484,-0.441768,0.218828,152.604431,150.347839,-752.011719,0,0
76.560000,1.093264,1.471253,0.099881,0.369177,0.925158,-0.088261,-0.009910,0.098883,0.995050,0.929306,-0.366475,0.045673,0.553313,0.413531,0.380004,0.615170,0.724407,1.034300,0.107187,0.019206,0.019143,0.145954,0.088261,-0.995050,-0.045673,0.000000,0.000000,0.000000,-1,0.106033,-0.947861,0.076401,0.724101,0.932107,0.112267,154.531708,149.125504,-751.510681,0,0
76.600000,1.305077,1.482409,-0.080506,0.339047,0.936906,-0.085175,0.007099,0.087987,0.996096,0.940743,-0.338328,0.023181,0.554049,0.425957,0.386053,0.602124,0.533049,0.936793,0.131011,-0.010437,0.073138,0.078326,0.085175,-0.996096,-0.023181,0.000000,0.000000,0.000000,-1,0.074738,-0.922958,0.055145,0.526359,0.822939,0.137277,152.954849,149.998596,-751.009705,0,0
76.640000,1.623924,1.488630,-0.369560,0.309961,0.947210,-0.081958,0.029646,0.076533,0.996626,0.950287,-0.311345,-0.004358,0.556279,0.439013,0.390240,0.587821,0.697369,0.546568,0.085221,0.049618,-0.013185,0.053366,0.081958,-0.996626,0.004358,0.000000,0.000000,0.000000,-1,0.131577,-1.009811,0.057724,0.679014,0.514338,0.082738,155.057327,150.347839,-750.341675,0,0
76.680000,2.060362,1.485480,-0.793644,0.297126,0.951872,-0.075203,0.060749,0.059756,0.996363,0.952904,-0.300613,-0.040071,0.565120,0.447968,0.388281,0.573762,0.851750,0.254130,0.203975,0.002403,0.017923,0.041335,0.075203,-0.996363,0.040071,0.000000,0.000000,0.000000,-1,0.077606,-0.978439,0.081406,0.851444,0.151938,0.209055,153.830887,150.871704,-750.508667,0,0
76.720000,2.485556,1.462861,-1.189563,0.268063,0.961158,-0.065711,0.099992,0.040081,0.994181,0.958198,-0.273074,-0.085364,0.573006,0.462974,0.389388,0.552897,0.876991,0.532765,0.075863,0.031015,0.094049,-0.093115,0.065711,-0.994181,0.085364,0.000000,0.000000,0.000000,-1,0.110016,-0.874390,-0.093567,0.917280,0.588580,0.097860,154.181290,149.125504,-749.172668,0,0
76.760000,2.606091,1.443163,-1.311807,0.268990,0.960950,-0.064951,0.123042,0.032599,0.991866,0.955251,-0.274794,-0.109468,0.580056,0.467193,0.383713,0.545921,0.781337,-0.390810,-0.009330,-0.014460,0.037902,-0.247652,0.064951,-0.991866,0.109468,0.000000,0.000000,0.000000,-1,0.050491,-0.953964,-0.138184,0.799259,-0.363628,0.007724,152.604431,149.998596,-748.003662,0,0
76.800000,2.653928,1.423076,-1.389796,0.296860,0.952427,-0.068965,0.144780,0.026495,0.989109,0.943882,-0.303612,-0.130027,0.591691,0.463590,0.369668,0.546198,0.575523,-1.108604,-0.027224,-0.030055,-0.018536,-0.154136,0.068965,-0.989109,0.130027,0.000000,0.000000,0.000000,-1,0.056305,-1.004410,0.036011,0.575226,-1.210785,-0.022150,153.305267,149.300125,-747.335632,0,0
76.840000,2.675068,1.395932,-1.468039,0.348974,0.933860,-0.078251,0.173057,0.017846,0.984750,0.921015,-0.357194,-0.155383,0.609613,0.453942,0.345614,0.550327,0.449554,-0.689733,0.032906,-0.036930,-0.020499,-0.040179,0.078251,-0.984750,0.155383,0.000000,0.000000,0.000000,-1,0.034409,-0.996872,0.096283,0.490604,-0.854493,0.019723,154.531708,149.474747,-746.166626,0,0
76.880000,2.697059,1.386176,-1.513853,0.370662,0.925407,-0.078943,0.183275,0.010448,0.983006,0.910505,-0.378832,-0.165732,0.617646,0.448753,0.336585,0.551221,0.333921,-0.725670,0.107740,-0.057398,0.016652,-0.086111,0.078943,-0.983006,0.165732,0.000000,0.000000,0.000000,-1,0.013931,-0.956009,0.089996,0.333624,-0.827850,0.112813,154.531708,150.173218,-743.828613,0,0
76.920000,2.707538,1.376608,-1.549276,0.393030,0.915938,-0.081154,0.192925,0.004153,0.981205,0.899059,-0.401299,-0.175076,0.625290,0.443339,0.327010,0.552745,0.432366,-0.866806,0.022194,-0.068184,0.059208,-0.044460,0.081154,-0.981205,0.175076,0.000000,0.000000,0.000000,-1,0.031433,-0.926300,0.149628,0.432069,-0.968985,0.027268,154.706909,150.697083,-743.661621,0,0
76.960000,2.706864,1.351477,-1.597294,0.434961,0.895775,-0.091631,0.217489,-0.005764,0.976046,0.873789,-0.444471,-0.197329,0.639932,0.434915,0.305563,0.554948,0.488463,-0.710044,-0.076994,-0.019686,-0.116056,-0.060488,0.091631,-0.976046,0.197329,0.000000,0.000000,0.000000,-1,0.073029,-1.103806,0.112885,0.486059,-0.845071,-0.060048,154.706909,150.697083,-741.323547,0,0
77.000000,2.698964,1.338706,-1.611935,0.453644,0.885721,-0.098518,0.229818,-0.009460,0.973188,0.861041,-0.464122,-0.207846,0.646326,0.431492,0.294945,0.555954,0.335241,-0.836223,-0.084309,-0.050773,-0.109256,-0.128546,0.098518,-0.973188,0.207846,0.000000,0.000000,0.000000,-1,0.005554,-1.157837,0.115860,0.394549,-0.877960,-0.073783,154.531708,151.220947,-739.152527,0,0
77.040000,2.660012,1.338082,-1.607991,0.483341,0.868891,-0.106818,0.230460,-0.008576,0.973044,0.844553,-0.494929,-0.204390,0.651212,0.422041,0.283216,0.563555,-0.229746,-0.849762,0.084728,-0.134498,-0.278589,-0.018507,0.106818,-0.973044,0.204389,0.000000,0.000000,0.000000,-1,-0.011124,-1.303680,0.214828,-0.230043,-0.951939,0.089802,156.458969,149.998596,-736.647461,0,1
77.080000,2.660567,1.353660,-1.563850,0.445655,0.889638,-0.099679,0.215429,0.001496,0.976518,0.868897,-0.456664,-0.190987,0.639364,0.432096,0.300775,0.560394,-0.658810,1.771508,-0.330840,-0.148889,-0.178374,-0.039803,0.099679,-0.976518,0.190987,0.000000,0.000000,0.000000,-1,-0.025253,-1.155884,0.105118,-0.536878,1.516697,-0.304087,156.634171,150.173218,-738.484497,0,0
77.120000,2.607149,1.378779,-1.445057,0.388133,0.916463,-0.097206,0.189333,0.023933,0.981621,0.901946,-0.399404,-0.164227,0.618148,0.447221,0.325464,0.558534,-1.440990,2.188157,-0.331545,-0.008721,-0.105491,-0.182461,0.097206,-0.981621,0.164227,0.000000,0.000000,0.000000,-1,0.155243,-1.051926,-0.062897,-1.316770,2.090274,-0.293825,156.108551,148.252396,-740.321533,0,0
77.160000,2.294549,1.433987,-1.003254,0.269973,0.957429,-0.102195,0.115001,0.073314,0.990656,0.955976,-0.279203,-0.090313,0.567224,0.472666,0.376298,0.559682,-2.205953,3.601181,-0.481603,0.131768,0.055323,-0.064510,0.102195,-0.990656,0.090313,0.000000,0.000000,0.000000,-1,0.225494,-0.888321,0.103394,-2.206250,3.499006,-0.476530,157.685410,148.776260,-743.160583,0,0
77.200000,1.389229,1.451198,-0.000493,0.181053,0.976447,-0.117352,0.000059,0.119313,0.992857,0.983473,-0.179766,0.021545,0.509950,0.478726,0.424611,0.574872,-2.865213,0.337956,-0.402168,-0.030255,0.014936,-0.142350,0.117352,-0.992857,-0.021545,0.000000,0.000000,0.000000,-1,0.078690,-0.985138,-0.059265,-2.915121,0.640802,-0.384548,157.860626,146.506195,-748.337646,0,0
77.240000,0.924082,1.403018,0.431495,0.218249,0.966750,-0.133271,-0.069841,0.151686,0.985958,0.973391,-0.205876,0.100624,0.491411,0.456293,0.427402,0.606333,-2.205968,-2.435303,-0.945797,-0.019288,-0.058094,0.119835,0.133271,-0.985958,-0.100624,0.000000,0.000000,0.000000,-1,0.239899,-1.159622,0.033844,-2.330762,-2.067566,-0.781914,159.787888,147.030060,-751.510681,0,0
77.280000,0.622258,1.329184,0.552520,0.394633,0.908193,-0.139463,-0.125576,0.203666,0.970954,0.910217,-0.365657,0.194421,0.499136,0.391986,0.386045,0.669463,-1.094212,-4.073148,-0.130532,0.271579,-0.330377,0.391717,0.139463,-0.970954,-0.194421,0.000000,0.000000,0.000000,-1,0.362427,-1.200058,0.296585,-1.094509,-4.175320,-0.125459,159.787888,147.030060,-753.848755,0,0
77.320000,0.561729,1.304925,0.653295,0.359689,0.922516,-0.139954,-0.159701,0.208646,0.964864,0.919304,-0.324700,0.222375,0.481837,0.395785,0.404364,0.669087,-0.682549,4.226698,0.205092,0.106842,-0.069392,0.757943,0.139954,-0.964864,-0.222375,0.000000,0.000000,0.000000,-1,0.246796,-1.034256,0.535568,-0.676654,3.680361,0.251459,159.437469,147.379303,-751.844727,0,0
77.360000,0.536979,1.266911,0.796373,0.251974,0.955552,-0.153069,-0.213897,0.209253,0.954181,0.943799,-0.207688,0.257116,0.443172,0.418379,0.446063,0.655428,-2.288319,1.356354,0.695271,-0.296654,-0.113492,0.181448,0.153069,-0.954181,-0.257116,0.000000,0.000000,0.000000,-1,-0.143585,-1.067673,-0.075668,-2.288616,1.254184,0.700344,160.138290,145.982346,-756.520752,0,0
77.400000,0.420661,1.205026,0.955977,0.215008,0.965629,-0.146059,-0.292172,0.206308,0.933848,0.931884,-0.158110,0.326487,0.412981,0.407680,0.475703,0.661022,-1.286793,0.964427,0.212647,0.011366,0.205806,0.248179,0.146059,-0.933848,-0.326487,0.000000,0.000000,0.000000,-1,0.259399,-0.677216,-0.105743,-1.287090,0.862258,0.217720,160.138290,148.776260,-757.522766,0,0
77.440000,0.389514,1.169482,1.023044,0.183336,0.971794,-0.148337,-0.333478,0.203427,0.920548,0.924760,-0.119302,0.361368,0.393237,0.405809,0.493610,0.661085,-0.745713,0.519252,0.283152,0.231043,0.380021,0.332269,0.148337,-0.920548,-0.361368,0.000000,0.000000,0.000000,-1,0.379379,-0.540527,-0.029099,-0.818304,0.479617,0.275975,163.116806,148.950882,-761.029846,0,0
77.480000,0.357731,1.166931,1.063250,0.173874,0.975107,-0.137600,-0.343437,0.191000,0.919549,0.922940,-0.112629,0.368098,0.392039,0.402811,0.500805,0.658212,0.262674,-0.227119,0.284980,0.162601,0.395928,0.242258,0.137600,-0.919549,-0.368098,0.000000,0.000000,0.000000,-1,0.300201,-0.523621,-0.125839,0.262377,-0.329286,0.290053,162.065567,149.649353,-762.031860,0,0
77.520000,0.344832,1.181703,1.066434,0.183374,0.974880,-0.126422,-0.328521,0.181981,0.926799,0.926525,-0.128419,0.353639,0.402416,0.401550,0.497062,0.655552,0.810571,-0.579273,0.169904,0.189985,0.483623,0.190263,0.126422,-0.926799,-0.353639,0.000000,0.000000,0.000000,-1,0.316406,-0.443176,-0.163376,0.810273,-0.681440,0.174977,162.065567,149.998596,-761.697876,0,1
77.560000,0.357427,1.234532,1.025115,0.203893,0.972163,-0.115442,-0.282043,0.171251,0.943994,0.937485,-0.159914,0.309109,0.425304,0.405663,0.483209,0.648894,1.322583,-0.439536,0.024283,0.118429,0.397638,0.148403,0.115442,-0.943994,-0.309109,0.000000,0.000000,0.000000,-1,0.224121,-0.576675,-0.169296,1.288362,-0.546963,0.056346,161.539948,149.125504,-760.194824,0,0
77.600000,0.413445,1.275757,0.961703,0.208641,0.970990,-0.116825,-0.238486,0.166361,0.956791,0.948469,-0.171765,0.266277,0.440455,0.415765,0.472037,0.640562,1.142727,0.267331,-0.168394,0.031353,-0.048886,-0.017322,0.116825,-0.956791,-0.266277,0.000000,0.000000,0.000000,-1,0.148178,-1.005676,-0.283600,1.142430,0.165167,-0.163322,161.189529,148.776260,-760.528809,0,0
77.640000,0.453289,1.283145,0.940738,0.190388,0.973816,-0.124240,-0.229228,0.167154,0.958913,0.954572,-0.154086,0.255050,0.438231,0.424769,0.473685,0.634939,-0.412085,1.059711,0.116415,-0.107653,-0.804088,-0.493409,0.124240,-0.958913,-0.255050,0.000000,0.000000,0.000000,-1,-0.067017,-1.959106,-1.115097,-0.412382,0.957547,0.121488,160.313507,147.903152,-758.023804,0,0
77.680000,0.329680,1.207892,1.119198,0.140589,0.983375,-0.114925,-0.319403,0.154920,0.934870,0.937132,-0.094725,0.335873,0.403050,0.411843,0.509991,0.638628,-0.804994,-0.086270,0.192932,-0.207393,-0.206015,-1.098209,0.114925,-0.934870,-0.335873,0.000000,0.000000,0.000000,-1,0.017715,-0.883011,-1.207642,-1.322487,0.069338,0.297213,161.890350,148.427017,-759.192810,0,0
77.720000,0.323847,1.223605,1.114640,0.148970,0.982896,-0.108276,-0.305468,0.149884,0.940332,0.940477,-0.107007,0.322571,0.411253,0.411808,0.505894,0.636676,0.325377,0.459670,0.139721,0.278138,0.175165,-0.038024,0.108276,-0.940332,-0.322571,0.000000,0.000000,0.000000,-1,0.386414,-0.765167,-0.360596,0.325088,0.357514,0.144788,160.663910,148.252396,-761.029846,0,0
77.760000,0.358995,1.203446,1.119666,0.113100,0.985539,-0.126179,-0.323213,0.156581,0.933282,0.939543,-0.064772,0.336248,0.393786,0.420485,0.516374,0.633626,-0.921967,1.720393,-0.464922,0.544109,-0.323950,0.538137,0.126179,-0.933282,-0.336248,0.000000,0.000000,0.000000,-1,0.650009,-1.193130,0.199203,-0.922255,1.618237,-0.459855,161.539948,148.077774,-761.864868,0,0
77.800000,0.405512,1.173839,1.074363,0.117768,0.981259,-0.152515,-0.339945,0.184141,0.922241,0.933042,-0.056764,0.355260,0.380252,0.421638,0.513164,0.643656,0.455521,-2.776415,-0.778925,-0.027012,0.223114,-0.171458,0.152515,-0.922241,-0.355260,0.000000,0.000000,0.000000,-1,0.221573,-0.692383,-0.111237,0.232490,-2.380217,-0.736423,164.168030,148.252396,-763.033875,0,0
77.840000,0.357081,1.195139,0.996002,0.236455,0.963142,-0.128241,-0.307927,0.199461,0.930267,0.921558,-0.180477,0.343741,0.416309,0.393467,0.476399,0.667019,1.074484,-3.390636,-0.318131,0.522745,0.318969,0.729713,0.128241,-0.930267,-0.343741,0.000000,0.000000,0.000000,-1,0.650986,-0.611298,0.385971,1.074196,-3.492790,-0.313064,163.642410,148.427017,-762.866882,0,0
77.880000,0.587507,1.280130,0.743370,0.253360,0.954240,-0.158854,-0.193957,0.210986,0.958053,0.947729,-0.211921,0.238537,0.448285,0.423996,0.439941,0.652473,3.479313,1.480822,-0.490013,-0.124827,-0.228577,0.731319,0.158854,-0.958053,-0.238537,0.000000,0.000000,0.000000,-1,0.034027,-1.186630,0.492783,3.479023,1.378664,-0.484947,162.065567,144.759995,-757.355774,0,0
77.920000,0.768562,1.354982,0.541914,0.265707,0.952493,-0.148851,-0.110450,0.183461,0.976802,0.957706,-0.243103,0.153950,0.481741,0.436980,0.419756,0.633071,0.115310,-2.646469,0.328378,-0.625597,-0.418171,-0.041882,0.148851,-0.976802,-0.153950,0.000000,0.000000,0.000000,-1,-0.476746,-1.394974,-0.195831,0.368676,-2.416630,0.430203,162.065567,144.759995,-757.355774,0,0
77.960000,0.766471,1.379055,0.456956,0.346033,0.928865,-0.132178,-0.084082,0.171016,0.981674,0.934447,-0.328578,0.137278,0.509347,0.414640,0.393773,0.643103,1.389710,-0.841180,0.147690,-0.211615,-0.057633,0.129710,0.132178,-0.981674,-0.137278,0.000000,0.000000,0.000000,-1,-0.079437,-1.039307,-0.007568,1.389420,-0.943336,0.152756,160.488708,144.934616,-752.178711,0,0
78.000000,0.910675,1.417154,0.300076,0.355067,0.926992,-0.120888,-0.045237,0.146200,0.988220,0.933746,-0.345415,0.093845,0.527973,0.417519,0.384896,0.631489,1.493315,-0.058368,0.397244,0.056068,0.034042,0.124897,0.120888,-0.988220,-0.093845,0.000000,0.000000,0.000000,-1,0.177292,-0.901489,0.063766,1.493025,-0.160523,0.402309,161.890350,144.236145,-749.840698,0,0
78.040000,1.227738,1.448700,-0.008583,0.344379,0.931798,-0.114696,0.001045,0.121788,0.992555,0.938830,-0.341935,0.040967,0.543512,0.429081,0.379078,0.613827,0.851034,0.352382,-0.002807,0.007100,0.149523,0.134046,0.114696,-0.992556,-0.040967,0.000000,0.000000,0.000000,-1,0.121796,-0.843033,0.093079,0.915692,0.247087,0.028150,161.890350,144.236145,-749.840698,0,0
78.080000,1.480726,1.455107,-0.239768,0.322309,0.939628,-0.114963,0.027412,0.112129,0.993315,0.946237,-0.323306,0.010383,0.547676,0.441429,0.379455,0.601004,0.555040,0.805200,0.072872,-0.040058,0.091399,0.141151,0.114963,-0.993315,-0.010383,0.000000,0.000000,0.000000,-1,0.074905,-0.901917,0.130768,0.554750,0.703047,0.077937,161.715149,145.807724,-750.007690,0,0
78.120000,1.737790,1.458043,-0.461483,0.287463,0.951344,-0.110949,0.050100,0.100745,0.993650,0.956481,-0.291196,-0.018702,0.548958,0.456066,0.385062,0.585129,1.104574,1.502987,0.178548,-0.085635,0.026624,0.092489,0.110949,-0.993650,0.018702,0.000000,0.000000,0.000000,-1,0.011230,-0.981110,0.068390,1.104284,1.400834,0.183613,161.715149,145.807724,-750.007690,0,0
78.160000,2.274616,1.437600,-0.942835,0.231282,0.967604,-0.101246,0.107468,0.078021,0.991142,0.966933,-0.240114,-0.085941,0.556597,0.482877,0.388830,0.553028,1.284996,0.988817,0.199090,-0.012104,0.019478,-0.199985,0.101246,-0.991143,0.085941,0.000000,0.000000,0.000000,-1,0.120239,-0.966049,-0.178925,1.354828,0.976737,0.173192,160.138290,145.283859,-748.504639,0,0
78.200000,2.534896,1.407518,-1.189400,0.216361,0.971904,-0.092681,0.150874,0.060505,0.986700,0.964585,-0.227466,-0.133544,0.567759,0.494391,0.383924,0.534631,0.934629,-0.380159,0.042127,0.006989,0.084127,-0.301787,0.092681,-0.986700,0.133544,0.000000,0.000000,0.000000,-1,0.099670,-0.902573,-0.168243,0.934339,-0.482310,0.047192,161.715149,143.712280,-745.999634,0,0
78.240000,2.581231,1.385761,-1.272331,0.250241,0.963233,-0.097785,0.175847,0.054100,0.982930,0.952080,-0.263164,-0.155844,0.581374,0.489822,0.367360,0.535840,0.852874,-1.523098,0.022657,-0.015021,0.091435,-0.226141,0.097785,-0.982930,0.155844,0.000000,0.000000,0.000000,-1,0.095032,-0.891296,-0.051498,0.852584,-1.625249,0.027722,161.715149,143.712280,-745.999634,0,0
78.280000,2.627861,1.350855,-1.379380,0.305142,0.946252,-0.107217,0.214188,0.041507,0.975910,0.927907,-0.320756,-0.190010,0.602836,0.481242,0.340346,0.537736,0.886130,-0.904007,-0.025180,-0.050164,-0.010723,-0.110436,0.107217,-0.975910,0.190010,0.000000,0.000000,0.000000,-1,0.057053,-0.986633,0.079575,0.920893,-1.124875,-0.004010,161.014328,145.458481,-742.325562,0,0
78.320000,2.646464,1.332492,-1.423102,0.327205,0.938273,-0.112160,0.233485,0.034737,0.971740,0.915654,-0.344146,-0.207707,0.612408,0.478341,0.328006,0.537177,0.363748,-0.616507,0.102672,-0.080239,-0.162721,-0.241489,0.112160,-0.971740,0.207707,0.000000,0.000000,0.000000,-1,0.031921,-1.134460,-0.033783,0.363458,-0.718656,0.107737,160.663910,145.807724,-741.657593,0,0
78.360000,2.662956,1.334533,-1.478969,0.364494,0.924944,-0.107806,0.233085,0.021464,0.972219,0.901563,-0.379496,-0.207767,0.622655,0.464956,0.318698,0.542722,-0.022436,-1.387785,0.477392,-0.177661,-0.101755,-0.212803,0.107806,-0.972219,0.207767,0.000000,0.000000,0.000000,-1,-0.069855,-1.073975,-0.005035,-0.022727,-1.489933,0.482457,161.364746,145.807724,-739.653564,0,0
78.400000,2.659068,1.337223,-1.542810,0.426453,0.898111,-0.107399,0.231365,0.006477,0.972845,0.874419,-0.439721,-0.205029,0.637379,0.443016,0.300849,0.554053,0.195311,-0.927240,0.045299,-0.056511,-0.234949,-0.101254,0.107399,-0.972845,0.205029,0.000000,0.000000,0.000000,-1,0.050888,-1.207794,0.103775,0.194086,-1.250851,0.130088,162.766388,145.109238,-739.653564,0,0
78.440000,2.620037,1.342787,-1.510745,0.432424,0.894610,-0.112619,0.225632,0.013566,0.974118,0.872983,-0.446642,-0.195986,0.635383,0.440774,0.299176,0.559018,-0.540426,0.323830,0.066909,-0.103083,-0.406192,-0.128649,0.112619,-0.974118,0.195986,0.000000,0.000000,0.000000,-1,0.009537,-1.380310,0.067337,-0.540717,0.221683,0.071974,162.240768,144.236145,-740.822571,0,1
78.480000,2.600834,1.369302,-1.449168,0.396629,0.912179,-0.103026,0.198655,0.024282,0.979769,0.896227,-0.409071,-0.171578,0.621274,0.446999,0.319183,0.558868,-1.476677,2.039931,-0.176236,-0.107497,-0.104612,-0.156273,0.103026,-0.979769,0.171578,0.000000,0.000000,0.000000,-1,-0.004471,-1.084381,0.015305,-1.476967,1.937785,-0.171171,161.539948,143.886902,-742.492554,0,0
78.520000,2.193372,1.438015,-0.927149,0.294166,0.949684,-0.107552,0.105902,0.079450,0.991197,0.949869,-0.302966,-0.077201,0.568313,0.464351,0.370534,0.569301,-2.806071,2.525167,-0.388217,0.223136,0.155046,-0.197395,0.107552,-0.991198,0.077201,0.000000,0.000000,0.000000,-1,0.330688,-0.836151,-0.120193,-2.722156,2.541816,-0.350578,162.065567,141.966080,-744.663574,0,0
78.560000,1.203888,1.436267,0.118433,0.246923,0.960914,-0.125197,-0.015848,0.133185,0.990964,0.968906,-0.242708,0.048115,0.516145,0.457752,0.408658,0.597541,-2.767762,-0.094221,-0.124717,-0.014327,-0.068377,0.167484,0.125197,-0.990965,-0.048115,0.000000,0.000000,0.000000,-1,0.110870,-1.059341,0.119370,-2.768053,-0.196365,-0.119652,163.467209,143.712280,-750.675659,0,0
78.600000,0.770927,1.391113,0.520393,0.281430,0.951467,-0.124531,-0.088862,0.155060,0.983900,0.955458,-0.265833,0.128188,0.499545,0.431695,0.415842,0.625435,-2.401853,-1.920117,-0.269430,0.110928,-0.417146,0.171691,0.124531,-0.983900,-0.128188,0.000000,0.000000,0.000000,-1,0.313126,-1.421799,0.032516,-2.402143,-2.022260,-0.264365,163.292007,143.188416,-754.182739,0,0
78.640000,0.519080,1.295278,0.644362,0.407420,0.903214,-0.134957,-0.163415,0.217496,0.962284,0.898501,-0.370000,0.236211,0.488291,0.378769,0.390927,0.682116,-1.931485,-3.046806,-0.769477,0.367149,-0.430721,0.354116,0.134957,-0.962284,-0.236211,0.000000,0.000000,0.000000,-1,0.513412,-1.270737,0.200882,-2.006640,-3.406679,-0.829438,165.044067,144.934616,-755.852783,0,0
78.680000,0.537439,1.238632,0.666777,0.375731,0.911569,-0.166938,-0.201672,0.256248,0.945339,0.904519,-0.321527,0.280119,0.458084,0.387427,0.402536,0.691393,-0.130399,4.424173,-0.303952,0.328958,0.116878,0.729795,0.166938,-0.945339,-0.280119,0.000000,0.000000,0.000000,-1,0.495895,-0.828461,0.449677,-0.130689,4.322032,-0.298887,164.868866,143.013794,-756.687744,0,0
78.720000,0.617292,1.210113,0.705131,0.269966,0.940951,-0.204277,-0.228735,0.268753,0.935656,0.935307,-0.205870,0.287783,0.422324,0.421605,0.432742,0.675741,-2.086982,2.364646,0.031138,-0.226692,0.032610,0.206713,0.204277,-0.935656,-0.287783,0.000000,0.000000,0.000000,-1,-0.022415,-0.903046,-0.081070,-2.087265,2.262511,0.036197,168.548187,143.188416,-759.860840,0,0
78.760000,0.499523,1.128585,0.860085,0.244544,0.947723,-0.204986,-0.324334,0.279176,0.903807,0.913786,-0.154537,0.375650,0.383965,0.405889,0.461500,0.689088,-1.509124,0.143567,0.067768,-0.173232,0.289870,0.307657,0.204986,-0.903807,-0.375650,0.000000,0.000000,0.000000,-1,0.031754,-0.613937,-0.067993,-1.722928,0.059518,0.116584,167.496948,145.982346,-764.536865,0,0
78.800000,0.454306,1.099332,0.916087,0.237041,0.950833,-0.199317,-0.360276,0.276570,0.890904,0.902226,-0.139372,0.408121,0.371601,0.397306,0.472893,0.693133,-0.345971,0.140846,0.361311,0.030771,0.479222,0.447901,0.199317,-0.890904,-0.408121,0.000000,0.000000,0.000000,-1,0.230087,-0.411682,0.039780,-0.346254,0.038712,0.366369,168.372986,147.903152,-764.703857,0,0
78.840000,0.445549,1.103796,0.936448,0.224848,0.954882,-0.194019,-0.362625,0.266818,0.892923,0.904404,-0.130416,0.406258,0.371407,0.398658,0.478171,0.688826,0.240889,0.291352,0.326507,-0.057453,0.532175,0.325890,0.194019,-0.892923,-0.406258,0.000000,0.000000,0.000000,-1,0.141434,-0.381500,-0.143402,0.240606,0.189220,0.331565,168.197769,147.030060,-766.874939,0,0
78.880000,0.451103,1.144971,0.928750,0.220965,0.958512,-0.180082,-0.330818,0.247362,0.910698,0.917461,-0.141658,0.371751,0.387895,0.404551,0.475243,0.678247,1.148149,-0.133925,0.229074,0.025576,0.481728,0.110979,0.180082,-0.910698,-0.371751,0.000000,0.000000,0.000000,-1,0.194748,-0.445969,-0.244492,1.112803,-0.282683,0.249621,167.321747,145.807724,-765.371887,0,1
78.920000,0.521612,1.188121,0.868372,0.207337,0.960413,-0.186059,-0.285011,0.241245,0.927669,0.935831,-0.139311,0.323748,0.400732,0.421355,0.467751,0.665644,0.812048,0.755892,-0.273312,0.171561,0.073268,-0.220259,0.186059,-0.927669,-0.323748,0.000000,0.000000,0.000000,-1,0.357620,-0.854401,-0.544006,0.811765,0.653761,-0.268254,166.796127,147.728546,-764.536865,0,0
78.960000,0.555699,1.187225,0.866506,0.177259,0.964159,-0.197423,-0.285194,0.242315,0.927334,0.941936,-0.108074,0.317925,0.392753,0.432184,0.473907,0.659071,-0.532560,1.125684,0.300418,0.120814,-0.992435,-0.975059,0.197423,-0.927334,-0.317925,0.000000,0.000000,0.000000,-1,0.200180,-1.954498,-1.353729,-0.532843,1.023554,0.305477,169.424210,145.109238,-763.701904,0,0
79.000000,0.556421,1.150546,0.915395,0.135253,0.967096,-0.215480,-0.323455,0.248660,0.912987,0.936527,-0.053786,0.346444,0.367474,0.437882,0.490543,0.657715,-1.120258,1.423806,-0.263538,-0.084849,-0.073280,-0.585792,0.215480,-0.912987,-0.346444,0.000000,0.000000,0.000000,-1,0.236115,-0.863785,-0.922943,-1.139853,1.338565,-0.308338,170.650650,145.633102,-764.536865,0,0
79.040000,0.551734,1.123781,0.965540,0.095851,0.969264,-0.226584,-0.355485,0.245953,0.901741,0.929754,-0.005886,0.368133,0.347046,0.442145,0.506540,0.653823,-0.647532,0.549679,0.095797,0.559549,0.237648,0.180008,0.226584,-0.901741,-0.368133,0.000000,0.000000,0.000000,-1,0.786133,-0.664093,-0.188126,-0.647815,0.447550,0.100855,172.227509,147.903152,-766.039917,0,0
79.080000,0.556538,1.114455,0.972662,0.086255,0.968696,-0.232782,-0.364162,0.248140,0.897671,0.927333,0.007342,0.374166,0.340569,0.443768,0.509846,0.653560,0.102992,0.409328,-0.179899,0.444174,-0.005589,0.479680,0.232782,-0.897671,-0.374166,0.000000,0.000000,0.000000,-1,0.676956,-0.903259,0.105515,0.102709,0.307200,-0.174841,171.877106,147.204681,-766.373901,0,0
79.120000,0.584206,1.115983,0.924665,0.106652,0.964325,-0.242287,-0.350741,0.264500,0.898343,0.930380,-0.010830,0.366438,0.344860,0.444806,0.498820,0.659088,0.960633,-1.910040,-0.644793,-0.016152,-0.262179,0.510328,0.242287,-0.898343,-0.366438,0.000000,0.000000,0.000000,-1,0.226135,-1.160522,0.143890,0.854465,-1.417400,-0.646570,172.753128,146.680817,-766.874939,0,0
79.160000,0.547324,1.136195,0.853886,0.205244,0.953868,-0.219116,-0.317403,0.276654,0.907038,0.925813,-0.116616,0.359542,0.377176,0.421861,0.468413,0.678498,1.394395,-0.620369,-0.346916,0.248108,-0.046682,0.573516,0.219116,-0.907038,-0.359542,0.000000,0.000000,0.000000,-1,0.467224,-0.953720,0.213974,1.394112,-0.722495,-0.341858,173.103546,147.379303,-765.538879,0,0
79.200000,0.673478,1.196733,0.737835,0.187820,0.955397,-0.227903,-0.245800,0.270369,0.930850,0.950950,-0.118814,0.285618,0.397440,0.446355,0.454815,0.660267,2.984823,0.319956,0.286561,-0.427061,-0.054791,0.595921,0.227903,-0.930850,-0.285618,0.000000,0.000000,0.000000,-1,-0.260925,-0.899719,0.555298,2.984540,0.217831,0.291619,171.001068,147.030060,-763.534851,0,0
79.240000,0.715965,1.272164,0.627925,0.242030,0.950858,-0.193105,-0.172840,0.238091,0.955740,0.954750,-0.197941,0.221972,0.442144,0.439912,0.430654,0.652321,0.895748,-2.254303,0.266955,-0.391821,-0.459879,0.299960,0.193105,-0.955740,-0.221972,0.000000,0.000000,0.000000,-1,-0.167358,-1.593735,-0.231812,1.022185,-2.303350,0.315053,171.001068,144.236145,-761.196838,0,0
79.280000,0.728382,1.319559,0.549564,0.299598,0.939604,-0.165485,-0.129849,0.211996,0.968606,0.945188,-0.268704,0.185520,0.474890,0.426286,0.410465,0.651367,1.357368,-1.095971,0.649151,-0.006962,-0.007560,0.018208,0.165485,-0.968606,-0.185520,0.000000,0.000000,0.000000,-1,0.158524,-0.976166,-0.167313,1.357085,-1.198094,0.654209,170.300247,144.585373,-757.856812,0,0
79.320000,0.742544,1.367383,0.491753,0.336767,0.931628,-0.136594,-0.095385,0.178076,0.979383,0.936744,-0.316795,0.148833,0.502458,0.416076,0.398118,0.644918,1.587987,-1.515718,0.711263,0.029711,0.087156,0.251464,0.136594,-0.979383,-0.148833,0.000000,0.000000,0.000000,-1,0.151230,-0.833344,0.155334,1.587704,-1.617841,0.716321,168.197769,143.188416,-756.186768,0,0
79.360000,0.977116,1.426316,0.217484,0.369249,0.921636,-0.119342,-0.031067,0.140587,0.989581,0.928811,-0.361695,0.080544,0.535752,0.415570,0.377726,0.630551,1.539083,0.162713,0.084080,0.011075,0.183612,0.300926,0.119342,-0.989581,-0.080544,0.000000,0.000000,0.000000,-1,0.143692,-0.788864,0.193283,1.603528,-0.213968,0.112001,166.971329,143.363037,-753.347717,0,0
79.400000,1.362177,1.444757,-0.113631,0.315821,0.940815,-0.122980,0.014253,0.124895,0.992068,0.948712,-0.315069,0.026035,0.539651,0.442448,0.382531,0.605548,0.791423,1.852483,-0.045079,-0.060221,0.077761,-0.041424,0.122980,-0.992068,-0.026035,0.000000,0.000000,0.000000,-1,0.062759,-0.914307,-0.067459,0.791140,1.750362,-0.040021,166.270508,143.363037,-751.343689,0,0
79.440000,1.623805,1.446294,-0.325569,0.266726,0.955761,-0.124007,0.039719,0.117658,0.992260,0.962954,-0.269587,-0.006580,0.537505,0.463010,0.390204,0.586900,0.964779,1.483669,0.046154,-0.064376,-0.024266,-0.223392,0.124007,-0.992260,0.006580,0.000000,0.000000,0.000000,-1,0.079742,-0.994476,-0.219315,0.964496,1.381549,0.051212,168.197769,143.537659,-751.510681,0,0
79.480000,1.993068,1.439964,-0.670146,0.240502,0.963327,-0.118999,0.081028,0.102245,0.991454,0.967261,-0.248089,-0.053467,0.545831,0.478333,0.388519,0.567732,1.054291,0.025985,0.116633,-0.067425,0.038359,-0.111465,0.118999,-0.991454,0.053467,0.000000,0.000000,0.000000,-1,0.014893,-0.912338,0.048279,0.993442,0.020328,0.111286,166.796127,144.236145,-749.506653,0,0
79.520000,2.315761,1.413784,-1.002017,0.246611,0.962273,-0.114948,0.131750,0.084221,0.987699,0.960117,-0.258722,-0.106009,0.563116,0.485700,0.375220,0.553359,1.141035,-0.351508,0.078023,-0.110798,0.073972,-0.030509,0.114948,-0.987699,0.106009,0.000000,0.000000,0.000000,-1,0.033783,-0.945297,0.002716,1.140752,-0.453627,0.083081,167.847366,143.188416,-749.506653,0,0
79.560000,2.452643,1.392652,-1.164325,0.269496,0.956390,-0.112653,0.162765,0.070061,0.984174,0.949147,-0.283567,-0.136786,0.577975,0.484084,0.361821,0.548355,1.187718,-1.050011,0.195543,-0.008466,0.047071,-0.247671,0.112653,-0.984174,0.136786,0.000000,0.000000,0.000000,-1,0.136032,-0.892715,-0.140518,1.187435,-1.152129,0.200600,167.672150,143.712280,-747.001648,0,0
79.600000,2.552121,1.351402,-1.328933,0.327713,0.936998,-0.120990,0.211304,0.052127,0.976029,0.920845,-0.345423,-0.180909,0.603427,0.475742,0.331380,0.547479,0.886596,-1.453295,-0.069502,-0.012439,0.023118,-0.215577,0.120990,-0.976029,0.180909,0.000000,0.000000,0.000000,-1,0.101059,-1.002319,-0.010956,1.002222,-1.598857,-0.049570,168.022568,143.363037,-744.663574,0,0
79.640000,2.547159,1.334574,-1.372397,0.370515,0.919533,-0.131067,0.229441,0.046128,0.972229,0.900042,-0.390297,-0.193887,0.616091,0.466235,0.312038,0.552891,0.211380,-0.760817,0.045441,-0.173013,-0.074890,-0.210702,0.131067,-0.972229,0.193887,0.000000,0.000000,0.000000,-1,-0.041946,-1.047119,-0.016815,0.211097,-0.862933,0.050499,168.372986,146.156952,-742.993591,0,0
79.680000,2.543056,1.335746,-1.398240,0.397951,0.907974,-0.131219,0.229433,0.039988,0.972503,0.888254,-0.417115,-0.192406,0.622569,0.456739,0.303996,0.558017,0.020607,-1.242828,0.303948,-0.225610,-0.078538,-0.143898,0.131219,-0.972503,0.192406,0.000000,0.000000,0.000000,-1,-0.069473,-1.074539,0.089005,0.020324,-1.344944,0.309006,168.372986,143.013794,-742.325562,0,0
79.720000,2.540619,1.333144,-1.462530,0.457214,0.879338,-0.133118,0.234043,0.025438,0.971893,0.858009,-0.475518,-0.194172,0.637563,0.436577,0.284243,0.567556,0.470671,-1.096847,0.081330,-0.090043,-0.284088,-0.077595,0.133118,-0.971893,0.194172,0.000000,0.000000,0.000000,-1,0.061295,-1.288910,0.062241,0.424618,-1.410961,0.115506,170.300247,143.537659,-741.824585,0,0
79.760000,2.536846,1.325332,-1.469132,0.465174,0.874371,-0.138162,0.241752,0.024662,0.970025,0.851569,-0.484631,-0.199908,0.640394,0.435717,0.278503,0.567875,-0.410447,0.111507,-0.096302,-0.189264,-0.337409,-0.089664,0.138162,-0.970025,0.199908,0.000000,0.000000,0.000000,-1,-0.051102,-1.307434,0.110245,-0.410722,0.009398,-0.091250,168.197769,144.585373,-740.822571,0,0
79.800000,2.502272,1.349321,-1.387022,0.425625,0.895357,-0.131066,0.215971,0.040143,0.975574,0.878749,-0.443536,-0.176285,0.624854,0.444635,0.299143,0.567777,-1.438872,2.578559,-0.124821,-0.149041,-0.235150,-0.093933,0.131066,-0.975574,0.176285,0.000000,0.000000,0.000000,-1,-0.009445,-1.156631,0.036819,-1.439147,2.476451,-0.119769,169.599426,144.585373,-740.488525,0,1
79.840000,2.223763,1.409837,-0.954807,0.288898,0.948859,-0.127297,0.130809,0.092596,0.987074,0.948381,-0.301815,-0.097369,0.568698,0.474623,0.360949,0.566596,-2.746314,3.693642,-0.282447,0.013267,0.093122,-0.229083,0.127297,-0.987074,0.097369,0.000000,0.000000,0.000000,-1,0.186127,-0.828796,-0.175705,-2.640562,3.507689,-0.337753,168.723389,143.712280,-741.657593,0,0
79.880000,1.430624,1.437019,-0.066700,0.204810,0.969851,-0.132070,0.008890,0.133082,0.991065,0.978761,-0.204154,0.018635,0.513102,0.476875,0.412536,0.582350,-2.516565,0.289545,-0.122823,-0.121893,-0.130090,0.128056,0.132070,-0.991065,-0.018635,0.000000,0.000000,0.000000,-1,0.010178,-1.121155,0.109421,-2.516840,0.187439,-0.117771,170.300247,143.537659,-749.506653,0,0
79.920000,0.977419,1.401792,0.362325,0.233189,0.962381,-0.139448,-0.059619,0.157281,0.985753,0.970602,-0.221553,0.094052,0.495443,0.455533,0.419399,0.609205,-2.397014,-1.839153,-0.692132,0.060320,-0.323543,0.152936,0.139448,-0.985753,-0.094052,0.000000,0.000000,0.000000,-1,0.294495,-1.312286,0.085785,-2.397289,-1.941259,-0.687080,169.599426,144.236145,-751.510681,0,0
79.960000,0.577042,1.306373,0.610461,0.384846,0.911901,-0.142580,-0.149819,0.214148,0.965244,0.910740,-0.350109,0.219034,0.487766,0.390598,0.393713,0.674171,-2.016849,-4.198207,-0.045317,0.353514,-0.461026,0.345606,0.142580,-0.965244,-0.219034,0.000000,0.000000,0.000000,-1,0.478165,-1.310684,0.265457,-2.219767,-4.444716,-0.180982,170.475449,145.109238,-753.347717,0,0
80.000000,0.555729,1.286003,0.706176,0.317792,0.936503,-0.148224,-0.182323,0.213768,0.959720,0.930466,-0.277967,0.238680,0.465120,0.405369,0.420452,0.665252,-1.016950,5.229486,0.138322,0.095551,0.004352,0.441103,0.148224,-0.959720,-0.238680,0.000000,0.000000,0.000000,-1,0.243774,-0.955368,0.202423,-1.017225,5.127382,0.143374,170.300247,143.188416,-755.852783,0,0
80.040000,0.534921,1.235124,0.826569,0.228710,0.958903,-0.167921,-0.242313,0.223139,0.944189,0.942855,-0.175256,0.283389,0.424906,0.421616,0.455944,0.658642,-2.661598,1.311308,0.399641,-0.253996,-0.097803,0.301165,0.167921,-0.944189,-0.283389,0.000000,0.000000,0.000000,-1,-0.182022,-1.061401,0.105194,-2.661873,1.209205,0.404693,169.949829,143.537659,-757.522766,0,0
80.080000,0.432713,1.148655,0.987633,0.180611,0.968433,-0.171808,-0.341999,0.225617,0.912214,0.922180,-0.105997,0.371952,0.381786,0.410199,0.491356,0.666742,-1.679488,1.000246,0.109399,-0.043238,0.235303,0.323811,0.171808,-0.912214,-0.371952,0.000000,0.000000,0.000000,-1,0.232437,-0.589981,-0.060043,-1.832793,0.984018,0.114686,171.176270,145.458481,-759.693848,0,0
80.120000,0.403543,1.106480,1.059647,0.143658,0.973879,-0.175846,-0.390574,0.219060,0.894128,0.909294,-0.059768,0.411841,0.358035,0.407296,0.512133,0.666063,-0.781269,0.761084,0.397355,0.173900,0.449716,0.414481,0.175846,-0.894128,-0.411841,0.000000,0.000000,0.000000,-1,0.349747,-0.444412,0.002640,-0.781544,0.658983,0.402407,172.577927,145.807724,-763.701904,0,0
80.160000,0.390874,1.101410,1.094046,0.122382,0.977406,-0.172340,-0.401899,0.207576,0.891846,0.907469,-0.039883,0.418222,0.352344,0.408342,0.521600,0.661094,-0.021449,0.334882,0.390904,0.044427,0.488343,0.320932,0.172340,-0.891846,-0.418222,0.000000,0.000000,0.000000,-1,0.219574,-0.405975,-0.112320,-0.021724,0.232781,0.395956,172.227509,147.204681,-763.701904,0,0
80.200000,0.372036,1.128196,1.104605,0.125306,0.979826,-0.155689,-0.382586,0.192511,0.903641,0.915383,-0.053667,0.398991,0.365310,0.408722,0.519898,0.655135,0.919336,-0.450954,0.235161,0.097348,0.516327,0.238834,0.155689,-0.903641,-0.398991,0.000000,0.000000,0.000000,-1,0.247101,-0.397644,-0.177643,0.820309,-0.527570,0.267779,171.701889,146.680817,-764.870911,0,0
80.240000,0.395994,1.181231,1.062496,0.137317,0.979634,-0.146494,-0.331771,0.184840,0.925074,0.933312,-0.078426,0.350396,0.387969,0.417470,0.507011,0.646636,1.368161,-0.110025,-0.074484,0.085135,0.443354,0.086190,0.146494,-0.925074,-0.350396,0.000000,0.000000,0.000000,-1,0.231628,-0.481720,-0.264206,1.367886,-0.212124,-0.069433,171.001068,147.030060,-763.868896,0,1
80.280000,0.460478,1.209582,1.005657,0.128689,0.979171,-0.157047,-0.298460,0.189263,0.935468,0.945707,-0.073512,0.316599,0.394597,0.431270,0.499662,0.639248,0.816070,0.821483,-0.345979,0.125500,0.064009,-0.093389,0.157047,-0.935468,-0.316599,0.000000,0.000000,0.000000,-1,0.316605,-1.137985,-0.552216,0.815795,0.719385,-0.340927,172.402710,145.283859,-761.530823,0,0
80.320000,0.484989,1.187760,1.044396,0.070609,0.982169,-0.174236,-0.323142,0.187775,0.927534,0.943713,-0.009189,0.330639,0.371549,0.443432,0.517749,0.630282,-1.588702,1.054888,0.492154,-0.082791,-1.266512,-1.056873,0.174236,-0.927534,-0.330639,0.000000,0.000000,0.000000,-1,-0.063080,-2.023819,-1.597733,-1.392245,1.180687,0.462097,172.402710,145.283859,-761.530823,0,0
80.360000,0.438074,1.146746,1.120948,0.045607,0.983594,-0.174538,-0.370521,0.178913,0.911430,0.927704,0.023102,0.372602,0.351459,0.436092,0.535743,0.631886,-0.137210,0.256069,0.157454,0.003456,0.224784,-0.486422,0.174538,-0.911430,-0.372602,0.000000,0.000000,0.000000,-1,0.177994,-0.686646,-0.859024,-0.137484,0.153973,0.162506,172.753128,144.585373,-761.864868,0,0
80.400000,0.428542,1.147931,1.145079,0.030511,0.984880,-0.170529,-0.373746,0.169474,0.911917,0.927029,0.035911,0.373266,0.349203,0.437521,0.541590,0.627146,-0.333717,0.453701,0.448059,0.300372,0.291052,0.129324,0.170529,-0.911917,-0.373266,0.000000,0.000000,0.000000,-1,0.439697,-0.691483,-0.058365,-0.333992,0.351605,0.453111,172.753128,144.934616,-764.536865,0,0
80.440000,0.457923,1.130936,1.158997,-0.007543,0.982093,-0.188246,-0.390216,0.170435,0.904811,0.920693,0.080282,0.381943,0.331692,0.446104,0.552053,0.621457,0.059527,1.332508,-0.333564,0.318163,-0.267399,0.339767,0.188246,-0.904811,-0.381943,0.000000,0.000000,0.000000,-1,0.445496,-1.103104,-0.042709,-0.054772,1.122197,-0.376762,173.979568,146.506195,-765.371887,0,0
80.480000,0.500895,1.148654,1.104474,0.003089,0.980449,-0.196750,-0.365970,0.184210,0.912213,0.930622,0.069187,0.359383,0.338931,0.453249,0.541314,0.621828,1.100572,-3.791948,-0.646345,-0.165744,-0.208453,-0.162345,0.196750,-0.912213,-0.359383,0.000000,0.000000,0.000000,-1,0.031006,-1.120667,-0.521729,1.100297,-3.894042,-0.641293,175.556427,146.331573,-764.202881,0,0
80.520000,0.410870,1.161258,1.044242,0.143981,0.976717,-0.159038,-0.344249,0.200111,0.917305,0.927773,-0.077326,0.365047,0.380402,0.415657,0.505211,0.653670,0.684576,-4.340668,-0.328678,0.562672,-0.028862,0.879527,0.159038,-0.917305,-0.365047,0.000000,0.000000,0.000000,-1,0.819641,-0.949265,0.361664,0.684301,-4.442761,-0.323626,177.308487,145.982346,-764.870911,0,0
80.560000,0.511455,1.230401,0.915231,0.165874,0.972514,-0.163407,-0.264652,0.203524,0.942623,0.949971,-0.113110,0.291137,0.409638,0.432005,0.480036,0.644309,2.353217,0.646539,-0.365323,0.145599,0.273677,0.378890,0.163407,-0.942623,-0.291137,0.000000,0.000000,0.000000,-1,0.093430,-0.684433,0.338745,2.385944,0.581560,-0.356548,172.402710,146.331573,-764.870911,0,0
80.600000,0.725310,1.307806,0.716845,0.143272,0.974542,-0.172455,-0.170802,0.195986,0.965617,0.974833,-0.108890,0.194533,0.433807,0.463190,0.462405,0.619232,1.893574,-0.399291,0.039103,-0.342118,-0.364431,0.481765,0.172455,-0.965617,-0.194533,0.000000,0.000000,0.000000,-1,-0.169662,-1.330048,0.287231,1.893299,-0.501382,0.044154,174.680389,143.712280,-759.693848,0,0
80.640000,0.739377,1.332618,0.634286,0.207132,0.965310,-0.158978,-0.139814,0.190043,0.971769,0.968271,-0.179057,0.174328,0.459010,0.449606,0.440782,0.626798,0.749421,-2.623869,-0.116951,-0.626812,-0.391725,-0.133625,0.158978,-0.971769,-0.174328,0.000000,0.000000,0.000000,-1,-0.313461,-1.153442,-0.249069,0.749146,-2.725960,-0.111900,175.030807,143.712280,-756.687744,0,0
80.680000,0.849474,1.381821,0.471018,0.253765,0.956924,-0.141065,-0.085246,0.167397,0.982197,0.963502,-0.237222,0.124054,0.490488,0.444291,0.419193,0.621534,1.763783,0.025477,0.496015,-0.037763,-0.012386,0.098770,0.141065,-0.982197,-0.124054,0.000000,0.000000,0.000000,-1,0.118912,-0.954453,0.071808,1.710209,-0.297126,0.509031,172.402710,143.537659,-756.186768,0,0
80.720000,1.195973,1.429575,0.146457,0.227738,0.964873,-0.130981,-0.020541,0.139246,0.990045,0.973506,-0.222780,0.051531,0.509156,0.463675,0.413687,0.595507,1.165439,0.639864,0.146683,0.026612,0.272912,0.215395,0.130981,-0.990045,-0.051531,0.000000,0.000000,0.000000,-1,0.157593,-0.717133,0.163864,1.165164,0.537775,0.151734,173.278748,142.664566,-752.345703,0,0
80.760000,1.373487,1.439931,-0.018269,0.213759,0.968470,-0.127961,0.002384,0.130471,0.991449,0.976884,-0.212236,0.025581,0.514225,0.471999,0.412720,0.585194,0.689994,0.545443,0.114061,0.085495,0.161463,0.058067,0.127961,-0.991449,-0.025581,0.000000,0.000000,0.000000,-1,0.219818,-0.865997,-0.027847,0.689728,0.443359,0.119107,173.278748,142.664566,-752.345703,0,0
80.800000,1.838025,1.442277,-0.417184,0.146171,0.981505,-0.123617,0.051931,0.117174,0.991753,0.987895,-0.151385,-0.033843,0.515471,0.501210,0.419169,0.554414,1.489276,1.888664,0.060895,0.123347,0.010414,-0.187850,0.123617,-0.991753,0.033843,0.000000,0.000000,0.000000,-1,0.218842,-0.975327,-0.178619,1.457195,1.838546,0.076694,172.577927,141.616837,-751.343689,0,0
80.840000,2.261068,1.414885,-0.792948,0.095833,0.988170,-0.119732,0.110626,0.108968,0.987871,0.989231,-0.107916,-0.098874,0.520994,0.527259,0.417230,0.525815,1.181697,0.507074,-0.024150,-0.119290,0.112642,-0.117032,0.119732,-0.987870,0.098874,0.000000,0.000000,0.000000,-1,0.000443,-0.875229,-0.018158,1.181431,0.404992,-0.019104,175.030807,141.966080,-747.001648,0,0
80.880000,2.436782,1.385370,-0.978559,0.103121,0.987471,-0.119448,0.152967,0.102916,0.982858,0.982836,-0.119625,-0.140438,0.534004,0.533908,0.397701,0.515874,1.286119,-1.376673,0.140631,-0.114506,0.031138,-0.247698,0.120076,-0.981150,0.151415,0.000000,0.000000,0.000000,-1,0.005569,-0.950012,-0.096283,1.264632,-1.284779,0.117378,173.629166,141.267593,-746.333618,0,0
80.920000,2.542708,1.349245,-1.154962,0.169425,0.977727,-0.123874,0.201017,0.088766,0.975558,0.964825,-0.190185,-0.181501,0.561729,0.524605,0.374269,0.518819,1.135803,-2.015950,0.163256,-0.055988,-0.044569,-0.316281,0.123874,-0.975558,0.181501,0.000000,0.000000,0.000000,-1,0.054565,-1.034393,-0.078217,1.204756,-2.044853,0.183164,171.877106,139.870636,-743.327576,0,0
80.960000,2.536821,1.323079,-1.245207,0.259126,0.955729,-0.139410,0.232310,0.078429,0.969475,0.937489,-0.283602,-0.201702,0.587877,0.505224,0.339390,0.532882,0.466830,-1.892049,0.075399,-0.096975,-0.025704,-0.134716,0.139410,-0.969475,0.201702,0.000000,0.000000,0.000000,-1,0.042435,-0.995178,0.066986,0.466564,-1.994129,0.080445,174.154770,141.092972,-741.824585,0,0
81.000000,2.525416,1.316367,-1.313861,0.333570,0.931436,-0.145458,0.243431,0.063960,0.967807,0.910754,-0.358241,-0.205405,0.607251,0.483683,0.315065,0.545922,0.418480,-1.675612,0.179200,-0.170834,-0.057111,-0.038917,0.145458,-0.967807,0.205405,0.000000,0.000000,0.000000,-1,-0.025375,-1.024918,0.166489,0.372614,-1.869855,0.234095,173.629166,140.918365,-742.325562,0,0
81.040000,2.531590,1.304479,-1.348134,0.358030,0.921457,-0.150768,0.256684,0.058118,0.964747,0.897735,-0.384108,-0.215715,0.615554,0.478488,0.303372,0.547821,0.428293,-0.312503,-0.035549,-0.157131,-0.389975,0.014540,0.150768,-0.964747,0.215715,0.000000,0.000000,0.000000,-1,-0.032394,-1.417847,0.186264,0.485245,-0.625575,-0.038691,175.556427,139.696014,-739.820557,0,0
81.080000,2.569310,1.302793,-1.363144,0.337687,0.930270,-0.143406,0.259118,0.054593,0.964302,0.904890,-0.362791,-0.222614,0.613536,0.484644,0.310285,0.540755,-0.328162,1.576835,0.000428,-0.160084,-0.422844,-0.195285,0.143406,-0.964302,0.222614,0.000000,0.000000,0.000000,-1,-0.016678,-1.387146,0.027328,-0.328428,1.474757,0.005474,174.680389,139.870636,-739.987549,0,0
81.120000,2.537623,1.331176,-1.259711,0.273268,0.952448,-0.134786,0.225943,0.072646,0.971428,0.935026,-0.295914,-0.195347,0.590756,0.498679,0.338651,0.536323,-1.906521,2.300468,-0.335231,-0.053238,-0.286763,-0.431061,0.134506,-0.976573,0.167969,0.000000,0.000000,0.000000,-1,0.081268,-1.263336,-0.263092,-2.135788,1.754129,-0.323702,174.154770,137.949814,-742.492554,0,1
81.160000,2.189696,1.399096,-0.830433,0.201117,0.969631,-0.139167,0.126131,0.115253,0.985296,0.971413,-0.215714,-0.099121,0.544285,0.503303,0.382266,0.551645,-2.942579,1.799976,-0.345127,0.088754,0.148229,-0.144654,0.139167,-0.985296,0.099121,0.000000,0.000000,0.000000,-1,0.251572,-0.884186,-0.067703,-2.684567,1.597185,-0.339283,175.556427,136.902100,-746.166626,0,0
81.200000,1.378626,1.421208,0.050312,0.141935,0.979007,-0.146288,-0.007495,0.148842,0.988832,0.989848,-0.139253,0.028463,0.491078,0.494582,0.429443,0.574291,-3.012200,0.192347,0.129867,-0.096834,-0.022612,0.209616,0.146288,-0.988833,-0.028463,0.000000,0.000000,0.000000,-1,0.049454,-1.011444,0.181152,-3.012470,0.090271,0.134913,175.030807,137.076721,-751.009705,0,0
81.240000,0.870786,1.381913,0.530348,0.175731,0.973907,-0.143607,-0.094976,0.161969,0.982215,0.979846,-0.158966,0.120961,0.472441,0.465102,0.442510,0.603875,-2.835965,-2.023126,-0.332240,0.092645,-0.410821,0.184865,0.143607,-0.982215,-0.120961,0.000000,0.000000,0.000000,-1,0.323456,-1.474045,0.067490,-2.836235,-2.125203,-0.327194,176.257248,138.648300,-758.524780,0,0
81.280000,0.556436,1.277276,0.727027,0.298410,0.942126,-0.152810,-0.192300,0.216170,0.957231,0.934865,-0.256261,0.245678,0.457319,0.409903,0.427521,0.663373,-2.194984,-1.554059,-0.742444,0.432608,-0.479185,0.285640,0.152810,-0.957231,-0.245678,0.000000,0.000000,0.000000,-1,0.556061,-1.389114,0.169937,-2.320279,-2.539273,-0.724588,175.556427,139.696014,-762.532837,0,0
81.320000,0.670587,1.232246,0.740078,0.183235,0.961159,-0.206395,-0.223964,0.245243,0.943237,0.957217,-0.126609,0.260202,0.411640,0.447718,0.455995,0.649746,-1.014366,4.030060,-0.059459,0.165507,0.086013,0.486169,0.206395,-0.943237,-0.260202,0.000000,0.000000,0.000000,-1,0.371902,-0.857224,0.225967,-1.014639,3.927986,-0.054412,177.133286,139.870636,-765.037903,0,0
81.360000,0.581821,1.183913,0.885407,0.134828,0.968932,-0.207346,-0.292098,0.238824,0.926090,0.946837,-0.064297,0.315223,0.381045,0.444064,0.485173,0.649784,-2.736658,0.401008,0.700295,-0.266733,-0.012997,0.449257,0.207346,-0.926090,-0.315223,0.000000,0.000000,0.000000,-1,-0.092590,-0.933929,0.204483,-2.736931,0.298934,0.705342,179.586166,139.172165,-766.039917,0,0
81.400000,0.459937,1.106165,1.042524,0.108926,0.973947,-0.198905,-0.387009,0.225858,0.893987,0.915620,-0.020401,0.401528,0.346966,0.422908,0.516416,0.658846,-1.699893,0.629176,0.131513,-0.164801,0.308461,0.487404,0.198905,-0.893987,-0.401528,0.000000,0.000000,0.000000,-1,0.129730,-0.550262,0.029068,-1.829795,0.512293,0.160394,177.834106,143.013794,-768.377930,0,0
81.440000,0.432561,1.064942,1.112609,0.072708,0.976450,-0.203124,-0.434576,0.214330,0.874761,0.897696,0.024671,0.439925,0.323440,0.418837,0.536863,0.657070,-0.661005,0.861797,0.410472,0.042130,0.480916,0.465026,0.203124,-0.874761,-0.439925,0.000000,0.000000,0.000000,-1,0.245255,-0.393845,0.025101,-0.661278,0.759725,0.415519,178.885345,145.458481,-772.385986,0,0
81.480000,0.424399,1.077003,1.144588,0.046599,0.979662,-0.195168,-0.431568,0.195949,0.880541,0.900876,0.043196,0.431922,0.323546,0.423506,0.545292,0.647007,0.709865,-0.211036,0.462963,0.035087,0.548541,0.264380,0.195168,-0.880541,-0.431922,0.000000,0.000000,0.000000,-1,0.230255,-0.332001,-0.167542,0.563931,-0.132932,0.429445,179.235748,143.712280,-773.054016,0,0
81.520000,0.399847,1.116385,1.146272,0.060673,0.983424,-0.170867,-0.399972,0.180791,0.898519,0.914517,0.013826,0.404311,0.344808,0.423027,0.539177,0.641439,1.483346,-1.119550,0.512788,0.062410,0.580786,0.160933,0.170867,-0.898519,-0.404311,0.000000,0.000000,0.000000,-1,0.245789,-0.321823,-0.262558,1.385496,-1.104942,0.556677,177.834106,144.061523,-772.052002,0,0
81.560000,0.379491,1.167691,1.128224,0.089870,0.985295,-0.145318,-0.354482,0.167998,0.919847,0.930734,-0.031154,0.364368,0.373331,0.422422,0.525951,0.636835,1.737753,-1.180262,0.324107,0.105307,0.495363,0.058017,0.145318,-0.919847,-0.364368,0.000000,0.000000,0.000000,-1,0.262283,-0.505997,-0.326920,1.733421,-1.333130,0.391124,177.483688,142.664566,-769.713989,0,1
81.600000,0.421618,1.226817,1.075203,0.094997,0.985865,-0.138009,-0.296662,0.160374,0.941420,0.950246,-0.048490,0.307704,0.395891,0.435222,0.512916,0.625115,-0.119017,0.837333,0.353550,0.218146,-0.668840,-0.465184,0.138009,-0.941420,-0.307704,0.000000,0.000000,0.000000,-1,0.356155,-1.610260,-0.772888,0.138403,0.658692,0.198672,176.607666,142.489944,-768.878967,0,0
81.640000,0.357943,1.197702,1.162171,0.072779,0.989139,-0.127701,-0.334489,0.144833,0.931204,0.939585,-0.025057,0.341396,0.382933,0.427393,0.530044,0.624301,-1.881670,0.655041,0.416349,-0.226487,-1.033838,-1.060764,0.127701,-0.931204,-0.341396,0.000000,0.000000,0.000000,-1,-0.116669,-1.480057,-1.300537,-1.800713,0.442917,0.558217,176.432449,140.569122,-768.043945,0,0
81.680000,0.362639,1.166045,1.207337,0.027611,0.989810,-0.139694,-0.368065,0.139996,0.919200,0.929390,0.026037,0.368180,0.360359,0.431337,0.547853,0.619634,0.304221,1.195616,0.304719,0.119812,0.315746,-0.366363,0.139694,-0.919200,-0.368180,0.000000,0.000000,0.000000,-1,0.259506,-0.603455,-0.734543,0.303948,1.093549,0.309766,178.009308,142.140701,-769.546997,0,0
81.720000,0.379036,1.173654,1.228566,-0.009669,0.989658,-0.143120,-0.364354,0.129801,0.922170,0.931210,0.061063,0.359331,0.353977,0.441627,0.556597,0.608166,-0.220150,1.123020,-0.023181,0.119560,0.189535,0.153734,0.143120,-0.922170,-0.359331,0.000000,0.000000,0.000000,-1,0.423370,-1.170013,-0.157883,-0.220422,1.020953,-0.018134,178.359726,143.188416,-769.880981,0,0
81.760000,0.414026,1.176858,1.217486,-0.031767,0.987496,-0.154413,-0.360120,0.132807,0.923404,0.932365,0.084941,0.351398,0.347861,0.450881,0.559097,0.602586,0.479012,-0.395313,-0.103813,0.279608,-0.106976,0.294391,0.154413,-0.923405,-0.351398,0.000000,0.000000,0.000000,-1,0.306305,-0.948898,-0.359406,0.345543,0.043465,-0.006132,178.885345,142.664566,-769.379944,0,0
81.800000,0.315708,1.198787,1.133609,0.140421,0.983639,-0.112859,-0.329301,0.153898,0.931599,0.933725,-0.093651,0.345524,0.400312,0.408642,0.512641,0.640282,0.699865,-3.989711,-0.289999,0.393900,0.010685,0.969303,0.112859,-0.931599,-0.345524,0.000000,0.000000,0.000000,-1,0.506760,-0.920914,0.623779,0.699601,-4.091773,-0.284958,178.359726,143.886902,-768.878967,0,0
81.840000,0.415354,1.257296,1.008654,0.162903,0.978763,-0.124440,-0.260933,0.164372,0.951260,0.951513,-0.122492,0.282168,0.423191,0.424058,0.488593,0.634319,2.307919,1.604814,-0.447854,0.498760,0.155118,0.449771,0.124440,-0.951260,-0.282168,0.000000,0.000000,0.000000,-1,0.623199,-0.796143,0.167603,2.191681,1.423225,-0.449685,174.154770,139.346771,-769.546997,0,0
81.880000,0.575085,1.324727,0.875989,0.132022,0.982352,-0.132492,-0.187123,0.155958,0.969877,0.973424,-0.103253,0.204411,0.439219,0.452638,0.478652,0.610817,2.575730,0.241553,0.369091,-0.220658,-0.050600,0.760411,0.132492,-0.969877,-0.204411,0.000000,0.000000,0.000000,-1,-0.128113,-1.049194,0.496918,2.637056,0.627011,0.254245,175.556427,139.696014,-766.540894,0,0
81.920000,0.639561,1.386674,0.689486,0.245819,0.963137,-0.109272,-0.116467,0.141262,0.983097,0.962293,-0.228937,0.146898,0.489300,0.432592,0.435837,0.619270,1.281238,-3.424860,-0.455323,-0.397740,-0.336208,0.032244,0.109272,-0.983097,-0.146898,0.000000,0.000000,0.000000,-1,-0.288467,-1.319305,-0.114655,1.280974,-3.526919,-0.450281,176.432449,140.569122,-762.365845,0,0
81.960000,0.798519,1.417233,0.463868,0.307315,0.945279,-0.109569,-0.068436,0.136797,0.988232,0.949144,-0.296200,0.106731,0.515700,0.425074,0.407007,0.622664,1.857834,-1.145741,0.020537,-0.185176,-0.153217,0.155345,0.109569,-0.988232,-0.106731,0.000000,0.000000,0.000000,-1,-0.008606,-1.070312,0.098984,1.857570,-0.742836,0.226302,172.928329,138.124435,-759.359802,0,0
82.000000,1.332398,1.471471,-0.081779,0.314344,0.944406,-0.096358,0.008100,0.098831,0.995071,0.949275,-0.313575,0.023417,0.545916,0.436197,0.390590,0.599289,1.615171,0.365337,0.207861,-0.081877,0.230255,0.217692,0.096358,-0.995071,-0.023417,0.000000,0.000000,0.000000,-1,0.044128,-0.663971,0.152924,1.739456,0.156296,0.276900,173.103546,139.346771,-757.522766,0,0
82.040000,1.759064,1.468185,-0.476840,0.282213,0.954060,-0.100621,0.047013,0.091005,0.994740,0.958199,-0.285459,-0.019171,0.550086,0.454962,0.389747,0.581818,0.423683,1.183256,-0.153935,-0.034596,0.142766,-0.108038,0.100621,-0.994740,0.019171,0.000000,0.000000,0.000000,-1,0.071609,-0.905594,-0.189087,0.423419,1.081199,-0.148894,173.103546,136.902100,-754.516724,0,0
82.080000,1.964404,1.458148,-0.723026,0.235378,0.966993,-0.099246,0.079408,0.082685,0.993407,0.968824,-0.241012,-0.057382,0.549858,0.475760,0.395365,0.561245,1.056312,0.149893,0.068200,0.035703,0.020598,-0.420572,0.099246,-0.993407,0.057382,0.000000,0.000000,0.000000,-1,0.134949,-0.972809,-0.363190,1.004202,0.425255,0.062536,172.402710,137.949814,-755.518738,0,0
82.120000,2.305993,1.438962,-1.007471,0.263481,0.959725,-0.097498,0.111141,0.070196,0.991322,0.958241,-0.272031,-0.088170,0.566007,0.472992,0.380182,0.558011,1.175506,-1.527221,0.160617,-0.028376,0.019856,-0.232136,0.097498,-0.991322,0.088170,0.000000,0.000000,0.000000,-1,0.004944,-0.917679,0.127792,1.154094,-1.512643,0.172811,173.979568,136.727478,-752.679688,0,0
82.160000,2.513263,1.395286,-1.266530,0.309805,0.945244,-0.102635,0.166590,0.052312,0.984637,0.936092,-0.322144,-0.141262,0.591345,0.470045,0.352356,0.552462,1.402902,-0.401670,-0.103325,-0.157079,0.094058,0.095417,0.102635,-0.984637,0.141262,0.000000,0.000000,0.000000,-1,-0.036270,-0.879623,0.178345,1.402638,-0.503725,-0.098284,172.227509,136.378235,-750.341675,0,0
82.200000,2.620646,1.360038,-1.369809,0.303736,0.947050,-0.104120,0.204990,0.041764,0.977872,0.930442,-0.318359,-0.181451,0.600713,0.479447,0.343893,0.539456,1.238735,0.466622,-0.115008,-0.049722,0.108534,-0.310433,0.104120,-0.977873,0.181451,0.000000,0.000000,0.000000,-1,0.106049,-0.895767,-0.256165,1.238470,0.364568,-0.109967,174.855606,137.600571,-747.836670,0,0
82.240000,2.639249,1.320360,-1.410316,0.320416,0.939731,-0.119324,0.244643,0.039601,0.968804,0.915141,-0.339612,-0.217209,0.611969,0.483837,0.325105,0.534511,0.623912,-1.356938,-0.105320,-0.106369,0.005303,-0.190446,0.119324,-0.968804,0.217209,0.000000,0.000000,0.000000,-1,-0.006760,-0.990280,0.085663,0.686253,-1.300057,-0.165509,174.329987,136.028992,-745.665649,0,0
82.280000,2.619050,1.306197,-1.462981,0.385672,0.913357,-0.130522,0.260004,0.028141,0.965197,0.885243,-0.406186,-0.226623,0.629316,0.466126,0.299818,0.544791,0.362276,-1.527198,0.187664,-0.084380,-0.088239,-0.165314,0.130522,-0.965197,0.226623,0.000000,0.000000,0.000000,-1,0.041763,-1.057663,0.112793,0.362012,-1.629250,0.192705,173.804367,136.902100,-745.498596,0,0
82.320000,2.613371,1.292943,-1.520293,0.440449,0.887070,-0.138242,0.273942,0.013847,0.961647,0.854962,-0.461427,-0.236907,0.644886,0.450085,0.277848,0.551677,0.571865,-1.125442,0.143119,-0.019041,-0.228402,-0.088775,0.138242,-0.961647,0.236907,0.000000,0.000000,0.000000,-1,0.119202,-1.190048,0.148132,0.520437,-1.329295,0.134291,172.577927,137.425964,-743.327576,0,0
82.360000,2.624506,1.279714,-1.551137,0.456375,0.878404,-0.141873,0.286934,0.005642,0.957934,0.842253,-0.477885,-0.249469,0.651959,0.446860,0.268568,0.550579,0.308936,-0.356100,-0.101046,0.096408,-0.454725,-0.280719,0.141873,-0.957934,0.249469,0.000000,0.000000,0.000000,-1,0.164032,-1.446381,-0.044037,0.445960,-0.510027,-0.048353,173.629166,135.330521,-743.995605,0,0
82.400000,2.592590,1.305803,-1.498559,0.440739,0.887170,-0.136670,0.261220,0.018903,0.965094,0.858786,-0.461056,-0.223415,0.641337,0.447655,0.281488,0.555929,-1.543602,1.311725,-0.005185,-0.258725,-0.416345,-0.346721,0.136670,-0.965094,0.223415,0.000000,0.000000,0.000000,-1,-0.122055,-1.381439,-0.123306,-1.543866,1.209676,-0.000144,173.103546,135.155899,-743.828613,0,1
82.440000,2.363631,1.375037,-1.147308,0.334876,0.932321,-0.136514,0.177328,0.079933,0.980900,0.925426,-0.352688,-0.138559,0.590233,0.470004,0.334153,0.564856,-2.861972,3.462197,-0.454566,-0.005639,-0.030590,-0.122553,0.136514,-0.980900,0.138559,0.000000,0.000000,0.000000,-1,0.184235,-0.899002,-0.034897,-2.694524,3.197881,-0.487872,173.103546,135.854370,-745.832642,0,0
82.480000,1.922271,1.417650,-0.618960,0.257932,0.955489,-0.143223,0.088507,0.124248,0.988296,0.962101,-0.267589,-0.052520,0.544565,0.479280,0.375932,0.576554,-3.113054,1.807219,-0.443267,0.010433,0.080749,-0.204574,0.143223,-0.988296,0.052520,0.000000,0.000000,0.000000,-1,0.052246,-0.997070,0.027390,-3.207835,2.102667,-0.492163,173.629166,136.028992,-751.677734,0,0
82.520000,1.130592,1.397460,0.177891,0.261714,0.952450,-0.156027,-0.030519,0.169748,0.985015,0.964663,-0.253030,0.073493,0.504597,0.456766,0.400634,0.613383,-2.679839,-1.349128,-0.511448,-0.013281,-0.279206,0.135322,0.156027,-0.985015,-0.073494,0.000000,0.000000,0.000000,-1,0.242737,-1.315735,0.050354,-2.680101,-1.451175,-0.506406,174.154770,136.902100,-756.854797,0,0
82.560000,0.728365,1.317739,0.486881,0.358025,0.918719,-0.166655,-0.117138,0.221271,0.968152,0.926335,-0.327101,0.186838,0.487318,0.411220,0.389725,0.664480,-1.641779,-2.242435,-0.222080,0.205629,-0.330692,0.363275,0.166655,-0.968152,-0.186838,0.000000,0.000000,0.000000,-1,0.421356,-1.281052,0.242859,-1.814538,-2.372145,-0.280963,174.329987,138.124435,-763.033875,0,0
82.600000,0.669337,1.300050,0.529664,0.374709,0.912171,-0.165944,-0.135128,0.230804,0.963572,0.917242,-0.338636,0.209744,0.483260,0.401980,0.388661,0.673657,-0.071529,1.997746,0.023361,0.254924,-0.215460,0.870556,0.165944,-0.963572,-0.209744,0.000000,0.000000,0.000000,-1,0.306702,-0.957825,0.462967,-0.171508,0.838657,0.021507,173.804367,138.997543,-764.870911,0,0
82.640000,0.628586,1.240802,0.726008,0.235585,0.952993,-0.190535,-0.215125,0.242325,0.946044,0.947745,-0.181885,0.262101,0.427539,0.431462,0.442773,0.659547,-3.163908,1.227744,0.572569,-0.128019,-0.134538,0.216477,0.190535,-0.946044,-0.262101,0.000000,0.000000,0.000000,-1,-0.119904,-1.099838,-0.095001,-3.164171,1.125700,0.577610,172.227509,139.172165,-767.041931,0,0
82.680000,0.466070,1.167358,0.928163,0.204528,0.962832,-0.176418,-0.314270,0.235277,0.919717,0.927040,-0.132664,0.350710,0.393237,0.412322,0.477207,0.669051,-1.387475,0.866932,0.326982,-0.219128,0.145059,0.381975,0.176418,-0.919717,-0.350710,0.000000,0.000000,0.000000,-1,-0.042709,-0.774658,0.031265,-1.517402,0.773383,0.341923,175.381226,140.918365,-771.049988,0,0
82.720000,0.439924,1.140376,0.987741,0.175069,0.968388,-0.177696,-0.348316,0.229730,0.908791,0.920884,-0.097207,0.377523,0.376768,0.411442,0.493134,0.667518,-1.054381,0.916880,0.401800,0.066964,0.363213,0.538900,0.177696,-0.908791,-0.377523,0.000000,0.000000,0.000000,-1,0.371841,-0.441025,0.142288,-1.092015,0.844448,0.358188,174.855606,143.188416,-773.221008,0,0
82.760000,0.407801,1.125793,1.051279,0.145013,0.974591,-0.170717,-0.373665,0.213707,0.902609,0.916158,-0.067099,0.395161,0.366110,0.410345,0.509029,0.662171,0.001512,0.074985,0.333330,0.126555,0.607901,0.381718,0.170717,-0.902609,-0.395161,0.000000,0.000000,0.000000,-1,0.283356,-0.332077,-0.053589,0.001250,-0.027057,0.338371,175.556427,145.982346,-774.223022,0,0
82.800000,0.372124,1.158499,1.063559,0.161334,0.976086,-0.145698,-0.350261,0.194653,0.916203,0.922653,-0.096783,0.373289,0.385160,0.406211,0.504307,0.657510,1.067355,-0.821870,0.379884,0.145363,0.612507,0.241438,0.145698,-0.916203,-0.373289,0.000000,0.000000,0.000000,-1,0.290634,-0.313324,-0.176102,0.948004,-0.910140,0.376597,174.505188,146.331573,-775.559082,0,0
82.840000,0.362053,1.201038,1.055039,0.173924,0.976405,-0.128002,-0.314380,0.178235,0.932415,0.933229,-0.121928,0.337961,0.405502,0.408151,0.496438,0.650023,1.505741,-0.350071,0.378241,0.109592,0.528042,0.151423,0.128002,-0.932415,-0.337961,0.000000,0.000000,0.000000,-1,0.203064,-0.561035,-0.207642,1.465091,-0.576115,0.409811,173.278748,143.363037,-774.390015,0,1
82.880000,0.404889,1.259426,1.023476,0.158125,0.980017,-0.120682,-0.261611,0.159432,0.951915,0.952132,-0.118950,0.281593,0.423409,0.424180,0.490927,0.632287,0.733531,0.493871,0.396772,0.114624,-0.211461,-0.201119,0.120682,-0.951915,-0.281593,0.000000,0.000000,0.000000,-1,0.223770,-1.524460,-0.664291,0.733277,0.391834,0.401808,172.753128,143.188416,-773.221008,0,0
82.920000,0.267896,1.220730,1.187939,0.129600,0.987402,-0.090782,-0.318130,0.128120,0.939350,0.939147,-0.092859,0.330726,0.409498,0.408593,0.517930,0.630168,-2.080950,1.271470,0.737017,-0.167885,-1.237057,-1.260323,0.090783,-0.939350,-0.330726,0.000000,0.000000,0.000000,-1,-0.263229,-1.657623,-1.470352,-2.158644,0.837757,0.856094,171.526688,145.109238,-773.388000,0,0
82.960000,0.265828,1.196477,1.229763,0.092278,0.991089,-0.096056,-0.344582,0.122292,0.930757,0.934210,-0.052790,0.352796,0.392807,0.411466,0.533438,0.625973,-0.209270,1.328713,0.005565,-0.373171,0.127534,-0.886217,0.096056,-0.930757,-0.352796,0.000000,0.000000,0.000000,-1,0.038528,-0.551971,-0.547653,-0.355964,1.058265,0.119347,171.526688,145.109238,-773.388000,0,0
83.000000,0.347309,1.178824,1.208489,0.039137,0.990738,-0.130025,-0.357212,0.135397,0.924158,0.933203,0.010278,0.359202,0.368964,0.429261,0.544212,0.619221,-0.370380,1.351373,-0.434204,0.448772,-0.237250,0.409572,0.130025,-0.924158,-0.359202,0.000000,0.000000,0.000000,-1,0.578796,-1.161407,0.050369,-0.370635,1.249339,-0.429168,173.629166,145.458481,-775.726074,0,0
83.040000,0.369729,1.189895,1.165486,0.059375,0.989155,-0.134339,-0.341638,0.146586,0.928330,0.937954,-0.009224,0.346636,0.376216,0.430283,0.534012,0.623016,1.026812,-4.342242,-0.634524,0.047408,0.049881,-0.116193,0.134339,-0.928330,-0.346636,0.000000,0.000000,0.000000,-1,0.181747,-0.878448,-0.462830,0.873241,-2.860047,-0.446670,172.928329,146.855438,-776.060059,0,0
83.080000,0.284552,1.198785,1.059099,0.241940,0.964911,-0.102042,-0.316932,0.177986,0.931598,0.917071,-0.193051,0.348873,0.422812,0.383136,0.481909,0.664981,0.375277,-5.244354,-1.247674,0.511606,0.020694,1.177181,0.102042,-0.931598,-0.348873,0.000000,0.000000,0.000000,-1,0.728745,-0.881989,0.636414,0.421356,-6.078945,-1.211122,172.928329,146.855438,-776.060059,0,0
83.120000,0.486715,1.248664,0.886377,0.215059,0.965310,-0.148077,-0.245289,0.200155,0.948563,0.945295,-0.167675,0.279825,0.428684,0.419902,0.464922,0.650968,2.817381,2.792799,-0.069505,0.102579,0.004105,0.418314,0.148077,-0.948563,-0.279825,0.000000,0.000000,0.000000,-1,0.250656,-0.944458,0.138489,2.817126,2.690767,-0.064469,170.475449,144.759995,-772.385986,0,0
83.160000,0.657332,1.356055,0.718631,0.202842,0.970517,-0.130202,-0.140292,0.160398,0.977032,0.969110,-0.179916,0.168691,0.467374,0.444090,0.448735,0.618856,1.256220,-2.966599,0.435349,-0.561828,-0.311878,0.225057,0.130202,-0.977032,-0.168691,0.000000,0.000000,0.000000,-1,-0.431625,-1.288910,0.056366,1.569673,-2.252060,0.574717,169.249008,141.791458,-768.878967,0,0
83.200000,0.655373,1.380533,0.605485,0.311259,0.943310,-0.115259,-0.107639,0.155498,0.981954,0.944210,-0.293236,0.149936,0.501454,0.416624,0.413273,0.635746,1.300785,-3.440619,-0.340581,-0.464975,-0.273966,0.072681,0.115259,-0.981954,-0.149937,0.000000,0.000000,0.000000,-1,-0.279984,-1.144409,-0.036026,1.183396,-3.856451,-0.320073,169.249008,141.791458,-768.878967,0,0
83.240000,0.915359,1.444571,0.285087,0.363716,0.926148,-0.099804,-0.035405,0.120809,0.992044,0.930837,-0.357289,0.076731,0.539948,0.412420,0.384775,0.624751,2.056057,0.088983,0.461674,-0.050075,0.127039,0.245691,0.099804,-0.992044,-0.076731,0.000000,0.000000,0.000000,-1,0.061813,-0.805099,0.192596,2.055802,-0.013048,0.466710,165.219269,140.918365,-762.699829,0,0
83.280000,1.487463,1.481472,-0.257688,0.333437,0.938572,-0.088896,0.022734,0.086260,0.996013,0.942498,-0.334128,0.007425,0.556721,0.431682,0.383317,0.597311,0.786714,0.913162,0.033693,0.069231,0.279903,0.200266,0.088896,-0.996013,-0.007425,0.000000,0.000000,0.000000,-1,0.190567,-0.747864,0.153366,0.950382,0.775177,0.097717,165.044067,140.743744,-761.196838,0,0
83.320000,1.695035,1.479265,-0.429462,0.298776,0.950003,-0.090699,0.038059,0.083103,0.995814,0.953564,-0.300977,-0.011327,0.553850,0.445997,0.389485,0.585353,0.497760,1.516324,-0.028604,0.121704,0.175364,-0.011052,0.090699,-0.995814,0.011327,0.000000,0.000000,0.000000,-1,0.208008,-0.882767,-0.098404,0.460030,1.289122,-0.068329,163.817627,139.870636,-761.363831,0,0
83.360000,2.219670,1.465410,-0.886043,0.231528,0.969211,-0.083812,0.081478,0.066531,0.994452,0.969410,-0.237072,-0.063566,0.554203,0.473965,0.399492,0.555539,1.357084,0.944110,0.162359,0.088871,-0.029687,-0.356077,0.083812,-0.994452,0.063566,0.000000,0.000000,0.000000,-1,0.126465,-0.999954,-0.216553,1.356829,0.842082,0.167395,164.693649,138.997543,-760.528809,0,0
83.400000,2.552899,1.426944,-1.238342,0.248023,0.965478,-0.079602,0.135507,0.046786,0.989671,0.959230,-0.256247,-0.119225,0.574557,0.479059,0.382742,0.542122,1.282918,-1.132955,0.090644,-0.085691,0.109102,-0.025200,0.079602,-0.989671,0.119225,0.000000,0.000000,0.000000,-1,-0.006088,-0.880569,0.094025,1.267954,-1.109845,0.116552,164.868866,138.473679,-759.025818,0,0
83.440000,2.638755,1.392153,-1.362566,0.282861,0.955331,-0.085633,0.173856,0.036735,0.984086,0.943273,-0.293247,-0.155699,0.591994,0.476858,0.362183,0.539420,1.360873,-1.119463,-0.103872,-0.152757,0.196534,0.043306,0.085633,-0.984086,0.155699,0.000000,0.000000,0.000000,-1,-0.010223,-0.882523,0.054321,1.357399,-1.309472,-0.088830,163.116806,138.822922,-757.355774,0,0
83.480000,2.704914,1.340984,-1.465909,0.314679,0.944296,-0.096342,0.226543,0.023849,0.973709,0.921767,-0.328232,-0.206419,0.611811,0.478432,0.337288,0.532003,1.049406,-0.819505,-0.153915,-0.012205,-0.069977,-0.302274,0.096342,-0.973709,0.206419,0.000000,0.000000,0.000000,-1,0.050079,-1.059204,-0.021835,1.049151,-0.921530,-0.148879,161.014328,138.822922,-753.347717,0,0
83.520000,2.693463,1.304159,-1.522016,0.373526,0.920567,-0.114165,0.263176,0.012848,0.964662,0.889504,-0.390372,-0.237472,0.632090,0.468186,0.306657,0.535934,0.637861,-2.080814,0.079694,-0.124831,-0.056914,-0.142303,0.114165,-0.964662,0.237472,0.000000,0.000000,0.000000,-1,-0.008957,-0.989258,0.073471,0.730068,-2.027047,0.043650,162.766388,138.822922,-752.345703,0,0
83.560000,2.662609,1.297823,-1.561488,0.435533,0.891556,-0.124251,0.269584,0.002509,0.962974,0.858857,-0.452903,-0.239256,0.646583,0.448952,0.284034,0.547446,0.190072,-2.236276,0.343815,-0.139250,-0.030389,-0.194197,0.124251,-0.962974,0.239256,0.000000,0.000000,0.000000,-1,-0.051315,-1.179779,0.126450,0.239552,-2.407285,0.300747,161.890350,137.949814,-750.842712,0,0
83.600000,2.644013,1.289128,-1.623082,0.503789,0.853578,-0.132670,0.277579,-0.014527,0.960593,0.818014,-0.520762,-0.244253,0.663809,0.426010,0.258111,0.557900,0.716000,-1.000580,-0.001566,-0.137095,-0.349816,-0.070364,0.132670,-0.960593,0.244253,0.000000,0.000000,0.000000,-1,0.054916,-1.333344,0.090485,0.715745,-1.102603,0.003470,160.488708,140.394501,-749.506653,0,0
83.640000,2.675282,1.281198,-1.631422,0.484200,0.865486,-0.128389,0.285042,-0.017302,0.958359,0.827225,-0.500634,-0.255078,0.662680,0.434044,0.263640,0.550413,-0.568096,1.499120,-0.172080,-0.083940,-0.444672,-0.341641,0.128389,-0.958359,0.255078,0.000000,0.000000,0.000000,-1,-0.008636,-1.408188,-0.180710,-0.364200,1.228588,-0.127049,159.787888,140.045258,-751.176697,0,0
83.680000,2.641246,1.311806,-1.541696,0.438004,0.890538,-0.122861,0.255997,0.007452,0.966649,0.861753,-0.454849,-0.224711,0.643285,0.445578,0.287156,0.552437,-1.786772,1.699308,-0.286134,-0.140897,-0.329921,-0.541254,0.122861,-0.966649,0.224711,0.000000,0.000000,0.000000,-1,0.056412,-1.096222,-0.164825,-1.590186,1.677903,-0.257039,161.715149,139.172165,-752.011719,0,1
83.720000,2.345065,1.391712,-1.176021,0.380477,0.915980,-0.127350,0.164428,0.068508,0.984007,0.910055,-0.395332,-0.124547,0.599274,0.450716,0.326523,0.575421,-2.932984,1.346304,-0.242123,0.006195,0.103560,-0.194844,0.127350,-0.984007,0.124547,0.000000,0.000000,0.000000,-1,0.107178,-0.908569,0.001190,-2.933239,1.244284,-0.237087,161.539948,141.791458,-755.184753,0,0
83.760000,1.495480,1.443742,-0.286072,0.351305,0.927696,-0.126354,0.035757,0.121564,0.991939,0.935578,-0.352992,0.009535,0.552315,0.436097,0.366287,0.608770,-3.158141,-0.266751,0.151642,-0.085186,-0.027500,0.135023,0.126354,-0.991939,-0.009535,0.000000,0.000000,0.000000,-1,0.089249,-1.162155,0.111481,-3.162577,-0.070914,0.114957,160.663910,143.363037,-762.031860,0,0
83.800000,0.897590,1.408593,0.282646,0.383569,0.914841,-0.126259,-0.055460,0.162560,0.985139,0.918072,-0.379573,0.114318,0.528119,0.404885,0.373912,0.646025,-2.521148,-1.914383,-0.601050,0.252760,-0.511245,0.248626,0.128191,-0.985139,-0.114318,0.000000,0.000000,0.000000,-1,0.380951,-1.496384,0.134308,-2.521397,-2.016399,-0.596021,161.014328,144.759995,-764.703857,0,0
83.840000,0.639755,1.332422,0.482674,0.441330,0.886203,-0.140965,-0.109596,0.209148,0.971723,0.890627,-0.413402,0.189428,0.510577,0.380260,0.367066,0.678216,-0.792997,-0.163439,-0.264209,0.316890,-0.303088,0.639165,0.140965,-0.971723,-0.189428,0.000000,0.000000,0.000000,-1,0.437210,-1.156204,0.464752,-0.793245,-0.265455,-0.259179,160.138290,147.379303,-765.872925,0,0
83.880000,0.631769,1.295623,0.577457,0.365873,0.916727,-0.160467,-0.148327,0.227656,0.962378,0.918769,-0.328306,0.219269,0.479309,0.400785,0.395519,0.673201,-2.062243,3.019664,-0.017802,0.174662,0.013632,0.383331,0.160467,-0.962378,-0.219269,0.000000,0.000000,0.000000,-1,0.285629,-0.983795,0.093063,-1.766961,2.969575,-0.032221,159.787888,148.776260,-766.206909,0,0
83.920000,0.518653,1.222854,0.758640,0.309743,0.935677,-0.169019,-0.234561,0.247462,0.940076,0.921434,-0.251536,0.296123,0.437652,0.400499,0.429802,0.680685,-2.642221,0.921923,0.267178,-0.048643,0.087644,0.428493,0.169020,-0.940076,-0.296123,0.000000,0.000000,0.000000,-1,0.120377,-0.852432,0.132370,-2.404408,0.829415,0.246139,162.415970,152.792526,-770.047974,0,0
83.960000,0.441689,1.154072,0.885744,0.269297,0.947387,-0.173025,-0.313446,0.256102,0.914420,0.910621,-0.192017,0.365922,0.402267,0.393980,0.458400,0.687627,-1.678786,0.937915,0.316055,0.030375,0.227454,0.339036,0.173025,-0.914420,-0.365922,0.000000,0.000000,0.000000,-1,0.239517,-0.615295,-0.029510,-1.679035,0.835901,0.321085,162.591187,153.316376,-771.216980,0,0
84.000000,0.404379,1.109021,0.967682,0.231369,0.956943,-0.175296,-0.366934,0.252714,0.895263,0.901015,-0.142814,0.409605,0.377177,0.391069,0.481020,0.688057,-0.814699,0.745979,0.281868,0.051907,0.416137,0.387556,0.175296,-0.895263,-0.409605,0.000000,0.000000,0.000000,-1,0.230942,-0.441788,-0.041916,-0.932961,0.684239,0.278443,163.992828,155.062576,-772.552979,0,0
84.040000,0.389300,1.103223,0.996310,0.218329,0.960765,-0.171067,-0.378141,0.243181,0.893237,0.899533,-0.131472,0.416600,0.373820,0.389819,0.488537,0.685297,0.134198,-0.237788,0.344991,0.060733,0.462863,0.237080,0.169034,-0.893237,-0.416600,0.000000,0.000000,0.000000,-1,0.229767,-0.430374,-0.179520,0.133950,-0.339800,0.350020,162.415970,158.031128,-773.722046,0,0
84.080000,0.347167,1.131504,1.012038,0.237407,0.960572,-0.144702,-0.360617,0.225465,0.905053,0.901994,-0.162684,0.399926,0.391157,0.383449,0.484008,0.682422,0.902555,-0.832500,0.381755,0.107190,0.474602,0.220696,0.144702,-0.905053,-0.399926,0.000000,0.000000,0.000000,-1,0.255447,-0.448090,-0.197281,0.902307,-0.934511,0.386784,163.642410,156.459549,-773.221008,0,1
84.120000,0.329992,1.187836,0.995944,0.262120,0.957409,-0.121082,-0.313610,0.203167,0.927562,0.912657,-0.205160,0.353507,0.419954,0.383256,0.471227,0.674313,1.429254,-0.616530,0.167550,0.124249,0.435405,0.061484,0.121082,-0.927562,-0.353507,0.000000,0.000000,0.000000,-1,0.260941,-0.520462,-0.319183,1.406867,-0.751322,0.229348,160.488708,156.110306,-772.552979,0,0
84.160000,0.382354,1.238629,0.936214,0.265987,0.956268,-0.121667,-0.262608,0.193321,0.945338,0.927517,-0.219497,0.302545,0.438783,0.395218,0.459140,0.663674,0.800798,0.380763,-0.068297,0.179969,-0.191915,-0.199958,0.121667,-0.945338,-0.302545,0.000000,0.000000,0.000000,-1,0.301636,-1.137253,-0.502502,0.800550,0.278754,-0.063268,160.138290,155.761063,-770.882996,0,0
84.200000,0.378607,1.240301,0.967356,0.239415,0.963480,-0.119948,-0.267199,0.184153,0.945882,0.933427,-0.194408,0.301530,0.434088,0.401002,0.468498,0.656715,-0.774904,0.990357,0.636673,-0.017546,-0.920039,-0.786590,0.119948,-0.945882,-0.301530,0.000000,0.000000,0.000000,-1,-0.047256,-1.841934,-1.361160,-0.775152,0.888348,0.641701,161.014328,155.586441,-768.711914,0,0
84.240000,0.297838,1.204874,1.074477,0.214266,0.971115,-0.105001,-0.314638,0.170387,0.933794,0.924712,-0.167043,0.342058,0.418874,0.391811,0.489235,0.657022,-0.445629,0.436127,0.101558,-0.245183,-0.034697,-0.770262,0.105001,-0.933794,-0.342058,0.000000,0.000000,0.000000,-1,-0.012421,-0.878265,-0.791046,-0.639169,0.136000,0.202155,158.211029,155.935684,-770.381958,0,0
84.280000,0.322896,1.192355,1.082275,0.184696,0.975778,-0.117239,-0.326254,0.173401,0.929242,0.927063,-0.133377,0.350378,0.406484,0.399477,0.498067,0.653543,-0.694223,1.055171,0.024917,0.412653,0.188931,0.184698,0.117239,-0.929242,-0.350378,0.000000,0.000000,0.000000,-1,0.529892,-0.740311,-0.165680,-0.694471,0.953164,0.029946,159.437469,157.856506,-768.210938,0,0
84.320000,0.371643,1.172095,1.075779,0.148126,0.978868,-0.140981,-0.341620,0.184423,0.921566,0.928092,-0.088346,0.361719,0.387938,0.410664,0.507240,0.650820,0.176422,1.046241,-0.282480,0.385340,-0.164539,0.308923,0.140981,-0.921566,-0.361719,0.000000,0.000000,0.000000,-1,0.404312,-1.005219,-0.079376,0.176173,0.944235,-0.277451,161.189529,157.856506,-770.214966,0,0
84.360000,0.378177,1.202472,1.012118,0.200520,0.970628,-0.132941,-0.305309,0.190852,0.932932,0.930902,-0.146484,0.334611,0.410809,0.404883,0.485602,0.656883,1.081374,-4.553048,-0.499074,0.115334,-0.264791,0.257570,0.132941,-0.932932,-0.334611,0.000000,0.000000,0.000000,-1,0.248276,-1.197723,-0.077042,1.216280,-3.720815,-0.367851,162.065567,158.031128,-769.045959,0,0
84.400000,0.274499,1.240348,0.930145,0.369783,0.924946,-0.087952,-0.260127,0.193939,0.945897,0.891961,-0.326898,0.312319,0.464630,0.357714,0.432608,0.684843,1.471790,-1.636991,-0.186786,0.559586,0.262746,0.511828,0.087952,-0.945897,-0.312319,0.000000,0.000000,0.000000,-1,0.647537,-0.683151,0.199509,1.471542,-1.738996,-0.181757,157.335007,156.110306,-765.872925,0,0
84.440000,0.366396,1.297706,0.841435,0.364946,0.926001,-0.096624,-0.201095,0.179732,0.962942,0.909052,-0.331992,0.251807,0.483065,0.375160,0.420455,0.670165,2.471994,1.229705,-0.274571,0.066859,0.096960,0.682166,0.096624,-0.962942,-0.251807,0.000000,0.000000,0.000000,-1,-0.005859,-1.036377,0.519592,2.471746,1.127701,-0.269542,155.407730,155.237198,-762.031860,0,0
84.480000,0.531244,1.394921,0.668646,0.367305,0.925867,-0.088641,-0.108468,0.137293,0.984574,0.923754,-0.352024,0.150856,0.519412,0.393425,0.401951,0.643322,1.388456,-2.300854,0.407492,-0.556338,-0.301834,-0.099816,0.088641,-0.984574,-0.150856,0.000000,0.000000,0.000000,-1,-0.467697,-1.286407,-0.250671,1.653642,-1.767700,0.469488,156.809387,153.840240,-758.691772,0,0
84.520000,0.554879,1.421419,0.544147,0.457501,0.885746,-0.078406,-0.077044,0.127328,0.988864,0.879389,-0.460335,0.121520,0.552942,0.365369,0.362056,0.655496,1.244494,-2.992291,-0.415373,-0.121009,-0.051651,0.087493,0.078605,-0.989472,-0.121520,0.000000,0.000000,0.000000,-1,-0.042404,-1.041122,-0.034027,1.244246,-3.094293,-0.410344,156.283768,152.268661,-756.854797,0,0
84.560000,0.934712,1.469182,0.099705,0.511440,0.855436,-0.081601,-0.010097,0.100936,0.994842,0.859260,-0.507978,0.060260,0.581000,0.363743,0.334621,0.646652,1.716966,-0.156708,-0.035547,0.070026,-0.059327,0.187198,0.081601,-0.994842,-0.060260,0.000000,0.000000,0.000000,-1,0.100876,-0.975906,0.170181,1.716718,-0.258709,-0.030519,155.758148,153.490997,-752.011719,0,0
84.600000,1.587960,1.489483,-0.538627,0.496455,0.864255,-0.081212,0.041664,0.069724,0.996696,0.867062,-0.498198,-0.001394,0.597521,0.379033,0.328796,0.625457,0.942195,0.656324,-0.126412,-0.037480,0.244972,0.116709,0.081212,-0.996696,0.001394,0.000000,0.000000,0.000000,-1,0.043732,-0.751724,0.118103,1.044264,0.491893,-0.041387,154.006088,152.094040,-750.341675,0,0
84.640000,1.912319,1.474119,-0.825433,0.462011,0.882198,-0.090952,0.070932,0.065469,0.995330,0.884033,-0.466305,-0.032329,0.597677,0.398681,0.331735,0.611382,0.559691,0.911845,-0.114839,-0.025095,0.013977,-0.208675,0.090952,-0.995330,0.032329,0.000000,0.000000,0.000000,-1,0.065857,-0.981354,-0.176346,0.559443,0.809846,-0.109811,155.933350,151.570175,-749.506653,0,0
84.680000,2.163358,1.462513,-1.059069,0.445533,0.890766,-0.089647,0.094228,0.052921,0.994143,0.890293,-0.451371,-0.060357,0.602696,0.408578,0.332110,0.599604,1.141630,0.367226,0.098203,-0.021593,0.024218,-0.144753,0.089647,-0.994143,0.060357,0.000000,0.000000,0.000000,-1,0.057007,-0.949478,0.015854,1.141382,0.265227,0.103232,156.458969,152.094040,-749.673706,0,0
84.720000,2.517942,1.421771,-1.405419,0.436015,0.895752,-0.086709,0.146448,0.024442,0.988916,0.887943,-0.443881,-0.120524,0.618890,0.420996,0.323658,0.578778,1.299306,0.213249,-0.066652,-0.109765,0.138193,0.028341,0.086709,-0.988916,0.120524,0.000000,0.000000,0.000000,-1,-0.023056,-0.850723,0.148865,1.337441,0.162170,-0.043130,155.407730,152.443283,-746.667603,0,0
84.760000,2.723309,1.346525,-1.653020,0.469732,0.878175,-0.090336,0.221645,-0.018266,0.974956,0.854532,-0.477991,-0.203223,0.650235,0.422855,0.293816,0.558624,1.243994,-1.363238,-0.033398,0.045773,-0.032154,-0.335028,0.090336,-0.974956,0.203223,0.000000,0.000000,0.000000,-1,0.108810,-1.011826,-0.075409,1.243746,-1.465234,-0.028370,154.882111,152.268661,-743.828613,0,0
84.800000,2.723309,1.346525,-1.653020,0.469732,0.878175,-0.090336,0.221645,-0.018266,0.974956,0.854532,-0.477991,-0.203223,0.650235,0.422855,0.293816,0.558624,1.243994,-1.363238,-0.033398,0.045773,-0.032154,-0.335028,0.090336,-0.974956,0.203223,0.000000,0.000000,0.000000,-1,0.108810,-1.011826,-0.075409,1.243746,-1.465234,-0.028370,154.882111,152.268661,-743.828613,0,0
84.840000,2.712012,1.307243,-1.704441,0.519663,0.847454,-0.108501,0.258190,-0.034713,0.965470,0.814425,-0.529733,-0.236843,0.669182,0.413058,0.263727,0.558594,0.515787,-1.336724,-0.018041,-0.161312,-0.046187,-0.152325,0.108501,-0.965470,0.236843,0.000000,0.000000,0.000000,-1,-0.052811,-1.011658,0.084518,0.614289,-1.430291,-0.050310,156.283768,152.967148,-740.488525,0,0
84.880000,2.691302,1.300491,-1.734932,0.560898,0.819687,-0.116217,0.263437,-0.043632,0.963689,0.784853,-0.571147,-0.240409,0.679143,0.398710,0.246132,0.564991,0.152811,-1.584491,0.200885,-0.196829,-0.117503,-0.111137,0.116217,-0.963689,0.240409,0.000000,0.000000,0.000000,-1,-0.080612,-1.081192,0.129272,0.152571,-1.686485,0.205909,155.057327,154.538727,-739.319519,0,0
84.920000,2.670666,1.296978,-1.776325,0.609486,0.783246,-0.122688,0.264718,-0.055186,0.962746,0.747296,-0.619257,-0.240975,0.690226,0.379573,0.226233,0.573002,0.422116,-1.186902,0.204632,-0.057899,-0.276741,-0.156410,0.122688,-0.962746,0.240975,0.000000,0.000000,0.000000,-1,0.175369,-1.296692,0.027985,0.421876,-1.288895,0.209656,158.035828,154.364105,-737.816528,0,0
84.960000,2.702353,1.282159,-1.831913,0.627495,0.769154,-0.121046,0.274997,-0.073484,0.958633,0.728441,-0.634825,-0.257626,0.699751,0.373044,0.217004,0.569295,-0.116789,0.026706,-0.010840,-0.063978,-0.408921,-0.305340,0.121046,-0.958633,0.257626,0.000000,0.000000,0.000000,-1,0.057068,-1.367554,-0.047714,0.096712,-0.208811,0.032852,158.561447,153.141754,-735.311462,0,1
85.000000,2.676020,1.321236,-1.764921,0.599232,0.792861,-0.110877,0.242339,-0.047644,0.969021,0.763016,-0.607538,-0.220691,0.683295,0.378753,0.238601,0.576823,-1.667503,1.493746,-0.188647,-0.216346,-0.202289,-0.248263,0.110877,-0.969021,0.220691,0.000000,0.000000,0.000000,-1,-0.105469,-1.171310,-0.027573,-1.667743,1.391754,-0.183623,157.510208,154.189484,-734.977478,0,0
85.040000,2.556948,1.373728,-1.573467,0.543445,0.832460,-0.108060,0.195794,-0.000523,0.980645,0.816292,-0.554084,-0.163275,0.653308,0.393480,0.271018,0.587292,-2.590959,2.908854,-0.360369,0.021808,0.094079,-0.090460,0.108060,-0.980645,0.163275,0.000000,0.000000,0.000000,-1,0.214081,-0.782455,0.047516,-2.591199,2.806864,-0.355345,158.211029,152.443283,-734.977478,0,0
85.080000,1.793952,1.450902,-0.689917,0.445540,0.887631,-0.116642,0.076127,0.092253,0.992821,0.892020,-0.451221,-0.026470,0.587315,0.410239,0.330052,0.614679,-3.232448,1.095859,-0.374902,-0.037388,-0.032402,0.021427,0.116642,-0.992821,0.026470,0.000000,0.000000,0.000000,-1,0.079254,-1.025223,0.047897,-3.333454,1.449711,-0.401671,156.283768,149.823975,-743.160583,0,0
85.120000,0.981164,1.398123,0.147631,0.478569,0.867244,-0.137333,-0.025273,0.169947,0.985129,0.877686,-0.467981,0.103250,0.548947,0.383448,0.337170,0.661771,-2.464830,-2.063226,-0.858415,0.169018,-0.387994,0.109643,0.137333,-0.985129,-0.103250,0.000000,0.000000,0.000000,-1,0.306351,-1.373123,0.006393,-2.465066,-2.165215,-0.853390,156.283768,149.823975,-743.160583,0,0
85.160000,0.688423,1.340665,0.319316,0.539031,0.829725,-0.144920,-0.071606,0.216574,0.973637,0.839236,-0.514444,0.176154,0.535328,0.354044,0.324248,0.694939,-1.874784,-2.088871,-0.291459,0.282876,-0.403027,0.377966,0.144920,-0.973637,-0.176154,0.000000,0.000000,0.000000,-1,0.455399,-1.341156,0.405487,-1.875020,-2.190859,-0.286434,160.138290,146.680817,-746.500610,0,0
85.200000,0.668890,1.291610,0.404166,0.486884,0.856587,-0.170888,-0.108370,0.253371,0.961280,0.866718,-0.449513,0.216190,0.504312,0.370910,0.344940,0.699365,-0.971970,4.456644,-0.455406,0.074352,-0.049249,0.427174,0.170887,-0.961280,-0.216190,0.000000,0.000000,0.000000,-1,0.245239,-1.010529,0.210983,-0.839623,3.961316,-0.453258,161.715149,147.553925,-749.339661,0,0
85.240000,0.548131,1.210553,0.628216,0.403957,0.896146,-0.183687,-0.207167,0.285202,0.935811,0.891011,-0.339974,0.300861,0.452188,0.380915,0.391057,0.705340,-2.708767,0.181213,0.538251,-0.307649,-0.087993,0.405765,0.183687,-0.935811,-0.300861,0.000000,0.000000,0.000000,-1,-0.123962,-1.023804,0.104904,-2.709003,0.079227,0.543277,161.715149,147.553925,-749.339661,0,0
85.280000,0.483922,1.161231,0.726363,0.378308,0.906950,-0.185269,-0.264474,0.297700,0.917294,0.887094,-0.298021,0.352487,0.426650,0.376465,0.411241,0.712126,-1.666579,1.140109,0.130988,-0.130734,0.289593,0.386086,0.185269,-0.917294,-0.352487,0.000000,0.000000,0.000000,-1,0.139206,-0.624268,0.036087,-1.666816,1.038124,0.136014,160.313507,149.649353,-757.689819,0,0
85.320000,0.450567,1.115439,0.812105,0.335475,0.922377,-0.191515,-0.319167,0.302558,0.898104,0.886335,-0.240166,0.395893,0.399069,0.377886,0.435276,0.713079,-1.028983,0.944341,0.371627,0.086897,0.430529,0.491825,0.191515,-0.898104,-0.395893,0.000000,0.000000,0.000000,-1,0.278412,-0.467575,0.095932,-1.102647,0.863526,0.353964,161.014328,149.300125,-756.687744,0,0
85.360000,0.423019,1.106534,0.867513,0.309752,0.932881,-0.183814,-0.341519,0.289580,0.894152,0.887366,-0.214189,0.408294,0.391113,0.377999,0.449712,0.708454,0.174907,-0.122160,0.406783,0.043649,0.505251,0.275741,0.183814,-0.894152,-0.408294,0.000000,0.000000,0.000000,-1,0.227463,-0.388901,-0.132553,0.174671,-0.224143,0.411809,161.014328,149.300125,-756.687744,0,0
85.400000,0.398382,1.127379,0.879406,0.317734,0.933459,-0.166432,-0.330507,0.273553,0.903291,0.888713,-0.232000,0.395432,0.402725,0.374295,0.448371,0.704755,0.850899,-0.639449,0.462299,0.103069,0.518281,0.231522,0.166432,-0.903291,-0.395432,0.000000,0.000000,0.000000,-1,0.291122,-0.413773,-0.169754,0.850662,-0.741432,0.467325,159.963089,150.697083,-758.023804,0,0
85.440000,0.386683,1.184852,0.872639,0.327711,0.934052,-0.141960,-0.288359,0.241974,0.926443,0.899697,-0.262670,0.348640,0.429272,0.376040,0.441292,0.692518,1.361332,-0.123234,0.385202,0.079399,0.294760,-0.002495,0.141960,-0.926443,-0.348640,0.000000,0.000000,0.000000,-1,0.221359,-0.631683,-0.351135,1.349369,-0.326978,0.402517,159.963089,150.697083,-758.023804,0,1
85.480000,0.438666,1.226176,0.847853,0.299189,0.943343,-0.143491,-0.253333,0.223512,0.941204,0.919950,-0.245247,0.305852,0.438698,0.393215,0.442479,0.676120,0.231979,1.040396,0.077537,0.136660,-0.384861,-0.402247,0.143491,-0.941204,-0.305852,0.000000,0.000000,0.000000,-1,0.280151,-1.326065,-0.708099,0.231743,0.938415,0.082563,159.087067,148.077774,-754.850769,0,0
85.520000,0.427844,1.207886,0.890615,0.270678,0.951335,-0.147292,-0.275995,0.223270,0.934868,0.922258,-0.212396,0.322998,0.425561,0.396735,0.455261,0.673971,-1.245545,1.110441,0.141374,-0.062712,-0.678276,-1.040756,0.147292,-0.934868,-0.322998,0.000000,0.000000,0.000000,-1,0.020477,-1.348679,-1.264359,-1.245781,1.008461,0.146399,161.189529,149.125504,-759.192810,0,0
85.560000,0.445531,1.176174,0.935705,0.215090,0.962438,-0.165678,-0.309496,0.228081,0.923142,0.926255,-0.147282,0.346929,0.400025,0.408063,0.475331,0.668973,-0.366598,1.330790,0.015810,0.030230,0.046433,-0.200526,0.165678,-0.923142,-0.346929,0.000000,0.000000,0.000000,-1,0.195908,-0.876709,-0.547455,-0.405099,1.212915,0.026648,159.963089,146.506195,-758.357788,0,0
85.600000,0.472581,1.154598,0.951882,0.177462,0.966769,-0.187698,-0.333774,0.238988,0.911855,0.927423,-0.089930,0.363043,0.376409,0.420470,0.488694,0.665356,-0.494891,1.126580,-0.414787,0.489999,-0.398524,0.171316,0.191627,-0.911855,-0.363043,0.000000,0.000000,0.000000,-1,0.681625,-1.310379,-0.191727,-0.495127,1.024601,-0.409762,162.591187,148.077774,-759.192810,0,0
85.640000,0.509218,1.140491,0.943262,0.154015,0.966915,-0.203357,-0.337672,0.244929,0.908838,0.928578,-0.071306,0.364223,0.369074,0.426231,0.491243,0.663921,-0.007181,-0.358427,-0.186889,0.331478,0.244776,0.094905,0.203357,-0.908838,-0.364223,0.000000,0.000000,0.000000,-1,0.505646,-0.711899,-0.387024,-0.007417,-0.460405,-0.181864,162.941589,149.474747,-759.526794,0,0
85.680000,0.498206,1.164946,0.827760,0.270977,0.943918,-0.188655,-0.290738,0.267093,0.918767,0.917629,-0.194115,0.346809,0.405301,0.402898,0.449650,0.686454,0.931818,-3.553461,-0.607242,0.335637,0.088475,0.855293,0.188655,-0.918767,-0.346809,0.000000,0.000000,0.000000,-1,0.463409,-0.827011,0.501877,1.071712,-3.613125,-0.666712,163.116806,146.855438,-758.691772,0,0
85.720000,0.610133,1.229334,0.652226,0.323649,0.926519,-0.191870,-0.203249,0.266129,0.942266,0.924090,-0.265966,0.274446,0.442457,0.408667,0.413723,0.682683,3.086850,1.655902,-0.269441,-0.015143,-0.139323,0.418291,0.191870,-0.942266,-0.274446,0.000000,0.000000,0.000000,-1,0.176727,-1.081589,0.143845,3.086610,1.553924,-0.264415,161.890350,144.236145,-755.852783,0,0
85.760000,0.788266,1.305359,0.497059,0.293452,0.937699,-0.186028,-0.125091,0.230586,0.964978,0.947754,-0.259904,0.184964,0.468482,0.433639,0.406487,0.653644,2.421685,-0.062239,0.751921,-0.540657,-0.027530,0.686718,0.186028,-0.964978,-0.184964,0.000000,0.000000,0.000000,-1,-0.408066,-1.089310,0.291840,2.421445,-0.164216,0.756948,161.715149,147.204681,-752.679688,0,0
85.800000,0.799567,1.349536,0.362229,0.403887,0.901173,-0.157364,-0.077768,0.205219,0.975622,0.911497,-0.381803,0.152967,0.511298,0.402605,0.368735,0.663715,1.040183,-2.945330,-0.187823,-0.394394,-0.259242,-0.070544,0.157364,-0.975622,-0.152967,0.000000,0.000000,0.000000,-1,-0.237030,-1.234863,-0.223511,0.957897,-3.366405,-0.165560,161.715149,147.204681,-752.679688,0,0
85.840000,0.968961,1.408060,0.134936,0.451585,0.882176,-0.133552,-0.021796,0.160547,0.986788,0.891962,-0.442708,0.091728,0.547565,0.392821,0.346265,0.652660,1.997073,-0.314659,0.698177,-0.014991,0.035997,0.023430,0.133552,-0.986788,-0.091728,0.000000,0.000000,0.000000,-1,0.118561,-0.950790,-0.068298,1.996841,-0.416634,0.703199,160.313507,145.458481,-745.999634,0,0
85.880000,1.274350,1.446342,-0.173776,0.451806,0.884182,-0.118719,0.021463,0.122264,0.992265,0.891858,-0.450859,0.036262,0.568612,0.398182,0.339924,0.634494,1.597363,0.098281,0.342246,-0.001364,0.198824,0.153740,0.118719,-0.992266,-0.036262,0.000000,0.000000,0.000000,-1,0.143997,-0.771301,0.121017,1.597131,-0.003693,0.347268,160.313507,146.855438,-743.327576,0,0
85.920000,1.584879,1.457329,-0.463204,0.431301,0.895077,-0.113213,0.050591,0.101293,0.993569,0.900788,-0.434255,-0.001594,0.576975,0.409752,0.341252,0.618668,0.356051,1.152612,-0.029641,0.177879,0.123269,-0.061226,0.113213,-0.993569,0.001594,0.000000,0.000000,0.000000,-1,0.291092,-0.870300,-0.059631,0.379180,0.838650,0.011183,160.313507,146.855438,-743.327576,0,0
85.960000,1.944234,1.449778,-0.759581,0.371929,0.921431,-0.112403,0.083132,0.087539,0.992686,0.924531,-0.378553,-0.044042,0.576288,0.435790,0.352310,0.594858,1.204950,1.028811,0.124310,0.037469,0.017543,-0.273870,0.112403,-0.992686,0.044042,0.000000,0.000000,0.000000,-1,0.149872,-0.975143,-0.229828,1.204717,0.926839,0.129332,159.262268,147.553925,-742.659546,0,0
86.000000,2.222512,1.434045,-1.033285,0.366002,0.924281,-0.108385,0.117101,0.069798,0.990664,0.923217,-0.375277,-0.082688,0.587131,0.443420,0.346955,0.581617,1.293119,-0.242445,0.082272,-0.137407,0.067507,-0.096680,0.108385,-0.990664,0.082688,0.000000,0.000000,0.000000,-1,-0.081192,-0.894012,0.122940,1.292887,-0.344416,0.087294,158.561447,147.903152,-743.327576,0,0
86.040000,2.495425,1.391758,-1.311466,0.367958,0.923639,-0.107229,0.172128,0.045666,0.984015,0.913772,-0.380534,-0.142181,0.605077,0.452739,0.333239,0.563792,1.200831,0.214447,0.043997,-0.221182,0.083503,0.003129,0.107229,-0.984015,0.142181,0.000000,0.000000,0.000000,-1,-0.113953,-0.900513,0.145309,1.295126,0.134697,0.019156,158.386230,148.776260,-741.156555,0,0
86.080000,2.638961,1.354589,-1.481951,0.390907,0.914610,-0.103345,0.213681,0.019035,0.976718,0.895283,-0.403889,-0.187994,0.624473,0.451697,0.317043,0.552709,1.294967,-1.363916,0.238361,-0.006131,-0.081616,-0.354208,0.103345,-0.976718,0.187994,0.000000,0.000000,0.000000,-1,0.097214,-1.058334,-0.166214,1.294735,-1.465886,0.243383,159.087067,149.125504,-739.152527,0,0
86.120000,2.677095,1.325331,-1.583766,0.446104,0.888336,-0.108861,0.242987,-0.003152,0.970024,0.861364,-0.459184,-0.217260,0.645468,0.438179,0.291456,0.553555,1.026132,-2.412513,0.209890,-0.031804,0.030266,-0.232931,0.108861,-0.970024,0.217260,0.000000,0.000000,0.000000,-1,0.082581,-0.905014,0.005768,1.025899,-2.514482,0.214912,159.612686,149.300125,-736.981506,0,0
86.160000,2.646824,1.309806,-1.656092,0.532056,0.837797,-0.122523,0.257100,-0.021983,0.966135,0.806732,-0.545538,-0.227094,0.667295,0.410200,0.256336,0.566343,0.211210,-1.789101,0.224568,-0.087260,-0.012243,-0.126782,0.122523,-0.966135,0.227094,0.000000,0.000000,0.000000,-1,0.023071,-1.112701,0.141800,0.239564,-2.020422,0.224540,160.488708,149.823975,-734.142456,0,0
86.200000,2.638641,1.298166,-1.701014,0.574051,0.808468,-0.129790,0.266985,-0.034964,0.963066,0.774070,-0.587501,-0.235920,0.679142,0.395887,0.237167,0.570782,0.388258,-0.256281,0.059332,-0.060988,-0.302925,-0.115757,0.129790,-0.963066,0.235920,0.000000,0.000000,0.000000,-1,0.068802,-1.265991,0.120163,0.388026,-0.358248,0.064354,160.313507,149.649353,-734.309448,0,0
86.240000,2.658518,1.296892,-1.704882,0.561562,0.817840,-0.125645,0.268065,-0.036161,0.962722,0.782809,-0.574309,-0.239540,0.677728,0.400568,0.242414,0.566979,-0.264215,0.893810,-0.091842,-0.038533,-0.410584,-0.284310,0.125645,-0.962722,0.239540,0.000000,0.000000,0.000000,-1,0.045425,-1.387329,-0.088852,-0.264447,0.791843,-0.086820,160.663910,149.300125,-731.637451,0,0
86.280000,2.626060,1.333009,-1.624149,0.524841,0.843242,-0.116127,0.235218,-0.012561,0.971861,0.818056,-0.537388,-0.204938,0.659989,0.408515,0.265886,0.571695,-1.539376,1.026534,0.054579,-0.233681,-0.348222,-0.392255,0.116127,-0.971861,0.204938,0.000000,0.000000,0.000000,-1,-0.117554,-1.320084,-0.187317,-1.346998,0.934181,0.104238,161.014328,147.903152,-733.975464,0,1
86.320000,2.346603,1.401505,-1.264877,0.460074,0.879697,-0.120273,0.160661,0.050742,0.985704,0.873224,-0.472820,-0.117988,0.617924,0.420909,0.304629,0.590091,-2.719177,2.003433,-0.342103,0.006298,0.175844,0.020821,0.120273,-0.985704,0.117988,0.000000,0.000000,0.000000,-1,0.126572,-0.809860,0.138809,-2.719409,1.901468,-0.337081,159.963089,146.855438,-735.645508,0,0
86.360000,1.809762,1.436108,-0.680900,0.422149,0.897089,-0.130465,0.084529,0.104337,0.990943,0.902577,-0.429354,-0.031784,0.580861,0.422484,0.332314,0.611290,-3.123414,0.705610,-0.420079,-0.013904,0.030341,0.099960,0.130465,-0.990943,0.031784,0.000000,0.000000,0.000000,-1,0.088470,-0.994568,0.119904,-3.123647,0.603645,-0.415057,159.963089,145.458481,-740.655518,0,0
86.400000,0.909409,1.396106,0.182245,0.463194,0.875579,-0.137155,-0.031500,0.170925,0.984780,0.885697,-0.451824,0.106752,0.544407,0.387614,0.343741,0.659710,-2.820976,-2.199123,-0.258191,0.102133,-0.392691,0.105882,0.137155,-0.984780,-0.106752,0.000000,0.000000,0.000000,-1,0.239288,-1.377472,-0.000870,-2.872965,-2.070956,-0.210025,159.963089,146.506195,-743.327576,0,0
86.440000,0.573923,1.314271,0.426389,0.547388,0.825464,-0.137753,-0.104935,0.231004,0.967277,0.830274,-0.515021,0.213069,0.525194,0.342982,0.329650,0.705596,-1.469576,-0.527197,-0.291269,0.317600,-0.292290,0.510524,0.137753,-0.967277,-0.213069,0.000000,0.000000,0.000000,-1,0.455353,-1.259567,0.297455,-1.469808,-0.629160,-0.286247,162.240768,145.633102,-745.832642,0,0
86.480000,0.617222,1.283426,0.438904,0.502334,0.848970,-0.164042,-0.120443,0.256567,0.958993,0.856244,-0.461977,0.231135,0.503645,0.361627,0.343596,0.705343,-0.527016,2.924462,-0.560827,0.352773,-0.021980,0.536219,0.164042,-0.958993,-0.231135,0.000000,0.000000,0.000000,-1,0.527313,-0.869980,0.213913,-0.527248,2.822500,-0.555805,160.663910,144.061523,-748.671631,0,0
86.520000,0.680520,1.247896,0.472885,0.420188,0.885200,-0.199656,-0.144525,0.282495,0.948319,0.895854,-0.369617,0.246635,0.471979,0.392324,0.368765,0.698090,-1.742408,2.292043,-0.195677,0.004339,-0.084655,0.393134,0.199656,-0.948319,-0.246635,0.000000,0.000000,0.000000,-1,0.203995,-1.032974,0.146500,-1.441891,2.383994,-0.265051,163.642410,145.633102,-751.510681,0,0
86.560000,0.540527,1.158738,0.701542,0.350637,0.913554,-0.206090,-0.258479,0.305918,0.916298,0.900135,-0.268018,0.343401,0.418724,0.391114,0.414381,0.707099,-1.783815,0.553218,0.459367,-0.187414,0.044976,0.283998,0.206090,-0.916298,-0.343401,0.000000,0.000000,0.000000,-1,0.018677,-0.871323,-0.059402,-1.784048,0.451258,0.464389,163.992828,145.633102,-754.182739,0,0
86.600000,0.504249,1.138045,0.751214,0.340532,0.918141,-0.202618,-0.286231,0.306501,0.907816,0.895606,-0.251145,0.367174,0.408307,0.386909,0.424306,0.709614,-1.194282,0.454446,0.338434,-0.091901,0.333414,0.306230,0.202618,-0.907816,-0.367174,0.000000,0.000000,0.000000,-1,0.158096,-0.538666,-0.047195,-1.194514,0.352486,0.343455,163.817627,145.807724,-758.691772,0,0
86.640000,0.461350,1.124425,0.826122,0.311621,0.930571,-0.192172,-0.317429,0.292574,0.902020,0.895618,-0.220087,0.386562,0.397645,0.385484,0.442258,0.705471,0.029302,0.014559,0.392883,0.029080,0.523373,0.238995,0.192172,-0.902020,-0.386562,0.000000,0.000000,0.000000,-1,0.253052,-0.388748,-0.214951,-0.082335,0.125727,0.415190,163.116806,147.204681,-758.357788,0,0
86.680000,0.412853,1.153932,0.836135,0.341780,0.925632,-0.162454,-0.300456,0.271416,0.914363,0.890456,-0.263701,0.370876,0.418177,0.373751,0.435224,0.704286,0.934980,-1.199480,0.319238,0.110190,0.513164,0.163326,0.162454,-0.914363,-0.370876,0.000000,0.000000,0.000000,-1,0.272644,-0.401199,-0.207550,0.934748,-1.301437,0.324260,162.941589,145.982346,-759.526794,0,0
86.720000,0.399114,1.175806,0.826361,0.360505,0.920693,-0.149534,-0.283009,0.260723,0.923000,0.888787,-0.290427,0.354556,0.431632,0.369345,0.428173,0.702813,1.160234,-1.059627,0.253365,0.114229,0.444729,0.123416,0.149534,-0.923000,-0.354556,0.000000,0.000000,0.000000,-1,0.262650,-0.519318,-0.255280,1.160002,-1.161585,0.258386,161.014328,145.458481,-758.357788,0,1
86.760000,0.425201,1.227627,0.773497,0.380375,0.914358,-0.138797,-0.235074,0.240737,0.941693,0.894458,-0.325569,0.306513,0.456378,0.372106,0.413945,0.694195,1.154589,0.293712,-0.112217,0.196622,0.066540,-0.039725,0.138797,-0.941693,-0.306513,0.000000,0.000000,0.000000,-1,0.364746,-1.127975,-0.461548,1.211646,-0.089161,-0.082094,160.663910,146.855438,-755.017761,0,0
86.800000,0.507337,1.231891,0.751940,0.325382,0.931685,-0.161524,-0.227085,0.242813,0.943119,0.917910,-0.270194,0.290579,0.444969,0.395870,0.424966,0.681684,-1.009865,1.342398,0.002641,-0.004450,-1.134945,-0.983667,0.161524,-0.943119,-0.290579,0.000000,0.000000,0.000000,-1,0.055252,-1.910767,-1.460037,-1.010098,1.240442,0.007662,162.941589,145.982346,-754.850769,0,0
86.840000,0.440686,1.170373,0.844086,0.307359,0.936954,-0.166277,-0.291329,0.258995,0.920896,0.905902,-0.234604,0.352566,0.417073,0.386998,0.443343,0.692625,-1.476216,0.558863,-0.017403,0.010451,-0.128710,-0.840153,0.166277,-0.920896,-0.352566,0.000000,0.000000,0.000000,-1,0.266663,-0.633835,-0.898087,-1.476449,0.456908,-0.012382,162.065567,146.855438,-757.689819,0,0
86.880000,0.436241,1.156240,0.894761,0.265421,0.948992,-0.170190,-0.314195,0.252024,0.915295,0.911500,-0.189466,0.365061,0.402597,0.394189,0.460330,0.686022,-0.318869,1.145670,0.309714,0.161490,0.543591,-0.012731,0.170190,-0.915295,-0.365061,0.000000,0.000000,0.000000,-1,0.330154,-0.558838,-0.220398,-0.254040,1.042737,0.368268,161.189529,145.982346,-758.858826,0,0
86.920000,0.459631,1.149297,0.915562,0.225144,0.957272,-0.181497,-0.324400,0.249301,0.912477,0.918735,-0.146561,0.366668,0.390249,0.405428,0.472288,0.678438,0.017364,1.233327,0.080104,0.284720,-0.472625,0.229324,0.181497,-0.912477,-0.366668,0.000000,0.000000,0.000000,-1,0.436874,-1.369125,-0.094910,0.017139,1.131374,0.085121,163.992828,147.030060,-760.862854,0,0
86.960000,0.465415,1.162210,0.916268,0.217296,0.959681,-0.178311,-0.315202,0.241878,0.917684,0.923813,-0.143205,0.355052,0.393817,0.409124,0.473254,0.673466,0.585865,-1.190531,-0.068398,0.033450,-0.175716,-0.062856,0.178311,-0.917684,-0.355052,0.000000,0.000000,0.000000,-1,0.143097,-1.017792,-0.210648,0.585640,-1.292483,-0.063381,163.992828,147.030060,-761.196838,0,0
87.000000,0.392676,1.179122,0.847868,0.346012,0.926789,-0.146076,-0.286253,0.252550,0.924271,0.893496,-0.277994,0.352682,0.430343,0.372108,0.434200,0.698435,0.634994,-4.256270,-0.512502,0.518063,0.066514,0.986608,0.146076,-0.924271,-0.352682,0.000000,0.000000,0.000000,-1,0.698242,-0.789291,0.489136,0.676057,-4.601005,-0.504717,163.116806,147.903152,-758.691772,0,0
87.040000,0.444890,1.238930,0.733659,0.397990,0.906611,-0.140214,-0.218158,0.241987,0.945436,0.891073,-0.345685,0.294093,0.464195,0.370778,0.404387,0.695354,2.443017,2.500780,-0.318271,0.249785,0.331636,0.455211,0.140214,-0.945436,-0.294093,0.000000,0.000000,0.000000,-1,0.389999,-0.613800,0.161118,2.442792,2.398829,-0.313254,161.189529,145.982346,-757.856812,0,0
87.080000,0.599934,1.309161,0.609024,0.364985,0.919488,-0.146037,-0.147971,0.212155,0.965968,0.919179,-0.330955,0.213491,0.484598,0.398020,0.398858,0.669072,2.585744,-0.068910,0.561875,-0.392542,-0.124806,0.650778,0.146037,-0.965968,-0.213491,0.000000,0.000000,0.000000,-1,-0.451416,-1.444153,-0.415207,2.585519,-0.170860,0.566892,162.415970,147.204681,-754.015747,0,0
87.120000,0.623198,1.367441,0.485780,0.451192,0.884609,-0.117869,-0.094293,0.178593,0.979394,0.887431,-0.430781,0.163992,0.526452,0.375303,0.365447,0.669660,1.636264,-3.764776,-0.111970,-0.352061,-0.359641,0.047812,0.117869,-0.979394,-0.163992,0.000000,0.000000,0.000000,-1,-0.146820,-1.269958,-0.071381,1.613081,-3.809319,-0.003778,161.715149,147.553925,-752.679688,0,0
87.160000,0.852903,1.446371,0.115473,0.567309,0.818183,-0.093474,-0.014299,0.123278,0.992269,0.823381,-0.561587,0.081636,0.583609,0.344359,0.312669,0.665624,1.893066,-1.356268,0.396615,-0.045241,0.092748,0.083589,0.093474,-0.992269,-0.081636,0.000000,0.000000,0.000000,-1,0.051102,-0.799011,0.047180,1.892841,-1.458217,0.401632,161.189529,145.982346,-748.170654,0,0
87.200000,1.207975,1.480781,-0.259299,0.581789,0.808986,-0.084042,0.023049,0.086889,0.995951,0.813013,-0.581370,0.031905,0.604772,0.343946,0.301342,0.652032,1.518695,-0.110963,0.029893,-0.005448,0.175180,0.080281,0.083893,-0.996164,-0.024891,0.000000,0.000000,0.000000,-1,0.078445,-0.820984,0.055389,1.518470,-0.212911,0.110807,160.839127,147.030060,-744.162598,0,0
87.240000,1.591732,1.484589,-0.641331,0.579135,0.810674,-0.086082,0.051511,0.068993,0.996286,0.813602,-0.581419,-0.001802,0.614806,0.350592,0.295833,0.641546,0.829110,0.134660,-0.116417,0.029518,0.135752,0.039991,0.086082,-0.996286,0.001802,0.000000,0.000000,0.000000,-1,0.144302,-0.930481,0.049347,0.828886,0.032713,-0.111401,160.839127,147.030060,-742.826599,0,0
87.280000,1.969472,1.479997,-0.994388,0.557915,0.825680,-0.083564,0.076024,0.049419,0.995881,0.826408,-0.561970,-0.035200,0.621228,0.362872,0.298942,0.626924,0.621261,1.107208,0.109120,0.064691,0.013886,-0.019346,0.083564,-0.995881,0.035200,0.000000,0.000000,0.000000,-1,0.118454,-0.973267,0.005493,0.621036,1.005262,0.114137,160.663910,147.553925,-741.323547,0,0
87.320000,2.237273,1.470408,-1.222453,0.524053,0.848035,-0.078773,0.094200,0.034209,0.994965,0.846460,-0.528835,-0.061958,0.622857,0.378191,0.308132,0.611618,0.889363,1.484604,0.079996,-0.033378,0.030671,-0.098503,0.078773,-0.994965,0.061958,0.000000,0.000000,0.000000,-1,-0.012924,-0.903198,-0.085739,0.889138,1.382658,0.085013,161.189529,147.030060,-743.494568,0,0
87.360000,2.566481,1.439835,-1.498255,0.477034,0.876010,-0.071030,0.130244,0.009465,0.991437,0.869181,-0.482201,-0.109580,0.627923,0.400628,0.317774,0.586711,1.005504,0.603517,0.045463,-0.102936,0.119016,-0.226417,0.071030,-0.991437,0.109580,0.000000,0.000000,0.000000,-1,-0.035355,-0.927109,-0.148224,1.000181,0.715756,0.064461,160.138290,146.680817,-741.824585,0,0
87.400000,2.691765,1.403948,-1.646443,0.495602,0.865542,-0.072211,0.165600,-0.012551,0.986113,0.852616,-0.500678,-0.149554,0.643760,0.400438,0.303065,0.577386,0.902913,-1.388645,0.031119,-0.093268,-0.036989,-0.335025,0.072211,-0.986113,0.149554,0.000000,0.000000,0.000000,-1,-0.037842,-1.049210,-0.101212,0.902688,-1.490588,0.036135,160.138290,146.680817,-741.824585,0,0
87.440000,2.703169,1.382385,-1.717241,0.544657,0.834881,-0.079510,0.185293,-0.027331,0.982303,0.817934,-0.549751,-0.169584,0.659843,0.386522,0.279772,0.580461,0.699743,-2.145448,0.159101,-0.140607,-0.099362,-0.143537,0.079510,-0.982303,0.169584,0.000000,0.000000,0.000000,-1,-0.061096,-1.081665,0.026047,0.699519,-2.247391,0.164118,159.612686,148.601639,-741.323547,0,0
87.480000,2.722122,1.368149,-1.819469,0.611452,0.787024,-0.081970,0.195072,-0.049534,0.979537,0.766860,-0.614930,-0.183814,0.679117,0.361534,0.252125,0.586963,0.469059,-1.132827,0.241108,0.013749,0.037277,-0.126075,0.081970,-0.979537,0.183814,0.000000,0.000000,0.000000,-1,0.095718,-0.942261,0.057739,0.468758,-1.446776,0.269420,160.488708,149.823975,-738.150513,0,0
87.520000,2.752716,1.356149,-1.861185,0.619885,0.780526,-0.080760,0.204085,-0.060988,0.977052,0.757689,-0.622142,-0.197099,0.685196,0.359244,0.246984,0.583481,0.292413,0.327627,-0.100735,0.140996,-0.113860,-0.175950,0.080760,-0.977052,0.197099,0.000000,0.000000,0.000000,-1,0.208939,-1.189133,-0.051178,0.292188,0.225686,-0.095719,161.715149,148.950882,-736.647461,0,0
87.560000,2.721210,1.360282,-1.791223,0.589053,0.803582,-0.085280,0.203907,-0.045689,0.977924,0.781946,-0.593438,-0.190769,0.675557,0.372836,0.257812,0.581506,-0.679940,1.030070,-0.406985,-0.028136,-0.441693,-0.468235,0.085280,-0.977924,0.190769,0.000000,0.000000,0.000000,-1,0.057144,-1.419617,-0.277466,-0.539707,0.917581,-0.368366,161.539948,149.474747,-736.814514,0,0
87.600000,2.523286,1.406029,-1.557390,0.560830,0.822453,-0.095077,0.164008,0.002199,0.986457,0.811524,-0.568828,-0.133656,0.650440,0.379152,0.275370,0.597782,-2.420365,0.819123,-0.364512,-0.085159,-0.126687,-0.490010,0.095077,-0.986457,0.133656,0.000000,0.000000,0.000000,-1,0.009201,-1.003510,-0.258316,-2.147431,0.623887,-0.361021,164.168030,147.903152,-740.321533,0,1
87.640000,1.905753,1.460950,-0.899782,0.530810,0.841143,-0.103534,0.085858,0.068163,0.993973,0.843131,-0.536500,-0.036037,0.612104,0.378613,0.302072,0.625087,-3.164803,0.872019,-0.432069,-0.179415,-0.184845,-0.028377,0.103533,-0.993973,0.036037,0.000000,0.000000,0.000000,-1,-0.182709,-1.008423,0.159515,-3.165027,0.770080,-0.427053,164.168030,147.903152,-740.321533,0,0
87.680000,0.972850,1.441191,0.028257,0.539566,0.835140,-0.106818,-0.003651,0.129191,0.991613,0.841935,-0.534651,0.072756,0.578277,0.359468,0.317805,0.659832,-2.565600,-1.198100,-0.121913,-0.177100,-0.021998,0.198138,0.106818,-0.991613,-0.072756,0.000000,0.000000,0.000000,-1,0.109818,-1.392029,0.129944,-2.565826,-1.300038,-0.116900,163.467209,147.553925,-748.003662,0,0
87.720000,0.648231,1.372716,0.296110,0.589722,0.798818,-0.118816,-0.057423,0.188223,0.980446,0.805562,-0.571368,0.156870,0.557815,0.332277,0.307784,0.695488,-1.691513,-1.842650,-0.797716,0.184590,-0.575386,0.478266,0.118816,-0.980446,-0.156870,0.000000,0.000000,0.000000,-1,0.281998,-1.522354,0.588120,-1.924627,-1.911756,-0.813687,163.467209,147.553925,-748.003662,0,0
87.760000,0.567677,1.320080,0.468024,0.517507,0.845217,-0.133396,-0.111923,0.221418,0.968735,0.848327,-0.486398,0.209184,0.521274,0.351684,0.342877,0.697873,-1.963398,4.002522,0.061786,0.013760,-0.232834,0.350771,0.133396,-0.968735,-0.209184,0.000000,0.000000,0.000000,-1,0.091141,-1.169800,0.045120,-1.963623,3.900586,0.066798,164.868866,148.950882,-751.343689,0,0
87.800000,0.495159,1.273881,0.608142,0.462531,0.875636,-0.139022,-0.167159,0.240117,0.956244,0.870703,-0.419054,0.257432,0.491167,0.360609,0.372419,0.700014,-2.025048,0.852122,0.428775,-0.119643,-0.048914,0.286866,0.139022,-0.956244,-0.257432,0.000000,0.000000,0.000000,-1,0.019379,-1.005157,0.029434,-2.025274,0.750188,0.433787,166.620926,148.950882,-755.351746,0,0
87.840000,0.420589,1.222958,0.723940,0.429671,0.892196,-0.139175,-0.225770,0.255378,0.940112,0.874306,-0.372517,0.311160,0.464525,0.358660,0.395636,0.706436,-1.524955,1.323513,0.155206,0.053513,0.354861,0.416094,0.139175,-0.940112,-0.311160,0.000000,0.000000,0.000000,-1,0.222534,-0.557602,0.086517,-1.592057,1.112452,0.210379,164.868866,148.252396,-755.017761,0,0
87.880000,0.414842,1.165563,0.804267,0.367996,0.916151,-0.158894,-0.283975,0.273456,0.919011,0.885403,-0.293070,0.360794,0.428295,0.369007,0.424070,0.707504,-0.778219,0.888701,0.063841,0.060421,0.409459,0.352432,0.158894,-0.919011,-0.360794,0.000000,0.000000,0.000000,-1,0.212402,-0.481461,0.017319,-0.778445,0.786768,0.068852,164.868866,148.252396,-755.017761,0,0
87.920000,0.417911,1.156336,0.822720,0.349387,0.922615,-0.163435,-0.295176,0.273926,0.915334,0.889269,-0.271563,0.368040,0.420542,0.372995,0.431488,0.705576,-0.089362,0.489106,0.126133,0.082460,0.488332,0.441251,0.163435,-0.915334,-0.368040,0.000000,0.000000,0.000000,-1,0.251709,-0.406708,-0.017563,-0.089579,0.387173,0.131141,167.146530,151.220947,-759.192810,0,0
87.960000,0.423330,1.180293,0.812897,0.350823,0.923293,-0.156372,-0.276462,0.261661,0.924717,0.894702,-0.281182,0.347052,0.430729,0.375428,0.428535,0.699917,0.902757,-0.413196,0.074594,0.126312,0.469044,0.188559,0.156372,-0.924717,-0.347052,0.000000,0.000000,0.000000,-1,0.285095,-0.467392,-0.191833,0.845292,-0.454650,0.110808,165.569687,151.395554,-757.021790,0,0
88.000000,0.468444,1.223783,0.749410,0.363994,0.918657,-0.153550,-0.231672,0.248978,0.940393,0.902129,-0.306724,0.303454,0.450434,0.381291,0.415476,0.692175,1.129874,0.155804,-0.149603,0.087142,0.398278,0.111696,0.153551,-0.940393,-0.303454,0.000000,0.000000,0.000000,-1,0.232391,-0.600037,-0.206879,1.129657,0.053872,-0.144595,166.095306,149.474747,-756.186768,0,0
88.040000,0.545417,1.244347,0.693316,0.343505,0.924299,-0.166362,-0.204945,0.246647,0.947187,0.916516,-0.291268,0.274155,0.453515,0.396543,0.413522,0.682698,0.655380,1.152386,-0.155253,0.036031,0.177762,-0.038528,0.166362,-0.947187,-0.274155,0.000000,0.000000,0.000000,-1,0.197296,-1.158768,-0.512924,0.655163,1.050455,-0.150245,166.971329,149.300125,-757.689819,0,1
88.080000,0.554462,1.242409,0.743496,0.288509,0.942301,-0.169801,-0.218301,0.237407,0.946564,0.932259,-0.236024,0.274199,0.440710,0.410700,0.432517,0.670842,-1.097776,1.027515,0.726245,-0.052689,-0.864533,-0.851869,0.169801,-0.946564,-0.274199,0.000000,0.000000,0.000000,-1,0.005554,-1.771347,-1.322433,-0.884557,1.061149,0.633618,167.321747,150.347839,-756.353760,0,0
88.120000,0.431971,1.205676,0.884662,0.272789,0.950389,-0.149488,-0.276259,0.226217,0.934081,0.921557,-0.213509,0.324263,0.424944,0.396600,0.454218,0.675142,-0.579197,-0.095847,0.323514,-0.209104,0.016723,-0.774263,0.149488,-0.934081,-0.324263,0.000000,0.000000,0.000000,-1,-0.009918,-0.832108,-0.981842,-0.579414,-0.197776,0.328522,166.445709,149.823975,-757.522766,0,0
88.160000,0.408742,1.216873,0.914794,0.264270,0.954561,-0.137750,-0.274643,0.211398,0.938020,0.924517,-0.210058,0.318030,0.428614,0.396579,0.458901,0.669645,0.237490,0.822518,0.462480,0.076117,0.233201,0.112998,0.137750,-0.938020,-0.318030,0.000000,0.000000,0.000000,-1,0.213867,-0.704819,-0.205032,0.349763,0.362268,0.485948,166.270508,151.744797,-757.355774,0,0
88.200000,0.436573,1.203697,0.944077,0.211822,0.965454,-0.151760,-0.290701,0.210497,0.933372,0.933073,-0.153592,0.325246,0.411120,0.410314,0.475112,0.660977,-0.288998,1.555012,-0.311537,0.238026,-0.309044,0.360967,0.151760,-0.933372,-0.325246,0.000000,0.000000,0.000000,-1,0.423019,-1.191299,0.143234,-0.515228,1.458558,-0.189182,165.920090,151.744797,-758.357788,0,0
88.240000,0.515306,1.209156,0.874795,0.204175,0.963282,-0.174357,-0.271517,0.226846,0.935318,0.940527,-0.143628,0.307864,0.409104,0.422731,0.468199,0.659334,0.887711,-2.986248,-0.573132,0.175679,0.247177,-0.024137,0.174357,-0.935318,-0.307864,0.000000,0.000000,0.000000,-1,0.268753,-0.823059,-0.316025,0.887494,-3.088175,-0.568125,166.796127,150.173218,-757.522766,0,0
88.280000,0.431121,1.220786,0.763380,0.384995,0.911726,-0.143297,-0.237075,0.247752,0.939369,0.891950,-0.327680,0.311531,0.454344,0.371223,0.411942,0.697187,0.522781,-5.000991,-0.795098,0.454420,-0.007439,0.711692,0.143297,-0.939369,-0.311531,0.000000,0.000000,0.000000,-1,0.597717,-0.946808,0.400162,0.541182,-5.526018,-0.841573,164.868866,151.395554,-753.347717,0,0
88.320000,0.621562,1.269475,0.568739,0.385510,0.906375,-0.172818,-0.159838,0.250063,0.954945,0.908754,-0.340518,0.241275,0.472803,0.394740,0.389134,0.684991,2.462374,1.763800,-0.389609,0.098178,-0.039653,0.334171,0.172818,-0.954945,-0.241275,0.000000,0.000000,0.000000,-1,0.270996,-0.994598,0.092896,2.403305,1.836604,-0.520897,167.146530,150.871704,-751.844727,0,0
88.360000,0.820761,1.323235,0.394217,0.356926,0.916766,-0.179287,-0.094116,0.226245,0.969513,0.929379,-0.329170,0.167035,0.490827,0.419012,0.382055,0.661477,2.290679,0.415204,0.314042,-0.479458,-0.292282,0.636868,0.179287,-0.969513,-0.167035,0.000000,0.000000,0.000000,-1,-0.324219,-1.294968,0.355377,2.340237,0.652366,0.197833,166.620926,150.697083,-748.671631,0,0
88.400000,1.004178,1.367299,0.167642,0.391381,0.904294,-0.170512,-0.033721,0.199262,0.979366,0.919611,-0.377555,0.108481,0.520489,0.418151,0.359805,0.651752,0.865427,-1.474623,-0.022320,-0.524745,-0.072072,-0.103784,0.170512,-0.979366,-0.108481,0.000000,0.000000,0.000000,-1,-0.227493,-1.015823,-0.219101,0.865210,-1.576546,-0.017313,164.343246,149.823975,-747.836670,0,0
88.440000,1.090672,1.390578,0.050784,0.417000,0.894895,-0.158978,-0.009099,0.179013,0.983805,0.908861,-0.408800,0.082791,0.537400,0.412075,0.348847,0.647843,1.137539,0.020010,0.504049,-0.192090,-0.055975,0.014142,0.158978,-0.983805,-0.082791,0.000000,0.000000,0.000000,-1,-0.024277,-0.966064,-0.014053,0.999619,-0.384204,0.423649,165.219269,148.601639,-747.001648,0,0
88.480000,1.648338,1.438908,-0.455189,0.364928,0.921758,-0.131111,0.057814,0.118116,0.991315,0.929239,-0.369339,-0.010187,0.560580,0.436856,0.355939,0.606807,1.350871,1.076996,0.472461,-0.125511,0.205762,0.078284,0.131111,-0.991315,0.010187,0.000000,0.000000,0.000000,-1,0.016876,-0.795609,0.101715,1.350654,0.975074,0.477469,165.219269,149.998596,-744.997620,0,0
88.520000,1.806787,1.442601,-0.599809,0.351342,0.927959,-0.124301,0.072166,0.105529,0.991794,0.933462,-0.357429,-0.029891,0.564735,0.442741,0.358203,0.597281,1.129503,0.996350,0.494475,-0.063937,0.164484,0.011289,0.114215,-0.992059,0.052661,0.000000,0.000000,0.000000,-1,0.050278,-0.827576,0.063950,1.003006,0.976133,0.480232,163.292007,151.919418,-743.160583,0,0
88.560000,2.278429,1.439829,-1.020583,0.302320,0.948027,-0.099238,0.111319,0.068283,0.991436,0.946684,-0.310778,-0.084890,0.574223,0.461209,0.368953,0.566946,0.975029,1.144604,0.314614,0.135884,-0.012394,-0.287146,0.099238,-0.991436,0.084890,0.000000,0.000000,0.000000,-1,0.269211,-0.972961,-0.230652,0.969674,1.024738,0.370817,161.715149,151.744797,-743.327576,0,0
88.600000,2.613493,1.409151,-1.314599,0.262210,0.961597,-0.081098,0.155690,0.040783,0.986964,0.952369,-0.271418,-0.139017,0.583190,0.478955,0.373494,0.539439,0.867378,0.058746,0.182418,0.045214,0.104777,-0.166895,0.081098,-0.986964,0.139017,0.000000,0.000000,0.000000,-1,0.087601,-0.877213,0.000717,0.867160,-0.043173,0.187425,160.313507,153.141754,-742.325562,0,0
88.640000,2.663709,1.384102,-1.405370,0.299515,0.950265,-0.085363,0.183077,0.030565,0.982623,0.936362,-0.309939,-0.164817,0.598700,0.473251,0.355353,0.539737,0.906624,-1.731226,-0.040763,0.030879,0.048770,-0.123756,0.085363,-0.982623,0.164817,0.000000,0.000000,0.000000,-1,0.116241,-0.933853,0.041061,0.864061,-1.717546,-0.011346,159.612686,152.094040,-739.987549,0,0
88.680000,2.689759,1.345395,-1.492922,0.354293,0.930029,-0.097582,0.222820,0.017387,0.974705,0.908200,-0.367075,-0.201069,0.620076,0.464802,0.326822,0.540974,1.073053,-1.020872,-0.034102,0.032789,-0.060406,-0.253986,0.097582,-0.974705,0.201069,0.000000,0.000000,0.000000,-1,0.093323,-1.050430,-0.055191,1.118477,-1.252125,-0.022633,161.189529,153.316376,-740.488525,0,0
88.720000,2.690406,1.318868,-1.541256,0.395506,0.912010,-0.108691,0.249163,0.007362,0.968434,0.884021,-0.410103,-0.224327,0.634915,0.457215,0.305289,0.542803,0.340373,-1.445959,0.013122,-0.161609,-0.095012,-0.151344,0.108691,-0.968434,0.224327,0.000000,0.000000,0.000000,-1,-0.052917,-1.063446,0.072983,0.340155,-1.547876,0.018129,160.663910,153.490997,-737.649536,0,0
88.760000,2.672309,1.313719,-1.583011,0.448246,0.886484,-0.114986,0.254236,-0.003105,0.967137,0.856994,-0.462749,-0.226768,0.647711,0.440289,0.286396,0.551900,0.288522,-1.488893,0.370233,-0.223400,-0.070613,-0.162346,0.114986,-0.967137,0.226768,0.000000,0.000000,0.000000,-1,-0.091766,-1.109879,0.049225,0.269998,-1.729747,0.342029,161.539948,152.967148,-736.480469,0,0
88.800000,2.679575,1.313301,-1.616636,0.471626,0.874462,-0.113516,0.254391,-0.011669,0.967031,0.844307,-0.484954,-0.227959,0.654075,0.431469,0.279323,0.554977,-0.283513,-0.043238,0.061535,-0.120718,-0.443568,-0.243492,0.113516,-0.967031,0.227959,0.000000,0.000000,0.000000,-1,0.016129,-1.469376,-0.020920,-0.131769,-0.250109,0.068532,160.138290,153.665619,-735.144470,0,0
88.840000,2.655368,1.347555,-1.546862,0.434407,0.894756,-0.103455,0.221328,0.005298,0.975185,0.873100,-0.446525,-0.195733,0.637346,0.437786,0.301895,0.557667,-1.543656,2.054566,-0.159552,-0.071167,-0.467762,-0.258645,0.103455,-0.975185,0.195733,0.000000,0.000000,0.000000,-1,0.047867,-1.389832,-0.107468,-1.543873,1.952652,-0.154545,161.364746,153.141754,-734.643433,0,1
88.880000,2.451779,1.406740,-1.260387,0.362230,0.926276,-0.103936,0.155516,0.049886,0.986573,0.919024,-0.373530,-0.125980,0.599651,0.451009,0.339817,0.567040,-2.546175,2.132578,-0.443504,0.060950,0.157838,-0.202946,0.103936,-0.986573,0.125980,0.000000,0.000000,0.000000,-1,0.164886,-0.828735,-0.076965,-2.508170,2.085758,-0.463632,158.911850,152.094040,-737.649536,0,0
88.920000,1.732607,1.455466,-0.495301,0.324227,0.939137,-0.113572,0.054695,0.101246,0.993357,0.944397,-0.328285,-0.018539,0.557118,0.445970,0.372823,0.593071,-2.851961,-0.072245,-0.163186,-0.097367,0.027079,0.061280,0.113572,-0.993357,0.018539,0.000000,0.000000,0.000000,-1,0.006699,-0.911148,0.119095,-2.903212,0.151221,-0.227167,158.911850,151.744797,-742.325562,0,0
88.960000,0.769994,1.417181,0.413676,0.380824,0.918492,-0.106516,-0.061508,0.140105,0.988224,0.922600,-0.369788,0.109850,0.531712,0.402937,0.383706,0.638510,-2.700303,-2.355811,-0.077963,0.075353,-0.351360,0.194795,0.106516,-0.988224,-0.109850,0.000000,0.000000,0.000000,-1,0.304398,-1.490448,0.072723,-2.700513,-2.457725,-0.072960,160.138290,151.220947,-745.498596,0,0
89.000000,0.476910,1.324643,0.620129,0.500297,0.859737,-0.102739,-0.141609,0.198303,0.969857,0.854195,-0.470668,0.220957,0.519864,0.345344,0.361371,0.692741,-1.421478,-1.922369,-0.214215,0.374098,-0.311897,0.466517,0.102739,-0.969857,-0.220957,0.000000,0.000000,0.000000,-1,0.476837,-1.281754,0.245560,-1.754403,-2.776147,-0.322352,157.510208,149.998596,-748.003662,0,0
89.040000,0.448249,1.309632,0.670820,0.445656,0.888183,-0.111903,-0.160508,0.202255,0.966090,0.880697,-0.412583,0.232697,0.502669,0.361906,0.382356,0.685676,-0.564455,4.195772,0.256120,0.259023,-0.015111,0.638779,0.111903,-0.966090,-0.232697,0.000000,0.000000,0.000000,-1,0.340988,-0.893829,0.253418,-0.487344,3.569102,0.291359,157.860626,149.649353,-747.335632,0,0
89.080000,0.522687,1.263117,0.757488,0.302655,0.941033,-0.151185,-0.208086,0.220038,0.953039,0.930108,-0.256983,0.262412,0.452826,0.404652,0.430034,0.668039,-2.582651,1.864082,0.086774,-0.010895,0.051702,0.315009,0.151185,-0.953039,-0.262412,0.000000,0.000000,0.000000,-1,0.013840,-0.891098,0.041611,-2.582883,1.762167,0.091785,158.911850,150.347839,-750.341675,0,0
89.120000,0.457094,1.198706,0.872715,0.261798,0.951691,-0.160456,-0.278517,0.233680,0.931570,0.924062,-0.199193,0.326239,0.418891,0.401759,0.455731,0.674855,-1.572773,0.778294,-0.010936,-0.073893,0.295247,0.184333,0.160456,-0.931570,-0.326239,0.000000,0.000000,0.000000,-1,0.086563,-0.636322,-0.141907,-1.757683,0.823827,0.047567,159.087067,149.474747,-754.850769,0,0
89.160000,0.442003,1.163860,0.915414,0.239458,0.956032,-0.169303,-0.313794,0.241224,0.918338,0.918800,-0.166777,0.357760,0.400148,0.401250,0.468262,0.677946,-0.639053,0.635324,0.084726,0.124719,0.491916,0.336673,0.169303,-0.918338,-0.357760,0.000000,0.000000,0.000000,-1,0.294022,-0.426422,-0.021088,-0.697929,0.523803,0.046814,157.510208,151.046326,-756.687744,0,0
89.200000,0.439193,1.157770,0.936141,0.223014,0.959758,-0.170671,-0.323224,0.237980,0.915910,0.919669,-0.149096,0.363290,0.394254,0.403632,0.474946,0.675330,0.009671,0.461588,0.169839,0.015974,0.556230,0.290642,0.170671,-0.915910,-0.363290,0.000000,0.000000,0.000000,-1,0.179276,-0.385422,-0.091797,-0.123383,0.383020,0.190037,158.035828,152.268661,-757.522766,0,0
89.240000,0.469112,1.189556,0.918028,0.208411,0.963467,-0.168212,-0.295576,0.225992,0.928204,0.932309,-0.143728,0.331877,0.403281,0.414036,0.473676,0.664507,1.096988,0.147753,0.150762,0.033113,0.417874,0.185622,0.168212,-0.928204,-0.331877,0.000000,0.000000,0.000000,-1,0.201324,-0.510330,-0.146255,1.004325,0.046925,0.172742,157.685410,151.919418,-757.522766,0,1
89.280000,0.540285,1.239273,0.861085,0.189864,0.967430,-0.167422,-0.246895,0.212090,0.945548,0.950260,-0.138190,0.279122,0.417927,0.431017,0.468286,0.648282,1.422584,0.689464,0.109625,0.071012,0.330710,0.047997,0.167422,-0.945548,-0.279122,0.000000,0.000000,0.000000,-1,0.321518,-0.683350,-0.395370,1.426847,0.585530,0.179482,157.860626,152.094040,-756.019775,0,0
89.320000,0.671283,1.260250,0.755893,0.163535,0.968055,-0.190067,-0.209608,0.222357,0.952167,0.964013,-0.115873,0.239275,0.418898,0.452644,0.461894,0.637410,-0.050780,0.797412,-0.708577,0.502499,-0.718426,-0.929731,0.190067,-0.952167,-0.239275,0.000000,0.000000,0.000000,-1,0.692566,-1.670593,-1.169006,-0.051012,0.695501,-0.703567,156.984589,150.173218,-755.518738,0,0
89.360000,0.654767,1.216022,0.804269,0.138846,0.967456,-0.211545,-0.250225,0.240955,0.937725,0.958180,-0.077265,0.275538,0.394447,0.454580,0.473217,0.643300,-1.016917,1.044680,0.167886,0.138797,-0.158039,-0.556784,0.211545,-0.937725,-0.275538,0.000000,0.000000,0.000000,-1,0.350342,-1.095764,-0.832321,-1.096471,0.747492,0.040623,157.860626,151.744797,-757.021790,0,0
89.400000,0.633496,1.202747,0.856004,0.111147,0.970712,-0.212987,-0.271729,0.235832,0.933031,0.955934,-0.045829,0.289983,0.382535,0.456810,0.485542,0.639719,-1.227327,1.526329,0.378647,0.006419,0.331392,-0.060527,0.212987,-0.933031,-0.289983,0.000000,0.000000,0.000000,-1,0.158752,-0.528336,-0.315796,-1.096928,1.304600,0.371058,156.984589,150.871704,-759.192810,0,0
89.440000,0.610914,1.181521,0.988665,0.007069,0.975991,-0.217698,-0.317008,0.208661,0.925184,0.948396,0.062472,0.310872,0.349119,0.471890,0.523245,0.617779,0.703916,3.032661,0.205897,-0.157700,-0.003847,0.178929,0.217697,-0.925184,-0.310872,0.000000,0.000000,0.000000,-1,0.110519,-0.988281,-0.370300,0.703684,2.930753,0.210907,158.561447,153.490997,-761.363831,0,0
89.480000,0.558923,1.208772,0.906184,0.132548,0.973221,-0.187806,-0.278786,0.218435,0.935182,0.951162,-0.071599,0.300273,0.391740,0.443174,0.487158,0.642506,0.156977,-6.046096,-0.603393,-0.080125,-0.048003,0.990383,0.187806,-0.935182,-0.300273,0.000000,0.000000,0.000000,-1,0.107681,-0.983185,0.690109,0.322808,-6.135199,-0.546022,158.035828,152.967148,-760.528809,0,0
89.520000,0.467065,1.210394,0.859991,0.263256,0.951569,-0.158787,-0.267252,0.230085,0.935755,0.926970,-0.203907,0.314880,0.423760,0.403717,0.453194,0.672350,0.961051,-1.095656,-0.403771,0.682674,-0.015981,0.752257,0.158787,-0.935755,-0.314879,0.000000,0.000000,0.000000,-1,1.020447,-1.113327,0.175507,0.481657,-3.680538,-0.367381,156.283768,151.919418,-759.526794,0,0
89.560000,0.730897,1.281890,0.658586,0.197253,0.961728,-0.190184,-0.174361,0.225319,0.958556,0.964722,-0.155918,0.212133,0.435833,0.451645,0.444286,0.639278,2.074333,0.640298,-0.157947,0.125047,-0.001817,0.206136,0.190184,-0.958556,-0.212133,0.000000,0.000000,0.000000,-1,0.091415,-1.067184,0.293884,2.074101,0.538392,-0.152937,155.758148,151.744797,-756.353760,0,0
89.600000,0.916239,1.342626,0.463143,0.199434,0.963341,-0.179445,-0.101055,0.202366,0.974082,0.974687,-0.176131,0.137710,0.463508,0.465087,0.428926,0.620385,1.272364,-0.946072,0.362254,-0.735551,-0.380288,-0.091706,0.179445,-0.974082,-0.137710,0.000000,0.000000,0.000000,-1,-0.556107,-1.354370,-0.229416,1.410407,-0.793577,0.331617,154.706909,151.395554,-755.017761,0,0
89.640000,0.952401,1.370787,0.385662,0.236748,0.957989,-0.161885,-0.074737,0.184085,0.980065,0.968692,-0.219930,0.115179,0.484119,0.456113,0.416637,0.619680,0.928961,-1.225887,0.420488,-0.416157,-0.008888,-0.154367,0.161885,-0.980065,-0.115179,0.000000,0.000000,0.000000,-1,-0.070755,-0.968018,-0.144684,0.929741,-1.452877,0.437752,152.779648,151.220947,-752.846741,0,0
89.680000,1.155794,1.415711,0.167105,0.247192,0.958601,-0.141353,-0.025692,0.152313,0.987998,0.968626,-0.240594,0.062279,0.508085,0.459032,0.407055,0.604521,1.472620,0.665532,0.415533,-0.013118,0.066551,0.168144,0.141353,-0.987998,-0.062279,0.000000,0.000000,0.000000,-1,0.128235,-0.921448,0.105865,1.472388,0.563628,0.420543,151.903610,150.697083,-751.009705,0,0
89.720000,1.522803,1.436862,-0.160557,0.205611,0.969502,-0.133380,0.021348,0.131816,0.991044,0.978401,-0.206617,0.006406,0.516572,0.479531,0.408956,0.579619,0.760391,0.975680,0.095422,-0.036380,0.209123,0.091291,0.133380,-0.991044,-0.006406,0.000000,0.000000,0.000000,-1,0.097000,-0.781921,0.084885,0.830293,0.846208,0.096592,153.830887,150.522461,-750.174683,0,0
89.760000,1.716628,1.440345,-0.315979,0.166715,0.977569,-0.128701,0.040423,0.123642,0.991503,0.985176,-0.170501,-0.018903,0.515261,0.493920,0.415554,0.563794,0.715551,1.675553,0.185301,-0.036736,0.173190,-0.062055,0.128701,-0.991503,0.018903,0.000000,0.000000,0.000000,-1,0.120010,-0.858810,-0.075989,0.672629,1.423082,0.177633,153.130051,152.268661,-750.508667,0,0
89.800000,2.100772,1.433687,-0.625632,0.090768,0.988865,-0.117930,0.080041,0.110792,0.990615,0.992650,-0.099356,-0.069094,0.512121,0.521804,0.427009,0.532087,0.987354,1.346844,0.154005,0.034673,0.015045,-0.252962,0.117930,-0.990615,0.069094,0.000000,0.000000,0.000000,-1,0.152603,-0.975571,-0.183868,0.987122,1.244944,0.159015,152.954849,152.443283,-750.007690,0,0
89.840000,2.346750,1.417591,-0.855617,0.073268,0.991346,-0.108923,0.115214,0.100072,0.988287,0.990635,-0.084960,-0.106885,0.519635,0.532374,0.424198,0.516347,1.104597,-0.065229,0.238864,-0.104361,0.058340,-0.133222,0.108923,-0.988287,0.106885,0.000000,0.000000,0.000000,-1,0.004562,-0.929947,-0.026337,1.080050,-0.001732,0.246587,153.655670,152.792526,-752.011719,0,0
89.880000,2.519705,1.389010,-1.067305,0.109712,0.988368,-0.105321,0.158352,0.087227,0.983522,0.981269,-0.124582,-0.146940,0.540700,0.530202,0.405007,0.512347,1.132969,-1.462717,0.153379,-0.025624,0.008837,-0.175672,0.105321,-0.983522,0.146940,0.000000,0.000000,0.000000,-1,0.079697,-0.974686,-0.028732,1.100994,-1.486124,0.182850,153.130051,151.919418,-747.502625,0,0
89.920000,2.594688,1.361112,-1.189971,0.154742,0.982007,-0.108248,0.193239,0.077367,0.978097,0.968872,-0.172271,-0.177790,0.560171,0.524503,0.384090,0.513400,1.228662,-1.506168,0.164221,-0.080813,0.001183,-0.184672,0.108248,-0.978097,0.177790,0.000000,0.000000,0.000000,-1,0.018570,-0.952560,0.008942,1.233741,-1.619727,0.170289,153.130051,151.919418,-747.502625,0,0
89.960000,2.657462,1.315280,-1.321224,0.217770,0.968885,-0.117637,0.244914,0.062425,0.967533,0.944771,-0.239511,-0.223699,0.587164,0.516806,0.352174,0.513930,0.893536,-1.180874,0.039868,-0.110435,0.020618,-0.181097,0.117637,-0.967533,0.223699,0.000000,0.000000,0.000000,-1,0.007202,-0.946915,0.042603,0.952881,-1.281701,0.052723,153.655670,152.094040,-744.997620,0,0
90.000000,2.655013,1.295069,-1.367963,0.262653,0.956455,-0.127304,0.266666,0.054843,0.962227,0.927309,-0.286680,-0.240649,0.601760,0.508143,0.332361,0.518856,0.370761,-1.144724,0.114609,-0.155090,-0.032264,-0.141955,0.127304,-0.962227,0.240649,0.000000,0.000000,0.000000,-1,-0.027863,-1.011795,0.090775,0.425662,-1.266824,0.080805,152.954849,151.395554,-743.327576,0,0
90.040000,2.651237,1.285189,-1.423494,0.317492,0.938932,-0.132683,0.278689,0.041351,0.959491,0.906383,-0.341608,-0.248542,0.617390,0.493052,0.313295,0.526854,0.449552,-1.103341,0.136955,-0.096687,-0.211042,-0.166236,0.132683,-0.959491,0.248542,0.000000,0.000000,0.000000,-1,0.069214,-1.231583,0.078552,0.449329,-1.205240,0.141961,152.954849,151.395554,-743.327576,0,0
90.080000,2.662775,1.271475,-1.458215,0.337748,0.931381,-0.135857,0.293005,0.033127,0.955537,0.894469,-0.362537,-0.261711,0.625766,0.489155,0.303074,0.526584,0.210754,-0.112188,0.044698,-0.072639,-0.264526,-0.241676,0.135856,-0.955537,0.261711,0.000000,0.000000,0.000000,-1,0.063217,-1.220062,0.020035,0.280623,-0.291486,0.045026,155.758148,152.094040,-741.323547,0,0
90.120000,2.661542,1.278403,-1.453129,0.335038,0.932754,-0.133119,0.286252,0.033839,0.957557,0.897669,-0.358923,-0.255665,0.623872,0.488484,0.306373,0.527544,-0.628867,0.448593,0.006746,-0.204133,-0.380456,-0.254185,0.133118,-0.957557,0.255665,0.000000,0.000000,0.000000,-1,-0.074081,-1.425156,-0.007080,-0.456866,0.113520,0.056645,154.706909,153.490997,-740.655518,0,0
90.160000,2.617977,1.326429,-1.331690,0.266254,0.956281,-0.120975,0.235059,0.057300,0.970291,0.934803,-0.286780,-0.209526,0.595500,0.500143,0.341657,0.527738,-1.802354,1.907079,-0.223048,-0.103107,-0.207718,-0.292382,0.120975,-0.970291,0.209526,0.000000,0.000000,0.000000,-1,0.061890,-1.066483,-0.099503,-1.802577,1.805183,-0.218042,155.582947,151.570175,-739.820557,0,1
90.200000,2.341369,1.403479,-0.929420,0.150152,0.981415,-0.119493,0.133443,0.099640,0.986035,0.979616,-0.164001,-0.116001,0.540026,0.516113,0.398186,0.532398,-2.719429,3.086893,-0.345911,0.079207,0.198941,0.015300,0.119493,-0.986035,0.116001,0.000000,0.000000,0.000000,-1,0.198700,-0.787094,0.131302,-2.696221,3.131280,-0.359907,156.458969,151.395554,-748.003662,0,0
90.240000,1.926559,1.439377,-0.453869,0.094405,0.987927,-0.122835,0.057454,0.117774,0.991377,0.993875,-0.100649,-0.045642,0.505538,0.516965,0.430749,0.540032,-2.499607,0.860610,-0.240424,-0.151034,0.038328,0.042752,0.122835,-0.991377,0.045642,0.000000,0.000000,0.000000,-1,-0.002335,-1.071320,0.056824,-2.530382,1.135087,-0.237844,156.458969,151.395554,-748.003662,0,0
90.280000,1.113502,1.403812,0.326290,0.134631,0.979609,-0.149131,-0.053275,0.157440,0.986090,0.989463,-0.124813,0.073385,0.475344,0.487192,0.441960,0.584264,-2.481174,-2.201260,-0.932053,0.120995,-0.340860,0.123831,0.149131,-0.986090,-0.073385,0.000000,0.000000,0.000000,-1,0.324905,-1.392960,0.085617,-2.481397,-2.303153,-0.927047,157.860626,150.697083,-752.011719,0,0
90.320000,0.715012,1.336763,0.610222,0.253345,0.955353,-0.152041,-0.132892,0.190049,0.972739,0.958205,-0.226233,0.175106,0.471219,0.436348,0.427701,0.636101,-1.268973,-0.940326,-0.010778,0.260312,-0.232843,0.496624,0.152041,-0.972739,-0.175106,0.000000,0.000000,0.000000,-1,0.412354,-1.205582,0.321518,-1.399086,-2.379233,-0.063194,157.685410,151.570175,-753.180725,0,0
90.360000,0.770857,1.317101,0.649686,0.163180,0.970975,-0.174872,-0.151828,0.199851,0.967992,0.974844,-0.131406,0.180033,0.442520,0.462774,0.451941,0.621101,-1.287142,4.382590,-0.282451,0.076791,0.029057,0.482600,0.174872,-0.967992,-0.180033,0.000000,0.000000,0.000000,-1,0.214325,-0.919022,0.048172,-1.136265,4.190665,-0.221260,158.736649,149.823975,-756.186768,0,0
90.400000,0.618346,1.247972,0.900829,0.075070,0.980073,-0.183904,-0.248671,0.196997,0.948343,0.965675,-0.025461,0.258504,0.393563,0.464603,0.496598,0.618581,-2.111270,0.662739,0.719913,-0.280660,-0.137243,0.254217,0.183904,-0.948343,-0.258504,0.000000,0.000000,0.000000,-1,-0.036926,-0.905594,-0.001480,-2.111507,0.560846,0.724923,158.736649,149.823975,-756.186768,0,0
90.440000,0.503078,1.205307,1.052256,0.043120,0.984098,-0.172314,-0.310423,0.177135,0.933949,0.949620,0.013218,0.313124,0.371773,0.453015,0.522702,0.619149,-1.142210,0.408793,0.340205,-0.031979,0.315327,0.300093,0.172314,-0.933949,-0.313124,0.000000,0.000000,0.000000,-1,0.212723,-0.614700,0.062881,-1.176505,0.293107,0.338206,160.488708,152.268661,-760.862854,0,0
90.480000,0.453679,1.187365,1.120558,0.025213,0.986145,-0.163961,-0.336823,0.162803,0.927386,0.941230,0.031844,0.336261,0.362681,0.447585,0.535781,0.617308,-0.657773,0.388939,0.528552,0.097849,0.370441,0.378634,0.163961,-0.927386,-0.336261,0.000000,0.000000,0.000000,-1,0.250809,-0.482315,0.001755,-0.782386,0.347465,0.525086,159.612686,152.443283,-761.363831,0,0
90.520000,0.401977,1.195930,1.177380,0.016533,0.989548,-0.143251,-0.338176,0.140362,0.930557,0.940938,0.033059,0.336962,0.367154,0.443527,0.543155,0.611117,0.442058,-0.286414,0.518414,0.136122,0.481216,0.229235,0.143251,-0.930557,-0.336962,0.000000,0.000000,0.000000,-1,0.284607,-0.424713,-0.143555,0.441822,-0.388304,0.523423,159.612686,152.443283,-761.363831,0,0
90.560000,0.375576,1.241149,1.184004,0.029507,0.992487,-0.118740,-0.299795,0.122110,0.946157,0.953547,0.007679,0.301146,0.389311,0.444819,0.536080,0.602653,1.201362,-0.548541,0.341033,0.179753,0.525746,0.091078,0.118740,-0.946157,-0.301146,0.000000,0.000000,0.000000,-1,0.271927,-0.484985,-0.216660,1.132041,-0.624985,0.346689,157.510208,152.792526,-761.697876,0,0
90.600000,0.375503,1.283871,1.167327,0.041751,0.993723,-0.103789,-0.260281,0.111111,0.959118,0.964630,-0.013030,0.263286,0.408459,0.448908,0.526883,0.595010,1.486388,-0.434031,0.342693,0.107041,0.373715,0.069194,0.103789,-0.959119,-0.263286,0.000000,0.000000,0.000000,-1,0.181992,-0.677658,-0.202545,1.456445,-0.593130,0.375945,159.262268,152.792526,-760.027832,0,1
90.640000,0.402211,1.332539,1.141922,0.036717,0.995046,-0.092387,-0.214635,0.098144,0.971751,0.976004,-0.015850,0.217175,0.424676,0.459416,0.520172,0.581385,0.253743,0.417291,0.338609,0.060995,-0.612707,-0.352100,0.092387,-0.971751,-0.217175,0.000000,0.000000,0.000000,-1,0.159363,-1.831680,-0.820465,0.253506,0.315403,0.343618,159.262268,152.792526,-760.027832,0,0
90.680000,0.282028,1.280873,1.297434,0.002518,0.996827,-0.079561,-0.275264,0.077179,0.958266,0.961365,0.019488,0.274584,0.403347,0.447235,0.546555,0.581868,-1.680543,0.925223,0.420395,-0.160814,-0.375856,-1.083799,0.079561,-0.958266,-0.274584,0.000000,0.000000,0.000000,-1,-0.081253,-1.334122,-1.358383,-1.955874,0.914588,0.478020,157.860626,152.792526,-758.691772,0,0
90.720000,0.280032,1.270957,1.327174,-0.024435,0.996363,-0.081635,-0.286645,0.071248,0.955384,0.957725,0.046745,0.283862,0.393845,0.450506,0.556113,0.576774,0.405070,1.087917,0.012671,-0.075333,0.335068,-0.688749,0.081635,-0.955384,-0.283862,0.000000,0.000000,0.000000,-1,0.046066,-0.611725,-0.765808,0.133933,0.936295,0.083650,157.860626,152.792526,-762.031860,0,0
90.760000,0.342407,1.265856,1.303833,-0.060431,0.993069,-0.100806,-0.289601,0.079203,0.953865,0.955238,0.086836,0.282808,0.379986,0.462825,0.562147,0.570434,-0.791603,0.650134,-0.623158,0.371454,-0.441368,0.412080,0.100806,-0.953865,-0.282808,0.000000,0.000000,0.000000,-1,0.472260,-1.395233,0.129272,-0.791840,0.548248,-0.618149,157.860626,152.443283,-762.365845,0,0
90.800000,0.357150,1.230123,1.252734,-0.019994,0.992953,-0.116811,-0.317363,0.104489,0.942530,0.948093,0.055916,0.313037,0.374993,0.450401,0.554198,0.591086,-0.251635,-2.218807,-0.634245,0.294719,-0.080892,-0.148297,0.116811,-0.942530,-0.313037,0.000000,0.000000,0.000000,-1,0.302094,-0.936066,-0.443298,-0.486395,-1.911406,-0.596586,156.634171,152.967148,-762.866882,0,0
90.840000,0.343264,1.240086,1.185934,0.058490,0.992288,-0.109287,-0.300962,0.121908,0.945812,0.951841,-0.022430,0.305771,0.397118,0.435214,0.530418,0.609543,0.920330,-2.537677,-0.477656,0.332013,0.239025,0.673936,0.109287,-0.945812,-0.305771,0.000000,0.000000,0.000000,-1,0.525604,-0.521133,0.339951,0.815932,-2.589737,-0.474915,156.634171,152.967148,-762.866882,0,0
90.880000,0.389506,1.294768,1.037681,0.155495,0.982401,-0.103491,-0.234716,0.138508,0.962145,0.959547,-0.125318,0.252123,0.437283,0.427461,0.489418,0.621717,2.520111,0.205001,-0.554470,0.356104,0.315798,0.522966,0.103491,-0.962145,-0.252123,0.000000,0.000000,0.000000,-1,0.332901,-1.067261,0.362030,2.519875,0.103117,-0.549461,155.057327,151.046326,-756.353760,0,0
90.920000,0.730995,1.404959,0.698402,0.146818,0.983005,-0.110208,-0.106144,0.126428,0.986281,0.983452,-0.133106,0.122902,0.473679,0.462793,0.460884,0.590794,1.431920,-2.816124,0.482754,-0.418801,-0.512026,0.168648,0.110208,-0.986281,-0.122902,0.000000,0.000000,0.000000,-1,-0.426102,-1.672684,-0.230972,2.039558,-1.939402,0.500048,156.458969,148.950882,-755.351746,0,0
90.960000,0.724237,1.419614,0.602739,0.245696,0.964197,-0.099787,-0.085379,0.124068,0.988594,0.965580,-0.234373,0.112805,0.502201,0.437483,0.430999,0.608804,0.869751,-2.673158,-0.326499,-0.507532,-0.324868,-0.053363,0.099787,-0.988594,-0.112805,0.000000,0.000000,0.000000,-1,-0.380707,-1.203537,-0.200577,0.672580,-3.215000,-0.299254,155.758148,149.300125,-752.011719,0,0
91.000000,1.131575,1.481840,0.138062,0.297120,0.951449,-0.080406,-0.012226,0.087993,0.996046,0.954762,-0.294962,0.037777,0.541144,0.433906,0.403938,0.596425,2.235892,-0.708120,0.674999,-0.103294,-0.002047,0.096707,0.080406,-0.996046,-0.037777,0.000000,0.000000,0.000000,-1,0.002808,-0.874329,0.166183,2.235666,-0.810003,0.680004,155.582947,149.474747,-747.836670,0,0
91.040000,2.089617,1.495812,-0.864459,0.336941,0.939276,-0.065055,0.056990,0.048623,0.997190,0.939799,-0.339702,-0.037146,0.575644,0.432674,0.379898,0.580607,1.130223,-0.745011,0.125709,-0.036094,0.334318,0.232125,0.065055,-0.997190,0.037146,0.000000,0.000000,0.000000,-1,0.055191,-0.721191,0.269699,1.304335,-1.031320,0.162600,155.232529,150.871704,-744.496582,0,0
91.080000,2.283675,1.488514,-1.047588,0.326278,0.943227,-0.062175,0.071194,0.041067,0.996617,0.942589,-0.329600,-0.053753,0.578568,0.438333,0.380428,0.573060,0.157612,1.217322,0.058431,0.063695,0.149495,0.102375,0.062175,-0.996617,0.053753,0.000000,0.000000,0.000000,-1,0.162674,-0.889938,0.066055,0.279453,0.806937,0.074121,154.706909,151.046326,-743.995605,0,0
91.120000,2.467617,1.483141,-1.135748,0.234488,0.970583,-0.054636,0.079389,0.036896,0.996161,0.968872,-0.237925,-0.068402,0.562582,0.466586,0.406268,0.548403,0.512574,2.314678,0.079350,0.186453,0.031637,-0.157864,0.054636,-0.996161,0.068402,0.000000,0.000000,0.000000,-1,0.213074,-0.943298,-0.089752,0.512347,2.212797,0.084356,152.954849,150.347839,-746.667603,0,0
91.160000,2.815969,1.448524,-1.421294,0.172850,0.984175,-0.039018,0.120608,0.018167,0.992534,0.977536,-0.176266,-0.115559,0.563525,0.490121,0.416360,0.518521,1.297891,0.593288,0.333756,-0.005952,0.041606,-0.247853,0.039018,-0.992534,0.115559,0.000000,0.000000,0.000000,-1,0.004120,-0.926727,-0.148926,1.237221,0.723585,0.333061,154.181290,150.871704,-747.168640,0,0
91.200000,2.936003,1.409454,-1.549980,0.181073,0.982923,-0.032794,0.160608,0.003344,0.987013,0.970267,-0.183988,-0.157260,0.577709,0.494856,0.405686,0.506744,1.467233,-0.872202,0.147034,-0.043033,0.110426,-0.283954,0.032794,-0.987013,0.157260,0.000000,0.000000,0.000000,-1,-0.008621,-0.855240,-0.079285,1.447176,-0.726981,0.200074,152.954849,149.998596,-744.663574,0,0
91.240000,2.922631,1.348355,-1.611506,0.251415,0.966692,-0.047920,0.220428,-0.008978,0.975362,0.942445,-0.255783,-0.215344,0.607400,0.488608,0.368178,0.506728,1.197721,-1.821441,-0.081856,-0.039253,0.025212,-0.235104,0.047920,-0.975362,0.215344,0.000000,0.000000,0.000000,-1,0.030869,-0.990921,-0.042770,1.197494,-1.923319,-0.076851,153.305267,150.697083,-741.323547,0,0
91.280000,2.912967,1.304390,-1.659204,0.303785,0.950870,-0.059666,0.262238,-0.023245,0.964723,0.915940,-0.308715,-0.256416,0.629175,0.482023,0.340236,0.505995,0.858367,-1.219087,0.024473,-0.043690,-0.060378,-0.231239,0.059666,-0.964723,0.256416,0.000000,0.000000,0.000000,-1,0.012939,-1.026947,0.022003,0.918878,-1.194783,0.039940,153.480469,150.871704,-740.488525,0,0
91.320000,2.891818,1.284819,-1.685786,0.346756,0.935360,-0.069730,0.280232,-0.032367,0.959387,0.895115,-0.352214,-0.273341,0.642741,0.472816,0.321041,0.510159,0.592652,-1.667381,0.145898,-0.094371,-0.038592,-0.280841,0.071315,-0.958692,0.275363,0.000000,0.000000,0.000000,-1,-0.023056,-0.997284,-0.005478,0.544614,-1.769257,0.150903,155.232529,151.570175,-738.150513,0,0
91.360000,2.858350,1.276810,-1.729236,0.415621,0.905926,-0.080982,0.286141,-0.045719,0.957096,0.863356,-0.420961,-0.278224,0.659463,0.451908,0.296595,0.522417,-0.026624,-1.716995,0.296022,-0.144337,-0.130672,-0.222255,0.080982,-0.957096,0.278224,0.000000,0.000000,0.000000,-1,-0.029755,-1.148270,0.079544,-0.026851,-1.818871,0.301027,153.655670,150.697083,-738.317505,0,0
91.400000,2.815657,1.269282,-1.752422,0.471841,0.876541,-0.095087,0.292082,-0.053641,0.954888,0.831898,-0.478328,-0.281332,0.672089,0.434698,0.274075,0.533120,0.239551,-1.002903,-0.032441,-0.016520,-0.372596,-0.232061,0.095087,-0.954888,0.281332,0.000000,0.000000,0.000000,-1,0.060532,-1.340210,0.026733,0.313674,-1.234112,-0.020226,155.232529,151.919418,-736.814514,0,0
91.440000,2.799706,1.275651,-1.746383,0.480412,0.871604,-0.097522,0.286406,-0.050812,0.956760,0.828961,-0.487570,-0.274043,0.671801,0.430935,0.272193,0.537484,-0.576515,0.299229,0.104706,-0.105410,-0.443982,-0.250621,0.097521,-0.956760,0.274043,0.000000,0.000000,0.000000,-1,-0.084839,-1.348557,-0.034988,-0.438932,-0.113351,0.065981,156.108551,152.443283,-736.313477,0,0
91.480000,2.773139,1.331679,-1.625927,0.400798,0.912186,-0.085305,0.236485,-0.013051,0.971548,0.885119,-0.409568,-0.220949,0.639296,0.449194,0.312771,0.540092,-2.047549,2.958191,-0.616536,-0.192849,-0.200205,-0.278627,0.085305,-0.971547,0.220949,0.000000,0.000000,0.000000,-1,-0.036896,-1.101593,-0.128067,-2.047776,2.856318,-0.611532,154.706909,151.744797,-737.983521,0,0
91.520000,2.450179,1.435680,-1.162412,0.273932,0.957906,-0.085892,0.123628,0.053495,0.990886,0.953770,-0.282054,-0.103770,0.575371,0.469929,0.377095,0.553095,-3.592041,2.080277,-0.638099,0.013626,0.068095,-0.469401,0.085892,-0.990886,0.103770,0.000000,0.000000,0.000000,-1,0.107086,-1.053574,-0.253036,-3.489631,2.349594,-0.557186,155.582947,149.823975,-742.826599,0,1
91.560000,1.627051,1.471059,-0.322986,0.262005,0.959932,-0.099415,0.031604,0.094423,0.995030,0.964549,-0.263845,-0.005598,0.541567,0.457716,0.399366,0.581126,-2.917288,-0.807409,-0.425077,-0.098682,0.053746,0.052431,0.099415,-0.995030,0.005598,0.000000,0.000000,0.000000,-1,0.105759,-1.171906,0.036636,-3.023648,-0.488435,-0.458034,156.634171,150.173218,-748.504639,0,0
91.600000,0.792776,1.395487,0.421291,0.353676,0.927081,-0.124235,-0.071324,0.159163,0.984673,0.932645,-0.339394,0.122415,0.517711,0.413241,0.390377,0.639385,-2.378505,-2.689647,-0.671431,0.228411,-0.462288,0.206278,0.124235,-0.984673,-0.122415,0.000000,0.000000,0.000000,-1,0.421692,-1.457153,0.132416,-2.378729,-2.791517,-0.666428,157.860626,149.300125,-750.341675,0,0
91.640000,0.604305,1.334591,0.583691,0.382214,0.914458,-0.132965,-0.128967,0.195270,0.972233,0.915030,-0.354453,0.192570,0.498592,0.393854,0.392137,0.665217,-0.800650,2.983354,-0.110233,0.264084,-0.375728,0.834400,0.132965,-0.972233,-0.192570,0.000000,0.000000,0.000000,-1,0.325348,-1.232773,0.593094,-0.845265,1.854135,-0.107551,158.386230,149.474747,-750.174683,0,0
91.680000,0.681752,1.303829,0.640947,0.258909,0.951489,-0.166239,-0.157745,0.211450,0.964575,0.952934,-0.223514,0.204838,0.458972,0.432349,0.428509,0.647147,-2.215163,3.841004,-0.135745,0.051931,-0.008951,0.405507,0.166239,-0.964575,-0.204839,0.000000,0.000000,0.000000,-1,-0.085724,-0.930389,-0.181870,-1.896256,4.400583,-0.215958,159.087067,148.776260,-754.182739,0,0
91.720000,0.531925,1.219146,0.858398,0.202985,0.963471,-0.174701,-0.260677,0.225148,0.938806,0.943846,-0.145022,0.296856,0.412608,0.425825,0.466027,0.656694,-1.697001,1.087798,-0.032232,-0.252964,0.139687,0.346478,0.174701,-0.938806,-0.296856,0.000000,0.000000,0.000000,-1,0.030121,-0.645340,0.075180,-1.697238,0.985928,-0.027228,159.437469,149.823975,-759.526794,0,0
91.760000,0.513940,1.169862,0.926987,0.160686,0.968178,-0.191866,-0.312151,0.234263,0.920697,0.936345,-0.088052,0.339860,0.382937,0.428287,0.486033,0.658561,-1.101225,0.794378,0.133784,0.148344,0.394162,0.462068,0.191866,-0.920697,-0.339860,0.000000,0.000000,0.000000,-1,0.367401,-0.507111,0.118210,-1.134591,0.748613,0.081460,161.014328,150.347839,-761.697876,0,0
91.800000,0.489699,1.152224,0.973507,0.140959,0.971381,-0.191181,-0.336084,0.228592,0.913670,0.931224,-0.064537,0.358687,0.372048,0.426892,0.497277,0.657312,-0.297500,0.220977,0.241331,0.016735,0.520711,0.311736,0.191181,-0.913670,-0.358687,0.000000,0.000000,0.000000,-1,0.207916,-0.392960,-0.046951,-0.297736,0.119109,0.246335,160.839127,151.919418,-763.534851,0,0
91.840000,0.470370,1.169197,0.984469,0.145734,0.973333,-0.177158,-0.325604,0.216282,0.920437,0.934208,-0.076455,0.348440,0.381121,0.424885,0.496595,0.653922,0.784847,-0.466858,0.391000,0.039578,0.501522,0.194754,0.177158,-0.920437,-0.348440,0.000000,0.000000,0.000000,-1,0.227112,-0.438278,-0.142136,0.784611,-0.568726,0.396004,160.839127,151.570175,-763.200867,0,0
91.880000,0.475330,1.227282,0.960284,0.156678,0.975549,-0.154129,-0.275957,0.193082,0.941577,0.948314,-0.104991,0.299461,0.407472,0.429227,0.487263,0.642110,1.515628,-0.221862,0.441407,0.081024,0.478244,0.060554,0.154129,-0.941577,-0.299461,0.000000,0.000000,0.000000,-1,0.234177,-0.440277,-0.259048,1.463265,-0.389455,0.451538,160.839127,151.570175,-763.534851,0,1
91.920000,0.537964,1.277944,0.898343,0.151150,0.977381,-0.147919,-0.225837,0.179824,0.957424,0.962368,-0.111309,0.247909,0.425270,0.441804,0.478784,0.628268,1.395489,0.305532,0.049967,0.123260,-0.020161,-0.273148,0.147919,-0.957424,-0.247909,0.000000,0.000000,0.000000,-1,0.271179,-0.977585,-0.521057,1.395253,0.203666,0.054971,160.839127,150.871704,-763.200867,0,0
91.960000,0.540733,1.277795,0.910747,0.136365,0.979438,-0.148678,-0.228162,0.177096,0.957381,0.964026,-0.096631,0.247620,0.421796,0.445284,0.483260,0.624716,-1.406535,0.288739,0.192621,0.073246,-1.316148,-1.119628,0.148678,-0.957381,-0.247620,0.000000,0.000000,0.000000,-1,0.094727,-2.312531,-1.475006,-1.406762,0.186871,0.197621,159.087067,149.125504,-761.530823,0,0
92.000000,0.483804,1.215779,1.002427,0.108911,0.980814,-0.161689,-0.292956,0.187102,0.937641,0.949903,-0.054752,0.307712,0.391822,0.438885,0.502916,0.633191,-0.686974,0.630584,-0.216811,-0.139701,0.072925,-0.794766,0.161689,-0.937641,-0.307712,0.000000,0.000000,0.000000,-1,0.089828,-0.692383,-0.967316,-0.960589,0.588004,-0.264378,160.488708,150.522461,-761.530823,0,0
92.040000,0.490990,1.197841,1.033965,0.073679,0.982373,-0.171800,-0.313115,0.186344,0.931255,0.946853,-0.014821,0.321325,0.376168,0.444787,0.515098,0.628758,-0.727656,0.753841,-0.033959,0.590865,0.334850,0.200063,0.171800,-0.931255,-0.321325,0.000000,0.000000,0.000000,-1,0.762665,-0.596405,-0.121262,-0.727883,0.651975,-0.028959,161.014328,151.744797,-763.033875,0,0
92.080000,0.552661,1.188415,1.008339,0.041868,0.979734,-0.195876,-0.315649,0.198978,0.927779,0.947952,0.022984,0.317583,0.362390,0.458129,0.518830,0.624185,0.143944,1.428494,-0.510392,0.494309,-0.201005,0.442659,0.195876,-0.927779,-0.317583,0.000000,0.000000,0.000000,-1,0.576630,-1.028976,0.192642,0.143717,1.326628,-0.505391,161.715149,151.395554,-764.369873,0,0
92.120000,0.592062,1.202570,0.938460,0.070439,0.977079,-0.200885,-0.290362,0.212748,0.932967,0.954321,-0.007388,0.298693,0.373831,0.459243,0.503861,0.628864,0.902088,-3.379308,-0.347066,-0.185351,-0.036698,0.214266,0.200885,-0.932967,-0.298693,0.000000,0.000000,0.000000,-1,0.020065,-0.937973,-0.013855,0.952431,-2.739013,-0.334271,163.642410,150.871704,-765.538879,0,0
92.160000,0.552567,1.223410,0.860384,0.180959,0.967122,-0.178689,-0.258086,0.222018,0.940266,0.949023,-0.124032,0.289777,0.409012,0.433382,0.470850,0.650529,1.188096,-3.229856,-0.375361,0.204688,0.140507,0.606443,0.178689,-0.940266,-0.289777,0.000000,0.000000,0.000000,-1,0.611069,-1.106430,0.183395,0.928197,-3.860709,-0.328941,163.992828,151.919418,-764.536865,0,0
92.200000,0.768409,1.308164,0.621991,0.193305,0.964404,-0.180436,-0.151271,0.211001,0.965710,0.969407,-0.159382,0.186674,0.445991,0.455802,0.442258,0.630670,2.585069,-0.199634,0.407182,-0.277513,-0.116550,0.364561,0.180436,-0.965710,-0.186674,0.000000,0.000000,0.000000,-1,-0.242218,-0.928574,0.341736,2.584838,-0.301498,0.412186,161.189529,152.268661,-759.526794,0,0
92.240000,0.904043,1.369856,0.411427,0.258884,0.953089,-0.156846,-0.079820,0.182936,0.979879,0.962605,-0.241156,0.123435,0.487984,0.447386,0.412800,0.625551,1.421132,-2.144662,0.021386,-0.451569,-0.205698,0.170188,0.156846,-0.979879,-0.123435,0.000000,0.000000,0.000000,-1,-0.217056,-1.250122,-0.171814,1.392548,-2.091641,0.088762,161.189529,150.173218,-756.520752,0,0
92.280000,1.030899,1.395892,0.219387,0.317899,0.936302,-0.149262,-0.037871,0.169843,0.984743,0.947368,-0.307396,0.089451,0.514443,0.436604,0.387850,0.627932,1.476201,-1.764884,0.169049,-0.254166,-0.268308,-0.121410,0.149262,-0.984743,-0.089451,0.000000,0.000000,0.000000,-1,0.029205,-1.095657,-0.160675,1.482981,-2.023782,0.091714,158.035828,149.474747,-752.846741,0,0
92.320000,1.369964,1.441562,-0.166132,0.357432,0.925362,-0.126284,0.021312,0.127100,0.991661,0.933696,-0.357143,0.025709,0.548777,0.431265,0.367823,0.614459,1.782403,-0.242032,0.424731,-0.028582,0.079017,0.090421,0.126284,-0.991661,-0.025709,0.000000,0.000000,0.000000,-1,0.079575,-0.872345,0.116745,1.782171,-0.343894,0.429734,158.561447,148.601639,-751.009705,0,0
92.360000,1.995501,1.444140,-0.778744,0.341564,0.932785,-0.115096,0.088724,0.089913,0.991990,0.935662,-0.349039,-0.052049,0.570899,0.447325,0.359331,0.587245,1.281124,0.823995,0.066972,-0.047881,0.199982,0.076918,0.115096,-0.991990,0.052049,0.000000,0.000000,0.000000,-1,0.068726,-0.784454,0.063324,1.437298,0.638452,0.120624,156.634171,148.776260,-748.838684,0,0
92.400000,2.191221,1.433125,-0.946390,0.313978,0.942841,-0.111660,0.111342,0.080231,0.990538,0.942879,-0.323439,-0.079787,0.573048,0.459902,0.362631,0.573241,0.612684,1.050918,0.099908,-0.073330,0.114592,-0.124556,0.111660,-0.990538,0.079787,0.000000,0.000000,0.000000,-1,0.024918,-0.956024,-0.108093,0.652737,0.935233,0.076873,157.510208,148.601639,-746.667603,0,0
92.440000,2.457472,1.411313,-1.170468,0.272612,0.956875,-0.100365,0.146251,0.061891,0.987310,0.950943,-0.283831,-0.123072,0.577450,0.477585,0.368248,0.550325,1.182900,0.829551,0.239288,-0.007821,0.026860,-0.250315,0.100365,-0.987310,0.123072,0.000000,0.000000,0.000000,-1,0.074463,-0.954041,-0.089874,1.182669,0.727692,0.244291,157.685410,150.173218,-745.832642,0,0
92.480000,2.702239,1.370278,-1.397358,0.254398,0.963382,-0.084721,0.196189,0.034372,0.979963,0.946991,-0.265922,-0.180261,0.591669,0.489958,0.364338,0.526429,1.140803,0.050281,0.230504,-0.073552,0.126402,-0.124536,0.084721,-0.979963,0.180261,0.000000,0.000000,0.000000,-1,-0.006699,-0.865707,0.081863,1.187494,0.093685,0.243908,158.561447,150.697083,-747.001648,0,0
92.520000,2.789801,1.330289,-1.524070,0.290449,0.953364,-0.082078,0.237936,0.011126,0.971217,0.926837,-0.301618,-0.223608,0.612970,0.485872,0.344535,0.519126,1.213257,-1.178487,0.241634,0.011703,0.079494,-0.216665,0.082078,-0.971217,0.223608,0.000000,0.000000,0.000000,-1,0.093781,-0.891724,0.006943,1.213025,-1.280345,0.246637,157.860626,150.347839,-741.657593,0,0
92.560000,2.828933,1.291430,-1.602318,0.325507,0.941728,-0.084817,0.275610,-0.008691,0.961230,0.904480,-0.336264,-0.262378,0.631778,0.481711,0.324348,0.513429,1.476508,-1.325974,0.160683,0.045401,-0.034833,-0.311130,0.084817,-0.961230,0.262378,0.000000,0.000000,0.000000,-1,0.128693,-0.997971,-0.049591,1.476276,-1.427832,0.165686,157.860626,150.347839,-741.657593,0,0
92.600000,2.806472,1.256889,-1.653640,0.389885,0.915247,-0.101552,0.307718,-0.025551,0.951134,0.867928,-0.402082,-0.291600,0.653268,0.468018,0.293286,0.517864,0.225454,-1.746013,0.045530,-0.038106,-0.076820,-0.348332,0.101552,-0.951134,0.291600,0.000000,0.000000,0.000000,-1,0.010422,-1.022308,-0.040497,0.365568,-1.789571,0.040214,158.035828,150.871704,-742.492554,0,0
92.640000,2.740044,1.256704,-1.691258,0.479641,0.869117,-0.120752,0.306714,-0.037127,0.951077,0.822114,-0.493212,-0.284378,0.671034,0.438067,0.261299,0.538084,0.467013,-2.563094,0.271000,-0.210230,-0.212924,-0.113586,0.120752,-0.951077,0.284378,0.000000,0.000000,0.000000,-1,-0.089478,-1.164001,0.170792,0.466781,-2.664950,0.276003,158.211029,151.395554,-737.315491,0,0
92.680000,2.725303,1.235355,-1.732658,0.524233,0.841107,-0.133113,0.324883,-0.053050,0.944265,0.787166,-0.538261,-0.301072,0.685265,0.425379,0.238613,0.540858,0.845106,-1.050367,0.137678,-0.086802,-0.324320,-0.101685,0.133113,-0.944265,0.301072,0.000000,0.000000,0.000000,-1,0.073975,-1.259781,0.150452,0.844874,-1.152222,0.142681,158.211029,151.395554,-737.315491,0,0
92.720000,2.758627,1.236841,-1.743948,0.507558,0.852868,-0.122483,0.322881,-0.056473,0.944753,0.798833,-0.519064,-0.304038,0.683386,0.430118,0.247426,0.535501,-0.710580,1.753750,0.060263,-0.188859,-0.461787,-0.212775,0.122483,-0.944753,0.304038,0.000000,0.000000,0.000000,-1,-0.132919,-1.440369,0.079453,-0.550507,1.299922,0.074661,158.736649,151.570175,-735.478455,0,1
92.760000,2.778000,1.298156,-1.645009,0.410853,0.906658,-0.095764,0.268534,-0.019965,0.963063,0.871257,-0.421393,-0.251672,0.648554,0.453005,0.298932,0.533670,-2.162859,2.268412,-0.322819,-0.000442,-0.124934,-0.442361,0.095764,-0.963063,0.251672,0.000000,0.000000,0.000000,-1,0.095322,-1.087997,-0.190689,-2.163091,2.166559,-0.317816,156.634171,150.173218,-738.150513,0,0
92.800000,2.636187,1.363211,-1.434530,0.350515,0.931226,-0.099784,0.204187,0.027997,0.978532,0.914028,-0.363365,-0.180331,0.612954,0.463091,0.332098,0.547307,-2.819038,2.244579,-0.653742,0.172905,0.206071,-0.225451,0.099784,-0.978532,0.180331,0.000000,0.000000,0.000000,-1,0.251343,-0.833176,0.072922,-2.819269,2.142727,-0.648739,156.634171,150.173218,-738.150513,0,0
92.840000,2.050621,1.445220,-0.794586,0.304605,0.945977,-0.111103,0.089373,0.087745,0.992126,0.948277,-0.312136,-0.057817,0.564508,0.458518,0.370754,0.577610,-2.721379,-0.227133,-0.187328,-0.097767,-0.015916,0.028762,0.111103,-0.992126,0.057817,0.000000,0.000000,0.000000,-1,0.022354,-1.086853,0.057831,-2.767102,0.019807,-0.194035,158.035828,149.823975,-745.498596,0,0
92.880000,1.172014,1.419664,0.013526,0.375939,0.916199,-0.138744,-0.002036,0.150544,0.988601,0.926642,-0.371371,0.058461,0.540123,0.423127,0.364684,0.629473,-2.102853,-2.604124,-0.897172,0.142979,-0.391068,0.154240,0.138744,-0.988601,-0.058461,0.000000,0.000000,0.000000,-1,0.281723,-1.379669,0.095779,-2.103085,-2.705975,-0.892169,159.963089,149.649353,-748.337646,0,0
92.920000,0.866805,1.376688,0.241520,0.449586,0.881053,-0.147035,-0.046136,0.187294,0.981220,0.892045,-0.434359,0.124852,0.533254,0.391425,0.349275,0.663651,-1.675176,-2.466430,-0.284487,0.236800,-0.308117,0.292135,0.147035,-0.981220,-0.124852,0.000000,0.000000,0.000000,-1,0.426910,-1.195129,0.198990,-1.675407,-2.568280,-0.279484,159.963089,149.649353,-748.337646,0,0
92.960000,0.791980,1.334423,0.393307,0.383617,0.908327,-0.166675,-0.089747,0.216298,0.972194,0.919121,-0.357991,0.164496,0.500705,0.408713,0.375693,0.664155,-1.135058,3.767411,-0.424947,0.145672,0.025767,0.637304,0.166675,-0.972194,-0.164495,0.000000,0.000000,0.000000,-1,0.354156,-0.836136,0.250732,-1.002060,3.674176,-0.333163,159.612686,148.950882,-750.007690,0,0
93.000000,0.700966,1.249459,0.596988,0.288028,0.935706,-0.203700,-0.177548,0.261207,0.948814,0.941019,-0.237119,0.241368,0.443129,0.427730,0.415973,0.669067,-2.698915,1.268848,-0.173050,-0.135310,0.042289,0.390340,0.203700,-0.948814,-0.241368,0.000000,0.000000,0.000000,-1,0.068390,-0.906525,0.148972,-2.699140,1.166996,-0.168050,161.189529,148.427017,-755.852783,0,0
93.040000,0.605698,1.196557,0.714103,0.274177,0.938887,-0.208129,-0.239423,0.276250,0.930786,0.931399,-0.205369,0.300533,0.417551,0.418790,0.433043,0.680250,-1.724955,0.270488,0.055802,-0.185974,0.088959,0.237453,0.208129,-0.930786,-0.300533,0.000000,0.000000,0.000000,-1,0.048309,-0.762573,-0.076584,-1.725180,0.168636,0.060803,161.189529,148.427017,-755.852783,0,0
93.080000,0.556023,1.165961,0.791323,0.251942,0.945150,-0.207888,-0.280151,0.276851,0.919167,0.926305,-0.173337,0.334535,0.400174,0.415444,0.448816,0.682519,-0.412744,0.716186,0.313767,-0.064181,0.316766,0.330278,0.207888,-0.919167,-0.334535,0.000000,0.000000,0.000000,-1,0.148224,-0.564896,0.043167,-0.540758,0.528399,0.281206,160.488708,150.871704,-760.194824,0,0
93.120000,0.553146,1.182109,0.815266,0.229531,0.952720,-0.199101,-0.275858,0.259853,0.925407,0.933390,-0.157486,0.322460,0.402249,0.420673,0.456365,0.673024,0.671296,-0.249513,0.405103,0.026333,0.470573,0.182049,0.199101,-0.925407,-0.322460,0.000000,0.000000,0.000000,-1,0.225433,-0.454834,-0.140411,0.671071,-0.351363,0.410103,161.539948,150.522461,-757.856812,0,0
93.160000,0.536793,1.213914,0.806259,0.249036,0.951874,-0.178654,-0.252130,0.241824,0.936991,0.935100,-0.188300,0.300219,0.420414,0.416104,0.449822,0.669156,1.155472,-1.147481,0.420838,0.053951,0.512812,0.097506,0.178654,-0.936991,-0.300219,0.000000,0.000000,0.000000,-1,0.237747,-0.440201,-0.202942,1.155247,-1.249331,0.425838,161.539948,150.522461,-757.856812,0,1
93.200000,0.559405,1.270159,0.730677,0.292927,0.943132,-0.157150,-0.197629,0.220534,0.955148,0.935487,-0.248732,0.250990,0.453156,0.411283,0.429398,0.664163,1.468120,-0.737698,0.073026,0.113113,0.350808,0.011534,0.157150,-0.955148,-0.250990,0.000000,0.000000,0.000000,-1,0.294235,-0.699661,-0.295044,1.440173,-1.009160,0.091861,159.087067,149.823975,-755.852783,0,0
93.240000,0.680935,1.313566,0.609130,0.288909,0.943866,-0.160152,-0.145558,0.208647,0.967098,0.946226,-0.256092,0.197667,0.469732,0.424874,0.418363,0.651004,0.499816,0.905633,0.085855,0.187642,-0.824451,-0.545085,0.160152,-0.967098,-0.197667,0.000000,0.000000,0.000000,-1,0.347794,-1.791550,-0.742752,0.499591,0.803785,0.090855,158.911850,149.998596,-753.681763,0,0
93.280000,0.624269,1.294877,0.698509,0.259701,0.952470,-0.159237,-0.175194,0.208628,0.962175,0.949664,-0.221981,0.221048,0.455528,0.426579,0.433797,0.649880,-2.190843,0.600438,0.213688,0.052097,-1.159117,-1.043448,0.159237,-0.962175,-0.221048,0.000000,0.000000,0.000000,-1,0.204895,-1.427460,-1.220139,-2.191068,0.498592,0.218688,159.612686,149.649353,-753.681763,0,0
93.320000,0.519102,1.224654,0.843102,0.229055,0.958752,-0.168313,-0.253337,0.225666,0.940689,0.939869,-0.172830,0.294578,0.420955,0.418937,0.458218,0.661305,-0.670783,0.703158,0.116691,0.103919,0.452346,-0.666589,0.168313,-0.940689,-0.294578,0.000000,0.000000,0.000000,-1,0.281967,-0.362305,-0.610382,-0.947719,0.435851,0.079748,158.911850,151.395554,-757.689819,0,0
93.360000,0.539131,1.216111,0.861689,0.193412,0.964781,-0.178298,-0.263578,0.226144,0.937756,0.945050,-0.134377,0.298033,0.409034,0.428573,0.468636,0.655284,-0.297937,1.346381,-0.103065,0.261689,0.355953,0.132735,0.178298,-0.937756,-0.298033,0.000000,0.000000,0.000000,-1,0.546310,-1.421982,0.176941,-0.313836,1.236166,-0.023394,158.561447,149.649353,-756.687744,0,0
93.400000,0.617554,1.211445,0.844634,0.136051,0.969549,-0.203630,-0.262952,0.233509,0.936125,0.955168,-0.073816,0.286714,0.392374,0.450207,0.478841,0.643482,0.121090,0.450413,-0.166399,0.174604,0.155043,0.042741,0.203630,-0.936125,-0.286714,0.000000,0.000000,0.000000,-1,0.226135,-0.705078,-0.312363,0.120865,0.348569,-0.161399,159.087067,150.522461,-758.858826,0,0
93.440000,0.570582,1.225845,0.760773,0.259098,0.948425,-0.182643,-0.233149,0.244924,0.941092,0.937289,-0.201252,0.284584,0.427080,0.418701,0.441747,0.668694,0.805861,-4.019718,-0.359070,0.095937,0.206168,0.665718,0.182643,-0.941092,-0.284584,0.000000,0.000000,0.000000,-1,0.473297,-0.743622,0.364197,0.807731,-4.211664,-0.344113,160.313507,148.252396,-757.689819,0,0
93.480000,0.699328,1.271627,0.550441,0.330497,0.924543,-0.189717,-0.154161,0.251194,0.955582,0.931132,-0.286570,0.225547,0.461995,0.416878,0.401203,0.672168,2.643856,1.819761,-0.490785,0.175808,-0.283524,0.294837,0.189717,-0.955582,-0.225547,0.000000,0.000000,0.000000,-1,0.365524,-1.239105,0.069290,2.643623,1.717917,-0.485780,158.736649,147.379303,-752.512695,0,0
93.520000,0.911717,1.328295,0.361230,0.301640,0.934331,-0.189837,-0.084869,0.224634,0.970740,0.949637,-0.276703,0.147054,0.482170,0.440437,0.393948,0.646786,2.058658,-0.379474,0.690362,-0.453997,-0.168481,0.399831,0.189837,-0.970740,-0.147054,0.000000,0.000000,0.000000,-1,-0.310364,-1.166229,0.127945,2.058426,-0.481318,0.695366,158.386230,147.728546,-750.508667,0,0
93.560000,0.959036,1.369627,0.219069,0.386264,0.907768,-0.163576,-0.043424,0.195039,0.979834,0.921366,-0.371371,0.114756,0.518765,0.416539,0.365189,0.651164,1.159728,-1.976110,0.023505,-0.388658,-0.291407,-0.139135,0.163576,-0.979834,-0.114756,0.000000,0.000000,0.000000,-1,-0.083359,-1.218887,-0.233017,1.015780,-2.255031,0.014937,157.860626,147.903152,-747.335632,0,0
93.600000,1.177536,1.425419,-0.072630,0.448511,0.883704,-0.133807,0.010512,0.144483,0.989451,0.893715,-0.445187,0.055513,0.558685,0.400144,0.340043,0.641971,1.741579,-1.319700,0.816173,-0.094088,0.050471,0.056138,0.133807,-0.989451,-0.055513,0.000000,0.000000,0.000000,-1,0.039719,-0.938980,0.000626,1.741347,-1.421542,0.821177,158.736649,149.125504,-744.162598,0,0
93.640000,1.484605,1.453196,-0.419051,0.481219,0.868772,-0.116894,0.047741,0.107177,0.993093,0.875299,-0.483476,0.010100,0.583939,0.392383,0.324694,0.632158,1.594197,-1.218645,0.335477,-0.077465,0.201742,0.167540,0.116894,-0.993093,-0.010100,0.000000,0.000000,0.000000,-1,0.039215,-0.780014,0.208969,1.593964,-1.320486,0.340481,157.159790,148.601639,-742.993591,0,0
93.680000,1.947013,1.452747,-0.913802,0.506938,0.854994,-0.109538,0.093258,0.071930,0.993040,0.856923,-0.513625,-0.043271,0.607923,0.389956,0.307352,0.619596,0.853371,0.158216,0.108729,-0.032176,0.150389,0.124041,0.109538,-0.993040,0.043271,0.000000,0.000000,0.000000,-1,0.074356,-0.886429,0.114548,0.983691,-0.200201,0.108134,156.634171,150.173218,-738.818542,0,0
93.720000,2.198138,1.442558,-1.104636,0.453439,0.885253,-0.103536,0.114242,0.057480,0.991789,0.883935,-0.461544,-0.075069,0.606430,0.412041,0.321719,0.599135,0.619276,1.995338,-0.037392,0.011698,0.019590,-0.107418,0.103536,-0.991789,0.075069,0.000000,0.000000,0.000000,-1,0.115234,-0.972198,-0.032349,0.619044,1.893500,-0.032388,157.335007,149.823975,-738.484497,0,0
93.760000,2.388926,1.428963,-1.248673,0.410853,0.906566,-0.096631,0.134088,0.044751,0.989958,0.901787,-0.419685,-0.103173,0.606068,0.429264,0.332123,0.581470,0.904579,1.241913,0.216028,-0.005551,0.005065,-0.147301,0.096631,-0.989958,0.103173,0.000000,0.000000,0.000000,-1,0.069489,-0.979568,-0.049271,0.904346,1.140074,0.221032,155.407730,150.347839,-738.317505,0,0
93.800000,2.659119,1.398792,-1.488417,0.382682,0.920461,-0.079412,0.170577,0.014084,0.985244,0.907997,-0.390581,-0.151620,0.616486,0.442443,0.336011,0.557931,0.994478,0.357781,0.272213,-0.037008,0.062316,-0.248284,0.079412,-0.985244,0.151620,0.000000,0.000000,0.000000,-1,0.062042,-0.921844,-0.118668,1.023079,0.368343,0.288093,154.356491,152.094040,-740.321533,0,0
93.840000,2.764003,1.362948,-1.614727,0.401221,0.912816,-0.076079,0.206156,-0.009062,0.978477,0.892481,-0.408269,-0.191819,0.632871,0.442022,0.322499,0.547800,0.972490,-0.987929,0.072168,0.011827,0.035728,-0.324067,0.076079,-0.978477,0.191819,0.000000,0.000000,0.000000,-1,0.087906,-0.942749,-0.132248,0.972258,-1.089766,0.077172,154.882111,151.220947,-738.150513,0,0
93.880000,2.775145,1.332912,-1.668837,0.437923,0.895039,-0.084433,0.234516,-0.023066,0.971839,0.867886,-0.445392,-0.220002,0.648265,0.435607,0.302134,0.546547,1.115044,-1.691021,-0.043239,-0.108633,0.032981,-0.238999,0.084433,-0.971839,0.220002,0.000000,0.000000,0.000000,-1,-0.060715,-0.962250,0.048416,1.114812,-1.792857,-0.038235,155.407730,151.395554,-735.311462,0,0
93.920000,2.763680,1.293119,-1.737167,0.503866,0.857839,-0.101146,0.270337,-0.045396,0.961695,0.820388,-0.511909,-0.254779,0.671573,0.419975,0.267745,0.548564,0.832203,-1.355692,0.161535,-0.190715,-0.030661,-0.126636,0.101146,-0.961695,0.254779,0.000000,0.000000,0.000000,-1,-0.067780,-0.990829,0.088364,0.877528,-1.592195,0.151753,155.933350,151.919418,-732.472412,0,0
93.960000,2.768335,1.274686,-1.782462,0.536620,0.837088,-0.106406,0.285290,-0.061304,0.956479,0.794134,-0.543622,-0.271710,0.683673,0.410422,0.251483,0.548545,0.232659,-0.820426,0.075312,-0.113089,-0.039127,-0.182583,0.106406,-0.956479,0.271710,0.000000,0.000000,0.000000,-1,-0.006683,-0.995605,0.089127,0.232427,-0.922260,0.080316,156.108551,152.792526,-732.305420,0,0
94.000000,2.756494,1.269714,-1.800746,0.560544,0.820597,-0.111400,0.288748,-0.067593,0.955016,0.776154,-0.567495,-0.274834,0.689741,0.402087,0.240943,0.551842,0.247702,-0.862750,0.128526,0.002979,-0.161775,-0.169412,0.111400,-0.955016,0.274834,0.000000,0.000000,0.000000,-1,0.177185,-1.142792,0.045944,0.247479,-0.964588,0.133527,157.159790,153.141754,-731.303406,0,0
94.040000,2.767479,1.262526,-1.815357,0.563241,0.818820,-0.110881,0.294383,-0.073465,0.952860,0.772074,-0.569331,-0.282425,0.692663,0.401783,0.238642,0.549398,0.040932,0.114254,-0.208675,0.079076,-0.217169,-0.362518,0.110881,-0.952860,0.282425,0.000000,0.000000,0.000000,-1,0.132385,-1.259872,-0.084030,0.095235,0.037977,-0.127804,156.984589,152.967148,-729.800415,0,0
94.080000,2.718092,1.278302,-1.762864,0.560289,0.819777,-0.118495,0.283040,-0.055041,0.957528,0.778437,-0.570031,-0.262868,0.685237,0.402349,0.240772,0.557310,-0.993591,0.080725,0.067745,-0.261668,-0.366722,-0.383611,0.118495,-0.957528,0.262868,0.000000,0.000000,0.000000,-1,-0.143173,-1.324249,-0.120743,-0.993814,-0.021111,0.072745,156.458969,153.490997,-729.967407,0,1
94.120000,2.648149,1.319684,-1.673628,0.546787,0.828958,-0.117696,0.247169,-0.025507,0.968637,0.799958,-0.558728,-0.218839,0.669166,0.402040,0.254893,0.570623,-2.006672,1.094643,-0.389446,-0.202260,-0.114157,-0.232984,0.117696,-0.968637,0.218839,0.000000,0.000000,0.000000,-1,-0.068268,-1.037994,0.139557,-2.006895,0.992808,-0.384446,156.984589,151.570175,-729.800415,0,0
94.160000,2.359689,1.398838,-1.274645,0.456934,0.881291,-0.120571,0.163663,0.049938,0.985251,0.874314,-0.469928,-0.121417,0.618145,0.422617,0.304841,0.588527,-2.993098,1.924597,-0.505711,0.016056,0.184592,-0.189441,0.120571,-0.985251,0.121417,0.000000,0.000000,0.000000,-1,0.100677,-0.953400,-0.081039,-2.878201,2.138729,-0.486386,156.283768,150.173218,-733.808472,0,0
94.200000,1.543011,1.436940,-0.447843,0.454024,0.880945,-0.133406,0.057790,0.120296,0.991055,0.889113,-0.457672,0.003708,0.576633,0.406990,0.327638,0.628098,-2.452822,-1.500661,-0.320693,-0.034163,-0.318180,0.028076,0.133406,-0.991055,-0.003708,0.000000,0.000000,0.000000,-1,0.099243,-1.309235,0.024368,-2.453045,-1.602495,-0.315693,157.159790,148.601639,-739.653564,0,0
94.240000,1.106704,1.405031,-0.071026,0.509072,0.847982,-0.147554,0.011710,0.164591,0.986292,0.860644,-0.503822,0.073859,0.563609,0.381333,0.316305,0.660969,-1.774694,-2.159336,-0.516664,0.107695,-0.499364,0.235801,0.147554,-0.986292,-0.073859,0.000000,0.000000,0.000000,-1,0.273788,-1.413696,0.214905,-1.774918,-2.261169,-0.511664,157.335007,147.030060,-741.156555,0,0
94.280000,0.923528,1.381797,0.095077,0.525903,0.837236,-0.149875,-0.017836,0.187028,0.982193,0.850358,-0.513865,0.113291,0.553530,0.370079,0.316370,0.675689,-0.064295,2.453640,0.168057,0.171261,-0.163910,0.829234,0.149875,-0.982193,-0.113291,0.000000,0.000000,0.000000,-1,0.281189,-0.971954,0.469299,-0.068452,1.517381,0.146018,157.685410,145.982346,-742.492554,0,0
94.320000,0.873646,1.338847,0.305836,0.387586,0.904830,-0.176239,-0.069213,0.219208,0.973220,0.919232,-0.365008,0.147588,0.505171,0.413532,0.367694,0.662265,-2.333039,2.854904,-0.176795,-0.099259,-0.021928,0.264211,0.176239,-0.973220,-0.147588,0.000000,0.000000,0.000000,-1,0.076981,-0.995148,0.116623,-2.333262,2.753073,-0.171795,156.984589,145.982346,-743.828613,0,0
94.360000,0.704647,1.289313,0.528678,0.343960,0.921583,-0.179937,-0.140110,0.239856,0.960645,0.928472,-0.305212,0.211624,0.472356,0.413604,0.396172,0.669970,-2.340180,0.944052,0.295689,-0.261571,-0.051898,0.237992,0.179937,-0.960645,-0.211624,0.000000,0.000000,0.000000,-1,-0.016434,-0.882324,-0.022232,-2.340403,0.842221,0.300689,156.634171,148.077774,-749.506653,0,0
94.400000,0.613000,1.236523,0.662130,0.310956,0.931493,-0.188754,-0.201704,0.258754,0.944649,0.928774,-0.255672,0.268347,0.442678,0.412144,0.417923,0.677875,-0.975665,0.744147,-0.107769,0.083326,0.269799,0.225332,0.188754,-0.944649,-0.268347,0.000000,0.000000,0.000000,-1,0.272079,-0.674850,-0.043015,-1.043976,0.648658,-0.115876,158.386230,146.331573,-751.510681,0,0
94.440000,0.582442,1.214154,0.722071,0.286024,0.938781,-0.192044,-0.230754,0.262000,0.937074,0.930023,-0.223711,0.291566,0.427919,0.413645,0.431144,0.678158,-0.380482,0.368244,0.200100,0.078693,0.388536,0.267640,0.192044,-0.937074,-0.291566,0.000000,0.000000,0.000000,-1,0.270737,-0.548538,-0.023926,-0.380706,0.266415,0.205100,159.612686,146.506195,-752.011719,0,0
94.480000,0.569305,1.217021,0.734347,0.286349,0.939750,-0.186748,-0.232151,0.257153,0.938072,0.929575,-0.225262,0.291799,0.429359,0.412009,0.432521,0.677366,0.267308,-0.329450,0.143987,0.048039,0.396980,0.175115,0.186748,-0.938072,-0.291799,0.000000,0.000000,0.000000,-1,0.230301,-0.524231,-0.109467,0.267085,-0.431278,0.148987,157.510208,148.252396,-754.683716,0,0
94.520000,0.587325,1.242198,0.696343,0.302217,0.936315,-0.178829,-0.206996,0.247586,0.946496,0.930493,-0.249030,0.268637,0.443281,0.411319,0.423921,0.674248,0.831269,-0.350874,-0.007862,0.064289,0.419747,0.112418,0.178829,-0.946496,-0.268637,0.000000,0.000000,0.000000,-1,0.243118,-0.526749,-0.156219,0.772540,-0.485570,-0.004196,158.911850,147.204681,-754.683716,0,0
94.560000,0.671384,1.280455,0.607464,0.302680,0.936307,-0.178086,-0.163404,0.235063,0.958146,0.938980,-0.260912,0.224146,0.459203,0.420784,0.414247,0.663681,1.149687,0.345686,-0.010260,0.028869,0.274186,-0.003088,0.178086,-0.958146,-0.224146,0.000000,0.000000,0.000000,-1,0.206955,-0.683960,-0.227234,1.149463,0.243860,-0.005260,157.335007,147.379303,-753.848755,0,1
94.600000,0.758056,1.301411,0.539772,0.282334,0.941705,-0.182974,-0.136780,0.228301,0.963935,0.949515,-0.247124,0.193263,0.463888,0.433793,0.413107,0.652667,0.586941,0.981902,0.055831,-0.044287,-0.131433,-0.234380,0.182974,-0.963935,-0.193263,0.000000,0.000000,0.000000,-1,0.120834,-1.273712,-0.581146,0.586718,0.880077,0.060830,157.159790,147.553925,-752.011719,0,0
94.640000,0.690388,1.294767,0.644839,0.247887,0.953115,-0.173561,-0.163814,0.217811,0.962145,0.954839,-0.210072,0.210126,0.452756,0.435832,0.431401,0.647268,-1.239235,-0.029113,0.360280,-0.109490,-0.540433,-1.151507,0.173561,-0.962145,-0.210126,0.000000,0.000000,0.000000,-1,0.064072,-1.502579,-1.361633,-1.126203,0.091863,0.468333,158.035828,146.331573,-752.512695,0,0
94.680000,0.605184,1.264949,0.726648,0.254237,0.951851,-0.171301,-0.200042,0.225045,0.953592,0.946228,-0.208171,0.247625,0.442031,0.425201,0.438276,0.657059,-0.096290,-0.157755,0.111054,0.087061,0.164545,-0.490260,0.171301,-0.953592,-0.247625,0.000000,0.000000,0.000000,-1,0.258362,-0.789047,-0.737885,-0.096513,-0.259579,0.116053,157.159790,147.903152,-754.349731,0,0
94.720000,0.598202,1.269639,0.746041,0.241823,0.955833,-0.167047,-0.201331,0.217837,0.954994,0.949204,-0.197308,0.245117,0.441268,0.427463,0.443130,0.652835,-0.065163,0.735211,0.289640,0.279669,0.327430,-0.047074,0.167047,-0.954994,-0.245117,0.000000,0.000000,0.000000,-1,0.471359,-0.671799,-0.235123,-0.065386,0.633388,0.294639,156.984589,147.728546,-754.182739,0,0
94.760000,0.654451,1.258648,0.742371,0.192984,0.963229,-0.186942,-0.207614,0.226295,0.951676,0.958986,-0.144847,0.243651,0.425158,0.444314,0.453975,0.644773,-0.315369,0.565690,-0.337622,0.332193,-0.131393,0.064971,0.186942,-0.951676,-0.243651,0.000000,0.000000,0.000000,-1,0.365555,-1.001373,-0.350143,-0.164572,0.680106,-0.363983,158.561447,146.855438,-754.349731,0,0
94.800000,0.657042,1.250726,0.728100,0.205231,0.959662,-0.192171,-0.209374,0.234855,0.949213,0.956056,-0.154573,0.249128,0.424632,0.441729,0.449734,0.649849,0.231467,-1.295105,-0.425667,0.011946,-0.005270,-0.041140,0.192171,-0.949213,-0.249128,0.000000,0.000000,0.000000,-1,0.204117,-0.954483,-0.290268,0.231243,-1.396927,-0.420668,158.561447,146.855438,-754.349731,0,0
94.840000,0.646246,1.255776,0.669197,0.270971,0.944332,-0.186581,-0.192208,0.243011,0.950790,0.943202,-0.221774,0.247357,0.441759,0.425641,0.428187,0.663577,0.586956,-2.617047,-0.334267,0.165943,0.273666,0.503232,0.186581,-0.950790,-0.247357,0.000000,0.000000,0.000000,-1,0.415131,-0.612961,0.273560,0.586732,-2.718867,-0.329267,161.014328,147.204681,-754.015747,0,0
94.880000,0.742463,1.293276,0.484298,0.349333,0.918507,-0.185234,-0.127558,0.242466,0.961738,0.928275,-0.312339,0.201864,0.475658,0.415713,0.390533,0.669639,2.602678,0.464896,-0.417197,0.081551,-0.130624,0.416845,0.185234,-0.961738,-0.201864,0.000000,0.000000,0.000000,-1,0.266785,-1.092361,0.214981,2.246815,-0.365286,-0.406054,156.809387,145.807724,-752.345703,0,0
94.920000,1.155680,1.364876,0.076591,0.333576,0.923970,-0.187102,-0.015645,0.203869,0.978873,0.942594,-0.323601,0.082461,0.511675,0.443799,0.369126,0.636377,1.480807,-0.965204,0.384519,-0.436645,-0.354211,0.564135,0.187102,-0.978873,-0.082461,0.000000,0.000000,0.000000,-1,-0.249542,-1.333084,0.481674,1.480584,-1.067023,0.389518,158.561447,146.156952,-750.007690,0,0
94.960000,1.122263,1.375764,0.042134,0.396024,0.901482,-0.174629,-0.008163,0.193627,0.981041,0.918204,-0.387091,0.084040,0.528762,0.422363,0.351564,0.646856,0.060905,-2.413046,-0.033676,-0.459877,-0.143379,-0.249395,0.174629,-0.981041,-0.084040,0.000000,0.000000,0.000000,-1,-0.071487,-1.074326,-0.325806,0.060682,-2.514864,-0.028676,158.386230,146.331573,-746.834656,0,0
95.000000,1.306973,1.408235,-0.204830,0.449097,0.879715,-0.156246,0.032920,0.158463,0.986816,0.892877,-0.448319,0.042205,0.558666,0.408400,0.329638,0.642216,2.007634,-0.947592,0.811566,-0.006847,-0.045105,-0.034486,0.156246,-0.986816,-0.042205,0.000000,0.000000,0.000000,-1,0.149399,-1.031921,-0.076691,1.907282,-1.084464,0.773151,158.736649,147.379303,-745.164612,0,0
95.040000,1.809244,1.431775,-0.752914,0.485660,0.863715,-0.134653,0.094752,0.101117,0.990352,0.868997,-0.493733,-0.032730,0.595246,0.402551,0.308420,0.623307,1.358918,-0.869025,0.184389,-0.105356,0.252758,0.118194,0.134653,-0.990352,0.032730,0.000000,0.000000,0.000000,-1,0.039444,-0.726334,0.178329,1.358704,-0.970847,0.189385,156.984589,148.077774,-738.484497,0,0
95.080000,1.993147,1.424175,-0.955545,0.500295,0.855539,-0.133258,0.119306,0.084322,0.989270,0.857596,-0.510825,-0.059886,0.607425,0.401221,0.298118,0.617400,0.519222,-0.026346,0.068577,-0.091053,0.080793,0.014196,0.133258,-0.989270,0.059886,0.000000,0.000000,0.000000,-1,0.042206,-0.908478,0.074081,0.604888,-0.327518,0.051188,156.984589,148.077774,-738.484497,0,0
95.120000,2.164150,1.416975,-1.079894,0.458937,0.879341,-0.127026,0.135122,0.072229,0.988193,0.878134,-0.470682,-0.085670,0.606708,0.418020,0.309501,0.601144,0.677047,2.191550,0.022789,-0.053037,-0.036145,-0.185279,0.127026,-0.988193,0.085670,0.000000,0.000000,0.000000,-1,0.091904,-1.009064,-0.127762,0.594819,1.866033,0.033953,157.685410,148.427017,-738.818542,0,0
95.160000,2.441064,1.394664,-1.277884,0.386874,0.915189,-0.112953,0.167760,0.050594,0.984529,0.906744,-0.399837,-0.133959,0.606267,0.446564,0.327328,0.570857,0.869205,0.986352,0.196305,-0.089439,0.036424,-0.207338,0.112953,-0.984529,0.133959,0.000000,0.000000,0.000000,-1,0.009186,-0.942047,-0.044357,0.868991,0.884533,0.201301,156.108551,149.300125,-738.317505,0,0
95.200000,2.584681,1.372980,-1.410180,0.375828,0.920849,-0.103879,0.193999,0.031430,0.980498,0.906155,-0.388651,-0.166831,0.614660,0.453440,0.326309,0.556872,0.986550,0.096843,0.201154,-0.058835,0.047515,-0.188117,0.103878,-0.980498,0.166831,0.000000,0.000000,0.000000,-1,0.045044,-0.932983,-0.021286,0.962998,0.057579,0.207188,156.108551,149.300125,-738.317505,0,0
95.240000,2.697048,1.342041,-1.534010,0.385357,0.917600,-0.097520,0.226612,0.008340,0.973949,0.894509,-0.397418,-0.204726,0.628837,0.454892,0.316851,0.545200,0.985921,-0.493765,0.154895,0.031493,0.023922,-0.301344,0.097520,-0.973949,0.204726,0.000000,0.000000,0.000000,-1,0.107849,-0.949417,-0.076355,0.986947,-0.520260,0.191449,155.232529,148.427017,-738.150513,0,0
95.280000,2.746306,1.304585,-1.623155,0.419298,0.902179,-0.101304,0.262718,-0.013768,0.964774,0.869004,-0.431143,-0.242792,0.647275,0.449924,0.296512,0.539152,0.972558,-1.021831,0.102112,-0.084459,0.050102,-0.222207,0.101304,-0.964774,0.242791,0.000000,0.000000,0.000000,-1,0.000183,-0.922333,0.076843,0.972344,-1.123647,0.107108,156.809387,149.998596,-734.309448,0,0
95.320000,2.749556,1.280827,-1.667958,0.454043,0.884257,-0.109243,0.284575,-0.027737,0.958252,0.844311,-0.466176,-0.264231,0.660684,0.442281,0.278147,0.538998,0.738123,-1.539274,0.065547,-0.150793,-0.000457,-0.175913,0.109243,-0.958253,0.264231,0.000000,0.000000,0.000000,-1,-0.065857,-0.962570,0.084152,0.737909,-1.641089,0.070542,156.809387,149.998596,-734.309448,0,0
95.360000,2.741051,1.266819,-1.720286,0.505037,0.855171,-0.116709,0.295979,-0.044578,0.954154,0.810761,-0.516426,-0.275627,0.675508,0.426032,0.256863,0.544250,0.209714,-1.156243,0.267494,-0.154154,-0.082254,-0.188285,0.116709,-0.954154,0.275627,0.000000,0.000000,0.000000,-1,-0.009186,-1.064362,0.070480,0.248779,-1.269740,0.259344,156.458969,151.395554,-731.637451,0,0
95.400000,2.751234,1.262901,-1.775788,0.543279,0.831595,-0.115318,0.296709,-0.061689,0.952973,0.785374,-0.551946,-0.280256,0.686517,0.410879,0.244006,0.548027,0.244492,-0.335590,0.300637,0.105507,-0.224242,-0.330274,0.115318,-0.952973,0.280256,0.000000,0.000000,0.000000,-1,0.301910,-1.182907,-0.095032,0.244278,-0.437404,0.305632,156.634171,151.220947,-731.470398,0,0
95.440000,2.758961,1.270774,-1.761005,0.525644,0.843518,-0.110344,0.290211,-0.055876,0.955330,0.799673,-0.534186,-0.274169,0.681118,0.416128,0.253014,0.546717,-0.812421,1.445587,-0.378659,0.160942,-0.229317,-0.497405,0.110344,-0.955330,0.274169,0.000000,0.000000,0.000000,-1,-0.037399,-1.437408,-0.349716,-0.812635,1.343774,-0.373664,156.634171,151.220947,-731.470398,0,0
95.480000,2.666437,1.313367,-1.586319,0.456151,0.882247,-0.116472,0.254565,-0.003952,0.967048,0.852715,-0.470770,-0.226392,0.649326,0.437690,0.283465,0.553581,-1.483797,1.817390,-0.591000,-0.300172,-0.259103,-0.319242,0.116472,-0.967048,0.226392,0.000000,0.000000,0.000000,-1,-0.208588,-1.127289,-0.143784,-1.355252,1.652033,-0.542460,156.634171,149.823975,-734.810486,0,1
95.520000,2.346204,1.392325,-1.212218,0.412429,0.902125,-0.126777,0.166234,0.062301,0.984116,0.895694,-0.426953,-0.124269,0.607124,0.439926,0.316623,0.581047,-2.693385,0.122103,0.122464,-0.468482,-0.192382,0.061202,0.126777,-0.984116,0.124269,0.000000,0.000000,0.000000,-1,-0.309219,-1.120514,0.283386,-2.693599,0.020291,0.127459,157.159790,148.601639,-738.651489,0,0
95.560000,1.979257,1.441485,-0.837392,0.410206,0.904282,-0.118343,0.095798,0.086320,0.991651,0.906947,-0.418118,-0.051219,0.586324,0.426419,0.336249,0.601105,-2.320853,0.062922,0.246271,-0.214565,0.057416,0.264928,0.118343,-0.991651,0.051219,0.000000,0.000000,0.000000,-1,0.103714,-1.230011,0.300232,-2.321067,-0.038889,0.251267,157.685410,148.427017,-741.824585,0,0
95.600000,1.231655,1.433588,-0.118927,0.441165,0.888108,-0.128988,0.016228,0.135812,0.990602,0.897279,-0.439113,0.045503,0.561215,0.402847,0.342245,0.636883,-1.641750,-2.072849,-0.802528,0.395548,-0.609221,0.376649,0.128988,-0.990602,-0.045503,0.000000,0.000000,0.000000,-1,0.472061,-1.459091,0.535812,-1.852192,-1.818429,-0.795759,158.035828,148.077774,-744.162598,0,0
95.640000,1.240926,1.447629,-0.148085,0.458907,0.880849,-0.116232,0.018127,0.121511,0.992424,0.888299,-0.457537,0.039795,0.569561,0.394591,0.338887,0.636438,1.440530,1.920061,0.677232,0.172739,0.027825,0.691361,0.116232,-0.992425,-0.039795,0.000000,0.000000,0.000000,-1,0.268738,-0.877289,0.725693,1.440316,1.818251,0.682227,158.736649,147.030060,-744.830627,0,0
95.680000,1.409549,1.461374,-0.226028,0.376344,0.920188,-0.107787,0.024473,0.106426,0.994019,0.926157,-0.376732,0.017533,0.559550,0.422063,0.365637,0.612434,-0.591498,3.228441,0.046984,0.134782,0.356370,0.690552,0.107787,-0.994019,-0.017533,0.000000,0.000000,0.000000,-1,0.080856,-0.671249,0.176926,-0.591712,3.126632,0.051979,157.860626,146.855438,-744.663574,0,0
95.720000,0.958313,1.435804,0.302608,0.307158,0.945266,-0.110119,-0.040107,0.128467,0.990902,0.950813,-0.299947,0.077372,0.524719,0.431259,0.400545,0.615020,-1.265900,0.327595,-0.016525,0.015751,0.338253,0.096216,0.110119,-0.990902,-0.077372,0.000000,0.000000,0.000000,-1,0.174408,-0.455093,0.118301,-1.581712,0.401789,-0.003527,157.860626,147.204681,-748.671631,0,0
95.760000,1.146322,1.446391,0.136230,0.285226,0.951767,-0.113073,-0.016852,0.122935,0.992272,0.958312,-0.281116,0.051103,0.527064,0.443454,0.400918,0.604000,1.407563,0.307328,-0.126743,0.170298,0.836968,0.292619,0.113073,-0.992272,-0.051103,0.000000,0.000000,0.000000,-1,0.315598,-0.229965,0.213272,1.407349,0.205521,-0.121747,156.458969,146.855438,-747.669678,0,0
95.800000,1.462992,1.443758,-0.217439,0.317811,0.939750,-0.125961,0.027332,0.123714,0.991941,0.947760,-0.318693,0.013632,0.551901,0.438242,0.360417,0.611105,0.578724,-2.694111,-0.809306,0.422568,-0.693629,0.355362,0.137796,-0.990438,-0.006699,0.000000,0.000000,0.000000,-1,0.560364,-1.684067,0.348663,0.838747,-2.927435,-0.841688,157.685410,146.680817,-746.166626,0,0
95.840000,1.389470,1.405557,-0.125003,0.299891,0.940154,-0.161791,0.020508,0.163205,0.986379,0.953753,-0.299124,0.029663,0.526076,0.456522,0.376353,0.610892,-2.083388,6.140450,-0.900679,-0.029360,0.148855,0.059753,0.161791,-0.986379,-0.029663,0.000000,0.000000,0.000000,-1,0.041092,-0.612793,-0.031158,-1.936728,4.714489,-0.865797,158.911850,146.506195,-747.001648,0,1
95.880000,1.602347,1.389389,-0.052298,0.019889,0.983406,-0.180324,0.009431,0.180167,0.983591,0.999758,-0.021263,-0.005691,0.459732,0.539900,0.445604,0.546435,2.127338,2.466331,0.846965,-0.287670,-0.210608,-0.322143,0.180324,-0.983591,0.005691,0.000000,0.000000,0.000000,-1,-0.186371,-1.364899,-0.071045,2.127124,2.364527,0.851960,161.364746,146.506195,-751.677734,0,0
95.920000,1.931047,1.395086,-0.366832,0.001414,0.986528,-0.163587,0.062697,0.163177,0.984265,0.997349,-0.016641,-0.070842,0.478203,0.553844,0.435596,0.522782,0.706861,-0.503100,0.304807,-0.226601,-0.216994,-0.093229,0.160561,-0.984255,0.073911,0.000000,0.000000,0.000000,-1,-0.066040,-1.201248,-0.019318,0.893497,-0.512799,0.219038,158.736649,144.934616,-752.178711,0,0
95.960000,2.051504,1.407602,-0.518207,0.031655,0.989063,-0.144058,0.080476,0.141140,0.986713,0.996254,-0.042827,-0.075128,0.491336,0.544200,0.433612,0.523848,-0.036197,-0.936140,0.704272,-0.141601,0.039387,-0.261224,0.144058,-0.986713,0.075128,0.000000,0.000000,0.000000,-1,0.055878,-0.916260,-0.154160,-0.025781,-0.980709,0.697191,159.262268,147.204681,-749.339661,0,0
96.000000,2.213332,1.422472,-0.727647,0.079163,0.989816,-0.118310,0.098291,0.110354,0.989020,0.992004,-0.089922,-0.088554,0.514141,0.529090,0.424832,0.524634,1.022593,-1.137980,0.426520,0.052131,0.220130,-0.227897,0.118310,-0.989020,0.088554,0.000000,0.000000,0.000000,-1,0.169601,-0.821960,-0.082993,1.022379,-1.239782,0.431515,159.437469,146.680817,-748.504639,0,0
96.040000,2.352715,1.400916,-0.942816,0.151939,0.981083,-0.119962,0.136810,0.099327,0.985605,0.978876,-0.166164,-0.119130,0.541235,0.516362,0.396738,0.532009,0.831108,-1.251854,0.138753,-0.001233,0.018152,0.174373,0.119962,-0.985605,0.119130,0.000000,0.000000,0.000000,-1,0.118729,-0.967453,0.293503,0.813709,-1.559351,0.137416,158.561447,147.553925,-747.001648,0,0
96.080000,2.439686,1.387653,-1.050565,0.171308,0.978175,-0.117591,0.158027,0.090529,0.983276,0.972461,-0.187026,-0.139070,0.552234,0.514366,0.387006,0.529804,0.790785,0.126451,0.159570,0.078652,0.061355,0.013640,0.117591,-0.983276,0.139070,0.000000,0.000000,0.000000,-1,0.169571,-0.924850,0.115402,0.742503,-0.365486,0.182807,157.860626,146.156952,-745.331604,0,0
96.120000,2.603333,1.356156,-1.176746,0.132848,0.985103,-0.109191,0.196672,0.081776,0.977053,0.971428,-0.151274,-0.182879,0.555417,0.531932,0.388104,0.507874,0.921366,0.794104,-0.027842,-0.062453,-0.023176,-0.189669,0.109191,-0.977053,0.182879,0.000000,0.000000,0.000000,-1,0.014328,-0.954346,-0.037369,0.921160,0.692299,-0.022851,157.510208,146.855438,-742.993591,0,0
96.160000,2.712951,1.313832,-1.261024,0.105592,0.988783,-0.105632,0.242049,0.077474,0.967166,0.964501,-0.127693,-0.231153,0.561086,0.548415,0.382682,0.487830,0.983804,0.593670,-0.063792,-0.102733,0.041507,-0.239515,0.105632,-0.967166,0.231153,0.000000,0.000000,0.000000,-1,0.002899,-0.925659,-0.008362,1.046347,0.497175,-0.054198,158.211029,147.204681,-744.997620,0,0
96.200000,2.745252,1.292879,-1.284703,0.095814,0.989749,-0.105913,0.263202,0.077424,0.961629,0.959971,-0.120014,-0.253085,0.563798,0.555584,0.378707,0.479623,0.598384,0.044423,-0.097487,-0.205537,-0.064891,-0.224612,0.105913,-0.961629,0.253085,0.000000,0.000000,0.000000,-1,-0.132858,-1.066086,0.023453,0.625885,0.056053,-0.098631,157.510208,147.204681,-741.657593,0,0
96.240000,2.766443,1.270872,-1.334924,0.122924,0.986494,-0.108256,0.287267,0.069044,0.955359,0.949930,-0.148534,-0.274900,0.576364,0.552499,0.365080,0.478818,0.604214,-1.181659,0.290921,-0.295115,-0.066171,-0.279737,0.108256,-0.955359,0.274900,0.000000,0.000000,0.000000,-1,-0.169556,-0.970383,-0.004745,0.604007,-1.283462,0.295912,157.860626,147.903152,-741.657593,0,0
96.280000,2.764205,1.244993,-1.399197,0.185238,0.975590,-0.117944,0.315369,0.054655,0.947394,0.930714,-0.212689,-0.297547,0.597522,0.540130,0.340059,0.485373,0.670388,-1.303868,0.101401,-0.092080,-0.048959,-0.275346,0.117944,-0.947394,0.297547,0.000000,0.000000,0.000000,-1,0.025864,-0.996353,0.022202,0.699969,-1.416261,0.113558,156.984589,149.125504,-740.488525,0,0
96.320000,2.741254,1.229621,-1.417562,0.222397,0.966196,-0.130402,0.330675,0.051071,0.942362,0.917166,-0.252699,-0.308138,0.608166,0.533107,0.323417,0.491256,0.406864,-1.297881,-0.144631,-0.031830,-0.243139,-0.149188,0.130402,-0.942362,0.308138,0.000000,0.000000,0.000000,-1,0.123642,-1.242035,0.242172,0.471750,-1.445161,-0.066755,159.437469,148.427017,-737.816528,0,0
96.360000,2.712925,1.219849,-1.402992,0.232935,0.961936,-0.142899,0.338959,0.057419,0.939047,0.911509,-0.267174,-0.312682,0.609959,0.533190,0.315026,0.494386,-0.048490,0.865001,-0.105761,-0.175736,-0.315256,0.023637,0.142899,-0.939047,0.312682,0.000000,0.000000,0.000000,-1,-0.098007,-1.233276,0.308182,-0.048696,0.763200,-0.100770,158.736649,147.728546,-737.816528,0,0
96.400000,2.735999,1.232058,-1.367560,0.179020,0.975070,-0.131113,0.325459,0.067071,0.943175,0.928455,-0.211518,-0.305338,0.595249,0.546212,0.334877,0.484962,-0.601066,1.503152,-0.163182,-0.095422,-0.262880,-0.112101,0.131113,-0.943175,0.305338,0.000000,0.000000,0.000000,-1,0.035690,-1.206055,0.193237,-0.524957,1.302691,-0.200072,159.087067,147.728546,-738.484497,0,0
96.440000,2.752600,1.254976,-1.323175,0.122715,0.985426,-0.117796,0.301123,0.076127,0.950542,0.945656,-0.152117,-0.287392,0.577490,0.556957,0.358387,0.477349,-1.112030,2.229333,-0.199122,0.184374,-0.105427,-0.232918,0.117796,-0.950542,0.287392,0.000000,0.000000,0.000000,-1,0.316406,-1.010361,-0.006775,-1.015424,2.048070,-0.160800,158.211029,147.903152,-740.655518,0,0
96.480000,2.697165,1.318891,-1.167429,0.028569,0.993831,-0.107163,0.229246,0.097835,0.968439,0.972949,-0.052234,-0.225036,0.537534,0.568837,0.402666,0.474702,-2.067843,1.677745,-0.373312,0.159973,0.053446,-0.321914,0.107163,-0.968439,0.225036,0.000000,0.000000,0.000000,-1,0.278732,-0.883636,-0.068634,-2.068050,1.575947,-0.368321,157.685410,146.680817,-742.492554,0,1
96.520000,2.382062,1.398171,-0.803091,-0.015538,0.992859,-0.118277,0.123589,0.119292,0.985137,0.992212,0.000690,-0.124560,0.497426,0.561113,0.439228,0.494771,-2.453697,0.388524,-0.370686,0.097039,0.047469,-0.061023,0.118277,-0.985137,0.124560,0.000000,0.000000,0.000000,-1,0.215317,-0.937668,0.063538,-2.514590,0.360884,-0.403655,158.211029,146.506195,-747.001648,0,0
96.560000,2.019375,1.433349,-0.431698,-0.020435,0.992139,-0.123459,0.057329,0.124445,0.990569,0.998146,0.013165,-0.059421,0.478158,0.548703,0.457321,0.511026,-2.135194,-0.185684,-0.089720,0.126357,-0.072221,0.002880,0.123459,-0.990569,0.059421,0.000000,0.000000,0.000000,-1,0.276474,-1.144806,0.037170,-2.143875,-0.103048,-0.114188,158.911850,146.506195,-748.003662,0,0
96.600000,1.301120,1.425773,0.229760,0.042210,0.989351,-0.139292,-0.032913,0.140718,0.989503,0.998567,-0.037183,0.038502,0.464486,0.514783,0.462486,0.552592,-1.955504,-2.372860,-0.770055,0.351720,-0.269134,0.066944,0.139292,-0.989503,-0.038502,0.000000,0.000000,0.000000,-1,0.543213,-1.225739,0.035034,-1.955711,-2.474655,-0.765064,158.035828,148.077774,-751.176697,0,0
96.640000,0.906593,1.356283,0.555392,0.118113,0.978751,-0.167617,-0.112243,0.180876,0.977080,0.986636,-0.096592,0.131221,0.448892,0.482582,0.456134,0.597957,-1.503213,-0.621957,-0.445744,0.229615,0.029052,0.379726,0.167617,-0.977080,-0.131221,0.000000,0.000000,0.000000,-1,0.397232,-0.948029,0.248505,-1.688099,-1.055798,-0.572311,160.839127,146.680817,-754.182739,0,0
96.680000,0.927392,1.339643,0.595664,0.059660,0.981246,-0.183293,-0.128538,0.189643,0.973403,0.989908,-0.034514,0.137442,0.427953,0.498132,0.471205,0.588801,-0.225571,3.583149,-0.255423,0.206782,0.012069,0.766211,0.183293,-0.973403,-0.137442,0.000000,0.000000,0.000000,-1,0.346100,-0.915359,0.374512,-0.222738,3.145312,-0.221293,160.663910,146.156952,-754.349731,0,0
96.720000,0.857101,1.291356,0.781655,-0.047250,0.976880,-0.208504,-0.194301,0.195761,0.961210,0.979803,0.085929,0.180559,0.379615,0.515377,0.507949,0.576427,-2.527315,0.879990,0.022539,-0.211693,-0.009661,0.083010,0.208504,-0.961210,-0.180559,0.000000,0.000000,0.000000,-1,-0.046844,-0.991196,-0.097992,-2.527534,0.778195,0.027538,162.240768,146.331573,-758.524780,0,0
96.760000,0.722251,1.238845,0.945256,-0.067305,0.974196,-0.215437,-0.264180,0.190819,0.945408,0.962122,0.120545,0.244520,0.352617,0.503389,0.529388,0.584815,-0.898221,0.409124,-0.082644,0.089022,0.181370,0.083952,0.215437,-0.945408,-0.244520,0.000000,0.000000,0.000000,-1,0.304459,-0.764038,-0.160568,-1.045289,0.306215,-0.112188,162.941589,146.680817,-759.192810,0,0
96.800000,0.687428,1.225178,0.989478,-0.074551,0.973771,-0.214972,-0.283130,0.186032,0.940866,0.956180,0.131008,0.261835,0.345537,0.499687,0.536273,0.585943,-0.660553,0.056417,0.143964,0.174127,0.235025,0.137323,0.214972,-0.940866,-0.261835,0.000000,0.000000,0.000000,-1,0.388107,-0.640106,-0.186310,-0.623496,0.043681,0.148150,162.591187,148.427017,-761.530823,0,0
96.840000,0.612971,1.205673,1.044033,-0.053317,0.977221,-0.205419,-0.308661,0.179510,0.934080,0.949677,0.113207,0.292058,0.344643,0.484966,0.539876,0.595452,-0.287456,-0.960464,0.048707,0.115137,0.379484,-0.020426,0.205419,-0.934080,-0.292058,0.000000,0.000000,0.000000,-1,0.320557,-0.554596,-0.312485,-0.287675,-1.062256,0.053705,163.292007,148.077774,-762.198853,0,0
96.880000,0.574247,1.212833,1.039592,-0.013341,0.981631,-0.190320,-0.302086,0.177486,0.936612,0.953187,0.069989,0.294169,0.358819,0.473460,0.531513,0.603803,0.456997,-0.707048,0.057441,0.058734,0.347226,0.092784,0.190320,-0.936612,-0.294169,0.000000,0.000000,0.000000,-1,0.249054,-0.589386,-0.201385,0.391877,-0.916968,0.072152,160.313507,148.601639,-763.033875,0,0
96.920000,0.586743,1.230734,1.012839,-0.001885,0.982799,-0.184668,-0.282959,0.176597,0.942734,0.959130,0.054031,0.277759,0.368700,0.474532,0.525130,0.602593,0.818979,-0.297727,0.106917,-0.005957,0.294571,0.021976,0.184668,-0.942734,-0.277759,0.000000,0.000000,0.000000,-1,0.179153,-0.667206,-0.280014,0.755963,-0.426044,0.098899,161.014328,148.252396,-761.697876,0,0
96.960000,0.646581,1.269018,0.942961,0.003289,0.983832,-0.179062,-0.240539,0.174584,0.954810,0.970634,0.039932,0.237224,0.384539,0.483237,0.514624,0.594789,0.928802,0.106216,0.108138,-0.010254,0.174994,-0.097966,0.179062,-0.954810,-0.237224,0.000000,0.000000,0.000000,-1,0.168808,-0.779816,-0.335190,0.928582,0.004426,0.113136,160.488708,149.474747,-760.862854,0,1
97.000000,0.661552,1.285711,0.945070,-0.015719,0.984836,-0.172777,-0.227955,0.164718,0.959638,0.973545,0.054470,0.221909,0.386540,0.489522,0.517907,0.585429,-0.375665,0.312258,0.363050,-0.078035,-0.264590,-0.601531,0.172777,-0.959638,-0.221909,0.000000,0.000000,0.000000,-1,0.094742,-1.224228,-0.823441,-0.216434,0.305850,0.341395,160.488708,147.030060,-759.860840,0,0
97.040000,0.594649,1.271993,1.010854,-0.013667,0.986213,-0.164915,-0.249422,0.156355,0.955689,0.968299,0.054195,0.243846,0.382796,0.481190,0.524680,0.588756,-0.885524,-0.376281,0.062236,0.058565,-0.284209,-0.863240,0.164915,-0.955689,-0.243846,0.000000,0.000000,0.000000,-1,0.273590,-1.055267,-1.057190,-0.865202,-0.417519,0.145449,160.138290,147.379303,-760.862854,0,0
97.080000,0.551171,1.251878,1.037627,0.004741,0.986416,-0.164196,-0.270020,0.159361,0.949575,0.962843,0.039834,0.267108,0.380221,0.471039,0.525120,0.598166,0.028291,-0.285314,-0.091846,0.257053,0.287054,-0.400006,0.164196,-0.949575,-0.267108,0.000000,0.000000,0.000000,-1,0.421249,-0.662521,-0.667114,0.028081,-0.387107,-0.086851,160.488708,148.776260,-761.196838,0,0
97.120000,0.617951,1.248263,0.984928,-0.007185,0.982967,-0.183642,-0.264110,0.175260,0.948435,0.964466,0.055316,0.258352,0.373899,0.480649,0.522082,0.597166,-0.028346,0.774029,-0.669346,0.420270,-0.231420,0.145285,0.183642,-0.948435,-0.258352,0.000000,0.000000,0.000000,-1,0.603912,-1.179855,-0.113068,0.064230,0.584383,-0.569243,160.313507,147.553925,-760.695801,0,0
97.160000,0.679961,1.224429,0.946468,-0.025307,0.976625,-0.213455,-0.275442,0.198446,0.940612,0.960985,0.082598,0.263981,0.357864,0.489840,0.522217,0.599400,-0.624456,0.805523,-0.870343,0.759965,-0.164170,0.156559,0.213455,-0.940612,-0.263981,0.000000,0.000000,0.000000,-1,0.947876,-0.991440,-0.141022,-0.547965,0.782224,-0.841019,160.138290,147.030060,-760.862854,0,0
97.200000,0.720549,1.180169,0.918083,-0.028298,0.967514,-0.251230,-0.302497,0.231258,0.924670,0.952730,0.102163,0.286126,0.337016,0.493313,0.520376,0.610141,0.377544,0.107269,-0.597414,-0.103357,0.345660,0.567407,0.251230,-0.924670,-0.286126,0.000000,0.000000,0.000000,-1,0.147873,-0.579010,0.281281,0.377335,0.005478,-0.592420,161.715149,147.204681,-761.697876,0,0
97.240000,0.744069,1.198366,0.843101,0.018298,0.968982,-0.246452,-0.271713,0.242035,0.931446,0.962204,0.049920,0.267714,0.356563,0.488882,0.501842,0.618071,1.224200,-1.399303,0.092534,-0.139442,0.189655,0.164656,0.246452,-0.931446,-0.267714,0.000000,0.000000,0.000000,-1,0.107010,-0.741791,-0.103058,0.981371,-1.614591,0.063484,163.992828,147.728546,-761.530823,0,0
97.280000,0.837320,1.257246,0.707846,0.049177,0.972154,-0.229124,-0.200546,0.234340,0.951244,0.978449,-0.000829,0.206486,0.389984,0.494641,0.480356,0.610328,3.227749,-1.788674,0.594493,-0.584821,-0.345905,0.158131,0.229124,-0.951244,-0.206486,0.000000,0.000000,0.000000,-1,-0.385620,-1.144470,0.042191,3.078702,-1.331904,0.486917,162.766388,147.553925,-761.697876,0,0
97.320000,0.913138,1.326240,0.491421,0.176585,0.965452,-0.191625,-0.114254,0.213473,0.970245,0.977632,-0.149437,0.148003,0.451417,0.471404,0.435300,0.620093,0.864792,-2.356834,-0.009807,-0.145482,-0.220215,0.371468,0.191625,-0.970245,-0.148003,0.000000,0.000000,0.000000,-1,0.046143,-1.190460,0.223465,0.864577,-2.458624,-0.004816,158.911850,147.204681,-753.681763,0,0
97.360000,0.993162,1.360005,0.367489,0.215264,0.960696,-0.175287,-0.075172,0.195263,0.977866,0.973658,-0.197322,0.114251,0.475854,0.465228,0.419441,0.617409,1.454369,-0.065542,0.806245,0.039343,-0.328744,-0.210090,0.175287,-0.977866,-0.114251,0.000000,0.000000,0.000000,-1,0.214630,-1.306610,-0.324341,1.270761,-0.235377,0.684855,158.911850,147.204681,-753.681763,0,0
97.400000,1.162384,1.413443,0.181675,0.226848,0.963253,-0.143817,-0.028313,0.154126,0.987645,0.973519,-0.219973,0.062236,0.502615,0.465038,0.412693,0.600668,1.937291,-1.040533,1.070188,0.044752,0.141256,-0.029622,0.143817,-0.987645,-0.062236,0.000000,0.000000,0.000000,-1,0.189850,-0.862854,-0.049362,1.939554,-0.846473,1.107856,158.911850,145.807724,-751.009705,0,0
97.440000,1.656952,1.457470,-0.411307,0.316897,0.941745,-0.112664,0.045212,0.103652,0.993586,0.947382,-0.319958,-0.009731,0.552941,0.446230,0.377399,0.593889,1.888154,-2.291507,0.415807,-0.022653,0.126032,0.077488,0.112664,-0.993585,0.009731,0.000000,0.000000,0.000000,-1,0.090012,-0.867554,0.087219,1.887940,-2.393294,0.420798,155.582947,146.331573,-744.162598,0,0
97.480000,2.240772,1.442684,-1.048571,0.364047,0.925981,-0.100145,0.110733,0.063729,0.991805,0.924774,-0.372153,-0.079336,0.587293,0.441310,0.351030,0.580612,1.318168,-0.146994,0.226260,-0.067888,0.085280,0.034250,0.100145,-0.991805,0.079336,0.000000,0.000000,0.000000,-1,0.032257,-0.906525,0.113586,1.448697,-0.416251,0.258223,155.582947,146.331573,-744.162598,0,0
97.520000,2.426489,1.425809,-1.226060,0.355482,0.929870,-0.094735,0.135980,0.048827,0.989508,0.924739,-0.364634,-0.109086,0.594925,0.447893,0.348785,0.569039,0.558984,0.618199,0.049279,-0.086160,0.097265,-0.039933,0.094735,-0.989508,0.109086,0.000000,0.000000,0.000000,-1,0.008575,-0.892242,0.069153,0.558770,0.516414,0.054270,155.933350,145.982346,-741.156555,0,0
97.560000,2.544921,1.412313,-1.297978,0.311440,0.946119,-0.088678,0.151983,0.042524,0.987468,0.938033,-0.321015,-0.130551,0.591495,0.464121,0.358986,0.553040,0.424604,1.543733,0.030627,-0.073999,-0.013966,-0.093777,0.088678,-0.987468,0.130551,0.000000,0.000000,0.000000,-1,0.014679,-1.001434,0.036774,0.424390,1.441948,0.035618,156.809387,147.903152,-742.325562,0,0
97.600000,2.731122,1.394692,-1.408195,0.239249,0.968438,-0.069910,0.172885,0.028362,0.984534,0.955443,-0.247635,-0.160643,0.585562,0.487277,0.378070,0.526063,0.596621,1.758170,0.211786,0.018820,-0.007944,-0.238645,0.069910,-0.984534,0.160643,0.000000,0.000000,0.000000,-1,0.088730,-0.992477,-0.078003,0.600690,1.681836,0.219807,155.057327,148.252396,-741.323547,0,0
97.640000,2.837363,1.383500,-1.473578,0.200322,0.978141,-0.055779,0.185324,0.018074,0.982511,0.962043,-0.207156,-0.177653,0.583074,0.498850,0.388572,0.510084,0.413355,1.026685,0.255402,0.048500,0.008665,-0.327311,0.055779,-0.982511,0.177653,0.000000,0.000000,0.000000,-1,0.078918,-0.953430,-0.121582,0.428153,1.091356,0.260540,154.181290,147.728546,-739.486511,0,0
97.680000,2.909423,1.363297,-1.550507,0.205363,0.977537,-0.047402,0.205971,0.004180,0.978549,0.956766,-0.210721,-0.200486,0.591961,0.499826,0.384048,0.502259,0.726191,-0.942262,0.162978,-0.059227,0.068835,-0.177415,0.047402,-0.978549,0.200486,0.000000,0.000000,0.000000,-1,-0.011826,-0.909714,0.023071,0.725977,-1.044044,0.167969,154.706909,148.252396,-742.993591,0,0
97.720000,2.905776,1.323364,-1.615152,0.269413,0.961323,-0.057221,0.244674,-0.010860,0.969544,0.931424,-0.275208,-0.238137,0.616119,0.489353,0.354722,0.505078,0.978466,-1.631489,0.101612,-0.120286,0.003816,-0.096200,0.057221,-0.969544,0.238137,0.000000,0.000000,0.000000,-1,-0.063065,-0.965729,0.141937,0.992033,-1.758723,0.101248,153.130051,148.077774,-741.824585,0,0
97.760000,2.905156,1.299415,-1.654755,0.306399,0.949830,-0.062791,0.267118,-0.022480,0.963402,0.913656,-0.311958,-0.260605,0.630374,0.482630,0.337445,0.505795,0.697502,-1.016449,0.182776,-0.049485,-0.010933,-0.087967,0.062791,-0.963402,0.260605,0.000000,0.000000,0.000000,-1,0.060822,-0.945297,0.126312,0.787507,-1.217918,0.168075,154.181290,148.776260,-738.818542,0,0
97.800000,2.912210,1.290549,-1.684470,0.327554,0.942737,-0.062891,0.274808,-0.031374,0.960987,0.903985,-0.332058,-0.269348,0.638020,0.477080,0.329572,0.506664,0.067332,-0.336956,0.121768,0.072638,0.049229,-0.269745,0.062891,-0.960987,0.269349,0.000000,0.000000,0.000000,-1,0.119949,-0.932800,0.006607,0.067118,-0.438736,0.126759,154.356491,148.252396,-737.315491,0,0
97.840000,2.898852,1.283500,-1.697770,0.351577,0.933678,-0.068110,0.281079,-0.035883,0.959013,0.892966,-0.356311,-0.275053,0.644692,0.471061,0.319864,0.510059,0.373598,-1.012496,-0.004077,-0.058664,-0.030656,-0.154188,0.068110,-0.959014,0.275053,0.000000,0.000000,0.000000,-1,0.009445,-0.989670,0.120865,0.316108,-1.010352,0.015968,154.356491,148.252396,-735.979492,0,0
97.880000,2.871032,1.269974,-1.705375,0.382253,0.920658,-0.079194,0.293626,-0.039756,0.955093,0.876166,-0.388341,-0.285526,0.653363,0.464628,0.304950,0.514045,0.446719,-1.159915,-0.037193,-0.127290,-0.030426,-0.169346,0.079194,-0.955093,0.285526,0.000000,0.000000,0.000000,-1,-0.056503,-0.949677,0.129791,0.463446,-1.299876,-0.042854,155.232529,148.427017,-732.806458,0,0
97.920000,2.850222,1.256947,-1.717989,0.410759,0.907421,-0.088685,0.305384,-0.045278,0.951152,0.859079,-0.417777,-0.295710,0.661768,0.458168,0.291036,0.517149,0.307049,-0.544917,0.014757,-0.139848,0.029109,-0.115000,0.088685,-0.951152,0.295710,0.000000,0.000000,0.000000,-1,-0.051163,-0.922043,0.180710,0.296165,-0.712422,0.023353,155.232529,148.427017,-732.806458,0,0
97.960000,2.840283,1.237757,-1.735103,0.432887,0.896212,-0.097020,0.322514,-0.053473,0.945053,0.841780,-0.440391,-0.312189,0.670550,0.454376,0.277668,0.516533,0.412105,-0.654164,-0.015692,-0.052540,-0.207550,-0.340067,0.097020,-0.945053,0.312189,0.000000,0.000000,0.000000,-1,0.025742,-1.210464,-0.051529,0.425743,-0.734730,-0.006695,153.130051,149.823975,-731.804443,0,0
98.000000,2.818642,1.229733,-1.735034,0.450109,0.886642,-0.106155,0.329988,-0.054689,0.942400,0.829765,-0.459212,-0.317197,0.674906,0.450666,0.268041,0.519187,0.108538,-0.837754,-0.127463,-0.146057,-0.430830,-0.348584,0.106155,-0.942400,0.317197,0.000000,0.000000,0.000000,-1,-0.052261,-1.430038,-0.010849,0.171116,-0.865311,-0.120308,154.356491,148.601639,-729.299377,0,0
98.040000,2.781049,1.238924,-1.742261,0.488297,0.865075,-0.114941,0.321036,-0.055592,0.945434,0.811481,-0.498553,-0.304866,0.679845,0.436170,0.256139,0.530999,-0.388621,-0.735426,0.243474,-0.262845,-0.263917,-0.255519,0.114941,-0.945434,0.304866,0.000000,0.000000,0.000000,-1,-0.147903,-1.209351,0.049347,-0.388835,-0.837200,0.248464,154.882111,150.173218,-731.804443,0,0
98.080000,2.754660,1.276247,-1.650924,0.434064,0.894197,-0.109548,0.289377,-0.023237,0.956933,0.853141,-0.447071,-0.268847,0.656915,0.450429,0.282987,0.534317,-1.556457,2.959136,-0.636829,-0.115896,-0.099570,-0.234423,0.109548,-0.956933,0.268847,0.000000,0.000000,0.000000,-1,-0.006348,-1.056503,0.034424,-1.323056,2.519139,-0.640336,154.706909,148.601639,-732.305420,0,0
98.120000,2.701676,1.335259,-1.480331,0.330672,0.938498,-0.099382,0.232411,0.021083,0.972389,0.914681,-0.344639,-0.211146,0.616590,0.474752,0.330568,0.533996,-2.545190,3.894374,-0.537610,0.050215,-0.044823,-0.352091,0.099382,-0.972389,0.211146,0.000000,0.000000,0.000000,-1,0.161499,-0.972458,-0.199936,-2.422936,3.893361,-0.503578,152.954849,148.950882,-737.315491,0,1
98.160000,2.038841,1.438140,-0.740143,0.263466,0.957419,-0.118042,0.089200,0.097663,0.991214,0.960536,-0.271680,-0.059671,0.553506,0.472723,0.380526,0.570407,-2.619432,-0.840693,-0.639887,-0.095475,0.061862,-0.069880,0.118042,-0.991214,0.059671,0.000000,0.000000,0.000000,-1,0.022568,-0.929352,-0.010208,-2.619591,-0.942465,-0.634888,152.254028,146.855438,-744.329590,0,0
98.200000,1.412407,1.412774,-0.203411,0.351473,0.923211,-0.155396,0.031790,0.154121,0.987540,0.935658,-0.352033,0.024821,0.541417,0.440973,0.360287,0.618550,-1.552872,-3.556665,-1.163797,0.116150,-0.414025,0.287165,0.155396,-0.987540,-0.024821,0.000000,0.000000,0.000000,-1,0.341629,-1.380875,0.288956,-1.766998,-3.566338,-1.249400,155.582947,144.236145,-742.826599,0,0
98.240000,1.079549,1.394443,0.043786,0.433277,0.887885,-0.154694,-0.007679,0.175272,0.984490,0.901228,-0.425369,0.082760,0.542044,0.405966,0.344315,0.650252,-1.106830,0.185185,0.485499,0.046921,-0.203010,0.487987,0.154694,-0.984490,-0.082760,0.000000,0.000000,0.000000,-1,0.195297,-1.157440,0.550049,-1.132288,-0.976809,0.482797,154.706909,146.855438,-744.663574,0,0
98.280000,0.987163,1.372117,0.302953,0.281906,0.945199,-0.164703,-0.058885,0.188387,0.980328,0.957633,-0.266662,0.108765,0.496174,0.446574,0.399522,0.628303,-1.756572,4.056667,0.219896,-0.219680,-0.181568,0.240403,0.164703,-0.980328,-0.108765,0.000000,0.000000,0.000000,-1,-0.249054,-1.201065,0.022629,-1.756731,3.954898,0.224894,155.933350,145.283859,-748.504639,0,0
98.320000,0.644256,1.315582,0.729565,0.208672,0.966161,-0.151624,-0.168271,0.188195,0.967609,0.963401,-0.176399,0.201848,0.452391,0.440929,0.448604,0.632202,-2.030709,1.103038,0.303262,-0.288419,-0.013882,0.303899,0.151624,-0.967609,-0.201848,0.000000,0.000000,0.000000,-1,0.001984,-0.869766,0.015457,-2.240097,0.868867,0.393070,154.882111,145.633102,-752.178711,0,0
98.360000,0.590800,1.291635,0.808811,0.185952,0.970496,-0.153488,-0.199351,0.190228,0.961287,0.962123,-0.148155,0.228843,0.437858,0.440294,0.461699,0.633447,-1.353076,1.103853,0.130755,0.185864,0.327197,0.224154,0.154865,-0.958697,-0.238573,0.000000,0.000000,0.000000,-1,0.340729,-0.631500,-0.014420,-1.240535,1.011612,0.127180,155.933350,145.283859,-754.850769,0,0
98.400000,0.542501,1.257203,0.917970,0.130103,0.978626,-0.159261,-0.245046,0.187381,0.951231,0.960742,-0.084731,0.264188,0.411866,0.445278,0.486494,0.628823,-0.524942,0.960734,0.130941,0.178309,0.498625,0.310361,0.159261,-0.951231,-0.264188,0.000000,0.000000,0.000000,-1,0.320862,-0.458633,0.022430,-0.525101,0.858967,0.135939,156.809387,147.553925,-757.021790,0,0
98.440000,0.536869,1.249067,0.945254,0.109830,0.980705,-0.161724,-0.256332,0.185151,0.948690,0.960329,-0.062740,0.271721,0.404029,0.448218,0.494151,0.625840,0.033256,-0.083658,0.069934,0.124577,0.446661,0.197457,0.161724,-0.948690,-0.271721,0.000000,0.000000,0.000000,-1,0.300156,-0.499481,-0.103516,-0.051907,-0.065638,0.063628,155.232529,147.030060,-758.190796,0,0
98.480000,0.540586,1.258240,0.934216,0.115897,0.980574,-0.158247,-0.247264,0.182788,0.951551,0.961992,-0.071153,0.263646,0.409104,0.448120,0.491162,0.624966,0.507234,-0.189719,0.038596,0.148729,0.462522,0.126698,0.158247,-0.951551,-0.263646,0.000000,0.000000,0.000000,-1,0.262543,-0.534134,-0.229355,0.431612,-0.307375,0.053007,155.758148,146.855438,-757.689819,0,0
98.520000,0.602938,1.288135,0.870720,0.114196,0.980788,-0.158161,-0.213310,0.179697,0.960317,0.970288,-0.075927,0.229732,0.419752,0.457102,0.483694,0.617176,0.927455,0.292641,0.010513,0.061031,0.235524,-0.078983,0.158161,-0.960317,-0.229732,0.000000,0.000000,0.000000,-1,0.194595,-0.803192,-0.353897,0.927296,0.190877,0.015511,154.882111,146.680817,-756.854797,0,1
98.560000,0.696225,1.314922,0.808255,0.081366,0.983379,-0.162314,-0.183006,0.174826,0.967442,0.979739,-0.049012,0.194189,0.422004,0.474150,0.484251,0.602159,0.267109,0.982995,0.122111,0.015435,-0.277553,-0.467340,0.162314,-0.967442,-0.194189,0.000000,0.000000,0.000000,-1,0.161194,-1.446564,-0.844925,0.438000,0.861047,0.098722,154.356491,147.903152,-757.355774,0,0
98.600000,0.640038,1.305286,0.887195,0.059775,0.985834,-0.156713,-0.203441,0.165730,0.964959,0.977261,-0.025798,0.210465,0.413394,0.473152,0.496226,0.599160,-1.384297,0.357943,0.455867,-0.142751,-0.684196,-1.053283,0.156713,-0.964959,-0.210465,0.000000,0.000000,0.000000,-1,-0.129532,-1.167908,-1.263275,-1.140987,0.371712,0.437449,156.809387,147.204681,-757.355774,0,0
98.640000,0.535499,1.266698,1.018707,0.036523,0.987583,-0.152792,-0.254947,0.157043,0.954117,0.966265,0.004106,0.257517,0.394323,0.464490,0.515740,0.602305,-0.439093,1.196977,0.010856,-0.213217,0.232361,-0.430365,0.152792,-0.954117,-0.257517,0.000000,0.000000,0.000000,-1,0.042419,-0.732269,-0.543243,-0.439252,1.095215,0.015854,154.356491,147.204681,-760.027832,0,0
98.680000,0.600960,1.254771,1.031297,-0.037397,0.983727,-0.175732,-0.266649,0.159656,0.950478,0.963068,0.082404,0.256339,0.369665,0.484952,0.532466,0.587069,-0.390987,1.760516,-0.317715,0.166553,-0.152885,-0.003869,0.175732,-0.950478,-0.256339,0.000000,0.000000,0.000000,-1,0.382690,-1.257797,-0.223160,-0.410929,1.775508,-0.225801,155.582947,147.379303,-759.860840,0,0
98.720000,0.624339,1.242890,1.042884,-0.069371,0.979665,-0.188265,-0.278217,0.162232,0.946719,0.958010,0.118054,0.261305,0.356052,0.492519,0.540473,0.581843,-0.404313,0.168341,-0.142315,0.098494,0.301226,0.124372,0.188265,-0.946719,-0.261305,0.000000,0.000000,0.000000,-1,0.286758,-0.645493,-0.136932,-0.404472,0.066580,-0.137317,154.882111,148.776260,-761.864868,0,0
98.760000,0.585483,1.234805,0.969377,0.041414,0.982390,-0.182196,-0.271853,0.186552,0.944084,0.961447,0.010433,0.274792,0.380812,0.466462,0.511573,0.612935,0.326859,-3.742322,-0.550765,0.248010,0.055488,0.872204,0.182196,-0.944084,-0.274792,0.000000,0.000000,0.000000,-1,0.574066,-0.924179,0.460724,0.326700,-3.844082,-0.545767,155.758148,148.601639,-762.365845,0,0
98.800000,0.618321,1.253366,0.891613,0.083357,0.979957,-0.180929,-0.242861,0.196064,0.950041,0.966473,-0.035252,0.254337,0.397793,0.463241,0.493689,0.619225,2.025125,2.476204,-0.312473,0.338632,-0.145678,0.186343,0.180929,-0.950041,-0.254337,0.000000,0.000000,0.000000,-1,0.218735,-1.071259,0.007889,1.569336,1.444683,-0.273791,154.882111,147.728546,-758.524780,0,0
98.840000,0.895922,1.321833,0.632407,0.056684,0.979681,-0.192385,-0.145643,0.198747,0.969169,0.987712,-0.026917,0.153950,0.419520,0.497019,0.473951,0.593587,1.957045,-0.867114,0.080987,-0.394594,-0.085519,0.838597,0.192385,-0.969168,-0.153950,0.000000,0.000000,0.000000,-1,-0.245102,-1.279541,0.641418,2.163194,-0.773829,0.059428,154.181290,145.283859,-757.856812,0,0
98.880000,1.029735,1.348353,0.453069,0.097124,0.977143,-0.189102,-0.096568,0.198355,0.975361,0.990576,-0.076470,0.113626,0.443041,0.496892,0.452257,0.593529,0.687413,-0.399806,-0.067750,-0.597427,-0.318859,-0.404044,0.189102,-0.975361,-0.113626,0.000000,0.000000,0.000000,-1,-0.155167,-1.167892,-0.492874,0.687254,-0.501563,-0.062752,154.531708,145.283859,-754.850769,0,0
98.920000,1.213943,1.385742,0.264950,0.095963,0.980340,-0.172409,-0.048183,0.177580,0.982926,0.994218,-0.086017,0.064276,0.462089,0.504317,0.444616,0.578321,1.662469,-0.144094,0.761750,-0.080337,-0.018371,0.031409,0.172409,-0.982926,-0.064276,0.000000,0.000000,0.000000,-1,0.092072,-1.001297,-0.032867,1.577085,-0.296794,0.731750,155.407730,145.109238,-753.681763,0,0
98.960000,1.446572,1.412355,0.028240,0.096188,0.982973,-0.156564,-0.004455,0.157717,0.987474,0.995353,-0.094285,0.019550,0.479302,0.510387,0.437506,0.564237,1.270591,0.027984,0.275982,-0.116281,0.219271,0.253833,0.156564,-0.987474,-0.019550,0.000000,0.000000,0.000000,-1,0.040283,-0.768204,0.234283,1.398419,-0.085266,0.391312,152.779648,145.633102,-750.842712,0,0
99.000000,1.659179,1.418658,-0.174746,0.084256,0.984942,-0.150961,0.026349,0.149245,0.988449,0.996096,-0.087260,-0.013377,0.486926,0.519222,0.433913,0.552296,0.463017,0.785964,0.237850,-0.001471,0.129440,-0.005748,0.150961,-0.988449,0.013377,0.000000,0.000000,0.000000,-1,0.149490,-0.859009,0.007629,0.462858,0.684209,0.242848,153.480469,145.982346,-749.506653,0,0
99.040000,1.968240,1.419873,-0.399885,-0.001639,0.990343,-0.138632,0.058533,0.138489,0.988633,0.998284,-0.006494,-0.058195,0.479079,0.547340,0.448596,0.519291,0.988750,2.187348,0.089575,0.032313,0.031357,-0.163344,0.138632,-0.988633,0.058195,0.000000,0.000000,0.000000,-1,0.170944,-0.957275,-0.105148,0.935604,2.199070,0.116983,152.604431,145.807724,-749.673706,0,0
99.080000,2.204487,1.406576,-0.590167,-0.049544,0.990045,-0.131742,0.090978,0.135830,0.986546,0.994620,0.036892,-0.096802,0.477344,0.566166,0.451916,0.497364,1.089111,1.193981,0.122736,-0.039869,0.022801,-0.218506,0.131742,-0.986546,0.096802,0.000000,0.000000,0.000000,-1,0.034149,-0.940079,-0.081543,1.102907,1.254444,0.130039,153.305267,146.506195,-751.677734,0,0
99.120000,2.432466,1.378139,-0.798432,-0.071825,0.989594,-0.124678,0.137141,0.133612,0.981499,0.987944,0.053398,-0.145311,0.484735,0.581108,0.445225,0.478664,0.993313,-0.090002,0.075340,-0.078505,0.059777,-0.180574,0.124678,-0.981499,0.145311,0.000000,0.000000,0.000000,-1,0.050766,-0.936035,-0.033569,0.993162,-0.191761,0.080335,151.027588,145.982346,-750.842712,0,0
99.160000,2.551557,1.343010,-0.953397,-0.039080,0.991305,-0.125645,0.184132,0.130732,0.974169,0.982124,0.014935,-0.187640,0.504437,0.582549,0.424473,0.475398,1.161947,-0.939132,0.140073,-0.026814,0.002962,-0.241305,0.125645,-0.974169,0.187640,0.000000,0.000000,0.000000,-1,0.102097,-0.946106,-0.066925,1.138421,-1.048304,0.150677,153.480469,145.982346,-748.838684,0,0
99.200000,2.622852,1.304522,-1.070333,0.002946,0.991449,-0.130461,0.230868,0.126263,0.964758,0.972981,-0.032962,-0.228522,0.525644,0.581343,0.400709,0.474523,0.891376,-0.992341,0.011395,-0.034575,0.050116,-0.242941,0.130461,-0.964758,0.228522,0.000000,0.000000,0.000000,-1,0.095886,-0.914642,-0.014420,0.891225,-1.094099,0.016389,150.326767,147.728546,-747.502625,0,0
99.240000,2.632957,1.285234,-1.106207,0.026401,0.990194,-0.137182,0.251839,0.126216,0.959504,0.967409,-0.059880,-0.246037,0.535309,0.580054,0.387733,0.476073,0.587346,-0.729480,-0.032180,-0.209433,-0.029998,-0.169361,0.137182,-0.959503,0.246037,0.000000,0.000000,0.000000,-1,-0.072250,-0.989502,0.076675,0.587195,-0.831237,-0.027186,152.429230,148.077774,-746.500610,0,0
99.280000,2.632181,1.269694,-1.146357,0.064877,0.987357,-0.144628,0.270259,0.122132,0.955010,0.960599,-0.101045,-0.258918,0.548102,0.573623,0.372180,0.481687,0.333558,-1.119398,0.130871,-0.260580,-0.017387,-0.173087,0.144628,-0.955010,0.258918,0.000000,0.000000,0.000000,-1,-0.103073,-0.970520,0.077560,0.354718,-1.124685,0.128812,152.429230,148.776260,-743.828613,0,0
99.320000,2.615007,1.263473,-1.175856,0.109531,0.982287,-0.152036,0.279221,0.116391,0.953147,0.953959,-0.146850,-0.261527,0.560060,0.563114,0.357964,0.491018,0.352388,-1.770290,0.182532,-0.220105,-0.091790,-0.184134,0.152036,-0.953147,0.261527,0.000000,0.000000,0.000000,-1,-0.020538,-1.187912,0.081726,0.337376,-1.788306,0.176675,152.078827,148.427017,-742.158569,0,0
99.360000,2.597150,1.254099,-1.240393,0.188044,0.968825,-0.161303,0.294585,0.101036,0.950269,0.936941,-0.226210,-0.266402,0.581681,0.542999,0.333361,0.505638,0.470051,-1.601483,0.337903,-0.180361,-0.436862,-0.166549,0.161303,-0.950269,0.266402,0.000000,0.000000,0.000000,-1,-0.019058,-1.387131,0.099854,0.469900,-1.703237,0.342897,150.852371,148.601639,-739.319519,0,0
99.400000,2.623098,1.249580,-1.301559,0.222250,0.962354,-0.156463,0.304347,0.083981,0.948852,0.926271,-0.258501,-0.274225,0.594242,0.532906,0.323861,0.507938,-0.347377,0.245945,0.000313,-0.220382,-0.248688,-0.012689,0.156463,-0.948852,0.274225,0.000000,0.000000,0.000000,-1,-0.063919,-1.197540,0.261536,-0.110055,-0.138641,0.165651,151.728409,149.474747,-738.484497,0,0
99.440000,2.602449,1.277598,-1.222179,0.168785,0.974420,-0.148381,0.271630,0.098727,0.957325,0.947486,-0.201886,-0.248018,0.574037,0.542669,0.348019,0.504850,-1.356201,2.507139,-0.145566,0.171443,-0.183682,-0.165651,0.148381,-0.957325,0.248018,0.000000,0.000000,0.000000,-1,0.319824,-1.141006,0.082367,-1.356352,2.405387,-0.140572,151.728409,148.776260,-738.818542,0,1
99.480000,2.478411,1.327197,-0.966305,0.043702,0.987948,-0.148487,0.198455,0.137083,0.970476,0.979135,-0.071880,-0.190072,0.523615,0.566448,0.396593,0.497673,-2.249470,3.550608,-0.693573,0.266155,0.147280,-0.183755,0.148488,-0.970476,0.190072,0.000000,0.000000,0.000000,-1,0.414642,-0.823196,0.006317,-2.249612,3.448857,-0.688569,151.728409,148.776260,-742.826599,0,0
99.520000,2.072152,1.381043,-0.425357,-0.082421,0.982776,-0.165404,0.077832,0.171810,0.982051,0.993554,0.068067,-0.090652,0.457281,0.579845,0.452758,0.499684,-2.849625,1.454997,-0.401999,0.147645,0.094233,-0.131500,0.165404,-0.982051,0.090652,0.000000,0.000000,0.000000,-1,0.218887,-0.975357,-0.036606,-2.861962,1.734604,-0.609196,151.202789,147.903152,-749.339661,0,0
99.560000,1.647748,1.399206,0.015533,-0.092125,0.981086,-0.170244,-0.002652,0.170729,0.985314,0.995744,0.091224,-0.013126,0.433091,0.564797,0.476516,0.516110,-2.523294,-0.612225,-0.278193,0.036742,-0.269782,-0.048924,0.170244,-0.985314,0.013126,0.000000,0.000000,0.000000,-1,0.265396,-1.282364,-0.027054,-2.592959,-0.275986,-0.191428,153.830887,147.728546,-753.848755,0,0
99.600000,1.178032,1.359106,0.399796,0.000996,0.980979,-0.194114,-0.081782,0.193543,0.977677,0.996650,0.014902,0.080419,0.426331,0.527287,0.470606,0.564570,-2.062556,-4.040164,-1.171961,0.225213,-0.289703,0.082601,0.194114,-0.977677,-0.080419,0.000000,0.000000,0.000000,-1,0.357239,-1.183136,0.070007,-2.062696,-4.141914,-1.166955,153.480469,148.427017,-755.184753,0,0
99.640000,0.840260,1.288066,0.626972,0.120728,0.970695,-0.207788,-0.163675,0.225919,0.960297,0.979099,-0.081925,0.186154,0.420908,0.479332,0.458123,0.619032,-0.099370,2.309023,-0.060674,0.062964,-0.140655,0.992444,0.207788,-0.960297,-0.186154,0.000000,0.000000,0.000000,-1,0.255859,-1.085205,0.788895,-0.539728,1.065322,-0.121187,153.830887,149.823975,-755.852783,0,0
99.680000,0.879468,1.280555,0.704760,0.007443,0.975364,-0.220476,-0.185404,0.218005,0.958175,0.982634,0.033745,0.182459,0.389544,0.506977,0.489135,0.593276,-1.965683,2.064834,0.439672,-0.336809,-0.042802,0.344233,0.220476,-0.958175,-0.182459,0.000000,0.000000,0.000000,-1,-0.116333,-1.000977,0.161774,-1.965823,1.963087,0.444677,153.130051,150.522461,-755.184753,0,0
99.720000,0.712896,1.240772,0.907982,-0.022239,0.977028,-0.211948,-0.255449,0.199410,0.946035,0.966567,0.075181,0.245146,0.365104,0.494091,0.516714,0.596305,-2.378731,0.350353,0.365801,-0.226474,0.222615,0.172423,0.211948,-0.946035,-0.245146,0.000000,0.000000,0.000000,-1,0.117767,-0.672012,-0.106857,-2.378872,0.248607,0.370806,153.655670,150.697083,-758.691772,0,0
99.760000,0.599790,1.175673,1.060621,-0.051540,0.974748,-0.217276,-0.335905,0.187969,0.922949,0.940485,0.120553,0.317735,0.332699,0.480045,0.543440,0.602944,-0.887303,0.709594,0.236051,0.163842,0.195792,0.214113,0.217276,-0.922949,-0.317735,0.000000,0.000000,0.000000,-1,0.381119,-0.727158,-0.103622,-0.986618,0.635285,0.155864,154.706909,152.094040,-761.697876,0,0
99.800000,0.551619,1.163942,1.125388,-0.067406,0.975934,-0.207385,-0.357113,0.170487,0.918370,0.931626,0.135963,0.337027,0.325991,0.474570,0.555416,0.600023,-0.501037,-0.088360,0.488559,0.148526,0.408376,0.054969,0.207385,-0.918370,-0.337027,0.000000,0.000000,0.000000,-1,0.355911,-0.509995,-0.282059,-0.501177,-0.190105,0.493565,154.882111,152.268661,-763.200867,0,0
99.840000,0.480788,1.176171,1.167967,-0.045180,0.983028,-0.177805,-0.353688,0.150718,0.923141,0.934272,0.104595,0.340876,0.340304,0.462337,0.555729,0.601335,0.529708,-1.010659,0.534547,0.096380,0.403731,0.116374,0.177805,-0.923141,-0.340876,0.000000,0.000000,0.000000,-1,0.236633,-0.510178,-0.175705,0.529568,-1.112403,0.539552,154.181290,154.713348,-761.530823,0,0
99.880000,0.455339,1.223757,1.159930,-0.020423,0.988540,-0.149571,-0.311809,0.135843,0.940384,0.949925,0.065843,0.305461,0.366835,0.461195,0.545445,0.596004,1.223423,-0.496820,0.285245,0.024501,0.363632,0.115565,0.149571,-0.940384,-0.305461,0.000000,0.000000,0.000000,-1,0.174072,-0.576752,-0.189896,1.174362,-0.689720,0.305029,154.181290,154.713348,-761.530823,0,0
99.920000,0.511304,1.278200,1.096223,-0.018224,0.989822,-0.141138,-0.256563,0.131805,0.957498,0.966356,0.053660,0.251550,0.386788,0.473941,0.533378,0.584194,1.172258,0.278961,0.090839,-0.060998,0.132303,0.019158,0.141138,-0.957498,-0.251550,0.000000,0.000000,0.000000,-1,0.080139,-0.825195,-0.232391,1.172118,0.177219,0.095844,152.604431,152.443283,-758.357788,0,1
99.960000,0.561913,1.299584,1.068206,-0.042220,0.988860,-0.142738,-0.234770,0.129046,0.963447,0.971134,0.074187,0.226706,0.387952,0.485942,0.533826,0.573047,0.328119,1.140007,0.203692,-0.126335,-0.349999,-0.294229,0.142738,-0.963447,-0.226706,0.000000,0.000000,0.000000,-1,0.016403,-1.313446,-0.520935,0.327979,1.038266,0.208698,152.078827,153.316376,-759.192810,0,0
100.000000,0.527470,1.288591,1.149181,-0.087490,0.986255,-0.140170,-0.254088,0.113961,0.960444,0.963216,0.119644,0.240625,0.373472,0.490109,0.550943,0.562827,-0.807941,-0.081234,0.298313,-0.031878,-0.395986,-0.944571,0.140170,-0.960444,-0.240625,0.000000,0.000000,0.000000,-1,0.167145,-1.215439,-1.298706,-0.814146,0.253823,0.297159,152.078827,153.316376,-759.192810,0,0
100.040000,0.455779,1.282498,1.192092,-0.060119,0.990315,-0.125147,-0.264175,0.105118,0.958729,0.962599,0.090698,0.255297,0.380613,0.476954,0.550068,0.570153,0.229923,-0.191790,0.091649,0.222616,0.121754,-0.353559,0.125147,-0.958729,-0.255297,0.000000,0.000000,0.000000,-1,0.347763,-0.836975,-0.608856,0.229783,-0.293530,0.096654,152.604431,152.792526,-760.361816,0,0
100.080000,0.453473,1.279457,1.212669,-0.077911,0.988987,-0.125835,-0.269012,0.100682,0.957860,0.959981,0.108479,0.258205,0.375234,0.479684,0.555750,0.565901,-0.629389,1.186365,0.021504,0.247181,0.165578,0.171489,0.125835,-0.957860,-0.258205,0.000000,0.000000,0.000000,-1,0.368073,-0.896866,-0.114716,-0.629529,1.084626,0.026509,153.130051,153.665619,-759.860840,0,0
100.120000,0.503428,1.247682,1.220266,-0.128855,0.979761,-0.153182,-0.298213,0.109035,0.948251,0.945762,0.167868,0.278128,0.347844,0.489838,0.569638,0.560872,-0.185264,0.975986,-0.291980,0.490769,-0.253470,-0.000391,0.153182,-0.948251,-0.278128,0.000000,0.000000,0.000000,-1,0.479141,-1.120804,-0.160721,-0.297238,1.042677,-0.376922,153.480469,154.713348,-759.526794,0,0
100.160000,0.509283,1.254026,1.185085,-0.100782,0.983249,-0.151872,-0.288614,0.117192,0.950246,0.952127,0.139600,0.271968,0.357092,0.486314,0.560259,0.567534,1.030739,-3.271278,-0.342591,0.127044,0.130468,-0.118855,0.151872,-0.950246,-0.271968,0.000000,0.000000,0.000000,-1,0.278915,-0.819778,-0.390823,1.030606,-3.373023,-0.337590,154.006088,153.490997,-761.363831,0,0
100.200000,0.657613,1.286628,0.913001,0.019580,0.985013,-0.171364,-0.221860,0.171404,0.959895,0.974882,0.019224,0.221891,0.395691,0.482165,0.507668,0.594322,1.403250,-4.032535,-0.368841,0.400337,0.112453,0.673567,0.171364,-0.959895,-0.221891,0.000000,0.000000,0.000000,-1,0.569397,-0.846863,0.455002,1.403096,-4.134288,-0.363789,155.407730,153.840240,-761.029846,0,0
100.240000,0.862430,1.331513,0.645281,0.076057,0.980724,-0.179989,-0.142541,0.189352,0.971508,0.986862,-0.048234,0.154195,0.427934,0.489668,0.471377,0.595736,2.602255,1.877939,-0.518294,0.062382,-0.108616,0.410085,0.179989,-0.971508,-0.154195,0.000000,0.000000,0.000000,-1,0.040192,-1.146591,0.299484,2.382428,1.378463,-0.606888,153.655670,152.792526,-755.017761,0,0
100.280000,1.209124,1.392028,0.284952,0.080835,0.982754,-0.166314,-0.049987,0.170647,0.984063,0.995473,-0.071233,0.062919,0.460236,0.506679,0.450399,0.573237,0.940538,-3.309154,0.554174,-0.743081,-0.286277,-0.421807,0.166314,-0.984063,-0.062919,0.000000,0.000000,0.000000,-1,-0.576767,-1.270340,-0.484726,0.940384,-3.410905,0.559226,152.429230,152.268661,-752.512695,0,0
100.320000,1.234075,1.396338,0.148114,0.189606,0.968096,-0.163827,-0.025615,0.171674,0.984821,0.981526,-0.182531,0.057348,0.490047,0.480812,0.417154,0.595531,0.978755,-3.063500,-0.361089,-0.369836,-0.122189,-0.147501,0.163827,-0.984821,-0.057348,0.000000,0.000000,0.000000,-1,0.025665,-1.120544,-0.124588,0.978601,-3.165250,-0.356037,152.429230,152.268661,-752.512695,0,0
100.360000,1.572066,1.412560,-0.266037,0.258400,0.953100,-0.157577,0.041429,0.152034,0.987507,0.965149,-0.261700,-0.000200,0.525967,0.472714,0.383851,0.593766,1.733218,-0.890240,0.220723,-0.100051,0.071674,0.189543,0.157577,-0.987507,0.000200,0.000000,0.000000,0.000000,-1,0.057526,-0.915833,0.189743,1.741582,-1.101153,0.251703,153.655670,151.395554,-744.329590,0,0
100.400000,1.880753,1.406795,-0.593206,0.272333,0.949557,-0.155487,0.091270,0.135373,0.986582,0.957865,-0.282870,-0.049799,0.544692,0.477713,0.368271,0.582646,1.179921,-0.100814,-0.059690,-0.111847,0.211969,0.077093,0.155487,-0.986582,0.049799,0.000000,0.000000,0.000000,-1,0.043640,-0.774612,0.126892,1.179766,-0.202563,-0.054638,152.954849,152.792526,-742.325562,0,0
100.440000,2.006920,1.395107,-0.693943,0.246048,0.956222,-0.158426,0.111789,0.134364,0.984606,0.962789,-0.259971,-0.073835,0.544408,0.490446,0.369375,0.571528,0.171773,1.488259,-0.170631,-0.120859,0.026675,-0.218778,0.158426,-0.984606,0.073835,0.000000,0.000000,0.000000,-1,0.037567,-0.957932,-0.144943,0.171618,1.386511,-0.165579,155.232529,151.919418,-740.822571,0,0
100.480000,2.180265,1.379898,-0.793518,0.172394,0.972664,-0.155579,0.135252,0.133073,0.981834,0.975698,-0.190305,-0.108614,0.535708,0.517033,0.382727,0.547004,0.790089,1.128151,0.065643,-0.108109,-0.002602,-0.237871,0.155579,-0.981834,0.108614,0.000000,0.000000,0.000000,-1,0.047470,-0.984436,-0.129257,0.754843,1.243677,0.024361,152.429230,152.268661,-743.160583,0,0
100.520000,2.372307,1.361813,-0.978427,0.163439,0.975941,-0.144318,0.172118,0.115834,0.978242,0.971423,-0.184722,-0.149045,0.546957,0.524748,0.378048,0.531561,0.978992,-0.338864,0.275479,-0.076843,0.043184,-0.202802,0.144318,-0.978242,0.149045,0.000000,0.000000,0.000000,-1,0.061417,-0.907471,-0.055069,0.978837,-0.440610,0.280531,151.903610,152.094040,-741.657593,0,0
100.560000,2.441177,1.348783,-1.060569,0.175240,0.974243,-0.141923,0.192149,0.107537,0.975456,0.965593,-0.198209,-0.168355,0.555890,0.524560,0.370428,0.527831,1.133563,-0.677226,0.171058,-0.095902,0.103767,-0.210972,0.141923,-0.975456,0.168355,0.000000,0.000000,0.000000,-1,0.038239,-0.845337,-0.013016,1.133409,-0.778972,0.176110,151.903610,152.094040,-741.657593,0,0
100.600000,2.552320,1.295271,-1.225126,0.221478,0.963373,-0.151195,0.255961,0.092179,0.962282,0.940974,-0.251824,-0.226170,0.582123,0.523658,0.339180,0.521413,1.144535,-0.861936,0.016468,-0.104305,0.040163,-0.244206,0.151195,-0.962282,0.226170,0.000000,0.000000,0.000000,-1,0.069366,-0.939911,-0.028870,1.176157,-0.997644,-0.003143,153.305267,154.189484,-737.983521,0,0
100.640000,2.595549,1.257155,-1.301773,0.249068,0.955141,-0.160220,0.297427,0.082003,0.951216,0.921684,-0.284572,-0.263661,0.598065,0.523592,0.318303,0.516578,0.816778,-0.656444,-0.105302,-0.125262,-0.034974,-0.249485,0.160220,-0.951216,0.263661,0.000000,0.000000,0.000000,-1,0.034958,-0.986191,0.014175,0.816623,-0.758188,-0.100250,154.006088,153.490997,-735.645508,0,0
100.680000,2.601863,1.240868,-1.329946,0.267532,0.949056,-0.166492,0.314624,0.077277,0.946065,0.910735,-0.305485,-0.277922,0.605842,0.521456,0.307111,0.516451,0.465594,-0.641321,0.085715,-0.229725,-0.107142,-0.262678,0.166492,-0.946065,0.277922,0.000000,0.000000,0.000000,-1,-0.077820,-1.046768,-0.007019,0.465440,-0.743064,0.090767,154.006088,153.490997,-735.645508,0,0
100.720000,2.600265,1.236456,-1.367732,0.303904,0.937578,-0.169085,0.321404,0.066178,0.944627,0.896851,-0.341420,-0.281229,0.616230,0.510760,0.295250,0.521740,0.165064,-1.011087,0.254509,-0.199755,-0.100035,-0.258066,0.169085,-0.944627,0.281229,0.000000,0.000000,0.000000,-1,-0.017960,-1.078613,0.036057,0.148819,-1.102288,0.219269,153.305267,155.586441,-733.975464,0,0
100.760000,2.582363,1.233400,-1.413304,0.361476,0.915692,-0.175623,0.326935,0.051920,0.943620,0.873183,-0.398513,-0.280604,0.630508,0.492709,0.276587,0.532164,0.167410,-1.663254,0.163820,-0.109675,-0.335738,-0.331736,0.175623,-0.943620,0.280604,0.000000,0.000000,0.000000,-1,0.071533,-1.298080,-0.046158,0.167256,-1.764996,0.168871,156.634171,155.411819,-733.140442,0,0
100.800000,2.548366,1.233449,-1.425255,0.401703,0.896882,-0.185034,0.327486,0.048002,0.943636,0.855212,-0.439658,-0.274433,0.637992,0.479774,0.262612,0.542050,-0.050355,-1.321901,0.143405,-0.205480,-0.368528,-0.217686,0.185034,-0.943636,0.274433,0.000000,0.000000,0.000000,-1,-0.041290,-1.345337,0.094742,-0.050509,-1.423642,0.148456,157.860626,155.935684,-730.301392,0,0
100.840000,2.530023,1.259494,-1.369618,0.371929,0.911450,-0.175863,0.300121,0.061206,0.951935,0.878405,-0.406832,-0.250781,0.624801,0.484783,0.281107,0.543680,-1.474966,2.484565,-0.342064,-0.244832,-0.178680,-0.190967,0.175863,-0.951935,0.250781,0.000000,0.000000,0.000000,-1,-0.068970,-1.130615,0.059814,-1.223925,2.144469,-0.212123,157.510208,153.490997,-729.967407,0,1
100.880000,2.369805,1.323841,-1.067423,0.246668,0.953986,-0.170486,0.214131,0.117920,0.969661,0.945147,-0.275691,-0.175191,0.570951,0.511479,0.339198,0.545297,-2.739490,3.037641,-0.563576,0.056443,0.117061,-0.282003,0.170486,-0.969661,0.175191,0.000000,0.000000,0.000000,-1,0.226929,-0.852600,-0.106812,-2.739644,2.935902,-0.558525,157.685410,151.570175,-734.142456,0,0
100.920000,2.071253,1.365630,-0.703302,0.189557,0.965463,-0.178745,0.131760,0.155387,0.979027,0.972989,-0.209133,-0.097755,0.531960,0.515651,0.373263,0.558388,-3.061843,0.879200,-0.459866,-0.061100,-0.023780,-0.175910,0.178745,-0.979027,0.097755,0.000000,0.000000,0.000000,-1,0.065308,-1.022675,-0.039368,-3.061998,0.777461,-0.454815,158.736649,149.823975,-737.816528,0,0
100.960000,1.402724,1.371092,-0.065356,0.230035,0.953326,-0.195584,0.012956,0.197956,0.980125,0.973096,-0.227997,0.033185,0.499723,0.483409,0.388971,0.604396,-2.527461,-2.019526,-0.536707,0.036395,-0.398522,0.027372,0.195584,-0.980125,-0.033185,0.000000,0.000000,0.000000,-1,0.231979,-1.378647,-0.005814,-2.597406,-1.923975,-0.471145,158.386230,148.776260,-742.158569,0,0
101.000000,0.965670,1.316998,0.284428,0.322622,0.923728,-0.206498,-0.070456,0.240995,0.967966,0.943902,-0.297738,0.142832,0.484457,0.440324,0.380531,0.653156,-1.501851,-1.018906,0.012307,0.184066,-0.462103,0.552653,0.206498,-0.967966,-0.142832,0.000000,0.000000,0.000000,-1,0.390564,-1.430069,0.409821,-1.502006,-1.120642,0.017358,161.014328,147.204681,-743.327576,0,0
101.040000,0.927307,1.299849,0.339321,0.309214,0.926575,-0.214117,-0.089084,0.252383,0.963518,0.946811,-0.278859,0.160584,0.473352,0.442319,0.386971,0.656159,-0.223462,2.324596,-0.271102,0.107599,-0.128676,0.749894,0.214117,-0.963518,-0.160584,0.000000,0.000000,0.000000,-1,0.226929,-0.981049,0.535873,-0.223617,2.222860,-0.266051,162.065567,146.855438,-742.993591,0,0
101.080000,0.860171,1.272278,0.557587,0.170180,0.959868,-0.222917,-0.155622,0.249557,0.955773,0.973047,-0.127962,0.191846,0.426842,0.471044,0.439349,0.634741,-2.884998,1.658997,0.603711,-0.432115,-0.099616,0.180006,0.222917,-0.955773,-0.191846,0.000000,0.000000,0.000000,-1,-0.209198,-1.055389,-0.011841,-2.820287,2.095691,0.505619,161.890350,147.379303,-747.836670,0,0
101.120000,0.669299,1.218213,0.801252,0.127491,0.968423,-0.214251,-0.248021,0.240279,0.938484,0.960329,-0.066509,0.270822,0.392552,0.458794,0.475145,0.640037,-1.254238,1.046567,0.123661,-0.249804,0.209373,0.196069,0.214251,-0.938484,-0.270822,0.000000,0.000000,0.000000,-1,0.068619,-0.694809,-0.062103,-1.254402,0.944821,0.128698,163.467209,147.903152,-753.013733,0,0
101.160000,0.646443,1.198297,0.858674,0.096902,0.970851,-0.219222,-0.275497,0.237816,0.931421,0.956405,-0.029861,0.290512,0.377019,0.461086,0.488824,0.637422,-0.860516,1.066850,0.211774,0.051530,0.287195,0.340988,0.219222,-0.931421,-0.290512,0.000000,0.000000,0.000000,-1,0.343140,-0.618301,0.087769,-0.860680,0.965104,0.216811,162.766388,146.506195,-754.015747,0,0
101.200000,0.610847,1.186533,0.933246,0.060310,0.974747,-0.215015,-0.301235,0.223137,0.927075,0.951641,0.008858,0.307085,0.364036,0.462532,0.505875,0.630581,-0.158991,0.071560,0.370219,0.133389,0.477948,0.211595,0.215015,-0.927075,-0.307085,0.000000,0.000000,0.000000,-1,0.340591,-0.412445,-0.176773,-0.291824,0.222156,0.384089,162.591187,145.283859,-755.852783,0,0
101.240000,0.570695,1.211333,0.939012,0.088914,0.977743,-0.190033,-0.283871,0.207751,0.936086,0.954731,-0.029286,0.296025,0.382471,0.453545,0.499840,0.631009,0.888489,-1.051167,0.383951,0.142791,0.510503,0.172383,0.190033,-0.936086,-0.296025,0.000000,0.000000,0.000000,-1,0.326508,-0.419342,-0.119858,0.888326,-1.152911,0.388988,162.240768,145.982346,-754.516724,0,0
101.280000,0.578626,1.245208,0.900677,0.113884,0.977973,-0.174926,-0.250694,0.198662,0.947463,0.961344,-0.064048,0.267797,0.402314,0.451935,0.488684,0.628559,1.338626,-0.824605,0.164160,0.130554,0.427718,0.099263,0.174926,-0.947463,-0.267797,0.000000,0.000000,0.000000,-1,0.262390,-0.581818,-0.190598,1.338462,-0.926349,0.169196,161.014328,148.252396,-753.681763,0,1
101.320000,0.679543,1.305129,0.773788,0.132604,0.977339,-0.164999,-0.183486,0.187797,0.964917,0.974038,-0.097677,0.204230,0.430284,0.461238,0.470061,0.617380,1.643132,0.058458,0.099377,0.003138,0.080243,0.029151,0.164999,-0.964917,-0.204230,0.000000,0.000000,0.000000,-1,0.127777,-0.955856,-0.265106,1.666151,-0.243686,0.090171,161.014328,145.807724,-751.343689,0,0
101.360000,0.784655,1.327455,0.700226,0.099224,0.980393,-0.170249,-0.155264,0.184252,0.970538,0.982877,-0.069867,0.170502,0.431414,0.478154,0.470910,0.602905,-0.612850,1.135720,0.183204,-0.122901,-0.469571,-0.459884,0.170249,-0.970538,-0.170502,0.000000,0.000000,0.000000,-1,0.015640,-1.685516,-0.941772,-0.613013,1.033979,0.188241,162.065567,144.759995,-748.337646,0,0
101.400000,0.618140,1.295538,0.903105,0.066662,0.985265,-0.157511,-0.213428,0.168289,0.962355,0.974682,-0.030535,0.221502,0.411361,0.469075,0.496626,0.603418,-0.707063,0.093590,0.222985,-0.262659,0.040633,-1.080409,0.157511,-0.962355,-0.221502,0.000000,0.000000,0.000000,-1,-0.105148,-0.921722,-1.301910,-1.075613,0.142561,0.339901,161.890350,144.585373,-750.174683,0,0
101.440000,0.653840,1.303873,0.860076,0.073174,0.984331,-0.160432,-0.199905,0.172075,0.964587,0.977079,-0.038511,0.209364,0.415853,0.471576,0.490947,0.603037,0.898333,0.075806,-0.340317,0.010329,0.305590,-0.266145,0.160432,-0.964587,-0.209364,0.000000,0.000000,0.000000,-1,0.302124,-0.882416,-0.229660,0.862018,-0.244272,-0.291348,159.262268,143.712280,-751.343689,0,0
101.480000,0.754767,1.285982,0.803548,0.032349,0.980763,-0.192504,-0.202255,0.195044,0.959714,0.978798,0.007889,0.204674,0.397691,0.489393,0.494288,0.598345,-0.469368,1.396642,-0.449276,0.532929,-0.596774,0.279320,0.192504,-0.959714,-0.204674,0.000000,0.000000,0.000000,-1,0.687103,-1.337387,0.194351,-0.469532,1.294903,-0.444239,163.292007,143.537659,-749.172668,0,0
101.520000,0.756694,1.273932,0.815512,0.020454,0.979414,-0.200823,-0.212979,0.200523,0.956259,0.976843,0.023212,0.212696,0.389626,0.491776,0.497925,0.598681,-0.213533,-0.650148,-0.133316,0.165159,0.081732,-0.020397,0.200823,-0.956258,-0.212696,0.000000,0.000000,0.000000,-1,0.201889,-0.719971,-0.332092,-0.213697,-0.751886,-0.128280,166.445709,143.886902,-750.508667,0,0
101.560000,0.746446,1.276304,0.716973,0.126381,0.972205,-0.197092,-0.190727,0.218793,0.956950,0.973474,-0.083349,0.213077,0.416687,0.468864,0.465807,0.624150,0.878245,-3.060567,-0.516346,0.155523,0.463252,0.455875,0.197092,-0.956950,-0.213077,0.000000,0.000000,0.000000,-1,0.378845,-0.656097,0.274902,0.806901,-3.027679,-0.524961,165.569687,141.616837,-750.341675,0,0
101.600000,1.189603,1.323022,0.178444,0.206394,0.951620,-0.227643,-0.043531,0.241352,0.969461,0.977500,-0.190182,0.091239,0.467387,0.485726,0.401090,0.620279,3.025786,0.188191,-0.370693,0.047671,-0.217276,0.555274,0.227643,-0.969461,-0.091239,0.000000,0.000000,0.000000,-1,0.126648,-1.387146,0.472961,3.025561,0.086438,-0.365618,165.394470,143.188416,-749.506653,0,0
101.640000,1.528351,1.336097,-0.161374,0.198010,0.952265,-0.232341,0.037365,0.229530,0.972584,0.979488,-0.201263,0.009868,0.489544,0.505384,0.381552,0.599460,2.089652,-0.234083,0.139351,-0.278576,-0.578044,0.491771,0.232342,-0.972584,-0.009868,0.000000,0.000000,0.000000,-1,-0.390015,-1.128571,-0.153534,2.089428,-0.335836,0.144426,166.620926,143.013794,-745.331604,0,0
101.680000,1.652842,1.347850,-0.354940,0.260947,0.939866,-0.220360,0.076841,0.207322,0.975250,0.962290,-0.271421,-0.018120,0.517626,0.491044,0.358333,0.602111,0.745970,-1.762816,0.216374,-0.495857,0.038742,-0.350808,0.220360,-0.975250,0.018120,0.000000,0.000000,0.000000,-1,-0.081268,-1.048737,-0.179337,0.624718,-1.951410,0.285934,165.920090,142.664566,-741.991577,0,0
101.720000,1.879948,1.350321,-0.651261,0.321496,0.923710,-0.208326,0.132570,0.173931,0.975794,0.937585,-0.341332,-0.066538,0.550932,0.479315,0.330921,0.597681,1.576465,-1.257811,0.436832,-0.066465,0.025491,0.060110,0.208326,-0.975794,0.066538,0.000000,0.000000,0.000000,-1,0.170364,-0.819550,0.168350,1.576241,-1.359562,0.441906,165.744888,142.489944,-740.488525,0,0
101.760000,2.003400,1.343101,-0.811765,0.353141,0.912848,-0.204937,0.163770,0.155353,0.974189,0.921125,-0.377588,-0.094635,0.568424,0.473510,0.314988,0.594529,0.878049,-0.885133,0.101394,0.010410,0.161994,0.075607,0.204937,-0.974189,0.094635,0.000000,0.000000,0.000000,-1,0.211746,-0.869766,0.087204,0.877824,-0.986883,0.106469,165.744888,142.489944,-737.816528,0,0
101.800000,2.075758,1.334416,-0.881033,0.348495,0.914628,-0.204957,0.180650,0.149025,0.972192,0.919737,-0.375830,-0.113293,0.572879,0.477970,0.311924,0.588266,0.244885,0.896718,-0.133687,-0.109559,0.020166,-0.099865,0.204957,-0.972192,0.113293,0.000000,0.000000,0.000000,-1,0.061050,-0.955185,-0.009766,0.233999,0.643394,-0.105472,165.920090,142.315323,-735.979492,0,0
101.840000,2.214159,1.318394,-0.962739,0.293168,0.934949,-0.199805,0.204969,0.142665,0.968315,0.933831,-0.324833,-0.149811,0.570157,0.499827,0.321853,0.567015,0.833805,1.311535,0.043037,-0.173667,0.031044,-0.175156,0.199805,-0.968315,0.149811,0.000000,0.000000,0.000000,-1,0.034683,-0.943909,-0.004791,0.833581,1.209788,0.048112,166.796127,142.489944,-734.810486,0,0
101.880000,2.330557,1.301626,-1.056079,0.269278,0.943566,-0.192801,0.231476,0.128670,0.963104,0.934050,-0.303196,-0.188742,0.576150,0.512272,0.322050,0.549466,1.087489,0.364895,0.126419,-0.193380,0.030196,-0.224204,0.191854,-0.963104,0.188742,0.000000,0.000000,0.000000,-1,-0.001526,-0.932907,-0.035461,1.061849,0.427470,0.124650,165.044067,143.188416,-735.812500,0,0
101.920000,2.457130,1.268962,-1.194993,0.277194,0.942251,-0.187952,0.276526,0.109105,0.954793,0.920161,-0.316637,-0.230314,0.591271,0.515321,0.309591,0.537584,1.114679,-0.476835,0.178850,-0.166163,0.034215,-0.282362,0.187952,-0.954793,0.230314,0.000000,0.000000,0.000000,-1,0.023315,-0.928513,-0.055069,1.131464,-0.548905,0.177221,164.518448,144.061523,-732.305420,0,0
101.960000,2.527287,1.238287,-1.292851,0.299694,0.935300,-0.188143,0.313888,0.089562,0.945226,0.900920,-0.342335,-0.266738,0.607633,0.513957,0.293260,0.529745,0.838838,-0.538505,0.064096,-0.135180,0.061025,-0.280532,0.188143,-0.945226,0.266738,0.000000,0.000000,0.000000,-1,0.073669,-0.876633,0.004898,0.838614,-0.640250,0.069170,164.343246,144.236145,-733.140442,0,0
102.000000,2.563265,1.213231,-1.346033,0.312540,0.930439,-0.191316,0.341191,0.078005,0.933620,0.882250,-0.360926,-0.302271,0.620895,0.515389,0.277797,0.521242,1.049184,-0.234380,-0.041712,-0.052289,-0.047429,-0.374155,0.192319,-0.933620,0.302271,0.000000,0.000000,0.000000,-1,0.140030,-0.981049,-0.071884,1.011808,-0.318084,-0.024609,165.219269,143.712280,-730.301392,0,0
102.040000,2.595271,1.176283,-1.403131,0.330322,0.922502,-0.199693,0.378969,0.064142,0.923184,0.864448,-0.380625,-0.328412,0.631386,0.515323,0.263213,0.516249,1.042175,-0.975493,-0.057437,-0.176591,-0.024204,-0.404050,0.199693,-0.923184,0.328412,0.000000,0.000000,0.000000,-1,-0.027374,-0.961121,-0.040054,1.068646,-0.938345,-0.050092,165.744888,142.489944,-729.132385,0,0
102.080000,2.582591,1.144931,-1.449552,0.376887,0.899976,-0.219088,0.410076,0.049965,0.910682,0.830538,-0.433067,-0.350227,0.647524,0.505793,0.236072,0.518803,0.565917,-1.258472,0.012913,-0.322497,-0.025201,-0.343620,0.219088,-0.910682,0.350227,0.000000,0.000000,0.000000,-1,-0.112717,-0.965775,-0.002274,0.565693,-1.360215,0.017987,164.868866,143.013794,-727.629395,0,0
102.120000,2.557754,1.137008,-1.466812,0.410871,0.881763,-0.231688,0.418041,0.043627,0.907380,0.810202,-0.469671,-0.350688,0.655349,0.495844,0.220689,0.525312,0.088068,-1.102446,0.135548,-0.331740,-0.370513,-0.394740,0.231688,-0.907380,0.350688,0.000000,0.000000,0.000000,-1,-0.100052,-1.277893,-0.044052,0.158906,-1.209554,0.096251,168.548187,145.283859,-726.460327,0,0
102.160000,2.525940,1.148577,-1.487614,0.457125,0.857342,-0.236648,0.408369,0.034047,0.912182,0.790109,-0.513621,-0.334548,0.662877,0.477355,0.208734,0.537732,-0.266071,-1.519650,0.480666,-0.402648,-0.435322,-0.354659,0.236648,-0.912182,0.334548,0.000000,0.000000,0.000000,-1,-0.185913,-1.371506,0.008118,-0.209994,-1.521792,0.449562,169.599426,144.934616,-723.788330,0,0
102.200000,2.477584,1.181697,-1.501295,0.514147,0.825225,-0.233788,0.378439,0.026344,0.925251,0.769699,-0.564189,-0.298752,0.668310,0.450264,0.200472,0.557167,-0.493867,-0.313191,0.442630,-0.384377,-0.491726,-0.187195,0.233788,-0.925251,0.298752,0.000000,0.000000,0.000000,-1,-0.076813,-1.377213,0.128220,-0.494080,-0.414939,0.447698,169.949829,146.331573,-723.788330,0,0
102.240000,2.474468,1.205646,-1.446201,0.475827,0.851336,-0.220942,0.354322,0.044377,0.934070,0.805012,-0.522740,-0.280531,0.654214,0.460728,0.223196,0.556703,-1.649708,2.635323,-0.206806,-0.076517,-0.359875,-0.249815,0.220942,-0.934070,0.280531,0.000000,0.000000,0.000000,-1,0.216187,-1.093826,-0.063400,-1.649920,2.533575,-0.201738,172.052307,143.537659,-724.122314,0,1
102.280000,2.312195,1.282088,-1.119645,0.341821,0.916005,-0.209983,0.256227,0.124136,0.958613,0.904160,-0.381477,-0.192273,0.593708,0.493606,0.292306,0.564288,-3.135478,3.102077,-0.718019,0.067208,0.003260,-0.495633,0.209983,-0.958613,0.192273,0.000000,0.000000,0.000000,-1,0.244415,-1.108688,-0.306717,-2.963148,3.324781,-0.701419,169.599426,140.394501,-726.794373,0,0
102.320000,1.807032,1.344641,-0.544887,0.290942,0.931572,-0.218005,0.116225,0.191761,0.974536,0.949655,-0.308871,-0.052480,0.536578,0.488185,0.340887,0.597960,-3.062647,-0.255214,-0.451561,-0.158206,-0.034910,-0.056799,0.218005,-0.974536,0.052480,0.000000,0.000000,0.000000,-1,0.070724,-1.067459,0.006668,-3.062841,-0.356953,-0.446494,168.898590,138.299057,-732.138428,0,0
102.360000,1.365846,1.314034,-0.146841,0.339884,0.907006,-0.248636,0.037157,0.251218,0.967217,0.939733,-0.337980,0.051684,0.509162,0.463587,0.339331,0.640856,-2.469826,-2.581406,-1.221983,0.192740,-0.552955,0.080065,0.248636,-0.967217,-0.051684,0.000000,0.000000,0.000000,-1,0.441376,-1.520172,0.028381,-2.524848,-2.297164,-1.174442,167.672150,135.679764,-738.985535,0,0
102.400000,1.031728,1.265713,0.082697,0.443967,0.858164,-0.257776,-0.024812,0.299346,0.953822,0.895700,-0.417069,0.154192,0.497601,0.418685,0.320499,0.688750,-0.987139,-1.559825,-0.134542,0.149329,-0.266027,0.622545,0.257776,-0.953822,-0.154192,0.000000,0.000000,0.000000,-1,0.355759,-1.225906,0.708374,-1.391008,-2.600920,-0.131424,170.475449,134.981277,-744.663574,0,0
102.440000,1.032400,1.241627,0.219999,0.323104,0.904756,-0.277527,-0.070544,0.315466,0.946311,0.943731,-0.286179,0.165753,0.458771,0.454590,0.363037,0.671625,-2.397345,3.169191,0.195793,-0.015686,0.005057,0.292767,0.277527,-0.946311,-0.165753,0.000000,0.000000,0.000000,-1,0.119415,-0.902664,0.053360,-2.397538,3.067454,0.200860,171.526688,132.885834,-746.333618,0,0
102.480000,0.844978,1.182837,0.488353,0.261319,0.922849,-0.282952,-0.177488,0.334079,0.925683,0.948794,-0.191678,0.251096,0.411140,0.453229,0.404876,0.679429,-1.943558,1.031543,0.017480,-0.305230,0.201058,0.248853,0.282952,-0.925683,-0.251096,0.000000,0.000000,0.000000,-1,-0.022278,-0.724625,-0.002243,-2.081802,0.904433,0.070986,171.001068,132.711212,-749.840698,0,0
102.520000,0.798404,1.150795,0.576356,0.228708,0.928653,-0.292057,-0.222219,0.341890,0.913088,0.947793,-0.143930,0.284557,0.388027,0.455144,0.422481,0.681020,-1.367109,1.184258,0.041285,-0.138401,0.344851,0.379589,0.292057,-0.913088,-0.284557,0.000000,0.000000,0.000000,-1,0.194260,-0.493286,0.086533,-1.433293,1.081432,0.026873,171.001068,132.361984,-755.184753,0,0
102.560000,0.767409,1.122059,0.659610,0.185405,0.935364,-0.301195,-0.265854,0.342825,0.900996,0.946016,-0.086975,0.312232,0.364125,0.459671,0.442719,0.678318,-0.506869,0.708434,0.173298,-0.106645,0.577189,0.241812,0.301195,-0.900996,-0.312231,0.000000,0.000000,0.000000,-1,0.182693,-0.310303,-0.094620,-0.507062,0.606701,0.178364,172.928329,133.933563,-760.695801,0,0
102.600000,0.776046,1.129761,0.666283,0.169542,0.939068,-0.299011,-0.263838,0.335578,0.904310,0.949550,-0.074428,0.304657,0.363768,0.464053,0.447084,0.672640,0.568211,0.427665,0.286106,-0.121124,0.625059,0.208145,0.299011,-0.904310,-0.304657,0.000000,0.000000,0.000000,-1,0.157120,-0.314346,-0.092361,0.568018,0.325932,0.291173,173.103546,133.060455,-760.528809,0,0
102.640000,0.864886,1.178399,0.582868,0.154570,0.944149,-0.291018,-0.210483,0.319265,0.923995,0.965300,-0.081567,0.248076,0.383154,0.478701,0.439955,0.656108,1.735912,0.097766,0.158780,-0.091738,0.513274,0.052062,0.291018,-0.923995,-0.248076,0.000000,0.000000,0.000000,-1,0.249512,-0.456406,-0.299927,1.661572,0.092593,0.217414,173.103546,133.060455,-760.528809,0,1
102.680000,1.010332,1.227982,0.416694,0.163223,0.944615,-0.284713,-0.136049,0.307376,0.941812,0.977164,-0.114991,0.178685,0.411449,0.491291,0.420739,0.642122,1.467867,-0.028840,-0.131281,0.116655,0.160303,-0.306652,0.284713,-0.941812,-0.178685,0.000000,0.000000,0.000000,-1,0.470657,-0.979813,-0.607330,1.467674,-0.130571,-0.126214,171.701889,130.965012,-756.520752,0,0
102.720000,1.118645,1.231539,0.325278,0.142917,0.943381,-0.299345,-0.106349,0.315336,0.943002,0.984004,-0.102936,0.145395,0.412973,0.506711,0.414470,0.633176,0.476999,1.074489,0.145113,0.249755,-0.752737,-0.995561,0.300400,-0.943094,-0.142592,0.000000,0.000000,0.000000,-1,0.550156,-1.695831,-1.138153,0.017414,0.398678,0.025665,173.453949,129.917297,-755.852783,0,0
102.760000,1.093488,1.237822,0.359792,0.134422,0.947440,-0.290325,-0.115079,0.305927,0.945074,0.984219,-0.093629,0.150154,0.411807,0.505309,0.421249,0.630576,-0.386912,0.399298,0.471212,-0.041530,-0.036051,-0.556221,0.290325,-0.945074,-0.150154,0.000000,0.000000,0.000000,-1,0.215729,-0.831604,-0.635284,-0.315159,0.075914,0.428618,173.453949,129.917297,-755.852783,0,0
102.800000,1.057435,1.235872,0.439652,0.094244,0.953485,-0.286328,-0.139902,0.297438,0.944435,0.985670,-0.048950,0.161426,0.398554,0.510335,0.438675,0.623119,-0.393702,1.082333,-0.061528,0.131610,-0.332222,-0.226025,0.286328,-0.944435,-0.161426,0.000000,0.000000,0.000000,-1,0.459152,-1.557587,-0.371536,-0.393895,0.980604,-0.056461,173.629166,131.139633,-757.355774,0,0
102.840000,1.060252,1.237395,0.453364,0.078192,0.955176,-0.285526,-0.143337,0.294199,0.944935,0.986580,-0.032960,0.159916,0.394993,0.513832,0.443713,0.618932,-0.218119,-0.069696,0.217239,0.007915,-0.502514,-0.160656,0.285526,-0.944935,-0.159916,0.000000,0.000000,0.000000,-1,0.181534,-1.187881,-0.588058,-0.218312,-0.171424,0.222306,172.402710,130.965012,-758.190796,0,0
102.880000,1.012036,1.224596,0.443916,0.136198,0.947981,-0.287719,-0.145734,0.306438,0.940669,0.979904,-0.086187,0.179889,0.403073,0.497582,0.429317,0.636892,0.218130,-2.171519,-0.108899,-0.148895,0.320719,0.675296,0.287719,-0.940669,-0.179889,0.000000,0.000000,0.000000,-1,0.264816,-0.465530,0.643982,0.225073,-2.015816,-0.238038,172.402710,130.965012,-758.190796,0,0
102.920000,1.012653,1.242543,0.362949,0.210036,0.938670,-0.273464,-0.114459,0.301388,0.946607,0.970971,-0.167521,0.170742,0.429507,0.479742,0.405992,0.648492,1.888758,-0.991264,0.032237,0.019657,0.275952,0.674221,0.273464,-0.946607,-0.170742,0.000000,0.000000,0.000000,-1,0.228928,-0.750793,0.507538,1.888565,-1.092991,0.037303,172.052307,129.917297,-759.192810,0,0
102.960000,1.223833,1.266230,0.114501,0.235319,0.930105,-0.282010,-0.034261,0.297916,0.953977,0.971314,-0.214827,0.101972,0.457010,0.490057,0.377073,0.639376,2.658340,-0.860741,-0.603365,0.004581,-0.117541,0.585203,0.282010,-0.953977,-0.101972,0.000000,0.000000,0.000000,-1,0.207245,-1.728775,0.483078,2.658146,-0.962467,-0.598298,172.753128,128.520340,-754.850769,0,0
103.000000,1.460008,1.290359,-0.155340,0.256991,0.926438,-0.275079,0.042822,0.273443,0.960935,0.965465,-0.258730,0.030601,0.488095,0.496450,0.353612,0.624707,1.538581,0.645250,0.441433,-0.618280,-0.143466,-0.218484,0.275079,-0.960934,-0.030601,0.000000,0.000000,0.000000,-1,-0.469330,-0.924332,-0.576004,1.582458,0.021829,0.398373,173.453949,127.821854,-750.508667,0,0
103.040000,1.710696,1.317423,-0.402532,0.247238,0.936621,-0.248222,0.098200,0.230635,0.968072,0.963966,-0.263719,-0.034954,0.512727,0.504567,0.348989,0.600608,1.618995,-0.907636,0.657108,-0.389885,-0.127707,-0.365750,0.248222,-0.968072,0.034955,0.000000,0.000000,0.000000,-1,-0.123703,-1.028107,-0.130417,1.618802,-1.009360,0.662174,171.701889,129.568054,-749.172668,0,0
103.080000,1.916241,1.317504,-0.646802,0.278724,0.930976,-0.235789,0.151017,0.199977,0.968093,0.948423,-0.305439,-0.084854,0.539352,0.501524,0.330320,0.590306,0.954348,-0.289165,0.204243,-0.178416,0.195754,0.153518,0.235789,-0.968093,0.084854,0.000000,0.000000,0.000000,-1,0.057373,-0.772339,0.238373,1.074181,-0.466183,0.194498,170.300247,127.472610,-746.834656,0,0
103.120000,1.988434,1.318940,-0.723612,0.282130,0.931943,-0.227783,0.164996,0.186757,0.968451,0.945082,-0.310812,-0.101077,0.546912,0.501424,0.327886,0.584767,0.442587,0.170033,0.293973,-0.159393,0.130546,0.048627,0.227783,-0.968451,0.101077,0.000000,0.000000,0.000000,-1,0.095795,-0.879990,0.138260,0.446583,-0.058902,0.308077,169.949829,127.123383,-745.164612,0,0
103.160000,2.198715,1.308359,-0.875230,0.223526,0.951818,-0.209948,0.199166,0.166251,0.965761,0.954133,-0.257687,-0.152408,0.549928,0.523243,0.338310,0.556185,1.214685,2.446147,0.174143,0.080777,-0.009978,-0.236286,0.209948,-0.965760,0.152408,0.000000,0.000000,0.000000,-1,0.290726,-0.975739,-0.083878,1.214502,2.344417,0.179203,168.723389,128.694962,-744.663574,0,0
103.200000,2.356340,1.289354,-0.972092,0.162490,0.966974,-0.196365,0.229433,0.156528,0.960656,0.959665,-0.201149,-0.196422,0.548266,0.545541,0.348052,0.529763,0.913797,1.691075,0.043648,-0.114852,0.016183,-0.349299,0.196365,-0.960656,0.196422,0.000000,0.000000,0.000000,-1,0.039124,-0.950180,-0.167267,0.913614,1.589346,0.048708,168.022568,127.647232,-742.659546,0,0
103.240000,2.473517,1.262461,-1.076225,0.146921,0.971119,-0.187994,0.267109,0.144045,0.952840,0.952401,-0.190207,-0.238231,0.557025,0.555733,0.343075,0.513014,1.011343,-0.634844,0.166888,-0.171820,0.023122,-0.369289,0.187994,-0.952840,0.238231,0.000000,0.000000,0.000000,-1,0.019196,-0.894760,-0.088455,0.970876,-0.504411,0.155388,168.197769,127.472610,-742.826599,0,0
103.280000,2.514489,1.224786,-1.186489,0.208177,0.957631,-0.199012,0.314409,0.127152,0.940733,0.926180,-0.258411,-0.274618,0.582160,0.546258,0.312271,0.514954,1.151491,-1.837254,0.079290,-0.155555,0.019423,-0.230459,0.199012,-0.940733,0.274618,0.000000,0.000000,0.000000,-1,0.043457,-0.921310,0.044159,1.151307,-1.938981,0.084350,168.022568,127.647232,-739.987549,0,0
103.320000,2.528245,1.186407,-1.274209,0.271320,0.937974,-0.215849,0.358621,0.109595,0.927028,0.893183,-0.328929,-0.306641,0.605881,0.535004,0.279483,0.518236,1.051960,-0.961628,0.008357,-0.133177,-0.072988,-0.245316,0.215849,-0.927028,0.306641,0.000000,0.000000,0.000000,-1,0.082672,-1.000015,0.061325,1.080392,-1.208595,0.019076,168.898590,127.472610,-736.814514,0,0
103.360000,2.542146,1.167172,-1.312035,0.290307,0.930925,-0.221586,0.379679,0.100499,0.919643,0.878388,-0.351110,-0.324277,0.615241,0.532557,0.266888,0.516364,0.603709,-0.522680,0.027273,-0.178145,-0.104465,-0.295041,0.221586,-0.919643,0.324277,0.000000,0.000000,0.000000,-1,0.017319,-1.008484,0.005402,0.684298,-0.706027,0.041384,170.825867,127.996475,-735.645508,0,0
103.400000,2.533368,1.159752,-1.336201,0.318704,0.919945,-0.228317,0.388622,0.092879,0.916704,0.864523,-0.380886,-0.327910,0.623245,0.524901,0.255199,0.520498,0.080637,-1.261425,0.182101,-0.300460,-0.098433,-0.315169,0.228317,-0.916704,0.327910,0.000000,0.000000,0.000000,-1,-0.091660,-1.047913,0.030258,0.080454,-1.363150,0.187161,169.599426,127.821854,-735.478455,0,0
103.440000,2.502743,1.160973,-1.359628,0.366482,0.899581,-0.237583,0.389596,0.083516,0.917191,0.844930,-0.428695,-0.319866,0.633015,0.509141,0.239863,0.531538,0.264338,-1.989655,0.270588,-0.291340,-0.237807,-0.259304,0.237583,-0.917191,0.319866,0.000000,0.000000,0.000000,-1,0.024902,-1.271027,0.045074,0.264155,-2.091379,0.275648,170.825867,127.647232,-735.645508,0,0
103.480000,2.486687,1.150943,-1.412282,0.424019,0.870957,-0.248279,0.402516,0.064344,0.913149,0.811288,-0.487129,-0.323290,0.648646,0.490820,0.216994,0.539693,0.246874,-0.793862,0.187732,-0.240726,-0.382170,-0.284228,0.248279,-0.913149,0.323290,0.000000,0.000000,0.000000,-1,-0.015717,-1.275284,0.063110,0.397677,-1.032302,0.224720,171.001068,126.424896,-735.478455,0,0
103.520000,2.487022,1.171542,-1.376068,0.396829,0.886857,-0.236667,0.381384,0.075220,0.921351,0.834909,-0.455880,-0.308384,0.638356,0.496683,0.234290,0.539366,-1.161960,2.246240,-0.185952,-0.429675,-0.253942,-0.239918,0.236667,-0.921351,0.308384,0.000000,0.000000,0.000000,-1,-0.193008,-1.175293,0.068466,-1.162143,2.144517,-0.180893,169.073807,126.948761,-734.643433,0,1
103.560000,2.412881,1.228347,-1.189797,0.304855,0.925777,-0.223609,0.311717,0.124865,0.941935,0.899942,-0.356856,-0.250514,0.598018,0.517331,0.282739,0.542956,-2.545069,2.207669,-0.438590,-0.083396,-0.025732,-0.241115,0.223609,-0.941935,0.250514,0.000000,0.000000,0.000000,-1,0.140213,-0.967667,0.009399,-2.387789,2.037103,-0.389216,167.321747,124.504074,-740.989563,0,0
103.600000,2.247743,1.274652,-0.941942,0.234464,0.945134,-0.227482,0.236007,0.171663,0.956469,0.943042,-0.277944,-0.182810,0.558035,0.529152,0.320571,0.553018,-3.107726,2.154145,-0.773600,0.109493,0.017000,-0.178400,0.227482,-0.956469,0.182810,0.000000,0.000000,0.000000,-1,0.266479,-1.001205,0.035019,-3.087638,2.212496,-0.782251,169.599426,124.678696,-747.836670,0,0
103.640000,1.837552,1.326031,-0.491680,0.209459,0.949465,-0.233758,0.114406,0.213623,0.970194,0.971102,-0.229959,-0.063879,0.514712,0.516731,0.358134,0.582924,-2.542655,-0.924603,-0.002184,-0.030313,-0.269048,-0.035711,0.233758,-0.970194,0.063879,0.000000,0.000000,0.000000,-1,0.260788,-1.350006,0.002457,-2.542838,-1.026323,0.002875,169.073807,125.901031,-756.019775,0,0
103.680000,1.315420,1.298211,-0.086653,0.332307,0.906486,-0.260491,0.023300,0.268212,0.963078,0.942883,-0.326107,0.068008,0.499021,0.465805,0.341866,0.645858,-2.173651,-3.689811,-0.828790,0.331520,-0.412883,0.160446,0.260491,-0.963078,-0.068008,0.000000,0.000000,0.000000,-1,0.592010,-1.375961,0.092438,-2.220023,-3.912547,-0.924792,170.125046,126.948761,-762.365845,0,0
103.720000,1.144031,1.267260,0.052967,0.367357,0.889391,-0.272089,-0.015824,0.298478,0.954285,0.929945,-0.346258,0.123722,0.486096,0.449277,0.338337,0.668872,-0.746708,1.124279,-0.358851,0.116171,-0.105834,0.616382,0.272089,-0.954285,-0.123722,0.000000,0.000000,0.000000,-1,0.340744,-1.013855,0.459915,-1.176290,0.061922,-0.406419,168.548187,127.123383,-765.204895,0,0
103.760000,1.187929,1.262187,0.155966,0.231766,0.931078,-0.281743,-0.047180,0.300047,0.952757,0.971627,-0.207524,0.113469,0.452286,0.488572,0.381332,0.641343,-2.060155,2.738298,0.612071,-0.127141,-0.127977,0.302022,0.281743,-0.952757,-0.113469,0.000000,0.000000,0.000000,-1,-0.015930,-1.116058,0.205917,-2.060343,2.636579,0.617129,171.001068,128.520340,-770.214966,0,0
103.800000,0.899780,1.229393,0.508618,0.183697,0.947363,-0.262220,-0.163042,0.292429,0.942286,0.969367,-0.130342,0.208179,0.413246,0.474487,0.427800,0.648904,-2.266418,0.410568,0.238720,-0.456937,0.221079,0.215411,0.262220,-0.942286,-0.208179,0.000000,0.000000,0.000000,-1,-0.084869,-0.574554,-0.044189,-2.399957,0.293193,0.409131,173.103546,130.266541,-773.555054,0,0
103.840000,0.814919,1.195235,0.614223,0.170410,0.948537,-0.266906,-0.211393,0.299753,0.930302,0.962431,-0.102111,0.251595,0.393403,0.468441,0.441993,0.656079,-1.261703,0.580805,-0.076282,-0.108657,0.428318,0.168266,0.266906,-0.930302,-0.251595,0.000000,0.000000,0.000000,-1,0.241577,-0.503510,-0.072266,-1.419373,0.411200,-0.092583,171.526688,133.933563,-776.728027,0,0
103.880000,0.792145,1.182912,0.679718,0.132013,0.953980,-0.269248,-0.237746,0.294169,0.925711,0.962315,-0.058193,0.265639,0.378221,0.473423,0.458110,0.650350,-0.156160,0.784046,0.405245,0.011377,0.449912,0.204390,0.269248,-0.925711,-0.265639,0.000000,0.000000,0.000000,-1,0.294037,-0.453827,-0.121338,-0.156347,0.682330,0.410303,171.351486,136.203613,-779.233093,0,0
103.920000,0.761509,1.214664,0.698941,0.137980,0.960773,-0.240575,-0.224325,0.266901,0.937252,0.964697,-0.075355,0.252353,0.393296,0.468126,0.460291,0.643668,0.907053,-1.092979,0.799828,0.013118,0.540692,0.015643,0.240575,-0.937252,-0.252353,0.000000,0.000000,0.000000,-1,0.253693,-0.396561,-0.236710,0.761078,-1.086642,0.747500,171.526688,137.076721,-780.736084,0,0
103.960000,0.758305,1.258763,0.663365,0.169022,0.962736,-0.211117,-0.189038,0.241888,0.951711,0.967314,-0.120951,0.222879,0.419600,0.460974,0.450546,0.639099,1.506917,-1.294680,0.619677,0.020313,0.547155,-0.029670,0.211117,-0.951711,-0.222879,0.000000,0.000000,0.000000,-1,0.214615,-0.452286,-0.257797,1.468608,-1.391035,0.664488,171.001068,136.902100,-780.569092,0,0
104.000000,0.849604,1.319118,0.516523,0.214928,0.958555,-0.187026,-0.122986,0.216541,0.968496,0.968855,-0.185155,0.164429,0.456606,0.457489,0.428065,0.631644,1.522198,-0.727275,0.042540,0.026338,0.232458,-0.130630,0.187026,-0.968496,-0.164429,0.000000,0.000000,0.000000,-1,0.224228,-0.919662,-0.349136,1.522011,-0.828989,0.047598,168.723389,136.028992,-778.398071,0,0
104.040000,0.937912,1.335299,0.449867,0.191676,0.963258,-0.188137,-0.101461,0.210112,0.972399,0.976200,-0.167296,0.138006,0.459227,0.469156,0.429016,0.620442,-0.614383,1.127441,0.336413,-0.173961,-1.013869,-0.753488,0.188137,-0.972398,-0.138006,0.000000,0.000000,0.000000,-1,0.014175,-1.986267,-0.891495,-0.304430,1.095562,0.245194,166.620926,132.536591,-776.394043,0,1
104.080000,0.793946,1.304798,0.628436,0.162614,0.968718,-0.187461,-0.154538,0.212650,0.964831,0.974513,-0.127925,0.184283,0.437516,0.465229,0.449728,0.624409,-2.121395,1.344071,-0.121309,-0.287025,-0.552122,-1.279904,0.187461,-0.964831,-0.184283,0.000000,0.000000,0.000000,-1,-0.020782,-1.028824,-1.396530,-2.206252,1.043252,0.027055,168.022568,135.330521,-778.064087,0,0
104.120000,0.786782,1.275373,0.697063,0.106534,0.972703,-0.206155,-0.186906,0.223230,0.956679,0.976584,-0.063388,0.205585,0.411618,0.477260,0.467927,0.619546,-0.277756,1.192998,0.216461,0.279181,0.329131,-0.124828,0.206155,-0.956679,-0.205585,0.000000,0.000000,0.000000,-1,0.485336,-0.627548,-0.330414,-0.277943,1.091286,0.221519,170.825867,137.425964,-781.070129,0,0
104.160000,0.819788,1.247236,0.731091,0.045243,0.971563,-0.232417,-0.212286,0.236692,0.948110,0.976160,0.006444,0.216957,0.384575,0.493582,0.483483,0.612146,-0.197527,1.389057,-0.542675,0.373906,-0.328761,0.286950,0.232417,-0.948110,-0.216957,0.000000,0.000000,0.000000,-1,0.525192,-1.101501,-0.019836,-0.261592,1.444173,-0.592934,171.877106,138.124435,-782.072144,0,0
104.200000,0.852756,1.238920,0.710948,0.033909,0.968836,-0.245372,-0.212613,0.246886,0.945433,0.976548,0.020111,0.214358,0.378373,0.499655,0.483106,0.611382,0.383230,-0.419406,-0.382414,-0.053355,0.187544,-0.192502,0.245372,-0.945433,-0.214358,0.000000,0.000000,0.000000,-1,0.174576,-0.818665,-0.474884,0.185884,-0.043946,-0.319902,173.804367,140.394501,-784.577148,0,0
104.240000,0.854268,1.253455,0.558098,0.177708,0.955537,-0.235308,-0.165249,0.264694,0.950068,0.970110,-0.129950,0.204940,0.420736,0.469587,0.436617,0.641744,1.153861,-3.969233,-0.549337,0.276502,0.019664,0.570113,0.235308,-0.950068,-0.204940,0.000000,0.000000,0.000000,-1,0.665527,-0.880325,0.364685,1.153684,-4.070951,-0.544285,172.577927,140.569122,-784.744141,0,0
104.280000,1.078954,1.291342,0.276891,0.222648,0.944094,-0.243135,-0.075403,0.265324,0.961206,0.971979,-0.195677,0.130261,0.454715,0.477602,0.400715,0.636049,2.715463,1.016839,0.070450,-0.200426,0.029489,0.330899,0.243135,-0.961206,-0.130261,0.000000,0.000000,0.000000,-1,0.042709,-0.931717,0.200638,2.605020,0.994309,-0.141699,167.321747,139.870636,-782.072144,0,0
104.320000,1.313806,1.332009,0.025363,0.230258,0.945860,-0.228757,-0.005998,0.236449,0.971625,0.973111,-0.222352,0.060118,0.483138,0.486332,0.385166,0.617824,2.024070,-1.241919,0.446738,-0.458387,-0.062478,0.537611,0.228757,-0.971625,-0.060118,0.000000,0.000000,0.000000,-1,-0.336563,-1.200470,0.219864,2.279617,-0.987284,0.529272,167.496948,137.949814,-779.901123,0,0
104.360000,1.436784,1.338569,-0.205344,0.327456,0.916925,-0.228082,0.046928,0.225311,0.973156,0.943700,-0.329369,0.030750,0.517541,0.465592,0.345682,0.629189,1.144531,-2.044600,-0.315395,-0.460779,-0.276264,-0.127117,0.228082,-0.973156,-0.030750,0.000000,0.000000,0.000000,-1,-0.124741,-1.127441,-0.096298,1.144350,-2.146316,-0.310341,163.817627,136.378235,-775.726074,0,0
104.400000,1.698728,1.350450,-0.509206,0.360413,0.907253,-0.216781,0.106548,0.190838,0.975822,0.926688,-0.374797,-0.027885,0.547143,0.463225,0.324370,0.617124,1.767344,-0.338678,0.411452,-0.118988,0.003898,0.003105,0.216781,-0.975822,0.027885,0.000000,0.000000,0.000000,-1,0.097794,-0.971924,0.030991,1.726884,-0.408549,0.442336,161.890350,136.203613,-772.552979,0,0
104.440000,1.923106,1.347011,-0.760075,0.380434,0.901047,-0.208291,0.152899,0.160846,0.975064,0.912081,-0.402795,-0.076578,0.569246,0.462869,0.309088,0.605124,1.791904,-0.916698,0.275507,-0.143350,0.180600,0.110312,0.208291,-0.975064,0.076578,0.000000,0.000000,0.000000,-1,0.085907,-0.775528,0.208878,1.820596,-0.954752,0.311867,159.612686,135.679764,-769.713989,0,0
104.480000,2.140486,1.323802,-1.012363,0.406683,0.890069,-0.205877,0.207349,0.129545,0.969652,0.889728,-0.437030,-0.131871,0.593508,0.462259,0.288054,0.592528,1.041258,0.050947,0.065606,-0.114676,0.083162,-0.068883,0.205877,-0.969652,0.131871,0.000000,0.000000,0.000000,-1,0.091202,-0.886490,0.062988,1.041077,-0.050767,0.070661,158.386230,134.108185,-766.874939,0,0
104.520000,2.319636,1.300242,-1.148703,0.364986,0.910198,-0.195767,0.243809,0.109491,0.963623,0.898522,-0.399438,-0.181952,0.599468,0.481263,0.293075,0.568446,1.025383,1.556436,0.058987,-0.127071,0.044479,-0.233755,0.195767,-0.963623,0.181951,0.000000,0.000000,0.000000,-1,0.068695,-0.919144,-0.051804,0.983688,1.407008,0.060459,157.860626,133.235077,-764.703857,0,0
104.560000,2.445845,1.276700,-1.236588,0.327717,0.926326,-0.185798,0.273836,0.095085,0.957065,0.904221,-0.364524,-0.222501,0.603144,0.497461,0.297782,0.547791,1.170737,1.158861,0.060243,-0.113563,0.031146,-0.259793,0.185798,-0.957065,0.222501,0.000000,0.000000,0.000000,-1,0.052979,-0.953629,-0.053680,1.167417,1.172696,0.055237,159.262268,135.679764,-764.703857,0,0
104.600000,2.562648,1.237676,-1.345297,0.316816,0.931460,-0.178911,0.318715,0.073113,0.945027,0.893336,-0.356421,-0.273707,0.615916,0.507446,0.289985,0.528257,1.135368,-0.482381,0.038256,-0.135317,0.052830,-0.405298,0.178911,-0.945027,0.273707,0.000000,0.000000,0.000000,-1,0.029327,-0.901810,-0.077759,1.135187,-0.584093,0.043310,158.911850,134.632034,-764.369873,0,0
104.640000,2.589542,1.191469,-1.428750,0.361709,0.911841,-0.194196,0.366567,0.052422,0.928914,0.857202,-0.407183,-0.315289,0.637294,0.501498,0.260086,0.524129,1.172398,-1.532165,-0.077615,-0.153516,0.037541,-0.367565,0.194196,-0.928914,0.315289,0.000000,0.000000,0.000000,-1,0.040680,-0.903427,-0.033920,1.204264,-1.594599,-0.040116,157.685410,132.711212,-761.864868,0,0
104.680000,2.581201,1.164800,-1.463193,0.394517,0.894590,-0.209915,0.392650,0.042414,0.918709,0.830772,-0.444869,-0.334528,0.649352,0.495587,0.239030,0.524977,0.808064,-1.096425,-0.077693,-0.228393,-0.048454,-0.281564,0.209915,-0.918709,0.334528,0.000000,0.000000,0.000000,-1,-0.025253,-1.014465,0.076035,0.891735,-1.313716,-0.085806,157.335007,133.409698,-759.192810,0,0
104.720000,2.574253,1.150998,-1.490738,0.421714,0.879877,-0.219028,0.406271,0.032595,0.913171,0.810618,-0.474082,-0.343723,0.658187,0.488519,0.224704,0.526922,0.107551,-0.759980,0.168910,-0.251468,-0.181876,-0.318989,0.219028,-0.913171,0.343723,0.000000,0.000000,0.000000,-1,-0.024170,-1.064697,0.023575,0.107370,-0.861689,0.173964,155.232529,133.758942,-758.858826,0,0
104.760000,2.535320,1.153040,-1.531759,0.488337,0.841477,-0.231177,0.405401,0.015834,0.914002,0.772772,-0.540060,-0.333404,0.671920,0.463924,0.201510,0.541010,0.336760,-1.275257,0.158072,-0.132865,-0.407944,-0.379043,0.231177,-0.914002,0.333404,0.000000,0.000000,0.000000,-1,0.098312,-1.321945,-0.045639,0.336579,-1.376964,0.163126,153.480469,137.251343,-755.852783,0,0
104.800000,2.524430,1.149621,-1.539918,0.502718,0.831441,-0.236601,0.408639,0.012622,0.912609,0.761767,-0.555470,-0.333414,0.675187,0.459162,0.194452,0.543582,0.270291,-1.216125,-0.001020,-0.173552,-0.421681,-0.384759,0.236601,-0.912609,0.333414,0.000000,0.000000,0.000000,-1,-0.032364,-1.404541,-0.005630,0.325578,-1.321998,0.053436,153.480469,137.251343,-755.852783,0,0
104.840000,2.486282,1.162432,-1.525036,0.522441,0.817613,-0.242000,0.396693,0.018165,0.917772,0.754778,-0.575481,-0.314851,0.674375,0.450160,0.190094,0.553569,-0.814993,0.789037,0.212509,-0.444881,-0.461455,-0.248063,0.242000,-0.917772,0.314851,0.000000,0.000000,0.000000,-1,-0.214874,-1.295792,0.103241,-0.815174,0.687330,0.217563,152.954849,136.028992,-754.015747,0,0
104.880000,2.438055,1.216148,-1.361313,0.434821,0.872045,-0.224650,0.339669,0.072214,0.937769,0.834000,-0.484068,-0.264806,0.637850,0.474921,0.238830,0.557277,-2.529668,3.310141,-0.526700,-0.129160,0.000299,-0.259496,0.224650,-0.937769,0.264806,0.000000,0.000000,0.000000,-1,0.095490,-0.937469,0.005310,-2.379032,2.944465,-0.508289,152.604431,137.425964,-754.349731,0,1
104.920000,2.325787,1.266611,-1.135911,0.341453,0.914237,-0.218131,0.271637,0.126188,0.954091,0.899791,-0.385030,-0.205253,0.595927,0.497491,0.285966,0.561780,-3.132424,2.669561,-0.660767,0.041848,0.133062,-0.383018,0.218131,-0.954091,0.205253,0.000000,0.000000,0.000000,-1,0.033981,-1.091660,-0.049194,-3.039823,3.031141,-0.674783,153.655670,138.124435,-760.695801,0,0
104.960000,1.874348,1.313433,-0.664576,0.333849,0.910795,-0.242895,0.156976,0.200362,0.967064,0.929464,-0.360982,-0.076082,0.549902,0.485437,0.312132,0.603765,-2.743755,-1.629724,-0.748828,-0.127432,-0.327110,-0.055269,0.242895,-0.967064,0.076082,0.000000,0.000000,0.000000,-1,0.186035,-1.378632,0.009720,-2.743936,-1.731428,-0.743775,155.582947,138.997543,-765.872925,0,0
105.000000,1.380078,1.293369,-0.258530,0.424690,0.864478,-0.268917,0.070021,0.264781,0.961763,0.902627,-0.427281,0.051918,0.526306,0.443895,0.301018,0.659809,-1.772751,-1.612831,-0.100102,0.072285,-0.560194,0.348336,0.268917,-0.961763,-0.051918,0.000000,0.000000,0.000000,-1,0.314072,-1.373016,0.407349,-2.002239,-2.135602,-0.201247,154.882111,145.283859,-769.880981,0,0
105.040000,1.335737,1.287575,-0.195775,0.410093,0.870613,-0.271766,0.054361,0.274112,0.960160,0.910422,-0.408528,0.065084,0.517421,0.446916,0.308577,0.661303,0.081978,1.993996,-0.128313,0.103662,-0.314437,0.750479,0.271766,-0.960160,-0.065084,0.000000,0.000000,0.000000,-1,0.182526,-0.983139,0.264877,-0.028803,1.534039,-0.057664,154.882111,145.283859,-769.880981,0,0
105.080000,1.185651,1.271911,0.104136,0.281596,0.919912,-0.272884,-0.030608,0.292860,0.955665,0.959045,-0.260759,0.110625,0.468538,0.474510,0.366118,0.649053,-3.275238,2.215791,0.755472,-0.508587,-0.271630,0.159041,0.272884,-0.955665,-0.110625,0.000000,0.000000,0.000000,-1,-0.359253,-1.141403,-0.076828,-3.275419,2.114090,0.760526,154.706909,146.855438,-771.718018,0,0
105.120000,0.913923,1.236114,0.450189,0.224335,0.939156,-0.260116,-0.142928,0.295742,0.944515,0.963974,-0.174710,0.200577,0.426619,0.466591,0.412462,0.655869,-1.645947,1.473458,-0.090963,-0.397018,0.387264,0.181550,0.260116,-0.944515,-0.200577,0.000000,0.000000,0.000000,-1,-0.002045,-0.535278,-0.028122,-1.798842,1.400525,0.010315,159.787888,153.665619,-776.895081,0,0
105.160000,0.864980,1.208611,0.542076,0.188484,0.944327,-0.269666,-0.182798,0.303523,0.935125,0.964914,-0.126962,0.229831,0.404700,0.470428,0.429483,0.656094,-1.304132,1.263820,0.094494,0.011798,0.380971,0.343799,0.269666,-0.935125,-0.229831,0.000000,0.000000,0.000000,-1,0.382675,-0.456604,0.128632,-1.321674,1.094147,0.020267,159.787888,153.665619,-776.895081,0,0
105.200000,0.815469,1.192293,0.646665,0.139498,0.952975,-0.269035,-0.222652,0.294921,0.929219,0.964866,-0.069723,0.253323,0.384465,0.474895,0.452467,0.649566,-0.312050,0.581337,0.273859,-0.032814,0.657536,0.237209,0.269035,-0.929219,-0.253323,0.000000,0.000000,0.000000,-1,0.229187,-0.295181,-0.042374,-0.312221,0.479629,0.278907,161.715149,158.031128,-779.400085,0,0
105.240000,0.815595,1.214495,0.633969,0.148024,0.955815,-0.253981,-0.206617,0.281031,0.937193,0.967160,-0.086251,0.239087,0.396203,0.472737,0.450009,0.645783,0.988654,-0.755407,0.381501,-0.010984,0.557707,0.157788,0.253981,-0.937193,-0.239087,0.000000,0.000000,0.000000,-1,0.257889,-0.357330,-0.101761,0.856655,-0.771263,0.370595,161.539948,158.205734,-778.899109,0,0
105.280000,0.850000,1.250574,0.571652,0.169255,0.956779,-0.236487,-0.170302,0.264731,0.949165,0.970747,-0.120377,0.207748,0.417365,0.471097,0.439819,0.640651,1.490763,-0.746805,0.456770,0.049204,0.543221,0.043762,0.236487,-0.949165,-0.207748,0.000000,0.000000,0.000000,-1,0.279144,-0.555344,-0.257919,1.441612,-0.885637,0.449761,161.539948,158.205734,-778.899109,0,1
105.320000,0.977114,1.308418,0.422880,0.181615,0.959580,-0.214995,-0.106446,0.236530,0.965776,0.977592,-0.152514,0.145101,0.447209,0.476921,0.426309,0.625149,1.360124,0.215620,0.294309,0.041459,0.066789,-0.237056,0.214995,-0.965776,-0.145101,0.000000,0.000000,0.000000,-1,0.252716,-1.143112,-0.490433,1.359953,0.113915,0.299357,157.685410,155.062576,-776.561035,0,0
105.360000,0.942697,1.317204,0.471361,0.167849,0.964685,-0.203001,-0.113926,0.223524,0.968017,0.979208,-0.139353,0.147421,0.446347,0.476512,0.434755,0.620241,-1.660992,0.214684,0.410582,0.030047,-1.332993,-1.187662,0.203001,-0.968017,-0.147421,0.000000,0.000000,0.000000,-1,0.233047,-2.301010,-1.335083,-1.297704,-0.196560,0.439614,158.386230,155.062576,-775.225037,0,0
105.400000,0.793849,1.289663,0.652545,0.141080,0.970030,-0.197834,-0.168467,0.220442,0.960742,0.975559,-0.102213,0.194518,0.426063,0.470331,0.456343,0.623707,-1.304689,0.883532,0.310029,-0.268894,-0.108305,-1.167161,0.197834,-0.960742,-0.194518,0.000000,0.000000,0.000000,-1,-0.043503,-0.607925,-0.949951,-1.617327,0.832740,0.333183,158.386230,155.062576,-775.225037,0,0
105.440000,0.778839,1.278220,0.728075,0.083703,0.975677,-0.202602,-0.191924,0.215293,0.957504,0.977834,-0.041262,0.205277,0.407165,0.481226,0.475994,0.613244,-0.560065,1.585981,-0.010890,-0.008067,0.217514,0.008652,0.202602,-0.957504,-0.205277,0.000000,0.000000,0.000000,-1,0.288284,-1.121597,-0.145645,-0.560236,1.484278,-0.005842,160.138290,159.602707,-777.897095,0,0
105.480000,0.831397,1.270635,0.728601,0.032794,0.975293,-0.218466,-0.196868,0.220604,0.955289,0.979882,0.011681,0.199238,0.391456,0.497135,0.486271,0.602627,0.451660,0.462986,-0.175467,0.057184,0.045606,0.220280,0.218466,-0.955289,-0.199238,0.000000,0.000000,0.000000,-1,0.260193,-0.711288,-0.284180,0.327826,0.838521,-0.074412,159.963089,159.428085,-777.062073,0,0
105.520000,0.815220,1.268842,0.632969,0.141780,0.965942,-0.216461,-0.175916,0.239775,0.954757,0.974142,-0.097287,0.203920,0.417757,0.472778,0.453422,0.629578,0.724805,-6.192286,-1.099405,-0.021469,0.003936,-0.171080,0.216461,-0.954757,-0.203920,0.000000,0.000000,0.000000,-1,0.666290,-1.129974,0.661972,0.773372,-5.755207,-0.966489,158.211029,158.729599,-775.058044,0,0
105.560000,0.817042,1.267185,0.449763,0.313829,0.924118,-0.217985,-0.129977,0.269236,0.954263,0.940541,-0.271142,0.204609,0.458253,0.433243,0.394190,0.668520,1.462720,0.572795,-0.487075,0.937608,-0.023536,0.435489,0.217985,-0.954263,-0.204609,0.000000,0.000000,0.000000,-1,0.857224,-0.706802,0.049545,1.462549,0.471094,-0.482027,154.706909,157.681885,-770.047974,0,0
105.600000,1.302002,1.319974,0.083908,0.186363,0.952896,-0.239288,-0.020802,0.247327,0.968709,0.982261,-0.175554,0.065914,0.467205,0.498761,0.397563,0.612292,3.101683,1.943076,0.525801,-0.741378,-0.274303,0.605343,0.239288,-0.968709,-0.065914,0.000000,0.000000,0.000000,-1,-0.502090,-1.243011,0.539429,3.072373,2.488792,0.282529,156.108551,155.586441,-770.381958,0,0
105.640000,1.485113,1.348178,-0.149597,0.229451,0.948137,-0.219974,0.032906,0.218318,0.975323,0.972764,-0.231028,0.018894,0.498056,0.492436,0.377864,0.609480,1.072654,-4.315145,-0.018209,-0.718822,-0.325302,-0.125667,0.219661,-0.975403,-0.018407,0.000000,0.000000,0.000000,-1,-0.499161,-1.300705,-0.144073,1.072483,-4.416844,-0.013161,155.933350,154.364105,-768.210938,0,0
105.680000,1.579775,1.331668,-0.423446,0.391010,0.889390,-0.236847,0.097325,0.215937,0.971545,0.915226,-0.402935,-0.002127,0.542494,0.454712,0.312620,0.633408,1.843296,-1.884456,-0.277010,-0.379837,-0.008009,-0.003622,0.236847,-0.971545,0.002127,0.000000,0.000000,0.000000,-1,0.035797,-0.996063,0.035294,1.843125,-1.986154,-0.271962,154.356491,153.490997,-763.033875,0,0
105.720000,1.922784,1.329427,-0.781573,0.397327,0.889824,-0.224377,0.168374,0.169667,0.971012,0.902099,-0.423588,-0.082410,0.572291,0.462263,0.296056,0.609217,1.570287,0.526448,0.421427,-0.147824,0.213184,0.031177,0.224377,-0.971012,0.082410,0.000000,0.000000,0.000000,-1,0.076553,-0.757828,0.113586,1.690333,0.323036,0.468158,153.655670,151.744797,-760.695801,0,0
105.760000,2.090574,1.320637,-0.928032,0.375383,0.901622,-0.214863,0.198156,0.148389,0.968873,0.905440,-0.406275,-0.122959,0.580937,0.473277,0.297182,0.591780,0.708158,0.838717,0.102959,-0.068180,0.099336,-0.100315,0.214863,-0.968873,0.122959,0.000000,0.000000,0.000000,-1,0.146683,-0.869537,0.022644,0.707987,0.737021,0.108007,152.954849,152.443283,-759.693848,0,0
105.800000,2.225038,1.309346,-1.022917,0.337360,0.918759,-0.205108,0.220648,0.134638,0.966016,0.915152,-0.371152,-0.157301,0.583100,0.488513,0.304426,0.573301,0.830633,1.171607,0.090533,-0.055648,0.053724,-0.205687,0.205108,-0.966016,0.157301,0.000000,0.000000,0.000000,-1,0.145737,-0.934479,-0.066742,0.830462,1.069911,0.095581,153.655670,152.094040,-760.695801,0,0
105.840000,2.415163,1.273991,-1.191462,0.313190,0.929611,-0.194258,0.271676,0.108301,0.956276,0.910002,-0.352271,-0.218634,0.596557,0.503425,0.299948,0.548374,1.442171,-0.069851,0.118116,-0.170500,0.014320,-0.271521,0.194258,-0.956276,0.218634,0.000000,0.000000,0.000000,-1,0.023758,-0.941956,-0.052887,1.455007,0.027813,0.148714,152.954849,151.744797,-759.025818,0,0
105.880000,2.490057,1.238857,-1.290884,0.331314,0.922594,-0.197614,0.313194,0.090030,0.945412,0.890023,-0.375120,-0.259122,0.612455,0.504440,0.282636,0.539032,1.269249,-0.640347,0.052391,-0.277036,0.120293,-0.088071,0.197614,-0.945412,0.259122,0.000000,0.000000,0.000000,-1,-0.079422,-0.825119,0.171051,1.269078,-0.742041,0.057439,153.305267,152.443283,-757.689819,0,0
105.920000,2.550705,1.201322,-1.373161,0.346332,0.916286,-0.201182,0.354096,0.070907,0.932517,0.868718,-0.394198,-0.299895,0.627559,0.506081,0.265925,0.528523,1.085246,-0.429463,-0.010355,-0.145701,0.070152,-0.364181,0.201182,-0.932517,0.299895,0.000000,0.000000,0.000000,-1,0.085800,-0.912689,-0.107605,1.085075,-0.531156,-0.005308,153.830887,150.871704,-755.852783,0,0
105.960000,2.564011,1.165282,-1.427330,0.376782,0.900911,-0.215392,0.390439,0.056402,0.918899,0.839996,-0.430323,-0.330500,0.642433,0.502524,0.243062,0.525044,0.668642,-1.405985,-0.050287,-0.229217,-0.049561,-0.341684,0.215392,-0.918899,0.330500,0.000000,0.000000,0.000000,-1,-0.013824,-0.968460,-0.011185,0.750448,-1.321091,-0.053368,151.903610,150.697083,-754.015747,0,0
106.000000,2.517715,1.151772,-1.455780,0.436977,0.867500,-0.237688,0.404181,0.046693,0.913486,0.803547,-0.495242,-0.330223,0.655840,0.484752,0.215700,0.536993,0.261105,-1.395105,0.140306,-0.235323,-0.216244,-0.274406,0.237688,-0.913486,0.330223,0.000000,0.000000,0.000000,-1,0.002365,-1.129730,0.055817,0.260934,-1.496796,0.145354,152.779648,152.268661,-751.176697,0,0
106.040000,2.495026,1.146317,-1.475229,0.470318,0.846900,-0.248117,0.409967,0.039299,0.911253,0.781491,-0.530298,-0.328718,0.663275,0.473735,0.201038,0.543346,0.335445,-1.177861,0.073620,-0.273736,-0.304430,-0.221250,0.248117,-0.911253,0.328718,0.000000,0.000000,0.000000,-1,-0.009048,-1.266983,0.073517,0.335274,-1.279552,0.078667,153.830887,151.220947,-749.172668,0,0
106.080000,2.496212,1.143765,-1.477996,0.471103,0.846167,-0.249125,0.412388,0.038380,0.910199,0.779742,-0.531533,-0.330869,0.664001,0.473853,0.199780,0.542820,-0.430603,0.540400,-0.144818,-0.230906,-0.457583,-0.442212,0.249125,-0.910199,0.330869,0.000000,0.000000,0.000000,-1,0.018219,-1.367783,-0.111343,-0.275390,0.404861,-0.090272,154.006088,152.792526,-748.337646,0,0
106.120000,2.466895,1.176290,-1.398159,0.433963,0.868351,-0.240090,0.378640,0.066025,0.923186,0.817501,-0.491536,-0.300140,0.645770,0.482753,0.223536,0.547688,-1.560989,1.788200,-0.178411,-0.313149,-0.386354,-0.350768,0.240090,-0.923186,0.300140,0.000000,0.000000,0.000000,-1,-0.073059,-1.309540,-0.050629,-1.561160,1.686510,-0.173364,152.254028,153.840240,-750.007690,0,0
106.160000,2.409111,1.214520,-1.245996,0.356683,0.904642,-0.233239,0.330550,0.111305,0.937202,0.873793,-0.411381,-0.259329,0.613332,0.503476,0.261096,0.549695,-2.636852,3.335217,-0.759643,-0.091195,0.030006,-0.414190,0.233239,-0.937202,0.259329,0.000000,0.000000,0.000000,-1,0.194031,-0.765884,-0.150253,-2.637023,3.233528,-0.754596,154.882111,153.316376,-752.512695,0,1
106.200000,2.066298,1.292431,-0.804493,0.279700,0.929157,-0.241736,0.197976,0.190556,0.961506,0.939454,-0.316791,-0.130652,0.552222,0.510272,0.315869,0.578706,-3.226407,-0.375461,-0.708730,-0.340186,-0.109051,-0.126731,0.241736,-0.961506,0.130652,0.000000,0.000000,0.000000,-1,-0.098450,-1.070557,0.003922,-3.289288,0.044318,-0.809601,157.510208,154.538727,-755.685791,0,0
106.240000,1.687162,1.313500,-0.466178,0.339987,0.905854,-0.252661,0.100787,0.232021,0.967475,0.935014,-0.354393,-0.012414,0.529240,0.475513,0.322327,0.624419,-2.880688,-2.549827,0.072727,-0.146659,-0.600426,0.130668,0.252661,-0.967475,0.012414,0.000000,0.000000,0.000000,-1,0.106003,-1.567902,0.143082,-2.880837,-2.651520,0.077758,156.809387,155.237198,-759.359802,0,0
106.280000,1.203130,1.298713,-0.060227,0.412889,0.875576,-0.250778,0.016176,0.268251,0.963213,0.910638,-0.401756,0.096595,0.511870,0.435536,0.322279,0.666659,-1.596575,-0.674528,-0.083918,-0.027054,-0.475263,0.421210,0.250778,-0.963213,-0.096595,0.000000,0.000000,0.000000,-1,0.280563,-1.419891,0.603180,-1.596724,-0.776220,-0.078887,154.882111,157.856506,-758.190796,0,0
106.320000,1.284208,1.297135,-0.039957,0.319346,0.911490,-0.259236,0.010796,0.270043,0.962788,0.947577,-0.310261,0.076397,0.493180,0.467520,0.348930,0.645327,-0.266184,2.814992,0.144153,0.023113,0.085178,0.311428,0.259236,-0.962788,-0.076397,0.000000,0.000000,0.000000,-1,0.282349,-0.877609,0.235031,0.115088,2.766198,0.069217,155.933350,155.761063,-758.190796,0,0
106.360000,1.027485,1.292885,0.353344,0.200192,0.951195,-0.234842,-0.094935,0.257399,0.961630,0.975146,-0.170216,0.141831,0.447483,0.478376,0.413594,0.632341,-2.862779,1.930035,1.091564,-0.430292,-0.128122,0.332703,0.234842,-0.961630,-0.141831,0.000000,0.000000,0.000000,-1,-0.195450,-1.089752,0.190872,-2.862928,1.828345,1.096595,158.911850,157.681885,-760.361816,0,0
106.400000,0.820363,1.264733,0.613044,0.156514,0.962777,-0.220374,-0.173360,0.246439,0.953527,0.972342,-0.111036,0.205478,0.419701,0.470225,0.447919,0.634120,-2.166292,1.320439,0.395222,-0.326316,0.196416,0.169040,0.220374,-0.953527,-0.205478,0.000000,0.000000,0.000000,-1,0.003021,-0.672043,-0.053818,-2.166441,1.218749,0.400253,158.386230,159.951935,-764.202881,0,0
106.440000,0.742199,1.228706,0.763065,0.092554,0.969548,-0.226739,-0.231847,0.242442,0.942056,0.968339,-0.034623,0.247226,0.388229,0.475042,0.477554,0.628932,-0.923845,1.552410,0.239006,0.171027,0.446099,0.286365,0.226739,-0.942056,-0.247226,0.000000,0.000000,0.000000,-1,0.397766,-0.495956,0.039139,-0.974099,1.458085,0.206262,159.963089,161.872757,-767.041931,0,0
106.480000,0.715793,1.223420,0.831102,0.052852,0.973294,-0.223397,-0.251468,0.229472,0.940269,0.966421,0.006482,0.256881,0.376331,0.479515,0.493598,0.620324,0.068741,0.012243,0.442442,0.136364,0.550327,0.149789,0.219547,-0.941273,-0.256525,0.000000,0.000000,0.000000,-1,0.355911,-0.390945,-0.106735,0.068591,-0.089445,0.447473,162.240768,162.745865,-766.540894,0,0
106.520000,0.687668,1.244951,0.844845,0.063253,0.977095,-0.203186,-0.239400,0.212504,0.947380,0.968858,-0.011281,0.247358,0.388391,0.474840,0.492849,0.617073,0.719822,-0.778679,0.432453,0.121964,0.559151,0.186140,0.203186,-0.947380,-0.247358,0.000000,0.000000,0.000000,-1,0.307281,-0.371735,-0.055984,0.719672,-0.880367,0.437484,160.663910,162.222000,-768.377930,0,1
106.560000,0.733008,1.293083,0.766083,0.089419,0.978956,-0.183441,-0.190078,0.197566,0.961685,0.977688,-0.051125,0.203744,0.414762,0.475501,0.478738,0.610477,1.425329,-0.506455,0.258572,0.074845,0.467163,0.035119,0.183441,-0.961685,-0.203744,0.000000,0.000000,0.000000,-1,0.258286,-0.494522,-0.168625,1.365598,-0.657975,0.262357,159.963089,163.618958,-766.707886,0,0
106.600000,0.897491,1.343419,0.599131,0.085453,0.980633,-0.176228,-0.127122,0.186161,0.974261,0.988199,-0.060852,0.140568,0.435524,0.489933,0.466089,0.594176,1.167392,0.545112,0.153489,-0.005070,0.072924,-0.166652,0.176228,-0.974261,-0.140568,0.000000,0.000000,0.000000,-1,0.171158,-0.901337,-0.307220,1.167243,0.443426,0.158519,158.386230,161.698135,-764.870911,0,0
106.640000,0.919964,1.354838,0.592464,0.068655,0.982967,-0.170480,-0.119657,0.177763,0.976771,0.990439,-0.046661,0.129823,0.436196,0.494794,0.469948,0.586566,-0.470100,0.319674,0.429974,0.002677,-0.927419,-0.813475,0.170480,-0.976772,-0.129823,0.000000,0.000000,0.000000,-1,0.174042,-2.166550,-1.308777,-0.470250,0.217989,0.435005,159.963089,160.825043,-764.035889,0,0
106.680000,0.640026,1.331893,0.886767,0.057135,0.988313,-0.141324,-0.183402,0.149536,0.971598,0.981376,-0.029593,0.189802,0.423615,0.475026,0.495765,0.590862,-0.799780,-0.077827,0.486461,-0.357449,0.141322,-1.157900,0.141324,-0.971598,-0.189802,0.000000,0.000000,0.000000,-1,-0.216125,-0.830276,-1.347702,-1.164094,-0.095584,0.608944,159.612686,160.126556,-763.367859,0,0
106.720000,0.648863,1.332462,0.919108,0.016407,0.989636,-0.142661,-0.187701,0.143192,0.971733,0.982089,0.010835,0.188105,0.413857,0.484428,0.507077,0.580453,-0.232090,2.481785,-0.051506,-0.231956,0.425559,0.054329,0.148796,-0.970572,-0.189339,0.000000,0.000000,0.000000,-1,-0.083160,-0.545013,-0.135010,-0.647963,2.717130,-0.121066,159.787888,161.348907,-765.204895,0,0
106.760000,0.730412,1.311497,0.934133,-0.075678,0.982349,-0.171066,-0.206170,0.152436,0.966570,0.975585,0.108416,0.190995,0.381081,0.509195,0.527787,0.562973,0.144440,1.627798,-0.398574,0.119385,-0.215590,0.226914,0.171066,-0.966570,-0.190995,0.000000,0.000000,0.000000,-1,0.241943,-0.976028,-0.017380,0.144291,1.526116,-0.393544,161.189529,161.698135,-765.872925,0,0
106.800000,0.706001,1.312674,0.828761,0.051870,0.984825,-0.165615,-0.188155,0.172506,0.966871,0.980769,-0.018991,0.194247,0.413859,0.481245,0.492410,0.595530,1.013873,-8.794778,-0.867437,0.149906,-0.190737,-0.182279,0.165615,-0.966871,-0.194247,0.000000,0.000000,0.000000,-1,0.315521,-1.157608,-0.376526,1.007354,-7.339699,-0.619400,163.467209,160.475800,-766.373901,0,0
106.840000,0.744059,1.310280,0.572584,0.263808,0.948668,-0.174454,-0.139558,0.216497,0.966257,0.954426,-0.230560,0.189508,0.463088,0.436801,0.421071,0.646106,0.869795,1.861303,-0.935216,1.228516,-0.289206,0.273386,0.174454,-0.966257,-0.189508,0.000000,0.000000,0.000000,-1,1.402969,-1.255463,0.083878,0.869669,1.759629,-0.930197,159.087067,159.602707,-762.532837,0,0
106.880000,0.949599,1.334062,0.402208,0.226122,0.955247,-0.190715,-0.091807,0.215814,0.972109,0.969763,-0.202306,0.136498,0.467389,0.461842,0.416702,0.628179,2.140989,1.257259,-0.059360,0.126210,0.508578,0.325402,0.190715,-0.972109,-0.136498,0.000000,0.000000,0.000000,-1,0.079590,-0.576157,0.524460,2.140864,1.155584,-0.054341,160.663910,158.380356,-759.025818,0,0
106.920000,1.484564,1.379168,-0.108640,0.191663,0.962943,-0.189750,0.020651,0.189335,0.981695,0.981243,-0.192073,0.016403,0.496469,0.495295,0.398561,0.591059,2.333618,-1.752525,0.043580,-0.430839,-0.430139,0.171585,0.189750,-0.981695,-0.016403,0.000000,0.000000,0.000000,-1,-0.241089,-1.411835,0.155182,2.507823,-0.951821,0.138340,159.963089,157.332642,-758.357788,0,0
106.960000,1.638788,1.374600,-0.447113,0.361829,0.911731,-0.194489,0.084285,0.175777,0.980815,0.928427,-0.371279,-0.013244,0.547562,0.454751,0.335093,0.617325,1.356748,-3.090466,0.085915,-0.808747,-0.172276,-0.117523,0.194489,-0.980815,0.013244,0.000000,0.000000,0.000000,-1,-0.614258,-1.153091,-0.104279,1.356623,-3.192138,0.090934,160.488708,156.808777,-756.854797,0,0
107.000000,1.882433,1.371057,-0.718370,0.383156,0.904171,-0.188856,0.130587,0.149381,0.980118,0.914406,-0.400200,-0.060837,0.568905,0.454715,0.318836,0.606568,1.861566,0.385044,0.171037,-0.364638,0.044907,0.055801,0.188856,-0.980118,0.060837,0.000000,0.000000,0.000000,-1,-0.070160,-0.902588,0.121674,1.861441,0.283372,0.176056,159.612686,155.586441,-753.681763,0,0
107.040000,2.184368,1.351875,-0.990896,0.352111,0.918961,-0.177563,0.181672,0.119000,0.976132,0.918157,-0.375965,-0.125049,0.582700,0.472212,0.317742,0.580100,0.791184,0.805894,0.147960,0.018985,0.238828,-0.078403,0.177563,-0.976132,0.125049,0.000000,0.000000,0.000000,-1,0.196548,-0.737305,0.046646,0.932579,0.698974,0.185482,158.736649,153.665619,-751.176697,0,0
107.080000,2.311636,1.339751,-1.068726,0.285811,0.943516,-0.167602,0.202854,0.111366,0.972856,0.936570,-0.312051,-0.159566,0.577497,0.496266,0.332888,0.556240,0.660651,2.148861,-0.064087,0.107697,0.040986,-0.351797,0.167602,-0.972856,0.159566,0.000000,0.000000,0.000000,-1,0.275299,-0.931870,-0.192230,0.660526,2.047191,-0.059068,158.561447,156.284927,-750.341675,0,0
107.120000,2.454374,1.314013,-1.152210,0.246409,0.955680,-0.161116,0.232044,0.103231,0.967212,0.940977,-0.275716,-0.196323,0.578684,0.513114,0.336911,0.536963,1.223274,0.549159,0.034793,-0.000579,0.022372,-0.388568,0.161117,-0.967212,0.196323,0.000000,0.000000,0.000000,-1,0.061844,-0.934143,-0.126572,1.223149,0.447489,0.039812,158.561447,156.284927,-751.343689,0,0
107.160000,2.551406,1.267109,-1.297840,0.287413,0.943238,-0.166421,0.287970,0.080615,0.954240,0.913492,-0.322185,-0.248454,0.603169,0.510308,0.309644,0.529050,1.593000,-1.520261,0.107072,-0.272119,0.129335,-0.117091,0.166421,-0.954240,0.248454,0.000000,0.000000,0.000000,-1,-0.105698,-0.824905,0.131363,1.509977,-1.639937,0.123723,159.963089,155.237198,-750.675659,0,0
107.200000,2.621104,1.206693,-1.416101,0.325479,0.928817,-0.177096,0.351859,0.054869,0.934444,0.877644,-0.366454,-0.308954,0.628403,0.509496,0.278702,0.517541,1.348732,-0.263137,-0.080996,-0.067004,0.023219,-0.637246,0.177096,-0.934444,0.308954,0.000000,0.000000,0.000000,-1,0.110092,-0.911224,-0.328293,1.348606,-0.364805,-0.075977,158.736649,154.713348,-748.504639,0,0
107.240000,2.618094,1.182654,-1.428925,0.335618,0.922802,-0.189202,0.374667,0.053514,0.925614,0.864283,-0.381541,-0.327783,0.634407,0.511292,0.266029,0.515109,0.468231,-0.867775,-0.288748,-0.287835,-0.136367,-0.378076,0.189202,-0.925614,0.327783,0.000000,0.000000,0.000000,-1,-0.173141,-1.076324,0.126297,0.468112,-0.969452,-0.283733,160.313507,156.284927,-745.999634,0,0
107.280000,2.565254,1.173194,-1.452913,0.400347,0.891737,-0.211013,0.384522,0.045540,0.921992,0.831784,-0.450256,-0.324661,0.647971,0.492406,0.239506,0.529440,0.193888,-1.774208,0.452332,-0.307998,-0.153524,-0.313156,0.211013,-0.921992,0.324661,0.000000,0.000000,0.000000,-1,-0.096985,-1.075516,0.011505,0.214647,-1.985207,0.376768,160.313507,154.538727,-744.329590,0,0
107.320000,2.540649,1.175269,-1.496025,0.458695,0.861475,-0.217854,0.384218,0.028782,0.922794,0.801233,-0.506984,-0.317792,0.661004,0.471137,0.220641,0.540760,0.163634,-1.222204,0.209774,-0.161152,-0.479230,-0.267408,0.217854,-0.922794,0.317792,0.000000,0.000000,0.000000,-1,0.056702,-1.402023,0.050385,0.163516,-1.323879,0.214789,158.561447,154.538727,-743.661621,0,0
107.360000,2.534495,1.183579,-1.504378,0.472574,0.854556,-0.215423,0.376780,0.025062,0.925964,0.796687,-0.518754,-0.310136,0.662882,0.464388,0.219219,0.544862,-0.498562,0.210180,0.242520,-0.208511,-0.586106,-0.200243,0.215423,-0.925964,0.310136,0.000000,0.000000,0.000000,-1,-0.000046,-1.545135,0.147461,-0.498681,0.108505,0.247534,159.612686,155.586441,-741.657593,0,0
107.400000,2.511960,1.242646,-1.372848,0.387594,0.902083,-0.189782,0.315999,0.063382,0.946640,0.865977,-0.426882,-0.260491,0.629425,0.483808,0.268577,0.545546,-2.601433,3.140764,-0.333637,0.024864,-0.177811,-0.299783,0.189782,-0.946640,0.260491,0.000000,0.000000,0.000000,-1,0.214645,-1.124451,-0.039291,-2.423732,3.045560,-0.258279,160.663910,154.887955,-741.323547,0,1
107.440000,2.227248,1.327348,-0.966439,0.285825,0.939064,-0.190951,0.198353,0.136973,0.970513,0.937529,-0.315273,-0.147116,0.569203,0.499566,0.327905,0.564731,-3.121371,1.229974,-0.518201,0.096158,0.043251,-0.195745,0.190951,-0.970513,0.147116,0.000000,0.000000,0.000000,-1,0.287109,-0.927261,-0.048630,-3.121484,1.128303,-0.513183,160.138290,154.713348,-743.160583,0,0
107.480000,1.875780,1.362177,-0.607591,0.286204,0.937582,-0.197552,0.118237,0.170042,0.978318,0.950846,-0.303356,-0.062190,0.542760,0.486320,0.346974,0.590351,-2.711110,-0.864402,-0.121822,-0.083538,-0.118011,0.054372,0.197552,-0.978318,0.062190,0.000000,0.000000,0.000000,-1,0.166718,-1.269730,0.091568,-2.711223,-0.966073,-0.116805,161.014328,154.538727,-749.339661,0,0
107.520000,1.250728,1.341503,-0.071477,0.379843,0.899540,-0.215746,0.016232,0.226709,0.973827,0.924908,-0.373404,0.071512,0.520005,0.440271,0.340940,0.647701,-2.767086,-2.798761,-0.475203,0.214933,-0.430561,0.181086,0.215746,-0.973827,-0.071513,0.000000,0.000000,0.000000,-1,0.430679,-1.404388,0.109573,-2.681386,-2.928108,-0.545467,161.014328,154.189484,-752.011719,0,0
107.560000,0.971366,1.286760,0.198365,0.396919,0.888212,-0.231376,-0.055224,0.274737,0.959932,0.916191,-0.368238,0.158099,0.490939,0.424181,0.348727,0.676342,-0.269333,2.574616,-0.352534,0.094369,-0.063841,0.722293,0.231376,-0.959932,-0.158099,0.000000,0.000000,0.000000,-1,0.325745,-1.023773,0.564194,-0.269446,2.472947,-0.347517,162.415970,154.189484,-753.347717,0,0
107.600000,1.061130,1.274799,0.216060,0.297545,0.920128,-0.254622,-0.062534,0.284912,0.956512,0.952658,-0.268682,0.142313,0.466455,0.459634,0.374118,0.656653,-1.349322,3.113524,-0.127128,-0.012587,0.069305,0.217493,0.254622,-0.956512,-0.142313,0.000000,0.000000,0.000000,-1,0.071747,-1.002731,0.123764,-1.349437,3.011855,-0.122111,164.693649,154.364105,-756.186768,0,0
107.640000,0.838809,1.219932,0.512167,0.240263,0.936433,-0.255668,-0.168441,0.299607,0.939076,0.955982,-0.182560,0.229718,0.421586,0.455419,0.415286,0.665129,-2.476796,0.912982,0.189880,-0.311668,0.208073,0.303876,0.255668,-0.939076,-0.229718,0.000000,0.000000,0.000000,-1,-0.056000,-0.731003,0.074158,-2.547937,0.726604,0.267332,164.693649,154.364105,-756.186768,0,0
107.680000,0.752043,1.173891,0.640127,0.209398,0.941497,-0.264076,-0.230895,0.310034,0.922261,0.950179,-0.132146,0.282308,0.392765,0.452308,0.436714,0.671144,-1.296645,0.875489,-0.079314,-0.091270,0.381780,0.102376,0.264076,-0.922262,-0.282308,0.000000,0.000000,0.000000,-1,0.172806,-0.540482,-0.179932,-1.296760,0.773821,-0.074297,164.343246,154.014862,-761.530823,0,0
107.720000,0.743373,1.155699,0.676933,0.185925,0.943897,-0.272929,-0.252616,0.314355,0.915077,0.949535,-0.101189,0.296890,0.379038,0.455944,0.446265,0.670293,-0.468177,0.894680,-0.016199,-0.001673,0.408897,0.266403,0.272929,-0.915077,-0.296890,0.000000,0.000000,0.000000,-1,0.261871,-0.483582,-0.004272,-0.468292,0.793014,-0.011182,165.920090,156.284927,-762.699829,0,0
107.760000,0.744038,1.158866,0.697595,0.165197,0.948812,-0.266189,-0.253289,0.303116,0.918676,0.952337,-0.088751,0.291853,0.379154,0.458602,0.452421,0.664260,0.530355,-0.702467,0.367196,-0.045333,0.445867,0.129118,0.266189,-0.918676,-0.291853,0.000000,0.000000,0.000000,-1,0.220856,-0.472809,-0.162735,0.414395,-0.597441,0.340646,166.270508,154.887955,-761.697876,0,0
107.800000,0.727176,1.212040,0.657372,0.211034,0.949203,-0.233405,-0.214542,0.277939,0.936334,0.953644,-0.147524,0.262298,0.409511,0.448499,0.439695,0.661678,1.271181,-1.119074,0.397078,-0.001608,0.445673,0.095321,0.233405,-0.936334,-0.262298,0.000000,0.000000,0.000000,-1,0.240326,-0.506241,-0.204254,1.271067,-1.220739,0.402095,165.569687,156.284927,-760.695801,0,0
107.840000,0.759141,1.251659,0.590850,0.238376,0.946859,-0.215952,-0.174778,0.260557,0.949507,0.955316,-0.188596,0.227601,0.433076,0.445696,0.426810,0.656988,1.586530,-0.984630,0.258967,0.057684,0.400312,-0.082153,0.215952,-0.949507,-0.227601,0.000000,0.000000,0.000000,-1,0.287567,-0.622269,-0.322372,1.586416,-1.086294,0.263984,164.693649,155.062576,-760.194824,0,0
107.880000,0.861962,1.285520,0.465567,0.254648,0.943141,-0.213634,-0.126339,0.251470,0.959584,0.958745,-0.217366,0.183192,0.452766,0.451007,0.411422,0.649867,1.064708,0.133193,-0.200916,0.112156,-0.378917,-0.444418,0.213634,-0.959584,-0.183192,0.000000,0.000000,0.000000,-1,0.285339,-1.727509,-0.800583,1.293004,-0.264243,-0.181126,164.693649,155.062576,-760.194824,0,1
107.920000,0.784798,1.267320,0.581691,0.220632,0.952220,-0.211184,-0.164193,0.249690,0.954304,0.961438,-0.175875,0.211438,0.435747,0.452112,0.430440,0.648413,-1.699275,0.273588,0.127819,-0.188632,-0.775463,-1.298801,0.211184,-0.954304,-0.211438,0.000000,0.000000,0.000000,-1,0.026901,-1.263153,-1.427612,-1.699390,0.171926,0.132836,164.168030,153.490997,-758.357788,0,0
107.960000,0.737181,1.246144,0.642699,0.210805,0.953722,-0.214419,-0.191183,0.255337,0.947762,0.958650,-0.158800,0.236162,0.424060,0.449547,0.438754,0.652362,-0.494914,0.827839,-0.044323,0.147397,0.264519,-0.449858,0.214419,-0.947762,-0.236162,0.000000,0.000000,0.000000,-1,0.500778,-0.715897,-0.376923,-0.495029,0.726178,-0.039306,164.693649,154.364105,-759.192810,0,0
108.000000,0.761505,1.231920,0.662995,0.169927,0.958389,-0.229379,-0.204603,0.262004,0.943129,0.963983,-0.113332,0.240611,0.408446,0.461374,0.449633,0.646634,-0.380409,1.359775,-0.238391,0.347449,-0.175554,0.210841,0.229379,-0.943129,-0.240611,0.000000,0.000000,0.000000,-1,0.454758,-1.110764,-0.056061,-0.434720,1.199830,-0.214431,164.518448,155.237198,-760.695801,0,0
108.040000,0.803037,1.234174,0.663235,0.129195,0.962723,-0.237641,-0.203356,0.260278,0.943876,0.970544,-0.073618,0.229402,0.399848,0.474785,0.458238,0.636175,0.388840,-0.293830,-0.029855,-0.377655,-0.087588,-0.329161,0.237641,-0.943876,-0.229402,0.000000,0.000000,0.000000,-1,-0.057571,-1.028595,-0.493149,0.388725,-0.395490,-0.024838,167.146530,155.761063,-760.862854,0,0
108.080000,0.769844,1.248661,0.523942,0.291393,0.930878,-0.220356,-0.158390,0.274123,0.948562,0.943400,-0.241502,0.227319,0.444396,0.434572,0.406757,0.669484,0.833340,-5.759621,-0.301547,0.203442,0.194793,0.856546,0.220356,-0.948562,-0.227319,0.000000,0.000000,0.000000,-1,0.545425,-0.678726,0.633865,0.833218,-5.861281,-0.296528,165.744888,154.014862,-759.192810,0,0
108.120000,0.736507,1.269673,0.411051,0.422792,0.884057,-0.199223,-0.118511,0.271887,0.955004,0.898444,-0.380158,0.219722,0.482489,0.396665,0.362299,0.691809,1.670062,-1.030185,-0.422530,0.528316,0.072603,0.488811,0.199223,-0.955004,-0.219722,0.000000,0.000000,0.000000,-1,0.477982,-0.877548,0.192993,1.377437,-2.717914,-0.409256,165.744888,154.014862,-759.192810,0,0
108.160000,1.140821,1.319600,0.057079,0.365942,0.902795,-0.225938,-0.014180,0.248158,0.968616,0.930530,-0.351253,0.103613,0.503530,0.441192,0.349826,0.655308,2.243037,0.936095,0.002660,-0.251634,-0.103482,0.621374,0.224447,-0.971032,-0.081973,0.000000,0.000000,0.000000,-1,-0.150101,-1.116882,0.331726,2.152620,-0.103534,0.220332,166.270508,153.490997,-755.685791,0,0
108.200000,1.343814,1.343391,-0.173079,0.385155,0.896327,-0.219668,0.038826,0.222082,0.974255,0.922035,-0.383768,0.050735,0.527337,0.443337,0.332978,0.643811,1.630964,-1.883933,0.099785,-0.769106,-0.479252,-0.265503,0.219668,-0.974255,-0.050735,0.000000,0.000000,0.000000,-1,-0.613693,-1.435165,-0.327560,1.630842,-1.985592,0.104804,163.467209,153.141754,-752.679688,0,0
108.240000,1.545472,1.356906,-0.493329,0.484924,0.848424,-0.212195,0.100519,0.186953,0.977213,0.868761,-0.495203,0.005375,0.568462,0.417329,0.288747,0.647544,1.918199,-1.785924,0.409973,-0.401587,0.065241,-0.011211,0.212195,-0.977213,-0.005375,0.000000,0.000000,0.000000,-1,-0.068100,-0.874817,0.072876,1.815495,-2.191977,0.339845,163.817627,152.443283,-750.007690,0,0
108.280000,1.868852,1.360296,-0.852069,0.510224,0.836527,-0.199736,0.157264,0.137578,0.977927,0.845541,-0.530373,-0.061360,0.598750,0.414944,0.269647,0.629770,1.167369,0.231372,0.220870,-0.087126,0.231314,0.090663,0.199736,-0.977927,0.061360,0.000000,0.000000,0.000000,-1,0.154587,-0.725922,0.105286,1.167254,0.129704,0.225886,163.992828,152.617905,-747.502625,0,0
108.320000,2.038108,1.349420,-0.985703,0.477320,0.856585,-0.196031,0.183049,0.121265,0.975596,0.859453,-0.501555,-0.098915,0.603111,0.430947,0.275000,0.612305,0.484543,1.255102,-0.060236,0.036269,0.021174,-0.149177,0.196031,-0.975596,0.098915,0.000000,0.000000,0.000000,-1,0.232300,-0.954422,-0.050262,0.485356,1.060112,-0.071830,164.168030,151.744797,-747.335632,0,0
108.360000,2.162253,1.339978,-1.060420,0.432753,0.881282,-0.189912,0.199619,0.111757,0.973480,0.879134,-0.459186,-0.127558,0.601779,0.449044,0.286327,0.595179,0.824767,2.068467,0.057862,0.084685,-0.027085,-0.232340,0.189912,-0.973480,0.127558,0.000000,0.000000,0.000000,-1,0.254181,-0.978241,-0.130753,0.741580,1.840616,0.050533,163.116806,152.094040,-747.001648,0,0
108.400000,2.380351,1.310620,-1.206725,0.365116,0.913892,-0.177457,0.240389,0.091602,0.966345,0.899390,-0.395487,-0.186245,0.604102,0.477685,0.298763,0.563577,1.075645,0.831146,0.020259,-0.221799,0.075445,-0.369167,0.177457,-0.966345,0.186245,0.000000,0.000000,0.000000,-1,-0.088638,-0.891495,-0.202698,1.075530,0.729481,0.025274,162.415970,154.189484,-747.001648,0,0
108.440000,2.457570,1.278340,-1.311296,0.385952,0.904351,-0.182184,0.278652,0.073978,0.957539,0.879428,-0.420330,-0.223447,0.619560,0.477356,0.281346,0.555986,1.121621,-1.496048,0.000472,-0.259699,0.041065,-0.373090,0.182184,-0.957539,0.223447,0.000000,0.000000,0.000000,-1,-0.044724,-0.907822,-0.111298,1.121505,-1.597712,0.005487,162.941589,152.967148,-744.830627,0,0
108.480000,2.485562,1.233776,-1.432519,0.460942,0.864204,-0.201705,0.327520,0.045580,0.943744,0.824781,-0.501074,-0.262035,0.647572,0.460074,0.240543,0.557783,1.403071,-2.048361,0.036029,-0.246001,-0.012555,-0.185344,0.201705,-0.943744,0.262035,0.000000,0.000000,0.000000,-1,-0.044296,-0.956299,0.076691,1.406106,-2.159579,0.032542,162.240768,152.967148,-744.830627,0,0
108.520000,2.513203,1.203474,-1.520452,0.507224,0.835559,-0.211105,0.358663,0.018072,0.933292,0.783636,-0.549103,-0.290517,0.667021,0.447595,0.214585,0.555603,0.844117,-1.280478,0.235512,-0.205657,-0.038479,-0.170400,0.211105,-0.933292,0.290517,0.000000,0.000000,0.000000,-1,0.009842,-0.944244,0.100601,0.844001,-1.382141,0.240527,163.817627,152.443283,-740.655518,0,0
108.560000,2.508005,1.195434,-1.554962,0.537990,0.814529,-0.217048,0.366564,0.005805,0.930375,0.759077,-0.580094,-0.295454,0.675951,0.436826,0.200469,0.558646,0.198689,-0.614913,0.077937,-0.140052,-0.171172,-0.187101,0.217048,-0.930375,0.295454,0.000000,0.000000,0.000000,-1,0.106216,-1.246887,0.079559,0.198574,-0.716575,0.082952,164.693649,153.316376,-740.822571,0,0
108.600000,2.511219,1.189966,-1.575145,0.550724,0.805420,-0.219092,0.371688,-0.001616,0.928356,0.747363,-0.592702,-0.300255,0.680550,0.432410,0.194060,0.558760,0.325495,-0.390101,0.108500,-0.065467,-0.502552,-0.325982,0.219092,-0.928356,0.300255,0.000000,0.000000,0.000000,-1,0.131958,-1.424301,-0.065399,0.294554,-0.522497,0.121439,162.415970,153.840240,-739.653564,0,0
108.640000,2.502194,1.193444,-1.559423,0.545568,0.808712,-0.219865,0.368436,0.004190,0.929644,0.752735,-0.588190,-0.295673,0.677689,0.434251,0.196576,0.559930,-0.834446,0.789525,-0.137204,-0.255311,-0.487379,-0.405261,0.219865,-0.929644,0.295673,0.000000,0.000000,0.000000,-1,-0.065582,-1.339828,-0.130829,-0.834561,0.687865,-0.132189,164.868866,152.792526,-737.649536,0,0
108.680000,2.442615,1.237638,-1.416899,0.483526,0.849662,-0.210422,0.323164,0.050130,0.945014,0.813491,-0.524940,-0.250341,0.648794,0.451925,0.232381,0.566417,-2.133833,2.709940,-0.580438,-0.199070,-0.076989,-0.319021,0.210422,-0.945014,0.250341,0.000000,0.000000,0.000000,-1,0.096375,-0.868500,-0.100433,-2.133949,2.608281,-0.575423,164.693649,152.617905,-741.824585,0,1
108.720000,2.310407,1.281186,-1.193936,0.410250,0.887236,-0.210966,0.265538,0.105094,0.958355,0.872459,-0.449185,-0.192480,0.611890,0.470989,0.270266,0.575079,-2.966069,2.165873,-0.690073,-0.137053,0.128491,-0.386221,0.210966,-0.958355,0.192480,0.000000,0.000000,0.000000,-1,-0.020554,-0.985245,-0.086288,-2.966185,2.064214,-0.685059,165.920090,152.094040,-744.663574,0,0
108.760000,1.785328,1.331525,-0.654708,0.409148,0.882596,-0.231562,0.144313,0.187990,0.971511,0.900984,-0.430909,-0.050454,0.563829,0.455328,0.296820,0.621829,-2.698725,-1.573628,-0.076206,-0.183161,-0.313081,0.035453,0.231562,-0.971511,0.050454,0.000000,0.000000,0.000000,-1,0.118576,-1.487686,0.124344,-2.698841,-1.675286,-0.071192,163.467209,152.443283,-748.337646,0,0
108.800000,1.303124,1.324605,-0.229842,0.470618,0.850458,-0.235033,0.055523,0.237303,0.969848,0.880588,-0.469478,0.064459,0.540568,0.418995,0.298554,0.665654,-2.337925,-1.545279,-0.263270,0.002989,-0.365846,0.256292,0.235033,-0.969848,-0.064459,0.000000,0.000000,0.000000,-1,0.265427,-1.313126,0.269409,-2.338041,-1.646935,-0.258256,166.095306,152.268661,-750.174683,0,0
108.840000,1.101179,1.296315,-0.043560,0.489494,0.837839,-0.241705,0.011803,0.270791,0.962566,0.871927,-0.474023,0.122661,0.523460,0.405782,0.300989,0.686102,-1.268663,-0.069594,-0.361495,0.091807,-0.289311,0.549938,0.241705,-0.962566,-0.122661,0.000000,0.000000,0.000000,-1,0.380783,-1.128723,0.493958,-1.268778,-0.171251,-0.356480,166.270508,151.395554,-752.345703,0,0
108.880000,1.123819,1.276288,0.062685,0.377336,0.888315,-0.261753,-0.018183,0.289699,0.956945,0.925898,-0.356330,0.125467,0.490451,0.443536,0.338538,0.669422,-1.977452,3.606855,0.109464,-0.096179,0.020742,0.211282,0.261753,-0.956945,-0.125467,0.000000,0.000000,0.000000,-1,0.028473,-1.043472,0.090408,-1.977570,3.505199,0.114477,166.796127,151.220947,-754.182739,0,0
108.920000,0.925315,1.240873,0.366634,0.290692,0.921154,-0.258791,-0.116136,0.302440,0.946067,0.949742,-0.244959,0.194896,0.445353,0.451899,0.387867,0.668586,-2.303288,1.257942,0.456604,-0.339602,-0.027383,0.211360,0.258791,-0.946067,-0.194896,0.000000,0.000000,0.000000,-1,-0.000549,-0.860703,-0.029266,-2.303409,1.156286,0.461613,167.496948,152.268661,-757.856812,0,0
108.960000,0.819355,1.211298,0.514898,0.257347,0.931499,-0.257066,-0.173245,0.306191,0.936073,0.950662,-0.196360,0.240175,0.421599,0.449630,0.416405,0.671675,-1.137983,0.757294,0.292844,0.099446,0.327072,0.300106,0.256388,-0.933929,-0.249081,0.000000,0.000000,0.000000,-1,0.355835,-0.606857,0.051025,-1.188224,0.664057,0.255818,168.372986,153.490997,-760.027832,0,0
109.000000,0.735060,1.185919,0.650512,0.213878,0.943854,-0.251786,-0.227367,0.298770,0.926844,0.950032,-0.140984,0.278502,0.398938,0.448996,0.437565,0.669169,-0.518270,0.404314,0.333346,-0.005066,0.545344,0.178053,0.251786,-0.926844,-0.278502,0.000000,0.000000,0.000000,-1,0.246719,-0.381500,-0.100449,-0.518390,0.302660,0.338355,168.723389,153.490997,-761.697876,0,0
109.040000,0.715123,1.191715,0.670159,0.213366,0.946358,-0.242657,-0.229853,0.290030,0.929005,0.949549,-0.142443,0.279405,0.401226,0.446447,0.440457,0.667608,0.324986,-0.297680,0.235740,0.018924,0.557240,0.154848,0.242657,-0.929005,-0.279405,0.000000,0.000000,0.000000,-1,0.261581,-0.371765,-0.124557,0.211133,-0.342090,0.236426,166.445709,152.967148,-761.864868,0,0
109.080000,0.741891,1.218523,0.628684,0.223287,0.946463,-0.233133,-0.202907,0.279063,0.938591,0.953400,-0.162271,0.254355,0.415292,0.447610,0.433591,0.662704,1.008246,-0.266018,0.132332,0.013190,0.502632,0.092032,0.233133,-0.938591,-0.254355,0.000000,0.000000,0.000000,-1,0.223083,-0.473312,-0.157776,0.941110,-0.412201,0.137217,168.022568,154.189484,-761.029846,0,1
109.120000,0.823909,1.250352,0.549376,0.215734,0.948700,-0.231141,-0.164473,0.268638,0.949095,0.962501,-0.166736,0.213990,0.428108,0.457961,0.427088,0.651606,1.147771,0.639225,0.012891,-0.038590,0.330962,-0.077331,0.231141,-0.949095,-0.213990,0.000000,0.000000,0.000000,-1,0.223083,-0.696213,-0.341751,1.147650,0.537573,0.017900,166.095306,152.967148,-759.860840,0,0
109.160000,0.926350,1.258587,0.484385,0.177376,0.953017,-0.245555,-0.143034,0.271826,0.951657,0.973694,-0.133678,0.184529,0.424564,0.476949,0.428756,0.639087,0.261780,1.825075,-0.327340,0.046910,-0.143008,-0.372386,0.245555,-0.951657,-0.184529,0.000000,0.000000,0.000000,-1,0.310303,-1.437531,-0.796509,0.261660,1.723424,-0.322331,168.372986,151.395554,-760.361816,0,0
109.200000,0.900538,1.243399,0.558644,0.133446,0.958480,-0.252009,-0.170449,0.272691,0.946883,0.976289,-0.083403,0.199761,0.406508,0.484635,0.445428,0.633620,-1.204308,0.339531,0.269931,-0.162669,-0.350038,-1.124412,0.252009,-0.946883,-0.199761,0.000000,0.000000,0.000000,-1,0.103516,-0.909134,-1.149628,-1.204428,0.237880,0.274940,168.898590,152.617905,-760.862854,0,0
109.240000,0.838297,1.219756,0.643560,0.116029,0.959775,-0.255673,-0.206341,0.275088,0.939016,0.971576,-0.056197,0.229959,0.390827,0.481949,0.457942,0.636607,-0.069505,0.273567,0.104546,0.024036,0.330938,-0.417761,0.255673,-0.939016,-0.229959,0.000000,0.000000,0.000000,-1,0.302582,-0.635422,-0.455032,-0.069626,0.171918,0.109554,169.599426,154.014862,-762.866882,0,0
109.280000,0.843641,1.213352,0.668278,0.088102,0.961205,-0.261385,-0.216799,0.274618,0.936794,0.972233,-0.025865,0.232583,0.381084,0.488348,0.466332,0.631527,-0.482205,0.600577,-0.293399,0.418409,-0.528340,0.157174,0.261385,-0.936794,-0.232583,0.000000,0.000000,0.000000,-1,0.679794,-1.465134,-0.075409,-0.508594,0.512818,-0.210516,169.599426,152.617905,-762.198853,0,0
109.320000,0.857356,1.206131,0.665123,0.078984,0.959711,-0.269659,-0.220101,0.280617,0.934243,0.972274,-0.014438,0.233397,0.375822,0.491995,0.467385,0.631070,-0.106441,0.201191,-0.088313,0.423884,-0.025916,-0.024736,0.269659,-0.934243,-0.233397,0.000000,0.000000,0.000000,-1,0.569199,-0.809006,-0.302414,-0.106554,0.099533,-0.083308,171.701889,153.316376,-762.532837,0,0
109.360000,0.891601,1.210669,0.587451,0.119279,0.954250,-0.274189,-0.195311,0.293317,0.935852,0.973461,-0.058076,0.221362,0.388781,0.488025,0.449657,0.639132,0.968731,-2.416169,-0.604254,-0.006611,0.320557,0.567843,0.274189,-0.935852,-0.221362,0.000000,0.000000,0.000000,-1,0.267578,-0.615295,0.346481,0.968618,-2.517827,-0.599250,170.825867,151.395554,-761.697876,0,0
109.400000,0.923832,1.223217,0.405311,0.258122,0.927094,-0.271789,-0.134309,0.313026,0.940200,0.956731,-0.206183,0.205316,0.430052,0.460865,0.398173,0.666420,2.243690,-1.867045,-0.661207,-0.076690,-0.183244,0.539545,0.271789,-0.940200,-0.205316,0.000000,0.000000,0.000000,-1,0.195099,-1.123444,0.334229,1.828210,-2.820087,-0.675438,171.701889,154.364105,-761.864868,0,0
109.440000,1.252394,1.268980,0.054312,0.263362,0.922464,-0.282314,-0.016136,0.296817,0.954798,0.964562,-0.246902,0.093056,0.467303,0.484871,0.364992,0.642891,2.541719,-0.119574,0.203062,-0.417720,-0.309698,0.630699,0.282314,-0.954798,-0.093056,0.000000,0.000000,0.000000,-1,-0.135406,-1.264496,0.537643,2.768678,-0.135554,0.071148,169.424210,149.300125,-757.355774,0,0
109.480000,1.366124,1.297616,-0.105588,0.301480,0.916148,-0.264164,0.028434,0.268293,0.962918,0.953048,-0.297812,0.054835,0.494559,0.477488,0.348232,0.637300,0.867960,-2.036001,0.512044,-0.685123,-0.149158,-0.440771,0.264164,-0.962918,-0.054835,0.000000,0.000000,0.000000,-1,-0.420959,-1.112076,-0.495605,0.867847,-2.137656,0.517049,169.424210,150.347839,-755.351746,0,0
109.520000,1.415861,1.318403,-0.224642,0.363556,0.898305,-0.246730,0.055627,0.243447,0.968318,0.929910,-0.365762,0.038536,0.519993,0.458627,0.328456,0.641393,1.581771,-2.268997,0.671168,-0.267070,-0.003438,-0.059608,0.246730,-0.968318,-0.038536,0.000000,0.000000,0.000000,-1,0.019135,-0.948212,0.023880,1.581657,-2.370651,0.676173,167.321747,148.601639,-753.013733,0,0
109.560000,1.797515,1.349284,-0.689689,0.431458,0.876363,-0.214083,0.139798,0.169490,0.975566,0.891235,-0.450844,-0.049386,0.572572,0.443683,0.295663,0.622809,1.691895,-0.501287,0.189686,-0.147738,0.225032,0.225639,0.214083,-0.975566,0.049386,0.000000,0.000000,0.000000,-1,0.066345,-0.750534,0.275024,1.819367,-0.755560,0.226948,167.496948,149.125504,-751.510681,0,0
109.600000,1.986875,1.345096,-0.870579,0.421273,0.883532,-0.204696,0.171132,0.144206,0.974638,0.890642,-0.445619,-0.090450,0.584705,0.450939,0.293287,0.607254,0.749055,1.189718,0.178618,-0.000381,0.164548,-0.034497,0.204696,-0.974638,0.090451,0.000000,0.000000,0.000000,-1,0.204315,-0.810089,0.055954,0.748942,1.088065,0.183622,166.796127,149.474747,-748.838684,0,0
109.640000,2.212764,1.331838,-0.985639,0.317974,0.928954,-0.189570,0.197312,0.130732,0.971585,0.927341,-0.346343,-0.141724,0.576404,0.488488,0.319988,0.571616,0.839263,2.882715,0.071057,-0.000651,-0.014545,-0.376542,0.189570,-0.971585,0.141724,0.000000,0.000000,0.000000,-1,0.188919,-0.986130,-0.234818,0.752997,2.888096,0.044616,165.920090,149.300125,-747.669678,0,0
109.680000,2.359363,1.316841,-1.079285,0.266709,0.947369,-0.177086,0.221494,0.118573,0.967926,0.937980,-0.297378,-0.178212,0.575836,0.507463,0.330343,0.549334,1.196041,1.680631,0.198068,-0.136559,0.018494,-0.432362,0.177086,-0.967926,0.178212,0.000000,0.000000,0.000000,-1,0.000824,-0.942810,-0.166183,1.195928,1.578980,0.203073,165.920090,149.300125,-747.335632,0,0
109.720000,2.539360,1.273387,-1.255366,0.259244,0.951438,-0.166005,0.278587,0.090910,0.956099,0.924761,-0.294109,-0.241490,0.593680,0.517966,0.319514,0.526465,1.248176,-0.735681,0.138194,-0.161275,0.069334,-0.203954,0.166005,-0.956099,0.241490,0.000000,0.000000,0.000000,-1,0.004730,-0.886765,0.037537,1.248063,-0.837331,0.143198,165.920090,149.300125,-747.335632,0,0
109.760000,2.569718,1.236392,-1.356704,0.320902,0.930306,-0.177628,0.320714,0.069731,0.944606,0.891159,-0.360094,-0.275985,0.617891,0.506165,0.288696,0.527884,1.107247,-1.636822,0.166152,-0.061311,-0.041585,-0.340683,0.177629,-0.944606,0.275985,0.000000,0.000000,0.000000,-1,0.116318,-0.986191,-0.064697,1.083713,-1.739545,0.162910,165.219269,148.950882,-744.663574,0,0
109.800000,2.579500,1.211192,-1.416820,0.363195,0.912642,-0.187550,0.347741,0.053971,0.936036,0.864388,-0.405182,-0.297760,0.633834,0.497126,0.266962,0.529010,0.971976,-1.474762,0.066922,-0.059163,-0.065139,-0.356354,0.187550,-0.936036,0.297761,0.000000,0.000000,0.000000,-1,0.073669,-1.016296,-0.027206,1.039986,-1.610294,0.100049,165.569687,148.601639,-743.327576,0,0
109.840000,2.541435,1.190641,-1.458224,0.428428,0.878937,-0.209567,0.368716,0.041684,0.928607,0.824923,-0.475113,-0.306220,0.650570,0.479446,0.236468,0.539419,0.187478,-1.576474,0.121768,-0.317172,-0.026868,-0.176383,0.209567,-0.928607,0.306220,0.000000,0.000000,0.000000,-1,-0.107605,-0.955475,0.129837,0.187365,-1.678121,0.126772,167.146530,148.077774,-740.488525,0,0
109.880000,2.511237,1.184121,-1.490040,0.478969,0.849223,-0.222281,0.375882,0.030421,0.926168,0.793285,-0.527157,-0.304637,0.662039,0.462625,0.215623,0.548806,0.475617,-1.394163,0.089049,-0.215461,-0.391184,-0.141154,0.222281,-0.926168,0.304637,0.000000,0.000000,0.000000,-1,0.006821,-1.317352,0.163483,0.436140,-1.755492,0.140335,166.971329,147.903152,-738.651489,0,0
109.920000,2.523017,1.171978,-1.514080,0.487325,0.843686,-0.225183,0.387705,0.022013,0.921520,0.782431,-0.536385,-0.316374,0.667399,0.461265,0.208739,0.546115,0.413738,0.194943,-0.011048,-0.206720,-0.419513,-0.314467,0.225183,-0.921521,0.316374,0.000000,0.000000,0.000000,-1,-0.039795,-1.330963,-0.011200,0.481604,-0.067831,0.009890,166.971329,147.903152,-738.651489,0,0
109.960000,2.552570,1.189494,-1.486536,0.443842,0.871932,-0.206736,0.370809,0.031319,0.928181,0.815785,-0.488625,-0.309419,0.656114,0.473523,0.232067,0.539847,-1.203034,1.890224,0.009758,-0.433237,-0.344707,-0.415727,0.206736,-0.928181,0.309419,0.000000,0.000000,0.000000,-1,-0.226501,-1.272888,-0.106308,-1.203147,1.788579,0.014762,168.898590,147.728546,-738.484497,0,0
110.000000,2.511173,1.225367,-1.349178,0.377865,0.904151,-0.199322,0.323347,0.072856,0.943472,0.867563,-0.420954,-0.264825,0.626465,0.489851,0.266671,0.544494,-2.308542,2.178782,-0.563340,-0.104992,-0.044749,-0.266335,0.199322,-0.943472,0.264825,0.000000,0.000000,0.000000,-1,0.094330,-0.988220,-0.001511,-2.145991,1.977511,-0.538405,168.022568,145.458481,-742.659546,0,1
110.040000,2.373624,1.282797,-1.134746,0.299923,0.933335,-0.197312,0.257457,0.119965,0.958814,0.918565,-0.338370,-0.204313,0.588275,0.506052,0.306512,0.551266,-3.042991,2.619764,-0.598720,-0.054901,0.064130,-0.161420,0.197312,-0.958814,0.204313,0.000000,0.000000,0.000000,-1,0.030701,-0.993195,0.084564,-2.927170,2.715280,-0.621413,168.022568,145.458481,-742.659546,0,0
110.080000,1.817683,1.362913,-0.529562,0.268379,0.942295,-0.200131,0.104259,0.178120,0.978470,0.957655,-0.283467,-0.050439,0.534017,0.489944,0.354634,0.590775,-2.781718,-1.241291,-0.443760,-0.046490,-0.404495,-0.048837,0.200131,-0.978470,0.050439,0.000000,0.000000,0.000000,-1,0.153641,-1.382965,0.001602,-2.781829,-1.342933,-0.438760,168.022568,144.759995,-751.343689,0,0
110.120000,1.343775,1.333005,-0.126792,0.343011,0.910861,-0.229513,0.029787,0.233666,0.971861,0.938859,-0.340195,0.053018,0.513889,0.457612,0.345088,0.638298,-2.353539,-2.798159,-0.765887,0.191249,-0.420489,0.177942,0.229513,-0.971861,-0.053018,0.000000,0.000000,0.000000,-1,0.420761,-1.392349,0.124924,-2.411518,-2.839570,-0.894549,169.949829,145.283859,-753.180725,0,0
110.160000,1.084756,1.299315,0.118762,0.362914,0.901152,-0.237103,-0.031772,0.266270,0.963375,0.931281,-0.342089,0.125264,0.492793,0.441047,0.352165,0.662278,-0.922947,2.840071,-0.059308,0.032642,-0.050968,0.745382,0.237103,-0.963375,-0.125264,0.000000,0.000000,0.000000,-1,0.269745,-1.014343,0.620117,-1.243882,1.559510,-0.027367,169.424210,142.315323,-757.021790,0,0
110.200000,1.074136,1.266002,0.309048,0.198839,0.943850,-0.263839,-0.091275,0.285879,0.953909,0.975773,-0.165592,0.142994,0.438738,0.485810,0.405671,0.637909,-2.711871,2.528595,0.111801,-0.302718,-0.048014,0.233478,0.263839,-0.953909,-0.142994,0.000000,0.000000,0.000000,-1,-0.038879,-1.001923,0.090485,-2.711985,2.426955,0.116800,171.176270,142.664566,-760.027832,0,0
110.240000,0.898158,1.219218,0.549673,0.147651,0.951651,-0.269367,-0.179907,0.293651,0.938830,0.972539,-0.090158,0.214567,0.399823,0.482554,0.439677,0.643403,-2.183734,1.232894,0.024603,-0.290073,0.136325,0.233655,0.269367,-0.938830,-0.214567,0.000000,0.000000,0.000000,-1,-0.020706,-0.802505,0.019089,-2.327217,1.138735,0.070506,173.453949,142.839172,-762.866882,0,0
110.280000,0.818501,1.175875,0.678100,0.109382,0.953482,-0.280904,-0.241350,0.299619,0.923027,0.964254,-0.033166,0.262896,0.369752,0.481493,0.462032,0.646509,-1.216340,0.955180,0.055615,0.040828,0.385200,0.232882,0.280904,-0.923027,-0.262896,0.000000,0.000000,0.000000,-1,0.321732,-0.537827,-0.030014,-1.303884,0.844961,-0.004334,175.030807,146.855438,-767.375916,0,0
110.320000,0.787732,1.163985,0.737637,0.084314,0.956161,-0.280442,-0.266113,0.292829,0.918387,0.960247,-0.002804,0.279136,0.357893,0.482021,0.474867,0.643483,-0.508504,0.606832,0.348293,-0.028382,0.509452,0.215126,0.280442,-0.918387,-0.279136,0.000000,0.000000,0.000000,-1,0.230118,-0.402832,-0.097321,-0.647924,0.600555,0.323546,173.453949,145.283859,-768.544922,0,0
110.360000,0.767764,1.195207,0.745995,0.089865,0.962818,-0.254767,-0.248962,0.269398,0.930292,0.964335,-0.020173,0.263915,0.373012,0.478440,0.475566,0.637020,0.974004,-0.772305,0.464759,-0.058982,0.498056,0.134963,0.254767,-0.930292,-0.263915,0.000000,0.000000,0.000000,-1,0.195786,-0.432236,-0.128952,0.868718,-0.828350,0.480282,173.629166,146.156952,-768.377930,0,0
110.400000,0.791730,1.228486,0.696507,0.108951,0.964926,-0.238848,-0.215343,0.257484,0.941982,0.970442,-0.051195,0.235843,0.392309,0.477674,0.466210,0.632905,1.336166,-0.722637,0.353108,-0.029406,0.484340,0.040454,0.238848,-0.941982,-0.235843,0.000000,0.000000,0.000000,-1,0.220474,-0.483124,-0.245377,1.275442,-0.813694,0.351278,173.629166,146.156952,-768.377930,0,1
110.440000,0.901603,1.274888,0.570714,0.116735,0.966469,-0.228716,-0.157537,0.245394,0.956538,0.980589,-0.075631,0.180901,0.415464,0.486764,0.452430,0.621094,1.150711,0.408071,-0.002041,0.054854,0.117701,-0.175606,0.228716,-0.956538,-0.180901,0.000000,0.000000,0.000000,-1,0.283569,-0.838837,-0.356506,1.150606,0.306425,0.002955,172.577927,141.966080,-765.037903,0,0
110.480000,0.939707,1.282006,0.558615,0.090131,0.969023,-0.229938,-0.150944,0.241502,0.958589,0.984425,-0.051691,0.168035,0.412491,0.495816,0.457275,0.612305,-0.612369,0.578341,0.441046,0.074094,-1.074736,-0.925578,0.229938,-0.958589,-0.168035,0.000000,0.000000,0.000000,-1,0.215271,-1.898544,-1.278000,-0.355633,0.682138,0.284854,172.753128,140.743744,-765.204895,0,0
110.520000,0.814811,1.269679,0.691859,0.084969,0.972735,-0.215795,-0.189214,0.228390,0.955006,0.978253,-0.040314,0.203461,0.404079,0.484758,0.471726,0.615796,-1.433627,0.229430,0.383595,-0.153219,-0.191707,-0.954926,0.215795,-0.955006,-0.203460,0.000000,0.000000,0.000000,-1,0.080887,-0.883240,-1.059998,-1.469734,-0.002522,0.454463,172.753128,140.743744,-765.204895,0,0
110.560000,0.765615,1.256673,0.772775,0.056074,0.975197,-0.214119,-0.215708,0.221224,0.951068,0.974846,-0.007142,0.222763,0.391180,0.485383,0.486175,0.612385,-0.018673,1.076247,0.173772,0.004600,0.298785,-0.357544,0.214119,-0.951068,-0.222763,0.000000,0.000000,0.000000,-1,0.267700,-0.630051,-0.460739,-0.149611,0.912043,0.175174,173.278748,141.966080,-767.375916,0,0
110.600000,0.762282,1.257434,0.825826,0.007411,0.977051,-0.212876,-0.226604,0.208984,0.951302,0.973959,0.041188,0.222952,0.379300,0.494626,0.501637,0.599864,0.015538,0.516277,0.055722,0.072830,-0.140372,0.014456,0.212876,-0.951302,-0.222952,0.000000,0.000000,0.000000,-1,0.285706,-1.091675,-0.208496,-0.199334,0.392372,0.064249,174.680389,141.267593,-767.041931,0,0
110.640000,0.780887,1.265630,0.817304,-0.003673,0.977373,-0.211491,-0.219121,0.205566,0.953797,0.975691,0.049845,0.213408,0.379919,0.498957,0.502870,0.594832,0.503505,0.545315,0.324652,0.017452,-0.136291,0.066526,0.211491,-0.953797,-0.213408,0.000000,0.000000,0.000000,-1,0.149841,-0.978149,-0.299255,0.449866,0.414904,0.235697,175.556427,141.791458,-768.210938,0,0
110.680000,0.797146,1.289489,0.741484,0.051151,0.978746,-0.198594,-0.187494,0.204729,0.960693,0.980933,-0.011906,0.193982,0.403869,0.489795,0.484278,0.602051,0.808638,-4.829154,-0.554361,-0.018128,-0.031372,0.091229,0.198594,-0.960693,-0.193982,0.000000,0.000000,0.000000,-1,0.180466,-0.992065,-0.102753,0.916493,-3.825737,-0.338544,172.402710,140.743744,-766.540894,0,0
110.720000,0.710750,1.295088,0.616350,0.255534,0.950347,-0.177603,-0.157365,0.222137,0.962232,0.953907,-0.217935,0.206315,0.454720,0.435972,0.426803,0.648843,1.261717,-0.357211,-0.578473,0.838510,0.165876,0.413087,0.177603,-0.962232,-0.206315,0.000000,0.000000,0.000000,-1,1.016113,-0.796356,0.206772,0.855188,-2.191252,-0.578199,170.125046,139.870636,-766.039917,0,0
110.760000,1.163570,1.327928,0.277577,0.136671,0.965691,-0.220821,-0.065900,0.231282,0.970652,0.988422,-0.118108,0.095249,0.450039,0.499841,0.426408,0.604815,2.399988,2.821035,-0.769176,-0.007000,-0.013662,0.220783,0.220821,-0.970652,-0.095249,0.000000,0.000000,0.000000,-1,-0.181732,-1.263580,0.408752,2.334057,3.129606,-0.823811,171.526688,138.473679,-764.035889,0,0
110.800000,1.455517,1.351860,-0.015031,0.129586,0.967812,-0.215750,0.003265,0.217167,0.976129,0.991563,-0.127197,0.024982,0.471019,0.515412,0.411773,0.585606,1.683383,-2.280422,0.838176,-1.086584,-0.596961,-0.310955,0.215750,-0.976129,-0.024982,0.000000,0.000000,0.000000,-1,-0.833420,-1.370224,-0.328934,2.049338,-1.366555,0.721800,172.753128,136.902100,-760.528809,0,0
110.840000,1.588547,1.372444,-0.327110,0.298149,0.933964,-0.197023,0.063315,0.186605,0.980393,0.952417,-0.304778,-0.003498,0.527978,0.472217,0.357683,0.608534,1.627926,-2.165181,-0.080785,-0.213869,0.122833,-0.028293,0.197023,-0.980393,0.003498,0.000000,0.000000,0.000000,-1,-0.016846,-0.857559,-0.024796,1.488236,-2.709977,-0.066932,169.949829,136.203613,-758.524780,0,0
110.880000,1.893034,1.372695,-0.671680,0.330830,0.925042,-0.186678,0.122474,0.154057,0.980442,0.935709,-0.347223,-0.062327,0.556574,0.470520,0.336447,0.596355,1.395565,0.050380,0.440445,-0.021334,0.102726,0.124486,0.186678,-0.980442,0.062327,0.000000,0.000000,0.000000,-1,0.149002,-0.793655,0.184891,1.523011,-0.279143,0.484420,169.073807,136.028992,-753.681763,0,0
110.920000,2.079859,1.360522,-0.831959,0.303096,0.935368,-0.182262,0.154303,0.140564,0.977974,0.940385,-0.324544,-0.101726,0.562196,0.484560,0.337126,0.579209,0.386221,0.989900,-0.138779,0.010792,0.171257,-0.075465,0.182262,-0.977974,0.101726,0.000000,0.000000,0.000000,-1,0.193054,-0.806717,0.026260,0.386116,0.888263,-0.133783,168.723389,133.235077,-753.681763,0,0
110.960000,2.196587,1.346775,-0.894230,0.249435,0.951505,-0.180055,0.173218,0.139094,0.975012,0.952774,-0.274391,-0.130123,0.556881,0.504921,0.346896,0.560894,0.822025,1.953727,-0.079854,0.059478,-0.055048,-0.329540,0.180055,-0.975012,0.130123,0.000000,0.000000,0.000000,-1,0.239532,-1.030060,-0.199417,0.709142,1.823440,-0.090506,168.898590,134.457413,-752.846741,0,0
111.000000,2.410215,1.305426,-1.083039,0.220565,0.959514,-0.175167,0.231682,0.122910,0.964996,0.947457,-0.253427,-0.195193,0.568517,0.523817,0.339607,0.535790,1.121339,-0.801536,0.068629,-0.190196,0.021011,-0.236285,0.175167,-0.964996,0.195193,0.000000,0.000000,0.000000,-1,-0.059647,-0.897507,0.028412,1.121233,-0.903171,0.073624,169.774628,134.981277,-752.011719,0,0
111.040000,2.455712,1.280434,-1.165242,0.252308,0.950505,-0.181329,0.263076,0.112953,0.958140,0.931199,-0.289450,-0.221556,0.583290,0.520145,0.321396,0.534721,1.249809,-0.962707,0.055176,-0.300272,0.125132,-0.001189,0.181329,-0.958140,0.221556,0.000000,0.000000,0.000000,-1,-0.118942,-0.833008,0.220367,1.249703,-1.064341,0.060171,170.300247,133.060455,-750.174683,0,0
111.080000,2.583714,1.232054,-1.293445,0.247929,0.952672,-0.175916,0.319602,0.090987,0.943173,0.914541,-0.290063,-0.281918,0.599762,0.530325,0.307882,0.514052,1.206951,0.765622,0.178685,-0.178556,-0.027484,-0.229824,0.175916,-0.943173,0.281918,0.000000,0.000000,0.000000,-1,-0.002640,-0.970657,0.052094,1.286335,0.571680,0.136417,168.372986,133.933563,-748.003662,0,0
111.120000,2.651161,1.210426,-1.349310,0.236199,0.957405,-0.166087,0.344007,0.077464,0.935766,0.908773,-0.278162,-0.311057,0.606175,0.536731,0.306300,0.500651,0.797911,-0.031731,0.134670,-0.001917,-0.105676,-0.581077,0.166087,-0.935766,0.311057,0.000000,0.000000,0.000000,-1,0.128311,-1.017838,-0.232895,0.842852,0.174161,0.181393,170.125046,132.885834,-744.997620,0,0
111.160000,2.605163,1.186796,-1.382598,0.304674,0.933014,-0.191464,0.368017,0.070090,0.927173,0.878486,-0.352948,-0.322011,0.623818,0.521399,0.275330,0.513019,0.384230,-2.501103,0.047194,-0.250454,-0.060085,-0.330739,0.191464,-0.927173,0.322011,0.000000,0.000000,0.000000,-1,-0.058990,-0.987259,-0.008728,0.384124,-2.602735,0.052189,169.424210,132.536591,-743.661621,0,0
111.200000,2.543895,1.186392,-1.424429,0.395534,0.893878,-0.211032,0.370997,0.054693,0.927022,0.840187,-0.444961,-0.309993,0.642424,0.492228,0.244836,0.533909,0.310225,-1.615509,0.259947,-0.346835,-0.199565,-0.130657,0.211032,-0.927022,0.309994,0.000000,0.000000,0.000000,-1,-0.135803,-1.126587,0.179337,0.232616,-1.937554,0.339124,168.723389,132.885834,-742.993591,0,0
111.240000,2.536603,1.180114,-1.443100,0.416869,0.882784,-0.216593,0.377719,0.048497,0.924649,0.826770,-0.467269,-0.313227,0.648382,0.486018,0.235269,0.536689,0.148008,-0.190847,0.087238,-0.312998,-0.429263,-0.182749,0.216593,-0.924649,0.313227,0.000000,0.000000,0.000000,-1,-0.065659,-1.382858,0.081711,0.245356,-0.545932,0.048691,170.300247,132.012741,-741.490540,0,0
111.280000,2.570738,1.200051,-1.431265,0.381717,0.903307,-0.195775,0.358789,0.050390,0.932058,0.851799,-0.426024,-0.304862,0.639568,0.493339,0.256433,0.530859,-0.978634,1.972914,0.013303,-0.231374,-0.481761,-0.346290,0.195775,-0.932058,0.304862,0.000000,0.000000,0.000000,-1,-0.035599,-1.413818,-0.041428,-0.978739,1.871285,0.018298,168.898590,132.012741,-742.158569,0,1
111.320000,2.504604,1.257758,-1.265782,0.298340,0.936720,-0.183162,0.293737,0.092480,0.951402,0.908137,-0.337643,-0.247559,0.602789,0.510318,0.300675,0.534617,-2.190411,2.187312,-0.529566,0.023991,0.027132,-0.207199,0.183162,-0.951402,0.247559,0.000000,0.000000,0.000000,-1,0.207153,-0.924271,0.040359,-2.084052,1.936286,-0.456995,168.197769,130.266541,-743.828613,0,0
111.360000,2.333723,1.305081,-1.023763,0.236223,0.952980,-0.189811,0.224279,0.136593,0.964905,0.945462,-0.270503,-0.181467,0.565928,0.520057,0.333810,0.545745,-2.921925,1.700368,-0.725667,0.126503,0.108780,-0.191812,0.189811,-0.964905,0.181467,0.000000,0.000000,0.000000,-1,0.258316,-0.911774,0.061951,-2.881593,1.777861,-0.749586,168.022568,128.694962,-748.671631,0,0
111.400000,1.996661,1.354993,-0.655282,0.214539,0.957051,-0.195006,0.130488,0.169780,0.976805,0.967960,-0.235008,-0.088459,0.532264,0.510808,0.363050,0.569179,-2.690910,-0.291665,0.047718,-0.080733,-0.270678,-0.058720,0.195006,-0.976805,0.088460,0.000000,0.000000,0.000000,-1,0.157120,-1.353439,0.017456,-2.691008,-0.393304,0.052710,170.475449,130.091919,-754.683716,0,0
111.440000,1.429737,1.355428,-0.147816,0.281506,0.935941,-0.211584,0.031474,0.211377,0.976898,0.959043,-0.281662,0.030046,0.509922,0.474296,0.366457,0.617035,-2.166887,-2.376082,-0.690062,0.103052,-0.358735,0.080430,0.211584,-0.976898,-0.030045,0.000000,0.000000,0.000000,-1,0.350494,-1.334518,0.220718,-2.213589,-2.320787,-0.670373,170.475449,130.441162,-759.359802,0,0
111.480000,1.165955,1.329771,0.064304,0.335701,0.916061,-0.219403,-0.015339,0.238205,0.971094,0.941844,-0.322632,0.094017,0.500869,0.449580,0.360594,0.645740,-0.266439,0.267737,-0.236822,0.149158,-0.057471,0.652672,0.219403,-0.971094,-0.094017,0.000000,0.000000,0.000000,-1,0.336761,-0.953949,0.464279,-0.640164,-0.570706,-0.200985,171.526688,132.187363,-761.697876,0,0
111.520000,1.225942,1.317774,0.130263,0.216841,0.947352,-0.235592,-0.032517,0.248210,0.968160,0.975665,-0.202276,0.084627,0.470108,0.486503,0.393566,0.622430,-1.887266,3.393733,0.108389,-0.019772,-0.054056,0.379076,0.235592,-0.968160,-0.084627,0.000000,0.000000,0.000000,-1,0.123505,-1.056076,0.234222,-1.887368,3.292096,0.113380,170.650650,132.012741,-764.202881,0,0
111.560000,0.973658,1.290751,0.468916,0.142430,0.963053,-0.228568,-0.124910,0.246564,0.961043,0.981892,-0.108331,0.155413,0.430248,0.487012,0.437727,0.621371,-2.741069,1.347052,0.508912,-0.332297,0.042281,0.204196,0.228568,-0.961043,-0.155413,0.000000,0.000000,0.000000,-1,-0.060196,-0.785645,-0.063110,-2.829076,1.454347,0.561796,171.877106,132.885834,-768.711914,0,0
111.600000,0.807465,1.247908,0.682015,0.104763,0.967710,-0.229266,-0.200017,0.246327,0.948323,0.974175,-0.053492,0.219364,0.399710,0.480156,0.465906,0.626589,-1.202782,0.783374,0.023274,-0.042651,0.320592,0.004048,0.229266,-0.948323,-0.219364,0.000000,0.000000,0.000000,-1,0.186615,-0.627731,-0.215317,-1.380334,0.733711,0.044878,170.475449,134.282791,-772.719971,0,0
111.640000,0.768777,1.233990,0.747757,0.080799,0.969886,-0.229765,-0.224721,0.242310,0.943815,0.971067,-0.024626,0.237533,0.387607,0.480619,0.478128,0.624628,-0.505496,0.564351,0.309100,0.075548,0.356397,0.186034,0.229765,-0.943815,-0.237533,0.000000,0.000000,0.000000,-1,0.297028,-0.536652,-0.102615,-0.505600,0.462716,0.314090,172.753128,135.505142,-774.891052,0,0
111.680000,0.694947,1.246473,0.808251,0.091686,0.974656,-0.204057,-0.230422,0.220124,0.947867,0.968762,-0.039886,0.244765,0.395853,0.470020,0.482948,0.623814,0.405055,-0.849758,0.441601,0.089568,0.447363,0.044645,0.204057,-0.947867,-0.244765,0.000000,0.000000,0.000000,-1,0.293625,-0.500504,-0.200119,0.318777,-0.947177,0.430503,173.453949,134.457413,-776.561035,0,0
111.720000,0.683316,1.270079,0.800932,0.106783,0.976536,-0.187014,-0.212677,0.206170,0.955124,0.971270,-0.062218,0.229702,0.409546,0.466284,0.478735,0.621018,0.777270,-0.374883,0.371533,0.066495,0.492539,0.108959,0.187014,-0.955124,-0.229702,0.000000,0.000000,0.000000,-1,0.237671,-0.497147,-0.139877,0.748497,-0.594150,0.410345,171.526688,137.425964,-774.390015,0,1
111.760000,0.757627,1.312976,0.723724,0.104366,0.978982,-0.175218,-0.168838,0.191063,0.966948,0.980103,-0.071333,0.185230,0.426636,0.474728,0.471646,0.608412,1.174349,0.114569,0.124547,-0.021409,0.369765,-0.086971,0.175218,-0.966948,-0.185230,0.000000,0.000000,0.000000,-1,0.153809,-0.597183,-0.272202,1.174245,0.012937,0.129537,170.825867,136.378235,-774.056030,0,0
111.800000,0.888440,1.341389,0.598127,0.095579,0.979652,-0.176483,-0.128048,0.187922,0.973801,0.987152,-0.070477,0.143404,0.437108,0.487067,0.463655,0.597266,0.385384,0.363593,0.050213,-0.028167,-0.084594,-0.271269,0.176483,-0.973801,-0.143404,0.000000,0.000000,0.000000,-1,0.141541,-1.280014,-0.530045,0.588116,0.216298,0.003179,169.424210,135.679764,-771.049988,0,0
111.840000,0.828485,1.338163,0.664532,0.089942,0.981350,-0.169887,-0.142172,0.181483,0.973063,0.985747,-0.063366,0.155844,0.433767,0.483657,0.470218,0.597342,-1.113982,-0.079153,0.348495,-0.049923,-0.748464,-0.817865,0.169887,-0.973063,-0.155844,0.000000,0.000000,0.000000,-1,0.064850,-1.683426,-1.219925,-0.852538,-0.068429,0.332012,170.475449,134.981277,-770.715942,0,0
111.880000,0.664579,1.310989,0.817888,0.103318,0.981949,-0.158434,-0.187457,0.175655,0.966439,0.976824,-0.070151,0.202221,0.425864,0.466400,0.480429,0.608522,-0.073093,-0.212032,0.102540,-0.021486,0.212610,-0.917545,0.158434,-0.966440,-0.202221,0.000000,0.000000,0.000000,-1,0.237228,-0.701553,-0.827301,-0.073197,-0.313662,0.107530,170.475449,134.282791,-773.722046,0,0
111.920000,0.697399,1.327713,0.826851,0.060423,0.986131,-0.154582,-0.177105,0.162999,0.970600,0.982335,-0.031269,0.184498,0.422175,0.479082,0.490172,0.593279,-0.436200,1.369934,0.194074,0.116796,0.346302,-0.006619,0.154582,-0.970600,-0.184498,0.000000,0.000000,0.000000,-1,0.211166,-0.678162,-0.131027,-0.151945,1.337399,0.315818,169.073807,133.584320,-774.056030,0,0
111.960000,0.698169,1.307064,0.853333,0.036040,0.985201,-0.167573,-0.196421,0.171394,0.965424,0.979857,-0.001879,0.199691,0.407724,0.483649,0.498060,0.593112,-0.315994,0.540917,-0.467270,0.204543,-0.162704,0.125350,0.167573,-0.965424,-0.199691,0.000000,0.000000,0.000000,-1,0.424393,-1.262070,0.082443,-0.555194,0.519883,-0.447243,170.825867,135.679764,-775.058044,0,0
112.000000,0.763344,1.312000,0.765030,0.058354,0.982493,-0.176926,-0.177238,0.184609,0.966699,0.982437,-0.025053,0.184907,0.414981,0.485115,0.485269,0.597468,0.678423,-3.841770,-0.325486,-0.085541,0.035852,-0.541075,0.176926,-0.966699,-0.184907,0.000000,0.000000,0.000000,-1,0.141647,-1.192856,-0.509949,0.678318,-3.943397,-0.320495,172.052307,134.457413,-776.227051,0,0
112.040000,0.753463,1.328436,0.568644,0.256901,0.952387,-0.164197,-0.129235,0.202227,0.970774,0.957758,-0.228173,0.175034,0.468946,0.438832,0.423056,0.639172,1.093507,-1.796643,-0.343546,0.531268,-0.043142,0.719467,0.164197,-0.970774,-0.175034,0.000000,0.000000,0.000000,-1,0.737839,-1.028091,0.317688,1.031896,-3.160955,-0.320478,170.300247,133.409698,-773.555054,0,0
112.080000,0.942545,1.354859,0.394963,0.238408,0.955568,-0.173351,-0.082443,0.197767,0.976776,0.967659,-0.218580,0.125929,0.478203,0.456462,0.415257,0.624921,1.928356,1.287953,-0.059254,0.262364,0.184906,0.167281,0.173351,-0.976776,-0.125929,0.000000,0.000000,0.000000,-1,0.182648,-0.775116,0.099472,1.808809,1.079130,-0.130115,167.672150,133.933563,-770.715942,0,0
112.120000,1.395636,1.415760,-0.043720,0.216620,0.964342,-0.152053,0.006749,0.154268,0.988006,0.976233,-0.215048,0.026909,0.508783,0.477163,0.404976,0.591142,1.464073,-1.606470,0.621622,-0.587066,-0.217881,0.162255,0.152053,-0.988006,-0.026909,0.000000,0.000000,0.000000,-1,-0.467758,-1.296631,-0.134918,1.463969,-1.708096,0.626613,167.847366,133.060455,-767.208923,0,0
112.160000,1.501695,1.418960,-0.299890,0.357284,0.921726,-0.150893,0.044683,0.144503,0.988495,0.932926,-0.359916,0.010443,0.548256,0.440674,0.356601,0.614864,1.083923,-2.495115,-0.204132,-0.417876,-0.114349,-0.105905,0.150893,-0.988495,-0.010443,0.000000,0.000000,0.000000,-1,-0.095306,-1.039307,-0.074600,0.957808,-3.119487,-0.240070,165.569687,131.838120,-765.037903,0,0
112.200000,1.763378,1.417625,-0.599142,0.388972,0.908997,-0.149753,0.086041,0.125998,0.988292,0.917223,-0.397303,-0.029202,0.568369,0.437672,0.337575,0.609461,1.742792,-0.682606,0.193149,0.012692,-0.104970,0.021091,0.149753,-0.988292,0.029202,0.000000,0.000000,0.000000,-1,0.165756,-0.970734,0.138382,1.685098,-0.817159,0.157437,164.868866,129.044189,-760.027832,0,0
112.240000,2.145049,1.395590,-1.024477,0.424185,0.893671,-0.146351,0.148939,0.090563,0.984691,0.893244,-0.439488,-0.094687,0.597559,0.436195,0.312476,0.595831,1.246293,-0.821884,-0.060297,-0.004231,0.204844,0.101648,0.146351,-0.984691,0.094687,0.000000,0.000000,0.000000,-1,0.165665,-0.780746,0.142624,1.246188,-0.923507,-0.055307,164.868866,129.044189,-760.027832,0,0
112.280000,2.256523,1.368925,-1.134270,0.419410,0.894435,-0.155181,0.181701,0.084772,0.979693,0.889427,-0.439090,-0.126965,0.604484,0.445064,0.303666,0.586774,0.527123,0.960010,-0.265710,-0.030700,0.067462,-0.160932,0.155181,-0.979693,0.126965,0.000000,0.000000,0.000000,-1,0.100067,-0.983734,-0.074493,0.510924,0.704646,-0.268359,162.065567,129.393433,-755.351746,0,0
112.320000,2.350457,1.351540,-1.202571,0.394532,0.905770,-0.154678,0.202924,0.078293,0.976059,0.896196,-0.416475,-0.152914,0.606043,0.457349,0.305885,0.574437,0.920285,0.624372,0.029312,-0.114487,-0.051986,-0.252370,0.154678,-0.976059,0.152914,0.000000,0.000000,0.000000,-1,-0.005676,-0.943588,-0.049545,0.849922,0.681697,-0.022018,164.868866,129.742676,-753.681763,0,0
112.360000,2.522557,1.310879,-1.375399,0.391961,0.907815,-0.149124,0.252110,0.049898,0.966411,0.884764,-0.416392,-0.209311,0.622771,0.465631,0.295309,0.555101,1.503450,-0.006443,0.022543,-0.245865,0.058788,-0.090765,0.149124,-0.966411,0.209311,0.000000,0.000000,0.000000,-1,-0.117889,-0.886200,0.127838,1.503354,-0.108075,0.027530,164.868866,129.742676,-753.681763,0,0
112.400000,2.613329,1.261774,-1.474820,0.395183,0.905722,-0.153291,0.302728,0.029144,0.952631,0.867287,-0.422869,-0.262670,0.638104,0.473453,0.279733,0.538901,0.953848,-0.189789,0.076232,-0.240022,0.022333,-0.317892,0.153291,-0.952631,0.262670,0.000000,0.000000,0.000000,-1,-0.032410,-0.963974,-0.123444,1.023706,-0.280906,0.021896,163.116806,129.044189,-748.671631,0,0
112.440000,2.649082,1.241136,-1.523170,0.404921,0.901448,-0.153068,0.323355,0.015412,0.946152,0.855267,-0.432612,-0.285247,0.647062,0.473217,0.271303,0.532702,0.840716,-0.523829,0.028992,-0.101417,-0.007736,-0.452606,0.153068,-0.946152,0.285247,0.000000,0.000000,0.000000,-1,0.058136,-1.000473,-0.080292,0.835543,-0.529974,0.078280,161.715149,129.742676,-747.335632,0,0
112.480000,2.647783,1.207921,-1.569409,0.441896,0.881147,-0.168247,0.354963,0.000492,0.934880,0.823850,-0.472842,-0.312557,0.662186,0.466678,0.247515,0.531468,0.719621,-1.326547,-0.060721,-0.199146,-0.030589,-0.249600,0.168247,-0.934880,0.312557,0.000000,0.000000,0.000000,-1,-0.054764,-0.948074,0.103836,0.719525,-1.428177,-0.055735,161.715149,129.742676,-747.335632,0,0
112.520000,2.627814,1.186950,-1.612435,0.491565,0.851169,-0.184051,0.374165,-0.015589,0.927231,0.786361,-0.524660,-0.326141,0.676996,0.452489,0.222420,0.536152,0.443087,-1.298614,0.187919,-0.235534,-0.112564,-0.243148,0.184051,-0.927231,0.326141,0.000000,0.000000,0.000000,-1,-0.045151,-1.032425,0.049667,0.487629,-1.385409,0.185965,163.642410,132.012741,-742.826599,0,0
112.560000,2.603396,1.182213,-1.634517,0.528086,0.826685,-0.194208,0.378109,-0.024126,0.925447,0.760368,-0.562147,-0.325318,0.685115,0.439632,0.206593,0.542827,0.183193,-1.662351,0.134985,-0.234141,-0.061705,-0.289459,0.194208,-0.925447,0.325318,0.000000,0.000000,0.000000,-1,0.009964,-1.053253,0.057922,0.206539,-1.714143,0.143743,163.817627,130.091919,-741.991577,0,0
112.600000,2.571736,1.177290,-1.670063,0.579267,0.788452,-0.206864,0.381541,-0.037999,0.923570,0.720330,-0.613922,-0.322839,0.696438,0.419992,0.184319,0.551912,0.318683,-1.152358,0.154592,-0.054582,-0.335478,-0.331277,0.206864,-0.923570,0.322839,0.000000,0.000000,0.000000,-1,0.161591,-1.247620,-0.019409,0.318586,-1.253985,0.159578,163.817627,130.091919,-741.991577,0,0
112.640000,2.531150,1.182034,-1.658709,0.600348,0.769657,-0.217279,0.377580,-0.033280,0.925379,0.704993,-0.637590,-0.310586,0.697175,0.411387,0.174889,0.560465,-0.560032,-0.095455,0.079728,-0.179880,-0.463079,-0.260232,0.217279,-0.925379,0.310586,0.000000,0.000000,0.000000,-1,-0.018173,-1.426575,0.105606,-0.478597,-0.391172,0.035761,162.941589,131.663498,-741.824585,0,0
112.680000,2.523328,1.201582,-1.620343,0.580257,0.787113,-0.209175,0.360440,-0.017873,0.932611,0.730332,-0.616549,-0.294078,0.687788,0.417118,0.189432,0.563095,-1.009436,1.724487,-0.208609,-0.233864,-0.363852,-0.151561,0.209175,-0.932611,0.294078,0.000000,0.000000,0.000000,-1,0.038544,-1.105698,0.012695,-0.904124,1.319798,-0.100236,162.941589,129.218811,-741.824585,0,0
112.720000,2.457565,1.252662,-1.407341,0.466090,0.862375,-0.197661,0.308625,0.050900,0.949821,0.829162,-0.503705,-0.242427,0.643742,0.454763,0.245246,0.564483,-2.496386,3.832322,-0.808052,0.002138,0.089790,-0.229029,0.197661,-0.949821,0.242426,0.000000,0.000000,0.000000,-1,0.182770,-0.851761,-0.004562,-2.496482,3.730697,-0.803065,162.941589,129.218811,-741.824585,0,1
112.760000,2.136621,1.338205,-0.967385,0.372139,0.907553,-0.194576,0.189795,0.130798,0.973072,0.908565,-0.399047,-0.123574,0.584148,0.469636,0.305569,0.587231,-2.653186,0.461260,-0.528362,-0.236171,-0.080105,-0.204354,0.194576,-0.973072,0.123574,0.000000,0.000000,0.000000,-1,-0.035889,-1.103317,-0.006607,-2.754982,0.843082,-0.532955,165.744888,129.218811,-753.848755,0,0
112.800000,1.794452,1.349907,-0.645062,0.394799,0.893583,-0.213640,0.131732,0.175072,0.975703,0.909275,-0.413350,-0.048595,0.563099,0.455211,0.308842,0.616700,-2.216305,-1.761137,-0.661431,-0.172213,-0.190648,-0.009288,0.213640,-0.975703,0.048595,0.000000,0.000000,0.000000,-1,0.120773,-1.190552,0.061157,-2.276588,-1.560534,-0.615669,166.620926,130.441162,-757.355774,0,0
112.840000,1.412055,1.341606,-0.336436,0.466663,0.855512,-0.224333,0.075001,0.214452,0.973851,0.881249,-0.471285,0.035913,0.551429,0.421864,0.297824,0.655177,-0.600590,-0.745227,0.178851,-0.042814,-0.315105,0.454156,0.224333,-0.973851,-0.035913,0.000000,0.000000,0.000000,-1,0.281204,-1.211044,0.593292,-0.600658,-0.846843,0.183828,166.095306,131.663498,-759.526794,0,0
112.880000,1.330343,1.341430,-0.170093,0.394805,0.891834,-0.220819,0.038486,0.224079,0.973811,0.917958,-0.392964,0.054144,0.528342,0.440207,0.329871,0.646728,-2.166119,2.627304,0.194714,-0.160181,-0.098623,0.156287,0.220819,-0.973811,-0.054144,0.000000,0.000000,0.000000,-1,-0.004227,-1.099899,0.080307,-1.899386,2.624239,0.164394,165.569687,131.838120,-760.361816,0,0
112.920000,1.087692,1.324012,0.128896,0.350297,0.911314,-0.216330,-0.031401,0.242260,0.969703,0.936112,-0.332891,0.113479,0.498638,0.441159,0.360875,0.653076,-2.298756,1.136782,0.286936,-0.345419,-0.112176,0.160537,0.216330,-0.969703,-0.113479,0.000000,0.000000,0.000000,-1,-0.140091,-1.024902,0.113022,-2.372152,1.024579,0.302343,166.971329,131.838120,-765.705933,0,0
112.960000,0.891094,1.283552,0.395834,0.292358,0.930577,-0.220348,-0.109238,0.261404,0.959028,0.950049,-0.256309,0.178078,0.461757,0.444682,0.395068,0.657997,-1.340438,1.260536,0.083282,-0.124477,0.131346,0.191781,0.220348,-0.959028,-0.178078,0.000000,0.000000,0.000000,-1,0.169434,-0.818222,0.014175,-1.340506,1.158922,0.088260,169.599426,134.108185,-770.882996,0,0
113.000000,0.806556,1.256990,0.532994,0.247104,0.943018,-0.222839,-0.156845,0.265864,0.951166,0.956211,-0.200085,0.213604,0.438074,0.448653,0.418520,0.656995,-0.829940,0.845138,0.214623,0.070862,0.319818,0.267528,0.222839,-0.951166,-0.213604,0.000000,0.000000,0.000000,-1,0.317871,-0.610764,0.043137,-0.899135,0.823006,0.197665,168.372986,135.679764,-772.385986,0,0
113.040000,0.769993,1.252655,0.585465,0.232981,0.947789,-0.217751,-0.172850,0.260706,0.949818,0.956997,-0.183652,0.224565,0.432351,0.448096,0.427457,0.655411,-0.197640,0.086154,0.292985,0.079124,0.428563,0.194200,0.217751,-0.949818,-0.224565,0.000000,0.000000,0.000000,-1,0.280594,-0.472580,-0.070282,-0.317661,0.160554,0.311255,168.898590,137.600571,-774.223022,0,0
113.080000,0.766305,1.268574,0.579624,0.240192,0.948527,-0.206408,-0.163021,0.249028,0.954677,0.956939,-0.195656,0.214445,0.440658,0.445643,0.425801,0.652622,0.607506,-0.293570,0.173070,0.035749,0.483684,0.197294,0.206408,-0.954677,-0.214445,0.000000,0.000000,0.000000,-1,0.242477,-0.471878,-0.043839,0.607439,-0.395181,0.178048,166.620926,137.425964,-773.388000,0,0
113.120000,0.841476,1.299236,0.495042,0.245122,0.948638,-0.200003,-0.127430,0.236033,0.963354,0.961081,-0.210653,0.178742,0.455617,0.450602,0.417608,0.644185,1.004125,0.122992,0.101932,-0.000159,0.467916,0.085633,0.200003,-0.963354,-0.178742,0.000000,0.000000,0.000000,-1,0.187592,-0.513199,-0.125748,0.982742,-0.065551,0.110728,168.723389,136.028992,-772.385986,0,0
113.160000,0.947548,1.320647,0.399324,0.231883,0.951749,-0.201006,-0.096246,0.228073,0.968875,0.967971,-0.205320,0.144488,0.463498,0.461438,0.413682,0.633333,1.179348,0.580784,-0.045667,-0.014315,0.349399,-0.020581,0.201006,-0.968875,-0.144488,0.000000,0.000000,0.000000,-1,0.201859,-0.740143,-0.220779,1.159179,0.466495,-0.011691,167.847366,136.552856,-771.551025,0,1
113.200000,1.011004,1.328132,0.367732,0.199807,0.958446,-0.203613,-0.086384,0.224225,0.970701,0.976020,-0.176364,0.127596,0.460431,0.473503,0.419394,0.622822,-1.050485,0.335564,0.477837,0.024368,-0.941469,-0.712812,0.203613,-0.970701,-0.127596,0.000000,0.000000,0.000000,-1,0.204254,-2.191650,-1.285843,-1.050553,0.233954,0.482814,168.898590,135.505142,-770.548950,0,0
113.240000,0.715092,1.283601,0.670158,0.201164,0.961788,-0.185732,-0.175938,0.222000,0.959042,0.963628,-0.160247,0.213873,0.437404,0.449156,0.444609,0.639734,-1.408826,0.237602,0.201407,-0.124071,-0.137790,-0.939951,0.185732,-0.959042,-0.213873,0.000000,0.000000,0.000000,-1,0.064667,-0.813797,-1.079010,-1.743874,0.171993,0.178002,167.672150,136.727478,-773.722046,0,0
113.280000,0.691409,1.281867,0.714621,0.181342,0.966493,-0.181676,-0.186721,0.215217,0.958549,0.965531,-0.139903,0.219493,0.432040,0.451216,0.453578,0.635620,0.332589,0.962989,0.317223,-0.029790,0.412895,-0.476674,0.181676,-0.958549,-0.219493,0.000000,0.000000,0.000000,-1,0.126038,-0.508438,-0.382553,0.135644,0.736236,0.297278,168.022568,138.473679,-774.056030,0,0
113.320000,0.718603,1.290853,0.740753,0.128504,0.974884,-0.181899,-0.186460,0.203900,0.961071,0.974022,-0.089585,0.207979,0.423269,0.465676,0.467861,0.620561,-0.241362,1.180955,0.033234,0.044298,0.164074,0.273867,0.181899,-0.961071,-0.207979,0.000000,0.000000,0.000000,-1,0.263000,-0.961624,0.079285,-0.241429,1.079349,0.038211,170.475449,138.124435,-776.394043,0,0
113.360000,0.811234,1.295856,0.657029,0.118988,0.973183,-0.196867,-0.165817,0.214968,0.962441,0.978952,-0.081875,0.186949,0.423400,0.476716,0.461788,0.616625,0.689676,-1.575479,-0.613453,0.219804,-0.046165,0.011076,0.196867,-0.962441,-0.186949,0.000000,0.000000,0.000000,-1,0.357285,-1.111298,-0.420074,0.678979,-0.759873,-0.514639,169.949829,138.997543,-775.893066,0,0
113.400000,0.770530,1.283176,0.534906,0.276843,0.940383,-0.197581,-0.144604,0.244047,0.958922,0.949973,-0.236899,0.203546,0.455316,0.436938,0.413115,0.656589,0.214778,-4.950241,-0.679149,0.386449,-0.343828,0.801278,0.197581,-0.958922,-0.203546,0.000000,0.000000,0.000000,-1,0.584030,-1.302750,0.597733,0.214717,-5.051857,-0.674174,167.672150,138.473679,-775.392029,0,0
113.440000,0.815417,1.301385,0.415101,0.344341,0.918631,-0.193770,-0.107339,0.243560,0.963928,0.932689,-0.311120,0.182473,0.479142,0.423305,0.385542,0.665277,1.508076,0.674151,-0.008224,0.515183,0.227783,0.297051,0.193770,-0.963928,-0.182473,0.000000,0.000000,0.000000,-1,0.555969,-0.529572,0.053116,1.508015,0.572534,-0.003250,164.343246,138.997543,-772.552979,0,0
113.480000,1.193923,1.353954,0.079543,0.294698,0.934416,-0.200048,-0.017095,0.214467,0.976582,0.955437,-0.284377,0.079177,0.500264,0.458419,0.377496,0.630147,2.613136,0.298076,0.180208,-0.350149,0.044865,0.540801,0.200048,-0.976582,-0.079177,0.000000,0.000000,0.000000,-1,-0.283386,-1.233383,0.493103,2.620700,0.730716,0.124183,164.518448,137.425964,-769.379944,0,0
113.520000,1.374491,1.379164,-0.180188,0.364444,0.912297,-0.186804,0.034133,0.187378,0.981695,0.930600,-0.364149,0.037149,0.533834,0.443223,0.348327,0.630272,0.933100,-3.631882,0.363255,-0.745886,-0.314463,-0.241477,0.186804,-0.981695,-0.037149,0.000000,0.000000,0.000000,-1,-0.559082,-1.296158,-0.278625,0.933039,-3.733497,0.368230,166.796127,134.457413,-765.538879,0,0
113.560000,1.492416,1.393722,-0.411243,0.464062,0.868221,-0.175609,0.070416,0.161463,0.984363,0.882999,-0.469171,0.013793,0.567628,0.413403,0.311555,0.640179,1.512221,-1.467287,0.119467,-0.300457,0.071491,-0.076860,0.175609,-0.984363,-0.013793,0.000000,0.000000,0.000000,-1,0.032272,-0.955032,0.002197,1.512160,-1.568901,0.124442,160.313507,133.584320,-761.697876,0,0
113.600000,1.891283,1.397240,-0.844510,0.489707,0.856345,-0.163894,0.129108,0.114681,0.984977,0.862275,-0.503510,-0.054401,0.597793,0.412121,0.292066,0.622492,1.427372,-0.250035,0.207452,-0.057616,0.201072,0.072735,0.163894,-0.984977,0.054401,0.000000,0.000000,0.000000,-1,0.118134,-0.780533,0.103897,1.538064,-0.410926,0.273169,160.313507,134.282791,-759.025818,0,0
113.640000,2.034864,1.385739,-0.993872,0.492568,0.854578,-0.164543,0.154221,0.100364,0.982926,0.856500,-0.509533,-0.082358,0.607158,0.415378,0.284917,0.614527,0.651394,0.063309,-0.102397,-0.070106,0.154145,0.005685,0.164543,-0.982926,0.082358,0.000000,0.000000,0.000000,-1,0.041824,-0.917969,0.055008,0.414480,0.330627,-0.110305,158.911850,131.838120,-756.353760,0,0
113.680000,2.147554,1.371766,-1.078824,0.466652,0.868774,-0.165734,0.174270,0.093395,0.980259,0.867102,-0.486322,-0.107818,0.608497,0.428533,0.288156,0.602543,0.633281,1.071668,-0.036543,-0.147531,-0.021343,-0.120223,0.165735,-0.980259,0.107818,0.000000,0.000000,0.000000,-1,0.010956,-1.033829,-0.091949,0.633220,0.970057,-0.031568,159.787888,133.409698,-756.186768,0,0
113.720000,2.363390,1.344417,-1.269735,0.442137,0.883000,-0.157565,0.214356,0.066557,0.974485,0.870957,-0.464631,-0.159849,0.619562,0.442795,0.287862,0.580699,1.209537,-0.054975,0.198336,-0.191897,-0.020372,-0.227781,0.157565,-0.974485,0.159849,0.000000,0.000000,0.000000,-1,-0.056183,-0.975296,-0.046722,1.229795,0.027882,0.196935,158.561447,132.187363,-754.683716,0,0
113.760000,2.446108,1.324623,-1.371458,0.457105,0.875599,-0.156149,0.238869,0.048257,0.969852,0.856736,-0.480623,-0.187095,0.631653,0.441091,0.277283,0.574079,0.876891,-0.771837,0.096739,-0.225317,0.036945,-0.177726,0.156149,-0.969852,0.187095,0.000000,0.000000,0.000000,-1,-0.066818,-0.919220,0.030670,0.929042,-0.812987,0.120012,159.612686,133.235077,-752.011719,0,0
113.800000,2.528671,1.297759,-1.480585,0.478007,0.864550,-0.155123,0.268561,0.024293,0.962956,0.836292,-0.501960,-0.220572,0.646971,0.437852,0.263215,0.566067,0.968276,-0.019973,0.212538,-0.182116,0.091664,-0.196371,0.155123,-0.962956,0.220572,0.000000,0.000000,0.000000,-1,0.052414,-0.853027,-0.014984,0.968215,-0.121582,0.217513,159.437469,134.457413,-751.844727,0,0
113.840000,2.606052,1.268449,-1.562710,0.480189,0.863904,-0.151949,0.297752,0.002408,0.954640,0.825083,-0.503651,-0.256073,0.658379,0.441104,0.255603,0.553743,0.557684,-0.405226,-0.046063,-0.095065,0.072728,-0.238113,0.151949,-0.954640,0.256073,0.000000,0.000000,0.000000,-1,0.029816,-0.962189,0.091324,0.623679,-0.393369,-0.027437,157.510208,134.632034,-749.339661,0,0
113.880000,2.608433,1.254662,-1.585246,0.495463,0.854136,-0.158014,0.310862,-0.004492,0.950444,0.811099,-0.520031,-0.267744,0.664774,0.438118,0.245604,0.552998,0.553275,-0.719015,-0.023324,-0.116831,-0.078181,-0.126387,0.158014,-0.950444,0.267744,0.000000,0.000000,0.000000,-1,0.043716,-1.055557,0.143524,0.518087,-0.825939,-0.028576,157.860626,134.282791,-747.669678,0,0
113.920000,2.615213,1.233626,-1.632354,0.526412,0.833827,-0.166205,0.330191,-0.020352,0.943695,0.783495,-0.551651,-0.286035,0.676904,0.429905,0.227983,0.552274,0.453458,-1.077210,0.082573,-0.140570,-0.077607,-0.201227,0.166205,-0.943695,0.286035,0.000000,0.000000,0.000000,-1,0.029648,-1.011627,0.072449,0.453397,-1.178816,0.087548,158.035828,133.758942,-748.170654,0,0
113.960000,2.623573,1.223441,-1.678647,0.556402,0.813637,-0.168559,0.338435,-0.036643,0.940276,0.758867,-0.580218,-0.295751,0.687167,0.419138,0.214761,0.553175,0.360829,-0.425011,0.196596,-0.065913,-0.108659,-0.307180,0.168559,-0.940276,0.295751,0.000000,0.000000,0.000000,-1,0.103851,-1.092041,-0.044006,0.371470,-0.565804,0.228222,158.211029,132.536591,-745.331604,0,0
114.000000,2.611868,1.217465,-1.688998,0.572538,0.801018,-0.174845,0.343611,-0.040806,0.938225,0.744401,-0.597248,-0.298601,0.691365,0.413901,0.205953,0.555232,0.111390,-1.018179,-0.139431,-0.095560,-0.301445,-0.350603,0.174845,-0.938225,0.298601,0.000000,0.000000,0.000000,-1,-0.005371,-1.418152,0.023941,0.160499,-1.006270,-0.087644,156.458969,133.584320,-744.663574,0,0
114.040000,2.561467,1.222713,-1.682173,0.605027,0.773942,-0.186965,0.338983,-0.037912,0.940028,0.720440,-0.632120,-0.285291,0.694303,0.400734,0.192090,0.566088,-0.306497,-0.230925,0.249879,-0.318465,-0.350423,-0.159711,0.186965,-0.940028,0.285291,0.000000,0.000000,0.000000,-1,-0.147293,-1.214493,0.093231,-0.306558,-0.332529,0.254853,156.809387,134.632034,-744.663574,0,0
114.080000,2.515343,1.261053,-1.564740,0.553301,0.813597,-0.178655,0.304809,0.001846,0.952412,0.775209,-0.581426,-0.246970,0.670527,0.416988,0.222420,0.571878,-1.943771,2.332491,-0.554197,-0.213170,-0.076351,-0.228446,0.178655,-0.952412,0.246970,0.000000,0.000000,0.000000,-1,0.033539,-0.959091,0.019928,-1.794041,2.078220,-0.549121,156.458969,134.282791,-744.997620,0,1
114.120000,2.421630,1.302922,-1.375845,0.478152,0.860763,-0.174520,0.259668,0.051274,0.964336,0.839013,-0.506417,-0.198996,0.637549,0.439351,0.260565,0.576721,-2.320402,3.253844,-0.530802,-0.061941,0.119136,-0.210273,0.174520,-0.964336,0.198996,0.000000,0.000000,0.000000,-1,0.146484,-0.840225,-0.066711,-2.283302,3.075910,-0.523765,156.809387,135.679764,-749.339661,0,0
114.160000,2.112971,1.359000,-0.961997,0.391896,0.902215,-0.180069,0.172448,0.120219,0.977655,0.903703,-0.414192,-0.108472,0.587399,0.457382,0.307983,0.592377,-2.414723,0.530267,-0.457902,-0.164459,-0.078436,-0.136960,0.180069,-0.977655,0.108472,0.000000,0.000000,0.000000,-1,0.066299,-1.154007,0.028809,-2.414784,0.428665,-0.452928,160.313507,135.679764,-752.679688,0,0
114.200000,1.563474,1.358104,-0.460248,0.440711,0.872477,-0.211087,0.093761,0.189127,0.977466,0.892739,-0.450572,0.001546,0.559026,0.432108,0.304839,0.638628,-2.035348,-2.211512,-0.509278,-0.041287,-0.300259,0.107167,0.211087,-0.977466,-0.001546,0.000000,0.000000,0.000000,-1,0.231323,-1.304001,0.131760,-2.103835,-2.162764,-0.637193,160.313507,136.028992,-758.691772,0,0
114.240000,1.261840,1.339142,-0.202190,0.484067,0.847255,-0.218717,0.046105,0.224911,0.973288,0.873815,-0.481221,0.069809,0.545286,0.409583,0.300346,0.666856,-0.840883,1.547281,-0.293688,0.081622,-0.196313,0.622376,0.218717,-0.973288,-0.069809,0.000000,0.000000,0.000000,-1,0.197098,-1.106537,0.446472,-0.840944,1.445681,-0.288714,159.787888,135.854370,-760.194824,0,0
114.280000,1.205019,1.313739,-0.047686,0.400320,0.885086,-0.237417,0.012119,0.253947,0.967142,0.916295,-0.390044,0.090934,0.513673,0.436661,0.330404,0.660530,-1.940561,3.196727,-0.443250,-0.084265,-0.088766,0.193824,0.237417,-0.967142,-0.090934,0.000000,0.000000,0.000000,-1,0.053574,-1.080536,-0.013062,-1.940623,3.095127,-0.438277,159.787888,138.648300,-761.530823,0,0
114.320000,0.986637,1.273047,0.249247,0.337740,0.908869,-0.244722,-0.072367,0.284304,0.955999,0.938453,-0.305170,0.161793,0.472135,0.442936,0.367338,0.667802,-1.799841,1.043194,0.099969,-0.247209,0.021597,0.196613,0.244722,-0.955999,-0.161793,0.000000,0.000000,0.000000,-1,0.045959,-0.832809,0.029495,-1.935845,0.893957,0.153458,162.591187,137.600571,-765.872925,0,0
114.360000,0.893283,1.237696,0.394908,0.295334,0.920802,-0.254757,-0.125795,0.301808,0.945033,0.947076,-0.247053,0.204966,0.444005,0.447635,0.389815,0.671213,-1.078362,1.008077,-0.002494,-0.041317,0.236339,0.228999,0.254757,-0.945033,-0.204966,0.000000,0.000000,0.000000,-1,0.213440,-0.708694,0.024033,-1.078418,0.906467,0.002477,163.642410,139.696014,-769.546997,0,0
114.400000,0.854302,1.220954,0.461495,0.272585,0.926763,-0.258472,-0.152622,0.306894,0.939427,0.949950,-0.216625,0.225099,0.430288,0.449780,0.401753,0.671673,-0.764642,0.732545,0.076134,-0.035983,0.337391,0.259889,0.258472,-0.939427,-0.225099,0.000000,0.000000,0.000000,-1,0.211716,-0.606323,0.007492,-0.764697,0.630935,0.081105,165.394470,140.743744,-771.885010,0,0
114.440000,0.837224,1.216726,0.497636,0.255748,0.931809,-0.257538,-0.165506,0.304666,0.937969,0.952471,-0.197260,0.232137,0.423953,0.451880,0.409794,0.669431,0.186388,-0.152650,0.120706,-0.060272,0.338207,0.087469,0.257538,-0.937969,-0.232137,0.000000,0.000000,0.000000,-1,0.224777,-0.598831,-0.142090,0.066274,-0.142941,0.124370,164.868866,140.918365,-771.383972,0,0
114.480000,0.869727,1.237799,0.450780,0.265972,0.931057,-0.249784,-0.142410,0.294224,0.945067,0.953404,-0.215790,0.210847,0.436148,0.452052,0.403315,0.665403,0.739134,-0.115589,0.084662,-0.006223,0.303725,0.083482,0.249784,-0.945067,-0.210847,0.000000,0.000000,0.000000,-1,0.243561,-0.641342,-0.127365,0.739078,-0.217196,0.089632,165.394470,141.791458,-772.218994,0,1
114.520000,0.922035,1.253719,0.396444,0.264986,0.931696,-0.248446,-0.120395,0.287609,0.950151,0.956706,-0.221865,0.188384,0.444127,0.456683,0.398682,0.659731,0.794324,0.174782,-0.000227,-0.041796,0.251725,0.007980,0.248446,-0.950151,-0.188384,0.000000,0.000000,0.000000,-1,0.198730,-0.746002,-0.198761,0.794268,0.073175,0.004744,164.868866,141.616837,-772.719971,0,0
114.560000,1.033178,1.260520,0.318921,0.229818,0.937235,-0.262250,-0.095731,0.289926,0.952249,0.968514,-0.193739,0.156353,0.442589,0.475330,0.398939,0.647321,0.084971,1.369174,-0.302022,-0.104902,-0.049979,-0.174427,0.262250,-0.952249,-0.156353,0.000000,0.000000,0.000000,-1,0.164627,-1.094986,-0.411453,0.242236,1.166870,-0.284503,166.620926,140.219879,-769.379944,0,0
114.600000,1.023948,1.237957,0.388727,0.175231,0.944144,-0.279081,-0.123833,0.302352,0.945118,0.976708,-0.131055,0.169898,0.419220,0.489189,0.416027,0.641771,-1.026687,0.823485,-0.076690,-0.088849,-0.288036,-0.776895,0.279081,-0.945118,-0.169898,0.000000,0.000000,0.000000,-1,0.190231,-1.233154,-0.946793,-1.026743,0.721879,-0.071720,165.744888,141.791458,-771.216980,0,0
114.640000,1.009348,1.225061,0.431718,0.150326,0.946103,-0.286864,-0.141802,0.307795,0.940827,0.978414,-0.100753,0.180428,0.406849,0.494227,0.424943,0.640029,-0.172170,0.835046,-0.153175,0.057985,0.012558,-0.782310,0.286864,-0.940827,-0.180428,0.000000,0.000000,0.000000,-1,0.422302,-0.923904,-0.919403,-0.172226,0.733441,-0.148205,166.796127,141.092972,-770.882996,0,0
114.680000,1.015920,1.238302,0.425187,0.148528,0.949195,-0.277430,-0.134638,0.297340,0.945231,0.979700,-0.103041,0.171961,0.412076,0.494179,0.426056,0.635969,-0.053875,-0.372684,0.453036,0.146718,-0.034582,-0.281393,0.277430,-0.945231,-0.171961,0.000000,0.000000,0.000000,-1,0.342590,-0.925613,-0.342453,0.084358,-0.419141,0.466870,168.548187,142.489944,-772.552979,0,0
114.720000,0.873127,1.232116,0.610775,0.111750,0.960565,-0.254611,-0.190542,0.272174,0.943194,0.975298,-0.056888,0.213444,0.395643,0.486565,0.455390,0.631935,0.456890,1.717592,0.141195,0.170682,0.696444,0.066715,0.254611,-0.943194,-0.213444,0.000000,0.000000,0.000000,-1,0.352020,-0.414215,-0.208038,0.107204,1.347895,0.242709,165.920090,144.061523,-771.383972,0,0
114.760000,0.991923,1.263768,0.505705,0.092067,0.963079,-0.252989,-0.146406,0.264399,0.953236,0.984931,-0.050722,0.165343,0.406917,0.501744,0.449688,0.616808,1.800992,-2.114623,0.426625,-0.297773,-0.267711,-0.667237,0.252989,-0.953236,-0.165343,0.000000,0.000000,0.000000,-1,-0.167740,-1.571609,-0.966644,1.866949,-0.542201,0.396719,165.920090,144.061523,-771.383972,0,0
114.800000,0.959744,1.267523,0.343809,0.276673,0.929312,-0.244604,-0.100666,0.281168,0.954364,0.955677,-0.239423,0.171342,0.453917,0.456386,0.391632,0.657492,0.348256,0.069601,-0.137373,0.461023,-0.705456,0.290299,0.244604,-0.954364,-0.171342,0.000000,0.000000,0.000000,-1,0.705627,-1.659821,0.118958,0.348201,-0.031999,-0.132403,163.992828,141.092972,-767.208923,0,0
114.840000,0.988549,1.287578,0.307342,0.281522,0.930736,-0.233403,-0.084540,0.266353,0.960161,0.955823,-0.250574,0.153669,0.464085,0.455841,0.389164,0.652216,0.903933,-0.537425,0.173038,-0.191853,0.530580,0.660367,0.233403,-0.960161,-0.153669,0.000000,0.000000,0.000000,-1,0.046844,-0.461487,0.512939,0.903877,-0.639025,0.178008,163.992828,141.092972,-767.208923,0,0
114.880000,1.182114,1.311688,0.141117,0.249389,0.938928,-0.237108,-0.036037,0.253672,0.966619,0.967733,-0.232519,0.097099,0.473977,0.476231,0.385369,0.632487,1.549465,0.975113,-0.088749,-0.286485,-0.076838,0.435905,0.237108,-0.966619,-0.097099,0.000000,0.000000,0.000000,-1,-0.156418,-1.288071,0.300629,1.483621,0.940337,-0.063145,162.065567,140.918365,-767.041931,0,0
114.920000,1.411033,1.341669,-0.105423,0.259374,0.939385,-0.224235,0.023900,0.225866,0.973865,0.965481,-0.257955,0.036132,0.499343,0.482276,0.371111,0.616720,1.312696,-1.189049,0.440594,-0.487907,-0.034466,-0.025589,0.224235,-0.973865,-0.036132,0.000000,0.000000,0.000000,-1,-0.263672,-1.008331,-0.061722,1.312640,-1.290647,0.445564,162.065567,139.521393,-763.367859,0,0
114.960000,1.471886,1.353204,-0.204652,0.294152,0.931303,-0.214824,0.043872,0.211375,0.976420,0.954751,-0.296641,0.021318,0.515136,0.473261,0.359093,0.617828,0.399947,-0.781225,0.212669,-0.140392,0.058451,-0.207442,0.214824,-0.976420,-0.021318,0.000000,0.000000,0.000000,-1,0.227264,-0.924332,-0.168091,0.399892,-0.882823,0.217639,162.065567,139.521393,-763.367859,0,0
115.000000,1.645268,1.364028,-0.379656,0.292597,0.934063,-0.204730,0.076084,0.190680,0.978699,0.953204,-0.301941,-0.015275,0.528486,0.477849,0.354065,0.605806,1.126011,0.151875,0.281298,0.030714,0.011414,-0.034669,0.204730,-0.978699,0.015275,0.000000,0.000000,0.000000,-1,0.185440,-0.916290,0.028351,1.103707,0.146759,0.287141,160.488708,139.696014,-759.526794,0,0
115.040000,1.813049,1.358867,-0.565962,0.306439,0.929729,-0.204204,0.112794,0.177548,0.977627,0.945184,-0.322615,-0.050460,0.542990,0.479992,0.341157,0.598650,0.547713,-0.440373,-0.144716,-0.137813,0.112408,0.037171,0.204204,-0.977627,0.050460,0.000000,0.000000,0.000000,-1,0.066391,-0.865219,0.087631,0.547658,-0.541969,-0.139746,160.313507,138.473679,-757.021790,0,0
115.080000,1.853391,1.353490,-0.609164,0.307873,0.928626,-0.207048,0.123363,0.176819,0.976482,0.943396,-0.326174,-0.060120,0.545704,0.481941,0.337338,0.596777,0.249927,0.210777,-0.020981,-0.188539,0.048457,-0.002518,0.207048,-0.976482,0.060120,0.000000,0.000000,0.000000,-1,-0.001617,-0.934006,0.067780,0.249871,0.109182,-0.016011,160.313507,138.473679,-757.021790,0,0
115.120000,1.952336,1.350871,-0.695270,0.294289,0.934024,-0.202469,0.139750,0.167518,0.975914,0.945444,-0.315496,-0.081231,0.549546,0.488482,0.337995,0.587490,0.690585,0.340290,0.086331,-0.219284,-0.060372,-0.026925,0.202469,-0.975914,0.081231,0.000000,0.000000,0.000000,-1,-0.005051,-1.080917,0.049362,0.595965,0.242958,0.106153,161.189529,138.648300,-755.852783,0,0
115.160000,2.191945,1.330423,-0.921352,0.277094,0.941137,-0.193597,0.189600,0.143968,0.971249,0.941951,-0.305833,-0.138547,0.563842,0.501353,0.331810,0.566241,1.623216,0.991589,0.295430,-0.117761,-0.017948,-0.259625,0.193597,-0.971249,0.138547,0.000000,0.000000,0.000000,-1,0.075836,-0.989197,-0.121078,1.623160,0.889996,0.300399,163.116806,138.822922,-755.017761,0,0
115.200000,2.389579,1.310642,-1.067435,0.225963,0.958157,-0.175716,0.225324,0.124080,0.966350,0.947718,-0.257953,-0.187858,0.567834,0.521051,0.339889,0.539023,0.741992,1.895716,0.150014,0.065174,-0.184391,-0.778053,0.175716,-0.966350,0.187858,0.000000,0.000000,0.000000,-1,0.235458,-1.118240,-0.678741,0.741936,1.794123,0.154984,163.116806,138.822922,-755.017761,0,0
115.240000,2.330600,1.315356,-1.021544,0.238699,0.953660,-0.183179,0.215507,0.131907,0.967552,0.946879,-0.270430,-0.174035,0.565868,0.516537,0.337402,0.546939,-0.252119,-2.259707,-0.140454,-0.057478,-0.099968,-0.682519,0.183179,-0.967552,0.174035,0.000000,0.000000,0.000000,-1,0.072830,-1.055466,-0.346878,-0.386852,-1.929789,-0.131692,159.787888,136.902100,-752.846741,0,0
115.280000,2.137274,1.322423,-0.961181,0.363305,0.908286,-0.207428,0.201546,0.140749,0.969314,0.909609,-0.393963,-0.131927,0.581911,0.476805,0.301670,0.585689,-1.059905,-2.985651,0.069578,-0.190537,-0.231370,-0.027496,0.207428,-0.969314,0.131927,0.000000,0.000000,0.000000,-1,0.016891,-1.200684,0.104431,-1.059961,-3.087242,0.074547,159.437469,138.997543,-752.178711,0,0
115.320000,1.922792,1.344179,-0.816120,0.430156,0.877772,-0.210907,0.163680,0.153920,0.974432,0.887792,-0.453679,-0.077464,0.581743,0.447557,0.290887,0.613720,-1.487536,-1.632914,0.012873,0.000702,-0.098795,0.116353,0.210907,-0.974432,0.077464,0.000000,0.000000,0.000000,-1,0.390686,-1.004059,0.105621,-1.487592,-1.734504,0.017842,158.911850,138.822922,-752.011719,0,0
115.360000,1.599274,1.350648,-0.442838,0.392266,0.893576,-0.218286,0.093575,0.197310,0.975865,0.915080,-0.403225,-0.006218,0.547991,0.450350,0.317886,0.629158,-1.548475,1.329133,-0.116831,0.091071,0.055684,0.145073,0.218286,-0.975865,0.006218,0.000000,0.000000,0.000000,-1,0.157059,-0.889755,0.102905,-1.694080,1.595349,-0.160850,159.437469,137.949814,-755.852783,0,1
115.400000,1.336526,1.337543,-0.231784,0.443313,0.867712,-0.224830,0.053097,0.224963,0.972920,0.894793,-0.443246,0.053656,0.539605,0.426613,0.310395,0.656112,-0.673332,-2.314894,-0.179172,-0.095756,0.093067,0.422842,0.224830,-0.972920,-0.053656,0.000000,0.000000,0.000000,-1,0.129074,-0.879852,0.369186,-0.673381,-2.416495,-0.174205,159.787888,139.696014,-756.186768,0,0
115.440000,1.294356,1.337089,-0.214555,0.465936,0.856310,-0.222793,0.049307,0.226276,0.972815,0.883444,-0.464255,0.063207,0.542322,0.417472,0.304547,0.662461,0.213690,0.592732,0.161720,-0.137328,-0.015436,0.803655,0.222793,-0.972815,-0.063207,0.000000,0.000000,0.000000,-1,0.102127,-0.890137,0.627701,0.213640,0.491132,0.166687,158.386230,138.997543,-755.518738,0,0
115.480000,1.432155,1.356503,-0.321943,0.437304,0.874303,-0.210616,0.067287,0.201731,0.977127,0.896793,-0.441473,0.029389,0.549132,0.428672,0.312391,0.645837,0.990581,-0.078914,0.505088,-0.179595,0.107864,0.456559,0.210616,-0.977127,-0.029389,0.000000,0.000000,0.000000,-1,-0.020020,-0.891800,0.440903,0.866072,0.035674,0.447692,159.262268,138.473679,-757.355774,0,0
115.520000,1.649670,1.384472,-0.579548,0.470568,0.862822,-0.184672,0.101450,0.154999,0.982692,0.876512,-0.481159,-0.014596,0.576664,0.418039,0.299932,0.634620,0.543558,-1.372177,0.640306,-0.004664,-0.593312,0.161307,0.184672,-0.982692,0.014596,0.000000,0.000000,0.000000,-1,0.180008,-1.576004,0.175903,0.543508,-1.473776,0.645274,157.860626,140.219879,-754.349731,0,0
115.560000,1.657255,1.403636,-0.629938,0.508936,0.844693,-0.165762,0.098015,0.134448,0.986061,0.855206,-0.518090,-0.014367,0.589249,0.399962,0.292510,0.638165,0.268888,-0.079906,0.559850,0.035517,0.009255,-0.038751,0.165762,-0.986061,0.014367,0.000000,0.000000,0.000000,-1,-0.005142,-0.955582,0.057968,0.268838,-0.181503,0.564818,156.108551,139.172165,-752.345703,0,0
115.600000,2.139341,1.404996,-0.724518,0.147682,0.979207,-0.139079,0.109386,0.123587,0.986287,0.982967,-0.160870,-0.088860,0.527483,0.515937,0.399960,0.543693,0.030571,8.267683,0.218452,0.578023,0.026539,-0.290337,0.139079,-0.986287,0.088860,0.000000,0.000000,0.000000,-1,0.878494,-0.880066,-0.415237,0.225900,9.605740,0.145627,159.087067,138.997543,-756.186768,0,0
115.640000,2.102129,1.393563,-0.760879,0.218223,0.963989,-0.152000,0.121574,0.127687,0.984335,0.968297,-0.233284,-0.089332,0.543109,0.499699,0.375752,0.560486,0.635597,-5.680590,-0.579431,0.070855,0.162436,-0.155753,0.152000,-0.984335,0.089332,0.000000,0.000000,0.000000,-1,0.222855,-0.821899,-0.066422,0.635547,-5.782186,-0.574464,160.313507,139.521393,-760.361816,0,0
115.680000,2.088657,1.367287,-0.870301,0.331481,0.926975,-0.175607,0.154516,0.130278,0.979363,0.930723,-0.351774,-0.100048,0.570362,0.474037,0.330981,0.583462,1.250157,-1.816642,-0.228151,-0.029138,-0.018272,0.065174,0.175607,-0.979363,0.100048,0.000000,0.000000,0.000000,-1,0.083160,-1.062866,0.049164,1.250108,-1.918237,-0.223184,158.736649,139.346771,-753.180725,0,0
115.720000,2.133671,1.352361,-0.937482,0.349708,0.918758,-0.183270,0.174677,0.128249,0.976238,0.920430,-0.373411,-0.115637,0.578164,0.472805,0.318750,0.583592,-0.147086,-0.237738,-0.046490,-0.277478,-0.166493,-0.029669,0.183270,-0.976238,0.115637,0.000000,0.000000,0.000000,-1,-0.100204,-1.119659,0.074966,-0.056972,-0.343653,-0.095683,159.612686,139.521393,-751.009705,0,0
115.760000,2.115801,1.361847,-0.924786,0.355865,0.917549,-0.177380,0.165633,0.124875,0.978249,0.919742,-0.377505,-0.107537,0.578474,0.468120,0.320828,0.585919,0.068499,0.002128,0.123437,-0.205502,0.079888,-0.017709,0.177380,-0.978249,0.107537,0.000000,0.000000,0.000000,-1,-0.028122,-0.898361,0.089828,0.068449,-0.099466,0.128404,158.211029,139.172165,-752.345703,0,0
115.800000,2.135056,1.358905,-0.951688,0.362418,0.914917,-0.177708,0.171275,0.122045,0.977635,0.916143,-0.384749,-0.112472,0.581559,0.466931,0.317437,0.585660,0.254693,-0.483667,-0.023216,-0.088368,0.018605,0.023942,0.177708,-0.977635,0.112472,0.000000,0.000000,0.000000,-1,0.129669,-0.970200,0.134552,0.254643,-0.585260,-0.018249,158.386230,140.394501,-751.844727,0,0
115.840000,2.124523,1.353712,-0.980013,0.396913,0.899388,-0.183198,0.178876,0.119971,0.976530,0.900257,-0.420367,-0.113261,0.589534,0.457252,0.304078,0.592373,0.111958,-0.938468,-0.001506,-0.005769,-0.005602,-0.035442,0.183198,-0.976530,0.113261,0.000000,0.000000,0.000000,-1,0.171753,-1.000870,0.055023,0.121453,-1.061268,0.001324,158.386230,139.696014,-751.510681,0,0
115.880000,2.123876,1.352768,-1.006144,0.420705,0.888330,-0.184057,0.182729,0.115750,0.976326,0.888604,-0.444378,-0.113627,0.595521,0.449631,0.295769,0.596412,0.173458,-0.150614,0.076166,-0.030034,-0.014977,-0.098094,0.184057,-0.976326,0.113627,0.000000,0.000000,0.000000,-1,0.154022,-0.991302,0.015533,0.173408,-0.252206,0.081133,156.108551,139.521393,-751.343689,0,0
115.920000,2.156206,1.349668,-1.036440,0.418427,0.889663,-0.182809,0.188755,0.111702,0.975651,0.888420,-0.442745,-0.121189,0.597477,0.451238,0.295246,0.593494,0.279754,0.202320,-0.002122,0.007087,-0.023556,-0.103062,0.182809,-0.975651,0.121189,0.000000,0.000000,0.000000,-1,0.189743,-0.994202,0.013489,0.279704,0.100729,0.002845,157.159790,138.822922,-749.005676,0,0
115.960000,2.185260,1.342504,-1.058924,0.411488,0.892459,-0.184918,0.197308,0.110851,0.974054,0.889802,-0.437297,-0.130475,0.598145,0.455477,0.294612,0.589887,0.049620,0.072814,-0.105373,-0.091656,0.007761,-0.099439,0.184918,-0.974054,0.130475,0.000000,0.000000,0.000000,-1,0.093262,-0.966293,0.031036,0.088951,0.009398,-0.096757,158.386230,139.696014,-748.838684,0,0
116.000000,2.163948,1.340205,-1.041532,0.414562,0.890069,-0.189513,0.197282,0.115396,0.973531,0.888380,-0.440976,-0.127756,0.597269,0.455135,0.292526,0.592073,-0.021612,-0.151883,-0.058897,-0.139998,-0.017161,-0.082590,0.189513,-0.973531,0.127756,0.000000,0.000000,0.000000,-1,0.049515,-0.990692,0.045166,-0.021661,-0.253472,-0.053931,157.159790,138.822922,-748.671631,0,0
116.040000,2.170860,1.337959,-1.051268,0.416718,0.888866,-0.190429,0.200294,0.114555,0.973016,0.886695,-0.443615,-0.130297,0.598427,0.455010,0.290874,0.591814,0.194553,-0.039397,0.008418,-0.128188,-0.014152,-0.065646,0.190429,-0.973016,0.130297,0.000000,0.000000,0.000000,-1,0.077454,-0.989288,0.077805,0.194503,-0.140985,0.013385,156.634171,138.997543,-748.838684,0,0
116.080000,2.202692,1.332806,-1.088501,0.420754,0.887006,-0.190229,0.208859,0.109344,0.971814,0.882805,-0.448626,-0.139252,0.602217,0.454929,0.287511,0.589671,0.166792,-0.223865,0.014875,-0.079466,0.004025,-0.019715,0.190229,-0.971814,0.139252,0.000000,0.000000,0.000000,-1,0.110764,-0.967789,0.119537,0.190173,-0.286220,0.022597,158.736649,138.299057,-749.506653,0,0
116.120000,2.207336,1.330302,-1.104851,0.430705,0.881934,-0.191536,0.212792,0.107008,0.971220,0.877048,-0.459066,-0.141580,0.605243,0.452184,0.283156,0.590790,0.082850,-0.180393,0.018795,-0.082604,-0.003023,-0.051125,0.191536,-0.971220,0.141579,0.000000,0.000000,0.000000,-1,0.108871,-0.976196,0.080734,0.082800,-0.281979,0.023762,158.211029,138.124435,-748.671631,0,0
116.160000,2.217093,1.328982,-1.117204,0.432817,0.880979,-0.191169,0.215249,0.104933,0.970905,0.875407,-0.461374,-0.144214,0.606650,0.451755,0.281974,0.590241,0.120187,-0.010761,0.017618,-0.084815,-0.006634,-0.087939,0.191169,-0.970905,0.144214,0.000000,0.000000,0.000000,-1,0.106750,-0.974518,0.048874,0.120137,-0.112347,0.022585,156.809387,138.473679,-747.335632,0,0
116.200000,2.231630,1.326236,-1.132987,0.433528,0.880632,-0.191157,0.219293,0.102652,0.970244,0.874050,-0.462548,-0.148613,0.608171,0.452144,0.280716,0.588975,0.075426,-0.039422,-0.005161,-0.097468,-0.018648,-0.101052,0.191157,-0.970244,0.148613,0.000000,0.000000,0.000000,-1,0.093292,-0.995071,0.058578,0.082813,-0.142069,-0.001335,157.510208,139.172165,-748.671631,0,0
116.240000,2.239765,1.324939,-1.141971,0.434107,0.880396,-0.190928,0.221350,0.101201,0.969929,0.873244,-0.463315,-0.150944,0.609067,0.452227,0.280066,0.588295,0.052130,-0.017129,0.015206,-0.079066,-0.013378,-0.062656,0.190928,-0.969929,0.150944,0.000000,0.000000,0.000000,-1,0.117249,-0.969803,0.092377,0.052080,-0.118713,0.020172,156.634171,139.696014,-749.172668,0,0
116.280000,2.241224,1.374849,-1.145740,0.443956,0.882967,-0.152555,0.177371,0.080287,0.980864,0.878318,-0.462519,-0.120968,0.609228,0.435115,0.297821,0.592299,0.072199,-0.094544,0.008992,-0.034284,0.024885,-0.022198,0.152555,-0.980864,0.120968,0.000000,0.000000,0.000000,-1,0.113159,-0.969650,0.100876,0.072197,-0.196117,0.013918,157.860626,139.172165,-749.339661,0,0
116.320000,2.268671,1.387597,-1.176137,0.448400,0.882866,-0.139585,0.168171,0.070046,0.983266,0.877870,-0.464371,-0.117065,0.611437,0.429741,0.301865,0.591900,0.059468,-0.022460,0.004567,-0.022321,0.006749,-0.014495,0.139585,-0.983266,0.117065,0.000000,0.000000,0.000000,-1,0.118073,-0.977875,0.098602,0.061599,-0.135690,0.010571,156.809387,140.219879,-749.005676,0,0
116.360000,2.279887,1.386088,-1.186515,0.447524,0.883342,-0.139389,0.170265,0.068853,0.982990,0.877913,-0.463645,-0.119589,0.612017,0.430383,0.301676,0.590929,0.048875,0.028444,0.005517,-0.036865,0.002399,-0.032324,0.139389,-0.982990,0.119589,0.000000,0.000000,0.000000,-1,0.102524,-0.980591,0.087265,0.048889,-0.073138,0.010428,158.035828,138.997543,-747.836670,0,0
116.400000,2.293103,1.406481,-1.200592,0.450837,0.884129,-0.122729,0.152495,0.059183,0.986531,0.879484,-0.463480,-0.108144,0.612331,0.423229,0.308965,0.592004,0.057315,-0.079687,0.015502,-0.024707,0.010014,-0.021062,0.122729,-0.986531,0.108144,0.000000,0.000000,0.000000,-1,0.112442,-0.963837,0.088608,0.057349,-0.181265,0.020397,157.685410,138.648300,-748.170654,0,0
116.440000,2.285322,1.411739,-1.198289,0.456232,0.881780,-0.119646,0.147525,0.057645,0.987377,0.877547,-0.468124,-0.103785,0.612856,0.419880,0.309167,0.593737,0.050945,-0.072261,0.018732,-0.002871,0.015591,-0.015040,0.119646,-0.987377,0.103785,0.000000,0.000000,0.000000,-1,0.115555,-0.978149,0.087936,0.058418,-0.193981,0.024697,157.159790,140.219879,-747.001648,0,0
116.480000,2.268762,1.415830,-1.181995,0.456854,0.881647,-0.118253,0.142827,0.058510,0.988017,0.878001,-0.468269,-0.099192,0.611869,0.418583,0.310421,0.595015,0.009525,0.014669,0.014542,-0.001569,0.012583,-0.020594,0.118253,-0.988017,0.099192,0.000000,0.000000,0.000000,-1,0.116470,-0.969955,0.076523,0.009575,-0.086908,0.019434,159.612686,138.822922,-747.669678,0,0
116.520000,2.253195,1.418047,-1.167097,0.457632,0.881266,-0.118082,0.139924,0.059770,0.988357,0.878063,-0.468826,-0.095958,0.611110,0.417761,0.310902,0.596122,0.024353,-0.027747,0.009251,-0.002421,0.018783,-0.022700,0.118082,-0.988357,0.095958,0.000000,0.000000,0.000000,-1,0.107849,-0.985565,0.071625,0.024407,-0.129324,0.014143,158.386230,138.299057,-748.170654,0,0
116.560000,2.244130,1.422151,-1.159272,0.459137,0.880789,-0.115775,0.135734,0.059240,0.988973,0.877935,-0.469789,-0.092353,0.610789,0.416070,0.311957,0.597081,0.032857,-0.019266,0.009121,-0.005363,-0.004512,-0.012687,0.115775,-0.988973,0.092353,0.000000,0.000000,0.000000,-1,0.109573,-0.983856,0.083939,0.031853,-0.122963,0.014032,157.159790,138.124435,-747.669678,0,0
116.600000,2.261470,1.423473,-1.175558,0.458400,0.881514,-0.113149,0.135474,0.056519,0.989167,0.878360,-0.468763,-0.093514,0.611432,0.415822,0.312877,0.596113,0.044620,0.067670,0.009665,-0.022756,0.018297,-0.003472,0.113149,-0.989168,0.093514,0.000000,0.000000,0.000000,-1,0.086594,-0.977341,0.089157,0.044682,-0.033904,0.014553,158.736649,139.346771,-746.500610,0,0
116.640000,2.283157,1.424705,-1.196177,0.457658,0.882276,-0.110172,0.135476,0.053268,0.989348,0.878747,-0.467709,-0.095149,0.612278,0.415560,0.313817,0.594932,0.056269,-0.002303,0.011982,-0.022159,0.005949,0.000279,0.110172,-0.989348,0.095149,0.000000,0.000000,0.000000,-1,0.100235,-0.980072,0.102066,0.056332,-0.103874,0.016867,158.736649,138.299057,-746.166626,0,0
116.680000,2.302821,1.423845,-1.217821,0.459390,0.881532,-0.108912,0.137395,0.050617,0.989222,0.877544,-0.469403,-0.097865,0.613726,0.415058,0.313100,0.594168,0.033919,-0.025632,0.010208,0.002400,-0.002263,0.001957,0.108912,-0.989222,0.097866,0.000000,0.000000,0.000000,-1,0.114700,-0.991043,0.100174,0.039282,-0.146286,0.015119,158.035828,138.299057,-747.836670,0,0
116.720000,2.298246,1.424361,-1.207590,0.454432,0.884090,-0.108978,0.136394,0.051839,0.989298,0.880277,-0.464432,-0.097027,0.612295,0.416663,0.314921,0.593558,-0.062724,0.223482,-0.012190,0.000275,0.022897,-0.021008,0.108978,-0.989298,0.097027,0.000000,0.000000,0.000000,-1,0.103821,-0.959045,0.066467,-0.062661,0.121912,-0.007306,157.159790,138.822922,-745.999634,0,0
116.760000,2.281488,1.427644,-1.184031,0.448681,0.887127,-0.108127,0.132126,0.053812,0.989771,0.883871,-0.458378,-0.093068,0.609905,0.417792,0.317977,0.593596,-0.074473,0.192724,-0.019367,-0.020236,0.031916,-0.030645,0.108127,-0.989771,0.093068,0.000000,0.000000,0.000000,-1,0.083374,-0.962753,0.085098,-0.074407,0.091155,-0.014483,157.860626,138.822922,-747.335632,0,0
116.800000,2.298530,1.428640,-1.199129,0.447112,0.888200,-0.105789,0.132005,0.051453,0.989913,0.884684,-0.456567,-0.094242,0.610307,0.417906,0.319058,0.592521,0.071071,-0.064873,0.003596,-0.020828,0.015242,0.039685,0.105789,-0.989913,0.094242,0.000000,0.000000,0.000000,-1,0.090118,-0.971649,0.145340,0.055190,-0.149481,0.005385,157.685410,138.299057,-746.834656,0,0
116.840000,2.322789,1.425922,-1.225109,0.448464,0.887560,-0.105436,0.135827,0.048918,0.989524,0.883420,-0.458087,-0.098617,0.611997,0.418052,0.317805,0.591347,0.082871,0.053875,0.007185,-0.010694,0.015220,0.056412,0.105436,-0.989524,0.098617,0.000000,0.000000,0.000000,-1,0.094055,-0.976974,0.145264,0.082936,-0.047690,0.012066,157.860626,138.822922,-748.003662,0,0
116.880000,2.342588,1.424669,-1.241173,0.445108,0.889376,-0.104351,0.137769,0.047131,0.989342,0.884816,-0.454740,-0.101550,0.612276,0.419396,0.318674,0.589637,-0.009540,0.148235,0.009906,-0.009838,0.010323,0.014692,0.104351,-0.989342,0.101550,0.000000,0.000000,0.000000,-1,0.100342,-0.976868,0.089569,-0.009477,0.046671,0.014786,158.386230,141.442215,-747.168640,0,0
116.920000,2.351726,1.425070,-1.245019,0.440476,0.891820,-0.103138,0.137573,0.046474,0.989401,0.887161,-0.449996,-0.102220,0.611601,0.420778,0.320480,0.588373,0.029768,0.074031,0.017254,-0.007618,0.015798,-0.042146,0.103138,-0.989401,0.102220,0.000000,0.000000,0.000000,-1,0.093750,-0.977325,0.060883,0.023468,-0.011627,0.023196,158.035828,140.045258,-747.168640,0,0
116.960000,2.364753,1.423923,-1.258040,0.440422,0.891910,-0.102593,0.139246,0.045028,0.989233,0.886927,-0.449966,-0.104364,0.612323,0.421002,0.320229,0.587598,0.047711,-0.035190,0.004784,-0.012261,0.016791,-0.020578,0.102593,-0.989233,0.104364,0.000000,0.000000,0.000000,-1,0.089325,-0.974533,0.094894,0.047774,-0.136752,0.009664,158.035828,139.696014,-746.166626,0,0
117.000000,2.369725,1.423016,-1.263829,0.441086,0.891569,-0.102698,0.140360,0.044381,0.989067,0.886503,-0.450458,-0.105832,0.612839,0.421122,0.319746,0.587236,0.029666,0.033713,-0.001710,-0.015151,0.007790,0.013568,0.102691,-0.989067,0.105832,0.000000,0.000000,0.000000,-1,0.087540,-0.981277,0.119400,0.028653,-0.079512,0.002170,158.035828,139.696014,-746.166626,0,0
117.040000,2.377042,1.422295,-1.269195,0.439315,0.892476,-0.102417,0.141278,0.043950,0.988994,0.887154,-0.448949,-0.106779,0.612810,0.421727,0.320139,0.586619,0.025466,0.061290,0.006722,-0.024582,0.018306,0.003710,0.102417,-0.988994,0.106779,0.000000,0.000000,0.000000,-1,0.076553,-0.967773,0.106354,0.024459,-0.038153,0.009476,157.510208,138.822922,-746.667603,0,0
117.080000,2.398950,1.423673,-1.290160,0.438726,0.893136,-0.099131,0.140858,0.040601,0.989197,0.887513,-0.447950,-0.107993,0.613620,0.421268,0.321201,0.585520,0.040339,-0.004428,0.017496,-0.012980,0.012146,-0.011145,0.099131,-0.989197,0.107992,0.000000,0.000000,0.000000,-1,0.091309,-0.981079,0.098251,0.040403,-0.105987,0.022371,156.984589,138.299057,-746.500610,0,0
117.120000,2.406939,1.423985,-1.297329,0.438068,0.893577,-0.098059,0.140849,0.039507,0.989243,0.887839,-0.447167,-0.108553,0.613823,0.421305,0.321664,0.585026,0.044566,0.039017,0.002362,-0.008460,0.013229,-0.013490,0.098059,-0.989242,0.108553,0.000000,0.000000,0.000000,-1,0.089600,-0.976013,0.095062,0.043581,-0.062536,0.010439,156.809387,139.870636,-747.669678,0,0
117.160000,2.414332,1.424339,-1.304513,0.437957,0.893745,-0.097021,0.140791,0.038402,0.989294,0.887903,-0.446928,-0.109013,0.614119,0.421147,0.321958,0.584668,0.034949,-0.028835,0.003840,-0.013815,0.019125,-0.005513,0.097021,-0.989294,0.109013,0.000000,0.000000,0.000000,-1,0.083450,-0.967407,0.108521,0.037152,-0.113431,0.007548,156.809387,139.870636,-747.669678,0,0
117.200000,2.428936,1.423056,-1.321288,0.439864,0.892892,-0.096248,0.142645,0.036349,0.989106,0.886663,-0.448802,-0.111378,0.615405,0.420673,0.321095,0.584131,0.045589,-0.019295,0.003681,-0.005596,0.024690,0.002758,0.096248,-0.989106,0.111378,0.000000,0.000000,0.000000,-1,0.086594,-0.973099,0.116516,0.045656,-0.120851,0.008552,157.335007,139.696014,-747.836670,0,0
117.240000,2.437654,1.422513,-1.329324,0.439261,0.893256,-0.095621,0.143454,0.035330,0.989026,0.886832,-0.448157,-0.112622,0.615742,0.420919,0.321243,0.583517,0.008412,0.049610,-0.001538,-0.008738,0.005612,0.004474,0.095621,-0.989026,0.112622,0.000000,0.000000,0.000000,-1,0.088120,-0.982697,0.118271,0.008478,-0.051945,0.003332,157.335007,139.696014,-747.836670,0,0
117.280000,2.443664,1.422687,-1.332922,0.437159,0.894371,-0.094832,0.143413,0.034773,0.989052,0.887876,-0.445973,-0.113063,0.615518,0.421508,0.322104,0.582853,0.002023,0.030526,-0.000316,-0.013655,0.019020,-0.009838,0.094832,-0.989052,0.113063,0.000000,0.000000,0.000000,-1,0.079361,-0.968246,0.102615,0.006339,-0.068908,0.003432,158.561447,140.219879,-746.667603,0,0
117.320000,2.453348,1.422667,-1.343960,0.438432,0.893862,-0.093746,0.143808,0.033192,0.989049,0.887185,-0.447112,-0.113992,0.616286,0.420937,0.321863,0.582587,0.040253,-0.052163,0.004956,-0.005596,0.016454,0.000785,0.093746,-0.989049,0.113992,0.000000,0.000000,0.000000,-1,0.095230,-0.974762,0.121124,0.040319,-0.153715,0.009823,156.634171,139.696014,-746.166626,0,0
117.360000,2.456769,1.420581,-1.347687,0.438537,0.893714,-0.094660,0.145942,0.033112,0.988739,0.886784,-0.447414,-0.115909,0.616712,0.421451,0.321108,0.582181,0.022206,0.044296,-0.008047,0.002935,0.017059,0.000408,0.094660,-0.988739,0.115909,0.000000,0.000000,0.000000,-1,0.097595,-0.971680,0.116318,0.026513,-0.076338,-0.002075,156.634171,139.696014,-746.166626,0,0
117.400000,2.460340,1.420448,-1.348966,0.436499,0.894746,-0.094328,0.146112,0.032954,0.988719,0.887761,-0.445358,-0.116349,0.616420,0.422139,0.321791,0.581615,0.008357,0.020985,-0.009918,-0.018858,0.012858,-0.012436,0.094328,-0.988719,0.116349,0.000000,0.000000,0.000000,-1,0.076813,-0.978760,0.104156,0.008439,-0.061500,-0.005134,158.386230,141.092972,-747.836670,0,0
117.440000,2.462293,1.420775,-1.352438,0.437903,0.894105,-0.093898,0.145910,0.032377,0.988768,0.887103,-0.446685,-0.116281,0.616808,0.421531,0.321496,0.581807,0.030665,-0.037316,-0.002452,-0.000987,0.014845,-0.011545,0.093898,-0.988768,0.116281,0.000000,0.000000,0.000000,-1,0.098526,-0.970261,0.105087,0.030734,-0.138884,0.002415,158.561447,139.521393,-745.999634,0,0
117.480000,2.459855,1.420301,-1.349786,0.437651,0.894168,-0.094476,0.146281,0.032866,0.988697,0.887166,-0.446524,-0.116416,0.616685,0.421791,0.321352,0.581829,0.003026,0.036877,-0.016312,-0.003976,0.016575,-0.003943,0.094476,-0.988697,0.116416,0.000000,0.000000,0.000000,-1,0.090500,-0.972122,0.112473,0.008416,-0.071048,-0.009346,158.035828,139.346771,-745.498596,0,0
117.520000,2.458767,1.420080,-1.347492,0.436544,0.894681,-0.094740,0.146418,0.033250,0.988664,0.887689,-0.445467,-0.116482,0.616396,0.422253,0.321607,0.581660,0.018962,0.017794,-0.015337,-0.009306,0.011567,-0.004071,0.094740,-0.988664,0.116482,0.000000,0.000000,0.000000,-1,0.081543,-0.981277,0.111191,0.012651,-0.083774,-0.011462,156.984589,139.696014,-746.500610,0,0
117.560000,2.467476,1.420312,-1.355515,0.436013,0.895062,-0.093579,0.146456,0.032026,0.988699,0.887944,-0.444790,-0.117124,0.616667,0.422237,0.322040,0.581144,0.015833,0.004039,0.003910,-0.018414,0.008993,-0.010648,0.093579,-0.988699,0.117124,0.000000,0.000000,0.000000,-1,0.076553,-0.976929,0.108170,0.015905,-0.097526,0.008775,157.860626,139.521393,-747.001648,0,0
117.600000,2.463540,1.420584,-1.352414,0.436756,0.894669,-0.093871,0.146094,0.032421,0.988739,0.887638,-0.445552,-0.116545,0.616620,0.421963,0.321822,0.581514,0.011561,-0.035184,0.007324,0.015077,0.019516,-0.009139,0.093871,-0.988739,0.116545,0.000000,0.000000,0.000000,-1,0.108948,-0.969223,0.107407,0.012701,-0.133568,0.012164,157.860626,139.521393,-747.001648,0,0
117.640000,2.457979,1.419419,-1.347329,0.437036,0.894387,-0.095245,0.147050,0.033419,0.988564,0.887342,-0.446044,-0.116914,0.616549,0.422285,0.321182,0.581709,0.013658,0.022038,-0.012107,0.011307,0.009362,-0.005861,0.095245,-0.988564,0.116914,0.000000,0.000000,0.000000,-1,0.102478,-0.982101,0.116180,0.017989,-0.090124,-0.004046,158.561447,139.172165,-747.669678,0,0
117.680000,2.457475,1.418725,-1.344815,0.435170,0.895244,-0.095738,0.147635,0.033942,0.988459,0.888162,-0.444282,-0.117398,0.616163,0.423134,0.321516,0.581316,0.010478,0.028400,-0.011037,-0.008457,0.016124,-0.000363,0.095738,-0.988459,0.117398,0.000000,0.000000,0.000000,-1,0.087280,-0.972336,0.117035,0.010552,-0.073164,-0.006168,158.386230,138.648300,-746.834656,0,0
117.720000,2.463770,1.417771,-1.352441,0.436317,0.894701,-0.095588,0.148809,0.033020,0.988315,0.887403,-0.445443,-0.118733,0.616853,0.422917,0.320909,0.581077,0.045505,-0.083972,-0.003468,-0.001563,0.021502,0.001934,0.095588,-0.988315,0.118733,0.000000,0.000000,0.000000,-1,0.094025,-0.966812,0.120667,0.042396,-0.177053,0.001395,157.510208,139.870636,-746.667603,0,0
117.760000,2.465928,1.415842,-1.356765,0.438088,0.893735,-0.096523,0.150813,0.032781,0.988019,0.886191,-0.447397,-0.120426,0.617603,0.422823,0.319650,0.581043,0.015802,-0.000216,-0.003521,0.010639,0.014355,0.005947,0.096523,-0.988019,0.120426,0.000000,0.000000,0.000000,-1,0.109863,-0.974014,0.124634,0.023308,-0.117679,0.002402,156.458969,138.822922,-747.669678,0,0
117.800000,2.463398,1.415289,-1.352593,0.436549,0.894417,-0.097171,0.151209,0.033528,0.987933,0.886882,-0.445975,-0.120607,0.617177,0.423552,0.319889,0.580833,0.000918,0.042178,-0.012059,-0.005405,0.001559,-0.007357,0.097171,-0.987933,0.120607,0.000000,0.000000,0.000000,-1,0.091766,-0.986374,0.113251,0.000990,-0.059383,-0.007189,158.911850,139.521393,-746.667603,0,0
117.840000,2.459794,1.414471,-1.351036,0.438275,0.893470,-0.098114,0.151945,0.033940,0.987806,0.885905,-0.447838,-0.120884,0.617499,0.423246,0.318944,0.581234,0.045482,-0.088223,-0.008771,0.004166,0.023130,-0.004047,0.098114,-0.987806,0.120884,0.000000,0.000000,0.000000,-1,0.102280,-0.964676,0.116837,0.041302,-0.191903,-0.003844,157.860626,139.172165,-747.001648,0,0
117.880000,2.461110,1.412766,-1.353845,0.439453,0.892792,-0.099015,0.153685,0.033875,0.987539,0.885021,-0.449195,-0.122322,0.618041,0.423304,0.317942,0.581164,0.025320,-0.007658,-0.015296,0.001907,0.025579,0.004967,0.099015,-0.987539,0.122322,0.000000,0.000000,0.000000,-1,0.097672,-0.963226,0.126175,0.032826,-0.126179,-0.009366,157.685410,139.346771,-746.166626,0,0
117.920000,2.456923,1.412361,-1.346852,0.436874,0.893971,-0.099778,0.153833,0.035038,0.987475,0.886271,-0.446752,-0.122216,0.617263,0.424376,0.318541,0.580882,-0.024612,0.085625,-0.024740,-0.001405,0.005404,-0.007988,0.099778,-0.987475,0.122216,0.000000,0.000000,0.000000,-1,0.098373,-0.982071,0.114227,-0.024540,-0.015933,-0.019868,157.335007,140.743744,-746.834656,0,0
117.960000,2.452854,1.412969,-1.341830,0.436051,0.894360,-0.099893,0.153071,0.035674,0.987571,0.886808,-0.445922,-0.121345,0.616791,0.424549,0.318955,0.581029,0.031697,-0.037336,-0.008848,-0.013071,0.010200,-0.018440,0.099893,-0.987571,0.121345,0.000000,0.000000,0.000000,-1,0.086823,-0.977371,0.102905,0.027521,-0.128294,-0.006107,156.458969,140.219879,-746.667603,0,0
118.000000,2.452277,1.413224,-1.343167,0.437782,0.893525,-0.099803,0.152873,0.035412,0.987611,0.885989,-0.447616,-0.121093,0.617143,0.423888,0.318478,0.581399,0.022105,-0.064880,-0.005430,-0.005367,0.011705,-0.013961,0.099803,-0.987611,0.121093,0.000000,0.000000,0.000000,-1,0.098679,-0.974060,0.111984,0.021133,-0.166454,-0.000545,156.458969,139.172165,-745.999634,0,0
118.040000,2.453538,1.412463,-1.345027,0.438253,0.893257,-0.100128,0.153671,0.035296,0.987491,0.885618,-0.448158,-0.121799,0.617405,0.423923,0.318061,0.581324,0.026405,0.009330,-0.007940,-0.003555,0.020710,0.000530,0.100128,-0.987491,0.121799,0.000000,0.000000,0.000000,-1,0.096573,-0.966782,0.122330,0.026497,-0.092243,-0.003067,156.283768,140.743744,-746.166626,0,0
118.080000,2.454494,1.411879,-1.345615,0.437874,0.893415,-0.100377,0.154254,0.035335,0.987399,0.885704,-0.447840,-0.122341,0.617430,0.424206,0.317982,0.581134,-0.010837,0.017795,-0.018203,-0.007054,0.007525,-0.000362,0.100377,-0.987399,0.122341,0.000000,0.000000,0.000000,-1,0.093323,-0.979874,0.121979,-0.007560,-0.088018,-0.013348,158.561447,138.822922,-746.667603,0,0
118.120000,2.454289,1.412250,-1.344898,0.437451,0.893646,-0.100169,0.153871,0.035363,0.987458,0.885980,-0.447378,-0.122037,0.617277,0.424249,0.318257,0.581115,0.009404,0.006153,-0.004544,-0.011607,0.011658,-0.007840,0.100169,-0.987458,0.122037,0.000000,0.000000,0.000000,-1,0.091064,-0.974548,0.112396,0.003105,-0.091184,-0.003878,158.211029,139.172165,-744.663574,0,0
118.160000,2.456893,1.411863,-1.349451,0.439175,0.892808,-0.100093,0.154404,0.034746,0.987397,0.885034,-0.449095,-0.122593,0.617864,0.423723,0.317603,0.581233,0.031667,-0.058501,0.007197,0.004109,0.020173,-0.002140,0.100093,-0.987397,0.122593,0.000000,0.000000,0.000000,-1,0.104202,-0.967224,0.120453,0.031817,-0.160073,0.012073,157.685410,138.997543,-746.166626,0,0
118.200000,2.455808,1.410791,-1.348657,0.439322,0.892646,-0.100896,0.155409,0.035102,0.987226,0.884785,-0.449390,-0.123304,0.617965,0.423994,0.317125,0.581188,0.006151,0.040067,-0.013179,-0.000387,0.016310,-0.006147,0.100897,-0.987226,0.123304,0.000000,0.000000,0.000000,-1,0.100510,-0.970917,0.117157,0.007364,-0.071043,-0.006143,158.386230,138.648300,-746.500610,0,0
118.240000,2.457150,1.411299,-1.348948,0.438443,0.893132,-0.100414,0.154930,0.034946,0.987307,0.885305,-0.448435,-0.123051,0.617768,0.424133,0.317632,0.581020,0.007229,0.015696,-0.003505,-0.016963,0.016467,-0.015629,0.100414,-0.987307,0.123051,0.000000,0.000000,0.000000,-1,0.085876,-0.971191,0.107956,0.007377,-0.075278,-0.001869,157.860626,139.172165,-745.665649,0,0
118.280000,2.456324,1.411279,-1.350182,0.440273,0.892218,-0.100528,0.154992,0.034759,0.987304,0.884385,-0.450265,-0.122983,0.618162,0.423518,0.317011,0.581388,0.027412,-0.040485,0.003972,0.007977,0.004455,-0.000898,0.100528,-0.987304,0.122983,0.000000,0.000000,0.000000,-1,0.108505,-0.982849,0.122086,0.027566,-0.142055,0.008847,158.035828,139.346771,-747.502625,0,0
118.320000,2.462603,1.409904,-1.356147,0.439908,0.892390,-0.100606,0.156522,0.034123,0.987085,0.884297,-0.449973,-0.124668,0.618557,0.423935,0.316742,0.580810,0.016735,0.018880,0.002750,-0.001317,0.016214,0.004757,0.100606,-0.987085,0.124668,0.000000,0.000000,0.000000,-1,0.099289,-0.970871,0.129425,0.019105,-0.078444,0.007589,158.561447,138.822922,-747.001648,0,0
118.360000,2.466041,1.409266,-1.359457,0.439759,0.892467,-0.100571,0.157250,0.033737,0.986982,0.884242,-0.449849,-0.125505,0.618774,0.424112,0.316623,0.580515,0.013523,-0.007627,0.001841,0.000549,0.026976,0.004927,0.100571,-0.986982,0.125505,0.000000,0.000000,0.000000,-1,0.102478,-0.958969,0.127548,0.014829,-0.104951,0.006693,158.911850,139.870636,-745.331604,0,0
118.400000,2.466272,1.407852,-1.359818,0.439738,0.892382,-0.101414,0.158628,0.033973,0.986754,0.884007,-0.450000,-0.126617,0.618947,0.424515,0.316098,0.580322,0.019902,0.023108,-0.004753,0.007716,0.011702,-0.002518,0.101414,-0.986754,0.126617,0.000000,0.000000,0.000000,-1,0.109131,-0.975052,0.124100,0.020140,-0.078455,0.000132,158.386230,140.394501,-744.496582,0,0
118.440000,2.471491,1.407179,-1.363843,0.438650,0.892946,-0.101164,0.159412,0.033470,0.986645,0.884406,-0.448918,-0.127665,0.619041,0.424996,0.316313,0.579753,0.018841,0.004030,-0.000399,-0.009276,0.016262,0.004324,0.101164,-0.986645,0.127665,0.000000,0.000000,0.000000,-1,0.091888,-0.970383,0.131989,0.018013,-0.090114,0.002336,158.035828,139.346771,-746.834656,0,0
118.480000,2.474036,1.406412,-1.367157,0.439282,0.892619,-0.101307,0.160263,0.033095,0.986519,0.883938,-0.449596,-0.128516,0.619416,0.424950,0.315875,0.579625,0.011260,-0.046856,0.005227,0.010265,0.010399,0.012887,0.101307,-0.986519,0.128516,0.000000,0.000000,0.000000,-1,0.121872,-0.981079,0.145157,0.015874,-0.139934,0.008966,157.860626,139.172165,-747.335632,0,0
118.520000,2.468440,1.402409,-1.363745,0.440777,0.891515,-0.104486,0.164013,0.034453,0.985856,0.882505,-0.451680,-0.131034,0.619951,0.425649,0.313742,0.579697,0.020842,-0.018238,0.000727,0.039526,0.019197,0.020730,0.104486,-0.985856,0.131034,0.000000,0.000000,0.000000,-1,0.144012,-0.966660,0.151764,0.021192,-0.119795,0.005626,158.035828,139.346771,-745.164612,0,0
118.560000,2.461660,1.400606,-1.356367,0.439997,0.891663,-0.106490,0.165491,0.036040,0.985552,0.882618,-0.451264,-0.131705,0.619609,0.426541,0.313152,0.579727,-0.022756,0.013552,-0.008516,0.009233,0.020037,0.000986,0.106490,-0.985552,0.131705,0.000000,0.000000,0.000000,-1,0.115723,-0.965515,0.132690,-0.020280,-0.080584,-0.004731,157.159790,138.822922,-747.335632,0,0
118.600000,2.455668,1.400867,-1.351415,0.440898,0.891143,-0.107114,0.165059,0.036803,0.985597,0.882250,-0.452228,-0.130865,0.619467,0.426254,0.312823,0.580266,-0.002608,-0.075500,-0.004083,0.007602,0.013398,-0.013067,0.107114,-0.985597,0.130865,0.000000,0.000000,0.000000,-1,0.114410,-0.974487,0.113312,-0.008627,-0.161151,0.000822,157.510208,138.124435,-746.667603,0,0
118.640000,2.449296,1.400192,-1.348571,0.443911,0.889494,-0.108370,0.165603,0.037419,0.985482,0.880635,-0.455413,-0.130692,0.619916,0.425500,0.311439,0.581085,0.029109,-0.028881,-0.020597,-0.008013,0.013971,-0.014755,0.108370,-0.985482,0.130692,0.000000,0.000000,0.000000,-1,0.100357,-0.971512,0.115936,0.029610,-0.130429,-0.015693,157.685410,139.696014,-745.498596,0,0
118.680000,2.445559,1.400227,-1.342124,0.441470,0.890651,-0.108836,0.165325,0.038478,0.985488,0.881914,-0.453057,-0.130260,0.619123,0.426400,0.312167,0.580880,-0.026123,0.108924,-0.034436,-0.023310,-0.000123,-0.007747,0.108836,-0.985488,0.130260,0.000000,0.000000,0.000000,-1,0.085526,-0.985611,0.122513,-0.022438,-0.001105,-0.029532,157.685410,137.251343,-745.498596,0,0
118.720000,2.444855,1.399860,-1.337872,0.438262,0.892194,-0.109160,0.165512,0.039264,0.985426,0.883477,-0.449942,-0.130461,0.618356,0.427628,0.313055,0.580316,0.014347,0.107892,-0.015731,-0.053252,0.019956,-0.018202,0.109160,-0.985426,0.130461,0.000000,0.000000,0.000000,-1,0.044312,-0.963669,0.109787,0.005266,0.013759,-0.016076,158.211029,138.473679,-746.667603,0,0
118.760000,2.459833,1.399733,-1.351444,0.437127,0.892980,-0.107272,0.166151,0.037042,0.985404,0.883920,-0.448570,-0.132178,0.618923,0.427812,0.313709,0.579222,0.053698,-0.034127,0.017457,-0.047092,0.024833,-0.024878,0.107272,-0.985404,0.132178,0.000000,0.000000,0.000000,-1,0.060181,-0.960571,0.107300,0.054201,-0.135673,0.022353,157.335007,139.696014,-746.500610,0,0
118.800000,2.474892,1.399348,-1.364539,0.435471,0.893999,-0.105504,0.166993,0.034941,0.985339,0.884578,-0.446705,-0.134076,0.619396,0.428236,0.314449,0.578000,0.029217,0.146106,0.016925,-0.024098,0.016131,-0.029492,0.105504,-0.985339,0.134076,0.000000,0.000000,0.000000,-1,0.081406,-0.969208,0.104584,0.041571,0.027600,0.022819,158.211029,139.870636,-746.333618,0,0
118.840000,2.480390,1.400345,-1.365950,0.431967,0.895854,-0.104162,0.166081,0.034505,0.985508,0.886466,-0.443007,-0.133879,0.618737,0.429074,0.316089,0.577190,-0.017637,0.105800,0.005925,-0.020956,-0.005672,-0.021132,0.104162,-0.985508,0.133879,0.000000,0.000000,0.000000,-1,0.086166,-0.989639,0.117599,-0.013766,0.020160,0.010698,157.860626,138.822922,-747.001648,0,0
118.880000,2.489236,1.401726,-1.373075,0.430648,0.896721,-0.102148,0.164987,0.033053,0.985742,0.887312,-0.441360,-0.133713,0.618730,0.428987,0.317248,0.576625,0.025937,0.005105,0.022922,-0.013113,0.008477,0.004485,0.102148,-0.985742,0.133713,0.000000,0.000000,0.000000,-1,0.089035,-0.977264,0.138199,0.026610,-0.096437,0.027799,157.159790,139.870636,-747.001648,0,0
118.920000,2.499447,1.401122,-1.382251,0.429756,0.897263,-0.101134,0.165869,0.031650,0.985640,0.887579,-0.440360,-0.135226,0.619139,0.429278,0.317556,0.575799,0.039754,0.084594,0.005392,-0.000899,0.049467,0.021115,0.101134,-0.985640,0.135226,0.000000,0.000000,0.000000,-1,0.100235,-0.936172,0.156342,0.037234,-0.037086,0.013585,157.510208,140.219879,-746.667603,0,0
118.960000,2.507657,1.399816,-1.387632,0.427168,0.898538,-0.100783,0.167303,0.030991,0.985418,0.888559,-0.437800,-0.137089,0.619126,0.430381,0.318101,0.574689,0.011898,0.067615,-0.005911,-0.006438,0.022574,0.019679,0.100783,-0.985418,0.137089,0.000000,0.000000,0.000000,-1,0.105392,-0.982269,0.160492,0.021247,-0.014844,-0.001231,156.984589,139.696014,-746.500610,0,0
119.000000,2.500178,1.399265,-1.380801,0.427620,0.898170,-0.102130,0.167620,0.032236,0.985325,0.888282,-0.438464,-0.136767,0.618901,0.430518,0.317560,0.575128,-0.021049,-0.012935,0.012894,0.054151,-0.001126,0.019086,0.102130,-0.985325,0.136767,0.000000,0.000000,0.000000,-1,0.155151,-0.972824,0.141388,-0.020222,-0.114477,0.017759,157.685410,138.648300,-746.166626,0,0
119.040000,2.506659,1.399310,-1.386759,0.427220,0.898465,-0.101215,0.167765,0.031228,0.985332,0.888447,-0.437934,-0.137390,0.619149,0.430522,0.317869,0.574687,0.032089,-0.005524,0.005893,0.032407,0.047146,-0.028610,0.101215,-0.985332,0.137389,0.000000,0.000000,0.000000,-1,0.125870,-0.939789,0.113174,0.029757,-0.099634,0.017141,157.335007,139.696014,-746.166626,0,0
119.080000,2.501302,1.397965,-1.381453,0.427077,0.898359,-0.102741,0.168899,0.032368,0.985102,0.888301,-0.438067,-0.137908,0.618995,0.431045,0.317272,0.574790,0.034067,0.023033,-0.038937,0.008480,0.023172,-0.012954,0.102741,-0.985102,0.137908,0.000000,0.000000,0.000000,-1,0.098160,-0.976044,0.140366,0.039166,-0.088039,-0.027691,158.035828,138.997543,-747.168640,0,0
119.120000,2.502959,1.395638,-1.380315,0.424345,0.899522,-0.103879,0.171112,0.032994,0.984699,0.889186,-0.435627,-0.139919,0.618722,0.432599,0.317310,0.573895,0.022172,0.073906,-0.052842,-0.040402,0.003696,0.021230,0.103879,-0.984699,0.139919,0.000000,0.000000,0.000000,-1,0.063477,-0.981003,0.161148,0.023188,-0.027637,-0.047998,157.335007,139.696014,-745.498596,0,0
119.160000,2.504072,1.394791,-1.379940,0.422932,0.900148,-0.104219,0.171918,0.033216,0.984551,0.889704,-0.434315,-0.140704,0.618551,0.433298,0.317470,0.573464,0.018089,-0.039435,0.015792,-0.026277,0.014962,0.016553,0.104219,-0.984551,0.140704,0.000000,0.000000,0.000000,-1,0.098862,-0.964905,0.152603,0.014854,-0.118719,0.016328,158.911850,138.822922,-745.665649,0,0
119.200000,2.508132,1.394339,-1.386286,0.424984,0.899217,-0.103911,0.172564,0.032206,0.984472,0.888600,-0.436316,-0.141485,0.619327,0.432639,0.316751,0.573521,0.044645,-0.069121,0.015634,0.019197,0.021627,-0.000357,0.103911,-0.984472,0.141485,0.000000,0.000000,0.000000,-1,0.129089,-0.964050,0.134201,0.043545,-0.179138,0.024794,158.035828,139.346771,-747.168640,0,0
119.240000,2.501934,1.393143,-1.381055,0.425665,0.898711,-0.105488,0.173548,0.033330,0.984261,0.888083,-0.437272,-0.141782,0.619297,0.432853,0.315920,0.573849,-0.007627,0.013478,-0.047988,0.012295,-0.004829,-0.009901,0.105488,-0.984261,0.141782,0.000000,0.000000,0.000000,-1,0.104660,-0.987289,0.139160,-0.006609,-0.088062,-0.043142,158.911850,138.124435,-747.001648,0,0
119.280000,2.494330,1.391185,-1.369550,0.421871,0.900233,-0.107725,0.175042,0.035710,0.983913,0.889598,-0.433941,-0.142513,0.618198,0.434843,0.316190,0.573382,0.029433,0.120556,-0.058431,-0.054167,0.018688,-0.004788,0.107725,-0.983913,0.142513,0.000000,0.000000,0.000000,-1,0.046799,-0.966034,0.133209,0.027447,0.017940,-0.055697,158.386230,138.648300,-746.166626,0,0
119.320000,2.503678,1.391532,-1.376470,0.419820,0.901375,-0.106185,0.174950,0.034432,0.983975,0.890586,-0.431669,-0.143240,0.618189,0.435274,0.317218,0.572497,0.011434,0.013537,-0.016258,-0.063674,0.013882,-0.014365,0.106185,-0.983975,0.143240,0.000000,0.000000,0.000000,-1,0.065918,-0.974304,0.138077,0.019034,-0.056215,-0.015912,157.510208,139.521393,-748.337646,0,0
119.360000,2.500136,1.390582,-1.376857,0.423220,0.899657,-0.107251,0.175880,0.034544,0.983805,0.888792,-0.435229,-0.143612,0.618928,0.434435,0.315683,0.573182,0.030539,-0.070207,-0.007581,-0.017987,0.006938,-0.008785,0.107251,-0.983805,0.143612,0.000000,0.000000,0.000000,-1,0.089264,-0.976868,0.134827,0.031753,-0.171758,-0.002766,158.736649,139.696014,-746.500610,0,0
119.400000,2.496339,1.391471,-1.372648,0.422902,0.899804,-0.107269,0.174875,0.035112,0.983964,0.889141,-0.434879,-0.142505,0.618525,0.434371,0.316023,0.573478,-0.040703,0.024118,-0.028493,-0.010757,0.016008,-0.033191,0.107269,-0.983964,0.142505,0.000000,0.000000,0.000000,-1,0.101807,-0.961060,0.111038,-0.030964,-0.071066,-0.020612,158.561447,139.870636,-746.333618,0,0
119.440000,2.487489,1.391660,-1.363528,0.422586,0.899815,-0.108413,0.174366,0.036667,0.983998,0.889392,-0.434727,-0.141402,0.617924,0.434593,0.315969,0.573988,-0.026080,0.002895,-0.045553,-0.004028,0.024632,-0.024978,0.108413,-0.983998,0.141402,0.000000,0.000000,0.000000,-1,0.100174,-0.975906,0.124603,-0.031060,-0.102901,-0.039615,158.736649,138.997543,-746.166626,0,0
119.480000,2.478566,1.391350,-1.352732,0.420775,0.900489,-0.109859,0.174258,0.038614,0.983943,0.890271,-0.433162,-0.140670,0.617015,0.435462,0.316205,0.574177,0.008005,0.053795,-0.038712,-0.006831,0.015437,0.000871,0.109859,-0.983943,0.140670,0.000000,0.000000,0.000000,-1,0.101334,-0.964142,0.145294,0.009404,-0.047760,-0.033927,159.087067,138.997543,-747.502625,0,0
119.520000,2.487133,1.389154,-1.358863,0.418433,0.901566,-0.109964,0.176603,0.037999,0.983548,0.890912,-0.430970,-0.143319,0.617202,0.436716,0.316326,0.572956,0.035699,0.054874,-0.026254,-0.019281,0.021131,0.012519,0.109964,-0.983548,0.143319,0.000000,0.000000,0.000000,-1,0.088882,-0.962387,0.155487,0.034954,-0.049866,-0.024626,159.087067,138.997543,-747.502625,0,0
119.560000,2.497509,1.387755,-1.368080,0.417351,0.902148,-0.109298,0.178294,0.036646,0.983295,0.891083,-0.429866,-0.145553,0.617709,0.437278,0.316405,0.571936,0.041036,0.005067,-0.011193,-0.009887,0.023837,0.005188,0.109298,-0.983295,0.145553,0.000000,0.000000,0.000000,-1,0.107376,-0.965240,0.147690,0.041366,-0.080590,-0.009666,158.386230,139.696014,-746.166626,0,0
119.600000,2.501380,1.385104,-1.374269,0.419199,0.901171,-0.110290,0.181073,0.036051,0.982809,0.889654,-0.431963,-0.148065,0.618711,0.437298,0.314915,0.571661,0.067371,-0.049023,-0.010151,0.001435,0.002630,-0.008600,0.110290,-0.982809,0.148065,0.000000,0.000000,0.000000,-1,0.111725,-0.980179,0.139465,0.068970,-0.150557,-0.005399,158.561447,139.172165,-746.333618,0,0
119.640000,2.501649,1.383218,-1.375317,0.419699,0.900807,-0.111357,0.182928,0.036221,0.982459,0.889039,-0.432707,-0.149581,0.619084,0.437637,0.314046,0.571476,0.037569,-0.011941,-0.025946,-0.000044,0.007651,-0.008132,0.111357,-0.982459,0.149581,0.000000,0.000000,0.000000,-1,0.109039,-0.972626,0.142563,0.043437,-0.110288,-0.018064,158.561447,139.172165,-746.333618,0,0
119.680000,2.500174,1.382828,-1.374306,0.420057,0.900584,-0.111806,0.183268,0.036481,0.982386,0.888800,-0.433149,-0.149724,0.619132,0.437649,0.313743,0.571580,0.012038,-0.020427,-0.027752,-0.014379,0.007990,-0.008809,0.111806,-0.982386,0.149724,0.000000,0.000000,0.000000,-1,0.104675,-0.968842,0.141830,0.015765,-0.119840,-0.024098,157.335007,138.648300,-746.500610,0,0
119.720000,2.493760,1.381617,-1.369852,0.421612,0.899647,-0.113483,0.184270,0.037534,0.982159,0.887856,-0.435001,-0.149953,0.619280,0.437571,0.312610,0.572100,0.037499,-0.048006,-0.036418,0.009976,0.026959,-0.005147,0.113483,-0.982159,0.149953,0.000000,0.000000,0.000000,-1,0.123459,-0.955200,0.144806,0.039103,-0.149537,-0.031668,160.138290,138.648300,-745.164612,0,0
119.760000,2.488087,1.379413,-1.363404,0.420600,0.899845,-0.115647,0.186141,0.039167,0.981742,0.887945,-0.434448,-0.151025,0.618962,0.438632,0.311933,0.572002,0.006520,0.048426,-0.038614,-0.007508,0.027961,-0.007592,0.115647,-0.981742,0.151025,0.000000,0.000000,0.000000,-1,0.105652,-0.959824,0.145401,0.012591,-0.052001,-0.033943,158.561447,139.870636,-745.665649,0,0
119.800000,2.487997,1.378768,-1.362373,0.419678,0.900224,-0.116046,0.186720,0.039490,0.981619,0.888260,-0.433632,-0.151517,0.618810,0.439127,0.311975,0.571763,0.026723,0.009211,-0.030149,-0.009890,0.009207,0.002444,0.116046,-0.981619,0.151517,0.000000,0.000000,0.000000,-1,0.105469,-0.977219,0.157013,0.020037,-0.083796,-0.026436,159.087067,138.299057,-745.498596,0,0
119.840000,2.499837,1.375927,-1.375008,0.420218,0.899990,-0.115912,0.189938,0.037670,0.981073,0.887322,-0.434280,-0.155113,0.620012,0.439479,0.311046,0.570696,0.090493,-0.043792,-0.025289,-0.041083,0.036188,-0.005119,0.115912,-0.981073,0.155113,0.000000,0.000000,0.000000,-1,0.066345,-0.950867,0.147583,0.092307,-0.145278,-0.020572,159.087067,138.299057,-745.498596,0,0
119.880000,2.521955,1.374514,-1.401011,0.423841,0.898627,-0.113258,0.192220,0.032953,0.980798,0.885104,-0.437473,-0.158767,0.622426,0.438144,0.310015,0.569655,0.116035,-0.096774,-0.007237,-0.041695,0.051370,-0.013641,0.113258,-0.980798,0.158767,0.000000,0.000000,0.000000,-1,0.078720,-0.929565,0.135742,0.113601,-0.199320,-0.001416,160.488708,139.696014,-745.164612,0,0
119.920000,2.529416,1.371531,-1.411756,0.426560,0.897278,-0.113751,0.195451,0.031349,0.980212,0.883089,-0.440352,-0.162001,0.623941,0.437833,0.308257,0.569190,0.125430,-0.107426,0.001247,-0.031415,0.040179,-0.047286,0.113751,-0.980212,0.162001,0.000000,0.000000,0.000000,-1,0.065506,-0.942368,0.110535,0.130630,-0.201432,0.003724,160.138290,139.696014,-744.496582,0,0
119.960000,2.550290,1.368258,-1.432812,0.426665,0.897431,-0.112133,0.199244,0.027668,0.979559,0.882190,-0.440286,-0.167003,0.625700,0.438180,0.307678,0.567303,0.150038,0.126873,-0.004332,-0.073025,0.017248,-0.068538,0.112133,-0.979559,0.167003,0.000000,0.000000,0.000000,-1,0.037323,-0.994080,0.093262,0.152055,0.025448,0.000337,160.138290,139.696014,-744.496582,0,0
120.000000,2.568921,1.368902,-1.446927,0.422965,0.899608,-0.108660,0.198989,0.024775,0.979689,0.884027,-0.435996,-0.168533,0.625844,0.438846,0.309729,0.565510,0.020386,0.038925,0.030477,-0.076632,-0.080324,-0.075042,0.108660,-0.979689,0.168533,0.000000,0.000000,0.000000,-1,0.034698,-1.040146,0.090210,0.037283,-0.045546,0.028515,157.685410,141.092972,-745.832642,0,0
120.040000,2.572537,1.370691,-1.448935,0.421765,0.900357,-0.107106,0.197299,0.024163,0.980046,0.884979,-0.434481,-0.167448,0.625510,0.438704,0.310895,0.565349,-0.102833,0.119518,0.043172,-0.043431,-0.028301,-0.093214,0.107106,-0.980046,0.167448,0.000000,0.000000,0.000000,-1,0.088028,-0.998184,0.064514,-0.073187,-0.024310,0.050911,159.087067,139.346771,-744.496582,0,0
120.080000,2.544754,1.385476,-1.385840,0.390875,0.914599,-0.103560,0.181119,0.033886,0.982877,0.902448,-0.402939,-0.152406,0.614287,0.445931,0.325128,0.563994,-0.603246,1.620453,-0.113345,0.084367,-0.033328,-0.145158,0.103560,-0.982877,0.152406,0.000000,0.000000,0.000000,-1,0.206161,-1.003128,-0.001221,-0.600996,1.519110,-0.108731,159.087067,139.346771,-744.496582,0,0
120.120000,2.452107,1.417375,-1.148774,0.257469,0.961384,-0.097215,0.139412,0.062596,0.988254,0.956177,-0.267998,-0.117912,0.572884,0.480375,0.374841,0.548214,-1.567798,4.465493,-0.480409,0.177428,-0.017270,-0.155998,0.097215,-0.988254,0.117912,0.000000,0.000000,0.000000,-1,0.322433,-1.020798,-0.054382,-1.418874,4.010133,-0.415182,159.262268,138.822922,-748.003662,0,0
120.160000,2.160822,1.446125,-0.691233,0.096924,0.989914,-0.103324,0.079271,0.095805,0.992239,0.992130,-0.104362,-0.069185,0.517277,0.516737,0.429559,0.529987,-2.649760,5.642723,-0.910985,0.282601,-0.030604,-0.272600,0.103324,-0.992239,0.069185,0.000000,0.000000,0.000000,-1,0.132812,-1.140060,-0.757675,-2.470727,5.634772,-0.847045,161.890350,138.648300,-755.852783,0,1
120.200000,1.343891,1.421588,0.191298,0.037658,0.988738,-0.144845,-0.028264,0.145943,0.988889,0.998891,-0.033145,0.033442,0.463215,0.518373,0.460934,0.551598,-2.027606,-2.859808,-1.379416,0.070823,-0.135958,-0.563314,0.144845,-0.988889,-0.033442,0.000000,0.000000,0.000000,-1,0.155167,-1.138962,-0.123047,-2.025355,-2.961149,-1.374802,163.467209,140.918365,-760.361816,0,0
120.240000,1.020509,1.372372,0.429953,0.127015,0.977566,-0.168024,-0.082167,0.179184,0.980378,0.988492,-0.110717,0.103083,0.459551,0.487105,0.446342,0.593566,-0.591919,1.059624,-0.096047,0.149954,-0.414092,1.008417,0.168024,-0.980378,-0.103083,0.000000,0.000000,0.000000,-1,0.244247,-1.448334,0.682159,-0.626829,0.190522,-0.203503,164.343246,139.346771,-759.860840,0,0
120.280000,0.737767,1.322420,0.814082,0.033954,0.985649,-0.165355,-0.178742,0.168772,0.969313,0.983310,-0.003356,0.181908,0.413302,0.488085,0.494768,0.588352,-2.848093,1.119746,0.428497,-0.312679,-0.151308,-0.038948,0.165355,-0.969313,-0.181908,0.000000,0.000000,0.000000,-1,-0.147324,-1.120621,-0.220856,-2.845843,1.018407,0.433111,163.992828,140.394501,-764.870911,0,0
120.320000,0.632251,1.270423,0.967238,-0.006905,0.984571,-0.174852,-0.243601,0.167932,0.955226,0.969851,0.049190,0.238683,0.382910,0.483775,0.519051,0.591547,-1.682793,1.558789,-0.212858,-0.050127,0.199641,-0.015498,0.174852,-0.955226,-0.238683,0.000000,0.000000,0.000000,-1,0.237381,-0.691528,-0.159164,-1.680543,1.457450,-0.208244,165.044067,142.489944,-769.546997,0,0
120.360000,0.610914,1.204399,1.052400,-0.059314,0.976858,-0.205500,-0.311185,0.177510,0.933624,0.948497,0.119326,0.293454,0.342681,0.485636,0.542047,0.594064,-1.673515,1.041023,-0.466980,0.157995,0.268173,0.289533,0.205500,-0.933624,-0.293454,0.000000,0.000000,0.000000,-1,0.379532,-0.641342,-0.077103,-1.665802,0.996978,-0.435028,167.672150,143.013794,-770.047974,0,0
120.400000,0.605366,1.163074,1.086761,-0.079744,0.970940,-0.225645,-0.350969,0.184522,0.918026,0.932985,0.152402,0.326056,0.320030,0.484306,0.552557,0.598087,-1.022520,0.718960,-0.313144,0.145174,0.340420,0.045660,0.225645,-0.918026,-0.326056,0.000000,0.000000,0.000000,-1,0.299515,-0.485519,-0.350418,-1.188404,0.719308,-0.369895,169.249008,144.236145,-773.221008,0,0
120.440000,0.595960,1.150972,1.107639,-0.088805,0.969417,-0.228787,-0.364658,0.182105,0.913161,0.926897,0.164523,0.337334,0.312952,0.483109,0.557681,0.598045,0.088588,-0.129525,0.246532,-0.046491,0.453169,0.018745,0.228787,-0.913161,-0.337334,0.000000,0.000000,0.000000,-1,0.163773,-0.486588,-0.286102,0.091135,-0.230747,0.251074,171.351486,144.934616,-774.557007,0,0
120.480000,0.569203,1.172897,1.125062,-0.085164,0.974235,-0.208838,-0.349623,0.167052,0.921877,0.933012,0.151525,0.326388,0.324575,0.481099,0.557786,0.593354,0.495183,-0.417623,0.428437,-0.128576,0.318987,0.029849,0.208838,-0.921877,-0.326388,0.000000,0.000000,0.000000,-1,0.100739,-0.597610,-0.360428,0.441448,-0.407532,0.427779,167.496948,144.585373,-773.221008,0,0
120.520000,0.544874,1.196387,1.126851,-0.068332,0.979489,-0.189558,-0.330272,0.157080,0.930724,0.941409,0.126204,0.312764,0.339788,0.477663,0.553176,0.591927,0.739416,-0.991137,0.466628,-0.074553,0.273741,-0.093852,0.189558,-0.930724,-0.312764,0.000000,0.000000,0.000000,-1,0.170700,-0.703842,-0.494186,0.716435,-0.991674,0.447595,168.022568,144.410767,-771.718018,0,0
120.560000,0.467034,1.227418,1.150926,-0.023146,0.988174,-0.151582,-0.307428,0.137241,0.941623,0.951290,0.068395,0.300615,0.367082,0.463619,0.544638,0.594708,0.093948,-1.051609,0.447422,0.095900,-0.076352,-0.542936,0.151582,-0.941623,-0.300615,0.000000,0.000000,0.000000,-1,0.282272,-1.191299,-0.898605,0.096495,-1.152830,0.451965,165.219269,144.410767,-770.715942,0,0
120.600000,0.445154,1.227584,1.181094,-0.032193,0.988922,-0.144902,-0.311283,0.127846,0.941679,0.949772,0.075421,0.303718,0.366143,0.462688,0.549560,0.591475,-0.244213,0.893245,0.029649,0.168193,-0.320773,-0.551232,0.144902,-0.941679,-0.303718,0.000000,0.000000,0.000000,-1,0.310486,-1.050812,-0.798996,-0.189474,0.731651,0.072183,164.343246,144.236145,-769.880981,0,1
120.640000,0.462120,1.217267,1.193303,-0.058894,0.984641,-0.158469,-0.327227,0.126363,0.936459,0.942100,0.120474,0.312942,0.349077,0.470823,0.561216,0.584386,-0.367381,1.014133,0.047481,0.194253,0.134625,-0.213074,0.158469,-0.936459,-0.312942,0.000000,0.000000,0.000000,-1,0.352722,-0.801834,-0.526016,-0.364834,0.912914,0.052023,165.920090,146.506195,-772.719971,0,0
120.680000,0.494242,1.202879,1.208701,-0.102076,0.980036,-0.170616,-0.336350,0.127408,0.933079,0.936189,0.152632,0.316630,0.336855,0.477717,0.568176,0.579215,-0.283186,1.049826,-0.188690,0.199761,-0.271496,-0.134145,0.170616,-0.933079,-0.316630,0.000000,0.000000,0.000000,-1,0.383667,-1.287552,-0.538635,-0.280639,0.948608,-0.184147,167.496948,145.283859,-771.216980,0,0
120.720000,0.499300,1.173364,1.218937,-0.111874,0.976288,-0.185325,-0.363339,0.133395,0.922058,0.924916,0.170490,0.339800,0.322076,0.475781,0.574082,0.583378,-1.150517,-0.104105,-0.458998,0.266076,-0.197602,-0.332045,0.185325,-0.922058,-0.339800,0.000000,0.000000,0.000000,-1,0.464264,-1.039093,-0.764038,-0.992454,-0.200963,-0.377475,168.022568,146.855438,-772.385986,0,0
120.760000,0.541427,1.148607,1.199504,-0.127147,0.969144,-0.211173,-0.381837,0.148668,0.912194,0.915442,0.196617,0.351153,0.305382,0.480797,0.576548,0.585806,0.723738,1.517288,-0.259339,0.172143,0.862618,0.547518,0.211173,-0.912194,-0.351153,0.000000,0.000000,0.000000,-1,0.383316,-0.049576,0.196365,0.726285,1.416072,-0.254796,167.496948,147.379303,-772.218994,0,0
120.800000,0.602460,1.207473,1.118177,-0.116013,0.972618,-0.201385,-0.319598,0.155417,0.934721,0.940425,0.172802,0.292816,0.330058,0.494625,0.559779,0.577109,1.560347,-4.158218,0.309124,-0.299270,0.285002,0.313568,0.201385,-0.934721,-0.292816,0.000000,0.000000,0.000000,-1,-0.105362,-0.795898,0.216263,1.562893,-4.259433,0.313667,169.249008,144.236145,-771.885010,0,0
120.840000,0.527137,1.253874,1.053812,0.011627,0.987566,-0.156776,-0.270916,0.154033,0.950199,0.962533,0.031425,0.269338,0.383489,0.467191,0.525281,0.598957,1.984675,-1.053970,0.270227,-0.205451,-0.929714,-0.073267,0.156776,-0.950199,-0.269338,0.000000,0.000000,0.000000,-1,-0.316620,-1.687851,-0.326569,1.754122,-2.270718,0.150472,164.693649,144.585373,-769.546997,0,0
120.880000,0.485767,1.315582,1.009607,0.088154,0.989109,-0.117867,-0.213732,0.134353,0.967609,0.972907,-0.060107,0.223248,0.427362,0.453583,0.500185,0.601198,0.832531,-2.531759,0.381075,-0.118157,0.161884,0.472409,0.117867,-0.967609,-0.223248,0.000000,0.000000,0.000000,-1,0.089035,-0.807266,0.135193,0.925685,-2.799278,0.483231,163.116806,141.616837,-764.703857,0,0
120.920000,0.532841,1.367435,0.899861,0.145855,0.983972,-0.102593,-0.158185,0.125564,0.979393,0.976578,-0.126621,0.173964,0.459980,0.448816,0.475012,0.601120,1.731580,-1.045946,-0.030179,0.163596,0.003411,0.158934,0.102593,-0.979393,-0.173964,0.000000,0.000000,0.000000,-1,0.270493,-1.019379,-0.036713,1.734126,-1.147159,-0.025637,162.415970,142.664566,-762.365845,0,0
120.960000,0.686466,1.417444,0.687144,0.200629,0.974872,-0.096816,-0.096896,0.118087,0.988265,0.974864,-0.188894,0.118152,0.491017,0.447019,0.447056,0.599347,1.777457,-1.817903,-0.112298,0.026521,-0.170763,0.174641,0.096816,-0.988265,-0.118152,0.000000,0.000000,0.000000,-1,0.050827,-1.182846,0.075989,1.771633,-1.861828,-0.083457,161.014328,143.013794,-760.027832,0,0
121.000000,1.147249,1.459154,0.143934,0.276798,0.955546,-0.101566,-0.015980,0.110258,0.993774,0.960795,-0.273451,0.045789,0.529327,0.443754,0.405812,0.598508,2.131373,-1.998553,-0.390887,-0.161594,-0.138657,0.119871,0.101566,-0.993774,-0.045789,0.000000,0.000000,0.000000,-1,-0.071350,-1.125763,0.068878,2.126514,-2.119887,-0.372344,160.313507,141.966080,-755.685791,0,0
121.040000,1.827280,1.457153,-0.587810,0.321837,0.940420,-0.109690,0.062884,0.094366,0.993550,0.944704,-0.326659,-0.028767,0.560410,0.447576,0.372502,0.588947,1.248146,-0.214882,-0.117954,-0.217142,0.079640,0.021892,0.109690,-0.993550,0.028767,0.000000,0.000000,0.000000,-1,-0.135712,-0.860153,0.052338,1.250691,-0.316093,-0.113412,160.313507,140.219879,-752.011719,0,0
121.080000,2.034942,1.447493,-0.786957,0.312425,0.943555,-0.109979,0.087103,0.086832,0.992408,0.945940,-0.319633,-0.055058,0.565829,0.455375,0.369352,0.579698,0.467360,0.659135,0.159019,-0.232568,0.219108,-0.028202,0.109979,-0.992408,0.055058,0.000000,0.000000,0.000000,-1,-0.108978,-0.761169,0.002502,0.521601,0.437999,0.081626,161.189529,141.092972,-750.842712,0,0
121.120000,2.244522,1.449988,-0.961150,0.278814,0.955716,-0.094183,0.098804,0.069004,0.992711,0.955249,-0.286087,-0.075190,0.566789,0.465129,0.379800,0.564054,0.747250,1.655331,0.593945,-0.147238,0.192937,-0.111277,0.094183,-0.992711,0.075190,0.000000,0.000000,0.000000,-1,-0.004669,-0.874985,-0.038803,0.641138,1.392932,0.574883,159.612686,140.569122,-748.337646,0,0
121.160000,2.750547,1.402600,-1.368903,0.182757,0.981085,-0.063807,0.164004,0.033569,0.985888,0.969383,-0.190643,-0.154767,0.570954,0.501393,0.396518,0.515160,1.613566,1.667568,0.262035,0.055181,-0.022123,-0.245038,0.063807,-0.985888,0.154767,0.000000,0.000000,0.000000,-1,0.173111,-1.051010,-0.168930,1.616112,1.566360,0.266577,158.386230,140.045258,-750.174683,0,0
121.200000,2.894260,1.353901,-1.491864,0.161887,0.985402,-0.052685,0.214529,0.016968,0.976570,0.963208,-0.169397,-0.208650,0.581715,0.515687,0.391310,0.492495,0.537441,-0.882825,-0.114552,0.121128,-0.006035,-0.698564,0.052685,-0.976570,0.208650,0.000000,0.000000,0.000000,-1,0.109787,-0.996307,-0.499542,0.745809,-0.629776,-0.014952,159.262268,140.918365,-748.003662,0,0
121.240000,2.840192,1.346651,-1.474135,0.195920,0.978397,-0.065984,0.223035,0.023698,0.974522,0.952149,-0.219600,-0.212574,0.591152,0.506780,0.372411,0.504998,0.044995,-0.897751,-0.163306,-0.181650,-0.068767,-0.121723,0.071542,-0.974522,0.212574,0.000000,0.000000,0.000000,-1,-0.110107,-1.043289,0.090851,0.047540,-0.998957,-0.158764,159.612686,141.966080,-747.001648,0,0
121.280000,2.789564,1.343996,-1.462576,0.232621,0.969472,-0.077532,0.223545,0.024287,0.974391,0.946528,-0.243996,-0.211071,0.595694,0.500684,0.364699,0.511331,0.077582,-1.047977,0.051884,-0.213580,-0.135854,-0.113674,0.077532,-0.974391,0.211071,0.000000,0.000000,0.000000,-1,-0.126083,-1.141800,0.092316,0.080128,-1.149183,0.056425,159.612686,143.013794,-746.333618,0,0
121.320000,2.797010,1.307884,-1.533274,0.290658,0.952791,-0.087793,0.259711,0.009749,0.965637,0.920906,-0.303472,-0.244616,0.617561,0.490843,0.337259,0.513759,1.273770,-0.779763,0.026852,-0.093164,-0.201843,-0.189410,0.087793,-0.965637,0.244616,0.000000,0.000000,0.000000,-1,0.019989,-1.231964,0.000961,1.341933,-1.158776,0.008522,159.437469,142.140701,-744.162598,0,1
121.360000,2.823261,1.306066,-1.560046,0.291851,0.952952,-0.081891,0.261634,0.002813,0.965163,0.919984,-0.303110,-0.248504,0.619988,0.489761,0.337947,0.511410,-0.756432,0.778846,0.114527,-0.174985,-0.574678,-0.244979,0.081891,-0.965163,0.248504,0.000000,0.000000,0.000000,-1,-0.093094,-1.539841,0.003525,-0.753887,0.677642,0.119069,159.087067,142.140701,-742.826599,0,0
121.400000,2.839660,1.342309,-1.492645,0.214213,0.974462,-0.067355,0.225813,0.017684,0.974010,0.950327,-0.223856,-0.216258,0.594304,0.504908,0.371431,0.503895,-1.872510,4.008399,-0.479174,0.281141,-0.269566,-0.284267,0.067355,-0.974010,0.216258,0.000000,0.000000,0.000000,-1,0.465393,-1.092453,-0.205185,-1.869964,3.907196,-0.474632,159.087067,142.489944,-742.492554,0,0
121.440000,2.334599,1.447237,-0.828872,0.060965,0.994163,-0.089009,0.090852,0.083277,0.992376,0.993997,-0.068587,-0.085245,0.515493,0.526203,0.438894,0.514538,-3.766701,1.270835,-1.228837,0.370937,-0.091883,-0.677713,0.089009,-0.992376,0.085245,0.000000,0.000000,0.000000,-1,0.248947,-1.134369,-0.141388,-3.958607,1.745191,-1.313039,159.787888,142.140701,-748.170654,0,0
121.480000,1.408901,1.450163,0.051084,0.110951,0.986704,-0.118767,-0.006145,0.120184,0.992733,0.993807,-0.109415,0.019398,0.492790,0.497452,0.443921,0.559136,-2.533363,-3.218582,-0.791305,0.057624,-0.291371,0.055500,0.118767,-0.992733,-0.019398,0.000000,0.000000,0.000000,-1,0.176392,-1.284103,0.036102,-2.530560,-3.319686,-0.786826,163.467209,141.966080,-753.681763,0,0
121.520000,0.746523,1.361499,0.536450,0.291440,0.946126,-0.141096,-0.106190,0.178586,0.978177,0.950677,-0.270097,0.152516,0.489984,0.428553,0.413065,0.636895,-2.810235,-4.689251,-0.891179,0.275881,-0.630053,0.522954,0.141096,-0.978177,-0.152516,0.000000,0.000000,0.000000,-1,0.416977,-1.608231,0.370438,-2.807431,-4.790355,-0.886699,162.415970,140.918365,-756.019775,0,0
121.560000,0.776782,1.289483,0.576506,0.230818,0.953337,-0.194607,-0.151329,0.232747,0.960692,0.961157,-0.192295,0.197990,0.447236,0.448313,0.428493,0.644507,-0.670426,5.584747,-0.549473,0.134586,-0.239397,0.718177,0.194607,-0.960692,-0.197990,0.000000,0.000000,0.000000,-1,0.329193,-1.200089,0.520187,-0.397164,5.274591,-0.675741,162.415970,143.013794,-758.357788,0,0
121.600000,0.676723,1.211541,0.803927,0.118813,0.968198,-0.220172,-0.253166,0.243954,0.936159,0.960099,-0.055488,0.274100,0.387543,0.461259,0.477319,0.639700,-3.723780,1.423625,0.329470,-0.391971,0.079607,0.301779,0.220172,-0.936159,-0.274100,0.000000,0.000000,0.000000,-1,-0.171799,-0.856552,0.027679,-3.720976,1.322524,0.333949,167.321747,143.363037,-760.361816,0,0
121.640000,0.539867,1.138086,0.985601,0.084806,0.972804,-0.215546,-0.349557,0.231624,0.907833,0.933069,-0.001644,0.359694,0.351244,0.443600,0.510702,0.647326,-1.759677,1.113911,0.219867,-0.178544,0.467067,0.484145,0.215546,-0.907833,-0.359694,0.000000,0.000000,0.000000,-1,0.037003,-0.440765,0.124451,-1.756874,1.012810,0.224346,165.920090,145.807724,-766.373901,0,0
121.680000,0.521710,1.102265,1.046458,0.049121,0.973108,-0.225049,-0.390910,0.226077,0.892232,0.919117,0.044147,0.391502,0.328459,0.443129,0.528277,0.645504,-1.347374,1.171067,0.152305,-0.076871,0.545446,0.544197,0.225049,-0.892232,-0.391502,0.000000,0.000000,0.000000,-1,0.149551,-0.308456,0.153183,-1.344570,1.069967,0.156784,167.672150,144.759995,-769.379944,0,0
121.720000,0.505300,1.067420,1.113445,0.005942,0.972337,-0.233508,-0.432809,0.213008,0.875959,0.901466,0.095859,0.422101,0.304480,0.442991,0.548441,0.640518,-0.094190,0.048547,0.302053,-0.069110,0.671339,0.358610,0.233509,-0.875959,-0.422101,0.000000,0.000000,0.000000,-1,0.164398,-0.204620,-0.063492,-0.091386,-0.052552,0.306531,168.723389,147.553925,-771.383972,0,0
121.760000,0.474644,1.085137,1.133457,0.010577,0.976922,-0.213334,-0.422858,0.197701,0.884367,0.906134,0.080856,0.415191,0.315312,0.439299,0.549298,0.637077,0.695858,-0.655796,0.758177,-0.034104,0.617750,0.230040,0.213334,-0.884367,-0.415191,0.000000,0.000000,0.000000,-1,0.179230,-0.266617,-0.185150,0.698662,-0.756894,0.762656,168.723389,146.506195,-772.052002,0,0
121.800000,0.428539,1.155845,1.153090,0.021400,0.985636,-0.167524,-0.368484,0.163542,0.915136,0.929388,0.042146,0.366690,0.350417,0.440299,0.543541,0.622823,1.724458,-0.525211,0.866450,0.046465,0.516409,0.002631,0.167524,-0.915136,-0.366690,0.000000,0.000000,0.000000,-1,0.247269,-0.507797,-0.443710,1.683631,-0.682499,0.871664,166.971329,147.903152,-770.381958,0,1
121.840000,0.425556,1.211911,1.155464,0.013842,0.989335,-0.144998,-0.321370,0.141719,0.936289,0.946853,0.033638,0.319904,0.371557,0.449437,0.539524,0.607344,0.901838,0.392321,0.469291,0.280372,-0.490423,-0.759686,0.144998,-0.936289,-0.319904,0.000000,0.000000,0.000000,-1,0.425369,-1.426712,-1.079590,0.904641,0.291225,0.473770,165.920090,148.601639,-768.043945,0,0
121.880000,0.408697,1.210424,1.151921,0.033499,0.989565,-0.140137,-0.322137,0.143423,0.935766,0.946100,0.013796,0.323581,0.376329,0.443380,0.535411,0.612475,-0.620652,-0.388003,-0.225224,0.560134,-1.250636,-0.855771,0.140137,-0.935766,-0.323581,0.000000,0.000000,0.000000,-1,0.664734,-1.566025,-0.994659,-0.617849,-0.489099,-0.220746,164.518448,145.807724,-765.371887,0,0
121.920000,0.400306,1.175831,1.200428,-0.001965,0.988692,-0.149947,-0.358686,0.139273,0.923010,0.933456,0.055598,0.354356,0.355108,0.443532,0.551600,0.610669,-0.730800,1.224039,0.122932,0.186936,0.284689,-0.512999,0.149947,-0.923010,-0.354356,0.000000,0.000000,0.000000,-1,0.334152,-0.652893,-0.590668,-0.787416,1.001103,0.183929,166.620926,146.506195,-766.039917,0,0
121.960000,0.462000,1.162224,1.201613,-0.058467,0.982456,-0.177092,-0.370530,0.143367,0.917689,0.926978,0.119272,0.355647,0.332610,0.459942,0.563637,0.600114,0.262497,0.734503,0.300344,0.283693,-0.174886,0.088558,0.177092,-0.917689,-0.355647,0.000000,0.000000,0.000000,-1,0.460785,-1.092575,-0.267090,0.265301,0.633409,0.304823,166.971329,147.553925,-768.377930,0,0
122.000000,0.457717,1.181616,1.177397,-0.033752,0.985265,-0.167671,-0.350446,0.145447,0.925220,0.935975,0.089988,0.340373,0.346564,0.457937,0.554229,0.602509,1.287487,-3.107961,-0.587135,-0.032356,-0.242550,-0.033284,0.167671,-0.925220,-0.340373,0.000000,0.000000,0.000000,-1,0.074661,-1.222229,0.068634,1.290290,-3.209054,-0.582656,165.744888,145.283859,-766.874939,0,0
122.040000,0.384705,1.215976,1.055528,0.150534,0.979969,-0.130383,-0.302313,0.171199,0.937709,0.941247,-0.101741,0.322029,0.405372,0.417922,0.500074,0.641046,0.937934,-2.610363,-0.344064,0.217716,0.087367,1.002937,0.130383,-0.937709,-0.322029,0.000000,0.000000,0.000000,-1,0.348099,-0.850342,0.680908,0.842198,-3.391135,-0.393936,165.744888,145.283859,-766.874939,0,0
122.080000,0.510561,1.288123,0.940912,0.134712,0.981466,-0.136301,-0.225397,0.164301,0.960313,0.964909,-0.098644,0.243353,0.426339,0.443350,0.485886,0.620960,2.178114,0.836189,0.218139,-0.162897,0.007417,0.629355,0.136301,-0.960313,-0.243353,0.000000,0.000000,0.000000,-1,-0.026596,-0.952896,0.386002,2.180917,0.735097,0.222618,163.992828,144.934616,-760.528809,0,0
122.120000,0.576772,1.345076,0.841248,0.162495,0.979132,-0.122047,-0.166844,0.149176,0.974633,0.972501,-0.138011,0.187602,0.454345,0.446956,0.467956,0.612224,1.784138,-2.559720,0.188877,-0.216911,-0.080573,0.275295,0.122047,-0.974633,-0.187602,0.000000,0.000000,0.000000,-1,-0.171356,-1.239120,-0.164124,1.786941,-2.660811,0.193356,163.817627,141.966080,-757.689819,0,0
122.160000,0.646311,1.405715,0.639092,0.286419,0.952979,-0.098968,-0.098019,0.131899,0.986405,0.953077,-0.272824,0.131188,0.505799,0.422579,0.422158,0.622396,1.723497,-1.634033,0.271529,-0.258270,-0.191207,0.023431,0.098968,-0.986405,-0.131188,0.000000,0.000000,0.000000,-1,-0.159302,-1.177612,-0.107758,1.658618,-2.071389,0.158071,163.817627,141.966080,-757.689819,0,0
122.200000,0.849385,1.465423,0.392191,0.324897,0.942446,-0.078976,-0.040201,0.097193,0.994453,0.944895,-0.319920,0.069465,0.538108,0.419175,0.402298,0.610646,1.941297,-1.138700,0.412622,-0.103985,0.127129,0.129172,0.078976,-0.994453,-0.069465,0.000000,0.000000,0.000000,-1,-0.025009,-0.867325,0.059708,1.944100,-1.239789,0.417101,160.839127,142.839172,-750.842712,0,0
122.240000,1.505314,1.499734,-0.298272,0.355045,0.932160,-0.070850,0.020865,0.067867,0.997476,0.934616,-0.355628,0.004646,0.566245,0.420766,0.381357,0.597402,1.402594,-0.346209,0.054383,-0.020023,0.236764,0.102226,0.070850,-0.997476,-0.004646,0.000000,0.000000,0.000000,-1,0.092972,-0.789276,0.063690,1.405398,-0.447298,0.058861,161.364746,143.013794,-748.671631,0,0
122.280000,1.960970,1.494348,-0.741354,0.342182,0.936975,-0.070634,0.051575,0.056330,0.997079,0.938217,-0.344826,-0.029049,0.573346,0.431044,0.378298,0.585120,0.916493,1.068002,-0.013656,0.070433,0.121011,-0.141262,0.070634,-0.997079,0.029049,0.000000,0.000000,0.000000,-1,0.143402,-0.902939,-0.174377,0.919296,0.966914,-0.009178,161.364746,143.013794,-748.671631,0,0
122.320000,2.485113,1.458388,-1.207135,0.285052,0.956064,-0.068462,0.104836,0.039899,0.993689,0.952762,-0.290430,-0.088856,0.577497,0.459267,0.382816,0.555899,1.026219,-0.222215,0.026060,-0.011257,0.028555,-0.353688,0.068462,-0.993689,0.088856,0.000000,0.000000,0.000000,-1,0.057205,-0.965134,-0.264832,1.029022,-0.323302,0.030538,160.313507,142.315323,-745.331604,0,0
122.360000,2.574907,1.441815,-1.313171,0.299852,0.951483,-0.069050,0.124379,0.032771,0.991693,0.945843,-0.305950,-0.108518,0.586430,0.458649,0.373784,0.553197,1.050164,-1.032170,0.057108,-0.069844,0.108118,-0.103620,0.069050,-0.991693,0.108518,0.000000,0.000000,0.000000,-1,-0.018692,-0.871628,0.108383,1.052967,-1.133256,0.061587,160.313507,142.315323,-745.331604,0,0
122.400000,2.764417,1.376375,-1.540209,0.332755,0.940325,-0.071154,0.193108,0.005909,0.981160,0.923029,-0.340226,-0.179619,0.613691,0.461728,0.347030,0.538295,1.573880,-0.052576,0.024577,-0.120196,0.017689,0.012795,0.071154,-0.981160,0.179619,0.000000,0.000000,0.000000,-1,-0.041443,-0.982330,0.150726,1.580813,-0.226842,0.011257,160.488708,143.188416,-744.162598,0,0
122.440000,2.872731,1.320867,-1.656876,0.339313,0.938376,-0.065701,0.246420,-0.021264,0.968930,0.907824,-0.344960,-0.238450,0.632263,0.468474,0.332980,0.519519,0.970856,-0.561412,0.075005,0.021747,0.001706,-0.620606,0.065701,-0.968930,0.238450,0.000000,0.000000,0.000000,-1,0.087448,-0.967224,-0.382156,0.973659,-0.662497,0.079483,162.240768,143.188416,-739.486511,0,0
122.480000,2.840917,1.305987,-1.665112,0.374522,0.923972,-0.077514,0.260562,-0.024648,0.965143,0.889854,-0.381665,-0.249983,0.642097,0.461198,0.316284,0.524378,0.240866,-1.770373,-0.073126,-0.175140,-0.030066,-0.246931,0.077514,-0.965142,0.249983,0.000000,0.000000,0.000000,-1,-0.136719,-0.979874,0.079330,0.243894,-1.871373,-0.068703,161.539948,142.140701,-738.484497,0,0
122.520000,2.797654,1.307038,-1.698601,0.442874,0.892264,-0.087911,0.258584,-0.033229,0.965417,0.858485,-0.450290,-0.245442,0.656038,0.438560,0.293647,0.539491,0.057853,-1.305356,0.358662,-0.240041,-0.124335,-0.087727,0.087911,-0.965417,0.245442,0.000000,0.000000,0.000000,-1,-0.140869,-1.177597,0.184723,0.017219,-1.502833,0.364002,161.539948,142.140701,-738.484497,0,0
122.560000,2.812894,1.298416,-1.758775,0.482302,0.871689,-0.086844,0.264285,-0.050274,0.963133,0.835187,-0.487473,-0.254622,0.668431,0.424866,0.279888,0.542542,0.265475,-0.400090,0.253362,0.014795,-0.286180,-0.323515,0.086844,-0.963133,0.254622,0.000000,0.000000,0.000000,-1,0.101639,-1.249313,-0.068893,0.268503,-0.501088,0.257785,161.539948,143.188416,-736.480469,0,0
122.600000,2.806564,1.306870,-1.756464,0.486295,0.869575,-0.085774,0.256389,-0.048158,0.965373,0.835333,-0.491447,-0.246369,0.667237,0.421876,0.280844,0.545841,-0.638936,0.081858,-0.034558,-0.007084,-0.493977,-0.327164,0.085774,-0.965373,0.246369,0.000000,0.000000,0.000000,-1,0.030792,-1.449692,-0.041946,-0.635908,-0.019140,-0.030135,161.189529,142.839172,-736.480469,0,1
122.640000,2.728113,1.363065,-1.607198,0.426226,0.900813,-0.082867,0.206104,-0.007506,0.978501,0.880825,-0.434142,-0.188860,0.636905,0.434490,0.313217,0.554495,-2.307128,2.509999,-0.550479,0.014744,-0.150084,-0.165270,0.082867,-0.978501,0.188860,0.000000,0.000000,0.000000,-1,0.123215,-1.033752,0.017838,-2.090310,2.161030,-0.470705,161.189529,143.537659,-738.484497,0,0
122.680000,2.143425,1.452818,-0.903700,0.320466,0.942080,-0.098928,0.092471,0.072825,0.993049,0.942736,-0.327387,-0.063778,0.572586,0.451701,0.368419,0.576523,-3.392143,1.241704,-0.725329,-0.009451,0.026877,-0.190959,0.098928,-0.993049,0.063777,0.000000,0.000000,0.000000,-1,0.089478,-0.966171,-0.127182,-3.389112,1.140709,-0.720905,161.539948,141.442215,-744.496582,0,0
122.720000,1.252346,1.454485,-0.019832,0.331740,0.936911,-0.110215,0.002301,0.116027,0.993243,0.943368,-0.329752,0.036335,0.542996,0.432421,0.383591,0.609118,-2.929417,-1.444360,-0.388548,-0.061143,-0.134854,0.008319,0.110215,-0.993243,-0.036335,0.000000,0.000000,0.000000,-1,0.094437,-1.291382,-0.025970,-2.926372,-1.545354,-0.384131,161.539948,141.442215,-744.496582,0,0
122.760000,0.643204,1.369792,0.493535,0.426276,0.896633,-0.119745,-0.094584,0.175828,0.979867,0.899635,-0.406368,0.159758,0.522180,0.383990,0.373381,0.663676,-2.177173,-1.856839,-0.433271,0.055716,-0.505012,0.230941,0.119745,-0.979867,-0.159759,0.000000,0.000000,0.000000,-1,0.196671,-1.443329,0.203354,-2.279841,-2.327916,-0.474950,162.766388,141.616837,-751.009705,0,0
122.800000,0.543338,1.320469,0.601946,0.421912,0.897545,-0.128071,-0.140271,0.204180,0.968831,0.895720,-0.390797,0.212046,0.501419,0.377565,0.382738,0.677890,-0.642788,1.908201,-0.298044,0.185680,-0.367015,0.749186,0.128071,-0.968831,-0.212046,0.000000,0.000000,0.000000,-1,0.313751,-1.335846,0.537140,-0.639743,1.807209,-0.293627,163.642410,141.092972,-754.182739,0,0
122.840000,0.637294,1.305837,0.631718,0.309486,0.938051,-0.155819,-0.154643,0.211333,0.965103,0.938245,-0.274590,0.210467,0.471085,0.415746,0.415225,0.657892,-1.808612,3.027828,0.450100,-0.194530,-0.333359,0.344211,0.155819,-0.965103,-0.210467,0.000000,0.000000,0.000000,-1,-0.038712,-1.298462,0.133743,-1.805567,2.926837,0.454517,165.044067,140.743744,-755.518738,0,0
122.880000,0.420705,1.224703,0.952541,0.216001,0.966514,-0.138541,-0.276431,0.196620,0.940705,0.936445,-0.164896,0.309645,0.421229,0.409565,0.473557,0.656176,-2.525963,1.237787,0.895828,-0.327857,0.098649,0.295119,0.138541,-0.940705,-0.309645,0.000000,0.000000,0.000000,-1,-0.189316,-0.842056,-0.014526,-2.599172,1.216405,0.962421,165.219269,142.664566,-760.695801,0,0
122.920000,0.356430,1.161743,1.094506,0.145157,0.979627,-0.138784,-0.353473,0.182358,0.917498,0.924114,-0.084125,0.372743,0.384075,0.407572,0.511182,0.651970,-1.126734,1.606893,0.276675,-0.009847,0.439547,0.315675,0.138784,-0.917498,-0.372743,0.000000,0.000000,0.000000,-1,0.128937,-0.477951,-0.057068,-1.123690,1.505904,0.281092,165.744888,143.537659,-765.204895,0,0
122.960000,0.365851,1.139245,1.129231,0.105295,0.983118,-0.149637,-0.378161,0.178754,0.908318,0.919732,-0.039054,0.390599,0.366040,0.413177,0.525963,0.647041,-0.781870,1.120144,0.198483,0.136831,0.538902,0.439686,0.149637,-0.908318,-0.390599,0.000000,0.000000,0.000000,-1,0.350601,-0.367096,0.048630,-0.778825,1.019155,0.202900,167.847366,143.886902,-767.208923,0,0
123.000000,0.356205,1.129261,1.164547,0.080745,0.985532,-0.149018,-0.392548,0.168866,0.904096,0.916180,-0.014504,0.400504,0.357552,0.414614,0.536398,0.642284,-0.086752,0.171477,0.339769,0.233489,0.576750,0.312232,0.149018,-0.904096,-0.400504,0.000000,0.000000,0.000000,-1,0.367889,-0.332001,-0.079544,-0.201660,0.234794,0.326661,165.569687,145.458481,-768.043945,0,0
123.040000,0.315523,1.165404,1.197008,0.081648,0.989119,-0.122381,-0.367148,0.144006,0.918948,0.926572,-0.030098,0.374910,0.375077,0.414562,0.536017,0.632567,1.022342,-0.133673,0.455504,0.117640,0.562670,0.282076,0.122381,-0.918948,-0.374910,0.000000,0.000000,0.000000,-1,0.240021,-0.356277,-0.092834,1.025386,-0.234659,0.459920,166.971329,146.506195,-766.707886,0,0
123.080000,0.318919,1.204504,1.194051,0.077135,0.990676,-0.112296,-0.333037,0.131764,0.933662,0.939753,-0.034619,0.340096,0.388997,0.422650,0.531789,0.622293,1.394173,0.208564,0.310514,0.129937,0.475578,0.123436,0.112296,-0.933662,-0.340096,0.000000,0.000000,0.000000,-1,0.226578,-0.508850,-0.251144,1.397218,0.107578,0.314931,166.796127,145.633102,-765.204895,0,1
123.120000,0.376674,1.252316,1.159901,0.051173,0.992026,-0.115176,-0.287060,0.125071,0.949712,0.956545,-0.015537,0.291171,0.398413,0.442359,0.527951,0.605685,1.177034,1.177193,0.044734,0.118009,0.019827,-0.228497,0.115176,-0.949712,-0.291171,0.000000,0.000000,0.000000,-1,0.235245,-1.203964,-0.659134,1.334252,0.911934,0.086486,166.095306,143.537659,-765.204895,0,0
123.160000,0.392869,1.235485,1.184200,0.013475,0.991941,-0.125979,-0.304777,0.124069,0.944308,0.952328,0.025671,0.303993,0.382561,0.449055,0.540011,0.600320,-1.780777,0.200545,-0.051222,0.051283,-1.391416,-1.230400,0.125979,-0.944308,-0.303993,0.000000,0.000000,0.000000,-1,0.177261,-2.335724,-1.534393,-1.777732,0.099560,-0.046806,165.744888,142.140701,-763.534851,0,0
123.200000,0.365687,1.189730,1.234436,-0.005109,0.991104,-0.132992,-0.351070,0.122751,0.928268,0.936335,0.051432,0.347319,0.362223,0.441741,0.554454,0.605178,-0.296448,0.569887,0.191362,0.033527,0.223419,-0.709321,0.132992,-0.928268,-0.347319,0.000000,0.000000,0.000000,-1,0.238373,-0.596786,-0.724152,-0.293404,0.468903,0.195778,167.146530,145.982346,-766.874939,0,0
123.240000,0.420492,1.183074,1.225632,-0.046743,0.986912,-0.154336,-0.355781,0.127924,0.925773,0.933400,0.098183,0.345145,0.346478,0.455391,0.562131,0.597145,-0.271685,1.357714,-0.453889,0.364447,-0.350655,0.003623,0.154336,-0.925773,-0.345145,0.000000,0.000000,0.000000,-1,0.671616,-1.621780,-0.296860,-0.217189,1.396805,-0.366638,170.125046,144.759995,-766.707886,0,0
123.280000,0.431416,1.165381,1.232164,-0.060680,0.984438,-0.164922,-0.372002,0.131019,0.918939,0.926246,0.117112,0.358263,0.335425,0.456463,0.567434,0.597621,0.146098,-0.563235,-0.355153,0.128459,0.041223,0.186205,0.164922,-0.918939,-0.358263,0.000000,0.000000,0.000000,-1,0.293381,-0.877716,-0.172058,0.149143,-0.664217,-0.350737,168.197769,144.934616,-768.210938,0,0
123.320000,0.422104,1.183051,1.181346,-0.004513,0.987920,-0.154901,-0.349789,0.143558,0.925764,0.936818,0.058361,0.344916,0.356024,0.448094,0.549061,0.609090,0.968668,-2.907185,-0.245142,-0.000498,0.347685,0.617331,0.154901,-0.925764,-0.344916,0.000000,0.000000,0.000000,-1,0.189575,-0.581909,0.335220,0.971712,-3.008166,-0.240725,168.898590,144.236145,-768.210938,0,0
123.360000,0.394621,1.229937,1.061539,0.133697,0.982653,-0.128523,-0.291877,0.162980,0.942468,0.947065,-0.088492,0.308604,0.406852,0.424464,0.502973,0.633498,2.202161,-1.725311,-0.433203,0.152391,0.004861,0.752879,0.128523,-0.942468,-0.308604,0.000000,0.000000,0.000000,-1,0.240143,-1.082809,0.451126,1.814492,-2.533452,-0.423415,167.146530,144.934616,-765.872925,0,0
123.400000,0.577611,1.332748,0.847049,0.157156,0.979145,-0.128756,-0.176696,0.156150,0.971800,0.971638,-0.129973,0.197551,0.448178,0.447617,0.470172,0.614585,2.226241,-0.483060,0.061936,-0.120562,-0.090334,0.705119,0.128756,-0.971800,-0.197551,0.000000,0.000000,0.000000,-1,0.008194,-1.062134,0.507568,2.229283,-0.584040,0.066353,168.022568,143.013794,-760.695801,0,0
123.440000,0.665204,1.373061,0.713523,0.198763,0.972518,-0.121252,-0.128576,0.148527,0.980514,0.971577,-0.179299,0.154564,0.473200,0.445870,0.449242,0.612751,1.245285,-1.851036,-0.128503,-0.515280,-0.372483,-0.191291,0.121252,-0.980514,-0.154564,0.000000,0.000000,0.000000,-1,-0.376923,-1.391373,-0.317657,1.248327,-1.952015,-0.124086,168.022568,141.616837,-757.355774,0,0
123.480000,0.831581,1.423470,0.477646,0.262277,0.958876,-0.108480,-0.067480,0.130365,0.989167,0.962630,-0.252116,0.098896,0.508187,0.438518,0.420195,0.610643,1.940250,-1.154606,0.484033,-0.264059,-0.187530,-0.035335,0.108480,-0.989167,-0.098896,0.000000,0.000000,0.000000,-1,-0.073807,-1.088440,-0.049454,1.835664,-1.319279,0.435674,167.496948,141.791458,-756.186768,0,0
123.520000,1.365887,1.474442,-0.094672,0.294691,0.950939,-0.094192,0.009094,0.095774,0.995362,0.955549,-0.294181,0.019576,0.542987,0.442014,0.396582,0.593726,1.596798,-0.469305,0.099704,-0.129638,0.278000,0.219893,0.094192,-0.995362,-0.019576,0.000000,0.000000,0.000000,-1,-0.035446,-0.717361,0.200317,1.600034,-0.570211,0.104074,166.270508,141.267593,-752.679688,0,0
123.560000,1.786463,1.477424,-0.513919,0.291759,0.952146,-0.091077,0.045835,0.081193,0.995644,0.955393,-0.294662,-0.019953,0.554644,0.449830,0.389582,0.581592,1.119248,0.565485,0.121572,-0.068112,0.164132,0.150564,0.091077,-0.995644,0.019953,0.000000,0.000000,0.000000,-1,0.052887,-0.865891,0.129272,1.122484,0.464580,0.125942,164.868866,140.569122,-750.675659,0,0
123.600000,2.287259,1.464003,-0.950974,0.228871,0.970132,-0.080384,0.086763,0.061918,0.994303,0.969583,-0.234541,-0.070000,0.556092,0.475144,0.399753,0.552446,1.047059,2.046611,0.129512,0.019302,0.053492,-0.091683,0.080384,-0.994303,0.070001,0.000000,0.000000,0.000000,-1,0.126465,-0.951340,-0.059418,1.015202,1.841834,0.152820,166.796127,142.140701,-750.842712,0,0
123.640000,2.660002,1.425198,-1.241112,0.146686,0.986898,-0.067202,0.137271,0.046970,0.989419,0.979612,-0.154359,-0.128583,0.554143,0.507165,0.411631,0.516012,1.224015,1.313994,0.121294,0.011030,0.097604,-0.235989,0.067202,-0.989419,0.128583,0.000000,0.000000,0.000000,-1,0.078232,-0.891815,-0.107407,1.227251,1.213091,0.125664,165.044067,141.092972,-747.836670,0,0
123.680000,2.779629,1.394483,-1.356903,0.142166,0.987892,-0.062112,0.171404,0.037232,0.984497,0.974889,-0.150608,-0.164036,0.563243,0.514563,0.405144,0.503826,1.174812,-0.642039,0.160449,-0.101342,0.130402,-0.183979,0.062112,-0.984497,0.164036,0.000000,0.000000,0.000000,-1,-0.067657,-0.849686,0.027664,1.178047,-0.742941,0.164818,164.518448,141.616837,-747.001648,0,0
123.720000,2.839297,1.343729,-1.487849,0.209978,0.975406,-0.067021,0.224347,0.018652,0.974331,0.951619,-0.219624,-0.214913,0.592925,0.505862,0.372980,0.503417,1.288697,-1.981047,0.185447,-0.086141,0.035427,-0.184838,0.067021,-0.974331,0.214913,0.000000,0.000000,0.000000,-1,0.019455,-0.990021,-0.008698,1.283507,-2.056480,0.205750,164.868866,141.966080,-744.329590,0,0
123.760000,2.851389,1.300315,-1.564233,0.269449,0.959975,-0.076457,0.267189,0.001754,0.963642,0.925207,-0.280081,-0.256023,0.617195,0.497073,0.343793,0.503781,0.431904,-0.946564,0.007263,0.060902,-0.086620,-0.422115,0.076457,-0.963642,0.256023,0.000000,0.000000,0.000000,-1,0.137360,-1.050262,-0.166092,0.435139,-1.047464,0.011632,165.394470,141.791458,-742.158569,0,0
123.800000,2.823906,1.302146,-1.554375,0.285526,0.954778,-0.082913,0.265395,0.004359,0.964130,0.920891,-0.297289,-0.252149,0.619136,0.492692,0.338366,0.509347,-0.307857,-0.484382,-0.031346,-0.129910,-0.034604,-0.284787,0.082913,-0.964130,0.252149,0.000000,0.000000,0.000000,-1,-0.131165,-1.041351,0.017532,-0.304621,-0.585282,-0.026976,165.744888,142.839172,-740.154541,0,0
123.840000,2.802761,1.309758,-1.566625,0.317188,0.944475,-0.085783,0.258081,0.001077,0.966123,0.912571,-0.328582,-0.243410,0.624404,0.481482,0.331031,0.518376,0.132671,-1.062924,0.186599,-0.202177,-0.330508,-0.166231,0.085783,-0.966123,0.243410,0.000000,0.000000,0.000000,-1,-0.040802,-1.347702,0.035156,0.006179,-1.218947,0.196902,166.796127,143.188416,-741.490540,0,0
123.880000,2.817034,1.318141,-1.615099,0.350439,0.933187,-0.079715,0.249731,-0.011071,0.968252,0.902678,-0.359221,-0.236925,0.632146,0.467818,0.325464,0.524986,-0.539305,0.062008,0.226159,-0.045413,-0.485544,-0.288103,0.079715,-0.968252,0.236925,0.000000,0.000000,0.000000,-1,0.034302,-1.453796,-0.051178,-0.536069,-0.038890,0.230529,167.672150,141.966080,-740.655518,0,1
123.920000,2.799922,1.348809,-1.566633,0.322914,0.943549,-0.073770,0.220167,0.000917,0.975462,0.920463,-0.331232,-0.207442,0.618353,0.470490,0.342318,0.528296,-1.553525,1.388562,-0.315400,-0.070627,-0.240481,-0.169021,0.073770,-0.975462,0.207442,0.000000,0.000000,0.000000,-1,0.063675,-1.069504,0.086411,-1.550289,1.287664,-0.311031,166.270508,141.616837,-740.989563,0,0
123.960000,2.411571,1.427376,-1.088087,0.238734,0.966396,-0.095317,0.126598,0.066345,0.989733,0.962798,-0.248350,-0.106505,0.565441,0.483248,0.383541,0.547397,-3.123580,1.753023,-1.170924,0.223744,0.253298,0.022905,0.095317,-0.989733,0.106505,0.000000,0.000000,0.000000,-1,0.331253,-0.777161,0.012558,-2.972286,1.916151,-1.147041,167.847366,140.743744,-743.494568,0,0
124.000000,1.257103,1.439521,0.063387,0.248219,0.960669,-0.124511,-0.008292,0.130636,0.991396,0.968668,-0.245051,0.040392,0.518939,0.458810,0.406675,0.595661,-3.097382,-1.755984,-0.269300,0.007752,-0.308012,0.092974,0.124511,-0.991396,-0.040392,0.000000,0.000000,0.000000,-1,0.132263,-1.299408,0.052582,-3.094147,-1.856880,-0.264930,168.548187,141.092972,-750.174683,0,0
124.040000,0.741411,1.386925,0.509814,0.319716,0.939434,-0.123475,-0.089227,0.159587,0.983143,0.943303,-0.303309,0.134846,0.506281,0.419829,0.404828,0.635246,-2.650534,-2.810862,-0.252444,0.124480,-0.395229,0.148350,0.123475,-0.983143,-0.134846,0.000000,0.000000,0.000000,-1,0.320190,-1.398071,0.058640,-2.647299,-2.911758,-0.248075,169.249008,141.092972,-753.848755,0,0
124.080000,0.544838,1.315670,0.673059,0.356078,0.925257,-0.130797,-0.157321,0.197331,0.967631,0.921118,-0.323975,0.215828,0.485520,0.395419,0.406946,0.665063,-0.932176,1.626165,-0.243542,0.226671,-0.399754,0.541710,0.130797,-0.967631,-0.215828,0.000000,0.000000,0.000000,-1,0.380096,-1.215210,0.346954,-1.128104,0.933711,-0.210906,170.300247,140.743744,-755.184753,0,0
124.120000,0.681436,1.287279,0.661743,0.241110,0.954367,-0.176207,-0.171895,0.220688,0.960078,0.955154,-0.201195,0.217261,0.448096,0.436554,0.434587,0.647893,-0.564038,3.288605,-0.227446,0.192385,-0.088262,0.684302,0.176207,-0.960078,-0.217261,0.000000,0.000000,0.000000,-1,0.368591,-1.048340,0.467041,-0.560802,3.187712,-0.223076,171.877106,141.267593,-758.357788,0,0
124.160000,0.640622,1.242324,0.800467,0.152277,0.969347,-0.192815,-0.231522,0.224648,0.946536,0.960838,-0.099495,0.258634,0.408961,0.451037,0.469497,0.639445,-2.855346,2.799687,0.396761,-0.219182,-0.204175,0.563337,0.192815,-0.946536,-0.258634,0.000000,0.000000,0.000000,-1,-0.105652,-1.094284,0.189529,-2.852110,2.698794,0.401131,172.227509,143.013794,-759.693848,0,0
124.200000,0.491225,1.153499,1.018121,0.095863,0.976863,-0.191179,-0.344953,0.212764,0.914188,0.933712,-0.021690,0.357368,0.362537,0.435756,0.512040,0.645367,-1.991720,0.689384,0.067014,-0.310228,0.209979,0.264945,0.191179,-0.914188,-0.357368,0.000000,0.000000,0.000000,-1,-0.035492,-0.608002,-0.090622,-2.208108,0.558993,0.198392,174.329987,142.315323,-765.705933,0,0
124.240000,0.483881,1.111846,1.059644,0.069256,0.976078,-0.206095,-0.386382,0.216711,0.896518,0.919735,0.017542,0.392148,0.339263,0.434542,0.525876,0.647710,-0.587330,0.421228,0.103804,0.089025,0.297153,0.338727,0.206095,-0.896518,-0.392148,0.000000,0.000000,0.000000,-1,0.356201,-0.598862,0.002457,-0.584095,0.320337,0.108173,174.329987,145.109238,-767.041931,0,0
124.280000,0.449912,1.102233,1.098191,0.064426,0.978406,-0.196397,-0.402102,0.205574,0.892218,0.913325,0.021490,0.406664,0.336225,0.428510,0.533072,0.647430,-0.455605,-0.435836,0.533834,0.175048,0.372153,0.342989,0.196397,-0.892218,-0.406664,0.000000,0.000000,0.000000,-1,0.348007,-0.463486,-0.191620,-0.452370,-0.536726,0.538204,175.381226,145.109238,-768.377930,0,0
124.320000,0.347618,1.120361,1.155545,0.098673,0.984006,-0.148309,-0.398359,0.175632,0.900258,0.911907,-0.029751,0.409318,0.358372,0.408547,0.532685,0.648772,0.726017,-1.123510,0.789844,0.175346,0.523549,0.205231,0.148309,-0.900258,-0.409318,0.000000,0.000000,0.000000,-1,0.298721,-0.353683,-0.152710,0.579146,-1.314571,0.760108,175.906830,144.934616,-769.546997,0,0
124.360000,0.293515,1.183296,1.178394,0.118547,0.986911,-0.109326,-0.349154,0.144503,0.925856,0.929536,-0.071586,0.361715,0.391257,0.407505,0.524086,0.637331,1.627778,-0.583305,0.445586,0.056705,0.538543,0.208257,0.109326,-0.925856,-0.361715,0.000000,0.000000,0.000000,-1,0.159439,-0.405380,-0.178421,1.631014,-0.684194,0.449955,172.753128,144.934616,-767.876953,0,1
124.400000,0.299748,1.237980,1.157280,0.128361,0.987024,-0.096470,-0.299170,0.131281,0.945126,0.945527,-0.092456,0.312139,0.413806,0.415566,0.512956,0.626853,1.858791,-0.255042,0.175629,0.025158,0.253872,0.102712,0.096470,-0.945126,-0.312139,0.000000,0.000000,0.000000,-1,0.121628,-0.691254,-0.209427,1.862026,-0.355930,0.179998,172.577927,144.410767,-763.033875,0,0
124.440000,0.343993,1.274911,1.122803,0.117022,0.988249,-0.098338,-0.262813,0.126303,0.956544,0.957724,-0.086092,0.274505,0.423147,0.428596,0.507735,0.616001,0.508619,0.894936,-0.043378,-0.060587,-0.495970,-0.236070,0.098338,-0.956544,-0.274505,0.000000,0.000000,0.000000,-1,-0.015945,-1.877472,-0.807327,0.511854,0.794048,-0.039009,172.577927,144.410767,-763.033875,0,0
124.480000,0.336347,1.184557,1.167087,0.089671,0.988181,-0.124329,-0.346424,0.147983,0.926332,0.933782,-0.039994,0.355600,0.382782,0.419140,0.528665,0.631121,-2.221331,0.663101,-0.484533,0.091324,-0.133101,-1.194342,0.124329,-0.926332,-0.355600,0.000000,0.000000,0.000000,-1,0.215652,-1.059433,-1.549942,-2.218095,0.562214,-0.480164,172.052307,142.489944,-763.200867,0,0
124.520000,0.347237,1.170235,1.182524,0.065956,0.988960,-0.132695,-0.360910,0.147625,0.920842,0.930265,-0.012844,0.366662,0.371372,0.422791,0.536908,0.628539,0.357852,1.126925,0.574232,0.361384,0.520131,-0.399436,0.132695,-0.920842,-0.366662,0.000000,0.000000,0.000000,-1,0.502548,-0.436218,-0.423172,0.361254,1.026100,0.578559,173.103546,144.934616,-767.876953,0,0
124.560000,0.402477,1.157942,1.218375,-0.019147,0.987388,-0.157159,-0.376566,0.138491,0.915979,0.926192,0.076719,0.369165,0.343946,0.443980,0.558977,0.610022,-0.465288,1.597187,-0.435732,0.133200,0.093302,0.351907,0.157159,-0.915979,-0.369165,0.000000,0.000000,0.000000,-1,0.625580,-1.517365,-0.039749,-0.637412,1.707662,-0.218744,173.103546,144.934616,-767.876953,0,0
124.600000,0.436450,1.147218,1.180293,-0.011384,0.984724,-0.173750,-0.380082,0.156458,0.911624,0.924883,0.076417,0.372495,0.338992,0.445911,0.553945,0.615948,0.054600,-1.054005,-0.176332,0.047121,0.135059,0.130750,0.173750,-0.911624,-0.372495,0.000000,0.000000,0.000000,-1,0.195816,-0.605530,-0.364136,0.058002,-1.154828,-0.172005,174.680389,145.807724,-766.707886,0,0
124.640000,0.404705,1.167361,1.132272,0.062433,0.986006,-0.154577,-0.355434,0.166691,0.919718,0.932614,-0.002479,0.360867,0.365676,0.431100,0.531917,0.630474,1.448888,-3.320047,-0.437829,0.164789,0.122980,0.332257,0.154577,-0.919718,-0.360867,0.000000,0.000000,0.000000,-1,0.412430,-0.741776,0.211990,1.452290,-3.420870,-0.433501,173.629166,144.410767,-766.373901,0,0
124.680000,0.411253,1.227231,0.999420,0.179092,0.974574,-0.134657,-0.283341,0.182163,0.941560,0.942149,-0.130472,0.308760,0.414780,0.416627,0.486699,0.646145,2.174479,0.066288,-0.432389,0.516893,-0.038055,0.570067,0.134657,-0.941560,-0.308760,0.000000,0.000000,0.000000,-1,0.253525,-1.153519,0.092560,1.905111,-0.877385,-0.413805,173.629166,144.410767,-766.373901,0,0
124.720000,0.501912,1.378617,0.841312,0.232215,0.968314,-0.091890,-0.142393,0.127298,0.981590,0.962185,-0.214856,0.167442,0.484117,0.426509,0.449424,0.617850,1.060438,-2.908126,-0.059914,-0.726625,-0.251274,-0.060128,0.091890,-0.981590,-0.167442,0.000000,0.000000,0.000000,-1,-0.515381,-1.165344,-0.257034,1.063840,-3.008946,-0.055587,170.475449,142.664566,-760.695801,0,0
124.760000,0.523708,1.391981,0.773564,0.275698,0.957120,-0.088949,-0.124271,0.127248,0.984055,0.953177,-0.260248,0.154025,0.498604,0.417590,0.433324,0.623893,1.276259,-2.924448,-0.340913,-0.604329,-0.181289,-0.103010,0.088949,-0.984055,-0.154025,0.000000,0.000000,0.000000,-1,-0.314285,-1.155075,-0.199600,1.181885,-3.124884,-0.306338,169.424210,141.267593,-756.353760,0,0
124.800000,0.615340,1.433173,0.615434,0.336658,0.938291,-0.079191,-0.079201,0.112019,0.990545,0.938290,-0.327203,0.112026,0.527403,0.407227,0.407231,0.624640,1.807373,-1.598073,0.392913,-0.039182,-0.121043,-0.039143,0.079191,-0.990545,-0.112026,0.000000,0.000000,0.000000,-1,0.170807,-1.066467,-0.056625,1.737852,-1.893103,0.270211,169.424210,141.267593,-756.353760,0,0
124.840000,1.130459,1.500406,0.053046,0.377800,0.923699,-0.063623,-0.003729,0.070233,0.997524,0.925880,-0.376627,0.029979,0.565152,0.406956,0.381427,0.607868,1.803820,-0.586030,0.088416,0.030417,0.128276,0.148738,0.063623,-0.997524,-0.029979,0.000000,0.000000,0.000000,-1,0.058380,-0.814758,0.169495,1.807221,-0.686848,0.092744,166.620926,141.267593,-751.343689,0,0
124.880000,2.042991,1.501281,-0.840100,0.358059,0.931647,-0.061858,0.051727,0.046356,0.997585,0.932265,-0.360394,-0.031593,0.579503,0.424232,0.375497,0.585838,0.961755,1.260689,-0.014882,0.044816,0.174694,-0.018654,0.061858,-0.997585,0.031593,0.000000,0.000000,0.000000,-1,0.106674,-0.822891,0.012939,1.050105,0.981770,-0.002177,166.095306,141.092972,-750.174683,0,0
124.920000,2.367276,1.487008,-1.114407,0.310397,0.948804,-0.058518,0.075124,0.036883,0.996492,0.947634,-0.313704,-0.059830,0.577353,0.443372,0.384997,0.567329,0.869092,1.894857,0.093904,0.028609,0.081483,-0.136475,0.058518,-0.996492,0.059830,0.000000,0.000000,0.000000,-1,0.066986,-0.932266,-0.157150,0.834072,1.738866,0.070184,166.095306,141.092972,-750.174683,0,0
124.960000,2.774113,1.445844,-1.452536,0.243866,0.968775,-0.044774,0.123757,0.014704,0.992204,0.961880,-0.247506,-0.116307,0.579972,0.470942,0.395323,0.534384,1.312025,0.900526,0.188181,0.002589,0.054643,-0.283986,0.044774,-0.992204,0.116307,0.000000,0.000000,0.000000,-1,0.032120,-0.920441,-0.137329,1.315427,0.799711,0.192508,167.146530,140.394501,-748.170654,0,0
125.000000,2.894383,1.409542,-1.572241,0.242925,0.969249,-0.039288,0.160556,-0.000232,0.987027,0.956666,-0.246081,-0.155675,0.591361,0.477629,0.387825,0.521301,1.402323,-0.468238,0.166770,-0.053692,0.120770,-0.194845,0.039288,-0.987027,0.155675,0.000000,0.000000,0.000000,-1,-0.040024,-0.859879,-0.011993,1.405725,-0.569053,0.171097,165.394470,141.092972,-745.832642,0,0
125.040000,2.947939,1.346477,-1.685089,0.298312,0.953508,-0.042808,0.220992,-0.025368,0.974946,0.928532,-0.300298,-0.218285,0.620880,0.472918,0.356641,0.513483,1.400600,-1.678892,0.239267,0.001137,-0.037429,-0.493722,0.042808,-0.974946,0.218285,0.000000,0.000000,0.000000,-1,0.030914,-0.994156,-0.237671,1.457237,-1.727740,0.253410,165.920090,142.664566,-743.661621,0,0
125.080000,2.919659,1.306801,-1.734227,0.368372,0.927903,-0.057437,0.257463,-0.042456,0.965355,0.893317,-0.370397,-0.254540,0.645246,0.459269,0.323861,0.517536,0.476410,-1.592112,0.144818,-0.104342,-0.058815,-0.191674,0.057437,-0.965355,0.254540,0.000000,0.000000,0.000000,-1,-0.035629,-1.019958,0.070923,0.479812,-1.692926,0.149145,165.219269,140.918365,-740.655518,0,0
125.120000,2.909974,1.304097,-1.761813,0.402198,0.913552,-0.060498,0.258755,-0.050037,0.964646,0.878227,-0.403633,-0.256511,0.653595,0.448407,0.312781,0.523367,-0.088247,-0.967469,0.270550,-0.088041,-0.058471,-0.259440,0.060498,-0.964646,0.256511,0.000000,0.000000,0.000000,-1,-0.092636,-1.010696,0.039642,-0.084845,-1.068282,0.274877,165.920090,144.061523,-739.653564,0,0
125.160000,2.902207,1.311906,-1.801956,0.445681,0.893131,-0.060701,0.249199,-0.058653,0.966675,0.859807,-0.445955,-0.248708,0.662013,0.431385,0.301771,0.533460,0.171725,-1.032321,0.148841,-0.114260,-0.289582,-0.083394,0.060701,-0.966675,0.248708,0.000000,0.000000,0.000000,-1,0.012863,-1.394623,0.138489,0.055154,-1.125649,0.195942,165.569687,143.712280,-738.651489,0,0
125.200000,2.893985,1.297231,-1.845036,0.489709,0.869368,-0.066214,0.260071,-0.073165,0.962814,0.832195,-0.488719,-0.261927,0.675426,0.418047,0.283518,0.537266,0.218702,-0.682480,0.129725,-0.062826,-0.425217,-0.294977,0.066214,-0.962814,0.261927,0.000000,0.000000,0.000000,-1,-0.035034,-1.417114,-0.015396,0.222104,-0.783291,0.134052,164.518448,143.013794,-737.649536,0,0
125.240000,2.913545,1.313010,-1.840555,0.470299,0.880623,-0.057636,0.245721,-0.067941,0.966957,0.847608,-0.468921,-0.248340,0.668315,0.421337,0.295509,0.537126,-1.179256,2.040814,-0.113940,-0.157062,-0.436455,-0.214573,0.057636,-0.966957,0.248341,0.000000,0.000000,0.000000,-1,-0.063019,-1.148209,0.098602,-1.175855,1.940003,-0.109613,163.817627,141.616837,-739.319519,0,1
125.280000,2.842513,1.403240,-1.628521,0.345162,0.937256,-0.049138,0.166496,-0.009622,0.985995,0.923657,-0.348509,-0.159370,0.615255,0.448494,0.355348,0.542257,-2.834508,3.357843,-0.636690,0.138392,0.203982,-0.209816,0.049138,-0.985995,0.159370,0.000000,0.000000,0.000000,-1,0.212982,-0.754639,-0.180801,-2.658629,3.324966,-0.581385,164.868866,140.569122,-741.991577,0,0
125.320000,1.933814,1.500707,-0.641219,0.273253,0.959712,-0.065468,0.041891,0.056121,0.997545,0.961030,-0.275325,-0.024868,0.557225,0.449371,0.401795,0.571075,-2.880354,0.049465,-0.274482,-0.124092,-0.084517,0.018497,0.065468,-0.997545,0.024868,0.000000,0.000000,0.000000,-1,-0.060745,-1.149094,0.087479,-2.876950,-0.051344,-0.270154,165.044067,140.743744,-748.838684,0,0
125.360000,0.877996,1.472326,0.383752,0.305549,0.949167,-0.075647,-0.036808,0.091161,0.995156,0.951465,-0.301284,0.062791,0.536562,0.425095,0.408069,0.604049,-2.822461,-1.839273,-0.608049,0.004446,-0.427711,0.102525,0.075647,-0.995156,-0.062791,0.000000,0.000000,0.000000,-1,0.201187,-1.542526,0.108002,-2.819057,-1.940081,-0.603722,163.817627,141.616837,-752.011719,0,0
125.400000,0.496126,1.370327,0.674175,0.395825,0.913421,-0.094790,-0.124307,0.155564,0.979973,0.909874,-0.376115,0.175121,0.516028,0.382302,0.394883,0.656984,-1.789571,-1.488852,-0.251905,0.272306,-0.479194,0.454280,0.094790,-0.979973,-0.175121,0.000000,0.000000,0.000000,-1,0.376633,-1.336868,0.390793,-2.007099,-2.015018,-0.387888,166.971329,141.616837,-755.017761,0,0
125.440000,0.537815,1.330078,0.723805,0.314055,0.941517,-0.122123,-0.157878,0.178631,0.971167,0.936186,-0.285719,0.204745,0.482358,0.406150,0.421918,0.651428,-1.377777,4.383695,-0.232953,0.192772,-0.016626,0.731311,0.122123,-0.971167,-0.204745,0.000000,0.000000,0.000000,-1,0.270737,-0.942017,0.254471,-1.374374,4.282889,-0.228625,166.095306,140.394501,-757.522766,0,0
125.480000,0.515155,1.267396,0.854588,0.216676,0.965083,-0.147193,-0.225360,0.196149,0.954326,0.949876,-0.173608,0.259992,0.436043,0.424111,0.460208,0.646687,-3.207181,2.407102,0.253526,-0.063423,-0.073933,0.392820,0.147193,-0.954326,-0.259992,0.000000,0.000000,0.000000,-1,-0.192184,-0.955032,0.018936,-3.203799,2.306295,0.257858,166.971329,141.616837,-761.363831,0,0
125.520000,0.413099,1.171445,1.022398,0.161844,0.974393,-0.156092,-0.331804,0.202700,0.921313,0.929361,-0.097317,0.356113,0.388275,0.413746,0.497888,0.655869,-1.724125,1.255209,-0.096948,-0.200907,0.284106,0.379307,0.156092,-0.921314,-0.356113,0.000000,0.000000,0.000000,-1,0.064392,-0.578827,0.017303,-1.898025,1.098333,-0.009566,168.372986,143.363037,-767.041931,0,0
125.560000,0.426246,1.119862,1.068769,0.111938,0.977242,-0.180187,-0.382032,0.209712,0.900040,0.917345,-0.031912,0.396813,0.355462,0.418617,0.518450,0.655451,-0.886940,1.189701,0.078177,0.112965,0.379548,0.499703,0.180187,-0.900040,-0.396813,0.000000,0.000000,0.000000,-1,0.274841,-0.460007,0.075867,-0.883415,1.088947,0.082474,170.475449,143.363037,-768.043945,0,0
125.600000,0.419859,1.111970,1.099103,0.089368,0.979499,-0.180539,-0.394532,0.201250,0.896573,0.914526,-0.008896,0.404429,0.347738,0.420551,0.527686,0.650970,0.208788,-0.220092,0.258613,0.037799,0.580365,0.264399,0.180539,-0.896573,-0.404429,0.000000,0.000000,0.000000,-1,0.218338,-0.316208,-0.140030,0.085861,-0.138521,0.243270,170.125046,145.458481,-770.381958,0,0
125.640000,0.394729,1.133625,1.107044,0.101315,0.981441,-0.162814,-0.378661,0.189380,0.905953,0.919973,-0.030135,0.390821,0.360941,0.417506,0.524434,0.648366,0.861992,-0.653409,0.457603,0.021116,0.538659,0.243329,0.162814,-0.905953,-0.390821,0.000000,0.000000,0.000000,-1,0.180679,-0.353790,-0.185654,0.783664,-0.768997,0.468187,169.249008,142.839172,-769.546997,0,1
125.680000,0.385631,1.191481,1.094944,0.113866,0.983685,-0.139280,-0.329147,0.169626,0.928919,0.937389,-0.059928,0.343091,0.387669,0.422099,0.514684,0.637688,1.482701,-0.226341,0.320124,0.043673,0.467355,0.016461,0.139280,-0.928919,-0.343091,0.000000,0.000000,0.000000,-1,0.200714,-0.495636,-0.371185,1.486226,-0.327093,0.324421,169.073807,143.712280,-768.043945,0,0
125.720000,0.463015,1.221580,1.048668,0.082446,0.984808,-0.152826,-0.296572,0.170645,0.939641,0.951445,-0.032146,0.306135,0.389123,0.442172,0.513090,0.624345,-0.134356,1.395904,-0.286330,0.229758,-0.395442,-0.456926,0.152826,-0.939641,-0.306135,0.000000,0.000000,0.000000,-1,0.382584,-1.335083,-0.763062,0.117180,1.388543,-0.223493,166.445709,142.839172,-767.876953,0,0
125.760000,0.480444,1.195619,1.046230,0.071933,0.982926,-0.169357,-0.317167,0.183526,0.930443,0.945638,-0.013215,0.324953,0.375318,0.443464,0.517082,0.628572,-1.150116,0.376742,-0.473705,0.327072,-1.118981,-1.045012,0.169357,-0.930443,-0.324953,0.000000,0.000000,0.000000,-1,0.407104,-1.614929,-1.203583,-1.015928,0.104249,-0.462627,168.022568,141.966080,-767.041931,0,0
125.800000,0.472323,1.157247,1.079715,0.052578,0.981738,-0.182829,-0.354371,0.189510,0.915700,0.933626,0.016644,0.357864,0.355389,0.441324,0.528151,0.632446,-0.706735,0.785670,0.018446,0.121004,0.253347,-0.407594,0.182829,-0.915700,-0.357864,0.000000,0.000000,0.000000,-1,0.386917,-0.556412,-0.433258,-0.703211,0.684919,0.022743,169.774628,142.664566,-767.709961,0,0
125.840000,0.498850,1.125583,1.096991,0.016457,0.978407,-0.206030,-0.383209,0.196495,0.902519,0.923515,0.064100,0.378168,0.332338,0.447736,0.539726,0.630698,-0.016061,0.811595,-0.374349,0.522104,-0.067025,0.199793,0.206030,-0.902519,-0.378168,0.000000,0.000000,0.000000,-1,0.728134,-0.969543,-0.178375,-0.327115,0.728908,-0.341138,171.176270,143.712280,-770.381958,0,0
125.880000,0.552574,1.137081,1.065783,-0.005011,0.975356,-0.220579,-0.367785,0.203323,0.907411,0.929897,0.085673,0.357703,0.329379,0.461148,0.538375,0.623702,0.759063,0.382806,0.014746,0.298434,-0.108794,0.126853,0.220578,-0.907411,-0.357703,0.000000,0.000000,0.000000,-1,0.290024,-1.030945,-0.446060,0.692475,0.698614,-0.051207,171.526688,143.013794,-770.715942,0,0
125.920000,0.511586,1.173919,0.971264,0.119249,0.974664,-0.189235,-0.319128,0.218108,0.922272,0.940179,-0.049590,0.337051,0.375530,0.436408,0.499924,0.646995,0.883431,-4.279642,-0.450638,-0.072917,-0.031860,0.695023,0.189235,-0.922272,-0.337051,0.000000,0.000000,0.000000,-1,0.279388,-0.752716,0.473221,0.886955,-4.380390,-0.446342,170.300247,142.140701,-770.548950,0,0
125.960000,0.584260,1.234130,0.824469,0.184093,0.965872,-0.182211,-0.242533,0.224285,0.943861,0.952516,-0.129566,0.275545,0.413601,0.437220,0.465609,0.648830,2.370884,0.634041,-0.025428,-0.121771,-0.235445,0.385867,0.182211,-0.943861,-0.275545,0.000000,0.000000,0.000000,-1,0.060440,-1.179306,0.110321,2.445270,0.533147,-0.119774,166.095306,140.045258,-768.544922,0,0
126.000000,0.631714,1.287514,0.755370,0.198816,0.966037,-0.165058,-0.191620,0.203487,0.960143,0.961121,-0.159264,0.225568,0.438680,0.441334,0.453670,0.637940,1.477257,-1.520518,0.551534,-0.511951,-0.100373,0.626783,0.165058,-0.960143,-0.225568,0.000000,0.000000,0.000000,-1,-0.357697,-1.071213,0.305756,1.629034,-1.332785,0.622036,167.847366,139.346771,-764.870911,0,0
126.040000,0.662360,1.339726,0.622846,0.291259,0.946220,-0.140842,-0.133598,0.186015,0.973422,0.947269,-0.264702,0.180592,0.480794,0.422541,0.419320,0.643791,1.408946,-2.242199,0.061979,-0.362888,-0.295179,-0.003536,0.140842,-0.973422,-0.180592,0.000000,0.000000,0.000000,-1,-0.111908,-1.273788,-0.164383,1.412470,-2.342945,0.066275,165.044067,138.299057,-762.532837,0,0
126.080000,0.735427,1.413513,0.480224,0.351553,0.930251,-0.105087,-0.072362,0.138918,0.987657,0.933367,-0.339609,0.116152,0.523565,0.409638,0.395500,0.633763,1.957817,-0.836460,0.695261,0.025238,0.075379,0.068133,0.105087,-0.987657,-0.116152,0.000000,0.000000,0.000000,-1,0.130325,-0.912277,-0.048019,1.897689,-1.101432,0.770142,162.240768,135.854370,-759.860840,0,0
126.120000,1.010478,1.460444,0.191546,0.361451,0.927712,-0.093288,-0.020966,0.108115,0.993917,0.932155,-0.357297,0.058528,0.546536,0.414769,0.383719,0.618081,1.892666,-0.090847,0.179902,-0.043682,0.140875,0.172145,0.093288,-0.993917,-0.058529,0.000000,0.000000,0.000000,-1,0.016312,-0.834854,0.150864,1.959002,-0.298604,0.228665,161.539948,137.949814,-755.852783,0,0
126.160000,1.666365,1.482699,-0.453049,0.348225,0.933311,-0.087582,0.038511,0.079107,0.996122,0.936620,-0.350247,-0.008396,0.565136,0.429906,0.375590,0.595596,1.179668,0.620481,0.138811,-0.054195,0.170621,0.126614,0.087582,-0.996122,0.008396,0.000000,0.000000,0.000000,-1,0.039352,-0.841675,0.090317,1.183192,0.519738,0.143107,159.963089,134.981277,-753.681763,0,0
126.200000,2.277653,1.466380,-1.009490,0.294530,0.952350,-0.079255,0.088234,0.055479,0.994554,0.951560,-0.299918,-0.067690,0.571564,0.455148,0.381543,0.566198,1.323174,1.792071,0.175554,0.037994,0.049561,-0.180162,0.079255,-0.994554,0.067690,0.000000,0.000000,0.000000,-1,0.117249,-0.944992,-0.112473,1.321251,1.639343,0.155679,161.539948,135.505142,-752.846741,0,0
126.240000,2.576727,1.441459,-1.259783,0.246878,0.966584,-0.069042,0.122789,0.039470,0.991648,0.961236,-0.253293,-0.108942,0.573661,0.474746,0.388816,0.542542,1.227372,1.547189,0.194735,-0.003414,0.063761,-0.201258,0.069042,-0.991648,0.108942,0.000000,0.000000,0.000000,-1,0.018616,-0.890244,-0.046585,1.233042,1.504750,0.192362,160.138290,136.552856,-752.512695,0,0
126.280000,2.825507,1.394323,-1.486382,0.224794,0.972877,-0.054572,0.174933,0.014802,0.984469,0.958575,-0.230849,-0.166861,0.586697,0.489099,0.385209,0.517865,1.248070,-0.612448,0.204253,-0.075461,0.142871,-0.244177,0.054572,-0.984469,0.166861,0.000000,0.000000,0.000000,-1,-0.006073,-0.874649,-0.094223,1.251594,-0.713188,0.208549,160.839127,136.552856,-750.508667,0,0
126.320000,2.886309,1.339610,-1.615779,0.289063,0.955560,-0.057860,0.228900,-0.010304,0.973395,0.929541,-0.294617,-0.221706,0.616659,0.480193,0.353389,0.514066,1.339427,-1.795735,0.143700,0.077424,0.011939,-0.408031,0.057860,-0.973395,0.221706,0.000000,0.000000,0.000000,-1,0.135284,-0.961456,-0.186325,1.386682,-1.877339,0.181467,158.911850,136.727478,-748.671631,0,0
126.360000,2.866930,1.312003,-1.652211,0.339599,0.938006,-0.069410,0.255066,-0.020812,0.966699,0.905325,-0.345994,-0.246322,0.633785,0.470614,0.329732,0.517799,0.663665,-1.829921,-0.021020,-0.009153,-0.045950,-0.326049,0.069410,-0.966700,0.246322,0.000000,0.000000,0.000000,-1,0.010803,-1.038071,0.000412,0.788494,-1.920017,0.008484,157.510208,135.679764,-745.665649,0,0
126.400000,2.808126,1.299515,-1.672363,0.409531,0.908070,-0.087711,0.266585,-0.027170,0.963428,0.872477,-0.417937,-0.253205,0.649982,0.451803,0.301842,0.531309,0.140430,-1.544456,0.163228,-0.164920,-0.051144,-0.170991,0.087711,-0.963428,0.253205,0.000000,0.000000,0.000000,-1,-0.090546,-0.975403,0.079391,0.143953,-1.645194,0.167523,157.860626,134.981277,-742.993591,0,0
126.440000,2.800835,1.294007,-1.715841,0.454331,0.886139,-0.091327,0.270399,-0.039497,0.961938,0.848804,-0.461733,-0.257556,0.661699,0.436958,0.286186,0.537884,0.285519,-0.670911,0.116201,-0.199374,-0.294425,-0.098910,0.091327,-0.961938,0.257556,0.000000,0.000000,0.000000,-1,-0.108047,-1.256363,0.158646,0.283758,-0.835229,0.142116,157.685410,134.457413,-742.492554,0,0
126.480000,2.809263,1.290003,-1.741892,0.469839,0.878110,-0.090409,0.273072,-0.047183,0.960836,0.839454,-0.476126,-0.261956,0.666892,0.431548,0.280797,0.538679,0.095700,-0.539293,0.219816,-0.230134,-0.487345,-0.289254,0.090409,-0.960836,0.261956,0.000000,0.000000,0.000000,-1,-0.165558,-1.470963,-0.029953,0.156636,-0.619890,0.220197,158.035828,136.203613,-741.156555,0,0
126.520000,2.846951,1.304206,-1.777631,0.470681,0.878981,-0.076503,0.257828,-0.054102,0.964675,0.843791,-0.473779,-0.252091,0.666497,0.426412,0.287806,0.539557,-0.835782,1.373093,0.073595,-0.273341,-0.437303,-0.262757,0.076503,-0.964675,0.252091,0.000000,0.000000,0.000000,-1,-0.161301,-1.323395,0.013504,-0.832259,1.272357,0.077891,156.283768,135.505142,-740.822571,0,1
126.560000,2.743724,1.379003,-1.572629,0.382039,0.921190,-0.073857,0.190620,-0.000349,0.981664,0.904274,-0.389112,-0.175731,0.624123,0.445349,0.332633,0.549081,-2.462125,3.116919,-0.733256,0.194545,0.062261,-0.037288,0.073857,-0.981664,0.175731,0.000000,0.000000,0.000000,-1,0.355896,-0.761963,0.158829,-2.362659,2.617765,-0.611239,154.882111,135.505142,-742.826599,0,0
126.600000,2.371551,1.436884,-1.094956,0.284436,0.954179,-0.092947,0.118680,0.061160,0.991047,0.951321,-0.292920,-0.095846,0.574265,0.467057,0.373684,0.558961,-3.119724,2.713504,-1.081596,0.311823,0.233296,-0.142660,0.092947,-0.991047,0.095846,0.000000,0.000000,0.000000,-1,0.145309,-1.058121,0.048126,-3.149296,3.047261,-1.235292,155.933350,133.758942,-749.506653,0,0
126.640000,1.323661,1.465293,-0.030978,0.274375,0.956186,-0.102108,0.003262,0.105257,0.994440,0.961617,-0.273182,0.025761,0.534639,0.448643,0.401911,0.592746,-2.539098,-1.341554,-0.214465,0.056187,-0.250708,0.047352,0.102108,-0.994440,-0.025761,0.000000,0.000000,0.000000,-1,0.214935,-1.339432,0.013641,-2.535453,-1.442246,-0.210200,158.911850,135.679764,-758.691772,0,0
126.680000,0.717775,1.376557,0.476663,0.373211,0.919019,-0.126952,-0.088561,0.171505,0.981195,0.923510,-0.354950,0.145397,0.513885,0.404010,0.387518,0.650022,-2.397192,-2.359057,-0.720958,0.278948,-0.458915,0.314312,0.126952,-0.981195,-0.145397,0.000000,0.000000,0.000000,-1,0.405899,-1.440109,0.168915,-2.401764,-2.719729,-0.869668,155.582947,138.648300,-762.866882,0,0
126.720000,0.615669,1.327262,0.586297,0.369954,0.918554,-0.139256,-0.133415,0.200864,0.970492,0.919421,-0.340458,0.196859,0.493009,0.398137,0.395614,0.664770,-0.961509,2.452582,-0.471294,0.170208,-0.204694,0.791311,0.139256,-0.970492,-0.196859,0.000000,0.000000,0.000000,-1,0.280640,-1.158875,0.521805,-1.327104,1.487953,-0.373963,157.335007,138.648300,-764.202881,0,0
126.760000,0.620115,1.274315,0.752917,0.213814,0.962007,-0.169781,-0.199768,0.213186,0.956370,0.956230,-0.170568,0.237761,0.436711,0.436352,0.450211,0.645128,-3.063885,2.292320,0.851401,-0.342587,-0.322591,0.314634,0.169781,-0.956370,-0.237761,0.000000,0.000000,0.000000,-1,-0.320328,-1.149872,0.073471,-3.060241,2.191632,0.855666,158.211029,138.124435,-768.711914,0,0
126.800000,0.464639,1.188954,0.967261,0.165021,0.972053,-0.166976,-0.306800,0.211489,0.927980,0.937359,-0.101908,0.333126,0.393829,0.422298,0.489034,0.653765,-1.725695,1.195639,-0.149784,-0.129744,0.392808,0.350307,0.166976,-0.927980,-0.333126,0.000000,0.000000,0.000000,-1,0.037231,-0.535172,0.017181,-1.866539,1.039877,-0.106448,159.963089,140.569122,-773.722046,0,0
126.840000,0.454028,1.149868,1.015959,0.133180,0.974755,-0.179211,-0.347311,0.215257,0.912710,0.928245,-0.059312,0.367211,0.371050,0.422749,0.504672,0.654914,-1.334638,1.058208,0.110328,0.073566,0.322363,0.417779,0.179211,-0.912710,-0.367211,0.000000,0.000000,0.000000,-1,0.241409,-0.503281,0.044861,-1.372582,0.991387,0.074477,160.488708,144.934616,-777.563110,0,0
126.880000,0.422801,1.118756,1.084105,0.100275,0.978684,-0.179227,-0.386082,0.204294,0.899558,0.916998,-0.021007,0.398338,0.352719,0.420024,0.522917,0.652477,-0.433725,0.152182,0.403392,0.046512,0.591452,0.336342,0.179227,-0.899558,-0.398338,0.000000,0.000000,0.000000,-1,0.244781,-0.298096,-0.113724,-0.430080,0.051495,0.407657,160.313507,145.807724,-779.066101,0,0
126.920000,0.360244,1.139802,1.130702,0.108930,0.983080,-0.147267,-0.377966,0.177982,0.908551,0.919389,-0.043306,0.390958,0.367420,0.411732,0.525368,0.647663,0.824667,-0.752679,0.762716,0.076290,0.636685,0.235120,0.147267,-0.908551,-0.390958,0.000000,0.000000,0.000000,-1,0.223557,-0.271866,-0.155838,0.695330,-0.850221,0.743967,160.488708,148.077774,-779.901123,0,0
126.960000,0.321989,1.182472,1.149258,0.120885,0.985408,-0.119821,-0.345492,0.154925,0.925545,0.930603,-0.070487,0.359179,0.389480,0.410750,0.520425,0.639333,1.553754,-0.698715,0.684231,0.070501,0.530007,0.156680,0.119821,-0.925545,-0.359179,0.000000,0.000000,0.000000,-1,0.178436,-0.464890,-0.209366,1.454202,-0.825926,0.675925,158.211029,147.903152,-781.070129,0,1
127.000000,0.304586,1.261605,1.147710,0.131191,0.987148,-0.091256,-0.277458,0.124934,0.952580,0.951738,-0.099650,0.290282,0.423076,0.419363,0.508468,0.621773,1.329341,0.079838,0.219410,0.072517,0.149510,-0.100541,0.091255,-0.952580,-0.290282,0.000000,0.000000,0.000000,-1,0.174225,-1.097046,-0.519531,1.332986,-0.020846,0.223675,157.159790,147.903152,-777.730103,0,0
127.040000,0.287356,1.235931,1.189787,0.108130,0.989764,-0.093143,-0.305075,0.122208,0.944455,0.946170,-0.073708,0.315167,0.409498,0.418005,0.520776,0.621592,-2.046917,0.772678,-0.100722,0.034939,-1.695377,-1.327884,0.093143,-0.944454,-0.315167,0.000000,0.000000,0.000000,-1,0.067703,-2.267609,-1.640472,-1.837602,0.325607,0.101755,154.882111,147.728546,-777.897095,0,0
127.080000,0.328146,1.183886,1.194347,0.070441,0.990075,-0.121609,-0.350907,0.138714,0.926079,0.933757,-0.022560,0.357195,0.378989,0.421627,0.535733,0.625770,-1.077605,1.500712,-0.331690,0.126545,0.209252,-0.710752,0.121609,-0.926079,-0.357195,0.000000,0.000000,0.000000,-1,0.399063,-0.536392,-0.761337,-1.326537,1.437940,-0.496071,154.882111,147.728546,-777.897095,0,0
127.120000,0.393979,1.162883,1.210519,-0.004221,0.988329,-0.152278,-0.371227,0.139848,0.917950,0.928533,0.060405,0.366304,0.349867,0.440955,0.554679,0.612766,-0.375467,1.699097,-0.255227,0.292592,0.206189,0.158388,0.152278,-0.917950,-0.366304,0.000000,0.000000,0.000000,-1,0.554337,-1.104477,-0.154678,-0.371823,1.598416,-0.250962,157.510208,149.998596,-780.068115,0,0
127.160000,0.417761,1.166168,1.210149,-0.026428,0.986808,-0.159721,-0.368351,0.138921,0.919249,0.929311,0.083127,0.359821,0.344540,0.448756,0.558419,0.606695,0.133936,-0.985952,0.050181,0.098076,-0.164659,0.109027,0.159721,-0.919249,-0.359821,0.000000,0.000000,0.000000,-1,0.257797,-1.083908,-0.250793,0.126479,-0.685759,0.130411,158.911850,153.141754,-780.402100,0,0
127.200000,0.378575,1.175356,1.154543,0.063757,0.987757,-0.142374,-0.352321,0.155756,0.922827,0.933705,-0.008675,0.357938,0.370831,0.428387,0.533485,0.627983,0.882490,-3.991750,-0.728463,0.239782,-0.246073,0.752683,0.142374,-0.922827,-0.357938,0.000000,0.000000,0.000000,-1,0.412415,-0.949860,0.503662,0.861409,-4.004569,-0.814739,158.911850,153.141754,-780.402100,0,0
127.240000,0.354179,1.212005,1.050466,0.184550,0.975249,-0.121783,-0.304671,0.174576,0.936322,0.934407,-0.135695,0.329348,0.412500,0.406411,0.492499,0.649706,1.405400,-0.729907,-0.313893,0.342450,0.207013,0.593828,0.121783,-0.936322,-0.329348,0.000000,0.000000,0.000000,-1,0.420242,-0.748611,0.190689,1.409035,-0.830587,-0.309623,155.057327,151.744797,-777.730103,0,0
127.280000,0.511555,1.312803,0.926208,0.145592,0.981429,-0.124900,-0.203946,0.153306,0.966904,0.968096,-0.115300,0.222478,0.438693,0.443068,0.480516,0.616720,2.628314,0.013836,0.735117,-0.457618,-0.133850,0.651052,0.124900,-0.966904,-0.222478,0.000000,0.000000,0.000000,-1,-0.332718,-1.100754,0.428574,2.728509,0.421828,0.584979,153.130051,149.474747,-772.552979,0,0
127.320000,0.474894,1.366161,0.889207,0.212635,0.972704,-0.092917,-0.157807,0.128028,0.979135,0.964305,-0.193536,0.180723,0.475364,0.428564,0.458274,0.616722,1.243246,-3.606659,0.129556,-0.555075,-0.159125,-0.024874,0.092917,-0.979135,-0.180723,0.000000,0.000000,0.000000,-1,-0.370926,-1.093842,-0.128876,1.303256,-3.517181,0.385511,153.130051,149.474747,-772.552979,0,0
127.360000,0.613686,1.418093,0.626008,0.329012,0.940254,-0.087598,-0.089124,0.123266,0.988364,0.940110,-0.317377,0.124355,0.519950,0.409237,0.409901,0.627820,1.767027,-1.517339,-0.113282,0.015536,-0.113474,0.037273,0.087598,-0.988363,-0.124355,0.000000,0.000000,0.000000,-1,0.161987,-1.123428,-0.044327,1.770662,-1.618017,-0.109012,148.049088,147.204681,-762.699829,0,0
127.400000,1.018352,1.479147,0.186663,0.358342,0.930334,-0.077907,-0.016985,0.089932,0.995803,0.933436,-0.355515,0.048028,0.552355,0.413389,0.387219,0.611617,1.688302,-0.176817,0.164484,-0.079570,0.110320,0.169945,0.077907,-0.995803,-0.048028,0.000000,0.000000,0.000000,-1,-0.001663,-0.885483,0.121918,1.737583,-0.410007,0.177359,144.720169,146.331573,-759.860840,0,0
127.440000,1.566075,1.495792,-0.362465,0.357993,0.930713,-0.074933,0.026570,0.070065,0.997189,0.933346,-0.358978,0.000354,0.567357,0.421817,0.378251,0.597581,1.540123,0.066795,0.008652,-0.087094,0.210445,0.048526,0.074933,-0.997189,-0.000354,0.000000,0.000000,0.000000,-1,-0.013885,-0.830200,0.014069,1.573707,-0.046528,0.063707,145.245789,145.458481,-757.021790,0,0
127.480000,2.232483,1.477412,-1.008171,0.336686,0.938739,-0.073569,0.078875,0.049740,0.995643,0.938308,-0.341021,-0.057296,0.579707,0.438848,0.372920,0.576439,1.062928,1.012697,0.143671,-0.091056,0.048423,-0.119201,0.073569,-0.995643,0.057296,0.000000,0.000000,0.000000,-1,-0.009979,-0.945541,-0.105347,1.066562,0.912022,0.147941,145.596191,145.109238,-755.685791,0,0
127.520000,2.625368,1.445281,-1.356725,0.293782,0.953873,-0.061792,0.122329,0.026595,0.992133,0.948013,-0.299030,-0.108873,0.586528,0.458717,0.377740,0.550342,1.114789,0.714776,0.142316,-0.040979,0.090858,-0.195284,0.061792,-0.992133,0.108873,0.000000,0.000000,0.000000,-1,0.020813,-0.901276,-0.086411,1.116452,0.750888,0.159819,145.946609,145.458481,-755.351746,0,0
127.560000,2.762777,1.416796,-1.487809,0.287171,0.956198,-0.056728,0.152865,0.012715,0.988165,0.945603,-0.292444,-0.142517,0.595183,0.465849,0.373362,0.537905,1.158034,-0.001845,0.197196,-0.102336,0.085471,-0.171356,0.056728,-0.988165,0.142517,0.000000,0.000000,0.000000,-1,-0.048950,-0.900787,-0.003235,1.137120,-0.023066,0.159893,144.369751,144.934616,-754.182739,0,0
127.600000,2.905942,1.368123,-1.647329,0.302372,0.952031,-0.046996,0.200700,-0.015390,0.979532,0.931821,-0.305615,-0.195726,0.615119,0.468499,0.359615,0.522316,1.182021,-0.637956,0.230675,0.003770,0.030450,-0.276582,0.046996,-0.979532,0.195726,0.000000,0.000000,0.000000,-1,0.050766,-0.949081,-0.080856,1.185756,-0.738595,0.234919,145.070587,146.680817,-752.178711,0,0
127.640000,2.928842,1.325932,-1.729553,0.356801,0.932777,-0.051188,0.239376,-0.038325,0.970170,0.902991,-0.358411,-0.236959,0.638765,0.458757,0.333378,0.519980,0.701494,-1.950515,0.224876,-0.042368,0.013566,-0.262914,0.051188,-0.970170,0.236959,0.000000,0.000000,0.000000,-1,0.008820,-0.956604,-0.025955,0.806286,-1.862471,0.204816,143.493729,147.204681,-749.673706,0,0
127.680000,2.900952,1.315880,-1.764704,0.413444,0.908544,-0.060097,0.247439,-0.048591,0.967684,0.876264,-0.414954,-0.244899,0.653248,0.442398,0.312349,0.529139,0.195262,-1.978145,0.188032,-0.037377,-0.006849,-0.230098,0.060097,-0.967684,0.244899,0.000000,0.000000,0.000000,-1,0.011078,-1.007584,0.063858,0.272331,-2.120128,0.193781,142.442490,147.204681,-747.001648,0,0
127.720000,2.868451,1.312970,-1.808519,0.480266,0.874422,-0.068783,0.247808,-0.060045,0.966947,0.841389,-0.481436,-0.245526,0.668176,0.419886,0.289073,0.541917,0.335323,-1.178677,0.232875,0.086842,-0.401477,-0.187284,0.068783,-0.966947,0.245526,0.000000,0.000000,0.000000,-1,0.155624,-1.368423,0.058243,0.339058,-1.279314,0.237118,141.916870,147.728546,-743.494568,0,0
127.760000,2.900930,1.314396,-1.842933,0.483113,0.873469,-0.060445,0.244267,-0.068165,0.967309,0.840794,-0.482085,-0.246292,0.670367,0.416837,0.291016,0.540522,-0.607952,0.922329,0.022109,-0.097020,-0.442145,-0.340011,0.060445,-0.967309,0.246292,0.000000,0.000000,0.000000,-1,-0.036575,-1.409454,-0.093719,-0.385322,0.578936,0.044183,141.741669,149.998596,-742.659546,0,0
127.800000,2.897517,1.353516,-1.786581,0.438272,0.897331,-0.052096,0.210575,-0.046157,0.976487,0.873828,-0.438937,-0.209185,0.650695,0.425663,0.315713,0.543813,-1.889459,2.200378,-0.340771,-0.174608,-0.349288,-0.335391,0.052096,-0.976487,0.209185,0.000000,0.000000,0.000000,-1,-0.041245,-1.188019,-0.097672,-1.691876,1.943022,-0.211375,140.340012,149.300125,-745.665649,0,1
127.840000,2.566370,1.450852,-1.369963,0.361874,0.929951,-0.065096,0.117252,0.023870,0.992815,0.924824,-0.366907,-0.100401,0.599668,0.436577,0.358418,0.566865,-3.001973,0.681581,-0.709911,-0.050875,0.043108,-0.071394,0.065096,-0.992815,0.100401,0.000000,0.000000,0.000000,-1,0.014221,-0.949707,0.029007,-2.998237,0.580946,-0.705668,141.566467,148.427017,-750.174683,0,0
127.880000,1.118290,1.481852,0.041172,0.399979,0.913036,-0.079887,-0.003656,0.088751,0.996047,0.916517,-0.398106,0.038837,0.564001,0.403093,0.370846,0.617974,-3.174476,-2.152237,0.083421,0.024011,-0.235597,0.123294,0.079887,-0.996047,-0.038837,0.000000,0.000000,0.000000,-1,0.103897,-1.231644,0.084457,-3.107080,-1.972052,-0.004721,142.442490,148.252396,-753.013733,0,0
127.920000,0.464000,1.417336,0.616186,0.474203,0.877754,-0.068409,-0.088341,0.124746,0.988248,0.875972,-0.462587,0.136697,0.550627,0.358415,0.366656,0.658720,-2.808446,-2.837224,0.019719,0.250805,-0.656131,0.296960,0.068409,-0.988248,-0.136697,0.000000,0.000000,0.000000,-1,0.369247,-1.570282,0.171936,-2.627396,-2.806523,-0.065810,141.040848,150.347839,-752.345703,0,0
127.960000,0.330966,1.350996,0.727602,0.495320,0.865816,-0.070852,-0.145011,0.162822,0.975941,0.856522,-0.473129,0.206202,0.530636,0.339595,0.370155,0.682705,-0.243083,2.339477,-0.215943,0.456599,-0.020794,0.611383,0.070852,-0.975941,-0.206202,0.000000,0.000000,0.000000,-1,0.527451,-0.996735,0.405182,-0.239348,2.238845,-0.211700,141.566467,151.220947,-754.182739,0,0
128.000000,0.481977,1.311818,0.715763,0.374606,0.919554,-0.118707,-0.168046,0.193246,0.966652,0.911828,-0.342165,0.226919,0.488478,0.384617,0.405915,0.669845,-2.082045,2.612603,-0.467094,0.227408,0.111977,0.351400,0.118707,-0.966652,-0.226919,0.000000,0.000000,0.000000,-1,0.346115,-0.854675,0.124481,-1.743274,2.598944,-0.443531,143.143311,149.998596,-755.351746,0,0
128.040000,0.517489,1.245749,0.795860,0.273121,0.948918,-0.157984,-0.228167,0.223443,0.947636,0.934529,-0.222773,0.277539,0.439357,0.410117,0.441864,0.665977,-2.706790,2.947664,-0.438303,-0.147807,-0.022274,0.113644,0.157984,-0.947636,-0.277539,0.000000,0.000000,0.000000,-1,0.010178,-0.969910,-0.163895,-2.703097,2.847032,-0.434072,145.771408,150.173218,-763.534851,0,0
128.080000,0.466469,1.172379,0.889492,0.240547,0.954827,-0.174479,-0.301349,0.244340,0.921676,0.922673,-0.169128,0.346511,0.403019,0.405364,0.464118,0.676646,-1.161401,0.079452,0.024580,-0.077312,0.246612,0.138961,0.174479,-0.921676,-0.346511,0.000000,0.000000,0.000000,-1,0.097168,-0.675064,-0.207550,-1.157709,-0.021180,0.028812,147.348251,152.443283,-766.707886,0,0
128.120000,0.451759,1.146191,0.919056,0.229470,0.956557,-0.179841,-0.327521,0.249884,0.911201,0.916555,-0.150191,0.370633,0.390177,0.403045,0.472038,0.680071,-0.366841,0.545960,0.026482,-0.001283,0.482643,0.411497,0.179841,-0.911201,-0.370633,0.000000,0.000000,0.000000,-1,0.174332,-0.432709,-0.005325,-0.454784,0.399672,-0.013811,147.348251,152.792526,-768.711914,0,0
128.160000,0.454474,1.150134,0.929831,0.216087,0.959776,-0.179268,-0.327312,0.244190,0.912819,0.919877,-0.138572,0.366912,0.388904,0.406568,0.476087,0.675868,0.334033,-0.019912,0.206397,0.006828,0.451164,0.188110,0.179268,-0.912819,-0.366912,0.000000,0.000000,0.000000,-1,0.186096,-0.461655,-0.178802,0.337725,-0.120542,0.210629,148.574707,152.617905,-768.210938,0,0
128.200000,0.428367,1.178593,0.925653,0.240283,0.957630,-0.158771,-0.305403,0.229837,0.924069,0.921408,-0.173549,0.347689,0.407050,0.400582,0.468393,0.674131,0.907606,-1.117101,0.286934,0.064633,0.409451,0.110964,0.158771,-0.924069,-0.347689,0.000000,0.000000,0.000000,-1,0.223404,-0.514618,-0.236725,0.911298,-1.217731,0.291165,147.523468,152.967148,-768.210938,0,1
128.240000,0.421923,1.230497,0.900099,0.264613,0.954619,-0.136684,-0.261471,0.207448,0.942655,0.928231,-0.213700,0.304499,0.433781,0.399480,0.456190,0.666438,1.116114,-0.069882,0.105459,0.070424,0.317884,-0.033499,0.136684,-0.942655,-0.304499,0.000000,0.000000,0.000000,-1,0.269348,-0.686737,-0.416290,1.172075,-0.342142,0.190732,146.997849,152.443283,-766.039917,0,0
128.280000,0.492508,1.248666,0.853875,0.240869,0.958944,-0.149695,-0.238654,0.208019,0.948563,0.940759,-0.192754,0.278961,0.434134,0.414786,0.455542,0.657238,0.159398,1.525285,-0.183717,0.191553,-0.363189,-0.411438,0.149695,-0.948563,-0.278961,0.000000,0.000000,0.000000,-1,0.341248,-1.311752,-0.690399,0.163090,1.424657,-0.179486,145.596191,151.395554,-764.035889,0,0
128.320000,0.490288,1.232272,0.901244,0.199260,0.967389,-0.156377,-0.260396,0.206110,0.943246,0.944717,-0.147231,0.292974,0.418383,0.422456,0.471064,0.651603,-0.974663,0.543952,0.110842,0.009593,-0.416785,-0.912074,0.156377,-0.943246,-0.292974,0.000000,0.000000,0.000000,-1,0.176544,-1.110809,-1.116196,-0.970971,0.443325,0.115073,145.070587,150.522461,-764.870911,0,0
128.360000,0.491486,1.198267,0.930228,0.174484,0.969562,-0.171772,-0.291817,0.217528,0.931410,0.940425,-0.112390,0.320890,0.398769,0.424899,0.481892,0.654389,-0.373626,0.446164,-0.061282,0.183743,0.167860,-0.435427,0.171772,-0.931410,-0.320890,0.000000,0.000000,0.000000,-1,0.400391,-0.695251,-0.559967,-0.434984,0.378314,-0.116049,147.873871,153.316376,-767.542908,0,0
128.400000,0.481864,1.186303,0.959672,0.156612,0.972243,-0.173828,-0.307199,0.215222,0.926989,0.938670,-0.091778,0.332379,0.390196,0.426096,0.490037,0.652728,-0.577719,0.602403,0.199810,0.277313,0.179812,0.166256,0.173828,-0.926989,-0.332379,0.000000,0.000000,0.000000,-1,0.451141,-0.747177,-0.166122,-0.574027,0.501777,0.204041,147.523468,151.220947,-767.542908,0,0
128.440000,0.505162,1.174630,0.961316,0.134864,0.973107,-0.186748,-0.316404,0.220896,0.922547,0.938989,-0.065330,0.337686,0.379566,0.432535,0.495461,0.650662,0.476050,0.753196,-0.354981,0.420521,-0.251113,0.307336,0.186748,-0.922547,-0.337686,0.000000,0.000000,0.000000,-1,0.571198,-0.974030,0.043015,0.479742,0.652571,-0.350750,147.873871,152.617905,-768.544922,0,0
128.480000,0.579202,1.203359,0.883842,0.135792,0.971030,-0.196624,-0.277746,0.227815,0.933251,0.951009,-0.072117,0.300635,0.389661,0.444800,0.484001,0.645028,1.362409,-1.697167,-0.506867,0.093659,0.092858,0.104972,0.196624,-0.933251,-0.300635,0.000000,0.000000,0.000000,-1,0.216461,-1.039871,0.088745,1.177872,-1.078786,-0.379351,149.450729,150.347839,-768.043945,0,0
128.520000,0.554608,1.229846,0.790745,0.245088,0.953375,-0.176089,-0.237705,0.235177,0.942437,0.939909,-0.189122,0.284261,0.425925,0.420068,0.448329,0.664177,1.025178,-4.229746,-0.325782,0.177106,0.044015,0.720967,0.176089,-0.942437,-0.284261,0.000000,0.000000,0.000000,-1,0.380798,-1.049316,0.282074,1.081000,-4.375929,-0.301707,148.749908,149.300125,-765.705933,0,0
128.560000,0.701144,1.301407,0.583597,0.294990,0.939949,-0.171687,-0.146652,0.222092,0.963934,0.944179,-0.259172,0.203361,0.466245,0.425365,0.414210,0.655828,2.703622,0.832595,0.248761,-0.398188,-0.255198,0.137122,0.171687,-0.963934,-0.203361,0.000000,0.000000,0.000000,-1,-0.384857,-1.139404,0.161377,2.707302,0.731971,0.252997,145.596191,150.347839,-760.361816,0,0
128.600000,0.787856,1.384439,0.438524,0.342858,0.930161,-0.131335,-0.078671,0.167749,0.982686,0.936087,-0.326589,0.130691,0.510984,0.416593,0.393727,0.640566,1.294562,-2.169581,0.511880,-0.631579,-0.128170,0.259155,0.131335,-0.982686,-0.130691,0.000000,0.000000,0.000000,-1,-0.377365,-1.173676,-0.071503,1.344708,-2.151204,0.668221,145.070587,146.680817,-757.188782,0,0
128.640000,0.859844,1.417990,0.292864,0.408563,0.905414,-0.113057,-0.037991,0.141874,0.989155,0.906893,-0.410799,0.093752,0.544063,0.396383,0.364772,0.643287,1.412335,-2.450971,0.222520,-0.047231,0.017064,-0.042708,0.113057,-0.989155,-0.093752,0.000000,0.000000,0.000000,-1,0.065826,-0.972092,-0.136459,1.416101,-2.551565,0.226734,143.668930,146.680817,-753.180725,0,0
128.680000,1.186423,1.471198,-0.120087,0.482784,0.870875,-0.092178,0.011912,0.098717,0.995044,0.875658,-0.481490,0.037285,0.580255,0.380344,0.337559,0.636158,1.799877,-0.979201,0.348826,0.094818,0.106723,0.116677,0.092178,-0.995044,-0.037285,0.000000,0.000000,0.000000,-1,0.148285,-0.880554,0.143341,1.803643,-1.079795,0.353040,142.968109,146.680817,-745.832642,0,0
128.720000,1.936037,1.477355,-0.873276,0.483339,0.871085,-0.087151,0.071513,0.059932,0.995638,0.872508,-0.487463,-0.033326,0.603476,0.390487,0.325347,0.614399,1.286228,0.362550,0.037826,-0.023689,0.174303,0.141845,0.087151,-0.995638,0.033326,0.000000,0.000000,0.000000,-1,0.041199,-0.846252,0.143799,1.380381,0.246066,0.049625,142.442490,148.252396,-744.663574,0,0
128.760000,2.296171,1.457066,-1.209393,0.460818,0.883423,-0.084915,0.106154,0.040127,0.993540,0.881123,-0.466855,-0.075288,0.611551,0.404536,0.325487,0.597004,0.765904,0.982826,0.079056,-0.106522,0.000345,-0.141084,0.084915,-0.993540,0.075288,0.000000,0.000000,0.000000,-1,-0.021606,-0.993195,-0.065796,0.769670,0.882234,0.083270,141.566467,147.379303,-741.824585,0,0
128.800000,2.534343,1.439002,-1.411561,0.428291,0.900524,-0.074986,0.129751,0.020837,0.991328,0.894277,-0.434306,-0.107920,0.615502,0.418469,0.332773,0.579053,1.165607,1.250328,0.293633,-0.044026,0.021387,-0.230264,0.074986,-0.991328,0.107920,0.000000,0.000000,0.000000,-1,0.004135,-0.924988,-0.080032,1.169374,1.149736,0.297846,142.792908,148.601639,-741.991577,0,0
128.840000,2.805683,1.392661,-1.654287,0.402015,0.913768,-0.058409,0.176578,-0.014777,0.984176,0.898445,-0.405967,-0.167292,0.629302,0.433157,0.333718,0.552256,1.378836,0.421313,0.338636,-0.095793,0.078612,-0.091562,0.058409,-0.984176,0.167292,0.000000,0.000000,0.000000,-1,-0.018097,-0.868683,0.077713,1.362281,0.359889,0.302476,142.968109,150.173218,-743.160583,0,0
128.880000,2.904366,1.358367,-1.756182,0.404953,0.912994,-0.049548,0.207223,-0.038862,0.977522,0.890546,-0.406117,-0.204931,0.642017,0.436210,0.327482,0.538785,1.148103,-0.492747,0.236806,0.010343,0.160810,-0.279668,0.049548,-0.977522,0.204931,0.000000,0.000000,0.000000,-1,0.085297,-0.862259,-0.123276,1.211680,-0.403508,0.274606,142.092072,148.252396,-740.989563,0,0
128.920000,2.929205,1.310198,-1.830818,0.448155,0.892304,-0.054313,0.248997,-0.066244,0.966236,0.858579,-0.446548,-0.251869,0.664505,0.429380,0.302581,0.531517,1.129724,-1.439773,0.066833,-0.027290,0.014149,-0.275840,0.054313,-0.966236,0.251869,0.000000,0.000000,0.000000,-1,0.030609,-0.963120,-0.007874,1.133491,-1.540362,0.071046,142.267288,151.570175,-739.486511,0,0
128.960000,2.885087,1.274088,-1.870727,0.517573,0.852418,-0.074176,0.279321,-0.086383,0.956304,0.808763,-0.515676,-0.282808,0.686798,0.411962,0.267396,0.535813,0.566989,-2.026025,0.103338,-0.049350,-0.104273,-0.266710,0.074176,-0.956304,0.282808,0.000000,0.000000,0.000000,-1,0.014908,-1.059402,0.025162,0.643051,-2.095876,0.101297,141.916870,150.522461,-735.144470,0,0
129.000000,2.838871,1.264230,-1.909363,0.585117,0.805943,-0.089968,0.284655,-0.100234,0.953375,0.759348,-0.583446,-0.288064,0.702392,0.388173,0.238250,0.546996,0.127509,-1.572132,0.190167,-0.111468,-0.160364,-0.146539,0.089968,-0.953375,0.288064,0.000000,0.000000,0.000000,-1,-0.021500,-1.113739,0.141525,0.131275,-1.672720,0.194380,144.019348,151.570175,-732.138428,0,0
129.040000,2.817869,1.256676,-1.925165,0.612711,0.784172,-0.098286,0.289781,-0.107215,0.951069,0.735263,-0.611211,-0.292931,0.709376,0.378485,0.224485,0.550583,0.444219,-0.893848,0.019802,-0.056797,-0.365170,-0.191765,0.098286,-0.951069,0.292931,0.000000,0.000000,0.000000,-1,0.027328,-1.352463,0.045944,0.447985,-0.994435,0.024016,144.895370,151.046326,-727.629395,0,0
129.080000,2.813245,1.251653,-1.931345,0.620449,0.777693,-0.101179,0.293580,-0.110688,0.949504,0.727224,-0.618823,-0.296991,0.712062,0.376117,0.219800,0.550629,-0.399126,0.262799,0.000476,-0.183485,-0.495701,-0.273157,0.101179,-0.949505,0.296991,0.000000,0.000000,0.000000,-1,-0.134491,-1.502899,0.010941,-0.242476,0.003147,-0.019680,145.946609,150.347839,-725.625366,0,1
129.120000,2.820810,1.298110,-1.865845,0.566491,0.819681,-0.084919,0.257681,-0.078314,0.963051,0.782744,-0.567442,-0.255581,0.689272,0.390761,0.253102,0.555112,-1.560401,2.364416,-0.506794,-0.238056,-0.151756,-0.196117,0.084919,-0.963051,0.255581,0.000000,0.000000,0.000000,-1,-0.153137,-1.114807,0.059464,-1.556635,2.263831,-0.502581,144.720169,150.173218,-727.128357,0,0
129.160000,2.749111,1.350682,-1.704045,0.492698,0.866184,-0.083512,0.216406,-0.029008,0.975872,0.842862,-0.498883,-0.201739,0.656400,0.412321,0.289210,0.561683,-2.455371,3.261154,-0.630750,0.006286,0.219296,-0.117862,0.083512,-0.975872,0.201739,0.000000,0.000000,0.000000,-1,0.106003,-0.766815,0.005173,-2.451605,3.160569,-0.626537,145.070587,150.173218,-730.802429,0,0
129.200000,2.268900,1.451910,-1.116990,0.401883,0.911172,-0.090860,0.106601,0.051996,0.992941,0.909465,-0.408732,-0.076236,0.597102,0.426130,0.342741,0.586865,-3.142220,0.605691,-0.378239,-0.160043,-0.045099,-0.028842,0.090860,-0.992941,0.076236,0.000000,0.000000,0.000000,-1,0.006302,-1.096054,0.034607,-3.170067,0.945071,-0.389493,145.070587,146.680817,-737.148499,0,0
129.240000,1.127314,1.438769,-0.016901,0.444158,0.888022,-0.118909,0.002225,0.131625,0.991297,0.895946,-0.440558,0.056487,0.560367,0.397171,0.346664,0.638802,-2.455857,-1.943718,-0.824251,0.142809,-0.416662,0.126845,0.118909,-0.991297,-0.056487,0.000000,0.000000,0.000000,-1,0.261719,-1.407959,0.070358,-2.452090,-2.044300,-0.820039,144.194550,144.410767,-742.325562,0,0
129.280000,0.795508,1.392679,0.258158,0.497273,0.858316,-0.126543,-0.045233,0.171306,0.984179,0.866414,-0.483682,0.124010,0.548169,0.370818,0.337428,0.669438,-1.631400,-1.801692,-0.155327,0.191526,-0.272474,0.314928,0.126543,-0.984179,-0.124010,0.000000,0.000000,0.000000,-1,0.340057,-1.164352,0.310089,-1.627632,-1.902274,-0.151116,147.698669,144.061523,-744.663574,0,0
129.320000,0.749837,1.373892,0.382166,0.429758,0.893046,-0.133329,-0.072958,0.181521,0.980677,0.899992,-0.411727,0.143165,0.525612,0.390063,0.364653,0.662277,-1.173128,5.017004,0.155620,0.099597,0.048929,0.467720,0.133329,-0.980677,-0.143165,0.000000,0.000000,0.000000,-1,0.130035,-0.947830,0.144058,-0.671844,4.568768,0.217612,149.100311,142.664566,-749.339661,0,0
129.360000,0.512123,1.297500,0.779174,0.288654,0.948254,-0.132262,-0.189662,0.192037,0.962886,0.938460,-0.252856,0.235280,0.464041,0.408688,0.434335,0.654975,-2.769908,1.321202,0.944076,-0.484450,-0.085850,0.238408,0.132262,-0.962886,-0.235280,0.000000,0.000000,0.000000,-1,-0.352188,-1.048737,0.003128,-2.766141,1.220622,0.948287,149.100311,142.664566,-749.339661,0,0
129.400000,0.437366,1.248609,0.896036,0.252189,0.958339,-0.134115,-0.247252,0.197810,0.948545,0.935557,-0.206052,0.286837,0.438047,0.405828,0.457394,0.658945,-1.475462,1.345183,-0.044666,-0.105551,0.350416,0.239428,0.134115,-0.948545,-0.286837,0.000000,0.000000,0.000000,-1,0.191330,-0.594635,-0.059784,-1.471694,1.244603,-0.040454,149.976349,144.934616,-758.524780,0,0
129.440000,0.418082,1.206330,0.968215,0.205426,0.967913,-0.144722,-0.293671,0.202026,0.934314,0.933572,-0.149432,0.325749,0.411598,0.409527,0.479139,0.658256,-0.872713,0.959790,0.298266,0.268700,0.435703,0.374547,0.144722,-0.934314,-0.325749,0.000000,0.000000,0.000000,-1,0.397247,-0.439407,0.028580,-0.929663,0.886721,0.265792,151.202789,146.156952,-762.699829,0,0
129.480000,0.386780,1.195742,1.020244,0.185387,0.972902,-0.138180,-0.312194,0.191645,0.930488,0.931755,-0.129361,0.339262,0.404500,0.408349,0.490467,0.655037,0.065009,-0.231932,0.259270,0.199985,0.546317,0.282637,0.138180,-0.930488,-0.339262,0.000000,0.000000,0.000000,-1,0.338165,-0.384171,-0.056625,0.068776,-0.332510,0.263481,151.202789,146.156952,-762.699829,0,0
129.520000,0.364528,1.211909,1.029783,0.195040,0.972769,-0.125218,-0.301072,0.180887,0.936288,0.933442,-0.144914,0.328154,0.414125,0.405491,0.487911,0.652702,0.719858,-0.499040,0.295806,0.179653,0.553430,0.261961,0.125218,-0.936288,-0.328154,0.000000,0.000000,0.000000,-1,0.291290,-0.406677,-0.096863,0.723625,-0.599617,0.300017,149.625931,145.283859,-763.200867,0,0
129.560000,0.365406,1.261243,1.016414,0.202294,0.973256,-0.108854,-0.259007,0.160365,0.952470,0.944454,-0.164485,0.284521,0.435146,0.410350,0.480068,0.641712,1.293430,0.078814,0.315597,0.089220,0.454530,0.098349,0.108854,-0.952470,-0.284521,0.000000,0.000000,0.000000,-1,0.191635,-0.549347,-0.235840,1.255648,-0.133086,0.319704,150.151550,145.458481,-762.031860,0,1
129.600000,0.427297,1.301922,0.979507,0.175620,0.978284,-0.110087,-0.220545,0.148080,0.964071,0.959436,-0.145031,0.241762,0.443221,0.427405,0.479078,0.625592,0.852989,1.226554,0.022766,0.136510,-0.502040,-0.587187,0.110087,-0.964071,-0.241761,0.000000,0.000000,0.000000,-1,0.246597,-1.466110,-0.828949,0.856827,1.125999,0.026959,150.151550,145.458481,-762.031860,0,0
129.640000,0.361158,1.283756,1.047979,0.173482,0.979743,-0.100041,-0.245295,0.141366,0.959086,0.953800,-0.141845,0.264850,0.437969,0.419235,0.487340,0.628430,-1.796491,-1.146589,0.498803,0.197017,-1.557149,-1.372814,0.100041,-0.959086,-0.264850,0.000000,0.000000,0.000000,-1,0.032776,-1.619141,-1.392426,-1.792654,-1.247143,0.502997,149.275528,145.633102,-761.530823,0,0
129.680000,0.279697,1.233939,1.151865,0.152959,0.984011,-0.091246,-0.301940,0.134451,0.943798,0.940976,-0.116812,0.317678,0.418578,0.407374,0.507511,0.633460,-0.882431,1.589304,0.147692,-0.082334,0.514965,-0.380061,0.091245,-0.943798,-0.317678,0.000000,0.000000,0.000000,-1,0.052200,-0.355759,-0.403580,-0.910409,1.169757,0.238773,149.976349,146.680817,-762.866882,0,0
129.720000,0.370845,1.221970,1.161878,0.058090,0.990597,-0.123868,-0.313615,0.135904,0.939774,0.947772,-0.015745,0.318560,0.388467,0.435676,0.530228,0.614930,0.260428,2.032331,0.041617,0.099857,-0.286483,0.379977,0.123868,-0.939774,-0.318560,0.000000,0.000000,0.000000,-1,0.223724,-1.226257,0.061417,0.264265,1.931779,0.045810,150.501968,146.855438,-765.705933,0,0
129.760000,0.395214,1.240941,1.146493,0.048001,0.991032,-0.124706,-0.295184,0.133348,0.946089,0.954234,-0.008602,0.298937,0.392338,0.443399,0.528580,0.608335,0.922783,-1.979966,-0.268819,-0.094157,-0.029313,-0.107938,0.124706,-0.946089,-0.298937,0.000000,0.000000,0.000000,-1,0.011200,-1.091660,-0.359985,0.926621,-2.080517,-0.264626,151.728409,145.633102,-765.538879,0,0
129.800000,0.243471,1.256019,1.021615,0.311074,0.947450,-0.074637,-0.264078,0.161610,0.950866,0.912960,-0.276079,0.300473,0.460703,0.370831,0.454915,0.665800,0.466227,-5.183978,-0.298257,0.602273,-0.132600,1.129376,0.074637,-0.950866,-0.300473,0.000000,0.000000,0.000000,-1,0.872391,-1.137283,0.580322,0.438148,-6.004625,-0.435128,150.677170,145.982346,-758.524780,0,0
129.840000,0.377433,1.313427,0.923057,0.276706,0.956365,-0.093806,-0.202981,0.153584,0.967063,0.939272,-0.248552,0.236621,0.470771,0.400080,0.448980,0.645545,1.583102,2.211078,-0.256718,0.200124,0.448173,0.368946,0.093806,-0.967063,-0.236621,0.000000,0.000000,0.000000,-1,0.293930,-0.518890,0.132324,1.586940,2.110528,-0.252525,150.677170,145.982346,-758.524780,0,0
129.880000,0.529792,1.362155,0.806774,0.240008,0.965111,-0.104674,-0.149561,0.143300,0.978313,0.959181,-0.219148,0.178736,0.479054,0.425604,0.445934,0.624909,2.185200,0.468773,0.191271,-0.473861,-0.145573,0.656717,0.104674,-0.978313,-0.178736,0.000000,0.000000,0.000000,-1,-0.436523,-1.229797,0.137970,2.189038,0.368223,0.195464,151.553207,144.759995,-756.687744,0,0
129.920000,0.597186,1.429059,0.634548,0.335945,0.938526,-0.079435,-0.083743,0.113765,0.989972,0.938151,-0.325925,0.116814,0.525682,0.406511,0.408382,0.625804,1.346606,-3.744824,-0.009169,-0.705290,-0.342685,-0.166298,0.079435,-0.989972,-0.116814,0.000000,0.000000,0.000000,-1,-0.504715,-1.182144,-0.248291,1.332788,-3.762534,0.089516,149.625931,143.188416,-752.512695,0,0
129.960000,0.936152,1.487678,0.195379,0.425814,0.902337,-0.066857,-0.016118,0.081443,0.996548,0.904667,-0.423267,0.049223,0.569023,0.389360,0.368092,0.623795,1.725611,-0.930403,0.399439,0.038063,-0.035053,0.172652,0.066857,-0.996548,-0.049223,0.000000,0.000000,0.000000,-1,0.104919,-1.031601,0.123428,1.729448,-1.030951,0.403632,148.224289,143.537659,-747.168640,0,0
130.000000,1.487531,1.509849,-0.365628,0.433307,0.899200,-0.060699,0.021777,0.056884,0.998143,0.900983,-0.433824,0.005066,0.585525,0.393227,0.358774,0.611403,1.280553,0.159950,0.002657,0.061631,0.224980,0.190857,0.060699,-0.998143,-0.005066,0.000000,0.000000,0.000000,-1,0.133255,-0.790176,0.141144,1.284390,0.059403,0.006850,147.873871,145.283859,-744.830627,0,0
130.040000,2.022448,1.494930,-0.862188,0.397136,0.915223,-0.068194,0.057548,0.049325,0.997123,0.915954,-0.399918,-0.033080,0.587557,0.413905,0.360714,0.594428,0.618617,1.459527,-0.151215,0.122755,0.116844,-0.066879,0.068194,-0.997124,0.033080,0.000000,0.000000,0.000000,-1,0.215302,-0.932556,-0.077179,0.599837,1.215780,-0.195058,150.852371,142.664566,-743.327576,0,0
130.080000,2.510745,1.465600,-1.288311,0.338227,0.939024,-0.061934,0.100841,0.029269,0.994472,0.935646,-0.342603,-0.084793,0.590286,0.440407,0.370038,0.566282,1.392070,0.801559,0.122987,0.084536,0.061595,-0.278823,0.061934,-0.994472,0.084793,0.000000,0.000000,0.000000,-1,0.146469,-0.932877,-0.194031,1.395907,0.701014,0.127180,148.574707,143.886902,-745.498596,0,0
130.120000,2.696652,1.431863,-1.475706,0.338629,0.939030,-0.059605,0.137861,0.013149,0.990364,0.930766,-0.343583,-0.125003,0.602180,0.447080,0.361669,0.553799,1.277083,-0.493053,0.062019,-0.074055,0.055962,-0.219897,0.059605,-0.990364,0.125003,0.000000,0.000000,0.000000,-1,-0.052872,-0.886124,-0.028763,1.280921,-0.593598,0.066212,148.399490,144.759995,-743.995605,0,0
130.160000,2.787158,1.379541,-1.602876,0.370637,0.926432,-0.065973,0.189994,-0.006097,0.981766,0.909137,-0.376413,-0.178276,0.623500,0.447644,0.338077,0.544579,1.368113,-0.579065,-0.027948,-0.178308,0.130967,-0.076820,0.065973,-0.981766,0.178276,0.000000,0.000000,0.000000,-1,-0.091858,-0.901001,0.073349,1.312219,-0.806873,-0.049116,149.625931,143.886902,-741.490540,0,0
130.200000,2.875922,1.318316,-1.705095,0.381141,0.922187,-0.065588,0.247557,-0.033448,0.968296,0.890756,-0.385294,-0.241042,0.643357,0.454547,0.320649,0.525987,1.252584,-0.444319,0.039731,-0.077414,-0.029156,-0.381728,0.065588,-0.968296,0.241042,0.000000,0.000000,0.000000,-1,-0.011826,-0.997452,-0.140686,1.256421,-0.544862,0.043924,150.677170,145.633102,-739.486511,0,0
130.240000,2.874784,1.290835,-1.732328,0.405230,0.911307,-0.072853,0.272722,-0.044440,0.961066,0.872589,-0.409321,-0.266542,0.655021,0.451905,0.305233,0.523031,0.752214,-1.355055,0.037624,-0.158713,0.024347,-0.262458,0.074484,-0.960199,0.269203,0.000000,0.000000,0.000000,-1,-0.084229,-0.935852,0.006744,0.756051,-1.306138,0.019900,150.326767,144.585373,-736.814514,0,0
130.280000,2.848043,1.278951,-1.774952,0.465429,0.881161,-0.083252,0.281745,-0.058332,0.957715,0.839044,-0.469204,-0.275412,0.670666,0.433489,0.281732,0.531903,0.054759,-1.362050,0.328324,-0.175110,-0.012836,-0.244955,0.083252,-0.957715,0.275412,0.000000,0.000000,0.000000,-1,-0.101196,-1.018860,0.059372,0.115882,-1.535773,0.314132,150.501968,144.759995,-735.645508,0,0
130.320000,2.837480,1.278081,-1.815520,0.509337,0.856218,-0.086406,0.279955,-0.069913,0.957464,0.813757,-0.511862,-0.275312,0.680912,0.417152,0.267050,0.539470,0.318140,-1.002861,0.178071,-0.067821,-0.476237,-0.285200,0.086406,-0.957464,0.275312,0.000000,0.000000,0.000000,-1,0.018585,-1.433701,-0.009888,0.321977,-1.103401,0.182263,150.501968,144.759995,-735.645508,0,0
130.360000,2.842759,1.273954,-1.844077,0.529013,0.844233,-0.086114,0.281648,-0.078944,0.956265,0.800512,-0.530130,-0.279539,0.686931,0.409750,0.259996,0.540955,0.018091,-0.431256,0.281979,-0.202829,-0.573536,-0.310331,0.086114,-0.956265,0.279539,0.000000,0.000000,0.000000,-1,-0.116714,-1.529800,-0.030792,0.021928,-0.531796,0.286171,150.852371,146.855438,-732.973450,0,0
130.400000,2.862226,1.312921,-1.819370,0.494918,0.866089,-0.070323,0.247189,-0.062742,0.966934,0.833039,-0.495936,-0.245140,0.671342,0.414572,0.284027,0.544756,-1.835690,2.085674,-0.411002,-0.160869,-0.205612,-0.153648,0.070323,-0.966934,0.245140,0.000000,0.000000,0.000000,-1,-0.090546,-1.172546,0.091492,-1.619840,1.856009,-0.262834,149.976349,147.030060,-735.144470,0,1
130.440000,2.745674,1.390634,-1.612772,0.417797,0.905908,-0.069106,0.179032,-0.007519,0.983815,0.890726,-0.423407,-0.165328,0.630604,0.430120,0.325728,0.557887,-3.115725,2.804266,-0.550121,0.239824,0.185154,-0.283995,0.069106,-0.983815,0.165328,0.000000,0.000000,0.000000,-1,0.308929,-0.798660,-0.118668,-3.111888,2.703728,-0.545928,150.677170,145.283859,-738.484497,0,0
130.480000,1.956649,1.477563,-0.732524,0.337077,0.937518,-0.086253,0.062259,0.069217,0.995657,0.939416,-0.340983,-0.035037,0.570723,0.437943,0.373720,0.585503,-3.169721,0.854803,-0.371603,0.049565,-0.025064,-0.044727,0.086253,-0.995657,0.035037,0.000000,0.000000,0.000000,-1,0.135818,-1.020721,-0.009689,-3.165879,0.754266,-0.367404,150.326767,142.839172,-745.832642,0,0
130.520000,0.813602,1.433386,0.361381,0.387980,0.916276,-0.099551,-0.048431,0.128131,0.990574,0.920394,-0.379502,0.094088,0.539852,0.401890,0.380124,0.634468,-2.420208,-2.466031,-0.546773,0.203427,-0.475857,0.088931,0.099551,-0.990574,-0.094088,0.000000,0.000000,0.000000,-1,0.302979,-1.466431,-0.005157,-2.485131,-2.340677,-0.498159,152.254028,144.061523,-750.341675,0,0
130.560000,0.550781,1.365578,0.560043,0.449758,0.886760,-0.106649,-0.108253,0.172650,0.979017,0.886566,-0.428775,0.173645,0.525229,0.370556,0.371227,0.670084,-1.867586,-0.057841,-0.253127,0.276270,-0.334719,0.652862,0.106649,-0.979017,-0.173645,0.000000,0.000000,0.000000,-1,0.382919,-1.313736,0.479218,-1.863744,-0.158376,-0.248927,153.305267,143.712280,-751.343689,0,0
130.600000,0.667395,1.322791,0.586140,0.322441,0.934317,-0.151932,-0.135782,0.204497,0.969404,0.936800,-0.291946,0.192802,0.480921,0.415107,0.408002,0.655694,-0.966147,4.876097,-0.453398,0.072631,-0.039950,0.469398,0.151932,-0.969404,-0.192802,0.000000,0.000000,0.000000,-1,0.091461,-1.021286,0.012589,-0.962309,4.775562,-0.449198,153.305267,143.013794,-756.353760,0,0
130.640000,0.507817,1.234387,0.847273,0.234466,0.958780,-0.160518,-0.247403,0.218536,0.943946,0.940116,-0.181611,0.288444,0.426464,0.417021,0.457013,0.659819,-2.358280,0.563237,0.331346,-0.351634,0.177848,0.290962,0.160518,-0.943946,-0.288444,0.000000,0.000000,0.000000,-1,-0.191116,-0.766098,0.002518,-2.626345,0.435241,0.398221,155.582947,145.982346,-759.526794,0,0
130.680000,0.469984,1.168853,0.933531,0.195512,0.964566,-0.177167,-0.314423,0.232768,0.920303,0.928931,-0.124225,0.348791,0.391776,0.414869,0.479716,0.666534,-1.242177,0.907198,-0.084593,-0.011655,0.408904,0.376501,0.177167,-0.920303,-0.348791,0.000000,0.000000,0.000000,-1,0.165512,-0.511398,0.027710,-1.238283,0.806680,-0.080408,156.108551,145.807724,-764.369873,0,0
130.720000,0.458020,1.142793,0.977265,0.168161,0.968525,-0.183526,-0.344068,0.232137,0.909796,0.923764,-0.089846,0.372275,0.375416,0.415843,0.492945,0.665690,-0.827353,0.936320,0.241519,0.014457,0.543265,0.418860,0.183526,-0.909796,-0.372275,0.000000,0.000000,0.000000,-1,0.197983,-0.366531,0.046585,-0.823460,0.835802,0.245704,156.634171,147.379303,-765.538879,0,0
130.760000,0.447682,1.143262,1.017062,0.138995,0.973892,-0.179483,-0.352669,0.218040,0.909991,0.925367,-0.063186,0.373768,0.369861,0.419904,0.504166,0.657800,0.416553,0.067230,0.416818,-0.009134,0.575900,0.274937,0.179483,-0.909991,-0.373768,0.000000,0.000000,0.000000,-1,0.170349,-0.334091,-0.098831,0.266282,0.127811,0.386873,157.335007,148.077774,-767.208923,0,0
130.800000,0.427403,1.180652,1.017776,0.151792,0.975760,-0.157647,-0.323632,0.199768,0.924854,0.933928,-0.089366,0.346110,0.389203,0.418887,0.498636,0.651473,1.281199,-0.932541,0.413928,0.069343,0.546253,0.112788,0.157647,-0.924854,-0.346110,0.000000,0.000000,0.000000,-1,0.226990,-0.378601,-0.233322,1.285093,-1.033057,0.418113,156.458969,148.950882,-765.705933,0,0
130.840000,0.413417,1.244262,0.991148,0.183227,0.974588,-0.128864,-0.268368,0.175691,0.947160,0.945731,-0.138963,0.293740,0.422432,0.417949,0.483431,0.642779,1.537255,-0.777862,0.337011,0.214307,0.201813,-0.084099,0.128864,-0.947160,-0.293740,0.000000,0.000000,0.000000,-1,0.343170,-0.745346,-0.377838,1.541149,-0.878377,0.341196,153.305267,148.601639,-764.035889,0,1
130.880000,0.459291,1.268199,0.949419,0.177754,0.975167,-0.132107,-0.242298,0.173483,0.954566,0.953779,-0.137669,0.267118,0.429288,0.426793,0.478508,0.636073,0.147568,0.981053,-0.337453,0.394931,-0.851251,-0.752566,0.132107,-0.954566,-0.267118,0.000000,0.000000,0.000000,-1,0.448242,-2.318985,-1.366974,0.151462,0.880538,-0.333269,156.108551,146.506195,-762.365845,0,0
130.920000,0.402151,1.218923,1.047120,0.141994,0.980633,-0.134898,-0.298469,0.172352,0.938729,0.943798,-0.093031,0.317161,0.403881,0.422255,0.500703,0.638652,-1.072990,0.626383,0.010544,-0.086376,0.002419,-0.854973,0.134898,-0.938729,-0.317161,0.000000,0.000000,0.000000,-1,0.048523,-0.936310,-1.172134,-1.069096,0.525869,0.014729,155.933350,146.680817,-765.204895,0,0
130.960000,0.420557,1.177593,1.092714,0.085156,0.984011,-0.156428,-0.340190,0.176278,0.923686,0.936493,-0.025442,0.349762,0.373870,0.430511,0.521615,0.634665,-0.774951,0.882594,-0.232170,0.509786,-0.396763,0.102326,0.156428,-0.923686,-0.349762,0.000000,0.000000,0.000000,-1,0.666214,-1.320450,-0.247437,-0.771057,0.782081,-0.227985,157.335007,149.125504,-765.538879,0,0
131.000000,0.434839,1.172936,1.093223,0.071944,0.983963,-0.163218,-0.344097,0.178080,0.921892,0.936174,-0.010162,0.351390,0.368264,0.434381,0.524730,0.632735,-0.109911,0.250075,0.045240,0.123587,-0.104384,0.243038,0.163218,-0.921892,-0.351390,0.000000,0.000000,0.000000,-1,0.286804,-1.026276,-0.108353,-0.013607,0.367865,-0.018530,157.335007,149.125504,-765.538879,0,0
131.040000,0.445940,1.177711,1.082537,0.071358,0.983674,-0.165208,-0.338282,0.179680,0.923732,0.938335,-0.010029,0.345581,0.369492,0.436675,0.523102,0.631787,0.950910,-0.641155,-0.399618,-0.112763,-0.019155,0.223908,0.165208,-0.923732,-0.345581,0.000000,0.000000,0.000000,-1,0.052444,-0.942886,-0.121674,0.954804,-0.741666,-0.395434,158.211029,149.300125,-767.709961,0,0
131.080000,0.425559,1.203104,1.007835,0.160306,0.975849,-0.148397,-0.303990,0.191843,0.933159,0.939091,-0.104480,0.327402,0.400332,0.419564,0.493774,0.647987,0.995574,-4.661510,-0.421324,0.225550,0.258828,0.943475,0.148397,-0.933159,-0.327402,0.000000,0.000000,0.000000,-1,0.492584,-0.714569,0.618988,0.999468,-4.762021,-0.417139,157.159790,148.950882,-765.371887,0,0
131.120000,0.450174,1.282998,0.846046,0.284538,0.950676,-0.123506,-0.212503,0.188173,0.958871,0.934816,-0.246590,0.255563,0.458476,0.402514,0.442395,0.657319,3.239793,2.083580,-0.429698,0.039259,-0.018882,0.365793,0.123506,-0.958871,-0.255563,0.000000,0.000000,0.000000,-1,0.162766,-0.977753,0.110229,3.087382,1.792282,-0.391018,153.655670,147.903152,-762.699829,0,0
131.160000,0.667756,1.383292,0.629535,0.276499,0.954057,-0.115428,-0.109751,0.150673,0.982473,0.954727,-0.258984,0.146370,0.494837,0.426557,0.424028,0.627204,1.825847,-2.486635,0.529820,-0.705196,-0.325908,-0.354790,0.115428,-0.982473,-0.146370,0.000000,0.000000,0.000000,-1,-0.589767,-1.308380,-0.501160,1.829741,-2.587144,0.534005,154.882111,147.728546,-759.860840,0,0
131.200000,0.703152,1.407408,0.528843,0.336702,0.935718,-0.105182,-0.082069,0.140441,0.986682,0.938028,-0.323586,0.124080,0.517731,0.412207,0.402162,0.632697,1.358107,-3.354882,-0.125929,-0.494784,-0.334638,-0.110249,0.105182,-0.986682,-0.124080,0.000000,0.000000,0.000000,-1,-0.267258,-1.201385,-0.178909,1.362001,-3.455390,-0.121745,154.706909,146.506195,-756.353760,0,0
131.240000,0.960293,1.468316,0.170313,0.426840,0.900434,-0.083822,-0.017339,0.100821,0.994753,0.904161,-0.423148,0.058647,0.562888,0.392216,0.364344,0.629744,1.932763,-0.912041,0.649182,-0.013967,0.049090,0.098839,0.083822,-0.994753,-0.058647,0.000000,0.000000,0.000000,-1,0.094223,-0.817368,0.125824,1.923563,-1.315810,0.626159,155.232529,145.982346,-751.510681,0,0
131.280000,1.745106,1.497535,-0.611432,0.421817,0.903811,-0.072087,0.042018,0.059935,0.997318,0.905707,-0.423715,-0.012694,0.586212,0.403365,0.355511,0.606024,1.228743,0.647593,-0.006411,0.095424,0.234927,0.115327,0.072087,-0.997318,0.012694,0.000000,0.000000,0.000000,-1,0.167511,-0.762390,0.128021,1.232636,0.547086,-0.002227,152.254028,145.807724,-747.669678,0,0
131.320000,2.223026,1.481788,-1.056368,0.390488,0.917894,-0.070645,0.077386,0.043738,0.996041,0.917350,-0.394409,-0.053953,0.591757,0.420477,0.357708,0.587425,0.906894,1.003826,-0.001280,0.051685,0.111703,-0.088805,0.070645,-0.996041,0.053953,0.000000,0.000000,0.000000,-1,0.122330,-0.884338,-0.034851,0.910787,0.903320,0.002904,152.779648,145.982346,-747.836670,0,0
131.360000,2.516701,1.454747,-1.312036,0.354202,0.932712,-0.067738,0.111934,0.029628,0.993274,0.928446,-0.359402,-0.093908,0.595500,0.438558,0.361338,0.567874,1.229249,1.202113,0.014482,0.029492,0.021976,-0.181920,0.067737,-0.993274,0.093908,0.000000,0.000000,0.000000,-1,0.090240,-0.961838,-0.062317,1.174627,1.098412,0.008689,152.604431,147.204681,-746.667603,0,0
131.400000,2.767572,1.401771,-1.536059,0.327607,0.942813,-0.061462,0.168120,0.005842,0.985749,0.929736,-0.333272,-0.156592,0.607939,0.456844,0.357057,0.542415,1.391298,0.037055,0.089223,-0.124755,0.067979,-0.062140,0.061462,-0.985749,0.156592,0.000000,0.000000,0.000000,-1,-0.063293,-0.917770,0.094452,1.395191,-0.063449,0.093408,153.130051,147.030060,-746.166626,0,0
131.440000,2.853054,1.364050,-1.632090,0.336693,0.939801,-0.058412,0.204891,-0.012574,0.978704,0.919053,-0.341491,-0.196791,0.621703,0.460305,0.346082,0.530878,1.340270,-0.548001,0.210499,-0.076280,0.110021,-0.225798,0.057177,-0.974931,0.215036,0.000000,0.000000,0.000000,-1,0.007294,-0.897461,-0.077026,1.293101,-0.828698,0.243716,152.779648,147.030060,-743.494568,0,0
131.480000,2.903106,1.312565,-1.728077,0.377780,0.923928,-0.060327,0.252219,-0.039999,0.966843,0.890880,-0.380470,-0.248143,0.645353,0.455621,0.321744,0.521929,1.139258,-1.279780,0.058587,-0.000665,-0.026306,-0.348835,0.060327,-0.966843,0.248143,0.000000,0.000000,0.000000,-1,0.074692,-1.008636,-0.093140,1.181559,-1.301797,0.082204,153.830887,146.331573,-742.492554,0,0
131.520000,2.849204,1.281786,-1.769241,0.459641,0.884297,-0.082149,0.279410,-0.056187,0.958526,0.843006,-0.463532,-0.272907,0.668718,0.435051,0.284446,0.531636,0.158825,-1.682626,0.092486,-0.072430,-0.077423,-0.298741,0.082149,-0.958526,0.272907,0.000000,0.000000,0.000000,-1,-0.034332,-1.066986,0.031219,0.162718,-1.783128,0.096670,152.954849,147.903152,-738.651489,0,0
131.560000,2.826310,1.280989,-1.778412,0.486740,0.869041,-0.088612,0.279631,-0.058905,0.958299,0.827581,-0.491221,-0.271682,0.674041,0.426039,0.274082,0.537623,0.082499,-1.534155,0.121377,-0.193547,-0.211272,-0.117522,0.088612,-0.958299,0.271682,0.000000,0.000000,0.000000,-1,-0.127426,-1.243149,0.183823,0.086392,-1.634656,0.125562,153.655670,148.252396,-737.315491,0,0
131.600000,2.810192,1.270645,-1.802476,0.519636,0.848955,-0.096200,0.287765,-0.067888,0.955292,0.804469,-0.524087,-0.279577,0.683209,0.415948,0.259170,0.541334,0.292579,-0.278995,0.032555,-0.217187,-0.374359,-0.248800,0.096200,-0.955292,0.279577,0.000000,0.000000,0.000000,-1,-0.095093,-1.363144,-0.001801,0.318729,-0.502470,0.043431,154.531708,148.077774,-737.148499,0,1
131.640000,2.822963,1.283128,-1.791737,0.501207,0.860751,-0.088879,0.276820,-0.062176,0.958908,0.819855,-0.505215,-0.269436,0.676908,0.420135,0.269969,0.540739,-0.945607,1.642086,0.032213,-0.160534,-0.436340,-0.321515,0.088879,-0.958908,0.269436,0.000000,0.000000,0.000000,-1,-0.055038,-1.275696,-0.062515,-0.941714,1.541587,0.036397,155.057327,149.649353,-736.313477,0,0
131.680000,2.809982,1.310041,-1.734360,0.464327,0.881678,-0.083935,0.254370,-0.041981,0.966195,0.848349,-0.469981,-0.243765,0.661452,0.429377,0.288916,0.542812,-1.860462,2.214842,-0.496391,-0.049160,-0.137656,-0.286108,0.083935,-0.966195,0.243765,0.000000,0.000000,0.000000,-1,0.101181,-0.983353,-0.002548,-1.856527,2.114352,-0.492218,153.130051,148.077774,-738.484497,0,0
131.720000,2.470049,1.423873,-1.262766,0.349172,0.932621,-0.091086,0.139505,0.044384,0.989226,0.926616,-0.358117,-0.114607,0.595692,0.449950,0.350655,0.565453,-2.976022,1.874485,-0.502769,-0.110892,0.080260,0.002199,0.091086,-0.989226,0.114607,0.000000,0.000000,0.000000,-1,-0.053192,-0.997177,0.129837,-2.976321,1.930866,-0.525851,155.758148,145.458481,-746.667603,0,0
131.760000,1.426276,1.471079,-0.190498,0.327856,0.939577,-0.098514,0.018850,0.097751,0.995032,0.944540,-0.328084,0.014337,0.551309,0.434614,0.383644,0.599988,-2.852710,-0.791556,-0.243186,-0.017673,-0.263543,0.053491,0.098514,-0.995032,-0.014337,0.000000,0.000000,0.000000,-1,0.118835,-1.325745,0.058228,-2.848775,-0.892044,-0.239014,155.758148,145.458481,-746.667603,0,0
131.800000,1.000493,1.443707,0.213761,0.350476,0.930475,-0.106688,-0.026888,0.123863,0.991935,0.936186,-0.344781,0.068430,0.538095,0.419809,0.385386,0.621041,-2.408982,-1.337028,-0.595578,0.076676,-0.336037,0.206476,0.106688,-0.991935,-0.068430,0.000000,0.000000,0.000000,-1,0.207520,-1.343063,0.194122,-2.405047,-1.437515,-0.591406,155.057327,146.855438,-751.009705,0,0
131.840000,0.694102,1.377327,0.519156,0.355890,0.926399,-0.122991,-0.095392,0.166932,0.981343,0.929646,-0.337518,0.147780,0.510191,0.407204,0.395272,0.646259,-0.350867,1.777509,-0.154710,0.211497,-0.149165,0.610564,0.122991,-0.981343,-0.147780,0.000000,0.000000,0.000000,-1,0.334488,-1.130508,0.462784,-0.528519,1.460890,-0.048635,156.984589,147.030060,-754.182739,0,0
131.880000,0.663341,1.343210,0.625278,0.287742,0.947577,-0.138930,-0.132064,0.182938,0.974214,0.948559,-0.261974,0.177780,0.481410,0.423502,0.420446,0.641962,-2.299867,2.553024,0.200470,-0.129470,-0.216887,0.396728,0.138930,-0.974214,-0.177780,0.000000,0.000000,0.000000,-1,0.009460,-1.191101,0.218948,-2.295932,2.452539,0.204643,156.984589,147.030060,-754.182739,0,0
131.920000,0.448683,1.259564,0.940445,0.197506,0.971260,-0.132837,-0.247380,0.180502,0.951957,0.948575,-0.155156,0.275921,0.430431,0.420439,0.473791,0.643026,-2.227652,1.072333,0.482924,-0.236643,0.155372,0.275707,0.132837,-0.951957,-0.275921,0.000000,0.000000,0.000000,-1,-0.103806,-0.796585,-0.000214,-2.361489,1.120407,0.574105,157.685410,147.728546,-757.522766,0,0
131.960000,0.399446,1.212399,1.026528,0.165457,0.976736,-0.136419,-0.300089,0.181628,0.936460,0.939452,-0.114006,0.323160,0.406408,0.416236,0.493983,0.646190,-1.551902,1.060087,0.087274,0.005107,0.342436,0.330758,0.136419,-0.936460,-0.323160,0.000000,0.000000,0.000000,-1,0.218323,-0.559097,0.014786,-1.649953,0.979771,0.108435,157.510208,148.950882,-762.365845,0,0
132.000000,0.364034,1.165939,1.111772,0.120651,0.982739,-0.140242,-0.353114,0.174521,0.919159,0.927768,-0.061376,0.368075,0.380150,0.414063,0.517905,0.644835,-0.458584,0.372387,0.327237,0.133241,0.574432,0.322574,0.140242,-0.919159,-0.368075,0.000000,0.000000,0.000000,-1,0.260071,-0.336121,-0.084396,-0.454650,0.271904,0.331409,158.911850,153.490997,-766.039917,0,0
132.040000,0.334606,1.173086,1.138194,0.121110,0.984457,-0.127191,-0.351629,0.162373,0.921950,0.928272,-0.066934,0.365828,0.385003,0.410924,0.520179,0.642128,0.473504,-0.476693,0.416530,0.109824,0.526046,0.234176,0.127191,-0.921950,-0.365828,0.000000,0.000000,0.000000,-1,0.237015,-0.395905,-0.131653,0.347610,-0.479717,0.368507,158.911850,153.490997,-766.039917,0,0
132.080000,0.301984,1.200591,1.154207,0.132781,0.985287,-0.107607,-0.330863,0.146403,0.932253,0.934291,-0.088182,0.345434,0.400295,0.408714,0.516297,0.637303,0.977532,-0.611258,0.465832,0.109907,0.506304,0.162741,0.107607,-0.932253,-0.345434,0.000000,0.000000,0.000000,-1,0.211075,-0.451599,-0.214630,0.918776,-0.713846,0.480278,157.860626,153.141754,-764.703857,0,0
132.120000,0.296801,1.272646,1.141984,0.143363,0.985934,-0.085912,-0.267156,0.122139,0.955882,0.952930,-0.114086,0.280909,0.430208,0.417693,0.503837,0.621774,1.184913,0.344359,0.002898,0.119075,0.269663,-0.078558,0.085912,-0.955882,-0.280909,0.000000,0.000000,0.000000,-1,0.209946,-0.895966,-0.431793,1.188847,0.243879,0.007070,157.860626,153.141754,-764.703857,0,0
132.160000,0.317535,1.283027,1.149326,0.115464,0.989351,-0.088614,-0.258977,0.116109,0.958879,0.958957,-0.087767,0.269626,0.427121,0.427498,0.509424,0.612617,-0.570373,0.801999,0.480769,0.100091,-1.146773,-0.872494,0.088614,-0.958879,-0.269626,0.000000,0.000000,0.000000,-1,0.076324,-2.254181,-1.476562,-0.277756,0.788234,0.333511,158.211029,150.697083,-761.697876,0,1
132.200000,0.243743,1.245992,1.239253,0.099619,0.992041,-0.077016,-0.301745,0.103876,0.947713,0.948170,-0.071171,0.309691,0.414141,0.416703,0.525879,0.615058,-1.707926,0.441212,0.284320,-0.128744,-0.411860,-1.082842,0.077016,-0.947713,-0.309691,0.000000,0.000000,0.000000,-1,0.002182,-0.944305,-1.319031,-1.750261,0.294301,0.433877,157.860626,152.443283,-764.369873,0,0
132.240000,0.289355,1.220339,1.242204,0.055643,0.993633,-0.097963,-0.324959,0.110795,0.939216,0.944090,-0.020427,0.329055,0.392362,0.426057,0.539123,0.611452,-0.070365,1.917339,-0.230765,0.174376,0.331016,0.025847,0.097963,-0.939216,-0.329055,0.000000,0.000000,0.000000,-1,0.356201,-0.774216,-0.176636,-0.066431,1.816861,-0.226593,157.860626,152.443283,-764.369873,0,0
132.280000,0.366211,1.205055,1.224851,0.002017,0.991764,-0.128065,-0.336454,0.121272,0.933859,0.941698,0.041204,0.333927,0.369736,0.443094,0.550145,0.603576,-0.292674,1.321638,-0.136274,0.422854,-0.402598,0.317066,0.128065,-0.933859,-0.333927,0.000000,0.000000,0.000000,-1,0.550919,-1.336456,-0.016861,-0.348501,1.488161,-0.246467,161.014328,153.490997,-766.039917,0,0
132.320000,0.359279,1.204041,1.202271,0.031059,0.991534,-0.126080,-0.334512,0.129178,0.933496,0.941879,0.013182,0.335692,0.376227,0.436585,0.542092,0.611541,0.761411,-2.954797,-0.547697,0.119129,0.127344,-0.140107,0.126079,-0.933496,-0.335692,0.000000,0.000000,0.000000,-1,0.234314,-0.852600,0.319717,0.408100,-2.340499,-0.411976,160.488708,155.411819,-765.872925,0,0
132.360000,0.493939,1.282159,0.899431,0.191853,0.972101,-0.134950,-0.222871,0.177066,0.958633,0.955783,-0.153840,0.250623,0.437082,0.428541,0.469496,0.636306,1.181738,-3.315884,-0.968800,0.255553,0.205703,0.770445,0.134950,-0.958633,-0.250623,0.000000,0.000000,0.000000,-1,0.364075,-0.847885,0.483704,1.185568,-3.416371,-0.964568,158.386230,153.665619,-763.534851,0,0
132.400000,0.665126,1.326808,0.710280,0.206068,0.967113,-0.149090,-0.157518,0.183157,0.970382,0.965776,-0.176481,0.190080,0.456298,0.443568,0.447453,0.628352,2.767603,1.790303,-0.142398,0.182880,-0.216538,0.496049,0.149090,-0.970382,-0.190080,0.000000,0.000000,0.000000,-1,0.046936,-1.168243,0.231812,2.771425,1.689816,-0.138163,158.211029,151.744797,-760.027832,0,0
132.440000,1.016124,1.411741,0.357020,0.200118,0.970477,-0.134639,-0.055353,0.148398,0.987377,0.978207,-0.190139,0.083416,0.492012,0.464990,0.428632,0.598317,1.380595,-2.576061,0.304254,-0.551082,-0.239841,-0.203770,0.134639,-0.987377,-0.083416,0.000000,0.000000,0.000000,-1,-0.394913,-1.177185,-0.265076,1.665202,-1.978671,0.476695,157.860626,152.094040,-757.355774,0,0
132.480000,1.193837,1.419444,0.043699,0.327590,0.934362,-0.140189,-0.006587,0.150631,0.988568,0.944797,-0.322922,0.055500,0.529495,0.438047,0.379894,0.619217,1.398972,-2.579336,-0.463936,-0.240806,-0.110309,-0.060116,0.140189,-0.988568,-0.055500,0.000000,0.000000,0.000000,-1,0.006668,-1.107483,-0.057343,1.272384,-3.093460,-0.561706,158.561447,149.998596,-755.685791,0,0
132.520000,1.666670,1.437915,-0.473008,0.364260,0.921912,-0.131882,0.060358,0.117944,0.991184,0.929339,-0.369009,-0.012683,0.561026,0.437712,0.355357,0.606119,2.070763,-0.216891,0.430667,-0.106019,0.051243,0.034146,0.131882,-0.991184,0.012683,0.000000,0.000000,0.000000,-1,-0.018814,-0.830612,0.092163,2.042624,-0.438230,0.442181,155.758148,150.347839,-751.009705,0,0
132.560000,2.074250,1.427571,-0.882175,0.362808,0.923439,-0.125026,0.110210,0.090705,0.989761,0.925324,-0.372872,-0.068863,0.579001,0.446307,0.345552,0.588356,1.626392,0.219363,0.067677,-0.152827,0.239044,0.070419,0.125026,-0.989761,0.068863,0.000000,0.000000,0.000000,-1,-0.014877,-0.767303,0.152191,1.748381,0.065948,0.124034,156.458969,150.697083,-748.003662,0,0
132.600000,2.456856,1.388429,-1.218115,0.316144,0.941752,-0.114704,0.170196,0.062644,0.983417,0.933320,-0.330423,-0.140478,0.590334,0.470898,0.346675,0.556397,1.043068,1.621090,0.159260,-0.085086,0.117877,-0.152685,0.114704,-0.983417,0.140478,0.000000,0.000000,0.000000,-1,0.037888,-0.901077,-0.103531,1.046889,1.520606,0.163494,155.407730,151.395554,-749.339661,0,0
132.640000,2.651127,1.358547,-1.352718,0.258712,0.960844,-0.099228,0.205670,0.045577,0.977559,0.943805,-0.273315,-0.185826,0.591388,0.493125,0.357031,0.528787,1.169475,1.613628,0.131307,0.019271,-0.011195,-0.423970,0.099228,-0.977559,0.185826,0.000000,0.000000,0.000000,-1,0.115189,-0.954330,-0.217331,1.180836,1.636130,0.135967,155.758148,151.046326,-748.671631,0,0
132.680000,2.776116,1.321648,-1.455293,0.236417,0.967647,-0.088126,0.244936,0.028417,0.969123,0.940273,-0.250702,-0.230293,0.599644,0.505543,0.355272,0.508562,1.101336,-0.183333,0.200811,-0.041449,0.096076,-0.344002,0.088126,-0.969123,0.230293,0.000000,0.000000,0.000000,-1,0.010422,-0.847641,-0.037796,1.068099,-0.087685,0.196048,153.830887,152.268661,-747.168640,0,0
132.720000,2.831241,1.267505,-1.551976,0.273484,0.957542,-0.091210,0.298610,0.005620,0.954359,0.914352,-0.288238,-0.284394,0.622948,0.504116,0.330341,0.498676,1.404078,-1.387889,0.094412,-0.060997,0.027570,-0.335313,0.091210,-0.954359,0.284394,0.000000,0.000000,0.000000,-1,0.038071,-0.946747,-0.051514,1.407934,-1.488366,0.098634,155.758148,153.141754,-747.001648,0,0
132.760000,2.820728,1.229665,-1.591126,0.316443,0.942725,-0.105514,0.334484,-0.006801,0.942377,0.887685,-0.333501,-0.317479,0.640453,0.498557,0.305319,0.498037,1.195044,-1.648886,-0.025498,-0.102386,-0.024542,-0.352666,0.105514,-0.942377,0.317479,0.000000,0.000000,0.000000,-1,-0.021439,-0.980209,-0.031693,1.198900,-1.749361,-0.021275,155.057327,153.840240,-743.661621,0,0
132.800000,2.791195,1.206735,-1.621492,0.367956,0.921774,-0.122230,0.355615,-0.018044,0.934458,0.859154,-0.387307,-0.334436,0.655827,0.486938,0.280914,0.503854,0.379288,-1.521408,0.152050,-0.192283,-0.091497,-0.337702,0.122230,-0.934458,0.334436,0.000000,0.000000,0.000000,-1,-0.094406,-1.020111,0.039703,0.476529,-1.716281,0.129076,155.933350,152.268661,-742.492554,0,0
132.840000,2.749958,1.204965,-1.658882,0.436370,0.889346,-0.136544,0.356339,-0.031470,0.933827,0.826198,-0.456150,-0.330641,0.670537,0.464436,0.257127,0.518232,0.241200,-1.298785,0.139802,-0.204873,-0.281979,-0.150893,0.136544,-0.933827,0.330641,0.000000,0.000000,0.000000,-1,0.036011,-1.400879,0.152802,0.245057,-1.399259,0.144025,154.882111,153.665619,-738.484497,0,0
132.880000,2.761752,1.200440,-1.686446,0.450492,0.882636,-0.134200,0.359529,-0.041766,0.932199,0.817187,-0.468197,-0.336149,0.676093,0.459318,0.252549,0.517827,0.124677,0.157030,0.237697,0.046617,-0.602958,-0.365492,0.134200,-0.932199,0.336149,0.000000,0.000000,0.000000,-1,0.114456,-1.485916,-0.055176,0.128533,0.056557,0.241919,154.882111,154.364105,-740.488525,0,0
132.920000,2.777265,1.229273,-1.641422,0.400841,0.908342,-0.119340,0.334087,-0.023635,0.942246,0.853061,-0.417560,-0.312939,0.659055,0.471292,0.278323,0.515817,-1.599047,2.429269,-0.312011,-0.336106,-0.454971,-0.371152,0.119340,-0.942246,0.312939,0.000000,0.000000,0.000000,-1,-0.219284,-1.309402,-0.041977,-1.370782,2.100956,-0.240092,154.882111,156.110306,-740.822571,0,0
132.960000,2.677116,1.316648,-1.433882,0.307482,0.944865,-0.112625,0.249068,0.034316,0.967878,0.918379,-0.325656,-0.224784,0.611954,0.487755,0.329173,0.528444,-2.817742,1.723882,-0.528349,0.010788,0.210340,-0.228904,0.112625,-0.967878,0.224784,0.000000,0.000000,0.000000,-1,0.171478,-0.722733,-0.076355,-2.813886,1.623410,-0.524127,155.933350,153.665619,-742.492554,0,0
133.000000,2.314030,1.397223,-1.034183,0.277354,0.952316,-0.127158,0.148429,0.088291,0.984974,0.949233,-0.292060,-0.116863,0.571386,0.481612,0.359685,0.558744,-3.154865,-0.146225,-0.453433,-0.037894,-0.021282,0.033268,0.127158,-0.984974,0.116863,0.000000,0.000000,0.000000,-1,0.089264,-1.006256,0.150131,-3.259519,0.079721,-0.533522,156.283768,152.967148,-746.500610,0,1
133.040000,1.753778,1.431259,-0.500795,0.307901,0.941538,-0.136763,0.066778,0.122005,0.990281,0.949072,-0.314041,-0.025308,0.550274,0.458097,0.369048,0.592579,-2.789436,-1.759486,-0.203397,0.113100,-0.501785,0.110205,0.136763,-0.990281,0.025308,0.000000,0.000000,0.000000,-1,0.292786,-1.612076,0.168579,-2.869353,-1.601259,-0.194101,157.159790,153.490997,-749.339661,0,0
133.080000,0.918647,1.382295,0.253393,0.391802,0.907916,-0.148932,-0.046976,0.181403,0.982286,0.918850,-0.377865,0.113724,0.523611,0.411059,0.367600,0.649409,-1.874275,0.121095,-0.368764,0.206598,-0.420302,0.356919,0.148932,-0.982286,-0.113724,0.000000,0.000000,0.000000,-1,0.346954,-1.319214,0.412491,-1.870420,0.020626,-0.364543,157.510208,154.538727,-749.673706,0,0
133.120000,1.005577,1.353865,0.268831,0.297325,0.937316,-0.181759,-0.057167,0.207503,0.976563,0.953063,-0.279965,0.115279,0.493594,0.445786,0.390657,0.636417,-0.441496,4.079845,-0.438594,0.098835,0.043427,0.291106,0.181759,-0.976562,-0.115279,0.000000,0.000000,0.000000,-1,0.280594,-0.933136,0.175827,-0.330738,3.748137,-0.510027,158.911850,153.141754,-752.011719,0,0
133.160000,0.997399,1.341572,0.388985,0.191702,0.962712,-0.190881,-0.086174,0.210248,0.973843,0.977663,-0.170239,0.123266,0.463192,0.473096,0.424652,0.617498,-2.480442,2.760127,0.449321,-0.262216,-0.082676,0.315450,0.190881,-0.973843,-0.123266,0.000000,0.000000,0.000000,-1,-0.169312,-0.978958,0.133102,-2.217438,3.001913,0.326817,159.612686,154.887955,-754.349731,0,0
133.200000,0.632634,1.264835,0.838172,0.120238,0.976639,-0.178097,-0.223926,0.201456,0.953558,0.967161,-0.074773,0.242918,0.411055,0.457794,0.479902,0.625422,-1.967090,0.933037,0.214699,-0.153958,0.383840,0.243544,0.178097,-0.953558,-0.242918,0.000000,0.000000,0.000000,-1,0.024139,-0.569717,0.000626,-1.963289,0.832562,0.218925,160.488708,154.713348,-758.524780,0,0
133.240000,0.564887,1.225806,0.948452,0.083054,0.979963,-0.181039,-0.274782,0.197143,0.941079,0.957913,-0.028414,0.285650,0.387382,0.455093,0.501361,0.625669,-1.137355,1.174886,0.286369,0.009010,0.451897,0.298711,0.181039,-0.941079,-0.285650,0.000000,0.000000,0.000000,-1,0.190048,-0.489182,0.013062,-1.251742,1.033005,0.252726,158.736649,158.205734,-760.528809,0,0
133.280000,0.518140,1.214495,1.032575,0.046788,0.983853,-0.172753,-0.299496,0.178803,0.937194,0.952950,0.007890,0.303026,0.375819,0.455244,0.518998,0.618186,-0.171688,0.144814,0.578215,0.048881,0.567320,0.140779,0.172753,-0.937194,-0.303026,0.000000,0.000000,0.000000,-1,0.244492,-0.366119,-0.200180,-0.311277,0.290287,0.569082,160.839127,157.507263,-762.198853,0,0
133.320000,0.436042,1.251958,1.085004,0.068554,0.988824,-0.132393,-0.277198,0.146359,0.949600,0.958364,-0.028400,0.284133,0.399394,0.445441,0.517015,0.612178,1.110504,-1.105830,0.834593,0.108513,0.564499,0.137649,0.132393,-0.949600,-0.284133,0.000000,0.000000,0.000000,-1,0.253448,-0.361511,-0.157867,1.114304,-1.206303,0.838818,158.736649,157.856506,-760.194824,0,0
133.360000,0.383536,1.324135,1.079356,0.117680,0.988839,-0.091368,-0.215271,0.115222,0.969733,0.969438,-0.094450,0.226428,0.440463,0.439065,0.498379,0.604014,1.709591,-1.368256,0.460064,0.185915,0.523536,0.001239,0.091368,-0.969733,-0.226428,0.000000,0.000000,0.000000,-1,0.278793,-0.519150,-0.257355,1.667838,-1.466543,0.507330,158.386230,157.507263,-759.192810,0,1
133.400000,0.397913,1.372309,1.038280,0.140752,0.987092,-0.076409,-0.169883,0.100112,0.980366,0.975361,-0.125008,0.181781,0.463373,0.440902,0.485004,0.596373,1.255752,-0.235192,0.264229,0.158637,0.011341,-0.186276,0.076409,-0.980366,-0.181781,0.000000,0.000000,0.000000,-1,0.210861,-1.212173,-0.496368,1.484738,-0.635690,0.274772,156.984589,156.808777,-757.856812,0,0
133.440000,0.344713,1.359362,1.116467,0.116159,0.990696,-0.070918,-0.188573,0.092100,0.977731,0.975165,-0.100199,0.197517,0.454572,0.441142,0.497307,0.592827,-1.833449,0.854475,0.145503,-0.071589,-1.227103,-1.143334,0.070918,-0.977731,-0.197517,0.000000,0.000000,0.000000,-1,-0.098969,-1.940002,-1.418915,-1.829649,0.754005,0.149728,156.809387,155.586441,-754.683716,0,0
133.480000,0.296819,1.314222,1.214028,0.068885,0.994860,-0.074222,-0.237789,0.088628,0.967265,0.968871,-0.048980,0.242672,0.429414,0.440758,0.520855,0.591647,0.151809,1.205876,0.437960,0.102169,0.364268,-0.680073,0.074222,-0.967265,-0.242672,0.000000,0.000000,0.000000,-1,0.176392,-0.602997,-0.922745,-0.092477,0.924016,0.381915,156.984589,157.507263,-756.186768,0,0
133.520000,0.325125,1.316001,1.233610,0.021793,0.996516,-0.080511,-0.237854,0.083385,0.967715,0.971056,-0.001939,0.238842,0.418200,0.453528,0.532368,0.579659,-0.359542,1.478482,-0.174590,0.117884,0.173983,0.084103,0.080511,-0.967715,-0.238842,0.000000,0.000000,0.000000,-1,0.349228,-1.346054,-0.025208,-0.235989,1.456718,-0.006101,156.984589,158.904221,-757.522766,0,0
133.560000,0.382861,1.303996,1.197811,0.002433,0.995135,-0.098492,-0.245519,0.096072,0.964619,0.969389,0.021834,0.244558,0.406756,0.460728,0.535269,0.579453,-0.035344,-0.825522,-0.286902,0.114887,-0.097972,0.233114,0.098492,-0.964619,-0.244558,0.000000,0.000000,0.000000,-1,0.213196,-0.895294,-0.261642,-0.031544,-0.925990,-0.282677,156.809387,156.284927,-757.689819,0,0
133.600000,0.365281,1.319475,1.055258,0.159455,0.983200,-0.088833,-0.216362,0.122602,0.968585,0.963204,-0.135226,0.232277,0.448491,0.427455,0.487396,0.615291,1.066248,-4.303574,-0.669479,0.355732,0.060046,0.626213,0.088833,-0.968585,-0.232277,0.000000,0.000000,0.000000,-1,0.444565,-0.908539,0.393936,1.001935,-4.464482,-0.670610,158.035828,156.808777,-756.520752,0,0
133.640000,0.406115,1.347464,0.907223,0.262353,0.960997,-0.087494,-0.174481,0.136417,0.975165,0.949067,-0.240571,0.203465,0.480226,0.409451,0.448524,0.632897,1.301891,-1.957986,-0.406106,0.550491,0.147559,0.568562,0.087494,-0.975165,-0.203465,0.000000,0.000000,0.000000,-1,0.613800,-0.856689,0.330017,1.118620,-3.100723,-0.454670,157.685410,155.411819,-753.180725,0,0
133.680000,0.866388,1.429533,0.487303,0.218958,0.969818,-0.107284,-0.065926,0.124406,0.990039,0.973505,-0.209704,0.091176,0.500843,0.451185,0.432381,0.598861,2.943162,0.716670,0.111557,-0.081726,-0.032926,0.389958,0.107284,-0.990039,-0.091176,0.000000,0.000000,0.000000,-1,-0.113922,-1.096954,0.389481,2.946975,0.616206,0.115785,155.933350,156.459549,-749.172668,0,0
133.720000,1.526998,1.470639,-0.263240,0.300934,0.948399,-0.099894,0.026018,0.096546,0.994989,0.953290,-0.302025,0.004378,0.547725,0.444756,0.389518,0.592000,1.263053,-3.498217,-0.232777,-0.708018,-0.382697,-0.167955,0.099894,-0.994988,-0.004378,0.000000,0.000000,0.000000,-1,-0.608124,-1.377686,-0.172333,1.391806,-3.352566,-0.133175,154.356491,155.237198,-747.001648,0,0
133.760000,1.779910,1.459328,-0.608240,0.385145,0.916419,-0.108814,0.063564,0.091287,0.993794,0.920665,-0.389671,-0.023092,0.573792,0.426976,0.353722,0.602773,1.501837,-2.020056,-0.084650,-0.451481,-0.071529,-0.137258,0.108814,-0.993794,0.023092,0.000000,0.000000,0.000000,-1,-0.177322,-1.035889,-0.050339,1.335774,-2.639138,-0.195345,156.458969,153.490997,-745.331604,0,0
133.800000,2.376488,1.426032,-1.234628,0.409064,0.907019,-0.099915,0.136184,0.047587,0.989540,0.902286,-0.418392,-0.104055,0.605296,0.430865,0.331396,0.581506,1.766458,-0.309227,0.384449,-0.096757,0.103355,0.001719,0.099915,-0.989540,0.104055,0.000000,0.000000,0.000000,-1,0.028412,-0.786255,0.119278,1.770272,-0.409689,0.388677,156.809387,153.490997,-739.319519,0,0
133.840000,2.586603,1.390886,-1.469533,0.429857,0.897960,-0.094290,0.178024,0.018089,0.983860,0.885172,-0.439705,-0.152083,0.625270,0.430208,0.316216,0.569180,0.723379,-0.227040,0.057313,-0.004401,0.181904,-0.019438,0.094290,-0.983860,0.152083,0.000000,0.000000,0.000000,-1,0.089890,-0.801956,0.132645,0.798332,-0.479101,0.067823,156.458969,154.538727,-737.315491,0,0
133.880000,2.670114,1.373439,-1.539768,0.417534,0.904286,-0.089060,0.195985,0.006083,0.980588,0.887274,-0.426884,-0.174686,0.629710,0.436817,0.316898,0.558778,0.877635,1.080264,0.097580,0.026983,0.047071,-0.242649,0.089060,-0.980588,0.174686,0.000000,0.000000,0.000000,-1,0.122177,-0.953384,-0.123383,0.788779,0.733839,0.106067,155.407730,154.189484,-735.311462,0,0
133.920000,2.817042,1.330715,-1.634660,0.369593,0.926095,-0.075824,0.237297,-0.015175,0.971319,0.898382,-0.376986,-0.225368,0.634456,0.458421,0.324119,0.531284,0.956616,0.588174,-0.003187,-0.011966,0.012349,-0.408199,0.075824,-0.971319,0.225368,0.000000,0.000000,0.000000,-1,0.010101,-0.941910,-0.187500,0.960429,0.487715,0.001041,155.758148,154.887955,-735.311462,0,0
133.960000,2.832848,1.291174,-1.694986,0.407825,0.909201,-0.083864,0.273867,-0.034187,0.961160,0.871020,-0.414952,-0.262942,0.652870,0.453026,0.301422,0.526948,1.059570,-1.736647,0.144454,-0.217424,0.132241,-0.213519,0.083864,-0.961160,0.262942,0.000000,0.000000,0.000000,-1,-0.133560,-0.828918,0.049423,1.016583,-1.797899,0.135193,155.933350,156.808777,-734.476440,0,0
134.000000,2.833648,1.256961,-1.740796,0.445364,0.890447,-0.093570,0.304259,-0.052228,0.951157,0.842068,-0.452080,-0.294187,0.669287,0.446261,0.279588,0.524154,1.286950,-1.099709,-0.023676,-0.150394,0.098160,-0.243528,0.093570,-0.951157,0.294187,0.000000,0.000000,0.000000,-1,-0.056580,-0.879379,0.057358,1.283378,-1.358068,0.028150,156.108551,155.586441,-731.971436,0,0
134.040000,2.838906,1.216152,-1.780780,0.472364,0.875304,-0.103512,0.339630,-0.072384,0.937770,0.813341,-0.478125,-0.331471,0.684876,0.443487,0.259109,0.516844,0.513577,-0.774090,0.074859,-0.135785,0.013026,-0.277134,0.103512,-0.937770,0.331471,0.000000,0.000000,0.000000,-1,0.005280,-0.961533,0.008026,0.517391,-0.874547,0.079087,156.984589,156.808777,-729.800415,0,0
134.080000,2.804510,1.208603,-1.798828,0.514611,0.849378,-0.117188,0.345154,-0.080099,0.935122,0.784885,-0.521672,-0.334386,0.694459,0.430022,0.240366,0.524434,0.129366,-1.616867,0.140338,-0.073426,-0.181303,-0.302266,0.117188,-0.935122,0.334386,0.000000,0.000000,0.000000,-1,0.043762,-1.116425,0.032120,0.122555,-1.592254,0.120717,157.510208,158.380356,-727.963379,0,0
134.120000,2.774006,1.203576,-1.819160,0.554511,0.822114,-0.129020,0.348006,-0.088254,0.933329,0.755917,-0.562440,-0.335039,0.703172,0.416015,0.222882,0.531794,0.331657,-1.388874,0.170055,-0.012443,-0.255850,-0.271226,0.129020,-0.933329,0.335039,0.000000,0.000000,0.000000,-1,0.116577,-1.189178,0.063812,0.306629,-1.671685,0.175423,159.612686,157.332642,-726.293335,0,0
134.160000,2.748258,1.196397,-1.823660,0.576450,0.805021,-0.140167,0.354084,-0.091493,0.930727,0.736431,-0.586148,-0.337786,0.708119,0.409220,0.210510,0.535530,-0.202675,-0.223258,-0.233529,-0.119217,-0.525861,-0.335055,0.140167,-0.930727,0.337786,0.000000,0.000000,0.000000,-1,0.020950,-1.456589,0.002731,-0.198861,-0.323712,-0.229301,160.488708,158.554977,-725.458313,0,1
134.200000,2.725128,1.229806,-1.767529,0.552643,0.822365,-0.135283,0.327970,-0.065368,0.942424,0.766173,-0.565193,-0.305836,0.693514,0.414676,0.227425,0.543470,-1.389567,1.364066,-0.095710,-0.344008,-0.430287,-0.218327,0.135283,-0.942424,0.305836,0.000000,0.000000,0.000000,-1,-0.208725,-1.372711,0.087509,-1.254936,1.121608,-0.049735,161.539948,156.459549,-723.788330,0,0
134.240000,2.681660,1.274162,-1.656083,0.499290,0.856665,-0.129750,0.291241,-0.024899,0.956326,0.816020,-0.515272,-0.261928,0.668228,0.429459,0.256750,0.550559,-2.223157,2.628045,-0.653870,-0.044713,0.130703,-0.288753,0.129750,-0.956326,0.261928,0.000000,0.000000,0.000000,-1,0.085037,-0.825623,-0.026825,-2.036444,2.316691,-0.597520,159.262268,152.094040,-726.627319,0,0
134.280000,2.405277,1.371104,-1.261250,0.401221,0.906242,-0.133216,0.188940,0.060428,0.980128,0.896283,-0.418418,-0.146980,0.609871,0.448940,0.312798,0.573295,-3.260566,0.970044,-0.528580,-0.129020,-0.059789,-0.170647,0.133216,-0.980128,0.146980,0.000000,0.000000,0.000000,-1,0.004196,-1.039917,-0.023666,-3.256749,0.869592,-0.524353,159.262268,152.094040,-726.627319,0,0
134.320000,1.614424,1.413396,-0.491692,0.427391,0.890400,-0.156602,0.074005,0.138182,0.987638,0.901033,-0.433697,-0.006837,0.569220,0.423565,0.326952,0.624247,-2.742102,-1.587387,-0.667417,0.001997,-0.219042,-0.027604,0.156602,-0.987638,0.006837,0.000000,0.000000,0.000000,-1,0.158600,-1.206680,-0.020767,-2.855016,-1.570106,-0.629460,159.437469,148.077774,-730.468384,0,0
134.360000,1.216759,1.386179,-0.127386,0.461016,0.870527,-0.172185,0.023321,0.182083,0.983007,0.887085,-0.457197,0.063642,0.551201,0.405409,0.324246,0.653211,-1.693503,-0.715598,-0.481867,0.078242,-0.317775,0.247586,0.172185,-0.983007,-0.063641,0.000000,0.000000,0.000000,-1,0.266739,-1.256638,0.364471,-1.918624,-1.168076,-0.500121,160.663910,145.807724,-732.305420,0,0
134.400000,1.165226,1.357097,0.004730,0.390291,0.899832,-0.194873,-0.001003,0.212075,0.977253,0.920691,-0.381217,0.083673,0.523102,0.429567,0.346882,0.649238,-1.196995,2.944409,-0.382594,0.066816,-0.006069,0.523752,0.194873,-0.977253,-0.083673,0.000000,0.000000,0.000000,-1,0.132843,-0.951202,0.180908,-1.193178,2.843960,-0.378368,163.992828,142.839172,-735.478455,0,0
134.440000,0.840079,1.296084,0.439980,0.298552,0.932769,-0.202014,-0.115540,0.245434,0.962503,0.947374,-0.264016,0.181047,0.466924,0.437560,0.399080,0.656703,-2.856703,1.405184,0.476601,-0.427417,-0.348654,0.324922,0.202014,-0.962503,-0.181047,0.000000,0.000000,0.000000,-1,-0.225403,-1.311157,0.143875,-3.005131,1.339625,0.417461,161.189529,140.394501,-742.158569,0,0
134.480000,0.699566,1.256336,0.627706,0.259667,0.944939,-0.199156,-0.181651,0.250343,0.950963,0.948460,-0.210757,0.236655,0.439508,0.434172,0.426217,0.660807,-1.808343,1.188585,0.255408,-0.249952,0.101339,0.199713,0.199156,-0.950963,-0.236655,0.000000,0.000000,0.000000,-1,0.044312,-0.718094,-0.040878,-1.947833,1.142278,0.307772,161.189529,140.394501,-742.158569,0,0
134.520000,0.623229,1.213450,0.759118,0.212714,0.955548,-0.204158,-0.240754,0.253752,0.936828,0.946990,-0.150125,0.284028,0.410772,0.435032,0.452096,0.661531,-1.057646,1.036011,0.311645,0.137975,0.360092,0.319490,0.204158,-0.936828,-0.284028,0.000000,0.000000,0.000000,-1,0.430603,-0.530670,0.075455,-1.053829,0.935564,0.315871,163.992828,138.299057,-746.834656,0,0
134.560000,0.574153,1.200112,0.844206,0.179420,0.963898,-0.196748,-0.270764,0.240654,0.932080,0.945778,-0.113962,0.304167,0.398309,0.435048,0.470131,0.656552,-0.164239,0.106215,0.309186,0.119627,0.518368,0.186338,0.196748,-0.932080,-0.304167,0.000000,0.000000,0.000000,-1,0.316376,-0.413712,-0.117828,-0.278220,0.173315,0.336292,161.539948,137.600571,-751.510681,0,0
134.600000,0.556916,1.209278,0.856250,0.182788,0.965214,-0.186952,-0.267177,0.231767,0.935361,0.946153,-0.121023,0.300248,0.403353,0.432646,0.470556,0.654752,0.451078,-0.319954,0.326665,0.116987,0.546338,0.223893,0.186952,-0.935361,-0.300248,0.000000,0.000000,0.000000,-1,0.279373,-0.380096,-0.065292,0.329296,-0.406681,0.289665,162.766388,137.076721,-751.343689,0,1
134.640000,0.575742,1.251150,0.827821,0.186766,0.967393,-0.171085,-0.231418,0.212572,0.949347,0.954759,-0.137713,0.263573,0.421492,0.436530,0.464822,0.644769,1.167847,-0.006142,0.312030,0.070950,0.487692,0.089654,0.171085,-0.949347,-0.263573,0.000000,0.000000,0.000000,-1,0.215454,-0.495163,-0.197495,1.171664,-0.106587,0.316256,162.766388,137.076721,-751.343689,0,0
134.680000,0.654658,1.309310,0.774744,0.155402,0.975230,-0.157408,-0.180841,0.184736,0.966007,0.971157,-0.121654,0.205070,0.437492,0.453945,0.465009,0.621532,-0.958792,-0.200241,0.281039,0.147402,-0.729962,-0.801476,0.157408,-0.966007,-0.205070,0.000000,0.000000,0.000000,-1,0.287308,-1.834763,-1.282623,-0.954958,-0.300687,0.285258,161.715149,135.330521,-747.001648,0,0
134.720000,0.570179,1.287893,0.865818,0.150734,0.977024,-0.150678,-0.212604,0.180891,0.960249,0.965442,-0.112707,0.234986,0.428619,0.445862,0.475227,0.625821,-0.779239,0.000030,0.206887,0.002963,-0.418749,-1.082703,0.150678,-0.960249,-0.234986,0.000000,0.000000,0.000000,-1,0.128983,-1.053146,-1.224945,-0.775405,-0.100416,0.211106,163.116806,134.282791,-748.337646,0,0
134.760000,0.550342,1.286552,0.896012,0.140507,0.979157,-0.146660,-0.218973,0.175194,0.959874,0.965561,-0.102754,0.239025,0.426113,0.445999,0.480449,0.623443,-0.105686,0.897987,0.172009,0.090339,0.274968,-0.171497,0.146660,-0.959874,-0.239025,0.000000,0.000000,0.000000,-1,0.237000,-0.684906,-0.410522,0.008424,0.571671,0.144120,161.715149,134.282791,-748.337646,0,0
134.800000,0.561574,1.275734,0.922409,0.105047,0.982336,-0.154856,-0.231784,0.175614,0.956784,0.967079,-0.064614,0.246138,0.413308,0.453991,0.491293,0.617818,-0.535563,1.264133,-0.280177,0.043935,0.082806,-0.091158,0.154856,-0.956784,-0.246138,0.000000,0.000000,0.000000,-1,0.306717,-1.141022,-0.268997,-0.553462,1.170285,-0.119382,163.292007,132.361984,-752.512695,0,0
134.840000,0.643612,1.279971,0.876154,0.070368,0.982568,-0.172071,-0.220300,0.183547,0.958008,0.972891,-0.029506,0.229375,0.405415,0.470054,0.493827,0.608952,0.545879,0.224904,0.266791,0.228823,0.017502,0.131597,0.172071,-0.958008,-0.229375,0.000000,0.000000,0.000000,-1,0.292587,-0.797684,-0.183701,0.549713,0.124461,0.271010,164.343246,132.361984,-753.180725,0,0
134.880000,0.596200,1.317852,0.771555,0.214108,0.966650,-0.140519,-0.174491,0.179390,0.968180,0.961099,-0.182775,0.207081,0.454873,0.435374,0.450994,0.632570,1.333045,-5.350771,-0.462391,0.156936,0.003458,0.431415,0.140519,-0.968180,-0.207081,0.000000,0.000000,0.000000,-1,0.297455,-0.964722,0.224335,1.293594,-5.470168,-0.371445,162.941589,129.218811,-750.174683,0,0
134.920000,0.700149,1.357544,0.503581,0.365922,0.920601,-0.136366,-0.102130,0.185367,0.977348,0.925025,-0.343706,0.161851,0.504654,0.405461,0.390692,0.654435,1.925019,-0.606590,-0.645633,0.501009,0.071647,0.435075,0.136366,-0.977348,-0.161851,0.000000,0.000000,0.000000,-1,0.646545,-0.945404,0.233780,1.928841,-0.707033,-0.641407,165.219269,129.393433,-744.997620,0,0
134.960000,1.029105,1.391347,0.208682,0.329739,0.931602,-0.152935,-0.036977,0.174615,0.983942,0.943348,-0.318789,0.092026,0.515533,0.433835,0.383299,0.631740,2.214991,2.026699,-0.126727,0.089680,-0.105398,0.430466,0.152935,-0.983942,-0.092026,0.000000,0.000000,0.000000,-1,0.008423,-1.133194,0.455612,2.218813,1.926257,-0.122502,167.321747,129.044189,-743.661621,0,0
135.000000,1.441332,1.427782,-0.214801,0.335347,0.931433,-0.141335,0.030380,0.139252,0.989791,0.941605,-0.336217,0.018401,0.542608,0.443143,0.368715,0.610942,0.926036,-2.566808,0.147548,-0.811989,-0.297532,-0.289979,0.141335,-0.989791,-0.018401,0.000000,0.000000,0.000000,-1,-0.670654,-1.287323,-0.308380,1.044473,-2.131664,0.269356,165.219269,128.345718,-740.655518,0,0
135.040000,1.700339,1.426220,-0.609792,0.456075,0.878399,-0.142866,0.082510,0.118106,0.989567,0.886108,-0.463104,-0.018612,0.582362,0.412505,0.319064,0.623612,1.760809,-1.908536,0.059852,-0.257658,-0.081493,-0.102703,0.142866,-0.989567,0.018611,0.000000,0.000000,0.000000,-1,0.049850,-1.122589,-0.018661,1.764631,-2.008976,0.064077,165.920090,128.345718,-735.979492,0,0
135.080000,2.030612,1.417250,-0.975775,0.484639,0.863910,-0.137058,0.126658,0.085729,0.988235,0.865496,-0.496296,-0.067874,0.605554,0.408951,0.300732,0.612881,1.748921,-0.568069,0.299652,-0.009922,-0.071625,0.018827,0.137058,-0.988235,0.067874,0.000000,0.000000,0.000000,-1,0.092026,-0.934906,0.147537,1.752743,-0.668508,0.303877,167.496948,129.917297,-732.806458,0,0
135.120000,2.323498,1.385370,-1.263063,0.476569,0.868778,-0.134558,0.175704,0.055844,0.982858,0.861400,-0.492042,-0.126034,0.621844,0.419913,0.292212,0.592954,0.823469,0.668606,-0.083986,-0.048834,0.167733,-0.013623,0.134558,-0.982858,0.126034,0.000000,0.000000,0.000000,-1,0.085724,-0.815125,0.112411,0.939956,0.500324,-0.074314,166.796127,128.171097,-731.136414,0,0
135.160000,2.409270,1.371412,-1.321112,0.451283,0.882501,-0.132427,0.191924,0.048942,0.980189,0.871498,-0.467758,-0.147287,0.622420,0.431551,0.296854,0.581579,0.542282,1.241160,-0.053686,-0.077754,0.113917,-0.154626,0.132427,-0.980189,0.147287,0.000000,0.000000,0.000000,-1,0.030853,-0.907303,-0.047485,0.527919,1.014552,-0.052946,165.569687,128.345718,-729.633423,0,0
135.200000,2.592412,1.340963,-1.441477,0.394022,0.911375,-0.118917,0.225912,0.029379,0.973704,0.890904,-0.410526,-0.194315,0.624291,0.455432,0.309145,0.554321,1.148085,1.194876,0.183437,-0.121312,-0.015004,-0.292780,0.118917,-0.973704,0.194315,0.000000,0.000000,0.000000,-1,-0.005280,-0.970978,-0.094101,1.151906,1.094439,0.187662,165.219269,128.345718,-729.633423,0,0
135.240000,2.721607,1.296458,-1.572080,0.393671,0.912590,-0.110463,0.270910,-0.000348,0.962605,0.878425,-0.408875,-0.247366,0.640583,0.461884,0.299712,0.535247,1.261320,-0.699772,0.149255,-0.126820,0.095997,-0.189932,0.110463,-0.962605,0.247366,0.000000,0.000000,0.000000,-1,-0.016357,-0.866608,0.057434,1.237602,-0.696299,0.159696,166.796127,129.568054,-728.464355,0,0
135.280000,2.771165,1.260333,-1.645453,0.413275,0.903865,-0.110595,0.304649,-0.022786,0.952192,0.858133,-0.427210,-0.284779,0.655904,0.460629,0.284927,0.525764,1.452045,-0.591495,0.238143,-0.156906,0.079542,-0.201603,0.110595,-0.952192,0.284779,0.000000,0.000000,0.000000,-1,-0.008621,-0.856995,0.018433,1.441944,-0.732247,0.223557,165.569687,130.091919,-724.623291,0,0
135.320000,2.821692,1.209493,-1.724013,0.435598,0.893251,-0.111164,0.349352,-0.053949,0.935437,0.829582,-0.446310,-0.335560,0.675483,0.459895,0.265891,0.511393,0.920545,-0.669266,-0.005621,-0.046604,0.000577,-0.490787,0.111164,-0.935437,0.335560,0.000000,0.000000,0.000000,-1,0.059097,-0.978119,-0.135864,0.924366,-0.769700,-0.001396,164.693649,130.266541,-723.454285,0,0
135.360000,2.781978,1.193046,-1.740660,0.480629,0.867265,-0.129796,0.363522,-0.062350,0.929497,0.798027,-0.493927,-0.345237,0.687062,0.447844,0.243148,0.517939,0.108936,-1.509931,0.059241,-0.125127,-0.133430,-0.406455,0.129796,-0.929497,0.345237,0.000000,0.000000,0.000000,-1,0.004669,-1.062927,-0.061218,0.154139,-1.600858,0.039565,167.672150,128.694962,-722.285278,0,0
135.400000,2.738008,1.196318,-1.753413,0.526437,0.837991,-0.143651,0.359705,-0.066428,0.930699,0.770374,-0.541626,-0.336399,0.694490,0.431142,0.225606,0.530002,-0.122298,-1.702619,0.242428,-0.219930,-0.243313,-0.248280,0.143651,-0.930699,0.336399,0.000000,0.000000,0.000000,-1,-0.076279,-1.174011,0.088120,-0.118476,-1.803051,0.246652,166.971329,129.044189,-721.617310,0,0
135.440000,2.707657,1.193577,-1.777192,0.568528,0.807956,-0.154865,0.360519,-0.075484,0.929693,0.739461,-0.584388,-0.334198,0.703244,0.415387,0.207821,0.538248,0.374438,-0.715766,0.101661,-0.118107,-0.322612,-0.167222,0.154865,-0.929693,0.334198,0.000000,0.000000,0.000000,-1,0.101105,-1.288727,0.122910,0.378260,-0.816198,0.105886,169.949829,127.821854,-723.120300,0,0
135.480000,2.704252,1.201691,-1.765846,0.563091,0.812146,-0.152802,0.353940,-0.069925,0.932651,0.746763,-0.579250,-0.326825,0.699971,0.416476,0.212138,0.539986,-0.736758,0.967667,-0.007506,-0.131989,-0.547345,-0.284650,0.152802,-0.932651,0.326825,0.000000,0.000000,0.000000,-1,0.020813,-1.479996,0.042175,-0.633285,0.629709,-0.030965,168.372986,126.250275,-722.619263,0,0
135.520000,2.716150,1.231025,-1.725123,0.524516,0.840216,-0.137549,0.329311,-0.051229,0.942831,0.785135,-0.539827,-0.303562,0.685439,0.426561,0.236194,0.540769,-1.383866,2.114598,-0.144897,-0.185584,-0.286554,-0.322544,0.137549,-0.942831,0.303562,0.000000,0.000000,0.000000,-1,-0.015533,-1.123901,-0.035507,-1.241659,1.831939,-0.057342,167.847366,124.329453,-727.462341,0,1
135.560000,2.636250,1.314023,-1.497842,0.403210,0.906811,-0.122944,0.253286,0.018511,0.967214,0.879356,-0.421131,-0.222218,0.633821,0.457580,0.298354,0.547609,-3.033577,2.988261,-0.799735,0.051662,0.217809,-0.292638,0.122944,-0.967214,0.222218,0.000000,0.000000,0.000000,-1,0.178833,-0.760071,-0.158569,-3.029755,2.887831,-0.795511,167.321747,123.456360,-732.973450,0,0
135.600000,2.071099,1.401722,-0.890816,0.370934,0.916847,-0.147647,0.130844,0.105805,0.985741,0.919395,-0.384964,-0.080718,0.580053,0.451550,0.332620,0.590767,-3.009465,-0.965034,-0.642809,-0.108462,-0.083824,-0.084716,0.147647,-0.985741,0.080718,0.000000,0.000000,0.000000,-1,0.074051,-1.150192,0.014069,-3.074543,-0.724101,-0.656388,166.095306,120.487808,-742.158569,0,0
135.640000,1.520028,1.401306,-0.383151,0.415081,0.894052,-0.168462,0.063060,0.156449,0.985671,0.907596,-0.419756,0.008560,0.559033,0.428021,0.330541,0.628508,-2.514630,-1.821656,-0.628441,-0.013799,-0.307634,0.083603,0.168462,-0.985671,-0.008560,0.000000,0.000000,0.000000,-1,0.200592,-1.337494,0.129349,-2.618321,-1.962417,-0.653701,169.949829,120.487808,-749.506653,0,0
135.680000,1.206566,1.367485,-0.077500,0.426014,0.884826,-0.188667,0.015633,0.201307,0.979403,0.904581,-0.420189,0.071928,0.536838,0.419334,0.333394,0.651776,-0.110584,1.839532,-0.474670,0.056328,-0.454984,0.690580,0.188667,-0.979403,-0.071928,0.000000,0.000000,0.000000,-1,0.220291,-1.119019,0.389389,-0.106744,1.739099,-0.470453,169.774628,119.963959,-755.351746,0,0
135.720000,1.084037,1.333792,0.179098,0.307232,0.928732,-0.207521,-0.041826,0.231036,0.972046,0.950715,-0.289964,0.109827,0.491520,0.451103,0.378008,0.641891,-2.724227,2.313331,0.183848,-0.311968,-0.158173,0.117487,0.207521,-0.972046,-0.109827,0.000000,0.000000,0.000000,-1,-0.229309,-1.248291,0.150986,-2.620878,2.470281,0.020930,172.052307,121.186295,-759.860840,0,0
135.760000,0.865346,1.298185,0.454577,0.260595,0.943436,-0.204983,-0.118221,0.241904,0.963071,0.958182,-0.226739,0.174573,0.459379,0.449092,0.409901,0.647509,-2.306000,1.342217,0.205959,-0.362545,-0.080035,0.259016,0.204983,-0.963071,-0.174573,0.000000,0.000000,0.000000,-1,-0.104813,-0.850037,0.070724,-2.424072,1.270542,0.298614,171.351486,123.281738,-764.536865,0,0
135.800000,0.734135,1.241705,0.648700,0.208577,0.953738,-0.216515,-0.195251,0.257535,0.946337,0.958318,-0.155110,0.239934,0.421636,0.449728,0.439836,0.653079,-1.407147,1.062183,0.104772,-0.065086,0.231066,0.236852,0.216515,-0.946337,-0.239934,0.000000,0.000000,0.000000,-1,0.330856,-0.728714,-0.007095,-1.403308,0.961752,0.108989,172.753128,124.329453,-770.548950,0,0
135.840000,0.653102,1.213110,0.779452,0.164835,0.963104,-0.212744,-0.246087,0.249032,0.936709,0.955129,-0.102048,0.278057,0.399295,0.448927,0.464809,0.650370,-0.752269,0.702241,0.451269,0.105874,0.422503,0.246883,0.212744,-0.936709,-0.278057,0.000000,0.000000,0.000000,-1,0.265167,-0.442276,-0.071198,-0.867439,0.694046,0.454254,175.556427,127.123383,-774.223022,0,0
135.880000,0.620443,1.213581,0.823645,0.153294,0.967043,-0.203295,-0.256525,0.237616,0.936874,0.954304,-0.091467,0.284496,0.397235,0.447165,0.472648,0.647188,0.023124,-0.022998,0.406638,0.015349,0.522980,0.155086,0.203295,-0.936874,-0.284496,0.000000,0.000000,0.000000,-1,0.223801,-0.417725,-0.123764,-0.092005,-0.008919,0.415904,173.979568,129.742676,-777.396057,0,0
135.920000,0.600904,1.244739,0.833141,0.158370,0.970630,-0.181100,-0.237045,0.215426,0.947313,0.958503,-0.107097,0.264200,0.411930,0.445212,0.471806,0.639921,0.874616,-0.349475,0.443403,0.027900,0.569642,0.187021,0.181100,-0.947313,-0.264200,0.000000,0.000000,0.000000,-1,0.227081,-0.404755,-0.162613,0.878456,-0.449903,0.447619,173.629166,129.393433,-777.062073,0,0
135.960000,0.634312,1.298522,0.779627,0.171562,0.972197,-0.159370,-0.189057,0.191252,0.963162,0.966863,-0.135112,0.216612,0.436949,0.448073,0.462006,0.628376,1.356741,-0.491716,0.323849,0.060768,0.467373,-0.041628,0.159370,-0.963162,-0.216612,0.000000,0.000000,0.000000,-1,0.228409,-0.579071,-0.284500,1.336296,-0.575117,0.369742,171.877106,128.345718,-776.060059,0,1
136.000000,0.701083,1.333647,0.705411,0.175270,0.972787,-0.151542,-0.152318,0.178865,0.972012,0.972666,-0.147282,0.179523,0.451908,0.453892,0.454254,0.619205,0.665604,0.162305,0.251589,0.076327,-0.410909,-0.464599,0.149610,-0.972834,-0.176667,0.000000,0.000000,0.000000,-1,0.225937,-1.383743,-0.641266,0.121147,0.061879,0.255805,172.052307,125.726410,-773.889038,0,0
136.040000,0.587840,1.323940,0.831458,0.163342,0.977219,-0.135512,-0.180559,0.164647,0.969685,0.969906,-0.133922,0.203339,0.445914,0.446645,0.467801,0.618734,-1.573810,0.382257,0.595797,-0.042982,-0.863414,-1.246780,0.135512,-0.969685,-0.203339,0.000000,0.000000,0.000000,-1,-0.049515,-1.503738,-1.410645,-1.569970,0.281831,0.600013,170.650650,125.377182,-774.223022,0,0
136.080000,0.520380,1.298254,0.938832,0.126161,0.982940,-0.133840,-0.217194,0.159014,0.963090,0.967941,-0.092435,0.233550,0.428251,0.447019,0.486923,0.616183,0.195703,0.954986,0.014193,-0.122319,0.112382,-0.766298,0.133840,-0.963090,-0.233550,0.000000,0.000000,0.000000,-1,0.117920,-0.794022,-0.652802,0.025161,0.654232,0.054211,171.526688,127.647232,-777.730103,0,0
136.120000,0.563998,1.296283,0.939080,0.083820,0.985888,-0.144910,-0.218765,0.160081,0.962557,0.972171,-0.048980,0.229096,0.416727,0.460208,0.496285,0.606835,-0.568341,1.566679,-0.009930,0.134814,0.273302,0.022003,0.144910,-0.962557,-0.229096,0.000000,0.000000,0.000000,-1,0.354218,-0.762482,-0.076462,-0.328526,1.439742,-0.013514,171.351486,129.568054,-778.565063,0,0
136.160000,0.617897,1.282405,0.940219,0.032003,0.985813,-0.164765,-0.229715,0.167692,0.958703,0.972732,0.007167,0.231822,0.397646,0.475359,0.507968,0.598230,0.470225,0.490424,-0.114382,0.204833,-0.156639,0.205028,0.164765,-0.958703,-0.231822,0.000000,0.000000,0.000000,-1,0.379440,-0.717438,-0.090607,0.474064,0.390000,-0.110166,175.906830,130.266541,-779.901123,0,0
136.200000,0.653515,1.312567,0.781176,0.149880,0.976438,-0.155260,-0.179809,0.181334,0.966844,0.972216,-0.116993,0.202751,0.437548,0.455166,0.466781,0.619267,1.377671,-5.710524,-0.676124,0.131438,-0.131667,0.088615,0.155260,-0.966844,-0.202751,0.000000,0.000000,0.000000,-1,0.356003,-1.280212,0.348129,1.423484,-5.519274,-0.596036,177.133286,131.139633,-780.068115,0,0
136.240000,0.637527,1.331746,0.650007,0.289732,0.946675,-0.140934,-0.143297,0.188495,0.971563,0.946320,-0.261298,0.190269,0.477223,0.420860,0.421913,0.645852,1.158140,-3.399970,-0.438414,0.533627,-0.051126,0.703971,0.140934,-0.971563,-0.190269,0.000000,0.000000,0.000000,-1,0.663177,-0.960388,0.299637,1.060421,-4.450272,-0.387306,172.402710,130.266541,-779.233093,0,0
136.280000,1.013720,1.382471,0.314813,0.244547,0.956528,-0.158908,-0.057969,0.178013,0.982319,0.967903,-0.231012,0.098981,0.491821,0.456751,0.411224,0.616754,2.455926,2.007239,0.339814,-0.001407,0.145283,0.205732,0.158908,-0.982319,-0.098981,0.000000,0.000000,0.000000,-1,-0.412476,-1.133011,0.393829,2.459765,1.906818,0.344030,168.548187,128.520340,-775.893066,0,0
136.320000,1.331375,1.431855,-0.040547,0.275945,0.951710,-0.134545,0.005614,0.138381,0.990363,0.961157,-0.274041,0.032843,0.525529,0.455410,0.393229,0.601492,0.663040,-3.174723,-0.110603,-0.706002,-0.184960,-0.096598,0.134545,-0.990363,-0.032843,0.000000,0.000000,0.000000,-1,-0.408279,-1.051285,-0.170547,0.714839,-2.834817,0.117669,169.249008,127.472610,-772.887024,0,0
136.360000,1.558347,1.426372,-0.394794,0.392075,0.908607,-0.143911,0.055355,0.132851,0.989589,0.918266,-0.395960,0.001792,0.560676,0.429821,0.345277,0.617802,1.509567,-1.035976,0.079966,-0.064855,-0.029973,-0.029580,0.143911,-0.989589,-0.001792,0.000000,0.000000,0.000000,-1,0.079056,-1.019562,-0.031372,1.513406,-1.136395,0.084183,167.496948,127.472610,-771.885010,0,0
136.400000,1.911355,1.429767,-0.750068,0.391781,0.910469,-0.132489,0.095819,0.102841,0.990072,0.915056,-0.400586,-0.046950,0.577903,0.435319,0.338537,0.601596,1.711917,0.471112,0.429407,0.058810,-0.110987,-0.037184,0.132489,-0.990072,0.046950,0.000000,0.000000,0.000000,-1,0.035126,-0.904510,0.126465,1.715756,0.370694,0.433623,164.518448,127.996475,-769.045959,0,0
136.440000,2.314414,1.404873,-1.126553,0.364517,0.923228,-0.121564,0.149131,0.070983,0.986266,0.919177,-0.377640,-0.111808,0.592736,0.452292,0.336412,0.575259,0.890936,0.582937,0.067778,-0.080136,0.159118,-0.025016,0.121564,-0.986266,0.111808,0.000000,0.000000,0.000000,-1,0.078705,-0.834747,0.035263,1.034056,0.512200,0.067133,164.518448,126.250275,-765.371887,0,0
136.480000,2.415995,1.393849,-1.212822,0.349694,0.929554,-0.116808,0.164867,0.061676,0.984386,0.922244,-0.363491,-0.131685,0.595757,0.459257,0.337989,0.565616,0.562473,0.532080,0.093966,-0.044359,0.116557,-0.212572,0.116808,-0.984386,0.131685,0.000000,0.000000,0.000000,-1,0.067001,-0.909851,-0.134338,0.536536,0.442259,0.094207,164.693649,124.678696,-764.202881,0,0
136.520000,2.614783,1.364516,-1.403937,0.341717,0.934144,-0.102980,0.201976,0.034018,0.978799,0.917843,-0.355272,-0.177050,0.609252,0.466195,0.334371,0.547422,1.292303,-0.118482,0.357978,0.000582,0.063013,-0.283740,0.102980,-0.978799,0.177050,0.000000,0.000000,0.000000,-1,0.073318,-0.882980,-0.039856,1.296142,-0.218898,0.362194,164.868866,124.504074,-763.367859,0,0
136.560000,2.709415,1.316316,-1.532549,0.370342,0.922892,-0.105442,0.251559,0.009626,0.967794,0.894184,-0.384939,-0.228596,0.630340,0.465801,0.312824,0.536510,1.231872,-0.973534,0.012540,-0.148243,0.102087,-0.095540,0.105442,-0.967794,0.228596,0.000000,0.000000,0.000000,-1,-0.062271,-0.874771,0.172256,1.204811,-1.065497,-0.003152,163.817627,123.805588,-760.027832,0,0
136.600000,2.751295,1.279187,-1.602695,0.393711,0.912704,-0.109381,0.287348,-0.009169,0.957783,0.873168,-0.408520,-0.265873,0.645901,0.464487,0.295629,0.528836,1.440776,-0.812220,0.118009,-0.150152,0.102329,-0.328928,0.109928,-0.951980,0.285746,0.000000,0.000000,0.000000,-1,0.027481,-0.897293,-0.043182,1.491822,-0.575419,0.166986,164.518448,125.202560,-758.691772,0,0
136.640000,2.819762,1.223016,-1.686430,0.404833,0.908014,-0.107800,0.338535,-0.039321,0.940132,0.849414,-0.417091,-0.323314,0.664731,0.468817,0.278915,0.510441,0.988907,-0.166766,-0.019271,-0.071530,-0.109475,-0.537989,0.107800,-0.940132,0.323314,0.000000,0.000000,0.000000,-1,-0.021210,-1.086273,-0.100357,0.992746,-0.267180,-0.015055,161.364746,124.853317,-756.019775,0,0
136.680000,2.785023,1.209375,-1.701214,0.445606,0.886680,-0.123430,0.350601,-0.045985,0.935395,0.823720,-0.460092,-0.331362,0.675084,0.458195,0.259335,0.516783,0.052737,-1.583018,0.118703,-0.237581,-0.060790,-0.275988,0.123430,-0.935395,0.331362,0.000000,0.000000,0.000000,-1,-0.114151,-0.996185,0.055374,0.093725,-1.605023,0.090244,161.539948,124.329453,-754.182739,0,0
136.720000,2.738747,1.209485,-1.728045,0.506266,0.851169,-0.138586,0.349140,-0.055359,0.935434,0.788541,-0.521964,-0.325203,0.686809,0.436915,0.236585,0.530496,0.269781,-1.301014,0.102277,-0.138052,-0.149969,-0.199349,0.138586,-0.935434,0.325203,0.000000,0.000000,0.000000,-1,0.000534,-1.085403,0.125854,0.273620,-1.401435,0.106490,159.262268,125.901031,-753.681763,0,0
136.760000,2.731883,1.201333,-1.750093,0.529086,0.836287,-0.143848,0.355326,-0.064400,0.932521,0.770592,-0.544497,-0.331228,0.693670,0.429460,0.225880,0.532320,0.296925,-0.613983,0.111641,-0.002704,-0.397648,-0.285848,0.143848,-0.932521,0.331228,0.000000,0.000000,0.000000,-1,0.116714,-1.405136,-0.003464,0.300764,-0.714404,0.115854,159.262268,125.901031,-753.681763,0,0
136.800000,2.729154,1.213089,-1.739186,0.523702,0.840261,-0.140347,0.345176,-0.058680,0.936702,0.778839,-0.538997,-0.320768,0.689774,0.429647,0.231414,0.534849,-0.782111,0.840622,0.120161,-0.173764,-0.579640,-0.367460,0.140347,-0.936702,0.320768,0.000000,0.000000,0.000000,-1,-0.082336,-1.450470,-0.059189,-0.646713,0.578991,0.084294,159.612686,127.647232,-752.345703,0,1
136.840000,2.698564,1.273369,-1.628661,0.461420,0.878242,-0.125629,0.292571,-0.016949,0.956094,0.837552,-0.477916,-0.264769,0.660140,0.443396,0.269611,0.543070,-2.159635,2.819120,-0.474586,-0.066776,-0.044959,-0.153364,0.125629,-0.956094,0.264769,0.000000,0.000000,0.000000,-1,0.058853,-1.001053,0.111404,-2.155796,2.718701,-0.470373,158.561447,128.694962,-757.021790,0,0
136.880000,2.596145,1.341188,-1.413146,0.364703,0.923607,-0.118077,0.224774,0.035732,0.973755,0.903586,-0.381673,-0.194571,0.617159,0.465188,0.318195,0.549059,-3.332761,3.299051,-0.690393,0.057643,0.243699,-0.306739,0.118077,-0.973755,0.194571,0.000000,0.000000,0.000000,-1,0.071091,-0.911789,-0.108078,-3.328922,3.198633,-0.686180,158.561447,128.694962,-757.021790,0,0
136.920000,1.935819,1.426488,-0.686144,0.309479,0.941370,-0.134334,0.091111,0.111264,0.989606,0.946531,-0.318501,-0.051335,0.558916,0.461823,0.363291,0.585108,-3.001587,-0.324695,-0.655350,-0.125819,-0.171008,-0.066976,0.134334,-0.989606,0.051335,0.000000,0.000000,0.000000,-1,0.077301,-1.269241,-0.017960,-3.103418,-0.063436,-0.553744,160.839127,130.615784,-765.872925,0,0
136.960000,1.204252,1.384626,-0.011427,0.368852,0.913284,-0.172801,0.002115,0.185085,0.982720,0.929486,-0.362844,0.066337,0.528543,0.432982,0.357911,0.636450,-1.860247,-2.071998,-0.716421,0.119954,-0.412726,0.197090,0.172801,-0.982720,-0.066337,0.000000,0.000000,0.000000,-1,0.292755,-1.395447,0.130753,-1.856404,-2.172414,-0.712209,162.941589,137.600571,-775.559082,0,0
137.000000,1.072779,1.364793,0.109592,0.380763,0.907043,-0.179703,-0.022372,0.203322,0.978856,0.924402,-0.368692,0.097710,0.519550,0.425690,0.358338,0.648420,-0.803555,1.458459,-0.053648,0.060165,-0.139048,0.539055,0.179703,-0.978856,-0.097710,0.000000,0.000000,0.000000,-1,0.160858,-1.100266,0.385941,-0.799712,1.358044,-0.049437,162.941589,137.600571,-775.559082,0,0
137.040000,0.851976,1.305968,0.458072,0.269406,0.942665,-0.196984,-0.115748,0.234760,0.965137,0.956045,-0.237213,0.172358,0.464297,0.445252,0.408715,0.647403,-2.513521,1.592250,0.101815,-0.255593,-0.087963,0.140650,0.196984,-0.965137,-0.172358,0.000000,0.000000,0.000000,-1,-0.148605,-1.058701,-0.078552,-2.591704,1.819274,-0.004110,166.270508,145.458481,-782.072144,0,0
137.080000,0.703053,1.246021,0.675387,0.212304,0.955177,-0.206312,-0.199499,0.249043,0.947722,0.956623,-0.160047,0.243429,0.424214,0.445340,0.442177,0.652836,-1.540939,1.324659,-0.186391,-0.231122,0.255950,0.319739,0.206312,-0.947722,-0.243429,0.000000,0.000000,0.000000,-1,-0.024811,-0.691772,0.076309,-1.537096,1.224245,-0.182180,167.321747,147.553925,-784.744141,0,0
137.120000,0.676146,1.213487,0.737864,0.182733,0.958490,-0.218874,-0.235283,0.258786,0.936841,0.954594,-0.119695,0.272805,0.403467,0.448120,0.455874,0.654661,-1.133433,0.929452,-0.023159,0.145522,0.377881,0.351022,0.218874,-0.936841,-0.272805,0.000000,0.000000,0.000000,-1,0.438202,-0.525208,0.057404,-1.129590,0.829038,-0.018948,167.321747,147.553925,-784.744141,0,0
137.160000,0.655914,1.194215,0.795293,0.149821,0.962939,-0.224281,-0.262594,0.257448,0.929927,0.953204,-0.080428,0.291433,0.387602,0.451717,0.470150,0.651672,-0.165644,0.391164,0.166455,0.086053,0.450481,0.271246,0.224281,-0.929927,-0.291433,0.000000,0.000000,0.000000,-1,0.265823,-0.461243,-0.049500,-0.279766,0.438093,0.153218,170.650650,152.268661,-786.915222,0,0
137.200000,0.644479,1.215182,0.793220,0.159492,0.964785,-0.209172,-0.248109,0.244257,0.937433,0.955513,-0.097615,0.278328,0.399032,0.449009,0.467595,0.648475,0.834818,-0.678239,0.388953,0.027706,0.493539,0.206810,0.209172,-0.937433,-0.278328,0.000000,0.000000,0.000000,-1,0.236877,-0.443893,-0.071518,0.838660,-0.778651,0.393165,169.249008,152.617905,-786.247192,0,0
137.240000,0.659206,1.249914,0.754595,0.177766,0.964925,-0.193181,-0.216050,0.229787,0.948958,0.960063,-0.126956,0.249320,0.417929,0.447968,0.458739,0.643598,1.365127,-0.697396,0.335327,0.039317,0.499800,0.103431,0.193181,-0.948958,-0.249320,0.000000,0.000000,0.000000,-1,0.234253,-0.485916,-0.195282,1.368970,-0.797807,0.339539,167.672150,149.998596,-786.080200,0,1
137.280000,0.746347,1.310656,0.637866,0.199106,0.964291,-0.174640,-0.153168,0.206639,0.966354,0.967934,-0.165658,0.188842,0.448226,0.452408,0.442464,0.631385,1.463443,-0.211132,0.086330,0.115353,0.341217,-0.098924,0.174640,-0.966354,-0.188842,0.000000,0.000000,0.000000,-1,0.297180,-0.769806,-0.304153,1.502561,-0.443951,0.168402,165.920090,148.950882,-783.742188,0,0
137.320000,0.778435,1.338527,0.594928,0.206721,0.964957,-0.161629,-0.129008,0.190638,0.973147,0.969857,-0.180319,0.163896,0.461570,0.452775,0.437760,0.624751,-0.581169,-0.788001,0.739063,0.093544,-1.044569,-0.921294,0.161629,-0.973146,-0.163896,0.000000,0.000000,0.000000,-1,0.255173,-2.017715,-1.085190,-0.577326,-0.888411,0.743274,166.270508,149.649353,-781.738159,0,0
137.360000,0.599820,1.320474,0.756721,0.224698,0.964343,-0.139834,-0.170067,0.180112,0.968833,0.959473,-0.193914,0.204474,0.458288,0.433284,0.447120,0.634288,-1.229827,-0.103800,0.283599,-0.246600,-0.390207,-1.150781,0.139834,-0.968833,-0.204474,0.000000,0.000000,0.000000,-1,-0.133194,-1.003143,-1.252975,-1.225984,-0.204209,0.287810,163.992828,151.220947,-782.239136,0,0
137.400000,0.594663,1.304012,0.813733,0.176092,0.973231,-0.147694,-0.191622,0.181059,0.964624,0.965543,-0.141561,0.218375,0.440641,0.443450,0.464011,0.627600,-0.247779,1.751307,0.098462,0.040645,0.369241,-0.312280,0.147694,-0.964624,-0.218375,0.000000,0.000000,0.000000,-1,0.280762,-0.623322,-0.361603,-0.234495,1.630711,0.072876,165.394470,153.316376,-782.573120,0,0
137.440000,0.656736,1.300129,0.833947,0.096490,0.981856,-0.163241,-0.198014,0.179664,0.963593,0.975438,-0.060653,0.211757,0.419842,0.466749,0.483633,0.609900,0.161442,1.409989,0.141232,0.123227,-0.186859,0.234966,0.163241,-0.963593,-0.211757,0.000000,0.000000,0.000000,-1,0.286469,-1.150452,0.023209,0.165285,1.309583,0.145443,167.672150,154.538727,-784.410156,0,0
137.480000,0.688133,1.308103,0.773369,0.124296,0.978443,-0.164923,-0.181401,0.185819,0.965694,0.975523,-0.090114,0.200587,0.429503,0.463933,0.471824,0.614553,0.805112,-3.449191,-0.724690,-0.150809,0.050075,-0.163426,0.164923,-0.965694,-0.200587,0.000000,0.000000,0.000000,-1,-0.014084,-1.030273,-0.327438,0.808954,-3.549597,-0.720479,168.372986,154.189484,-782.072144,0,0
137.520000,0.531051,1.324200,0.700566,0.342589,0.931316,-0.123624,-0.157362,0.186612,0.969749,0.926213,-0.312772,0.210485,0.486182,0.397976,0.412700,0.659486,0.732112,-3.719104,0.276165,0.592364,-0.098855,0.826925,0.123624,-0.969749,-0.210485,0.000000,0.000000,0.000000,-1,0.768188,-0.893005,0.418686,0.638946,-4.365455,0.323265,159.262268,153.141754,-780.068115,0,0
137.560000,0.797412,1.373513,0.459187,0.315205,0.938603,-0.140252,-0.086874,0.175702,0.980603,0.945039,-0.296906,0.136922,0.500645,0.425316,0.401875,0.637932,1.855988,2.041852,-0.597241,0.267386,0.375409,0.249944,0.140252,-0.980603,-0.136922,0.000000,0.000000,0.000000,-1,0.407639,-0.605194,0.113022,1.859831,1.941448,-0.593032,158.561447,151.744797,-778.398071,0,0
137.600000,1.165877,1.399736,0.124686,0.278249,0.947680,-0.156462,-0.021170,0.168906,0.985405,0.960276,-0.270875,0.067060,0.510461,0.453761,0.393670,0.615267,2.346987,0.430124,-0.033736,-0.505568,-0.235420,0.603041,0.156462,-0.985405,-0.067060,0.000000,0.000000,0.000000,-1,-0.423126,-1.361389,0.210037,2.350830,0.329720,-0.029526,160.488708,150.522461,-775.225037,0,0
137.640000,1.386138,1.415024,-0.219815,0.390939,0.907694,-0.152506,0.033829,0.151410,0.987892,0.919795,-0.391364,0.028486,0.550237,0.427781,0.348618,0.626665,0.777690,-3.833419,-0.303547,-0.722162,-0.236015,-0.281618,0.152506,-0.987892,-0.028486,0.000000,0.000000,0.000000,-1,-0.380676,-1.095032,-0.263046,0.780561,-4.063092,-0.248749,158.561447,148.601639,-772.385986,0,0
137.680000,1.739163,1.424317,-0.651893,0.458500,0.876968,-0.143892,0.088550,0.116026,0.989291,0.884272,-0.466331,-0.024458,0.584579,0.412912,0.316629,0.622508,1.738668,-0.414263,0.374611,0.025114,-0.007062,0.019579,0.143892,-0.989291,0.024458,0.000000,0.000000,0.000000,-1,0.169006,-0.996353,0.044037,1.742511,-0.514665,0.378820,154.706909,148.252396,-769.379944,0,0
137.720000,2.005433,1.416671,-0.928393,0.465328,0.874117,-0.139243,0.122914,0.091975,0.988146,0.876563,-0.476927,-0.064643,0.599582,0.415719,0.307431,0.610872,1.103975,-0.125331,0.036722,-0.000083,0.145876,0.039315,0.139243,-0.988146,0.064643,0.000000,0.000000,0.000000,-1,0.136383,-0.833298,0.102615,1.107811,-0.225745,0.040931,153.305267,148.601639,-766.707886,0,0
137.760000,2.223075,1.398738,-1.124900,0.444635,0.885317,-0.136062,0.154471,0.073838,0.985234,0.882292,-0.459087,-0.103925,0.607191,0.428114,0.307247,0.594674,0.758213,1.243307,-0.022021,-0.021133,0.127309,-0.095655,0.136062,-0.985234,0.103925,0.000000,0.000000,0.000000,-1,0.107178,-0.870026,-0.021698,0.733335,0.971189,0.015191,155.582947,147.379303,-764.202881,0,0
137.800000,2.449910,1.367005,-1.298792,0.394753,0.909674,-0.129087,0.194943,0.054373,0.979306,0.897868,-0.411749,-0.155870,0.611607,0.451523,0.314247,0.568607,1.174013,0.696452,0.116275,-0.077299,-0.002795,-0.260866,0.129087,-0.979306,0.155871,0.000000,0.000000,0.000000,-1,0.051788,-0.982101,-0.104996,1.177850,0.596039,0.120484,155.758148,147.553925,-766.373901,0,0
137.840000,2.566063,1.340538,-1.419564,0.397480,0.909164,-0.124220,0.225624,0.034384,0.973608,0.889440,-0.415016,-0.191462,0.623409,0.455073,0.306869,0.556867,1.260491,-0.538594,0.182592,-0.120283,0.033056,-0.237986,0.124220,-0.973608,0.191462,0.000000,0.000000,0.000000,-1,-0.000198,-0.907593,0.004807,1.264327,-0.639006,0.186800,155.232529,146.680817,-765.204895,0,0
137.880000,2.668852,1.293965,-1.555977,0.424751,0.896716,-0.124445,0.273279,0.004050,0.961926,0.863079,-0.442587,-0.243333,0.644987,0.453495,0.286298,0.544396,1.271372,-0.006433,0.139649,-0.067927,0.067181,-0.275453,0.124445,-0.961926,0.243333,0.000000,0.000000,0.000000,-1,0.153046,-0.932800,-0.181137,1.288790,-0.413246,0.142963,155.407730,146.156952,-761.363831,0,0
137.920000,2.692617,1.273337,-1.587259,0.429756,0.893939,-0.127215,0.293053,-0.004825,0.956084,0.854067,-0.448163,-0.264044,0.651657,0.455375,0.278848,0.538722,-0.026365,-0.981179,-0.119279,-0.095308,-0.109300,-0.686530,0.127215,-0.956084,0.264045,0.000000,0.000000,0.000000,-1,0.031906,-1.065384,-0.422485,-0.022529,-1.081589,-0.115070,155.407730,146.855438,-761.029846,0,0
137.960000,2.653523,1.270805,-1.592570,0.467103,0.873277,-0.138572,0.295441,-0.006434,0.955339,0.833384,-0.487182,-0.261007,0.658510,0.443698,0.263782,0.547645,0.077014,-1.655164,0.085794,-0.317008,-0.107771,-0.323706,0.138572,-0.955339,0.261007,0.000000,0.000000,0.000000,-1,-0.183487,-1.022079,-0.103363,0.080850,-1.755574,0.090002,155.232529,148.427017,-759.860840,0,0
138.000000,2.535367,1.302870,-1.524021,0.510414,0.846597,-0.150836,0.264443,0.012378,0.964322,0.818259,-0.532091,-0.217558,0.654903,0.424123,0.254779,0.571234,-1.622882,-0.627055,-0.091579,-0.132724,-0.360355,-0.193709,0.150836,-0.964322,0.217558,0.000000,0.000000,0.000000,-1,0.124512,-1.491760,0.095505,-1.437421,-0.844119,-0.111184,153.655670,147.903152,-758.691772,0,0
138.040000,2.243174,1.386138,-1.216551,0.505236,0.850942,-0.143646,0.172210,0.063691,0.982999,0.845624,-0.521384,-0.114362,0.623680,0.410127,0.281385,0.603027,-3.128555,0.826787,0.119498,0.223266,-0.233157,-0.260205,0.143646,-0.982999,0.114362,0.000000,0.000000,0.000000,-1,0.366913,-1.216156,-0.145844,-3.124719,0.726379,0.123706,152.604431,149.300125,-759.359802,0,0
138.080000,1.645373,1.417755,-0.592133,0.488252,0.859360,-0.152021,0.085084,0.126491,0.988312,0.868545,-0.495480,-0.011358,0.585901,0.402988,0.305736,0.633124,-3.380973,-0.075149,-0.379982,0.231555,-0.005981,-0.069189,0.152021,-0.988312,0.011358,0.000000,0.000000,0.000000,-1,0.303055,-0.964096,0.028336,-3.377136,-0.175555,-0.375771,154.006088,150.697083,-763.367859,0,0
138.120000,1.003843,1.359694,-0.082188,0.602965,0.777941,-0.176754,0.017202,0.208831,0.977800,0.797582,-0.592620,0.112536,0.566038,0.351188,0.274199,0.693601,-1.731160,-5.271841,-0.793825,0.213276,-0.100264,0.122210,0.176754,-0.977800,-0.112536,0.000000,0.000000,0.000000,-1,0.445175,-1.246155,0.036957,-1.798462,-5.051064,-0.829630,154.006088,152.443283,-764.369873,0,0
138.160000,0.904465,1.317084,-0.014301,0.628924,0.752013,-0.197309,0.003589,0.250973,0.967987,0.777458,-0.609499,0.155144,0.552903,0.341652,0.262320,0.713274,-0.565808,4.101639,-0.706436,0.109057,-0.184875,0.878777,0.197309,-0.967987,-0.155144,0.000000,0.000000,0.000000,-1,0.306366,-1.152863,0.723633,-0.561974,4.001235,-0.702217,151.728409,153.665619,-761.196838,0,0
138.200000,0.984858,1.275647,0.029586,0.529158,0.813174,-0.242362,-0.008605,0.290755,0.956759,0.848480,-0.504191,0.160853,0.519026,0.387539,0.291950,0.703698,-1.605113,3.188403,-0.956788,0.028589,0.225710,0.253519,0.242362,-0.956759,-0.160853,0.000000,0.000000,0.000000,-1,0.210861,-0.757080,-0.005219,-1.601280,3.087999,-0.952570,155.407730,153.840240,-763.367859,0,0
138.240000,0.899984,1.217093,0.195830,0.466758,0.841737,-0.271321,-0.067398,0.339754,0.938096,0.881813,-0.419578,0.215314,0.477412,0.405488,0.319688,0.710955,-1.047264,0.355003,0.106123,-0.203236,-0.140792,-0.080813,0.271321,-0.938096,-0.215314,0.000000,0.000000,0.000000,-1,0.079437,-1.001236,-0.302063,-1.337886,0.599075,0.051400,157.335007,154.364105,-767.542908,0,0
138.280000,0.855726,1.206869,0.217547,0.487924,0.830482,-0.268757,-0.076826,0.347557,0.934506,0.869499,-0.435320,0.233384,0.476178,0.395680,0.315398,0.719177,-0.127452,-0.953666,-0.148083,0.068921,0.406796,0.119523,0.268756,-0.934506,-0.233384,0.000000,0.000000,0.000000,-1,0.337677,-0.527710,-0.113861,-0.123618,-1.054069,-0.143864,155.758148,156.284927,-768.043945,0,0
138.320000,0.826334,1.204630,0.218404,0.512693,0.817195,-0.263320,-0.077577,0.349533,0.933707,0.855060,-0.458277,0.242599,0.479729,0.385435,0.308372,0.725401,0.094415,-0.751995,0.003864,0.164338,0.334174,0.241820,0.263320,-0.933707,-0.242599,0.000000,0.000000,0.000000,-1,0.394470,-0.593491,0.010406,0.098249,-0.852396,0.008083,158.035828,157.158020,-767.876953,0,0
138.360000,0.856979,1.212556,0.176342,0.520387,0.811762,-0.265027,-0.061510,0.345189,0.936515,0.851712,-0.471048,0.229563,0.486219,0.385759,0.301657,0.723730,0.482184,0.027970,-0.233693,0.037951,0.348152,0.129801,0.265027,-0.936515,-0.229563,0.000000,0.000000,0.000000,-1,0.296707,-0.637894,-0.163315,0.483961,-0.113739,-0.202672,155.758148,156.284927,-766.039917,0,1
138.400000,0.943586,1.211164,0.111623,0.498815,0.818529,-0.284946,-0.039202,0.349739,0.936026,0.865821,-0.455734,0.206543,0.485421,0.401367,0.299161,0.716781,0.197543,1.372014,-0.432346,0.032833,0.125098,-0.074020,0.284946,-0.936026,-0.206543,0.000000,0.000000,0.000000,-1,0.317780,-0.810928,-0.280563,0.201376,1.271614,-0.428127,156.634171,155.411819,-767.208923,0,0
138.440000,1.027371,1.205666,0.099429,0.435152,0.846895,-0.305632,-0.035445,0.355307,0.934077,0.899659,-0.395633,0.184631,0.473079,0.428813,0.313915,0.702690,0.023627,2.093761,0.104555,0.161241,-0.145741,-0.508042,0.305632,-0.934077,-0.184631,0.000000,0.000000,0.000000,-1,0.466873,-1.079819,-0.692673,-0.011135,2.116179,-0.001982,157.685410,155.411819,-766.874939,0,0
138.480000,1.060803,1.216918,0.101076,0.403073,0.863749,-0.302441,-0.034967,0.344770,0.938036,0.914500,-0.367521,0.169170,0.471469,0.439467,0.324549,0.692281,0.167567,-0.253508,0.129518,-0.030270,0.190187,-0.585591,0.302441,-0.938036,-0.169170,0.000000,0.000000,0.000000,-1,0.227066,-0.713425,-0.703384,0.166603,-0.048453,0.208998,159.437469,156.110306,-767.876953,0,0
138.520000,1.067488,1.217492,0.067408,0.425871,0.852507,-0.303093,-0.023306,0.345214,0.938235,0.904484,-0.392503,0.166885,0.477957,0.433722,0.314563,0.696055,0.277240,0.108614,-0.183931,-0.009865,-0.008817,-0.247910,0.303093,-0.938235,-0.166885,0.000000,0.000000,0.000000,-1,0.293228,-0.947052,-0.414795,0.281074,0.008216,-0.179712,160.138290,155.761063,-768.210938,0,0
138.560000,1.106986,1.211403,0.063958,0.392934,0.864096,-0.314550,-0.022479,0.350987,0.936110,0.919292,-0.360759,0.157339,0.470268,0.447413,0.321488,0.689431,-0.238225,0.653881,0.034161,0.119593,-0.030930,-0.255289,0.314550,-0.936110,-0.157339,0.000000,0.000000,0.000000,-1,0.434143,-0.967041,-0.412628,-0.205826,0.692274,-0.027449,159.963089,153.840240,-767.375916,0,0
138.600000,1.084155,1.214033,0.095933,0.386175,0.869238,-0.308699,-0.033453,0.347637,0.937032,0.921819,-0.351532,0.163327,0.467763,0.446692,0.327687,0.688683,-0.309954,-0.044358,0.328498,0.109087,0.083867,-0.122882,0.308699,-0.937032,-0.163327,0.000000,0.000000,0.000000,-1,0.418488,-0.792892,-0.242081,-0.304949,-0.021764,0.336403,160.663910,154.887955,-766.707886,0,0
138.640000,1.045705,1.217786,0.117541,0.402618,0.865107,-0.299147,-0.040543,0.343338,0.938336,0.914470,-0.365663,0.173309,0.470630,0.438010,0.326861,0.692688,0.220977,-0.528346,-0.030451,0.312623,-0.168429,-0.088899,0.299147,-0.938336,-0.173309,0.000000,0.000000,0.000000,-1,0.611771,-1.106766,-0.262207,0.224811,-0.628741,-0.026233,160.839127,156.459549,-767.876953,0,0
138.680000,1.026080,1.210787,0.130270,0.413958,0.859279,-0.300463,-0.045762,0.349298,0.935893,0.909145,-0.373670,0.183917,0.469239,0.433423,0.324292,0.697706,-0.468582,0.399644,0.180386,0.434034,-0.182713,-0.185879,0.300463,-0.935893,-0.183917,0.000000,0.000000,0.000000,-1,0.734497,-1.118607,-0.369797,-0.527279,-0.080537,0.031704,158.035828,155.761063,-766.206909,0,0
138.720000,1.095714,1.222501,0.086982,0.383069,0.872437,-0.303499,-0.029649,0.340006,0.939956,0.923244,-0.351069,0.156113,0.470890,0.447444,0.329028,0.685417,0.890220,-0.411547,0.079718,-0.010347,0.239104,0.038620,0.303499,-0.939956,-0.156113,0.000000,0.000000,0.000000,-1,0.281357,-0.756561,-0.083511,0.863631,0.241800,0.038321,161.539948,156.110306,-767.208923,0,0
138.760000,1.093791,1.241534,-0.013809,0.470686,0.834231,-0.287251,0.004465,0.323314,0.946281,0.882290,-0.446684,0.148455,0.499729,0.419575,0.297680,0.696860,0.981147,-1.887524,-0.039078,-0.115666,-0.243676,0.582491,0.287251,-0.946281,-0.148455,0.000000,0.000000,0.000000,-1,0.171585,-1.189957,0.434036,0.984966,-1.987933,-0.034860,159.262268,155.586441,-766.039917,0,0
138.800000,1.219993,1.261055,-0.164927,0.485833,0.825850,-0.286248,0.050044,0.300676,0.952412,0.872618,-0.477039,0.104749,0.519713,0.421335,0.282064,0.687615,2.206671,-0.101936,0.075511,-0.464288,-0.117549,0.261976,0.286248,-0.952412,-0.104749,0.000000,0.000000,0.000000,-1,-0.190872,-0.985580,0.125687,2.210490,-0.202344,0.079730,158.561447,156.284927,-762.365845,0,0
138.840000,1.450748,1.309831,-0.455152,0.529226,0.808891,-0.256157,0.113422,0.231746,0.966141,0.840866,-0.540361,0.030900,0.562712,0.409762,0.259773,0.669304,1.311442,-1.311928,0.598233,-0.508201,-0.024337,0.190476,0.256157,-0.966141,-0.030900,0.000000,0.000000,0.000000,-1,-0.295929,-1.030823,0.006180,1.589816,-1.488541,0.685930,156.634171,153.665619,-761.196838,0,0
138.880000,1.505793,1.331532,-0.526500,0.543324,0.805526,-0.236488,0.119089,0.204893,0.971513,0.831034,-0.556009,0.015394,0.575117,0.401925,0.258446,0.664005,0.534944,-0.286760,0.570253,-0.214454,-0.057449,-0.228960,0.236488,-0.971513,-0.015394,0.000000,0.000000,0.000000,-1,0.022034,-1.028961,-0.244354,0.538763,-0.387166,0.574472,155.407730,153.840240,-758.691772,0,0
138.920000,1.607847,1.351579,-0.675206,0.580766,0.784528,-0.217316,0.135928,0.169749,0.976068,0.802642,-0.596406,-0.008055,0.595624,0.386341,0.245678,0.660011,1.142529,-1.772295,0.444742,-0.181092,0.004480,0.055650,0.217316,-0.976068,0.008055,0.000000,0.000000,0.000000,-1,0.036224,-0.971588,0.063705,1.142439,-1.741138,0.513297,155.582947,154.713348,-756.520752,0,0
138.960000,1.737508,1.358700,-0.875021,0.633590,0.745299,-0.207592,0.161579,0.134933,0.977592,0.756609,-0.652934,-0.034932,0.619191,0.366154,0.221667,0.658329,0.994793,-0.998564,0.298213,-0.106014,0.116233,0.079112,0.207592,-0.977592,0.034932,0.000000,0.000000,0.000000,-1,0.111267,-0.847961,0.115753,0.999339,-1.412829,0.277247,154.706909,155.935684,-756.019775,0,0
139.000000,1.961022,1.360437,-1.077463,0.616448,0.763347,-0.193114,0.183913,0.098886,0.977956,0.765616,-0.638376,-0.079431,0.631861,0.374789,0.226514,0.639512,0.796325,1.332682,0.195208,-0.096648,0.103337,-0.011255,0.193114,-0.977956,0.079431,0.000000,0.000000,0.000000,-1,0.096466,-0.874619,0.068176,0.800145,1.232279,0.199427,154.006088,154.538727,-752.345703,0,0
139.040000,2.131731,1.351544,-1.201922,0.579079,0.794197,-0.184170,0.202870,0.078423,0.976060,0.789627,-0.602579,-0.115705,0.635681,0.392125,0.238114,0.620846,0.809696,1.382316,0.065063,-0.109753,0.075365,-0.114484,0.184170,-0.976060,0.115705,0.000000,0.000000,0.000000,-1,0.074417,-0.900696,0.001221,0.802977,1.298909,0.090595,154.356491,155.935684,-753.013733,0,0
139.080000,2.297279,1.332840,-1.324447,0.542534,0.821347,-0.176202,0.228601,0.057483,0.971822,0.808331,-0.567526,-0.156574,0.640629,0.409733,0.246683,0.600717,0.817909,0.877694,0.090652,-0.169778,-0.030742,-0.214069,0.176202,-0.971822,0.156574,0.000000,0.000000,0.000000,-1,-0.019684,-1.036316,-0.081100,0.835508,0.865245,0.065601,153.480469,155.062576,-752.512695,0,0
139.120000,2.458061,1.314700,-1.468005,0.528156,0.833943,-0.159972,0.251969,0.025992,0.967386,0.810903,-0.551238,-0.196400,0.651645,0.416604,0.249726,0.582612,0.857762,0.132800,0.380778,-0.118086,-0.085867,-0.264378,0.159972,-0.967386,0.196400,0.000000,0.000000,0.000000,-1,0.041885,-1.053253,-0.067978,0.861581,0.032399,0.384997,152.954849,155.586441,-752.345703,0,0
139.160000,2.539358,1.298271,-1.559177,0.535967,0.830355,-0.152478,0.271980,-0.000113,0.962303,0.797633,-0.559401,-0.225504,0.664070,0.414443,0.243038,0.572870,0.851297,-0.523729,0.209363,-0.015642,0.051445,-0.351985,0.152056,-0.962303,0.225504,0.000000,0.000000,0.000000,-1,0.136414,-0.910858,-0.126480,0.903078,-0.558368,0.231903,152.954849,155.586441,-752.345703,0,0
139.200000,2.588282,1.274598,-1.638691,0.559184,0.814730,-0.153388,0.291214,-0.019802,0.956453,0.776214,-0.579502,-0.248334,0.675892,0.409069,0.230372,0.568121,0.633684,-0.686186,0.049746,-0.163703,0.008470,-0.263257,0.153388,-0.956453,0.248334,0.000000,0.000000,0.000000,-1,-0.010315,-0.947983,-0.014923,0.648196,-0.757944,0.064354,155.232529,154.713348,-750.508667,0,0
139.240000,2.604121,1.247753,-1.693223,0.586753,0.793289,-0.162526,0.315078,-0.038768,0.948274,0.745954,-0.607610,-0.272695,0.688879,0.402236,0.211731,0.564644,0.710878,-0.881371,-0.021493,-0.289189,-0.056670,-0.268057,0.162526,-0.948274,0.272695,0.000000,0.000000,0.000000,-1,-0.126663,-1.017776,0.024887,0.714697,-0.981770,-0.017275,153.130051,156.110306,-747.168640,0,0
139.280000,2.596287,1.236086,-1.725798,0.616014,0.769088,-0.170384,0.324558,-0.050714,0.944505,0.717767,-0.637128,-0.280854,0.697779,0.391831,0.196116,0.566667,0.193476,-1.351823,0.172484,-0.265477,-0.068037,-0.206360,0.170384,-0.944505,0.280854,0.000000,0.000000,0.000000,-1,-0.095093,-1.012543,0.074493,0.281260,-1.366380,0.151987,153.130051,156.110306,-747.168640,0,0
139.320000,2.577639,1.234141,-1.757283,0.652475,0.736952,-0.176573,0.324604,-0.061246,0.943865,0.684769,-0.673164,-0.279179,0.705851,0.375985,0.179994,0.572724,0.365956,-0.789984,0.122307,-0.132505,-0.072432,-0.216420,0.176573,-0.943865,0.279179,0.000000,0.000000,0.000000,-1,0.046188,-1.119919,0.076889,0.304989,-1.026021,0.172528,152.254028,157.681885,-744.997620,0,0
139.360000,2.568055,1.224677,-1.772632,0.668458,0.720610,-0.184079,0.332363,-0.068009,0.940696,0.665357,-0.689997,-0.284965,0.710885,0.370303,0.169253,0.573473,-0.126296,-0.218716,0.004954,-0.252255,-0.379341,-0.119422,0.184079,-0.940696,0.284965,0.000000,0.000000,0.000000,-1,-0.085724,-1.338745,0.168900,-0.122477,-0.319112,0.009172,152.254028,155.935684,-743.327576,0,1
139.400000,2.560022,1.240427,-1.732178,0.647144,0.741248,-0.178201,0.320177,-0.052124,0.945923,0.691875,-0.669204,-0.271063,0.701842,0.378085,0.182974,0.575317,-0.927500,1.710434,-0.275743,-0.231072,-0.446961,-0.178594,0.178201,-0.945923,0.271063,0.000000,0.000000,0.000000,-1,-0.052872,-1.392883,0.092468,-0.791750,1.348288,-0.192019,152.254028,155.935684,-743.327576,0,0
139.440000,2.509606,1.283052,-1.574870,0.569743,0.804541,-0.167649,0.283788,-0.001156,0.958886,0.771270,-0.593896,-0.228978,0.670797,0.405610,0.224964,0.578708,-1.956211,3.176414,-0.458235,-0.007523,-0.045935,-0.244221,0.167649,-0.958886,0.228978,0.000000,0.000000,0.000000,-1,0.240021,-0.867661,-0.039520,-1.841852,2.851314,-0.415927,154.181290,156.110306,-747.502625,0,0
139.480000,2.291275,1.350639,-1.202503,0.446651,0.879528,-0.164113,0.203739,0.078623,0.975863,0.871202,-0.469306,-0.144077,0.614838,0.440468,0.287510,0.587622,-2.784494,1.736624,-0.463882,0.034953,0.172320,-0.278294,0.164113,-0.975863,0.144077,0.000000,0.000000,0.000000,-1,0.067505,-0.932205,-0.171692,-2.780675,1.636230,-0.459664,154.706909,155.935684,-751.009705,0,0
139.520000,1.881605,1.382043,-0.801118,0.458755,0.870419,-0.178644,0.134747,0.130575,0.982239,0.878286,-0.474679,-0.057384,0.588550,0.426967,0.297189,0.618859,-1.999860,-1.670680,-0.328442,-0.177851,-0.137222,0.003850,0.178644,-0.982239,0.057384,0.000000,0.000000,0.000000,-1,0.000793,-1.119461,0.061234,-2.194813,-1.530466,-0.362477,154.706909,155.935684,-751.009705,0,0
139.560000,1.555953,1.383953,-0.539667,0.517585,0.835229,-0.185737,0.095452,0.159358,0.982596,0.850291,-0.526306,0.002757,0.582123,0.399692,0.285401,0.648016,-0.847757,-1.253430,0.050552,-0.055030,-0.306101,0.361888,0.185737,-0.982596,-0.002757,0.000000,0.000000,0.000000,-1,0.129135,-1.252151,0.446533,-0.888015,-1.642306,-0.015776,156.108551,157.332642,-752.345703,0,0
139.600000,1.333047,1.395133,-0.258100,0.471961,0.865104,-0.169845,0.044607,0.168973,0.984611,0.880490,-0.472275,0.041159,0.561656,0.404923,0.316317,0.648478,-1.386263,3.467504,0.637245,-0.232712,-0.200249,0.542288,0.169845,-0.984611,-0.041159,0.000000,0.000000,0.000000,-1,-0.031815,-1.152435,0.326752,-1.382444,3.367113,0.641463,154.706909,158.729599,-754.349731,0,0
139.640000,1.062742,1.389355,0.113062,0.386419,0.908749,-0.157655,-0.020358,0.179295,0.983585,0.922099,-0.376866,0.087784,0.528994,0.419849,0.361272,0.642942,-1.907092,1.588580,0.490844,-0.243334,0.007953,0.122650,0.157655,-0.983585,-0.087784,0.000000,0.000000,0.000000,-1,-0.085678,-0.975632,0.034866,-1.938073,1.842304,0.498102,154.706909,158.729599,-754.349731,0,0
139.680000,0.834052,1.367441,0.405262,0.331462,0.931536,-0.149581,-0.079623,0.185598,0.979394,0.940103,-0.312722,0.135691,0.502537,0.423806,0.393266,0.642797,-1.047699,1.477018,0.322318,-0.040267,0.095575,0.128351,0.149581,-0.979394,-0.135691,0.000000,0.000000,0.000000,-1,0.155502,-0.835220,-0.056259,-1.153309,1.448730,0.332735,158.736649,159.253464,-759.192810,0,0
139.720000,0.756868,1.359460,0.542931,0.275586,0.950424,-0.144036,-0.108376,0.179602,0.977751,0.955148,-0.253844,0.152499,0.485666,0.433451,0.417526,0.633973,-0.328788,1.557661,0.359770,0.056861,0.262465,0.301974,0.144036,-0.977751,-0.152499,0.000000,0.000000,0.000000,-1,0.194092,-0.726944,0.230515,-0.324969,1.457272,0.363988,158.561447,159.428085,-760.695801,0,0
139.760000,0.778758,1.365102,0.590248,0.208665,0.967408,-0.143462,-0.113677,0.169689,0.978919,0.971358,-0.187958,0.145380,0.472651,0.451565,0.437900,0.617198,0.154263,2.148182,0.331568,-0.081801,0.171699,0.349360,0.143462,-0.978919,-0.145380,0.000000,0.000000,0.000000,-1,0.013245,-0.724701,0.090378,0.075030,2.009576,0.315601,158.561447,159.428085,-760.695801,0,0
139.800000,0.913267,1.388024,0.531031,0.132838,0.980642,-0.143861,-0.092045,0.156726,0.983344,0.986854,-0.117383,0.111083,0.465035,0.477704,0.453188,0.591745,0.960868,1.561514,0.076415,-0.180253,0.372977,0.039534,0.143861,-0.983344,-0.111083,0.000000,0.000000,0.000000,-1,-0.005432,-0.644470,-0.036713,0.847000,1.557694,0.152765,160.313507,160.475800,-762.699829,0,0
139.840000,1.276314,1.407573,0.197671,0.099158,0.982846,-0.155505,-0.031913,0.159336,0.986709,0.994560,-0.092878,0.047165,0.472403,0.503243,0.444036,0.571327,1.295706,-0.260239,-0.132860,0.106855,0.118758,0.052246,0.155505,-0.986709,-0.047165,0.000000,0.000000,0.000000,-1,0.358765,-0.900375,-0.046387,1.299506,-0.360644,-0.128641,160.663910,159.428085,-763.033875,0,1
139.880000,1.308555,1.417250,0.103841,0.158916,0.976179,-0.147715,-0.015853,0.152120,0.988235,0.987165,-0.154704,0.039650,0.491718,0.488250,0.426795,0.581095,-0.218466,-2.472327,0.266114,0.298437,-0.032120,-0.237740,0.147715,-0.988235,-0.039650,0.000000,0.000000,0.000000,-1,0.446075,-1.162964,-0.458893,0.073528,-2.513344,0.277526,160.663910,159.428085,-763.033875,0,0
139.920000,1.199181,1.410378,0.211727,0.161722,0.975549,-0.148828,-0.033567,0.156164,0.987161,0.986265,-0.154650,0.058002,0.486712,0.483849,0.430150,0.586491,0.710101,2.267448,-0.030378,0.330969,0.140572,0.197314,0.148828,-0.987161,-0.058002,0.000000,0.000000,0.000000,-1,0.445770,-0.707657,0.096771,0.248525,1.696142,-0.133785,158.386230,158.554977,-760.862854,0,0
139.960000,1.692813,1.423110,-0.215796,0.091328,0.985052,-0.146056,0.031509,0.143737,0.989114,0.995322,-0.094936,-0.017910,0.491300,0.517281,0.432153,0.551624,1.380560,0.857224,-0.132457,0.101289,0.007760,0.185154,0.146056,-0.989114,0.017910,0.000000,0.000000,0.000000,-1,0.179642,-1.259125,0.301834,1.384359,0.756821,-0.128237,158.211029,158.031128,-760.361816,0,0
140.000000,1.883623,1.399264,-0.356987,0.039267,0.985942,-0.162408,0.059649,0.159931,0.985324,0.997447,-0.048378,-0.052530,0.482666,0.541570,0.432514,0.535413,0.102918,1.543066,-0.193803,-0.449243,-0.152096,0.127798,0.162408,-0.985324,0.052530,0.000000,0.000000,0.000000,-1,-0.286835,-1.137421,0.180328,0.184733,1.328995,-0.342041,161.014328,157.332642,-761.029846,0,0
140.040000,1.971573,1.406111,-0.388889,-0.016611,0.988402,-0.150950,0.062160,0.151700,0.986470,0.997928,0.007003,-0.063959,0.473193,0.555038,0.447480,0.517477,0.196093,1.893951,0.481175,-0.320491,-0.356975,0.020147,0.150951,-0.986470,0.063959,0.000000,0.000000,0.000000,-1,-0.117767,-1.340302,0.049240,0.123185,1.853899,0.430654,161.189529,157.158020,-762.198853,0,0
140.080000,2.324780,1.411081,-0.674247,-0.085444,0.989575,-0.115933,0.099288,0.124236,0.987273,0.991383,0.072846,-0.108869,0.474128,0.574141,0.461611,0.482163,1.187582,1.116254,0.802446,-0.153256,0.075819,-0.307614,0.115933,-0.987273,0.108869,0.000000,0.000000,0.000000,-1,0.087296,-0.836884,-0.209579,1.191381,1.015854,0.806665,160.663910,158.729599,-763.367859,0,0
140.120000,2.510892,1.407057,-0.876432,-0.069682,0.992927,-0.096128,0.125266,0.104309,0.986625,0.989673,0.056709,-0.131648,0.489300,0.571323,0.456543,0.475126,0.415905,-1.565408,0.553933,0.089175,0.226172,-0.259303,0.096128,-0.986625,0.131648,0.000000,0.000000,0.000000,-1,0.158737,-0.688889,0.011383,0.419704,-1.665807,0.558153,161.189529,156.808777,-761.864868,0,0
140.160000,2.458673,1.415414,-0.926608,0.032643,0.994684,-0.097662,0.123743,0.092940,0.987952,0.991777,-0.044335,-0.120051,0.514722,0.543219,0.434271,0.501381,-0.014066,-1.345564,0.106664,0.214380,0.178291,0.022542,0.097662,-0.987952,0.120051,0.000000,0.000000,0.000000,-1,0.413925,-0.847107,0.344772,-0.169181,-2.262277,0.145039,160.663910,158.031128,-760.027832,0,0
140.200000,2.518692,1.398407,-0.961934,0.006945,0.994956,-0.100073,0.140711,0.098108,0.985178,0.990026,-0.020923,-0.139320,0.511898,0.554636,0.434634,0.491358,0.326213,0.864326,-0.330420,0.147531,-0.017752,0.127159,0.100073,-0.985178,0.139320,0.000000,0.000000,0.000000,-1,0.159485,-1.015808,0.306854,0.330012,0.763928,-0.326200,159.087067,156.110306,-759.192810,0,0
140.240000,2.501389,1.386196,-0.904184,-0.034383,0.993376,-0.109647,0.144259,0.113496,0.983010,0.988943,0.017981,-0.147205,0.499832,0.569009,0.439796,0.482677,-0.085501,1.238351,-0.477554,-0.099134,-0.285896,-0.010212,0.109647,-0.983010,0.147205,0.000000,0.000000,0.000000,-1,0.010513,-1.268906,0.136993,-0.026421,1.113577,-0.469579,159.963089,157.681885,-760.695801,0,0
140.280000,2.565078,1.370472,-0.861955,-0.140216,0.984162,-0.108469,0.151055,0.129532,0.980002,0.978531,0.121027,-0.166825,0.473571,0.599285,0.459309,0.453457,0.565605,4.258366,-0.130314,-0.325205,-0.112008,-0.345231,0.108469,-0.980002,0.166825,0.000000,0.000000,0.000000,-1,-0.079758,-1.053589,-0.227432,0.555929,3.931928,-0.270655,161.539948,157.158020,-761.864868,0,0
140.320000,2.687508,1.381737,-0.870524,-0.249685,0.964812,-0.082436,0.143707,0.121110,0.982182,0.957604,0.233389,-0.168890,0.446681,0.620420,0.489818,0.419087,-0.377287,0.735562,0.067242,-0.052422,0.084476,-0.352285,0.082436,-0.982182,0.168890,0.000000,0.000000,0.000000,-1,-0.008774,-0.884155,-0.122421,-0.373481,0.635168,0.071455,164.168030,156.284927,-762.365845,0,0
140.360000,2.704400,1.381269,-0.920393,-0.217633,0.972766,-0.079766,0.149932,0.114074,0.982093,0.964446,0.201777,-0.170675,0.457976,0.612858,0.482930,0.425960,0.701665,-1.302014,0.156025,-0.039772,0.094032,-0.057988,0.079766,-0.982093,0.170675,0.000000,0.000000,0.000000,-1,0.039993,-0.888062,0.112686,0.521602,-1.437362,0.183697,165.044067,157.507263,-763.200867,0,0
140.400000,2.740670,1.355384,-0.991942,-0.184545,0.979277,-0.083420,0.178928,0.116935,0.976888,0.966399,0.165353,-0.196800,0.473107,0.612021,0.466586,0.428833,1.033240,-0.950182,0.047602,0.045807,0.004156,-0.055351,0.083420,-0.976888,0.196800,0.000000,0.000000,0.000000,-1,0.134918,-1.005569,0.126419,1.032714,-1.183092,0.057780,163.642410,156.110306,-762.532837,0,0
140.440000,2.827832,1.319672,-1.065345,-0.198989,0.976996,-0.076694,0.217420,0.120321,0.968634,0.955579,0.176073,-0.236361,0.478814,0.623633,0.458886,0.413815,0.562888,1.229612,0.052522,0.012417,-0.043573,-0.223224,0.076694,-0.968634,0.236361,0.000000,0.000000,0.000000,-1,0.083633,-1.008423,-0.014450,0.566694,1.129220,0.056735,163.292007,156.459549,-761.864868,0,0
140.480000,2.905382,1.305631,-1.088449,-0.250905,0.966067,-0.061329,0.232169,0.121563,0.965049,0.939757,0.227897,-0.254792,0.469660,0.637821,0.467587,0.392386,0.359429,0.645454,0.068038,-0.067814,0.006156,-0.249482,0.061329,-0.965049,0.254792,0.000000,0.000000,0.000000,-1,-0.006485,-0.958893,0.005310,0.315519,0.785707,0.056799,164.168030,155.935684,-762.365845,0,0
140.520000,2.934038,1.289010,-1.124302,-0.244003,0.968080,-0.057302,0.250811,0.120073,0.960560,0.936780,0.220008,-0.272104,0.476452,0.639566,0.461472,0.388576,0.811170,-0.688978,0.312673,-0.131230,0.000920,-0.322656,0.057302,-0.960560,0.272104,0.000000,0.000000,0.000000,-1,-0.074615,-0.966583,-0.065598,0.731970,-0.643137,0.266083,164.343246,157.158020,-763.200867,0,0
140.560000,2.996379,1.247107,-1.206073,-0.224771,0.973324,-0.046025,0.297145,0.113451,0.948068,0.927999,0.199423,-0.314719,0.494089,0.642834,0.446263,0.378801,0.822537,0.276871,0.310316,-0.061544,-0.073508,-0.419822,0.046025,-0.948068,0.314719,0.000000,0.000000,0.000000,-1,0.018127,-1.024841,-0.127594,0.826343,0.176481,0.314529,162.766388,155.935684,-762.699829,0,0
140.600000,3.029067,1.243375,-1.228534,-0.233341,0.971724,-0.036112,0.302948,0.107936,0.946875,0.923999,0.210005,-0.319568,0.494543,0.644369,0.448842,0.372501,-0.306980,-0.107421,-0.006316,0.011694,-0.227503,-0.535450,0.036112,-0.946875,0.319568,0.000000,0.000000,0.000000,-1,0.047806,-1.174377,-0.215881,-0.238112,-0.072060,0.025288,164.518448,156.284927,-760.027832,0,0
140.640000,2.999540,1.262078,-1.219084,-0.214411,0.975796,-0.043016,0.285238,0.104674,0.952724,0.934167,0.192004,-0.300777,0.495402,0.636369,0.449711,0.383890,-0.969972,-1.173930,0.044099,-0.147157,-0.261037,-0.498562,0.043016,-0.952724,0.300777,0.000000,0.000000,0.000000,-1,-0.157364,-1.206360,-0.157852,-0.796084,-1.066588,-0.001304,162.240768,155.761063,-761.864868,0,0
140.680000,2.926570,1.328276,-1.220801,-0.140429,0.988764,-0.051241,0.225591,0.082346,0.970736,0.964048,0.124760,-0.234620,0.502953,0.603613,0.453724,0.420505,-1.225738,-1.399506,0.212812,-0.117449,-0.126585,-0.206528,0.051241,-0.970736,0.234620,0.000000,0.000000,0.000000,-1,0.017838,-1.134842,0.190369,-1.221932,-1.499894,0.217025,162.591187,156.808777,-761.196838,0,0
140.720000,2.833538,1.386504,-1.073914,-0.192222,0.979777,-0.055562,0.161090,0.087353,0.983066,0.968040,0.180016,-0.174624,0.473035,0.602951,0.482246,0.424414,-2.036371,3.257842,-0.590678,0.377680,-0.117413,0.128736,0.055562,-0.983066,0.174624,0.000000,0.000000,0.000000,-1,0.433243,-1.100479,0.303360,-1.848904,2.805469,-0.585837,161.364746,158.031128,-761.363831,0,0
140.760000,2.489465,1.440379,-0.641800,-0.276430,0.957788,-0.078923,0.077852,0.104171,0.991508,0.957875,0.267939,-0.103361,0.425076,0.609090,0.516938,0.425552,-2.772821,1.913181,-0.788192,0.379695,0.093131,-0.035231,0.078923,-0.991508,0.103361,0.000000,0.000000,0.000000,-1,0.361053,-1.081650,-0.040680,-2.669465,2.320748,-0.712889,165.744888,160.301178,-763.200867,0,0
140.800000,1.466917,1.443722,0.361039,-0.251502,0.959614,-0.126050,-0.044768,0.118563,0.991937,0.966821,0.255117,0.013141,0.392681,0.582435,0.535276,0.469095,-2.176221,-2.209696,-1.322914,0.218707,-0.141684,-0.025143,0.126050,-0.991937,-0.013141,0.000000,0.000000,0.000000,-1,0.411606,-1.121902,-0.046738,-2.172424,-2.310098,-1.318679,165.569687,162.920486,-766.707886,0,1
140.840000,0.989167,1.359624,0.724521,-0.130104,0.975909,-0.175141,-0.138922,0.156957,0.977786,0.981720,0.151545,0.115155,0.386583,0.541273,0.521609,0.534324,-1.575414,-2.718387,-1.188957,0.290588,-0.112836,0.077283,0.175141,-0.977786,-0.115155,0.000000,0.000000,0.000000,-1,0.465729,-1.090622,-0.037872,-1.697144,-2.813519,-1.204636,165.744888,161.698135,-766.540894,0,0
140.880000,0.938830,1.329969,0.735809,-0.088027,0.977352,-0.192443,-0.160082,0.176802,0.971141,0.983171,0.116293,0.140893,0.385447,0.530079,0.512864,0.554452,0.213881,0.292768,-0.400015,0.098024,-0.106602,0.677697,0.192443,-0.971141,-0.140893,0.000000,0.000000,0.000000,-1,0.277817,-0.991013,0.474762,-0.057529,-0.431212,-0.509068,165.569687,163.269730,-767.375916,0,0
140.920000,0.961474,1.315935,0.807620,-0.177859,0.962094,-0.206740,-0.182187,0.174264,0.967698,0.967044,0.209779,0.144286,0.354821,0.549508,0.535696,0.534016,-1.733912,1.870038,0.112156,-0.163588,-0.026275,0.282012,0.206740,-0.967698,-0.144286,0.000000,0.000000,0.000000,-1,0.043152,-0.993973,0.137726,-1.730116,1.769639,0.116391,165.920090,162.920486,-767.041931,0,0
140.960000,0.779010,1.274926,1.023755,-0.203822,0.957336,-0.204852,-0.249023,0.151665,0.956549,0.946808,0.245978,0.207486,0.330540,0.535724,0.561169,0.537431,-1.076747,-0.022648,-0.033339,-0.195620,0.218573,0.031842,0.204852,-0.956549,-0.207486,0.000000,0.000000,0.000000,-1,0.009232,-0.737976,-0.175644,-1.199185,-0.076300,0.036964,167.146530,164.142822,-767.208923,0,0
141.000000,0.739009,1.254623,1.059957,-0.197070,0.957759,-0.209430,-0.271236,0.152017,0.950432,0.942122,0.244107,0.229821,0.324458,0.528977,0.564552,0.544235,-0.541989,-0.313482,-0.262365,0.007108,0.365181,0.142495,0.209430,-0.950432,-0.229821,0.000000,0.000000,0.000000,-1,0.216537,-0.585251,-0.087326,-0.612552,-0.354501,-0.253323,168.548187,165.190536,-768.878967,0,0
141.040000,0.702123,1.248009,1.066943,-0.167764,0.964305,-0.204868,-0.277791,0.153151,0.948355,0.945879,0.216010,0.242182,0.330493,0.519310,0.560534,0.553979,0.242319,-0.870671,0.050621,0.152371,0.465109,0.141108,0.204868,-0.948355,-0.242182,0.000000,0.000000,0.000000,-1,0.357239,-0.483246,-0.101074,0.246115,-0.971067,0.054856,167.847366,165.889023,-768.544922,0,0
141.080000,0.715193,1.266628,1.018312,-0.136368,0.970995,-0.196401,-0.254941,0.157179,0.954096,0.957293,0.180178,0.226112,0.346533,0.516584,0.548931,0.558329,0.971303,-0.932275,-0.031596,0.147655,0.472727,0.048195,0.196401,-0.954096,-0.226112,0.000000,0.000000,0.000000,-1,0.318207,-0.536285,-0.184555,0.907108,-1.072927,-0.005156,167.321747,167.111359,-768.711914,0,0
141.120000,0.809555,1.290518,0.905208,-0.121250,0.972209,-0.200270,-0.217579,0.170821,0.960979,0.968482,0.160093,0.190820,0.359552,0.524702,0.534146,0.556864,0.763940,0.381961,-0.312873,0.106752,0.229045,-0.013709,0.200270,-0.960979,-0.190820,0.000000,0.000000,0.000000,-1,0.327271,-0.798447,-0.245255,0.895206,-0.012065,-0.277869,165.569687,165.015930,-767.709961,0,1
141.160000,0.903608,1.265925,0.885129,-0.188180,0.953407,-0.235803,-0.232331,0.190065,0.953886,0.954259,0.234287,0.185740,0.330157,0.546010,0.544026,0.544891,-0.754639,1.934947,-0.444618,0.226965,-0.196017,-0.710989,0.235803,-0.953886,-0.185740,0.000000,0.000000,0.000000,-1,0.462769,-1.149902,-0.896729,-0.750843,1.834552,-0.440383,167.146530,164.492065,-769.546997,0,0
141.200000,0.835211,1.265149,0.938458,-0.173764,0.959182,-0.223106,-0.242728,0.177848,0.953652,0.954405,0.219865,0.201917,0.334092,0.536119,0.547228,0.549090,0.145841,-1.076819,0.448317,0.054482,-0.036246,-0.717257,0.223106,-0.953652,-0.201917,0.000000,0.000000,0.000000,-1,0.277588,-0.989899,-0.919174,0.087864,-1.377575,0.464775,167.847366,166.238266,-768.210938,0,0
141.240000,0.826375,1.274307,0.943513,-0.171798,0.961411,-0.214881,-0.236544,0.171485,0.956368,0.956312,0.215131,0.197955,0.338660,0.535100,0.547327,0.547184,0.114869,0.379405,0.112334,-0.075920,0.156701,-0.385297,0.214881,-0.956368,-0.197955,0.000000,0.000000,0.000000,-1,0.138962,-0.799667,-0.583252,0.154892,0.146559,0.164635,167.321747,165.714401,-767.709961,0,0
141.280000,0.843690,1.269666,0.940473,-0.184593,0.957509,-0.221590,-0.239604,0.174818,0.955002,0.953161,0.229381,0.197153,0.332955,0.539040,0.549301,0.544834,-0.120520,0.248439,-0.257845,0.108793,-0.067017,-0.244070,0.221590,-0.955002,-0.197153,0.000000,0.000000,0.000000,-1,0.330383,-1.022018,-0.441223,-0.116724,0.148047,-0.253610,168.022568,165.714401,-768.711914,0,0
141.320000,0.840975,1.249390,0.941558,-0.179303,0.955206,-0.235439,-0.255399,0.185917,0.948792,0.950064,0.230252,0.210623,0.325637,0.537261,0.548637,0.551642,-0.697020,-0.406049,-0.475109,0.625599,-0.638885,-0.399118,0.235439,-0.948792,-0.210623,0.000000,0.000000,0.000000,-1,0.861038,-1.587677,-0.609741,-0.565664,-0.396218,-0.499370,167.321747,166.412888,-769.045959,0,0
141.360000,0.767531,1.217699,1.016054,-0.174773,0.954882,-0.240114,-0.293947,0.182144,0.938306,0.939707,0.234571,0.248851,0.313940,0.526324,0.557109,0.560407,-1.423829,0.760824,-0.040495,0.294234,0.155591,0.176448,0.240114,-0.938306,-0.248851,0.000000,0.000000,0.000000,-1,0.163513,-0.341522,0.184845,-1.578970,0.210830,-0.083538,168.898590,166.936737,-769.880981,0,0
141.400000,0.839233,1.232083,0.951214,-0.183468,0.951422,-0.247256,-0.270511,0.192950,0.943183,0.945073,0.239930,0.221970,0.316864,0.537226,0.550565,0.554854,1.237837,-3.188692,-0.221138,-0.026232,0.700095,0.440308,0.247256,-0.943183,-0.221970,0.000000,0.000000,0.000000,-1,0.297180,-0.365204,0.362198,1.241633,-3.289082,-0.216903,168.197769,165.539780,-767.876953,0,0
141.440000,0.847612,1.257811,0.806767,-0.057187,0.971311,-0.230833,-0.222320,0.213016,0.951419,0.973295,0.105728,0.203761,0.362642,0.516344,0.511842,0.583007,2.109959,-3.363859,-0.384199,0.146929,-0.286573,0.580164,0.230833,-0.951419,-0.203761,0.000000,0.000000,0.000000,-1,0.377762,-1.237991,0.376404,1.821314,-3.679435,-0.353432,168.197769,165.539780,-767.876953,0,0
141.480000,1.098528,1.305541,0.523750,-0.035882,0.971704,-0.233460,-0.131112,0.227014,0.965025,0.990718,0.065236,0.119257,0.393016,0.534705,0.481696,0.572361,2.954566,-0.698051,0.602865,-0.359833,-0.913057,-0.068197,0.233460,-0.965025,-0.119257,0.000000,0.000000,0.000000,-1,-0.459854,-1.493225,-0.274384,3.318422,-0.278597,0.122112,164.518448,163.618958,-764.369873,0,0
141.520000,1.222485,1.383450,0.322493,0.031028,0.984067,-0.175068,-0.059029,0.176650,0.982502,0.997774,-0.020151,0.063570,0.444637,0.520109,0.462572,0.563748,1.028945,-0.637753,0.535528,-0.468647,0.093617,0.123171,0.175068,-0.982502,-0.063570,0.000000,0.000000,0.000000,-1,-0.293579,-0.888885,0.059601,1.032740,-0.738140,0.539763,163.992828,162.396622,-762.866882,0,0
141.560000,1.507553,1.424389,0.012875,0.050485,0.988056,-0.145594,-0.001878,0.145873,0.989302,0.998723,-0.049672,0.009220,0.473126,0.521097,0.450794,0.548994,1.235292,-0.589594,0.833005,0.008123,-0.012301,-0.101299,0.145594,-0.989302,-0.009220,0.000000,0.000000,0.000000,-1,0.153717,-1.001602,-0.110519,1.292268,-0.573383,0.819108,163.992828,162.396622,-762.866882,0,0
141.600000,1.741660,1.442673,-0.246641,0.073733,0.989297,-0.125912,0.031196,0.123906,0.991803,0.996790,-0.077057,-0.021726,0.492837,0.517663,0.441768,0.542198,1.150091,-0.748003,0.543200,0.022784,0.065534,-0.067655,0.125912,-0.991803,0.021726,0.000000,0.000000,0.000000,-1,0.148697,-0.926270,-0.045929,1.140169,-0.875904,0.580686,161.890350,163.095108,-763.200867,0,0
141.640000,2.106196,1.441574,-0.643373,0.103462,0.988439,-0.110831,0.077305,0.103100,0.991662,0.991625,-0.111167,-0.065744,0.516262,0.516087,0.426525,0.534045,0.866334,-0.515214,0.242118,-0.036261,0.063608,-0.028482,0.110831,-0.991662,0.065744,0.000000,0.000000,0.000000,-1,0.069778,-0.922836,0.041183,0.870130,-0.615598,0.246353,162.240768,162.047379,-759.192810,0,0
141.680000,2.354516,1.431581,-0.892894,0.103620,0.989749,-0.098287,0.108084,0.087029,0.990325,0.988727,-0.113241,-0.097958,0.527861,0.519944,0.421721,0.522659,0.691618,0.472878,0.227883,-0.052938,0.085235,-0.057110,0.098287,-0.990325,0.097958,0.000000,0.000000,0.000000,-1,0.045349,-0.905090,0.040848,0.689085,0.280305,0.264515,162.240768,162.047379,-759.192810,0,0
141.720000,2.499453,1.418003,-1.019750,0.085023,0.992201,-0.091154,0.129670,0.079688,0.988350,0.987905,-0.095852,-0.121884,0.530853,0.528334,0.422317,0.510595,0.772360,0.658335,0.174034,-0.021497,-0.020104,-0.088711,0.091154,-0.988350,0.121884,0.000000,0.000000,0.000000,-1,0.069656,-1.008453,0.033173,0.770800,0.588672,0.161170,161.189529,160.650421,-758.524780,0,0
141.760000,2.711783,1.389104,-1.206544,0.059102,0.995408,-0.075295,0.168839,0.064373,0.983539,0.983870,-0.070842,-0.164259,0.538282,0.540724,0.421979,0.489698,1.050510,0.712657,0.338791,-0.072243,0.003681,-0.150176,0.075295,-0.983539,0.164259,0.000000,0.000000,0.000000,-1,0.003052,-0.979858,0.014084,1.054306,0.612275,0.343025,163.467209,162.222000,-759.025818,0,0
141.800000,2.893615,1.351640,-1.366037,0.037457,0.997873,-0.053361,0.212865,0.044206,0.976081,0.976363,-0.047919,-0.210756,0.548636,0.551703,0.420589,0.466612,0.900530,0.260064,0.404179,-0.059907,0.050483,-0.292040,0.053361,-0.976081,0.210756,0.000000,0.000000,0.000000,-1,-0.006546,-0.925598,-0.081284,0.940493,0.265669,0.400094,161.364746,161.872757,-759.025818,0,0
141.840000,2.961556,1.331172,-1.440175,0.044322,0.998113,-0.042499,0.235316,0.030913,0.971427,0.970908,-0.053056,-0.233502,0.558326,0.552289,0.415711,0.458730,0.727686,-0.463024,0.390200,0.035992,0.061805,-0.351773,0.042499,-0.971427,0.233502,0.000000,0.000000,0.000000,-1,0.104233,-0.867828,-0.110748,0.748598,-0.412869,0.399952,161.890350,163.095108,-756.854797,0,0
141.880000,2.964889,1.300537,-1.503927,0.103247,0.993548,-0.046932,0.266385,0.017840,0.963702,0.958321,-0.112001,-0.262825,0.580567,0.542544,0.392457,0.463212,0.678808,-1.828997,0.111827,-0.015910,0.024020,-0.288826,0.046932,-0.963702,0.262825,0.000000,0.000000,0.000000,-1,0.031021,-0.939682,-0.026001,0.682572,-1.929399,0.116066,161.890350,163.095108,-756.854797,0,0
141.920000,2.930233,1.273604,-1.540627,0.171008,0.983352,-0.061434,0.292703,0.008833,0.956163,0.940787,-0.181494,-0.286320,0.601767,0.530129,0.365321,0.472631,0.682751,-0.977609,0.137726,-0.183275,-0.083327,-0.144963,0.061434,-0.956163,0.286320,0.000000,0.000000,0.000000,-1,-0.121841,-1.039490,0.141357,0.683166,-1.237057,0.132082,160.839127,162.745865,-754.182739,0,0
141.960000,2.941089,1.258760,-1.572304,0.191023,0.979679,-0.061143,0.306997,-0.000463,0.951710,0.932343,-0.200569,-0.300847,0.611957,0.525894,0.355642,0.471660,0.300731,-0.540654,0.241017,-0.048086,-0.084909,-0.282107,0.060811,-0.951331,0.302111,0.000000,0.000000,0.000000,-1,0.012726,-1.036240,0.020004,0.304496,-0.641055,0.245256,159.787888,161.698135,-752.846741,0,0
142.000000,2.934991,1.256991,-1.603780,0.227288,0.971767,-0.063321,0.308513,-0.010179,0.951166,0.923667,-0.235724,-0.302116,0.620400,0.515909,0.346690,0.478276,-0.011516,-1.195963,0.179339,-0.096570,-0.011679,-0.218162,0.063321,-0.951166,0.302116,0.000000,0.000000,0.000000,-1,-0.033249,-0.962845,0.083954,-0.007752,-1.296363,0.183577,159.262268,161.523529,-751.677734,0,0
142.040000,2.894295,1.249828,-1.635402,0.294395,0.952559,-0.077226,0.314828,-0.020368,0.948930,0.902339,-0.303673,-0.305888,0.636524,0.497776,0.324070,0.491970,0.372872,-1.693236,0.152881,-0.057390,-0.162886,-0.189738,0.077226,-0.948930,0.305888,0.000000,0.000000,0.000000,-1,0.019836,-1.111816,0.116150,0.352208,-1.793626,0.163771,157.510208,162.920486,-751.343689,0,0
142.080000,2.867753,1.242629,-1.657784,0.338671,0.936859,-0.087162,0.321090,-0.028001,0.946635,0.884423,-0.348584,-0.310299,0.647490,0.485702,0.307828,0.500093,0.142584,-1.448239,0.214945,-0.117374,-0.372625,-0.235668,0.087162,-0.946635,0.310299,0.000000,0.000000,0.000000,-1,-0.030212,-1.319260,0.074631,0.228042,-1.633495,0.191009,158.386230,164.142822,-750.174683,0,0
142.120000,2.866306,1.258634,-1.673829,0.356292,0.930638,-0.083481,0.305488,-0.031587,0.951672,0.883025,-0.364576,-0.295553,0.648736,0.476360,0.308116,0.507236,-0.640216,0.665463,-0.015729,-0.193574,-0.278721,-0.229299,0.083481,-0.951672,0.295553,0.000000,0.000000,0.000000,-1,-0.110092,-1.230392,0.066254,-0.636451,0.565065,-0.011491,158.211029,162.571243,-749.673706,0,1
142.160000,2.845938,1.300544,-1.579859,0.289449,0.954028,-0.077787,0.266963,-0.002420,0.963704,0.919212,-0.299709,-0.255391,0.621944,0.490796,0.338223,0.507848,-1.547147,2.384564,-0.379411,-0.004515,-0.023433,-0.156682,0.077787,-0.963704,0.255391,0.000000,0.000000,0.000000,-1,0.073273,-0.987137,0.098709,-1.379775,2.004311,-0.350183,159.262268,163.269730,-750.675659,0,0
142.200000,2.793655,1.356787,-1.420847,0.189006,0.979302,-0.072413,0.209996,0.031727,0.977187,0.959259,-0.199901,-0.199653,0.582437,0.510484,0.380662,0.505242,-2.613099,3.930658,-0.869268,0.210653,0.178466,-0.305076,0.072413,-0.977187,0.199653,0.000000,0.000000,0.000000,-1,0.283066,-0.798721,-0.105423,-2.437670,3.767929,-0.720911,159.262268,164.666687,-754.683716,0,0
142.240000,2.404935,1.430932,-0.933093,0.093521,0.991202,-0.093657,0.112010,0.082997,0.990235,0.989296,-0.103099,-0.103263,0.527681,0.522671,0.424328,0.517990,-3.075459,0.879075,-1.058890,0.016771,0.021088,-0.239219,0.093657,-0.990235,0.103263,0.000000,0.000000,0.000000,-1,0.100677,-1.016846,-0.068130,-3.071691,0.778681,-1.054650,159.262268,164.666687,-754.683716,0,0
142.280000,1.288475,1.412143,0.064758,0.216632,0.964390,-0.151734,-0.010224,0.157658,0.987441,0.976200,-0.212360,0.044014,0.503726,0.473554,0.409183,0.595463,-2.047651,-3.213029,-0.861344,0.056487,-0.330507,0.185402,0.151734,-0.987441,-0.044014,0.000000,0.000000,0.000000,-1,0.208221,-1.317947,0.141388,-2.064774,-3.583970,-0.985427,159.437469,164.492065,-756.520752,0,0
142.320000,1.117989,1.385032,0.252976,0.202376,0.965122,-0.166084,-0.046227,0.178819,0.982795,0.978216,-0.191217,0.080804,0.485477,0.473191,0.418213,0.604566,-0.712371,2.644319,-0.383403,-0.156532,-0.269005,0.345452,0.166084,-0.982795,-0.080804,0.000000,0.000000,0.000000,-1,0.009552,-1.251801,0.264648,-0.708603,2.543927,-0.379163,160.138290,164.492065,-755.852783,0,0
142.360000,1.050425,1.355284,0.413279,0.114948,0.975890,-0.185542,-0.085884,0.195844,0.976867,0.989652,-0.096354,0.106326,0.450771,0.493602,0.445964,0.595214,-2.015811,2.339057,-0.316600,-0.329310,-0.180070,0.032381,0.185542,-0.976867,-0.106326,0.000000,0.000000,0.000000,-1,-0.120407,-1.042282,-0.065094,-2.012044,2.238664,-0.312361,161.890350,165.190536,-757.188782,0,0
142.400000,0.811137,1.281069,0.712540,0.066858,0.976023,-0.207146,-0.186773,0.216183,0.958322,0.980125,-0.025382,0.196748,0.404329,0.488000,0.477940,0.608233,-1.435350,1.074184,-0.349201,-0.165413,0.193582,0.255342,0.207146,-0.958322,-0.196748,0.000000,0.000000,0.000000,-1,0.041733,-0.764740,0.058594,-1.518833,0.892152,-0.346822,163.116806,166.412888,-760.361816,0,0
142.440000,0.773564,1.246099,0.787375,0.035723,0.974187,-0.222897,-0.226028,0.225136,0.947747,0.973466,0.016525,0.228236,0.381560,0.490198,0.491777,0.610142,-0.966114,0.759555,-0.184885,0.024265,0.324533,0.247783,0.222897,-0.947747,-0.228236,0.000000,0.000000,0.000000,-1,0.247162,-0.623215,0.019547,-0.962346,0.659164,-0.180646,163.817627,167.111359,-759.025818,0,0
142.480000,0.747095,1.225577,0.832182,0.021162,0.972973,-0.229948,-0.250216,0.227835,0.941001,0.967959,0.037623,0.248275,0.369138,0.489489,0.499819,0.611815,-0.235337,0.123785,0.045011,0.058916,0.341651,0.256194,0.229948,-0.941001,-0.248275,0.000000,0.000000,0.000000,-1,0.288864,-0.599350,0.007919,-0.231570,0.023395,0.049250,162.415970,167.809845,-760.361816,0,0
142.520000,0.762139,1.241269,0.815216,0.020482,0.974504,-0.223433,-0.235537,0.221893,0.946195,0.971650,0.033247,0.234076,0.375670,0.491766,0.497921,0.607547,0.730512,-0.182313,0.236790,0.006852,0.395506,0.204535,0.223433,-0.946195,-0.234076,0.000000,0.000000,0.000000,-1,0.230286,-0.550690,-0.029541,0.635340,-0.208537,0.208809,163.992828,167.635223,-760.194824,0,0
142.560000,0.799110,1.265898,0.765657,0.028939,0.976150,-0.215161,-0.208039,0.216420,0.953878,0.977692,0.017158,0.209340,0.388323,0.494505,0.490913,0.603054,1.002822,-0.485807,0.052198,0.094104,0.367421,0.017919,0.215161,-0.953878,-0.209340,0.000000,0.000000,0.000000,-1,0.309265,-0.586456,-0.191422,1.014431,-0.495946,0.144233,162.766388,166.762131,-760.361816,0,0
142.600000,0.899936,1.293601,0.639113,0.049577,0.975497,-0.214354,-0.163233,0.219646,0.961827,0.985341,-0.012695,0.170123,0.406143,0.499986,0.474579,0.599864,1.003640,-0.101168,-0.092085,0.074266,0.115437,-0.010175,0.214354,-0.961827,-0.170123,0.000000,0.000000,0.000000,-1,0.269379,-0.964050,-0.220871,1.007408,-0.201555,-0.087845,162.415970,166.412888,-759.693848,0,1
142.640000,0.984140,1.306351,0.558426,0.043567,0.975049,-0.217672,-0.138490,0.221669,0.965237,0.989405,-0.011907,0.144692,0.411463,0.508284,0.468897,0.593702,0.260818,0.143788,-0.052027,0.150401,-0.491305,-0.610008,0.217672,-0.965237,-0.144692,0.000000,0.000000,0.000000,-1,0.368073,-1.456543,-0.754700,0.475087,0.123953,-0.066428,162.766388,165.714401,-759.693848,0,0
142.680000,0.894787,1.289814,0.646720,0.047719,0.975157,-0.216315,-0.167093,0.221303,0.960784,0.984786,-0.009703,0.173502,0.404016,0.500020,0.475521,0.600526,-0.753316,0.159724,-0.018583,0.148050,0.092650,-0.514669,0.216315,-0.960784,-0.173502,0.000000,0.000000,0.000000,-1,0.364365,-0.868134,-0.688171,-0.749549,0.059338,-0.014344,162.240768,165.190536,-759.526794,0,0
142.720000,0.852083,1.291374,0.695675,0.041745,0.977326,-0.207582,-0.176762,0.211710,0.961215,0.983368,-0.003434,0.181592,0.402630,0.497085,0.481699,0.598967,0.288160,-0.188287,0.502303,0.059386,0.202441,-0.337360,0.207582,-0.961215,-0.181592,0.000000,0.000000,0.000000,-1,0.266968,-0.758774,-0.518951,0.291927,-0.288672,0.506542,161.715149,166.063644,-759.025818,0,0
142.760000,0.898366,1.333213,0.625032,0.060239,0.981056,-0.184120,-0.137711,0.190859,0.971910,0.988639,-0.033192,0.146599,0.425082,0.495989,0.473155,0.591121,0.829165,-0.297933,0.201122,0.023339,-0.406340,0.052209,0.184120,-0.971910,-0.146599,0.000000,0.000000,0.000000,-1,0.207458,-1.378250,-0.094391,0.989492,-0.590045,0.317254,163.292007,167.635223,-757.856812,0,0
142.800000,0.888463,1.332920,0.633716,0.061539,0.981207,-0.182880,-0.139532,0.189886,0.971841,0.988303,-0.034289,0.148595,0.425164,0.494912,0.473595,0.591612,-0.700608,-0.467910,-0.009949,0.011227,-0.016883,-0.098627,0.182880,-0.971841,-0.148595,0.000000,0.000000,0.000000,-1,0.194107,-0.988724,-0.247223,-0.467851,-0.249102,0.037129,162.065567,165.365158,-758.023804,0,0
142.840000,0.793792,1.309847,0.690361,0.101907,0.977637,-0.183957,-0.164297,0.198920,0.966146,0.981133,-0.068233,0.180894,0.424880,0.478571,0.469059,0.608630,-0.280586,-1.381279,-0.380635,0.098483,0.116628,-0.046340,0.183957,-0.966146,-0.180894,0.000000,0.000000,0.000000,-1,0.377716,-0.796860,0.078125,-0.276855,-1.481686,-0.376391,161.539948,164.492065,-758.190796,0,0
142.880000,0.781202,1.319117,0.597365,0.203524,0.963239,-0.175350,-0.140071,0.205903,0.968496,0.968998,-0.172551,0.176828,0.452988,0.454299,0.438007,0.629733,0.715445,-2.549323,-0.185299,0.324573,0.333974,0.571009,0.175351,-0.968496,-0.176828,0.000000,0.000000,0.000000,-1,0.499924,-0.634521,0.394180,0.635178,-2.717566,-0.169186,160.839127,165.539780,-757.188782,0,0
142.920000,0.898718,1.349240,0.432249,0.245550,0.954010,-0.171959,-0.092055,0.199537,0.975557,0.965003,-0.223718,0.136818,0.476759,0.451987,0.415852,0.628869,2.101496,0.256932,-0.283447,-0.093270,-0.148116,0.438332,0.171959,-0.975557,-0.136818,0.000000,0.000000,0.000000,-1,0.078690,-1.123672,0.301514,2.105228,0.156527,-0.279203,158.561447,165.365158,-754.349731,0,0
142.960000,1.228366,1.376605,0.113269,0.229162,0.956266,-0.181769,-0.021811,0.191737,0.981204,0.973144,-0.220890,0.064796,0.493110,0.473756,0.401216,0.609445,2.145294,-0.078543,0.123925,-0.450751,-0.480176,0.206123,0.181769,-0.981204,-0.064796,0.000000,0.000000,0.000000,-1,-0.534622,-1.338394,-0.218063,2.149026,-0.178948,0.128169,160.488708,164.492065,-754.182739,0,0
143.000000,1.304641,1.404433,-0.014142,0.276454,0.947654,-0.159766,0.002342,0.165580,0.986194,0.961024,-0.273011,0.043556,0.516555,0.459775,0.387789,0.609424,0.374050,-0.858010,0.003364,-0.223578,0.031253,-0.147759,0.159766,-0.986194,-0.043556,0.000000,0.000000,0.000000,-1,-0.063812,-0.954941,-0.191315,0.195719,-1.009395,-0.050788,159.963089,164.666687,-752.679688,0,0
143.040000,1.362552,1.417427,-0.117633,0.318792,0.935965,-0.149468,0.017929,0.151713,0.988262,0.947655,-0.317730,0.031584,0.532798,0.447587,0.374526,0.612799,0.466880,-1.613574,0.247214,-0.037957,-0.012684,0.165449,0.149468,-0.988262,-0.031584,0.000000,0.000000,0.000000,-1,0.111511,-1.000946,0.133865,0.470611,-1.713977,0.251458,158.386230,163.444336,-752.512695,0,0
143.080000,1.417170,1.427036,-0.225184,0.367539,0.919168,-0.141579,0.031989,0.139649,0.989684,0.929458,-0.368277,0.021923,0.549083,0.433067,0.358725,0.618286,0.747502,-1.636910,0.236781,0.015083,-0.050660,0.109783,0.141579,-0.989684,-0.021923,0.000000,0.000000,0.000000,-1,0.147598,-1.023956,0.076096,0.751233,-1.737312,0.241025,158.211029,165.015930,-750.007690,0,0
143.120000,1.839610,1.436531,-0.671666,0.386644,0.913155,-0.129054,0.083301,0.104785,0.991000,0.918459,-0.393915,-0.035552,0.573893,0.434078,0.343882,0.603299,1.247466,0.700677,0.112221,-0.094005,0.091739,-0.012588,0.129054,-0.991000,0.035552,0.000000,0.000000,0.000000,-1,0.035049,-0.899261,0.022964,1.262854,0.449757,0.137226,160.138290,163.444336,-749.506653,0,0
143.160000,2.126791,1.423114,-0.925484,0.353752,0.926951,-0.124982,0.117557,0.088501,0.989115,0.927922,-0.364594,-0.077662,0.579421,0.450669,0.346441,0.584078,0.934847,1.175481,0.002897,-0.179197,0.068796,-0.049418,0.124982,-0.989115,0.077662,0.000000,0.000000,0.000000,-1,-0.054214,-0.920319,0.028244,0.938578,1.075081,0.007141,158.736649,162.745865,-747.836670,0,0
143.200000,2.320657,1.403305,-1.063501,0.299573,0.946242,-0.121995,0.145714,0.080990,0.986006,0.942880,-0.313157,-0.113618,0.577105,0.473032,0.355605,0.562793,0.620341,1.697017,-0.052367,-0.206025,0.040694,-0.117509,0.121995,-0.986006,0.113618,0.000000,0.000000,0.000000,-1,-0.084030,-0.945312,-0.003891,0.624072,1.596617,-0.048123,157.159790,165.365158,-749.005676,0,0
143.240000,2.528255,1.379870,-1.182901,0.213856,0.970739,-0.109231,0.175670,0.071778,0.981829,0.960940,-0.229159,-0.155179,0.569486,0.503265,0.373894,0.531614,0.846383,2.145610,0.028214,-0.160424,-0.026838,-0.205305,0.109231,-0.981829,0.155179,0.000000,0.000000,0.000000,-1,-0.051193,-1.008667,-0.050125,0.806509,2.017647,0.034127,158.561447,165.365158,-750.341675,0,0
143.280000,2.692087,1.353558,-1.269986,0.138393,0.985939,-0.093654,0.205855,0.063861,0.976496,0.968747,-0.154420,-0.194123,0.563173,0.529054,0.388466,0.502029,0.827437,2.192321,0.069697,-0.115123,-0.037404,-0.342484,0.093654,-0.976496,0.194123,0.000000,0.000000,0.000000,-1,-0.021469,-1.013901,-0.148361,0.831168,2.091922,0.073941,157.510208,163.618958,-752.345703,0,0
143.320000,2.767077,1.339809,-1.301383,0.095543,0.991896,-0.083751,0.220680,0.060936,0.973441,0.970655,-0.111488,-0.213070,0.558497,0.542785,0.397005,0.485646,0.485380,1.428887,0.019472,-0.147716,0.015830,-0.374355,0.083751,-0.973441,0.213070,0.000000,0.000000,0.000000,-1,-0.069473,-0.943481,-0.164749,0.550935,1.521452,0.026419,158.561447,163.269730,-751.677734,0,0
143.360000,2.804344,1.328622,-1.318683,0.075682,0.993970,-0.079353,0.232233,0.059822,0.970819,0.969711,-0.091902,-0.226305,0.557262,0.550101,0.399434,0.476760,0.018373,-0.210239,0.000106,-0.037162,-0.047217,-0.410708,0.079353,-0.970819,0.226305,0.000000,0.000000,0.000000,-1,0.042191,-1.018036,-0.184402,0.045561,-0.272452,0.014556,159.262268,163.269730,-751.677734,0,0
143.400000,2.779207,1.329159,-1.308422,0.089897,0.992332,-0.084830,0.231103,0.062066,0.970948,0.968767,-0.106890,-0.223751,0.559371,0.546791,0.395059,0.481719,-0.081493,-0.845508,-0.133146,-0.083366,-0.056671,-0.264279,0.084830,-0.970948,0.223751,0.000000,0.000000,0.000000,-1,0.001465,-1.027618,-0.040527,-0.064772,-0.780469,-0.101072,158.386230,165.539780,-750.842712,0,0
143.440000,2.717775,1.326780,-1.282706,0.123631,0.987342,-0.099357,0.231645,0.068644,0.970375,0.964913,-0.142984,-0.220226,0.564627,0.539731,0.383242,0.492963,0.053375,-0.854048,-0.172888,-0.188590,-0.119316,0.010594,0.099357,-0.970376,0.220226,0.000000,0.000000,0.000000,-1,-0.098373,-1.113632,0.231110,0.057106,-0.954443,-0.168644,158.561447,165.015930,-751.009705,0,0
143.480000,2.680651,1.345194,-1.213893,0.093290,0.990655,-0.099497,0.209597,0.078153,0.974660,0.973327,-0.111780,-0.200347,0.551245,0.544337,0.396299,0.492721,-0.791805,1.785919,-0.136129,-0.196772,-0.113994,-0.024642,0.099497,-0.974660,0.200347,0.000000,0.000000,0.000000,-1,-0.097275,-1.088654,0.175705,-0.758410,1.505303,-0.122889,158.561447,163.618958,-752.011719,0,0
143.520000,2.655881,1.369661,-1.118771,0.025214,0.995322,-0.093266,0.179717,0.087263,0.979840,0.983395,-0.041467,-0.176676,0.527880,0.556490,0.421559,0.483684,-0.963059,1.996800,-0.201144,-0.078679,-0.144565,-0.131403,0.093266,-0.979840,0.176676,0.000000,0.000000,0.000000,-1,0.014587,-1.124405,0.045273,-0.959328,1.896407,-0.196900,160.138290,163.793579,-753.180725,0,0
143.560000,2.611599,1.393461,-1.002062,-0.045411,0.994980,-0.089179,0.148638,0.095007,0.984317,0.987848,0.031443,-0.152206,0.502938,0.568468,0.446710,0.473653,-1.127720,2.660337,-0.302313,-0.083762,-0.007397,-0.083725,0.089179,-0.984317,0.152206,0.000000,0.000000,0.000000,-1,0.026550,-0.981598,0.074310,-1.123989,2.559945,-0.298070,158.561447,165.015930,-752.679688,0,0
143.600000,2.221523,1.443042,-0.454865,-0.197460,0.975056,-0.101370,0.055975,0.114452,0.991851,0.978711,0.190177,-0.077179,0.437397,0.589299,0.501455,0.458207,-1.851275,1.755154,-0.841258,0.158304,0.075133,-0.148941,0.101370,-0.991851,0.077179,0.000000,0.000000,0.000000,-1,0.266022,-0.910934,-0.094238,-1.918328,2.140368,-0.817152,161.189529,165.190536,-757.522766,0,0
143.640000,1.762392,1.437257,-0.005276,-0.185290,0.973953,-0.130706,0.000702,0.133141,0.991097,0.982684,0.183548,-0.025354,0.420394,0.579609,0.506654,0.480234,-1.204162,-1.765709,-0.781442,0.034607,-0.052803,-0.061029,0.130706,-0.991097,0.025354,0.000000,0.000000,0.000000,-1,0.165314,-1.043900,-0.035675,-1.200431,-1.866100,-0.777199,162.240768,166.238266,-759.526794,0,1
143.680000,1.457407,1.426992,0.230014,-0.114022,0.983221,-0.142389,-0.032673,0.139535,0.989678,0.992941,0.117498,0.016215,0.427267,0.556179,0.497670,0.510325,-1.035258,-2.397664,-0.123074,-0.136697,-0.195136,0.292399,0.142389,-0.989678,-0.016215,0.000000,0.000000,0.000000,-1,-0.025772,-1.190781,0.444946,-1.031527,-2.498054,-0.118831,161.189529,165.539780,-760.194824,0,0
143.720000,1.237193,1.422176,0.437631,-0.099426,0.985160,-0.139910,-0.062753,0.134119,0.988976,0.993064,0.107110,0.048487,0.423665,0.544302,0.503437,0.520380,-0.501944,1.141780,0.176316,-0.078097,-0.020774,0.552485,0.139910,-0.988976,-0.048487,0.000000,0.000000,0.000000,-1,0.145462,-0.917755,0.430573,-0.498213,1.041391,0.180560,162.065567,166.762131,-759.025818,0,0
143.760000,1.210684,1.426268,0.577411,-0.210267,0.968308,-0.134787,-0.078617,0.120676,0.989574,0.974478,0.218671,0.050752,0.393162,0.565728,0.533934,0.490194,-0.502430,2.666125,0.017330,0.079888,0.172420,0.280702,0.134787,-0.989574,-0.050752,0.000000,0.000000,0.000000,-1,0.213058,-0.823761,0.174957,-0.498699,2.565736,0.021574,162.065567,166.762131,-759.025818,0,0
143.800000,1.131976,1.410729,0.743830,-0.292467,0.945328,-0.144283,-0.107921,0.117288,0.987217,0.950167,0.304299,0.067718,0.361430,0.579231,0.557426,0.472371,-1.297487,2.780233,-0.236096,0.070591,0.124118,0.098586,0.144283,-0.987217,-0.067718,0.000000,0.000000,0.000000,-1,0.206772,-0.909775,-0.007523,-1.293756,2.679845,-0.231853,163.642410,166.238266,-761.196838,0,0
143.840000,0.969175,1.366323,1.039578,-0.409282,0.896920,-0.167400,-0.175069,0.102863,0.979168,0.895455,0.430062,0.114923,0.305341,0.591021,0.596100,0.449584,-0.803970,2.390295,-0.112135,-0.014125,-0.053028,-0.001089,0.167400,-0.979168,-0.114923,0.000000,0.000000,0.000000,-1,0.151917,-1.009003,-0.148834,-0.955536,2.250649,-0.109189,165.920090,167.460602,-763.033875,0,0
143.880000,1.017956,1.359240,1.058100,-0.467501,0.865741,-0.178702,-0.182984,0.103002,0.977705,0.864847,0.489778,0.110263,0.282504,0.604202,0.607199,0.431788,0.102662,1.936574,-0.088169,-0.012397,0.012861,-0.098706,0.178702,-0.977705,-0.110263,0.000000,0.000000,0.000000,-1,0.177200,-0.946503,-0.232300,0.001091,1.999379,-0.119662,167.672150,168.159088,-764.369873,0,0
143.920000,1.066010,1.371246,1.048309,-0.502102,0.847225,-0.173505,-0.171781,0.098923,0.980156,0.847576,0.521943,0.095867,0.275276,0.613424,0.612178,0.416140,0.072342,0.156172,0.413766,0.091967,0.011207,-0.074344,0.173505,-0.980156,-0.095867,0.000000,0.000000,0.000000,-1,0.413879,-0.854462,-0.001892,0.076035,0.055760,0.418015,168.723389,167.111359,-764.369873,0,0
143.960000,1.076226,1.378625,1.068938,-0.529100,0.831742,-0.168104,-0.167439,0.091877,0.981592,0.831876,0.547507,0.090654,0.268500,0.618531,0.618037,0.404175,-0.179509,1.267609,-0.065020,0.229036,0.220377,0.137972,0.168104,-0.981592,-0.090654,0.000000,0.000000,0.000000,-1,0.364456,-0.815491,0.005112,-0.100164,1.021002,0.013516,168.723389,167.111359,-764.369873,0,0
144.000000,1.108809,1.365611,1.102469,-0.580826,0.793332,-0.182389,-0.181810,0.091971,0.979023,0.793465,0.601802,0.090816,0.243098,0.628884,0.628425,0.387931,-0.351840,2.370907,-0.317010,0.071990,-0.008327,0.025524,0.182389,-0.979023,-0.090816,0.000000,0.000000,0.000000,-1,0.228851,-1.012421,-0.089859,-0.348147,2.270498,-0.312761,171.526688,168.508316,-765.037903,0,1
144.040000,1.168326,1.353910,1.124368,-0.641367,0.741247,-0.197996,-0.194100,0.092908,0.976572,0.742276,0.664772,0.084288,0.212977,0.642259,0.638895,0.366002,-0.275786,2.699700,-0.233171,0.012438,0.018534,-0.095155,0.197996,-0.976572,-0.084288,0.000000,0.000000,0.000000,-1,0.206970,-0.951324,-0.233505,-0.272093,2.599290,-0.228922,173.453949,169.032181,-766.540894,0,0
144.080000,1.175263,1.341209,1.198295,-0.696724,0.685911,-0.210004,-0.211968,0.082825,0.973760,0.685306,0.722957,0.087685,0.182185,0.650359,0.652224,0.344160,-0.424786,0.375941,-0.080630,0.135958,0.073614,-0.281990,0.210004,-0.973760,-0.087685,0.000000,0.000000,0.000000,-1,0.399307,-0.867188,-0.345520,-0.427327,0.393238,-0.061952,173.453949,169.032181,-766.540894,0,0
144.120000,1.132137,1.331620,1.252862,-0.702699,0.678392,-0.214473,-0.225030,0.074057,0.971533,0.674963,0.730959,0.100619,0.175090,0.647329,0.657507,0.343503,-0.465324,0.318651,-0.105454,0.196339,0.153769,-0.215406,0.214473,-0.971533,-0.100619,0.000000,0.000000,0.000000,-1,0.383377,-0.852539,-0.298462,-0.461631,0.218244,-0.101205,175.381226,169.905289,-767.375916,0,0
144.160000,1.112697,1.326954,1.283740,-0.709535,0.670574,-0.216540,-0.231554,0.068357,0.970417,0.665539,0.738686,0.106773,0.169805,0.646359,0.661050,0.341172,-0.085250,0.365499,0.023110,0.086026,0.055272,-0.102441,0.216540,-0.970417,-0.106773,0.000000,0.000000,0.000000,-1,0.260773,-0.917297,-0.152252,-0.081558,0.265093,0.027359,174.505188,169.730667,-766.874939,0,0
144.200000,1.123273,1.332963,1.278104,-0.714026,0.667124,-0.212397,-0.225578,0.067977,0.971851,0.662783,0.741838,0.101951,0.170328,0.648084,0.661060,0.337603,-0.101090,0.025318,0.121618,-0.089472,0.051547,0.131233,0.212397,-0.971851,-0.101951,0.000000,0.000000,0.000000,-1,0.117310,-0.899002,0.084183,-0.045396,-0.175813,0.121494,174.505188,169.730667,-766.874939,0,0
144.240000,1.101835,1.332035,1.324655,-0.730483,0.649528,-0.210967,-0.229371,0.057626,0.971632,0.643260,0.758150,0.106888,0.162020,0.648310,0.667035,0.329405,-0.402112,1.103583,0.145599,-0.048552,0.130445,0.118531,0.210967,-0.971632,-0.106888,0.000000,0.000000,0.000000,-1,0.217331,-0.850571,-0.069931,-0.398419,1.003179,0.149848,176.082047,168.857559,-767.375916,0,0
144.280000,1.078131,1.334034,1.380365,-0.751486,0.626545,-0.206662,-0.230317,0.044397,0.972102,0.618241,0.778119,0.110940,0.152624,0.649027,0.674171,0.317746,-0.259149,0.821854,0.335700,0.088687,0.140071,-0.072684,0.206662,-0.972102,-0.110940,0.000000,0.000000,0.000000,-1,0.315887,-0.812744,-0.194580,-0.255457,0.721450,0.339949,176.082047,169.556046,-767.709961,0,0
144.320000,1.064635,1.363340,1.412469,-0.768713,0.613700,-0.180145,-0.203396,0.032475,0.978558,0.606392,0.788871,0.099860,0.157283,0.652175,0.677513,0.301505,0.405194,0.028379,0.743618,0.195068,0.100659,-0.088800,0.180145,-0.978558,-0.099860,0.000000,0.000000,0.000000,-1,0.379181,-0.900528,-0.182495,0.364036,-0.044547,0.689733,176.082047,169.556046,-767.709961,0,0
144.360000,1.073616,1.394680,1.402972,-0.773509,0.614793,-0.153995,-0.172746,0.029266,0.984532,0.609789,0.788146,0.083565,0.168568,0.655593,0.675982,0.291257,0.678019,-0.024351,0.928063,0.239895,-0.013790,-0.090767,0.153995,-0.984532,-0.083565,0.000000,0.000000,0.000000,-1,0.403320,-1.069611,-0.162872,0.630688,-0.126871,0.935011,176.432449,169.206802,-767.709961,0,0
144.400000,1.169030,1.432716,1.319130,-0.785518,0.605734,-0.126682,-0.133306,0.034275,0.990482,0.604311,0.794929,0.053824,0.177752,0.664449,0.671764,0.275037,0.392368,0.880072,0.267625,0.388226,-0.103985,-0.100397,0.126682,-0.990482,-0.053824,0.000000,0.000000,0.000000,-1,0.548386,-1.082794,-0.183517,0.396061,0.779671,0.271874,176.432449,167.111359,-767.709961,0,0
144.440000,1.293606,1.436215,1.266723,-0.827471,0.546476,-0.129054,-0.128020,0.040173,0.990958,0.546719,0.836510,0.036718,0.154627,0.676559,0.675281,0.249710,0.236340,1.414989,-0.056440,0.292638,-0.065576,-0.176234,0.129054,-0.990958,-0.036718,0.000000,0.000000,0.000000,-1,0.350006,-0.993027,-0.205032,0.204026,1.506483,-0.053724,176.432449,167.111359,-767.709961,0,0
144.480000,1.398175,1.439480,1.188760,-0.842211,0.523490,-0.128993,-0.121500,0.048816,0.991390,0.525279,0.850633,0.022491,0.147040,0.683472,0.673774,0.239320,0.238830,0.084553,0.030380,0.050191,0.085873,-0.151093,0.128993,-0.991390,-0.022491,0.000000,0.000000,0.000000,-1,0.150589,-0.929459,-0.166687,0.242522,-0.015847,0.034629,179.761368,168.682938,-767.542908,0,0
144.520000,1.424873,1.440709,1.135790,-0.828372,0.545278,-0.128342,-0.117639,0.054666,0.991551,0.547686,0.836471,0.018862,0.156604,0.682674,0.669434,0.247566,0.169320,-1.663786,-0.001385,-0.008026,0.032017,-0.118284,0.128342,-0.991551,-0.018862,0.000000,0.000000,0.000000,-1,0.064224,-0.930481,-0.043411,0.173013,-1.764185,0.002864,177.483688,167.460602,-766.707886,0,0
144.560000,1.404627,1.445535,1.040686,-0.760568,0.637460,-0.123213,-0.107787,0.063170,0.992165,0.640249,0.767889,0.020665,0.197229,0.671393,0.655374,0.284283,0.639805,-2.591379,0.055057,-0.090712,0.021965,0.142476,0.123213,-0.992165,-0.020665,0.000000,0.000000,0.000000,-1,0.052765,-0.978867,0.229919,0.519026,-2.857153,0.072061,175.906830,168.682938,-767.876953,0,0
144.600000,1.678739,1.459660,0.715507,-0.729472,0.675066,-0.110262,-0.072755,0.083709,0.993831,0.680131,0.732993,-0.011948,0.222917,0.675487,0.639104,0.292527,0.621827,0.421067,0.311843,-0.130816,0.007060,0.433929,0.110262,-0.993831,0.011948,0.000000,0.000000,0.000000,-1,-0.046494,-0.938416,0.302475,0.625519,0.320669,0.316092,173.629166,167.460602,-767.041931,0,0
144.640000,1.987141,1.471784,0.471145,-0.773456,0.627369,-0.090406,-0.044869,0.088081,0.995102,0.632260,0.773724,-0.039977,0.211211,0.689477,0.641365,0.262034,0.198042,-0.578669,0.346556,-0.133680,-0.045608,-0.292678,0.090406,-0.995102,0.039977,0.000000,0.000000,0.000000,-1,0.021851,-1.022858,-0.240936,0.239265,-0.337654,0.365869,174.154770,166.587509,-766.874939,0,0
144.680000,2.097615,1.479182,0.308789,-0.740603,0.667273,-0.079082,-0.027803,0.087159,0.995806,0.671368,0.739696,-0.045998,0.233579,0.684427,0.633925,0.274116,0.358042,-0.942424,0.277292,0.109502,-0.001340,-0.036644,0.079082,-0.995806,0.045998,0.000000,0.000000,0.000000,-1,0.188583,-0.997147,0.009354,0.361734,-1.042819,0.281541,173.453949,165.539780,-767.876953,0,0
144.720000,2.194263,1.478111,0.196882,-0.730702,0.678549,-0.075140,-0.018104,0.090765,0.995708,0.682456,0.728926,-0.054037,0.241128,0.684745,0.629663,0.276598,0.230367,-0.157090,0.091132,-0.002081,0.044093,0.036615,0.075140,-0.995708,0.054037,0.000000,0.000000,0.000000,-1,0.026749,-0.954193,0.123413,0.234059,-0.257484,0.095381,173.103546,165.190536,-766.206909,0,0
144.760000,2.324754,1.474798,0.085323,-0.743877,0.664654,-0.069874,-0.008168,0.095502,0.995396,0.668267,0.741022,-0.065612,0.237820,0.690107,0.629039,0.267401,0.339682,0.845911,0.117312,-0.117435,0.071735,0.125809,0.069874,-0.995396,0.065612,0.000000,0.000000,0.000000,-1,-0.046143,-0.911255,0.181427,0.304997,0.665984,0.110642,173.629166,166.063644,-765.371887,0,0
144.800000,2.486802,1.469447,-0.051554,-0.760901,0.645936,-0.061616,0.005214,0.101042,0.994869,0.648847,0.756675,-0.080250,0.233617,0.696813,0.628412,0.254897,0.359905,0.499348,0.183533,0.041442,0.050136,-0.032765,0.061616,-0.994869,0.080250,0.000000,0.000000,0.000000,-1,0.103058,-0.944733,0.047485,0.363556,0.398928,0.187789,174.680389,163.968201,-766.707886,0,0
144.840000,2.674211,1.455645,-0.217985,-0.774832,0.630044,-0.051767,0.024848,0.112178,0.993377,0.631678,0.768414,-0.102575,0.232144,0.705263,0.624516,0.242266,0.699525,0.849301,0.235651,0.117102,0.003067,-0.180379,0.051767,-0.993377,0.102575,0.000000,0.000000,0.000000,-1,0.168869,-0.990311,-0.077805,0.703175,0.748881,0.239907,173.629166,166.063644,-765.705933,0,0
144.880000,2.847208,1.433716,-0.359661,-0.794587,0.605855,-0.039650,0.048096,0.127908,0.990619,0.605243,0.785226,-0.130773,0.228188,0.716461,0.619658,0.225027,0.509557,0.506665,0.113773,-0.008110,-0.006527,-0.229894,0.039650,-0.990619,0.130773,0.000000,0.000000,0.000000,-1,0.031540,-0.997147,-0.099121,0.523914,0.452912,0.128337,176.082047,165.714401,-766.707886,0,0
144.920000,2.920662,1.417327,-0.424250,-0.800051,0.598996,-0.033499,0.062926,0.139316,0.988247,0.596623,0.788540,-0.149152,0.229012,0.722585,0.614732,0.218009,0.537958,0.070930,0.121809,-0.058188,0.020809,-0.199216,0.033499,-0.988247,0.149152,0.000000,0.000000,0.000000,-1,-0.024689,-0.967438,-0.050064,0.541608,-0.029488,0.126064,173.629166,163.618958,-765.371887,0,0
144.960000,2.960986,1.400020,-0.474735,-0.794034,0.607106,-0.030527,0.077683,0.151154,0.985453,0.602889,0.780112,-0.167183,0.235582,0.726700,0.607391,0.217908,0.414357,-0.376453,0.141146,-0.067896,0.035441,-0.167321,0.030527,-0.985453,0.167183,0.000000,0.000000,0.000000,-1,-0.038803,-0.933533,0.021515,0.418007,-0.476870,0.145402,175.206009,164.492065,-764.536865,0,0
145.000000,2.990127,1.386735,-0.512919,-0.788547,0.614354,-0.027616,0.089814,0.159471,0.983109,0.608380,0.772747,-0.180928,0.241304,0.729545,0.601695,0.217943,0.533644,-0.173929,0.155937,-0.018781,0.008820,-0.146397,0.027616,-0.983109,0.180928,0.000000,0.000000,0.000000,-1,0.029541,-0.978455,0.031021,0.537295,-0.274345,0.160192,175.381226,163.968201,-765.037903,0,0
145.040000,3.055032,1.350713,-0.585298,-0.783818,0.620703,-0.018874,0.120606,0.181973,0.975879,0.609166,0.762636,-0.217494,0.250850,0.738797,0.588292,0.212521,0.704608,-0.176130,0.100876,0.061113,-0.000775,-0.233439,0.018874,-0.975879,0.217494,0.000000,0.000000,0.000000,-1,0.076813,-0.987106,-0.045090,0.708258,-0.276546,0.105132,175.206009,163.095108,-764.870911,0,0
145.080000,3.055431,1.329023,-0.595247,-0.778090,0.627815,-0.020604,0.134249,0.198246,0.970915,0.613640,0.752693,-0.238536,0.256028,0.744122,0.579074,0.213084,0.716626,-0.457296,-0.038398,0.010341,-0.028063,-0.305492,0.020604,-0.970915,0.238536,0.000000,0.000000,0.000000,-1,-0.022598,-1.004044,-0.056412,0.720277,-0.557711,-0.034142,175.030807,163.968201,-764.369873,0,0
145.120000,3.015388,1.304499,-0.596234,-0.752687,0.657544,-0.033124,0.147773,0.217754,0.964752,0.641580,0.721262,-0.261068,0.269549,0.746912,0.564328,0.225831,0.371681,-1.250287,-0.002297,-0.129453,-0.011048,-0.228551,0.033124,-0.964752,0.261068,0.000000,0.000000,0.000000,-1,-0.112808,-0.961014,0.066666,0.416767,-1.280759,-0.020088,174.329987,162.222000,-761.697876,0,0
145.160000,2.985640,1.293322,-0.625612,-0.713291,0.699575,-0.042547,0.160410,0.222047,0.961750,0.682264,0.679183,-0.270604,0.289510,0.742621,0.552413,0.244004,0.304495,-0.990274,0.172784,-0.091985,0.017811,-0.202214,0.042547,-0.961750,0.270604,0.000000,0.000000,0.000000,-1,-0.049438,-0.943939,0.068390,0.308146,-1.090687,0.177039,172.928329,162.571243,-764.035889,0,0
145.200000,2.973494,1.279236,-0.632406,-0.700519,0.712011,-0.048092,0.169906,0.231857,0.957797,0.693113,0.662783,-0.283395,0.296234,0.744273,0.544350,0.248969,0.217878,-0.349246,-0.091893,-0.105663,-0.063245,-0.185892,0.048092,-0.957797,0.283395,0.000000,0.000000,0.000000,-1,-0.057571,-1.021042,0.097504,0.263072,-0.390272,-0.078790,172.928329,162.571243,-763.701904,0,0
145.240000,2.950149,1.276851,-0.632095,-0.684452,0.726971,-0.055129,0.171183,0.233752,0.957108,0.708677,0.645657,-0.284437,0.302586,0.742065,0.539968,0.257324,0.002129,-1.097498,0.081930,-0.169372,-0.334441,-0.086973,0.055129,-0.957108,0.284437,0.000000,0.000000,0.000000,-1,-0.114243,-1.291550,0.197464,0.030135,-1.077121,0.035377,172.928329,162.222000,-763.033875,0,0
145.280000,2.959111,1.278842,-0.675494,-0.658772,0.750528,-0.052232,0.179972,0.224618,0.957683,0.730500,0.621494,-0.283046,0.316092,0.735941,0.536449,0.265895,-0.054747,0.167582,0.248106,-0.108949,-0.242955,-0.124293,0.052232,-0.957683,0.283046,0.000000,0.000000,0.000000,-1,-0.056717,-1.200638,0.158752,-0.051096,0.067172,0.252361,172.402710,162.396622,-761.864868,0,0
145.320000,2.970981,1.289305,-0.661404,-0.677491,0.734017,-0.047164,0.170625,0.219212,0.960642,0.715467,0.642779,-0.273756,0.307023,0.736624,0.544179,0.258827,-0.641313,1.321484,-0.189952,0.144440,-0.237203,-0.140348,0.047164,-0.960642,0.273756,0.000000,0.000000,0.000000,-1,0.269470,-1.182999,0.100342,-0.637663,1.221074,-0.185697,171.351486,162.745865,-762.532837,0,1
145.360000,2.977088,1.333841,-0.565890,-0.747364,0.663301,-0.038443,0.125862,0.198150,0.972057,0.652384,0.721642,-0.231575,0.267423,0.737748,0.573942,0.234100,-1.409105,2.613400,-0.502181,0.156519,-0.137348,-0.204445,0.038443,-0.972057,0.231575,0.000000,0.000000,0.000000,-1,0.168961,-1.062073,0.013748,-1.295910,2.440935,-0.473278,174.154770,163.095108,-762.866882,0,0
145.400000,2.886682,1.408257,-0.351322,-0.822944,0.566655,-0.040806,0.055690,0.151940,0.986820,0.565386,0.809825,-0.156595,0.213138,0.729979,0.615307,0.207606,-1.987223,2.308877,-0.656119,0.083111,0.156802,-0.230799,0.040806,-0.986820,0.156595,0.000000,0.000000,0.000000,-1,0.123917,-0.830017,-0.074203,-1.983572,2.208469,-0.651864,174.329987,163.618958,-766.039917,0,0
145.440000,2.638568,1.460550,-0.060291,-0.845665,0.531071,-0.053040,0.006629,0.109823,0.993929,0.533672,0.840180,-0.096394,0.187687,0.716220,0.640205,0.204795,-2.115602,0.607440,-0.519379,-0.098038,0.049166,-0.161305,0.053040,-0.993929,0.096394,0.000000,0.000000,0.000000,-1,-0.050674,-0.907700,-0.009079,-2.111951,0.507033,-0.515124,179.235748,166.762131,-764.369873,0,0
145.480000,1.664178,1.493126,0.881191,-0.825146,0.559612,-0.077255,-0.059863,0.049367,0.996985,0.561738,0.827283,-0.007235,0.182155,0.685884,0.664933,0.232908,-1.861472,-1.894723,-0.564074,0.007325,0.003394,0.032193,0.077255,-0.996985,0.007235,0.000000,0.000000,0.000000,-1,0.100418,-1.074417,0.054794,-1.837429,-1.765057,-0.555763,178.534927,168.159088,-766.707886,0,0
145.520000,0.797210,1.440765,1.653310,-0.764544,0.637862,-0.092764,-0.129224,-0.010687,0.991558,0.631486,0.770077,0.090598,0.197196,0.644837,0.682977,0.280788,-1.878104,-1.609038,-0.238618,0.066386,-0.208012,0.372931,0.092764,-0.991558,-0.090598,0.000000,0.000000,0.000000,-1,0.159149,-1.199570,0.282333,-1.874453,-1.709444,-0.234363,177.483688,170.603760,-767.041931,0,0
145.560000,0.658772,1.410783,1.801187,-0.768931,0.631848,-0.097534,-0.155122,-0.036385,0.987225,0.620228,0.774238,0.125991,0.188058,0.633750,0.694857,0.283141,-0.790935,1.524029,-0.155178,0.113556,-0.049884,0.526931,0.097534,-0.987225,-0.125991,0.000000,0.000000,0.000000,-1,0.229141,-0.953766,0.370941,-0.787284,1.423624,-0.150923,176.958069,171.127625,-767.208923,0,0
145.600000,0.713501,1.386332,1.848704,-0.826120,0.550558,-0.120046,-0.176383,-0.050320,0.983035,0.535177,0.833279,0.138680,0.146219,0.639750,0.709775,0.256046,-0.561818,2.286303,-0.169653,0.187617,0.143969,0.411202,0.120046,-0.983035,-0.138680,0.000000,0.000000,0.000000,-1,0.281570,-0.798889,0.263321,-0.550811,2.163607,-0.183462,178.710129,171.476868,-766.540894,0,0
145.640000,0.672918,1.335401,2.011269,-0.881654,0.448950,-0.145364,-0.210966,-0.099440,0.972422,0.422114,0.888007,0.182385,0.094077,0.632422,0.735439,0.224327,-1.927205,2.366724,-0.257084,0.023383,0.062846,0.164960,0.145364,-0.972422,-0.182385,0.000000,0.000000,0.000000,-1,0.168747,-0.909576,-0.017426,-1.923555,2.266321,-0.252829,180.987808,170.603760,-767.041931,0,0
145.680000,0.636445,1.287208,2.106862,-0.901318,0.399964,-0.166298,-0.240553,-0.142911,0.960058,0.360223,0.905320,0.225021,0.064367,0.619150,0.753201,0.212598,-1.480498,1.558742,-0.328566,-0.088081,-0.035166,0.117553,0.166298,-0.960058,-0.225021,0.000000,0.000000,0.000000,-1,0.084198,-0.987228,-0.152756,-1.476848,1.458340,-0.324311,184.667145,173.921539,-768.544922,0,0
145.720000,0.579083,1.258391,2.189975,-0.909837,0.379351,-0.168198,-0.250290,-0.178375,0.951597,0.330987,0.907896,0.257240,0.053147,0.607088,0.765743,0.205565,-0.413066,-0.424919,0.362165,0.261260,0.093672,-0.055459,0.168198,-0.951597,-0.257240,0.000000,0.000000,0.000000,-1,0.496521,-0.807251,-0.305008,-0.519004,-0.357894,0.310495,185.718369,174.620026,-765.538879,0,0
145.760000,0.503046,1.272803,2.232963,-0.902115,0.407619,-0.141545,-0.231554,-0.180515,0.955927,0.364103,0.895132,0.257231,0.072748,0.605056,0.764830,0.208926,0.439291,-0.744056,0.344637,0.281825,0.275462,0.050413,0.141545,-0.955927,-0.257231,0.000000,0.000000,0.000000,-1,0.423370,-0.680466,-0.206818,0.442941,-0.844457,0.348892,184.141525,175.493118,-766.039917,0,0
145.800000,0.501170,1.290420,2.231360,-0.902679,0.409261,-0.132949,-0.218509,-0.169783,0.960951,0.370707,0.896482,0.242687,0.078129,0.610371,0.760781,0.206291,0.385298,0.478080,0.154630,0.126740,0.216185,0.247189,0.132949,-0.960951,-0.242687,0.000000,0.000000,0.000000,-1,0.194290,-0.777298,-0.024216,0.365585,0.566351,0.127443,183.615906,173.921539,-767.542908,0,1
145.840000,0.561300,1.301842,2.208080,-0.916145,0.375063,-0.141442,-0.213566,-0.158110,0.964049,0.339216,0.913416,0.224952,0.065216,0.619089,0.758157,0.194099,0.288033,0.996167,-0.100872,0.020653,0.120375,0.104927,0.141442,-0.964049,-0.224952,0.000000,0.000000,0.000000,-1,0.169113,-0.868042,-0.157196,0.310900,0.924406,-0.069294,185.543167,174.445404,-766.373901,0,0
145.880000,0.619273,1.302172,2.180365,-0.925034,0.347247,-0.154053,-0.217605,-0.151948,0.964137,0.311386,0.925382,0.216120,0.051949,0.623892,0.757150,0.186506,-0.030310,0.791422,-0.179409,0.054672,0.022685,-0.086386,0.154053,-0.964137,-0.216120,0.000000,0.000000,0.000000,-1,0.208725,-0.941452,-0.302505,-0.026705,0.690994,-0.175147,185.367966,174.270782,-765.204895,0,0
145.920000,0.626994,1.294716,2.192450,-0.930496,0.329748,-0.159052,-0.221311,-0.160593,0.961890,0.291639,0.930310,0.222420,0.043584,0.622005,0.760524,0.181144,-0.338000,-0.072138,0.166142,0.174718,0.001883,-0.494361,0.159052,-0.961890,-0.222420,0.000000,0.000000,0.000000,-1,0.333771,-0.960007,-0.716782,-0.305737,0.024556,0.117077,186.243988,175.143890,-765.705933,0,0
145.960000,0.530735,1.289374,2.260530,-0.923900,0.355876,-0.140574,-0.214239,-0.176724,0.960661,0.317033,0.917672,0.239517,0.057676,0.613934,0.764876,0.186342,-0.195081,-0.703646,0.416326,0.181280,0.078154,-0.360656,0.140574,-0.960661,-0.239517,0.000000,0.000000,0.000000,-1,0.256714,-0.920532,-0.471558,-0.237554,-0.994997,0.363454,187.645645,173.746918,-765.037903,0,0
146.000000,0.445200,1.299659,2.348186,-0.928773,0.352248,-0.115337,-0.190893,-0.187860,0.963467,0.317712,0.916859,0.241721,0.065891,0.612208,0.767846,0.176839,0.088257,0.312366,0.633063,0.053014,0.082119,-0.138193,0.115337,-0.963467,-0.241721,0.000000,0.000000,0.000000,-1,0.168350,-0.881348,-0.379913,0.091863,0.211941,0.637325,185.893585,173.397690,-765.705933,0,0
146.040000,0.401932,1.311251,2.406890,-0.936358,0.336385,-0.100397,-0.172043,-0.190435,0.966507,0.305999,0.922269,0.236188,0.066876,0.614356,0.768600,0.165375,0.161587,0.399265,0.607397,0.026434,0.161179,-0.050967,0.100397,-0.966507,-0.236188,0.000000,0.000000,0.000000,-1,0.114136,-0.753937,-0.282806,0.165193,0.298841,0.611659,185.367966,173.572311,-764.202881,0,0
146.080000,0.322858,1.324248,2.486036,-0.939316,0.334201,-0.077434,-0.148778,-0.193467,0.969761,0.309114,0.922432,0.231448,0.075338,0.615305,0.768803,0.157056,0.025533,-0.186207,0.453045,0.032231,0.207752,-0.009335,0.077434,-0.969761,-0.231448,0.000000,0.000000,0.000000,-1,0.119980,-0.785583,-0.251083,0.057874,-0.314174,0.470943,185.543167,174.445404,-764.035889,0,0
146.120000,0.254170,1.336053,2.550381,-0.939893,0.336422,-0.058484,-0.129640,-0.193114,0.972574,0.315901,0.921698,0.225121,0.083816,0.616778,0.767810,0.151750,0.435450,-0.098418,0.309847,0.226688,-0.048926,-0.179298,0.058484,-0.972574,-0.225121,0.000000,0.000000,0.000000,-1,0.285172,-1.021500,-0.404419,0.439055,-0.198841,0.314110,186.243988,173.746918,-765.037903,0,0
146.160000,0.203367,1.356153,2.602818,-0.941898,0.333133,-0.043019,-0.109287,-0.182825,0.977052,0.317623,0.924985,0.208610,0.089885,0.622588,0.763763,0.144816,0.486583,0.125049,0.857153,0.206783,-0.280226,0.012626,0.043019,-0.977052,-0.208610,0.000000,0.000000,0.000000,-1,0.134232,-1.074097,-0.242950,0.490189,0.024627,0.861416,187.295227,173.746918,-763.033875,0,0
146.200000,0.102027,1.389761,2.660203,-0.928130,0.371804,-0.018338,-0.083365,-0.159586,0.983658,0.362801,0.914491,0.179112,0.114394,0.630363,0.752800,0.151159,0.743783,-3.421155,-0.421030,0.145236,-0.126968,-0.407695,0.018338,-0.983658,-0.179112,0.000000,0.000000,0.000000,-1,0.277649,-1.302353,-0.443832,0.795224,-2.827989,-0.277887,187.295227,172.699203,-763.033875,0,0
146.240000,0.074366,1.419155,2.575331,-0.880982,0.473017,-0.011223,-0.081041,-0.127482,0.988524,0.466158,0.871782,0.150643,0.154804,0.633020,0.734695,0.188533,0.329347,-1.407510,-0.213870,0.571678,0.121306,0.450158,0.011223,-0.988524,-0.150643,0.000000,0.000000,0.000000,-1,0.523651,-0.685211,0.167404,0.332952,-1.507930,-0.209608,184.667145,171.826111,-763.200867,0,0
146.280000,0.151681,1.440802,2.492919,-0.878250,0.477800,-0.019587,-0.078313,-0.103299,0.991563,0.471745,0.872374,0.128141,0.155651,0.641641,0.726239,0.191436,1.239855,0.901530,-0.290704,0.268301,0.163758,0.417859,0.019587,-0.991563,-0.128141,0.000000,0.000000,0.000000,-1,0.166489,-0.985504,0.312958,1.243460,0.801110,-0.286442,183.791107,172.349960,-764.369873,0,0
146.320000,0.677882,1.512721,2.012844,-0.899114,0.436198,-0.036401,-0.052463,-0.024830,0.998314,0.434559,0.899508,0.045209,0.141868,0.676216,0.701633,0.174116,1.727134,0.351594,-0.086168,-0.115731,-0.229332,0.233640,0.036401,-0.998314,-0.045209,0.000000,0.000000,0.000000,-1,-0.156326,-1.135422,0.133392,1.856114,0.547913,-0.164405,184.842346,169.905289,-764.703857,0,0
146.360000,1.489156,1.538136,1.170598,-0.885655,0.463202,-0.032545,-0.030074,0.012722,0.999467,0.463369,0.886161,0.002663,0.157290,0.688425,0.684762,0.180090,0.406716,-0.833360,0.169879,-0.307478,-0.042434,-0.288002,0.032545,-0.999467,-0.002663,0.000000,0.000000,0.000000,-1,-0.274933,-1.041901,-0.290665,0.410321,-0.933778,0.174141,185.367966,170.429138,-760.862854,0,0
146.400000,2.240357,1.542005,0.405181,-0.879339,0.475661,-0.022572,-0.011348,0.026456,0.999586,0.476061,0.879231,-0.017867,0.167385,0.693481,0.677314,0.179757,0.936135,-0.277565,0.327475,-0.050023,-0.014773,-0.163802,0.022572,-0.999586,0.017867,0.000000,0.000000,0.000000,-1,-0.027451,-1.014359,-0.145935,0.822841,-0.349347,0.339279,186.068787,168.333710,-761.196838,0,0
146.440000,2.895323,1.510297,-0.286967,-0.861293,0.507895,-0.014740,0.017114,0.057990,0.998170,0.507821,0.859465,-0.058639,0.186652,0.703193,0.660429,0.185781,0.881612,-1.592369,0.234021,-0.001267,0.145662,-0.032271,0.014740,-0.998170,0.058639,0.000000,0.000000,0.000000,-1,0.016129,-0.830902,0.050507,0.968191,-1.495627,0.209886,186.068787,168.333710,-761.196838,0,0
146.480000,3.049933,1.491340,-0.534364,-0.810511,0.585678,-0.007265,0.040424,0.068307,0.996845,0.584327,0.807660,-0.079039,0.223730,0.699617,0.644819,0.211398,0.237074,-2.078969,0.266723,0.046766,0.094608,0.005037,0.007265,-0.996845,0.079039,0.000000,0.000000,0.000000,-1,0.054031,-0.902237,0.084076,0.240679,-2.179384,0.270985,185.718369,167.285980,-761.196838,0,0
146.520000,3.079842,1.484540,-0.614924,-0.779791,0.626017,-0.005316,0.049699,0.070368,0.996282,0.624064,0.776628,-0.085985,0.242809,0.695727,0.637071,0.226159,0.311784,-1.258502,0.174972,0.051858,0.015112,0.015669,0.005316,-0.996282,0.085985,0.000000,0.000000,0.000000,-1,0.066666,-1.024017,0.099609,0.315390,-1.358917,0.179234,181.863846,167.984467,-760.528809,0,0
146.560000,3.138840,1.456348,-0.664772,-0.785367,0.619030,-0.000314,0.070447,0.089881,0.993458,0.615009,0.780207,-0.114198,0.244413,0.705239,0.628746,0.218126,0.781958,1.081195,0.044348,0.060706,-0.018688,-0.051545,0.000314,-0.993458,0.114198,0.000000,0.000000,0.000000,-1,0.050354,-0.988419,0.051056,0.780150,0.856736,0.048166,181.863846,167.984467,-760.528809,0,0
146.600000,-3.088423,1.425068,-0.662581,-0.819638,0.572829,0.007717,0.089329,0.114487,0.989400,0.565874,0.811640,-0.145008,0.229610,0.720960,0.624528,0.193546,0.638390,1.386423,-0.028843,-0.011707,0.042837,-0.079243,-0.007717,-0.989400,0.145008,0.000000,0.000000,0.000000,-1,-0.019424,-0.946564,0.065765,0.641995,1.286010,-0.024581,183.090286,166.412888,-760.695801,0,0
146.640000,-3.031614,1.400158,-0.662323,-0.850317,0.525941,0.018638,0.104425,0.133907,0.985477,0.515807,0.839914,-0.168785,0.214803,0.733657,0.622018,0.169415,0.518409,1.070638,0.078149,0.050041,-0.003156,-0.274285,-0.018638,-0.985477,0.168785,0.000000,0.000000,0.000000,-1,0.031403,-0.988632,-0.105499,0.523196,1.054005,0.096912,185.192749,165.714401,-759.359802,0,0
146.680000,-3.022745,1.384088,-0.651442,-0.860243,0.509408,0.022009,0.112551,0.147611,0.982621,0.497306,0.847770,-0.184316,0.210036,0.740299,0.618125,0.160508,0.573754,0.319838,-0.035018,0.057852,0.072815,-0.248601,-0.022009,-0.982621,0.184316,0.000000,0.000000,0.000000,-1,-0.006744,-0.904770,-0.028503,0.559409,0.356202,-0.025857,185.192749,165.714401,-759.359802,0,0
146.720000,-3.035957,1.347070,-0.637987,-0.860051,0.509671,0.023393,0.132138,0.178223,0.975078,0.492800,0.841708,-0.220628,0.213514,0.751482,0.604401,0.156160,0.980124,-0.124153,0.118873,-0.048811,-0.033940,-0.044267,-0.023393,-0.975077,0.220628,0.000000,0.000000,0.000000,-1,-0.072205,-1.009018,0.176361,0.983729,-0.224564,0.123136,185.893585,164.317444,-757.021790,0,0
146.760000,-3.025257,1.320753,-0.656156,-0.855599,0.516841,0.028722,0.158889,0.201278,0.966562,0.496406,0.829966,-0.254435,0.223457,0.759793,0.591124,0.152821,0.537356,-0.113332,0.270498,0.134694,-0.007819,-0.313304,-0.031957,-0.966562,0.254435,0.000000,0.000000,0.000000,-1,0.102737,-0.974380,-0.058868,0.595147,-0.312324,0.285245,185.192749,163.618958,-756.353760,0,0
146.800000,-3.013906,1.302227,-0.674182,-0.851501,0.523263,0.033790,0.165648,0.207298,0.964152,0.497500,0.826573,-0.263192,0.226049,0.761904,0.587582,0.152155,0.135243,-0.290858,-0.038066,0.173438,0.051920,-0.425683,-0.033790,-0.964152,0.263192,0.000000,0.000000,0.000000,-1,0.062317,-0.928833,-0.058563,0.191129,-0.279904,-0.007226,185.192749,163.618958,-756.353760,0,0
146.840000,-3.047160,1.297801,-0.677763,-0.832444,0.553526,0.025423,0.169064,0.210026,0.962968,0.527689,0.805914,-0.268416,0.237669,0.760080,0.581808,0.165202,0.183169,-1.028493,0.123221,-0.045531,-0.089614,-0.170058,-0.025423,-0.962968,0.268416,0.000000,0.000000,0.000000,-1,-0.056244,-1.080811,0.069077,0.186728,-1.128931,0.127492,185.017548,163.095108,-754.850769,0,0
146.880000,-3.066948,1.291729,-0.694291,-0.812238,0.582965,0.020542,0.176250,0.211693,0.961313,0.556063,0.784435,-0.274692,0.250381,0.758060,0.575728,0.176609,0.173563,-1.296660,0.168150,-0.017833,-0.149954,-0.259235,-0.020542,-0.961313,0.274692,0.000000,0.000000,0.000000,-1,-0.051437,-1.139130,0.013672,0.177122,-1.397097,0.172421,183.966309,164.841309,-755.518738,0,0
146.920000,-3.099209,1.290560,-0.719646,-0.778201,0.627905,0.011719,0.182301,0.208001,0.960990,0.600973,0.749980,-0.276335,0.269320,0.752087,0.568741,0.195873,-0.113140,-0.851372,0.171428,-0.115661,-0.381997,-0.140654,-0.011719,-0.960990,0.276335,0.000000,0.000000,0.000000,-1,-0.152863,-1.320755,0.193253,-0.090657,-1.180828,0.165886,183.966309,164.841309,-755.518738,0,1
146.960000,-3.065510,1.309968,-0.733193,-0.790040,0.612742,0.019601,0.172585,0.191616,0.966177,0.588261,0.766701,-0.257135,0.262430,0.748129,0.579070,0.190027,-0.804446,1.617417,-0.116108,-0.112372,-0.280527,-0.043252,-0.019601,-0.966177,0.257134,0.000000,0.000000,0.000000,-1,-0.026031,-1.171997,0.140411,-0.800887,1.516982,-0.111837,183.090286,162.920486,-756.019775,0,0
147.000000,-3.019158,1.367699,-0.687366,-0.843032,0.537298,0.024634,0.127982,0.155901,0.979446,0.522415,0.828858,-0.200194,0.224310,0.741473,0.609700,0.167835,-1.897421,3.502925,-0.507208,0.276450,-0.009643,-0.239913,-0.024634,-0.979447,0.200194,0.000000,0.000000,0.000000,-1,0.251816,-0.989090,-0.039719,-1.744868,3.110021,-0.406463,185.367966,163.444336,-754.850769,0,0
147.040000,2.821866,1.485910,-0.091411,-0.916770,0.398526,-0.026649,0.007740,0.084431,0.996399,0.399341,0.913262,-0.080488,0.140790,0.721403,0.661788,0.147625,-2.560458,3.215005,-0.894296,0.347573,0.073136,-0.299131,0.026649,-0.996399,0.080488,0.000000,0.000000,0.000000,-1,0.124924,-0.981430,-0.296539,-2.496118,3.550237,-0.952239,187.295227,164.317444,-754.015747,0,0
147.080000,0.978066,1.497516,1.743265,-0.910789,0.408381,-0.060725,-0.072128,-0.012565,0.997316,0.406522,0.912725,0.040900,0.123365,0.681419,0.700759,0.171424,-2.361887,-2.708367,-0.876134,-0.059108,0.014147,0.012244,0.060725,-0.997316,-0.040900,0.000000,0.000000,0.000000,-1,0.060089,-1.091461,0.004547,-2.358250,-2.808789,-0.871873,186.243988,165.365158,-756.353760,0,0
147.120000,0.636835,1.435814,1.976475,-0.858704,0.506186,-0.080024,-0.123650,-0.053108,0.990904,0.497332,0.860788,0.108194,0.146808,0.651422,0.710635,0.221575,-1.749178,-3.715546,-0.867705,0.044243,-0.310824,0.265924,0.080024,-0.990904,-0.108194,0.000000,0.000000,0.000000,-1,0.160095,-1.353363,0.291351,-1.745541,-3.815967,-0.863444,186.419205,165.889023,-759.192810,0,0
147.160000,0.507651,1.386054,2.066046,-0.835756,0.541790,-0.089298,-0.161622,-0.087300,0.982984,0.524775,0.835968,0.160527,0.150845,0.630065,0.721731,0.243655,-0.590772,1.927973,-0.165595,0.018444,-0.240634,0.725148,0.089298,-0.982984,-0.160527,0.000000,0.000000,0.000000,-1,0.178970,-0.985641,0.317383,-0.681878,1.218069,-0.068187,185.192749,168.508316,-759.359802,0,0
147.200000,0.642684,1.335974,2.093980,-0.904882,0.402172,-0.139450,-0.201546,-0.116251,0.972556,0.374923,0.908154,0.186250,0.079245,0.632926,0.742863,0.203173,-1.656926,3.694868,-0.471360,-0.071731,-0.048013,0.348191,0.139450,-0.972556,-0.186250,0.000000,0.000000,0.000000,-1,0.011185,-1.060410,0.073715,-1.653289,3.594449,-0.467099,188.872086,167.984467,-758.858826,0,0
147.240000,0.583696,1.284548,2.221071,-0.925960,0.344069,-0.155609,-0.224731,-0.170939,0.959310,0.303469,0.923253,0.235606,0.048407,0.616323,0.763627,0.186217,-2.068085,1.361110,0.085137,-0.216949,-0.092524,0.271540,0.155609,-0.959310,-0.235606,0.000000,0.000000,0.000000,-1,0.007584,-0.914291,0.015503,-2.064448,1.260692,0.089398,189.572906,169.032181,-759.192810,0,0
147.280000,0.530295,1.225462,2.320529,-0.936170,0.307037,-0.171215,-0.247747,-0.230676,0.940962,0.249415,0.923318,0.292020,0.024935,0.594448,0.784039,0.176899,-0.925734,0.720306,-0.217085,0.021366,0.325530,0.232251,0.171215,-0.940962,-0.292020,0.000000,0.000000,0.000000,-1,0.305115,-0.618515,-0.045181,-1.059211,0.676075,-0.214757,187.996048,171.302246,-759.025818,0,0
147.320000,0.519240,1.206548,2.349854,-0.939935,0.292013,-0.176777,-0.253497,-0.250302,0.934392,0.228607,0.923080,0.309292,0.016392,0.587440,0.790495,0.172522,-0.262407,0.210899,0.144886,0.181240,0.255299,0.368283,0.176777,-0.934392,-0.309292,0.000000,0.000000,0.000000,-1,0.347397,-0.671799,0.047516,-0.258770,0.110482,0.149147,190.974548,171.826111,-758.858826,0,0
147.360000,0.504424,1.207664,2.363552,-0.940679,0.292664,-0.171671,-0.249312,-0.253008,0.934789,0.230144,0.922136,0.310964,0.018474,0.586666,0.791305,0.171229,0.161433,-0.381718,0.168418,0.149725,0.292424,0.240789,0.171671,-0.934789,-0.310964,0.000000,0.000000,0.000000,-1,0.329773,-0.608994,-0.116287,0.165069,-0.482134,0.172679,190.273727,169.381424,-759.192810,0,0
147.400000,0.506885,1.234382,2.330236,-0.934271,0.318525,-0.160251,-0.239399,-0.227282,0.943945,0.264248,0.920263,0.288597,0.033219,0.595481,0.782648,0.178217,0.933256,-0.578227,-0.085984,0.160946,0.356618,0.181526,0.160251,-0.943945,-0.288597,0.000000,0.000000,0.000000,-1,0.269135,-0.658447,-0.125778,0.894488,-0.710391,-0.042819,189.222488,172.175339,-759.192810,0,0
147.440000,0.591845,1.259666,2.232692,-0.929028,0.328233,-0.170791,-0.241488,-0.188155,0.951988,0.280339,0.925668,0.254066,0.035570,0.609674,0.769943,0.184988,0.600465,0.413386,-0.577166,0.043549,0.185783,0.103858,0.170791,-0.951988,-0.254066,0.000000,0.000000,0.000000,-1,0.220688,-0.825180,-0.159256,0.604102,0.312972,-0.572905,189.748108,169.556046,-760.695801,0,0
147.480000,0.690071,1.253520,2.165601,-0.933086,0.299844,-0.198604,-0.258400,-0.174817,0.950089,0.250159,0.937834,0.240599,0.016821,0.615969,0.766241,0.182137,-0.015336,1.513873,-0.578536,0.108861,-0.160507,-0.035890,0.198604,-0.950089,-0.240599,0.000000,0.000000,0.000000,-1,0.378448,-1.389313,-0.399094,-0.011699,1.413459,-0.574276,189.397705,171.302246,-758.691772,0,1
147.520000,0.683182,1.253383,2.211115,-0.944290,0.263623,-0.197024,-0.250283,-0.186470,0.950046,0.213715,0.946431,0.242063,0.005418,0.615580,0.770199,0.166810,-0.376435,0.195313,0.360021,0.099058,-0.102566,-0.503680,0.197024,-0.950046,-0.242063,0.000000,0.000000,0.000000,-1,0.241501,-0.939880,-0.765610,-0.341659,0.180874,0.428437,190.098526,169.905289,-759.359802,0,0
147.560000,0.640668,1.247668,2.258856,-0.946948,0.259356,-0.189801,-0.245289,-0.201647,0.948247,0.207660,0.944496,0.254567,0.005760,0.610478,0.775107,0.162766,-0.114784,-0.108193,0.168101,0.048313,0.110234,-0.424297,0.189801,-0.948247,-0.254567,0.000000,0.000000,0.000000,-1,0.220139,-0.834625,-0.606873,-0.111147,-0.208605,0.172361,191.675385,169.730667,-759.860840,0,0
147.600000,0.625682,1.255463,2.260116,-0.945179,0.271380,-0.181630,-0.239323,-0.197249,0.950693,0.222173,0.942043,0.251383,0.013102,0.611667,0.773597,0.165042,0.370639,-0.566235,0.142480,0.027324,0.071329,-0.166586,0.181630,-0.950693,-0.251383,0.000000,0.000000,0.000000,-1,0.223862,-0.908218,-0.349045,0.374276,-0.666646,0.146740,190.273727,170.429138,-760.194824,0,0
147.640000,0.629614,1.263037,2.249581,-0.944237,0.276767,-0.178372,-0.235777,-0.190190,0.953015,0.229839,0.941928,0.244840,0.016683,0.614249,0.771244,0.166142,-0.003884,-0.010977,-0.047367,0.092151,-0.136982,-0.039035,0.178372,-0.953015,-0.244840,0.000000,0.000000,0.000000,-1,0.383377,-1.216492,-0.295090,0.019025,-0.100734,-0.009329,189.923325,170.429138,-760.194824,0,0
147.680000,0.610795,1.259391,2.261006,-0.942556,0.284093,-0.175724,-0.236266,-0.195082,0.951904,0.236148,0.938741,0.250998,0.019548,0.611653,0.772761,0.168344,-0.320013,-0.362585,0.210869,0.326168,-0.051880,-0.106806,0.175724,-0.951904,-0.250998,0.000000,0.000000,0.000000,-1,0.489639,-0.978592,-0.413788,-0.316376,-0.462995,0.215129,190.448929,169.556046,-759.359802,0,0
147.720000,0.541871,1.234924,2.317027,-0.939148,0.298508,-0.169984,-0.242004,-0.223752,0.944123,0.243794,0.927808,0.282377,0.023601,0.598544,0.781869,0.172827,-0.471706,0.044119,-0.064798,0.216430,-0.137633,-0.125506,0.169984,-0.944123,-0.282377,0.000000,0.000000,0.000000,-1,0.370651,-0.968414,-0.212982,-0.715828,-0.248149,-0.031411,190.448929,170.953003,-760.695801,0,0
147.760000,0.583102,1.235918,2.298505,-0.943555,0.277412,-0.180962,-0.245406,-0.218608,0.944450,0.222442,0.935550,0.274347,0.013287,0.602204,0.780466,0.167470,0.322873,0.968504,-0.152188,0.216255,0.548042,0.490258,0.180962,-0.944450,-0.274347,0.000000,0.000000,0.000000,-1,0.315491,-0.428085,0.142029,0.277636,1.010134,-0.168240,190.448929,171.302246,-760.027832,0,0
147.800000,0.598376,1.273554,2.207084,-0.924169,0.344516,-0.164982,-0.235569,-0.174036,0.956148,0.300696,0.922507,0.241996,0.044357,0.614031,0.764886,0.189599,1.385747,-2.833198,-0.019099,0.064571,0.222673,0.590766,0.164982,-0.956148,-0.241996,0.000000,0.000000,0.000000,-1,0.191238,-0.916061,0.350388,1.389384,-2.933605,-0.014839,189.397705,170.254517,-760.695801,0,0
147.840000,0.763365,1.357379,1.968091,-0.902603,0.404804,-0.146430,-0.195304,-0.081951,0.977313,0.383620,0.910724,0.153029,0.081116,0.645682,0.731024,0.205229,2.699421,-0.512613,0.527165,-0.404563,-0.760145,0.191680,0.146430,-0.977313,-0.153029,0.000000,0.000000,0.000000,-1,-0.267929,-1.622269,-0.044952,2.840657,-0.255022,0.294275,187.820847,169.381424,-762.198853,0,0
147.880000,0.759303,1.409887,1.914826,-0.884342,0.453623,-0.110295,-0.150827,-0.054038,0.987082,0.441803,0.889554,0.116207,0.115638,0.654618,0.716692,0.210847,0.527691,-2.303708,0.971899,-0.603261,-0.136941,-0.154957,0.110295,-0.987082,-0.116207,0.000000,0.000000,0.000000,-1,-0.296936,-0.882980,-0.081512,0.855955,-2.455910,1.096215,187.645645,167.809845,-762.031860,0,0
147.920000,0.727998,1.442602,1.896290,-0.863982,0.496286,-0.085064,-0.121130,-0.040881,0.991794,0.488736,0.867196,0.095436,0.142709,0.657203,0.707160,0.218273,1.151517,-0.292141,0.490036,0.107762,0.002994,0.098320,0.085064,-0.991794,-0.095436,0.000000,0.000000,0.000000,-1,0.261627,-1.006393,0.030975,1.155101,-0.392577,0.494306,184.842346,167.111359,-762.365845,0,0
147.960000,0.866090,1.475424,1.741891,-0.857564,0.509236,-0.072545,-0.093837,-0.016214,0.995456,0.505746,0.860474,0.061689,0.155692,0.667020,0.695605,0.216744,0.995812,-0.781368,0.179100,0.157344,0.055316,0.114943,0.072545,-0.995456,-0.061690,0.000000,0.000000,0.000000,-1,0.213074,-0.915985,0.066040,0.999396,-0.881804,0.183370,185.543167,165.365158,-761.029846,0,0
148.000000,1.204413,1.494240,1.382573,-0.847421,0.526097,-0.071406,-0.075131,0.014311,0.997071,0.525578,0.850304,0.027399,0.166485,0.677188,0.682002,0.220391,0.750470,0.255295,0.033524,0.097006,0.005555,0.050150,0.071406,-0.997071,-0.027399,0.000000,0.000000,0.000000,-1,0.111191,-1.028870,-0.075302,0.772879,-0.041343,-0.005141,183.615906,165.539780,-760.528809,0,0
148.040000,1.555548,1.505479,1.056568,-0.861215,0.504033,-0.065263,-0.056829,0.032104,0.997868,0.505054,0.863087,0.000995,0.162547,0.687809,0.676407,0.207295,0.432002,0.431424,0.126655,-0.088761,0.063160,-0.091763,0.065263,-0.997868,-0.000995,0.000000,0.000000,0.000000,-1,-0.056168,-0.910461,-0.048645,0.435586,0.330990,0.130925,184.667145,165.889023,-761.530823,0,0
148.080000,1.988979,1.505281,0.630026,-0.865375,0.497540,-0.059827,-0.038572,0.052899,0.997855,0.499638,0.865826,-0.026587,0.164554,0.697291,0.668186,0.200585,0.821742,0.104806,0.074902,-0.123532,0.111609,0.092020,0.059827,-0.997855,0.026587,0.000000,0.000000,0.000000,-1,-0.063705,-0.886246,0.118607,0.776557,0.023505,0.111535,183.966309,166.587509,-760.862854,0,0
148.120000,2.308923,1.491505,0.307469,-0.864520,0.499171,-0.058593,-0.023972,0.075494,0.996858,0.502026,0.863208,-0.053300,0.168290,0.705924,0.658735,0.198541,0.917314,-0.164449,0.099530,-0.077987,0.022142,-0.062867,0.058593,-0.996858,0.053300,0.000000,0.000000,0.000000,-1,0.012009,-1.002228,-0.045059,0.915457,-0.240555,0.065456,183.966309,165.190536,-760.194824,0,0
148.160000,2.649107,1.464166,-0.040160,-0.861575,0.505131,-0.050321,0.004273,0.106343,0.994320,0.507613,0.856466,-0.093781,0.177386,0.717931,0.644486,0.194286,0.916708,-0.044500,0.196857,0.002383,-0.038654,-0.080734,0.050321,-0.994320,0.093781,0.000000,0.000000,0.000000,-1,0.057022,-1.009232,0.047318,0.920292,-0.144932,0.201127,184.316727,163.793579,-759.192810,0,0
148.200000,2.833274,1.435044,-0.217892,-0.865320,0.499534,-0.041068,0.029256,0.132135,0.990800,0.500365,0.856157,-0.128954,0.181313,0.729111,0.633291,0.185649,0.643947,0.370100,0.238413,0.014336,0.070420,-0.109789,0.041068,-0.990800,0.128954,0.000000,0.000000,0.000000,-1,0.075333,-0.907181,-0.026428,0.675094,0.239961,0.227621,182.214249,165.539780,-760.194824,0,0
148.240000,2.903664,1.419617,-0.282903,-0.868156,0.495020,-0.035496,0.042040,0.144617,0.988594,0.494507,0.856762,-0.146361,0.182748,0.734700,0.627929,0.180347,0.550682,0.002010,0.109202,0.057186,0.101036,-0.239013,0.035496,-0.988594,0.146361,0.000000,0.000000,0.000000,-1,0.067215,-0.937134,-0.074173,0.559669,-0.014654,0.119416,182.915085,164.142822,-759.860840,0,0
148.280000,2.956441,1.393598,-0.339803,-0.866307,0.498456,-0.032451,0.058752,0.166193,0.984341,0.496044,0.850836,-0.173259,0.187589,0.742590,0.617830,0.177923,0.615354,-0.012901,0.063880,0.003651,0.009702,-0.201595,0.032451,-0.984341,0.173259,0.000000,0.000000,0.000000,-1,0.037735,-0.972702,-0.049835,0.618938,-0.113330,0.068150,183.615906,163.793579,-760.528809,0,0
148.320000,2.974765,1.373029,-0.367293,-0.861879,0.506063,-0.032626,0.070554,0.183375,0.980508,0.502182,0.842777,-0.193752,0.192677,0.748166,0.609252,0.178706,0.402285,-0.377679,0.023199,0.012997,-0.074531,-0.177258,0.032626,-0.980508,0.193752,0.000000,0.000000,0.000000,-1,0.045624,-1.055038,0.016495,0.411226,-0.428276,0.028248,183.090286,163.968201,-759.025818,0,0
148.360000,2.969720,1.361475,-0.383284,-0.851214,0.523614,-0.035539,0.077709,0.192719,0.978172,0.519034,0.829872,-0.204734,0.200501,0.749778,0.602860,0.184912,0.387113,-1.003127,0.075120,-0.041932,-0.096718,-0.171272,0.035539,-0.978172,0.204734,0.000000,0.000000,0.000000,-1,-0.029984,-1.040024,0.033020,0.401382,-0.953030,0.062636,182.564667,164.142822,-759.860840,0,0
148.400000,2.951828,1.347678,-0.436465,-0.812220,0.581857,-0.041738,0.093540,0.200528,0.975212,0.575803,0.788182,-0.217300,0.226137,0.746667,0.590422,0.206766,0.296927,-1.840365,0.295827,-0.138418,0.010414,-0.159606,0.041738,-0.975212,0.217299,0.000000,0.000000,0.000000,-1,-0.097107,-0.949280,0.061844,0.300511,-1.940792,0.300097,182.915085,163.095108,-760.862854,0,0
148.440000,2.928781,1.342562,-0.500136,-0.759064,0.649260,-0.047788,0.108501,0.198545,0.974068,0.641911,0.734194,-0.221154,0.256683,0.738032,0.578655,0.233628,0.075725,-1.821316,0.275841,-0.076490,-0.058327,-0.192711,0.047788,-0.974067,0.221154,0.000000,0.000000,0.000000,-1,-0.028702,-1.032394,0.028442,0.100554,-1.951426,0.281074,179.410950,162.396622,-758.858826,0,0
148.480000,2.902973,1.343726,-0.529526,-0.722265,0.689567,-0.053211,0.113716,0.194293,0.974330,0.682204,0.697673,-0.218745,0.274858,0.730634,0.572107,0.251636,-0.032024,-1.871280,0.187902,-0.096134,-0.123662,-0.126796,0.053211,-0.974330,0.218745,0.000000,0.000000,0.000000,-1,-0.053391,-1.287415,0.150162,-0.007122,-1.939886,0.200303,179.936569,163.269730,-762.031860,0,0
148.520000,2.893797,1.353195,-0.573289,-0.684564,0.727027,-0.052950,0.117097,0.181372,0.976418,0.719486,0.662221,-0.209294,0.292984,0.720283,0.568748,0.268102,-0.214279,0.023400,0.245183,-0.028079,-0.300086,-0.104954,0.052950,-0.976418,0.209294,0.000000,0.000000,0.000000,-1,0.033112,-1.255173,0.083130,-0.210695,-0.077024,0.249452,178.359726,163.444336,-760.194824,0,0
148.560000,2.896702,1.388317,-0.505958,-0.733061,0.678738,-0.043997,0.087948,0.158732,0.983397,0.674453,0.717020,-0.176054,0.266581,0.719001,0.591243,0.249809,-1.505985,2.701729,-0.289845,0.113947,-0.112138,-0.142866,0.043997,-0.983397,0.176054,0.000000,0.000000,0.000000,-1,0.157944,-1.095535,0.033188,-1.349328,2.328908,-0.236039,176.257248,161.348907,-760.862854,0,0
148.600000,2.795766,1.443698,-0.295837,-0.801898,0.595914,-0.042967,0.036955,0.121250,0.991934,0.596317,0.793842,-0.119252,0.221418,0.714563,0.624779,0.223663,-2.483201,4.042404,-0.606368,0.177949,0.116430,-0.177144,0.042967,-0.991934,0.119252,0.000000,0.000000,0.000000,-1,0.196884,-0.839294,-0.127960,-2.311664,3.822206,-0.585326,181.863846,166.587509,-761.530823,0,1
148.640000,0.756281,1.458114,1.833146,-0.847188,0.525661,-0.077162,-0.108597,-0.029163,0.993658,0.520077,0.850194,0.081791,0.158259,0.658831,0.699668,0.226628,-3.108302,-0.800828,-0.714789,-0.009901,-0.002146,-0.116604,0.077162,-0.993658,-0.081791,0.000000,0.000000,0.000000,-1,0.072983,-1.001831,-0.063797,-3.104652,-0.901238,-0.710570,181.863846,166.587509,-761.530823,0,0
148.680000,0.497954,1.347231,1.954751,-0.760932,0.640132,-0.105894,-0.205565,-0.083049,0.975113,0.615407,0.763763,0.194784,0.178419,0.608913,0.713927,0.296143,-1.696833,-3.545236,-1.115791,0.216387,-0.315368,0.287801,0.105894,-0.975113,-0.194784,0.000000,0.000000,0.000000,-1,0.322281,-1.290482,0.093018,-1.773617,-3.879099,-1.248979,182.039047,170.254517,-765.037903,0,0
148.720000,0.457539,1.309901,1.954556,-0.731648,0.672092,-0.113945,-0.239183,-0.096577,0.966159,0.638343,0.734143,0.231414,0.182699,0.592380,0.717572,0.317486,-0.562851,0.464587,-0.353917,0.138801,-0.232952,0.665374,0.113945,-0.966160,-0.231414,0.000000,0.000000,0.000000,-1,0.242508,-1.099686,0.362930,-0.771417,-0.380122,-0.368465,180.987808,169.905289,-767.375916,0,0
148.760000,0.596351,1.262411,1.929891,-0.791766,0.586556,-0.170466,-0.284161,-0.106665,0.952825,0.540703,0.802854,0.251130,0.126263,0.598742,0.733069,0.296942,-1.460223,3.237635,-0.653319,-0.025217,-0.070292,0.494493,0.170466,-0.952825,-0.251130,0.000000,0.000000,0.000000,-1,0.072479,-1.166016,0.295502,-1.456573,3.137227,-0.649100,180.286987,170.953003,-768.043945,0,0
148.800000,0.557577,1.180294,2.051446,-0.826184,0.526166,-0.201416,-0.337523,-0.175997,0.924718,0.451107,0.831970,0.322999,0.081874,0.576018,0.762427,0.283204,-1.919103,1.015213,-0.087225,-0.182785,-0.054774,0.282258,0.201416,-0.924718,-0.322999,0.000000,0.000000,0.000000,-1,0.018631,-0.979492,-0.040741,-2.101519,0.807751,-0.063452,183.265488,173.572311,-767.208923,0,0
148.840000,0.556083,1.147878,2.088601,-0.838650,0.499730,-0.216648,-0.356620,-0.203149,0.911895,0.411690,0.842021,0.348585,0.063076,0.567212,0.773043,0.276941,-0.739290,0.965292,-0.160635,-0.049579,0.299194,0.244138,0.216648,-0.911895,-0.348585,0.000000,0.000000,0.000000,-1,0.201248,-0.613251,-0.051758,-0.888735,0.933776,-0.169932,183.615906,173.921539,-767.208923,0,0
148.880000,0.574802,1.142333,2.099876,-0.850536,0.474938,-0.225880,-0.358666,-0.209706,0.909605,0.384638,0.854668,0.348707,0.051144,0.568358,0.776039,0.268545,0.188601,0.514126,0.130067,-0.019261,0.277388,0.436323,0.225880,-0.909605,-0.348707,0.000000,0.000000,0.000000,-1,0.203384,-0.674301,0.100143,0.192195,0.413687,0.134298,183.966309,177.064713,-766.540894,0,0
148.920000,0.591392,1.162560,2.087215,-0.854882,0.469244,-0.221330,-0.345221,-0.196022,0.917822,0.387297,0.861037,0.329569,0.053785,0.576475,0.771439,0.263943,0.715352,-0.312811,0.143949,0.014861,0.363181,0.269006,0.221330,-0.917822,-0.329569,0.000000,0.000000,0.000000,-1,0.236191,-0.554642,-0.060562,0.634021,-0.315688,0.162504,185.192749,174.794647,-768.377930,0,0
148.960000,0.609731,1.186499,2.051170,-0.849634,0.481695,-0.214690,-0.332477,-0.173249,0.927062,0.409366,0.859043,0.307350,0.063765,0.585029,0.763255,0.266677,1.030217,-0.677766,-0.020624,0.046251,0.293670,0.242760,0.214690,-0.927062,-0.307350,0.000000,0.000000,0.000000,-1,0.291138,-0.718506,-0.075134,0.991594,-0.660432,0.042046,185.192749,174.794647,-768.377930,0,0
149.000000,0.641343,1.223199,1.977510,-0.833593,0.513411,-0.203795,-0.312852,-0.134755,0.940194,0.455243,0.847497,0.272952,0.083979,0.597052,0.748549,0.275955,0.883697,-0.792793,0.338920,0.174684,-0.147025,0.188007,0.203795,-0.940194,-0.272952,0.000000,0.000000,0.000000,-1,0.392685,-1.310684,-0.155457,0.887290,-0.893228,0.343151,184.491928,174.794647,-767.041931,0,1
149.040000,0.632629,1.261168,1.990649,-0.842981,0.506878,-0.180162,-0.278241,-0.124206,0.952447,0.460397,0.853023,0.245737,0.094191,0.606844,0.743795,0.263890,0.074399,1.221737,0.433419,0.084075,-0.024345,-0.140768,0.180162,-0.952447,-0.245737,0.000000,0.000000,0.000000,-1,0.264236,-0.976791,-0.386505,0.342833,0.824583,0.527550,184.842346,174.096161,-764.369873,0,0
149.080000,0.632176,1.254060,2.039992,-0.865612,0.465664,-0.184047,-0.277808,-0.140836,0.950257,0.416580,0.873683,0.251274,0.077378,0.606939,0.751286,0.247400,-0.310015,1.369871,0.241263,0.214147,0.176758,-0.273491,0.184047,-0.950257,-0.251274,0.000000,0.000000,0.000000,-1,0.361267,-0.700043,-0.311905,-0.555092,1.443299,0.240005,184.842346,174.096161,-764.369873,0,0
149.120000,0.758230,1.306108,1.967098,-0.892515,0.413590,-0.179892,-0.241332,-0.100983,0.965174,0.381021,0.904846,0.189942,0.068057,0.632770,0.738823,0.221610,1.931402,1.623315,0.252645,0.044916,-0.019231,0.184097,0.179892,-0.965174,-0.189942,0.000000,0.000000,0.000000,-1,0.189316,-1.092239,-0.026215,1.934995,1.522882,0.256876,186.419205,172.873825,-766.874939,0,0
149.160000,0.765390,1.333136,1.895927,-0.868414,0.468244,-0.163110,-0.223095,-0.075204,0.971891,0.442816,0.880393,0.169771,0.096202,0.637071,0.726875,0.237778,-0.077486,-3.618709,0.050599,-0.152551,0.057570,0.354830,0.163110,-0.971891,-0.169771,0.000000,0.000000,0.000000,-1,0.010559,-0.914322,0.185059,-0.028727,-3.486821,0.143699,185.718369,171.476868,-765.204895,0,0
149.200000,0.694500,1.338453,1.872462,-0.822972,0.548635,-0.147366,-0.219861,-0.068412,0.973129,0.523811,0.833259,0.176925,0.130877,0.628020,0.719081,0.267180,0.396419,-2.070954,-0.057347,-0.113537,-0.154709,0.455962,0.147366,-0.973129,-0.176925,0.000000,0.000000,0.000000,-1,-0.027405,-1.145569,0.232025,0.267645,-2.881724,-0.048449,185.718369,171.476868,-765.204895,0,0
149.240000,0.840144,1.353003,1.822493,-0.870438,0.465234,-0.160920,-0.209268,-0.053813,0.976377,0.445584,0.883550,0.144199,0.098965,0.646611,0.719105,0.234493,0.123639,3.602368,0.032809,-0.166001,-0.198672,0.135655,0.160920,-0.976377,-0.144199,0.000000,0.000000,0.000000,-1,-0.037720,-1.192322,-0.070923,0.127229,3.501937,0.037042,181.863846,172.873825,-766.874939,0,0
149.280000,0.970619,1.366811,1.813518,-0.920182,0.354004,-0.167171,-0.196636,-0.048688,0.979267,0.338525,0.933976,0.114411,0.059360,0.662775,0.721679,0.190750,0.261543,2.054814,0.268036,-0.306255,-0.040707,-0.040771,0.167171,-0.979267,-0.114411,0.000000,0.000000,0.000000,-1,-0.139084,-1.019974,-0.155182,0.292950,2.107077,0.287230,188.346466,172.000717,-765.705933,0,0
149.320000,1.008801,1.376319,1.817343,-0.935188,0.314136,-0.163530,-0.187410,-0.047165,0.981149,0.300501,0.948206,0.102980,0.047425,0.668027,0.722034,0.173657,0.109978,0.914137,0.343997,-0.214830,-0.020453,0.039473,0.163530,-0.981149,-0.102980,0.000000,0.000000,0.000000,-1,-0.045181,-0.973511,-0.044388,0.115698,0.999189,0.311203,188.346466,172.000717,-765.705933,0,0
149.360000,1.024562,1.399216,1.811433,-0.941482,0.303853,-0.145895,-0.165820,-0.040691,0.985316,0.293455,0.951849,0.088695,0.051270,0.673071,0.719525,0.163189,0.507879,-0.188454,0.359479,-0.144659,0.079615,0.094493,0.145895,-0.985316,-0.088695,0.000000,0.000000,0.000000,-1,0.021057,-0.905991,0.011490,0.511468,-0.288883,0.363713,189.397705,171.651489,-764.703857,0,0
149.400000,1.125522,1.423282,1.692209,-0.938284,0.319417,-0.132648,-0.145898,-0.017801,0.989140,0.313586,0.947447,0.063305,0.063663,0.681392,0.710526,0.163722,0.614800,-0.183338,0.235950,0.011792,0.027378,0.102596,0.132648,-0.989139,-0.063305,0.000000,0.000000,0.000000,-1,0.144440,-0.961761,0.039291,0.632162,-0.421570,0.255546,189.748108,172.000717,-765.371887,0,0
149.440000,1.234560,1.433769,1.594274,-0.942642,0.307892,-0.128949,-0.136561,-0.003207,0.990626,0.304592,0.951416,0.045069,0.062241,0.688180,0.705499,0.157496,0.520301,0.761068,0.075299,0.063571,-0.000127,0.109766,0.128950,-0.990626,-0.045069,0.000000,0.000000,0.000000,-1,0.185013,-0.999634,0.058380,0.541976,0.553596,0.104282,188.346466,171.651489,-765.037903,0,0
149.480000,1.455797,1.439425,1.410755,-0.953964,0.270221,-0.130129,-0.129320,0.020875,0.991383,0.270609,0.962572,0.015031,0.050324,0.699966,0.697875,0.143128,0.698602,0.900849,-0.036860,-0.024706,0.006901,0.048249,0.130129,-0.991383,-0.015031,0.000000,0.000000,0.000000,-1,0.071991,-0.977890,0.029297,0.702192,0.800422,-0.032626,187.996048,169.556046,-765.371887,0,0
149.520000,1.790124,1.436902,1.121858,-0.965885,0.223807,-0.130296,-0.120266,0.057938,0.991050,0.229353,0.972910,-0.029045,0.036133,0.716392,0.685365,0.125507,0.838250,1.236982,-0.006941,-0.122194,0.046302,-0.047478,0.130296,-0.991050,0.029045,0.000000,0.000000,0.000000,-1,0.008102,-0.944748,-0.018433,0.872649,1.098393,-0.000747,189.047287,169.206802,-762.699829,0,0
149.560000,2.030454,1.427823,0.931119,-0.976504,0.173591,-0.127698,-0.114316,0.085056,0.989797,0.182681,0.981138,-0.063213,0.020332,0.728830,0.676061,0.106465,0.487261,0.815086,0.042445,-0.157666,0.045568,-0.101360,0.127698,-0.989797,0.063213,0.000000,0.000000,0.000000,-1,-0.029968,-0.944229,-0.038147,0.490851,0.714661,0.046678,191.149765,170.254517,-762.365845,0,0
149.600000,2.154451,1.422076,0.821058,-0.979499,0.159044,-0.123643,-0.108442,0.100972,0.988962,0.169773,0.982095,-0.081654,0.017207,0.735208,0.670237,0.099773,0.649989,0.449452,0.133781,-0.114839,0.016595,-0.132268,0.123643,-0.988962,0.081654,0.000000,0.000000,0.000000,-1,0.024689,-0.991638,-0.054947,0.653578,0.349028,0.138014,191.500168,169.206802,-760.361816,0,0
149.640000,2.382947,1.404321,0.636441,-0.986890,0.114252,-0.113997,-0.098486,0.133265,0.986175,0.127864,0.984473,-0.120266,0.005266,0.748402,0.658286,0.080792,0.670505,1.293246,0.044649,-0.131087,-0.001984,-0.212474,0.113997,-0.986175,0.120265,0.000000,0.000000,0.000000,-1,-0.017090,-0.988159,-0.092209,0.718831,1.200276,0.069630,192.376205,168.333710,-760.528809,0,0
149.680000,2.465837,1.391247,0.585613,-0.990382,0.081641,-0.111703,-0.099454,0.151042,0.983512,0.093306,0.985472,-0.141908,-0.007213,0.755581,0.651481,0.067964,0.434255,0.780802,-0.192962,-0.255184,0.027472,-0.365083,0.112103,-0.983512,0.141908,0.000000,0.000000,0.000000,-1,-0.143082,-0.956039,-0.223175,0.437845,0.680380,-0.188729,192.726608,168.333710,-760.528809,0,0
149.720000,2.452565,1.375625,0.598970,-0.989142,0.079966,-0.123301,-0.109339,0.160174,0.981014,0.098197,0.983844,-0.149691,-0.009686,0.758124,0.647935,0.073042,-0.074591,-0.960222,-0.291186,-0.351191,-0.030781,-0.403384,0.123301,-0.981014,0.149691,0.000000,0.000000,0.000000,-1,-0.241562,-1.069382,-0.198822,-0.071001,-1.060644,-0.286953,194.128265,168.333710,-760.194824,0,0
149.760000,2.292011,1.393361,0.651859,-0.973363,0.187063,-0.132556,-0.107080,0.140314,0.984300,0.202726,0.972275,-0.116546,0.026779,0.746697,0.655077,0.112255,-0.433888,-3.283048,0.483816,-0.359744,-0.160476,0.052750,0.132556,-0.984300,0.116546,0.000000,0.000000,0.000000,-1,-0.227188,-1.144775,0.169296,-0.494344,-3.359195,0.415249,191.675385,167.285980,-760.528809,0,0
149.800000,2.240270,1.407437,0.640645,-0.959976,0.249366,-0.127529,-0.097208,0.130385,0.986686,0.262674,0.959592,-0.100926,0.051394,0.740150,0.657393,0.131799,-0.294557,-0.079628,0.124242,0.184055,-0.224892,0.431194,0.127529,-0.986686,0.100926,0.000000,0.000000,0.000000,-1,0.311584,-1.211578,0.532120,-0.290967,-0.180048,0.128475,190.448929,168.159088,-762.031860,0,0
149.840000,2.115587,1.418911,0.873331,-0.980821,0.145758,-0.129399,-0.115969,0.097178,0.988488,0.156655,0.984536,-0.078410,0.010143,0.734236,0.671795,0.097398,-1.387403,4.170958,-0.438157,0.323772,-0.155647,0.224415,0.129399,-0.988488,0.078410,0.000000,0.000000,0.000000,-1,0.297714,-1.125900,0.141525,-1.383813,4.070538,-0.433924,191.500168,169.206802,-761.697876,0,0
149.880000,1.604810,1.430017,1.567814,-0.989631,-0.031056,-0.140233,-0.140314,0.000418,0.990107,-0.030690,0.999518,-0.004772,-0.060667,0.706191,0.704351,0.038780,-2.044466,3.111686,-0.508026,-0.020665,0.085597,-0.141109,0.140233,-0.990107,0.004772,0.000000,0.000000,0.000000,-1,0.119568,-0.904510,-0.136337,-2.054353,3.288037,-0.469806,195.004288,169.905289,-759.693848,0,1
149.920000,1.246213,1.394220,1.995961,-0.981521,-0.094333,-0.166488,-0.160022,-0.072455,0.984451,-0.104929,0.992901,0.056021,-0.093426,0.680633,0.726291,0.022611,-2.008902,1.019459,-0.815976,0.053925,0.028640,0.021551,0.166488,-0.984451,-0.056021,0.000000,0.000000,0.000000,-1,0.220413,-0.955811,-0.034470,-2.005367,0.919011,-0.811744,196.931564,171.127625,-758.524780,0,0
149.960000,0.964311,1.341740,2.297403,-0.976754,-0.105576,-0.186564,-0.169711,-0.150844,0.973881,-0.130960,0.982904,0.129420,-0.105677,0.651247,0.751169,0.021345,-1.984527,-0.290165,-0.284858,0.195836,-0.229534,0.175715,0.186564,-0.973881,-0.129420,0.000000,0.000000,0.000000,-1,0.428726,-1.208145,0.044724,-1.980992,-0.390612,-0.280626,197.281967,171.476868,-756.854797,0,0
150.000000,0.702504,1.266083,2.507136,-0.980043,-0.044022,-0.193852,-0.177834,-0.241634,0.953933,-0.088835,0.969368,0.228983,-0.090289,0.614293,0.782729,0.042739,-1.827211,-1.802423,-0.549951,0.232951,-0.113297,0.304224,0.193852,-0.953933,-0.228983,0.000000,0.000000,0.000000,-1,0.426804,-1.067230,0.075241,-1.905511,-1.847745,-0.549321,197.457169,172.000717,-760.027832,0,0
150.040000,0.592228,1.214706,2.560099,-0.980708,0.018529,-0.194599,-0.191483,-0.291315,0.937267,-0.039323,0.956448,0.289243,-0.073082,0.591640,0.800198,0.065613,-1.093643,-1.078095,-0.421958,0.048153,0.054790,0.551053,0.194599,-0.937267,-0.289243,0.000000,0.000000,0.000000,-1,0.242752,-0.882477,0.261810,-1.090107,-1.178541,-0.417726,196.055527,175.143890,-762.031860,0,0
150.080000,0.697727,1.202343,2.539979,-0.970980,-0.060417,-0.231403,-0.203848,-0.296935,0.932886,-0.125073,0.952985,0.276002,-0.111750,0.591194,0.797483,0.044964,-0.317643,3.781023,-0.318413,-0.022586,0.012399,0.761628,0.231403,-0.932886,-0.276002,0.000000,0.000000,0.000000,-1,0.162964,-0.913147,0.399017,-0.314107,3.680578,-0.314181,195.880325,174.620026,-761.530823,0,0
150.120000,0.704903,1.137358,2.670295,-0.945633,-0.178099,-0.272139,-0.190695,-0.374206,0.907527,-0.263466,0.910083,0.319899,-0.164829,0.559359,0.812363,0.003876,-2.255218,1.234961,0.080353,-0.407759,-0.159215,0.125486,0.272139,-0.907527,-0.319899,0.000000,0.000000,0.000000,-1,-0.135620,-1.066742,-0.194412,-2.362203,1.459919,0.031148,197.982788,174.969269,-758.524780,0,0
150.160000,0.654053,1.095799,2.757749,-0.938492,-0.204480,-0.278247,-0.171266,-0.424056,0.889294,-0.299836,0.882249,0.362953,-0.175080,0.536536,0.825455,-0.010059,-1.173390,0.657145,0.068909,0.065152,0.141812,0.061622,0.278247,-0.889294,-0.362953,0.000000,0.000000,0.000000,-1,0.343399,-0.747482,-0.301331,-1.169855,0.556702,0.073141,199.910065,175.143890,-756.687744,0,0
150.200000,0.605441,1.081317,2.811413,-0.940688,-0.208580,-0.267583,-0.152434,-0.444770,0.882578,-0.303101,0.871019,0.386595,-0.171382,0.526622,0.832474,-0.016861,-0.225224,-0.520022,0.543508,0.297389,0.144953,-0.017992,0.267583,-0.882578,-0.386595,0.000000,0.000000,0.000000,-1,0.525650,-0.738602,-0.388641,-0.221689,-0.620465,0.547740,198.858826,176.191605,-757.689819,0,0
150.240000,0.541849,1.103433,2.850494,-0.952853,-0.195152,-0.232350,-0.129305,-0.431580,0.892759,-0.274501,0.880712,0.385998,-0.152257,0.532746,0.832231,-0.019780,0.343739,-0.266636,0.535030,0.110728,0.151899,0.194195,0.232350,-0.892759,-0.385998,0.000000,0.000000,0.000000,-1,0.343079,-0.740860,-0.191803,0.358936,-0.575888,0.573050,199.910065,175.493118,-758.023804,0,0
150.280000,0.538244,1.117292,2.876622,-0.949322,-0.219876,-0.224592,-0.114735,-0.422828,0.898917,-0.292614,0.879131,0.376172,-0.155991,0.536265,0.828903,-0.031711,0.058704,0.607722,0.327864,-0.039701,0.037132,0.239591,0.224592,-0.898917,-0.376172,0.000000,0.000000,0.000000,-1,0.184891,-0.861786,-0.136581,0.062239,0.507281,0.332096,199.384445,174.969269,-758.524780,0,0
150.320000,0.539900,1.124711,2.891105,-0.945943,-0.236655,-0.221780,-0.106943,-0.417973,0.902143,-0.306195,0.877093,0.370070,-0.159656,0.538029,0.826738,-0.039224,0.145547,0.339437,0.293015,-0.077707,0.095075,0.171507,0.221781,-0.902143,-0.370070,0.000000,0.000000,0.000000,-1,0.159760,-0.770370,-0.235764,0.149082,0.238997,0.297247,199.559647,175.842361,-758.691772,0,1
150.360000,0.527723,1.141560,2.898096,-0.948865,-0.236081,-0.209573,-0.100339,-0.403899,0.909284,-0.299311,0.883816,0.359558,-0.154496,0.544382,0.823457,-0.041211,0.439131,-0.499294,0.221232,0.074241,0.178693,-0.026840,0.209573,-0.909284,-0.359558,0.000000,0.000000,0.000000,-1,0.283813,-0.730591,-0.386398,0.399156,-0.517031,0.229824,199.384445,173.921539,-757.856812,0,0
150.400000,0.510636,1.162074,2.888898,-0.956852,-0.216112,-0.194240,-0.099365,-0.384816,0.917629,-0.273057,0.897336,0.346738,-0.142500,0.553466,0.819818,-0.035602,0.609952,-0.827997,0.195303,0.094014,0.069744,-0.102420,0.194240,-0.917629,-0.346738,0.000000,0.000000,0.000000,-1,0.288254,-0.847885,-0.449158,0.613487,-0.928435,0.199535,200.435684,173.921539,-756.854797,0,0
150.440000,0.489506,1.182538,2.885373,-0.964043,-0.197322,-0.178003,-0.095941,-0.366219,0.925570,-0.247823,0.909367,0.334119,-0.130438,0.562073,0.816147,-0.031055,0.257541,-0.295716,0.236143,0.071783,-0.011396,-0.087390,0.178003,-0.925570,-0.334119,0.000000,0.000000,0.000000,-1,0.227127,-0.925797,-0.419189,0.261076,-0.396154,0.240374,200.085266,172.175339,-759.526794,0,0
150.480000,0.456636,1.191874,2.916334,-0.966365,-0.198830,-0.163109,-0.082625,-0.360574,0.929064,-0.243539,0.911292,0.332018,-0.124690,0.564308,0.815316,-0.035632,0.096645,-0.070741,0.378375,0.016868,0.077242,-0.216459,0.163109,-0.929064,-0.332018,0.000000,0.000000,0.000000,-1,0.137238,-0.829193,-0.568542,0.055492,-0.182851,0.375706,198.158005,173.048447,-758.357788,0,0
150.520000,0.446443,1.209867,2.928010,-0.967114,-0.203575,-0.152473,-0.074853,-0.345119,0.935569,-0.243080,0.916215,0.318531,-0.121937,0.570847,0.810982,-0.039681,0.683100,0.178173,0.215485,-0.109718,0.184242,-0.134838,0.152473,-0.935569,-0.318531,0.000000,0.000000,0.000000,-1,0.042755,-0.751328,-0.453369,0.686635,0.077737,0.219717,198.333206,171.826111,-757.856812,0,0
150.560000,0.482321,1.236631,2.886018,-0.967917,-0.199984,-0.152129,-0.082914,-0.317327,0.944684,-0.237197,0.926989,0.290565,-0.121291,0.583100,0.802466,-0.036472,0.696833,-0.851861,-0.162956,0.010209,-0.235842,0.050636,0.152130,-0.944684,-0.290565,0.000000,0.000000,0.000000,-1,0.220123,-1.365799,-0.093872,0.700368,-0.952297,-0.158724,196.931564,172.524582,-757.856812,0,0
150.600000,0.468859,1.256086,2.847115,-0.978393,-0.152261,-0.139872,-0.089841,-0.296216,0.950886,-0.186215,0.942906,0.276137,-0.102087,0.592883,0.798553,-0.019541,0.323825,-0.961604,0.187359,0.267111,-0.179195,0.121840,0.139872,-0.950886,-0.276137,0.000000,0.000000,0.000000,-1,0.298752,-1.139908,-0.359100,0.419848,-1.051442,0.187332,196.756348,169.206802,-759.693848,0,0
150.640000,0.435904,1.270216,2.817127,-0.987762,-0.093264,-0.125012,-0.094389,-0.280626,0.955165,-0.124164,0.955275,0.268389,-0.078223,0.599739,0.796363,0.000353,0.888195,-2.106133,-0.191316,0.142506,-0.033528,0.190065,0.125012,-0.955165,-0.268389,0.000000,0.000000,0.000000,-1,0.267517,-0.988693,-0.078323,0.891730,-2.206567,-0.187084,194.829086,171.127625,-758.858826,0,0
150.680000,0.453455,1.302074,2.732020,-0.992777,-0.029447,-0.116309,-0.105727,-0.243541,0.964111,-0.056716,0.969444,0.238668,-0.054991,0.614526,0.786604,0.024243,0.903856,-1.478371,-0.113479,0.283243,0.099044,0.445532,0.116309,-0.964111,-0.238668,0.000000,0.000000,0.000000,-1,0.358261,-0.901260,0.287415,0.907390,-1.578804,-0.109248,196.756348,168.857559,-760.695801,0,0
150.720000,0.569969,1.357200,2.603743,-0.993202,-0.021583,-0.114383,-0.108593,-0.182047,0.977275,-0.041915,0.983053,0.178466,-0.050939,0.638884,0.767091,0.028357,1.884529,0.489385,-0.121468,-0.158405,-0.073430,0.507659,0.114383,-0.977275,-0.178466,0.000000,0.000000,0.000000,-1,-0.044022,-1.050705,0.329193,1.846848,0.414489,-0.056266,195.705109,167.809845,-760.027832,0,0
150.760000,0.695117,1.409842,2.442134,-0.994661,0.010676,-0.102643,-0.103176,-0.122630,0.987075,-0.002049,0.992395,0.123076,-0.034972,0.661240,0.748393,0.038032,0.580637,-1.462694,0.446337,-0.313000,-0.095933,0.074920,0.102643,-0.987075,-0.123076,0.000000,0.000000,0.000000,-1,-0.210358,-1.083008,-0.048157,0.584172,-1.563126,0.450569,195.354706,167.460602,-760.695801,0,0
150.800000,0.658865,1.423266,2.445880,-0.995059,0.041943,-0.089994,-0.094214,-0.112834,0.989137,0.031333,0.992728,0.116228,-0.019667,0.664454,0.745674,0.045649,0.372165,-0.717634,0.269759,-0.176649,-0.004943,-0.035078,0.089994,-0.989137,-0.116228,0.000000,0.000000,0.000000,-1,0.090286,-1.019974,-0.094009,0.375700,-0.818066,0.273990,192.726608,166.936737,-760.528809,0,0
150.840000,0.752565,1.455634,2.317665,-0.994132,0.074378,-0.078541,-0.084322,-0.078062,0.993376,0.067755,0.994170,0.083875,-0.003673,0.676793,0.734178,0.054040,0.835220,-1.265150,-0.031778,0.191463,0.074736,0.138487,0.078541,-0.993376,-0.083875,0.000000,0.000000,0.000000,-1,0.270004,-0.918640,0.054611,0.896522,-1.187376,0.030580,193.602646,165.714401,-760.027832,0,0
150.880000,0.882945,1.469595,2.116405,-0.986522,0.143814,-0.078056,-0.086360,-0.052428,0.994884,0.138986,0.988215,0.064141,0.021007,0.683731,0.725102,0.079359,0.433214,-1.315022,-0.054779,0.007042,0.088679,0.141594,0.078056,-0.994884,-0.064141,0.000000,0.000000,0.000000,-1,0.085098,-0.906204,0.077454,0.436749,-1.415451,-0.050548,191.850586,163.618958,-761.363831,0,0
150.920000,0.989893,1.477661,1.986233,-0.983027,0.166175,-0.077746,-0.085090,-0.037534,0.995666,0.162536,0.985382,0.051037,0.029455,0.688196,0.719652,0.087287,0.573327,-0.327922,-0.050154,-0.147829,0.052490,0.100292,0.077746,-0.995666,-0.051037,0.000000,0.000000,0.000000,-1,-0.120712,-0.972656,0.051636,0.576803,-0.428385,-0.045909,190.448929,164.666687,-761.029846,0,0
150.960000,1.343082,1.487028,1.647582,-0.985226,0.150618,-0.081510,-0.083423,-0.006418,0.996494,0.149566,0.988571,0.018889,0.023998,0.699986,0.708966,0.082529,0.737914,0.686733,-0.029954,-0.209745,-0.000729,0.069746,0.081510,-0.996494,-0.018889,0.000000,0.000000,0.000000,-1,-0.128235,-0.997223,0.050858,0.733836,0.553369,-0.048880,190.448929,165.365158,-762.365845,0,0
151.000000,1.804047,1.490911,1.208236,-0.988750,0.127849,-0.077640,-0.074613,0.028303,0.996811,0.129639,0.991390,-0.018445,0.018657,0.713354,0.696779,0.072642,0.874524,0.317043,0.185079,-0.136722,0.049972,-0.083509,0.077640,-0.996811,0.018445,0.000000,0.000000,0.000000,-1,-0.059082,-0.946838,-0.065063,0.877999,0.216582,0.189324,192.200989,164.666687,-759.025818,0,0
151.040000,2.113213,1.484567,0.899064,-0.989160,0.126975,-0.073761,-0.067412,0.053598,0.996284,0.130457,0.990457,-0.044457,0.020614,0.722360,0.687587,0.070677,0.795958,-0.227061,0.042672,-0.015595,0.104698,-0.193963,0.073761,-0.996285,0.044457,0.000000,0.000000,0.000000,-1,0.069031,-0.880341,-0.079926,0.799434,-0.327522,0.046916,192.551407,163.618958,-759.693848,0,0
151.080000,2.334163,1.463278,0.649595,-0.985046,0.153858,-0.077534,-0.064909,0.085455,0.994226,0.159595,0.984391,-0.074190,0.030369,0.732238,0.675537,0.080960,0.843214,-0.589777,-0.039182,-0.040119,0.020745,-0.033648,0.077534,-0.994226,0.074190,0.000000,0.000000,0.000000,-1,0.037094,-1.011002,0.048386,0.763627,-0.783561,-0.051684,192.200989,162.920486,-759.359802,0,0
151.120000,2.597538,1.422620,0.381072,-0.984638,0.156996,-0.076417,-0.054908,0.137044,0.989042,0.165749,0.978044,-0.126319,0.034045,0.749667,0.655987,0.080758,1.141891,0.084709,0.085319,-0.080186,-0.066912,-0.253989,0.076417,-0.989042,0.126319,0.000000,0.000000,0.000000,-1,-0.003357,-1.056564,-0.215866,1.145367,-0.015750,0.089564,190.448929,161.174286,-759.693848,0,0
151.160000,2.666159,1.406186,0.304679,-0.983601,0.164024,-0.075006,-0.049158,0.156320,0.986482,0.173532,0.973992,-0.145694,0.037989,0.755912,0.648380,0.082198,0.339638,-0.481530,0.037149,-0.065118,-0.010588,-0.495684,0.075006,-0.986482,0.145694,0.000000,0.000000,0.000000,-1,-0.008713,-1.008560,-0.289108,0.343113,-0.581988,0.041394,191.324966,159.602707,-757.188782,0,0
151.200000,2.643698,1.409510,0.283428,-0.975357,0.206875,-0.076693,-0.044908,0.154180,0.987022,0.216015,0.966142,-0.141091,0.053743,0.753430,0.648091,0.097125,-0.231246,-1.388785,0.234750,-0.153628,-0.014306,-0.283730,0.076693,-0.987022,0.141091,0.000000,0.000000,0.000000,-1,-0.090759,-1.011032,-0.144135,-0.193805,-1.371617,0.199796,190.098526,159.428085,-757.689819,0,0
151.240000,2.588776,1.436599,0.246142,-0.952192,0.297311,-0.070254,-0.032601,0.129762,0.991009,0.303755,0.945922,-0.113866,0.089319,0.740915,0.653560,0.126198,-0.696632,-2.587409,0.556958,-0.180285,-0.136036,-0.189855,0.070254,-0.991009,0.113866,0.000000,0.000000,0.000000,-1,-0.110031,-1.127045,-0.075989,-0.693156,-2.687865,0.561203,189.572906,158.904221,-756.854797,0,0
151.280000,2.508068,1.470016,0.235017,-0.920942,0.385122,-0.059560,-0.023428,0.097844,0.994926,0.388996,0.917664,-0.081086,0.124800,0.724547,0.659927,0.154771,-0.923161,-3.045312,0.631727,-0.266286,-0.155251,0.024139,0.059560,-0.994926,0.081086,0.000000,0.000000,0.000000,-1,-0.091415,-1.286774,0.266815,-0.919685,-3.145768,0.635972,187.470428,160.301178,-759.860840,0,0
151.320000,2.315336,1.506590,0.424602,-0.919791,0.389561,-0.047185,-0.026432,0.058464,0.997940,0.391517,0.919143,-0.043478,0.127693,0.710938,0.674138,0.154268,-1.230622,2.564362,-0.007158,0.182323,-0.294449,0.254785,0.047185,-0.997940,0.043478,0.000000,0.000000,0.000000,-1,0.313934,-1.260986,0.299515,-1.019968,1.795067,0.096748,184.316727,159.253464,-761.196838,0,1
151.360000,0.917335,1.491729,2.008735,-0.974618,0.214909,-0.062713,-0.071531,-0.033496,0.996876,0.212137,0.976059,0.048018,0.052103,0.687951,0.716961,0.099880,-2.869910,3.643984,-0.476890,0.228852,-0.012173,0.052916,0.062713,-0.996876,-0.048018,0.000000,0.000000,0.000000,-1,0.291565,-1.009048,0.004898,-2.866435,3.543530,-0.472645,184.316727,159.253464,-761.196838,0,0
151.400000,0.552991,1.411028,2.423948,-0.982076,0.168950,-0.083559,-0.104619,-0.119851,0.987264,0.156784,0.978311,0.135378,0.024477,0.657048,0.747881,0.091448,-2.791557,-0.024621,-0.659048,0.133054,-0.111567,-0.110746,0.083559,-0.987264,-0.135378,0.000000,0.000000,0.000000,-1,0.240173,-0.967773,-0.038513,-2.788081,-0.125075,-0.654803,188.521667,158.904221,-760.194824,0,0
151.440000,0.405753,1.302929,2.449932,-0.950428,0.292870,-0.104470,-0.168814,-0.203850,0.964338,0.261129,0.934169,0.243185,0.050588,0.613065,0.774187,0.149087,-1.919280,-4.068947,-1.119509,0.446723,-0.301287,0.217947,0.104470,-0.964338,-0.243185,0.000000,0.000000,0.000000,-1,0.637283,-1.309952,0.045731,-1.991438,-4.131303,-1.162470,188.696869,164.666687,-767.375916,0,0
151.480000,0.375283,1.250273,2.400861,-0.921366,0.371144,-0.115482,-0.212614,-0.232509,0.949071,0.325391,0.898995,0.293136,0.067094,0.590703,0.782146,0.186588,-0.459226,-0.090410,-0.720624,0.260815,-0.072566,0.686233,0.115482,-0.949071,-0.293136,0.000000,0.000000,0.000000,-1,0.308548,-0.928665,0.431747,-0.455750,-0.190862,-0.716380,188.696869,164.666687,-767.375916,0,0
151.520000,0.531572,1.240575,2.329667,-0.941085,0.295541,-0.164360,-0.235282,-0.223119,0.945971,0.242901,0.928910,0.279509,0.025121,0.599679,0.781619,0.169783,-0.687327,2.976875,-0.655365,-0.002220,-0.065962,0.533507,0.164360,-0.945971,-0.279509,0.000000,0.000000,0.000000,-1,0.111526,-1.091080,0.301117,-0.683852,2.876425,-0.651121,187.645645,163.968201,-767.709961,0,0
151.560000,0.536916,1.164793,2.411714,-0.953715,0.222756,-0.202008,-0.263338,-0.294331,0.918707,0.145190,0.929381,0.339368,-0.017661,0.574460,0.804272,0.151097,-2.177160,0.652820,0.019349,-0.277630,-0.122904,0.386945,0.202008,-0.918707,-0.339368,0.000000,0.000000,0.000000,-1,-0.023041,-0.927933,-0.023163,-2.186303,0.811037,0.007673,190.273727,167.984467,-766.874939,0,0
151.600000,0.501069,1.105895,2.466512,-0.953036,0.212935,-0.215364,-0.280191,-0.349995,0.893866,0.114959,0.912229,0.393220,-0.030573,0.549959,0.821013,0.150158,-1.409791,0.267145,-0.533056,-0.052339,0.248587,0.209977,0.215364,-0.893866,-0.393220,0.000000,0.000000,0.000000,-1,0.239883,-0.638306,-0.214142,-1.406315,0.166696,-0.528812,190.273727,167.984467,-766.874939,0,0
151.640000,0.513143,1.067344,2.457364,-0.946899,0.217454,-0.236844,-0.304946,-0.373856,0.875922,0.101927,0.901635,0.420316,-0.040745,0.536826,0.827809,0.157766,-0.340734,0.107344,-0.350521,0.189746,0.125144,0.263943,0.236844,-0.875922,-0.420316,0.000000,0.000000,0.000000,-1,0.495361,-0.788757,-0.152527,-0.337259,0.006896,-0.346277,191.850586,168.857559,-767.709961,0,0
151.680000,0.499689,1.071586,2.466115,-0.948026,0.220520,-0.229386,-0.299337,-0.373607,0.877961,0.107908,0.900993,0.420199,-0.036682,0.537173,0.827924,0.156976,0.199977,-0.452655,0.211944,0.226257,0.139191,0.245775,0.229386,-0.877961,-0.420199,0.000000,0.000000,0.000000,-1,0.406601,-0.671524,-0.203491,0.187711,-0.439613,0.247761,192.025787,169.032181,-769.546997,0,0
151.720000,0.475956,1.084061,2.462295,-0.945967,0.243344,-0.214314,-0.293858,-0.363910,0.883865,0.137092,0.899085,0.415756,-0.023387,0.539977,0.825475,0.162695,0.457434,-0.863185,0.057784,0.116904,0.279243,0.202941,0.210824,-0.885932,-0.413131,0.000000,0.000000,0.000000,-1,0.327728,-0.606689,-0.210190,0.507515,-0.895868,0.001641,192.376205,168.682938,-768.544922,0,1
151.760000,0.480136,1.101217,2.433627,-0.941647,0.263845,-0.209015,-0.294263,-0.343767,0.891759,0.163434,0.901227,0.401347,-0.013904,0.546931,0.819567,0.170245,0.553699,-0.117219,-0.224274,0.042496,0.246297,0.239191,0.209015,-0.891759,-0.401347,0.000000,0.000000,0.000000,-1,0.232162,-0.661591,-0.191895,0.557175,-0.217665,-0.220030,191.149765,167.460602,-768.711914,0,0
151.800000,0.551330,1.109678,2.381483,-0.940589,0.246918,-0.233074,-0.306571,-0.322482,0.895555,0.145967,0.913803,0.379021,-0.026795,0.556571,0.812726,0.170257,0.299705,1.015835,-0.428694,-0.084377,0.113359,0.113457,0.233074,-0.895555,-0.379021,0.000000,0.000000,0.000000,-1,0.139465,-0.849442,-0.302673,0.321189,0.829514,-0.424261,191.149765,167.460602,-768.711914,0,0
151.840000,0.613337,1.111535,2.357386,-0.943313,0.212265,-0.255155,-0.313077,-0.313824,0.896380,0.110196,0.925450,0.362490,-0.044781,0.562805,0.809263,0.162290,0.128048,1.064183,-0.001534,-0.158689,-0.135999,-0.271532,0.257100,-0.897012,-0.359541,0.000000,0.000000,0.000000,-1,0.097580,-1.080276,-0.631073,0.090335,0.611966,0.148354,192.901825,167.809845,-768.377930,0,0
151.880000,0.602182,1.119121,2.376646,-0.947446,0.203027,-0.247237,-0.302257,-0.314880,0.899717,0.104817,0.927163,0.359698,-0.043977,0.564107,0.809633,0.156022,-0.105636,-0.412156,0.358732,-0.136046,-0.185534,-0.500256,0.247237,-0.899717,-0.359698,0.000000,0.000000,0.000000,-1,0.163895,-1.036194,-0.817856,-0.102160,-0.512599,0.362976,191.149765,166.412888,-768.711914,0,0
151.920000,0.572533,1.104904,2.401981,-0.947158,0.208957,-0.243371,-0.302775,-0.331853,0.893421,0.105923,0.919897,0.377584,-0.042164,0.556265,0.814953,0.156982,-0.367533,-0.215589,-0.059437,0.092734,0.080204,-0.380107,0.243371,-0.893421,-0.377584,0.000000,0.000000,0.000000,-1,0.395706,-0.752106,-0.738953,-0.423619,-0.249269,-0.075048,192.901825,166.412888,-769.379944,0,0
151.960000,0.554947,1.105056,2.406340,-0.946145,0.220953,-0.236622,-0.301234,-0.333069,0.893489,0.118607,0.916649,0.381690,-0.036174,0.554839,0.815614,0.160060,0.209290,-0.398697,0.116914,0.195751,0.136760,-0.174814,0.236622,-0.893489,-0.381690,0.000000,0.000000,0.000000,-1,0.416977,-0.769089,-0.475601,0.212706,-0.499174,0.121172,191.500168,165.365158,-768.711914,0,0
152.000000,0.541160,1.119626,2.414741,-0.948556,0.223145,-0.224607,-0.289744,-0.325824,0.899937,0.127634,0.918719,0.373717,-0.029796,0.558796,0.813649,0.157589,0.191618,0.145609,0.395474,0.145999,0.146061,0.059478,0.224607,-0.899937,-0.373718,0.000000,0.000000,0.000000,-1,0.336060,-0.751678,-0.278473,0.195034,0.045133,0.399732,190.273727,163.444336,-769.212952,0,0
152.040000,0.554035,1.131429,2.424885,-0.953972,0.199633,-0.223795,-0.279426,-0.320715,0.905021,0.108898,0.925899,0.361736,-0.035381,0.563809,0.811853,0.147520,0.205070,0.577468,-0.074659,0.234075,-0.210869,0.090709,0.223795,-0.905021,-0.361736,0.000000,0.000000,0.000000,-1,0.600037,-1.384689,-0.261124,0.232223,0.467593,0.024050,190.799347,163.618958,-769.045959,0,0
152.080000,0.543889,1.122938,2.438441,-0.954344,0.197520,-0.224082,-0.280012,-0.330323,0.901377,0.104021,0.922969,0.370550,-0.036840,0.559793,0.814742,0.146529,-0.807731,-0.559643,0.267134,0.529992,-0.207525,0.039587,0.224082,-0.901377,-0.370550,0.000000,0.000000,0.000000,-1,0.628357,-0.937317,-0.438812,-0.804315,-0.660117,0.271392,191.324966,163.444336,-768.544922,0,0
152.120000,0.528937,1.123018,2.443151,-0.953678,0.206794,-0.218480,-0.278406,-0.331583,0.901411,0.113962,0.920483,0.373797,-0.032048,0.558636,0.815331,0.148774,0.963959,-0.115139,-0.274558,-0.062780,0.320021,0.224001,0.218480,-0.901411,-0.373797,0.000000,0.000000,0.000000,-1,0.266769,-0.452637,0.052505,0.967374,-0.215613,-0.270300,191.149765,163.968201,-770.047974,0,0
152.160000,0.527078,1.156363,2.350781,-0.935151,0.290633,-0.202548,-0.286269,-0.283186,0.915345,0.208671,0.913968,0.348021,0.001911,0.570952,0.800993,0.180058,1.051805,-2.823094,-0.390951,0.150006,0.242600,0.696165,0.202548,-0.915345,-0.348021,0.000000,0.000000,0.000000,-1,0.322403,-0.851791,0.424484,0.977510,-3.026416,-0.391755,189.397705,162.920486,-771.049988,0,0
152.200000,0.587544,1.211995,2.232607,-0.920933,0.337629,-0.194650,-0.277017,-0.215799,0.936318,0.274122,0.916208,0.292266,0.025496,0.594321,0.779262,0.197188,2.904243,0.030515,-0.025353,-0.070795,-0.692496,0.581847,0.194650,-0.936318,-0.292266,0.000000,0.000000,0.000000,-1,-0.042389,-1.659592,0.203033,2.907658,-0.069958,-0.021095,186.769608,160.999664,-770.548950,0,0
152.240000,0.668104,1.318429,2.124400,-0.922993,0.352359,-0.154687,-0.212401,-0.131280,0.968324,0.320890,0.926612,0.196012,0.055398,0.631605,0.750047,0.188241,1.548847,-1.767430,1.517753,-0.801675,-0.193358,-0.080752,0.154687,-0.968324,-0.196012,0.000000,0.000000,0.000000,-1,-0.763840,-1.045334,-0.408981,1.552262,-1.867901,1.522011,187.295227,158.380356,-768.043945,0,0
152.280000,0.579583,1.352774,2.160060,-0.909522,0.398419,-0.118462,-0.179820,-0.120208,0.976327,0.374747,0.909292,0.180976,0.086184,0.634101,0.743422,0.194452,0.772305,-0.127552,-0.063901,-0.375206,0.064874,0.038840,0.118462,-0.976327,-0.180976,0.000000,0.000000,0.000000,-1,-0.067581,-0.969208,-0.117020,0.609848,-0.417751,-0.025047,185.718369,156.808777,-768.544922,0,0
152.320000,0.602888,1.394015,2.122266,-0.907008,0.409137,-0.099718,-0.149792,-0.092141,0.984415,0.393572,0.907809,0.144858,0.100343,0.646144,0.732121,0.190859,1.173811,-0.875759,0.839211,0.156080,-0.143210,0.075156,0.099718,-0.984415,-0.144858,0.000000,0.000000,0.000000,-1,0.177155,-0.977493,-0.025909,1.177226,-0.976229,0.843468,184.316727,156.110306,-767.876953,0,0
152.360000,0.637375,1.444453,2.039540,-0.889734,0.450278,-0.074985,-0.112415,-0.056926,0.992029,0.442420,0.891072,0.101267,0.128379,0.657940,0.715529,0.196600,1.182014,-1.214834,0.261988,0.025601,0.149622,0.161463,0.074985,-0.992029,-0.101267,0.000000,0.000000,0.000000,-1,0.101791,-0.837067,0.070007,1.185429,-1.315303,0.266246,180.987808,154.538727,-767.041931,0,0
152.400000,0.798150,1.488791,1.861099,-0.883605,0.464546,-0.058655,-0.078486,-0.023447,0.996639,0.461609,0.885239,0.057178,0.143757,0.671375,0.700755,0.193731,0.861374,0.582266,0.293578,0.005996,0.141567,0.154651,0.058655,-0.996639,-0.057178,0.000000,0.000000,0.000000,-1,0.046371,-0.866730,0.090302,0.903039,0.248614,0.338888,180.812607,152.617905,-766.206909,0,0
152.440000,1.091645,1.509433,1.608477,-0.902455,0.427332,-0.054419,-0.061282,-0.002310,0.998118,0.426402,0.904092,0.028273,0.133774,0.684082,0.695169,0.175718,0.738205,1.502306,0.147181,-0.044379,0.070933,0.097792,0.054419,-0.998118,-0.028273,0.000000,0.000000,0.000000,-1,0.010040,-0.927185,0.069519,0.741621,1.401840,0.151439,180.987808,151.744797,-764.369873,0,0
152.480000,1.671180,1.522116,1.083472,-0.925026,0.376805,-0.048416,-0.042996,0.022786,0.998815,0.377462,0.926012,-0.004877,0.119440,0.698693,0.688724,0.152384,0.792141,1.040082,0.165693,-0.011795,-0.014490,-0.001718,0.048416,-0.998815,0.004877,0.000000,0.000000,0.000000,-1,0.036621,-1.013306,0.003159,0.795556,0.939616,0.169950,181.163025,152.617905,-764.870911,0,0
152.520000,2.505773,1.514145,0.289860,-0.940478,0.338187,-0.033624,-0.016183,0.054259,0.998396,0.339469,0.939513,-0.045556,0.112716,0.714194,0.678355,0.130599,0.895985,1.073226,0.349485,0.079597,0.011503,-0.137201,0.033624,-0.998396,0.045556,0.000000,0.000000,0.000000,-1,0.113220,-0.986893,-0.091644,0.917527,0.975962,0.367357,181.338226,153.141754,-762.699829,0,0
152.560000,2.859369,1.490826,-0.037739,-0.949281,0.313642,-0.022247,0.003014,0.079829,0.996804,0.314415,0.946180,-0.076725,0.109105,0.725575,0.669464,0.115999,0.540445,0.100704,0.149305,0.100876,0.122353,-0.273319,0.022247,-0.996804,0.076725,0.000000,0.000000,0.000000,-1,0.123123,-0.874451,-0.196594,0.543861,0.000240,0.153562,183.615906,150.522461,-762.866882,0,0
152.600000,2.894721,1.475717,-0.090925,-0.943588,0.330309,-0.023200,0.008620,0.094544,0.995483,0.331011,0.939126,-0.092058,0.116110,0.729758,0.662757,0.121345,0.522785,-1.118849,-0.056676,0.018503,0.075500,-0.319612,0.023200,-0.995483,0.092058,0.000000,0.000000,0.000000,-1,0.001923,-0.962006,-0.190567,0.526200,-1.219313,-0.052419,182.739868,151.046326,-761.697876,0,0
152.640000,2.872623,1.460321,-0.114146,-0.927689,0.372203,-0.029298,0.012557,0.109533,0.993904,0.373143,0.921666,-0.106287,0.131401,0.732036,0.654192,0.137439,0.495887,-1.611824,-0.040327,-0.146562,-0.060387,-0.061456,0.029298,-0.993904,0.106287,0.000000,0.000000,0.000000,-1,-0.126190,-1.087891,0.108307,0.499302,-1.712288,-0.036069,179.586166,149.998596,-761.363831,0,0
152.680000,2.870812,1.449461,-0.173313,-0.903340,0.427703,-0.032376,0.020873,0.119224,0.992648,0.428418,0.896022,-0.116627,0.153349,0.731299,0.645656,0.157526,0.033841,-0.696553,0.171251,0.035496,-0.027112,0.090419,0.032376,-0.992648,0.116627,0.000000,0.000000,0.000000,-1,0.067871,-1.019760,0.207047,0.037256,-0.797015,0.175509,180.462189,150.173218,-760.528809,0,0
152.720000,2.890914,1.453173,-0.205938,-0.897900,0.439237,-0.029111,0.023997,0.114873,0.993090,0.439546,0.890997,-0.113684,0.158833,0.729119,0.646015,0.160693,-0.053120,-0.096572,0.106743,0.047488,0.007861,-0.023322,0.029111,-0.993090,0.113684,0.000000,0.000000,0.000000,-1,0.107727,-0.986938,0.061295,-0.049704,-0.197033,0.111000,179.235748,148.601639,-760.695801,0,0
152.760000,2.909863,1.452716,-0.228722,-0.896215,0.442795,-0.027055,0.026711,0.114738,0.993037,0.442816,0.889251,-0.114657,0.161016,0.728974,0.645527,0.161142,0.072908,-0.269528,0.011463,0.187910,-0.021459,-0.149554,0.027055,-0.993037,0.114657,0.000000,0.000000,0.000000,-1,0.169601,-1.085022,-0.061050,0.076323,-0.369989,0.015721,179.235748,149.998596,-759.025818,0,0
152.800000,2.781953,1.454637,-0.123125,-0.886006,0.461877,-0.040789,0.014234,0.115021,0.993261,0.463456,0.879454,-0.108484,0.163903,0.726208,0.644690,0.173588,-0.476016,-0.433315,-0.324264,-0.093584,-0.344477,-0.198404,0.040789,-0.993261,0.108484,0.000000,0.000000,0.000000,-1,-0.052795,-1.337738,-0.089920,-0.472601,-0.533775,-0.320007,177.658890,148.427017,-760.862854,0,1
152.840000,2.238264,1.499296,0.456833,-0.901081,0.430007,-0.056108,-0.031512,0.064113,0.997445,0.432505,0.900546,-0.044221,0.140559,0.708769,0.669467,0.172346,-2.387930,1.693078,-0.562762,-0.121629,-0.110007,-0.331025,0.056108,-0.997445,0.044221,0.000000,0.000000,0.000000,-1,-0.065521,-1.107452,-0.286804,-2.210065,1.497268,-0.515321,179.410950,150.173218,-762.532837,0,0
152.880000,1.066461,1.472460,1.699571,-0.926108,0.367337,-0.085955,-0.097365,-0.012608,0.995169,0.364479,0.930002,0.047442,0.098816,0.683019,0.704656,0.164869,-2.654572,1.066977,-0.943126,-0.117022,-0.067728,-0.043348,0.085955,-0.995169,-0.047442,0.000000,0.000000,0.000000,-1,-0.031067,-1.062897,-0.090790,-2.539163,1.253893,-0.902043,181.163025,151.220947,-763.534851,0,0
152.920000,0.580683,1.364830,2.133404,-0.900195,0.420787,-0.112195,-0.172991,-0.109086,0.978864,0.399654,0.900577,0.170991,0.097340,0.636419,0.738287,0.201066,-2.380659,-2.953108,-0.787591,-0.008694,-0.277407,0.185899,0.112195,-0.978864,-0.170991,0.000000,0.000000,0.000000,-1,0.103500,-1.256271,0.014908,-2.377244,-3.053565,-0.783334,183.615906,153.665619,-766.874939,0,0
152.960000,0.473639,1.319866,2.182516,-0.872776,0.474799,-0.113259,-0.203278,-0.142596,0.968682,0.443779,0.868465,0.220970,0.110509,0.614250,0.747720,0.226715,-0.618562,-0.076370,0.130954,0.019950,-0.499610,0.750206,0.113259,-0.968682,-0.220970,0.000000,0.000000,0.000000,-1,0.133209,-1.468292,0.529236,-0.615209,-0.176862,0.135225,179.761368,155.411819,-768.878967,0,0
153.000000,0.469692,1.299067,2.327436,-0.929181,0.349093,-0.121480,-0.195165,-0.184250,0.963308,0.313902,0.918796,0.239332,0.062724,0.613514,0.766936,0.177413,-1.438945,3.888382,0.553972,-0.026906,-0.428751,0.537870,0.121480,-0.963308,-0.239332,0.000000,0.000000,0.000000,-1,0.024323,-1.341949,0.214890,-1.188999,3.905516,0.516701,181.688629,154.887955,-769.713989,0,0
153.040000,0.373275,1.242253,2.507645,-0.954664,0.273445,-0.117665,-0.191124,-0.259970,0.946513,0.228230,0.926091,0.300445,0.034859,0.590392,0.792950,0.146469,-2.214767,1.053505,0.648714,-0.203694,0.122111,0.292694,0.117665,-0.946513,-0.300445,0.000000,0.000000,0.000000,-1,-0.086029,-0.824402,-0.007751,-2.211414,0.953014,0.652985,183.090286,158.031128,-770.381958,0,0
153.080000,0.345458,1.182363,2.587880,-0.965128,0.228209,-0.128251,-0.199159,-0.322147,0.925504,0.169893,0.918772,0.356363,0.012805,0.567146,0.812963,0.131423,-1.280594,1.371550,-0.078900,0.022353,0.218549,0.281747,0.128251,-0.925504,-0.356363,0.000000,0.000000,0.000000,-1,0.150604,-0.706955,-0.074615,-1.277241,1.271060,-0.074629,184.667145,160.301178,-770.882996,0,0
153.120000,0.359092,1.132758,2.623659,-0.970984,0.187002,-0.149062,-0.209997,-0.368532,0.905585,0.114412,0.910612,0.397109,-0.010473,0.548941,0.827138,0.119992,-0.962181,0.507532,-0.045535,0.131609,0.268760,0.233840,0.149062,-0.905585,-0.397109,0.000000,0.000000,0.000000,-1,0.280670,-0.636826,-0.163269,-1.054491,0.558614,-0.066422,186.419205,161.348907,-769.546997,0,0
153.160000,0.348904,1.116064,2.648256,-0.973136,0.174529,-0.150156,-0.208001,-0.386848,0.898379,0.098706,0.905477,0.412757,-0.015449,0.541648,0.832577,0.114863,-0.142107,0.155809,0.123591,0.035330,0.318407,0.356834,0.150156,-0.898379,-0.412757,0.000000,0.000000,0.000000,-1,0.185486,-0.579971,-0.055923,-0.138754,0.055321,0.127862,187.295227,161.174286,-772.719971,0,0
153.200000,0.347184,1.119191,2.653197,-0.974041,0.170866,-0.148489,-0.204768,-0.385389,0.899747,0.096510,0.906797,0.410372,-0.015616,0.542743,0.832136,0.112852,0.277681,-0.005354,0.112245,0.011789,0.300886,0.300631,0.148489,-0.899747,-0.410372,0.000000,0.000000,0.000000,-1,0.160278,-0.598862,-0.109741,0.281035,-0.105841,0.116516,186.944809,161.872757,-771.383972,0,0
153.240000,0.354938,1.149928,2.640766,-0.974815,0.171974,-0.141985,-0.196167,-0.358377,0.912734,0.106082,0.917600,0.383087,-0.010892,0.555282,0.824057,0.111686,0.935652,-0.155902,0.106736,0.068250,0.331924,0.176193,0.141985,-0.912734,-0.383087,0.000000,0.000000,0.000000,-1,0.210236,-0.580811,-0.206894,0.899756,-0.236216,0.130496,186.769608,161.348907,-771.551025,0,0
153.280000,0.374969,1.194792,2.613250,-0.975363,0.174871,-0.134487,-0.185110,-0.317136,0.930139,0.120004,0.932118,0.341693,-0.004462,0.573702,0.811510,0.110899,1.003148,0.023425,0.207300,0.018879,0.276102,0.059436,0.134487,-0.930139,-0.341693,0.000000,0.000000,0.000000,-1,0.153366,-0.654037,-0.282257,1.006501,-0.077061,0.211571,186.419205,160.999664,-772.218994,0,0
153.320000,0.402708,1.218601,2.595464,-0.977238,0.163487,-0.135193,-0.179166,-0.294782,0.938618,0.113599,0.941475,0.317363,-0.006710,0.584186,0.804578,0.106470,0.590547,0.700649,0.044979,-0.028672,0.038883,-0.070683,0.135193,-0.938618,-0.317363,0.000000,0.000000,0.000000,-1,0.075119,-1.086319,-0.460205,0.593901,0.600164,0.049250,188.346466,159.777328,-771.049988,0,1
153.360000,0.376180,1.213085,2.661750,-0.983897,0.124105,-0.128628,-0.161635,-0.310590,0.936700,0.076299,0.942407,0.325649,-0.016164,0.580443,0.809342,0.088263,-1.137269,0.479893,0.616025,-0.184902,-0.588965,-0.879979,0.128628,-0.936701,-0.325649,0.000000,0.000000,0.000000,-1,-0.056274,-1.525665,-1.205627,-0.944565,0.534197,0.616447,187.295227,159.078842,-770.381958,0,0
153.400000,0.326442,1.183554,2.725834,-0.986424,0.110920,-0.121098,-0.152521,-0.345466,0.925954,0.060871,0.931853,0.357693,-0.018362,0.566406,0.819997,0.080318,0.034008,0.545696,-0.055623,-0.180882,0.048635,-0.665790,0.121098,-0.925954,-0.357693,0.000000,0.000000,0.000000,-1,-0.059784,-0.877319,-1.023483,0.037361,0.445212,-0.051352,187.120026,158.205734,-770.882996,0,0
153.440000,0.354291,1.185195,2.735392,-0.988588,0.075288,-0.130484,-0.148612,-0.345512,0.926572,0.024676,0.935389,0.352757,-0.032275,0.567961,0.819582,0.068297,-0.491325,1.081730,0.367917,0.261209,-0.045535,0.238911,0.130484,-0.926572,-0.352757,0.000000,0.000000,0.000000,-1,0.391693,-0.972107,-0.113846,-0.240372,0.998160,0.336407,187.295227,158.729599,-770.381958,0,0
153.480000,0.370185,1.162396,2.753880,-0.988597,0.045072,-0.143681,-0.150148,-0.367664,0.917758,-0.011461,0.928866,0.370239,-0.046978,0.559172,0.825606,0.059114,-0.621507,1.046770,-0.317652,0.395839,-0.212675,0.287643,0.143681,-0.917757,-0.370239,0.000000,0.000000,0.000000,-1,0.520355,-1.084839,-0.069855,-0.793485,1.002496,-0.300002,189.572906,160.650421,-769.880981,0,0
153.520000,0.395883,1.157436,2.736562,-0.987160,0.038999,-0.154900,-0.158284,-0.369188,0.915776,-0.021473,0.928536,0.370621,-0.053403,0.558424,0.825677,0.059734,0.795324,-2.331431,-0.576506,-0.164346,0.128575,-0.075531,0.154900,-0.915776,-0.370621,0.000000,0.000000,0.000000,-1,-0.009445,-0.787201,-0.446152,0.798677,-2.431912,-0.572235,189.923325,161.348907,-770.882996,0,0
153.560000,0.370475,1.180400,2.647256,-0.979414,0.147526,-0.137783,-0.180554,-0.334996,0.924758,0.090269,0.930599,0.354736,-0.014541,0.567821,0.816876,0.100407,0.478180,-3.816886,-0.640781,0.305637,0.147155,0.956451,0.137783,-0.924758,-0.354736,0.000000,0.000000,0.000000,-1,0.443420,-0.777603,0.601715,0.481527,-3.917370,-0.636496,188.696869,162.222000,-770.047974,0,0
153.600000,0.472931,1.225651,2.527749,-0.974615,0.162405,-0.154110,-0.194884,-0.276567,0.941026,0.110205,0.947172,0.301197,-0.013741,0.590942,0.798808,0.111819,2.425901,3.339276,-0.132903,0.145054,-0.391035,0.416324,0.154110,-0.941026,-0.301197,0.000000,0.000000,0.000000,-1,0.299164,-1.332062,0.115128,2.164739,3.009518,-0.305499,187.120026,159.602707,-769.212952,0,0
153.640000,0.523388,1.303168,2.477768,-0.979192,0.153991,-0.132174,-0.162933,-0.208288,0.964401,0.120978,0.965869,0.229044,-0.003601,0.620858,0.777259,0.101936,0.401913,-2.604686,0.318317,-0.687045,-0.044083,0.142252,0.132174,-0.964401,-0.229044,0.000000,0.000000,0.000000,-1,-0.554871,-1.008484,-0.086792,0.405261,-2.705169,0.322603,187.120026,159.602707,-769.212952,0,0
153.680000,0.458469,1.330492,2.453292,-0.965627,0.237635,-0.105332,-0.151183,-0.183812,0.971266,0.211445,0.953804,0.213420,0.034516,0.626178,0.768580,0.126473,1.204117,-1.961097,0.337418,-0.019441,-0.121844,0.241130,0.105332,-0.971266,-0.213420,0.000000,0.000000,0.000000,-1,0.085892,-1.093109,0.027710,1.070819,-2.343733,0.250876,188.872086,157.158020,-768.210938,0,0
153.720000,0.451450,1.394514,2.426121,-0.960913,0.266068,-0.076509,-0.115038,-0.132367,0.984502,0.251818,0.954823,0.157801,0.058422,0.646287,0.750180,0.127005,1.434343,-0.331394,0.440280,0.146864,0.082479,0.245188,0.076509,-0.984502,-0.157801,0.000000,0.000000,0.000000,-1,0.200790,-0.829330,0.143188,1.517708,-0.516552,0.536609,184.141525,157.332642,-768.377930,0,0
153.760000,0.556977,1.428495,2.310735,-0.958782,0.274072,-0.074970,-0.104736,-0.095622,0.989892,0.264133,0.956943,0.120386,0.064136,0.660071,0.737358,0.128434,0.441179,-0.027077,-0.229863,0.089703,0.091211,0.167520,0.074970,-0.989892,-0.120386,0.000000,0.000000,0.000000,-1,0.164673,-0.898682,0.047134,0.444526,-0.127557,-0.225577,184.141525,157.332642,-768.377930,0,0
153.800000,0.735005,1.440354,2.151378,-0.962847,0.255573,-0.087226,-0.108760,-0.071346,0.991504,0.247179,0.964154,0.096492,0.054790,0.669890,0.729843,0.124798,0.527084,0.624033,-0.136950,0.239099,-0.076870,0.061686,0.087226,-0.991504,-0.096492,0.000000,0.000000,0.000000,-1,0.326324,-1.068375,-0.034805,0.538883,0.575467,-0.157457,182.739868,154.538727,-766.373901,0,0
153.840000,0.822381,1.448372,2.067193,-0.963589,0.251971,-0.089485,-0.107379,-0.058160,0.992516,0.244881,0.965985,0.083099,0.053555,0.674968,0.725405,0.123845,0.364231,-0.273767,-0.002393,0.071251,-0.069817,0.132522,0.089485,-0.992516,-0.083099,0.000000,0.000000,0.000000,-1,0.082733,-1.056854,0.092377,0.396299,-0.220556,-0.025711,183.615906,155.411819,-765.538879,0,0
153.880000,0.912245,1.466368,1.953076,-0.958082,0.274378,-0.082441,-0.096715,-0.038885,0.994552,0.269677,0.960835,0.063791,0.065215,0.681066,0.717767,0.129252,0.685737,-0.480270,0.153489,-0.107434,0.158676,0.194788,0.082441,-0.994552,-0.063791,0.000000,0.000000,0.000000,-1,-0.024994,-0.835876,0.130997,0.689084,-0.580748,0.157775,183.615906,155.411819,-765.538879,0,0
153.920000,1.090605,1.485651,1.750346,-0.951985,0.296707,-0.075425,-0.083675,-0.015187,0.996377,0.294487,0.954848,0.039285,0.077326,0.688751,0.708247,0.134269,0.712042,-0.964748,0.179852,-0.018174,0.105569,0.124277,0.075425,-0.996377,-0.039285,0.000000,0.000000,0.000000,-1,0.057251,-0.890808,0.084991,0.750581,-0.943294,0.187454,183.615906,155.062576,-764.870911,0,0
153.960000,1.344640,1.498539,1.453505,-0.939074,0.336438,-0.070356,-0.071698,0.008448,0.997391,0.336155,0.941668,0.016188,0.095249,0.694862,0.697641,0.146256,0.767272,-0.330959,0.034908,0.010287,-0.032349,-0.205949,0.070356,-0.997391,-0.016188,0.000000,0.000000,0.000000,-1,0.080643,-1.029739,-0.222137,0.696936,-0.895794,0.048483,181.688629,154.189484,-765.371887,0,0
154.000000,1.636875,1.499376,1.181135,-0.945749,0.317000,-0.071204,-0.066011,0.027108,0.997451,0.318122,0.948038,-0.004712,0.089240,0.703130,0.691724,0.138426,-0.010067,0.044176,-0.099705,-0.083198,-0.017640,-0.650876,0.071204,-0.997451,0.004712,0.000000,0.000000,0.000000,-1,-0.011993,-1.015091,-0.646164,-0.006781,-0.056335,-0.095406,181.688629,154.189484,-765.371887,0,0
154.040000,1.369797,1.492421,1.348804,-0.908931,0.409828,-0.076719,-0.076374,0.017239,0.996930,0.409893,0.912000,0.015632,0.120623,0.691111,0.690529,0.176025,-0.047464,-3.079171,-0.074559,-0.070051,-0.047259,-0.143350,0.076719,-0.996930,-0.015632,0.000000,0.000000,0.000000,-1,0.006668,-1.044189,-0.158981,-0.125099,-3.221066,-0.093647,181.163025,155.411819,-763.868896,0,0
154.080000,1.104655,1.484892,1.540250,-0.875873,0.476415,-0.076645,-0.085759,0.002620,0.996312,0.474859,0.879217,0.038562,0.144000,0.678221,0.691342,0.203291,-1.260868,-1.966015,-0.104502,0.035217,-0.188120,-0.137616,0.076645,-0.996312,-0.038562,0.000000,0.000000,0.000000,-1,0.150024,-1.234314,-0.199356,-0.971603,-2.274263,-0.061997,181.163025,155.411819,-763.868896,0,0
154.120000,0.522232,1.371796,2.097766,-0.858517,0.503214,-0.098611,-0.170870,-0.099422,0.980265,0.483479,0.858424,0.171339,0.131876,0.630031,0.729602,0.230977,-2.969343,0.058992,-0.789418,0.195457,-0.189306,-0.341387,0.098611,-0.980265,-0.171339,0.000000,0.000000,0.000000,-1,0.294067,-1.169571,-0.512726,-2.966057,-0.041517,-0.785120,179.586166,156.983398,-766.373901,0,1
154.160000,0.431394,1.286981,2.184892,-0.851499,0.511117,-0.117087,-0.228859,-0.161353,0.959994,0.471777,0.844230,0.254366,0.117780,0.599120,0.752864,0.245720,-1.394502,0.734064,-0.288601,-0.046454,-0.118756,0.887239,0.117087,-0.959994,-0.254366,0.000000,0.000000,0.000000,-1,0.070633,-1.078751,0.632874,-1.863836,0.196648,-0.346263,181.513428,159.951935,-769.546997,0,0
154.200000,0.475570,1.270594,2.200483,-0.877030,0.460964,-0.135391,-0.238999,-0.174143,0.955277,0.416770,0.870165,0.262899,0.092486,0.599998,0.760604,0.230068,-0.550084,2.159515,0.053067,-0.175384,-0.320358,0.940664,0.135391,-0.955277,-0.262899,0.000000,0.000000,0.000000,-1,0.077682,-1.243225,0.316284,-0.356591,2.310163,-0.021388,182.915085,161.698135,-770.548950,0,0
154.240000,0.334862,1.158638,2.394027,-0.897329,0.421270,-0.131648,-0.272342,-0.293769,0.916259,0.347318,0.858039,0.378337,0.067273,0.553449,0.801473,0.216355,-2.095649,1.254465,0.317778,0.053258,-0.071504,-0.022633,0.131648,-0.916259,-0.378337,0.000000,0.000000,0.000000,-1,0.184906,-0.987762,-0.400970,-2.092362,1.153959,0.322077,183.440689,163.968201,-771.049988,0,0
154.280000,0.342039,1.126680,2.434983,-0.913152,0.381295,-0.144112,-0.278961,-0.326786,0.902991,0.297212,0.864769,0.404771,0.047071,0.543506,0.813128,0.202999,-0.589379,1.031387,0.012852,0.015358,0.289694,0.274629,0.144112,-0.902991,-0.404771,0.000000,0.000000,0.000000,-1,0.159470,-0.613297,-0.130142,-0.660256,1.042272,0.063205,184.491928,164.666687,-771.049988,0,0
154.320000,0.362117,1.106144,2.445577,-0.920691,0.356551,-0.158746,-0.287313,-0.343882,0.893978,0.264159,0.868686,0.419051,0.032174,0.537996,0.819089,0.196519,-0.435898,0.529791,-0.065291,0.069099,0.276363,0.274260,0.158746,-0.893978,-0.419051,0.000000,0.000000,0.000000,-1,0.221558,-0.635956,-0.188049,-0.491077,0.491823,-0.071267,185.367966,165.190536,-771.216980,0,0
154.360000,0.367430,1.101187,2.451289,-0.923565,0.347277,-0.162560,-0.288163,-0.348931,0.891745,0.252960,0.870429,0.422333,0.027534,0.536727,0.820797,0.193544,0.097771,-0.053156,0.042084,0.034278,0.268790,0.172287,0.162560,-0.891745,-0.422333,0.000000,0.000000,0.000000,-1,0.196838,-0.622955,-0.250046,0.101058,-0.153659,0.046383,186.944809,166.412888,-770.381958,0,0
154.400000,0.365234,1.107037,2.449383,-0.922941,0.350222,-0.159766,-0.285493,-0.344359,0.894377,0.258214,0.871069,0.417809,0.030040,0.538696,0.819315,0.193978,0.409278,-0.258771,0.083191,0.041223,0.246642,0.184365,0.159766,-0.894377,-0.417809,0.000000,0.000000,0.000000,-1,0.181854,-0.673553,-0.218826,0.412565,-0.359273,0.087490,185.893585,164.666687,-772.052002,0,0
154.440000,0.375020,1.148413,2.426595,-0.921656,0.357774,-0.150156,-0.268760,-0.309540,0.912114,0.279852,0.881012,0.381445,0.040120,0.554678,0.808183,0.193810,0.979070,-0.115706,0.034780,0.090186,0.243764,0.140448,0.150156,-0.912114,-0.381445,0.000000,0.000000,0.000000,-1,0.240341,-0.668350,-0.240997,0.963365,-0.215090,0.077577,185.893585,165.365158,-770.715942,0,0
154.480000,0.405875,1.175125,2.391779,-0.920645,0.359521,-0.152176,-0.262670,-0.282062,0.922738,0.288821,0.889486,0.354114,0.042728,0.566672,0.799503,0.194556,0.988038,0.079072,-0.165113,0.169541,0.222955,0.014820,0.152176,-0.922738,-0.354114,0.000000,0.000000,0.000000,-1,0.346512,-0.763672,-0.384521,1.007338,-0.076517,-0.132021,186.594406,164.666687,-770.715942,0,1
154.520000,0.494266,1.201701,2.324411,-0.925017,0.339194,-0.171145,-0.263082,-0.246868,0.932654,0.274101,0.907746,0.317594,0.032626,0.583214,0.788904,0.190859,0.270631,0.879367,-0.266125,0.162885,-0.180597,-0.288562,0.171145,-0.932654,-0.317594,0.000000,0.000000,0.000000,-1,0.334030,-1.113251,-0.606155,0.391948,0.756618,-0.252390,187.120026,163.793579,-769.880981,0,0
154.560000,0.520797,1.198184,2.318163,-0.929512,0.321242,-0.181141,-0.267024,-0.247448,0.931379,0.254375,0.914097,0.315785,0.023192,0.584440,0.789421,0.186296,-0.223950,0.478006,0.045361,0.002117,-0.111879,-0.490550,0.181141,-0.931379,-0.315785,0.000000,0.000000,0.000000,-1,0.151169,-0.910904,-0.840927,-0.190022,0.481299,-0.022416,187.120026,163.793579,-769.880981,0,0
154.600000,0.579357,1.209993,2.285190,-0.935236,0.296611,-0.193277,-0.266708,-0.231288,0.935614,0.232810,0.926568,0.295417,0.012598,0.593408,0.784529,0.179509,0.288365,-1.469267,-0.440808,0.253760,-0.322519,-0.011757,0.193277,-0.935614,-0.295417,0.000000,0.000000,0.000000,-1,0.447037,-1.258133,-0.307175,0.291652,-1.569764,-0.436509,187.645645,163.269730,-769.713989,0,0
154.640000,0.577651,1.210031,2.278227,-0.932744,0.304687,-0.192753,-0.268284,-0.229402,0.935627,0.240856,0.924414,0.295716,0.015341,0.593217,0.783879,0.182736,0.275594,-1.646273,-0.407957,0.316387,-0.210201,0.067231,0.192753,-0.935627,-0.295716,0.000000,0.000000,0.000000,-1,0.520218,-1.021912,-0.143356,0.291652,-1.569764,-0.436509,187.645645,163.269730,-769.713989,0,0
154.680000,0.565362,1.231885,2.218733,-0.912478,0.368323,-0.178107,-0.265081,-0.200654,0.943117,0.311634,0.907786,0.280728,0.043151,0.598142,0.773605,0.204692,0.890244,-1.339054,0.130633,-0.103751,0.062181,0.593076,0.178107,-0.943117,-0.280728,0.000000,0.000000,0.000000,-1,0.076553,-0.976959,0.416641,0.893530,-1.439550,0.134932,187.295227,162.920486,-768.711914,0,0
154.720000,0.606054,1.266989,2.165024,-0.910526,0.376700,-0.170407,-0.247874,-0.167488,0.954204,0.330908,0.911068,0.245876,0.052643,0.611793,0.762216,0.204855,1.282271,0.754961,0.191322,-0.349988,-0.361927,0.400158,0.170407,-0.954204,-0.245876,0.000000,0.000000,0.000000,-1,-0.179581,-1.217651,0.136230,1.260760,0.461429,0.143579,185.367966,161.348907,-768.878967,0,0
154.760000,0.648452,1.310344,2.134776,-0.919257,0.361632,-0.155529,-0.217637,-0.137657,0.966273,0.328025,0.922103,0.205247,0.057344,0.627764,0.752024,0.192570,1.263123,0.067941,0.895624,-0.662746,0.001582,0.248750,0.155529,-0.966273,-0.205247,0.000000,0.000000,0.000000,-1,-0.448074,-0.912659,-0.065445,1.340739,0.097776,0.848520,184.141525,158.729599,-767.709961,0,0
154.800000,0.648658,1.349811,2.125128,-0.920627,0.367303,-0.132417,-0.186368,-0.115377,0.975682,0.343093,0.922918,0.174672,0.070847,0.638470,0.743417,0.186191,0.286570,0.266109,0.140680,-0.064836,0.024007,0.111959,0.132417,-0.975682,-0.174672,0.000000,0.000000,0.000000,-1,0.199203,-0.978546,-0.072571,0.289856,0.165616,0.144978,185.192749,160.126556,-767.709961,0,0
154.840000,0.669291,1.362427,2.123308,-0.928294,0.348996,-0.128345,-0.176085,-0.108568,0.978370,0.327513,0.930814,0.162236,0.067153,0.643718,0.741468,0.177041,0.328516,0.680717,0.184086,0.208020,0.108405,0.080068,0.128345,-0.978370,-0.162236,0.000000,0.000000,0.000000,-1,0.336365,-0.869965,-0.082169,0.311746,0.547425,0.233430,186.243988,159.777328,-768.377930,0,0
154.880000,0.753912,1.373676,2.065865,-0.936999,0.322587,-0.134056,-0.172332,-0.093045,0.980635,0.303867,0.941955,0.142775,0.057600,0.652146,0.737024,0.167878,0.502952,0.734378,-0.090390,0.153252,-0.004793,0.039427,0.134056,-0.980635,-0.142775,0.000000,0.000000,0.000000,-1,0.119827,-1.044830,-0.056442,0.459424,0.607374,-0.089711,187.996048,160.475800,-767.709961,0,0
154.920000,0.936224,1.396593,1.922268,-0.948750,0.283531,-0.139582,-0.162728,-0.059672,0.984865,0.270910,0.957105,0.102752,0.045193,0.668268,0.726494,0.153566,0.937448,0.912733,0.064637,-0.300287,0.061220,0.100860,0.139582,-0.984865,-0.102752,0.000000,0.000000,0.000000,-1,-0.213882,-0.892258,0.006577,0.940734,0.812241,0.068935,186.419205,158.205734,-766.540894,0,0
154.960000,1.093229,1.414535,1.786796,-0.955417,0.260914,-0.138214,-0.152010,-0.033354,0.987816,0.253125,0.964786,0.071529,0.040028,0.680172,0.717687,0.143838,0.627014,0.504688,0.135838,-0.332199,0.085976,0.099147,0.138214,-0.987816,-0.071529,0.000000,0.000000,0.000000,-1,-0.158844,-0.921326,0.035767,0.706756,0.445486,0.123164,187.120026,159.253464,-765.538879,0,0
155.000000,1.188339,1.427532,1.711397,-0.961484,0.240837,-0.132459,-0.141366,-0.020008,0.989755,0.235719,0.970359,0.053284,0.036195,0.687058,0.713228,0.133969,0.355083,0.593810,0.182045,-0.099638,-0.005133,0.073273,0.132459,-0.989755,-0.053284,0.000000,0.000000,0.000000,-1,0.119385,-1.035324,-0.004440,0.333812,0.472069,0.179277,187.645645,157.332642,-765.371887,0,0
155.040000,1.396074,1.453067,1.525500,-0.969084,0.217939,-0.115670,-0.117338,0.005319,0.993078,0.217046,0.975948,0.020418,0.035984,0.698925,0.704305,0.119010,0.961939,0.222138,0.483385,0.118064,0.010549,0.019198,0.115670,-0.993078,-0.020418,0.000000,0.000000,0.000000,-1,0.219101,-0.961334,0.038696,0.965164,0.121613,0.487697,188.521667,158.205734,-763.200867,0,0
155.080000,1.742089,1.468966,1.165872,-0.968141,0.229501,-0.100167,-0.093434,0.040047,0.994820,0.232323,0.972484,-0.017328,0.047803,0.711603,0.691152,0.116810,1.153489,-0.661098,0.428882,0.078224,0.038597,0.030722,0.100167,-0.994820,0.017328,0.000000,0.000000,0.000000,-1,0.185608,-0.927902,0.013458,1.170698,-0.671467,0.458163,186.769608,156.110306,-763.200867,0,0
155.120000,2.055748,1.469410,0.829326,-0.963928,0.250647,-0.089542,-0.074642,0.068356,0.994865,0.255481,0.965662,-0.047182,0.061027,0.721018,0.679778,0.119631,1.024657,-0.525510,0.350975,0.113094,0.111549,-0.095918,0.089542,-0.994865,0.047182,0.000000,0.000000,0.000000,-1,0.218658,-0.883102,-0.056320,1.036339,-0.768078,0.371791,186.769608,156.110306,-762.866882,0,0
155.160000,2.456502,1.442188,0.433673,-0.966365,0.244036,-0.081152,-0.053893,0.116382,0.991741,0.251465,0.962757,-0.099315,0.064360,0.738590,0.661564,0.112585,0.854807,0.184287,-0.008829,-0.013541,0.047924,-0.071880,0.081152,-0.991741,0.099315,0.000000,0.000000,0.000000,-1,0.026947,-0.979996,0.025970,0.858032,0.083764,-0.004517,184.842346,156.284927,-762.031860,0,0
155.200000,2.562899,1.414963,0.318176,-0.964184,0.251286,-0.084885,-0.048553,0.147413,0.987883,0.260754,0.956622,-0.129933,0.067705,0.748587,0.649392,0.115431,0.980561,-0.558997,-0.060046,-0.157914,-0.062365,-0.150028,0.084885,-0.987883,0.129933,0.000000,0.000000,0.000000,-1,-0.099823,-1.045822,-0.025238,0.956143,-0.549291,-0.078265,185.192749,155.237198,-761.029846,0,0
155.240000,2.622544,1.391080,0.229392,-0.956525,0.277843,-0.088670,-0.040645,0.174068,0.983894,0.288803,0.944724,-0.155207,0.078444,0.755943,0.637819,0.124835,0.818907,-1.165275,0.050844,-0.251710,-0.054466,-0.136973,0.088670,-0.983894,0.155207,0.000000,0.000000,0.000000,-1,-0.182114,-1.031662,0.052917,0.892297,-1.183126,0.036990,184.667145,154.713348,-760.528809,0,0
155.280000,2.652200,1.377945,0.124480,-0.933073,0.348220,-0.090096,-0.023796,0.190175,0.981462,0.358899,0.917920,-0.169161,0.107136,0.757035,0.627243,0.148274,0.175479,-1.296369,0.306373,-0.219827,0.006746,-0.096376,0.090096,-0.981462,0.169161,0.000000,0.000000,0.000000,-1,-0.114182,-0.980911,0.055908,0.178704,-1.396889,0.310685,182.739868,155.237198,-760.361816,0,0
155.320000,2.666973,1.372089,0.059915,-0.914697,0.393943,-0.090213,-0.011820,0.197048,0.980323,0.403968,0.897764,-0.175582,0.126331,0.756196,0.620900,0.163377,0.488446,-1.442897,0.157856,-0.119250,-0.112710,-0.163772,0.090213,-0.980323,0.175582,0.000000,0.000000,0.000000,-1,-0.019760,-1.118927,0.013489,0.426904,-1.553982,0.187395,183.265488,154.014862,-759.192810,0,0
155.360000,2.677219,1.354467,0.002936,-0.895383,0.434797,-0.096132,-0.000630,0.214646,0.976692,0.445297,0.874573,-0.191916,0.143080,0.758608,0.610086,0.178429,0.236154,-0.900368,-0.038600,-0.142961,-0.225838,-0.137427,0.096132,-0.976692,0.191916,0.000000,0.000000,0.000000,-1,-0.078751,-1.343536,0.117126,0.388320,-1.033703,-0.001742,181.688629,154.538727,-759.359802,0,0
155.400000,2.651975,1.369498,0.023440,-0.893070,0.439982,-0.094030,-0.004686,0.199887,0.979808,0.449893,0.875478,-0.176451,0.144477,0.753228,0.615778,0.180531,-0.621659,0.936256,0.196584,-0.188772,-0.309972,-0.070402,0.094030,-0.979808,0.176451,0.000000,0.000000,0.000000,-1,-0.088760,-1.244781,0.111710,-0.618434,0.835738,0.200896,180.987808,154.887955,-759.025818,0,1
155.440000,2.564197,1.409856,0.186082,-0.923104,0.374471,-0.087470,-0.029647,0.157480,0.987077,0.383406,0.913768,-0.134268,0.115850,0.744119,0.638623,0.158199,-1.642246,2.033880,-0.294940,0.087274,-0.071608,-0.077139,0.087470,-0.987077,0.134268,0.000000,0.000000,0.000000,-1,0.270142,-0.972107,0.039261,-1.496360,1.813676,-0.214009,182.389465,153.840240,-759.025818,0,0
155.480000,2.265861,1.445980,0.570154,-0.950448,0.295815,-0.095611,-0.067196,0.104800,0.992221,0.303533,0.949479,-0.079729,0.078232,0.730578,0.664440,0.136585,-2.374407,3.229139,-0.725198,0.258713,0.151385,0.022337,0.095611,-0.992221,0.079729,0.000000,0.000000,0.000000,-1,0.331085,-0.910309,-0.020493,-2.256265,2.995117,-0.668364,182.039047,155.237198,-760.361816,0,0
155.520000,1.305287,1.442874,1.643487,-0.973604,0.192199,-0.123103,-0.127237,-0.009265,0.991829,0.189488,0.981312,0.033476,0.023375,0.694778,0.709990,0.112479,-2.694047,1.141312,-0.195288,-0.025508,-0.083473,0.008939,0.123103,-0.991829,-0.033475,0.000000,0.000000,0.000000,-1,0.087677,-1.153992,-0.020355,-2.690818,1.040796,-0.190974,186.068787,157.507263,-763.868896,0,0
155.560000,0.796697,1.374269,2.130948,-0.965540,0.219633,-0.139624,-0.165423,-0.103747,0.980751,0.200919,0.970051,0.136504,0.020636,0.656751,0.742595,0.129632,-2.034923,-2.043657,-0.970012,0.057962,-0.317330,0.154174,0.139624,-0.980751,-0.136504,0.000000,0.000000,0.000000,-1,0.278656,-1.330093,0.033173,-2.051086,-1.738973,-0.833283,186.944809,157.681885,-764.035889,0,0
155.600000,0.642886,1.317824,2.201766,-0.940829,0.303853,-0.150046,-0.202092,-0.147649,0.968173,0.272028,0.941208,0.200319,0.040315,0.631043,0.756438,0.167213,-1.439545,-2.975922,-0.495821,0.261483,-0.342725,0.437501,0.150046,-0.968173,-0.200319,0.000000,0.000000,0.000000,-1,0.319397,-1.166382,0.403168,-1.596568,-3.132922,-0.686273,186.068787,161.698135,-765.538879,0,0
155.640000,0.596404,1.293238,2.237401,-0.936111,0.316243,-0.153902,-0.215350,-0.169425,0.961727,0.278065,0.933427,0.226703,0.040651,0.620480,0.763584,0.174045,-0.534017,2.894047,-0.081277,0.143415,-0.054325,0.825489,0.153902,-0.961727,-0.226703,0.000000,0.000000,0.000000,-1,0.269745,-0.971863,0.484894,-0.530789,2.793533,-0.076963,184.141525,162.222000,-767.709961,0,0
155.680000,0.568164,1.219723,2.392917,-0.961412,0.203578,-0.185051,-0.234086,-0.251942,0.939004,0.144538,0.946087,0.289875,-0.012803,0.595734,0.791080,0.138312,-2.618430,1.474591,0.053410,-0.218177,0.168649,0.330006,0.185051,-0.939004,-0.289875,0.000000,0.000000,0.000000,-1,-0.033127,-0.770355,0.040131,-2.612009,1.689926,-0.005430,185.893585,162.222000,-765.705933,0,0
155.720000,0.499099,1.162557,2.488945,-0.964347,0.184196,-0.190015,-0.241092,-0.315403,0.917821,0.109128,0.930909,0.348567,-0.024947,0.570170,0.810604,0.131164,-1.837117,0.357010,-0.033128,-0.145963,0.222768,0.241267,0.190015,-0.917821,-0.348567,0.000000,0.000000,0.000000,-1,0.175217,-0.688873,-0.168640,-2.012299,0.309572,0.015464,186.594406,164.317444,-768.043945,0,0
155.760000,0.473491,1.117133,2.534634,-0.964798,0.170958,-0.199845,-0.249972,-0.359982,0.898848,0.081725,0.917162,0.390044,-0.035845,0.551084,0.823836,0.127735,-0.593056,0.234141,0.030302,0.114883,0.191344,0.272414,0.199845,-0.898848,-0.390044,0.000000,0.000000,0.000000,-1,0.320816,-0.679367,-0.065125,-0.589831,0.133629,0.034618,186.944809,167.460602,-766.707886,0,0
155.800000,0.451459,1.114879,2.562212,-0.967431,0.164863,-0.192088,-0.241059,-0.368432,0.897857,0.077252,0.914920,0.396175,-0.034738,0.548367,0.826444,0.122792,0.158108,-0.290267,0.287128,0.086156,0.356262,0.259608,0.192088,-0.897857,-0.396175,0.000000,0.000000,0.000000,-1,0.278244,-0.541595,-0.136566,0.081673,-0.227525,0.278821,189.572906,165.539780,-768.544922,0,0
155.840000,0.417515,1.130201,2.568511,-0.966926,0.187477,-0.172933,-0.231246,-0.358341,0.904498,0.107604,0.914573,0.389843,-0.019824,0.551983,0.823880,0.127058,0.628343,-1.332427,0.300477,0.042232,0.352435,0.131756,0.172933,-0.904498,-0.389843,0.000000,0.000000,0.000000,-1,0.207977,-0.577469,-0.258743,0.548723,-1.327978,0.305232,188.171265,166.238266,-768.544922,0,0
155.880000,0.382380,1.169695,2.546865,-0.960946,0.235285,-0.145682,-0.218753,-0.323396,0.920631,0.169498,0.916546,0.362235,0.007320,0.564649,0.813415,0.139547,0.963656,-0.742328,0.005850,0.030007,0.300911,0.114738,0.145682,-0.920631,-0.362235,0.000000,0.000000,0.000000,-1,0.175690,-0.619720,-0.247498,0.966881,-0.842837,0.010166,186.419205,166.936737,-769.546997,0,0
155.920000,0.451275,1.197037,2.479393,-0.959325,0.233109,-0.159233,-0.224494,-0.287947,0.930961,0.171165,0.928841,0.328567,0.003717,0.579399,0.802471,0.142560,0.484968,1.030748,-0.426618,-0.008735,-0.008797,0.000533,0.159233,-0.930961,-0.328567,0.000000,0.000000,0.000000,-1,0.150497,-0.939758,-0.328033,0.607112,0.695944,-0.416173,185.718369,164.841309,-767.876953,0,1
155.960000,0.511214,1.193448,2.460313,-0.963896,0.195984,-0.180263,-0.232050,-0.286205,0.929645,0.130603,0.937911,0.321350,-0.015484,0.582310,0.801787,0.133462,-0.305613,1.390630,-0.104668,-0.135737,-0.448468,-0.470276,0.180263,-0.929645,-0.321350,0.000000,0.000000,0.000000,-1,0.042542,-1.434921,-0.967850,-0.213260,1.375902,-0.165544,185.543167,165.714401,-767.375916,0,0
156.000000,0.490664,1.170786,2.505060,-0.967269,0.175266,-0.183503,-0.231480,-0.313163,0.921057,0.103963,0.933387,0.343483,-0.024552,0.572412,0.809925,0.125550,-0.845016,-0.086996,0.083447,0.086272,-0.060388,-0.590706,0.183503,-0.921057,-0.343483,0.000000,0.000000,0.000000,-1,0.269775,-0.981445,-0.934189,-0.841852,-0.187540,0.087777,186.594406,163.618958,-766.373901,0,0
156.040000,0.445697,1.158693,2.534765,-0.966465,0.190081,-0.172666,-0.228412,-0.329026,0.916281,0.117356,0.924993,0.361409,-0.016966,0.564808,0.815000,0.128372,0.073761,-0.308421,0.179627,0.152575,0.173162,-0.171352,0.172666,-0.916281,-0.361409,0.000000,0.000000,0.000000,-1,0.325241,-0.743118,-0.532761,0.012926,-0.539414,0.155467,188.346466,164.317444,-767.709961,0,0
156.080000,0.429763,1.168304,2.552781,-0.968887,0.186068,-0.163209,-0.217547,-0.325749,0.920088,0.118034,0.926966,0.356092,-0.013874,0.567240,0.814053,0.123952,0.204811,0.282473,0.415916,0.178954,0.110029,0.086622,0.163209,-0.920088,-0.356092,0.000000,0.000000,0.000000,-1,0.307388,-0.957321,-0.108871,0.229184,0.011268,0.440993,186.243988,165.015930,-767.375916,0,0
156.120000,0.469773,1.160967,2.548677,-0.971480,0.153920,-0.180373,-0.222648,-0.330443,0.917189,0.081571,0.931191,0.355289,-0.030306,0.566954,0.815048,0.115505,-0.396458,1.203482,-0.492156,0.434434,-0.551210,0.290561,0.180373,-0.917189,-0.355289,0.000000,0.000000,0.000000,-1,0.710266,-1.331406,-0.148560,-0.393294,1.102941,-0.487826,186.594406,165.015930,-767.709961,0,0
156.160000,0.490079,1.124188,2.533829,-0.966720,0.155313,-0.203298,-0.246634,-0.354566,0.901917,0.067997,0.922042,0.381071,-0.041153,0.554771,0.821942,0.122255,0.065687,-0.258653,-0.565111,0.086589,0.365144,0.337324,0.203298,-0.901917,-0.381071,0.000000,0.000000,0.000000,-1,0.289886,-0.536774,-0.043747,-0.213837,-0.488456,-0.502832,187.996048,165.015930,-766.707886,0,0
156.200000,0.507074,1.134296,2.480535,-0.960212,0.189318,-0.205307,-0.259561,-0.333711,0.906237,0.103054,0.923469,0.369573,-0.031327,0.560564,0.816011,0.137522,1.090760,-2.204942,-0.403813,0.121872,0.378267,0.501379,0.205307,-0.906237,-0.369573,0.000000,0.000000,0.000000,-1,0.276764,-0.643280,0.378342,0.880566,-1.700155,-0.432838,189.222488,165.190536,-766.540894,0,0
156.240000,0.492664,1.201089,2.369651,-0.938964,0.298560,-0.170906,-0.252046,-0.258923,0.932433,0.234136,0.918597,0.318370,0.019930,0.583453,0.793136,0.173554,2.687791,-1.666649,0.088867,-0.053093,-0.077104,0.750484,0.170906,-0.932433,-0.318370,0.000000,0.000000,0.000000,-1,-0.009247,-1.154953,0.415756,2.690955,-1.767188,0.093197,187.645645,163.269730,-767.709961,0,0
156.280000,0.583698,1.317095,2.218160,-0.928771,0.343876,-0.138323,-0.200208,-0.151368,0.967990,0.311931,0.926735,0.209433,0.057367,0.626093,0.756567,0.179787,0.882447,-2.867132,0.600303,-0.528262,-0.625943,0.147131,0.138323,-0.967990,-0.209433,0.000000,0.000000,0.000000,-1,-0.385071,-1.475189,-0.082184,1.473293,-2.599557,0.744351,187.120026,163.793579,-767.208923,0,0
156.320000,0.529538,1.322988,2.207651,-0.906932,0.402646,-0.123899,-0.197197,-0.145860,0.969452,0.372275,0.903660,0.211686,0.082527,0.622371,0.752409,0.199308,0.422540,-1.063887,-0.216510,-0.149900,-0.084274,0.018022,0.123899,-0.969452,-0.211686,0.000000,0.000000,0.000000,-1,0.160538,-1.062378,-0.168945,0.209609,-1.619226,-0.190727,184.842346,159.078842,-765.705933,0,0
156.360000,0.567813,1.385426,2.139730,-0.899508,0.425512,-0.099120,-0.155277,-0.099294,0.982868,0.408380,0.899489,0.155388,0.105354,0.641254,0.733858,0.197855,1.850781,-1.112246,0.747650,0.076417,0.014866,0.128044,0.099120,-0.982868,-0.155388,0.000000,0.000000,0.000000,-1,0.128723,-0.911102,0.036743,1.853945,-1.212782,0.751980,182.389465,159.078842,-765.705933,0,0
156.400000,0.722834,1.456752,1.905978,-0.867326,0.492016,-0.075278,-0.107464,-0.037432,0.993504,0.486002,0.869781,0.085340,0.145574,0.660408,0.705354,0.212475,1.477964,-1.604112,0.094474,0.023019,0.134938,0.259855,0.075278,-0.993504,-0.085340,0.000000,0.000000,0.000000,-1,0.098297,-0.858566,0.174515,1.548035,-1.819143,0.102838,183.615906,159.951935,-766.206909,0,0
156.440000,0.936111,1.484167,1.663473,-0.853668,0.516137,-0.069672,-0.086149,-0.008007,0.996250,0.513644,0.856468,0.051300,0.160499,0.669769,0.691552,0.217730,1.000533,-0.410290,0.115623,-0.021713,0.081882,0.165314,0.069672,-0.996250,-0.051300,0.000000,0.000000,0.000000,-1,0.030487,-0.916504,0.064896,1.092874,-0.715433,0.127339,180.111786,155.411819,-763.534851,0,0
156.480000,1.285629,1.502465,1.338305,-0.866801,0.494331,-0.065520,-0.066441,0.015731,0.997666,0.494208,0.869131,0.019208,0.156732,0.682518,0.683790,0.205023,0.557367,1.139750,0.128404,-0.048354,0.060197,0.032849,0.065520,-0.997666,-0.019208,0.000000,0.000000,0.000000,-1,0.003113,-0.925827,0.031189,0.560531,1.039216,0.132734,180.111786,155.411819,-763.534851,0,0
156.520000,1.818382,1.507061,0.852093,-0.889580,0.452586,-0.061750,-0.047939,0.041936,0.997970,0.454257,0.890734,-0.015609,0.144994,0.697697,0.676764,0.184897,0.862006,0.746340,0.077891,-0.124845,0.004561,0.040193,0.061750,-0.997970,0.015609,0.000000,0.000000,0.000000,-1,-0.063095,-0.993408,0.055801,0.825859,0.768763,0.064015,181.338226,156.634155,-763.033875,0,0
156.560000,2.252505,1.498922,0.422524,-0.892297,0.447992,-0.055762,-0.029447,0.065497,0.997418,0.450487,0.891635,-0.045250,0.147865,0.707645,0.667374,0.178850,1.028914,-0.272212,0.283818,-0.093604,-0.000568,-0.093209,0.055762,-0.997418,0.045250,0.000000,0.000000,0.000000,-1,-0.034668,-0.949005,-0.096207,1.025720,-0.190436,0.256547,181.863846,155.062576,-761.530823,0,0
156.600000,2.681599,1.475964,-0.040932,-0.877220,0.478245,-0.042037,0.003875,0.094611,0.995507,0.480073,0.873116,-0.084848,0.168090,0.717056,0.651491,0.182032,0.814903,-0.898733,0.329426,-0.043044,0.120965,-0.214135,0.042037,-0.995507,0.084848,0.000000,0.000000,0.000000,-1,0.000122,-0.824509,-0.096985,0.818067,-0.999265,0.333755,181.163025,153.665619,-760.862854,0,0
156.640000,2.816128,1.444439,-0.221115,-0.854867,0.517281,-0.040295,0.027639,0.122954,0.992027,0.518111,0.846937,-0.119406,0.188139,0.724090,0.634923,0.192796,0.913739,-0.962767,0.048868,-0.071637,0.021599,-0.064734,0.040295,-0.992027,0.119406,0.000000,0.000000,0.000000,-1,-0.031342,-0.970428,0.054672,0.875464,-1.106743,0.068742,178.184509,152.792526,-759.693848,0,0
156.680000,2.854863,1.416578,-0.282112,-0.843460,0.535432,-0.043443,0.042762,0.147535,0.988132,0.535487,0.831592,-0.147336,0.197700,0.731152,0.622212,0.197951,0.894583,-0.618313,-0.026936,-0.068345,-0.119000,-0.309201,0.043443,-0.988132,0.147336,0.000000,0.000000,0.000000,-1,-0.021179,-1.080414,-0.156601,0.975353,-0.716724,-0.024535,178.534927,152.094040,-759.359802,0,0
156.720000,2.851550,1.400988,-0.304089,-0.829866,0.555865,-0.048331,0.050601,0.161240,0.985617,0.555663,0.815485,-0.161935,0.206657,0.733662,0.613737,0.205815,0.056008,-0.319331,-0.015851,-0.051444,-0.063989,-0.066781,0.048331,-0.985617,0.161935,0.000000,0.000000,0.000000,-1,0.010193,-1.034454,0.105728,0.059171,-0.419860,-0.011522,178.534927,152.094040,-759.359802,0,0
156.760000,2.837977,1.399197,-0.309238,-0.819346,0.571022,-0.051052,0.051967,0.162658,0.985313,0.570939,0.804659,-0.162948,0.212687,0.732283,0.611093,0.212347,0.092252,-0.704031,0.088666,-0.125362,0.015663,-0.097259,0.051052,-0.985313,0.162948,0.000000,0.000000,0.000000,-1,-0.074310,-0.969650,0.065689,0.079418,-0.717669,0.061932,179.586166,153.840240,-758.691772,0,0
156.800000,2.844879,1.397287,-0.346666,-0.801564,0.595774,-0.050476,0.058657,0.162370,0.984985,0.595025,0.786568,-0.165096,0.224256,0.729560,0.607062,0.221195,0.145583,-1.183030,0.232778,-0.112946,0.023819,-0.089794,0.050476,-0.984985,0.165096,0.000000,0.000000,0.000000,-1,-0.042557,-0.993927,0.088181,0.138125,-1.222080,0.227374,180.286987,151.744797,-759.359802,0,0
156.840000,2.841327,1.391805,-0.405546,-0.762950,0.644309,-0.052659,0.070239,0.163596,0.984024,0.642631,0.747062,-0.170072,0.246742,0.723985,0.597763,0.240091,0.150219,-1.518227,0.120422,-0.058793,-0.180100,-0.052365,0.052659,-0.984024,0.170072,0.000000,0.000000,0.000000,-1,-0.014984,-1.247437,0.107117,0.153382,-1.618753,0.124752,177.834106,152.443283,-759.693848,0,0
156.880000,2.823359,1.397167,-0.464026,-0.711428,0.700677,-0.054054,0.077318,0.154491,0.984964,0.698493,0.696552,-0.164084,0.273023,0.712391,0.590096,0.264092,-0.149571,-1.239047,0.353293,-0.156853,-0.341147,-0.060172,0.054054,-0.984964,0.164084,0.000000,0.000000,0.000000,-1,-0.102798,-1.326111,0.103912,-0.134968,-1.709574,0.365549,177.834106,151.744797,-759.693848,0,0
156.920000,2.780600,1.423128,-0.368928,-0.746614,0.663225,-0.051968,0.053058,0.137233,0.989117,0.663139,0.735731,-0.137649,0.251894,0.710897,0.606575,0.251480,-1.493874,2.064413,-0.443523,-0.000088,-0.163563,-0.078796,0.051968,-0.989117,0.137649,0.000000,0.000000,0.000000,-1,0.051880,-1.152679,0.058853,-1.490711,1.963888,-0.439194,177.133286,153.141754,-760.361816,0,1
156.960000,2.513187,1.469256,-0.013708,-0.800873,0.595862,-0.059589,0.001390,0.101357,0.994849,0.598833,0.796665,-0.082002,0.211998,0.704314,0.635908,0.233710,-2.288718,3.709506,-0.670887,0.164944,0.046424,0.007232,0.059589,-0.994849,0.082002,0.000000,0.000000,0.000000,-1,0.271500,-0.902878,0.071838,-2.285554,3.608981,-0.666557,179.586166,153.141754,-761.697876,0,0
157.000000,1.287002,1.479166,1.388268,-0.889267,0.448874,-0.087842,-0.089982,0.016609,0.995805,0.448450,0.893441,0.025621,0.130866,0.685612,0.688890,0.195552,-2.895095,1.737550,-0.662765,-0.048169,-0.046645,-0.212035,0.087842,-0.995805,-0.025621,0.000000,0.000000,0.000000,-1,0.039673,-1.042450,-0.237656,-2.890317,2.448046,-0.662098,182.915085,155.062576,-764.202881,0,0
157.040000,0.825066,1.421680,1.834180,-0.878038,0.465982,-0.109134,-0.143441,-0.038679,0.988903,0.456589,0.883949,0.100802,0.122309,0.659272,0.710197,0.214526,-2.062309,-2.002224,-0.943333,-0.122593,-0.055912,0.138919,0.109134,-0.988903,-0.100802,0.000000,0.000000,0.000000,-1,0.033539,-1.111160,0.082077,-2.215855,-1.631917,-0.848970,185.192749,156.284927,-765.705933,0,0
157.080000,0.653684,1.355892,1.915460,-0.827411,0.546418,-0.129683,-0.200712,-0.072054,0.976997,0.524505,0.834407,0.169291,0.137251,0.629695,0.719159,0.259724,-1.017126,-0.569631,-0.083752,-0.043730,-0.268441,0.567164,0.129683,-0.976997,-0.169291,0.000000,0.000000,0.000000,-1,0.051605,-1.245377,0.295258,-1.014023,-0.670190,-0.079406,185.367966,159.602707,-768.544922,0,0
157.120000,0.590089,1.296208,2.099556,-0.881599,0.447234,-0.150878,-0.234121,-0.136785,0.962537,0.409842,0.883895,0.225297,0.086443,0.616344,0.748946,0.227438,-2.138161,3.551645,0.084454,-0.272231,-0.343692,0.282563,0.150878,-0.962537,-0.225297,0.000000,0.000000,0.000000,-1,-0.121353,-1.306229,0.057266,-1.910567,3.888887,0.041801,186.243988,160.825043,-769.379944,0,0
157.160000,0.469085,1.238250,2.264277,-0.898778,0.412817,-0.147579,-0.251049,-0.208673,0.945214,0.359405,0.886588,0.291188,0.068386,0.591379,0.774377,0.214323,-2.272754,0.273165,0.588981,-0.289562,-0.038413,0.230840,0.147579,-0.945214,-0.291188,0.000000,0.000000,0.000000,-1,-0.099762,-0.859665,-0.036819,-2.482229,0.283915,0.585593,187.645645,161.872757,-769.713989,0,0
157.200000,0.389767,1.185002,2.404340,-0.921457,0.361210,-0.142982,-0.252967,-0.278578,0.926500,0.294830,0.889900,0.348072,0.047563,0.568948,0.798140,0.192378,-1.325094,1.709471,0.392285,-0.093925,0.106294,0.435032,0.142982,-0.926500,-0.348072,0.000000,0.000000,0.000000,-1,0.148926,-0.770584,0.071121,-1.321991,1.608915,0.396630,190.098526,164.317444,-771.383972,0,0
157.240000,0.386836,1.148861,2.479610,-0.942048,0.297786,-0.154498,-0.251729,-0.323025,0.912298,0.221763,0.898320,0.379266,0.020682,0.556722,0.813071,0.168963,-0.710496,1.192924,0.236794,0.156919,0.374731,0.352868,0.154498,-0.912298,-0.379266,0.000000,0.000000,0.000000,-1,0.311417,-0.537567,-0.026398,-0.780605,1.219612,0.254137,191.149765,162.920486,-770.381958,0,0
157.280000,0.379997,1.137480,2.505347,-0.946979,0.281027,-0.155742,-0.249486,-0.337726,0.907578,0.202456,0.898313,0.389931,0.014282,0.552115,0.817716,0.162194,-0.318194,0.176071,0.159408,0.125950,0.424042,0.301491,0.155742,-0.907578,-0.389931,0.000000,0.000000,0.000000,-1,0.275116,-0.502579,-0.089233,-0.389402,0.170949,0.173715,191.850586,165.714401,-770.715942,0,0
157.320000,0.370802,1.144324,2.515120,-0.948465,0.279188,-0.149895,-0.242526,-0.335107,0.910431,0.203950,0.899865,0.385548,0.016543,0.554033,0.816872,0.159668,0.464030,-0.012687,0.125045,0.115501,0.419983,0.246021,0.149895,-0.910431,-0.385548,0.000000,0.000000,0.000000,-1,0.277817,-0.501556,-0.157486,0.467134,-0.113241,0.129391,192.551407,164.666687,-770.047974,0,1
157.360000,0.389669,1.180124,2.498269,-0.950832,0.273845,-0.144663,-0.228432,-0.304688,0.924653,0.209134,0.912236,0.352262,0.019962,0.568745,0.807432,0.155517,1.013030,0.150704,0.198036,0.077459,0.370897,0.129057,0.144663,-0.924653,-0.352262,0.000000,0.000000,0.000000,-1,0.222122,-0.553757,-0.223206,0.974594,0.010904,0.190251,192.200989,163.269730,-770.381958,0,0
157.400000,0.417457,1.211558,2.481478,-0.954832,0.260728,-0.142536,-0.215580,-0.277706,0.936165,0.204501,0.924608,0.321370,0.019387,0.582185,0.799048,0.149024,1.019934,0.592885,0.247022,0.003521,0.149895,0.045155,0.142536,-0.936165,-0.321370,0.000000,0.000000,0.000000,-1,0.131805,-0.925858,-0.329391,1.045274,0.417045,0.242953,193.602646,162.920486,-769.713989,0,0
157.440000,0.431235,1.229860,2.513840,-0.966622,0.214728,-0.139764,-0.196385,-0.270622,0.942442,0.164545,0.938432,0.303759,0.007773,0.589966,0.797026,0.128952,-0.756906,0.945479,0.669228,-0.028589,-0.522997,-0.448820,0.139764,-0.942442,-0.303759,0.000000,0.000000,0.000000,-1,-0.027863,-1.558334,-1.227890,-0.753803,0.844928,0.673574,192.901825,162.222000,-769.379944,0,0
157.480000,0.296102,1.185553,2.656615,-0.972246,0.206675,-0.109652,-0.175187,-0.332451,0.926707,0.155073,0.920197,0.359431,0.013914,0.565766,0.816108,0.116976,-0.791290,-0.032731,0.207050,-0.313174,-0.045354,-0.726552,0.109652,-0.926707,-0.359431,0.000000,0.000000,0.000000,-1,-0.132843,-0.872986,-0.918518,-1.070523,-0.336597,0.378174,193.252228,162.222000,-769.713989,0,0
157.520000,0.321876,1.187379,2.651311,-0.975038,0.182206,-0.120391,-0.175752,-0.328009,0.928182,0.129631,0.926936,0.352115,0.002835,0.569153,0.814860,0.109822,0.440139,1.218060,0.021892,0.095078,0.207753,-0.031217,0.120391,-0.928182,-0.352115,0.000000,0.000000,0.000000,-1,0.215469,-0.720428,-0.383331,0.443242,1.117510,0.026237,193.077026,165.190536,-768.878967,0,0
157.560000,0.380233,1.182727,2.655045,-0.981450,0.130510,-0.140439,-0.176932,-0.334489,0.925641,0.073830,0.933319,0.351376,-0.020392,0.569119,0.816596,0.094123,-0.533641,1.491104,-0.293041,0.158160,-0.454287,0.247372,0.140439,-0.925641,-0.351376,0.000000,0.000000,0.000000,-1,0.394196,-1.441360,-0.133423,-0.530538,1.390555,-0.288696,193.777847,163.095108,-768.210938,0,0
157.600000,0.387382,1.155525,2.661619,-0.980891,0.120939,-0.152405,-0.186290,-0.357852,0.915007,0.056122,0.925913,0.373544,-0.029232,0.558904,0.823451,0.093275,-0.632735,-1.339729,-0.336614,-0.039551,-0.227693,-0.259330,0.152405,-0.915007,-0.373544,0.000000,0.000000,0.000000,-1,0.237839,-0.966141,-0.363571,-0.814680,-0.960809,-0.162198,195.705109,162.920486,-768.043945,0,0
157.640000,0.364490,1.155549,2.609682,-0.970653,0.192749,-0.143807,-0.204605,-0.347680,0.915016,0.126369,0.917587,0.376914,-0.005311,0.558135,0.820861,0.121018,0.871595,-2.662258,-0.649321,0.307533,0.309716,0.737892,0.143807,-0.915016,-0.376914,0.000000,0.000000,0.000000,-1,0.495331,-0.483185,0.377426,0.678077,-2.562464,-0.668179,194.478668,163.793579,-767.876953,0,0
157.680000,0.336426,1.196849,2.484638,-0.935136,0.333134,-0.120589,-0.223087,-0.289259,0.930893,0.275231,0.897414,0.344814,0.048239,0.570321,0.801438,0.173507,1.613451,-1.654602,-0.355705,0.383150,0.218307,0.741619,0.120589,-0.930893,-0.344814,0.000000,0.000000,0.000000,-1,0.480850,-0.974045,0.397064,1.616548,-1.755151,-0.351350,192.901825,163.618958,-770.047974,0,0
157.720000,0.612296,1.310686,2.259279,-0.948837,0.279033,-0.147818,-0.198603,-0.163408,0.966362,0.245492,0.946276,0.210464,0.032044,0.627488,0.762022,0.156700,2.853986,1.377252,0.103058,-0.251486,-0.224709,0.965271,0.147818,-0.966362,-0.210464,0.000000,0.000000,0.000000,-1,-0.239594,-1.335770,0.616760,3.061760,1.504376,-0.076703,192.200989,161.523529,-770.715942,0,0
157.760000,0.659831,1.354713,2.186871,-0.945200,0.298872,-0.131427,-0.174988,-0.123891,0.976745,0.275639,0.946217,0.169401,0.048194,0.642633,0.748080,0.158359,0.413193,-3.019936,0.509342,-0.993213,-0.530320,-0.516192,0.131427,-0.976745,-0.169401,0.000000,0.000000,0.000000,-1,-0.762405,-1.194962,-0.570389,0.699946,-2.341124,0.580450,191.149765,158.729599,-766.373901,0,0
157.800000,0.691392,1.383078,2.059239,-0.914652,0.386334,-0.118989,-0.164796,-0.087571,0.982433,0.369127,0.918192,0.143763,0.085376,0.648714,0.732459,0.188109,1.680485,-0.243025,-0.064970,-0.116945,-0.076756,0.072214,0.118989,-0.982433,-0.143763,0.000000,0.000000,0.000000,-1,0.195984,-1.131592,0.119080,1.683581,-0.343572,-0.060618,188.521667,158.205734,-767.208923,0,0
157.840000,0.963950,1.439870,1.781171,-0.915554,0.387634,-0.107242,-0.127674,-0.027263,0.991441,0.381392,0.921410,0.074451,0.096511,0.673394,0.710153,0.181407,0.963519,-0.149497,0.096750,0.035244,0.226900,0.234806,0.107242,-0.991441,-0.074451,0.000000,0.000000,0.000000,-1,0.157822,-0.779816,0.112961,1.176316,-0.250997,0.168999,187.996048,157.332642,-767.041931,0,0
157.880000,1.055371,1.447056,1.694138,-0.917512,0.382933,-0.107390,-0.122488,-0.015185,0.992354,0.378375,0.923651,0.060837,0.095963,0.678508,0.705963,0.178983,0.264055,0.583974,-0.025433,0.056611,0.126570,0.044525,0.107390,-0.992354,-0.060837,0.000000,0.000000,0.000000,-1,0.147400,-0.895370,-0.041031,0.274484,0.275648,-0.007461,188.696869,156.983398,-766.373901,0,0
157.920000,1.339326,1.461359,1.457998,-0.935537,0.336853,-0.106307,-0.108525,0.012294,0.994018,0.336145,0.941477,0.025056,0.082331,0.693321,0.697907,0.159541,1.061894,1.070022,0.279504,0.018175,0.069503,-0.034362,0.106307,-0.994018,-0.025056,0.000000,0.000000,0.000000,-1,0.091248,-0.870117,-0.053955,1.064991,0.969477,0.283855,187.645645,155.237198,-765.371887,0,0
157.960000,1.915402,1.467569,0.909593,-0.946346,0.308258,-0.096986,-0.081328,0.063276,0.994677,0.312754,0.949196,-0.034811,0.079355,0.714918,0.679754,0.143282,1.326368,0.259745,0.094095,-0.064805,0.113711,-0.032064,0.096986,-0.994677,0.034811,0.000000,0.000000,0.000000,-1,0.022537,-0.863861,0.057541,1.317969,0.290707,0.124572,188.171265,156.110306,-762.866882,0,0
158.000000,2.235693,1.448506,0.584133,-0.945437,0.311341,-0.096001,-0.067272,0.101759,0.992532,0.318784,0.944834,-0.075263,0.083765,0.728433,0.664909,0.142355,1.363976,-0.310740,0.033496,-0.070351,0.083551,0.016733,0.096001,-0.992532,0.075263,0.000000,0.000000,0.000000,-1,0.050674,-0.946136,0.044632,1.386240,-0.337078,0.030918,189.923325,155.411819,-762.532837,0,0
158.040000,2.526580,1.409017,0.275832,-0.940976,0.325465,-0.092935,-0.043868,0.154986,0.986942,0.335619,0.932766,-0.131560,0.094338,0.746244,0.643123,0.143570,1.283455,-0.260803,0.082012,0.038352,-0.003765,-0.347900,0.092935,-0.986942,0.131560,0.000000,0.000000,0.000000,-1,0.131287,-0.990707,-0.216339,1.286491,-0.361381,0.086377,188.696869,153.840240,-761.029846,0,0
158.080000,2.603967,1.373730,0.147299,-0.923330,0.370687,-0.100266,-0.028736,0.193673,0.980645,0.382931,0.908340,-0.168172,0.113103,0.755840,0.624797,0.159821,0.643175,-1.667805,0.022023,-0.153854,-0.034507,-0.222982,0.100266,-0.980645,0.168172,0.000000,0.000000,0.000000,-1,-0.104965,-0.998627,-0.056885,0.713192,-1.680411,0.008233,189.047287,154.189484,-760.361816,0,0
158.120000,2.606916,1.365706,0.081720,-0.898286,0.426982,-0.103775,-0.016624,0.202976,0.979043,0.439097,0.881185,-0.175232,0.135988,0.754403,0.616457,0.179901,0.142441,-1.828483,0.344191,-0.276947,0.028847,-0.223190,0.103775,-0.979043,0.175232,0.000000,0.000000,0.000000,-1,-0.173172,-0.950195,-0.034836,0.145478,-1.929059,0.348556,187.470428,152.617905,-760.528809,0,0
158.160000,2.572120,1.378898,0.042928,-0.864124,0.492660,-0.102835,-0.008185,0.190547,0.981644,0.503212,0.849104,-0.160624,0.162752,0.744193,0.615011,0.203592,-0.356133,-1.691744,0.330986,-0.230551,-0.149414,-0.148676,0.102835,-0.981644,0.160624,0.000000,0.000000,0.000000,-1,-0.149780,-1.309967,0.059631,-0.353097,-1.792320,0.335351,184.491928,152.094040,-760.027832,0,0
158.200000,2.527196,1.409290,0.030604,-0.834149,0.543694,-0.092699,-0.004921,0.160730,0.986986,0.551517,0.823749,-0.131397,0.184742,0.729088,0.620891,0.220898,-0.644087,-0.774457,0.470431,-0.248109,-0.520277,-0.074558,0.092699,-0.986986,0.131397,0.000000,0.000000,0.000000,-1,-0.155411,-1.507263,0.056839,-0.601873,-1.073294,0.473131,185.543167,151.744797,-762.031860,0,0
158.240000,2.317788,1.462664,0.294837,-0.862083,0.500542,-0.079186,-0.031360,0.103264,0.994159,0.505795,0.859532,-0.073325,0.164300,0.713911,0.649133,0.204851,-2.156178,2.890924,-0.065559,0.185875,-0.204907,-0.037757,0.079186,-0.994159,0.073325,0.000000,0.000000,0.000000,-1,0.265060,-1.199066,0.035568,-2.153141,2.790349,-0.061194,182.389465,151.046326,-762.031860,0,1
158.280000,1.427067,1.461721,1.281006,-0.901857,0.418387,-0.107737,-0.104320,0.031107,0.994057,0.419252,0.907736,0.015592,0.113407,0.692346,0.686721,0.190291,-3.242771,2.639920,-0.582198,0.278814,0.097191,-0.155199,0.107737,-0.994057,-0.015592,0.000000,0.000000,0.000000,-1,0.347015,-0.944885,-0.175552,-3.239716,2.539345,-0.577816,184.316727,152.268661,-762.866882,0,0
158.320000,0.776156,1.376598,1.982435,-0.915479,0.378975,-0.135191,-0.176860,-0.077214,0.981203,0.361413,0.922180,0.137713,0.077495,0.652026,0.729795,0.190408,-2.287485,-0.530809,-0.350788,0.054507,-0.058135,0.265490,0.135191,-0.981203,-0.137713,0.000000,0.000000,0.000000,-1,0.189697,-1.039337,0.127777,-2.450969,-0.274054,-0.318520,185.718369,155.411819,-766.540894,0,0
158.360000,0.551955,1.293280,2.117030,-0.858779,0.492153,-0.142421,-0.243922,-0.148289,0.958390,0.450556,0.857785,0.247395,0.102610,0.604792,0.750743,0.245116,-2.288066,-4.400263,-0.843903,0.371953,-0.488280,0.279408,0.142421,-0.958390,-0.247395,0.000000,0.000000,0.000000,-1,0.514374,-1.446671,0.032013,-2.285010,-4.500837,-0.839515,187.470428,155.761063,-768.210938,0,0
158.400000,0.430515,1.223689,2.139116,-0.819864,0.554678,-0.141970,-0.286705,-0.183090,0.940361,0.495605,0.811671,0.309138,0.116285,0.576115,0.760278,0.276670,-0.959042,0.780502,-0.477720,0.144117,-0.267204,0.682474,0.141970,-0.940361,-0.309138,0.000000,0.000000,0.000000,-1,0.280243,-1.182541,0.578461,-0.955987,0.679929,-0.473332,183.791107,160.126556,-771.049988,0,0
158.440000,0.559126,1.196416,2.151275,-0.877745,0.438104,-0.193982,-0.305795,-0.200556,0.930735,0.368854,0.876266,0.310007,0.056578,0.584633,0.772708,0.240679,-1.882701,2.090817,0.166903,-0.053341,-0.037604,0.260950,0.193982,-0.930735,-0.310007,0.000000,0.000000,0.000000,-1,0.140640,-0.968338,-0.049057,-1.540603,2.463974,0.045218,184.316727,160.301178,-771.885010,0,0
158.480000,0.489843,1.126920,2.267179,-0.891982,0.404406,-0.203842,-0.332943,-0.282524,0.899627,0.304577,0.870697,0.386159,0.031473,0.553109,0.800170,0.229800,-1.711995,0.482996,-0.193641,-0.204117,0.295395,0.325170,0.203842,-0.899627,-0.386159,0.000000,0.000000,0.000000,-1,-0.000275,-0.604233,-0.060989,-1.708943,0.382424,-0.189251,187.295227,161.872757,-772.719971,0,0
158.520000,0.479013,1.077325,2.301672,-0.894633,0.389829,-0.218323,-0.352702,-0.316196,0.880694,0.274287,0.864901,0.420373,0.017250,0.538067,0.811049,0.228880,-1.243322,0.550761,-0.257617,-0.047623,0.261019,0.342171,0.218323,-0.880694,-0.420373,0.000000,0.000000,0.000000,-1,0.227936,-0.668182,-0.089050,-1.240269,0.450189,-0.253227,186.769608,163.095108,-772.552979,0,0
158.560000,0.476156,1.046154,2.337344,-0.902252,0.365001,-0.229597,-0.360806,-0.347453,0.865503,0.236136,0.863742,0.445185,0.001991,0.526691,0.820806,0.221065,-0.371676,0.748699,0.225448,-0.012419,0.220148,0.434397,0.229597,-0.865503,-0.445185,0.000000,0.000000,0.000000,-1,0.179047,-0.591995,0.017273,-0.476169,0.604606,0.195053,188.521667,162.745865,-772.552979,0,0
158.600000,0.463163,1.059160,2.361147,-0.909832,0.352641,-0.218746,-0.344484,-0.347913,0.871945,0.231379,0.868677,0.438022,0.003847,0.530070,0.820940,0.212295,0.573338,-0.826336,0.508280,0.030278,0.342388,0.183780,0.218746,-0.871944,-0.438022,0.000000,0.000000,0.000000,-1,0.249023,-0.529556,-0.254242,0.576390,-0.926905,0.512670,189.748108,166.412888,-774.056030,0,0
158.640000,0.413872,1.093087,2.368592,-0.904765,0.383686,-0.184890,-0.321034,-0.329094,0.888051,0.279887,0.862833,0.420930,0.029152,0.537294,0.814676,0.216258,1.198076,-1.574769,0.552639,0.117600,0.334965,0.118714,0.184890,-0.888051,-0.420930,0.000000,0.000000,0.000000,-1,0.299576,-0.557953,-0.289703,1.201128,-1.675338,0.557029,190.098526,166.762131,-773.054016,0,1
158.680000,0.379149,1.151087,2.351063,-0.893738,0.422474,-0.150826,-0.289617,-0.286660,0.913207,0.342570,0.859850,0.378555,0.059932,0.554194,0.799836,0.222574,1.212860,-0.813178,0.086322,0.101463,0.318694,0.022949,0.150826,-0.913207,-0.378555,0.000000,0.000000,0.000000,-1,0.260376,-0.635284,-0.371643,1.247035,-0.977222,0.181071,187.295227,162.571243,-773.388000,0,0
158.720000,0.435041,1.181226,2.299028,-0.894537,0.417354,-0.160062,-0.283458,-0.252770,0.925072,0.345623,0.872882,0.344415,0.058777,0.569507,0.789259,0.221984,0.394500,0.821265,-0.172645,0.074267,-0.106254,-0.130668,0.160062,-0.925072,-0.344415,0.000000,0.000000,0.000000,-1,0.179321,-1.225357,-0.558990,0.397552,0.720698,-0.168256,187.820847,161.698135,-772.552979,0,0
158.760000,0.452269,1.183015,2.307347,-0.903893,0.394551,-0.165248,-0.280119,-0.254007,0.925750,0.323282,0.883068,0.340116,0.049995,0.572226,0.790256,0.213434,-0.301746,0.677588,0.176067,-0.086131,-0.622177,-0.446993,0.165248,-0.925750,-0.340116,0.000000,0.000000,0.000000,-1,0.073364,-1.406204,-1.007660,-0.298694,0.577021,0.180456,187.820847,161.698135,-772.552979,0,0
158.800000,0.430024,1.142983,2.360462,-0.912539,0.370618,-0.172961,-0.292111,-0.294615,0.909875,0.286259,0.880820,0.377109,0.035239,0.556959,0.803782,0.206128,-0.856299,0.119824,0.120874,0.106626,0.016199,-0.709759,0.172961,-0.909875,-0.377109,0.000000,0.000000,0.000000,-1,0.289276,-0.757782,-0.984039,-1.058559,0.178189,0.060858,188.346466,162.222000,-772.052002,0,0
158.840000,0.418812,1.150922,2.384654,-0.919121,0.357398,-0.165780,-0.279930,-0.296335,0.913140,0.277228,0.885693,0.372414,0.034640,0.559100,0.804343,0.198090,-0.265416,0.978242,-0.120340,0.098304,-0.030830,0.255730,0.165780,-0.913140,-0.372414,0.000000,0.000000,0.000000,-1,0.264084,-0.943970,-0.116684,-0.094021,0.713542,0.013772,188.521667,163.793579,-774.223022,0,0
158.880000,0.443500,1.141859,2.378321,-0.922435,0.342439,-0.178466,-0.287510,-0.300524,0.909408,0.257783,0.890180,0.375668,0.024602,0.558176,0.806013,0.195391,-0.537871,1.383635,-0.561673,0.141923,-0.433899,0.319409,0.178466,-0.909408,-0.375668,0.000000,0.000000,0.000000,-1,0.679413,-1.635422,-0.053757,-0.534819,1.283070,-0.557284,190.273727,163.793579,-772.218994,0,0
158.920000,0.475231,1.106547,2.383740,-0.927040,0.314048,-0.204866,-0.307768,-0.325208,0.894158,0.214184,0.891972,0.398135,0.002862,0.548566,0.814000,0.190975,-0.574504,-0.835960,-0.235328,0.028212,0.258446,-0.204648,0.204866,-0.894158,-0.398135,0.000000,0.000000,0.000000,-1,0.224411,-0.595612,-0.462433,-0.866038,-0.424213,-0.075765,190.273727,163.793579,-772.218994,0,0
158.960000,0.460806,1.125644,2.290885,-0.892369,0.408675,-0.191473,-0.323699,-0.283957,0.902545,0.314478,0.867383,0.385682,0.038424,0.552886,0.800314,0.228777,1.172100,-3.384189,-0.614316,0.272196,0.453540,0.721269,0.191473,-0.902545,-0.385682,0.000000,0.000000,0.000000,-1,0.388260,-0.431259,0.400223,1.175152,-3.484752,-0.609927,188.521667,165.190536,-774.557007,0,0
159.000000,0.449648,1.159398,2.191615,-0.847925,0.500811,-0.173812,-0.325273,-0.232618,0.916562,0.418593,0.833713,0.360143,0.078341,0.560171,0.781135,0.264386,2.227668,-2.600985,-0.819890,0.158234,0.173627,0.750050,0.173812,-0.916562,-0.360143,0.000000,0.000000,0.000000,-1,0.365997,-1.327347,0.322342,2.230720,-2.701547,-0.815501,188.521667,165.190536,-774.557007,0,0
159.040000,0.664170,1.270560,1.958847,-0.843002,0.506078,-0.182300,-0.273757,-0.111906,0.955267,0.463039,0.855197,0.232879,0.094901,0.612008,0.739558,0.263615,1.626118,-1.226432,0.919703,-0.463794,-0.795542,0.437912,0.182300,-0.955267,-0.232879,0.000000,0.000000,0.000000,-1,-0.469482,-1.766129,0.081207,2.393089,-0.763337,0.689759,183.440689,159.777328,-772.052002,0,0
159.080000,0.603824,1.299902,1.972192,-0.825219,0.543993,-0.151938,-0.246324,-0.104550,0.963532,0.508269,0.832551,0.220275,0.121507,0.612453,0.733151,0.269493,1.176643,-0.547170,-0.002779,-0.621848,-0.015518,0.023345,0.151938,-0.963532,-0.220275,0.000000,0.000000,0.000000,-1,-0.280930,-1.003525,-0.203690,1.179634,-0.647767,0.001622,183.615906,160.301178,-771.885010,0,0
159.120000,0.660641,1.344880,1.895560,-0.818719,0.557501,-0.137451,-0.212290,-0.071475,0.974589,0.533510,0.827094,0.176870,0.137738,0.626573,0.718864,0.267711,1.755514,-0.789884,0.747175,-0.208039,-0.125188,0.028692,0.137451,-0.974589,-0.176870,0.000000,0.000000,0.000000,-1,0.016052,-0.919449,-0.059296,1.758506,-0.890480,0.751577,183.615906,160.301178,-771.885010,0,0
159.160000,0.725036,1.422915,1.770730,-0.791509,0.603296,-0.097712,-0.144407,-0.029263,0.989085,0.593852,0.796981,0.110282,0.178516,0.642644,0.694812,0.269031,1.511460,-1.429659,0.438956,-0.053416,0.180751,0.213035,0.097712,-0.989085,-0.110282,0.000000,0.000000,0.000000,-1,0.086182,-0.825241,0.132324,1.562627,-1.588414,0.544142,179.936569,156.634155,-770.715942,0,0
159.200000,0.866924,1.470617,1.503779,-0.782455,0.617201,-0.082627,-0.099787,0.006698,0.994986,0.614660,0.786777,0.056348,0.196532,0.658180,0.676777,0.264854,1.073347,0.647039,0.273791,0.011825,0.114463,0.210432,0.082627,-0.994986,-0.056348,0.000000,0.000000,0.000000,-1,0.090164,-0.894669,0.140976,1.076338,0.546445,0.278193,179.410950,155.062576,-768.878967,0,0
159.240000,1.267754,1.487388,1.247706,-0.807153,0.584962,-0.079516,-0.079001,0.026451,0.996523,0.585032,0.810629,0.024862,0.188104,0.672447,0.671856,0.247063,0.883144,1.752538,0.075174,0.022886,0.092868,0.101309,0.079516,-0.996523,-0.024862,0.000000,0.000000,0.000000,-1,0.097198,-0.904022,0.041977,0.886136,1.651944,0.079576,179.410950,155.062576,-768.878967,0,0
159.280000,1.849892,1.491492,0.758522,-0.859117,0.506081,-0.076156,-0.054492,0.057503,0.996857,0.508869,0.860567,-0.021824,0.162176,0.696140,0.667044,0.210096,0.879248,1.954057,0.128557,-0.004653,0.016983,-0.067021,0.076156,-0.996857,0.021824,0.000000,0.000000,0.000000,-1,0.040268,-1.000793,-0.059021,0.878005,1.968999,0.114401,180.637405,154.887955,-766.707886,0,0
159.320000,2.293757,1.482348,0.354285,-0.879639,0.471007,-0.066236,-0.030644,0.082847,0.996091,0.474653,0.878230,-0.058442,0.154884,0.712615,0.657511,0.188879,1.102894,0.252671,0.286841,-0.033264,0.088663,-0.316988,0.063262,-0.995569,0.069566,0.000000,0.000000,0.000000,-1,0.029999,-0.906906,-0.247421,1.120546,-0.096023,0.291242,183.440689,153.141754,-764.703857,0,0
159.360000,2.593027,1.455349,0.030292,-0.868571,0.491911,-0.060068,-0.003489,0.115138,0.993343,0.495552,0.862999,-0.098289,0.169249,0.721457,0.643262,0.192534,0.906460,-1.277495,0.110930,-0.025079,0.143292,-0.313209,0.060068,-0.993343,0.098289,0.000000,0.000000,0.000000,-1,0.002197,-0.929520,-0.021118,0.909451,-1.378087,0.115332,180.111786,152.268661,-764.536865,0,0
159.400000,2.700979,1.423107,-0.131798,-0.841207,0.537058,-0.062760,0.019338,0.145877,0.989114,0.540367,0.830836,-0.133099,0.191059,0.728042,0.624946,0.207106,0.804796,-0.619149,0.082487,-0.098130,-0.021003,-0.062298,0.062760,-0.989114,0.133099,0.000000,0.000000,0.000000,-1,-0.016693,-0.990036,-0.003525,0.855472,-0.894683,0.080770,179.586166,152.792526,-763.701904,0,0
159.440000,2.738464,1.408997,-0.171300,-0.840376,0.538306,-0.063197,0.027461,0.158736,0.986939,0.541307,0.827665,-0.148180,0.193046,0.732682,0.619165,0.206264,0.003207,0.168350,-0.066471,-0.108699,-0.018676,-0.154955,0.063197,-0.986939,0.148180,0.000000,0.000000,0.000000,-1,-0.041687,-1.016373,-0.008148,0.006198,0.067760,-0.062070,180.286987,152.443283,-764.035889,0,0
159.480000,2.726237,1.410759,-0.159497,-0.840092,0.538620,-0.064302,0.025309,0.157332,0.987221,0.541854,0.827729,-0.145805,0.192602,0.731989,0.619870,0.207024,-0.080776,-0.175051,0.006210,-0.103639,-0.089042,-0.088249,0.064302,-0.987221,0.145805,0.000000,0.000000,0.000000,-1,-0.045288,-1.119644,0.120605,-0.077785,-0.275640,0.010611,180.987808,151.395554,-764.703857,0,0
159.520000,2.705689,1.416008,-0.169718,-0.823001,0.564298,-0.065096,0.026040,0.151956,0.988044,0.567443,0.811466,-0.139754,0.202976,0.727102,0.618727,0.217486,-0.139324,-1.134278,0.183507,-0.075365,-0.120202,-0.036926,0.065096,-0.988044,0.139754,0.000000,0.000000,0.000000,-1,0.021423,-1.055008,0.077469,-0.124623,-1.129932,0.170286,179.586166,151.046326,-765.037903,0,0
159.560000,2.653876,1.422636,-0.155866,-0.800748,0.594993,-0.069176,0.022916,0.145830,0.989044,0.598563,0.790390,-0.130407,0.214377,0.720587,0.617355,0.231665,-0.301404,0.227479,-0.222938,0.206612,-0.035278,-0.253241,0.069176,-0.989044,0.130407,0.000000,0.000000,0.000000,-1,0.321564,-1.140350,-0.123489,-0.298413,0.126892,-0.218537,179.761368,151.919418,-764.536865,0,0
159.600000,2.554627,1.427864,-0.029586,-0.816044,0.572580,-0.078892,0.004214,0.142383,0.989803,0.577974,0.807390,-0.118604,0.200110,0.720596,0.623510,0.227890,-0.537955,0.984022,-0.518395,0.120770,-0.310338,-0.218122,0.078892,-0.989803,0.118604,0.000000,0.000000,0.000000,-1,-0.053680,-1.220581,-0.234146,-0.534964,0.883436,-0.513994,179.410950,154.014862,-763.534851,0,1
159.640000,2.090945,1.455867,0.481070,-0.839480,0.534201,-0.099510,-0.053064,0.101660,0.993403,0.540793,0.839222,-0.056995,0.170187,0.706777,0.648233,0.226487,-2.446696,0.955873,-0.885487,-0.181724,-0.037679,-0.338611,0.099510,-0.993403,0.056995,0.000000,0.000000,0.000000,-1,-0.058975,-1.031250,-0.217377,-2.246556,0.954044,-0.778396,179.761368,153.316376,-765.538879,0,0
159.680000,1.146582,1.423491,1.429601,-0.834597,0.534373,-0.133764,-0.145313,0.020655,0.989170,0.531349,0.844996,0.060413,0.145203,0.669858,0.684535,0.248229,-2.459579,-0.901097,-0.537638,-0.370382,-0.215908,0.132861,0.133764,-0.989170,-0.060413,0.000000,0.000000,0.000000,-1,-0.260544,-1.082779,0.159470,-2.456588,-1.001681,-0.533237,182.915085,155.411819,-766.540894,0,0
159.720000,0.786367,1.374195,1.747889,-0.807749,0.573085,-0.138258,-0.192282,-0.034412,0.980736,0.557287,0.818773,0.137991,0.148890,0.639403,0.703589,0.271951,-2.482234,-1.988245,-0.118696,-0.253660,-0.113777,0.283849,0.138258,-0.980736,-0.137991,0.000000,0.000000,0.000000,-1,0.042160,-1.237762,0.091354,-2.479243,-2.088830,-0.114294,180.286987,157.332642,-768.043945,0,0
159.760000,0.546270,1.306397,1.953734,-0.784400,0.605215,-0.135761,-0.242401,-0.097645,0.965250,0.570927,0.790051,0.223298,0.149956,0.604867,0.725490,0.292084,-0.548873,1.630650,0.122356,-0.042332,-0.354788,0.767792,0.135761,-0.965250,-0.223297,0.000000,0.000000,0.000000,-1,0.137955,-1.269119,0.538742,-0.898805,0.741102,0.019327,178.710129,158.205734,-772.552979,0,0
159.800000,0.591523,1.306116,1.983738,-0.826088,0.544334,-0.145875,-0.239612,-0.104982,0.965176,0.510064,0.832274,0.217153,0.124239,0.613179,0.732841,0.267434,-0.154957,2.352654,0.117947,0.076934,-0.083774,0.411382,0.145875,-0.965176,-0.217153,0.000000,0.000000,0.000000,-1,0.254410,-1.065765,0.294220,-0.110292,2.273379,0.195000,180.111786,159.602707,-771.551025,0,0
159.840000,0.589062,1.278160,2.114282,-0.885280,0.436569,-0.160273,-0.246911,-0.149178,0.957487,0.394100,0.887217,0.239858,0.077525,0.611605,0.754042,0.226605,-1.864381,3.312737,0.531350,-0.079752,-0.063479,0.507360,0.160273,-0.957487,-0.239858,0.000000,0.000000,0.000000,-1,-0.048981,-1.151993,0.105164,-1.861391,3.212155,0.535751,183.615906,160.650421,-771.216980,0,0
159.880000,0.459097,1.213030,2.344170,-0.923234,0.351509,-0.155180,-0.250576,-0.244621,0.936681,0.291292,0.903660,0.313922,0.043200,0.584100,0.787683,0.191094,-1.780917,0.980355,0.586696,-0.293424,-0.199397,0.218250,0.155180,-0.936681,-0.313922,0.000000,0.000000,0.000000,-1,-0.022430,-0.990219,-0.168427,-1.920913,1.029432,0.704752,186.594406,160.475800,-771.049988,0,0
159.920000,0.428884,1.169961,2.422553,-0.936488,0.310904,-0.162262,-0.257002,-0.293592,0.920735,0.238621,0.903959,0.354849,0.023747,0.567461,0.803886,0.176613,-0.951407,0.963711,0.085127,0.142273,0.240651,0.419775,0.162262,-0.920735,-0.354849,0.000000,0.000000,0.000000,-1,0.304535,-0.680084,0.064926,-0.948417,0.863131,0.089528,186.594406,163.618958,-771.718018,0,0
159.960000,0.423737,1.143623,2.456793,-0.942746,0.286724,-0.170348,-0.262052,-0.320895,0.910140,0.206296,0.902672,0.377659,0.011060,0.557717,0.812604,0.168833,-0.914528,0.790817,0.032315,0.245027,0.284148,0.439808,0.170348,-0.910140,-0.377659,0.000000,0.000000,0.000000,-1,0.382370,-0.588654,-0.135788,-0.911537,0.690238,0.036716,187.120026,164.142822,-771.216980,0,0
160.000000,0.425403,1.123347,2.473168,-0.945436,0.272521,-0.178557,-0.268146,-0.339557,0.901554,0.185062,0.900241,0.394105,0.001987,0.550403,0.818398,0.165160,-0.154255,0.101519,-0.082517,0.193361,0.351901,0.238938,0.178557,-0.901554,-0.394105,0.000000,0.000000,0.000000,-1,0.379089,-0.562271,-0.135040,-0.222493,0.044396,-0.086037,187.295227,163.968201,-771.718018,0,0
160.040000,0.429040,1.128201,2.465797,-0.944637,0.275534,-0.178166,-0.267901,-0.334153,0.903643,0.189449,0.901345,0.389469,0.003454,0.552498,0.816740,0.166343,0.347840,-0.150604,0.025829,0.086879,0.345553,0.243107,0.178166,-0.903643,-0.389469,0.000000,0.000000,0.000000,-1,0.265045,-0.558090,-0.146362,0.350769,-0.251219,0.030243,188.346466,164.317444,-771.383972,0,1
160.080000,0.435075,1.145243,2.459066,-0.945829,0.274104,-0.173997,-0.260392,-0.320345,0.910810,0.193918,0.906778,0.374365,0.006130,0.559267,0.812487,0.164463,0.676411,0.150853,0.260184,-0.040040,0.282896,0.195807,0.173997,-0.910810,-0.374366,0.000000,0.000000,0.000000,-1,0.099792,-0.673630,-0.186417,0.679340,0.050239,0.264597,186.769608,163.095108,-770.882996,0,0
160.120000,0.460405,1.182683,2.468629,-0.956897,0.236803,-0.168146,-0.235886,-0.295934,0.925625,0.169431,0.925390,0.339037,0.000399,0.574875,0.804964,0.146804,0.604958,1.230576,0.546493,-0.176584,0.114361,0.057176,0.168146,-0.925625,-0.339037,0.000000,0.000000,0.000000,-1,-0.016693,-0.887100,-0.364838,0.664054,1.060999,0.516560,187.295227,161.174286,-770.381958,0,0
160.160000,0.423142,1.202571,2.550433,-0.970578,0.190083,-0.147809,-0.200615,-0.298873,0.932968,0.133165,0.935170,0.328213,-0.004543,0.579545,0.805863,0.121204,-0.375943,0.038354,0.900948,-0.227216,-0.280823,-0.521457,0.147809,-0.932968,-0.328213,0.000000,0.000000,0.000000,-1,-0.121140,-1.324417,-1.074097,-0.373014,-0.062259,0.905361,189.397705,161.872757,-768.043945,0,0
160.200000,0.331332,1.197464,2.621490,-0.971100,0.207096,-0.118645,-0.181255,-0.316493,0.931117,0.155281,0.925712,0.344883,0.011290,0.572216,0.811245,0.119678,-0.478527,-1.235628,0.457876,-0.284447,-0.385549,-0.848323,0.118645,-0.931117,-0.344883,0.000000,0.000000,0.000000,-1,-0.135620,-1.061981,-0.980255,-0.475598,-1.336240,0.462289,188.171265,160.999664,-768.544922,0,0
160.240000,0.327346,1.196775,2.614974,-0.969038,0.217174,-0.117475,-0.183635,-0.315859,0.930866,0.165054,0.923617,0.345960,0.014667,0.571668,0.810996,0.123555,0.520945,0.757639,-0.212068,-0.071134,0.058628,-0.356127,0.117475,-0.930866,-0.345960,0.000000,0.000000,0.000000,-1,0.137756,-0.815964,-0.622879,0.433251,0.476745,-0.237754,186.944809,161.174286,-768.711914,0,0
160.280000,0.402798,1.191226,2.602993,-0.976482,0.159335,-0.145242,-0.190053,-0.318066,0.928824,0.101797,0.934584,0.340868,-0.013381,0.573923,0.811698,0.107610,-0.586076,1.272197,-0.668097,0.361349,-0.284387,0.284715,0.145242,-0.928824,-0.340868,0.000000,0.000000,0.000000,-1,0.506592,-1.213211,-0.056152,-0.583147,1.171587,-0.663684,186.243988,160.825043,-770.047974,0,0
160.320000,0.456974,1.177370,2.563200,-0.974209,0.149347,-0.169150,-0.209572,-0.320999,0.923601,0.083640,0.935230,0.344020,-0.026317,0.572099,0.812285,0.110466,-0.171536,0.087213,-0.451383,0.402353,0.114946,0.479075,0.169150,-0.923601,-0.344020,0.000000,0.000000,0.000000,-1,0.530807,-0.651733,-0.041641,-0.168607,-0.013397,-0.446970,188.521667,161.698135,-768.210938,0,0
160.360000,0.429739,1.187172,2.494740,-0.958272,0.239578,-0.155939,-0.225573,-0.298673,0.927314,0.175590,0.923795,0.340252,0.006097,0.574314,0.805791,0.144315,0.895004,-3.539844,-0.510592,0.133245,-0.084893,0.392498,0.155939,-0.927314,-0.340252,0.000000,0.000000,0.000000,-1,0.331940,-0.938156,0.193787,0.930057,-3.584186,-0.456792,188.521667,159.951935,-768.210938,0,0
160.400000,0.561178,1.225287,2.321333,-0.943625,0.277643,-0.180238,-0.247682,-0.230988,0.940903,0.219603,0.932501,0.286733,0.012546,0.597056,0.784434,0.167422,1.745265,0.626046,-0.309006,0.035155,-0.377075,-0.058955,0.180238,-0.940903,-0.286733,0.000000,0.000000,0.000000,-1,0.215393,-1.317978,-0.345688,1.748189,0.525436,-0.304589,183.966309,162.047379,-767.542908,0,0
160.440000,0.606189,1.279523,2.245304,-0.939473,0.301035,-0.163613,-0.224285,-0.179342,0.957879,0.259012,0.936597,0.236005,0.031084,0.617277,0.767271,0.171165,1.829652,-1.364894,0.488328,-0.575234,-0.069083,0.760282,0.163613,-0.957879,-0.236005,0.000000,0.000000,0.000000,-1,-0.421661,-0.979706,0.637604,1.832576,-1.465502,0.492745,183.966309,160.999664,-766.540894,0,0
160.480000,0.650832,1.325362,2.132171,-0.921023,0.360620,-0.147208,-0.205686,-0.129349,0.970032,0.330771,0.923700,0.193308,0.061274,0.632132,0.748946,0.189034,0.610744,-2.022037,-0.078189,-0.370734,-0.150390,0.198023,0.147208,-0.970032,-0.193308,0.000000,0.000000,0.000000,-1,-0.194946,-1.109406,-0.151138,0.778516,-2.054786,-0.072704,183.615906,159.253464,-767.542908,0,0
160.520000,0.669190,1.340587,2.066604,-0.904393,0.402538,-0.141552,-0.200704,-0.108555,0.973619,0.376553,0.908944,0.178968,0.079365,0.635781,0.740256,0.203728,0.923853,-0.231882,0.263435,0.089878,-0.110152,0.053663,0.141552,-0.973619,-0.178968,0.000000,0.000000,0.000000,-1,0.231430,-1.083771,-0.125305,0.926777,-0.332489,0.267852,182.389465,156.284927,-765.371887,0,0
160.560000,0.736692,1.380734,1.989688,-0.903978,0.408305,-0.126925,-0.172587,-0.076843,0.981992,0.391199,0.909605,0.139933,0.090736,0.649462,0.728140,0.199444,1.545287,-0.411838,0.443548,-0.016893,-0.033236,0.140039,0.126925,-0.981992,-0.139933,0.000000,0.000000,0.000000,-1,0.048080,-0.922821,0.052017,1.548211,-0.512444,0.447966,181.688629,156.983398,-765.037903,0,0
160.600000,0.955464,1.427679,1.736429,-0.892343,0.436072,-0.116468,-0.140677,-0.023516,0.989776,0.428875,0.899604,0.082330,0.110502,0.668300,0.706787,0.204004,1.097930,-0.744344,0.009601,-0.088804,0.157363,0.215997,0.116468,-0.989776,-0.082330,0.000000,0.000000,0.000000,-1,0.040115,-0.845612,0.110229,1.202915,-0.876746,0.019419,181.163025,154.014862,-762.866882,0,0
160.640000,1.163303,1.447964,1.526401,-0.892714,0.436358,-0.112491,-0.122403,0.005438,0.992466,0.433682,0.899757,0.048557,0.115425,0.679999,0.695671,0.200799,0.632715,0.829125,0.091661,-0.030200,0.052570,0.042423,0.112491,-0.992466,-0.048557,0.000000,0.000000,0.000000,-1,0.082291,-0.939896,-0.006134,0.635639,0.728520,0.096078,180.111786,154.014862,-763.200867,0,0
160.680000,1.427786,1.459171,1.314868,-0.915514,0.386881,-0.110257,-0.107765,0.028199,0.993776,0.387582,0.921698,0.015876,0.100512,0.694233,0.689781,0.179277,0.867486,1.802450,0.124038,-0.076077,0.018953,-0.043099,0.110257,-0.993776,-0.015876,0.000000,0.000000,0.000000,-1,0.034180,-0.974823,-0.058975,0.850228,1.714573,0.130747,179.586166,154.189484,-762.699829,0,0
160.720000,1.791672,1.462045,0.992867,-0.932103,0.346366,-0.105900,-0.090910,0.059293,0.994092,0.350599,0.936224,-0.023779,0.089977,0.709784,0.679895,0.160788,0.883432,0.395557,0.129148,-0.139500,0.063978,-0.033239,0.105900,-0.994092,0.023779,0.000000,0.000000,0.000000,-1,-0.043762,-0.935959,0.001190,0.876901,0.487899,0.124289,179.060547,154.014862,-760.194824,0,0
160.760000,2.179194,1.448643,0.590722,-0.928314,0.358099,-0.099986,-0.067866,0.101201,0.992549,0.365550,0.928183,-0.069644,0.100160,0.724424,0.662848,0.160657,1.223988,-0.626457,0.145963,-0.121379,0.070506,-0.109103,0.099986,-0.992549,0.069644,0.000000,0.000000,0.000000,-1,-0.021393,-0.922043,-0.039459,1.226912,-0.727059,0.150380,181.163025,153.665619,-759.860840,0,0
160.800000,2.417463,1.425146,0.324350,-0.918911,0.382567,-0.096150,-0.046254,0.137568,0.989412,0.391744,0.913629,-0.108718,0.114279,0.735730,0.646650,0.165785,1.084642,-0.768512,0.156649,-0.084523,0.044710,-0.218489,0.096150,-0.989412,0.108718,0.000000,0.000000,0.000000,-1,0.011627,-0.944702,-0.109772,1.142926,-0.873322,0.181750,180.286987,152.792526,-758.023804,0,0
160.840000,2.529078,1.399198,0.188878,-0.910014,0.402785,-0.098173,-0.032061,0.167721,0.985313,0.413335,0.899797,-0.139715,0.124478,0.744555,0.632965,0.171750,0.655899,-0.345739,-0.005409,-0.095991,0.001289,-0.178869,0.098173,-0.985313,0.139715,0.000000,0.000000,0.000000,-1,-0.043686,-0.987808,0.027542,0.712933,-0.490899,-0.021598,180.286987,152.792526,-758.023804,0,0
160.880000,2.576769,1.385929,0.125725,-0.903991,0.416076,-0.098391,-0.023049,0.182365,0.982961,0.426929,0.890856,-0.155266,0.131253,0.748603,0.625771,0.175433,0.197145,-0.238484,0.116172,-0.140078,-0.021739,-0.101220,0.098391,-0.982961,0.155266,0.000000,0.000000,0.000000,-1,-0.041687,-1.004700,0.054047,0.200069,-0.339083,0.120589,180.286987,151.395554,-757.689819,0,0
160.920000,2.600037,1.388033,0.086399,-0.897451,0.431050,-0.093685,-0.015683,0.181070,0.983345,0.440835,0.883974,-0.155741,0.138943,0.747372,0.624628,0.178800,-0.059507,-0.839614,0.125969,-0.109799,0.028099,-0.096445,0.093685,-0.983345,0.155741,0.000000,0.000000,0.000000,-1,-0.017395,-0.949417,0.080902,-0.050034,-0.766323,0.140166,178.184509,152.094040,-756.019775,0,0
160.960000,2.587230,1.388750,0.059654,-0.879588,0.466092,-0.095301,-0.010794,0.180720,0.983475,0.475613,0.866082,-0.153929,0.152987,0.744016,0.621478,0.191835,0.217613,-1.558360,0.175089,-0.125376,-0.042404,-0.021528,0.095301,-0.983475,0.153929,0.000000,0.000000,0.000000,-1,-0.024872,-1.090027,0.151489,0.146168,-1.576267,0.176761,178.184509,152.094040,-756.019775,0,0
161.000000,2.586735,1.376542,-0.018000,-0.840533,0.532129,-0.101695,0.003474,0.193004,0.981192,0.541748,0.824371,-0.164075,0.180650,0.741217,0.608986,0.217023,0.341933,-1.721610,0.189348,-0.154918,-0.373194,-0.021741,0.101695,-0.981192,0.164075,0.000000,0.000000,0.000000,-1,-0.053223,-1.354385,0.142334,0.344856,-1.822207,0.193765,177.308487,153.316376,-757.188782,0,0
161.040000,2.620402,1.376097,-0.093038,-0.818092,0.566961,-0.096332,0.017974,0.192634,0.981106,0.574806,0.800904,-0.167784,0.198152,0.737989,0.603671,0.227354,0.125642,-0.335681,0.347162,-0.142078,-0.251697,0.032015,0.096332,-0.981106,0.167783,0.000000,0.000000,0.000000,-1,-0.045746,-1.232803,0.199799,0.195424,-0.794565,0.392880,176.607666,152.617905,-756.186768,0,0
161.080000,2.601385,1.394751,-0.014865,-0.849981,0.519056,-0.090075,0.002603,0.175118,0.984544,0.526808,0.836609,-0.150198,0.176847,0.737444,0.617387,0.209129,-1.224791,2.666884,-0.337614,-0.013659,-0.200850,-0.058111,0.090075,-0.984544,0.150198,0.000000,0.000000,0.000000,-1,0.145737,-1.138687,0.052734,-1.058257,2.258864,-0.285734,175.556427,152.617905,-755.518738,0,1
161.120000,2.256078,1.444706,0.512116,-0.928081,0.359424,-0.097366,-0.061623,0.109623,0.992061,0.367244,0.926713,-0.079590,0.102330,0.727546,0.659331,0.159649,-2.274919,4.559938,-0.647318,0.071320,0.054515,-0.128769,0.097366,-0.992061,0.079590,0.000000,0.000000,0.000000,-1,0.168686,-0.937546,-0.049179,-2.272052,4.459307,-0.642887,179.761368,153.665619,-758.190796,0,0
161.160000,1.360193,1.447599,1.533297,-0.961973,0.245288,-0.120171,-0.122800,0.004607,0.992421,0.243982,0.969439,0.025689,0.043961,0.696579,0.704105,0.130693,-2.800442,0.154706,-0.675894,-0.114525,0.027974,-0.183524,0.120171,-0.992421,-0.025689,0.000000,0.000000,0.000000,-1,0.005646,-0.964447,-0.209213,-2.829891,0.664826,-0.625996,181.513428,154.014862,-762.532837,0,0
161.200000,0.936014,1.393688,1.916473,-0.946649,0.289363,-0.141863,-0.165762,-0.059697,0.984357,0.276368,0.955356,0.104477,0.046289,0.667547,0.726434,0.156630,-2.184887,-2.376515,-1.012708,-0.092165,-0.103533,0.107819,0.141863,-0.984357,-0.104477,0.000000,0.000000,0.000000,-1,0.079437,-1.151947,0.045670,-2.294263,-2.225773,-0.939033,181.513428,154.014862,-762.532837,0,0
161.240000,0.693727,1.305218,2.060418,-0.906093,0.388370,-0.167823,-0.231630,-0.123436,0.964941,0.354038,0.913199,0.201803,0.062331,0.628660,0.746882,0.207529,-1.898965,-1.166361,-0.713907,0.075783,-0.343683,0.407781,0.167823,-0.964941,-0.201803,0.000000,0.000000,0.000000,-1,0.243607,-1.308624,0.205978,-1.896097,-1.266990,-0.709476,181.513428,157.856506,-764.536865,0,0
161.280000,0.665082,1.247524,2.130180,-0.913530,0.356412,-0.196042,-0.269252,-0.168577,0.948201,0.304902,0.918995,0.249965,0.035642,0.611349,0.763556,0.204852,-1.285796,2.669899,-0.444393,-0.067624,-0.127605,0.699565,0.196042,-0.948201,-0.249965,0.000000,0.000000,0.000000,-1,0.128418,-1.075806,0.449600,-1.471733,1.987142,-0.486312,182.389465,159.078842,-766.707886,0,0
161.320000,0.672369,1.194537,2.243559,-0.940569,0.250905,-0.228859,-0.287379,-0.228972,0.930046,0.180951,0.940541,0.287469,-0.015282,0.596684,0.783743,0.171703,-2.313377,1.550213,0.204899,-0.296364,-0.149147,0.294198,0.228859,-0.930046,-0.287469,0.000000,0.000000,0.000000,-1,-0.126541,-0.967010,0.064697,-2.194479,1.869359,0.161480,182.389465,159.078842,-766.707886,0,0
161.360000,0.597341,1.123759,2.377839,-0.947958,0.205564,-0.243143,-0.298992,-0.312223,0.901732,0.109449,0.927502,0.357437,-0.041317,0.565309,0.808953,0.155929,-1.522901,0.886100,-0.082702,-0.036112,0.211363,0.312820,0.243143,-0.901732,-0.357437,0.000000,0.000000,0.000000,-1,0.207031,-0.690369,-0.044617,-1.520033,0.785474,-0.078271,186.243988,161.523529,-766.373901,0,0
161.400000,0.571701,1.091567,2.435844,-0.951496,0.180038,-0.249482,-0.299068,-0.350952,0.887350,0.072201,0.918923,0.387773,-0.054043,0.550629,0.820095,0.146052,-0.933907,0.651237,0.246938,0.105682,0.176932,0.324083,0.249482,-0.887350,-0.387773,0.000000,0.000000,0.000000,-1,0.355164,-0.710419,-0.063690,-1.009787,0.603576,0.221149,186.243988,161.523529,-766.373901,0,0
161.440000,0.536482,1.076779,2.484957,-0.955484,0.168269,-0.242354,-0.289458,-0.375563,0.880435,0.057131,0.911393,0.407552,-0.055963,0.541380,0.827436,0.138297,-0.330580,-0.251998,0.283722,0.017778,0.328815,0.283025,0.242354,-0.880435,-0.407552,0.000000,0.000000,0.000000,-1,0.259995,-0.537643,-0.175735,-0.424338,-0.205251,0.290680,187.120026,162.745865,-767.876953,0,0
161.480000,0.496602,1.089876,2.503471,-0.957810,0.184456,-0.220399,-0.275562,-0.371564,0.886570,0.081640,0.909899,0.406716,-0.041944,0.543031,0.827057,0.139053,0.521197,-0.466014,0.373161,0.046553,0.407032,0.295053,0.220399,-0.886570,-0.406716,0.000000,0.000000,0.000000,-1,0.248703,-0.479416,-0.111725,0.524065,-0.566637,0.377592,186.243988,162.920486,-767.709961,0,1
161.520000,0.493907,1.117670,2.497328,-0.959983,0.188043,-0.207538,-0.262934,-0.350022,0.899083,0.096423,0.917673,0.385459,-0.033839,0.553286,0.820893,0.137344,0.859103,-0.040009,0.236677,-0.006122,0.326573,0.213828,0.207538,-0.899083,-0.385459,0.000000,0.000000,0.000000,-1,0.201416,-0.572510,-0.171631,0.819466,-0.188319,0.256683,186.243988,162.920486,-767.709961,0,0
161.560000,0.522961,1.155441,2.464950,-0.961623,0.186188,-0.201535,-0.252673,-0.314613,0.914973,0.106951,0.930781,0.349583,-0.029185,0.569523,0.810219,0.135414,1.021030,-0.026524,0.036980,-0.019330,0.223780,0.019032,0.201535,-0.914973,-0.349583,0.000000,0.000000,0.000000,-1,0.177780,-0.783646,-0.386688,1.031482,-0.129209,0.079630,186.769608,163.095108,-767.876953,0,0
161.600000,0.561057,1.180762,2.433866,-0.963284,0.176509,-0.202308,-0.247184,-0.288907,0.924896,0.104804,0.940945,0.321930,-0.030386,0.581474,0.802203,0.132040,0.126586,0.317164,0.166551,-0.003791,-0.450073,-0.483078,0.202308,-0.924896,-0.321930,0.000000,0.000000,0.000000,-1,0.205246,-1.626129,-0.985748,0.129453,0.216542,0.170982,184.842346,161.523529,-765.037903,0,0
161.640000,0.523810,1.167063,2.482929,-0.966307,0.166247,-0.196499,-0.240451,-0.310674,0.919601,0.091834,0.935865,0.340181,-0.032349,0.573466,0.808882,0.125697,-1.142564,0.233525,0.259632,0.009052,-0.462724,-0.841719,0.196499,-0.919601,-0.340181,0.000000,0.000000,0.000000,-1,0.205551,-1.382324,-1.181900,-1.042925,0.167891,0.262839,184.842346,161.523529,-765.037903,0,0
161.680000,0.461317,1.155655,2.531600,-0.967308,0.179120,-0.179529,-0.231046,-0.330581,0.915059,0.104556,0.926624,0.361159,-0.022988,0.564705,0.815330,0.125767,0.236867,-0.733298,0.305169,0.108237,0.219182,-0.367463,0.179529,-0.915059,-0.361159,0.000000,0.000000,0.000000,-1,0.251923,-0.604645,-0.395615,0.091891,-0.940993,0.314903,185.367966,162.745865,-767.542908,0,0
161.720000,0.506829,1.151635,2.519353,-0.968855,0.149300,-0.197558,-0.237219,-0.330713,0.913431,0.071040,0.931847,0.355830,-0.038820,0.566196,0.814770,0.118598,-0.486288,1.549179,-0.498141,0.167814,-0.300574,0.258220,0.197558,-0.913431,-0.355830,0.000000,0.000000,0.000000,-1,0.519424,-1.501251,-0.053589,-0.483420,1.448560,-0.493711,185.543167,161.523529,-766.707886,0,0
161.760000,0.556451,1.129233,2.514346,-0.967762,0.111754,-0.225717,-0.250821,-0.346005,0.904085,0.022936,0.931553,0.362880,-0.061973,0.560998,0.818023,0.110808,-0.396476,0.416364,-0.131291,0.232947,-0.097365,0.225689,0.225717,-0.904085,-0.362880,0.000000,0.000000,0.000000,-1,0.248657,-0.901276,-0.315887,-0.406232,0.737634,-0.177556,188.346466,162.920486,-767.041931,0,0
161.800000,0.532499,1.132220,2.484611,-0.962917,0.162208,-0.215590,-0.259347,-0.336255,0.905357,0.074363,0.927696,0.365854,-0.043255,0.561428,0.816245,0.129114,0.964713,-2.392396,-0.318704,0.110429,0.277824,0.478693,0.215590,-0.905357,-0.365854,0.000000,0.000000,0.000000,-1,0.358459,-0.565735,0.203278,0.826379,-2.149533,-0.331287,185.893585,161.523529,-767.375916,0,0
161.840000,0.489019,1.177727,2.367831,-0.934698,0.306536,-0.179930,-0.267670,-0.273973,0.923738,0.233862,0.911578,0.338133,0.016897,0.575020,0.797936,0.179904,1.777715,-3.299142,-0.503341,0.115816,0.197282,0.693480,0.179930,-0.923738,-0.338133,0.000000,0.000000,0.000000,-1,0.242065,-0.944534,0.459091,1.780583,-3.399758,-0.498911,183.966309,161.698135,-767.876953,0,0
161.880000,0.642651,1.268024,2.178612,-0.926753,0.330448,-0.178698,-0.244765,-0.170276,0.954513,0.284989,0.928337,0.238686,0.034774,0.615993,0.764152,0.188187,3.728946,0.588672,0.192632,-0.227694,-0.351334,0.830163,0.178698,-0.954513,-0.238686,0.000000,0.000000,0.000000,-1,-0.112976,-1.310440,0.558212,3.718367,0.478243,0.017490,180.812607,159.253464,-766.540894,0,0
161.920000,0.726883,1.337687,2.047688,-0.917432,0.367087,-0.153512,-0.205230,-0.106035,0.972953,0.340881,0.924123,0.172618,0.063218,0.640074,0.740960,0.193100,0.292285,-2.323502,0.381938,-0.775186,-0.264520,-0.207158,0.153512,-0.972953,-0.172618,0.000000,0.000000,0.000000,-1,-0.508438,-1.046936,-0.361710,0.496710,-2.312578,0.529375,181.513428,157.158020,-765.872925,0,0
161.960000,0.788688,1.366806,1.928102,-0.897340,0.417285,-0.143715,-0.189784,-0.070852,0.979266,0.398451,0.906009,0.142773,0.087664,0.648790,0.726458,0.208914,1.469004,-0.661246,0.265731,-0.026253,-0.108960,-0.043140,0.143715,-0.979266,-0.142773,0.000000,0.000000,0.000000,-1,0.155579,-1.067184,-0.100830,1.471865,-0.761862,0.270164,178.710129,155.411819,-764.536865,0,0
162.000000,0.956875,1.417088,1.736350,-0.891651,0.435083,-0.125146,-0.151010,-0.025231,0.988210,0.426795,0.900037,0.088199,0.106514,0.666750,0.708005,0.206952,1.544187,-0.659882,0.468067,-0.073403,0.157232,0.166141,0.125146,-0.988210,-0.088199,0.000000,0.000000,0.000000,-1,0.027817,-0.784637,0.102982,1.635473,-0.707429,0.509579,180.462189,155.062576,-763.534851,0,0
162.040000,1.189616,1.444444,1.470098,-0.878764,0.462701,-0.116971,-0.125378,0.012668,0.992028,0.460494,0.886424,0.046880,0.124186,0.679071,0.691552,0.212594,0.852529,-0.631939,0.021357,-0.039838,0.129434,0.109548,0.116971,-0.992028,-0.046880,0.000000,0.000000,0.000000,-1,0.053970,-0.887329,0.026398,0.932841,-0.868282,0.010656,178.184509,154.887955,-761.697876,0,0
162.080000,1.475623,1.458759,1.204815,-0.889711,0.442749,-0.111298,-0.104399,0.040011,0.993730,0.444426,0.895753,0.010625,0.122120,0.692657,0.681969,0.200577,0.838542,1.231074,0.144992,-0.087128,0.024858,-0.038402,0.111298,-0.993730,-0.010625,0.000000,0.000000,0.000000,-1,0.031372,-1.019196,-0.102386,0.841343,1.130424,0.149437,179.410950,154.364105,-761.864868,0,0
162.120000,1.768210,1.460898,0.943324,-0.904153,0.413451,-0.107547,-0.088785,0.064391,0.993967,0.417881,0.908247,-0.021511,0.115073,0.705347,0.674213,0.186230,0.793221,0.523863,0.112517,-0.040255,0.023218,-0.149563,0.107547,-0.993967,0.021511,0.000000,0.000000,0.000000,-1,0.055634,-0.945694,-0.083969,0.803494,0.568429,0.094950,179.761368,152.617905,-761.864868,0,0
162.160000,2.085679,1.457974,0.628220,-0.906673,0.410297,-0.097986,-0.066166,0.091088,0.993642,0.416613,0.907392,-0.055439,0.120082,0.716450,0.663352,0.179566,0.916573,-0.154453,0.257821,-0.134363,0.097799,0.032772,0.097986,-0.993642,0.055439,0.000000,0.000000,0.000000,-1,-0.063782,-0.903549,0.128586,0.893990,-0.192516,0.284601,179.761368,152.967148,-760.194824,0,0
162.200000,2.432672,1.429766,0.268538,-0.902874,0.420054,-0.091509,-0.037295,0.135526,0.990072,0.428285,0.897322,-0.106697,0.130669,0.732307,0.644331,0.177451,1.362526,-0.334860,0.139902,-0.152239,0.151647,0.037026,0.091509,-0.990072,0.106697,0.000000,0.000000,0.000000,-1,-0.062332,-0.844894,0.114883,1.365327,-0.435508,0.144347,180.286987,152.094040,-760.027832,0,0
162.240000,2.619188,1.395927,0.066113,-0.897190,0.433030,-0.086810,-0.011494,0.173599,0.984749,0.441496,0.884505,-0.150774,0.141408,0.745245,0.627060,0.177225,1.128824,-0.308288,0.187034,0.014524,0.045586,-0.438418,0.086810,-0.984749,0.150774,0.000000,0.000000,0.000000,-1,0.110733,-0.969986,-0.321106,1.250741,-0.418456,0.204038,176.782867,151.395554,-757.021790,0,0
162.280000,2.645788,1.378881,0.009218,-0.883853,0.458878,-0.090742,-0.001758,0.190731,0.981641,0.467761,0.867786,-0.167772,0.152633,0.748725,0.617525,0.186485,0.205740,-1.062406,-0.006813,-0.097655,-0.062839,-0.104738,0.090742,-0.981641,0.167772,0.000000,0.000000,0.000000,-1,-0.037918,-1.018402,0.091064,0.242552,-1.095223,-0.019005,179.936569,151.744797,-756.687744,0,0
162.320000,2.630167,1.380236,-0.037102,-0.853622,0.512578,-0.092701,0.007026,0.189279,0.981898,0.520846,0.837518,-0.165174,0.174838,0.742979,0.612203,0.206448,-0.029433,-1.560215,0.322460,-0.189976,-0.014440,-0.053800,0.092701,-0.981898,0.165174,0.000000,0.000000,0.000000,-1,-0.078827,-1.057205,0.120605,-0.026632,-1.660861,0.326905,178.359726,151.919418,-756.520752,0,0
162.360000,2.606378,1.382519,-0.089430,-0.811976,0.575832,-0.095460,0.016716,0.186419,0.982328,0.583452,0.796031,-0.160994,0.201617,0.734743,0.605096,0.231003,0.227972,-1.679298,0.094652,-0.067247,-0.351839,-0.095183,0.095460,-0.982328,0.160994,0.000000,0.000000,0.000000,-1,0.028214,-1.334167,0.065811,0.186112,-1.824462,0.106172,176.782867,151.046326,-757.689819,0,0
162.400000,2.596408,1.379935,-0.120600,-0.787565,0.608328,-0.098376,0.022823,0.188326,0.981841,0.615808,0.771019,-0.162203,0.215819,0.731111,0.599382,0.244212,-0.002098,-1.188320,0.164113,-0.089465,-0.345475,-0.145892,0.098376,-0.981841,0.162203,0.000000,0.000000,0.000000,-1,-0.009476,-1.352112,0.037857,0.104780,-1.333523,0.147402,176.958069,150.871704,-757.522766,0,0
162.440000,2.581642,1.403416,-0.093741,-0.794539,0.600730,-0.088489,0.015594,0.165868,0.986025,0.607012,0.782056,-0.141157,0.212573,0.724839,0.609818,0.239881,-0.956837,1.917549,-0.191471,-0.089694,-0.179655,-0.027052,0.088488,-0.986025,0.141157,0.000000,0.000000,0.000000,-1,0.040314,-1.063248,0.119308,-0.954036,1.816906,-0.187026,176.432449,149.998596,-757.355774,0,1
162.480000,2.184766,1.448911,0.452570,-0.872882,0.477704,-0.099378,-0.053166,0.109343,0.992581,0.485026,0.871690,-0.070046,0.148173,0.716288,0.650671,0.203970,-2.547268,3.899114,-0.859409,0.106844,0.205334,-0.100640,0.099378,-0.992581,0.070046,0.000000,0.000000,0.000000,-1,0.206223,-0.787247,-0.030594,-2.446538,3.763544,-0.816528,176.432449,151.744797,-757.021790,0,0
162.520000,1.556772,1.449168,1.171370,-0.908934,0.398899,-0.121317,-0.111778,0.047183,0.992612,0.401676,0.915780,0.001702,0.102689,0.699002,0.682542,0.187050,-2.871927,1.731063,-0.801370,-0.144815,-0.028948,-0.148063,0.121317,-0.992612,-0.001702,0.000000,0.000000,0.000000,-1,-0.068222,-1.045486,-0.110779,-2.794263,2.177499,-0.791709,180.987808,153.141754,-761.697876,0,0
162.560000,0.865274,1.373988,1.854948,-0.898423,0.413131,-0.148860,-0.187699,-0.054818,0.980696,0.396995,0.909020,0.126794,0.086025,0.655135,0.721116,0.208299,-2.566851,-1.603144,-0.698205,-0.082957,-0.239977,0.121942,0.148860,-0.980696,-0.126794,0.000000,0.000000,0.000000,-1,0.120636,-1.272705,0.005402,-2.564050,-1.703784,-0.693760,182.389465,153.141754,-762.031860,0,0
162.600000,0.621647,1.286717,2.018634,-0.855913,0.490683,-0.163224,-0.252635,-0.121363,0.959920,0.451207,0.862845,0.227840,0.096966,0.613740,0.742482,0.250282,-1.472278,-1.787321,-0.510523,0.159652,-0.433070,0.449245,0.163224,-0.959920,-0.227840,0.000000,0.000000,0.000000,-1,0.322876,-1.392990,0.221405,-1.599207,-1.876313,-0.514274,181.163025,155.062576,-765.204895,0,0
162.640000,0.584662,1.258190,2.028424,-0.839565,0.516062,-0.169737,-0.275895,-0.135878,0.951535,0.467988,0.845705,0.256457,0.099819,0.601504,0.746977,0.265054,-0.295516,0.669656,-0.212275,0.149004,-0.249698,0.895129,0.169737,-0.951535,-0.256457,0.000000,0.000000,0.000000,-1,0.267746,-1.126419,0.606186,-0.487401,-0.279369,-0.349712,181.513428,156.110306,-766.206909,0,0
162.680000,0.629815,1.205266,2.149083,-0.902359,0.376064,-0.210533,-0.299324,-0.195376,0.933934,0.310086,0.905762,0.288864,0.032221,0.595424,0.772431,0.218592,-2.663506,2.952706,0.089661,-0.167488,-0.139674,0.343369,0.210533,-0.933934,-0.288864,0.000000,0.000000,0.000000,-1,-0.142227,-1.084244,-0.035797,-2.660710,2.852067,0.094106,182.915085,156.459549,-767.208923,0,0
162.720000,0.546464,1.142332,2.292551,-0.919310,0.329019,-0.215909,-0.311875,-0.274505,0.909605,0.240009,0.903545,0.354968,0.007548,0.567855,0.798245,0.200719,-1.854702,0.941582,0.146200,-0.233381,0.224958,0.232440,0.215909,-0.909605,-0.354968,0.000000,0.000000,0.000000,-1,-0.017471,-0.684647,-0.122528,-2.059827,0.853843,0.270951,185.192749,158.031128,-768.043945,0,0
162.760000,0.525332,1.099168,2.350113,-0.925843,0.301495,-0.227850,-0.323213,-0.319305,0.890830,0.195827,0.898412,0.393074,-0.009858,0.550787,0.812130,0.192305,-1.046070,0.669025,0.083204,0.102670,0.257071,0.398994,0.227850,-0.890830,-0.393074,0.000000,0.000000,0.000000,-1,0.330521,-0.633759,0.005920,-1.061552,0.571485,0.032523,185.543167,160.126556,-768.711914,0,0
162.800000,0.490701,1.078344,2.410899,-0.933969,0.279396,-0.222798,-0.315532,-0.352090,0.881176,0.167752,0.893292,0.417000,-0.016741,0.539648,0.822049,0.180928,-0.287160,0.029212,0.444710,0.086787,0.358059,0.284722,0.222798,-0.881176,-0.417000,0.000000,0.000000,0.000000,-1,0.306213,-0.494156,-0.169815,-0.284364,-0.071424,0.449154,186.594406,160.475800,-769.713989,0,0
162.840000,0.453704,1.091190,2.437993,-0.936945,0.285010,-0.202244,-0.298530,-0.351849,0.887176,0.181694,0.891612,0.414747,-0.006249,0.540913,0.822123,0.177449,0.482541,-0.500734,0.542862,0.094661,0.444992,0.352552,0.202244,-0.887176,-0.414747,0.000000,0.000000,0.000000,-1,0.296906,-0.442184,-0.062195,0.380008,-0.589743,0.525013,188.696869,161.523529,-769.379944,0,0
162.880000,0.425498,1.132939,2.445610,-0.938675,0.297083,-0.175016,-0.271844,-0.325388,0.905662,0.212108,0.897700,0.386194,0.011392,0.553871,0.813980,0.174736,1.185821,-0.601630,0.418557,0.051485,0.369255,0.229028,0.175016,-0.905662,-0.386194,0.000000,0.000000,0.000000,-1,0.226501,-0.536407,-0.157166,1.119649,-0.702211,0.459928,186.769608,159.602707,-770.548950,0,1
162.920000,0.438738,1.195579,2.404475,-0.935949,0.315854,-0.155677,-0.246328,-0.271341,0.930428,0.251638,0.909181,0.331765,0.030111,0.577244,0.796721,0.176405,1.462287,-0.433514,0.111592,-0.010917,0.143380,0.109201,0.155677,-0.930428,-0.331765,0.000000,0.000000,0.000000,-1,0.144760,-0.787048,-0.222565,1.465083,-0.534148,0.116036,185.017548,158.554977,-768.210938,0,0
162.960000,0.468712,1.227363,2.368807,-0.935708,0.318297,-0.152110,-0.235076,-0.241082,0.941604,0.263039,0.916824,0.300406,0.035240,0.590385,0.786956,0.175795,0.296666,0.231288,0.157605,-0.094691,-0.646775,-0.398355,0.152110,-0.941604,-0.300406,0.000000,0.000000,0.000000,-1,0.057419,-1.588379,-0.698761,0.600044,0.027731,0.103888,184.316727,156.110306,-767.542908,0,0
163.000000,0.409371,1.204669,2.445611,-0.942293,0.302949,-0.142497,-0.229529,-0.274740,0.933721,0.243720,0.912546,0.328421,0.031723,0.578604,0.797724,0.166874,-1.429876,0.592068,0.382432,-0.083323,-0.228938,-0.972101,0.142497,-0.933721,-0.328421,0.000000,0.000000,0.000000,-1,0.059174,-1.162659,-1.300522,-1.331583,0.335558,0.368444,185.017548,155.761063,-767.208923,0,0
163.040000,0.367583,1.196474,2.499346,-0.947611,0.291148,-0.131397,-0.219018,-0.292788,0.930756,0.232516,0.910773,0.341216,0.031467,0.573064,0.803370,0.158758,0.792647,-0.418199,0.434828,0.028972,0.245117,-0.315644,0.131397,-0.930756,-0.341216,0.000000,0.000000,0.000000,-1,0.160370,-0.685638,-0.656860,0.795443,-0.518831,0.439272,185.893585,158.380356,-768.043945,0,0
163.080000,0.393094,1.209456,2.503806,-0.955484,0.262131,-0.135418,-0.210497,-0.284030,0.935424,0.206741,0.922287,0.326564,0.022262,0.579847,0.800949,0.147522,-0.445732,1.572967,-0.197676,0.042835,-0.325105,0.470653,0.135418,-0.935424,-0.326564,0.000000,0.000000,0.000000,-1,0.178253,-1.260529,0.144089,-0.152294,1.328355,-0.058566,184.667145,156.110306,-767.208923,0,0
163.120000,0.459630,1.181080,2.475240,-0.958148,0.231402,-0.168541,-0.234841,-0.298653,0.925017,0.163715,0.925883,0.340496,-0.001497,0.574238,0.805807,0.144651,-0.179995,-0.020896,-0.467863,0.426933,-0.204591,0.249768,0.168541,-0.925017,-0.340496,0.000000,0.000000,0.000000,-1,0.507568,-1.019943,-0.157303,-0.263422,0.299191,-0.562217,186.419205,157.158020,-767.208923,0,0
163.160000,0.398472,1.175648,2.434396,-0.933295,0.326574,-0.149363,-0.250101,-0.292630,0.922940,0.257700,0.898731,0.354786,0.033719,0.566983,0.803230,0.179486,0.770920,-3.090350,-0.571926,0.292822,-0.024540,0.085438,0.149363,-0.922940,-0.354786,0.000000,0.000000,0.000000,-1,0.598694,-0.935043,0.119705,0.773657,-3.191016,-0.567470,185.893585,157.332642,-768.711914,0,0
163.200000,0.367840,1.205325,2.353125,-0.895988,0.425075,-0.128518,-0.253487,-0.251936,0.933955,0.364623,0.869390,0.333483,0.074942,0.572401,0.787624,0.215383,1.235152,-2.889750,-0.430091,0.269920,0.255778,0.761583,0.128518,-0.933955,-0.333483,0.000000,0.000000,0.000000,-1,0.398438,-0.678177,0.428101,1.179352,-3.114448,-0.416984,186.068787,155.761063,-769.546997,0,0
163.240000,0.498161,1.283462,2.201754,-0.888219,0.439012,-0.135410,-0.228833,-0.167181,0.959003,0.398376,0.882790,0.248954,0.086615,0.606647,0.759005,0.219974,3.262873,1.646267,-0.164435,-0.135517,-0.173398,0.696463,0.135410,-0.959003,-0.248954,0.000000,0.000000,0.000000,-1,-0.195892,-1.231094,0.471680,3.025995,1.393875,-0.235368,182.915085,156.808777,-769.546997,0,0
163.280000,0.642741,1.366681,2.009320,-0.871288,0.475496,-0.121497,-0.183521,-0.086067,0.979241,0.455168,0.875498,0.162253,0.114594,0.636979,0.727944,0.226328,0.203657,-3.433784,0.191116,-0.736564,-0.366035,-0.153009,0.121497,-0.979241,-0.162253,0.000000,0.000000,0.000000,-1,-0.615067,-1.345276,-0.315262,0.206394,-3.534448,0.195572,182.039047,153.840240,-766.707886,0,0
163.320000,0.621058,1.399020,1.925423,-0.820054,0.563575,-0.099465,-0.160297,-0.059355,0.985283,0.549377,0.823929,0.139014,0.158340,0.636727,0.710356,0.254757,1.780596,-0.871070,0.297269,-0.076363,-0.108483,0.078421,0.099465,-0.985283,-0.139014,0.000000,0.000000,0.000000,-1,0.023102,-1.093765,-0.060593,1.542272,-1.171307,0.134017,179.410950,152.268661,-765.204895,0,0
163.360000,0.728366,1.439981,1.803426,-0.814228,0.574015,-0.086829,-0.126929,-0.030072,0.991456,0.566499,0.818292,0.097345,0.172119,0.649387,0.696715,0.251518,2.300828,-0.620368,0.619092,-0.024085,0.102479,0.164559,0.086829,-0.991456,-0.097345,0.000000,0.000000,0.000000,-1,0.065659,-0.785980,0.104309,2.254622,-0.731644,0.615618,176.082047,151.046326,-761.697876,0,0
163.400000,1.345022,1.500219,1.139015,-0.789285,0.610169,-0.068729,-0.064046,0.029511,0.997510,0.610678,0.791722,0.015786,0.203358,0.671381,0.666251,0.252988,0.516343,-0.795894,0.245977,0.031689,0.175947,0.152124,0.068729,-0.997510,-0.015786,0.000000,0.000000,0.000000,-1,0.100418,-0.821564,0.136337,0.519080,-0.896554,0.250426,176.432449,150.697083,-761.029846,0,0
163.440000,1.393884,1.508694,1.083524,-0.785743,0.615529,-0.061094,-0.054839,0.029059,0.998072,0.616118,0.787578,0.010922,0.208732,0.671543,0.664757,0.252110,0.210511,0.596934,0.056911,-0.007276,0.078456,-0.006885,0.061094,-0.998072,-0.010922,0.000000,0.000000,0.000000,-1,0.053818,-0.919617,-0.017807,0.118501,0.309684,0.066438,176.432449,150.697083,-761.029846,0,0
163.480000,1.760006,1.512107,0.743919,-0.802341,0.594079,-0.057608,-0.039720,0.043160,0.998278,0.595542,0.803248,-0.011032,0.203427,0.681273,0.661088,0.239680,1.013878,0.906700,0.171114,-0.052176,0.020632,-0.077454,0.057608,-0.998278,0.011032,0.000000,0.000000,0.000000,-1,0.005432,-0.977646,-0.066422,0.898594,0.863270,0.161713,175.556427,148.776260,-761.196838,0,0
163.520000,2.434186,1.489972,0.076045,-0.807063,0.588129,-0.052467,-0.006134,0.080503,0.996736,0.590433,0.804750,-0.061363,0.208445,0.698020,0.645213,0.230259,0.991062,-0.391221,0.024048,-0.089745,0.058595,-0.042916,0.052468,-0.996736,0.061363,0.000000,0.000000,0.000000,-1,-0.037277,-0.938141,0.018448,0.993799,-0.491879,0.028496,176.958069,148.427017,-757.522766,0,0
163.560000,2.680041,1.452864,-0.184817,-0.798845,0.599251,-0.052398,0.021622,0.115656,0.993054,0.601149,0.792163,-0.105348,0.218430,0.710607,0.628061,0.229926,1.073238,-0.010598,0.028870,-0.119415,0.069012,-0.025438,0.052398,-0.993054,0.105348,0.000000,0.000000,0.000000,-1,-0.067017,-0.924042,0.079910,1.064209,-0.206673,0.033879,176.958069,148.427017,-757.522766,0,0
163.600000,2.768421,1.426032,-0.267765,-0.802545,0.594269,-0.052593,0.038168,0.139119,0.989540,0.595369,0.792143,-0.134331,0.219469,0.720416,0.618283,0.224857,0.818910,0.297733,-0.095237,-0.025768,0.071892,-0.218056,0.052593,-0.989540,0.134331,0.000000,0.000000,0.000000,-1,0.026825,-0.917648,-0.083725,0.892963,0.167434,-0.062720,175.731628,148.252396,-756.687744,0,0
163.640000,2.789833,1.403125,-0.283406,-0.806325,0.588672,-0.057501,0.046666,0.160229,0.985976,0.589629,0.792333,-0.156668,0.218010,0.728564,0.610210,0.222057,0.381760,-0.087087,-0.065280,-0.154394,-0.040345,-0.079825,0.057501,-0.985976,0.156668,0.000000,0.000000,0.000000,-1,-0.096893,-1.026321,0.076843,0.384497,-0.187742,-0.060831,176.607666,147.379303,-755.518738,0,0
163.680000,2.818629,1.391274,-0.332763,-0.794271,0.604915,-0.056671,0.058328,0.168765,0.983929,0.604758,0.778201,-0.169328,0.227097,0.730131,0.603361,0.226476,0.210033,-0.626370,0.180511,-0.045929,-0.067722,-0.158403,0.056671,-0.983929,0.169328,0.000000,0.000000,0.000000,-1,0.010742,-1.051651,0.010925,0.237203,-0.704774,0.175016,176.607666,147.379303,-755.518738,0,0
163.720000,2.831569,1.388182,-0.368204,-0.780512,0.622681,-0.055403,0.065365,0.169429,0.983372,0.621714,0.763913,-0.172943,0.236115,0.728506,0.599612,0.232365,0.150229,-0.844814,0.154499,-0.071715,-0.011165,-0.047470,0.055403,-0.983372,0.172943,0.000000,0.000000,0.000000,-1,-0.016312,-0.994537,0.125473,0.156222,-0.883968,0.163953,174.154770,149.125504,-756.854797,0,0
163.760000,2.817314,1.382088,-0.412005,-0.743235,0.666356,-0.059771,0.075120,0.171892,0.982247,0.664800,0.725550,-0.177813,0.256264,0.723350,0.590239,0.250422,0.275062,-1.408920,0.104611,0.049085,-0.176368,-0.158983,0.059771,-0.982247,0.177813,0.000000,0.000000,0.000000,-1,0.108856,-1.158615,0.018829,0.277799,-1.509573,0.109059,175.731628,149.300125,-755.351746,0,0
163.800000,2.771080,1.377357,-0.393620,-0.724573,0.685674,-0.069607,0.073729,0.177534,0.981349,0.685243,0.705927,-0.179190,0.263193,0.721335,0.584775,0.261616,-0.263492,-0.440430,-0.250170,0.008655,-0.408757,-0.215292,0.069607,-0.981349,0.179190,0.000000,0.000000,0.000000,-1,0.078262,-1.390106,-0.036102,-0.183185,-0.518839,-0.261569,175.731628,149.300125,-755.351746,0,0
163.840000,2.718980,1.391450,-0.343017,-0.723158,0.686796,-0.073164,0.059997,0.167994,0.983961,0.688071,0.707170,-0.162692,0.260547,0.716562,0.590015,0.265586,-0.834112,0.429214,-0.063782,-0.163847,-0.209109,-0.172641,0.073164,-0.983961,0.162692,0.000000,0.000000,0.000000,-1,-0.090683,-1.193069,-0.009949,-0.691160,0.085801,-0.042764,173.453949,149.823975,-757.188782,0,1
163.880000,2.473535,1.448604,-0.003701,-0.782746,0.617745,-0.075505,0.000451,0.121888,0.992544,0.622342,0.776875,-0.095686,0.218548,0.707163,0.625534,0.246707,-2.202539,3.628301,-0.468414,-0.217809,0.019659,-0.023435,0.075505,-0.992544,0.095686,0.000000,0.000000,0.000000,-1,-0.142303,-0.972885,0.072250,-2.199802,3.527651,-0.463965,177.483688,151.395554,-760.027832,0,0
163.920000,1.284692,1.473008,1.301682,-0.845367,0.525911,-0.093664,-0.094118,0.025958,0.995223,0.525829,0.850144,0.027554,0.158998,0.678928,0.679515,0.228115,-3.224434,0.305256,-0.683616,-0.149709,-0.021715,-0.092609,0.093664,-0.995223,-0.027554,0.000000,0.000000,0.000000,-1,-0.056046,-1.016937,-0.120163,-3.253029,0.831223,-0.658249,177.483688,151.395554,-760.027832,0,0
163.960000,0.845672,1.435131,1.720851,-0.832355,0.544921,-0.101223,-0.133730,-0.020219,0.990812,0.537868,0.838243,0.089701,0.156655,0.656208,0.696828,0.243479,-2.918653,-1.811287,-0.926336,-0.037090,-0.236087,0.189707,0.101223,-0.990812,-0.089701,0.000000,0.000000,0.000000,-1,0.124115,-1.317047,0.187531,-3.020494,-1.513149,-0.823618,179.235748,158.031128,-767.709961,0,0
164.000000,0.639893,1.342143,1.906048,-0.813107,0.566161,-0.135345,-0.214047,-0.074575,0.973972,0.541332,0.820914,0.181823,0.141107,0.623841,0.719289,0.271174,-1.018915,3.536020,0.198681,-0.106277,-0.440609,0.571074,0.135345,-0.973972,-0.181823,0.000000,0.000000,0.000000,-1,0.029068,-1.414581,0.389252,-1.016178,3.435374,0.203121,180.286987,158.729599,-768.043945,0,0
164.040000,0.593931,1.294115,2.086348,-0.876951,0.455618,-0.152869,-0.237659,-0.134674,0.961967,0.417702,0.879929,0.226384,0.088514,0.615608,0.747999,0.231710,-2.473745,2.270332,0.351266,-0.533225,-0.337059,0.086629,0.152869,-0.961967,-0.226384,0.000000,0.000000,0.000000,-1,-0.380356,-1.299026,-0.139755,-2.292133,2.902174,0.274904,183.440689,161.174286,-768.377930,0,0
164.080000,0.460270,1.203976,2.277560,-0.897117,0.412071,-0.159309,-0.272741,-0.232898,0.933472,0.347554,0.880884,0.321325,0.060116,0.579416,0.782838,0.218695,-1.922652,1.572232,0.026036,-0.194343,0.023179,0.492422,0.159308,-0.933472,-0.321325,0.000000,0.000000,0.000000,-1,-0.035034,-0.910294,0.171097,-1.919914,1.471588,0.030476,184.667145,164.142822,-769.212952,0,0
164.120000,0.450770,1.165266,2.341786,-0.914360,0.366615,-0.171870,-0.282948,-0.274910,0.918893,0.289631,0.888830,0.355099,0.036913,0.566646,0.797554,0.203611,-1.843765,2.075128,0.262234,-0.012584,0.165262,0.503003,0.171870,-0.918893,-0.355099,0.000000,0.000000,0.000000,-1,0.224350,-0.689621,0.089096,-1.821963,1.975516,0.247311,188.171265,167.635223,-768.878967,0,0
164.160000,0.443718,1.105466,2.450053,-0.940339,0.280453,-0.192635,-0.286158,-0.345632,0.893673,0.184053,0.895480,0.405265,-0.002616,0.545308,0.820249,0.172695,-1.010373,1.470964,0.333414,0.057899,0.367276,0.362357,0.192635,-0.893673,-0.405265,0.000000,0.000000,0.000000,-1,0.250534,-0.526398,-0.042908,-1.096900,1.426497,0.353488,190.974548,169.032181,-768.210938,0,0
164.200000,0.443457,1.084284,2.502536,-0.951040,0.234953,-0.200797,-0.279430,-0.376044,0.883464,0.132064,0.896319,0.423286,-0.020722,0.536589,0.829212,0.155082,-0.352239,0.588736,0.238662,0.010293,0.418087,0.342079,0.200797,-0.883464,-0.423286,0.000000,0.000000,0.000000,-1,0.211090,-0.465378,-0.081207,-0.349560,0.488057,0.243114,191.500168,168.857559,-767.709961,0,0
164.240000,0.440386,1.093266,2.516654,-0.955119,0.222181,-0.195917,-0.268880,-0.372725,0.888133,0.124303,0.900950,0.415737,-0.021618,0.540059,0.828188,0.148234,0.552231,0.024773,0.275914,0.071646,0.482783,0.334194,0.195917,-0.888133,-0.415737,0.000000,0.000000,0.000000,-1,0.267563,-0.405350,-0.081543,0.554910,-0.075905,0.280366,192.551407,168.508316,-767.041931,0,0
164.280000,0.454927,1.139488,2.492461,-0.956877,0.225042,-0.183694,-0.252715,-0.333030,0.908420,0.143257,0.915668,0.375540,-0.012384,0.558638,0.816310,0.146316,1.349040,-0.259493,0.181190,0.058249,0.448749,0.213797,0.183694,-0.908420,-0.375540,0.000000,0.000000,0.000000,-1,0.241943,-0.459671,-0.161743,1.287961,-0.346380,0.191601,192.901825,167.809845,-767.709961,0,0
164.320000,0.485240,1.180438,2.453625,-0.957242,0.228448,-0.177482,-0.241618,-0.293966,0.924773,0.159089,0.928114,0.336594,-0.005717,0.575908,0.804332,0.146105,1.448917,-0.028462,0.117351,0.034249,0.203414,0.104950,0.177482,-0.924773,-0.336594,0.000000,0.000000,0.000000,-1,0.211731,-0.721359,-0.231644,1.478180,-0.216047,0.141049,192.726608,168.333710,-766.206909,0,1
164.360000,0.562101,1.211001,2.406319,-0.962151,0.197617,-0.187648,-0.236174,-0.261121,0.935969,0.135965,0.944861,0.297911,-0.016275,0.592267,0.793912,0.136599,-0.125687,1.144789,-0.133327,0.116673,-0.719656,-0.442431,0.187648,-0.935969,-0.297911,0.000000,0.000000,0.000000,-1,0.304321,-1.655624,-0.740341,-0.123008,1.044113,-0.128875,193.252228,169.206802,-765.705933,0,0
164.400000,0.476569,1.170945,2.511912,-0.966992,0.181759,-0.178577,-0.229243,-0.314624,0.921119,0.111238,0.931652,0.345906,-0.020771,0.571503,0.810482,0.126777,-2.185902,0.120359,0.419481,-0.150729,-0.445855,-1.078975,0.178577,-0.921119,-0.345906,0.000000,0.000000,0.000000,-1,0.027847,-1.366974,-1.424881,-2.166963,-0.035304,0.518672,194.303467,168.159088,-763.701904,0,0
164.440000,0.420643,1.146657,2.586660,-0.971933,0.164639,-0.168050,-0.216833,-0.349779,0.911393,0.091271,0.922252,0.375661,-0.023374,0.558232,0.821184,0.116135,0.191030,0.742842,0.486207,0.086604,0.397966,-0.135035,0.168050,-0.911393,-0.375661,0.000000,0.000000,0.000000,-1,0.254654,-0.513428,-0.510696,0.193709,0.642168,0.490659,194.303467,168.508316,-764.703857,0,0
164.480000,0.468861,1.145373,2.602458,-0.976853,0.104780,-0.186490,-0.211881,-0.354165,0.910864,0.029392,0.929295,0.368168,-0.047811,0.560027,0.821460,0.096371,-0.198090,1.682104,-0.272174,0.106036,-0.118967,0.214466,0.186490,-0.910864,-0.368168,0.000000,0.000000,0.000000,-1,0.292526,-1.029831,-0.153702,-0.195411,1.581430,-0.267722,195.529907,169.032181,-761.864868,0,0
164.520000,0.514994,1.144410,2.585268,-0.975859,0.078767,-0.203702,-0.218400,-0.351216,0.910466,0.000171,0.932975,0.359940,-0.062082,0.562295,0.819606,0.090643,0.110726,-0.221673,-0.032967,-0.075162,-0.004420,0.086792,0.203702,-0.910466,-0.359940,0.000000,0.000000,0.000000,-1,0.128540,-0.914886,-0.273148,0.088155,0.141991,-0.052671,196.405945,168.508316,-759.693848,0,0
164.560000,0.426807,1.163509,2.501939,-0.957220,0.238412,-0.163980,-0.236451,-0.317808,0.918199,0.166796,0.917692,0.360585,0.000867,0.565426,0.811728,0.146251,1.087193,-4.935209,-0.639413,0.388113,-0.417845,0.654835,0.163980,-0.918199,-0.360585,0.000000,0.000000,0.000000,-1,0.552094,-1.336044,0.294250,1.089872,-5.035881,-0.634962,193.602646,168.159088,-761.029846,0,0
164.600000,0.526951,1.261413,2.332515,-0.943187,0.294878,-0.153119,-0.220331,-0.210136,0.952522,0.248702,0.932143,0.263168,0.030744,0.606194,0.777253,0.165715,2.350593,0.827974,-0.031545,-0.358242,0.089362,0.814773,0.153119,-0.952522,-0.263168,0.000000,0.000000,0.000000,-1,-0.205566,-0.948318,0.451645,2.302206,0.908530,-0.073088,191.500168,164.666687,-760.361816,0,0
164.640000,0.635579,1.315312,2.201263,-0.938357,0.311414,-0.150022,-0.204130,-0.148980,0.967541,0.278956,0.938523,0.203366,0.042595,0.629685,0.756753,0.170315,1.879366,-1.711405,-0.140409,-0.386503,-0.404773,0.203305,0.150022,-0.967541,-0.203366,0.000000,0.000000,0.000000,-1,-0.372894,-1.605835,-0.292511,2.031424,-1.412282,-0.075585,191.500168,164.317444,-759.025818,0,0
164.680000,0.687430,1.354307,2.023558,-0.895394,0.423900,-0.136303,-0.193159,-0.093965,0.976658,0.401197,0.900822,0.166016,0.090215,0.639416,0.734060,0.210153,1.150113,-0.552079,0.211296,-0.264019,-0.149609,0.032975,0.136303,-0.976658,-0.166016,0.000000,0.000000,0.000000,-1,-0.127716,-1.126266,-0.133041,1.152792,-0.652747,0.215748,187.996048,163.968201,-757.355774,0,0
164.720000,0.838350,1.407922,1.871927,-0.899018,0.420986,-0.120569,-0.154859,-0.048095,0.986765,0.409615,0.905791,0.108432,0.100803,0.660017,0.716859,0.200822,1.836135,0.171308,0.418532,-0.193598,0.155039,0.146106,0.120569,-0.986765,-0.108432,0.000000,0.000000,0.000000,-1,-0.073029,-0.831726,0.037674,1.857162,0.085588,0.492920,186.944809,162.571243,-757.689819,0,0
164.760000,1.145836,1.445309,1.554389,-0.897005,0.427060,-0.114026,-0.125142,0.002054,0.992137,0.423936,0.904221,0.051601,0.111064,0.679606,0.697595,0.197895,0.829996,-0.290335,0.130673,-0.120160,0.169108,0.184887,0.114026,-0.992137,-0.051601,0.000000,0.000000,0.000000,-1,-0.006134,-0.823029,0.133286,0.832674,-0.391001,0.135125,188.171265,161.348907,-755.184753,0,0
164.800000,1.259259,1.456278,1.439222,-0.897241,0.427935,-0.108768,-0.113281,0.014991,0.993450,0.426762,0.903685,0.035026,0.114828,0.685056,0.692329,0.195433,0.644732,0.236742,0.233517,-0.064029,0.113353,0.104362,0.108768,-0.993450,-0.035026,0.000000,0.000000,0.000000,-1,0.059830,-0.905197,0.022888,0.635587,-0.029318,0.237782,188.696869,160.475800,-754.349731,0,0
164.840000,1.748944,1.470030,1.003783,-0.921128,0.376458,-0.099004,-0.084854,0.054032,0.994927,0.379898,0.924857,-0.017826,0.103279,0.705866,0.679939,0.169615,1.133299,1.272484,0.172399,-0.058385,0.045632,0.015789,0.099004,-0.994927,0.017826,0.000000,0.000000,0.000000,-1,0.011368,-0.942535,0.061920,1.125458,1.283151,0.183910,186.769608,159.602707,-753.180725,0,0
164.880000,2.262426,1.455369,0.514324,-0.931658,0.352341,-0.088706,-0.056658,0.100271,0.993346,0.358890,0.930485,-0.073455,0.101890,0.725497,0.662935,0.154238,1.283810,0.198638,0.270258,-0.130728,0.100478,0.013871,0.088706,-0.993346,0.073455,0.000000,0.000000,0.000000,-1,-0.041367,-0.900024,0.066925,1.286489,0.097973,0.274709,186.594406,158.380356,-752.345703,0,0
164.920000,2.536386,1.431959,0.240379,-0.932882,0.351471,-0.078735,-0.032947,0.134413,0.990378,0.358672,0.926499,-0.113811,0.107839,0.738428,0.648972,0.148087,1.378526,-0.006942,0.337156,-0.076508,0.079031,-0.122677,0.078735,-0.990378,0.113811,0.000000,0.000000,0.000000,-1,0.056824,-0.944290,-0.066269,1.381205,-0.107606,0.341607,186.944809,157.332642,-752.011719,0,0
164.960000,2.758837,1.380145,0.001925,-0.928343,0.364924,-0.070773,-0.000365,0.189498,0.981881,0.371724,0.911548,-0.175786,0.120359,0.757236,0.625112,0.146090,0.722462,-0.919338,-0.064218,0.042370,0.047509,-0.340230,0.070773,-0.981881,0.175786,0.000000,0.000000,0.000000,-1,0.050095,-0.931152,-0.075287,0.838218,-0.788792,-0.005679,186.243988,156.983398,-750.341675,0,0
165.000000,2.727404,1.365209,-0.019374,-0.907639,0.411633,-0.082157,0.003955,0.204104,0.978941,0.419733,0.888200,-0.186881,0.137056,0.758061,0.615763,0.165518,0.261851,-1.738739,0.036037,-0.148273,-0.090410,-0.125479,0.082157,-0.978941,0.186881,0.000000,0.000000,0.000000,-1,-0.061935,-1.090164,0.057281,0.264529,-1.839402,0.040489,184.141525,157.681885,-748.337646,0,0
165.040000,2.709876,1.363500,-0.051766,-0.885845,0.455920,-0.086119,0.010650,0.205539,0.978591,0.463860,0.865963,-0.186931,0.154554,0.754704,0.611019,0.182184,0.107475,-1.548684,0.223031,-0.141112,-0.106050,-0.115215,0.086119,-0.978591,0.186931,0.000000,0.000000,0.000000,-1,-0.047623,-1.085983,0.083649,0.110154,-1.649346,0.227483,183.791107,157.332642,-750.341675,0,0
165.080000,2.695571,1.352722,-0.100771,-0.855224,0.509785,-0.093329,0.021765,0.215252,0.976316,0.517801,0.832938,-0.195184,0.176570,0.752606,0.600997,0.203005,0.349766,-0.467644,-0.029173,0.030466,-0.262011,-0.138925,0.093329,-0.976316,0.195184,0.000000,0.000000,0.000000,-1,0.114777,-1.259369,0.025177,0.372673,-0.726216,0.015126,183.090286,155.237198,-750.675659,0,0
165.120000,2.668752,1.347019,-0.077642,-0.853153,0.511778,-0.101064,0.017213,0.221246,0.975066,0.521378,0.830140,-0.197566,0.175476,0.753652,0.598820,0.206475,-0.198338,-0.019536,-0.287904,-0.103124,-0.364686,-0.202510,0.101064,-0.975066,0.197566,0.000000,0.000000,0.000000,-1,-0.046402,-1.407333,0.000244,-0.195718,-0.120233,-0.283440,183.615906,155.411819,-749.506653,0,1
165.160000,2.613017,1.364307,-0.001563,-0.862754,0.494940,-0.103395,0.000320,0.205024,0.978757,0.505624,0.844393,-0.177044,0.165277,0.749137,0.608417,0.203240,-1.252619,1.286806,-0.168362,-0.180116,-0.332980,-0.221630,0.103395,-0.978757,0.177044,0.000000,0.000000,0.000000,-1,-0.070801,-1.173721,-0.059677,-1.249999,1.186110,-0.163898,182.564667,155.062576,-750.174683,0,0
165.200000,2.309185,1.421695,0.417285,-0.911741,0.395801,-0.109860,-0.060204,0.135803,0.988905,0.406329,0.908239,-0.099988,0.114503,0.732723,0.647292,0.176120,-2.453117,3.098060,-0.585600,-0.065152,0.191923,-0.094098,0.109860,-0.988905,0.099988,0.000000,0.000000,0.000000,-1,0.057373,-0.803391,0.049728,-2.288681,3.045148,-0.534205,184.667145,155.411819,-750.842712,0,0
165.240000,1.432485,1.439984,1.391981,-0.941808,0.310333,-0.129194,-0.128360,0.023201,0.991456,0.310679,0.950345,0.017984,0.065206,0.697679,0.695807,0.157620,-3.040999,0.700187,-0.361938,-0.166975,-0.008147,0.057351,0.129194,-0.991456,-0.017984,0.000000,0.000000,0.000000,-1,-0.037781,-0.999603,0.039368,-3.038379,0.599492,-0.357473,184.141525,157.332642,-753.347717,0,0
165.280000,0.862292,1.371049,1.937934,-0.928206,0.340194,-0.150668,-0.185198,-0.071222,0.980117,0.322699,0.937654,0.129112,0.058957,0.657243,0.729476,0.180058,-2.396875,-1.661933,-1.052983,0.021756,-0.389054,0.227577,0.150668,-0.980117,-0.129112,0.000000,0.000000,0.000000,-1,0.217834,-1.376083,0.100372,-2.394256,-1.762626,-1.048520,186.068787,157.158020,-755.518738,0,0
165.320000,0.635635,1.294905,2.089269,-0.894934,0.415860,-0.161723,-0.236604,-0.134991,0.962183,0.378302,0.899354,0.219202,0.072207,0.620633,0.749854,0.217530,-1.337023,-0.843099,-0.124843,0.120473,-0.343222,0.492640,0.161723,-0.962183,-0.219202,0.000000,0.000000,0.000000,-1,0.244858,-1.205917,0.239914,-1.346612,-1.402927,-0.162849,184.667145,157.856506,-756.854797,0,0
165.360000,0.653371,1.259650,2.186876,-0.931116,0.313671,-0.186099,-0.249865,-0.176906,0.951983,0.265688,0.932907,0.243095,0.025953,0.614637,0.766668,0.183761,-1.290123,4.126756,0.303227,-0.023211,-0.192441,0.658150,0.186099,-0.951983,-0.243095,0.000000,0.000000,0.000000,-1,0.108871,-1.177917,0.288849,-1.287504,4.026064,0.307690,184.316727,158.205734,-759.526794,0,0
165.400000,0.574106,1.215892,2.350368,-0.952451,0.239208,-0.188722,-0.247148,-0.244285,0.937680,0.178199,0.939736,0.291789,-0.003336,0.595058,0.788753,0.154154,-2.527104,1.432305,0.721533,-0.444017,-0.229450,0.448573,0.188722,-0.937680,-0.291789,0.000000,0.000000,0.000000,-1,-0.248871,-1.012344,0.163803,-2.524485,1.331614,0.725996,186.243988,159.777328,-759.025818,0,0
165.440000,0.496991,1.155420,2.483698,-0.962292,0.192292,-0.192398,-0.246742,-0.319309,0.914964,0.114506,0.927936,0.354716,-0.023987,0.567509,0.811837,0.135198,-1.818357,1.212972,0.095628,-0.180954,0.256883,0.258723,0.192398,-0.914964,-0.354716,0.000000,0.000000,0.000000,-1,0.143204,-0.676071,-0.090668,-1.962295,1.170638,0.131227,186.068787,159.602707,-759.860840,0,0
165.480000,0.491313,1.109990,2.548996,-0.967391,0.141929,-0.209788,-0.248356,-0.368851,0.895694,0.049745,0.918589,0.392072,-0.048446,0.549197,0.825880,0.118142,-1.068630,1.374161,0.112166,0.124883,0.251301,0.393399,0.209788,-0.895694,-0.392072,0.000000,0.000000,0.000000,-1,0.366364,-0.579132,0.005981,-1.120334,1.302048,0.084123,186.419205,159.951935,-760.862854,0,0
165.520000,0.478499,1.086835,2.601318,-0.970893,0.107083,-0.214241,-0.239332,-0.399017,0.885159,0.009300,0.910669,0.413032,-0.061425,0.538248,0.834108,0.103828,-0.321636,-0.000666,0.282460,0.149833,0.427151,0.278052,0.214241,-0.885158,-0.413032,0.000000,0.000000,0.000000,-1,0.364075,-0.458008,-0.134979,-0.319017,-0.101355,0.286923,187.120026,163.444336,-760.862854,0,0
165.560000,0.432983,1.103796,2.622589,-0.974018,0.124926,-0.188899,-0.223311,-0.390924,0.892923,0.037704,0.911906,0.408664,-0.045393,0.541856,0.832707,0.104550,0.659557,-0.699163,0.393934,0.142079,0.449914,0.336795,0.188899,-0.892923,-0.408664,0.000000,0.000000,0.000000,-1,0.295700,-0.439560,-0.068222,0.556895,-0.820001,0.395393,186.944809,161.872757,-762.031860,0,1
165.600000,0.426563,1.152973,2.608204,-0.976202,0.137270,-0.167886,-0.206317,-0.349406,0.913974,0.066801,0.926861,0.369412,-0.030788,0.560666,0.820826,0.104647,1.308239,-0.181872,0.325945,0.026816,0.343387,0.272717,0.167886,-0.913974,-0.369412,0.000000,0.000000,0.000000,-1,0.194702,-0.570587,-0.096695,1.310858,-0.282558,0.330408,186.068787,161.348907,-762.866882,0,0
165.640000,0.445044,1.194929,2.589358,-0.978495,0.132571,-0.158027,-0.192567,-0.312515,0.930189,0.073931,0.940616,0.331323,-0.025966,0.577637,0.809681,0.100391,1.374614,0.201990,0.369221,-0.033180,0.231322,0.136209,0.158027,-0.930189,-0.331323,0.000000,0.000000,0.000000,-1,0.111725,-0.807724,-0.249146,1.377233,0.101304,0.373684,185.718369,159.951935,-762.198853,0,0
165.680000,0.457962,1.228024,2.603646,-0.983625,0.101986,-0.148597,-0.172209,-0.288630,0.941826,0.053163,0.951994,0.301466,-0.029743,0.590239,0.802141,0.085457,-0.494881,0.650969,0.729253,-0.064063,-0.464271,-0.246110,0.148597,-0.941826,-0.301466,0.000000,0.000000,0.000000,-1,0.066025,-1.744171,-0.792358,-0.150478,0.685731,0.557016,185.017548,159.602707,-760.528809,0,0
165.720000,0.325458,1.210171,2.735080,-0.988584,0.099857,-0.112824,-0.139524,-0.324104,0.935676,0.056867,0.940737,0.334336,-0.017197,0.576660,0.813484,0.073566,-0.825928,-0.718993,0.621013,-0.301515,-0.258705,-1.227691,0.112824,-0.935676,-0.334336,0.000000,0.000000,0.000000,-1,-0.188690,-1.194382,-1.562027,-0.823309,-0.819678,0.625475,185.192749,159.777328,-760.027832,0,0
165.760000,0.314795,1.214491,2.734958,-0.988094,0.109572,-0.108000,-0.137963,-0.320371,0.937192,0.068090,0.940934,0.331673,-0.012281,0.577938,0.812425,0.076172,0.737406,0.418683,-0.055540,-0.092696,0.234387,-0.582725,0.108000,-0.937192,-0.331673,0.000000,0.000000,0.000000,-1,0.221375,-0.689926,-0.394165,0.740025,0.317999,-0.051077,183.615906,158.904221,-761.196838,0,0
165.800000,0.382506,1.213275,2.716128,-0.989336,0.064443,-0.130619,-0.144441,-0.318754,0.936767,0.018733,0.945644,0.324663,-0.034478,0.580069,0.811288,0.064368,-0.663060,1.495397,-0.345995,0.357083,-0.598328,0.462023,0.130619,-0.936767,-0.324663,0.000000,0.000000,0.000000,-1,0.593933,-1.494171,0.023819,-0.660441,1.394715,-0.341532,184.842346,159.777328,-760.695801,0,0
165.840000,0.384242,1.197847,2.723700,-0.988976,0.057195,-0.136584,-0.147871,-0.333009,0.931257,0.007780,0.941188,0.337795,-0.039489,0.574058,0.815442,0.062870,-0.396859,-1.062364,0.004068,0.176359,-0.328631,0.246425,0.136584,-0.931257,-0.337795,0.000000,0.000000,0.000000,-1,0.074966,-1.068130,-0.680847,-0.356594,-0.631869,0.015292,184.842346,160.475800,-760.027832,0,0
165.880000,0.322439,1.205710,2.648007,-0.975495,0.188704,-0.113136,-0.169156,-0.314415,0.934093,0.140696,0.930341,0.338631,0.008499,0.574989,0.810639,0.110364,0.738098,-2.874746,-0.330026,0.415200,0.280208,0.798317,0.113136,-0.934093,-0.338631,0.000000,0.000000,0.000000,-1,0.523972,-0.520889,0.494690,0.740710,-2.975431,-0.325552,183.265488,160.999664,-762.866882,0,0
165.920000,0.333825,1.246888,2.568333,-0.962231,0.251469,-0.104285,-0.172623,-0.267394,0.947999,0.210507,0.930196,0.300704,0.033388,0.590367,0.795350,0.133304,1.913976,1.188028,-0.313455,0.389352,0.248109,0.682387,0.104285,-0.947999,-0.300704,0.000000,0.000000,0.000000,-1,0.442474,-0.851715,0.315994,1.526981,0.271034,-0.270155,183.265488,160.999664,-762.866882,0,0
165.960000,0.556272,1.353851,2.366369,-0.967463,0.226047,-0.113656,-0.150646,-0.153744,0.976560,0.203274,0.961907,0.182794,0.029521,0.638538,0.758947,0.124084,1.719339,-1.979577,0.599700,-0.441705,-0.384051,0.170404,0.113656,-0.976560,-0.182794,0.000000,0.000000,0.000000,-1,-0.328049,-1.360611,-0.012390,1.721950,-2.080259,0.604174,183.440689,160.825043,-760.695801,0,0
166.000000,0.505663,1.378287,2.305994,-0.939427,0.329984,-0.092674,-0.141904,-0.128327,0.981527,0.311996,0.935223,0.167379,0.073350,0.641038,0.747518,0.157818,0.822458,-3.722933,-0.340956,-0.440193,-0.171457,-0.029947,0.092674,-0.981527,-0.167379,0.000000,0.000000,0.000000,-1,-0.143265,-1.066269,-0.126297,0.825069,-3.823615,-0.336482,181.863846,158.554977,-760.862854,0,0
166.040000,0.646145,1.424063,2.098444,-0.916633,0.389915,-0.088033,-0.126322,-0.073616,0.989254,0.379244,0.917904,0.116733,0.100311,0.656941,0.725772,0.177823,1.466881,-0.507597,0.168227,0.057688,-0.108753,0.170307,0.088033,-0.989254,-0.116733,0.000000,0.000000,0.000000,-1,0.145721,-1.098007,0.053574,1.456528,-0.616839,0.119695,181.863846,158.554977,-760.862854,0,0
166.080000,0.873539,1.465780,1.852640,-0.910893,0.404742,-0.080359,-0.100688,-0.029154,0.994491,0.400170,0.913966,0.067309,0.112863,0.673504,0.708406,0.178369,1.401889,-0.365630,0.102352,-0.170111,0.177245,0.227130,0.080359,-0.994491,-0.067309,0.000000,0.000000,0.000000,-1,-0.089752,-0.817245,0.159821,1.404500,-0.466309,0.106824,180.286987,158.380356,-758.357788,0,0
166.120000,1.278842,1.485368,1.440449,-0.908685,0.409408,-0.081713,-0.084600,0.011090,0.996353,0.408821,0.912284,0.024558,0.117969,0.688334,0.693209,0.178160,0.830582,0.030619,-0.095258,-0.161669,0.136948,0.130042,0.081713,-0.996353,-0.024558,0.000000,0.000000,0.000000,-1,-0.057693,-0.903488,0.055740,0.833137,-0.070097,-0.090773,180.987808,158.729599,-756.687744,0,0
166.160000,1.521893,1.489912,1.201308,-0.910698,0.405112,-0.080700,-0.075344,0.029179,0.996731,0.406143,0.913801,0.003950,0.118505,0.695688,0.686562,0.174950,0.605132,0.293869,0.118783,-0.094509,0.013332,-0.108798,0.080700,-0.996731,-0.003950,0.000000,0.000000,0.000000,-1,0.018814,-0.989151,-0.126556,0.607686,0.193154,0.123268,180.987808,158.729599,-756.687744,0,0
166.200000,2.021015,1.489207,0.697425,-0.909875,0.408342,-0.073378,-0.052342,0.062469,0.996673,0.411567,0.910689,-0.035465,0.125620,0.708486,0.673042,0.171120,0.678161,-0.563710,0.206946,0.019823,0.007767,-0.003864,0.073378,-0.996673,0.035465,0.000000,0.000000,0.000000,-1,0.093201,-0.988907,0.031601,0.680716,-0.664424,0.211430,181.338226,157.681885,-756.019775,0,0
166.240000,2.298491,1.481706,0.404822,-0.904316,0.421661,-0.066437,-0.035042,0.081781,0.996034,0.425422,0.903058,-0.059180,0.135169,0.715066,0.663957,0.171963,0.988899,-0.310277,0.232161,-0.048019,0.120119,0.102609,0.066437,-0.996034,0.059180,0.000000,0.000000,0.000000,-1,0.018417,-0.875916,0.161789,0.991454,-0.410990,0.236646,178.885345,158.380356,-756.687744,0,0
166.280000,2.653748,1.439985,0.041399,-0.901822,0.427761,-0.061140,-0.005399,0.130327,0.991456,0.432074,0.894447,-0.115223,0.144112,0.732696,0.643481,0.168287,1.355384,-0.204407,0.127655,-0.072034,0.096086,0.027462,0.061140,-0.991456,0.115223,0.000000,0.000000,0.000000,-1,-0.011353,-0.891342,0.123154,1.354699,-0.272284,0.111816,180.111786,156.808777,-755.184753,0,0
166.320000,2.790036,1.402335,-0.107456,-0.897013,0.438216,-0.057737,0.017982,0.166699,0.985844,0.441638,0.883277,-0.157411,0.153051,0.745172,0.627077,0.167537,1.083161,-0.385673,0.151684,-0.115294,0.101368,-0.213045,0.057737,-0.985844,0.157411,0.000000,0.000000,0.000000,-1,-0.057556,-0.884476,-0.055634,1.085716,-0.486385,0.156168,179.235748,157.681885,-754.349731,0,0
166.360000,2.836395,1.371649,-0.174214,-0.888296,0.455409,-0.059445,0.034291,0.194839,0.980236,0.457990,0.868701,-0.188691,0.162447,0.753629,0.613345,0.171648,0.577455,-0.655172,0.021254,-0.079511,-0.049153,-0.230561,0.059445,-0.980236,0.188691,0.000000,0.000000,0.000000,-1,0.005066,-1.051575,-0.060287,0.580009,-0.755883,0.025739,179.936569,155.935684,-753.681763,0,0
166.400000,2.837632,1.366052,-0.213474,-0.870415,0.488543,-0.060853,0.043074,0.198702,0.979113,0.490430,0.849614,-0.193997,0.176691,0.752182,0.607807,0.183228,-0.002734,-1.339745,0.243482,-0.020845,-0.088239,-0.315930,0.060853,-0.979113,0.193997,0.000000,0.000000,0.000000,-1,0.003464,-1.108002,-0.095444,0.055083,-1.372631,0.227905,179.936569,155.935684,-753.681763,0,0
166.440000,2.822351,1.378335,-0.297124,-0.817681,0.572533,-0.060031,0.056000,0.182894,0.981536,0.572941,0.799222,-0.181611,0.212742,0.738611,0.602739,0.214244,-0.087053,-1.970510,0.285552,-0.106265,-0.220017,-0.236695,0.060031,-0.981537,0.181611,0.000000,0.000000,0.000000,-1,-0.046234,-1.201553,-0.055084,-0.084498,-2.071219,0.290037,179.060547,156.110306,-754.182739,0,0
166.480000,2.784417,1.385215,-0.298890,-0.794166,0.604267,-0.064513,0.054333,0.176337,0.982829,0.605267,0.777024,-0.172872,0.224928,0.732014,0.601032,0.228746,-0.437043,-0.815324,-0.006198,-0.114867,-0.343053,-0.180273,0.064513,-0.982829,0.172872,0.000000,0.000000,0.000000,-1,-0.033829,-1.383102,0.016083,-0.434489,-0.916033,-0.001714,177.483688,156.284927,-752.011719,0,0
166.520000,2.701711,1.425806,-0.175331,-0.817430,0.572732,-0.061525,0.025203,0.142267,0.989507,0.575476,0.807303,-0.130728,0.206779,0.722915,0.621377,0.220289,-1.525116,2.483692,-0.234603,0.015486,-0.097620,-0.070318,0.061525,-0.989507,0.130728,0.000000,0.000000,0.000000,-1,0.077011,-1.087128,0.060410,-1.342966,1.977019,-0.168570,177.834106,157.681885,-753.681763,0,0
166.560000,1.972491,1.490475,0.706435,-0.892939,0.444079,-0.073848,-0.052083,0.061033,0.996776,0.447155,0.893906,-0.031370,0.139102,0.704511,0.670920,0.184881,-3.040047,2.564466,-0.791614,0.062413,0.160121,-0.229857,0.073848,-0.996776,0.031370,0.000000,0.000000,0.000000,-1,0.136261,-0.836655,-0.198486,-3.037493,2.463759,-0.787129,179.410950,158.904221,-755.852783,0,1
166.600000,0.982647,1.458466,1.715310,-0.898008,0.429981,-0.093259,-0.110926,-0.016143,0.993698,0.425766,0.902693,0.062192,0.118260,0.674476,0.702912,0.192381,-3.014524,-0.887367,-0.647603,-0.141309,-0.055298,0.072996,0.093259,-0.993698,-0.062192,0.000000,0.000000,0.000000,-1,0.010422,-1.108475,0.039154,-3.011969,-0.988073,-0.643122,181.163025,158.205734,-756.854797,0,0
166.640000,0.542484,1.350468,2.045688,-0.839632,0.531307,-0.112830,-0.194365,-0.099930,0.975826,0.507188,0.841265,0.187172,0.135209,0.623003,0.729166,0.248802,-1.908599,-3.028020,-0.716082,0.158182,-0.518483,0.424568,0.112830,-0.975826,-0.187172,0.000000,0.000000,0.000000,-1,0.271011,-1.494308,0.237396,-2.112845,-3.162862,-0.849578,178.009308,159.602707,-757.522766,0,0
166.680000,0.458154,1.323275,2.082400,-0.812995,0.572098,-0.108363,-0.213632,-0.119947,0.969523,0.541664,0.811367,0.219735,0.147663,0.606901,0.733600,0.267765,0.213975,1.684882,0.141285,0.230565,-0.219183,0.821267,0.108363,-0.969523,-0.219735,0.000000,0.000000,0.000000,-1,0.338928,-1.188705,0.601532,0.216530,1.584179,0.145767,177.133286,162.222000,-759.025818,0,0
166.720000,0.483242,1.288187,2.153986,-0.860096,0.493402,-0.129574,-0.232769,-0.153566,0.960331,0.453931,0.856138,0.246931,0.107865,0.604069,0.751763,0.241489,-2.251419,3.377523,-0.175315,0.062137,-0.067150,0.391615,0.129574,-0.960331,-0.246931,0.000000,0.000000,0.000000,-1,0.191711,-1.027481,0.144684,-2.248864,3.276820,-0.170834,178.184509,159.777328,-759.025818,0,0
166.760000,0.445833,1.188962,2.292707,-0.896560,0.412749,-0.160679,-0.279671,-0.246237,0.927983,0.343459,0.876930,0.336200,0.058044,0.573176,0.787242,0.219888,-2.180441,1.245568,-0.088824,-0.248737,0.029515,0.267871,0.160679,-0.927983,-0.336200,0.000000,0.000000,0.000000,-1,-0.069153,-0.836914,-0.106827,-2.312664,1.241412,-0.038617,179.235748,162.920486,-759.693848,0,0
166.800000,0.455082,1.122725,2.332369,-0.906541,0.376727,-0.190420,-0.313550,-0.298954,0.901284,0.282611,0.876758,0.389137,0.028617,0.551917,0.805393,0.214267,-1.083523,0.714045,-0.337852,0.028590,0.267617,0.278358,0.190420,-0.901284,-0.389137,0.000000,0.000000,0.000000,-1,0.219009,-0.633667,-0.110779,-1.080968,0.613344,-0.333371,178.359726,162.396622,-761.530823,0,0
166.840000,0.454912,1.098117,2.350105,-0.909618,0.364115,-0.200040,-0.323881,-0.319961,0.890352,0.260185,0.874669,0.408972,0.018514,0.543297,0.812181,0.211774,-0.626409,0.447365,-0.014061,0.103824,0.336702,0.324682,0.200040,-0.890352,-0.408972,0.000000,0.000000,0.000000,-1,0.303864,-0.553650,-0.084290,-0.623854,0.346664,-0.009580,179.235748,164.317444,-761.363831,0,0
166.880000,0.454087,1.096802,2.359880,-0.912740,0.356117,-0.200216,-0.321563,-0.323942,0.889752,0.251997,0.876494,0.410189,0.015914,0.542819,0.813460,0.208271,0.375202,-0.157774,0.136124,-0.011846,0.380109,0.305269,0.200216,-0.889752,-0.410189,0.000000,0.000000,0.000000,-1,0.184311,-0.504471,-0.106644,0.262945,-0.181100,0.127693,178.009308,163.095108,-760.862854,0,0
166.920000,0.471257,1.134773,2.334561,-0.913476,0.358880,-0.191744,-0.305028,-0.292109,0.906438,0.269292,0.886497,0.376303,0.024131,0.557912,0.803413,0.206590,1.133145,-0.020019,0.080345,-0.010226,0.398122,0.215796,0.191744,-0.906438,-0.376303,0.000000,0.000000,0.000000,-1,0.181519,-0.508316,-0.160507,1.135699,-0.120718,0.084825,179.060547,161.698135,-762.532837,0,0
166.960000,0.514514,1.166938,2.299271,-0.917209,0.348324,-0.193385,-0.293230,-0.261612,0.919551,0.269710,0.900127,0.342092,0.024036,0.573041,0.793869,0.202034,1.150699,0.717878,0.073630,0.009587,0.297237,0.042990,0.193385,-0.919551,-0.342092,0.000000,0.000000,0.000000,-1,0.202972,-0.622314,-0.299103,1.153254,0.617180,0.078111,179.060547,163.095108,-761.530823,0,0
167.000000,0.595339,1.188427,2.246827,-0.923915,0.320312,-0.209242,-0.291057,-0.233462,0.927783,0.248330,0.918094,0.308928,0.012445,0.587691,0.785224,0.194648,0.729399,1.358563,-0.416056,0.135836,-0.128171,-0.263429,0.209242,-0.927783,-0.308928,0.000000,0.000000,0.000000,-1,0.376801,-1.272736,-0.700821,0.731954,1.257865,-0.411575,179.060547,161.698135,-759.860840,0,1
167.040000,0.656664,1.174135,2.239793,-0.932922,0.272085,-0.235853,-0.303063,-0.239608,0.922356,0.194447,0.931964,0.305995,-0.013150,0.588922,0.787167,0.182664,-0.649054,0.352904,-0.079336,-0.041639,-0.367973,-0.821660,0.235853,-0.922356,-0.305995,0.000000,0.000000,0.000000,-1,0.194214,-1.290329,-1.127655,-0.646499,0.252207,-0.074855,178.009308,160.301178,-759.192810,0,0
167.080000,0.654233,1.163070,2.261054,-0.936036,0.256143,-0.241304,-0.305752,-0.252480,0.918025,0.174221,0.933083,0.314647,-0.021200,0.585002,0.791069,0.177575,-0.356645,0.643755,0.153338,0.065306,0.079020,-0.478719,0.241304,-0.918025,-0.314647,0.000000,0.000000,0.000000,-1,0.344849,-0.817780,-0.700226,-0.354090,0.543060,0.157818,179.235748,162.920486,-759.359802,0,0
167.120000,0.643420,1.165079,2.288421,-0.941391,0.240244,-0.236781,-0.297338,-0.259539,0.918820,0.159287,0.935373,0.315761,-0.024424,0.584400,0.793204,0.169434,-0.071199,0.429868,0.334116,0.152776,0.028027,-0.029789,0.236781,-0.918820,-0.315761,0.000000,0.000000,0.000000,-1,0.433792,-1.008408,-0.236649,-0.068645,0.329173,0.338597,177.483688,161.872757,-760.027832,0,0
167.160000,0.634551,1.151463,2.288336,-0.937482,0.250738,-0.241366,-0.306759,-0.267716,0.913360,0.164397,0.930300,0.327895,-0.024180,0.579196,0.795785,0.175141,-0.172524,-0.791028,-0.082628,0.387250,-0.119629,0.195418,0.241366,-0.913360,-0.327895,0.000000,0.000000,0.000000,-1,0.628616,-1.032990,-0.132477,-0.170026,-0.891758,-0.078135,176.607666,162.396622,-760.528809,0,0
167.200000,0.614220,1.169654,2.253673,-0.927286,0.299165,-0.225036,-0.302911,-0.246397,0.920616,0.219968,0.921840,0.319101,-0.001605,0.583478,0.789428,0.190669,0.853638,-2.082298,-0.048753,0.095993,0.234321,0.632105,0.225036,-0.920616,-0.319101,0.000000,0.000000,0.000000,-1,0.321030,-0.686295,0.313004,0.993342,-2.159686,-0.034177,175.556427,162.745865,-761.864868,0,0
167.240000,0.676452,1.199502,2.164096,-0.919659,0.320369,-0.227137,-0.300816,-0.202854,0.931858,0.252463,0.925318,0.282928,0.008164,0.598723,0.775474,0.200260,2.076471,1.126489,-0.376681,-0.032573,-0.551525,0.494324,0.227137,-0.931858,-0.282928,0.000000,0.000000,0.000000,-1,0.194565,-1.483383,0.211395,1.841667,0.809454,-0.384552,174.505188,161.698135,-761.196838,0,0
167.280000,0.811934,1.276177,2.013823,-0.922291,0.324013,-0.210702,-0.262343,-0.124477,0.956913,0.283825,0.937828,0.199807,0.024393,0.632061,0.749429,0.195601,1.595230,-1.362187,0.801434,-0.661737,0.017536,0.540566,0.210702,-0.956913,-0.199807,0.000000,0.000000,0.000000,-1,-0.451035,-0.939377,0.340759,1.597729,-1.462915,0.805927,176.958069,159.951935,-758.858826,0,0
167.320000,0.831343,1.305584,1.940751,-0.908424,0.370488,-0.193660,-0.244381,-0.094773,0.965037,0.339181,0.923989,0.176635,0.049282,0.639730,0.738213,0.208229,0.916593,-1.591482,-0.088892,-0.492244,-0.006322,0.292037,0.193660,-0.965037,-0.176635,0.000000,0.000000,0.000000,-1,-0.281799,-1.013504,-0.100266,0.919091,-1.692209,-0.084399,173.804367,158.904221,-757.522766,0,0
167.360000,0.928516,1.334452,1.844331,-0.911348,0.366459,-0.187492,-0.225445,-0.063253,0.972200,0.344412,0.928282,0.140261,0.053952,0.653421,0.727128,0.203507,0.973725,0.260666,0.589281,-0.058951,-0.098219,0.008105,0.187491,-0.972200,-0.140261,0.000000,0.000000,0.000000,-1,0.128540,-1.070419,-0.132156,0.921833,0.388807,0.501860,173.278748,159.428085,-757.021790,0,0
167.400000,1.007088,1.374860,1.751255,-0.911544,0.376839,-0.164563,-0.191524,-0.034942,0.980866,0.363878,0.925620,0.104025,0.069595,0.665691,0.715980,0.198456,1.206734,-0.579115,0.524552,-0.111890,0.065949,0.127340,0.164563,-0.980866,-0.104025,0.000000,0.000000,0.000000,-1,0.038589,-0.849136,0.045166,1.209233,-0.679841,0.529045,172.227509,158.031128,-756.019775,0,0
167.440000,1.134690,1.402883,1.603050,-0.906813,0.393375,-0.151483,-0.167038,-0.005389,0.985936,0.387026,0.919362,0.070596,0.083637,0.676540,0.704059,0.198994,1.199517,-0.568852,0.299077,-0.113138,0.223759,0.125055,0.151483,-0.985936,-0.070596,0.000000,0.000000,0.000000,-1,0.049454,-0.773911,0.044647,1.202015,-0.669578,0.303570,172.052307,156.808777,-755.518738,0,0
167.480000,1.412518,1.428991,1.316686,-0.906572,0.398307,-0.139564,-0.136792,0.035528,0.989962,0.399267,0.916564,0.022276,0.094370,0.692789,0.687990,0.194443,0.651266,0.367155,0.199843,-0.134193,0.076800,0.071333,0.139564,-0.989963,-0.022276,0.000000,0.000000,0.000000,-1,0.015091,-0.940643,0.059921,0.679147,0.155090,0.191793,170.825867,158.380356,-754.349731,0,0
167.520000,1.616043,1.438220,1.137216,-0.917586,0.374964,-0.132053,-0.119957,0.055535,0.991225,0.379007,0.925375,-0.005979,0.090633,0.703403,0.681189,0.181638,0.838887,0.942876,0.215387,-0.028263,0.008910,0.037188,0.132053,-0.991225,0.005979,0.000000,0.000000,0.000000,-1,0.125443,-0.980347,0.022049,0.841385,0.842152,0.219880,170.475449,155.586441,-754.349731,0,0
167.560000,2.003471,1.435926,0.795581,-0.936016,0.330111,-0.122071,-0.096042,0.094106,0.990919,0.338601,0.939239,-0.056380,0.081022,0.722236,0.668119,0.159460,1.022730,1.044592,0.171417,-0.054734,0.030424,-0.091384,0.122071,-0.990919,0.056380,0.000000,0.000000,0.000000,-1,0.017227,-0.962845,-0.043930,1.024256,0.979942,0.192777,170.825867,158.031128,-753.013733,0,0
167.600000,2.216113,1.423195,0.602706,-0.943435,0.310041,-0.117493,-0.083368,0.121154,0.989127,0.320905,0.942972,-0.088453,0.077240,0.733662,0.658374,0.149387,0.957053,0.356396,0.093340,-0.156723,0.036246,-0.128614,0.117493,-0.989127,0.088453,0.000000,0.000000,0.000000,-1,-0.022430,-0.955475,-0.020996,0.972407,0.433774,0.087314,171.351486,157.158020,-753.848755,0,0
167.640000,2.442313,1.396686,0.325781,-0.927942,0.355655,-0.111504,-0.055443,0.164120,0.984881,0.368578,0.920094,-0.132575,0.100640,0.745761,0.638601,0.160937,0.911548,-1.687405,0.286025,-0.074150,0.014071,-0.162773,0.111504,-0.984881,0.132575,0.000000,0.000000,0.000000,-1,0.037354,-0.970810,-0.030197,0.914046,-1.788125,0.290518,171.001068,156.110306,-752.846741,0,0
167.680000,2.528094,1.374823,0.181782,-0.906257,0.407592,-0.112107,-0.035202,0.191513,0.980859,0.421260,0.892856,-0.159212,0.123938,0.751163,0.623605,0.177514,0.930188,-1.333602,0.081053,-0.050263,0.028115,-0.153078,0.112107,-0.980859,0.159212,0.000000,0.000000,0.000000,-1,0.061844,-0.952744,0.006134,0.966865,-1.552966,0.151655,170.650650,156.110306,-750.174683,0,0
167.720000,2.543461,1.355466,0.126240,-0.889073,0.441671,-0.120317,-0.026902,0.211969,0.976906,0.456974,0.871777,-0.176574,0.137415,0.754589,0.612480,0.191260,0.250762,-0.856688,-0.031683,-0.221163,-0.038658,-0.086700,0.120317,-0.976906,0.176574,0.000000,0.000000,0.000000,-1,-0.118439,-1.019424,0.077896,0.328648,-0.955326,-0.053560,170.825867,155.935684,-750.341675,0,0
167.760000,2.536019,1.355300,0.087797,-0.867767,0.481834,-0.121721,-0.018750,0.213009,0.976870,0.496617,0.849979,-0.175808,0.154136,0.751097,0.608061,0.205811,0.114318,-1.050368,0.196203,-0.233674,-0.112729,-0.133419,0.121721,-0.976870,0.175808,0.000000,0.000000,0.000000,-1,-0.084625,-1.136063,0.024551,0.116816,-1.151086,0.200695,171.176270,155.935684,-748.337646,0,0
167.800000,2.538272,1.352537,0.062715,-0.856553,0.501222,-0.122855,-0.013571,0.216105,0.976276,0.515880,0.837900,-0.178303,0.162516,0.750160,0.604596,0.212866,0.089683,-0.413451,0.017023,-0.234015,-0.266308,-0.204548,0.122855,-0.976276,0.178303,0.000000,0.000000,0.000000,-1,-0.111160,-1.242584,-0.026245,0.142188,-0.535351,0.035952,170.125046,155.586441,-750.341675,0,0
167.840000,2.514106,1.361876,0.069981,-0.847685,0.516336,-0.121770,-0.014502,0.206896,0.978255,0.530302,0.831018,-0.167895,0.168311,0.745399,0.606814,0.218699,-0.446095,0.013064,0.229492,-0.247716,-0.375550,-0.126040,0.121770,-0.978255,0.167895,0.000000,0.000000,0.000000,-1,-0.092545,-1.329529,0.056549,-0.370602,-0.417422,0.204884,170.125046,155.586441,-749.005676,0,1
167.880000,2.426856,1.400327,0.239725,-0.887032,0.448120,-0.111189,-0.040280,0.164794,0.985505,0.459948,0.878653,-0.128127,0.138114,0.738233,0.631290,0.193413,-1.899336,2.546213,-0.257361,0.024187,-0.045058,-0.132705,0.111188,-0.985505,0.128127,0.000000,0.000000,0.000000,-1,0.135376,-1.030563,-0.004578,-1.896838,2.445497,-0.252868,170.475449,155.237198,-747.001648,0,0
167.920000,1.998495,1.434476,0.786969,-0.931275,0.342689,-0.123658,-0.096246,0.095944,0.990723,0.351374,0.934537,-0.056368,0.085365,0.721732,0.666889,0.164546,-2.676573,3.487991,-0.747675,0.134964,0.076141,-0.117540,0.123658,-0.990723,0.056368,0.000000,0.000000,0.000000,-1,0.258621,-0.914581,-0.061172,-2.549533,3.462589,-0.719364,171.526688,155.586441,-749.673706,0,0
167.960000,1.255627,1.426634,1.616417,-0.954039,0.266746,-0.136587,-0.143514,-0.006552,0.989627,0.263084,0.963745,0.044532,0.044666,0.689738,0.708012,0.144863,-2.769753,0.297462,-0.274850,-0.078237,-0.108640,0.016716,0.136587,-0.989627,-0.044532,0.000000,0.000000,0.000000,-1,0.094894,-1.155014,-0.019089,-2.825060,0.723776,-0.200828,171.001068,155.761063,-753.848755,0,0
168.000000,0.782156,1.337700,2.010512,-0.922493,0.350001,-0.162805,-0.209017,-0.098329,0.972956,0.324527,0.931574,0.163864,0.054707,0.644263,0.739034,0.189104,-2.169011,-3.340042,-0.932006,0.176795,-0.396032,0.205826,0.162805,-0.972956,-0.163864,0.000000,0.000000,0.000000,-1,0.339600,-1.368988,0.041962,-2.166511,-3.440756,-0.927511,174.855606,155.411819,-755.852783,0,0
168.040000,0.583932,1.275840,2.143525,-0.878521,0.453667,-0.149624,-0.244310,-0.157537,0.956815,0.410504,0.877136,0.249235,0.086286,0.606578,0.755859,0.230856,-0.766998,0.472056,0.183088,0.123905,-0.140109,0.661879,0.149624,-0.956815,-0.249235,0.000000,0.000000,0.000000,-1,0.273529,-1.096924,0.412643,-1.019504,-0.787478,0.183922,172.052307,158.205734,-756.854797,0,0
168.080000,0.614876,1.265105,2.167486,-0.914045,0.366581,-0.173607,-0.248948,-0.169107,0.953639,0.320228,0.914889,0.245832,0.048038,0.612190,0.763051,0.201667,-0.665499,4.031775,-0.131937,0.092476,0.025447,0.577985,0.173607,-0.953639,-0.245832,0.000000,0.000000,0.000000,-1,0.222214,-0.913391,0.173981,-0.415207,3.959712,-0.114348,174.680389,156.634155,-759.025818,0,0
168.120000,0.572442,1.191018,2.325202,-0.942267,0.267969,-0.200811,-0.270132,-0.253886,0.928747,0.197892,0.929373,0.311616,-0.000922,0.586678,0.791797,0.169899,-2.350814,1.247991,0.108755,-0.267690,-0.006373,0.355408,0.200811,-0.928747,-0.311616,0.000000,0.000000,0.000000,-1,-0.066879,-0.935120,0.043793,-2.348314,1.147280,0.113249,174.680389,156.634155,-759.025818,0,0
168.160000,0.519808,1.143683,2.405855,-0.946830,0.247335,-0.205762,-0.278014,-0.307095,0.910165,0.161928,0.918976,0.359530,-0.013557,0.565731,0.808309,0.162484,-1.471318,0.518493,0.026818,-0.104291,0.181085,0.221636,0.205762,-0.910165,-0.359530,0.000000,0.000000,0.000000,-1,0.183563,-0.707443,-0.122910,-1.468872,0.417746,0.031324,176.607666,159.951935,-761.196838,0,0
168.200000,0.500969,1.113224,2.454409,-0.951370,0.223333,-0.212172,-0.280243,-0.341505,0.897128,0.127901,0.912960,0.387485,-0.025737,0.552807,0.818590,0.153794,-0.477491,0.578189,0.232593,0.119096,0.195132,0.385074,0.212172,-0.897128,-0.387485,0.000000,0.000000,0.000000,-1,0.333755,-0.673935,0.029495,-0.536919,0.472059,0.182492,179.410950,159.253464,-762.532837,0,0
168.240000,0.467349,1.112637,2.491887,-0.955311,0.218344,-0.199265,-0.267569,-0.352185,0.896868,0.125648,0.910105,0.394869,-0.022391,0.549604,0.821944,0.147794,0.129912,-0.792526,0.318245,0.105728,0.348788,0.227312,0.199265,-0.896868,-0.394869,0.000000,0.000000,0.000000,-1,0.315506,-0.563309,-0.187286,0.132358,-0.893271,0.322752,177.133286,160.126556,-763.033875,0,0
168.280000,0.410280,1.144260,2.504364,-0.953095,0.253729,-0.165019,-0.246151,-0.332527,0.910404,0.176123,0.908321,0.379385,0.003401,0.557042,0.816242,0.153104,0.937066,-0.877224,0.389510,0.079976,0.391254,0.263830,0.165019,-0.910404,-0.379385,0.000000,0.000000,0.000000,-1,0.244995,-0.519150,-0.115555,0.856667,-1.025631,0.425992,175.206009,159.951935,-762.866882,0,0
168.320000,0.400471,1.180294,2.491798,-0.951323,0.270117,-0.148398,-0.230304,-0.303079,0.924718,0.204806,0.913882,0.350535,0.017475,0.569585,0.806991,0.155027,1.324808,-0.689745,0.266317,0.038247,0.330586,0.126734,0.148398,-0.924718,-0.350535,0.000000,0.000000,0.000000,-1,0.177017,-0.571152,-0.243347,1.267831,-0.757588,0.294732,175.206009,159.951935,-762.866882,0,1
168.360000,0.431420,1.241336,2.427834,-0.945683,0.295602,-0.135289,-0.211810,-0.244561,0.946217,0.246617,0.923477,0.293888,0.035317,0.593134,0.788056,0.160970,1.314444,-0.420854,-0.000711,0.009074,-0.007534,0.028782,0.135289,-0.946217,-0.293888,0.000000,0.000000,0.000000,-1,0.144363,-0.953751,-0.265106,1.316890,-0.521597,0.003795,176.782867,158.729599,-762.365845,0,0
168.400000,0.426903,1.253343,2.438474,-0.948717,0.288499,-0.129246,-0.201835,-0.238116,0.950033,0.243308,0.927399,0.284134,0.036281,0.597174,0.785965,0.155966,-0.882293,0.217925,0.378027,-0.146000,-0.874887,-0.614014,0.129246,-0.950033,-0.284134,0.000000,0.000000,0.000000,-1,-0.016754,-1.824921,-0.898148,-0.594999,0.165910,0.350454,172.928329,157.332642,-758.691772,0,0
168.440000,0.353704,1.217734,2.516170,-0.950803,0.285709,-0.119767,-0.202429,-0.280323,0.938318,0.234513,0.916400,0.324368,0.035890,0.580110,0.799296,0.152678,-1.270183,-0.235010,0.233299,-0.173310,-0.242834,-1.133716,0.119767,-0.938318,-0.324368,0.000000,0.000000,0.000000,-1,0.020691,-0.913208,-1.220810,-1.488595,-0.226473,0.290805,172.928329,157.332642,-758.691772,0,0
168.480000,0.333415,1.210736,2.542276,-0.953018,0.280107,-0.115308,-0.198742,-0.290927,0.935876,0.228599,0.914823,0.332928,0.035287,0.576447,0.802632,0.149150,0.069031,0.434068,0.275087,0.213443,0.304497,0.048473,0.115308,-0.935876,-0.332928,0.000000,0.000000,0.000000,-1,0.328751,-0.631378,-0.284454,0.071476,0.333328,0.279593,173.629166,158.031128,-762.031860,0,0
168.520000,0.393860,1.189879,2.557322,-0.966755,0.212205,-0.142670,-0.205066,-0.310101,0.928324,0.152753,0.926718,0.343307,0.003115,0.573007,0.809346,0.128892,-0.324485,1.905759,-0.347365,0.144333,-0.171926,0.352997,0.142670,-0.928324,-0.343307,0.000000,0.000000,0.000000,-1,0.287003,-1.100250,0.009689,-0.504767,1.910001,-0.327491,175.206009,159.951935,-762.866882,0,0
168.560000,0.437982,1.193440,2.538003,-0.969381,0.189419,-0.156270,-0.209140,-0.303357,0.929642,0.128686,0.933860,0.333684,-0.008543,0.577135,0.807221,0.123436,0.492141,-0.359585,-0.137654,-0.123815,0.127213,0.086126,0.156270,-0.929642,-0.333684,0.000000,0.000000,0.000000,-1,0.020996,-0.807800,-0.482330,0.386845,0.190725,-0.079585,175.206009,159.951935,-762.866882,0,0
168.600000,0.336228,1.210068,2.451213,-0.924418,0.363167,-0.116450,-0.224773,-0.272131,0.935640,0.308104,0.891097,0.333193,0.060249,0.574259,0.795258,0.184827,0.835305,-4.498108,-0.485486,0.656835,-0.368636,0.748644,0.116450,-0.935640,-0.333193,0.000000,0.000000,0.000000,-1,0.773285,-1.304276,0.415451,0.837751,-4.598847,-0.480980,176.432449,156.983398,-762.365845,0,0
168.640000,0.376090,1.256760,2.345689,-0.900331,0.420158,-0.113455,-0.220708,-0.216119,0.951095,0.375090,0.881340,0.287310,0.084376,0.590953,0.775203,0.206677,1.467008,0.674850,-0.367938,0.352350,0.249266,0.397799,0.113455,-0.951094,-0.287310,0.000000,0.000000,0.000000,-1,0.465805,-0.701828,0.110489,1.321263,0.199808,-0.395212,172.052307,154.713348,-762.866882,0,0
168.680000,0.528281,1.313797,2.230065,-0.914370,0.384074,-0.128119,-0.200913,-0.155695,0.967157,0.351512,0.910080,0.219528,0.073818,0.620312,0.756570,0.193302,2.600379,1.348755,0.066481,-0.303000,0.020563,0.671997,0.128119,-0.967157,-0.219528,0.000000,0.000000,0.000000,-1,-0.261169,-1.104111,0.420105,2.507004,1.435563,-0.003263,172.052307,154.713348,-762.866882,0,0
168.720000,0.724896,1.375671,1.984638,-0.896585,0.423801,-0.128560,-0.177522,-0.077969,0.981023,0.405735,0.902393,0.145140,0.095189,0.646815,0.727958,0.206510,0.912070,-2.916884,-0.186054,-0.736546,-0.372050,-0.100679,0.128560,-0.981023,-0.145140,0.000000,0.000000,0.000000,-1,-0.607986,-1.353073,-0.245819,0.914516,-3.017620,-0.181548,172.753128,152.967148,-758.190796,0,0
168.760000,0.726823,1.403603,1.885640,-0.854436,0.507652,-0.110583,-0.158235,-0.051534,0.986056,0.494874,0.860020,0.124361,0.134849,0.647793,0.712448,0.233662,1.051612,-0.810570,0.301786,-0.140673,0.071200,0.075426,0.110583,-0.986056,-0.124361,0.000000,0.000000,0.000000,-1,-0.030090,-0.914856,-0.048935,0.915425,-1.279254,0.270123,172.052307,152.967148,-757.188782,0,0
168.800000,0.858164,1.438311,1.757256,-0.858219,0.503457,-0.099951,-0.129808,-0.024488,0.991237,0.496598,0.863673,0.086369,0.141333,0.660939,0.701619,0.225644,1.227287,0.519054,0.378946,0.027323,0.026851,0.129521,0.099951,-0.991237,-0.086369,0.000000,0.000000,0.000000,-1,0.105942,-0.914398,0.049973,1.292437,0.374856,0.386148,172.052307,152.967148,-757.188782,0,0
168.840000,1.043942,1.471595,1.574314,-0.861906,0.499788,-0.085608,-0.099038,-0.000348,0.995084,0.497301,0.866147,0.049798,0.148866,0.673008,0.691385,0.216531,0.583935,-0.266810,0.222580,0.012872,0.173093,0.166528,0.085608,-0.995084,-0.049798,0.000000,0.000000,0.000000,-1,0.112778,-0.832077,0.121460,0.586380,-0.367543,0.227086,170.475449,152.792526,-757.021790,0,0
168.880000,1.311582,1.488791,1.291104,-0.855148,0.512302,-0.079177,-0.078731,0.022613,0.996639,0.512370,0.858508,0.020996,0.159093,0.681316,0.680722,0.217061,0.792912,-0.263815,0.096872,0.013612,0.050350,0.083435,0.079177,-0.996639,-0.020996,0.000000,0.000000,0.000000,-1,0.092789,-0.946289,0.062439,0.754973,-0.418595,0.116959,170.125046,153.141754,-756.019775,0,0
168.920000,1.684213,1.493305,0.923963,-0.858695,0.506682,-0.076916,-0.061776,0.046654,0.996999,0.508750,0.860870,-0.008761,0.160788,0.691757,0.671431,0.211659,1.102892,0.622491,0.073500,-0.029004,0.016256,-0.004794,0.076916,-0.996999,0.008761,0.000000,0.000000,0.000000,-1,0.046387,-0.991669,0.004684,1.070128,0.381805,0.073707,169.424210,152.443283,-754.349731,0,0
168.960000,2.237711,1.476116,0.400643,-0.874653,0.479025,-0.074282,-0.036871,0.087052,0.995521,0.483346,0.873474,-0.058478,0.155542,0.710666,0.657481,0.196164,1.010018,0.646715,-0.031958,-0.100756,0.118965,0.042153,0.074282,-0.995521,0.058478,0.000000,0.000000,0.000000,-1,-0.026474,-0.876556,0.100632,1.012463,0.545985,-0.027452,170.825867,151.046326,-754.349731,0,0
169.000000,2.596663,1.442730,0.075922,-0.891695,0.447769,-0.066203,-0.009687,0.127348,0.991811,0.452533,0.885034,-0.109218,0.150146,0.729428,0.643259,0.177789,1.098265,0.725574,0.235834,-0.111109,0.085530,-0.052883,0.066203,-0.991811,0.109218,0.000000,0.000000,0.000000,-1,-0.044907,-0.906281,0.056335,1.108161,0.711758,0.224974,171.001068,151.919418,-752.178711,0,0
169.040000,2.737506,1.416931,-0.057216,-0.895739,0.440478,-0.060258,0.008764,0.153008,0.988186,0.444494,0.884629,-0.140916,0.151796,0.739875,0.632814,0.170553,1.016318,0.002272,0.079381,0.084349,0.055828,-0.423814,0.060258,-0.988186,0.140916,0.000000,0.000000,0.000000,-1,0.155853,-0.945847,-0.275146,1.037074,0.025645,0.121418,170.125046,151.395554,-751.343689,0,0
169.080000,2.774099,1.382913,-0.120425,-0.884070,0.462511,-0.067106,0.022439,0.185427,0.982402,0.466815,0.867006,-0.174308,0.161873,0.748967,0.617320,0.178219,0.570458,-0.942674,-0.113547,-0.123121,-0.033223,-0.069267,0.067106,-0.982402,0.174308,0.000000,0.000000,0.000000,-1,-0.056015,-1.015625,0.105042,0.572903,-1.043403,-0.109041,170.650650,151.220947,-750.174683,0,0
169.120000,2.756369,1.373162,-0.149839,-0.861329,0.502662,-0.073782,0.029311,0.194150,0.980534,0.507202,0.842399,-0.181961,0.177821,0.747904,0.609348,0.194204,0.017727,-1.065157,0.227106,-0.173895,-0.078441,-0.187713,0.073782,-0.980534,0.181961,0.000000,0.000000,0.000000,-1,-0.100113,-1.058975,-0.005753,0.061465,-1.151114,0.183222,170.650650,151.220947,-749.506653,0,0
169.160000,2.761603,1.378275,-0.192047,-0.842108,0.534619,-0.070968,0.036520,0.187816,0.981525,0.538071,0.823958,-0.177686,0.192199,0.742901,0.607578,0.204953,-0.070419,-1.362947,0.314519,-0.135909,-0.037533,-0.179898,0.070968,-0.981525,0.177686,0.000000,0.000000,0.000000,-1,-0.036942,-1.039902,0.005219,-0.073159,-1.391550,0.338967,169.599426,151.220947,-750.508667,0,0
169.200000,2.745766,1.383548,-0.242438,-0.804749,0.589260,-0.071776,0.044690,0.180712,0.982520,0.591931,0.787474,-0.171762,0.215813,0.734374,0.602552,0.225943,-0.077139,-1.268741,0.189701,-0.000732,-0.276864,-0.196359,0.071776,-0.982520,0.171762,0.000000,0.000000,0.000000,-1,0.071045,-1.259384,-0.024597,-0.074749,-1.369503,0.194219,169.599426,151.570175,-750.174683,0,0
169.240000,2.700744,1.402760,-0.230559,-0.784320,0.616238,-0.071366,0.038220,0.162821,0.985915,0.619178,0.770545,-0.151256,0.225896,0.724292,0.606268,0.238351,-0.607843,0.082956,0.147965,-0.079712,-0.381242,-0.100063,0.071365,-0.985915,0.151256,0.000000,0.000000,0.000000,-1,-0.008347,-1.367157,0.051193,-0.580180,-0.356005,0.156922,168.898590,150.871704,-750.174683,0,1
169.280000,2.629772,1.426483,-0.116492,-0.809612,0.582724,-0.070435,0.016715,0.142839,0.989605,0.586727,0.800019,-0.125384,0.207926,0.720735,0.620764,0.227949,-1.423024,2.158942,-0.487458,-0.084351,-0.235218,-0.028537,0.070435,-0.989605,0.125384,0.000000,0.000000,0.000000,-1,0.028656,-1.088837,0.066742,-1.202364,1.829378,-0.351349,171.176270,151.046326,-751.677734,0,0
169.320000,1.908420,1.472088,0.744249,-0.879727,0.466298,-0.092984,-0.066758,0.072492,0.995132,0.470768,0.881653,-0.032644,0.141796,0.704426,0.666069,0.200075,-2.839145,2.890886,-0.912341,0.076449,0.159851,-0.159353,0.092984,-0.995132,0.032644,0.000000,0.000000,0.000000,-1,0.169434,-0.835281,-0.126709,-2.836754,2.790126,-0.907824,172.928329,150.697083,-753.681763,0,0
169.360000,0.928731,1.412522,1.750941,-0.885350,0.447462,-0.126227,-0.155064,-0.028240,0.987501,0.438304,0.893857,0.094388,0.110116,0.663838,0.708516,0.212601,-2.628796,-1.446015,-0.631285,-0.055777,-0.068194,0.042309,0.126227,-0.987501,-0.094388,0.000000,0.000000,0.000000,-1,0.070450,-1.055695,-0.052078,-2.737885,-1.132299,-0.671021,174.855606,151.220947,-757.188782,0,0
169.400000,0.651488,1.353970,1.955051,-0.847079,0.515209,-0.130449,-0.199443,-0.080646,0.976585,0.492626,0.853262,0.171068,0.124999,0.631539,0.724361,0.246649,-2.073205,-3.128224,-0.406435,0.037611,-0.221871,0.172976,0.130449,-0.976585,-0.171068,0.000000,0.000000,0.000000,-1,0.204773,-1.265869,0.023376,-2.129299,-3.064705,-0.438181,176.082047,152.443283,-758.357788,0,0
169.440000,0.483989,1.299840,2.040932,-0.800673,0.586014,-0.124543,-0.238614,-0.121249,0.963515,0.549533,0.801178,0.236912,0.144624,0.600523,0.734648,0.280620,-0.102550,0.857425,-0.218508,0.164596,-0.337602,0.911274,0.124543,-0.963515,-0.236912,0.000000,0.000000,0.000000,-1,0.289139,-1.301117,0.674362,-0.100159,0.756668,-0.213991,174.154770,154.014862,-761.196838,0,0
169.480000,0.586414,1.281054,2.084629,-0.871231,0.464714,-0.158103,-0.248812,-0.140430,0.958318,0.423141,0.874254,0.237973,0.088353,0.610907,0.749939,0.237861,-1.958805,3.723984,0.340020,-0.046042,-0.071178,0.524029,0.158103,-0.958317,-0.237973,0.000000,0.000000,0.000000,-1,0.112061,-1.029495,0.286057,-1.493189,3.689881,0.245524,176.432449,153.490997,-759.693848,0,0
169.520000,0.474435,1.222955,2.277579,-0.904264,0.397565,-0.155721,-0.259215,-0.221357,0.940111,0.339285,0.890473,0.303220,0.058892,0.587300,0.779237,0.210713,-2.774607,1.182654,1.052961,-0.491033,-0.217146,0.233091,0.155721,-0.940111,-0.303220,0.000000,0.000000,0.000000,-1,-0.420029,-1.066803,-0.177811,-2.839274,1.537617,0.943407,177.483688,154.538727,-762.031860,0,0
169.560000,0.381237,1.155618,2.404512,-0.916108,0.371785,-0.150075,-0.271105,-0.298656,0.915045,0.295379,0.878965,0.374394,0.045151,0.557462,0.804543,0.199769,-0.935147,0.772566,-0.235541,-0.061467,0.266531,0.200261,0.150075,-0.915045,-0.374394,0.000000,0.000000,0.000000,-1,0.214386,-0.688171,-0.124985,-0.932757,0.671812,-0.231024,177.308487,156.110306,-764.536865,0,0
169.600000,0.382397,1.127790,2.441197,-0.925983,0.342491,-0.158920,-0.276278,-0.327746,0.903467,0.257344,0.880501,0.398110,0.030220,0.547752,0.814223,0.189988,-0.726604,0.781963,0.371628,0.301224,0.265223,0.484490,0.158920,-0.903467,-0.398110,0.000000,0.000000,0.000000,-1,0.460144,-0.638245,0.086380,-0.731807,0.659950,0.340159,177.483688,155.586441,-763.701904,0,0
169.640000,0.358621,1.120219,2.478708,-0.932511,0.327202,-0.152848,-0.267995,-0.343258,0.900196,0.242079,0.880405,0.407780,0.027235,0.543478,0.819077,0.181667,-0.127304,0.024021,0.438649,0.159194,0.433628,0.245961,0.152848,-0.900196,-0.407780,0.000000,0.000000,0.000000,-1,0.276474,-0.475479,-0.170807,-0.260923,0.076980,0.432270,179.235748,156.983398,-765.037903,0,0
169.680000,0.332810,1.144461,2.499996,-0.935201,0.327331,-0.135103,-0.247492,-0.331302,0.910487,0.253271,0.884926,0.390846,0.036245,0.550694,0.815069,0.176311,0.837246,-0.221123,0.271693,0.046629,0.435084,0.231330,0.135103,-0.910487,-0.390846,0.000000,0.000000,0.000000,-1,0.165405,-0.479614,-0.179230,0.839636,-0.321876,0.276211,176.958069,155.761063,-763.868896,0,0
169.720000,0.361509,1.192090,2.465025,-0.935087,0.329413,-0.130764,-0.231489,-0.288280,0.929144,0.268376,0.899100,0.345822,0.042926,0.570304,0.801434,0.174968,1.163873,0.214161,-0.039158,0.008029,0.384878,0.155392,0.130764,-0.929144,-0.345822,0.000000,0.000000,0.000000,-1,0.143143,-0.591370,-0.194214,1.177960,0.009542,-0.013027,177.133286,155.935684,-764.703857,0,1
169.760000,0.427925,1.217941,2.413832,-0.938378,0.314454,-0.143410,-0.229879,-0.258032,0.938390,0.258076,0.913531,0.314418,0.036182,0.584365,0.792280,0.171762,0.882575,0.925091,-0.349872,0.013436,0.171666,0.076228,0.143410,-0.938390,-0.314418,0.000000,0.000000,0.000000,-1,0.095169,-1.152786,-0.428925,0.962548,0.699264,-0.327562,178.534927,153.141754,-764.369873,0,0
169.800000,0.468520,1.220008,2.424106,-0.951087,0.267122,-0.155176,-0.225940,-0.258918,0.939102,0.210677,0.928228,0.306607,0.017493,0.588549,0.793192,0.155404,-0.767373,0.907303,0.531070,-0.287271,-1.046417,-0.998233,0.155176,-0.939102,-0.306607,0.000000,0.000000,0.000000,-1,-0.143372,-1.845764,-1.493576,-0.764982,0.806553,0.535587,179.761368,154.014862,-761.196838,0,0
169.840000,0.440152,1.177537,2.495931,-0.959386,0.230043,-0.163273,-0.230582,-0.306064,0.923665,0.162511,0.923799,0.346677,-0.000236,0.571543,0.808104,0.142502,-0.546608,0.624375,-0.077470,-0.075612,0.081853,-0.748294,0.163273,-0.923665,-0.346677,0.000000,0.000000,0.000000,-1,0.187561,-0.761002,-0.943039,-0.814250,0.682610,-0.101542,180.286987,153.490997,-763.033875,0,0
169.880000,0.444301,1.182996,2.504884,-0.962570,0.216886,-0.162541,-0.224832,-0.304057,0.925743,0.151359,0.927637,0.341439,-0.003462,0.573819,0.807475,0.136759,0.321532,0.603851,0.366198,0.209896,0.217079,-0.146080,0.162541,-0.925743,-0.341439,0.000000,0.000000,0.000000,-1,0.478745,-0.740494,0.083344,0.322469,0.350323,0.298024,179.235748,154.189484,-762.031860,0,0
169.920000,0.495628,1.171699,2.522668,-0.970725,0.153426,-0.184806,-0.225442,-0.316505,0.921412,0.082877,0.936101,0.341828,-0.031432,0.572798,0.810719,0.116831,-0.380527,1.817897,-0.262328,0.224206,-0.191457,0.370255,0.184806,-0.921412,-0.341828,0.000000,0.000000,0.000000,-1,0.353683,-1.012177,-0.031906,-0.378136,1.717149,-0.257811,180.286987,153.141754,-762.365845,0,0
169.960000,0.540971,1.165387,2.514920,-0.971850,0.119408,-0.203101,-0.231294,-0.319453,0.918941,0.044848,0.940049,0.338079,-0.048797,0.573218,0.810768,0.108139,0.312583,-0.925958,-0.287368,-0.148520,0.054027,-0.068659,0.203101,-0.918941,-0.338079,0.000000,0.000000,0.000000,-1,0.096222,-0.975479,-0.493500,0.147925,-0.243079,-0.195194,181.688629,152.792526,-762.699829,0,0
170.000000,0.482278,1.177034,2.465492,-0.959065,0.220296,-0.177943,-0.240081,-0.299266,0.923472,0.150185,0.928391,0.339905,-0.008610,0.574433,0.805952,0.142805,0.679319,-4.147817,-0.208791,0.237523,-0.311284,0.439804,0.177943,-0.923472,-0.339905,0.000000,0.000000,0.000000,-1,0.620712,-0.916397,0.420303,0.670616,-4.368515,-0.302536,180.812607,153.316376,-762.866882,0,0
170.040000,0.459879,1.220490,2.385295,-0.937891,0.311703,-0.152320,-0.235505,-0.249627,0.939268,0.254750,0.916803,0.307531,0.032423,0.587523,0.789786,0.173214,1.847746,0.364344,-0.286710,0.324655,0.102201,0.429128,0.152320,-0.939268,-0.307531,0.000000,0.000000,0.000000,-1,0.242157,-0.811722,0.134445,1.850136,0.263599,-0.282193,179.060547,150.871704,-763.200867,0,0
170.080000,0.674299,1.311774,2.190106,-0.944869,0.285742,-0.159918,-0.208566,-0.148680,0.966641,0.252433,0.946703,0.200079,0.030544,0.631686,0.757236,0.163195,2.355434,-0.061076,0.230836,-0.349280,-0.039478,0.755270,0.159918,-0.966641,-0.200079,0.000000,0.000000,0.000000,-1,-0.237976,-1.142395,0.481659,2.519696,0.149896,0.242799,178.710129,150.871704,-762.532837,0,0
170.120000,0.740720,1.347055,2.081910,-0.934891,0.321809,-0.149728,-0.193523,-0.108532,0.975074,0.297537,0.940564,0.163743,0.049745,0.644712,0.742827,0.173436,0.725693,-2.268590,0.147072,-0.714761,-0.446175,-0.014449,0.149728,-0.975074,-0.163743,0.000000,0.000000,0.000000,-1,-0.436737,-1.100906,-0.374496,0.998314,-2.064009,0.137659,177.658890,149.823975,-760.528809,0,0
170.160000,0.740853,1.381041,1.995081,-0.907802,0.399612,-0.127302,-0.171894,-0.077648,0.982050,0.382554,0.913390,0.139180,0.087558,0.650187,0.728806,0.196042,1.428350,-1.162310,0.458768,-0.004209,-0.085241,0.024648,0.127302,-0.982050,-0.139180,0.000000,0.000000,0.000000,-1,0.198914,-1.064819,-0.040771,1.430740,-1.263053,0.463285,176.958069,148.427017,-758.190796,0,0
170.200000,0.921086,1.439625,1.771779,-0.894297,0.435186,-0.104147,-0.128163,-0.026111,0.991409,0.428728,0.899962,0.079125,0.114770,0.668779,0.707024,0.199197,1.159977,-0.544569,0.197252,0.049066,0.187820,0.221887,0.104147,-0.991409,-0.079126,0.000000,0.000000,0.000000,-1,0.146378,-0.783371,0.192291,1.260292,-0.785183,0.274729,176.082047,146.855438,-757.689819,0,0
170.240000,1.082358,1.453104,1.605210,-0.892584,0.438796,-0.103690,-0.117351,-0.004040,0.993082,0.435342,0.898578,0.055099,0.118698,0.677024,0.698521,0.199045,0.602418,0.136746,-0.063479,0.023248,0.147532,0.221680,0.103690,-0.993082,-0.055099,0.000000,0.000000,0.000000,-1,0.087357,-0.917236,0.062027,0.675929,-0.070042,-0.052874,176.257248,148.776260,-756.520752,0,0
170.280000,1.287628,1.461595,1.413403,-0.898864,0.425551,-0.104644,-0.107637,0.017083,0.994043,0.424804,0.904773,0.030450,0.115762,0.686567,0.691417,0.192788,0.643489,0.312954,0.078875,-0.071685,0.042887,-0.051535,0.104644,-0.994043,-0.030450,0.000000,0.000000,0.000000,-1,0.005112,-0.976456,-0.108078,0.645826,0.212178,0.083404,176.082047,146.855438,-756.353760,0,0
170.320000,1.586600,1.471545,1.123769,-0.904018,0.415855,-0.099076,-0.089352,0.042835,0.995079,0.418052,0.908422,-0.001566,0.116954,0.697929,0.681839,0.185237,0.978646,0.220852,0.166013,-0.097581,0.035728,-0.074015,0.099076,-0.995079,0.001566,0.000000,0.000000,0.000000,-1,0.002213,-0.964462,-0.025650,0.980036,0.183716,0.188348,177.308487,148.077774,-755.518738,0,0
170.360000,1.986320,1.467095,0.725899,-0.905964,0.412625,-0.094706,-0.068714,0.077419,0.994628,0.417741,0.907605,-0.041786,0.120833,0.711542,0.668349,0.180048,1.109099,0.198468,0.085961,-0.119853,0.086348,0.110848,0.094706,-0.994628,0.041786,0.000000,0.000000,0.000000,-1,-0.025238,-0.885880,0.132370,1.069955,0.035153,0.098675,176.782867,146.506195,-754.683716,0,0
170.400000,2.372185,1.441884,0.348250,-0.910646,0.403391,-0.089438,-0.043870,0.120839,0.991702,0.410851,0.907014,-0.092345,0.123349,0.728668,0.651434,0.171645,1.046570,0.103156,0.158349,-0.081824,0.079196,-0.132277,0.089438,-0.991702,0.092345,0.000000,0.000000,0.000000,-1,0.022491,-0.925415,-0.070175,1.048907,0.002382,0.162878,175.731628,146.506195,-753.347717,0,0
170.440000,2.561147,1.409546,0.144076,-0.905271,0.415611,-0.088046,-0.023052,0.158889,0.987027,0.424209,0.895557,-0.134257,0.132379,0.741353,0.634848,0.172743,0.966727,-0.560801,-0.016479,-0.020694,0.015546,-0.192469,0.088046,-0.987027,0.134257,0.000000,0.000000,0.000000,-1,0.059433,-0.993423,-0.039597,0.960658,-0.620199,0.006039,175.556427,145.633102,-752.846741,0,0
170.480000,2.621213,1.385376,0.062729,-0.896558,0.433336,-0.091666,-0.011557,0.183997,0.982859,0.442775,0.882250,-0.159956,0.140890,0.748417,0.623018,0.178524,0.851836,-0.742071,0.002625,-0.081015,-0.023626,-0.180067,0.091666,-0.982859,0.159956,0.000000,0.000000,0.000000,-1,-0.039383,-1.027725,-0.048538,0.905157,-0.808946,-0.012708,174.154770,145.633102,-750.842712,0,0
170.520000,2.657057,1.370457,-0.021593,-0.874829,0.475480,-0.092695,0.004297,0.198956,0.979999,0.484412,0.856934,-0.176095,0.159930,0.749980,0.612327,0.192374,0.176338,-1.345944,0.308510,-0.201322,-0.017788,-0.182000,0.092695,-0.979999,0.176095,0.000000,0.000000,0.000000,-1,-0.130371,-0.960159,0.031540,0.178674,-1.446716,0.313038,173.629166,145.109238,-749.005676,0,0
170.560000,2.648989,1.379231,-0.097594,-0.831674,0.547915,-0.090042,0.018552,0.189490,0.981707,0.554955,0.814790,-0.167759,0.191439,0.739750,0.607130,0.217978,-0.069572,-2.122971,0.383868,-0.256805,-0.028897,-0.067935,0.090042,-0.981707,0.167758,0.000000,0.000000,0.000000,-1,-0.138306,-1.070038,0.099915,-0.088443,-2.192983,0.397002,174.505188,144.934616,-749.172668,0,0
170.600000,2.656591,1.380481,-0.163766,-0.798201,0.595900,-0.088192,0.030841,0.186638,0.981945,0.601601,0.781069,-0.167353,0.213608,0.733517,0.600877,0.235098,0.348847,-1.624583,0.438703,-0.075680,-0.292500,-0.114756,0.088192,-0.981945,0.167353,0.000000,0.000000,0.000000,-1,0.153015,-1.334290,-0.039108,0.281855,-1.874886,0.414886,171.701889,144.585373,-749.840698,0,0
170.640000,2.703178,1.377196,-0.249315,-0.774647,0.627098,-0.081672,0.047471,0.186445,0.981318,0.630610,0.756297,-0.174198,0.230817,0.730631,0.594559,0.243721,-0.193229,0.245102,0.093722,-0.053672,-0.347082,-0.139805,0.081672,-0.981318,0.174198,0.000000,0.000000,0.000000,-1,-0.044556,-1.267624,0.076202,-0.190892,0.144333,0.098251,171.701889,144.585373,-749.840698,0,0
170.680000,2.580265,1.421388,-0.045266,-0.821863,0.564148,-0.079236,0.006736,0.148701,0.988859,0.569645,0.812173,-0.126012,0.197134,0.723978,0.621922,0.224068,-1.861379,2.357414,-0.346313,-0.197797,-0.183962,-0.044057,0.079236,-0.988859,0.126012,0.000000,0.000000,0.000000,-1,-0.035339,-1.120956,-0.002258,-1.724041,2.176088,-0.331208,172.402710,143.886902,-747.836670,0,1
170.720000,2.194056,1.464855,0.425294,-0.864824,0.494678,-0.085862,-0.043629,0.096324,0.994393,0.500176,0.863722,-0.061721,0.158566,0.711138,0.653219,0.206021,-2.774100,2.870177,-0.588541,0.090774,0.050866,-0.128371,0.085862,-0.994393,0.061721,0.000000,0.000000,0.000000,-1,0.251465,-0.901886,-0.163132,-2.597280,2.755683,-0.548644,171.877106,141.966080,-752.345703,0,0
170.760000,0.905896,1.397256,1.802841,-0.896268,0.422183,-0.135888,-0.168043,-0.039709,0.984980,0.410446,0.905641,0.106534,0.096055,0.661443,0.714582,0.206493,-3.035126,0.427995,-0.221523,-0.072976,-0.062735,0.056974,0.135888,-0.984980,-0.106534,0.000000,0.000000,0.000000,-1,0.055771,-1.035706,-0.005234,-3.032746,0.327229,-0.216960,173.103546,144.585373,-755.852783,0,0
170.800000,0.584188,1.298682,2.056038,-0.858976,0.490089,-0.148232,-0.237742,-0.125360,0.963205,0.453474,0.862611,0.224196,0.102698,0.614292,0.743056,0.244878,-2.176159,-3.077070,-0.939563,0.079597,-0.435431,0.237517,0.148232,-0.963205,-0.224196,0.000000,0.000000,0.000000,-1,0.307343,-1.451614,0.024567,-2.172473,-2.844934,-0.938644,173.453949,144.236145,-760.194824,0,0
170.840000,0.440057,1.239487,2.103353,-0.806402,0.574904,-0.138567,-0.280234,-0.165158,0.945617,0.520754,0.801379,0.294291,0.126949,0.580292,0.752637,0.284047,-1.387379,-2.348739,-0.265446,0.262053,-0.479935,0.588633,0.138567,-0.945617,-0.294291,0.000000,0.000000,0.000000,-1,0.387711,-1.265091,0.689407,-1.758966,-3.187507,-0.320445,175.206009,145.283859,-763.534851,0,0
170.880000,0.539158,1.213058,2.101239,-0.848972,0.496918,-0.179775,-0.302039,-0.177150,0.936691,0.433612,0.849524,0.300484,0.083207,0.585521,0.762661,0.261898,-1.465241,4.230930,-0.266626,0.140415,-0.031586,0.615227,0.179775,-0.936691,-0.300484,0.000000,0.000000,0.000000,-1,0.293747,-0.888016,0.105408,-1.462861,4.130167,-0.262064,173.278748,147.903152,-764.703857,0,0
170.920000,0.512316,1.108409,2.250606,-0.889125,0.402046,-0.218670,-0.346918,-0.280430,0.894990,0.298506,0.871618,0.388814,0.024957,0.552241,0.799745,0.234126,-2.448398,1.132557,0.161343,-0.297649,-0.014251,0.252553,0.218670,-0.894990,-0.388814,0.000000,0.000000,0.000000,-1,-0.096634,-0.890442,-0.232651,-2.703166,1.321195,0.144032,174.855606,148.427017,-765.872925,0,0
170.960000,0.483658,1.066540,2.305899,-0.895740,0.383627,-0.224678,-0.358387,-0.324035,0.875534,0.263075,0.864772,0.427738,0.011799,0.534782,0.813559,0.228015,-1.219613,0.519439,-0.062178,-0.275276,0.141541,0.256046,0.224678,-0.875534,-0.427738,0.000000,0.000000,0.000000,-1,0.153778,-0.582779,-0.040421,-1.331751,0.455893,0.015812,178.359726,148.776260,-768.210938,0,0
171.000000,0.473334,1.029366,2.337599,-0.898876,0.369905,-0.234931,-0.371129,-0.357577,0.856972,0.232992,0.857502,0.458700,-0.000588,0.520240,0.823886,0.224859,-0.598302,0.303398,0.092571,0.078835,0.297784,0.497656,0.234931,-0.856972,-0.458700,0.000000,0.000000,0.000000,-1,0.291687,-0.513367,0.017914,-0.595922,0.202636,0.097133,178.534927,150.697083,-770.715942,0,0
171.040000,0.463004,1.034443,2.351006,-0.902245,0.365872,-0.228234,-0.363205,-0.359455,0.859578,0.232455,0.858446,0.457203,0.001280,0.520958,0.824455,0.221078,0.513765,-0.404595,0.233493,-0.034264,0.440251,0.354329,0.228234,-0.859578,-0.457203,0.000000,0.000000,0.000000,-1,0.189758,-0.450745,-0.138138,0.411988,-0.397235,0.224887,176.782867,151.046326,-773.054016,0,0
171.080000,0.448836,1.061653,2.346590,-0.901391,0.377836,-0.211504,-0.347959,-0.341338,0.873162,0.257718,0.860656,0.439151,0.014110,0.529363,0.818822,0.221597,1.046543,-0.681166,0.323540,-0.028765,0.366037,0.223025,0.211504,-0.873162,-0.439151,0.000000,0.000000,0.000000,-1,0.188110,-0.532074,-0.238190,0.985295,-0.759604,0.366997,176.782867,151.046326,-773.054016,0,0
171.120000,0.456957,1.114884,2.318319,-0.900602,0.388816,-0.194261,-0.322892,-0.299314,0.897860,0.290957,0.871340,0.395108,0.030013,0.549131,0.805454,0.220903,1.149615,0.235612,0.120415,-0.021989,0.297213,0.066175,0.194261,-0.897860,-0.395109,0.000000,0.000000,0.000000,-1,0.191574,-0.650070,-0.387573,1.151995,0.134854,0.124977,177.133286,151.744797,-772.052002,0,1
171.160000,0.534273,1.130579,2.288011,-0.912864,0.345821,-0.216995,-0.321153,-0.280094,0.904659,0.252071,0.895519,0.366750,0.010962,0.562588,0.799954,0.208441,-0.192330,1.309592,0.126104,-0.040802,-0.663700,-0.586177,0.216995,-0.904659,-0.366750,0.000000,0.000000,0.000000,-1,0.176193,-1.568359,-0.952927,-0.074621,1.354877,-0.047841,176.432449,147.204681,-768.711914,0,0
171.200000,0.522792,1.123427,2.320635,-0.919919,0.327255,-0.215995,-0.316572,-0.294822,0.901588,0.231369,0.897766,0.374813,0.004777,0.559080,0.804605,0.200045,-0.648509,0.509975,-0.013116,-0.188804,-0.778572,-0.893437,0.215995,-0.901588,-0.374812,0.000000,0.000000,0.000000,-1,0.085754,-1.120255,-1.033264,-0.551960,0.248361,0.186859,175.731628,149.300125,-769.713989,0,0
171.240000,0.548213,1.091631,2.329014,-0.922643,0.301656,-0.240276,-0.334743,-0.317023,0.887380,0.191511,0.899166,0.393477,-0.015026,0.550487,0.811348,0.196093,-0.427764,0.348731,-0.099928,0.083439,0.111303,-0.384935,0.240276,-0.887380,-0.393477,0.000000,0.000000,0.000000,-1,0.391434,-0.717194,-0.644913,-0.425438,0.247939,-0.095356,175.731628,149.300125,-769.713989,0,0
171.280000,0.544254,1.084397,2.355639,-0.928446,0.281792,-0.242034,-0.330718,-0.330350,0.884022,0.169155,0.900812,0.399906,-0.022348,0.547309,0.815277,0.187823,-0.358880,0.482613,0.096560,0.236359,0.116459,0.296253,0.242034,-0.884022,-0.399906,0.000000,0.000000,0.000000,-1,0.478394,-0.767563,-0.103653,-0.310426,0.437101,0.199300,177.658890,148.427017,-772.552979,0,0
171.320000,0.563899,1.073938,2.342387,-0.926118,0.278204,-0.254771,-0.341675,-0.332368,0.879084,0.159887,0.901185,0.402867,-0.029081,0.545638,0.815683,0.189988,0.129636,0.101053,-0.536824,0.358327,-0.327520,0.219930,0.254771,-0.879084,-0.402867,0.000000,0.000000,0.000000,-1,0.661148,-1.155716,-0.171432,-0.011482,0.036331,-0.517004,177.658890,148.427017,-772.552979,0,0
171.360000,0.579104,1.061900,2.328667,-0.922420,0.279366,-0.266640,-0.353864,-0.334900,0.873283,0.154668,0.899887,0.407776,-0.034294,0.543080,0.816256,0.193943,0.102199,0.452381,-0.271114,0.129082,-0.094430,0.146789,0.266640,-0.873283,-0.407776,0.000000,0.000000,0.000000,-1,0.309723,-0.897598,-0.085678,0.104525,0.351592,-0.266541,178.009308,150.522461,-773.221008,0,0
171.400000,0.597863,1.082318,2.264782,-0.910742,0.317449,-0.264149,-0.360739,-0.300156,0.883048,0.201037,0.899518,0.387881,-0.019575,0.552880,0.806037,0.210347,1.023066,-2.663394,-0.156575,0.030834,0.043937,0.696215,0.264149,-0.883048,-0.387881,0.000000,0.000000,0.000000,-1,0.294983,-0.839111,0.308334,1.015817,-2.572347,-0.193184,176.782867,148.950882,-771.383972,0,0
171.440000,0.567975,1.114017,2.214536,-0.892108,0.384515,-0.237258,-0.352785,-0.264720,0.897477,0.282286,0.884348,0.371810,0.014158,0.560263,0.795085,0.231831,1.881721,-2.098194,-0.094130,-0.062636,0.012742,0.543380,0.237258,-0.897477,-0.371810,0.000000,0.000000,0.000000,-1,-0.023163,-0.902100,0.183670,1.542714,-2.457621,-0.050588,174.329987,146.855438,-771.049988,0,0
171.480000,0.630773,1.213360,2.060032,-0.867202,0.453192,-0.206345,-0.308831,-0.164424,0.936797,0.390621,0.876118,0.282548,0.060568,0.595867,0.760620,0.250461,2.407359,-1.759487,0.233619,-0.456665,-0.134675,0.811967,0.206345,-0.936797,-0.282548,0.000000,0.000000,0.000000,-1,-0.294540,-1.371948,0.446899,2.409685,-1.860274,0.238192,172.402710,144.236145,-768.878967,0,0
171.520000,0.640642,1.270480,1.983818,-0.844738,0.505127,-0.176816,-0.270947,-0.118737,0.955243,0.461525,0.854838,0.237164,0.095961,0.610090,0.741728,0.261576,0.636784,-1.305614,0.321292,-0.518735,-0.072436,-0.248249,0.176816,-0.955243,-0.237164,0.000000,0.000000,0.000000,-1,-0.341919,-1.027679,-0.485413,0.681674,-1.460439,0.346913,169.949829,143.886902,-764.202881,0,0
171.560000,0.624181,1.303829,1.956455,-0.827564,0.539784,-0.154178,-0.244431,-0.099236,0.964576,0.505362,0.835934,0.214064,0.120008,0.615277,0.731585,0.267985,1.419016,-1.376296,0.548071,0.000592,-0.015756,0.208571,0.154178,-0.964576,-0.214064,0.000000,0.000000,0.000000,-1,0.176102,-0.972382,0.097626,1.304247,-1.592669,0.537436,167.321747,144.410767,-763.033875,0,0
171.600000,0.716149,1.359338,1.828344,-0.812829,0.565971,-0.137787,-0.202963,-0.053460,0.977726,0.545999,0.822690,0.158325,0.143445,0.632662,0.711445,0.270202,1.163898,-0.268069,0.049125,0.038651,0.116276,0.351410,0.137787,-0.977726,-0.158325,0.000000,0.000000,0.000000,-1,0.189194,-0.877151,0.162231,1.166224,-0.368854,0.053697,166.796127,143.188416,-761.530823,0,0
171.640000,0.856232,1.391311,1.708491,-0.826154,0.547068,-0.134853,-0.176834,-0.024504,0.983936,0.534975,0.836729,0.116984,0.142623,0.648973,0.701363,0.258034,0.830470,1.197275,0.140857,-0.095699,0.106433,0.132884,0.134853,-0.983936,-0.116984,0.000000,0.000000,0.000000,-1,0.039154,-0.877502,0.015900,0.800827,0.938538,0.158196,166.796127,143.188416,-759.526794,0,0
171.680000,1.026888,1.412681,1.581438,-0.850478,0.508462,-0.134735,-0.157448,-0.001676,0.987526,0.501894,0.861082,0.081482,0.132019,0.664703,0.695276,0.239441,1.124499,1.638428,0.207958,-0.176239,0.063270,0.051208,0.134735,-0.987526,-0.081482,0.000000,0.000000,0.000000,-1,-0.041245,-0.920349,-0.043945,1.073554,1.513222,0.187699,166.796127,141.791458,-760.194824,0,0
171.720000,1.438892,1.440002,1.232757,-0.883606,0.450028,-0.129289,-0.123041,0.043253,0.991459,0.451776,0.891967,0.017153,0.118309,0.690960,0.681452,0.210238,1.217613,1.136925,0.192176,-0.141740,0.091068,-0.034910,0.129289,-0.991459,-0.017153,0.000000,0.000000,0.000000,-1,0.013763,-0.911865,-0.044373,1.219939,1.036143,0.196748,166.796127,140.045258,-758.858826,0,0
171.760000,1.842476,1.445146,0.842802,-0.892013,0.435590,-0.120724,-0.093553,0.083385,0.992116,0.442222,0.896275,-0.033630,0.120656,0.708701,0.666145,0.198584,1.104690,-0.246744,0.132651,-0.003811,0.011449,-0.163741,0.120724,-0.992116,0.033630,0.000000,0.000000,0.000000,-1,0.116913,-0.980667,-0.130112,1.071018,-0.212860,0.149777,166.095306,141.442215,-758.524780,0,0
171.800000,2.091445,1.435026,0.570496,-0.882844,0.454751,-0.117419,-0.073098,0.113918,0.990797,0.463943,0.883303,-0.067331,0.132823,0.718348,0.652226,0.202326,1.242259,-1.141542,0.144747,-0.067004,0.014479,-0.232019,0.117419,-0.990797,0.067331,0.000000,0.000000,0.000000,-1,0.013916,-0.961273,-0.136063,1.257568,-1.022837,0.164141,163.992828,141.442215,-756.186768,0,0
171.840000,2.278115,1.410732,0.294652,-0.839712,0.529346,-0.121147,-0.046286,0.152513,0.987217,0.541055,0.834586,-0.103566,0.166839,0.723842,0.629213,0.228711,0.849052,-2.148798,0.113205,-0.166649,0.068729,-0.095479,0.121147,-0.987217,0.103566,0.000000,0.000000,0.000000,-1,-0.045502,-0.918488,0.008087,0.851377,-2.249578,0.117778,164.693649,140.743744,-756.186768,0,0
171.880000,2.341184,1.395309,0.160081,-0.800143,0.586577,-0.125291,-0.027829,0.172356,0.984642,0.599163,0.791341,-0.121585,0.193059,0.723548,0.613637,0.250313,0.386270,-0.789729,0.037712,-0.186433,0.021385,-0.014728,0.125291,-0.984642,0.121585,0.000000,0.000000,0.000000,-1,-0.061142,-0.963257,0.106857,0.453290,-1.082410,0.039246,165.044067,140.743744,-753.180725,0,0
171.920000,2.352593,1.393561,0.129234,-0.788703,0.601908,-0.125118,-0.022722,0.174839,0.984335,0.614354,0.779191,-0.124220,0.200423,0.722455,0.610255,0.255889,0.027392,-0.654940,0.136794,-0.168056,-0.082697,0.004534,0.125118,-0.984335,0.124220,0.000000,0.000000,0.000000,-1,-0.042938,-1.067032,0.128754,0.029717,-0.755718,0.141366,163.467209,141.267593,-752.679688,0,0
171.960000,2.373608,1.396650,0.065476,-0.762536,0.635650,-0.120367,-0.011337,0.172896,0.984875,0.646846,0.752367,-0.124633,0.217486,0.717646,0.605187,0.267267,0.280901,-0.861425,0.305127,-0.023229,-0.309025,-0.111938,0.120367,-0.984875,0.124633,0.000000,0.000000,0.000000,-1,0.107697,-1.353058,-0.018433,0.283227,-0.962202,0.309699,162.941589,141.442215,-751.844727,0,0
172.000000,2.377934,1.405517,0.038970,-0.748339,0.653485,-0.113782,-0.006410,0.164403,0.986372,0.663285,0.738870,-0.118840,0.226990,0.712668,0.605206,0.272591,-0.396743,-0.325930,0.371875,-0.287305,-0.443956,-0.075002,0.113782,-0.986372,0.118840,0.000000,0.000000,0.000000,-1,-0.173523,-1.430328,0.043839,-0.340617,-0.554060,0.290268,162.415970,139.870636,-753.013733,0,0
172.040000,2.329722,1.427711,0.120966,-0.769775,0.629874,-0.103465,-0.017207,0.141555,0.989781,0.638083,0.763689,-0.098127,0.216100,0.708777,0.618485,0.261559,-1.000081,1.902791,-0.222961,-0.162090,-0.122432,-0.041670,0.103465,-0.989781,0.098127,0.000000,0.000000,0.000000,-1,-0.058624,-1.112213,0.056458,-0.997755,1.802015,-0.218389,162.240768,141.791458,-753.180725,0,1
172.080000,1.851370,1.448281,0.723669,-0.838987,0.531329,-0.117430,-0.080919,0.091581,0.992504,0.538101,0.842201,-0.033841,0.160680,0.700787,0.654516,0.233856,-2.564086,3.699876,-0.893549,0.148973,0.160580,-0.076611,0.117430,-0.992504,0.033841,0.000000,0.000000,0.000000,-1,0.276932,-0.824112,0.006302,-2.561760,3.599101,-0.888976,163.467209,143.363037,-758.023804,0,0
172.120000,1.108248,1.406909,1.592345,-0.892337,0.427102,-0.146010,-0.163117,-0.003515,0.986601,0.420866,0.904196,0.072804,0.097947,0.673798,0.701544,0.210329,-2.594499,1.174336,-0.263795,-0.191328,-0.021654,0.051534,0.146010,-0.986601,-0.072804,0.000000,0.000000,0.000000,-1,-0.045319,-1.008255,-0.021271,-2.671689,1.481706,-0.283590,167.672150,144.061523,-762.365845,0,0
172.160000,0.801751,1.348130,1.894669,-0.885719,0.436259,-0.158684,-0.209350,-0.070278,0.975312,0.414337,0.897073,0.153577,0.088008,0.644567,0.726219,0.222250,-2.120465,-1.208551,-0.662478,-0.048821,-0.298598,0.154737,0.158684,-0.975312,-0.153577,0.000000,0.000000,0.000000,-1,0.109863,-1.273911,0.001160,-2.118140,-1.309325,-0.657906,168.197769,147.728546,-766.206909,0,0
172.200000,0.622112,1.267624,1.994901,-0.841312,0.511785,-0.173980,-0.272100,-0.122855,0.954394,0.467071,0.850284,0.242616,0.098649,0.607421,0.742762,0.263841,-1.860613,-2.480660,-0.568121,0.063263,-0.392881,0.330293,0.173980,-0.954394,-0.242616,0.000000,0.000000,0.000000,-1,0.281128,-1.261093,0.134445,-1.858287,-2.581432,-0.563549,168.372986,149.998596,-768.043945,0,0
172.240000,0.515338,1.217931,2.071609,-0.823451,0.541222,-0.170316,-0.303147,-0.165930,0.938386,0.479615,0.824346,0.300705,0.102193,0.582412,0.756652,0.278982,-0.642424,2.384592,0.061308,0.051669,-0.158141,0.944535,0.170316,-0.938386,-0.300705,0.000000,0.000000,0.000000,-1,0.221985,-1.096527,0.643829,-0.770788,1.167352,0.047903,168.723389,152.792526,-769.379944,0,0
172.280000,0.580526,1.184123,2.148117,-0.882010,0.423413,-0.206831,-0.315991,-0.205819,0.926169,0.349582,0.882247,0.315330,0.046042,0.583280,0.775106,0.238485,-2.219792,2.967022,0.328167,-0.226408,-0.122904,0.299628,0.206831,-0.926169,-0.315330,0.000000,0.000000,0.000000,-1,-0.019577,-1.049072,-0.015701,-2.217521,2.866215,0.332749,170.650650,152.967148,-770.214966,0,0
172.320000,0.487897,1.116303,2.309764,-0.906261,0.369243,-0.205793,-0.324499,-0.295682,0.898484,0.270910,0.881040,0.387784,0.020232,0.552900,0.804631,0.215546,-1.882437,0.900592,0.273143,-0.392439,0.059494,0.368421,0.205793,-0.898484,-0.387784,0.000000,0.000000,0.000000,-1,-0.090805,-0.693451,-0.078400,-1.880166,0.799786,0.277725,171.877106,155.935684,-772.052002,0,0
172.360000,0.475116,1.069689,2.372088,-0.917848,0.330550,-0.219754,-0.334250,-0.345048,0.877051,0.214084,0.878452,0.427188,-0.001728,0.535166,0.820074,0.202665,-0.895903,1.013977,0.224527,0.080433,0.200171,0.368914,0.219754,-0.877051,-0.427188,0.000000,0.000000,0.000000,-1,0.300186,-0.676880,-0.058273,-0.930041,0.903527,0.161476,173.629166,158.031128,-772.719971,0,0
172.400000,0.460387,1.056398,2.418909,-0.927769,0.302424,-0.218598,-0.325416,-0.369025,0.870589,0.182619,0.878840,0.440783,-0.010873,0.528668,0.827281,0.189730,-0.338440,0.369718,0.452117,0.037811,0.470961,0.264514,0.218598,-0.870589,-0.440783,0.000000,0.000000,0.000000,-1,0.256409,-0.399628,-0.176270,-0.336169,0.268914,0.456699,174.154770,157.158020,-773.221008,0,0
172.440000,0.429280,1.072129,2.442100,-0.931081,0.305720,-0.199058,-0.307915,-0.365946,0.878221,0.195646,0.878987,0.434861,-0.001032,0.531572,0.826421,0.185630,0.627135,-0.561187,0.415892,0.057076,0.430375,0.280503,0.199058,-0.878221,-0.434861,0.000000,0.000000,0.000000,-1,0.250168,-0.460968,-0.158340,0.629407,-0.661990,0.420474,174.329987,159.777328,-774.056030,0,0
172.480000,0.404361,1.117417,2.437147,-0.929571,0.325887,-0.172325,-0.283657,-0.333748,0.898972,0.235450,0.884539,0.402682,0.019330,0.546155,0.816395,0.186658,1.123157,-0.569851,0.289200,0.036034,0.351868,0.176211,0.172325,-0.898972,-0.402682,0.000000,0.000000,0.000000,-1,0.188904,-0.570908,-0.248657,1.078709,-0.693948,0.314613,174.505188,157.158020,-772.887024,0,1
172.520000,0.414645,1.158714,2.409842,-0.927608,0.336909,-0.161355,-0.267615,-0.297988,0.916289,0.260624,0.893138,0.366578,0.030828,0.561926,0.805012,0.187738,1.192719,-0.202314,0.051693,0.012031,0.162962,0.076203,0.161355,-0.916289,-0.366578,0.000000,0.000000,0.000000,-1,0.173386,-0.753326,-0.290375,1.194990,-0.303116,0.056275,172.928329,156.983398,-772.385986,0,0
172.560000,0.458611,1.182444,2.382641,-0.932550,0.319765,-0.167636,-0.260582,-0.274743,0.925534,0.249896,0.906789,0.339536,0.025773,0.574080,0.797939,0.181827,-0.033146,0.875985,0.108205,-0.051288,-0.387088,-0.199984,0.167636,-0.925534,-0.339536,0.000000,0.000000,0.000000,-1,0.083847,-1.582489,-0.736664,-0.030875,0.775184,0.112787,173.979568,155.586441,-771.718018,0,0
172.600000,0.406062,1.144002,2.465034,-0.941454,0.294838,-0.163510,-0.259183,-0.322774,0.910297,0.215614,0.899382,0.380293,0.016020,0.556414,0.813099,0.170342,-1.417408,0.157357,0.254352,-0.176144,-0.333187,-0.888383,0.163510,-0.910297,-0.380293,0.000000,0.000000,0.000000,-1,-0.012634,-1.243484,-1.268677,-1.531827,0.166887,0.305462,173.453949,157.158020,-770.882996,0,0
172.640000,0.396823,1.137241,2.490533,-0.946184,0.279951,-0.162364,-0.254593,-0.334165,0.907478,0.199793,0.899978,0.387455,0.011458,0.553300,0.816671,0.163635,0.448844,0.974708,0.186481,-0.004054,0.270744,-0.215435,0.162364,-0.907478,-0.387455,0.000000,0.000000,0.000000,-1,0.158310,-0.636734,-0.602890,0.451115,0.873909,0.191063,174.329987,158.380356,-771.049988,0,0
172.680000,0.434970,1.139663,2.496414,-0.954800,0.239473,-0.176096,-0.251301,-0.333899,0.908493,0.158761,0.911682,0.378987,-0.005307,0.557206,0.816653,0.150239,-0.360087,1.543486,-0.174153,0.015737,0.191025,0.206928,0.176096,-0.908493,-0.378987,0.000000,0.000000,0.000000,-1,0.236465,-1.019424,-0.152084,-0.357816,1.442687,-0.169571,174.855606,157.856506,-769.880981,0,0
172.720000,0.484541,1.117470,2.462874,-0.951670,0.229581,-0.204002,-0.274948,-0.340897,0.898995,0.136849,0.911637,0.387544,-0.020510,0.552998,0.818552,0.154092,-0.381723,-0.559266,-0.408015,0.409005,-0.301658,0.376192,0.204002,-0.898995,-0.387544,0.000000,0.000000,0.000000,-1,0.613007,-1.200653,-0.011353,-0.258267,-0.396158,-0.462338,175.906830,158.205734,-772.218994,0,0
172.760000,0.448242,1.118039,2.407072,-0.930035,0.314791,-0.189581,-0.293190,-0.324652,0.899244,0.221526,0.891913,0.394231,0.009814,0.550262,0.813775,0.186778,0.924242,-2.352209,-0.504734,0.130258,0.083494,0.580923,0.189581,-0.899244,-0.394231,0.000000,0.000000,0.000000,-1,0.319839,-0.815750,0.186691,0.926513,-2.453005,-0.500152,176.958069,158.904221,-770.214966,0,0
172.800000,0.425669,1.138711,2.343794,-0.904389,0.390100,-0.172921,-0.299761,-0.292417,0.908094,0.303683,0.873106,0.381396,0.040719,0.554657,0.802839,0.214819,1.049309,-2.758298,-0.524490,0.247016,0.292570,0.685778,0.172921,-0.908094,-0.381396,0.000000,0.000000,0.000000,-1,0.387985,-0.752350,0.333374,1.051581,-2.859094,-0.519909,175.731628,157.681885,-768.711914,0,0
172.840000,0.577602,1.232259,2.184074,-0.903352,0.388680,-0.181336,-0.271586,-0.191145,0.943242,0.331958,0.901328,0.278231,0.048892,0.598744,0.770183,0.214321,3.357551,0.769076,0.189388,-0.384873,-0.278087,0.681750,0.181336,-0.943242,-0.278231,0.000000,0.000000,0.000000,-1,-0.203537,-1.221329,0.403519,3.373406,1.117577,0.038617,173.278748,155.935684,-768.377930,0,0
172.880000,0.575650,1.291661,2.092697,-0.871828,0.466282,-0.149990,-0.238845,-0.137357,0.961294,0.427632,0.873907,0.231121,0.092747,0.613056,0.748383,0.235550,0.406594,-3.062929,-0.043741,-0.719204,-0.306162,-0.067082,0.149990,-0.961294,-0.231121,0.000000,0.000000,0.000000,-1,-0.569214,-1.267456,-0.298203,0.408865,-3.163724,-0.039159,173.979568,153.840240,-765.037903,0,0
172.920000,0.586716,1.316536,2.026038,-0.847407,0.512357,-0.139254,-0.225913,-0.110592,0.967850,0.480484,0.851621,0.209465,0.115889,0.617930,0.736115,0.250732,1.552224,-1.031086,0.262087,-0.234591,-0.109589,0.056984,0.139254,-0.967850,-0.209465,0.000000,0.000000,0.000000,-1,0.071884,-1.111740,-0.024551,1.554495,-1.131880,0.266669,171.001068,153.316376,-762.198853,0,0
172.960000,0.721531,1.404257,1.857592,-0.837175,0.535862,-0.109497,-0.159000,-0.046893,0.986164,0.523313,0.843002,0.124460,0.145995,0.645334,0.708613,0.245149,1.932339,-0.706531,0.344721,-0.086197,0.212834,0.274729,0.109497,-0.986164,-0.124460,0.000000,0.000000,0.000000,-1,0.023300,-0.773331,0.150269,2.061554,-0.754158,0.451908,170.300247,153.316376,-761.530823,0,0
173.000000,0.934002,1.447435,1.617518,-0.824797,0.556706,-0.098932,-0.122915,-0.005747,0.992401,0.551907,0.830689,0.073167,0.164151,0.660659,0.689875,0.246284,0.752114,-0.185128,0.211775,0.000189,0.202316,0.246782,0.098932,-0.992401,-0.073167,0.000000,0.000000,0.000000,-1,0.099121,-0.790085,0.173615,0.754385,-0.285920,0.216356,169.774628,152.443283,-759.693848,0,0
173.040000,1.065939,1.463531,1.496318,-0.831810,0.547094,-0.093704,-0.106763,0.007966,0.994253,0.544696,0.837033,0.051783,0.164652,0.668579,0.684768,0.238715,0.730390,0.819883,0.165994,0.005967,0.131139,0.071772,0.093704,-0.994253,-0.051783,0.000000,0.000000,0.000000,-1,0.076950,-0.953674,-0.061371,0.732661,0.719092,0.170575,168.723389,149.649353,-758.357788,0,0
173.080000,1.593614,1.480682,1.036027,-0.868300,0.487812,-0.089969,-0.077429,0.045864,0.995942,0.489959,0.871743,-0.002053,0.148230,0.692138,0.674608,0.209470,1.206956,1.628687,0.069866,-0.050327,0.012773,-0.091760,0.089969,-0.995942,0.002053,0.000000,0.000000,0.000000,-1,-0.003448,-0.978958,-0.080414,1.223238,1.653039,0.099257,169.073807,151.046326,-755.685791,0,0
173.120000,2.078646,1.471731,0.573319,-0.880184,0.466698,-0.086421,-0.053647,0.083089,0.995097,0.471591,0.880505,-0.048097,0.145622,0.709114,0.661249,0.196728,0.830379,-0.349575,0.136131,-0.177607,0.060466,-0.148637,0.086421,-0.995097,0.048096,0.000000,0.000000,0.000000,-1,-0.091187,-0.934631,-0.100540,0.832650,-0.450365,0.140712,169.073807,151.046326,-755.685791,0,0
173.160000,2.302453,1.457853,0.324047,-0.868738,0.488122,-0.083859,-0.035885,0.106837,0.993629,0.493971,0.866212,-0.075297,0.157894,0.716043,0.649346,0.201744,1.134896,-0.963490,0.098315,-0.170880,0.090720,-0.118358,0.083859,-0.993629,0.075297,0.000000,0.000000,0.000000,-1,-0.035492,-0.910187,-0.005966,1.137167,-1.064279,0.102896,167.847366,149.474747,-754.516724,0,0
173.200000,2.503663,1.425238,0.086560,-0.851263,0.517581,-0.086379,-0.012539,0.144502,0.989425,0.524589,0.843344,-0.116519,0.173748,0.726685,0.630524,0.210190,0.686269,-0.332853,-0.021914,-0.113906,0.027892,-0.122089,0.086379,-0.989425,0.116519,0.000000,0.000000,0.000000,-1,-0.041443,-0.978577,0.000458,0.787334,-0.568278,-0.011432,167.496948,149.474747,-752.178711,0,0
173.240000,2.537722,1.414533,0.045372,-0.847737,0.523003,-0.088371,-0.007059,0.155468,0.987816,0.530369,0.838032,-0.128104,0.176705,0.729950,0.625333,0.211912,0.064498,-0.334894,0.014723,-0.132881,-0.053368,-0.068213,0.088371,-0.987816,0.128104,0.000000,0.000000,0.000000,-1,-0.032944,-1.054031,0.041611,0.066717,-0.435717,0.019314,167.496948,149.474747,-752.178711,0,0
173.280000,2.533952,1.415080,0.025676,-0.835207,0.542761,-0.088545,-0.003982,0.155037,0.987901,0.549922,0.825454,-0.127327,0.185124,0.727594,0.623066,0.219376,0.054787,-1.101249,0.134234,-0.107206,-0.060088,-0.142173,0.088545,-0.987901,0.127327,0.000000,0.000000,0.000000,-1,-0.016266,-0.994705,0.032166,0.057007,-1.202070,0.138825,166.796127,148.077774,-750.842712,0,0
173.320000,2.530383,1.410482,-0.030336,-0.801395,0.591079,-0.091604,0.004842,0.159555,0.987177,0.598115,0.790676,-0.130729,0.206021,0.723132,0.614636,0.238449,0.291566,-1.111968,0.054021,-0.038748,-0.079717,-0.052604,0.091604,-0.987177,0.130729,0.000000,0.000000,0.000000,-1,0.076004,-1.141739,0.019836,0.296933,-1.332573,0.071883,166.971329,149.300125,-750.675659,0,0
173.360000,2.503056,1.407060,-0.024900,-0.788079,0.607859,-0.097155,0.004058,0.162955,0.986625,0.615561,0.777144,-0.130888,0.212046,0.721443,0.611195,0.246975,-0.190444,-0.390352,-0.198151,-0.120796,-0.390061,-0.156821,0.099755,-0.986816,0.127448,0.000000,0.000000,0.000000,-1,-0.021042,-1.376877,-0.029373,-0.353057,-0.426538,-0.217564,166.620926,148.601639,-750.007690,0,0
173.400000,2.381560,1.419075,0.100712,-0.789613,0.604706,-0.104127,-0.015196,0.150374,0.988512,0.613417,0.782124,-0.109548,0.205889,0.715810,0.618403,0.250606,-0.843121,0.818376,-0.132590,-0.211503,-0.346250,-0.035146,0.104127,-0.988512,0.109548,0.000000,0.000000,0.000000,-1,-0.101166,-1.226135,0.044159,-0.840901,0.717557,-0.127998,166.620926,148.601639,-750.007690,0,1
173.440000,1.900746,1.448083,0.693272,-0.849244,0.515146,-0.115803,-0.078224,0.094149,0.992480,0.522175,0.851916,-0.039659,0.155134,0.704104,0.654873,0.226521,-2.516393,3.261450,-0.588954,-0.161259,0.064212,-0.117998,0.115803,-0.992480,0.039659,0.000000,0.000000,0.000000,-1,0.004105,-0.854553,-0.130203,-2.400565,3.104399,-0.613018,166.445709,150.522461,-754.182739,0,0
173.480000,1.213794,1.435646,1.467457,-0.887402,0.443373,-0.126244,-0.134021,0.013899,0.990881,0.441084,0.896230,0.047087,0.113591,0.680848,0.692927,0.208317,-2.913639,1.241029,-0.355261,-0.222512,-0.026956,-0.003114,0.126244,-0.990881,-0.047087,0.000000,0.000000,0.000000,-1,-0.084183,-1.017838,0.014374,-2.911419,1.140213,-0.350676,170.300247,149.823975,-759.526794,0,0
173.520000,0.712458,1.363423,1.956703,-0.877489,0.460325,-0.134590,-0.190748,-0.077497,0.978575,0.440032,0.884362,0.155809,0.105118,0.641129,0.726429,0.224066,-2.483321,-1.544241,-0.421894,-0.031852,-0.360078,0.235429,0.134590,-0.978575,-0.155809,0.000000,0.000000,0.000000,-1,0.156433,-1.443359,0.168304,-2.481102,-1.645056,-0.417309,170.300247,149.823975,-759.526794,0,0
173.560000,0.539890,1.289286,2.064707,-0.841433,0.521149,-0.142804,-0.244605,-0.131701,0.960637,0.481828,0.843243,0.238293,0.113989,0.606515,0.743543,0.257468,-0.924446,-0.267161,-0.049136,0.169452,-0.435619,0.710263,0.142804,-0.960637,-0.238293,0.000000,0.000000,0.000000,-1,0.274872,-1.322906,0.693970,-1.128738,-1.095587,-0.246416,170.125046,152.443283,-761.697876,0,0
173.600000,0.553747,1.266581,2.148459,-0.884783,0.438571,-0.157524,-0.250941,-0.163572,0.954082,0.392666,0.883685,0.254781,0.077471,0.605481,0.758804,0.227171,-1.636734,3.991041,0.220318,-0.049278,-0.134297,0.365560,0.157524,-0.954082,-0.254781,0.000000,0.000000,0.000000,-1,0.086212,-1.119461,0.033676,-1.634515,3.890227,0.224903,170.125046,152.443283,-761.697876,0,0
173.640000,0.503834,1.187741,2.315717,-0.922869,0.340224,-0.180444,-0.274764,-0.253374,0.927527,0.269847,0.905566,0.327312,0.028251,0.579263,0.791131,0.194338,-2.545106,1.478506,0.341659,-0.300485,-0.091623,0.269588,0.180444,-0.927527,-0.327312,0.000000,0.000000,0.000000,-1,-0.106140,-0.931366,-0.046097,-2.542886,1.377693,0.346244,170.650650,152.967148,-762.532837,0,0
173.680000,0.474192,1.114972,2.412093,-0.936513,0.287300,-0.201005,-0.293394,-0.328175,0.897898,0.192002,0.899867,0.391632,-0.002762,0.551522,0.814911,0.178146,-1.396105,1.068440,-0.219096,-0.077317,0.243663,0.338546,0.201005,-0.897898,-0.391632,0.000000,0.000000,0.000000,-1,0.243347,-0.648560,-0.043823,-1.451177,1.087442,-0.206975,174.329987,156.983398,-768.043945,0,0
173.720000,0.466028,1.077080,2.448301,-0.939993,0.266585,-0.212944,-0.302857,-0.364500,0.880578,0.157131,0.892229,0.423365,-0.016896,0.536686,0.825811,0.172389,-0.979610,0.633151,0.081437,0.190728,0.329140,0.482676,0.212944,-0.880578,-0.423365,0.000000,0.000000,0.000000,-1,0.349930,-0.475876,0.052490,-0.977391,0.532339,0.086022,175.731628,157.332642,-769.045959,0,0
173.760000,0.459574,1.058744,2.473910,-0.943198,0.251285,-0.217333,-0.303372,-0.384751,0.871741,0.135436,0.888157,0.439129,-0.024617,0.528989,0.831727,0.166718,-0.149978,0.032985,0.015433,-0.011263,0.481162,0.405438,0.217333,-0.871741,-0.439129,0.000000,0.000000,0.000000,-1,0.198685,-0.416809,-0.059082,-0.147759,-0.067826,0.020018,176.257248,159.253464,-770.214966,0,0
173.800000,0.459741,1.075442,2.458930,-0.941609,0.262462,-0.210918,-0.299876,-0.368817,0.879800,0.153124,0.891677,0.425988,-0.017469,0.535445,0.827105,0.169972,0.825841,-0.298815,0.035959,-0.017360,0.435190,0.359017,0.210918,-0.879800,-0.425988,0.000000,0.000000,0.000000,-1,0.193878,-0.441040,-0.078918,0.734466,-0.439916,0.039630,174.855606,159.253464,-770.882996,0,0
173.840000,0.489511,1.111777,2.425302,-0.942439,0.261550,-0.208329,-0.290916,-0.334184,0.896487,0.164856,0.905490,0.391037,-0.013308,0.551638,0.816648,0.169126,1.287914,0.250473,0.097529,-0.056962,0.412463,0.218689,0.208329,-0.896487,-0.391037,0.000000,0.000000,0.000000,-1,0.138962,-0.489334,-0.194443,1.290134,0.149665,0.102114,175.206009,157.507263,-770.214966,0,0
173.880000,0.574561,1.149758,2.368020,-0.947100,0.231657,-0.222119,-0.285563,-0.292398,0.912665,0.146478,0.927814,0.343083,-0.023534,0.572630,0.803520,0.160923,0.825917,1.200950,-0.251632,-0.055814,0.102942,-0.019054,0.222119,-0.912665,-0.343083,0.000000,0.000000,0.000000,-1,0.167099,-1.048782,-0.519119,0.828136,1.100142,-0.247047,176.257248,156.110306,-769.212952,0,0
173.920000,0.563988,1.145982,2.399431,-0.952055,0.212251,-0.220320,-0.278566,-0.303760,0.911115,0.126461,0.928805,0.348322,-0.029081,0.570082,0.806867,0.152075,-1.108207,-0.364823,0.581987,0.008562,-1.285143,-1.124822,0.220320,-0.911115,-0.348322,0.000000,0.000000,0.000000,-1,0.162201,-1.982376,-1.529724,-0.881568,-0.397758,0.596557,175.206009,156.110306,-769.880981,0,0
173.960000,0.496283,1.114549,2.459747,-0.952137,0.222315,-0.209788,-0.277667,-0.342073,0.897712,0.127812,0.912996,0.387430,-0.025030,0.552864,0.818786,0.152660,-0.055518,-0.506565,0.082778,-0.061717,0.148948,-0.585943,0.209788,-0.897712,-0.387430,0.000000,0.000000,0.000000,-1,0.148071,-0.748764,-0.973373,-0.053299,-0.607371,0.087362,176.257248,158.554977,-771.216980,0,0
174.000000,0.490025,1.118827,2.471782,-0.954542,0.215867,-0.205550,-0.271143,-0.342376,0.899589,0.123816,0.914429,0.385343,-0.024953,0.553810,0.818881,0.148682,-0.244081,0.878340,0.263693,0.241868,0.204749,0.332044,0.205550,-0.899589,-0.385343,0.000000,0.000000,0.000000,-1,0.499329,-0.724869,0.014877,-0.241861,0.777534,0.268277,175.731628,157.332642,-771.049988,0,1
174.040000,0.537932,1.102072,2.477344,-0.957966,0.169492,-0.231458,-0.278488,-0.355698,0.892145,0.068882,0.919104,0.387948,-0.049456,0.550981,0.821829,0.136275,0.273880,1.139366,-0.304837,0.282366,-0.199026,0.320916,0.231458,-0.892145,-0.387948,0.000000,0.000000,0.000000,-1,0.408936,-0.992676,0.046066,0.078991,1.016132,-0.407542,177.133286,158.729599,-771.049988,0,0
174.080000,0.589908,1.123807,2.422006,-0.955583,0.170419,-0.240455,-0.284886,-0.325088,0.901753,0.075507,0.930202,0.359198,-0.050761,0.563759,0.812384,0.140114,1.084753,-3.023563,-0.671543,-0.214851,-0.017086,-0.072717,0.240455,-0.901753,-0.359198,0.000000,0.000000,0.000000,-1,0.025604,-0.918839,-0.431915,1.086972,-3.124367,-0.666958,178.710129,158.554977,-770.882996,0,0
174.120000,0.536427,1.134731,2.311036,-0.921745,0.322164,-0.215863,-0.311843,-0.284878,0.906421,0.230521,0.902804,0.363049,0.004572,0.564318,0.801510,0.197754,0.799311,-5.398131,-1.171458,0.250919,-0.069165,0.852139,0.215863,-0.906421,-0.363049,0.000000,0.000000,0.000000,-1,0.558609,-1.138138,0.471451,0.801523,-5.498937,-1.166871,175.731628,159.078842,-771.049988,0,0
174.160000,0.627930,1.187890,2.174196,-0.907902,0.357125,-0.219489,-0.307641,-0.212007,0.927583,0.284730,0.909678,0.302348,0.020959,0.590243,0.778180,0.213564,2.295754,2.576700,0.170591,0.226052,-0.249038,0.425792,0.219489,-0.927583,-0.302348,0.000000,0.000000,0.000000,-1,0.116165,-1.157578,0.215973,2.228497,2.350683,0.104175,173.453949,157.507263,-769.212952,0,0
174.200000,0.748137,1.258644,2.090774,-0.926011,0.314414,-0.208917,-0.266517,-0.152590,0.951675,0.267342,0.936942,0.225097,0.019246,0.622159,0.758897,0.191374,0.883082,-1.482993,0.798038,-0.833612,-0.155518,0.126586,0.208917,-0.951675,-0.225097,0.000000,0.000000,0.000000,-1,-0.624695,-1.107193,-0.098511,0.885294,-1.583796,0.802625,175.556427,154.713348,-767.876953,0,0
174.240000,0.696186,1.287869,2.059119,-0.903798,0.388713,-0.179029,-0.246539,-0.130970,0.960242,0.349811,0.912003,0.214204,0.056940,0.624224,0.749829,0.211799,1.027385,-3.054071,0.194027,-0.481535,-0.044747,0.094529,0.179029,-0.960242,-0.214204,0.000000,0.000000,0.000000,-1,-0.193604,-0.987946,-0.073502,1.029597,-3.154874,0.198614,174.329987,155.237198,-766.707886,0,0
174.280000,0.732574,1.350820,1.949097,-0.881111,0.449830,-0.145933,-0.202778,-0.080593,0.975903,0.427229,0.889470,0.162227,0.096508,0.639979,0.728685,0.223899,1.766816,-0.212069,0.585764,-0.072737,-0.002262,0.202235,0.145933,-0.975903,-0.162226,0.000000,0.000000,0.000000,-1,0.103973,-0.931000,0.070023,1.750865,-0.571534,0.633213,171.701889,155.411819,-765.872925,0,0
174.320000,0.901732,1.402871,1.791158,-0.890244,0.436209,-0.131103,-0.163095,-0.036533,0.985934,0.425283,0.899104,0.103667,0.103226,0.661446,0.712468,0.210291,0.792203,0.477602,0.246622,0.009583,0.201220,0.223967,0.131103,-0.985934,-0.103667,0.000000,0.000000,0.000000,-1,0.140686,-0.784714,0.120300,0.794364,0.376766,0.251219,172.227509,153.490997,-764.703857,0,0
174.360000,1.018168,1.414260,1.697465,-0.900319,0.414509,-0.132692,-0.154649,-0.019695,0.987773,0.406828,0.909832,0.081835,0.096877,0.670595,0.707433,0.201135,0.601328,1.093165,-0.030619,0.114241,0.076061,0.041231,0.132692,-0.987773,-0.081835,0.000000,0.000000,0.000000,-1,0.269714,-0.960876,-0.117630,0.603489,0.992329,-0.026022,171.877106,152.443283,-763.367859,0,0
174.400000,1.270167,1.433373,1.485261,-0.917388,0.375869,-0.130848,-0.136491,0.011703,0.990572,0.373857,0.926599,0.040566,0.087095,0.687118,0.697541,0.183631,0.981854,0.356513,0.096157,0.109738,0.044771,-0.151878,0.130848,-0.990572,-0.040566,0.000000,0.000000,0.000000,-1,0.163452,-0.943848,-0.133728,0.958720,0.452905,0.119290,173.453949,152.268661,-763.868896,0,0
174.440000,1.581707,1.443534,1.152207,-0.910656,0.393192,-0.126911,-0.115961,0.051589,0.991913,0.396560,0.918008,-0.001385,0.098920,0.700648,0.681484,0.186781,0.977500,-0.924294,0.048800,-0.118473,0.010086,0.104343,0.126911,-0.991913,0.001385,0.000000,0.000000,0.000000,-1,0.008438,-0.981827,0.105728,0.979661,-1.025128,0.053397,172.753128,152.268661,-761.530823,0,0
174.480000,1.787083,1.438776,0.913193,-0.897463,0.421936,-0.128571,-0.104186,0.080460,0.991298,0.428609,0.903049,-0.028250,0.112169,0.708197,0.668721,0.196689,1.103451,-1.033688,-0.079741,-0.120850,0.089595,-0.107870,0.128571,-0.991298,0.028250,0.000000,0.000000,0.000000,-1,-0.004440,-0.898651,-0.181396,1.105612,-1.134521,-0.075144,172.928329,152.443283,-761.029846,0,0
174.520000,1.976460,1.425032,0.595153,-0.836449,0.531546,-0.133461,-0.081432,0.120275,0.989395,0.541961,0.838446,-0.057319,0.158584,0.709585,0.643983,0.237964,-0.521585,-0.652358,-0.291186,-0.177253,-0.233841,-0.097358,0.133461,-0.989395,0.057319,0.000000,0.000000,0.000000,-1,-0.041168,-1.367432,-0.061417,-0.519424,-0.753189,-0.286589,170.825867,152.094040,-759.693848,0,0
174.560000,1.871293,1.425524,0.690826,-0.830340,0.539829,-0.138275,-0.092239,0.111571,0.989466,0.549570,0.834348,-0.042849,0.158853,0.704408,0.647287,0.244122,-1.048813,-0.765732,-0.239123,-0.179444,-0.377965,-0.104266,0.138275,-0.989466,0.042849,0.000000,0.000000,0.000000,-1,-0.041168,-1.367432,-0.061417,-0.882045,-0.786083,-0.300527,170.825867,152.094040,-759.693848,0,0
174.600000,1.666328,1.430071,0.877844,-0.819218,0.556226,-0.139622,-0.107912,0.089601,0.990115,0.563237,0.826187,-0.013379,0.161679,0.693217,0.655026,0.253477,-1.498740,-1.079122,0.054454,0.083401,-0.385084,-0.041379,0.139622,-0.990115,0.013379,0.000000,0.000000,0.000000,-1,0.329971,-1.255249,-0.182877,-1.403182,-1.152458,0.010030,172.577927,152.094040,-758.691772,0,0
174.640000,1.005342,1.399834,1.536852,-0.813372,0.563729,-0.143649,-0.170032,0.005774,0.985422,0.556340,0.825940,0.091156,0.149748,0.657265,0.688976,0.266251,-2.800276,0.456546,-0.315751,0.119306,-0.007071,-0.049866,0.143649,-0.985422,-0.091156,0.000000,0.000000,0.000000,-1,0.262955,-0.992493,-0.141022,-2.798115,0.355717,-0.311154,171.176270,154.189484,-762.365845,0,0
174.680000,0.675852,1.338731,1.824632,-0.785201,0.602296,-0.143872,-0.222619,-0.057754,0.973193,0.577841,0.796181,0.179431,0.152580,0.622096,0.711053,0.290033,-1.464868,-2.953910,-0.167221,-0.089444,0.061465,0.312686,0.143872,-0.973193,-0.179431,0.000000,0.000000,0.000000,-1,0.119003,-0.898987,0.179581,-1.462708,-3.054738,-0.162624,172.227509,155.935684,-764.369873,0,0
174.720000,0.416809,1.306507,1.912401,-0.674526,0.730637,-0.105755,-0.246129,-0.087509,0.965279,0.696014,0.677135,0.238858,0.208641,0.580551,0.707265,0.345262,-0.170030,-2.225579,0.501319,0.127186,-0.341026,1.022184,0.105755,-0.965279,-0.238858,0.000000,0.000000,0.000000,-1,0.232941,-1.306305,0.783325,-0.422983,-3.132327,0.402801,169.073807,156.634155,-765.371887,0,0
174.760000,0.447119,1.273572,1.965153,-0.728124,0.673647,-0.126627,-0.270388,-0.112524,0.956153,0.629862,0.730437,0.264077,0.173437,0.581275,0.725384,0.325357,-1.831461,2.929798,-0.474815,0.247061,0.000785,0.245874,0.126627,-0.956153,-0.264077,0.000000,0.000000,0.000000,-1,0.373688,-0.955368,-0.018204,-1.829315,2.828968,-0.470214,169.599426,158.205734,-764.870911,0,0
174.800000,0.476953,1.217875,1.989227,-0.754596,0.636716,-0.158675,-0.315821,-0.140443,0.938367,0.575189,0.758201,0.307066,0.140340,0.571640,0.741974,0.320947,-1.641461,1.411497,-0.528561,0.144487,0.082563,0.221678,0.158675,-0.938367,-0.307066,0.000000,0.000000,0.000000,-1,0.303162,-0.855804,-0.085388,-1.639314,1.310668,-0.523960,170.825867,158.380356,-766.373901,0,0
174.840000,0.492928,1.176444,2.016913,-0.774228,0.606231,-0.181811,-0.346607,-0.165773,0.923246,0.529561,0.777820,0.338470,0.115190,0.563468,0.754730,0.315622,-0.895165,0.807777,-0.136231,-0.129885,0.070325,0.155517,0.181811,-0.923246,-0.338470,0.000000,0.000000,0.000000,-1,-0.014832,-0.861359,-0.122375,-0.969571,0.868049,-0.165553,173.278748,160.825043,-767.375916,0,0
174.880000,0.481765,1.150507,2.043353,-0.780017,0.596517,-0.189056,-0.363308,-0.185718,0.912971,0.509491,0.780818,0.361583,0.105023,0.555139,0.762777,0.314582,-0.472347,0.112369,-0.080312,-0.179657,0.012840,0.345576,0.189056,-0.912971,-0.361583,0.000000,0.000000,0.000000,-1,0.060471,-0.910522,0.023483,-0.470200,0.011541,-0.075712,173.453949,159.951935,-767.542908,0,0
174.920000,0.487407,1.141061,2.061084,-0.791644,0.578988,-0.195123,-0.367550,-0.196183,0.909076,0.488064,0.791382,0.368114,0.095426,0.553929,0.767454,0.308337,-0.038568,0.563252,0.110723,0.079291,0.187335,0.316936,0.195123,-0.909076,-0.368114,0.000000,0.000000,0.000000,-1,0.274414,-0.721741,-0.051178,-0.112896,0.526047,0.122261,173.804367,161.698135,-769.880981,0,0
174.960000,0.503478,1.149898,2.051480,-0.795471,0.573031,-0.197130,-0.362279,-0.188922,0.912722,0.485777,0.797461,0.357879,0.094301,0.558720,0.765224,0.305568,0.399240,-0.146318,-0.085560,0.058577,0.234423,0.159668,0.197130,-0.912722,-0.357879,0.000000,0.000000,0.000000,-1,0.255707,-0.678299,-0.198212,0.369686,-0.181354,-0.042614,173.629166,162.222000,-769.045959,0,1
175.000000,0.533570,1.162267,2.009766,-0.788432,0.580992,-0.202051,-0.359596,-0.168838,0.917706,0.499066,0.796205,0.342040,0.097938,0.565145,0.758174,0.310149,0.341231,-0.099924,-0.254262,-0.017450,0.136227,0.184310,0.202051,-0.917706,-0.342040,0.000000,0.000000,0.000000,-1,0.184601,-0.781479,-0.157730,0.343378,-0.200749,-0.249661,174.154770,160.301178,-767.208923,0,0
175.040000,0.568468,1.161192,1.980732,-0.788765,0.573530,-0.217418,-0.366717,-0.157412,0.916919,0.491656,0.803918,0.334648,0.090772,0.569593,0.755292,0.311220,0.041505,0.718337,-0.398253,0.000218,-0.017636,0.138588,0.217418,-0.916919,-0.334648,0.000000,0.000000,0.000000,-1,0.217636,-0.934555,-0.196060,0.065900,0.494535,-0.389088,175.030807,161.523529,-767.709961,0,0
175.080000,0.622433,1.156801,1.956275,-0.800081,0.552147,-0.234529,-0.372751,-0.151255,0.915521,0.470029,0.819912,0.326830,0.078013,0.574891,0.754680,0.306388,0.082843,0.920090,-0.190066,0.027663,-0.062674,0.070207,0.234529,-0.915521,-0.326830,0.000000,0.000000,0.000000,-1,0.296082,-0.946198,-0.272552,0.070035,0.863753,-0.213159,174.505188,162.047379,-767.876953,0,0
175.120000,0.693329,1.157937,1.917118,-0.811717,0.524749,-0.256427,-0.377408,-0.136194,0.915977,0.445734,0.840292,0.308595,0.063011,0.584578,0.751084,0.300285,0.331986,0.694056,-0.331139,0.111020,0.101692,0.049227,0.256427,-0.915977,-0.308595,0.000000,0.000000,0.000000,-1,0.367462,-0.795395,-0.262283,0.334132,0.593234,-0.326539,177.133286,159.428085,-767.709961,0,0
175.160000,0.745984,1.156051,1.881106,-0.815745,0.509672,-0.273484,-0.383711,-0.123044,0.915219,0.432811,0.851525,0.295940,0.053290,0.590923,0.747451,0.298810,0.179440,0.738364,-0.476451,0.055510,0.087994,0.043193,0.273484,-0.915219,-0.295940,0.000000,0.000000,0.000000,-1,0.297867,-0.879089,-0.269608,0.181586,0.637542,-0.471851,177.483688,161.872757,-767.709961,0,0
175.200000,0.805025,1.139470,1.865682,-0.827996,0.472864,-0.301369,-0.400030,-0.121505,0.908412,0.392937,0.872718,0.289765,0.030596,0.595131,0.748209,0.291661,-0.459010,1.357959,-0.181815,-0.034234,-0.193974,-0.245452,0.301369,-0.908412,-0.289765,0.000000,0.000000,0.000000,-1,0.237732,-1.004425,-0.597076,-0.456863,1.257137,-0.177215,179.410950,161.698135,-767.208923,0,0
175.240000,0.839010,1.129048,1.882777,-0.845197,0.429505,-0.318068,-0.406883,-0.131225,0.904006,0.346536,0.893480,0.285669,0.009464,0.597558,0.752013,0.278050,0.163778,0.443208,-0.069679,-0.015242,0.028334,-0.356268,0.318068,-0.904006,-0.285669,0.000000,0.000000,0.000000,-1,0.302826,-0.875671,-0.641937,0.165875,0.342353,-0.065069,179.410950,160.999664,-767.876953,0,0
175.280000,0.811794,1.153183,1.882896,-0.842450,0.451320,-0.294258,-0.385987,-0.124536,0.914059,0.375888,0.883629,0.279120,0.027233,0.599749,0.749351,0.279344,0.112552,-0.492959,0.637165,0.126412,0.026791,0.201132,0.294258,-0.914059,-0.279120,0.000000,0.000000,0.000000,-1,0.420670,-0.887268,-0.077988,0.262400,-0.848195,0.685970,181.863846,160.301178,-766.874939,0,0
175.320000,0.787655,1.155008,1.913752,-0.847806,0.446413,-0.286252,-0.380389,-0.135824,0.914798,0.369498,0.884459,0.284963,0.027635,0.597290,0.753092,0.274469,-0.282068,0.442415,0.113943,0.156527,0.041095,0.302526,0.286252,-0.914798,-0.284963,0.000000,0.000000,0.000000,-1,0.481857,-1.062988,-0.046661,-0.352043,0.257919,0.195249,179.586166,161.523529,-767.041931,0,0
175.360000,0.816112,1.157886,1.896432,-0.851355,0.435592,-0.292325,-0.380189,-0.128373,0.915957,0.361457,0.890943,0.274898,0.023020,0.601682,0.750771,0.271648,0.023454,0.185658,-0.012720,0.235431,0.010119,-0.045399,0.292325,-0.915957,-0.274898,0.000000,0.000000,0.000000,-1,0.527756,-0.905838,-0.320297,0.025551,0.084805,-0.008110,179.761368,160.999664,-767.876953,0,0
175.400000,0.813187,1.154620,1.899606,-0.850776,0.435804,-0.293692,-0.382609,-0.130544,0.914641,0.360265,0.890524,0.277806,0.022146,0.600505,0.751520,0.272253,0.307218,-0.536162,0.107610,-0.054724,-0.167359,0.139577,0.293692,-0.914641,-0.277806,0.000000,0.000000,0.000000,-1,0.238968,-1.082001,-0.138229,0.297679,-0.480127,0.095684,180.987808,160.475800,-767.375916,0,0
175.440000,0.818319,1.172062,1.883445,-0.850335,0.443398,-0.283424,-0.369431,-0.119419,0.921553,0.374769,0.888334,0.265351,0.030550,0.605303,0.747513,0.271844,0.715826,-0.083021,0.390392,-0.044090,-0.117311,0.241181,0.283424,-0.921553,-0.265351,0.000000,0.000000,0.000000,-1,0.239334,-1.038864,-0.024170,0.582689,-0.142623,0.330356,181.338226,160.825043,-766.039917,0,0
175.480000,0.816346,1.208448,1.845127,-0.841395,0.474703,-0.258285,-0.341216,-0.096027,0.935067,0.419076,0.874892,0.242773,0.054448,0.612902,0.738274,0.276293,1.002566,-2.154584,0.447640,-0.243774,0.102532,0.261130,0.258285,-0.935067,-0.242773,0.000000,0.000000,0.000000,-1,0.014511,-0.832535,0.018356,1.004663,-2.255434,0.452249,179.235748,159.428085,-765.371887,0,0
175.520000,0.777684,1.231665,1.804360,-0.808618,0.540053,-0.233411,-0.323636,-0.076995,0.943044,0.491322,0.838102,0.237040,0.088512,0.611266,0.728466,0.296406,0.892720,-2.325789,0.109234,-0.316937,-0.022090,0.511225,0.233410,-0.943044,-0.237040,0.000000,0.000000,0.000000,-1,-0.113174,-1.049652,0.307159,0.894817,-2.426639,0.113843,179.235748,159.428085,-765.371887,0,0
175.560000,0.854618,1.281539,1.714324,-0.809452,0.546344,-0.215163,-0.282308,-0.040799,0.958456,0.514868,0.836566,0.187262,0.104982,0.628767,0.713708,0.290263,0.527428,1.174336,0.358074,-0.357588,-0.014811,0.080634,0.215163,-0.958456,-0.187262,0.000000,0.000000,0.000000,-1,-0.142426,-0.973267,-0.106628,0.668724,0.898578,0.377895,177.483688,158.729599,-766.373901,0,0
175.600000,0.879813,1.297974,1.715310,-0.826160,0.523779,-0.207644,-0.266642,-0.038804,0.963014,0.496349,0.850970,0.171720,0.101149,0.635538,0.713562,0.276928,0.290551,-0.106350,0.394122,-0.131716,-0.081358,-0.075427,0.207644,-0.963014,-0.171719,0.000000,0.000000,0.000000,-1,0.075928,-1.044373,-0.247147,0.292648,-0.207198,0.398731,179.410950,157.856506,-764.202881,0,0
175.640000,0.852721,1.323199,1.685558,-0.800645,0.570004,-0.184560,-0.243463,-0.028064,0.969504,0.547442,0.821162,0.161244,0.128622,0.634692,0.705328,0.288329,0.628097,-1.468940,0.245503,-0.058324,-0.010202,0.287999,0.184560,-0.969504,-0.161244,0.000000,0.000000,0.000000,-1,0.126236,-0.979706,0.126755,0.608942,-1.646095,0.268774,178.534927,156.634155,-765.371887,0,0
175.680000,0.862069,1.337617,1.649959,-0.787802,0.590418,-0.175428,-0.230349,-0.018273,0.972937,0.571233,0.806891,0.150398,0.141486,0.636225,0.699370,0.293395,0.624349,-0.634609,0.208803,-0.094022,0.064489,0.392448,0.175428,-0.972937,-0.150398,0.000000,0.000000,0.000000,-1,0.072662,-0.877441,0.231567,0.626446,-0.735456,0.213413,176.958069,156.459549,-763.534851,0,0
175.720000,0.936476,1.360890,1.580024,-0.793230,0.585336,-0.167835,-0.208359,-0.001923,0.978051,0.572165,0.810789,0.123485,0.145952,0.645721,0.692574,0.286502,0.500570,0.558003,0.127134,-0.102390,0.046410,0.269313,0.167835,-0.978051,-0.123485,0.000000,0.000000,0.000000,-1,0.065445,-0.931641,0.145828,0.502667,0.457157,0.131743,176.958069,156.459549,-763.534851,0,0
175.760000,1.100765,1.378346,1.472999,-0.826690,0.536196,-0.170523,-0.190351,0.018675,0.981538,0.529481,0.843887,0.086627,0.130392,0.663087,0.688230,0.263919,0.611656,1.635053,0.043397,-0.140478,0.009767,0.064959,0.170523,-0.981538,-0.086627,0.000000,0.000000,0.000000,-1,0.030045,-0.971771,-0.021667,0.632940,1.558606,0.056195,178.009308,155.761063,-762.866882,0,0
175.800000,1.198674,1.384742,1.408943,-0.844924,0.506368,-0.172322,-0.182565,0.029809,0.982742,0.502766,0.861802,0.067259,0.120424,0.672212,0.685998,0.251070,0.513511,1.214144,0.041060,-0.126073,-0.026581,-0.011049,0.172322,-0.982742,-0.067259,0.000000,0.000000,0.000000,-1,0.062256,-1.004700,-0.074203,0.515607,1.113299,0.045669,179.060547,155.411819,-760.862854,0,0
175.840000,1.409693,1.400139,1.224385,-0.860468,0.481138,-0.167631,-0.159742,0.057661,0.985473,0.483815,0.874746,0.027242,0.116863,0.687548,0.676396,0.236873,0.680933,-0.102456,0.162166,-0.112745,-0.032456,-0.009410,0.167631,-0.985473,-0.027242,0.000000,0.000000,0.000000,-1,0.054886,-1.017929,-0.036652,0.683030,-0.203299,0.166775,179.410950,156.110306,-761.530823,0,0
175.880000,1.554919,1.407676,1.069013,-0.857343,0.488464,-0.162377,-0.142378,0.078112,0.986725,0.494664,0.869081,0.002578,0.124466,0.695140,0.667422,0.236298,0.853021,-0.134309,0.129565,-0.158059,0.043030,0.020126,0.162377,-0.986725,-0.002578,0.000000,0.000000,0.000000,-1,0.004318,-0.943695,0.017548,0.811484,-0.315720,0.139274,178.710129,155.761063,-759.192810,0,0
175.920000,1.710558,1.408743,0.917263,-0.860597,0.483577,-0.159771,-0.128098,0.098097,0.986898,0.492914,0.869788,-0.022476,0.126277,0.703770,0.659550,0.231853,1.011646,0.457193,0.064515,-0.194775,0.037145,0.067672,0.159771,-0.986898,0.022476,0.000000,0.000000,0.000000,-1,-0.047333,-0.974884,0.078156,1.013743,0.356352,0.069124,178.710129,155.761063,-759.192810,0,0
175.960000,2.009121,1.398767,0.637552,-0.872052,0.464221,-0.154999,-0.101893,0.137554,0.985239,0.478689,0.874973,-0.072654,0.125546,0.721502,0.644563,0.219573,0.856277,0.209119,0.076921,-0.181046,0.070155,0.002755,0.154999,-0.985239,0.072654,0.000000,0.000000,0.000000,-1,-0.026047,-0.915085,0.075409,0.858374,0.108278,0.081530,177.834106,154.887955,-757.355774,0,0
176.000000,2.184810,1.382752,0.456237,-0.870973,0.466969,-0.152793,-0.082360,0.167818,0.982372,0.484379,0.868203,-0.107705,0.131258,0.732546,0.631556,0.217451,1.083375,-0.307211,0.070366,-0.093619,-0.005818,-0.103906,0.152793,-0.982372,0.107705,0.000000,0.000000,0.000000,-1,0.059174,-0.988190,0.003799,1.087669,-0.356088,0.083226,179.235748,153.490997,-757.021790,0,0
176.040000,2.291740,1.365803,0.311135,-0.863590,0.481293,-0.150231,-0.062318,0.193787,0.979062,0.500329,0.854871,-0.137359,0.141406,0.740732,0.618960,0.219566,0.499806,-0.414224,0.123021,-0.025017,0.002790,-0.210083,0.150231,-0.979062,0.137359,0.000000,0.000000,0.000000,-1,0.125214,-0.976273,-0.072723,0.599749,-0.522467,0.138286,178.009308,153.665619,-755.852783,0,0
176.080000,2.311221,1.362103,0.293976,-0.854915,0.495712,-0.152938,-0.060033,0.198293,0.978303,0.515283,0.845547,-0.139765,0.147103,0.740435,0.615804,0.225618,-0.049875,-0.537613,-0.139484,-0.043319,-0.069595,-0.247461,0.152938,-0.978303,0.139765,0.000000,0.000000,0.000000,-1,0.109619,-1.047897,-0.107697,-0.047778,-0.638451,-0.134875,177.658890,154.014862,-754.850769,0,0
176.120000,2.251225,1.361267,0.313554,-0.832961,0.529184,-0.161679,-0.064156,0.197858,0.978129,0.549600,0.825116,-0.130858,0.158144,0.735132,0.613238,0.241888,-0.176613,-1.700397,0.040546,-0.323040,-0.121709,-0.164870,0.161679,-0.978129,0.130858,0.000000,0.000000,0.000000,-1,-0.161362,-1.099838,-0.034012,-0.109798,-1.622167,-0.027635,178.359726,154.364105,-755.518738,0,0
176.160000,2.135875,1.389593,0.340845,-0.782373,0.603927,-0.152198,-0.060242,0.169846,0.983628,0.619889,0.778733,-0.096501,0.189922,0.715668,0.615635,0.269709,-0.690976,-2.394754,0.806717,-0.373588,-0.140564,0.009243,0.152198,-0.983628,0.096501,0.000000,0.000000,0.000000,-1,-0.230484,-1.085037,0.142502,-0.658231,-2.445849,0.752259,175.731628,153.141754,-754.683716,0,0
176.200000,2.026184,1.423437,0.357069,-0.722577,0.678598,-0.131864,-0.051320,0.137566,0.989162,0.689383,0.721513,-0.064576,0.226072,0.693671,0.616530,0.295978,-0.215576,-2.513816,0.590334,-0.101819,-0.227162,0.189376,0.131864,-0.989162,0.064576,0.000000,0.000000,0.000000,-1,0.030045,-1.216324,0.253952,-0.213480,-2.614652,0.594943,174.505188,154.364105,-755.852783,0,0
176.240000,1.950488,1.426504,0.444461,-0.729822,0.670465,-0.133551,-0.061826,0.129822,0.989608,0.680835,0.730495,-0.053294,0.220029,0.691545,0.621833,0.294408,-0.749470,1.978530,-0.662223,0.440759,-0.157502,0.126195,0.133551,-0.989608,0.053294,0.000000,0.000000,0.000000,-1,0.574310,-1.147110,0.179489,-0.747373,1.877695,-0.657614,174.329987,153.840240,-756.019775,0,0
176.280000,1.648395,1.416637,0.860575,-0.797514,0.583554,-0.153088,-0.116424,0.100115,0.988141,0.591960,0.805880,-0.011903,0.169022,0.690929,0.649133,0.269582,-1.568203,2.942356,-0.612882,0.097080,0.045010,0.029128,0.153088,-0.988141,0.011903,0.000000,0.000000,0.000000,-1,0.168808,-0.910553,0.015625,-1.500031,2.696368,-0.523240,176.607666,155.761063,-756.520752,0,1
176.320000,1.308861,1.378280,1.339578,-0.863475,0.469317,-0.184804,-0.186238,0.043846,0.981526,0.468750,0.881940,0.049545,0.103844,0.681501,0.683589,0.239748,-2.038532,2.285058,-0.585584,-0.072987,0.005497,-0.008866,0.184804,-0.981526,-0.049545,0.000000,0.000000,0.000000,-1,0.129913,-0.980087,-0.116806,-2.036484,2.184190,-0.580966,178.885345,154.538727,-760.027832,0,0
176.360000,1.063890,1.342320,1.603948,-0.867155,0.456983,-0.198013,-0.226370,-0.007507,0.974013,0.443621,0.889444,0.109957,0.087172,0.661379,0.704383,0.242536,-2.231987,-1.014141,-0.463254,0.156388,-0.159502,0.048693,0.198013,-0.974013,-0.109957,0.000000,0.000000,0.000000,-1,0.441116,-1.119629,-0.033096,-2.229939,-1.115008,-0.458636,178.885345,158.031128,-760.027832,0,0
176.400000,0.772323,1.272698,1.797431,-0.810919,0.548094,-0.204946,-0.286192,-0.065995,0.955897,0.510396,0.833809,0.210377,0.105711,0.619384,0.722373,0.288731,-2.355073,-4.101073,-0.897918,0.413142,-0.105062,0.218662,0.204946,-0.955897,-0.210377,0.000000,0.000000,0.000000,-1,0.619186,-1.032837,0.039764,-2.378149,-3.952710,-0.839898,178.009308,157.856506,-760.862854,0,0
176.440000,0.544821,1.173377,1.849899,-0.694988,0.690475,-0.200589,-0.372063,-0.106627,0.922063,0.615273,0.715454,0.331005,0.141981,0.560660,0.730175,0.363796,-0.777878,-2.444881,-0.820659,0.268557,-0.067592,0.389400,0.200589,-0.922063,-0.331005,0.000000,0.000000,0.000000,-1,0.424072,-1.047028,0.410461,-0.775829,-2.545747,-0.816042,176.432449,160.126556,-762.365845,0,0
176.480000,0.631935,1.182678,1.772180,-0.697119,0.681211,-0.223552,-0.370800,-0.075699,0.925623,0.613622,0.728162,0.305364,0.135292,0.573597,0.720795,0.364879,0.832674,1.586462,-0.558764,0.033772,0.189798,0.682851,0.223552,-0.925623,-0.305364,0.000000,0.000000,0.000000,-1,0.239441,-0.738449,0.350098,1.013305,1.305408,-0.525517,176.607666,158.554977,-762.198853,0,0
176.520000,0.701265,1.159883,1.746017,-0.715610,0.649219,-0.257717,-0.393331,-0.069634,0.916756,0.577229,0.757408,0.305188,0.110494,0.578962,0.722916,0.360536,-1.168797,1.174540,-0.909273,-0.145504,0.081231,0.617276,0.257717,-0.916756,-0.305188,0.000000,0.000000,0.000000,-1,0.065002,-0.873001,0.186050,-0.911215,1.273087,-0.846676,180.111786,162.396622,-763.200867,0,0
176.560000,0.709616,1.070513,1.773730,-0.712856,0.627824,-0.312528,-0.469831,-0.096675,0.877447,0.520668,0.772328,0.363887,0.070592,0.559530,0.737126,0.372275,-0.913635,0.351013,-0.740302,-0.098295,-0.040919,0.187510,0.312528,-0.877447,-0.363887,0.000000,0.000000,0.000000,-1,0.271805,-0.872543,-0.250229,-0.911586,0.250150,-0.735684,179.936569,162.571243,-762.699829,0,0
176.600000,0.710287,1.052189,1.768760,-0.704365,0.631988,-0.323203,-0.485990,-0.097485,0.868510,0.517381,0.768822,0.375805,0.065792,0.554769,0.737844,0.378799,0.072786,-0.378465,-0.079867,0.112847,-0.021184,0.163464,0.323203,-0.868510,-0.375805,0.000000,0.000000,0.000000,-1,0.488388,-0.868073,-0.213623,-0.056283,-0.415875,-0.180462,182.214249,163.095108,-764.202881,0,0
176.640000,0.699417,1.060559,1.762057,-0.696995,0.644473,-0.314408,-0.479479,-0.092840,0.872629,0.533196,0.758970,0.373720,0.074372,0.554625,0.735451,0.382062,0.309517,-0.631492,0.160130,0.245925,0.043802,0.153109,0.314408,-0.872629,-0.373720,0.000000,0.000000,0.000000,-1,0.550934,-0.799210,-0.248962,0.323211,-0.717535,0.148596,180.462189,161.698135,-763.534851,0,0
176.680000,0.657958,1.070999,1.758250,-0.674755,0.677363,-0.293061,-0.470853,-0.089312,0.877679,0.568334,0.730207,0.379202,0.094015,0.549145,0.731995,0.392153,0.064955,-1.064368,-0.042646,0.013290,0.050440,0.054403,0.293061,-0.877680,-0.379202,0.000000,0.000000,0.000000,-1,0.239670,-0.863098,-0.379486,0.067003,-1.165229,-0.038028,180.462189,162.396622,-763.868896,0,0
176.720000,0.630906,1.073653,1.747483,-0.652331,0.703791,-0.281322,-0.469492,-0.083827,0.878949,0.595014,0.705444,0.385107,0.107690,0.543920,0.728228,0.402787,0.368373,-0.749413,0.002583,-0.090618,-0.006488,0.110388,0.281322,-0.878949,-0.385107,0.000000,0.000000,0.000000,-1,0.224213,-0.832565,-0.187698,0.267008,-1.032689,-0.031258,179.235748,159.428085,-764.035889,0,1
176.760000,0.643641,1.090055,1.724361,-0.648186,0.709113,-0.277514,-0.456994,-0.070735,0.886653,0.609107,0.701538,0.369910,0.114716,0.549441,0.722639,0.403420,0.349827,-0.140804,0.035143,-0.026980,0.044550,0.199607,0.277514,-0.886653,-0.369910,0.000000,0.000000,0.000000,-1,0.250534,-0.842102,-0.170303,0.427360,-0.164290,0.023688,178.885345,160.126556,-762.365845,0,0
176.800000,0.609944,1.103893,1.729957,-0.634956,0.728251,-0.257841,-0.444434,-0.071340,0.892966,0.631909,0.681587,0.368957,0.129833,0.546502,0.720287,0.407020,0.407962,-0.952386,0.394511,-0.131833,0.026588,0.018280,0.257840,-0.892966,-0.368957,0.000000,0.000000,0.000000,-1,0.086380,-0.860168,-0.402664,0.410010,-1.053244,0.399128,177.834106,161.174286,-763.033875,0,0
176.840000,0.571842,1.130645,1.734477,-0.620083,0.749885,-0.230585,-0.420382,-0.069429,0.904687,0.662402,0.657915,0.358290,0.150878,0.545977,0.715507,0.408894,0.859465,-1.272178,0.650525,-0.175928,0.050607,-0.074739,0.230585,-0.904687,-0.350812,0.000000,0.000000,0.000000,-1,0.084381,-0.821472,-0.367386,0.856213,-1.341233,0.652930,177.308487,159.951935,-762.866882,0,0
176.880000,0.515243,1.177008,1.743572,-0.597855,0.778990,-0.189062,-0.377977,-0.065963,0.923462,0.706896,0.623558,0.333877,0.183188,0.547270,0.706699,0.409286,0.856193,-0.888534,0.549904,-0.054510,0.151184,-0.043626,0.189062,-0.923462,-0.333877,0.000000,0.000000,0.000000,-1,0.122299,-0.757965,-0.388290,0.849772,-1.037071,0.573977,175.731628,159.428085,-761.029846,0,0
176.920000,0.491431,1.211875,1.743428,-0.586698,0.792660,-0.165758,-0.346043,-0.060339,0.936276,0.732147,0.606671,0.309695,0.202451,0.551513,0.699416,0.407019,0.457724,-0.371654,0.220083,-0.038408,0.020444,-0.070188,0.165758,-0.936276,-0.309695,0.000000,0.000000,0.000000,-1,0.165512,-0.931992,-0.387772,0.459772,-0.472509,0.224700,177.133286,160.126556,-760.361816,0,0
176.960000,0.472420,1.222102,1.746127,-0.576429,0.802220,-0.155475,-0.336433,-0.059599,0.939820,0.744676,0.594047,0.304248,0.211496,0.550587,0.696469,0.408723,0.142633,-0.493702,0.141137,0.075879,0.045044,-0.038648,0.155475,-0.939820,-0.304248,0.000000,0.000000,0.000000,-1,0.247559,-0.882553,-0.369858,0.159576,-0.591374,0.147703,176.607666,160.301178,-760.862854,0,0
177.000000,0.444116,1.230919,1.754657,-0.563345,0.813711,-0.143236,-0.327753,-0.060949,0.942796,0.758433,0.578065,0.301031,0.221683,0.548034,0.693780,0.411320,0.177767,-0.511701,0.157850,0.144178,0.101060,-0.178858,0.143236,-0.942796,-0.301031,0.000000,0.000000,0.000000,-1,0.279846,-0.846649,-0.514801,0.189405,-0.621026,0.169846,174.329987,159.078842,-759.693848,0,0
177.040000,0.423271,1.233382,1.767663,-0.558434,0.818329,-0.135976,-0.324654,-0.064752,0.943614,0.763382,0.571091,0.301833,0.226100,0.545859,0.693725,0.411900,-0.154602,0.198577,0.120014,0.080851,0.070399,-0.202225,0.135976,-0.943614,-0.301833,0.000000,0.000000,0.000000,-1,0.182251,-0.885529,-0.475632,-0.152554,0.097724,0.124632,174.505188,158.554977,-760.862854,0,0
177.080000,0.403169,1.221617,1.785967,-0.556553,0.819897,-0.134228,-0.334238,-0.073049,0.939654,0.760614,0.567831,0.314696,0.224611,0.540557,0.697190,0.413852,-0.249507,-0.431534,-0.109050,0.068652,0.012133,-0.137208,0.134228,-0.939654,-0.314696,0.000000,0.000000,0.000000,-1,0.177399,-0.994400,-0.218948,-0.447119,-0.450692,-0.063243,174.154770,158.554977,-762.198853,0,0
177.120000,0.469835,1.252289,1.719168,-0.557054,0.818285,-0.141775,-0.309709,-0.046292,0.949704,0.770566,0.572945,0.279218,0.229140,0.554875,0.686033,0.411057,1.440731,0.155583,-0.286696,0.015146,-0.038974,0.206616,0.141775,-0.949704,-0.279218,0.000000,0.000000,0.000000,-1,0.156921,-0.988678,-0.072601,1.452680,0.284859,-0.240678,174.855606,156.808777,-760.862854,0,0
177.160000,0.450746,1.276069,1.635172,-0.473896,0.871441,-0.126544,-0.289877,-0.018687,0.956881,0.831501,0.490145,0.261467,0.266141,0.546293,0.662203,0.438430,0.139439,-2.393872,-0.036403,0.138395,-0.626722,0.228126,0.126544,-0.956881,-0.261467,0.000000,0.000000,0.000000,-1,0.263123,-1.172775,0.066895,0.141487,-2.494723,-0.031785,174.855606,158.205734,-760.862854,0,0
177.200000,0.393757,1.285236,1.645410,-0.435940,0.893463,-0.108075,-0.280912,-0.020999,0.959504,0.855012,0.448645,0.260139,0.285009,0.537309,0.655186,0.448107,0.492477,-1.059656,0.272800,0.088153,0.282853,0.315406,0.108075,-0.959504,-0.260139,0.000000,0.000000,0.000000,-1,0.228287,-0.716141,0.061920,0.352973,-1.223102,0.250540,175.206009,152.967148,-760.528809,0,0
177.240000,0.373931,1.315520,1.652579,-0.428305,0.898914,-0.092237,-0.251668,-0.020628,0.967594,0.867881,0.437639,0.235063,0.298856,0.541437,0.648845,0.443320,1.210827,0.165229,0.492309,0.107424,0.047138,0.353090,0.092237,-0.967594,-0.235063,0.000000,0.000000,0.000000,-1,0.155884,-1.025940,0.129623,1.092578,-0.183699,0.505753,173.979568,155.586441,-760.027832,0,0
177.280000,0.460634,1.369474,1.559918,-0.425768,0.900456,-0.088888,-0.199953,0.002175,0.979803,0.882463,0.434942,0.179123,0.313422,0.558753,0.632992,0.434606,0.427707,-0.566145,-0.089314,-0.224355,0.001364,0.305877,0.088888,-0.979803,-0.179123,0.000000,0.000000,0.000000,-1,-0.140884,-0.911911,0.129715,0.429755,-0.666993,-0.084697,173.979568,155.237198,-758.691772,0,0
177.320000,0.430022,1.380205,1.567846,-0.406658,0.910161,-0.078976,-0.189439,0.000559,0.981892,0.893724,0.414255,0.172192,0.324265,0.555658,0.628150,0.437634,0.268317,-0.250887,0.139711,-0.173794,-0.023753,0.327954,0.078976,-0.981892,-0.172192,0.000000,0.000000,0.000000,-1,-0.062607,-1.023483,0.125793,0.234235,-0.421696,0.175899,174.329987,154.887955,-759.025818,0,0
177.360000,0.441346,1.390270,1.561785,-0.412050,0.907928,-0.076695,-0.179540,0.001618,0.983749,0.893297,0.419124,0.162343,0.325572,0.559313,0.627052,0.433564,0.303018,0.784892,0.108061,-0.034947,-0.034409,0.229848,0.076695,-0.983749,-0.162343,0.000000,0.000000,0.000000,-1,0.196762,-0.941772,-0.018311,0.328138,0.330961,0.112962,173.629166,155.237198,-758.691772,0,0
177.400000,0.516524,1.396033,1.543273,-0.462224,0.882596,-0.085870,-0.173809,0.004785,0.984768,0.869563,0.470108,0.151192,0.308950,0.573545,0.634159,0.416459,0.025970,0.919243,-0.085216,0.098807,0.037060,0.110176,0.085870,-0.984768,-0.151192,0.000000,0.000000,0.000000,-1,0.136475,-0.965561,-0.025070,0.027971,0.818363,-0.080589,172.577927,153.490997,-758.357788,0,0
177.440000,0.542757,1.396359,1.534468,-0.477224,0.874198,-0.089640,-0.173439,0.006304,0.984824,0.861496,0.485529,0.148612,0.303257,0.577693,0.636304,0.411610,0.072682,0.412591,0.000589,-0.029322,-0.002602,0.137534,0.089640,-0.984824,-0.148612,0.000000,0.000000,0.000000,-1,0.036255,-0.992844,-0.010849,0.074682,0.311711,0.005216,175.731628,153.490997,-758.023804,0,0
177.480000,0.577272,1.403484,1.512507,-0.488389,0.867881,-0.090884,-0.166250,0.009702,0.986036,0.856643,0.496678,0.139547,0.300983,0.582783,0.636049,0.406466,0.227744,0.244007,-0.007805,-0.095187,-0.005007,0.141271,0.090884,-0.986036,-0.139547,0.000000,0.000000,0.000000,-1,-0.024734,-1.016876,0.012726,0.228718,0.144202,0.006402,175.556427,155.761063,-758.190796,0,0
177.520000,0.618334,1.407596,1.484691,-0.499781,0.861016,-0.094184,-0.161875,0.013973,0.986712,0.850891,0.508386,0.132393,0.297428,0.587656,0.636043,0.402053,0.113034,0.594871,-0.049609,-0.141044,-0.020429,0.143853,0.094184,-0.986712,-0.132393,0.000000,0.000000,0.000000,-1,-0.046051,-1.011795,0.006699,0.115035,0.493993,-0.044982,176.432449,154.887955,-756.353760,0,0
177.560000,0.682442,1.404128,1.476084,-0.545773,0.831375,-0.104630,-0.165154,0.015689,0.986143,0.821496,0.555490,0.128742,0.278297,0.598481,0.643977,0.386865,-0.165241,1.085703,-0.076414,-0.179077,-0.027330,0.128895,0.104630,-0.986143,-0.128742,0.000000,0.000000,0.000000,-1,-0.074448,-1.013474,0.000153,-0.140906,1.016626,-0.076432,175.906830,155.761063,-757.522766,0,0
177.600000,0.691983,1.398745,1.494534,-0.568154,0.815640,-0.109239,-0.170707,0.013044,0.985236,0.805022,0.578413,0.131824,0.267852,0.601950,0.649410,0.379709,-0.196057,0.786821,-0.010902,-0.191591,-0.025720,0.126209,0.109239,-0.985236,-0.131824,0.000000,0.000000,0.000000,-1,-0.070312,-1.020691,-0.008743,-0.208909,0.748490,-0.010649,178.009308,154.364105,-757.856812,0,0
177.640000,0.700186,1.397681,1.506556,-0.584327,0.803892,-0.110992,-0.171896,0.011058,0.985053,0.793104,0.594672,0.131725,0.261194,0.604909,0.652877,0.373649,0.072559,0.218579,0.007849,-0.091690,-0.042871,0.137782,0.110992,-0.985053,-0.131725,0.000000,0.000000,0.000000,-1,0.037674,-1.009537,0.017181,0.074560,0.117703,0.012475,177.133286,154.887955,-757.021790,0,0
177.680000,0.724731,1.400766,1.486858,-0.588305,0.800821,-0.112176,-0.168616,0.014187,0.985580,0.790864,0.598736,0.126685,0.260203,0.607414,0.652074,0.371674,0.066018,0.088147,-0.008510,-0.032678,0.004882,0.174735,0.112176,-0.985580,-0.126685,0.000000,0.000000,0.000000,-1,0.079498,-0.980698,0.048050,0.083973,-0.019084,-0.000839,176.432449,154.538727,-759.025818,0,0
177.720000,0.735471,1.400563,1.480052,-0.591321,0.798386,-0.113665,-0.168715,0.015352,0.985545,0.788590,0.601951,0.125622,0.258701,0.608492,0.652225,0.370693,-0.004213,0.171852,-0.042152,-0.019656,-0.042226,0.164730,0.113665,-0.985545,-0.125622,0.000000,0.000000,0.000000,-1,0.095001,-1.043198,0.025909,0.005209,0.054011,-0.039659,176.958069,155.062576,-758.524780,0,0
177.760000,0.752585,1.402252,1.477257,-0.602719,0.789672,-0.114660,-0.167014,0.015668,0.985830,0.780279,0.613329,0.122443,0.254544,0.611544,0.653738,0.365852,0.101655,0.450847,0.063921,-0.051672,-0.011927,0.130210,0.114660,-0.985830,-0.122443,0.000000,0.000000,0.000000,-1,0.049225,-0.993683,0.008423,0.103655,0.349975,0.068547,176.257248,154.713348,-758.190796,0,0
177.800000,0.772922,1.411482,1.473317,-0.616443,0.779570,-0.110768,-0.157888,0.015440,0.987336,0.771407,0.626125,0.113567,0.252265,0.616100,0.654708,0.357968,0.148696,0.232615,0.178205,-0.077565,-0.004638,0.142345,0.110768,-0.987336,-0.113567,0.000000,0.000000,0.000000,-1,0.033203,-0.991974,0.028778,0.162400,0.170963,0.177207,177.483688,154.887955,-759.025818,0,0
177.840000,0.768102,1.416479,1.481917,-0.619964,0.777329,-0.106791,-0.153099,0.013643,0.988117,0.769548,0.628947,0.110550,0.252904,0.617061,0.655147,0.355045,0.042022,0.072428,0.116281,-0.100000,0.049747,0.165039,0.106791,-0.988117,-0.110550,0.000000,0.000000,0.000000,-1,0.004684,-0.906891,0.063614,0.063211,-0.016764,0.132344,177.483688,154.538727,-756.353760,0,0
177.880000,1.333461,1.521189,0.927493,-0.635702,0.770428,-0.048197,-0.039676,0.029745,0.998770,0.770914,0.636833,0.011659,0.284119,0.642999,0.635928,0.318473,0.128337,0.319424,0.096230,0.009527,0.117880,0.136445,0.048197,-0.998770,-0.011659,0.000000,0.000000,0.000000,-1,0.092728,-0.894821,0.119202,0.130254,0.218557,0.100759,176.958069,154.713348,-757.856812,0,0
177.920000,1.424697,1.522887,0.844196,-0.641913,0.765312,-0.047381,-0.035796,0.031816,0.998853,0.765942,0.642872,0.006972,0.282533,0.645515,0.635820,0.314990,0.102348,0.157071,0.003642,0.120771,-0.006457,0.117278,0.047381,-0.998853,-0.006972,0.000000,0.000000,0.000000,-1,0.164688,-1.020691,0.104431,0.113836,0.075284,0.004788,176.782867,155.237198,-757.021790,0,0
177.960000,1.531848,1.521484,0.748642,-0.650775,0.757672,-0.049255,-0.033551,0.036112,0.998784,0.758529,0.651636,0.001919,0.278924,0.649031,0.635724,0.311150,0.152257,0.503629,-0.083570,0.051575,-0.015406,0.086377,0.049255,-0.998784,-0.001919,0.000000,0.000000,0.000000,-1,0.082764,-1.007477,0.079483,0.133920,0.324311,-0.077400,175.556427,154.364105,-756.854797,0,0
178.000000,1.753001,1.520751,0.564993,-0.678926,0.732556,-0.049196,-0.026783,0.042250,0.998748,0.733718,0.679394,-0.009064,0.268276,0.657693,0.637890,0.297598,0.201011,1.004259,0.056172,0.004759,0.017562,0.019790,0.049196,-0.998748,0.009064,0.000000,0.000000,0.000000,-1,0.074615,-0.972855,0.018631,0.202928,0.903395,0.060700,176.082047,155.586441,-756.687744,0,0
178.040000,1.912671,1.521620,0.439146,-0.703520,0.709165,-0.046311,-0.020900,0.044492,0.998791,0.710368,0.703638,-0.016480,0.259069,0.664171,0.640810,0.284821,0.144709,0.915246,0.086978,0.092071,0.056439,-0.029999,0.046311,-0.998791,0.016480,0.000000,0.000000,0.000000,-1,0.158783,-0.947586,-0.027771,0.148750,0.837699,0.086060,176.082047,155.586441,-756.687744,0,0
178.080000,2.104393,1.521538,0.286204,-0.730715,0.681365,-0.042393,-0.013900,0.047235,0.998787,0.682541,0.730418,-0.025044,0.248543,0.671378,0.643901,0.269943,0.204124,1.120815,0.011999,0.161998,0.059288,-0.062520,0.042393,-0.998787,0.025044,0.000000,0.000000,0.000000,-1,0.256241,-0.948669,-0.040482,0.202916,0.961684,0.045545,177.308487,154.713348,-755.184753,0,0
178.120000,2.131398,1.513231,0.323002,-0.772585,0.633039,-0.048727,-0.018262,0.054559,0.998344,0.634649,0.772195,-0.030591,0.225525,0.681494,0.649507,0.250691,-0.126376,1.551815,-0.320311,0.209909,0.040610,-0.074551,0.048727,-0.998344,0.030591,0.000000,0.000000,0.000000,-1,0.191803,-0.972397,-0.034241,-0.124459,1.450953,-0.315782,177.133286,156.284927,-755.351746,0,0
178.160000,1.967317,1.508271,0.543818,-0.806825,0.587973,-0.057636,-0.032330,0.053470,0.998046,0.589906,0.807112,-0.024132,0.202384,0.686372,0.657500,0.235857,-0.194386,0.803548,-0.157690,-0.018436,-0.006806,-0.043511,0.057636,-0.998046,0.024132,0.000000,0.000000,0.000000,-1,0.006775,-1.010895,-0.017517,-0.211551,0.843673,-0.167416,178.009308,155.062576,-754.182739,0,0
178.200000,1.915676,1.506865,0.604685,-0.812069,0.580455,-0.060126,-0.036320,0.052559,0.997957,0.582430,0.812594,-0.021599,0.198098,0.686700,0.659149,0.233929,-0.030850,-0.038076,-0.036558,-0.091818,-0.007261,-0.030037,0.060126,-0.997957,0.021599,0.000000,0.000000,0.000000,-1,-0.016388,-0.965714,0.000336,-0.058684,-0.010684,-0.053555,178.009308,156.110306,-753.848755,0,0
178.240000,1.952292,1.508197,0.546884,-0.799705,0.597579,-0.058061,-0.032532,0.053434,0.998041,0.599511,0.800028,-0.023291,0.206247,0.684914,0.656312,0.240020,0.096742,-0.605109,0.082668,0.052718,0.049372,-0.006003,0.058061,-0.998041,0.023291,0.000000,0.000000,0.000000,-1,0.153397,-0.954544,0.023636,0.098659,-0.705968,0.087196,179.060547,156.110306,-755.518738,0,0
178.280000,1.958953,1.509989,0.524160,-0.790067,0.610434,-0.056249,-0.030414,0.052611,0.998152,0.612265,0.790318,-0.023000,0.212322,0.682949,0.654686,0.244716,-0.069149,-0.152556,-0.019663,0.188121,0.024916,0.017558,0.056249,-0.998152,0.023000,0.000000,0.000000,0.000000,-1,0.259598,-0.976440,0.048141,-0.046984,-0.300030,0.007191,177.658890,155.411819,-754.516724,0,0
178.320000,1.876057,1.509144,0.609398,-0.791317,0.608575,-0.058765,-0.035266,0.050523,0.998100,0.610388,0.791886,-0.018517,0.210165,0.681975,0.656178,0.245300,-0.161581,0.242822,-0.094902,0.135495,0.015129,0.051002,0.058765,-0.998100,0.018517,0.000000,0.000000,0.000000,-1,0.194260,-0.982971,0.069519,-0.159707,0.141930,-0.090360,178.534927,154.887955,-754.683716,0,0
178.360000,1.792151,1.506305,0.708136,-0.799996,0.596701,-0.062874,-0.041917,0.048952,0.997921,0.598539,0.800969,-0.014149,0.203225,0.682477,0.658957,0.242284,-0.088205,0.343518,-0.111057,0.055519,0.037075,0.029079,0.062874,-0.997921,0.014149,0.000000,0.000000,0.000000,-1,0.101974,-0.959030,0.039398,-0.086330,0.242627,-0.106515,178.359726,155.062576,-754.516724,0,0
178.400000,1.802487,1.501369,0.707064,-0.805300,0.589011,-0.067518,-0.045064,0.052741,0.997591,0.591153,0.806403,-0.015929,0.198676,0.684465,0.658906,0.240578,0.115839,0.165425,-0.097610,0.051135,0.035341,0.012895,0.067518,-0.997591,0.015929,0.000000,0.000000,0.000000,-1,0.118652,-0.962250,0.028824,0.100669,0.046504,-0.098118,177.133286,155.935684,-754.683716,0,0
178.440000,1.875552,1.496990,0.647256,-0.813018,0.577974,-0.070342,-0.044465,0.058825,0.997278,0.580538,0.813932,-0.022126,0.193832,0.688108,0.658040,0.236474,0.153406,0.587402,-0.089291,0.077836,0.021722,0.009810,0.070342,-0.997278,0.022126,0.000000,0.000000,0.000000,-1,0.148178,-0.975555,0.031937,0.155281,0.486512,-0.084750,177.658890,154.713348,-755.518738,0,0
178.480000,1.934125,1.492320,0.618379,-0.829780,0.553259,-0.073278,-0.045447,0.063879,0.996922,0.556237,0.830556,-0.027861,0.183168,0.693094,0.659174,0.227067,0.035501,0.761263,-0.096223,0.070521,0.024388,-0.004469,0.073278,-0.996922,0.027861,0.000000,0.000000,0.000000,-1,0.136978,-0.972382,0.020065,0.037376,0.660375,-0.091681,177.658890,154.713348,-755.518738,0,0
178.520000,1.946375,1.488308,0.628247,-0.841673,0.534520,-0.076652,-0.048426,0.066663,0.996600,0.537813,0.842523,-0.030224,0.174563,0.696161,0.660452,0.220662,0.026665,0.527955,-0.136557,0.036324,0.020495,-0.021236,0.076652,-0.996600,0.030223,0.000000,0.000000,0.000000,-1,0.112976,-0.976105,0.008987,0.024346,0.457828,-0.122535,178.009308,154.713348,-753.848755,0,0
178.560000,1.784373,1.468979,0.815682,-0.853231,0.511985,-0.099332,-0.074015,0.069662,0.994821,0.516254,0.856165,-0.021544,0.157043,0.697215,0.663707,0.220730,-0.165473,1.060137,-0.163454,0.008700,-0.098792,-0.011412,0.099332,-0.994821,0.021544,0.000000,0.000000,0.000000,-1,0.108032,-1.093613,0.010132,-0.094665,0.744021,-0.164000,178.184509,155.935684,-754.349731,0,0
178.600000,1.608471,1.465579,1.111778,-0.907586,0.406538,-0.104949,-0.094152,0.046533,0.994470,0.409174,0.912448,-0.003956,0.111621,0.699656,0.681377,0.183705,-0.986143,3.949201,-0.162128,0.018113,-0.008674,-0.056385,0.104949,-0.994470,0.003956,0.000000,0.000000,0.000000,-1,0.123062,-1.003143,-0.052429,-0.984255,3.848315,-0.157568,179.936569,155.586441,-755.685791,0,0
178.640000,1.294197,1.435597,1.668626,-0.975327,0.178676,-0.129664,-0.134143,-0.013165,0.990875,0.175338,0.983820,0.036809,0.016047,0.693785,0.711565,0.109905,-1.470890,5.899838,-0.258139,0.045873,0.043716,-0.133312,0.129664,-0.990875,-0.036809,0.000000,0.000000,0.000000,-1,0.210068,-0.956360,-0.261780,-1.373332,5.935666,-0.290346,181.863846,158.205734,-755.184753,0,0
178.680000,1.067479,1.406875,2.007826,-0.987165,0.071210,-0.142951,-0.147851,-0.069070,0.985331,0.055874,0.994581,0.087675,-0.030852,0.674693,0.733634,0.074953,-1.912327,0.624689,-0.649635,-0.061295,0.078944,-0.565661,0.146409,-0.985331,-0.087675,0.000000,0.000000,0.000000,-1,0.085114,-0.906387,-0.653336,-1.910423,0.523804,-0.645067,184.491928,156.983398,-756.019775,0,0
178.720000,0.925032,1.348884,2.103472,-0.976742,0.122793,-0.175777,-0.189601,-0.111773,0.975478,0.100135,0.986118,0.132455,-0.025378,0.658125,0.745146,0.104810,-0.166332,-1.489441,-0.713587,0.004246,-0.007722,-0.044776,0.175777,-0.975478,-0.132455,0.000000,0.000000,0.000000,-1,0.184860,-1.042007,-0.113297,-0.164427,-1.590325,-0.709020,184.491928,156.983398,-756.019775,0,1
178.760000,0.879714,1.327541,2.111806,-0.969314,0.161193,-0.185599,-0.206465,-0.124045,0.970559,0.133425,0.979096,0.153519,-0.017403,0.650336,0.749480,0.122638,-0.634444,-0.089252,-0.235010,0.010431,-0.068046,0.247346,0.185599,-0.970559,-0.153519,0.000000,0.000000,0.000000,-1,0.149063,-1.030777,0.160553,-0.595562,-0.461558,-0.237071,184.316727,158.554977,-757.188782,0,0
178.800000,0.858612,1.305904,2.170888,-0.971936,0.126767,-0.198170,-0.216064,-0.147846,0.965121,0.093047,0.980852,0.171087,-0.034727,0.642846,0.756781,0.113253,-0.774816,1.870250,-0.079558,-0.298573,-0.086042,0.189794,0.198170,-0.965121,-0.171087,0.000000,0.000000,0.000000,-1,-0.100403,-1.051163,0.018707,-0.772912,1.769368,-0.074990,185.192749,158.031128,-756.687744,0,0
178.840000,0.806879,1.283716,2.294985,-0.977074,0.059298,-0.204474,-0.212093,-0.187597,0.959075,0.018513,0.980455,0.195873,-0.060518,0.631190,0.768203,0.088320,-0.994355,1.046931,0.232928,-0.272101,-0.059877,-0.109318,0.204474,-0.959075,-0.195873,0.000000,0.000000,0.000000,-1,0.110718,-0.990829,-0.293442,-0.992451,0.946049,0.237496,185.192749,158.031128,-756.687744,0,0
178.880000,0.727981,1.269096,2.409646,-0.979907,0.026320,-0.197709,-0.198587,-0.221038,0.954833,-0.018570,0.974910,0.221824,-0.069475,0.619888,0.778262,0.072247,-0.651637,0.694144,0.405193,0.104033,0.061583,0.058265,0.197709,-0.954832,-0.221824,0.000000,0.000000,0.000000,-1,0.329636,-0.882080,-0.159012,-0.656246,0.558233,0.381270,186.769608,160.301178,-758.190796,0,0
178.920000,0.676061,1.262629,2.496348,-0.981798,-0.007260,-0.189791,-0.182411,-0.242333,0.952891,-0.052911,0.970166,0.236598,-0.077359,0.612957,0.784335,0.055828,-0.603430,0.983638,0.442713,0.062056,0.068232,0.032328,0.189791,-0.952891,-0.236598,0.000000,0.000000,0.000000,-1,0.251846,-0.884659,-0.204269,-0.604861,0.906017,0.403599,185.367966,159.253464,-757.856812,0,0
178.960000,0.631586,1.253013,2.583831,-0.981629,-0.048675,-0.184485,-0.165382,-0.265106,0.949930,-0.095146,0.962990,0.252186,-0.088446,0.605049,0.790399,0.036914,-0.574978,0.940081,0.384091,0.021264,0.044214,0.043934,0.184485,-0.949930,-0.252185,0.000000,0.000000,0.000000,-1,0.190338,-0.885056,-0.213211,-0.573073,0.839202,0.388659,185.718369,160.301178,-757.522766,0,0
179.000000,0.599216,1.245362,2.665985,-0.978816,-0.096976,-0.180320,-0.146393,-0.284236,0.947512,-0.143140,0.953837,0.264018,-0.101738,0.598031,0.794838,0.015543,-0.374031,1.113907,0.350244,0.000389,0.128359,-0.004171,0.180320,-0.947512,-0.264018,0.000000,0.000000,0.000000,-1,0.180710,-0.819153,-0.268188,-0.394437,0.984418,0.364760,185.192749,160.475800,-757.021790,0,0
179.040000,0.598458,1.242828,2.704156,-0.974343,-0.133126,-0.181473,-0.136456,-0.291790,0.946699,-0.178982,0.947173,0.266137,-0.113257,0.595066,0.795655,0.001046,-0.263799,1.204923,0.241183,0.015259,0.090543,0.012826,0.181473,-0.946699,-0.266137,0.000000,0.000000,0.000000,-1,0.200928,-0.849228,-0.228455,-0.268209,1.099831,0.263922,185.192749,160.126556,-758.691772,0,0
179.080000,0.617956,1.235056,2.745064,-0.963091,-0.189785,-0.190884,-0.127247,-0.303904,0.944167,-0.237199,0.933608,0.268538,-0.134420,0.589629,0.796168,-0.019637,-0.323784,1.345707,0.093352,0.035297,0.157668,0.019408,0.190884,-0.944167,-0.268538,0.000000,0.000000,0.000000,-1,0.231201,-0.783875,-0.278717,-0.321879,1.244830,0.097919,186.068787,160.301178,-757.856812,0,0
179.120000,0.634520,1.231807,2.769509,-0.953496,-0.228007,-0.197123,-0.120895,-0.309780,0.943091,-0.276096,0.923065,0.267809,-0.148723,0.586495,0.795469,-0.033663,-0.116478,0.883594,0.184632,0.043889,0.149436,-0.045652,0.197123,-0.943091,-0.267809,0.000000,0.000000,0.000000,-1,0.254333,-0.809555,-0.307510,-0.146471,0.878107,0.168910,187.295227,159.777328,-757.355774,0,0
179.160000,0.626610,1.240116,2.800416,-0.948910,-0.251634,-0.190397,-0.108639,-0.305972,0.945822,-0.296257,0.918184,0.263002,-0.153346,0.587353,0.793392,-0.045058,0.122910,0.245616,0.361450,0.117465,0.129782,-0.038771,0.190397,-0.945822,-0.263002,0.000000,0.000000,0.000000,-1,0.318329,-0.803833,-0.314407,0.124814,0.144741,0.366017,187.295227,159.078842,-757.021790,0,0
179.200000,0.612210,1.258033,2.823181,-0.948423,-0.263112,-0.176822,-0.096325,-0.292223,0.951487,-0.302019,0.919445,0.251807,-0.151652,0.592536,0.789375,-0.052823,0.345312,0.166206,0.430626,0.173123,0.139887,-0.070306,0.176822,-0.951487,-0.251807,0.000000,0.000000,0.000000,-1,0.349945,-0.811600,-0.322113,0.347217,0.065332,0.435194,187.120026,159.602707,-755.852783,0,0
179.240000,0.602415,1.277744,2.835404,-0.949163,-0.268879,-0.163687,-0.087075,-0.275440,0.957367,-0.302502,0.922950,0.238025,-0.148536,0.599103,0.784638,-0.057926,0.280117,-0.175640,0.126537,0.278879,-0.048828,-0.046247,0.163687,-0.957367,-0.238025,0.000000,0.000000,0.000000,-1,0.487091,-1.157318,-0.279480,0.280204,-0.210677,0.199969,186.068787,159.253464,-757.522766,0,0
179.280000,0.610465,1.284134,2.823315,-0.950296,-0.265830,-0.162087,-0.088482,-0.268552,0.959193,-0.298511,0.925859,0.231682,-0.147117,0.602093,0.782708,-0.056645,0.032378,0.183648,0.047867,0.248328,-0.232549,-0.093010,0.162087,-0.959193,-0.231682,0.000000,0.000000,0.000000,-1,0.410416,-1.191742,-0.324692,0.034282,0.082776,0.052434,185.367966,158.904221,-757.522766,0,0
179.320000,0.608182,1.267099,2.850098,-0.942758,-0.286376,-0.170871,-0.085942,-0.286435,0.954237,-0.322214,0.914299,0.245427,-0.156725,0.593905,0.786546,-0.063707,-0.740133,0.624306,-0.225376,0.077527,-0.319689,-0.297404,0.170871,-0.954237,-0.245427,0.000000,0.000000,0.000000,-1,0.271942,-1.203735,-0.429611,-0.738271,0.523401,-0.220797,185.893585,159.078842,-758.023804,0,0
179.360000,0.655189,1.260917,2.825873,-0.933920,-0.305400,-0.185805,-0.094685,-0.289871,0.952370,-0.344714,0.907031,0.241800,-0.168931,0.592083,0.785110,-0.067097,0.286115,0.041498,-0.030887,0.020128,0.304925,0.309518,0.185805,-0.952370,-0.241800,0.000000,0.000000,0.000000,-1,0.156555,-0.642883,0.132812,0.284669,0.175841,-0.106048,187.295227,159.078842,-755.351746,0,0
179.400000,0.623088,1.284820,2.793059,-0.954452,-0.248843,-0.164615,-0.096341,-0.265133,0.959387,-0.282382,0.931548,0.229083,-0.142827,0.604201,0.782411,-0.048728,0.779919,-2.241081,0.001629,-0.034427,0.204657,0.489352,0.164615,-0.959387,-0.229083,0.000000,0.000000,0.000000,-1,0.130188,-0.754730,0.260269,0.781781,-2.341985,0.006208,187.645645,157.681885,-757.355774,0,0
179.440000,0.710742,1.307383,2.655702,-0.964318,-0.203062,-0.169869,-0.121595,-0.230241,0.965507,-0.235169,0.951711,0.197334,-0.130947,0.619827,0.773288,-0.026338,1.953063,-0.223709,-0.856488,-0.220284,-0.334298,0.242104,0.169869,-0.965507,-0.197334,0.000000,0.000000,0.000000,-1,-0.100449,-1.360397,-0.068848,1.954925,-0.324612,-0.851910,188.171265,157.158020,-757.188782,0,0
179.480000,0.872663,1.363014,2.439757,-0.974807,-0.157415,-0.158028,-0.133186,-0.157536,0.978491,-0.178924,0.974886,0.132602,-0.111946,0.648974,0.752487,-0.008050,0.847684,-1.559471,0.637100,-0.377968,-0.082911,0.054873,0.158028,-0.978491,-0.132602,0.000000,0.000000,0.000000,-1,-0.275009,-0.979904,-0.080322,1.153497,-1.837417,0.646574,188.521667,158.205734,-756.854797,0,0
179.520000,0.866397,1.380637,2.449579,-0.976069,-0.162925,-0.144030,-0.120608,-0.145534,0.981974,-0.180950,0.975846,0.122401,-0.108471,0.653478,0.749000,-0.014125,0.269974,0.910314,0.305760,-0.083895,-0.081075,0.075313,0.144030,-0.981974,-0.122401,0.000000,0.000000,0.000000,-1,0.060135,-1.063049,-0.047089,0.271836,0.809412,0.310339,187.120026,155.761063,-753.848755,0,0
179.560000,0.891494,1.397768,2.432959,-0.975767,-0.173023,-0.133948,-0.112046,-0.130718,0.985068,-0.187948,0.976205,0.108164,-0.108152,0.658955,0.744085,-0.020487,0.509442,-0.231503,0.324230,0.058695,0.011939,-0.008658,0.133948,-0.985068,-0.108164,0.000000,0.000000,0.000000,-1,0.196350,-0.994247,-0.097305,0.511304,-0.332404,0.328808,187.120026,156.110306,-755.852783,0,0
179.600000,0.943707,1.420122,2.354755,-0.981225,-0.149748,-0.121546,-0.106293,-0.105987,0.988670,-0.160934,0.983027,0.088080,-0.095763,0.668423,0.737444,-0.014732,0.526989,-0.479728,0.234740,-0.006723,0.009071,0.043769,0.121546,-0.988670,-0.088080,0.000000,0.000000,0.000000,-1,0.059464,-0.956161,-0.032120,0.531970,-0.641069,0.233175,185.718369,156.110306,-753.848755,0,0
179.640000,1.006923,1.433273,2.284522,-0.982761,-0.144068,-0.115868,-0.103631,-0.089747,0.990559,-0.153107,0.985490,0.073270,-0.091810,0.674489,0.732424,-0.013803,0.521526,-0.024037,0.101907,-0.244043,0.087770,0.107482,0.114633,-0.991243,-0.065551,0.000000,0.000000,0.000000,-1,-0.129410,-0.903473,0.041931,0.508565,-0.000905,0.097579,187.295227,155.935684,-754.683716,0,0
179.680000,1.144312,1.449244,2.151929,-0.982451,-0.150344,-0.110392,-0.101348,-0.066564,0.992622,-0.156583,0.986390,0.050159,-0.092133,0.682958,0.724426,-0.016909,0.477297,0.187048,0.171647,-0.225031,0.113975,0.106571,0.110392,-0.992622,-0.050159,0.000000,0.000000,0.000000,-1,-0.077484,-0.890030,0.048813,0.479158,0.086150,0.176226,186.769608,156.110306,-754.182739,0,0
179.720000,1.255767,1.460986,2.048895,-0.981649,-0.159714,-0.104196,-0.097301,-0.050421,0.993977,-0.164005,0.985875,0.033956,-0.093296,0.688708,0.718684,-0.021711,0.336915,0.367209,0.123450,-0.051187,-0.013713,0.085378,0.104196,-0.993977,-0.033956,0.000000,0.000000,0.000000,-1,0.053009,-1.007690,0.051422,0.303609,0.170888,0.125656,185.543167,154.887955,-753.347717,0,0
179.760000,1.488858,1.472226,1.845671,-0.976789,-0.190428,-0.098081,-0.094717,-0.026711,0.995146,-0.192124,0.981338,0.008055,-0.102308,0.696782,0.709147,-0.033742,0.541556,0.791369,0.172466,-0.055127,-0.045107,0.033064,0.098081,-0.995146,-0.008055,0.000000,0.000000,0.000000,-1,0.042953,-1.040253,0.025009,0.543417,0.690473,0.177045,185.718369,154.713348,-752.846741,0,0
179.800000,1.670704,1.478890,1.685513,-0.972885,-0.212499,-0.091319,-0.091174,-0.010505,0.995780,-0.212562,0.977105,-0.009154,-0.108137,0.702057,0.702538,-0.043174,0.505699,0.682316,0.272280,-0.098201,0.004935,0.044603,0.091319,-0.995780,0.009154,0.000000,0.000000,0.000000,-1,-0.022842,-0.982986,0.079773,0.507560,0.581420,0.276858,186.944809,154.538727,-751.677734,0,0
179.840000,2.020465,1.483420,1.361801,-0.967817,-0.239070,-0.078590,-0.085366,0.018106,0.996185,-0.236735,0.970834,-0.037931,-0.114027,0.711311,0.691336,-0.055582,0.594837,0.584740,0.247272,0.015755,0.053345,-0.054243,0.078590,-0.996185,0.037931,0.000000,0.000000,0.000000,-1,0.094345,-0.942841,-0.016312,0.606289,0.472195,0.260307,185.017548,155.411819,-751.176697,0,0
179.880000,2.247238,1.479466,1.153651,-0.963599,-0.257717,-0.071121,-0.083382,0.036951,0.995832,-0.254015,0.965514,-0.057095,-0.118896,0.717225,0.683658,-0.063751,0.627665,0.668419,0.195474,0.036088,0.031599,-0.098401,0.071121,-0.995832,0.057095,0.000000,0.000000,0.000000,-1,0.091156,-0.970917,-0.043457,0.604058,0.565423,0.213107,184.667145,155.761063,-750.174683,0,0
179.920000,2.509748,1.460007,0.910832,-0.958474,-0.277603,-0.065302,-0.087346,0.067785,0.993869,-0.271474,0.958302,-0.089217,-0.125458,0.727234,0.671095,-0.070876,0.718059,0.168798,0.021219,-0.058344,0.021503,-0.139999,0.065302,-0.993869,0.089217,0.000000,0.000000,0.000000,-1,-0.033142,-0.986267,-0.036224,0.719921,0.067904,0.025798,184.667145,154.713348,-749.840698,0,0
179.960000,2.689254,1.429038,0.732437,-0.958097,-0.279709,-0.061751,-0.094474,0.105051,0.989969,-0.270417,0.954320,-0.127075,-0.126419,0.739970,0.656881,-0.070498,0.870663,0.116033,0.183588,-0.101622,-0.021063,-0.114959,0.061751,-0.989969,0.127075,0.000000,0.000000,0.000000,-1,-0.039871,-1.011032,0.012115,0.912841,0.017227,0.165374,187.120026,154.713348,-749.172668,0,0
180.000000,2.794090,1.408891,0.623282,-0.959614,-0.275914,-0.054896,-0.094092,0.130888,0.986922,-0.265120,0.952229,-0.151564,-0.123553,0.748676,0.647526,-0.070198,0.399280,-0.163944,0.135797,0.007298,0.071746,-0.182539,0.054896,-0.986922,0.151564,0.000000,0.000000,0.000000,-1,0.062195,-0.915176,-0.030975,0.401141,-0.264835,0.140376,184.316727,153.665619,-747.836670,0,0
180.040000,2.818871,1.400766,0.592108,-0.961382,-0.269934,-0.053665,-0.094439,0.140406,0.985580,-0.258507,0.952587,-0.160476,-0.121128,0.752041,0.644302,-0.068095,0.248885,-0.213956,0.016417,-0.044815,0.050567,-0.220871,0.053665,-0.985580,0.160476,0.000000,0.000000,0.000000,-1,-0.038971,-0.985062,-0.052948,0.250746,-0.314847,0.020995,185.192749,153.141754,-747.335632,0,0
180.080000,2.813648,1.390921,0.583271,-0.964719,-0.256898,-0.057626,-0.098534,0.149327,0.983866,-0.244148,0.954832,-0.169372,-0.117607,0.755549,0.641487,-0.061718,0.228325,-0.310551,-0.059508,-0.178384,-0.123800,-0.067428,0.057625,-0.983866,0.169372,0.000000,0.000000,0.000000,-1,-0.130615,-1.088440,0.159714,0.228084,-0.432629,-0.044174,185.893585,153.840240,-747.335632,0,0
180.120000,2.786131,1.385483,0.595784,-0.967918,-0.242947,-0.064125,-0.103396,0.152509,0.982879,-0.229008,0.957976,-0.172736,-0.114356,0.757160,0.640834,-0.054441,-0.091613,-0.515083,0.003446,-0.207954,-0.219728,-0.019400,0.064125,-0.982879,0.172736,0.000000,0.000000,0.000000,-1,-0.143829,-1.202606,0.153336,-0.089751,-0.615972,0.008024,185.367966,154.713348,-747.836670,0,1
180.160000,2.771774,1.392667,0.599451,-0.970523,-0.232341,-0.064044,-0.099968,0.146295,0.984177,-0.219296,0.961569,-0.165209,-0.109990,0.755319,0.644015,-0.051386,-0.324995,-0.048531,0.045398,-0.202716,-0.316147,-0.029513,0.064044,-0.984177,0.165209,0.000000,0.000000,0.000000,-1,-0.103760,-1.261627,0.116226,-0.323134,-0.149420,0.049976,186.944809,155.586441,-748.337646,0,0
180.200000,2.720948,1.415268,0.697902,-0.958642,-0.277495,-0.063254,-0.099542,0.118685,0.987930,-0.266638,0.953368,-0.141398,-0.126562,0.744769,0.651644,-0.068271,-0.832874,1.444965,-0.175934,0.022943,-0.096772,-0.105617,0.063254,-0.987930,0.141398,0.000000,0.000000,0.000000,-1,0.086197,-1.084702,0.035782,-0.787394,1.304874,-0.155704,186.594406,156.284927,-747.335632,0,0
180.240000,2.509603,1.446571,1.005829,-0.927087,-0.367630,-0.073198,-0.104652,0.066338,0.992294,-0.359941,0.927603,-0.099974,-0.163209,0.723429,0.663471,-0.099092,-1.339713,2.900931,-0.678994,0.170180,0.147537,-0.019133,0.073198,-0.992294,0.099974,0.000000,0.000000,0.000000,-1,0.241852,-0.816254,0.075424,-1.337852,2.800044,-0.674416,187.645645,153.840240,-748.337646,0,0
180.280000,2.145187,1.457900,1.464968,-0.886904,-0.452168,-0.094578,-0.112027,0.011900,0.993634,-0.448164,0.891853,-0.061209,-0.201498,0.700002,0.673386,-0.126280,-1.662178,2.820879,-1.031424,0.116771,0.110760,-0.028906,0.094578,-0.993634,0.061209,0.000000,0.000000,0.000000,-1,0.054306,-0.898178,-0.061203,-1.660317,2.719993,-1.026846,187.470428,155.411819,-747.836670,0,0
180.320000,1.473379,1.436341,2.144692,-0.881072,-0.453776,-0.133415,-0.112575,-0.072777,0.990974,-0.459390,0.888139,0.013038,-0.211345,0.669936,0.701229,-0.121644,-1.499168,-1.910098,-0.535323,-0.246925,-0.124580,0.059730,0.133415,-0.990974,-0.013038,0.000000,0.000000,0.000000,-1,-0.113510,-1.115555,0.046692,-1.538062,-1.666663,-0.695662,189.222488,154.713348,-747.836670,0,0
180.360000,1.016872,1.409482,2.533484,-0.911305,-0.388412,-0.136598,-0.091762,-0.131822,0.987017,-0.401376,0.912008,0.084488,-0.184410,0.650960,0.729317,-0.101688,-1.132924,0.294905,-0.013209,-0.217271,-0.175382,0.559540,0.136598,-0.987017,-0.084488,0.000000,0.000000,0.000000,-1,-0.080673,-1.162399,0.475052,-1.131104,0.193987,-0.008619,189.047287,156.284927,-750.675659,0,0
180.400000,0.946633,1.392871,2.668446,-0.884146,-0.444589,-0.143617,-0.080652,-0.157544,0.984213,-0.460196,0.881771,0.103435,-0.206133,0.637018,0.732312,-0.124243,-0.706804,3.072574,-0.074054,-0.070635,-0.012812,0.467922,0.143617,-0.984213,-0.103435,0.000000,0.000000,0.000000,-1,0.105469,-0.992096,0.348495,-0.704984,2.971657,-0.069464,190.273727,157.507263,-752.178711,0,0
180.440000,1.033269,1.370203,2.740121,-0.800237,-0.574742,-0.171152,-0.077862,-0.183407,0.979949,-0.594608,0.797517,0.102019,-0.265119,0.615388,0.722091,-0.172028,-0.678915,3.329799,-0.344645,-0.017862,0.134139,0.357772,0.171152,-0.979949,-0.102019,0.000000,0.000000,0.000000,-1,0.122055,-0.870956,0.175323,-0.602572,3.309476,-0.329537,189.222488,156.808777,-751.510681,0,0
180.480000,0.899787,1.321201,3.012443,-0.714341,-0.672526,-0.193458,-0.031813,-0.244955,0.969012,-0.699074,0.698360,0.153586,-0.307013,0.573542,0.726788,-0.220392,-2.301546,2.454643,0.059065,-0.124199,0.048221,0.189536,0.193458,-0.969012,-0.153586,0.000000,0.000000,0.000000,-1,0.069260,-0.920792,0.035950,-2.299727,2.353727,0.063656,191.324966,158.205734,-750.842712,0,0
180.520000,0.765494,1.279954,-3.078345,-0.677643,-0.708040,-0.198694,0.018125,-0.286186,0.958003,-0.735167,0.645583,0.206765,-0.316930,0.544218,0.736647,-0.246443,-1.976799,1.377571,0.124169,-0.227456,-0.171941,0.043130,0.198694,-0.958003,-0.206765,0.000000,0.000000,0.000000,-1,0.006973,-1.112137,-0.204163,-1.974981,1.276656,0.128761,192.726608,159.253464,-750.174683,0,0
180.560000,0.687259,1.250136,-2.957709,-0.649865,-0.733273,-0.199965,0.057633,-0.309879,0.949028,-0.757861,0.605216,0.243640,-0.322635,0.523533,0.742190,-0.266409,-0.375219,0.106543,0.217561,0.061296,0.056724,-0.017621,0.199965,-0.949028,-0.243640,0.000000,0.000000,0.000000,-1,0.318924,-0.843872,-0.199371,-0.493454,0.191140,0.206683,193.252228,158.031128,-751.009705,0,0
180.600000,0.634131,1.253591,-2.909897,-0.654798,-0.732863,-0.184801,0.071624,-0.303578,0.950111,-0.752402,0.608895,0.251272,-0.315241,0.524392,0.743244,-0.270600,-0.163505,-0.022704,0.281761,0.196242,0.235832,0.241003,0.184801,-0.950111,-0.251272,0.000000,0.000000,0.000000,-1,0.381042,-0.714279,-0.010269,-0.161686,-0.123617,0.286353,192.901825,158.729599,-750.341675,0,1
180.640000,0.628555,1.252377,-2.887722,-0.642703,-0.743673,-0.184075,0.078627,-0.303031,0.949731,-0.762070,0.595922,0.253232,-0.319021,0.521162,0.741446,-0.277263,-0.178546,0.770027,0.077307,0.099250,0.342706,0.304166,0.184075,-0.949731,-0.253232,0.000000,0.000000,0.000000,-1,0.265335,-0.621933,-0.007950,-0.176728,0.669114,0.081898,192.200989,158.729599,-751.343689,0,0
180.680000,0.675050,1.247763,-2.891664,-0.609847,-0.767288,-0.198382,0.078515,-0.307581,0.948277,-0.788621,0.562728,0.247821,-0.335378,0.513431,0.735739,-0.287399,0.078244,1.187425,-0.141214,-0.014529,0.211094,0.106570,0.198382,-0.948277,-0.247821,0.000000,0.000000,0.000000,-1,0.158508,-0.764938,-0.159653,0.042799,1.020779,-0.136980,192.200989,158.729599,-751.343689,0,0
180.720000,0.766896,1.246121,-2.918591,-0.556794,-0.800614,-0.221356,0.070550,-0.311102,0.947754,-0.827650,0.512087,0.229702,-0.362148,0.503982,0.724154,-0.300752,-0.031314,1.665410,-0.252791,-0.092510,0.063508,-0.026615,0.221356,-0.947754,-0.229702,0.000000,0.000000,0.000000,-1,0.148010,-0.956635,-0.320480,-0.029495,1.564499,-0.248200,194.128265,159.253464,-748.838684,0,0
180.760000,0.819870,1.235683,-2.920067,-0.513952,-0.823437,-0.240427,0.072260,-0.320839,0.944373,-0.854770,0.467989,0.224398,-0.381605,0.492116,0.717494,-0.312092,-0.358645,1.683473,-0.222671,-0.022043,-0.170938,-0.253492,0.240427,-0.944373,-0.224398,0.000000,0.000000,0.000000,-1,0.296219,-1.177994,-0.716278,-0.356827,1.582562,-0.218080,192.901825,158.031128,-748.003662,0,0
180.800000,0.821043,1.221493,-2.882187,-0.482270,-0.839452,-0.250473,0.087787,-0.330793,0.939611,-0.871613,0.431158,0.233225,-0.392205,0.479127,0.715242,-0.324100,-0.367469,0.094577,0.018615,0.126999,0.054892,-0.519095,0.250473,-0.939611,-0.233225,0.000000,0.000000,0.000000,-1,0.386307,-0.826996,-0.658844,-0.393201,0.088034,0.028402,192.901825,158.031128,-748.003662,0,0
180.840000,0.804565,1.220021,-2.863720,-0.481213,-0.840912,-0.247593,0.094260,-0.330445,0.939106,-0.871521,0.428572,0.238279,-0.390818,0.477621,0.715880,-0.326581,-0.002010,0.049323,0.238172,0.096218,0.068303,-0.212725,0.243093,-0.940835,-0.236081,0.000000,0.000000,0.000000,-1,0.302414,-0.905792,-0.448807,0.207644,-0.060915,0.381988,192.551407,157.681885,-747.669678,0,0
180.880000,0.792106,1.240032,-2.846322,-0.476038,-0.848495,-0.231180,0.094507,-0.310711,0.945794,-0.874332,0.428386,0.228099,-0.389414,0.484053,0.709727,-0.332171,0.164712,0.254229,0.426878,0.058005,0.014505,0.009486,0.231180,-0.945794,-0.228099,0.000000,0.000000,0.000000,-1,0.349197,-0.900711,-0.156021,0.166531,0.153321,0.431469,192.551407,158.729599,-748.671631,0,0
180.920000,0.756019,1.238524,-2.800187,-0.468454,-0.854678,-0.223777,0.109213,-0.307365,0.945304,-0.876712,0.418392,0.237328,-0.387809,0.480562,0.709427,-0.339672,-0.550657,0.172875,-0.082900,0.333367,-0.236673,0.137887,0.223777,-0.945304,-0.237328,0.000000,0.000000,0.000000,-1,0.613297,-1.158920,-0.072342,-0.498526,0.042429,0.019132,192.551407,158.729599,-748.671631,0,0
180.960000,0.754248,1.226191,-2.788109,-0.460628,-0.856920,-0.231323,0.116944,-0.316939,0.941209,-0.879856,0.406495,0.246203,-0.390547,0.473679,0.711296,-0.342285,0.279665,0.451629,-0.145432,0.178742,0.245362,-0.019422,0.231323,-0.941209,-0.246203,0.000000,0.000000,0.000000,-1,0.304840,-0.640579,-0.289322,0.281484,0.350723,-0.140841,194.478668,158.904221,-746.834656,0,0
181.000000,0.797039,1.235805,-2.851488,-0.476389,-0.847203,-0.235159,0.094043,-0.315023,0.944413,-0.874191,0.427793,0.229747,-0.390156,0.482602,0.710837,-0.331034,0.778757,-1.709074,-0.145436,0.011972,0.111482,0.125789,0.235159,-0.944413,-0.229747,0.000000,0.000000,0.000000,-1,0.270493,-1.070480,0.308456,0.780575,-1.809980,-0.140846,194.478668,158.904221,-747.502625,0,0
181.040000,0.762776,1.252436,-2.918349,-0.559700,-0.799977,-0.216268,0.069298,-0.305242,0.949750,-0.825793,0.516588,0.226281,-0.360299,0.506995,0.723053,-0.300557,0.814683,-1.099304,-0.046467,-0.016912,-0.377414,0.521340,0.216268,-0.949750,-0.226281,0.000000,0.000000,0.000000,-1,0.026779,-1.202621,0.162018,0.626905,-1.755732,-0.021324,194.478668,158.904221,-747.502625,0,0
181.080000,0.922941,1.313628,-3.101479,-0.572066,-0.794738,-0.202808,0.010200,-0.254138,0.967114,-0.820144,0.551185,0.153490,-0.363518,0.539546,0.703508,-0.286044,2.100045,-1.179627,0.814104,-0.425525,0.120694,0.362017,0.202808,-0.967114,-0.153490,0.000000,0.000000,0.000000,-1,-0.263458,-0.787933,0.253403,2.101863,-1.280531,0.818695,194.653885,157.332642,-748.337646,0,0
181.120000,1.009405,1.357003,3.056811,-0.600504,-0.779191,-0.179604,-0.017966,-0.211406,0.977233,-0.799420,0.590059,0.112951,-0.352828,0.564833,0.693697,-0.274336,1.009977,-0.794397,0.369109,-0.527672,0.052139,0.187765,0.179604,-0.977233,-0.112951,0.000000,0.000000,0.000000,-1,-0.305359,-1.093048,-0.175949,1.011795,-0.895301,0.373700,194.653885,157.332642,-748.337646,0,0
181.160000,1.004901,1.367128,3.054057,-0.606389,-0.776623,-0.170733,-0.017683,-0.201489,0.979331,-0.794972,0.596874,0.108448,-0.348802,0.569309,0.692157,-0.274121,0.041851,-0.044904,0.329593,0.001509,-0.080422,-0.118938,0.170733,-0.979331,-0.108448,0.000000,0.000000,0.000000,-1,0.226593,-1.048187,-0.159241,-0.062868,-0.082303,0.262739,193.953049,157.681885,-747.335632,0,0
181.200000,1.052328,1.395039,2.988807,-0.619932,-0.769817,-0.151875,-0.026611,-0.172817,0.984594,-0.784204,0.614423,0.086649,-0.341408,0.583195,0.685456,-0.271063,0.822833,-0.382117,0.277831,0.032100,0.019079,0.094278,0.151875,-0.984594,-0.086649,0.000000,0.000000,0.000000,-1,0.157166,-0.983536,0.029709,0.824651,-0.483019,0.282422,193.427444,156.808777,-746.166626,0,0
181.240000,1.166615,1.412035,2.868506,-0.623548,-0.768153,-0.145356,-0.042639,-0.152236,0.987424,-0.780621,0.621904,0.062173,-0.341510,0.593536,0.677856,-0.267577,0.794088,0.020623,0.184851,-0.091905,0.017896,0.110544,0.145356,-0.987424,-0.062173,0.000000,0.000000,0.000000,-1,-0.016907,-0.880539,0.094894,0.795906,-0.080278,0.189441,193.077026,158.205734,-744.162598,0,0
181.280000,1.375863,1.429195,2.675422,-0.609575,-0.780544,-0.138455,-0.063433,-0.126069,0.989991,-0.790186,0.612257,0.027337,-0.349699,0.603359,0.663886,-0.270043,0.718210,0.784006,0.206707,-0.210919,0.069657,0.151467,0.138455,-0.989991,-0.027337,0.000000,0.000000,0.000000,-1,-0.060242,-0.915329,0.103500,0.717763,0.584481,0.194748,191.500168,156.634155,-744.663574,0,0
181.320000,1.660168,1.439119,2.440384,-0.568810,-0.812006,-0.130773,-0.084705,-0.100319,0.991343,-0.818095,0.574963,-0.011719,-0.368520,0.608319,0.643702,-0.282468,0.712010,1.281162,0.152410,-0.096517,0.051325,-0.012085,0.130773,-0.991343,0.011719,0.000000,0.000000,0.000000,-1,0.041748,-0.970184,-0.009888,0.713828,1.180263,0.157000,191.850586,157.681885,-743.661621,0,0
181.360000,1.869384,1.441716,2.262818,-0.542058,-0.831287,-0.123027,-0.099111,-0.082137,0.991681,-0.834476,0.549742,-0.037866,-0.380114,0.611921,0.629748,-0.290662,0.793112,0.910341,0.297844,-0.093333,-0.013568,-0.034586,0.123027,-0.991681,0.037866,0.000000,0.000000,0.000000,-1,0.059937,-0.993286,0.039017,0.794890,0.809409,0.302446,191.850586,157.681885,-743.661621,0,0
181.400000,2.238510,1.434703,1.909110,-0.528371,-0.842303,-0.106536,-0.127983,-0.045030,0.990754,-0.839312,0.537121,-0.084008,-0.387513,0.625969,0.610203,-0.292656,1.122294,0.171444,0.342227,-0.003433,0.048996,-0.029900,0.106536,-0.990754,0.084008,0.000000,0.000000,0.000000,-1,0.114929,-0.923080,0.025787,1.098623,0.088558,0.360856,191.149765,156.634155,-740.989563,0,0
181.440000,2.505507,1.407221,1.639460,-0.529549,-0.842745,-0.096739,-0.162463,-0.011173,0.986651,-0.832577,0.538197,-0.130998,-0.391351,0.642140,0.593659,-0.286479,0.907580,-0.244441,0.157129,0.036012,0.074511,-0.152101,0.096739,-0.986651,0.130998,0.000000,0.000000,0.000000,-1,0.136917,-0.912766,-0.045105,0.909358,-0.345371,0.161731,190.098526,157.332642,-739.987549,0,0
181.480000,2.590168,1.388348,1.544176,-0.537695,-0.837764,-0.095056,-0.181374,0.004829,0.983402,-0.823400,0.546012,-0.154545,-0.391159,0.651358,0.587010,-0.279548,0.792448,-0.267884,0.079788,0.029059,0.016422,-0.250431,0.095056,-0.983402,0.154545,0.000000,0.000000,0.000000,-1,0.053131,-1.022110,-0.128693,0.794227,-0.368814,0.084390,190.624146,156.808777,-738.484497,0,0
181.520000,2.650913,1.361409,1.464841,-0.551627,-0.828320,-0.097949,-0.206695,0.021983,0.978158,-0.808075,0.559824,-0.183336,-0.390425,0.662749,0.580153,-0.267871,0.601634,-0.524583,-0.002047,-0.141635,-0.110037,-0.277925,0.097949,-0.978159,0.183335,0.000000,0.000000,0.000000,-1,-0.073013,-1.078857,-0.094238,0.627832,-0.600087,-0.011658,190.974548,158.205734,-739.152527,0,0
181.560000,2.686493,1.344712,1.403434,-0.572007,-0.814309,-0.098531,-0.221031,0.037341,0.974552,-0.789907,0.579229,-0.201348,-0.384707,0.672811,0.577347,-0.256898,0.325781,-0.574174,0.160775,-0.218893,-0.013211,-0.308281,0.098531,-0.974552,0.201347,0.000000,0.000000,0.000000,-1,-0.119064,-0.959534,-0.082108,0.327559,-0.675101,0.165376,191.500168,157.332642,-737.649536,0,0
181.600000,2.694658,1.343338,1.375300,-0.588223,-0.802804,-0.097463,-0.221207,0.043805,0.974243,-0.777857,0.594631,-0.203352,-0.377930,0.677381,0.579022,-0.251112,-0.032450,-0.631390,0.188383,-0.169454,0.014999,-0.250487,0.097463,-0.974243,0.203352,0.000000,0.000000,0.000000,-1,-0.018372,-0.987656,-0.069794,-0.030672,-0.732317,0.192985,190.098526,156.634155,-738.651489,0,0
181.640000,2.680005,1.358642,1.352438,-0.619003,-0.779770,-0.093780,-0.205566,0.045615,0.977579,-0.758009,0.624403,-0.188530,-0.361909,0.680652,0.588400,-0.243968,-0.323817,-1.203756,0.290976,-0.128738,-0.120245,-0.225792,0.093780,-0.977580,0.188530,0.000000,0.000000,0.000000,-1,-0.070496,-1.130035,0.023575,-0.319830,-1.158385,0.287447,190.448929,157.681885,-739.653564,0,0
181.680000,2.638520,1.373723,1.302744,-0.687944,-0.719598,-0.094399,-0.188808,0.051859,0.980644,-0.700774,0.692451,-0.171542,-0.328534,0.691257,0.605092,-0.219302,0.033948,-2.364535,0.389070,-0.251687,-0.211907,0.083280,0.094399,-0.980644,0.171542,0.000000,0.000000,0.000000,-1,-0.159042,-1.206757,0.332642,0.035726,-2.465460,0.393672,191.500168,156.284927,-740.655518,0,0
181.720000,2.621830,1.377358,1.273128,-0.720534,-0.686815,-0.095478,-0.183781,0.056381,0.981349,-0.668622,0.724643,-0.166847,-0.312223,0.697094,0.611822,-0.205547,-0.234799,-0.554162,0.080702,-0.206455,-0.281194,0.219124,0.095478,-0.981349,0.166847,0.000000,0.000000,0.000000,-1,0.029938,-1.313446,0.318665,-0.233020,-0.655086,0.085304,189.923325,157.158020,-741.490540,0,1
181.760000,2.549017,1.413656,1.423002,-0.667755,-0.739232,-0.087402,-0.154788,0.023045,0.987679,-0.728110,0.673056,-0.129812,-0.331290,0.674650,0.615406,-0.237422,-1.380352,2.888970,-0.195587,0.089600,-0.176719,0.044016,0.087402,-0.987679,0.129813,0.000000,0.000000,0.000000,-1,0.224701,-1.086334,0.130051,-1.327578,2.555918,-0.153269,191.149765,157.332642,-739.987549,0,0
181.800000,2.222730,1.455598,1.934930,-0.521790,-0.848167,-0.091370,-0.107407,-0.040936,0.993372,-0.846285,0.528146,-0.069739,-0.383694,0.622614,0.610939,-0.303123,-1.988889,4.533742,-0.638810,0.226120,0.200464,-0.147406,0.091370,-0.993372,0.069739,0.000000,0.000000,0.000000,-1,0.317490,-0.792908,-0.077667,-1.987108,4.432819,-0.634207,188.696869,157.332642,-741.657593,0,0
181.840000,1.669653,1.465049,2.595537,-0.429555,-0.896912,-0.105035,-0.054814,-0.090201,0.994414,-0.901376,0.432912,-0.010417,-0.409592,0.580898,0.614276,-0.342720,-2.587856,2.238496,-0.556963,0.014030,0.058013,-0.217525,0.105035,-0.994414,0.010417,0.000000,0.000000,0.000000,-1,0.092102,-0.946335,-0.118469,-2.586075,2.137574,-0.552360,189.923325,157.158020,-742.158569,0,0
181.880000,0.970482,1.397964,-2.998866,-0.443534,-0.884952,-0.141905,0.024462,-0.170225,0.985102,-0.895924,0.433455,0.097148,-0.396719,0.542255,0.654008,-0.347631,-1.945538,-2.409458,-1.260011,0.052019,-0.157278,0.090663,0.141905,-0.985102,-0.097148,0.000000,0.000000,0.000000,-1,0.245422,-1.222153,-0.019104,-2.071650,-2.006635,-1.158410,190.098526,156.983398,-743.995605,0,0
181.920000,0.677556,1.313757,-2.866498,-0.585119,-0.795133,-0.159367,0.069055,-0.244660,0.967147,-0.808002,0.554891,0.198063,-0.339660,0.534415,0.712012,-0.303432,-1.668958,-3.199216,-0.490427,0.044048,-0.225678,0.391682,0.159367,-0.967147,-0.198063,0.000000,0.000000,0.000000,-1,0.203415,-1.192825,0.193619,-1.667177,-3.300136,-0.485824,189.748108,156.983398,-745.999634,0,0
181.960000,0.637700,1.289581,-2.817368,-0.579393,-0.798126,-0.165223,0.088412,-0.263064,0.960719,-0.810239,0.542026,0.222981,-0.339371,0.522816,0.718581,-0.308433,0.002767,3.159656,0.012390,-0.102342,-0.064595,0.810383,0.165223,-0.960719,-0.222981,0.000000,0.000000,0.000000,-1,0.076660,-0.924667,0.317032,0.004547,3.058736,0.016993,190.448929,158.380356,-748.337646,0,0
182.000000,0.720885,1.263438,-2.724528,-0.431987,-0.879494,-0.199693,0.122553,-0.276609,0.953136,-0.893515,0.387269,0.227276,-0.392857,0.481690,0.695678,-0.360098,-2.031645,2.183671,0.348761,-0.395189,-0.144475,0.193905,0.199693,-0.953136,-0.227276,0.000000,0.000000,0.000000,-1,-0.303528,-1.091202,-0.010529,-1.880995,2.637085,0.246040,191.850586,158.380356,-746.667603,0,0
182.040000,0.603370,1.205304,-2.556117,-0.393442,-0.896702,-0.202801,0.197503,-0.297882,0.933948,-0.897884,0.327401,0.294300,-0.390557,0.447566,0.704561,-0.388258,-1.287395,0.717656,-0.193195,-0.059307,0.221637,0.209874,0.202801,-0.933948,-0.294300,0.000000,0.000000,0.000000,-1,0.143494,-0.712311,-0.084427,-1.285615,0.616739,-0.188592,191.324966,158.205734,-747.168640,0,0
182.080000,0.592261,1.181799,-2.517221,-0.371187,-0.904100,-0.211718,0.221711,-0.307706,0.925290,-0.901701,0.296515,0.314665,-0.394289,0.432671,0.705967,-0.398677,-0.762926,0.762734,0.166740,0.180204,0.100415,0.229918,0.211718,-0.925290,-0.314665,0.000000,0.000000,0.000000,-1,0.460022,-0.841904,-0.106522,-0.761145,0.661817,0.171342,192.376205,158.554977,-746.834656,0,0
182.120000,0.532781,1.171909,-2.433660,-0.350051,-0.915722,-0.197277,0.252558,-0.295066,0.921494,-0.902041,0.272746,0.334561,-0.390658,0.424389,0.703505,-0.415164,-0.324220,0.030630,0.497089,0.139027,0.302094,0.143002,0.197277,-0.921494,-0.334561,0.000000,0.000000,0.000000,-1,0.320465,-0.594513,-0.202286,-0.404132,0.048489,0.523330,192.025787,157.856506,-749.172668,0,0
182.160000,0.491588,1.187583,-2.399416,-0.353827,-0.918508,-0.176492,0.252719,-0.275566,0.927468,-0.900522,0.283561,0.329627,-0.384744,0.432618,0.699825,-0.418400,0.507575,-0.238837,0.373191,0.118094,0.309761,0.181876,0.176492,-0.927468,-0.329627,0.000000,0.000000,0.000000,-1,0.283447,-0.629089,-0.145447,0.509356,-0.339752,0.377794,190.799347,157.681885,-748.671631,0,0
182.200000,0.490999,1.210344,-2.406427,-0.358173,-0.918726,-0.166299,0.236558,-0.261603,0.935737,-0.903190,0.295816,0.311031,-0.384837,0.443153,0.694767,-0.415709,0.840820,-0.196674,0.206579,0.077780,0.302040,0.141139,0.166299,-0.935737,-0.311031,0.000000,0.000000,0.000000,-1,0.212692,-0.671906,-0.193527,0.842600,-0.297588,0.211182,189.397705,158.031128,-749.673706,0,1
182.240000,0.540491,1.247069,-2.461091,-0.359530,-0.918665,-0.163682,0.200145,-0.247248,0.948056,-0.911416,0.308095,0.272759,-0.392096,0.458128,0.685481,-0.408038,0.819794,0.095523,-0.073202,0.024963,0.168515,0.057808,0.163682,-0.948056,-0.272759,0.000000,0.000000,0.000000,-1,0.185791,-0.847610,-0.239410,0.869462,-0.044588,-0.048740,189.923325,157.507263,-748.170654,0,0
182.280000,0.609184,1.258351,-2.510432,-0.340817,-0.923530,-0.175886,0.181384,-0.248167,0.951585,-0.922466,0.292413,0.252093,-0.404740,0.458410,0.678431,-0.407158,-0.087037,0.834271,-0.209079,-0.062102,-0.188766,-0.207624,0.175886,-0.951585,-0.252093,0.000000,0.000000,0.000000,-1,0.113785,-1.140350,-0.459717,-0.085257,0.733358,-0.204476,189.572906,157.507263,-745.832642,0,0
182.320000,0.613983,1.234380,-2.469544,-0.301039,-0.934455,-0.190183,0.205521,-0.258324,0.943944,-0.931202,0.245077,0.269815,-0.414569,0.439574,0.676236,-0.421442,-0.784712,0.734962,0.033077,-0.012464,-0.186275,-0.582922,0.190183,-0.943944,-0.269815,0.000000,0.000000,0.000000,-1,0.177719,-1.130219,-0.852737,-0.790339,0.754891,0.022324,190.448929,155.935684,-745.665649,0,0
182.360000,0.589274,1.222164,-2.432489,-0.290832,-0.937748,-0.189854,0.222443,-0.259266,0.939841,-0.930557,0.231104,0.283998,-0.413653,0.432310,0.677144,-0.428340,-0.342446,0.081013,0.163055,0.149837,0.000372,-0.493849,0.189854,-0.939841,-0.283998,0.000000,0.000000,0.000000,-1,0.355423,-0.904877,-0.718094,-0.449058,0.086110,0.159864,190.098526,157.332642,-746.333618,0,0
182.400000,0.543394,1.223589,-2.407163,-0.309477,-0.934490,-0.175936,0.228039,-0.252555,0.940327,-0.923159,0.250889,0.291260,-0.403676,0.437510,0.680678,-0.426974,-0.188476,-0.575112,0.236641,0.090971,0.124226,-0.107132,0.175936,-0.940327,-0.291260,0.000000,0.000000,0.000000,-1,0.266907,-0.816101,-0.398392,-0.186734,-0.676056,0.241255,189.572906,158.205734,-746.834656,0,0
182.440000,0.514365,1.215744,-2.377601,-0.309518,-0.935386,-0.171032,0.240500,-0.251024,0.937628,-0.919977,0.249080,0.302657,-0.399640,0.434695,0.682495,-0.430730,-0.470307,0.610858,-0.030471,-0.021206,0.243430,0.022673,0.171033,-0.937628,-0.302657,0.000000,0.000000,0.000000,-1,0.213058,-0.835297,-0.290054,-0.468566,0.509915,-0.025857,189.748108,156.983398,-746.667603,0,0
182.480000,0.587571,1.194362,-2.396972,-0.262652,-0.943127,-0.203780,0.249125,-0.270318,0.929981,-0.932175,0.193495,0.305956,-0.418841,0.414240,0.678035,-0.439598,-0.332343,1.070324,-0.474444,0.390657,-0.381985,0.020265,0.203780,-0.929981,-0.305956,0.000000,0.000000,0.000000,-1,0.687317,-1.209259,-0.236694,-0.295482,1.166536,-0.500892,190.624146,157.856506,-745.832642,0,0
182.520000,0.583916,1.174658,-2.408996,-0.280106,-0.936104,-0.212722,0.258063,-0.286863,0.922558,-0.924632,0.203518,0.321926,-0.413773,0.409669,0.687185,-0.434441,0.395165,-0.391553,-0.379067,0.122879,0.227550,0.302914,0.212722,-0.922558,-0.321926,0.000000,0.000000,0.000000,-1,0.335602,-0.695007,-0.019012,0.396906,-0.492494,-0.374453,190.448929,155.935684,-746.667603,0,0
182.560000,0.613219,1.189299,-2.454207,-0.293169,-0.931741,-0.214266,0.236238,-0.287762,0.928108,-0.926414,0.221475,0.304476,-0.415366,0.418608,0.686551,-0.425307,0.928741,-0.964573,-0.015379,0.075239,0.151131,0.329134,0.214266,-0.928108,-0.304476,0.000000,0.000000,0.000000,-1,0.259598,-0.868469,0.087326,0.930482,-1.065513,-0.010766,190.448929,156.634155,-748.003662,0,0
182.600000,0.657157,1.254719,-2.585236,-0.365710,-0.911153,-0.189883,0.164154,-0.263961,0.950462,-0.916138,0.316424,0.246102,-0.403779,0.462506,0.684794,-0.392566,2.355178,-1.560345,0.014136,-0.100359,-0.111962,0.386086,0.189883,-0.950462,-0.246102,0.000000,0.000000,0.000000,-1,-0.146149,-1.132172,0.078262,2.230356,-1.727017,0.020441,192.200989,155.237198,-746.333618,0,0
182.640000,0.746792,1.334367,-2.781076,-0.453737,-0.876816,-0.159111,0.082627,-0.219175,0.972181,-0.887297,0.427967,0.171897,-0.385208,0.515428,0.679119,-0.353194,1.439896,-2.428361,0.222803,-0.461083,-0.259661,0.316474,0.159111,-0.972181,-0.171897,0.000000,0.000000,0.000000,-1,-0.301971,-1.231842,0.144577,1.441637,-2.529299,0.227416,192.726608,157.856506,-744.830627,0,0
182.680000,0.759716,1.361899,-2.847168,-0.498320,-0.855148,-0.142827,0.060180,-0.198457,0.978260,-0.864902,0.478892,0.150358,-0.370736,0.536075,0.679547,-0.336742,0.842935,-1.080615,0.374348,-0.312077,-0.188900,0.001371,0.142827,-0.978260,-0.150358,0.000000,0.000000,0.000000,-1,-0.024261,-1.108322,-0.163727,0.844676,-1.181553,0.378961,190.799347,156.284927,-745.665649,0,0
182.720000,0.800712,1.407060,-2.918543,-0.522281,-0.844707,-0.117014,0.036058,-0.158968,0.986625,-0.852011,0.511076,0.113484,-0.361664,0.558979,0.669838,-0.328723,1.171351,-0.851292,0.582437,0.193868,0.066337,0.019566,0.117014,-0.986625,-0.113484,0.000000,0.000000,0.000000,-1,0.317566,-0.910355,-0.047241,1.082803,-0.845150,0.586498,190.624146,157.158020,-744.830627,0,0
182.760000,1.054295,1.457685,3.063631,-0.559631,-0.822910,-0.098147,-0.008791,-0.112528,0.993610,-0.828695,0.556917,0.055740,-0.352547,0.589780,0.657248,-0.309670,1.472517,-0.901838,0.102800,0.102033,0.050357,0.086197,0.098147,-0.993610,-0.055740,0.000000,0.000000,0.000000,-1,0.200180,-0.943253,0.030457,1.474258,-1.002774,0.107413,189.572906,157.856506,-743.494568,0,0
182.800000,1.388463,1.473190,2.708118,-0.575653,-0.812059,-0.095836,-0.040932,-0.088438,0.995240,-0.816669,0.576835,0.017670,-0.351822,0.606124,0.648414,-0.297313,1.177307,-0.401437,0.094222,-0.103373,0.046876,0.020569,0.095836,-0.995240,-0.017670,0.000000,0.000000,0.000000,-1,-0.063110,-0.922638,-0.002151,1.179048,-0.502372,0.098835,190.448929,156.284927,-743.661621,0,0
182.840000,1.829386,1.478974,2.269045,-0.572988,-0.814756,-0.088644,-0.070234,-0.058947,0.995787,-0.816549,0.576800,-0.023448,-0.356864,0.619977,0.634131,-0.293521,0.885887,0.514680,0.160313,-0.230505,0.143065,0.038732,0.088644,-0.995787,0.023447,0.000000,0.000000,0.000000,-1,-0.166763,-0.902267,0.093704,0.857737,0.265312,0.162735,190.624146,156.808777,-741.824585,0,0
182.880000,2.330542,1.461084,1.819819,-0.528679,-0.845102,-0.079384,-0.106115,-0.026985,0.993988,-0.842163,0.533924,-0.075412,-0.378721,0.627914,0.608328,-0.303696,1.061675,1.409370,0.073495,-0.264457,0.045745,-0.149127,0.079383,-0.993988,0.075412,0.000000,0.000000,0.000000,-1,-0.185074,-0.948242,-0.073715,1.063416,1.308436,0.078108,189.397705,156.284927,-740.655518,0,0
182.920000,2.536127,1.442893,1.641150,-0.505299,-0.859885,-0.072597,-0.127240,-0.008967,0.991831,-0.853512,0.510409,-0.104881,-0.390047,0.632695,0.593588,-0.308567,0.665785,0.311166,0.195569,-0.035549,-0.029836,-0.252250,0.072597,-0.991831,0.104881,0.000000,0.000000,0.000000,-1,0.037048,-1.021667,-0.147369,0.669672,0.357565,0.175028,187.470428,156.110306,-739.820557,0,0
182.960000,2.704716,1.420175,1.464268,-0.512290,-0.856462,-0.063489,-0.149202,0.015955,0.988678,-0.845753,0.515963,-0.135960,-0.389780,0.645020,0.583176,-0.303193,0.862264,-0.560140,0.318600,-0.038449,0.027267,-0.151188,0.063489,-0.988678,0.135960,0.000000,0.000000,0.000000,-1,0.034683,-0.930054,-0.013290,0.871494,-0.513729,0.305446,187.470428,156.110306,-739.820557,0,0
183.000000,2.814889,1.389600,1.301779,-0.556041,-0.829140,-0.057833,-0.173725,0.047896,0.983629,-0.812796,0.556985,-0.170675,-0.376410,0.666073,0.578245,-0.283364,0.955004,-1.175200,0.226747,0.101500,0.071428,-0.218252,0.057833,-0.983629,0.170675,0.000000,0.000000,0.000000,-1,0.159332,-0.912201,-0.047577,0.956745,-1.276131,0.231359,189.397705,156.634155,-738.985535,0,0
183.040000,2.846629,1.361590,1.242233,-0.577902,-0.813870,-0.060375,-0.196574,0.067016,0.978196,-0.792078,0.577170,-0.198714,-0.372087,0.678902,0.572750,-0.269444,0.621595,-0.536350,-0.073494,-0.019267,-0.009185,-0.233611,0.060375,-0.978196,0.198714,0.000000,0.000000,0.000000,-1,0.041107,-0.987381,-0.034897,0.730843,-0.681743,-0.026253,189.047287,156.634155,-737.315491,0,0
183.080000,2.830509,1.347476,1.237445,-0.593564,-0.801927,-0.067789,-0.209277,0.072467,0.975168,-0.777100,0.593011,-0.210839,-0.369055,0.684994,0.572333,-0.258875,0.227294,-0.644410,-0.014411,-0.176569,-0.083884,-0.103020,0.067789,-0.975168,0.210839,0.000000,0.000000,0.000000,-1,-0.107681,-1.029770,0.085785,0.261965,-0.671159,-0.032834,189.047287,156.634155,-737.315491,0,0
183.120000,2.808392,1.344494,1.212048,-0.630230,-0.772932,-0.073386,-0.210091,0.078779,0.974503,-0.747443,0.629579,-0.212035,-0.354622,0.693009,0.578666,-0.243163,0.077607,-1.250579,0.168680,-0.173240,-0.037170,-0.143492,0.073386,-0.974503,0.212035,0.000000,0.000000,0.000000,-1,-0.099854,-1.011673,0.068542,0.079348,-1.351508,0.173292,189.923325,155.761063,-737.482483,0,0
183.160000,2.793650,1.339995,1.184338,-0.661768,-0.745640,-0.077998,-0.211887,0.086221,0.973483,-0.719143,0.660747,-0.215050,-0.341709,0.700542,0.583202,-0.228803,0.244176,-1.159567,0.056870,-0.161769,-0.274563,-0.157066,0.077998,-0.973483,0.215050,0.000000,0.000000,0.000000,-1,-0.083771,-1.248047,0.057983,0.238575,-1.255156,0.087069,189.923325,155.761063,-737.482483,0,1
183.200000,2.760515,1.340730,1.171048,-0.694839,-0.714146,-0.084813,-0.210063,0.088751,0.973651,-0.687802,0.694347,-0.211683,-0.327144,0.706271,0.590425,-0.213441,-0.278138,-0.834944,0.195190,-0.140569,-0.388485,-0.225324,0.084813,-0.973651,0.211683,0.000000,0.000000,0.000000,-1,-0.047043,-1.374863,-0.018036,-0.184278,-1.155417,0.144465,191.149765,157.332642,-738.317505,0,0
183.240000,2.758068,1.371636,1.218884,-0.663968,-0.744087,-0.074032,-0.185721,0.068196,0.980233,-0.724330,0.664593,-0.183473,-0.335897,0.692033,0.594201,-0.234923,-1.308668,2.523054,-0.293662,0.003482,-0.110007,-0.155397,0.074032,-0.980233,0.183473,0.000000,0.000000,0.000000,-1,0.077515,-1.090240,0.028076,-1.306928,2.422128,-0.289049,189.222488,154.713348,-737.482483,0,0
183.280000,2.461641,1.445152,1.677123,-0.537752,-0.839413,-0.078792,-0.124606,-0.013299,0.992117,-0.833844,0.543331,-0.097444,-0.378481,0.636769,0.602828,-0.296439,-2.564410,3.210421,-0.752022,0.080739,0.119574,-0.268648,0.078792,-0.992117,0.097444,0.000000,0.000000,0.000000,-1,0.159531,-0.872543,-0.171204,-2.523103,3.404236,-0.747049,188.872086,157.158020,-736.814514,0,0
183.320000,1.755143,1.475029,2.438147,-0.493184,-0.864831,-0.094001,-0.061852,-0.072922,0.995418,-0.867723,0.496739,-0.017528,-0.386415,0.599539,0.622210,-0.322632,-2.609033,0.592092,-0.488674,-0.201148,-0.022740,-0.099437,0.094001,-0.995418,0.017528,0.000000,0.000000,0.000000,-1,-0.119095,-1.012115,0.010803,-2.705025,0.903492,-0.548670,188.872086,157.158020,-736.814514,0,0
183.360000,0.896932,1.416225,-3.041675,-0.543880,-0.830495,-0.120304,0.015357,-0.153189,0.988078,-0.839022,0.535548,0.096071,-0.358203,0.568907,0.669541,-0.315833,-2.304118,-2.523633,-1.039616,0.059169,-0.449346,0.205247,0.120304,-0.988078,-0.096071,0.000000,0.000000,0.000000,-1,0.236145,-1.435760,0.130951,-2.302373,-2.624556,-1.035006,189.748108,154.189484,-741.991577,0,0
183.400000,0.621538,1.348327,-2.854475,-0.618870,-0.774915,-0.128475,0.062482,-0.211606,0.975356,-0.783004,0.595591,0.179375,-0.321466,0.554051,0.708846,-0.295338,-1.779806,-2.440655,-0.173531,0.263066,-0.291582,0.496636,0.128475,-0.975356,-0.179375,0.000000,0.000000,0.000000,-1,0.391541,-1.266937,0.317261,-1.872172,-2.639327,-0.285505,191.149765,155.586441,-744.329590,0,0
183.440000,0.573260,1.314425,-2.774400,-0.595786,-0.791280,-0.137531,0.091031,-0.236668,0.967317,-0.797967,0.563795,0.213035,-0.327050,0.535276,0.715103,-0.308456,-0.574837,2.987405,-0.334701,0.170209,-0.016509,0.681877,0.137531,-0.967317,-0.213035,0.000000,0.000000,0.000000,-1,0.300262,-0.949249,0.292252,-0.513414,2.539941,-0.211102,190.799347,155.586441,-743.995605,0,0
183.480000,0.607687,1.234206,-2.639496,-0.460275,-0.867518,-0.188575,0.158948,-0.289507,0.943886,-0.873432,0.404473,0.271143,-0.373527,0.474243,0.710796,-0.361027,-2.832922,2.865522,-0.281606,-0.242545,-0.033653,0.116541,0.188575,-0.943886,-0.271143,0.000000,0.000000,0.000000,-1,-0.053970,-0.977539,-0.154602,-2.831216,2.764569,-0.276985,191.324966,154.014862,-744.162598,0,0
183.520000,0.553289,1.168318,-2.534225,-0.422701,-0.882585,-0.205834,0.223546,-0.321645,0.920093,-0.878266,0.342911,0.333258,-0.376060,0.438120,0.720695,-0.383703,-1.470102,0.635051,-0.153596,-0.125298,0.288303,0.167990,0.205834,-0.920093,-0.333258,0.000000,0.000000,0.000000,-1,0.080536,-0.631790,-0.165268,-1.676546,0.646536,-0.109958,190.624146,154.713348,-745.498596,0,0
183.560000,0.531863,1.130394,-2.492706,-0.409474,-0.886335,-0.216195,0.257615,-0.339660,0.904580,-0.875194,0.314707,0.367416,-0.375090,0.419046,0.727418,-0.393154,-0.861660,0.415786,-0.027411,0.067191,0.424310,0.380935,0.216195,-0.904580,-0.367416,0.000000,0.000000,0.000000,-1,0.271667,-0.469681,0.013397,-0.917538,0.294627,-0.064613,191.149765,155.586441,-745.999634,0,0
183.600000,0.520703,1.121980,-2.461863,-0.392925,-0.893876,-0.215861,0.272742,-0.337462,0.900961,-0.878192,0.295136,0.376395,-0.376876,0.412028,0.725738,-0.401873,0.167110,0.221055,0.192955,-0.086726,0.492102,0.319602,0.215861,-0.900961,-0.376395,0.000000,0.000000,0.000000,-1,0.129135,-0.408859,-0.056793,0.168816,0.120104,0.197576,190.624146,154.014862,-746.166626,0,0
183.640000,0.526462,1.144481,-2.466435,-0.388957,-0.897518,-0.207784,0.258458,-0.322796,0.910496,-0.884258,0.300441,0.357524,-0.379577,0.420903,0.719249,-0.401799,0.869101,0.012385,0.313806,-0.050924,0.405155,0.210109,0.207784,-0.910496,-0.357524,0.000000,0.000000,0.000000,-1,0.156860,-0.505341,-0.147415,0.798523,-0.097040,0.323517,190.624146,153.665619,-745.832642,0,1
183.680000,0.558920,1.188785,-2.497036,-0.382082,-0.902738,-0.197678,0.223987,-0.297994,0.927917,-0.896573,0.310263,0.316060,-0.387250,0.438186,0.706423,-0.398743,1.174302,0.322964,0.268619,-0.021485,0.391677,0.055974,0.197678,-0.927917,-0.316060,0.000000,0.000000,0.000000,-1,0.224854,-0.565994,-0.321396,1.196353,0.165898,0.323264,190.799347,153.840240,-745.665649,0,0
183.720000,0.643716,1.213923,-2.565018,-0.363987,-0.907498,-0.209668,0.190448,-0.292869,0.936994,-0.911725,0.301123,0.279432,-0.402942,0.444884,0.695753,-0.394517,0.131464,0.738685,-0.346165,0.200427,-0.400394,-0.566927,0.209668,-0.936994,-0.279432,0.000000,0.000000,0.000000,-1,0.410095,-1.337387,-0.846359,0.133170,0.637737,-0.341545,190.448929,155.237198,-743.995605,0,0
183.760000,0.656052,1.190118,-2.541842,-0.334458,-0.914752,-0.226643,0.209717,-0.306706,0.928413,-0.918780,0.262984,0.294419,-0.411652,0.428174,0.695626,-0.404121,-0.468295,0.803702,-0.110085,0.032558,-0.341317,-0.835143,0.226643,-0.928413,-0.294419,0.000000,0.000000,0.000000,-1,0.269943,-0.942139,-1.033646,-0.578358,0.692099,-0.139287,190.273727,156.110306,-743.160583,0,0
183.800000,0.644486,1.186969,-2.507102,-0.313608,-0.922515,-0.224978,0.221975,-0.301590,0.927238,-0.923243,0.240850,0.299357,-0.414917,0.422096,0.691837,-0.413569,-0.422817,0.598840,0.434962,0.130048,0.306129,-0.394033,0.224978,-0.927238,-0.299357,0.000000,0.000000,0.000000,-1,0.550232,-0.770538,-0.298386,-0.363602,0.565765,0.451407,189.748108,153.490997,-742.993591,0,0
183.840000,0.634275,1.178701,-2.465577,-0.285707,-0.931179,-0.226445,0.239092,-0.298085,0.924110,-0.928012,0.209884,0.307803,-0.419695,0.412256,0.687676,-0.425444,0.252974,0.472143,0.073867,0.378077,-0.376625,0.337161,0.226445,-0.924110,-0.307803,0.000000,0.000000,0.000000,-1,0.604523,-1.300735,0.029358,0.254680,0.371196,0.078488,188.521667,153.665619,-742.492554,0,0
183.880000,0.673609,1.175526,-2.505845,-0.287033,-0.927316,-0.240203,0.228639,-0.309828,0.922893,-0.930235,0.209981,0.300952,-0.424807,0.411173,0.688806,-0.419551,0.630138,-0.406818,-0.665607,-0.077621,-0.069203,0.156604,0.240203,-0.922893,-0.300952,0.000000,0.000000,0.000000,-1,0.162582,-0.992096,-0.144348,0.387731,-0.157839,-0.621581,189.397705,154.538727,-742.659546,0,0
183.920000,0.665748,1.183704,-2.562339,-0.345078,-0.909152,-0.233161,0.206642,-0.315917,0.926010,-0.915544,0.271365,0.296885,-0.410473,0.427866,0.699621,-0.398713,0.384353,-2.677173,-0.250566,-0.104148,-0.018112,0.800700,0.233161,-0.926010,-0.296885,0.000000,0.000000,0.000000,-1,0.325348,-0.970169,0.397202,0.499834,-2.636085,-0.271242,191.500168,154.189484,-741.657593,0,0
183.960000,0.730236,1.219904,-2.689260,-0.396313,-0.889024,-0.229287,0.150235,-0.309166,0.939067,-0.905740,0.337718,0.256089,-0.405205,0.455812,0.700280,-0.371015,2.305891,0.372088,-0.209983,-0.272546,-0.150258,0.421967,0.229287,-0.939067,-0.256089,0.000000,0.000000,0.000000,-1,-0.085815,-1.126053,0.257721,2.307597,0.271144,-0.205363,190.448929,153.840240,-741.991577,0,0
184.000000,0.855358,1.291114,-2.837769,-0.408864,-0.888490,-0.208365,0.082586,-0.263407,0.961143,-0.908851,0.375769,0.181075,-0.410326,0.491015,0.680688,-0.356652,1.538413,-0.833170,0.639998,-0.434637,-0.270562,0.516631,0.208365,-0.961143,-0.181075,0.000000,0.000000,0.000000,-1,-0.226273,-1.231705,0.335556,1.601015,-0.767592,0.688935,190.098526,154.887955,-738.651489,0,0
184.040000,0.882856,1.323620,-2.902331,-0.439339,-0.878210,-0.189019,0.057983,-0.237698,0.969607,-0.896448,0.415027,0.155351,-0.400939,0.511442,0.676829,-0.345801,0.828278,-1.107031,0.430999,-0.455773,-0.036725,-0.217498,0.189019,-0.969607,-0.155351,0.000000,0.000000,0.000000,-1,-0.022552,-0.957565,-0.283295,0.917029,-1.303415,0.419135,189.923325,153.665619,-737.816528,0,0
184.080000,0.930941,1.376391,-2.995910,-0.476497,-0.865411,-0.154968,0.028044,-0.191137,0.981163,-0.878729,0.463175,0.115346,-0.387071,0.540836,0.667641,-0.334556,1.468229,-1.040915,0.678939,-0.058746,-0.021401,0.032399,0.154968,-0.981163,-0.115346,0.000000,0.000000,0.000000,-1,0.074921,-0.921051,-0.001633,1.469935,-1.141857,0.683559,189.572906,155.062576,-737.148499,0,0
184.120000,1.150135,1.423325,3.023068,-0.512266,-0.848288,-0.134127,-0.017375,-0.145907,0.989146,-0.858651,0.509036,0.060004,-0.378694,0.571480,0.655396,-0.316951,1.142652,-0.796612,0.280403,-0.096179,0.181437,0.185096,0.134127,-0.989146,-0.060004,0.000000,0.000000,0.000000,-1,0.037949,-0.807709,0.125092,1.211314,-0.957974,0.290941,189.222488,154.014862,-737.148499,0,0
184.160000,1.320191,1.440205,2.841166,-0.521126,-0.844105,-0.126153,-0.038536,-0.124388,0.991485,-0.852609,0.521550,0.032294,-0.377812,0.584047,0.647651,-0.310958,0.914513,0.114003,0.211794,-0.062539,0.170059,0.156744,0.126153,-0.991485,-0.032294,0.000000,0.000000,0.000000,-1,0.077515,-0.859787,0.089401,0.929948,-0.204250,0.236391,188.872086,156.110306,-734.476440,0,0
184.200000,1.668227,1.448871,2.551343,-0.468999,-0.874865,-0.121046,-0.067692,-0.101045,0.992576,-0.880601,0.473711,-0.011831,-0.401210,0.587321,0.624142,-0.323313,0.740248,2.077369,0.117629,-0.015318,-0.004601,-0.061331,0.121046,-0.992576,0.011831,0.000000,0.000000,0.000000,-1,0.105728,-0.997177,-0.049500,0.741954,1.976430,0.122249,188.872086,156.459549,-732.138428,0,0
184.240000,2.044117,1.446711,2.250620,-0.400294,-0.909742,-0.110160,-0.096252,-0.077807,0.992311,-0.911318,0.407819,-0.056419,-0.428349,0.587134,0.596172,-0.341131,0.946253,1.219825,0.226664,-0.078361,0.043016,-0.069999,0.110160,-0.992311,0.056419,0.000000,0.000000,0.000000,-1,0.031799,-0.949295,-0.013580,0.883162,1.217477,0.226235,187.295227,156.983398,-731.971436,0,0
184.280000,2.319394,1.434072,1.999549,-0.377155,-0.920751,-0.099858,-0.123962,-0.056664,0.990668,-0.917817,0.386014,-0.092767,-0.439396,0.594402,0.579019,-0.344025,1.221496,0.577490,0.326519,-0.122396,0.073828,-0.067635,0.099859,-0.990668,0.092767,0.000000,0.000000,0.000000,-1,-0.016388,-0.890320,-0.000793,1.199903,0.617554,0.326505,185.718369,157.158020,-730.134399,0,0
184.320000,2.581079,1.398891,1.719267,-0.392733,-0.915145,-0.090939,-0.169178,-0.025304,0.985261,-0.903958,0.402329,-0.144885,-0.440867,0.614881,0.564170,-0.330560,1.160203,-1.066035,0.196329,-0.051861,0.025040,-0.201647,0.090939,-0.985261,0.144885,0.000000,0.000000,0.000000,-1,0.039078,-0.960220,-0.056763,1.161909,-1.166972,0.200949,185.192749,158.380356,-730.301392,0,0
184.360000,2.675657,1.361042,1.562744,-0.446591,-0.889835,-0.093544,-0.208213,0.001677,0.978082,-0.870175,0.456280,-0.186024,-0.429464,0.639197,0.561002,-0.303752,0.937533,-1.214610,0.102655,-0.006997,0.019693,-0.331440,0.093544,-0.978082,0.186024,0.000000,0.000000,0.000000,-1,0.079926,-0.978119,-0.138947,0.990328,-1.374876,0.134637,186.419205,157.158020,-728.130371,0,0
184.400000,2.683146,1.342853,1.521648,-0.474643,-0.874479,-0.100007,-0.225702,0.011102,0.974133,-0.850748,0.484937,-0.202641,-0.423349,0.649689,0.561449,-0.288885,0.480011,-1.027161,-0.030368,-0.097824,-0.046710,-0.262929,0.100007,-0.974133,0.202641,0.000000,0.000000,0.000000,-1,-0.073013,-1.038300,-0.001740,0.558236,-1.141885,-0.030783,186.068787,159.253464,-727.462341,0,0
184.440000,2.668454,1.337875,1.487296,-0.516074,-0.850062,-0.105181,-0.230017,0.019251,0.972996,-0.825082,0.526331,-0.205464,-0.409310,0.659695,0.568190,-0.272816,-0.002842,-1.086149,0.209228,-0.217379,-0.017910,-0.172368,0.105181,-0.972996,0.205464,0.000000,0.000000,0.000000,-1,-0.112198,-0.990906,0.033096,-0.001175,-1.187116,0.213859,187.470428,159.253464,-728.130371,0,0
184.480000,2.655184,1.365875,1.405689,-0.596745,-0.796773,-0.095122,-0.200723,0.033445,0.979077,-0.776921,0.603353,-0.179889,-0.370708,0.672696,0.588093,-0.253383,-0.394982,0.490386,0.214945,-0.143691,-0.318912,-0.098040,0.095122,-0.979077,0.179889,0.000000,0.000000,0.000000,-1,-0.062790,-1.262924,0.102905,-0.331732,0.035388,0.270490,189.923325,158.554977,-730.134399,0,1
184.520000,2.652484,1.374086,1.426660,-0.582797,-0.807413,-0.091827,-0.193417,0.028073,0.980715,-0.789264,0.589318,-0.172529,-0.374720,0.667720,0.587834,-0.261126,-0.755866,1.520401,-0.120797,-0.170120,-0.268751,-0.061506,0.091827,-0.980715,0.172529,0.000000,0.000000,0.000000,-1,-0.073441,-1.221863,0.082397,-0.754199,1.419436,-0.116166,189.923325,158.554977,-730.134399,0,0
184.560000,2.403135,1.426429,1.799584,-0.481069,-0.871318,-0.096843,-0.140117,-0.032628,0.989597,-0.865413,0.489634,-0.106390,-0.405571,0.623464,0.593150,-0.308185,-2.431606,3.531965,-0.579441,-0.010723,-0.125317,-0.105688,0.096843,-0.989597,0.106390,0.000000,0.000000,0.000000,-1,0.141068,-1.051727,-0.012024,-2.309922,3.207319,-0.561295,188.171265,156.808777,-728.798401,0,0
184.600000,1.689454,1.450884,2.612898,-0.395047,-0.910949,-0.118784,-0.060340,-0.103292,0.992819,-0.916677,0.399377,-0.014161,-0.424972,0.571383,0.609134,-0.349106,-2.898912,2.362682,-0.483911,0.080985,0.030951,-0.183579,0.118784,-0.992819,0.014161,0.000000,0.000000,0.000000,-1,0.042313,-1.097565,-0.147354,-2.815384,2.721702,-0.582253,185.893585,158.031128,-727.963379,0,0
184.640000,0.927529,1.400461,-2.881145,-0.376520,-0.916426,-0.135634,0.043652,-0.163796,0.985528,-0.925380,0.365150,0.101676,-0.414005,0.527031,0.640701,-0.374620,-2.252846,-0.923940,-0.467689,-0.063323,-0.102759,0.109565,0.135634,-0.985528,-0.101676,0.000000,0.000000,0.000000,-1,0.115524,-1.186768,0.002274,-2.251150,-1.024897,-0.463064,183.791107,155.237198,-730.969421,0,0
184.680000,0.621918,1.310154,-2.682928,-0.479527,-0.864589,-0.150136,0.114098,-0.231067,0.966225,-0.870078,0.446200,0.209450,-0.368134,0.509659,0.692828,-0.353149,-1.968244,-3.511038,-0.591051,0.209880,-0.400856,0.237801,0.150136,-0.966225,-0.209450,0.000000,0.000000,0.000000,-1,0.372513,-1.322372,0.074417,-1.998885,-3.473326,-0.732424,187.120026,154.713348,-732.806458,0,0
184.720000,0.533088,1.284969,-2.633765,-0.515456,-0.844851,-0.143286,0.137107,-0.246370,0.959429,-0.845876,0.474898,0.242828,-0.349315,0.506522,0.707929,-0.346772,0.007009,0.976926,0.151947,0.236276,-0.389280,1.042129,0.143286,-0.959429,-0.242828,0.000000,0.000000,0.000000,-1,0.310791,-1.085007,0.605362,-0.283440,-0.024211,0.119179,189.047287,153.840240,-737.649536,0,0
184.760000,0.569642,1.249188,-2.493219,-0.362207,-0.916375,-0.170478,0.190885,-0.251947,0.948728,-0.912342,0.311095,0.266180,-0.394829,0.459369,0.685626,-0.403740,-2.688452,3.644705,0.372786,-0.075187,-0.008043,0.370717,0.170478,-0.948728,-0.266180,0.000000,0.000000,0.000000,-1,-0.108505,-0.999084,0.075104,-2.686756,3.543750,0.377411,187.295227,152.443283,-736.981506,0,0
184.800000,0.471954,1.164979,-2.309308,-0.290718,-0.939826,-0.179473,0.291921,-0.265754,0.918780,-0.911189,0.214714,0.351614,-0.394786,0.410289,0.690667,-0.445854,-1.641813,0.628896,-0.015523,-0.348540,0.105105,0.111151,0.179473,-0.918780,-0.351614,0.000000,0.000000,0.000000,-1,-0.035339,-0.705124,-0.145294,-1.843872,0.506891,0.093560,185.192749,150.347839,-735.311462,0,0
184.840000,0.467997,1.129235,-2.283126,-0.274655,-0.942020,-0.192778,0.323437,-0.279316,0.904086,-0.905513,0.185960,0.381400,-0.394735,0.391771,0.695588,-0.454815,-1.054487,0.645619,-0.181630,0.031496,0.294878,0.316947,0.192778,-0.904086,-0.381400,0.000000,0.000000,0.000000,-1,0.396210,-0.589111,-0.003693,-1.098736,0.562591,-0.241466,184.141525,151.395554,-738.651489,0,0
184.880000,0.459964,1.102078,-2.242765,-0.247888,-0.947806,-0.200536,0.353533,-0.281223,0.892148,-0.901979,0.150257,0.404793,-0.396403,0.374791,0.695324,-0.467889,-0.282301,0.428907,0.231006,0.117717,0.438291,0.289223,0.200536,-0.892148,-0.404793,0.000000,0.000000,0.000000,-1,0.268066,-0.454361,-0.150238,-0.280605,0.327955,0.235631,184.667145,149.125504,-739.486511,0,0
184.920000,0.438150,1.118636,-2.227958,-0.251022,-0.950067,-0.185366,0.345914,-0.266896,0.899505,-0.904064,0.161675,0.395639,-0.393775,0.383564,0.691657,-0.468434,0.657286,-0.472085,0.345980,0.022459,0.412094,0.254083,0.185366,-0.899505,-0.395639,0.000000,0.000000,0.000000,-1,0.190933,-0.497452,-0.118118,0.560025,-0.575191,0.329367,185.543167,149.649353,-739.653564,0,0
184.960000,0.428327,1.148468,-2.234605,-0.262056,-0.949917,-0.170245,0.322847,-0.252539,0.912137,-0.909449,0.184068,0.372857,-0.392946,0.398955,0.686923,-0.463212,1.094983,-0.528385,0.269077,0.029187,0.399366,0.159081,0.170245,-0.912137,-0.372857,0.000000,0.000000,0.000000,-1,0.189987,-0.535049,-0.229630,1.046764,-0.666412,0.295693,184.141525,149.300125,-739.653564,0,1
185.000000,0.462621,1.197875,-2.280258,-0.267616,-0.949706,-0.162602,0.276428,-0.237339,0.931267,-0.923022,0.204274,0.326041,-0.401149,0.419594,0.676571,-0.453069,1.032442,0.254517,-0.125215,0.075298,0.271874,-0.039331,0.162602,-0.931267,-0.326041,0.000000,0.000000,0.000000,-1,0.271805,-0.788513,-0.397446,1.034138,0.153567,-0.120591,183.966309,150.522461,-735.812500,0,0
185.040000,0.549865,1.204688,-2.312882,-0.216565,-0.958177,-0.187073,0.263856,-0.241936,0.933728,-0.939936,0.152852,0.305216,-0.424310,0.409088,0.664025,-0.460086,-0.307149,1.229384,0.244687,-0.018204,-0.493732,-0.501074,0.187073,-0.933728,-0.305216,0.000000,0.000000,0.000000,-1,0.168869,-1.427460,-0.806290,-0.201638,1.333903,0.106829,184.316727,150.522461,-734.142456,0,0
185.080000,0.541809,1.190434,-2.275874,-0.190612,-0.962815,-0.191452,0.282735,-0.240609,0.928530,-0.940068,0.122859,0.318084,-0.427759,0.397467,0.661307,-0.470867,-0.798920,1.042177,-0.155388,-0.242798,-0.526075,-0.941651,0.191452,-0.928530,-0.318084,0.000000,0.000000,0.000000,-1,0.045486,-1.005646,-1.001007,-0.773434,0.800424,-0.015298,184.316727,149.823975,-735.812500,0,0
185.120000,0.575162,1.162238,-2.268593,-0.156634,-0.963722,-0.216113,0.304425,-0.255269,0.917694,-0.939570,0.077952,0.333365,-0.437399,0.376829,0.660543,-0.479964,-0.455408,0.549378,-0.026113,0.168180,0.125138,-0.300439,0.216113,-0.917694,-0.333365,0.000000,0.000000,0.000000,-1,0.463135,-0.752884,-0.528656,-0.453712,0.448430,-0.021489,184.491928,148.950882,-735.311462,0,0
185.160000,0.561141,1.149124,-2.225810,-0.130702,-0.967202,-0.217803,0.324580,-0.249325,0.912406,-0.936784,0.048558,0.346522,-0.439347,0.365669,0.656991,-0.491552,-0.419124,0.562150,0.007468,0.265123,0.113196,0.099284,0.217803,-0.912406,-0.346522,0.000000,0.000000,0.000000,-1,0.520813,-0.972229,-0.233231,-0.429714,0.510147,0.127953,183.966309,149.125504,-735.144470,0,0
185.200000,0.583552,1.138579,-2.235339,-0.120789,-0.965474,-0.230802,0.329746,-0.258326,0.908039,-0.936311,0.033575,0.349565,-0.443839,0.358085,0.657396,-0.492557,-0.210942,0.481096,-0.312512,0.308672,-0.352398,0.177522,0.230802,-0.908039,-0.349565,0.000000,0.000000,0.000000,-1,0.557724,-1.064804,-0.197357,-0.122219,0.366311,-0.346014,183.615906,149.823975,-735.478455,0,0
185.240000,0.631593,1.130880,-2.248418,-0.089809,-0.963696,-0.251443,0.331776,-0.266992,0.904787,-0.939074,-0.002165,0.343709,-0.456474,0.346088,0.652018,-0.496716,0.482143,0.806874,-0.124834,-0.026224,0.094240,0.389165,0.251443,-0.904787,-0.343710,0.000000,0.000000,0.000000,-1,0.166306,-0.747803,0.085861,0.483839,0.705928,-0.120209,183.440689,147.204681,-734.977478,0,0
185.280000,0.629168,1.156091,-2.300517,-0.137563,-0.961695,-0.237108,0.300321,-0.268611,0.915235,-0.943866,0.054694,0.325768,-0.448687,0.368505,0.658016,-0.479477,1.376402,-2.302980,-0.302551,0.007109,0.155012,0.403786,0.237108,-0.915235,-0.325768,0.000000,0.000000,0.000000,-1,0.303635,-0.893311,0.101501,1.123241,-2.276620,-0.242506,184.491928,148.252396,-732.973450,0,0
185.320000,0.668021,1.202280,-2.415715,-0.203582,-0.953291,-0.223140,0.239119,-0.269423,0.932863,-0.949409,0.136557,0.282800,-0.442448,0.403534,0.662534,-0.449943,2.420906,-2.245544,-0.190931,-0.031321,-0.168776,0.388207,0.223140,-0.932863,-0.282800,0.000000,0.000000,0.000000,-1,-0.090317,-1.125931,0.434326,2.373533,-2.341254,-0.230466,184.491928,148.252396,-732.973450,0,0
185.360000,0.752164,1.277449,-2.595653,-0.284480,-0.938105,-0.197559,0.150137,-0.247126,0.957281,-0.946853,0.242666,0.211147,-0.433445,0.454480,0.660067,-0.412171,1.638313,-1.223016,0.140705,-0.428790,-0.259058,0.682247,0.197559,-0.957281,-0.211147,0.000000,0.000000,0.000000,-1,-0.334045,-1.313568,0.165298,1.640009,-1.323959,0.145329,184.316727,149.474747,-731.804443,0,0
185.400000,0.798844,1.315872,-2.666238,-0.302866,-0.935747,-0.180694,0.115408,-0.224214,0.967682,-0.946020,0.272224,0.175899,-0.431697,0.475066,0.652491,-0.402747,0.729303,-0.194073,0.487523,-0.297302,-0.194030,-0.225438,0.180694,-0.967682,-0.175899,0.000000,0.000000,0.000000,-1,-0.000443,-1.086411,-0.336182,0.659412,-0.272918,0.403495,187.120026,148.776260,-729.132385,0,0
185.440000,0.824900,1.355851,-2.713902,-0.319873,-0.934419,-0.156660,0.088468,-0.194082,0.976988,-0.943321,0.298652,0.144748,-0.427043,0.495238,0.643953,-0.397112,1.495112,-1.087415,0.756490,-0.015974,-0.020937,0.026187,0.156660,-0.976988,-0.144748,0.000000,0.000000,0.000000,-1,0.124695,-0.944107,-0.041199,1.392748,-1.053718,0.778683,187.120026,148.776260,-729.132385,0,0
185.480000,1.033237,1.418830,-2.981858,-0.370474,-0.919696,-0.130031,0.024078,-0.149455,0.988475,-0.928531,0.363074,0.077514,-0.418768,0.534674,0.631950,-0.373358,1.690722,-1.056473,0.179787,-0.085475,0.160610,0.168777,0.130031,-0.988475,-0.077514,0.000000,0.000000,0.000000,-1,0.034668,-0.813187,0.086868,1.692380,-1.157446,0.184422,187.120026,152.268661,-726.126343,0,0
185.520000,1.291340,1.441118,3.025161,-0.384690,-0.914638,-0.124298,-0.015022,-0.128439,0.991604,-0.922923,0.383328,0.035669,-0.420737,0.552400,0.622254,-0.361435,0.902913,0.149030,0.217068,-0.183182,0.131862,0.101053,0.124298,-0.991604,-0.035669,0.000000,0.000000,0.000000,-1,-0.073730,-0.885818,0.062027,1.018031,-0.157678,0.184151,187.120026,152.967148,-724.456299,0,0
185.560000,1.513627,1.455230,2.832948,-0.355686,-0.927488,-0.115121,-0.035027,-0.109860,0.993330,-0.933949,0.357346,0.006589,-0.432315,0.556605,0.606658,-0.367778,0.588971,1.132900,0.217152,-0.168557,0.074644,0.040021,0.115121,-0.993330,-0.006589,0.000000,0.000000,0.000000,-1,-0.017670,-0.951920,0.022247,0.567189,0.943938,0.226697,185.718369,152.967148,-724.456299,0,0
185.600000,1.942525,1.461736,2.466274,-0.295487,-0.949949,-0.101410,-0.068044,-0.084954,0.994059,-0.952920,0.300632,-0.039535,-0.455248,0.559032,0.578988,-0.380796,1.048745,1.351436,0.300450,-0.023743,0.031748,-0.047546,0.101410,-0.994059,0.039535,0.000000,0.000000,0.000000,-1,0.075424,-0.955811,-0.023529,1.050402,1.250465,0.305085,183.440689,154.538727,-722.619263,0,0
185.640000,2.295920,1.452182,2.145285,-0.263458,-0.960597,-0.088565,-0.099339,-0.064304,0.992974,-0.959542,0.270405,-0.078484,-0.468863,0.565163,0.558856,-0.385277,1.033740,0.772690,0.387261,-0.036074,-0.001899,-0.082848,0.088565,-0.992974,0.078484,0.000000,0.000000,0.000000,-1,0.072098,-0.961578,-0.008179,1.019421,0.737421,0.370502,183.440689,154.538727,-722.619263,0,0
185.680000,2.572538,1.429118,1.869422,-0.261985,-0.962068,-0.076086,-0.134956,-0.041544,0.989980,-0.955589,0.269628,-0.118953,-0.473949,0.578661,0.544191,-0.379973,0.943877,-0.666224,0.251144,0.013010,0.070135,-0.246104,0.076086,-0.989980,0.118953,0.000000,0.000000,0.000000,-1,0.066360,-0.911545,-0.086838,0.958499,-0.561493,0.268536,182.564667,155.411819,-719.112244,0,0
185.720000,2.687540,1.394857,1.692768,-0.319291,-0.944542,-0.076772,-0.173733,-0.021296,0.984563,-0.931596,0.327700,-0.157298,-0.463493,0.603178,0.543895,-0.354300,0.999027,-1.500833,0.103255,-0.057835,0.145695,-0.043727,0.076772,-0.984563,0.157298,0.000000,0.000000,0.000000,-1,0.026138,-0.860764,0.134842,1.000684,-1.601801,0.107890,184.842346,155.935684,-718.611206,0,0
185.760000,2.727825,1.364046,1.610381,-0.356956,-0.930468,-0.082535,-0.205119,-0.008124,0.978703,-0.911322,0.366284,-0.187957,-0.458019,0.619837,0.542477,-0.334276,0.915057,-0.846878,-0.025353,-0.080704,-0.012462,-0.098022,0.082535,-0.978703,0.187957,0.000000,0.000000,0.000000,-1,-0.020111,-1.019394,0.069122,0.969893,-1.035807,0.002494,184.842346,155.935684,-718.611206,0,0
185.800000,2.729320,1.342504,1.577959,-0.383724,-0.918985,-0.090682,-0.226308,-0.001621,0.974054,-0.895288,0.394290,-0.207352,-0.454216,0.630368,0.542677,-0.319102,0.306943,-0.842639,-0.019733,-0.150649,-0.088781,-0.159485,0.090682,-0.974054,0.207352,0.000000,0.000000,0.000000,-1,-0.068283,-1.062668,0.041183,0.369147,-0.891693,-0.040466,185.367966,157.856506,-716.106201,0,0
185.840000,2.710707,1.338299,1.541761,-0.432644,-0.896414,-0.096236,-0.230311,0.006689,0.973094,-0.871651,0.443168,-0.209348,-0.438752,0.642005,0.551500,-0.301951,0.168000,-1.356553,0.174523,-0.155867,-0.136159,-0.161206,0.096236,-0.973094,0.209348,0.000000,0.000000,0.000000,-1,-0.043228,-1.157120,0.059067,0.169658,-1.457519,0.179158,186.594406,158.729599,-717.275208,0,0
185.880000,2.697173,1.331671,1.519074,-0.463819,-0.880058,-0.101831,-0.236537,0.012245,0.971545,-0.853769,0.474708,-0.213846,-0.429471,0.649983,0.556266,-0.289215,0.203887,-0.731326,-0.023355,-0.143946,-0.226758,-0.194238,0.101831,-0.971545,0.213846,0.000000,0.000000,0.000000,-1,-0.064148,-1.237701,0.021698,0.244883,-0.919200,-0.000678,186.594406,158.729599,-717.275208,0,0
185.920000,2.672957,1.334169,1.523550,-0.480731,-0.870452,-0.105883,-0.234163,0.011072,0.972134,-0.845024,0.492128,-0.209150,-0.423482,0.652103,0.561362,-0.283368,-0.304723,-0.370713,0.076358,-0.175066,-0.404498,-0.205320,0.105883,-0.972134,0.209150,0.000000,0.000000,0.000000,-1,-0.069183,-1.376633,0.003830,-0.227754,-0.528980,0.046383,187.120026,156.459549,-717.442200,0,1
185.960000,2.636824,1.361150,1.578474,-0.466282,-0.878892,-0.100645,-0.208107,-0.001598,0.978105,-0.859809,0.477018,-0.182159,-0.423519,0.641647,0.566948,-0.295787,-0.992635,1.180931,-0.251751,-0.117933,-0.107192,-0.153305,0.100645,-0.978105,0.182159,0.000000,0.000000,0.000000,-1,-0.017288,-1.085297,0.028854,-0.990977,1.079968,-0.247116,188.171265,156.459549,-717.442200,0,0
186.000000,2.357045,1.415216,1.973564,-0.364722,-0.924658,-0.109475,-0.142554,-0.060737,0.987922,-0.920139,0.375923,-0.109662,-0.448798,0.594484,0.573541,-0.340910,-2.539703,3.299557,-0.725061,0.104560,0.135840,-0.110013,0.109475,-0.987922,0.109662,0.000000,0.000000,0.000000,-1,0.214035,-0.852081,-0.000351,-2.413491,3.109632,-0.658639,187.470428,153.665619,-719.112244,0,0
186.040000,1.926681,1.441256,2.468835,-0.306703,-0.944072,-0.121084,-0.080497,-0.101031,0.991621,-0.948395,0.313880,-0.045008,-0.458077,0.559169,0.583679,-0.369884,-2.926511,2.814202,-0.569679,0.027155,0.017592,-0.196208,0.121084,-0.991621,0.045008,0.000000,0.000000,0.000000,-1,0.062363,-1.036911,-0.193375,-2.778261,2.983459,-0.659367,184.316727,149.125504,-722.452271,0,0
186.080000,1.003001,1.392205,-2.839097,-0.266193,-0.952213,-0.149769,0.052921,-0.169577,0.984095,-0.962466,0.254034,0.095532,-0.449403,0.500271,0.618729,-0.406128,-2.127881,-0.845076,-0.902356,-0.048328,-0.282797,0.084820,0.149769,-0.984095,-0.095532,0.000000,0.000000,0.000000,-1,0.101440,-1.266891,-0.010712,-2.126203,-0.946032,-0.897730,184.316727,147.379303,-725.124329,0,0
186.120000,0.727625,1.305111,-2.657715,-0.362469,-0.915488,-0.174635,0.122152,-0.232427,0.964913,-0.923956,0.328419,0.196076,-0.410451,0.483210,0.669136,-0.387679,-1.830203,-2.592402,-0.263775,0.100023,-0.515312,0.447434,0.174635,-0.964913,-0.196076,0.000000,0.000000,0.000000,-1,0.274658,-1.480225,0.251358,-1.912496,-2.868657,-0.501024,186.594406,145.807724,-727.295349,0,0
186.160000,0.621985,1.282105,-2.593036,-0.402226,-0.900388,-0.165879,0.148457,-0.242927,0.958617,-0.903424,0.360955,0.231381,-0.390295,0.481643,0.684933,-0.382828,-1.225947,-1.901833,-0.023578,0.058867,-0.199464,0.516171,0.165879,-0.958617,-0.231381,0.000000,0.000000,0.000000,-1,0.166031,-1.030670,0.396835,-1.344418,-2.213712,0.021618,189.923325,144.585373,-730.802429,0,0
186.200000,0.662322,1.230792,-2.489705,-0.275139,-0.939277,-0.205080,0.202325,-0.265106,0.942753,-0.939874,0.217895,0.262980,-0.426318,0.432161,0.671421,-0.425069,-2.263024,3.114398,0.235398,-0.070635,-0.211528,0.473017,0.205080,-0.942753,-0.262980,0.000000,0.000000,0.000000,-1,-0.044281,-1.121796,0.165588,-2.261346,3.013445,0.240024,186.769608,144.934616,-732.472412,0,0
186.240000,0.545616,1.148728,-2.286659,-0.203787,-0.955656,-0.212585,0.309090,-0.268839,0.912244,-0.928942,0.120196,0.350170,-0.422753,0.382354,0.675055,-0.468387,-1.956730,1.023499,0.124449,-0.297088,0.147199,0.331600,0.212585,-0.912244,-0.350170,0.000000,0.000000,0.000000,-1,0.002563,-0.624588,-0.107208,-2.128048,0.963999,0.201000,186.769608,144.236145,-734.810486,0,0
186.280000,0.526409,1.111821,-2.234143,-0.177482,-0.958620,-0.222592,0.349079,-0.272799,0.896507,-0.920133,0.081411,0.383051,-0.421979,0.361120,0.677003,-0.482900,-1.107873,0.832484,-0.002117,0.012317,0.343574,0.242152,0.222592,-0.896507,-0.383051,0.000000,0.000000,0.000000,-1,0.273438,-0.533295,-0.098846,-1.234773,0.807868,0.004645,185.367966,141.791458,-737.816528,0,0
186.320000,0.518095,1.090792,-2.201216,-0.157295,-0.960708,-0.228687,0.373019,-0.272214,0.886993,-0.914393,0.054215,0.401181,-0.422415,0.347815,0.676515,-0.492867,-0.486652,0.455304,0.161869,0.046566,0.458328,0.379422,0.228687,-0.886993,-0.401181,0.000000,0.000000,0.000000,-1,0.266327,-0.429626,-0.051697,-0.484974,0.354353,0.166495,185.367966,141.791458,-737.816528,0,0
186.360000,0.487579,1.108283,-2.181531,-0.163168,-0.964198,-0.209039,0.365538,-0.255881,0.894934,-0.916383,0.069613,0.394203,-0.417885,0.358149,0.673285,-0.493749,0.791257,-0.850466,0.421734,0.063696,0.426657,0.303703,0.209039,-0.894934,-0.394203,0.000000,0.000000,0.000000,-1,0.251160,-0.458206,-0.093750,0.674907,-0.850735,0.401677,184.842346,143.363037,-739.653564,0,0
186.400000,0.473669,1.142628,-2.197776,-0.186057,-0.964112,-0.189398,0.336235,-0.243602,0.909728,-0.923217,0.105579,0.369492,-0.414745,0.378472,0.670662,-0.484725,1.298629,-0.860328,0.203443,0.081720,0.434828,0.282593,0.189398,-0.909728,-0.369492,0.000000,0.000000,0.000000,-1,0.257812,-0.531708,-0.101730,1.246152,-1.050282,0.244170,186.243988,141.616837,-735.979492,0,1
186.440000,0.499800,1.188889,-2.245480,-0.200955,-0.963179,-0.178612,0.291036,-0.232801,0.927956,-0.935369,0.134495,0.327103,-0.419745,0.400328,0.663487,-0.472585,1.424207,-0.215850,0.093831,0.063804,0.222725,0.139648,0.178612,-0.927956,-0.327103,0.000000,0.000000,0.000000,-1,0.247055,-0.849976,-0.219818,1.425847,-0.316832,0.098468,186.243988,141.616837,-735.979492,0,0
186.480000,0.570825,1.204666,-2.273517,-0.158842,-0.968168,-0.193439,0.273189,-0.231377,0.933720,-0.948756,0.095469,0.301245,-0.439115,0.395670,0.650282,-0.477238,-1.049604,1.096752,0.161978,-0.000492,-0.715221,-0.564569,0.193439,-0.933720,-0.301245,0.000000,0.000000,0.000000,-1,0.153564,-2.037735,-1.280075,-0.789867,1.190693,0.058645,186.944809,140.569122,-733.975464,0,0
186.520000,0.520478,1.163042,-2.203502,-0.144872,-0.969600,-0.197202,0.319789,-0.234491,0.918014,-0.936348,0.069931,0.344038,-0.431735,0.376279,0.656392,-0.491090,-1.696581,0.522692,-0.153798,-0.114270,-0.783570,-1.152528,0.197202,-0.918014,-0.344038,0.000000,0.000000,0.000000,-1,0.129669,-0.915970,-1.081696,-1.802201,0.338028,-0.099734,185.543167,140.569122,-736.647461,0,0
186.560000,0.515874,1.138968,-2.166726,-0.117448,-0.971381,-0.206460,0.346388,-0.234913,0.908202,-0.930710,0.035151,0.364065,-0.433993,0.360024,0.655062,-0.502918,-0.036481,0.811624,0.197838,0.184943,0.347320,-0.243937,0.206460,-0.908202,-0.364065,0.000000,0.000000,0.000000,-1,0.432556,-0.487289,-0.437714,-0.034840,0.710645,0.202474,187.470428,140.394501,-737.816528,0,0
186.600000,0.540807,1.137098,-2.166616,-0.094436,-0.971739,-0.216346,0.347820,-0.235828,0.907418,-0.932793,0.010443,0.360260,-0.441908,0.352969,0.650101,-0.507444,0.104945,0.386831,-0.275158,0.237466,-0.195503,0.166291,0.216346,-0.907418,-0.360261,0.000000,0.000000,0.000000,-1,0.474091,-1.235001,-0.053879,0.026949,0.267874,-0.239779,187.996048,139.521393,-738.317505,0,0
186.640000,0.563733,1.130684,-2.179883,-0.087102,-0.969839,-0.227653,0.349426,-0.243746,0.904704,-0.932906,-0.000746,0.360118,-0.446241,0.347577,0.650186,-0.507265,-0.209699,0.397447,-0.262165,0.196587,-0.107366,0.476482,0.227653,-0.904704,-0.360118,0.000000,0.000000,0.000000,-1,0.318115,-0.845001,-0.267776,-0.241070,0.245573,-0.261190,186.944809,140.219879,-738.651489,0,0
186.680000,0.577282,1.140203,-2.255774,-0.146067,-0.962690,-0.227801,0.323256,-0.264077,0.908718,-0.934971,0.059095,0.349768,-0.438247,0.364768,0.663308,-0.484671,0.803743,-3.152640,-0.604085,-0.002474,0.019161,0.401633,0.227801,-0.908718,-0.349768,0.000000,0.000000,0.000000,-1,0.356812,-0.868454,0.254639,0.805384,-3.253616,-0.599448,188.521667,141.442215,-740.154541,0,0
186.720000,0.585876,1.180963,-2.381209,-0.251246,-0.944839,-0.210132,0.261920,-0.275362,0.924972,-0.931812,0.177358,0.316655,-0.420553,0.405964,0.678834,-0.444423,2.293328,0.118860,-0.124690,0.207562,-0.087525,0.553991,0.210132,-0.924972,-0.316655,0.000000,0.000000,0.000000,-1,0.340271,-1.068283,0.168839,1.905938,-0.882354,-0.192539,190.974548,141.092972,-740.488525,0,0
186.760000,0.711616,1.255601,-2.499384,-0.234544,-0.950791,-0.202450,0.185681,-0.248242,0.950736,-0.954207,0.185398,0.234767,-0.441285,0.433455,0.655277,-0.433584,2.540034,-0.574067,0.879868,-0.553600,-0.227655,0.408992,0.202450,-0.950736,-0.234767,0.000000,0.000000,0.000000,-1,-0.351151,-1.178391,0.174225,2.812822,-0.026373,0.762649,192.376205,143.188416,-736.146484,0,0
186.800000,0.671136,1.300341,-2.567233,-0.331875,-0.928576,-0.166147,0.145153,-0.224301,0.963649,-0.932089,0.295694,0.209225,-0.413280,0.473906,0.664342,-0.404058,0.747090,-2.365054,0.001425,-0.285806,-0.189000,0.078122,0.166147,-0.963649,-0.209225,0.000000,0.000000,0.000000,-1,-0.005066,-1.098419,-0.142441,0.748726,-2.466031,0.006068,191.324966,143.537659,-737.148499,0,0
186.840000,0.689290,1.339855,-2.636775,-0.376009,-0.915109,-0.145574,0.110704,-0.200343,0.973451,-0.919979,0.349911,0.176637,-0.402398,0.499757,0.662003,-0.387390,1.543491,-0.865056,0.564540,0.032892,-0.002806,0.123369,0.145574,-0.973451,-0.176637,0.000000,0.000000,0.000000,-1,0.149109,-0.958160,0.004044,1.420433,-1.093342,0.514755,194.128265,142.839172,-736.146484,0,0
186.880000,0.845995,1.407452,-2.823634,-0.398828,-0.908909,-0.121742,0.050839,-0.154468,0.986689,-0.915616,0.387330,0.107815,-0.402438,0.533044,0.644420,-0.372330,1.813894,-0.680916,0.338411,-0.104530,0.140589,0.288784,0.121742,-0.986689,-0.107815,0.000000,0.000000,0.000000,-1,-0.002487,-0.813446,0.209106,1.884921,-0.766938,0.415619,190.974548,143.886902,-735.812500,0,0
186.920000,1.157635,1.442514,3.119562,-0.421418,-0.899266,-0.117166,-0.002818,-0.127899,0.991783,-0.906862,0.418285,0.051365,-0.404696,0.557260,0.632590,-0.354277,0.933602,-0.254215,-0.027177,-0.116098,0.165474,0.189152,0.117166,-0.991783,-0.051365,0.000000,0.000000,0.000000,-1,-0.012207,-0.879745,0.069519,0.935238,-0.355189,-0.022534,191.500168,144.410767,-732.305420,0,0
186.960000,1.460063,1.456075,2.858854,-0.381575,-0.917310,-0.113768,-0.031935,-0.109924,0.993427,-0.923786,0.382700,0.012650,-0.422995,0.561026,0.613219,-0.360954,0.830841,1.898346,0.195068,-0.130111,0.021381,-0.053802,0.113768,-0.993427,-0.012650,0.000000,0.000000,0.000000,-1,0.011917,-0.997620,-0.073959,0.786585,1.637259,0.186047,192.376205,144.236145,-731.470398,0,0
187.000000,1.928181,1.459606,2.468795,-0.306604,-0.946144,-0.103950,-0.069148,-0.086780,0.993825,-0.949322,0.311899,-0.038817,-0.452491,0.560946,0.581929,-0.376762,1.037894,1.366180,0.233481,-0.081123,0.070775,-0.058333,0.103950,-0.993825,0.038817,0.000000,0.000000,0.000000,-1,0.022827,-0.923050,-0.019516,1.039531,1.265207,0.238124,191.675385,144.585373,-729.466370,0,0
187.040000,2.244642,1.450117,2.175069,-0.283840,-0.954246,-0.094073,-0.099068,-0.068399,0.992727,-0.953740,0.291096,-0.075121,-0.463595,0.568014,0.565048,-0.378365,1.214946,0.363331,0.306261,-0.071445,0.096060,-0.119402,0.094073,-0.992727,0.075121,0.000000,0.000000,0.000000,-1,0.035995,-0.870667,-0.056046,1.216582,0.262359,0.310904,190.098526,144.061523,-728.297363,0,0
187.080000,2.512833,1.424251,1.886531,-0.301946,-0.949449,-0.085882,-0.138804,-0.045342,0.989281,-0.943166,0.310631,-0.118096,-0.464083,0.586238,0.554345,-0.365587,1.282682,-1.153911,0.252794,-0.037313,0.087472,-0.206994,0.085882,-0.989281,0.118096,0.000000,0.000000,0.000000,-1,0.071777,-0.920883,-0.090805,1.299430,-1.053413,0.276572,189.572906,146.680817,-724.790283,0,0
187.120000,2.624258,1.387710,1.710091,-0.360913,-0.928242,-0.090043,-0.180302,-0.025279,0.983286,-0.915004,0.371116,-0.158240,-0.453488,0.611121,0.554065,-0.337479,1.047684,-1.454303,0.021658,0.016021,-0.010290,-0.252036,0.090043,-0.983286,0.158241,0.000000,0.000000,0.000000,-1,0.106064,-0.993576,-0.093796,1.090782,-1.662322,0.047602,190.273727,145.633102,-725.792358,0,0
187.160000,2.638360,1.359711,1.650455,-0.400351,-0.910774,-0.101044,-0.208857,-0.016672,0.977804,-0.892243,0.412569,-0.183547,-0.447177,0.625944,0.555310,-0.316002,0.356803,-0.717622,-0.080423,-0.202835,-0.103647,-0.125197,0.101044,-0.977804,0.183547,0.000000,0.000000,0.000000,-1,-0.149414,-1.056503,0.083572,0.358439,-0.818591,-0.075780,193.077026,146.331573,-726.126343,0,0
187.200000,2.636582,1.354166,1.611337,-0.436650,-0.893601,-0.103992,-0.214764,-0.008712,0.976627,-0.873621,0.448778,-0.188109,-0.435939,0.635619,0.560636,-0.302708,0.087364,-1.282303,0.197407,-0.254688,-0.010983,-0.095565,0.103992,-0.976627,0.188109,0.000000,0.000000,0.000000,-1,-0.131226,-0.996353,0.093842,0.122030,-1.260295,0.195812,192.025787,148.077774,-724.790283,0,0
187.240000,2.612499,1.355626,1.565611,-0.497581,-0.860696,-0.107771,-0.213511,0.001107,0.976940,-0.840729,0.509117,-0.184319,-0.414014,0.648654,0.572747,-0.282492,0.224320,-1.504954,0.191584,-0.071669,-0.320362,-0.073296,0.107771,-0.976940,0.184319,0.000000,0.000000,0.000000,-1,0.036102,-1.297302,0.111023,0.225956,-1.605922,0.196227,192.025787,147.030060,-727.128357,0,0
187.280000,2.616352,1.350908,1.523244,-0.529921,-0.840965,-0.109370,-0.217874,0.010368,0.975922,-0.819582,0.540990,-0.188718,-0.402626,0.657459,0.576809,-0.270060,0.252220,-1.056520,0.167978,-0.089335,-0.389618,-0.185453,0.109370,-0.975922,0.188718,0.000000,0.000000,0.000000,-1,-0.053024,-1.380524,-0.000443,0.253856,-1.157488,0.172621,194.128265,146.331573,-728.130371,0,0
187.320000,2.628832,1.363004,1.480204,-0.556897,-0.824392,-0.101208,-0.205454,0.018664,0.978489,-0.804770,0.565711,-0.179768,-0.388654,0.662444,0.582766,-0.265517,-0.555541,0.419352,0.215960,-0.293987,-0.186718,-0.093770,0.101208,-0.978489,0.179768,0.000000,0.000000,0.000000,-1,-0.185043,-1.142029,0.142670,-0.409176,-0.090673,0.341054,193.602646,147.204681,-729.633423,0,1
187.360000,2.461455,1.407325,1.722213,-0.496141,-0.862188,-0.102350,-0.160882,-0.024548,0.986668,-0.853206,0.505993,-0.126531,-0.404641,0.632085,0.590372,-0.296976,-1.950570,2.418849,-0.514844,0.125525,0.022053,-0.114752,0.102350,-0.986668,0.126531,0.000000,0.000000,0.000000,-1,0.227875,-0.964615,0.011780,-1.948935,2.317884,-0.510201,194.478668,147.728546,-730.134399,0,0
187.400000,2.097639,1.436620,2.190683,-0.405146,-0.906910,-0.115635,-0.108885,-0.077715,0.991012,-0.907745,0.414096,-0.067263,-0.430067,0.590486,0.594895,-0.335364,-2.614184,3.646109,-0.817293,0.186047,0.090774,-0.163378,0.115634,-0.991012,0.067263,0.000000,0.000000,0.000000,-1,0.234207,-0.911194,-0.147644,-2.612547,3.545144,-0.812649,193.777847,146.331573,-730.802429,0,0
187.440000,1.397532,1.437428,2.979278,-0.327903,-0.935587,-0.130982,-0.021489,-0.131226,0.991120,-0.944467,0.327806,0.022924,-0.441701,0.541699,0.608698,-0.375432,-2.878826,1.123631,-0.284971,-0.119050,-0.068023,-0.028696,0.130982,-0.991120,-0.022924,0.000000,0.000000,0.000000,-1,0.031952,-1.081985,-0.020508,-2.923691,1.445654,-0.283841,192.901825,146.156952,-732.973450,0,0
187.480000,0.869915,1.372016,-2.791076,-0.348409,-0.925113,-0.150924,0.067809,-0.185466,0.980308,-0.934887,0.331314,0.127349,-0.421221,0.508820,0.644442,-0.385186,-2.352977,-1.677387,-0.955714,0.037171,-0.338494,0.145507,0.150924,-0.980308,-0.127349,0.000000,0.000000,0.000000,-1,0.260223,-1.401291,0.079346,-2.404861,-1.462243,-0.819996,192.551407,146.156952,-736.981506,0,0
187.520000,0.624127,1.284423,-2.640709,-0.442596,-0.881396,-0.165075,0.135645,-0.247775,0.959275,-0.886403,0.402179,0.229221,-0.379460,0.491325,0.692747,-0.367032,-1.532531,-1.771619,-0.173989,0.125376,-0.224411,0.538394,0.165075,-0.959275,-0.229221,0.000000,0.000000,0.000000,-1,0.284851,-1.120087,0.534058,-1.530929,-1.872613,-0.169335,195.004288,145.109238,-740.989563,0,0
187.560000,0.625178,1.265409,-2.625623,-0.429911,-0.885559,-0.175960,0.148340,-0.261520,0.953731,-0.890602,0.383918,0.243795,-0.383345,0.480780,0.695562,-0.371606,-0.427060,2.459581,-0.255265,0.036702,-0.028767,0.594869,0.175960,-0.953731,-0.243795,0.000000,0.000000,0.000000,-1,0.181091,-1.032547,0.302231,-0.173091,1.679997,-0.289687,196.756348,145.458481,-742.659546,0,0
187.600000,0.609494,1.193629,-2.477244,-0.317417,-0.924553,-0.210828,0.227067,-0.289960,0.929712,-0.920699,0.247234,0.301974,-0.409442,0.425876,0.690896,-0.416712,-2.584350,1.729668,0.150491,-0.242871,-0.015372,0.329684,0.210828,-0.929712,-0.301974,0.000000,0.000000,0.000000,-1,-0.032043,-0.945084,0.027710,-2.582748,1.628675,0.155145,194.829086,145.982346,-743.160583,0,0
187.640000,0.522474,1.124099,-2.343351,-0.282548,-0.934716,-0.215573,0.309360,-0.301514,0.901879,-0.907999,0.188134,0.374356,-0.401438,0.389448,0.699718,-0.444492,-1.650980,0.709608,0.050136,-0.073194,0.297738,0.230405,0.215573,-0.901879,-0.374356,0.000000,0.000000,0.000000,-1,0.193329,-0.567459,-0.158157,-1.649377,0.608616,0.054790,194.829086,148.427017,-744.162598,0,0
187.680000,0.511901,1.087642,-2.300785,-0.258145,-0.938922,-0.227565,0.346193,-0.309807,0.885534,-0.901949,0.149815,0.405023,-0.402069,0.368550,0.702313,-0.457458,-0.454911,0.485989,0.094339,0.093083,0.366903,0.336694,0.227565,-0.885534,-0.405023,0.000000,0.000000,0.000000,-1,0.324738,-0.498825,-0.041275,-0.540702,0.367953,0.045784,196.230728,146.680817,-746.834656,0,0
187.720000,0.505889,1.086510,-2.281661,-0.245771,-0.942707,-0.225612,0.352813,-0.303784,0.885008,-0.902840,0.137910,0.407261,-0.403346,0.365625,0.699431,-0.463062,0.098193,-0.083061,0.278026,-0.003490,0.414167,0.234317,0.225612,-0.885007,-0.407261,0.000000,0.000000,0.000000,-1,0.222122,-0.470840,-0.172943,0.099795,-0.184051,0.282680,194.653885,148.252396,-748.671631,0,0
187.760000,0.479441,1.102620,-2.271236,-0.266794,-0.942908,-0.199363,0.338487,-0.285358,0.896659,-0.902357,0.171742,0.395294,-0.394737,0.382800,0.697755,-0.459114,0.869178,-1.088807,0.532550,-0.021552,0.373435,0.216644,0.199363,-0.896659,-0.395294,0.000000,0.000000,0.000000,-1,0.177811,-0.523224,-0.178650,0.870780,-1.189796,0.537204,193.602646,147.204681,-748.003662,0,1
187.800000,0.438361,1.171303,-2.291552,-0.303766,-0.938334,-0.165093,0.292223,-0.256690,0.921258,-0.906825,0.231603,0.352176,-0.387539,0.416803,0.691490,-0.444893,1.490298,-0.943929,0.279332,0.037422,0.359887,0.126605,0.165093,-0.921258,-0.352176,0.000000,0.000000,0.000000,-1,0.203552,-0.592438,-0.246567,1.465382,-1.102127,0.312193,193.602646,147.204681,-748.003662,0,0
187.840000,0.503013,1.214299,-2.361380,-0.304945,-0.937392,-0.168239,0.245493,-0.248052,0.937125,-0.920186,0.244470,0.305766,-0.399169,0.433338,0.681682,-0.433811,0.449588,1.003753,-0.365792,0.042882,0.082175,-0.032079,0.168239,-0.937125,-0.305766,0.000000,0.000000,0.000000,-1,0.171875,-1.102173,-0.481125,0.451190,0.902765,-0.361138,194.829086,146.680817,-747.502625,0,0
187.880000,0.523325,1.206766,-2.343706,-0.270446,-0.946149,-0.177937,0.254885,-0.248597,0.934469,-0.928382,0.207370,0.308391,-0.409194,0.422332,0.675913,-0.444226,-0.685231,0.874480,0.401475,-0.133687,-0.893839,-0.779560,0.177937,-0.934469,-0.308391,0.000000,0.000000,0.000000,-1,0.001312,-1.796097,-1.469894,-0.683629,0.773493,0.406129,194.303467,148.601639,-744.997620,0,0
187.920000,0.475891,1.169208,-2.280673,-0.259500,-0.948995,-0.179074,0.296460,-0.254753,0.920441,-0.919114,0.185766,0.347448,-0.402432,0.405370,0.682221,-0.456398,-0.533725,0.248088,-0.177094,0.036593,0.009904,-0.720530,0.179074,-0.920441,-0.347448,0.000000,0.000000,0.000000,-1,0.294022,-0.758881,-0.905960,-0.750144,0.080298,-0.177181,192.726608,147.728546,-746.500610,0,0
187.960000,0.475711,1.171892,-2.263596,-0.243055,-0.953563,-0.177880,0.298866,-0.248075,0.921487,-0.922824,0.170810,0.345283,-0.406121,0.403019,0.677572,-0.462102,-0.254246,0.699338,0.260296,0.376747,0.159661,0.386863,0.177880,-0.921487,-0.345283,0.000000,0.000000,0.000000,-1,0.554626,-0.761826,0.041580,-0.252644,0.598353,0.264950,193.602646,147.903152,-747.669678,0,0
188.000000,0.511243,1.159624,-2.266317,-0.214542,-0.956939,-0.195550,0.306846,-0.256112,0.916653,-0.927263,0.136657,0.348580,-0.416230,0.390465,0.674395,-0.468488,-0.128703,1.111879,-0.367352,0.350348,-0.276432,0.379418,0.195550,-0.916653,-0.348580,0.000000,0.000000,0.000000,-1,0.498108,-1.108398,0.053345,-0.127101,1.010895,-0.362698,193.953049,149.300125,-746.667603,0,0
188.040000,0.553848,1.149603,-2.296566,-0.205459,-0.954748,-0.215040,0.305815,-0.271358,0.912602,-0.929658,0.121740,0.347729,-0.423724,0.382875,0.675379,-0.466613,0.283655,-1.055432,-0.530183,-0.191618,-0.062389,-0.192706,0.215040,-0.912602,-0.347729,0.000000,0.000000,0.000000,-1,0.068283,-0.905624,-0.309021,0.053242,-0.673843,-0.406013,193.953049,149.300125,-746.667603,0,0
188.080000,0.520747,1.172014,-2.404592,-0.334197,-0.922492,-0.193188,0.260962,-0.287528,0.921535,-0.905655,0.257559,0.336827,-0.392589,0.421261,0.699741,-0.422818,0.992115,-3.693111,-0.453757,0.226215,0.240810,0.724842,0.193188,-0.921535,-0.336827,0.000000,0.000000,0.000000,-1,0.419403,-0.680725,0.388016,0.993714,-3.794095,-0.449101,193.602646,148.601639,-746.333618,0,0
188.120000,0.683843,1.236044,-2.629309,-0.383155,-0.900062,-0.207561,0.161038,-0.286361,0.944492,-0.909538,0.328461,0.254665,-0.402660,0.458838,0.693574,-0.382475,2.511241,0.056308,-0.143894,-0.197887,-0.197430,0.558955,0.207561,-0.944492,-0.254665,0.000000,0.000000,0.000000,-1,0.009674,-1.141922,0.304291,2.512796,-0.044696,-0.139185,195.705109,152.443283,-748.003662,0,0
188.160000,0.971677,1.333159,-2.915203,-0.369369,-0.908720,-0.194407,0.052839,-0.229400,0.971897,-0.927779,0.348716,0.132750,-0.426404,0.501802,0.657936,-0.365370,1.463968,-1.364182,0.702696,-0.474482,-0.391049,0.465544,0.194407,-0.971897,-0.132750,0.000000,0.000000,0.000000,-1,-0.515274,-1.397400,-0.149261,2.020906,-0.850282,0.688935,195.705109,152.443283,-748.003662,0,0
188.200000,0.962288,1.350909,-2.991512,-0.445493,-0.877215,-0.178968,0.032613,-0.215668,0.975922,-0.894691,0.428930,0.124687,-0.401711,0.525628,0.668178,-0.340414,0.780101,-2.275374,-0.307887,-0.315137,-0.021515,-0.058403,0.178968,-0.975922,-0.124687,0.000000,0.000000,0.000000,-1,-0.136169,-0.997437,-0.183090,0.781656,-2.376377,-0.303177,194.303467,151.395554,-745.999634,0,0
188.240000,1.121756,1.385672,3.072628,-0.494087,-0.853453,-0.165821,-0.012684,-0.183631,0.982913,-0.869320,0.487748,0.079904,-0.390397,0.554651,0.662877,-0.317091,1.776706,-0.827812,0.636196,-0.034321,0.060626,0.129206,0.165821,-0.982913,-0.079904,0.000000,0.000000,0.000000,-1,0.131500,-0.922287,0.049301,1.778261,-0.928813,0.640906,195.354706,151.046326,-744.329590,0,0
188.280000,1.475669,1.422381,2.680158,-0.523398,-0.839277,-0.147203,-0.065837,-0.132406,0.989007,-0.849541,0.527336,0.014045,-0.385669,0.586717,0.646113,-0.299266,1.197696,-0.746892,0.165667,-0.064729,0.182229,0.143348,0.147203,-0.989007,-0.014045,0.000000,0.000000,0.000000,-1,0.112045,-0.822266,0.138504,1.322689,-0.865866,0.203136,195.354706,151.046326,-744.329590,0,0
188.320000,1.669170,1.426671,2.476219,-0.530734,-0.835399,-0.142933,-0.088669,-0.112990,0.989632,-0.842888,0.537905,-0.014106,-0.386123,0.598300,0.638282,-0.292477,0.713490,0.349260,0.101170,-0.078495,0.079750,-0.038337,0.142933,-0.989632,0.014106,0.000000,0.000000,0.000000,-1,0.064438,-0.909882,-0.024231,0.715044,0.248260,0.105880,193.077026,150.522461,-742.826599,0,0
188.360000,1.863638,1.425411,2.310677,-0.505023,-0.851888,-0.138706,-0.106996,-0.097674,0.989450,-0.862582,0.503075,-0.053547,-0.403883,0.603036,0.618629,-0.300874,1.013149,1.456147,0.115210,-0.146445,0.009623,-0.153599,0.136832,-0.989146,0.053547,0.000000,0.000000,0.000000,-1,-0.009613,-0.979523,-0.100052,1.014703,1.355147,0.119919,192.551407,153.141754,-741.991577,0,0
188.400000,2.274919,1.401139,1.953314,-0.455310,-0.880983,-0.128690,-0.156642,-0.063023,0.985643,-0.876445,0.468931,-0.109304,-0.423384,0.612697,0.593512,-0.305108,1.128369,0.446871,0.145088,-0.186124,0.069078,-0.102377,0.128690,-0.985643,0.109304,0.000000,0.000000,0.000000,-1,-0.060410,-0.911880,0.038483,1.129957,0.463533,0.134374,192.551407,154.189484,-740.655518,0,0
188.440000,2.496009,1.368259,1.729096,-0.456083,-0.881669,-0.121028,-0.198640,-0.031710,0.979559,-0.867485,0.470801,-0.160673,-0.429039,0.629493,0.576004,-0.296452,1.122567,-0.416071,0.192659,-0.120326,0.086462,-0.228284,0.121028,-0.979559,0.160673,0.000000,0.000000,0.000000,-1,0.000702,-0.893097,-0.067612,1.124122,-0.517068,0.197368,191.675385,151.919418,-738.818542,0,0
188.480000,2.553529,1.353408,1.655346,-0.469497,-0.874790,-0.119649,-0.214910,-0.018214,0.976464,-0.856380,0.484160,-0.179450,-0.426663,0.638501,0.571896,-0.288461,1.022307,-0.861336,0.189384,-0.042211,0.061730,-0.308997,0.119649,-0.976464,0.179450,0.000000,0.000000,0.000000,-1,0.149124,-0.976822,-0.142075,1.023828,-0.962364,0.194101,192.200989,154.189484,-737.983521,0,0
188.520000,2.610185,1.317209,1.549612,-0.508692,-0.851510,-0.127132,-0.250822,0.005314,0.968019,-0.823602,0.524311,-0.216281,-0.419009,0.657702,0.567251,-0.264736,0.508834,-0.903089,-0.073888,-0.041286,-0.074950,-0.214709,0.127132,-0.968019,0.216281,0.000000,0.000000,0.000000,-1,0.023483,-1.041504,0.081436,0.549762,-0.994548,-0.052629,192.200989,154.189484,-737.983521,0,0
188.560000,2.608258,1.304612,1.523492,-0.530673,-0.836959,-0.133738,-0.262758,0.012439,0.964782,-0.805819,0.547124,-0.226518,-0.413342,0.665137,0.568268,-0.252610,0.301232,-0.693984,0.091269,-0.215921,-0.102937,-0.124178,0.133738,-0.964782,0.226518,0.000000,0.000000,0.000000,-1,-0.082184,-1.067719,0.102341,0.302753,-0.795010,0.095986,191.324966,155.761063,-739.820557,0,0
188.600000,2.608298,1.306249,1.487254,-0.560834,-0.817188,-0.132926,-0.260560,0.021819,0.965211,-0.785858,0.575958,-0.225163,-0.400784,0.672275,0.573117,-0.242807,-0.053560,-1.188833,0.275053,-0.272345,-0.001723,-0.096257,0.132926,-0.965211,0.225163,0.000000,0.000000,0.000000,-1,-0.121536,-0.991180,0.143036,-0.052039,-1.289858,0.279770,192.376205,154.713348,-739.820557,0,0
188.640000,2.584599,1.310180,1.432001,-0.623312,-0.770018,-0.136217,-0.255198,0.035650,0.966231,-0.739160,0.637025,-0.218728,-0.374088,0.685144,0.585007,-0.220006,0.355507,-1.866196,0.345935,0.034956,-0.299653,-0.234200,0.136217,-0.966231,0.218728,0.000000,0.000000,0.000000,-1,0.171173,-1.265884,-0.015472,0.277176,-2.070076,0.341359,192.376205,154.713348,-739.820557,0,0
188.680000,2.571712,1.302726,1.391258,-0.662253,-0.735526,-0.142906,-0.260614,0.047299,0.964284,-0.702497,0.675843,-0.223012,-0.358281,0.695084,0.589903,-0.201267,-0.028187,-1.065310,-0.071492,-0.185173,-0.379192,-0.180120,0.142906,-0.964284,0.223012,0.000000,0.000000,0.000000,-1,-0.042267,-1.343475,0.042892,-0.026666,-1.166334,-0.066775,192.551407,153.490997,-739.987549,0,0
188.720000,2.551622,1.311439,1.409550,-0.664163,-0.733846,-0.142678,-0.253132,0.041174,0.966555,-0.703428,0.678067,-0.213106,-0.356289,0.692540,0.593692,-0.202425,-0.606882,0.947061,-0.005054,-0.377968,-0.294538,-0.157625,0.142678,-0.966555,0.213106,0.000000,0.000000,0.000000,-1,-0.262909,-1.159348,0.085861,-0.605361,0.846038,-0.000337,191.324966,154.713348,-741.824585,0,1
188.760000,2.416270,1.351522,1.630285,-0.601859,-0.785457,-0.144299,-0.217137,-0.012932,0.976056,-0.768516,0.618780,-0.162768,-0.378762,0.661758,0.602500,-0.235818,-2.182168,2.481460,-0.511583,-0.002209,0.094464,-0.158786,0.144299,-0.976056,0.162768,0.000000,0.000000,0.000000,-1,0.142090,-0.881592,0.003983,-1.986113,2.067764,-0.450158,192.901825,154.189484,-741.323547,0,0
188.800000,1.958871,1.400176,2.234203,-0.485696,-0.859883,-0.157168,-0.133780,-0.104560,0.985480,-0.863830,0.499669,-0.064251,-0.413254,0.601121,0.617658,-0.293894,-2.738413,2.159163,-0.498678,-0.058474,-0.031885,-0.142269,0.157168,-0.985480,0.064251,0.000000,0.000000,0.000000,-1,0.098694,-1.017365,-0.078018,-2.736889,2.058144,-0.493962,192.726608,155.062576,-741.490540,0,0
188.840000,1.665031,1.405176,2.547728,-0.471477,-0.866470,-0.164133,-0.092253,-0.136637,0.986316,-0.877040,0.480167,-0.015513,-0.412514,0.581024,0.630992,-0.306746,-2.486644,0.003914,-0.393864,-0.172372,-0.109585,0.000143,0.164133,-0.986316,0.015513,0.000000,0.000000,0.000000,-1,0.023651,-1.155914,0.021942,-2.485119,-0.097105,-0.389148,194.303467,155.935684,-743.661621,0,0
188.880000,0.974656,1.344069,-3.111296,-0.536770,-0.822968,-0.186016,0.006809,-0.224687,0.974407,-0.843701,0.521766,0.126209,-0.374736,0.544489,0.686962,-0.301973,-2.252843,-1.790298,-0.618106,-0.032314,-0.338398,0.197666,0.186016,-0.974407,-0.126209,0.000000,0.000000,0.000000,-1,0.230118,-1.373932,0.182617,-2.351287,-1.963402,-0.606645,193.953049,155.237198,-747.001648,0,0
188.920000,0.845188,1.299162,-2.993520,-0.550008,-0.810681,-0.200719,0.039584,-0.265370,0.963334,-0.834221,0.521896,0.178046,-0.366509,0.525973,0.705943,-0.301109,-0.384761,1.455347,-0.414008,0.105174,-0.114501,0.742651,0.200719,-0.963334,-0.178046,0.000000,0.000000,0.000000,-1,0.305893,-1.077835,0.564606,-0.383237,1.354329,-0.409292,193.602646,155.935684,-748.671631,0,0
188.960000,0.920166,1.276525,-2.969045,-0.465951,-0.854182,-0.230788,0.049798,-0.285736,0.957014,-0.883408,0.434428,0.175676,-0.401282,0.501133,0.694147,-0.325572,-1.962400,2.931577,-0.119269,-0.037535,0.058103,0.374345,0.230788,-0.957014,-0.175676,0.000000,0.000000,0.000000,-1,0.110718,-0.961838,0.248169,-1.960875,2.830560,-0.114553,193.777847,157.856506,-748.170654,0,0
189.000000,0.754729,1.192784,-2.681764,-0.370217,-0.893872,-0.252849,0.163793,-0.330738,0.929400,-0.914391,0.302665,0.268854,-0.415832,0.438926,0.701749,-0.376796,-2.543891,1.069376,0.280610,-0.306819,0.054858,0.057535,0.252849,-0.929400,-0.268854,0.000000,0.000000,0.000000,-1,-0.053970,-0.874542,-0.211319,-2.736760,1.351042,0.251703,195.004288,155.586441,-748.003662,0,0
189.040000,0.673242,1.151459,-2.575064,-0.354007,-0.900127,-0.253871,0.218523,-0.343545,0.913359,-0.909355,0.267859,0.318315,-0.409641,0.415977,0.709906,-0.393943,-1.131256,0.366138,0.054407,0.006856,0.185622,0.287767,0.253871,-0.913359,-0.318315,0.000000,0.000000,0.000000,-1,0.260727,-0.727737,-0.030548,-1.129732,0.265123,0.059123,195.529907,158.554977,-750.174683,0,0
189.080000,0.622910,1.130680,-2.500102,-0.334893,-0.908882,-0.248555,0.254941,-0.341349,0.904702,-0.907112,0.239612,0.346027,-0.406334,0.402342,0.711032,-0.409202,-0.653620,0.374097,0.407579,-0.049763,0.430886,0.361560,0.248555,-0.904702,-0.346027,0.000000,0.000000,0.000000,-1,0.180237,-0.429779,-0.057663,-0.652096,0.273083,0.412295,195.880325,157.856506,-751.176697,0,0
189.120000,0.579669,1.140204,-2.460804,-0.336851,-0.913377,-0.228635,0.262720,-0.324359,0.908719,-0.904163,0.246036,0.349223,-0.399464,0.407207,0.708949,-0.414733,0.467595,-0.488806,0.468257,-0.025678,0.511929,0.209803,0.228635,-0.908719,-0.349223,0.000000,0.000000,0.000000,-1,0.202957,-0.396790,-0.139420,0.355352,-0.558028,0.464510,194.478668,157.158020,-750.174683,0,0
189.160000,0.572641,1.184183,-2.479889,-0.354714,-0.912379,-0.204308,0.231685,-0.297475,0.926191,-0.905814,0.281198,0.316904,-0.395556,0.430214,0.701622,-0.407650,1.205968,-0.449793,0.317405,-0.037346,0.490019,0.111352,0.204308,-0.926191,-0.316904,0.000000,0.000000,0.000000,-1,0.166962,-0.436172,-0.205551,1.207492,-0.550806,0.322121,194.653885,157.681885,-752.011719,0,1
189.200000,0.612092,1.218463,-2.526215,-0.356996,-0.912819,-0.198281,0.199208,-0.281784,0.938570,-0.912617,0.295567,0.282437,-0.400734,0.445190,0.693040,-0.401141,1.208850,0.335458,0.074493,-0.051355,0.292925,0.043667,0.198281,-0.938570,-0.282437,0.000000,0.000000,0.000000,-1,0.147690,-0.775909,-0.288239,1.210374,0.234446,0.079208,193.252228,155.935684,-751.343689,0,0
189.240000,0.687580,1.232500,-2.556571,-0.313660,-0.925878,-0.210634,0.183270,-0.276689,0.943321,-0.931681,0.257279,0.256472,-0.420285,0.441729,0.679489,-0.408082,-0.622158,1.126440,0.137908,-0.057711,-1.019524,-0.920163,0.210634,-0.943321,-0.256472,0.000000,0.000000,0.000000,-1,0.152924,-1.962845,-1.176636,-0.351869,1.087878,0.071301,194.128265,155.411819,-749.840698,0,0
189.280000,0.637710,1.180823,-2.461516,-0.278428,-0.933408,-0.226333,0.239067,-0.295586,0.924919,-0.930228,0.203415,0.305447,-0.421815,0.411520,0.685467,-0.427619,-1.105624,0.588330,-0.243656,0.007416,-0.065071,-0.900105,0.226333,-0.924919,-0.305447,0.000000,0.000000,0.000000,-1,0.233749,-0.989990,-1.205551,-1.104100,0.487320,-0.238940,196.405945,155.586441,-748.671631,0,0
189.320000,0.634172,1.169587,-2.435526,-0.259049,-0.937737,-0.231394,0.253395,-0.297163,0.920590,-0.932033,0.179844,0.314597,-0.425299,0.402271,0.683888,-0.435427,-0.315802,0.920890,0.222684,0.149175,0.343258,-0.163216,0.231394,-0.920590,-0.314597,0.000000,0.000000,0.000000,-1,0.384155,-0.562714,-0.266205,-0.314278,0.819880,0.227399,196.055527,156.634155,-750.675659,0,0
189.360000,0.644108,1.155786,-2.379418,-0.198969,-0.949627,-0.242115,0.278408,-0.291649,0.915112,-0.939628,0.114672,0.322413,-0.438824,0.382396,0.673244,-0.456014,-0.361935,1.277903,0.038622,-0.009602,0.192944,0.251215,0.242115,-0.915112,-0.322413,0.000000,0.000000,0.000000,-1,0.275620,-0.883698,-0.096588,-0.545180,1.284029,0.081057,194.478668,155.761063,-748.504639,0,0
189.400000,0.686947,1.171796,-2.395894,-0.171510,-0.953878,-0.246377,0.263590,-0.285395,0.921450,-0.949265,0.093095,0.300380,-0.450973,0.382666,0.662813,-0.459204,0.478993,-0.353265,0.361149,-0.012185,-0.209577,-0.072255,0.246377,-0.921450,-0.300380,0.000000,0.000000,0.000000,-1,0.234192,-1.131027,-0.372635,0.480517,-0.454273,0.365864,195.880325,155.411819,-748.838684,0,0
189.440000,0.637375,1.186334,-2.435076,-0.253165,-0.941324,-0.223194,0.243485,-0.285282,0.927000,-0.936281,0.180339,0.301422,-0.427404,0.408185,0.678209,-0.436742,0.933010,-4.674824,-0.440223,0.009533,-0.435396,-0.081070,0.223194,-0.927000,-0.301422,0.000000,0.000000,0.000000,-1,0.501541,-1.466492,0.139404,0.934534,-4.775832,-0.435508,194.478668,154.364105,-749.172668,0,0
189.480000,0.548310,1.231626,-2.502169,-0.391483,-0.903696,-0.173421,0.198536,-0.266976,0.943031,-0.898512,0.334750,0.283932,-0.384565,0.458414,0.696848,-0.395435,1.054406,-2.643773,0.035384,0.371119,0.326759,0.612302,0.173421,-0.943031,-0.283932,0.000000,0.000000,0.000000,-1,0.472977,-0.414032,0.284851,1.133872,-2.815676,0.151258,193.953049,154.887955,-750.675659,0,0
189.520000,0.698144,1.281031,-2.680315,-0.411797,-0.892575,-0.183664,0.127175,-0.255864,0.958311,-0.902358,0.371272,0.218877,-0.395345,0.484008,0.686757,-0.371220,2.331451,0.942330,-0.372496,-0.137995,0.132872,0.751150,0.183664,-0.958311,-0.218877,0.000000,0.000000,0.000000,-1,0.045670,-0.825439,0.532272,2.332943,0.841294,-0.367773,195.179504,155.761063,-750.842712,0,0
189.560000,0.899156,1.335021,-2.885582,-0.409251,-0.893911,-0.182860,0.059152,-0.225983,0.972334,-0.910503,0.387112,0.145361,-0.409687,0.509389,0.667195,-0.357116,2.464135,-0.620659,0.174528,-0.514952,-0.387774,0.476080,0.182860,-0.972334,-0.145361,0.000000,0.000000,0.000000,-1,-0.636261,-1.618591,-0.286835,2.465626,-0.721694,0.179251,193.602646,156.284927,-749.005676,0,0
189.600000,0.982251,1.366840,-3.104612,-0.524658,-0.834478,-0.168467,0.007488,-0.202406,0.979273,-0.851280,0.512522,0.112443,-0.375934,0.549956,0.678142,-0.310394,0.916405,-2.705592,-0.178751,-0.641245,-0.123831,-0.304931,0.168467,-0.979273,-0.112443,0.000000,0.000000,0.000000,-1,-0.150253,-0.987473,-0.250977,0.800402,-3.377064,-0.202069,194.128265,153.665619,-747.836670,0,0
189.640000,1.257908,1.400203,2.875122,-0.543851,-0.823490,-0.161525,-0.044705,-0.163775,0.985484,-0.837990,0.543177,0.052256,-0.376719,0.576155,0.663303,-0.293526,1.462384,0.515850,0.161293,-0.058146,0.082622,0.280405,0.161525,-0.985484,-0.052256,0.000000,0.000000,0.000000,-1,0.064148,-0.823013,0.252609,1.463876,0.414816,0.166016,193.953049,152.443283,-748.337646,0,0
189.680000,1.479584,1.406897,2.676007,-0.522479,-0.837026,-0.162488,-0.073253,-0.145799,0.986599,-0.849500,0.527380,0.014862,-0.390018,0.583485,0.648679,-0.294357,0.867337,0.975537,-0.127809,-0.081418,0.195781,0.199387,0.162488,-0.986599,-0.014862,0.000000,0.000000,0.000000,-1,0.103455,-0.799179,0.094193,0.868828,0.874504,-0.123086,195.705109,154.189484,-746.333618,0,0
189.720000,1.703952,1.403566,2.491475,-0.485873,-0.858318,-0.164979,-0.100750,-0.132498,0.986050,-0.868204,0.495716,-0.022099,-0.408878,0.586403,0.631718,-0.299804,0.909152,0.781718,0.005570,-0.122758,0.066540,-0.184345,0.164979,-0.986050,0.022099,0.000000,0.000000,0.000000,-1,0.068741,-0.975967,-0.171265,0.792616,0.749571,-0.007864,193.777847,154.014862,-746.166626,0,0
189.760000,1.959528,1.396766,2.247050,-0.473615,-0.866033,-0.160234,-0.135046,-0.108372,0.984895,-0.870317,0.488100,-0.065628,-0.418445,0.598095,0.615703,-0.296810,1.252763,0.213707,0.176668,-0.097475,0.055619,-0.027542,0.160234,-0.984895,0.065628,0.000000,0.000000,0.000000,-1,0.026108,-0.907379,0.124985,1.254255,0.112676,0.181391,195.004288,155.237198,-744.997620,0,0
189.800000,2.216976,1.377032,2.002666,-0.459478,-0.874783,-0.153734,-0.174875,-0.080597,0.981286,-0.870803,0.477764,-0.115945,-0.429262,0.611315,0.596685,-0.293249,1.186804,0.684277,0.068900,-0.134736,0.129541,0.033286,0.153734,-0.981286,0.115945,0.000000,0.000000,0.000000,-1,0.018997,-0.851746,0.149231,1.188296,0.583247,0.073623,193.252228,154.887955,-741.657593,0,0
189.840000,2.366016,1.356444,1.874131,-0.439592,-0.885765,-0.148928,-0.203004,-0.063539,0.977114,-0.874956,0.459765,-0.151882,-0.440406,0.618048,0.581216,-0.293678,1.084872,0.759580,0.088830,-0.073610,0.012301,-0.194531,0.148928,-0.977114,0.151882,0.000000,0.000000,0.000000,-1,0.084229,-1.016571,-0.125229,1.086363,0.658550,0.093553,192.726608,154.713348,-739.820557,0,0
189.880000,2.536422,1.304104,1.666037,-0.468095,-0.870866,-0.149930,-0.262348,-0.025062,0.964648,-0.843836,0.490881,-0.216739,-0.439803,0.644161,0.564893,-0.269306,1.174430,-1.845307,0.124065,-0.128110,-0.046766,-0.246280,0.149930,-0.964648,0.216739,0.000000,0.000000,0.000000,-1,-0.011002,-0.969833,-0.016968,1.175922,-1.946336,0.128788,192.376205,156.110306,-740.154541,0,0
189.920000,2.529667,1.283909,1.592549,-0.533032,-0.830334,-0.162549,-0.282901,-0.006155,0.959129,-0.797398,0.557232,-0.231621,-0.419745,0.663042,0.571744,-0.239370,0.503396,-2.259801,0.164180,-0.222974,0.084175,-0.217949,0.162549,-0.959129,0.231621,0.000000,0.000000,0.000000,-1,-0.060425,-0.874954,0.013672,0.598405,-2.411719,0.168101,194.303467,155.935684,-738.985535,0,0
189.960000,2.497222,1.282853,1.554360,-0.589026,-0.789904,-0.170586,-0.283942,0.004667,0.958830,-0.756588,0.613213,-0.227036,-0.397914,0.674672,0.582521,-0.217143,0.012069,-1.277987,0.208777,-0.331581,-0.171587,-0.103898,0.170586,-0.958830,0.227036,0.000000,0.000000,0.000000,-1,-0.160995,-1.130417,0.123138,0.023057,-1.516828,0.222526,193.777847,154.014862,-740.822571,0,0
190.000000,2.504604,1.279653,1.509455,-0.617956,-0.767451,-0.170730,-0.286508,0.017597,0.957916,-0.732150,0.640866,-0.230755,-0.385747,0.683064,0.585151,-0.205478,0.346790,-0.453039,0.274761,-0.176574,-0.436340,-0.327801,0.170730,-0.957916,0.230755,0.000000,0.000000,0.000000,-1,-0.019928,-1.398788,-0.116287,0.348282,-0.554065,0.279483,193.953049,153.490997,-742.659546,0,0
190.040000,2.521849,1.281154,1.485732,-0.623781,-0.763792,-0.165890,-0.284577,0.024266,0.958346,-0.727952,0.645006,-0.232494,-0.382246,0.685664,0.584598,-0.204933,-0.207303,-0.009028,0.136326,-0.260311,-0.363660,-0.359447,0.165890,-0.958346,0.232494,0.000000,0.000000,0.000000,-1,-0.109161,-1.354889,-0.144073,-0.205812,-0.110054,0.141048,194.128265,155.761063,-740.822571,0,0
190.080000,2.446855,1.312599,1.604440,-0.592772,-0.788607,-0.163463,-0.255193,-0.008589,0.966852,-0.763870,0.614837,-0.196156,-0.391144,0.667147,0.592707,-0.224991,-1.634939,1.199936,-0.338450,-0.273281,-0.149023,-0.189763,0.163463,-0.966852,0.196156,0.000000,0.000000,0.000000,-1,0.004227,-0.969009,0.055389,-1.443039,1.166787,-0.321241,194.128265,154.014862,-740.822571,0,1
190.120000,2.071618,1.368481,2.050060,-0.541077,-0.822294,-0.176261,-0.178300,-0.092658,0.979604,-0.821855,0.561468,-0.096480,-0.402511,0.621470,0.619930,-0.259704,-3.291139,1.254688,-0.571480,-0.040244,0.061833,-0.102782,0.176261,-0.979604,0.096480,0.000000,0.000000,0.000000,-1,0.090363,-1.040100,0.079834,-3.289648,1.153665,-0.566757,195.004288,155.586441,-741.991577,0,0
190.160000,1.600710,1.390317,2.554088,-0.520145,-0.835020,-0.179420,-0.099495,-0.149403,0.983758,-0.848263,0.529548,-0.005369,-0.398317,0.586539,0.645015,-0.285080,-3.002182,0.341832,0.121936,-0.110847,-0.107459,0.197207,0.179420,-0.983758,0.005369,0.000000,0.000000,0.000000,-1,0.132553,-1.097748,0.153580,-3.000690,0.240809,0.126658,194.303467,153.840240,-744.997620,0,0
190.200000,0.953233,1.361851,-3.115589,-0.558117,-0.812346,-0.169115,0.005393,-0.207358,0.978250,-0.829745,0.545066,0.120111,-0.363706,0.554673,0.686583,-0.297757,-2.407861,-1.964257,0.030059,0.305007,-0.552710,0.157968,0.169115,-0.978250,-0.120111,0.000000,0.000000,0.000000,-1,0.574783,-1.483170,0.038528,-2.484653,-1.841489,0.093138,194.303467,156.634155,-749.005676,0,0
190.240000,0.664501,1.288971,-2.878957,-0.606443,-0.776411,-0.171501,0.072205,-0.268573,0.960549,-0.791842,0.570136,0.218934,-0.332864,0.528899,0.723524,-0.293223,-1.822655,0.471550,-0.347985,0.289055,-0.237845,0.323228,0.171501,-0.960549,-0.218934,0.000000,0.000000,0.000000,-1,0.468628,-1.074493,0.080795,-1.821164,0.370528,-0.343263,194.303467,156.634155,-749.005676,0,0
190.280000,0.688523,1.260554,-2.837373,-0.555481,-0.808586,-0.193980,0.091449,-0.291271,0.952260,-0.826485,0.511223,0.235740,-0.353571,0.507068,0.721542,-0.311844,-0.240270,3.483074,-0.016290,0.306554,-0.093441,0.821693,0.193980,-0.952260,-0.235740,0.000000,0.000000,0.000000,-1,0.408554,-0.898895,0.422394,-0.238779,3.382054,-0.011568,196.230728,154.713348,-751.176697,0,0
190.320000,0.748554,1.211878,-2.735171,-0.421085,-0.874950,-0.239062,0.138863,-0.322648,0.936277,-0.896328,0.361055,0.257360,-0.401311,0.458551,0.707300,-0.358339,-2.596196,2.737115,-0.410317,-0.293749,0.030790,0.320715,0.239062,-0.936277,-0.257360,0.000000,0.000000,0.000000,-1,-0.146896,-0.901413,-0.046051,-2.454143,2.853463,-0.390041,196.756348,156.983398,-748.337646,0,0
190.360000,0.661941,1.133983,-2.595099,-0.384477,-0.885755,-0.260030,0.219859,-0.361437,0.906104,-0.896571,0.291206,0.333706,-0.401016,0.415131,0.721044,-0.383338,-1.407670,0.079535,-0.176342,-0.316884,0.291129,0.178844,0.260030,-0.906104,-0.333706,0.000000,0.000000,0.000000,-1,0.009460,-0.528305,-0.094666,-1.406182,-0.021485,-0.171618,196.756348,156.983398,-748.337646,0,0
190.400000,0.634278,1.108451,-2.560430,-0.382081,-0.885520,-0.264327,0.244879,-0.372819,0.895009,-0.891094,0.277238,0.359292,-0.397318,0.403104,0.727013,-0.388713,-0.730837,0.091465,-0.005151,-0.119170,0.458104,0.302270,0.264327,-0.895009,-0.359292,0.000000,0.000000,0.000000,-1,0.185104,-0.411102,-0.050858,-0.729349,-0.009555,-0.000428,197.982788,156.459549,-749.172668,0,0
190.440000,0.607656,1.109341,-2.528895,-0.377656,-0.890366,-0.254214,0.256053,-0.364260,0.895406,-0.889839,0.273063,0.365546,-0.394036,0.402446,0.725855,-0.394851,0.376474,0.104843,0.419772,-0.107028,0.486806,0.335502,0.254214,-0.895406,-0.365546,0.000000,0.000000,0.000000,-1,0.135147,-0.431625,-0.032501,0.230039,-0.026971,0.393289,196.581146,154.713348,-750.508667,0,0
190.480000,0.630067,1.156651,-2.547594,-0.367702,-0.899210,-0.237098,0.225219,-0.333479,0.915460,-0.902259,0.283218,0.325141,-0.400199,0.421035,0.711745,-0.394955,1.285427,0.081532,0.399214,-0.035881,0.452173,0.196906,0.237098,-0.915460,-0.325141,0.000000,0.000000,0.000000,-1,0.213791,-0.535385,-0.159668,1.286884,-0.019516,0.403945,197.632385,155.761063,-751.844727,0,1
190.520000,0.665484,1.199507,-2.584948,-0.363875,-0.904108,-0.224018,0.191691,-0.308044,0.931860,-0.911510,0.296138,0.285399,-0.405823,0.438871,0.699521,-0.391625,1.405854,-0.092173,0.511425,0.034222,0.203573,-0.024126,0.224018,-0.931860,-0.285399,0.000000,0.000000,0.000000,-1,0.348755,-0.932587,-0.515945,1.407310,-0.193220,0.516156,197.457169,155.935684,-748.337646,0,0
190.560000,0.678320,1.211401,-2.591887,-0.357042,-0.907643,-0.220692,0.183745,-0.299894,0.936110,-0.915838,0.293679,0.273850,-0.408963,0.442521,0.694763,-0.392719,-1.127283,0.621463,-0.090405,0.248592,-0.323839,-0.611603,0.220692,-0.936110,-0.273850,0.000000,0.000000,0.000000,-1,0.456253,-1.760971,-1.357040,-0.803832,0.424973,-0.105812,197.457169,155.935684,-748.337646,0,0
190.600000,0.650173,1.178856,-2.532017,-0.332337,-0.914379,-0.231223,0.218692,-0.313184,0.924170,-0.917456,0.256569,0.304050,-0.411338,0.422819,0.698135,-0.405749,-0.227525,0.539989,0.008545,0.012445,-0.005091,-0.846646,0.231223,-0.924170,-0.304050,0.000000,0.000000,0.000000,-1,0.252655,-0.863632,-0.998520,-0.226069,0.438944,0.013275,196.405945,155.935684,-750.007690,0,0
190.640000,0.655995,1.166996,-2.492502,-0.292247,-0.925827,-0.239658,0.237503,-0.313010,0.919574,-0.926382,0.211823,0.311363,-0.421130,0.408618,0.692210,-0.420151,-0.918657,1.072438,0.164807,0.226071,-0.007931,0.099647,0.239658,-0.919574,-0.311363,0.000000,0.000000,0.000000,-1,0.465729,-0.927505,-0.211716,-0.741575,0.940740,0.229436,195.705109,155.237198,-748.003662,0,0
190.680000,0.645106,1.140701,-2.460021,-0.276202,-0.927824,-0.250709,0.262689,-0.323802,0.908926,-0.924504,0.185189,0.333164,-0.422622,0.393458,0.695192,-0.428124,-0.600176,0.100548,-0.327882,0.326378,-0.121088,-0.055661,0.250709,-0.908926,-0.333164,0.000000,0.000000,0.000000,-1,0.596466,-1.063690,-0.375122,-0.830246,0.228534,-0.304613,195.705109,155.237198,-748.003662,0,0
190.720000,0.613655,1.127611,-2.453227,-0.300895,-0.921131,-0.246940,0.272419,-0.331171,0.903390,-0.913920,0.204555,0.350581,-0.412218,0.393428,0.704032,-0.423826,0.055108,-0.102793,-0.188457,0.126657,-0.172782,0.098887,0.246940,-0.903390,-0.350581,0.000000,0.000000,0.000000,-1,0.309647,-0.960175,-0.200531,0.056565,-0.203836,-0.183727,197.632385,156.808777,-748.504639,0,0
190.760000,0.651610,1.143991,-2.513141,-0.318640,-0.914024,-0.251056,0.243367,-0.334872,0.910293,-0.916101,0.228957,0.329147,-0.414453,0.404543,0.704035,-0.410985,1.111938,-1.744316,-0.409695,-0.155887,0.225005,0.286636,0.251056,-0.910293,-0.329147,0.000000,0.000000,0.000000,-1,0.130402,-0.657349,0.486420,0.900342,-3.291637,-0.502461,197.982788,154.713348,-748.170654,0,0
190.800000,0.608890,1.167517,-2.617048,-0.446530,-0.866158,-0.224457,0.196540,-0.339675,0.919779,-0.872916,0.366594,0.321910,-0.377900,0.442986,0.725967,-0.365959,1.190395,-2.157758,-0.385296,0.038131,-0.086096,0.829005,0.224457,-0.919779,-0.321910,0.000000,0.000000,0.000000,-1,0.128540,-1.127182,0.281921,0.869338,-2.862027,-0.353011,196.405945,155.935684,-749.673706,0,0
190.840000,0.796100,1.250247,-2.809072,-0.439790,-0.869415,-0.225173,0.102853,-0.297829,0.949062,-0.892192,0.394228,0.220404,-0.399260,0.479989,0.699647,-0.347414,1.909693,-1.363017,0.741367,-0.528609,-0.113911,0.375937,0.225173,-0.949062,-0.220404,0.000000,0.000000,0.000000,-1,-0.381149,-1.194122,-0.256271,1.911141,-1.464060,0.746101,197.807587,155.586441,-748.003662,0,0
190.880000,0.792972,1.299371,-2.931762,-0.543375,-0.817471,-0.191009,0.055845,-0.262225,0.963390,-0.837631,0.512815,0.188138,-0.364250,0.522736,0.705999,-0.309248,1.455958,-2.310682,0.150708,-0.303665,-0.386357,-0.005023,0.191009,-0.963390,-0.188138,0.000000,0.000000,0.000000,-1,-0.112656,-1.349747,-0.193161,1.380347,-2.551834,0.048425,196.055527,155.586441,-748.337646,0,0
190.920000,0.838939,1.345981,-3.042406,-0.593155,-0.787822,-0.165842,0.022075,-0.221830,0.974835,-0.804786,0.574567,0.148971,-0.346304,0.552800,0.700706,-0.288958,1.890647,-1.974961,0.608183,-0.124033,-0.007922,0.121459,0.165842,-0.974835,-0.148971,0.000000,0.000000,0.000000,-1,0.045883,-0.906143,0.049347,1.841097,-2.064331,0.619809,196.055527,155.586441,-748.337646,0,0
190.960000,1.078092,1.404531,2.932405,-0.643141,-0.751737,-0.145815,-0.034369,-0.161892,0.986210,-0.764976,0.639283,0.078283,-0.331839,0.592234,0.686170,-0.261367,1.534298,-0.491628,-0.028560,-0.102694,0.183689,0.289328,0.145815,-0.986210,-0.078283,0.000000,0.000000,0.000000,-1,0.042831,-0.863998,0.211227,1.535746,-0.592669,-0.023826,195.179504,156.808777,-748.838684,0,0
191.000000,1.403786,1.421489,2.649739,-0.607037,-0.781018,-0.146684,-0.070250,-0.131120,0.988874,-0.791562,0.610588,0.024728,-0.353325,0.602327,0.663869,-0.267661,0.871874,1.985076,0.012240,-0.078477,0.148359,0.018075,0.146684,-0.988874,-0.024728,0.000000,0.000000,0.000000,-1,0.068207,-0.840515,-0.006653,0.867966,1.730337,0.037937,194.653885,155.237198,-745.999634,0,0
191.040000,1.673420,1.421037,2.437298,-0.558811,-0.815906,-0.148415,-0.096607,-0.113701,0.988807,-0.823649,0.566894,-0.015285,-0.377549,0.604234,0.643667,-0.279376,1.230896,1.776151,-0.033323,-0.125680,0.062583,-0.178233,0.148415,-0.988807,0.015285,0.000000,0.000000,0.000000,-1,-0.011078,-0.931915,-0.165817,1.162169,1.798056,-0.054963,194.653885,155.237198,-745.999634,0,0
191.080000,2.104704,1.406631,2.053039,-0.516388,-0.844720,-0.140683,-0.144791,-0.075793,0.986555,-0.844025,0.529815,-0.083169,-0.400803,0.617204,0.614209,-0.284890,1.333950,0.808447,0.145422,-0.166578,0.068708,-0.123590,0.140683,-0.986555,0.083169,0.000000,0.000000,0.000000,-1,-0.003464,-0.910690,-0.015808,1.335397,0.707409,0.150156,194.829086,155.062576,-741.490540,0,0
191.120000,2.387913,1.379235,1.793458,-0.494203,-0.859528,-0.130290,-0.185692,-0.042044,0.981708,-0.849283,0.509357,-0.138829,-0.414328,0.630672,0.591062,-0.285011,1.020202,0.226520,0.235540,-0.064006,0.010196,-0.212667,0.130290,-0.981708,0.138829,0.000000,0.000000,0.000000,-1,0.066284,-0.971512,-0.073837,1.072728,0.300383,0.216584,192.901825,153.840240,-739.319519,0,0
191.160000,2.486830,1.363408,1.673052,-0.511841,-0.849880,-0.125390,-0.204830,-0.021018,0.978572,-0.834304,0.526557,-0.163322,-0.410030,0.643068,0.585136,-0.275598,0.931867,-1.321375,0.245627,-0.023034,0.004878,-0.341438,0.125390,-0.978572,0.163322,0.000000,0.000000,0.000000,-1,0.094971,-0.955353,-0.147079,0.902783,-1.141423,0.272831,195.179504,155.411819,-738.150513,0,0
191.200000,2.528143,1.328527,1.524804,-0.595881,-0.791108,-0.138112,-0.239653,0.011030,0.970796,-0.766481,0.611577,-0.196164,-0.383814,0.671393,0.589213,-0.233980,1.058936,-2.636261,0.095922,-0.085927,0.059038,-0.218823,0.138112,-0.970796,0.196164,0.000000,0.000000,0.000000,-1,0.042633,-0.899689,-0.004654,1.060383,-2.737298,0.100656,195.529907,155.411819,-737.482483,0,0
191.240000,2.501696,1.306733,1.460042,-0.661544,-0.733532,-0.155850,-0.259406,0.028848,0.965337,-0.703610,0.679042,-0.209367,-0.360199,0.689159,0.596517,-0.198706,0.220712,-1.298452,-0.012567,-0.244885,-0.042811,-0.007494,0.155850,-0.965337,0.209367,0.000000,0.000000,0.000000,-1,-0.089035,-1.008148,0.201874,0.287948,-1.561700,-0.008890,196.405945,154.887955,-738.985535,0,0
191.280000,2.487465,1.301673,1.443711,-0.682416,-0.712836,-0.161783,-0.263742,0.033699,0.964004,-0.681725,0.700521,-0.211002,-0.351741,0.694103,0.599524,-0.187271,0.297807,-0.966489,0.064864,-0.284525,-0.234299,0.009884,0.161783,-0.964004,0.211002,0.000000,0.000000,0.000000,-1,-0.111786,-1.288071,0.147568,0.260883,-1.040006,0.037985,194.128265,155.411819,-740.154541,0,0
191.320000,2.545675,1.285171,1.365622,-0.695854,-0.700556,-0.158141,-0.275847,0.057405,0.959486,-0.663095,0.711285,-0.233192,-0.346386,0.704708,0.592718,-0.179136,0.663679,0.070564,0.172096,-0.258804,-0.415652,-0.273353,0.158141,-0.959486,0.233192,0.000000,0.000000,0.000000,-1,-0.140198,-1.295425,-0.051453,0.665127,-0.030469,0.176830,196.931564,156.110306,-739.820557,0,0
191.360000,2.555527,1.290501,1.388967,-0.673393,-0.723278,-0.153006,-0.272079,0.050025,0.960974,-0.687397,0.688743,-0.230475,-0.356040,0.698909,0.590105,-0.191152,-0.901554,1.702666,-0.225422,-0.381003,-0.340876,-0.276205,0.153006,-0.960974,0.230475,0.000000,0.000000,0.000000,-1,-0.227997,-1.301849,-0.045731,-0.760876,1.362083,-0.183912,195.354706,156.284927,-739.319519,0,0
191.400000,2.497838,1.316754,1.509998,-0.628465,-0.763072,-0.150842,-0.250854,0.015270,0.967904,-0.736277,0.646133,-0.201017,-0.373256,0.679108,0.594175,-0.215516,-1.683596,1.919686,-0.431589,-0.265268,-0.138449,-0.245710,0.150842,-0.967904,0.201017,0.000000,0.000000,0.000000,-1,0.006683,-1.035217,-0.042816,-1.516134,1.852637,-0.391608,195.880325,155.761063,-738.150513,0,1
191.440000,2.145169,1.377460,1.971003,-0.547111,-0.821371,-0.161303,-0.176952,-0.074857,0.981369,-0.818143,0.565461,-0.104388,-0.397534,0.627822,0.615951,-0.261555,-3.124664,2.101777,-0.592040,0.044782,0.027649,-0.119113,0.161303,-0.981369,0.104388,0.000000,0.000000,0.000000,-1,0.169373,-0.946106,0.066895,-3.123217,2.000746,-0.587307,196.405945,154.887955,-740.321533,0,0
191.480000,1.714571,1.402567,2.708765,-0.498956,-0.850731,-0.165228,-0.069626,-0.150689,0.986126,-0.863826,0.503538,0.015955,-0.398679,0.577129,0.645291,-0.302618,-2.739089,0.164595,-0.006757,-0.039465,-0.117038,0.054040,0.165228,-0.986126,-0.015955,0.000000,0.000000,0.000000,-1,0.125763,-1.103165,0.038086,-2.783963,0.393371,0.052311,195.004288,154.538727,-740.989563,0,0
191.520000,1.072503,1.366957,3.085858,-0.525104,-0.832255,-0.177815,-0.011277,-0.202116,0.979297,-0.850963,0.516238,0.096747,-0.380876,0.553679,0.675272,-0.303944,-2.418348,-1.843581,-0.825617,0.140941,-0.398541,0.075064,0.177815,-0.979297,-0.096747,0.000000,0.000000,0.000000,-1,0.369904,-1.396530,0.008636,-2.480166,-1.634934,-0.736480,195.705109,154.538727,-743.661621,0,0
191.560000,0.756609,1.285599,-2.928216,-0.571184,-0.797778,-0.193133,0.059578,-0.274966,0.959606,-0.818657,0.536605,0.204586,-0.353269,0.522406,0.716020,-0.299348,-1.843269,1.170706,-0.055217,0.111768,-0.239155,0.452374,0.193133,-0.959606,-0.204586,0.000000,0.000000,0.000000,-1,0.271713,-1.155853,0.415161,-1.841853,1.069647,-0.050477,197.106766,154.538727,-747.669678,0,0
191.600000,0.812718,1.256141,-2.800057,-0.416543,-0.880900,-0.224738,0.103659,-0.291613,0.950903,-0.903187,0.372795,0.212782,-0.406906,0.477532,0.692990,-0.355185,-2.062389,3.311842,0.326855,-0.268805,-0.168604,0.134795,0.224738,-0.950903,-0.212782,0.000000,0.000000,0.000000,-1,-0.044067,-1.119507,-0.077988,-1.599136,4.118221,0.256459,197.106766,154.538727,-747.335632,0,0
191.640000,0.676174,1.208281,-2.612540,-0.378010,-0.898808,-0.221930,0.178986,-0.306145,0.935008,-0.908335,0.313720,0.276600,-0.403589,0.445888,0.700135,-0.384852,-2.496078,0.805452,0.298271,-0.469657,-0.029760,0.414936,0.221930,-0.935008,-0.276600,0.000000,0.000000,0.000000,-1,-0.197495,-0.788666,0.153610,-2.623954,0.686540,0.417271,196.581146,154.713348,-747.836670,0,0
191.680000,0.618279,1.139992,-2.501646,-0.339132,-0.909065,-0.242056,0.249372,-0.334970,0.908630,-0.907085,0.247783,0.340294,-0.404828,0.407390,0.709647,-0.408103,-1.232517,0.806943,-0.133704,-0.012320,0.312301,0.280343,0.242056,-0.908630,-0.340294,0.000000,0.000000,0.000000,-1,0.317795,-0.571869,-0.036407,-1.231100,0.705887,-0.128964,197.982788,155.761063,-747.502625,0,0
191.720000,0.592473,1.116078,-2.437750,-0.307768,-0.919307,-0.245261,0.284235,-0.334836,0.898385,-0.908014,0.206783,0.364351,-0.407037,0.390058,0.708335,-0.424779,-0.366250,0.581962,0.419406,0.124292,0.441460,0.374285,0.245261,-0.898385,-0.364351,0.000000,0.000000,0.000000,-1,0.369553,-0.456924,0.009933,-0.482900,0.540237,0.397524,198.508408,154.887955,-748.337646,0,0
191.760000,0.573598,1.124184,-2.413707,-0.301480,-0.924216,-0.234381,0.287348,-0.322459,0.901915,-0.909143,0.204560,0.362787,-0.405645,0.392503,0.704756,-0.429781,0.317859,-0.326579,0.452133,0.011453,0.518691,0.284830,0.234381,-0.901915,-0.362787,0.000000,0.000000,0.000000,-1,0.241119,-0.399780,-0.077728,0.202418,-0.265437,0.447856,197.457169,154.538727,-747.669678,0,0
191.800000,0.540788,1.168210,-2.415335,-0.326434,-0.923448,-0.201703,0.260185,-0.292935,0.920051,-0.908705,0.247856,0.335891,-0.397055,0.417615,0.699153,-0.423238,1.193497,-0.873634,0.452397,0.067401,0.516761,0.202651,0.201703,-0.920051,-0.335891,0.000000,0.000000,0.000000,-1,0.264297,-0.452637,-0.172729,1.194914,-0.974688,0.457137,196.405945,152.792526,-748.337646,0,0
191.840000,0.571526,1.231131,-2.476181,-0.346771,-0.920473,-0.180218,0.205695,-0.262094,0.942866,-0.915117,0.289889,0.280223,-0.398466,0.448457,0.687220,-0.409682,1.387154,-0.092859,0.051035,0.094501,0.278483,-0.122304,0.180218,-0.942866,-0.280223,0.000000,0.000000,0.000000,-1,0.274719,-0.664383,-0.402527,1.470636,-0.425945,0.156972,196.581146,152.617905,-747.836670,0,0
191.880000,0.646626,1.243188,-2.528352,-0.324385,-0.925845,-0.193871,0.185191,-0.263147,0.946815,-0.927620,0.271229,0.256819,-0.412899,0.448447,0.679034,-0.409050,-0.081137,1.391998,-0.264980,0.041206,-0.391351,-0.536684,0.193871,-0.946815,-0.256819,0.000000,0.000000,0.000000,-1,0.170547,-1.808060,-1.120941,0.235688,1.197539,-0.335628,196.230728,153.665619,-747.502625,0,0
191.920000,0.593950,1.214365,-2.452793,-0.306437,-0.931646,-0.195276,0.221785,-0.269379,0.937148,-0.925693,0.243867,0.289173,-0.410417,0.432402,0.682823,-0.422302,-0.923365,0.525981,-0.137971,-0.138147,-0.562364,-1.196774,0.195276,-0.937148,-0.289173,0.000000,0.000000,0.000000,-1,0.040390,-1.094742,-1.354507,-0.921948,0.424929,-0.133230,196.405945,153.141754,-746.667603,0,1
191.960000,0.615138,1.193920,-2.431409,-0.269422,-0.939314,-0.212373,0.239938,-0.279047,0.929819,-0.932653,0.199557,0.300558,-0.421031,0.415276,0.679895,-0.433615,-0.401998,1.103790,-0.147389,0.196960,0.303079,0.006384,0.212373,-0.929819,-0.300558,0.000000,0.000000,0.000000,-1,0.409332,-0.626740,-0.294174,-0.391828,0.939245,-0.063743,197.632385,153.316376,-747.836670,0,0
192.000000,0.655886,1.177641,-2.439191,-0.240974,-0.941989,-0.233641,0.247506,-0.292421,0.923705,-0.938442,0.164761,0.303613,-0.432387,0.401541,0.677681,-0.438811,-0.224587,0.931609,-0.432580,0.458681,-0.492662,0.235086,0.233641,-0.923705,-0.303613,0.000000,0.000000,0.000000,-1,0.582016,-1.348953,-0.050446,-0.329554,0.975736,-0.475189,197.807587,154.189484,-745.665649,0,0
192.040000,0.653385,1.171378,-2.466737,-0.270079,-0.933368,-0.236393,0.242968,-0.303639,0.921287,-0.931678,0.191385,0.308785,-0.425668,0.405480,0.686022,-0.428680,0.461633,-2.040325,-0.546930,0.028362,0.108299,-0.051674,0.236393,-0.921287,-0.308785,0.000000,0.000000,0.000000,-1,0.214615,-0.810547,-0.096497,0.463049,-2.141374,-0.542190,198.158005,153.141754,-748.003662,0,0
192.080000,0.604392,1.190609,-2.558326,-0.396180,-0.893628,-0.210879,0.204382,-0.309741,0.928595,-0.895137,0.324791,0.305354,-0.389938,0.441895,0.709097,-0.387116,0.732932,-2.644381,-0.372745,0.145338,0.109671,0.738048,0.210879,-0.928595,-0.305354,0.000000,0.000000,0.000000,-1,0.356216,-0.818924,0.432693,0.673927,-2.875723,-0.293354,198.858826,154.538727,-748.337646,0,0
192.120000,0.696235,1.226298,-2.670670,-0.409864,-0.886058,-0.216594,0.153228,-0.300963,0.941245,-0.899184,0.352594,0.259123,-0.397484,0.460917,0.701775,-0.370235,2.618000,1.259443,-0.310087,-0.044231,-0.347955,0.491484,0.216594,-0.941245,-0.259123,0.000000,0.000000,0.000000,-1,-0.031769,-1.229477,0.286545,2.363748,0.802068,-0.366872,198.508408,154.538727,-749.005676,0,0
192.160000,0.862729,1.306398,-2.862479,-0.423192,-0.884026,-0.198511,0.071997,-0.251215,0.965250,-0.903175,0.394194,0.169959,-0.405606,0.500504,0.679037,-0.351977,1.392267,-2.374878,0.465491,-0.460229,-0.250082,0.273887,0.198510,-0.965250,-0.169959,0.000000,0.000000,0.000000,-1,-0.435898,-1.237534,-0.343704,1.393684,-2.475925,0.470231,198.858826,155.935684,-746.333618,0,0
192.200000,0.915648,1.352919,-3.049317,-0.535345,-0.827059,-0.171404,0.019918,-0.215238,0.976358,-0.844398,0.519275,0.131700,-0.370200,0.545070,0.685982,-0.308673,1.775930,-2.344194,0.420703,-0.192492,-0.148474,-0.036956,0.171404,-0.976358,-0.131700,0.000000,0.000000,0.000000,-1,-0.021088,-1.124832,-0.168655,1.668255,-2.621441,0.289157,197.632385,154.364105,-745.164612,0,0
192.240000,1.050978,1.401497,3.035543,-0.584487,-0.798116,-0.146236,-0.017835,-0.167546,0.985703,-0.811207,0.578739,0.083694,-0.353329,0.577332,0.677445,-0.287950,1.994981,-1.831827,0.608509,-0.128048,0.080414,0.151443,0.146236,-0.985703,-0.083694,0.000000,0.000000,0.000000,-1,-0.032974,-0.788315,0.178421,1.999752,-1.974141,0.665520,198.333206,153.665619,-746.834656,0,0
192.280000,1.462786,1.435469,2.569456,-0.623985,-0.769839,-0.134129,-0.073047,-0.113429,0.990857,-0.778014,0.628078,0.014544,-0.344565,0.611558,0.661808,-0.263215,1.192441,-0.054776,0.003015,-0.146137,0.290097,0.342104,0.134129,-0.990857,-0.014544,0.000000,0.000000,0.000000,-1,0.041580,-0.739532,0.281784,1.193858,-0.155820,0.007755,199.384445,153.665619,-746.500610,0,0
192.320000,1.691535,1.435290,2.407421,-0.569581,-0.810921,-0.134108,-0.090508,-0.100290,0.990833,-0.816937,0.576498,-0.016271,-0.369791,0.609418,0.642962,-0.280115,0.410857,2.648708,-0.025037,0.023347,0.035007,-0.085577,0.134108,-0.990833,0.016271,0.000000,0.000000,0.000000,-1,0.157455,-0.955826,-0.069305,0.320600,2.323931,-0.038487,196.931564,154.364105,-745.498596,0,0
192.360000,1.960679,1.430745,2.212834,-0.505919,-0.852862,-0.129118,-0.111798,-0.083593,0.990209,-0.855305,0.515401,-0.053057,-0.397093,0.607327,0.619769,-0.298928,1.226446,1.946070,0.154232,-0.005507,0.005666,-0.298128,0.129118,-0.990209,0.053057,0.000000,0.000000,0.000000,-1,0.056625,-0.982086,-0.238358,1.122796,2.200162,0.136189,197.807587,152.094040,-744.329590,0,0
192.400000,2.338352,1.403678,1.840322,-0.499072,-0.858253,-0.119701,-0.160336,-0.044292,0.986068,-0.851598,0.511311,-0.115504,-0.406425,0.626555,0.597466,-0.292032,1.404218,-0.741498,0.198441,-0.181438,0.041580,-0.187098,0.119701,-0.986068,0.115504,0.000000,0.000000,0.000000,-1,-0.067398,-0.894424,-0.033112,1.405635,-0.842540,0.203181,197.457169,153.840240,-741.323547,0,0
192.440000,2.511034,1.363738,1.617929,-0.538307,-0.833987,-0.121210,-0.205353,-0.009686,0.978640,-0.817347,0.551700,-0.166048,-0.399195,0.650897,0.587781,-0.267376,1.048249,-1.112812,0.043419,-0.065760,0.093554,-0.331179,0.121210,-0.978640,0.166048,0.000000,0.000000,0.000000,-1,0.055450,-0.885086,-0.165131,1.102879,-1.227608,0.065717,195.705109,154.538727,-740.989563,0,0
192.480000,2.551857,1.339405,1.544976,-0.562595,-0.816836,-0.127541,-0.229255,0.005921,0.973348,-0.794310,0.576840,-0.190595,-0.394360,0.663157,0.584397,-0.251362,0.938336,-0.962473,-0.095395,-0.129937,0.025854,-0.200101,0.127541,-0.973348,0.190595,0.000000,0.000000,0.000000,-1,-0.050186,-0.964142,0.082657,0.951543,-1.074073,-0.063081,197.632385,154.364105,-738.818542,0,0
192.520000,2.583460,1.308826,1.473940,-0.591166,-0.794802,-0.137159,-0.257770,0.025045,0.965882,-0.764249,0.606352,-0.219682,-0.388417,0.677476,0.580181,-0.231407,0.496792,-0.741712,0.047816,-0.239621,-0.065948,-0.184342,0.137159,-0.965882,0.219682,0.000000,0.000000,0.000000,-1,-0.092224,-1.039215,-0.046127,0.498178,-0.842781,0.052562,198.333206,155.062576,-740.154541,0,0
192.560000,2.585769,1.302709,1.437727,-0.617002,-0.774450,-0.139766,-0.262546,0.035145,0.964279,-0.741874,0.631658,-0.225013,-0.378440,0.685047,0.582418,-0.219732,0.123807,-0.827494,0.116137,-0.207363,-0.083008,-0.071388,0.139766,-0.964279,0.225013,0.000000,0.000000,0.000000,-1,-0.067596,-1.047287,0.153625,0.144357,-0.892515,0.120510,198.858826,154.887955,-740.321533,0,0
192.600000,2.584721,1.299428,1.413196,-0.636117,-0.758475,-0.141673,-0.264728,0.042070,0.963405,-0.724758,0.650343,-0.227551,-0.370595,0.690242,0.584486,-0.211189,0.347048,-0.819022,0.107256,-0.099940,-0.165150,-0.145306,0.141673,-0.963405,0.227551,0.000000,0.000000,0.000000,-1,0.103470,-1.198181,-0.007706,0.282593,-0.928539,0.134041,197.281967,154.014862,-742.492554,0,0
192.640000,2.575730,1.289260,1.399791,-0.651172,-0.744168,-0.148958,-0.273779,0.047280,0.960630,-0.707828,0.666317,-0.234525,-0.366085,0.695158,0.585100,-0.200987,-0.176732,-0.366739,-0.170897,-0.161012,-0.459017,-0.313489,0.148958,-0.960630,0.234525,0.000000,0.000000,0.000000,-1,-0.076859,-1.488632,-0.028870,-0.175345,-0.467806,-0.166151,198.158005,154.887955,-739.653564,0,0
192.680000,2.511297,1.319886,1.481361,-0.640801,-0.753631,-0.146336,-0.247294,0.022176,0.968687,-0.726787,0.656924,-0.200579,-0.366606,0.682561,0.595409,-0.212601,-1.494616,1.402794,-0.129255,-0.307301,-0.210253,-0.226229,0.146336,-0.968687,0.200578,0.000000,0.000000,0.000000,-1,-0.160965,-1.178940,-0.025650,-1.292080,0.985969,-0.004037,198.858826,153.840240,-740.321533,0,0
192.720000,2.354020,1.361885,1.719497,-0.581053,-0.800486,-0.146969,-0.205106,-0.030726,0.978257,-0.787597,0.598563,-0.146331,-0.386007,0.651279,0.605278,-0.245912,-2.676968,3.115508,-0.506891,-0.089474,0.136399,-0.232147,0.146969,-0.978257,0.146331,0.000000,0.000000,0.000000,-1,0.140045,-0.701111,-0.084961,-2.552473,2.824638,-0.521792,198.158005,155.935684,-741.657593,0,1
192.760000,1.731381,1.410498,2.448173,-0.499889,-0.851638,-0.157559,-0.102020,-0.122752,0.987180,-0.860060,0.509554,-0.025521,-0.402612,0.592169,0.631886,-0.296580,-2.996944,0.618004,-0.266583,-0.166241,-0.076983,-0.115060,0.157559,-0.987180,0.025521,0.000000,0.000000,0.000000,-1,-0.084869,-1.100098,-0.006653,-2.995557,0.516940,-0.261838,198.158005,155.935684,-741.657593,0,0
192.800000,1.064478,1.373739,3.087199,-0.530869,-0.829977,-0.171220,-0.010644,-0.195495,0.980647,-0.847387,0.522418,0.094948,-0.377385,0.556872,0.674780,-0.303555,-2.267732,-1.491423,-0.717180,-0.095628,-0.495916,0.173668,0.171220,-0.980647,-0.094948,0.000000,0.000000,0.000000,-1,0.075592,-1.476562,0.078720,-2.362561,-1.531860,-0.582939,200.786087,153.665619,-744.830627,0,0
192.840000,0.874834,1.326521,-3.042684,-0.564458,-0.804324,-0.185607,0.023883,-0.240671,0.970313,-0.825117,0.543268,0.155058,-0.360956,0.540539,0.700033,-0.295774,-1.404451,-0.705192,-0.317521,0.051285,-0.542352,0.440077,0.185607,-0.970313,-0.155058,0.000000,0.000000,0.000000,-1,0.244522,-1.432739,0.438965,-1.615719,-1.263501,-0.507284,199.384445,156.110306,-747.168640,0,0
192.880000,0.876715,1.300833,-2.943371,-0.481270,-0.852265,-0.204994,0.052519,-0.261474,0.963781,-0.874997,0.453073,0.170600,-0.390385,0.512152,0.691618,-0.327053,-1.681493,3.507180,-0.213279,0.061867,0.000097,0.450110,0.204994,-0.963781,-0.170600,0.000000,0.000000,0.000000,-1,0.172882,-0.965118,0.143921,-1.680106,3.406119,-0.208534,200.435684,156.110306,-749.506653,0,0
192.920000,0.747008,1.221783,-2.684626,-0.376724,-0.896712,-0.232351,0.150887,-0.306883,0.939711,-0.913954,0.318953,0.250912,-0.412082,0.452474,0.695435,-0.376598,-2.495371,1.706202,0.009119,-0.297078,-0.021364,0.347149,0.232351,-0.939711,-0.250912,0.000000,0.000000,0.000000,-1,-0.064728,-0.961075,0.096237,-2.610946,1.690986,-0.005447,200.435684,155.411819,-749.172668,0,0
192.960000,0.700678,1.174393,-2.584838,-0.334680,-0.908857,-0.248935,0.204030,-0.327792,0.922455,-0.919979,0.257937,0.295139,-0.417724,0.421826,0.699573,-0.397702,-1.662080,1.473578,-0.290475,-0.204578,0.317109,0.287815,0.248935,-0.922455,-0.295139,0.000000,0.000000,0.000000,-1,0.120819,-0.573914,-0.010071,-1.774191,1.393820,-0.218626,200.260468,153.490997,-750.007690,0,0
193.000000,0.689438,1.125346,-2.524101,-0.296755,-0.914778,-0.274074,0.249467,-0.351298,0.902417,-0.921793,0.199424,0.332457,-0.424878,0.391472,0.703653,-0.413643,-0.819740,0.698937,-0.050544,0.062779,0.337246,0.386275,0.274074,-0.902417,-0.332457,0.000000,0.000000,0.000000,-1,0.355301,-0.563232,0.078171,-0.818358,0.597877,-0.045801,201.837326,156.459549,-747.836670,0,0
193.040000,0.678682,1.118062,-2.492994,-0.279320,-0.920094,-0.274602,0.264236,-0.348599,0.899254,-0.923125,0.178620,0.340493,-0.426845,0.384132,0.701501,-0.422070,0.151304,-0.128673,0.215864,-0.071553,0.431298,0.288659,0.274602,-0.899254,-0.340493,0.000000,0.000000,0.000000,-1,0.203049,-0.467957,-0.051834,0.021954,-0.063317,0.196832,201.136505,156.459549,-748.838684,0,0
193.080000,0.673010,1.136921,-2.501679,-0.289512,-0.920605,-0.262047,0.251026,-0.337215,0.907343,-0.923671,0.196906,0.328724,-0.423963,0.394833,0.699187,-0.418926,0.840333,-0.528203,0.321763,-0.046990,0.444910,0.263081,0.262047,-0.907343,-0.328724,0.000000,0.000000,0.000000,-1,0.211182,-0.447952,-0.084763,0.745009,-0.619707,0.336039,201.136505,156.459549,-748.838684,0,0
193.120000,0.705429,1.179744,-2.560577,-0.307400,-0.918930,-0.247130,0.209210,-0.318615,0.924508,-0.928298,0.232492,0.290191,-0.424566,0.417910,0.692136,-0.407485,1.088325,-0.241288,0.051805,-0.002425,0.424478,0.098022,0.247130,-0.924508,-0.290191,0.000000,0.000000,0.000000,-1,0.270660,-0.524384,-0.224854,1.089706,-0.342345,0.056548,200.786087,156.808777,-749.172668,0,0
193.160000,0.782594,1.203372,-2.633832,-0.299663,-0.919808,-0.253289,0.174657,-0.313893,0.933256,-0.937922,0.235424,0.254713,-0.435751,0.427509,0.683423,-0.400361,0.268842,0.360804,-0.011022,0.016807,-0.091326,-0.306032,0.253289,-0.933256,-0.254713,0.000000,0.000000,0.000000,-1,0.278214,-1.316864,-0.765900,0.486851,0.238449,-0.071329,201.486908,155.761063,-747.502625,0,1
193.200000,0.745944,1.205371,-2.581483,-0.285469,-0.927196,-0.242519,0.189851,-0.302743,0.933972,-0.939396,0.220577,0.262452,-0.434402,0.424345,0.680196,-0.410561,-0.755244,0.272933,0.791005,-0.006755,-0.877216,-0.937972,0.242519,-0.933972,-0.262452,0.000000,0.000000,0.000000,-1,0.175751,-1.730133,-1.348404,-0.615678,0.317072,0.758467,200.085266,154.713348,-748.838684,0,0
193.240000,0.667825,1.183434,-2.495708,-0.281882,-0.930494,-0.233931,0.227368,-0.301657,0.925909,-0.932119,0.207808,0.296597,-0.425200,0.413409,0.685590,-0.422214,-0.285611,-0.081394,-0.063546,-0.120559,0.110158,-0.761997,0.233931,-0.925909,-0.296597,0.000000,0.000000,0.000000,-1,0.171112,-0.717682,-0.934601,-0.284230,-0.182449,-0.058803,200.085266,154.713348,-748.838684,0,0
193.280000,0.651008,1.193704,-2.474044,-0.275931,-0.934918,-0.223136,0.227950,-0.289177,0.929739,-0.933756,0.205680,0.292908,-0.424364,0.416487,0.681545,-0.426556,-0.240209,0.332686,0.334042,0.211312,0.210089,0.110733,0.223136,-0.929739,-0.292908,0.000000,0.000000,0.000000,-1,0.433640,-0.846649,-0.066498,-0.082321,0.187206,0.406403,201.311707,155.586441,-750.007690,0,0
193.320000,0.659749,1.185965,-2.464931,-0.260317,-0.937706,-0.230091,0.235075,-0.292689,0.926862,-0.936470,0.187189,0.296623,-0.428879,0.409574,0.680005,-0.431166,0.039844,0.835459,-0.219128,0.282848,-0.319400,0.263435,0.230091,-0.926862,-0.296623,0.000000,0.000000,0.000000,-1,0.503220,-1.307465,-0.060867,-0.139659,0.587021,-0.222363,201.662125,154.538727,-749.005676,0,0
193.360000,0.726155,1.180286,-2.496032,-0.227844,-0.940319,-0.252758,0.229023,-0.304057,0.924715,-0.946380,0.152803,0.284632,-0.444854,0.399736,0.673894,-0.433800,0.488311,-0.316497,-0.600747,-0.121975,-0.249495,-0.322683,0.252758,-0.924715,-0.284632,0.000000,0.000000,0.000000,-1,0.073898,-0.976913,-0.132690,0.489692,-0.417550,-0.596004,202.362946,156.983398,-749.339661,0,0
193.400000,0.675177,1.191162,-2.590746,-0.361276,-0.903233,-0.231626,0.193965,-0.315766,0.928800,-0.912062,0.290625,0.289274,-0.407804,0.434809,0.701127,-0.391227,0.608677,-4.205974,-0.310087,0.259249,0.240247,0.739317,0.231626,-0.928800,-0.289274,0.000000,0.000000,0.000000,-1,0.508575,-0.677078,0.398056,0.610012,-4.349440,-0.307273,203.238968,157.158020,-751.510681,0,0
193.440000,0.710622,1.218765,-2.695654,-0.419743,-0.879333,-0.224918,0.148716,-0.311085,0.938674,-0.895376,0.360553,0.261347,-0.396861,0.460247,0.705722,-0.364183,2.474646,0.430245,-0.388812,0.297344,0.039977,0.574549,0.224918,-0.938674,-0.261347,0.000000,0.000000,0.000000,-1,0.322266,-0.956696,0.235123,1.984133,-0.710844,-0.355860,203.414185,156.634155,-752.679688,0,0
193.480000,1.067453,1.297275,-3.021853,-0.378154,-0.894992,-0.236621,0.032267,-0.268189,0.962826,-0.925180,0.356461,0.130296,-0.435815,0.494891,0.666453,-0.347834,2.265304,0.517408,0.470458,-0.510837,-0.380451,0.770676,0.236621,-0.962826,-0.130296,0.000000,0.000000,0.000000,-1,-0.382980,-1.389679,0.319031,2.266674,0.416354,0.475212,203.063766,155.935684,-748.671631,0,0
193.520000,1.146067,1.332050,3.084598,-0.461836,-0.860395,-0.215473,-0.013471,-0.236101,0.971635,-0.886863,0.451638,0.097449,-0.411344,0.531104,0.669960,-0.316035,0.824971,-2.548760,-0.243367,-0.717060,-0.081237,-0.291268,0.215473,-0.971635,-0.097449,0.000000,0.000000,0.000000,-1,-0.306168,-0.963333,-0.271149,0.767933,-3.052544,-0.138289,203.414185,155.237198,-749.005676,0,0
193.560000,1.265832,1.350465,2.928615,-0.490219,-0.846301,-0.208468,-0.046196,-0.213615,0.975825,-0.870374,0.487999,0.065622,-0.405516,0.550223,0.665105,-0.300744,1.637822,-0.420666,0.600738,-0.154818,-0.121175,-0.076528,0.208468,-0.975825,-0.065622,0.000000,0.000000,0.000000,-1,0.067795,-0.984894,-0.027130,1.560809,-0.639694,0.431381,201.662125,155.586441,-750.675659,0,0
193.600000,1.559275,1.388195,2.613850,-0.505133,-0.843725,-0.181576,-0.091445,-0.156882,0.983375,-0.858184,0.513339,0.002092,-0.403007,0.580120,0.645001,-0.291581,1.222432,-0.295908,0.374991,-0.101940,0.197867,0.146898,0.181576,-0.983375,-0.002092,0.000000,0.000000,0.000000,-1,0.112930,-0.812210,0.139786,1.223774,-0.396989,0.379751,202.187744,155.062576,-749.506653,0,0
193.640000,1.810639,1.400830,2.349606,-0.514551,-0.841570,-0.164307,-0.120392,-0.118816,0.985591,-0.848966,0.526918,-0.040181,-0.401387,0.599149,0.631107,-0.285680,0.950376,0.190621,0.306652,-0.008362,0.097453,-0.001470,0.164307,-0.985591,0.040181,0.000000,0.000000,0.000000,-1,0.146286,-0.895126,-0.011154,0.929405,-0.075796,0.348571,202.012527,153.490997,-748.003662,0,0
193.680000,2.026011,1.396597,2.155887,-0.494625,-0.855052,-0.155670,-0.144490,-0.095720,0.984866,-0.857012,0.509632,-0.076201,-0.411490,0.607270,0.615253,-0.288728,1.179396,1.184971,0.218797,0.005692,0.042681,-0.140501,0.155670,-0.984866,0.076201,0.000000,0.000000,0.000000,-1,0.157837,-0.945908,-0.090805,1.156231,0.972581,0.231777,201.662125,154.538727,-746.667603,0,0
193.720000,2.317500,1.373575,1.914451,-0.448773,-0.881999,-0.143810,-0.184488,-0.066020,0.980615,-0.874395,0.466604,-0.133090,-0.433110,0.615598,0.587729,-0.296697,0.989252,0.772312,0.064262,-0.101345,0.097802,-0.174854,0.143810,-0.980615,0.133090,0.000000,0.000000,0.000000,-1,0.022018,-0.905197,0.009369,0.990595,0.671234,0.069022,202.713364,153.840240,-743.661621,0,0
193.760000,2.472037,1.341473,1.753665,-0.451723,-0.880932,-0.141082,-0.223528,-0.041338,0.973820,-0.863702,0.471433,-0.178240,-0.438137,0.630203,0.573328,-0.286661,1.160807,-0.491340,0.142534,-0.140121,0.031728,-0.127184,0.141083,-0.973820,0.178240,0.000000,0.000000,0.000000,-1,0.003662,-0.957672,0.040009,1.117438,-0.535208,0.119873,202.187744,153.665619,-743.494568,0,0
193.800000,2.568624,1.313315,1.636224,-0.468196,-0.872774,-0.138051,-0.254101,-0.016649,0.967034,-0.846301,0.487840,-0.213978,-0.436586,0.645276,0.563664,-0.274398,1.351395,-0.720161,0.263794,-0.099538,-0.026069,-0.227909,0.138051,-0.967034,0.213978,0.000000,0.000000,0.000000,-1,0.088669,-0.999817,-0.110367,1.371940,-0.713104,0.263600,202.538147,152.268661,-743.160583,0,0
193.840000,2.611082,1.277073,1.534719,-0.515100,-0.844519,-0.146488,-0.289329,0.010443,0.957173,-0.806821,0.535423,-0.249723,-0.425494,0.666196,0.560119,-0.247800,0.634289,-1.546459,0.010561,-0.103794,-0.026348,-0.345960,0.146488,-0.957173,0.249723,0.000000,0.000000,0.000000,-1,0.001511,-0.969528,-0.055252,0.635632,-1.647535,0.015322,202.538147,153.316376,-741.490540,0,0
193.880000,2.561304,1.268032,1.506512,-0.575971,-0.800958,-0.163471,-0.297544,0.019154,0.954516,-0.761396,0.598414,-0.249352,-0.404422,0.679058,0.571722,-0.220131,0.086260,-1.667068,0.187341,-0.315570,-0.046293,-0.164300,0.163471,-0.954516,0.249352,0.000000,0.000000,0.000000,-1,-0.188309,-1.028137,0.125870,0.116111,-1.795779,0.145108,203.589386,151.570175,-743.160583,0,0
193.920000,2.535052,1.266149,1.461993,-0.629784,-0.757718,-0.170984,-0.298183,0.032572,0.953953,-0.717258,0.651769,-0.246452,-0.382131,0.690798,0.581111,-0.197697,0.393771,-1.060709,0.130156,-0.315271,-0.295818,-0.087592,0.170984,-0.953953,0.246452,0.000000,0.000000,0.000000,-1,-0.144287,-1.249771,0.158859,0.395114,-1.161783,0.134917,205.516647,152.094040,-743.995605,0,0
193.960000,2.547803,1.261332,1.430338,-0.643712,-0.746056,-0.170397,-0.301550,0.042636,0.952497,-0.703351,0.664517,-0.252418,-0.376188,0.696198,0.580659,-0.191380,0.211696,-0.311057,0.187284,-0.139834,-0.246142,-0.335609,0.170397,-0.952497,0.252418,0.000000,0.000000,0.000000,-1,0.051086,-1.203583,-0.099197,0.213039,-0.412130,0.192045,203.238968,151.919418,-744.830627,0,0
194.000000,2.529876,1.269080,1.467368,-0.629924,-0.757676,-0.170651,-0.295571,0.030680,0.954828,-0.718215,0.651909,-0.243273,-0.381664,0.689905,0.582231,-0.198420,-0.986730,1.434463,-0.230744,-0.136913,-0.374274,-0.340563,0.170651,-0.954828,0.243273,0.000000,0.000000,0.000000,-1,-0.004166,-1.268478,-0.073639,-0.771862,1.061994,-0.216475,205.691864,151.919418,-744.830627,0,1
194.040000,2.374950,1.319240,1.713039,-0.562997,-0.808219,-0.172675,-0.246398,-0.035287,0.968526,-0.788874,0.587824,-0.179277,-0.403598,0.653259,0.595610,-0.235817,-2.389171,2.137733,-0.687560,-0.067161,0.073018,-0.199693,0.172675,-0.968526,0.179277,0.000000,0.000000,0.000000,-1,0.105515,-0.895508,-0.020416,-2.387829,2.036661,-0.682799,205.691864,151.919418,-745.832642,0,0
194.080000,2.085113,1.358953,2.065640,-0.515443,-0.837142,-0.183060,-0.185040,-0.099852,0.977645,-0.836707,0.537794,-0.103436,-0.414682,0.616244,0.614788,-0.265174,-3.139931,1.163624,-0.529159,-0.163865,-0.032700,-0.126935,0.183060,-0.977645,0.103436,0.000000,0.000000,0.000000,-1,-0.048203,-1.061615,0.107239,-3.138588,1.062553,-0.524399,205.516647,151.046326,-745.331604,0,0
194.120000,1.426221,1.381579,2.728706,-0.521947,-0.832422,-0.186128,-0.075472,-0.172284,0.982152,-0.849632,0.526679,0.027099,-0.394727,0.575014,0.655997,-0.288473,-2.763190,-1.167967,0.049492,-0.134446,-0.280818,0.115996,0.186128,-0.982152,-0.027099,0.000000,0.000000,0.000000,-1,0.129333,-1.459198,0.099335,-2.824187,-1.070685,0.116803,206.918304,151.395554,-747.335632,0,0
194.160000,1.019750,1.337364,3.085944,-0.568870,-0.798465,-0.197078,-0.012866,-0.230960,0.972878,-0.822327,0.555977,0.121113,-0.367756,0.551543,0.692991,-0.283409,-2.143540,-1.767082,-0.725830,0.146382,-0.300834,0.235493,0.197078,-0.972878,-0.121113,0.000000,0.000000,0.000000,-1,0.343460,-1.273712,0.114380,-2.142198,-1.868151,-0.721070,207.619125,151.395554,-752.345703,0,0
194.200000,0.833258,1.286550,-3.024526,-0.584888,-0.784108,-0.207557,0.032754,-0.278515,0.959873,-0.810452,0.554620,0.188583,-0.355332,0.528628,0.716238,-0.285123,-0.893559,1.788732,-0.123807,0.067040,-0.100338,0.656174,0.207557,-0.959873,-0.188583,0.000000,0.000000,0.000000,-1,0.242508,-0.996399,0.558640,-0.892216,1.687663,-0.119046,209.371185,153.490997,-754.349731,0,0
194.240000,0.928569,1.250152,-2.931299,-0.427147,-0.868245,-0.252383,0.065793,-0.308235,0.949033,-0.901785,0.388771,0.188785,-0.416024,0.482215,0.693572,-0.336677,-2.300198,3.788478,0.015637,-0.091617,-0.151981,0.350803,0.252383,-0.949033,-0.188785,0.000000,0.000000,0.000000,-1,-0.006729,-1.223099,0.098679,-1.927074,4.194970,-0.170015,208.670364,154.887955,-750.675659,0,0
194.280000,0.757215,1.204037,-2.681245,-0.366228,-0.897332,-0.246317,0.159308,-0.322323,0.929418,-0.917655,0.285481,0.276423,-0.415774,0.434650,0.698780,-0.387192,-1.909202,1.189545,0.481519,-0.453040,-0.028269,0.298167,0.244482,-0.929418,-0.276423,0.000000,0.000000,0.000000,-1,-0.208557,-0.957687,0.021744,-1.907866,1.088476,0.486279,210.247208,154.014862,-751.510681,0,0
194.320000,0.665659,1.165562,-2.538405,-0.325757,-0.913567,-0.243470,0.223637,-0.324665,0.919010,-0.918623,0.244924,0.310069,-0.414981,0.415639,0.700088,-0.406094,-1.268739,0.844839,0.383472,-0.123490,0.155369,0.324123,0.243470,-0.919010,-0.310069,0.000000,0.000000,0.000000,-1,0.238022,-0.736893,0.032532,-1.267404,0.743771,0.388232,209.896805,152.617905,-750.842712,0,0
194.360000,0.591731,1.147032,-2.422025,-0.289112,-0.929412,-0.229364,0.271002,-0.309256,0.911547,-0.918135,0.201381,0.341282,-0.411965,0.399554,0.696357,-0.430962,-0.589393,0.507161,0.729599,0.096579,0.427890,0.344731,0.229364,-0.911547,-0.341282,0.000000,0.000000,0.000000,-1,0.312439,-0.379852,-0.047928,-0.706050,0.488771,0.722522,209.195984,151.220947,-750.508667,0,0
194.400000,0.531877,1.164859,-2.359094,-0.282678,-0.938076,-0.200264,0.278412,-0.280031,0.918733,-0.917922,0.203950,0.340330,-0.405285,0.406914,0.689753,-0.440914,0.499392,-0.432269,0.663334,0.098243,0.562852,0.237898,0.200264,-0.918733,-0.340330,0.000000,0.000000,0.000000,-1,0.298508,-0.355881,-0.102432,0.500728,-0.533335,0.668094,208.144745,153.316376,-750.508667,0,0
194.440000,0.590629,1.298307,-2.473124,-0.319411,-0.935689,-0.149874,0.166803,-0.211205,0.963104,-0.932820,0.282626,0.223537,-0.408735,0.470284,0.662222,-0.416209,1.819030,-0.284622,0.129028,-0.020830,0.236755,0.022365,0.149874,-0.963104,-0.223537,0.000000,0.000000,0.000000,-1,0.134827,-0.888855,-0.280640,1.820366,-0.385686,0.133788,206.042267,149.823975,-748.838684,0,0
194.480000,0.653193,1.320377,-2.540273,-0.321760,-0.934767,-0.150601,0.140194,-0.204342,0.968809,-0.936384,0.290611,0.196798,-0.414060,0.479745,0.656296,-0.409480,1.034766,0.018211,-0.120051,-0.024929,-0.504092,-0.391978,0.150601,-0.968809,-0.196798,0.000000,0.000000,0.000000,-1,0.125671,-1.472900,-0.588776,1.036102,-0.082853,-0.115290,206.042267,149.823975,-748.838684,0,1
194.520000,0.608659,1.303268,-2.491093,-0.318935,-0.935647,-0.151146,0.160085,-0.210363,0.964427,-0.934159,0.283393,0.216875,-0.410656,0.472148,0.660714,-0.414601,-1.615409,-0.024714,0.251865,-0.067360,-1.191167,-1.397917,0.151146,-0.964427,-0.216875,0.000000,0.000000,0.000000,-1,-0.038849,-1.658401,-1.587555,-1.614101,-0.125806,0.256631,204.465424,148.252396,-747.669678,0,0
194.560000,0.538053,1.290412,-2.397050,-0.297789,-0.944040,-0.141812,0.187519,-0.203503,0.960949,-0.936033,0.259567,0.237626,-0.408683,0.462779,0.659340,-0.429050,0.515397,0.764379,0.425860,-0.063611,0.291607,-0.831603,0.141812,-0.960949,-0.237626,0.000000,0.000000,0.000000,-1,0.121307,-0.593948,-0.612579,0.433321,0.380114,0.366873,205.341446,149.125504,-748.504639,0,0
194.600000,0.617935,1.273615,-2.382977,-0.210496,-0.962762,-0.169650,0.201441,-0.212530,0.956166,-0.956616,0.167094,0.238676,-0.436852,0.435686,0.644535,-0.451567,-0.264669,1.857438,-0.283166,0.136914,-0.488842,0.390806,0.169650,-0.956166,-0.238676,0.000000,0.000000,0.000000,-1,0.306564,-1.445007,0.152130,-0.263360,1.756348,-0.278399,204.815826,147.204681,-747.669678,0,0
194.640000,0.616389,1.267053,-2.389754,-0.219260,-0.960224,-0.172904,0.204276,-0.218468,0.954224,-0.954042,0.173903,0.244052,-0.434499,0.434954,0.648417,-0.448978,0.138753,-1.979364,-0.218174,-0.426581,0.153641,-0.283032,0.172904,-0.954224,-0.244052,0.000000,0.000000,0.000000,-1,-0.155197,-0.811356,-0.460876,0.140062,-2.080453,-0.213408,204.991028,147.030060,-746.166626,0,0
194.680000,0.523819,1.288536,-2.485451,-0.393036,-0.908908,-0.139317,0.169920,-0.220692,0.960428,-0.903687,0.353810,0.241181,-0.382908,0.482484,0.680975,-0.396060,0.992432,-3.857488,0.153194,0.525020,-0.193274,0.699952,0.139317,-0.960428,-0.241181,0.000000,0.000000,0.000000,-1,0.727142,-0.928940,0.476547,1.013461,-4.270374,0.094264,204.465424,147.903152,-748.337646,0,0
194.720000,0.616043,1.320882,-2.621331,-0.429873,-0.891509,-0.142905,0.122945,-0.214598,0.968934,-0.894480,0.398949,0.201856,-0.381729,0.503343,0.679398,-0.373291,1.313477,1.706264,-0.714728,0.502801,0.185868,0.485944,0.142905,-0.968934,-0.201856,0.000000,0.000000,0.000000,-1,0.645706,-0.783066,0.284088,1.314786,1.605176,-0.709961,203.589386,147.030060,-752.512695,0,0
194.760000,0.851526,1.344980,-2.820729,-0.393974,-0.903556,-0.168439,0.070616,-0.212475,0.974612,-0.916405,0.372077,0.147515,-0.409569,0.508425,0.662187,-0.367786,2.043019,0.865233,-0.205198,-0.248547,-0.087309,0.588540,0.168439,-0.974612,-0.147515,0.000000,0.000000,0.000000,-1,-0.321304,-1.202042,0.250519,2.044327,0.764145,-0.200431,203.063766,147.204681,-749.673706,0,0
194.800000,1.064710,1.393893,-3.119332,-0.465474,-0.871575,-0.153922,0.003917,-0.175938,0.984393,-0.885053,0.457606,0.085309,-0.395334,0.548686,0.657024,-0.333128,1.056212,-3.174293,-0.272888,-0.797019,-0.219952,-0.139347,0.153922,-0.984393,-0.085309,0.000000,0.000000,0.000000,-1,-0.587708,-1.133957,-0.080078,1.163364,-3.304819,-0.105343,204.115005,149.998596,-746.333618,0,0
194.840000,1.330345,1.400385,2.828030,-0.521765,-0.837038,-0.164709,-0.052309,-0.161319,0.985515,-0.851484,0.522823,0.040386,-0.387030,0.574469,0.656405,-0.298873,1.298112,-0.325305,-0.142683,-0.153433,-0.117314,0.104702,0.164709,-0.985515,-0.040386,0.000000,0.000000,0.000000,-1,0.011276,-1.102829,0.064316,1.299420,-0.426391,-0.137917,202.888565,147.728546,-745.832642,0,0
194.880000,1.542078,1.403068,2.620160,-0.515828,-0.840282,-0.166874,-0.083158,-0.144757,0.985967,-0.852647,0.522466,0.004794,-0.395011,0.584439,0.645248,-0.293346,1.062960,0.667092,-0.113722,-0.118488,0.211934,0.201601,0.166874,-0.985967,-0.004794,0.000000,0.000000,0.000000,-1,0.067917,-0.746353,0.165512,1.064268,0.566007,-0.108956,203.238968,147.728546,-748.504639,0,0
194.920000,1.750726,1.391294,2.449755,-0.479757,-0.859638,-0.175658,-0.113900,-0.137489,0.983933,-0.869977,0.492056,-0.031952,-0.415236,0.586135,0.629542,-0.296143,0.489845,1.009399,-0.200430,-0.038390,0.076508,-0.037460,0.175658,-0.983933,0.031952,0.000000,0.000000,0.000000,-1,0.155807,-0.990997,-0.047058,0.475019,0.849947,-0.233516,204.991028,149.474747,-746.500610,0,0
194.960000,2.031834,1.379263,2.231697,-0.421008,-0.890891,-0.170489,-0.150281,-0.116851,0.981714,-0.894521,0.438930,-0.084689,-0.441739,0.589247,0.602738,-0.307186,1.270827,1.565460,0.130970,-0.054339,-0.039237,-0.218173,0.170488,-0.981714,0.084689,0.000000,0.000000,0.000000,-1,0.116150,-1.020950,-0.133484,1.272136,1.464377,0.135736,203.764587,147.903152,-744.663574,0,0
195.000000,2.238224,1.360944,2.051117,-0.395260,-0.903880,-0.163615,-0.184744,-0.096255,0.978062,-0.899799,0.416816,-0.128941,-0.455504,0.597483,0.583647,-0.308036,1.380560,0.524320,0.121695,-0.148966,0.055378,-0.193806,0.163615,-0.978062,0.128941,0.000000,0.000000,0.000000,-1,-0.018066,-0.929276,-0.051224,1.381869,0.423237,0.126461,202.713364,147.553925,-741.991577,0,0
195.040000,2.418979,1.324562,1.851485,-0.408514,-0.898404,-0.161206,-0.234215,-0.067524,0.969837,-0.882191,0.433948,-0.182835,-0.458761,0.617216,0.568595,-0.292031,1.049665,-1.004565,0.086502,-0.179654,0.012196,-0.356983,0.161206,-0.969837,0.182835,0.000000,0.000000,0.000000,-1,0.014618,-0.925873,-0.263687,1.137267,-0.930693,0.102292,202.012527,149.998596,-739.319519,0,0
195.080000,2.439359,1.304448,1.780178,-0.450862,-0.876253,-0.170014,-0.257461,-0.054710,0.964739,-0.854656,0.478736,-0.200935,-0.448548,0.631880,0.571103,-0.270875,0.323188,-0.715360,-0.059971,-0.095536,-0.142653,-0.366310,0.170014,-0.964739,0.200935,0.000000,0.000000,0.000000,-1,0.074478,-1.107391,-0.165375,0.324496,-0.816441,-0.055205,203.238968,149.125504,-740.488525,0,0
195.120000,2.422885,1.299814,1.776048,-0.467669,-0.866155,-0.176243,-0.262059,-0.054556,0.963508,-0.844163,0.496789,-0.201470,-0.443948,0.635331,0.574621,-0.262824,0.040310,-0.800185,-0.061789,-0.248523,-0.032219,-0.237145,0.176243,-0.963508,0.201470,0.000000,0.000000,0.000000,-1,-0.115021,-0.954803,0.028320,0.041619,-0.901265,-0.057023,203.238968,149.125504,-740.488525,0,0
195.160000,2.375903,1.303072,1.776183,-0.507272,-0.842059,-0.183334,-0.258978,-0.053951,0.964375,-0.821952,0.536680,-0.190707,-0.429356,0.641098,0.585345,-0.249033,-0.286495,-1.159231,0.185961,-0.344863,-0.059901,-0.094866,0.183334,-0.964375,0.190707,0.000000,0.000000,0.000000,-1,-0.129898,-1.107300,0.090988,-0.201263,-1.223239,0.165169,203.063766,147.553925,-740.321533,0,0
195.200000,2.270009,1.329502,1.818031,-0.563071,-0.805918,-0.182888,-0.231694,-0.058479,0.971029,-0.793265,0.589132,-0.153798,-0.402867,0.643892,0.605754,-0.236987,-0.782225,-1.585004,0.479487,-0.061748,-0.334726,-0.029714,0.182888,-0.971029,0.153798,0.000000,0.000000,0.000000,-1,0.121140,-1.305756,0.124084,-0.780917,-1.686082,0.484253,203.238968,149.125504,-742.492554,0,0
195.240000,2.184594,1.358653,1.886031,-0.581187,-0.795359,-0.172123,-0.200181,-0.065281,0.977582,-0.788764,0.602613,-0.121275,-0.389027,0.639762,0.617493,-0.240965,-1.268052,0.251151,0.397840,0.101498,-0.231845,-0.076109,0.172123,-0.977582,0.121275,0.000000,0.000000,0.000000,-1,0.336411,-1.230087,0.142731,-1.266744,0.150074,0.402606,203.238968,149.125504,-742.492554,0,0
195.280000,1.886371,1.393888,2.255830,-0.528301,-0.832412,-0.167296,-0.136284,-0.111347,0.984393,-0.838048,0.542855,-0.054620,-0.399270,0.606542,0.629489,-0.276466,-1.966805,1.429208,-0.192266,0.278703,0.017565,0.151054,0.167296,-0.984393,0.054620,0.000000,0.000000,0.000000,-1,0.416351,-0.908112,0.175507,-1.958947,1.586811,-0.195122,200.961288,147.553925,-747.001648,0,1
195.320000,1.403609,1.387062,2.744751,-0.528181,-0.829801,-0.180155,-0.070616,-0.168504,0.983168,-0.846191,0.532012,0.030403,-0.390487,0.576470,0.657094,-0.288842,-1.962246,-1.172904,-0.426292,0.204748,-0.014299,0.169655,0.180155,-0.983168,-0.030403,0.000000,0.000000,0.000000,-1,0.384903,-0.997467,0.139252,-1.960938,-1.273980,-0.421526,201.662125,148.950882,-748.337646,0,0
195.360000,1.074967,1.352761,3.016586,-0.579120,-0.792730,-0.190262,-0.026970,-0.214624,0.976324,-0.814796,0.570540,0.102913,-0.364894,0.561601,0.688596,-0.278015,-2.114566,-2.551297,-0.502425,0.302352,-0.152216,0.198982,0.190262,-0.976324,-0.102913,0.000000,0.000000,0.000000,-1,0.467636,-1.114349,0.040939,-2.113257,-2.652372,-0.497660,201.662125,148.950882,-748.337646,0,0
195.400000,0.792475,1.286592,-3.077822,-0.657099,-0.726880,-0.199666,0.017869,-0.279823,0.959885,-0.753593,0.627171,0.196860,-0.326292,0.543235,0.730374,-0.254921,-1.105046,-2.061814,-0.735951,0.277522,-0.060043,0.269385,0.199666,-0.959885,-0.196860,0.000000,0.000000,0.000000,-1,0.506622,-0.984558,0.081741,-1.307628,-2.109801,-0.678119,202.538147,150.173218,-758.190796,0,0
195.440000,0.851064,1.267610,3.114882,-0.678116,-0.699823,-0.224514,-0.007974,-0.298456,0.954390,-0.734912,0.648977,0.196808,-0.325397,0.543795,0.737119,-0.234646,0.801245,0.612102,-0.714780,0.192646,0.033247,0.559311,0.224514,-0.954390,-0.196808,0.000000,0.000000,0.000000,-1,0.417160,-0.921143,0.362503,0.802554,0.511029,-0.710015,202.538147,150.173218,-758.190796,0,0
195.480000,0.938909,1.247961,3.059214,-0.651633,-0.714030,-0.255999,-0.026106,-0.316181,0.948340,-0.758085,0.624652,0.187394,-0.345382,0.535737,0.734031,-0.234297,-0.524759,1.352851,-0.925825,0.049878,0.108725,0.585633,0.255999,-0.948340,-0.187394,0.000000,0.000000,0.000000,-1,0.283981,-0.826263,0.268753,-0.523451,1.251778,-0.921060,203.589386,152.268661,-757.522766,0,0
195.520000,0.937861,1.189692,3.090541,-0.628937,-0.717287,-0.299898,-0.018980,-0.371461,0.928255,-0.777225,0.589506,0.220011,-0.361425,0.509280,0.745052,-0.234315,-0.824938,0.240881,-0.794107,-0.177369,0.053789,0.302042,0.299898,-0.928255,-0.220011,0.000000,0.000000,0.000000,-1,0.122009,-0.878067,0.022888,-0.930050,0.240455,-0.837554,204.465424,151.744797,-757.021790,0,0
195.560000,0.915665,1.168408,3.079104,-0.653639,-0.690160,-0.310540,-0.024456,-0.390853,0.920128,-0.756411,0.609026,0.238598,-0.353064,0.506011,0.755495,-0.220288,0.311662,-1.448089,-0.154405,-0.044396,0.009728,0.103802,0.310540,-0.920128,-0.238598,0.000000,0.000000,0.000000,-1,0.266144,-0.910400,-0.134796,0.312945,-1.549189,-0.149633,204.290207,152.967148,-759.192810,0,0
195.600000,0.906049,1.178908,3.042818,-0.685586,-0.663028,-0.300610,-0.037664,-0.380073,0.924190,-0.727017,0.644933,0.235600,-0.338706,0.517183,0.758495,-0.206120,0.748234,-1.299431,-0.006712,0.025226,0.217647,0.177342,0.300610,-0.924190,-0.235600,0.000000,0.000000,0.000000,-1,0.315918,-0.653305,-0.055511,0.749517,-1.400530,-0.001940,204.465424,153.141754,-760.695801,0,0
195.640000,0.960246,1.205843,2.944624,-0.712014,-0.638376,-0.292425,-0.069846,-0.350005,0.934140,-0.698683,0.685546,0.204621,-0.329154,0.537910,0.752768,-0.188813,1.038886,-0.503292,-0.062440,-0.041952,0.248044,0.138733,0.292425,-0.934140,-0.204621,0.000000,0.000000,0.000000,-1,0.220795,-0.741577,-0.108368,1.083870,-0.640381,-0.020757,204.465424,152.094040,-759.025818,0,0
195.680000,1.019050,1.222600,2.860426,-0.725714,-0.623624,-0.290572,-0.094676,-0.327805,0.939990,-0.681451,0.709674,0.178850,-0.325285,0.552055,0.747056,-0.177011,0.519998,-0.484881,0.201679,-0.134948,-0.196363,-0.121916,0.290572,-0.939990,-0.178850,0.000000,0.000000,0.000000,-1,0.155624,-1.136353,-0.300766,0.521281,-0.585978,0.206451,203.063766,152.792526,-759.359802,0,1
195.720000,0.995579,1.232907,2.864477,-0.739838,-0.612594,-0.278150,-0.090692,-0.318849,0.943456,-0.666644,0.723231,0.180340,-0.315702,0.556922,0.748169,-0.174393,-0.099809,-0.834644,0.280295,-0.244978,-0.076441,-0.321979,0.278150,-0.943456,-0.180340,0.000000,0.000000,0.000000,-1,0.049210,-0.939774,-0.519150,-0.098526,-0.935740,0.285067,201.486908,150.173218,-758.524780,0,0
195.760000,0.975277,1.247068,2.853463,-0.760839,-0.593106,-0.263344,-0.090392,-0.304990,0.948056,-0.642615,0.745122,0.178436,-0.302372,0.565113,0.749044,-0.167785,0.750040,-0.281223,0.265239,-0.083107,0.055554,-0.161163,0.263344,-0.948056,-0.178436,0.000000,0.000000,0.000000,-1,0.219849,-0.886353,-0.310349,0.617257,-0.444896,0.254752,201.311707,151.046326,-759.025818,0,0
195.800000,1.021262,1.278615,2.769009,-0.783726,-0.570472,-0.245633,-0.104854,-0.268279,0.957618,-0.612192,0.776266,0.150441,-0.289012,0.584167,0.742032,-0.156873,0.635703,-1.280928,0.316751,0.073001,-0.003060,-0.218669,0.245633,-0.957618,-0.150441,0.000000,0.000000,0.000000,-1,0.318634,-0.960678,-0.369110,0.636986,-1.382022,0.321523,201.311707,151.395554,-760.695801,0,0
195.840000,0.992469,1.291053,2.759309,-0.807398,-0.542818,-0.231208,-0.103000,-0.256178,0.961126,-0.580947,0.799826,0.150928,-0.272879,0.591670,0.744061,-0.147776,0.137063,-1.129377,0.283269,0.040063,-0.079721,-0.103207,0.231208,-0.961126,-0.150928,0.000000,0.000000,0.000000,-1,0.258652,-1.104858,-0.187820,0.138346,-1.230471,0.288041,199.209229,150.347839,-759.025818,0,0
195.880000,0.993395,1.303288,2.732199,-0.822401,-0.524028,-0.221478,-0.105217,-0.242486,0.964432,-0.559095,0.816453,0.144284,-0.262584,0.599089,0.743164,-0.140888,0.284320,-0.318773,-0.023044,0.097797,-0.128585,0.113171,0.221478,-0.964432,-0.144284,0.000000,0.000000,0.000000,-1,0.352921,-1.055954,-0.046478,0.310154,-0.447384,0.013493,199.209229,150.347839,-759.693848,0,0
195.920000,0.998858,1.310169,2.693558,-0.839792,-0.497795,-0.216677,-0.111629,-0.232253,0.966228,-0.531308,0.835619,0.139476,-0.251488,0.605818,0.743559,-0.129837,0.374128,-1.467913,0.063058,0.015256,0.125042,0.018245,0.216677,-0.966228,-0.139476,0.000000,0.000000,0.000000,-1,0.231934,-0.841187,-0.121231,0.375411,-1.569005,0.067830,198.158005,148.601639,-759.359802,0,0
195.960000,0.984255,1.321533,2.650460,-0.868719,-0.450681,-0.205458,-0.116345,-0.217531,0.969094,-0.481446,0.865775,0.136539,-0.230365,0.615355,0.745451,-0.112125,0.624987,-1.924740,0.143198,0.040224,0.177224,0.148654,0.205458,-0.969094,-0.136539,0.000000,0.000000,0.000000,-1,0.240143,-0.854813,0.027008,0.626269,-2.025832,0.147969,197.632385,151.220947,-759.192810,0,0
196.000000,1.086623,1.350157,2.493286,-0.892511,-0.407314,-0.193698,-0.132152,-0.174450,0.975758,-0.431230,0.896473,0.101871,-0.212172,0.635647,0.736348,-0.093421,1.223118,-0.600685,0.038086,0.024213,-0.178341,0.121418,0.193698,-0.975758,-0.101871,0.000000,0.000000,0.000000,-1,0.146973,-1.095230,0.007828,1.236200,-0.695374,0.069292,195.880325,149.823975,-761.864868,0,0
196.040000,1.132098,1.368424,2.371363,-0.922373,-0.340762,-0.181961,-0.139952,-0.144263,0.979593,-0.360058,0.929015,0.085374,-0.184740,0.650526,0.733487,-0.068444,0.203812,-2.419778,0.203260,-0.130416,0.037774,0.130037,0.181961,-0.979593,-0.085374,0.000000,0.000000,0.000000,-1,0.051544,-0.941818,0.044662,0.205095,-2.520867,0.208032,197.106766,147.903152,-759.693848,0,0
196.080000,1.077309,1.378634,2.360426,-0.945055,-0.280322,-0.168196,-0.134472,-0.135615,0.981593,-0.297972,0.950278,0.090468,-0.158186,0.655548,0.736739,-0.049492,0.387668,-1.723035,0.323608,-0.112608,-0.022923,0.187957,0.168196,-0.981593,-0.090468,0.000000,0.000000,0.000000,-1,0.090317,-1.026459,0.098053,0.388950,-1.824124,0.328379,194.128265,148.077774,-760.862854,0,0
196.120000,1.137487,1.403069,2.271564,-0.954711,-0.256068,-0.151513,-0.127602,-0.107645,0.985967,-0.268784,0.960646,0.070095,-0.143909,0.666515,0.730146,-0.043987,0.392946,-0.457123,0.336983,-0.069558,-0.012706,0.125118,0.151513,-0.985967,-0.070095,0.000000,0.000000,0.000000,-1,0.031357,-1.038528,0.040024,0.465504,-0.435247,0.327650,192.376205,148.077774,-762.866882,0,0
196.160000,1.118037,1.418887,2.240483,-0.968444,-0.208802,-0.136079,-0.118642,-0.093934,0.988484,-0.219179,0.973436,0.066197,-0.121750,0.672368,0.729482,-0.030899,0.249475,-1.252442,0.232591,-0.062776,0.008107,0.125203,0.136079,-0.988484,-0.066197,0.000000,0.000000,0.000000,-1,0.073303,-0.980377,0.059006,0.250758,-1.353530,0.237363,191.324966,147.030060,-762.532837,0,0
196.200000,1.129474,1.429973,2.201861,-0.974826,-0.183325,-0.126911,-0.113326,-0.082812,0.990101,-0.192020,0.979558,0.059952,-0.109584,0.676768,0.727597,-0.024052,0.384004,-0.644899,0.259214,-0.017994,0.001057,0.114960,0.126911,-0.990101,-0.059952,0.000000,0.000000,0.000000,-1,0.097366,-0.986359,0.046631,0.385287,-0.745986,0.263986,191.149765,147.553925,-760.695801,0,0
196.240000,1.231755,1.449304,2.063158,-0.982144,-0.149434,-0.114295,-0.106798,-0.057289,0.992629,-0.154880,0.987111,0.040307,-0.093326,0.686394,0.721065,-0.014782,0.648286,-1.130502,0.239346,-0.050208,0.010360,0.074456,0.114295,-0.992629,-0.040307,0.000000,0.000000,0.000000,-1,0.054810,-0.975937,0.042160,0.629415,-1.134061,0.236454,190.624146,146.680817,-760.528809,0,0
196.280000,1.400702,1.467077,1.838319,-0.990149,-0.095875,-0.102039,-0.099851,-0.027368,0.994626,-0.098152,0.995017,0.017526,-0.070166,0.697362,0.713275,0.001394,0.532266,-1.050008,0.187077,-0.058369,0.074765,0.163812,0.102039,-0.994626,-0.017526,0.000000,0.000000,0.000000,-1,0.043671,-0.919861,0.146286,0.533549,-1.151093,0.191847,189.572906,145.982346,-761.530823,0,0
196.320000,1.503894,1.473013,1.711275,-0.992575,-0.072843,-0.097409,-0.096666,-0.013669,0.995223,-0.073826,0.997250,0.006527,-0.060348,0.702207,0.709361,0.008396,0.406956,-0.573004,0.127801,-0.075940,0.039016,0.177471,0.097409,-0.995223,-0.006527,0.000000,0.000000,0.000000,-1,0.013748,-0.978119,0.150513,0.408239,-0.674089,0.132571,190.974548,144.934616,-760.528809,0,0
196.360000,1.669876,1.477841,1.515052,-0.994772,-0.043561,-0.092366,-0.092677,0.005172,0.995683,-0.042895,0.999037,-0.009182,-0.048058,0.708718,0.703637,0.017451,0.459901,-0.865618,0.130666,-0.085774,-0.041884,0.086720,0.092366,-0.995683,0.009182,0.000000,0.000000,0.000000,-1,0.003448,-1.065887,0.102676,0.434584,-0.956111,0.128235,188.171265,145.633102,-760.862854,0,0
196.400000,1.863049,1.479435,1.292390,-0.996064,-0.014944,-0.087366,-0.087721,0.025073,0.995829,-0.012691,0.999574,-0.026285,-0.035875,0.715441,0.697263,0.026094,0.362513,-0.391682,0.146620,-0.103662,0.018779,0.089864,0.087366,-0.995829,0.026285,0.000000,0.000000,0.000000,-1,-0.016296,-0.977051,0.116150,0.363796,-0.492765,0.151390,186.594406,145.458481,-760.695801,0,0
196.440000,1.963829,1.481719,1.176871,-0.996618,-0.000514,-0.082176,-0.082146,0.034144,0.996035,0.002294,0.999417,-0.034071,-0.028762,0.718476,0.694335,0.029392,0.292329,-0.785967,0.223633,-0.178841,-0.044187,-0.006559,0.082176,-0.996035,0.034071,0.000000,0.000000,0.000000,-1,-0.100937,-1.054108,0.002609,0.293611,-0.887049,0.228403,186.944809,143.712280,-760.361816,0,0
196.480000,2.085433,1.487364,0.989512,-0.995249,0.064936,-0.072542,-0.069649,0.045760,0.996522,0.068030,0.996840,-0.041020,-0.001633,0.721462,0.690737,0.048711,0.197316,-1.563021,0.279246,-0.061937,0.020600,-0.028736,0.072542,-0.996522,0.041019,0.000000,0.000000,0.000000,-1,0.097778,-0.926971,0.054535,0.215573,-1.717111,0.285131,185.192749,144.410767,-760.027832,0,0
196.520000,2.159431,1.490055,0.853782,-0.989728,0.126247,-0.067080,-0.060795,0.053001,0.996742,0.129391,0.990582,-0.044781,0.022651,0.722411,0.687740,0.067991,0.217011,-1.305672,0.091717,0.014112,0.044365,0.118442,0.067080,-0.996742,0.044781,0.000000,0.000000,0.000000,-1,0.081192,-0.952377,0.163223,0.218293,-1.406752,0.096486,185.367966,143.537659,-758.858826,0,0
196.560000,2.240001,1.485621,0.735183,-0.984279,0.163532,-0.066724,-0.057060,0.063099,0.996375,0.167149,0.984518,-0.052776,0.036735,0.724595,0.683448,0.080691,0.444512,-1.244184,0.067651,-0.074155,0.035483,0.071354,0.066724,-0.996375,0.052776,0.000000,0.000000,0.000000,-1,-0.028778,-0.957092,0.114059,0.445770,-1.345292,0.072427,183.440689,145.458481,-760.695801,0,0
196.600000,2.374947,1.471832,0.539523,-0.972574,0.222263,-0.068542,-0.050758,0.084768,0.995107,0.226986,0.971295,-0.071162,0.058777,0.729470,0.673915,0.101282,0.463406,-1.412804,0.037356,-0.143264,0.040639,-0.012355,0.068542,-0.995107,0.071162,0.000000,0.000000,0.000000,-1,-0.073349,-0.970093,0.062042,0.481670,-1.498015,0.037618,183.615906,144.236145,-758.858826,0,0
196.640000,2.432497,1.459325,0.418314,-0.956378,0.283008,-0.072434,-0.045188,0.101649,0.993793,0.288614,0.953716,-0.084426,0.081239,0.731856,0.665264,0.123333,0.382637,-1.315284,0.026106,-0.067658,-0.000072,0.023225,0.072434,-0.993793,0.084426,0.000000,0.000000,0.000000,-1,0.004776,-0.993866,0.107651,0.383895,-1.416390,0.030881,182.739868,144.410767,-759.693848,0,0
196.680000,2.468208,1.450593,0.345321,-0.945145,0.317976,-0.074783,-0.040591,0.112835,0.992784,0.324120,0.941360,-0.093739,0.094550,0.733437,0.659274,0.135970,0.392368,-1.199692,0.045687,-0.072921,-0.014494,0.003154,0.074783,-0.992624,0.095223,0.000000,0.000000,0.000000,-1,-0.001678,-0.999283,0.111389,0.393626,-1.300797,0.050463,182.564667,142.140701,-758.524780,0,0
196.720000,2.537777,1.438393,0.223690,-0.927515,0.366192,-0.074958,-0.029285,0.128728,0.991247,0.372636,0.921592,-0.108673,0.114488,0.735683,0.650022,0.152101,0.465115,-1.164535,0.158545,-0.063452,0.029547,-0.019638,0.074958,-0.991247,0.108673,0.000000,0.000000,0.000000,-1,0.006393,-0.965866,0.065979,0.453619,-1.228542,0.156911,180.637405,144.410767,-759.359802,0,0
196.760000,2.618475,1.419205,0.079720,-0.902843,0.423300,-0.075443,-0.012026,0.150532,0.988532,0.429802,0.893397,-0.130816,0.139141,0.738950,0.636690,0.170933,0.702939,-1.513366,0.142606,-0.103870,0.042014,-0.057543,0.075443,-0.988532,0.130816,0.000000,0.000000,0.000000,-1,-0.028427,-0.946518,0.073273,0.704196,-1.614469,0.147381,180.462189,142.839172,-758.190796,0,0
196.800000,2.646588,1.404813,0.001987,-0.880895,0.466758,-0.078487,-0.000328,0.165222,0.986256,0.473311,0.868814,-0.147460,0.160608,0.740226,0.624851,0.189293,0.559938,-1.741458,0.047348,-0.089308,0.033198,-0.179610,0.079527,-0.985866,0.147460,0.000000,0.000000,0.000000,-1,-0.009781,-0.952667,-0.032150,0.592094,-1.807557,0.062264,179.410950,144.585373,-756.520752,0,0
196.840000,2.619910,1.389009,-0.055720,-0.838341,0.537650,-0.090094,0.010068,0.180507,0.983522,0.545054,0.823620,-0.156740,0.185669,0.737494,0.612596,0.215306,0.262073,-1.883558,0.029998,-0.131079,0.012407,-0.229997,0.090094,-0.983522,0.156740,0.000000,0.000000,0.000000,-1,-0.065201,-1.003525,-0.059738,0.301555,-2.014356,0.027042,178.359726,142.489944,-756.520752,0,0
196.880000,2.551566,1.390602,-0.063062,-0.794779,0.598651,-0.099716,0.011295,0.178865,0.983809,0.606794,0.780784,-0.148919,0.209330,0.728451,0.605598,0.242470,-0.256354,-1.493368,0.057353,-0.236572,-0.193895,-0.083642,0.099716,-0.983809,0.148919,0.000000,0.000000,0.000000,-1,-0.136856,-1.177704,0.065277,-0.255095,-1.594469,0.062130,177.483688,144.061523,-757.355774,0,0
196.920000,2.492022,1.408258,-0.045959,-0.768080,0.632829,-0.097878,0.007435,0.161653,0.986820,0.640310,0.757229,-0.128867,0.223122,0.717391,0.607775,0.257248,-0.572672,-0.956444,0.365831,-0.224038,-0.207501,-0.159843,0.097878,-0.986820,0.128867,0.000000,0.000000,0.000000,-1,-0.126160,-1.194321,-0.030975,-0.542910,-1.160433,0.337783,177.658890,142.489944,-756.854797,0,0
196.960000,2.380695,1.436061,0.051924,-0.758706,0.644814,-0.092629,-0.006972,0.134147,0.990937,0.651396,0.752476,-0.097283,0.226069,0.705361,0.617915,0.263703,-1.017391,0.170081,0.051852,-0.085732,-0.129302,-0.117501,0.092629,-0.990937,0.097283,0.000000,0.000000,0.000000,-1,0.101166,-1.044296,-0.044571,-0.919538,-0.089001,0.047767,176.958069,143.188416,-758.524780,0,0
197.000000,1.876886,1.471730,0.599794,-0.784332,0.613131,-0.094307,-0.055829,0.081641,0.995097,0.617824,0.785751,-0.029803,0.202380,0.688436,0.646701,0.258605,-2.147119,1.325083,-0.353632,0.227440,0.071620,-0.089129,0.094307,-0.995097,0.029803,0.000000,0.000000,0.000000,-1,0.321747,-0.923477,-0.059326,-2.145860,1.223985,-0.348855,176.257248,143.537659,-757.522766,0,1
197.040000,1.178707,1.450534,1.332685,-0.801423,0.587732,-0.110869,-0.116588,0.028298,0.992777,0.586625,0.808560,0.045844,0.176377,0.667809,0.674346,0.261113,-2.959204,0.285605,-0.658041,0.282594,-0.139318,-0.033349,0.110869,-0.992777,-0.045844,0.000000,0.000000,0.000000,-1,0.393463,-1.132095,-0.079193,-2.957945,0.184507,-0.653264,176.082047,144.410767,-760.361816,0,0
197.080000,0.628976,1.344169,1.796161,-0.739475,0.660078,-0.132190,-0.219011,-0.050210,0.974430,0.636562,0.749517,0.181693,0.179612,0.613916,0.702029,0.313053,-2.322469,-3.779303,-0.702027,0.284497,-0.169522,0.258720,0.132190,-0.974430,-0.181693,0.000000,0.000000,0.000000,-1,0.416687,-1.143951,0.077026,-2.507198,-3.477620,-0.761905,177.658890,146.331573,-764.202881,0,0
197.120000,0.470530,1.298696,1.849304,-0.664898,0.736930,-0.121843,-0.258399,-0.073887,0.963208,0.700814,0.671919,0.239549,0.205815,0.581262,0.703266,0.353824,-0.437057,-1.222456,-0.271630,0.088805,-0.229129,0.542558,0.121843,-0.963208,-0.239549,0.000000,0.000000,0.000000,-1,0.210648,-1.192337,0.303009,-0.435798,-1.323552,-0.266854,176.257248,149.823975,-767.208923,0,0
197.160000,0.522324,1.284421,1.848388,-0.697757,0.702335,-0.140926,-0.271663,-0.077410,0.959274,0.662823,0.707625,0.244812,0.183603,0.586416,0.710630,0.342653,-0.972186,2.358327,0.032968,-0.244366,-0.252030,0.336944,0.140926,-0.959274,-0.244812,0.000000,0.000000,0.000000,-1,-0.103439,-1.211304,0.092133,-0.970927,2.257231,0.037744,178.885345,147.204681,-768.377930,0,0
197.200000,0.476434,1.209413,1.953621,-0.729881,0.664064,-0.162151,-0.327975,-0.132073,0.935408,0.599756,0.735918,0.314194,0.148323,0.566483,0.737589,0.336244,-1.928836,0.789548,-0.438718,-0.022182,0.140349,0.255844,0.162151,-0.935408,-0.314194,0.000000,0.000000,0.000000,-1,0.139969,-0.795059,-0.058350,-1.984854,0.588878,-0.377547,178.184509,150.697083,-767.041931,0,0
197.240000,0.482592,1.154191,1.988691,-0.747351,0.637338,-0.187793,-0.369836,-0.164225,0.914468,0.551985,0.752881,0.358445,0.120861,0.553327,0.753330,0.334241,-1.301639,1.220265,-0.264615,0.104093,0.074960,0.232224,0.187793,-0.914468,-0.358445,0.000000,0.000000,0.000000,-1,0.291885,-0.839508,-0.126221,-1.300380,1.119172,-0.259839,180.286987,150.697083,-770.715942,0,0
197.280000,0.477737,1.113865,2.027780,-0.762106,0.614855,-0.202849,-0.395924,-0.194675,0.897411,0.512288,0.764235,0.391799,0.100958,0.542133,0.766254,0.329779,-0.932496,0.361852,-0.029728,-0.063659,0.136302,0.274108,0.202849,-0.897411,-0.391799,0.000000,0.000000,0.000000,-1,0.139191,-0.761108,-0.117691,-0.931237,0.260759,-0.024952,182.564667,153.665619,-771.216980,0,0
197.320000,0.459865,1.088673,2.059052,-0.767641,0.606942,-0.205786,-0.409484,-0.217497,0.886012,0.493000,0.764406,0.415493,0.092686,0.532600,0.774699,0.328007,-0.346390,0.122445,0.097857,-0.091436,0.254787,0.243099,0.205786,-0.886012,-0.415493,0.000000,0.000000,0.000000,-1,0.114349,-0.631226,-0.172394,-0.413181,0.051026,0.094740,182.564667,154.713348,-771.551025,0,0
197.360000,0.445410,1.089280,2.069846,-0.767167,0.609625,-0.199526,-0.406640,-0.221647,0.886294,0.496083,0.761071,0.417938,0.095579,0.530938,0.775686,0.327538,0.192651,-0.306797,0.188524,-0.013430,0.381792,0.218948,0.199526,-0.886294,-0.417938,0.000000,0.000000,0.000000,-1,0.186096,-0.504501,-0.198990,0.193910,-0.407888,0.193300,182.739868,154.887955,-772.385986,0,0
197.400000,0.435036,1.117847,2.065491,-0.764056,0.618226,-0.184431,-0.385155,-0.207766,0.899160,0.517566,0.758043,0.396857,0.108227,0.538385,0.769526,0.325974,0.839044,-0.285597,0.179176,-0.004164,0.369848,0.172645,0.184431,-0.899160,-0.396857,0.000000,0.000000,0.000000,-1,0.180267,-0.529312,-0.224213,0.798910,-0.401498,0.205750,180.637405,154.189484,-772.052002,0,0
197.440000,0.457933,1.154122,2.033481,-0.762127,0.622212,-0.178925,-0.362168,-0.180648,0.914440,0.536653,0.761720,0.363023,0.117791,0.551918,0.759243,0.324132,1.010969,-0.040885,0.046403,0.024108,0.325146,0.101777,0.178925,-0.914440,-0.363023,0.000000,0.000000,0.000000,-1,0.203033,-0.589294,-0.261246,1.007956,-0.179079,0.053522,179.936569,152.443283,-771.049988,0,1
197.480000,0.498281,1.185708,1.989920,-0.762056,0.622127,-0.179525,-0.343128,-0.152871,0.926765,0.549121,0.767847,0.329965,0.123339,0.565513,0.749148,0.322117,0.953116,0.143356,-0.109093,0.005290,-0.122109,-0.156943,0.179525,-0.926765,-0.329965,0.000000,0.000000,0.000000,-1,0.184814,-1.048874,-0.486908,0.954375,0.042268,-0.104317,181.688629,150.347839,-770.047974,0,0
197.520000,0.538105,1.195015,1.968723,-0.772243,0.606846,-0.188091,-0.338325,-0.142215,0.930221,0.537751,0.781993,0.315136,0.117086,0.573344,0.746591,0.316495,-0.347533,0.594058,-0.020204,-0.092586,-0.626404,-0.733402,0.188091,-0.930221,-0.315136,0.000000,0.000000,0.000000,-1,0.095505,-1.556625,-1.048538,-0.346274,0.492969,-0.015428,181.688629,150.347839,-770.047974,0,0
197.560000,0.501098,1.159253,2.037107,-0.787590,0.585468,-0.192167,-0.357315,-0.179848,0.916505,0.502023,0.790494,0.350843,0.101753,0.560557,0.761295,0.309598,-0.918368,0.632665,0.279500,-0.020658,0.019700,-0.465960,0.192167,-0.916505,-0.350843,0.000000,0.000000,0.000000,-1,0.171509,-0.896805,-0.816803,-1.044825,0.526223,0.249541,183.615906,151.919418,-771.885010,0,0
197.600000,0.485400,1.157044,2.080497,-0.804449,0.563627,-0.187580,-0.350944,-0.196166,0.915619,0.479271,0.802399,0.355607,0.095013,0.559615,0.767499,0.297906,0.149993,0.711504,0.504572,-0.016423,0.210418,-0.102096,0.187580,-0.915619,-0.355607,0.000000,0.000000,0.000000,-1,0.171158,-0.705200,-0.457703,0.151228,0.610389,0.509354,183.615906,151.919418,-771.885010,0,0
197.640000,0.498834,1.171738,2.108792,-0.828515,0.528214,-0.185883,-0.333663,-0.199099,0.921427,0.449701,0.825439,0.341202,0.085706,0.567498,0.769548,0.279994,0.017215,0.983514,0.197393,0.200179,-0.519033,0.125504,0.185883,-0.921427,-0.341202,0.000000,0.000000,0.000000,-1,0.386063,-1.440460,-0.215698,0.018450,0.882400,0.202175,183.090286,152.094040,-770.381958,0,0
197.680000,0.500760,1.148764,2.130630,-0.836952,0.510724,-0.196653,-0.347085,-0.217525,0.912258,0.423135,0.831772,0.359322,0.072888,0.561272,0.776820,0.276064,-0.998494,-0.068484,0.030377,0.427050,-0.198658,0.276360,0.196653,-0.912258,-0.359322,0.000000,0.000000,0.000000,-1,0.569077,-0.978195,-0.413239,-0.821926,-0.164332,0.009801,184.842346,152.443283,-769.045959,0,0
197.720000,0.477636,1.124726,2.135685,-0.825687,0.528121,-0.198317,-0.364401,-0.230950,0.902149,0.430642,0.817160,0.383141,0.074369,0.550363,0.780989,0.285702,0.297781,-1.280023,-0.500728,0.139726,0.269810,0.840202,0.198317,-0.902149,-0.383141,0.000000,0.000000,0.000000,-1,0.389572,-0.491882,0.514679,0.299016,-1.381136,-0.495946,183.615906,152.617905,-769.546997,0,0
197.760000,0.425487,1.134303,2.096635,-0.780713,0.600030,-0.174502,-0.365650,-0.212202,0.906240,0.506741,0.771320,0.385070,0.107725,0.543931,0.771036,0.313111,0.326556,-2.639829,-0.203450,0.189435,0.253362,0.699019,0.174502,-0.906240,-0.385070,0.000000,0.000000,0.000000,-1,0.357056,-0.797043,0.320221,0.327790,-2.740940,-0.198668,183.615906,152.617905,-769.546997,0,0
197.800000,0.542829,1.211332,1.949723,-0.765991,0.616635,-0.181712,-0.326819,-0.130129,0.936085,0.553577,0.776420,0.301206,0.125432,0.577637,0.741169,0.318232,3.493071,0.943208,-0.556618,-0.150187,-0.241786,0.761762,0.181712,-0.936085,-0.301206,0.000000,0.000000,0.000000,-1,-0.097488,-1.462204,0.666779,3.361596,0.955577,-0.525356,182.915085,150.173218,-767.208923,0,0
197.840000,0.761920,1.289893,1.745449,-0.778887,0.597254,-0.191371,-0.273006,-0.048172,0.960805,0.564626,0.800604,0.200575,0.131063,0.618494,0.711975,0.305580,1.929792,0.086847,0.360128,-0.811015,-0.435130,-0.162737,0.191371,-0.960805,-0.200575,0.000000,0.000000,0.000000,-1,-0.805557,-1.153091,-0.834061,1.931027,-0.014263,0.364910,181.163025,148.776260,-762.532837,0,0
197.880000,0.651356,1.310986,1.787367,-0.743119,0.650782,-0.155748,-0.250896,-0.055203,0.966439,0.620343,0.757255,0.204301,0.164152,0.609019,0.707570,0.318583,0.830335,-0.811372,0.226316,-0.228044,-0.035072,-0.085372,0.155748,-0.966439,-0.204301,0.000000,0.000000,0.000000,-1,0.053940,-1.066666,-0.139969,0.415664,-1.268691,0.250054,181.163025,148.776260,-762.532837,0,0
197.920000,0.695270,1.346936,1.729693,-0.738241,0.659376,-0.142208,-0.219198,-0.035126,0.975048,0.637928,0.750992,0.170466,0.177778,0.619001,0.697107,0.315079,1.579577,-0.628329,0.675694,-0.016659,-0.014775,0.178690,0.142208,-0.975048,-0.170466,0.000000,0.000000,0.000000,-1,0.084656,-0.845200,0.083420,1.580812,-0.729437,0.680476,178.009308,148.427017,-761.530823,0,0
197.960000,0.704331,1.417622,1.624162,-0.679680,0.726825,-0.098797,-0.152359,-0.008138,0.988292,0.717511,0.686774,0.116270,0.230320,0.623553,0.671582,0.327281,0.850422,-1.639189,0.365986,-0.006451,0.125712,0.213957,0.098797,-0.988292,-0.116270,0.000000,0.000000,0.000000,-1,0.110947,-0.866516,0.086731,0.851657,-1.740296,0.370768,176.082047,147.553925,-761.029846,0,0
198.000000,0.748266,1.445243,1.553182,-0.662001,0.744645,-0.085198,-0.125205,0.002206,0.992129,0.738972,0.667457,0.091773,0.246992,0.626984,0.661734,0.328625,1.003516,-0.055295,0.323112,0.084449,0.109667,0.150321,0.085198,-0.992128,-0.091773,0.000000,0.000000,0.000000,-1,0.178513,-0.925674,0.052017,1.004750,-0.156402,0.327894,175.030807,146.855438,-758.691772,0,0
198.040000,0.981557,1.472222,1.353333,-0.687942,0.721139,-0.081819,-0.096097,0.021233,0.995145,0.719375,0.692465,0.054692,0.242967,0.643134,0.656011,0.311441,0.870921,1.420182,0.100916,0.082351,0.017027,0.118047,0.081819,-0.995145,-0.054692,0.000000,0.000000,0.000000,-1,0.143509,-0.963211,0.058868,0.927424,1.256537,0.113880,176.082047,145.109238,-758.357788,0,0
198.080000,1.464886,1.490674,0.946456,-0.742419,0.665191,-0.079589,-0.064938,0.046787,0.996792,0.666781,0.745206,0.008461,0.224907,0.667223,0.652705,0.279655,0.829562,1.440360,0.124682,-0.032042,0.049877,-0.014702,0.079589,-0.996792,-0.008461,0.000000,0.000000,0.000000,-1,0.018478,-0.970245,-0.052628,0.830797,1.339256,0.129464,176.082047,145.109238,-758.357788,0,0
198.120000,1.959438,1.492155,0.499747,-0.774686,0.628153,-0.072702,-0.037646,0.068953,0.996909,0.631224,0.775029,-0.029769,0.215714,0.684362,0.647295,0.257147,1.027564,1.179732,0.244940,-0.068277,-0.020745,-0.056609,0.072702,-0.996909,0.029769,0.000000,0.000000,0.000000,-1,0.004425,-1.017654,-0.026840,1.038361,1.219590,0.219196,176.082047,145.109238,-756.687744,0,0
198.160000,2.295091,1.484754,0.173076,-0.781213,0.620938,-0.064363,-0.014799,0.084652,0.996301,0.624089,0.779276,-0.056942,0.218562,0.693326,0.640238,0.248242,0.781748,-0.316285,0.209725,0.059416,0.029870,-0.237896,0.064363,-0.996301,0.056942,0.000000,0.000000,0.000000,-1,0.137436,-0.970108,-0.189987,0.815177,-0.172435,0.243894,176.432449,144.759995,-753.347717,0,0
198.200000,2.525438,1.457329,-0.115360,-0.744592,0.664305,-0.065432,0.013033,0.112472,0.993569,0.667393,0.738951,-0.092403,0.242559,0.698116,0.620427,0.262429,0.595180,-1.049299,-0.059349,-0.065768,0.010400,-0.101848,0.065432,-0.993569,0.092403,0.000000,0.000000,0.000000,-1,-0.080032,-1.008621,0.011612,0.596415,-1.150402,-0.054568,174.855606,145.283859,-754.182739,0,0
198.240000,2.570282,1.442859,-0.182256,-0.730054,0.679899,-0.068992,0.023125,0.125475,0.991827,0.682999,0.722492,-0.107326,0.250897,0.700510,0.611811,0.268373,0.373806,-0.314471,0.011043,-0.267737,-0.062891,-0.051861,0.068992,-0.991827,0.107326,0.000000,0.000000,0.000000,-1,-0.198746,-1.054718,0.055466,0.407842,-0.506786,-0.007527,174.855606,145.633102,-751.510681,0,0
198.280000,2.626031,1.436565,-0.246861,-0.724249,0.686375,-0.065980,0.032702,0.129771,0.991005,0.688763,0.715576,-0.116433,0.256131,0.701864,0.607874,0.268835,0.154215,-0.317461,0.141123,-0.167985,0.030265,-0.025338,0.065980,-0.991005,0.116433,0.000000,0.000000,0.000000,-1,-0.102005,-0.960739,0.091095,0.171398,-0.374046,0.137019,175.906830,144.585373,-751.844727,0,0
198.320000,2.651153,1.435772,-0.295637,-0.707876,0.703485,-0.063405,0.039220,0.128774,0.990898,0.705247,0.698946,-0.118747,0.265564,0.699177,0.604226,0.274842,0.101603,-1.042630,0.152422,-0.137395,0.066521,0.036298,0.063405,-0.990898,0.118747,0.000000,0.000000,0.000000,-1,-0.027664,-0.932938,0.156723,0.102837,-1.143730,0.157204,173.804367,146.331573,-751.510681,0,0
198.360000,2.703413,1.428848,-0.421071,-0.654749,0.753459,-0.060025,0.057825,0.129115,0.989942,0.753631,0.644693,-0.128107,0.293361,0.691370,0.591085,0.294219,0.481398,-1.645603,0.340299,0.091464,-0.002596,-0.062830,0.060025,-0.989942,0.128107,0.000000,0.000000,0.000000,-1,0.194992,-1.009308,0.033035,0.449596,-1.846363,0.344831,173.278748,145.109238,-751.677734,0,0
198.400000,2.725898,1.416547,-0.491827,-0.617965,0.783754,-0.062043,0.072554,0.135428,0.988127,0.782851,0.606126,-0.140554,0.311111,0.688104,0.579220,0.306965,0.209026,-1.172344,-0.092832,0.008636,-0.238603,-0.083272,0.062043,-0.988127,0.140554,0.000000,0.000000,0.000000,-1,0.070679,-1.226730,0.057281,0.266752,-1.191774,-0.066703,171.526688,143.363037,-750.675659,0,0
198.440000,2.705172,1.418185,-0.514035,-0.583728,0.809402,-0.064258,0.074747,0.132374,0.988377,0.808501,0.572141,-0.137771,0.324680,0.680785,0.573058,0.320497,-0.153955,-0.747722,0.269853,-0.184772,-0.322002,0.005967,0.064258,-0.988378,0.137771,0.000000,0.000000,0.000000,-1,-0.157333,-1.324463,0.112503,-0.152721,-0.848819,0.274635,172.577927,145.458481,-750.675659,0,0
198.480000,2.599755,1.447270,-0.359015,-0.622322,0.780178,-0.063542,0.043291,0.115357,0.992380,0.781563,0.614830,-0.105564,0.303267,0.678830,0.591904,0.311236,-1.466712,2.104087,-0.527400,-0.154439,-0.177557,-0.111377,0.063542,-0.992380,0.105564,0.000000,0.000000,0.000000,-1,0.014481,-1.111221,-0.013474,-1.283659,1.864155,-0.489957,170.300247,143.886902,-751.176697,0,1
198.520000,2.209235,1.480762,0.123035,-0.689589,0.720592,-0.072203,-0.011035,0.089234,0.995950,0.724116,0.687593,-0.053583,0.262088,0.676832,0.621847,0.294135,-2.177667,3.861914,-0.522179,0.091051,0.089547,-0.042536,0.072203,-0.995950,0.053583,0.000000,0.000000,0.000000,-1,0.218460,-0.838226,-0.055954,-2.093721,3.362216,-0.493108,173.804367,144.934616,-754.516724,0,0
198.560000,0.939755,1.431930,1.603877,-0.818717,0.563215,-0.111763,-0.138345,-0.004578,0.990373,0.557282,0.826298,0.081666,0.161396,0.658117,0.690102,0.254151,-3.136436,1.185559,-0.764398,-0.093117,0.009554,-0.116072,0.111763,-0.990373,-0.081666,0.000000,0.000000,0.000000,-1,0.003479,-0.997711,-0.078064,-3.135202,1.084464,-0.759617,176.432449,145.109238,-758.357788,0,0
198.600000,0.643107,1.323391,1.827610,-0.765616,0.626311,-0.146856,-0.236857,-0.062202,0.969551,0.598105,0.777088,0.195969,0.158600,0.613890,0.711299,0.303377,-1.565505,-3.187242,-1.124712,0.022166,-0.439308,0.451142,0.146856,-0.969551,-0.195969,0.000000,0.000000,0.000000,-1,0.169022,-1.408859,0.255173,-1.801819,-3.238728,-1.246240,178.885345,148.950882,-763.701904,0,0
198.640000,0.581257,1.296193,1.840152,-0.731854,0.664997,-0.148890,-0.261387,-0.072160,0.962533,0.629338,0.743352,0.226632,0.168577,0.598553,0.712504,0.325045,-1.078107,-1.911792,-0.413576,0.020544,-0.261466,0.794076,0.148890,-0.962533,-0.226632,0.000000,0.000000,0.000000,-1,0.083405,-1.253174,0.421875,-1.165008,-2.523092,-0.552307,176.782867,149.649353,-764.703857,0,0
198.680000,0.589472,1.228257,1.955079,-0.797062,0.574306,-0.186723,-0.311383,-0.125919,0.941905,0.517430,0.808899,0.279195,0.111426,0.589904,0.741986,0.298418,-2.418116,3.215753,-0.158145,-0.268739,-0.356115,0.240956,0.186723,-0.941905,-0.279195,0.000000,0.000000,0.000000,-1,-0.180649,-1.212891,-0.246658,-2.416906,3.114631,-0.153358,179.410950,150.871704,-765.872925,0,0
198.720000,0.496464,1.146375,2.111156,-0.824553,0.530698,-0.196145,-0.353123,-0.211845,0.911277,0.442060,0.820659,0.362079,0.079394,0.559158,0.774351,0.285342,-1.576310,1.223090,0.189405,-0.150155,0.096946,0.362811,0.196145,-0.911277,-0.362079,0.000000,0.000000,0.000000,-1,0.045990,-0.814331,0.000732,-1.692966,1.048894,0.247944,180.286987,153.141754,-766.707886,0,0
198.760000,0.484888,1.112143,2.169227,-0.843716,0.495536,-0.206366,-0.365802,-0.249417,0.896649,0.392851,0.832007,0.391705,0.059152,0.548314,0.788168,0.273209,-1.312305,1.339815,0.255110,0.095468,0.224485,0.428051,0.206366,-0.896650,-0.391705,0.000000,0.000000,0.000000,-1,0.301834,-0.672165,0.036346,-1.336672,1.272587,0.236625,182.915085,156.110306,-769.546997,0,0
198.800000,0.461118,1.074391,2.245596,-0.864986,0.454852,-0.211915,-0.371885,-0.297544,0.879300,0.336898,0.839391,0.426524,0.038837,0.534069,0.804527,0.256902,-0.753581,0.527749,0.286656,0.064986,0.359067,0.338328,0.211915,-0.879300,-0.426524,0.000000,0.000000,0.000000,-1,0.254913,-0.517822,-0.087997,-0.752370,0.426630,0.291444,183.966309,156.110306,-770.548950,0,0
198.840000,0.439036,1.070027,2.278499,-0.871768,0.445392,-0.204075,-0.364808,-0.312109,0.877213,0.327010,0.839175,0.434569,0.037986,0.530351,0.809081,0.250346,0.137758,-0.155070,0.249065,0.001919,0.351182,0.346846,0.204075,-0.877213,-0.434569,0.000000,0.000000,0.000000,-1,0.213593,-0.530273,-0.097900,0.034839,-0.195751,0.257919,185.543167,158.729599,-770.381958,0,0
198.880000,0.433011,1.086012,2.277007,-0.871523,0.449677,-0.195544,-0.354558,-0.302425,0.884775,0.338726,0.840434,0.423007,0.044425,0.535278,0.805754,0.249529,0.715651,-0.245341,0.140986,0.043638,0.353373,0.303027,0.195544,-0.884775,-0.423007,0.000000,0.000000,0.000000,-1,0.232178,-0.562790,-0.140503,0.643612,-0.359134,0.177486,183.090286,156.284927,-770.381958,0,0
198.920000,0.453272,1.127793,2.244420,-0.870045,0.455835,-0.187712,-0.335022,-0.267405,0.903468,0.361638,0.848946,0.385369,0.054751,0.551650,0.794169,0.248958,1.129137,-0.125605,0.092276,0.028291,0.316325,0.186761,0.187712,-0.903468,-0.385369,0.000000,0.000000,0.000000,-1,0.196167,-0.640228,-0.204391,1.130348,-0.226721,0.097064,184.667145,155.062576,-769.880981,0,0
198.960000,0.487515,1.156856,2.215335,-0.873661,0.448572,-0.188413,-0.321525,-0.241666,0.915543,0.365154,0.860454,0.355361,0.056221,0.564941,0.785921,0.244966,0.883910,0.586780,0.043897,-0.038617,0.143616,0.079467,0.188413,-0.915543,-0.355361,0.000000,0.000000,0.000000,-1,0.157669,-1.003693,-0.441833,0.885121,0.485665,0.048684,183.090286,154.887955,-770.381958,0,1
199.000000,0.526239,1.162552,2.218701,-0.889446,0.411245,-0.199406,-0.316547,-0.239595,0.917819,0.329672,0.879472,0.343285,0.041424,0.571525,0.786182,0.231433,-0.609907,0.749321,0.279818,-0.015858,-0.661237,-0.769172,0.199406,-0.917819,-0.343285,0.000000,0.000000,0.000000,-1,0.126511,-1.611786,-1.308990,-0.447248,0.832567,0.205406,185.718369,154.713348,-769.546997,0,0
199.040000,0.439910,1.131043,2.301130,-0.890662,0.416957,-0.181295,-0.317138,-0.284003,0.904857,0.325798,0.863417,0.385183,0.045159,0.552602,0.799976,0.229411,-0.668499,-0.660799,0.254916,-0.144353,-0.094548,-0.721018,0.181295,-0.904857,-0.385184,0.000000,0.000000,0.000000,-1,0.060349,-0.867355,-0.929565,-0.667288,-0.761913,0.259703,185.543167,155.586441,-770.047974,0,0
199.080000,0.415132,1.134905,2.338586,-0.898583,0.404414,-0.170285,-0.303764,-0.293251,0.906494,0.316663,0.866287,0.386357,0.045581,0.552036,0.802837,0.220524,-0.110012,1.464196,0.469997,-0.014173,0.300216,0.254079,0.170285,-0.906494,-0.386357,0.000000,0.000000,0.000000,-1,0.156113,-0.606277,-0.132278,0.058896,0.945377,0.484394,182.915085,156.110306,-771.216980,0,0
199.120000,0.442752,1.127373,2.377470,-0.920135,0.345782,-0.183810,-0.296850,-0.309758,0.903288,0.255404,0.885711,0.387665,0.022126,0.552881,0.808944,0.198602,-0.557625,2.245317,0.305465,-0.167132,0.145323,0.159134,0.183810,-0.903288,-0.387665,0.000000,0.000000,0.000000,-1,0.087509,-0.763306,-0.315323,-0.553086,2.148500,0.346363,186.944809,156.983398,-768.711914,0,0
199.160000,0.505443,1.122151,2.364101,-0.929608,0.302856,-0.210017,-0.304269,-0.309119,0.901036,0.207963,0.901512,0.379510,-0.000635,0.556996,0.809048,0.187605,0.564294,-0.032258,-0.572061,0.271138,-0.378612,0.192177,0.210017,-0.901036,-0.379510,0.000000,0.000000,0.000000,-1,0.488449,-1.220779,-0.100708,0.565504,-0.133369,-0.567274,188.346466,156.983398,-768.043945,0,0
199.200000,0.484169,1.126471,2.348135,-0.920335,0.336082,-0.200083,-0.306389,-0.301489,0.902901,0.243126,0.892274,0.380442,0.013341,0.556418,0.806577,0.199135,0.104301,-1.757188,0.161994,0.215078,0.003075,0.014628,0.200083,-0.902901,-0.380443,0.000000,0.000000,0.000000,-1,0.415955,-1.141281,-0.606430,0.105512,-1.858299,0.166782,186.944809,156.983398,-767.375916,0,0
199.240000,0.384902,1.165097,2.317730,-0.882830,0.445706,-0.148183,-0.289593,-0.268130,0.918827,0.369794,0.854080,0.365786,0.069846,0.558774,0.793213,0.231747,0.990910,-2.480474,0.005502,0.419139,0.025928,0.813586,0.148183,-0.918827,-0.365786,0.000000,0.000000,0.000000,-1,0.661346,-0.866318,0.264694,1.084115,-2.999377,-0.037770,185.543167,156.983398,-768.043945,0,0
199.280000,0.471418,1.218749,2.215803,-0.876280,0.455643,-0.156600,-0.275544,-0.207307,0.938669,0.395233,0.865687,0.307209,0.077167,0.583473,0.773110,0.236443,1.683450,-0.089198,-0.375651,0.129334,0.146097,0.375904,0.156600,-0.938669,-0.307209,0.000000,0.000000,0.000000,-1,-0.001556,-0.919098,0.327576,1.684661,-0.190307,-0.370864,185.543167,154.887955,-767.375916,0,0
199.320000,0.594049,1.267418,2.086305,-0.873263,0.457659,-0.167214,-0.259922,-0.147275,0.954333,0.412132,0.876846,0.247565,0.081313,0.607952,0.753011,0.238237,1.713089,0.323470,-0.211900,-0.571359,-0.383436,0.670813,0.167214,-0.954333,-0.247565,0.000000,0.000000,0.000000,-1,-0.404144,-1.337769,0.423248,1.768324,0.132193,-0.241340,184.667145,154.364105,-766.206909,0,0
199.360000,0.698970,1.300711,1.956305,-0.862447,0.476144,-0.171676,-0.247232,-0.100330,0.963748,0.441658,0.873625,0.204248,0.091701,0.624073,0.736041,0.245698,0.696150,-0.926368,-0.099316,-0.464080,-0.130322,-0.323081,0.171676,-0.963748,-0.204248,0.000000,0.000000,0.000000,-1,-0.292404,-1.094070,-0.527328,0.858545,-1.039299,-0.203688,186.594406,153.840240,-765.037903,0,0
199.400000,0.699441,1.321334,1.931817,-0.853938,0.495509,-0.158940,-0.230968,-0.087206,0.969045,0.466310,0.864214,0.188915,0.105302,0.628056,0.729736,0.248883,0.928226,-0.859681,0.533928,-0.028295,-0.149088,0.006191,0.158940,-0.969045,-0.188915,0.000000,0.000000,0.000000,-1,0.109528,-1.061172,-0.049362,0.775017,-0.846426,0.446294,187.120026,153.316376,-764.202881,0,0
199.440000,0.727696,1.405124,1.811943,-0.815387,0.568429,-0.109694,-0.160143,-0.039385,0.986308,0.556326,0.821789,0.123144,0.158787,0.642818,0.703192,0.259023,1.304560,-1.628530,0.400286,-0.047834,0.203852,0.285726,0.109694,-0.986308,-0.123144,0.000000,0.000000,0.000000,-1,0.061859,-0.782455,0.162582,1.340886,-1.756120,0.418633,184.667145,151.919418,-761.864868,0,0
199.480000,0.777624,1.439148,1.718199,-0.792632,0.602705,-0.092096,-0.129845,-0.019279,0.991347,0.595714,0.797731,0.093539,0.182420,0.648038,0.690190,0.265343,1.018822,-1.292449,0.399791,0.040014,0.188109,0.260211,0.092096,-0.991347,-0.093539,0.000000,0.000000,0.000000,-1,0.141052,-0.793610,0.166153,1.064822,-1.444373,0.451117,183.966309,150.871704,-761.864868,0,0
199.520000,1.060614,1.469547,1.425390,-0.788268,0.608978,-0.088205,-0.100010,0.014645,0.994879,0.607151,0.793052,0.049360,0.192177,0.662109,0.675089,0.262553,1.011555,1.324476,-0.090613,0.067495,0.099569,0.182737,0.088205,-0.994879,-0.049359,0.000000,0.000000,0.000000,-1,0.115540,-0.938217,0.093857,1.012766,1.223372,-0.085826,181.688629,149.649353,-760.695801,0,0
199.560000,1.530773,1.473191,1.043429,-0.839197,0.535040,-0.097372,-0.084210,0.049043,0.995240,0.537269,0.843402,0.003899,0.164211,0.686356,0.669711,0.231163,0.848420,2.163079,-0.104300,-0.193762,0.031037,0.133126,0.097372,-0.995240,-0.003899,0.000000,0.000000,0.000000,-1,-0.096390,-0.964203,0.129227,0.810135,2.066151,-0.142709,183.265488,149.474747,-759.192810,0,0
199.600000,1.905190,1.470232,0.728446,-0.870563,0.482831,-0.094834,-0.066834,0.074916,0.994948,0.487497,0.872503,-0.032949,0.147877,0.703283,0.663833,0.207004,1.187243,1.854951,0.153967,-0.171326,0.024885,0.074610,0.094834,-0.994948,0.032949,0.000000,0.000000,0.000000,-1,-0.045410,-0.971268,0.038651,1.127819,1.865122,0.127008,183.440689,148.950882,-757.355774,0,0
199.640000,2.421309,1.446224,0.239277,-0.885319,0.457706,-0.081955,-0.029447,0.120710,0.992251,0.464052,0.880872,-0.093389,0.147784,0.724468,0.646378,0.188416,1.280722,-0.425300,0.311079,-0.002335,0.021807,-0.284169,0.081955,-0.992251,0.093389,0.000000,0.000000,0.000000,-1,0.102051,-0.960190,-0.215454,1.281910,-0.526429,0.315872,184.491928,148.950882,-754.015747,0,0
199.680000,2.577709,1.420619,0.032885,-0.862104,0.500382,-0.079964,-0.004919,0.149533,0.988745,0.506707,0.852794,-0.126451,0.169421,0.731110,0.629706,0.200610,0.861986,-1.902516,0.089407,0.024253,0.066610,-0.210466,0.079964,-0.988744,0.126451,0.000000,0.000000,0.000000,-1,0.104218,-0.922134,-0.084015,0.937838,-1.884839,0.134326,185.543167,147.204681,-753.681763,0,0
199.720000,2.584616,1.397247,-0.038598,-0.828133,0.553050,-0.091282,0.006663,0.172551,0.984978,0.560493,0.815084,-0.146580,0.190982,0.732677,0.614207,0.222395,0.571529,-0.881936,-0.175800,-0.063389,-0.068580,-0.033803,0.091282,-0.984978,0.146580,0.000000,0.000000,0.000000,-1,-0.025040,-1.078110,0.122009,0.588520,-1.237493,-0.157268,184.141525,147.903152,-754.015747,0,0
199.760000,2.606097,1.382952,-0.067393,-0.824306,0.558069,-0.095288,0.012575,0.186318,0.982409,0.566005,0.808607,-0.160601,0.193635,0.736754,0.607739,0.224394,0.094822,0.138354,0.073760,-0.239331,-0.019529,-0.115480,0.095288,-0.982409,0.160601,0.000000,0.000000,0.000000,-1,-0.144043,-1.001938,0.045120,0.096010,0.037227,0.078553,184.667145,149.823975,-752.178711,0,0
199.800000,2.613720,1.388925,-0.096849,-0.811929,0.576603,-0.091104,0.017490,0.180023,0.983507,0.583494,0.796945,-0.156251,0.202669,0.732837,0.607383,0.230132,-0.030182,-1.317116,0.209353,-0.118616,-0.070112,-0.065140,0.091104,-0.983507,0.156251,0.000000,0.000000,0.000000,-1,-0.027512,-1.053619,0.091110,-0.071364,-1.174406,0.206066,184.842346,149.649353,-751.343689,0,0
199.840000,2.602166,1.387883,-0.138606,-0.779992,0.618775,-0.093429,0.025131,0.180151,0.983318,0.625284,0.764632,-0.156067,0.221316,0.727360,0.600786,0.247028,0.288287,-1.656468,0.149933,0.026001,-0.277623,-0.051590,0.093429,-0.983318,0.156067,0.000000,0.000000,0.000000,-1,0.119431,-1.260941,0.104477,0.243757,-1.925056,0.188961,183.090286,147.903152,-751.677734,0,0
199.880000,2.583957,1.384281,-0.165272,-0.751396,0.652515,-0.098129,0.030508,0.182909,0.982656,0.659146,0.735370,-0.157344,0.236135,0.723127,0.593958,0.261806,-0.161759,-0.251832,0.059202,-0.144791,-0.319620,-0.003261,0.098129,-0.982656,0.157344,0.000000,0.000000,0.000000,-1,-0.094025,-1.188965,0.152206,-0.160572,-0.352957,0.063995,182.915085,147.379303,-751.844727,0,0
199.920000,2.545879,1.400676,-0.095205,-0.771431,0.629182,-0.094995,0.016094,0.168534,0.985564,0.636110,0.758766,-0.140139,0.223704,0.721128,0.604723,0.253459,-0.876881,1.597813,-0.214639,-0.214059,-0.230622,-0.111361,0.094995,-0.985564,0.140139,0.000000,0.000000,0.000000,-1,-0.119064,-1.216187,0.028778,-0.803258,1.261452,-0.124486,182.564667,149.474747,-751.844727,0,1
199.960000,2.424685,1.425239,0.096049,-0.812713,0.574818,-0.095302,-0.013910,0.144375,0.989425,0.582498,0.805444,-0.109340,0.195097,0.718754,0.624299,0.235755,-1.628280,2.685349,-0.366568,0.098256,-0.005799,-0.126979,0.095302,-0.989425,0.109340,0.000000,0.000000,0.000000,-1,0.256943,-0.939255,0.010315,-1.463267,2.412565,-0.301111,185.192749,149.649353,-752.011719,0,0
200.000000,1.730114,1.449738,0.948854,-0.889011,0.442089,-0.119233,-0.098149,0.070358,0.992681,0.447243,0.894207,-0.019158,0.122259,0.703301,0.670726,0.201363,-2.768445,3.304761,-0.893977,0.085692,0.106665,-0.123879,0.119233,-0.992681,0.019158,0.000000,0.000000,0.000000,-1,0.059235,-1.018066,-0.203659,-2.767259,3.203638,-0.889182,185.192749,149.649353,-752.011719,0,0
200.040000,0.816412,1.365510,1.873070,-0.884920,0.441420,-0.148543,-0.194606,-0.060684,0.979003,0.423137,0.895246,0.139603,0.095080,0.648967,0.722012,0.220227,-2.516577,-2.333021,-0.613891,-0.055449,-0.221635,0.157517,0.148543,-0.979003,-0.139603,0.000000,0.000000,0.000000,-1,0.093094,-1.200638,0.017914,-2.587256,-2.038635,-0.576048,187.120026,149.474747,-752.846741,0,0
200.080000,0.605769,1.298453,1.988900,-0.834950,0.528583,-0.153161,-0.245819,-0.109217,0.963143,0.492373,0.841827,0.221127,0.115261,0.613312,0.735747,0.263134,-2.169459,-3.594920,-0.782217,0.094321,-0.437614,0.287609,0.153161,-0.963143,-0.221127,0.000000,0.000000,0.000000,-1,0.262909,-1.384781,0.250397,-2.088198,-3.592037,-0.709630,186.594406,152.443283,-756.687744,0,0
200.120000,0.501539,1.241251,2.047399,-0.806473,0.570434,-0.155585,-0.287549,-0.148462,0.946189,0.516640,0.807814,0.283758,0.120655,0.586143,0.748113,0.286716,-0.304746,2.465288,-0.070626,0.083520,-0.211388,0.960272,0.155585,-0.946189,-0.283758,0.000000,0.000000,0.000000,-1,0.233658,-1.049942,0.622391,-0.303557,2.364168,-0.065829,186.594406,152.094040,-759.359802,0,0
200.160000,0.583756,1.194864,2.146969,-0.884499,0.420375,-0.202354,-0.307867,-0.200025,0.930166,0.350543,0.885028,0.306341,0.047919,0.586969,0.773121,0.235488,-2.617596,2.850662,0.299899,-0.271278,-0.093882,0.394369,0.202354,-0.930166,-0.306341,0.000000,0.000000,0.000000,-1,-0.068924,-1.024048,0.088028,-2.395281,3.187273,0.210931,186.944809,152.443283,-761.029846,0,0
200.200000,0.501348,1.127246,2.301723,-0.908620,0.363139,-0.206252,-0.319525,-0.286483,0.903234,0.268912,0.886599,0.376336,0.019537,0.558077,0.801785,0.212857,-2.218992,1.127895,0.346893,-0.264602,0.113149,0.256524,0.206252,-0.903234,-0.376336,0.000000,0.000000,0.000000,-1,-0.058350,-0.790085,-0.119812,-2.217804,1.026776,0.351691,188.521667,152.617905,-761.530823,0,0
200.240000,0.478172,1.073154,2.369201,-0.918080,0.329968,-0.219658,-0.333123,-0.341903,0.878710,0.214845,0.879900,0.423814,-0.001469,0.536741,0.819115,0.202380,-1.139352,0.834739,-0.022156,-0.012139,0.148440,0.306840,0.219658,-0.878710,-0.423814,0.000000,0.000000,0.000000,-1,0.284332,-0.733368,-0.089478,-1.138163,0.733622,-0.017359,188.521667,152.617905,-761.530823,0,0
200.280000,0.461667,1.046757,2.419100,-0.926650,0.302720,-0.222891,-0.330881,-0.375366,0.865805,0.178431,0.876049,0.447997,-0.013405,0.525187,0.829158,0.191037,-0.520686,0.212980,0.361024,0.147684,0.338446,0.308105,0.222891,-0.865805,-0.447997,0.000000,0.000000,0.000000,-1,0.370575,-0.527359,-0.139893,-0.614057,0.269810,0.350195,189.923325,154.713348,-762.532837,0,0
200.320000,0.423767,1.051195,2.446476,-0.928651,0.309710,-0.204174,-0.318018,-0.381328,0.868017,0.190977,0.871016,0.452614,-0.003970,0.523142,0.831052,0.188835,0.274048,-0.692359,0.407409,0.155736,0.351919,0.289741,0.204174,-0.868017,-0.452614,0.000000,0.000000,0.000000,-1,0.359909,-0.516098,-0.162872,0.275236,-0.793475,0.412206,189.748108,154.189484,-763.033875,0,0
200.360000,0.389792,1.082678,2.453883,-0.927780,0.327821,-0.178205,-0.297685,-0.362370,0.883217,0.224960,0.872480,0.433787,0.014165,0.531889,0.825218,0.189497,0.992678,-0.655283,0.379110,0.105502,0.384636,0.329768,0.178205,-0.883217,-0.433787,0.000000,0.000000,0.000000,-1,0.271896,-0.507523,-0.105240,0.993867,-0.756398,0.383907,189.748108,154.189484,-763.033875,0,1
200.400000,0.391825,1.134681,2.424201,-0.923971,0.346780,-0.161313,-0.277709,-0.318304,0.906399,0.262975,0.882285,0.390408,0.031328,0.551194,0.811277,0.192440,1.284173,-0.311168,0.074376,0.039539,0.259274,0.246991,0.161313,-0.906399,-0.390408,0.000000,0.000000,0.000000,-1,0.200851,-0.647125,-0.143417,1.282201,-0.517199,0.108402,188.696869,152.443283,-762.031860,0,0
200.440000,0.431608,1.166639,2.385554,-0.924710,0.343290,-0.164507,-0.269783,-0.286108,0.919434,0.268566,0.894591,0.357181,0.032468,0.565999,0.801249,0.191287,1.061727,0.462447,-0.148981,-0.077745,0.114579,0.111057,0.164507,-0.919434,-0.357181,0.000000,0.000000,0.000000,-1,0.060440,-0.960693,-0.322449,1.125730,0.269159,-0.101911,188.521667,152.268661,-759.192810,0,0
200.480000,0.489937,1.187644,2.357380,-0.932914,0.314202,-0.175921,-0.264036,-0.264663,0.927491,0.244860,0.911719,0.329868,0.021682,0.578443,0.794897,0.181859,-0.060428,0.743947,0.225909,-0.195681,-0.695434,-0.561230,0.175921,-0.927491,-0.329868,0.000000,0.000000,0.000000,-1,-0.010757,-1.730606,-1.167969,-0.059240,0.642834,0.230706,187.470428,150.871704,-758.524780,0,0
200.520000,0.426328,1.175752,2.421804,-0.936252,0.313216,-0.159147,-0.253702,-0.289385,0.922980,0.243037,0.904518,0.350401,0.026134,0.569312,0.802502,0.176610,-0.265137,-0.448660,0.316518,0.032046,-0.001795,-0.767870,0.159147,-0.922980,-0.350401,0.000000,0.000000,0.000000,-1,0.191193,-0.924774,-1.118271,-0.446636,-0.480810,0.354929,187.470428,150.871704,-758.524780,0,0
200.560000,0.396383,1.187504,2.432680,-0.933321,0.328731,-0.144386,-0.243461,-0.283874,0.927438,0.263891,0.900750,0.344979,0.037329,0.571067,0.800340,0.178734,0.530528,-0.749917,0.203799,0.149544,0.346582,-0.088188,0.144386,-0.927438,-0.344979,0.000000,0.000000,0.000000,-1,0.300522,-0.649780,-0.075195,0.517994,-0.863707,0.237525,187.120026,149.125504,-758.190796,0,0
200.600000,0.471635,1.186661,2.401927,-0.941976,0.289292,-0.170269,-0.252602,-0.276831,0.927123,0.221073,0.916338,0.333844,0.015899,0.576910,0.798851,0.169585,0.077299,2.247729,-0.212138,0.285816,-0.245652,0.399381,0.170269,-0.927123,-0.333844,0.000000,0.000000,0.000000,-1,0.415237,-1.153870,0.054428,0.078488,2.146618,-0.207341,187.470428,148.776260,-759.526794,0,0
200.640000,0.510028,1.205663,2.389829,-0.948944,0.262899,-0.174324,-0.243856,-0.260837,0.934076,0.200097,0.928896,0.311630,0.008115,0.586617,0.793948,0.159568,0.280413,-2.327970,-0.116080,-0.226067,-0.092215,-0.243973,0.174324,-0.934076,-0.311630,0.000000,0.000000,0.000000,-1,-0.051743,-1.026291,-0.555603,0.459433,-1.310379,0.023188,186.944809,148.601639,-757.689819,0,0
200.680000,0.406011,1.198778,2.343412,-0.904736,0.401052,-0.143562,-0.260296,-0.253724,0.931595,0.337193,0.880216,0.333946,0.061325,0.573817,0.789368,0.209455,0.221845,-5.066333,-0.711522,0.420799,-0.473907,0.711158,0.143562,-0.931595,-0.333946,0.000000,0.000000,0.000000,-1,0.655869,-1.148590,0.574570,0.085313,-5.605423,-0.762793,186.944809,147.903152,-756.353760,0,0
200.720000,0.436749,1.222990,2.261458,-0.883781,0.445135,-0.144173,-0.262725,-0.217129,0.940122,0.387178,0.868740,0.308843,0.078271,0.582625,0.776169,0.227998,1.041836,0.821884,-0.146134,0.232109,0.319227,0.508123,0.144173,-0.940122,-0.308843,0.000000,0.000000,0.000000,-1,0.215927,-0.664841,0.311630,1.043002,0.720749,-0.141331,185.718369,148.077774,-757.522766,0,0
200.760000,0.614410,1.293449,2.136963,-0.906233,0.392208,-0.157842,-0.231081,-0.146869,0.961785,0.354038,0.908076,0.223730,0.065012,0.619604,0.754459,0.206535,1.731336,0.500974,0.068968,-0.432073,-0.416358,0.529699,0.157842,-0.961785,-0.223730,0.000000,0.000000,0.000000,-1,-0.274231,-1.378143,0.305969,1.921014,0.852545,0.068586,185.893585,146.156952,-755.017761,0,0
200.800000,0.649833,1.323822,2.080769,-0.900702,0.408480,-0.147918,-0.213364,-0.119339,0.969657,0.378432,0.904932,0.194644,0.077448,0.629825,0.744091,0.208927,0.760171,-1.195052,0.288370,-0.526168,0.058737,-0.051572,0.147918,-0.969657,-0.194644,0.000000,0.000000,0.000000,-1,-0.378250,-0.910919,-0.246216,0.878390,-1.137160,0.287973,186.243988,147.204681,-753.681763,0,0
200.840000,0.617799,1.347099,2.053084,-0.878461,0.460212,-0.128497,-0.196533,-0.102890,0.975084,0.435524,0.881827,0.180831,0.104400,0.631415,0.735218,0.223317,0.647457,-1.022300,0.248411,-0.060382,-0.077361,0.090286,0.128497,-0.975084,-0.180831,0.000000,0.000000,0.000000,-1,0.068115,-1.052444,-0.090546,0.648624,-1.123433,0.253213,184.491928,144.759995,-753.681763,0,0
200.880000,0.646080,1.381518,2.006276,-0.872943,0.474488,-0.113278,-0.170590,-0.079370,0.982140,0.457023,0.876676,0.150228,0.118532,0.640965,0.725007,0.222438,1.011719,-0.308731,0.276278,-0.066388,0.122826,0.207449,0.113278,-0.982140,-0.150228,0.000000,0.000000,0.000000,-1,0.046890,-0.859314,0.057220,1.047098,-0.424624,0.335020,186.068787,144.934616,-752.178711,0,0
200.920000,0.709191,1.405909,1.933167,-0.869690,0.481885,-0.106892,-0.153481,-0.058187,0.986437,0.469129,0.874300,0.124565,0.126424,0.649411,0.716317,0.221747,0.431851,-0.013208,0.099440,-0.091099,0.056963,0.202674,0.106892,-0.986437,-0.124565,0.000000,0.000000,0.000000,-1,0.015793,-0.929474,0.078110,0.492462,-0.207645,0.098690,183.791107,146.156952,-751.009705,0,0
200.960000,0.777315,1.416741,1.888710,-0.881143,0.460440,-0.107623,-0.145758,-0.047965,0.988157,0.449824,0.886394,0.109377,0.119839,0.656468,0.713878,0.212290,0.276018,1.042616,0.003849,-0.122637,-0.038775,0.155840,0.107623,-0.988157,-0.109377,0.000000,0.000000,0.000000,-1,-0.015015,-1.026932,0.046463,0.277184,0.941486,0.008652,182.739868,142.664566,-750.341675,0,0
201.000000,0.874072,1.427345,1.838134,-0.901623,0.418394,-0.109643,-0.137882,-0.037765,0.989728,0.409956,0.907480,0.091739,0.105360,0.665605,0.712588,0.195160,0.435143,1.418102,0.116346,-0.134774,-0.046191,0.164386,0.109643,-0.989729,-0.091739,0.000000,0.000000,0.000000,-1,-0.025131,-1.035919,0.072647,0.406509,1.310600,0.114059,183.265488,143.188416,-749.172668,0,0
201.040000,1.045478,1.445658,1.721998,-0.924143,0.366469,-0.107983,-0.123388,-0.018800,0.992180,0.361573,0.930240,0.062592,0.089534,0.678740,0.708085,0.172951,0.686306,1.390649,0.189226,-0.150021,0.003899,0.153153,0.107983,-0.992180,-0.062592,0.000000,0.000000,0.000000,-1,-0.039398,-0.959396,0.101593,0.662996,1.294810,0.186828,183.265488,143.886902,-748.170654,0,0
201.080000,1.333613,1.467532,1.492714,-0.945552,0.309665,-0.100195,-0.102767,0.008041,0.994673,0.308821,0.950812,0.024221,0.074476,0.694509,0.700309,0.147232,0.507586,1.159548,0.208197,-0.092322,0.053572,0.165807,0.100195,-0.994673,-0.024221,0.000000,0.000000,0.000000,-1,0.022644,-0.935135,0.139755,0.508751,1.058420,0.212996,184.141525,144.061523,-747.669678,0,0
201.120000,1.522754,1.479436,1.346947,-0.959203,0.267629,-0.091128,-0.088957,0.020252,0.995829,0.268358,0.963309,0.004381,0.063567,0.702687,0.697017,0.127897,0.376720,0.995225,0.216763,-0.031588,0.033107,0.195757,0.091128,-0.995830,-0.004381,0.000000,0.000000,0.000000,-1,0.059540,-0.962723,0.191376,0.357705,0.898345,0.226021,183.265488,144.585373,-746.500610,0,0
201.160000,1.679178,1.484579,1.210280,-0.964927,0.248169,-0.085606,-0.080575,0.030376,0.996286,0.249848,0.968240,-0.009315,0.059185,0.707923,0.693764,0.118464,0.389774,0.348388,0.145078,0.074169,-0.024238,0.137963,0.085606,-0.996286,0.009315,0.000000,0.000000,0.000000,-1,0.180588,-1.043579,0.143646,0.395361,0.386173,0.166222,182.739868,143.013794,-745.999634,0,0
201.200000,1.898099,1.485122,0.987467,-0.964505,0.251326,-0.081027,-0.071419,0.047132,0.996332,0.254223,0.966754,-0.027510,0.062993,0.713993,0.687362,0.117385,0.563769,0.137326,0.090927,0.106138,-0.056738,-0.002974,0.081027,-0.996332,0.027510,0.000000,0.000000,0.000000,-1,0.130737,-1.031174,-0.224167,0.564935,0.036200,0.095727,182.389465,142.664566,-747.001648,0,0
201.240000,2.065624,1.480097,0.847049,-0.971202,0.224529,-0.079710,-0.067870,0.059978,0.995890,0.228387,0.972620,-0.043012,0.054388,0.720103,0.683413,0.106963,-0.330145,-0.031549,-0.099501,0.031526,0.019983,-0.134733,0.079710,-0.995890,0.043012,0.000000,0.000000,0.000000,-1,0.043030,-0.965210,0.111633,-0.236293,0.003069,-0.071870,182.564667,143.537659,-745.832642,0,0
201.280000,1.987051,1.481311,0.925633,-0.970991,0.224715,-0.081735,-0.071403,0.053738,0.995999,0.228208,0.972942,-0.036134,0.053397,0.717785,0.685769,0.107951,-0.111958,0.012003,-0.045725,-0.065805,0.045498,0.174483,0.081735,-0.995999,0.036134,0.000000,0.000000,0.000000,-1,-0.003799,-0.937317,0.203323,-0.142688,-0.070044,-0.044915,181.338226,143.013794,-744.997620,0,0
201.320000,2.021715,1.479651,0.897738,-0.972507,0.217989,-0.081922,-0.071170,0.056740,0.995849,0.221732,0.974301,-0.039665,0.051037,0.719186,0.684854,0.105555,0.093468,0.120207,-0.005929,-0.118344,0.087951,0.143211,0.081922,-0.995849,0.039665,0.000000,0.000000,0.000000,-1,-0.029495,-0.904846,0.152283,0.094633,0.019084,-0.001129,182.039047,141.616837,-743.995605,0,0
201.360000,2.046646,1.477827,0.871374,-0.972174,0.219244,-0.082522,-0.071039,0.059765,0.995682,0.223229,0.973838,-0.042527,0.051449,0.720150,0.683718,0.106141,0.103930,-0.078060,-0.010468,-0.047228,0.053344,0.031829,0.082522,-0.995681,0.042527,0.000000,0.000000,0.000000,-1,0.057816,-0.954803,0.046585,0.078516,-0.185542,-0.004283,181.688629,143.363037,-744.663574,0,0
201.400000,2.113857,1.473586,0.803966,-0.972157,0.219103,-0.083093,-0.069892,0.067344,0.995279,0.223665,0.973375,-0.050155,0.051610,0.722782,0.680929,0.106103,0.372938,0.053379,-0.031045,-0.024286,0.063257,0.007157,0.083093,-0.995279,0.050155,0.000000,0.000000,0.000000,-1,0.058807,-0.932022,0.057312,0.332652,-0.054098,-0.021506,183.265488,143.886902,-744.496582,0,0
201.440000,2.212338,1.465055,0.702390,-0.971486,0.221507,-0.084560,-0.068187,0.080562,0.994415,0.227082,0.971825,-0.063161,0.052710,0.727188,0.675974,0.107139,0.467269,-0.232906,-0.049940,-0.086955,0.033019,0.056162,0.084560,-0.994415,0.063161,0.000000,0.000000,0.000000,-1,-0.007370,-0.976715,0.109085,0.464239,-0.269351,-0.043259,181.513428,142.489944,-742.826599,0,0
201.480000,2.339031,1.446529,0.553981,-0.966345,0.241313,-0.089136,-0.065206,0.105410,0.992289,0.248848,0.964706,-0.086128,0.059942,0.734487,0.666110,0.115041,0.578834,-0.249891,-0.064921,-0.093424,-0.056723,-0.148887,0.089136,-0.992289,0.086127,0.000000,0.000000,0.000000,-1,0.000458,-1.043335,-0.111038,0.551202,-0.463396,-0.061425,182.564667,144.236145,-742.826599,0,0
201.520000,2.411643,1.435186,0.480059,-0.966112,0.241868,-0.090152,-0.062437,0.119913,0.990819,0.250458,0.962871,-0.100748,0.060669,0.739387,0.660578,0.115166,0.297451,-0.021877,-0.016045,-0.080997,-0.104426,-0.233133,0.090152,-0.990819,0.100748,0.000000,0.000000,0.000000,-1,-0.007462,-1.114807,-0.096085,0.412414,-0.076344,-0.010583,181.688629,142.315323,-743.327576,0,0
201.560000,2.266717,1.442376,0.604705,-0.960132,0.261697,-0.098287,-0.072809,0.105358,0.991765,0.269897,0.959382,-0.082103,0.064446,0.732733,0.665709,0.125620,-0.333336,-0.235054,-0.058125,-0.272970,-0.132411,0.188588,0.098287,-0.991765,0.082103,0.000000,0.000000,0.000000,-1,-0.166336,-1.050247,0.295502,-0.332171,-0.336173,-0.053326,182.389465,142.664566,-744.663574,0,0
201.600000,2.190509,1.451855,0.684345,-0.961000,0.259131,-0.096596,-0.075014,0.091943,0.992935,0.266181,0.961456,-0.068919,0.063198,0.728330,0.670846,0.124523,-0.395213,0.184998,0.082135,-0.276039,-0.052201,0.189779,0.096596,-0.992935,0.068919,0.000000,0.000000,0.000000,-1,-0.125381,-0.997986,0.228394,-0.355823,0.110359,0.068311,182.389465,142.315323,-743.995605,0,0
201.640000,2.092428,1.464408,0.777783,-0.959962,0.264570,-0.092066,-0.074512,0.075656,0.994346,0.270039,0.961394,-0.052913,0.065756,0.722587,0.676645,0.125281,-0.576128,-0.448886,0.165705,-0.085230,0.014579,0.154713,0.092066,-0.994346,0.052913,0.000000,0.000000,0.000000,-1,0.066193,-1.006180,0.189163,-0.564210,-0.452445,0.182710,181.513428,142.140701,-746.166626,0,0
201.680000,1.873634,1.474292,0.980120,-0.955171,0.281407,-0.091970,-0.080029,0.053662,0.995347,0.285033,0.958087,-0.028736,0.070539,0.713717,0.684247,0.132056,-0.384531,-0.031606,-0.148900,0.122218,-0.123260,0.049313,0.091970,-0.995347,0.028736,0.000000,0.000000,0.000000,-1,0.219666,-1.080490,0.068756,-0.383387,-0.132749,-0.144096,181.513428,141.442215,-746.166626,0,0
201.720000,1.775891,1.459814,1.113656,-0.962999,0.246727,-0.108434,-0.099383,0.048885,0.993848,0.250510,0.967851,-0.022556,0.051651,0.713169,0.687670,0.125827,-0.301992,1.295215,-0.524908,-0.075048,-0.015399,0.036755,0.108434,-0.993848,0.022556,0.000000,0.000000,0.000000,-1,-0.036285,-0.990799,0.058029,-0.221144,1.090191,-0.507749,180.987808,141.966080,-746.667603,0,0
201.760000,1.653775,1.446994,1.289781,-0.973127,0.194630,-0.123062,-0.118643,0.034247,0.992346,0.197354,0.980279,-0.010235,0.026748,0.710213,0.694378,0.112789,-0.833986,2.086143,-0.511977,-0.221420,0.046484,0.044514,0.123062,-0.992346,0.010235,0.000000,0.000000,0.000000,-1,-0.092422,-0.906250,0.030060,-0.758528,1.867312,-0.511715,182.214249,140.045258,-745.832642,0,0
201.800000,1.415053,1.421329,1.637456,-0.985045,0.089700,-0.147109,-0.148581,-0.009919,0.988850,0.087240,0.995919,0.023098,-0.021072,0.698575,0.710293,0.083867,-1.212502,2.303402,-0.563035,-0.162033,0.185948,-0.041797,0.147109,-0.988850,-0.023098,0.000000,0.000000,0.000000,-1,0.004562,-0.814743,-0.106186,-1.211359,2.202261,-0.558231,181.863846,140.045258,-747.168640,0,1
201.840000,1.169546,1.378211,1.954238,-0.984058,0.024175,-0.176195,-0.177498,-0.071604,0.981513,0.011112,0.997140,0.074754,-0.056551,0.677809,0.729797,0.069085,-1.577324,0.803172,-0.578836,-0.135561,0.081275,-0.023482,0.176195,-0.981513,-0.074754,0.000000,0.000000,0.000000,-1,0.065842,-0.890442,-0.064087,-1.547415,0.851500,-0.588852,184.842346,141.966080,-749.339661,0,0
201.880000,1.015928,1.342000,2.130566,-0.981218,0.006860,-0.192778,-0.192190,-0.120432,0.973940,-0.016535,0.992698,0.119488,-0.070223,0.659791,0.745174,0.066780,-1.693740,0.694215,-0.414312,-0.119856,0.029696,0.096661,0.192778,-0.973940,-0.119488,0.000000,0.000000,0.000000,-1,0.035721,-1.030197,0.048874,-1.675814,0.534691,-0.458360,184.667145,141.791458,-750.508667,0,0
201.920000,0.888367,1.302834,2.328878,-0.977029,-0.056539,-0.205470,-0.192262,-0.182035,0.964312,-0.091924,0.981665,0.166983,-0.097498,0.637968,0.762569,0.044495,-1.048380,1.812624,0.208566,-0.253826,-0.234052,0.194724,0.205470,-0.964312,-0.166983,0.000000,0.000000,0.000000,-1,-0.120743,-1.222260,0.025620,-1.047237,1.711485,0.213371,186.944809,141.267593,-754.349731,0,0
201.960000,0.791421,1.305919,2.499511,-0.974013,-0.128916,-0.186226,-0.156777,-0.209655,0.965125,-0.163464,0.969239,0.183996,-0.113630,0.628562,0.769361,0.009053,-0.427599,1.649580,1.060880,-0.404655,-0.169931,0.306661,0.186226,-0.965125,-0.183996,0.000000,0.000000,0.000000,-1,-0.220810,-1.118759,0.149002,-0.512880,1.439150,1.006499,185.192749,141.616837,-753.681763,0,0
202.000000,0.725512,1.325878,2.675774,-0.957575,-0.239093,-0.160888,-0.108910,-0.216642,0.970157,-0.266813,0.946520,0.181412,-0.139334,0.624404,0.767403,-0.042410,-0.456779,2.592687,0.741021,-0.266967,0.084888,0.324615,0.160888,-0.970157,-0.181412,0.000000,0.000000,0.000000,-1,-0.106079,-0.885269,0.143204,-0.455636,2.491550,0.745826,184.141525,141.616837,-755.685791,0,0
202.040000,0.705190,1.321686,2.767633,-0.938334,-0.306582,-0.159803,-0.090063,-0.229503,0.969132,-0.333793,0.923762,0.187738,-0.160803,0.616663,0.767394,-0.070537,-0.664153,2.009934,0.280029,-0.164106,0.084733,0.262644,0.159803,-0.969132,-0.187738,0.000000,0.000000,0.000000,-1,0.032272,-0.899460,0.072662,-0.663009,1.908798,0.284833,184.667145,141.442215,-754.182739,0,0
202.080000,0.705365,1.310327,2.849898,-0.909363,-0.381029,-0.166963,-0.074061,-0.246656,0.966269,-0.409359,0.891055,0.196080,-0.187891,0.605522,0.766828,-0.100077,-0.220250,1.691773,0.210621,0.085326,0.080405,0.199117,0.166963,-0.966269,-0.196080,0.000000,0.000000,0.000000,-1,0.319717,-0.879303,0.006073,-0.307422,1.586368,0.197272,183.791107,142.315323,-754.683716,0,0
202.120000,0.770578,1.326768,2.866386,-0.874184,-0.455498,-0.168296,-0.065657,-0.232521,0.970373,-0.481135,0.859334,0.173359,-0.215045,0.605868,0.754994,-0.129087,0.401199,1.839327,0.327561,0.246606,0.104955,0.170277,0.168296,-0.970373,-0.173359,0.000000,0.000000,0.000000,-1,0.379333,-0.846359,0.010941,0.402342,1.738193,0.332365,185.367966,142.489944,-755.518738,0,0
202.160000,0.835866,1.338609,2.857151,-0.846193,-0.504793,-0.170711,-0.064573,-0.220861,0.973165,-0.528950,0.834509,0.154295,-0.234720,0.606431,0.745209,-0.147683,0.285848,1.965240,0.161260,0.107456,0.147573,0.187208,0.170711,-0.973165,-0.154295,0.000000,0.000000,0.000000,-1,0.171051,-0.819443,0.075592,0.286992,1.864106,0.166065,185.718369,142.140701,-754.182739,0,0
202.200000,0.990736,1.350340,2.790196,-0.795522,-0.577659,-0.182906,-0.075270,-0.205312,0.975798,-0.601232,0.790036,0.119850,-0.269230,0.606292,0.728128,-0.172493,0.492066,1.859873,-0.110721,0.021226,0.126249,0.268349,0.182906,-0.975798,-0.119850,0.000000,0.000000,0.000000,-1,0.230133,-0.857361,0.153748,0.503982,1.808611,-0.078604,186.769608,142.839172,-752.846741,0,0
202.240000,1.183131,1.349848,2.690845,-0.733779,-0.648385,-0.202892,-0.095472,-0.197266,0.975690,-0.672647,0.735311,0.082847,-0.308480,0.602840,0.709558,-0.194809,0.302245,2.342947,-0.362910,0.000080,0.115949,0.184196,0.202892,-0.975690,-0.082847,0.000000,0.000000,0.000000,-1,0.202972,-0.859741,0.101349,0.303389,2.241815,-0.358106,187.820847,142.489944,-751.510681,0,1
202.280000,1.259502,1.341248,2.668500,-0.695014,-0.685594,-0.216601,-0.103676,-0.202545,0.973769,-0.711482,0.699240,0.069693,-0.330847,0.596401,0.701294,-0.207445,-0.132799,1.221499,-0.187114,0.005338,-0.282456,0.009985,0.216601,-0.973769,-0.069693,0.000000,0.000000,0.000000,-1,0.266312,-1.484940,-0.093262,-0.131655,1.120368,-0.182310,187.996048,141.966080,-751.677734,0,0
202.320000,1.257048,1.350345,2.692790,-0.680781,-0.702336,-0.207995,-0.094878,-0.197014,0.975799,-0.726316,0.684039,0.067487,-0.334943,0.595038,0.697367,-0.217768,0.511492,1.642076,0.294260,0.320585,-0.273133,-0.401827,0.207995,-0.975799,-0.067487,0.000000,0.000000,0.000000,-1,0.553940,-1.054947,-0.366058,0.278550,0.894337,0.382214,187.645645,140.219879,-750.675659,0,0
202.360000,1.509380,1.358502,2.521552,-0.602538,-0.769814,-0.210555,-0.122460,-0.171520,0.977540,-0.788639,0.614790,0.009076,-0.374134,0.596226,0.667670,-0.242393,0.388184,1.867411,-0.029831,0.210130,0.034471,-0.141178,0.210555,-0.977540,-0.009076,0.000000,0.000000,0.000000,-1,0.420685,-0.943069,-0.150253,0.389327,1.766281,-0.025027,188.171265,143.188416,-749.172668,0,0
202.400000,1.555461,1.354243,2.539505,-0.565710,-0.796126,-0.214839,-0.121692,-0.177082,0.976644,-0.815576,0.578641,0.003295,-0.389896,0.588501,0.660698,-0.255198,-0.404278,0.849325,-0.209035,-0.237987,0.107946,0.030837,0.214839,-0.976644,-0.003295,0.000000,0.000000,0.000000,-1,-0.123886,-0.880447,0.144287,-0.403135,0.748196,-0.204231,187.996048,140.918365,-746.667603,0,0
202.440000,1.525380,1.353363,2.570869,-0.565182,-0.796322,-0.215501,-0.116543,-0.181534,0.976454,-0.816693,0.576990,0.009794,-0.389409,0.586058,0.662667,-0.256456,0.193861,-0.540982,0.244855,-0.340776,0.046782,0.090635,0.215501,-0.976454,-0.009794,0.000000,0.000000,0.000000,-1,-0.093445,-1.023148,0.080887,0.109818,-0.551014,0.195937,189.397705,142.664566,-746.667603,0,0
202.480000,1.584400,1.369581,2.471459,-0.597843,-0.776304,-0.199842,-0.124132,-0.156638,0.979824,-0.791944,0.610587,-0.002719,-0.374671,0.600817,0.661771,-0.246374,0.599661,-1.147364,0.280349,-0.061399,-0.006809,0.092221,0.199842,-0.979824,0.002719,0.000000,0.000000,0.000000,-1,0.138443,-0.986633,0.094940,0.600804,-1.248491,0.285153,186.944809,141.267593,-747.669678,0,0
202.520000,1.638351,1.376761,2.377319,-0.628748,-0.753436,-0.192381,-0.133434,-0.139194,0.981234,-0.766075,0.642619,-0.013016,-0.361754,0.612897,0.662368,-0.234010,0.606042,-1.287268,0.309630,0.029284,0.012255,0.049270,0.192381,-0.981234,0.013016,0.000000,0.000000,0.000000,-1,0.235153,-0.980774,0.038986,0.607185,-1.388395,0.314434,187.120026,141.791458,-746.834656,0,0
202.560000,1.746252,1.387467,2.224567,-0.662349,-0.727374,-0.179505,-0.144712,-0.110874,0.983242,-0.735087,0.677226,-0.031822,-0.346536,0.629146,0.659811,-0.220768,0.674615,-0.040632,0.194749,0.078628,-0.012119,-0.039177,0.179505,-0.983242,0.031822,0.000000,0.000000,0.000000,-1,0.270599,-0.970367,-0.004425,0.639420,-0.554129,0.233726,187.295227,140.918365,-746.667603,0,0
202.600000,1.889278,1.383208,2.123210,-0.629959,-0.756163,-0.177112,-0.158752,-0.097860,0.982457,-0.760230,0.647024,-0.058395,-0.362731,0.630574,0.646031,-0.231185,0.001280,0.998966,-0.109936,-0.060383,0.036320,-0.052154,0.177112,-0.982457,0.058395,0.000000,0.000000,0.000000,-1,0.116730,-0.946136,0.006241,0.002423,0.897841,-0.105132,187.295227,140.569122,-745.665649,0,0
202.640000,1.872842,1.381952,2.164481,-0.610880,-0.771171,-0.179226,-0.155601,-0.105016,0.982222,-0.776282,0.627907,-0.055843,-0.370803,0.624841,0.644215,-0.238883,-0.302975,0.692579,-0.096690,-0.148250,0.000334,-0.028957,0.179226,-0.982222,0.055843,0.000000,0.000000,0.000000,-1,0.015442,-0.989914,0.039734,-0.301832,0.591455,-0.091886,186.243988,140.219879,-745.665649,0,0
202.680000,1.900856,1.381693,2.161811,-0.590961,-0.786855,-0.177831,-0.156092,-0.104742,0.982173,-0.791454,0.608185,-0.060924,-0.379046,0.621921,0.639293,-0.246664,0.291658,0.264540,0.069941,-0.160848,-0.035725,-0.012706,0.177831,-0.982173,0.060924,0.000000,0.000000,0.000000,-1,0.049225,-1.009720,0.049408,0.243944,0.290603,0.067269,185.367966,139.696014,-746.166626,0,0
202.720000,2.008100,1.376077,2.052155,-0.591709,-0.786865,-0.175283,-0.171504,-0.089583,0.981102,-0.787697,0.610589,-0.081943,-0.380729,0.629299,0.632327,-0.243292,0.571944,-0.002704,0.020191,-0.115102,0.035072,0.008511,0.175283,-0.981102,0.081943,0.000000,0.000000,0.000000,-1,0.060181,-0.946030,0.090454,0.573067,-0.103854,0.025000,187.645645,140.219879,-743.327576,0,0
202.760000,2.080803,1.370003,1.984042,-0.587171,-0.790526,-0.174066,-0.182658,-0.080095,0.979909,-0.788585,0.607168,-0.097367,-0.384152,0.633333,0.626478,-0.242574,0.367068,0.337642,0.034741,-0.165246,0.036992,0.013107,0.174066,-0.979909,0.097367,0.000000,0.000000,0.000000,-1,0.002899,-0.945633,0.090027,0.368190,0.236493,0.039551,187.645645,140.219879,-743.327576,0,0
202.800000,2.104230,1.371590,1.977907,-0.573712,-0.801136,-0.170397,-0.181717,-0.078357,0.980224,-0.798645,0.593331,-0.100626,-0.388996,0.631661,0.622785,-0.248649,-0.180397,0.376877,0.045917,-0.116168,0.017257,-0.054865,0.170397,-0.980224,0.100626,0.000000,0.000000,0.000000,-1,0.077255,-0.962219,0.036102,-0.167564,0.281034,0.053764,186.594406,141.267593,-744.997620,0,0
202.840000,2.129783,1.371987,1.973841,-0.556494,-0.813805,-0.167441,-0.181677,-0.077465,0.980302,-0.810745,0.575952,-0.104741,-0.395510,0.629240,0.618308,-0.255588,0.257650,0.688496,-0.013503,-0.066566,0.005662,-0.071492,0.167441,-0.980302,0.104741,0.000000,0.000000,0.000000,-1,0.100876,-0.974640,0.033249,0.258772,0.587348,-0.008694,186.068787,139.696014,-742.158569,0,0
202.880000,2.199682,1.363903,1.931827,-0.532626,-0.829888,-0.166120,-0.192177,-0.072562,0.978674,-0.824244,0.553191,-0.120837,-0.406440,0.628669,0.609170,-0.261713,0.411827,1.126237,-0.099084,-0.138761,-0.016977,-0.100253,0.166120,-0.978674,0.120837,0.000000,0.000000,0.000000,-1,0.003006,-1.013275,0.023087,0.412949,1.025090,-0.094275,186.068787,139.696014,-742.158569,0,0
202.920000,2.278335,1.354241,1.909269,-0.484284,-0.859538,-0.163291,-0.202676,-0.071346,0.976643,-0.851112,0.506068,-0.139656,-0.426239,0.623016,0.594973,-0.276005,0.017534,1.299049,-0.095518,-0.215750,-0.037166,-0.106773,0.163291,-0.976643,0.139656,0.000000,0.000000,0.000000,-1,-0.061401,-1.013565,0.028580,0.067549,1.203198,-0.095527,185.017548,140.743744,-741.824585,0,0
202.960000,2.301107,1.357046,1.937837,-0.440130,-0.883919,-0.158027,-0.197997,-0.076123,0.977242,-0.875832,0.461403,-0.141510,-0.440880,0.613498,0.586247,-0.292505,-0.189636,0.866672,0.033171,-0.175971,-0.040046,-0.132919,0.158027,-0.977242,0.141510,0.000000,0.000000,0.000000,-1,-0.017944,-1.017288,0.008591,-0.188513,0.765527,0.037980,185.192749,141.267593,-742.659546,0,0
203.000000,2.313019,1.360735,1.942007,-0.426487,-0.891344,-0.153673,-0.194318,-0.075639,0.978018,-0.883374,0.446973,-0.140945,-0.444437,0.610695,0.583349,-0.298718,-0.016585,0.309075,0.081648,-0.106035,-0.006860,-0.123992,0.153673,-0.978018,0.140945,0.000000,0.000000,0.000000,-1,0.060165,-0.988419,0.026489,-0.015463,0.207931,0.086457,185.192749,141.267593,-742.659546,0,0
203.040000,2.347949,1.358117,1.909888,-0.423912,-0.893115,-0.150481,-0.199060,-0.070211,0.977469,-0.883558,0.444315,-0.148020,-0.445623,0.612724,0.580108,-0.299106,0.203119,0.005802,0.044429,-0.114608,-0.010461,-0.077494,0.150481,-0.977469,0.148020,0.000000,0.000000,0.000000,-1,0.028000,-0.988297,0.085876,0.211708,-0.094272,0.055533,186.068787,141.092972,-740.488525,0,0
203.080000,2.362313,1.356899,1.900049,-0.419835,-0.895257,-0.149177,-0.200868,-0.068634,0.977211,-0.885093,0.440233,-0.151013,-0.447161,0.612824,0.578242,-0.300215,-0.080735,0.268653,-0.005751,-0.097953,-0.017723,-0.018445,0.149176,-0.977211,0.151013,0.000000,0.000000,0.000000,-1,0.051224,-0.994934,0.132568,-0.079613,0.167511,-0.000942,185.718369,139.346771,-740.822571,0,0
203.120000,2.362867,1.358989,1.912389,-0.408554,-0.900711,-0.147658,-0.198081,-0.070424,0.977652,-0.890981,0.428672,-0.149642,-0.450420,0.609871,0.576484,-0.304705,-0.097617,0.508238,-0.020475,-0.060652,-0.010675,-0.053237,0.147658,-0.977652,0.149642,0.000000,0.000000,0.000000,-1,0.085022,-0.979858,0.086456,-0.096494,0.407096,-0.015666,185.718369,139.346771,-740.822571,0,0
203.160000,2.381690,1.356894,1.917317,-0.386943,-0.910436,-0.146226,-0.199657,-0.072094,0.977210,-0.900229,0.407320,-0.153879,-0.457993,0.605955,0.571218,-0.311080,0.102067,0.474247,-0.065071,-0.097047,0.005515,-0.084695,0.146226,-0.977210,0.153879,0.000000,0.000000,0.000000,-1,0.032898,-0.976730,0.068497,0.087277,0.397497,-0.055942,185.192749,140.918365,-741.323547,0,0
203.200000,2.400061,1.350977,1.912728,-0.373738,-0.915767,-0.147277,-0.205430,-0.073115,0.975937,-0.904499,0.395000,-0.160800,-0.463729,0.604447,0.567021,-0.313188,0.095437,0.166779,-0.068929,-0.165817,-0.015686,-0.104648,0.147277,-0.975937,0.160800,0.000000,0.000000,0.000000,-1,-0.018539,-0.991623,0.056152,0.096559,0.065638,-0.064120,185.543167,140.918365,-739.653564,0,0
203.240000,2.403313,1.347696,1.912095,-0.370917,-0.916650,-0.148908,-0.208493,-0.074056,0.975216,-0.904959,0.392771,-0.163646,-0.465506,0.604257,0.565979,-0.312802,0.084704,0.058629,-0.073641,-0.194348,-0.009388,-0.092815,0.148908,-0.975216,0.163646,0.000000,0.000000,0.000000,-1,-0.055435,-0.983826,0.082138,0.085826,-0.042510,-0.068832,185.543167,140.918365,-739.653564,0,0
203.280000,2.413566,1.340380,1.908621,-0.363783,-0.919004,-0.151965,-0.215474,-0.075694,0.973571,-0.906219,0.386914,-0.170485,-0.469680,0.603857,0.563248,-0.312265,0.186772,0.306644,-0.123752,-0.233661,-0.014313,-0.034331,0.151965,-0.973571,0.170485,0.000000,0.000000,0.000000,-1,-0.085968,-0.997772,0.162643,0.173000,0.149327,-0.110016,186.243988,141.966080,-741.323547,0,0
203.320000,2.437141,1.332325,1.902324,-0.347011,-0.925301,-0.152978,-0.223354,-0.076886,0.971700,-0.910877,0.371359,-0.179990,-0.476934,0.602103,0.557653,-0.314688,0.099824,0.356550,-0.071961,-0.187921,-0.056788,-0.007901,0.152978,-0.971700,0.179990,0.000000,0.000000,0.000000,-1,-0.034943,-1.028488,0.172089,0.100947,0.255412,-0.067152,185.192749,141.267593,-740.321533,0,0
203.360000,2.448318,1.330367,1.901657,-0.337147,-0.929072,-0.152172,-0.225205,-0.077355,0.971236,-0.914120,0.361719,-0.183151,-0.480458,0.600613,0.554831,-0.317154,0.004469,0.371518,0.013056,-0.155010,-0.134126,-0.001358,0.152172,-0.971236,0.183151,0.000000,0.000000,0.000000,-1,0.005753,-1.090668,0.184464,0.005591,0.270381,0.017865,186.419205,141.442215,-739.152527,0,0
203.400000,2.449285,1.339999,1.913442,-0.326639,-0.933802,-0.146017,-0.215456,-0.076857,0.973484,-0.920264,0.349438,-0.176089,-0.481224,0.597049,0.553942,-0.324197,-0.329002,0.235993,0.138607,-0.175192,-0.049602,-0.012484,0.146017,-0.973484,0.176089,0.000000,0.000000,0.000000,-1,-0.045425,-0.989334,0.163361,-0.315209,0.125283,0.122045,186.944809,140.918365,-739.319519,0,0
203.440000,2.452138,1.353540,1.919659,-0.319992,-0.937446,-0.137115,-0.202567,-0.073682,0.976493,-0.925512,0.340245,-0.166318,-0.479585,0.594270,0.553931,-0.331666,-0.101462,0.146973,0.162030,-0.047928,0.079489,0.010913,0.137115,-0.976493,0.166318,0.000000,0.000000,0.000000,-1,0.089188,-0.897003,0.177231,-0.100340,0.045838,0.166839,184.667145,142.489944,-739.820557,0,0
203.480000,2.471425,1.355878,1.908576,-0.312819,-0.940530,-0.132464,-0.201216,-0.070675,0.976994,-0.928254,0.332276,-0.167142,-0.480884,0.593567,0.551442,-0.335173,-0.013369,0.455340,0.058615,0.108060,0.037571,-0.015118,0.132464,-0.976994,0.167142,0.000000,0.000000,0.000000,-1,0.256470,-0.943253,0.130173,-0.012247,0.354206,0.063423,185.017548,142.140701,-739.820557,0,0
203.520000,2.465755,1.357853,1.954394,-0.274996,-0.952313,-0.132203,-0.195979,-0.079095,0.977413,-0.941260,0.294693,-0.164882,-0.492184,0.583263,0.545254,-0.346780,-0.267951,1.116511,-0.205365,-0.048676,-0.013676,-0.030498,0.132203,-0.977413,0.164882,0.000000,0.000000,0.000000,-1,0.083527,-0.991089,0.134384,-0.261525,0.983576,-0.197281,184.842346,142.315323,-740.321533,0,0
203.560000,2.468242,1.357871,2.002023,-0.226972,-0.964944,-0.131781,-0.191974,-0.088329,0.977417,-0.954793,0.247144,-0.165196,-0.506595,0.570929,0.536214,-0.360383,-0.019074,1.009503,-0.158694,-0.171362,0.018463,0.015514,0.131781,-0.977417,0.165196,0.000000,0.000000,0.000000,-1,-0.039581,-0.958954,0.180710,-0.017952,0.908370,-0.153886,183.615906,141.442215,-739.152527,0,0
203.600000,2.474945,1.355418,2.023009,-0.199945,-0.970854,-0.132153,-0.192235,-0.093385,0.976896,-0.960764,0.220729,-0.167960,-0.515121,0.564473,0.530417,-0.366984,-0.064919,0.847288,-0.159584,-0.098050,0.066541,0.031473,0.132153,-0.976896,0.167960,0.000000,0.000000,0.000000,-1,0.075409,-0.910614,0.207397,-0.063797,0.746155,-0.154776,184.842346,141.966080,-738.985535,0,0
203.640000,2.477379,1.354037,2.059141,-0.162226,-0.977807,-0.132575,-0.189927,-0.100901,0.976600,-0.968303,0.183609,-0.169343,-0.526312,0.554677,0.522921,-0.376673,-0.075522,0.922550,-0.167253,0.044290,0.024695,0.043227,0.132575,-0.976600,0.169343,0.000000,0.000000,0.000000,-1,0.186325,-0.967010,0.201355,-0.076526,0.784323,-0.154808,184.667145,141.791458,-738.818542,0,0
203.680000,2.487278,1.351898,2.101188,-0.111078,-0.984985,-0.132163,-0.187319,-0.109852,0.976137,-0.975999,0.133184,-0.172304,-0.541082,0.541648,0.512012,-0.389476,-0.092353,1.196090,-0.181072,-0.036475,0.008394,-0.019823,0.132163,-0.976137,0.172304,0.000000,0.000000,0.000000,-1,0.081253,-0.960144,0.133743,-0.091251,1.094932,-0.176258,184.491928,141.267593,-740.655518,0,0
203.720000,2.494670,1.351038,2.125658,-0.079610,-0.988129,-0.131392,-0.185289,-0.114845,0.975950,-0.979454,0.102041,-0.173947,-0.549814,0.533552,0.505101,-0.397366,-0.082847,0.927914,-0.142736,-0.049269,0.024580,-0.072491,0.131392,-0.975950,0.173947,0.000000,0.000000,0.000000,-1,0.093369,-0.944931,0.099655,-0.081745,0.826757,-0.137922,184.842346,141.966080,-738.317505,0,0
203.760000,2.493016,1.352422,2.166598,-0.040877,-0.990557,-0.130863,-0.179315,-0.121574,0.976251,-0.982942,0.063372,-0.172652,-0.559765,0.522483,0.497443,-0.407706,-0.212618,0.927885,-0.159389,0.024135,0.003839,-0.043685,0.130863,-0.976251,0.172652,0.000000,0.000000,0.000000,-1,0.172943,-0.978149,0.132202,-0.192389,0.776911,-0.147115,184.141525,143.363037,-738.651489,0,0
203.800000,2.476952,1.358113,2.244149,0.019575,-0.991296,-0.130191,-0.165011,-0.131634,0.977468,-0.986097,0.002349,-0.166152,-0.573882,0.503722,0.486289,-0.424791,-0.421836,1.695329,-0.256281,0.029782,-0.019267,-0.078353,0.130191,-0.977468,0.166152,0.000000,0.000000,0.000000,-1,0.159973,-0.996735,0.087799,-0.420734,1.594174,-0.251467,185.367966,142.140701,-737.482483,0,0
203.840000,2.459037,1.365058,2.320803,0.077134,-0.988658,-0.128861,-0.149476,-0.139253,0.978910,-0.985752,-0.056245,-0.158521,-0.586282,0.485318,0.475289,-0.441407,-0.587556,1.972010,-0.276977,-0.004914,0.015867,-0.102415,0.128861,-0.978911,0.158521,0.000000,0.000000,0.000000,-1,0.126434,-0.943527,0.045944,-0.586454,1.870855,-0.272164,183.265488,142.140701,-737.816528,0,0
203.880000,2.378963,1.382125,2.492398,0.165714,-0.977625,-0.129567,-0.113385,-0.149400,0.982254,-0.979634,-0.148083,-0.135606,-0.602229,0.452905,0.460456,-0.469230,-0.955610,2.033398,-0.341276,0.043239,0.076508,-0.101060,0.129567,-0.982254,0.135606,0.000000,0.000000,0.000000,-1,0.185547,-0.913300,0.024933,-0.900283,1.890911,-0.327300,183.791107,141.966080,-739.319519,0,0
203.920000,2.160533,1.402962,2.816270,0.265076,-0.954181,-0.138831,-0.053391,-0.158285,0.985949,-0.962748,-0.253939,-0.092902,-0.615683,0.409127,0.447300,-0.503460,-1.527433,2.237587,-0.622035,0.122003,0.016421,-0.133506,0.138831,-0.985949,0.092902,0.000000,0.000000,0.000000,-1,0.260834,-0.969528,-0.040604,-1.526331,2.136434,-0.617221,183.615906,141.791458,-739.820557,0,0
203.960000,1.889418,1.404768,-3.134638,0.319764,-0.934408,-0.156949,0.001149,-0.165263,0.986249,-0.947497,-0.315547,-0.051771,-0.619838,0.376412,0.445457,-0.525055,-1.748819,1.518458,-0.822710,0.123477,-0.021167,-0.176756,0.156949,-0.986249,0.051771,0.000000,0.000000,0.000000,-1,0.264862,-1.045792,-0.176239,-1.747717,1.417306,-0.817897,184.316727,142.489944,-741.824585,0,1
204.000000,1.540565,1.385745,-2.733602,0.362067,-0.913829,-0.183913,0.073004,-0.168894,0.982927,-0.929289,-0.369312,0.005562,-0.617535,0.340396,0.450663,-0.547434,-0.937584,0.925372,-0.409870,-0.084395,-0.152419,-0.095513,0.183913,-0.982927,-0.005562,0.000000,0.000000,0.000000,-1,0.071548,-1.087173,-0.145264,-1.086411,0.915360,-0.429345,183.791107,141.966080,-744.663574,0,0
204.040000,1.498823,1.383737,-2.665922,0.384854,-0.904147,-0.185489,0.085162,-0.165325,0.982555,-0.919040,-0.393937,0.013373,-0.619840,0.330321,0.445490,-0.555181,0.099965,0.204412,0.274428,-0.232624,-0.204884,-0.000558,0.185489,-0.982555,-0.013373,0.000000,0.000000,0.000000,-1,-0.028732,-1.154099,0.034729,0.101067,0.103262,0.279241,185.192749,140.219879,-744.329590,0,0
204.080000,1.494941,1.396020,-2.665270,0.382884,-0.907379,-0.173388,0.079730,-0.154532,0.984765,-0.920350,-0.390875,0.013178,-0.617300,0.335189,0.442952,-0.557120,-0.047247,-0.144065,0.497813,-0.140109,0.075845,0.149286,0.173388,-0.984765,-0.013178,0.000000,0.000000,0.000000,-1,0.035995,-0.816589,0.205185,-0.046145,-0.245215,0.502626,186.068787,140.743744,-745.164612,0,0
204.120000,1.498079,1.412132,-2.638887,0.410824,-0.897993,-0.157582,0.076124,-0.138452,0.987439,-0.908531,-0.417660,0.011479,-0.620040,0.331378,0.429857,-0.566536,-0.204077,0.960114,0.126512,0.066112,0.188123,0.238423,0.157582,-0.987439,-0.011479,0.000000,0.000000,0.000000,-1,0.291153,-0.741257,0.138367,-0.144352,0.879164,0.166754,186.068787,140.045258,-744.496582,0,0
204.160000,1.497379,1.416017,-2.596778,0.447952,-0.880739,-0.153747,0.079896,-0.131843,0.988046,-0.890480,-0.454881,0.011308,-0.626196,0.319725,0.416893,-0.576068,0.131602,0.934568,0.055913,0.222016,0.301232,0.150407,0.153747,-0.988046,-0.011308,0.000000,0.000000,0.000000,-1,0.396667,-0.691040,0.158340,0.132704,0.833420,0.060726,183.791107,141.966080,-742.993591,0,0
204.200000,1.596859,1.416717,-2.665056,0.476272,-0.865810,-0.153418,0.070397,-0.136372,0.988153,-0.876475,-0.481430,-0.003999,-0.635737,0.312792,0.405000,-0.577906,0.486453,1.321331,-0.090154,0.165918,0.323007,0.158568,0.153418,-0.988153,0.003999,0.000000,0.000000,0.000000,-1,0.270325,-0.669952,0.170105,0.487555,1.220183,-0.085341,184.491928,141.966080,-744.329590,0,0
204.240000,1.883589,1.401387,-2.861056,0.555353,-0.815995,-0.160420,0.046681,-0.162009,0.985684,-0.830304,-0.554891,-0.051881,-0.665065,0.289188,0.372416,-0.579108,0.968164,2.482373,-0.020925,0.070797,-0.093905,0.258452,0.160420,-0.985684,0.051881,0.000000,0.000000,0.000000,-1,0.213333,-1.202377,0.218918,0.912420,2.321674,-0.136480,184.316727,142.140701,-743.828613,0,0
204.280000,2.241170,1.402307,-3.132433,0.628329,-0.766770,-0.131403,0.001536,-0.167686,0.985839,-0.777946,-0.619633,-0.104184,-0.689239,0.277565,0.329838,-0.582335,0.575512,1.406872,0.392470,0.083563,-0.703995,-0.232496,0.131403,-0.985839,0.104184,0.000000,0.000000,0.000000,-1,0.294815,-1.409164,-0.262726,0.576614,1.305727,0.397283,183.966309,142.140701,-741.156555,0,0
204.320000,2.343124,1.402286,3.103440,0.670363,-0.732245,-0.120131,-0.006397,-0.167591,0.985836,-0.742006,-0.660099,-0.117031,-0.699104,0.264139,0.308301,-0.588587,0.038489,1.829710,0.274153,0.298341,-0.257115,-0.606976,0.120131,-0.985836,0.117031,0.000000,0.000000,0.000000,-1,0.404388,-1.145386,-0.522507,0.039591,1.728565,0.278966,182.039047,140.918365,-740.321533,0,0
204.360000,2.542591,1.392025,2.971074,0.719769,-0.686936,-0.100258,-0.030175,-0.175241,0.984063,-0.693558,-0.705272,-0.146862,-0.714470,0.250924,0.277764,-0.591115,0.546008,1.443647,0.172439,0.120582,0.201882,-0.437740,0.100258,-0.984063,0.146861,0.000000,0.000000,0.000000,-1,0.119370,-0.812302,-0.275864,0.692908,1.396617,0.204122,180.987808,142.315323,-738.985535,0,0
204.400000,2.402679,1.402415,2.989809,0.630310,-0.768095,-0.112867,-0.025339,-0.165660,0.985857,-0.775930,-0.618536,-0.123880,-0.692793,0.286317,0.320730,-0.578958,0.761297,-1.527214,0.072848,-0.180479,0.037539,0.255621,0.112867,-0.985857,0.123880,0.000000,0.000000,0.000000,-1,0.075333,-1.051895,0.519913,0.647295,-1.826668,0.043658,181.163025,141.791458,-739.820557,0,0
204.440000,2.504671,1.388348,2.863738,0.612675,-0.782934,-0.107906,-0.049767,-0.174479,0.983402,-0.788766,-0.597136,-0.145863,-0.695165,0.299462,0.322467,-0.568404,0.710130,-0.136909,0.318175,-0.012950,-0.045986,0.343562,0.107906,-0.983402,0.145863,0.000000,0.000000,0.000000,-1,0.031967,-0.939026,0.343369,0.791872,-0.490367,0.331747,181.163025,141.791458,-739.820557,0,0
204.480000,2.619017,1.385180,2.773766,0.632182,-0.769325,-0.092112,-0.066363,-0.172207,0.982823,-0.771973,-0.615210,-0.159921,-0.700769,0.298132,0.308263,-0.570100,0.051566,0.854314,0.276284,-0.047480,0.023976,-0.006830,0.092112,-0.982823,0.159921,0.000000,0.000000,0.000000,-1,0.067047,-0.965363,0.120041,0.052668,0.753173,0.281097,182.739868,142.315323,-738.651489,0,0
204.520000,2.709323,1.384633,2.711118,0.653376,-0.753052,-0.077540,-0.077239,-0.168204,0.982722,-0.753083,-0.636098,-0.168065,-0.705274,0.294315,0.294433,-0.573826,0.340062,0.926540,0.361067,0.037648,0.044291,-0.102529,0.077540,-0.982722,0.168065,0.000000,0.000000,0.000000,-1,0.158127,-0.895203,0.020264,0.341163,0.825400,0.365879,181.163025,140.394501,-739.152527,0,0
204.560000,2.813909,1.368567,2.610147,0.656421,-0.751620,-0.064645,-0.101789,-0.173151,0.979621,-0.747496,-0.636464,-0.190166,-0.710588,0.300247,0.285729,-0.568574,0.469025,-0.548482,0.182279,0.039328,0.027488,-0.178234,0.064645,-0.979621,0.190166,0.000000,0.000000,0.000000,-1,0.086014,-0.993668,0.022003,0.500049,-0.534031,0.204324,179.410950,141.442215,-736.480469,0,0
204.600000,2.834486,1.360697,2.563274,0.636594,-0.768618,-0.063047,-0.114001,-0.174642,0.978010,-0.762727,-0.615408,-0.198799,-0.708879,0.311273,0.291225,-0.561950,0.042628,-0.225250,0.099359,0.044222,-0.132570,-0.100899,0.063047,-0.978010,0.198799,0.000000,0.000000,0.000000,-1,0.134552,-1.086273,0.107849,0.043730,-0.326388,0.104172,180.462189,142.489944,-736.814514,0,0
204.640000,2.842321,1.363327,2.562649,0.641985,-0.764309,-0.060729,-0.112702,-0.172417,0.978555,-0.758389,-0.621373,-0.196828,-0.709089,0.309203,0.288792,-0.564079,-0.159217,0.530508,-0.013518,0.092927,-0.052847,-0.106466,0.060729,-0.978555,0.196828,0.000000,0.000000,0.000000,-1,0.108398,-1.000565,0.053848,-0.158115,0.429370,-0.008705,179.586166,143.013794,-736.313477,0,0
204.680000,2.860133,1.372084,2.583331,0.670566,-0.739821,-0.054831,-0.104569,-0.167436,0.980322,-0.734443,-0.651637,-0.189639,-0.711976,0.296495,0.277142,-0.573038,-0.216145,1.026745,0.008267,-0.058615,-0.022608,-0.162433,0.054831,-0.980322,0.189639,0.000000,0.000000,0.000000,-1,-0.029007,-0.993362,0.029388,-0.221539,0.896925,-0.006925,179.410950,143.537659,-736.814514,0,0
204.720000,2.902667,1.379115,2.584726,0.702010,-0.710739,-0.045086,-0.100690,-0.161727,0.981685,-0.705013,-0.684613,-0.185098,-0.715688,0.283444,0.262020,-0.582062,-0.119522,0.726747,0.036213,-0.098354,-0.008320,-0.145929,0.045086,-0.981685,0.185098,0.000000,0.000000,0.000000,-1,-0.046799,-0.988541,0.052246,-0.118440,0.625585,0.041031,179.410950,143.537659,-737.148499,0,0
204.760000,2.919431,1.381744,2.578587,0.709366,-0.703623,-0.041408,-0.100303,-0.158923,0.982183,-0.697667,-0.692573,-0.183310,-0.716170,0.280634,0.257996,-0.584622,-0.022087,0.141541,0.055863,-0.079646,0.019124,-0.072043,0.041408,-0.982183,0.183310,0.000000,0.000000,0.000000,-1,-0.008514,-0.980759,0.141968,-0.021005,0.040379,0.060681,180.286987,142.664566,-736.981506,0,0
204.800000,2.926507,1.382326,2.574364,0.711314,-0.701735,-0.039988,-0.100666,-0.158015,0.982292,-0.695628,-0.694693,-0.183039,-0.716304,0.280049,0.256740,-0.585291,-0.068029,0.179605,-0.011880,-0.006434,0.004448,-0.063960,0.039988,-0.982292,0.183039,0.000000,0.000000,0.000000,-1,0.039749,-0.975647,0.108795,-0.044624,0.025448,0.002504,178.359726,140.743744,-736.814514,0,0
204.840000,2.930380,1.386781,2.591237,0.725606,-0.687040,-0.038361,-0.095696,-0.155959,0.983117,-0.681423,-0.709685,-0.178912,-0.717718,0.272647,0.250720,-0.589647,-0.099686,0.636509,-0.042314,-0.012817,0.001061,-0.098651,0.038361,-0.983117,0.178912,0.000000,0.000000,0.000000,-1,0.015472,-0.981613,0.067169,-0.098604,0.535349,-0.037496,178.009308,141.092972,-737.816528,0,0
204.880000,2.949505,1.388900,2.594392,0.740587,-0.671072,-0.034534,-0.094120,-0.154482,0.983502,-0.665336,-0.725119,-0.177568,-0.719833,0.265753,0.243067,-0.593409,-0.005111,0.270831,0.019990,-0.014332,-0.048465,-0.128420,0.034534,-0.983502,0.177568,0.000000,0.000000,0.000000,-1,0.020203,-1.031967,0.049149,-0.019941,0.225859,0.022602,178.359726,141.442215,-736.146484,0,0
204.920000,2.958236,1.386878,2.590912,0.744085,-0.667253,-0.033345,-0.095697,-0.155847,0.983135,-0.661196,-0.728344,-0.179818,-0.721067,0.264521,0.240803,-0.593384,0.129697,0.172177,-0.017217,0.047908,-0.002675,-0.086037,0.033345,-0.983135,0.179818,0.000000,0.000000,0.000000,-1,0.096451,-0.957870,0.108490,0.107436,0.058318,0.002808,178.359726,141.442215,-736.146484,0,0
204.960000,2.956003,1.380876,2.604727,0.751881,-0.658378,-0.034835,-0.096551,-0.162222,0.982019,-0.652190,-0.734999,-0.185538,-0.724507,0.260497,0.237066,-0.592478,0.041070,0.279069,-0.141177,0.050233,0.025843,-0.078742,0.034835,-0.982019,0.185539,0.000000,0.000000,0.000000,-1,0.068115,-0.960617,0.103546,0.042152,0.177911,-0.136360,179.761368,143.188416,-737.482483,0,0
205.000000,2.939252,1.377632,2.634939,0.760831,-0.647803,-0.038578,-0.093152,-0.167849,0.981402,-0.642230,-0.743087,-0.188049,-0.727449,0.254641,0.233971,-0.592649,0.090006,0.162494,-0.109279,-0.028995,-0.035398,-0.141601,0.038578,-0.981402,0.188049,0.000000,0.000000,0.000000,-1,0.009583,-1.016800,0.046448,0.083674,0.135540,-0.112161,178.710129,142.489944,-736.146484,0,0
205.040000,2.992845,1.443106,2.580446,0.759073,-0.650732,-0.018872,-0.067767,-0.107815,0.991859,-0.647469,-0.751614,-0.125938,-0.705837,0.254485,0.236011,-0.617519,0.162149,-0.144942,-0.095865,-0.051526,-0.090005,-0.024421,0.018872,-0.991859,0.125938,0.000000,0.000000,0.000000,-1,-0.072922,-1.106201,0.115417,0.149356,-0.241872,-0.097353,178.710129,142.489944,-736.146484,0,0
205.080000,3.014967,1.444126,2.548368,0.752470,-0.658434,-0.015954,-0.070624,-0.104747,0.991988,-0.654829,-0.745314,-0.125321,-0.704013,0.258894,0.238200,-0.616928,-0.341722,-0.532413,0.286930,-0.166101,-0.037461,-0.071747,0.015954,-0.991988,0.125321,0.000000,0.000000,0.000000,-1,-0.158981,-0.946747,0.034943,-0.340673,-0.633574,0.291691,179.586166,142.315323,-736.647461,0,0
205.120000,3.058232,1.460961,2.468562,0.727630,-0.685909,-0.009127,-0.068329,-0.085712,0.993974,-0.682558,-0.722622,-0.109234,-0.693285,0.271980,0.249423,-0.619008,-0.502633,-1.689959,0.425829,-0.075075,0.172807,-0.052899,0.009127,-0.993974,0.109234,0.000000,0.000000,0.000000,-1,0.121292,-0.876083,0.151321,-0.501583,-1.791119,0.430589,178.710129,141.791458,-738.484497,0,0
205.160000,3.026821,1.457934,2.400467,0.656033,-0.754622,-0.012898,-0.076034,-0.083083,0.993638,-0.750892,-0.650879,-0.111882,-0.680257,0.305273,0.280699,-0.604373,0.472165,-2.381893,-0.034936,0.298977,0.044968,0.076732,0.012898,-0.993638,0.111882,0.000000,0.000000,0.000000,-1,0.491623,-0.952103,0.209473,0.424263,-2.507449,-0.036972,178.710129,141.791458,-738.484497,0,0
205.200000,2.981172,1.446847,2.439073,0.650998,-0.758822,-0.019748,-0.079884,-0.094358,0.992328,-0.754864,-0.644426,-0.122045,-0.683264,0.306875,0.283423,-0.598873,-0.180508,1.317565,-0.479499,0.420178,0.129093,0.011912,0.019748,-0.992328,0.122045,0.000000,0.000000,0.000000,-1,0.273148,-0.941406,0.158981,-0.179459,1.216407,-0.474739,178.710129,142.839172,-737.148499,0,0
205.240000,2.886172,1.451946,2.583966,0.688231,-0.724873,-0.029957,-0.062745,-0.100609,0.992946,-0.722773,-0.681497,-0.114724,-0.689849,0.285431,0.272788,-0.606815,-0.295188,1.797748,-0.539970,0.012935,-0.018071,0.053138,0.029957,-0.992946,0.114724,0.000000,0.000000,0.000000,-1,-0.086914,-1.037125,0.138229,-0.294139,1.696590,-0.535210,179.761368,141.791458,-736.814514,0,0
205.280000,2.815833,1.459721,2.730795,0.741573,-0.669933,-0.035474,-0.044266,-0.101625,0.993837,-0.669410,-0.735433,-0.105018,-0.697893,0.255841,0.252505,-0.619462,-0.308945,1.163327,-0.109341,-0.257368,0.016619,-0.050391,0.035474,-0.993837,0.105018,0.000000,0.000000,0.000000,-1,-0.246597,-0.989319,0.022720,-0.287703,1.275204,-0.150441,179.761368,141.791458,-736.814514,0,0
205.320000,2.847987,1.470559,2.711896,0.750229,-0.660543,-0.028961,-0.041688,-0.090972,0.994980,-0.659862,-0.745256,-0.095787,-0.695879,0.252282,0.247465,-0.625194,-0.036581,-0.037443,0.187726,-0.236541,0.004410,-0.112160,0.028961,-0.994980,0.095787,0.000000,0.000000,0.000000,-1,-0.136047,-0.972000,-0.022507,-0.035532,-0.138599,0.192486,180.462189,141.442215,-737.816528,0,0
205.360000,2.921556,1.469977,2.629166,0.744073,-0.667737,-0.021968,-0.049347,-0.087721,0.994922,-0.666274,-0.739210,-0.098222,-0.694625,0.258083,0.247703,-0.624125,0.162330,-0.469835,0.302367,-0.045497,0.005130,-0.118195,0.021968,-0.994922,0.098222,0.000000,0.000000,0.000000,-1,0.053558,-0.994263,-0.008698,0.163379,-0.570990,0.307127,179.235748,141.267593,-736.981506,0,0
205.400000,2.941752,1.463933,2.552223,0.705035,-0.708856,-0.021173,-0.059285,-0.088665,0.994296,-0.706690,-0.699758,-0.104537,-0.688883,0.278764,0.264146,-0.614783,0.094427,-2.223681,0.133390,0.210318,0.053881,-0.100722,0.021173,-0.994296,0.104537,0.000000,0.000000,0.000000,-1,0.276047,-0.928879,0.065094,0.110403,-2.060906,0.095309,179.235748,141.267593,-736.981506,0,0
205.440000,2.957547,1.449707,2.443353,0.636250,-0.771166,-0.022106,-0.077654,-0.092524,0.992678,-0.767565,-0.629874,-0.118753,-0.679619,0.312241,0.290483,-0.596861,0.623658,-0.852909,0.073503,0.279377,0.043047,0.076514,0.022106,-0.992678,0.118753,0.000000,0.000000,0.000000,-1,0.271362,-0.946716,0.190277,0.624707,-0.954063,0.078263,179.235748,140.918365,-737.649536,0,0
205.480000,2.959552,1.439144,2.444312,0.638680,-0.769105,-0.023765,-0.084295,-0.100633,0.991346,-0.764841,-0.631150,-0.129104,-0.683450,0.312166,0.288465,-0.593495,0.033930,0.524005,-0.119808,0.110390,0.040556,0.037721,0.023765,-0.991346,0.129104,0.000000,0.000000,0.000000,-1,0.031143,-0.964554,0.145370,0.034979,0.422852,-0.115048,179.586166,141.966080,-736.981506,0,0
205.520000,2.939400,1.453846,2.501945,0.666910,-0.744770,-0.023432,-0.069650,-0.093616,0.993169,-0.741876,-0.660722,-0.114307,-0.684623,0.297398,0.279464,-0.603943,-0.428105,0.806105,-0.058548,-0.003291,-0.024745,-0.035724,0.023432,-0.993169,0.114307,0.000000,0.000000,0.000000,-1,0.047943,-1.024490,0.060730,-0.454711,0.762182,-0.068633,179.586166,141.966080,-736.981506,0,0
205.560000,2.938999,1.456747,2.513445,0.675096,-0.737374,-0.022898,-0.066876,-0.092080,0.993503,-0.734692,-0.669179,-0.111475,-0.685319,0.293385,0.276364,-0.606536,0.241142,-0.216896,0.003579,0.096303,0.000568,-0.080652,0.022898,-0.993503,0.111475,0.000000,0.000000,0.000000,-1,0.120026,-0.982086,0.035156,0.242191,-0.318047,0.008339,180.637405,141.267593,-738.317505,0,0
205.600000,2.943880,1.447908,2.498824,0.667993,-0.743778,-0.024078,-0.073475,-0.098117,0.992459,-0.740532,-0.661186,-0.120191,-0.686713,0.297524,0.278358,-0.602014,0.269733,-0.298553,-0.010195,0.074372,0.010251,-0.065778,0.024078,-0.992459,0.120191,0.000000,0.000000,0.000000,-1,0.071213,-0.979797,0.068649,0.270782,-0.399703,-0.005436,180.812607,141.092972,-736.480469,0,0
205.640000,2.938195,1.449129,2.501383,0.665664,-0.745848,-0.024516,-0.072501,-0.097333,0.992608,-0.742721,-0.658966,-0.118866,-0.685905,0.298273,0.279644,-0.601969,-0.285876,0.091648,0.025015,0.027104,-0.019233,-0.028717,0.024516,-0.992608,0.118866,0.000000,0.000000,0.000000,-1,0.064880,-1.001816,0.096512,-0.231711,-0.031776,0.022908,179.410950,141.442215,-737.482483,0,0
205.680000,2.933394,1.461534,2.505848,0.665253,-0.746277,-0.022539,-0.064748,-0.087741,0.994037,-0.743805,-0.659827,-0.106690,-0.681851,0.297362,0.280979,-0.606387,-0.103103,-0.221034,0.059507,0.081129,0.035342,0.002700,0.022539,-0.994037,0.106690,0.000000,0.000000,0.000000,-1,0.106201,-0.954376,0.115829,-0.102072,-0.322209,0.064275,180.462189,142.489944,-736.814514,0,0
205.720000,2.953378,1.455228,2.463958,0.648776,-0.760674,-0.021575,-0.072294,-0.089834,0.993329,-0.757538,-0.642888,-0.113275,-0.680420,0.306049,0.286262,-0.601180,0.260259,-0.573008,0.066664,0.065659,0.045164,0.011497,0.021575,-0.993329,0.113275,0.000000,0.000000,0.000000,-1,0.087234,-0.948166,0.124771,0.261317,-0.676292,0.078887,179.410950,141.791458,-737.816528,0,0
205.760000,2.893015,1.445223,2.509967,0.638138,-0.769305,-0.030813,-0.073951,-0.101080,0.992126,-0.766362,-0.630835,-0.121394,-0.682021,0.309102,0.292211,-0.594908,0.144395,-0.338765,0.026460,0.040827,0.034133,0.004018,0.030813,-0.992126,0.121394,0.000000,0.000000,0.000000,-1,0.066452,-0.974670,0.122253,0.173046,-0.494004,0.034361,179.586166,141.616837,-737.649536,0,0
205.800000,2.823651,1.447061,2.573440,0.633729,-0.772593,-0.038583,-0.066409,-0.104030,0.992355,-0.770700,-0.626321,-0.117234,-0.680991,0.308008,0.297097,-0.594236,0.056406,-0.011157,0.029147,0.016380,0.003158,-0.014405,0.038583,-0.992355,0.117234,0.000000,0.000000,0.000000,-1,0.050827,-0.978043,0.093262,0.057452,-0.112331,0.033913,179.235748,143.013794,-736.981506,0,0
205.840000,2.848196,1.442285,2.541915,0.628366,-0.777034,-0.037064,-0.072330,-0.105797,0.991754,-0.774548,-0.620503,-0.122682,-0.681330,0.311656,0.297804,-0.591584,0.190268,-0.319622,0.066294,0.032867,0.015847,-0.031999,0.037064,-0.991754,0.122682,0.000000,0.000000,0.000000,-1,0.069931,-0.975906,0.090683,0.174346,-0.376262,0.073173,179.235748,142.315323,-737.315491,0,0
205.880000,2.777867,1.438938,2.599446,0.618593,-0.784318,-0.046774,-0.067839,-0.112624,0.991319,-0.782778,-0.610050,-0.122875,-0.680825,0.312913,0.304613,-0.588025,0.212503,-0.401266,0.061102,0.035837,0.011308,-0.007458,0.046774,-0.991319,0.122876,0.000000,0.000000,0.000000,-1,0.084702,-0.982666,0.123428,0.223125,-0.509858,0.066856,180.111786,143.537659,-736.146484,0,0
