0.000000,-1.399816,0.153456,0.101680,0.184559,-0.132577,0.973838,-0.100312,0.983144,0.152854,-0.977689,-0.125899,0.168149,0.091194,-0.638443,-0.010555,0.764175,-0.007075,-0.012356,-0.001249,0.006797,0.005409,-0.000445,-0.973838,-0.152854,-0.168149,0.000000,0.000000,0.000000,-1,-0.966400,-0.145172,-0.167419,-0.027736,-0.010663,-0.008268,-22.325577,218.157837,-571.979004,0,0
0.040000,-1.400767,0.153074,0.101541,0.183573,-0.132352,0.974056,-0.100181,0.983216,0.152477,-0.977888,-0.125573,0.167233,0.091000,-0.638829,-0.010529,0.763875,-0.000720,-0.027136,0.004090,0.005046,0.005245,0.001141,-0.974055,-0.152477,-0.167233,0.000000,0.000000,0.000000,-1,-0.971375,-0.149048,-0.167450,-0.025605,-0.011703,-0.006150,-20.040283,217.630463,-572.817017,0,0
0.080000,-1.401521,0.152637,0.101411,0.182775,-0.132046,0.974247,-0.100061,0.983296,0.152045,-0.978050,-0.125274,0.166510,0.090788,-0.639142,-0.010471,0.763639,-0.004969,-0.026044,0.007320,0.004749,0.004050,-0.003153,-0.974247,-0.152045,-0.166510,0.000000,0.000000,0.000000,-1,-0.967636,-0.150040,-0.172913,-0.030929,-0.017988,0.001373,-21.798203,218.685211,-571.476257,0,0
0.120000,-1.402293,0.151926,0.101117,0.181911,-0.131507,0.974482,-0.099782,0.983432,0.151342,-0.978239,-0.124766,0.165775,0.090421,-0.639481,-0.010389,0.763400,-0.000675,-0.025936,0.013738,0.006449,0.000555,-0.001980,-0.974482,-0.151342,-0.165775,0.000000,0.000000,0.000000,-1,-0.967712,-0.148438,-0.169540,-0.018122,-0.011597,0.005511,-20.743439,219.388382,-572.481812,0,0
0.160000,-1.402721,0.151408,0.101445,0.181485,-0.130999,0.974629,-0.100112,0.983477,0.150830,-0.978285,-0.124946,0.165371,0.090327,-0.639652,-0.010117,0.763271,0.016404,-0.012157,0.014622,0.004735,0.004910,-0.002704,-0.974629,-0.150830,-0.165371,0.000000,0.000000,0.000000,-1,-0.970718,-0.140015,-0.167419,-0.001016,0.006463,0.011702,-21.270828,218.509415,-573.654907,0,0
0.200000,-1.402855,0.150178,0.102411,0.181357,-0.129648,0.974834,-0.101082,0.983564,0.149614,-0.978209,-0.125671,0.165271,0.090169,-0.639714,-0.009357,0.763248,0.023911,0.000624,0.021984,0.003627,0.012392,-0.001477,-0.974834,-0.149614,-0.165271,0.000000,0.000000,0.000000,-1,-0.970673,-0.137924,-0.167206,0.001152,0.014985,0.016980,-21.446609,217.982040,-573.822510,0,0
0.240000,-1.402817,0.148243,0.103737,0.181371,-0.127526,0.975111,-0.102416,0.983715,0.147700,-0.978067,-0.126655,0.165357,0.089860,-0.639724,-0.008224,0.763289,0.021767,-0.010933,0.031647,0.007872,0.010142,-0.001346,-0.975111,-0.147700,-0.165357,0.000000,0.000000,0.000000,-1,-0.966629,-0.135849,-0.167084,-0.001032,-0.008256,0.023476,-20.216064,218.861008,-573.319763,0,0
0.280000,-1.403549,0.146956,0.104596,0.180633,-0.126215,0.975419,-0.103280,0.983815,0.146428,-0.978113,-0.127191,0.164674,0.089644,-0.640021,-0.007514,0.763073,0.028088,-0.035262,0.034893,0.007355,0.009038,-0.002867,-0.975419,-0.146428,-0.164674,0.000000,0.000000,0.000000,-1,-0.968948,-0.143814,-0.166534,0.009562,-0.029402,0.027734,-21.798203,218.333633,-571.476257,0,0
0.320000,-1.405094,0.145586,0.106090,0.179169,-0.124815,0.975869,-0.104771,0.983858,0.145073,-0.978224,-0.128235,0.163200,0.089598,-0.640603,-0.006571,0.762599,0.031315,-0.038239,0.036045,0.005516,0.003090,-0.002358,-0.975869,-0.145073,-0.163200,0.000000,0.000000,0.000000,-1,-0.971741,-0.146530,-0.162399,0.007425,-0.029431,0.024555,-19.512909,218.157837,-570.973511,0,0
0.360000,-1.406548,0.144678,0.107419,0.177818,-0.123883,0.976234,-0.106092,0.983849,0.144174,-0.978328,-0.129207,0.161803,0.089675,-0.641137,-0.005836,0.762147,0.025982,-0.035125,0.028615,0.008263,-0.003547,-0.005937,-0.976234,-0.144174,-0.161803,0.000000,0.000000,0.000000,-1,-0.971313,-0.145615,-0.160751,0.003186,-0.015740,0.016014,-20.743439,219.388382,-572.817017,0,0
0.400000,-1.407751,0.144107,0.108586,0.176725,-0.123278,0.976510,-0.107249,0.983806,0.143609,-0.978400,-0.130109,0.160641,0.089830,-0.641568,-0.005261,0.761770,0.021746,-0.021423,0.021136,0.006096,-0.000739,0.000119,-0.976510,-0.143609,-0.160641,0.000000,0.000000,0.000000,-1,-0.967896,-0.143997,-0.165344,-0.002135,-0.011542,0.011778,-21.973984,219.564178,-573.654907,0,0
0.440000,-1.408456,0.143691,0.109367,0.176087,-0.122829,0.976681,-0.108024,0.983781,0.143197,-0.978429,-0.130720,0.159963,0.089921,-0.641820,-0.004860,0.761550,0.015380,-0.023485,0.014907,0.008542,-0.002890,-0.005244,-0.976681,-0.143197,-0.159963,0.000000,0.000000,0.000000,-1,-0.969040,-0.147507,-0.164810,-0.011742,-0.011628,0.002265,-22.149780,221.146301,-573.487305,0,0
0.480000,-1.409167,0.143686,0.109962,0.175464,-0.122812,0.976796,-0.108610,0.983717,0.143192,-0.978477,-0.131215,0.159268,0.090109,-0.642064,-0.004664,0.761323,0.008956,-0.028837,0.007514,0.006367,-0.002834,-0.005084,-0.976796,-0.143192,-0.159268,0.000000,0.000000,0.000000,-1,-0.970642,-0.144852,-0.164764,-0.017105,-0.022248,-0.000849,-21.622406,218.861008,-571.643860,0,0
0.520000,-1.409915,0.143623,0.110080,0.174739,-0.122828,0.976923,-0.108727,0.983714,0.143130,-0.978593,-0.131228,0.158539,0.090121,-0.642346,-0.004632,0.761083,0.001458,-0.042608,0.006556,0.006403,-0.002622,-0.005920,-0.976923,-0.143130,-0.158539,0.000000,0.000000,0.000000,-1,-0.970886,-0.145691,-0.162781,-0.027799,-0.033935,-0.004984,-21.095032,217.982040,-571.476257,0,0
0.560000,-1.411249,0.143726,0.109857,0.173418,-0.123142,0.977119,-0.108505,0.983723,0.143231,-0.978853,-0.130862,0.157234,0.090085,-0.642859,-0.004810,0.760653,-0.007054,-0.036295,0.001268,0.006493,-0.004184,-0.001671,-0.977119,-0.143231,-0.157234,0.000000,0.000000,0.000000,-1,-0.970062,-0.145676,-0.158966,-0.034162,-0.021273,-0.010309,-21.446609,218.685211,-572.481812,0,0
0.600000,-1.412252,0.143868,0.109136,0.172362,-0.123536,0.977256,-0.107795,0.983781,0.143373,-0.979118,-0.130055,0.156250,0.089905,-0.643267,-0.005176,0.760328,-0.016562,-0.023536,-0.006028,0.003059,0.001710,-0.004532,-0.977257,-0.143373,-0.156250,0.000000,0.000000,0.000000,-1,-0.973404,-0.140915,-0.164383,-0.038394,-0.009651,-0.013515,-21.622406,219.564178,-570.973511,0,0
0.640000,-1.412520,0.143832,0.108594,0.172029,-0.123629,0.977304,-0.107262,0.983844,0.143337,-0.979235,-0.129485,0.155989,0.089716,-0.643395,-0.005382,0.760240,-0.017597,-0.015039,-0.003920,0.003838,0.003734,-0.002367,-0.977303,-0.143337,-0.155989,0.000000,0.000000,0.000000,-1,-0.969681,-0.135422,-0.159836,-0.044752,-0.003255,-0.009229,-20.743439,219.036804,-572.481812,0,0
0.680000,-1.412716,0.143248,0.107713,0.171666,-0.123238,0.977417,-0.106404,0.984021,0.142759,-0.979392,-0.128508,0.155810,0.089211,-0.643534,-0.005536,0.760181,-0.021867,-0.022397,0.001474,0.004760,0.008878,-0.003934,-0.977417,-0.142759,-0.155810,0.000000,0.000000,0.000000,-1,-0.971268,-0.135071,-0.160706,-0.044780,-0.015925,-0.004920,-21.270828,218.861008,-572.649414,0,0
0.720000,-1.413428,0.142478,0.106898,0.170788,-0.122720,0.977636,-0.105613,0.984217,0.141996,-0.979631,-0.127503,0.155131,0.088656,-0.643875,-0.005627,0.759957,-0.017628,-0.031887,0.005744,0.008092,0.008650,-0.002843,-0.977636,-0.141996,-0.155131,0.000000,0.000000,0.000000,-1,-0.971680,-0.129929,-0.159119,-0.040547,-0.029636,0.001491,-19.512909,219.212585,-572.314209,0,0
0.760000,-1.414564,0.141296,0.106253,0.169474,-0.121825,0.977976,-0.104996,0.984451,0.140826,-0.979926,-0.126550,0.154047,0.087999,-0.644385,-0.005538,0.759601,-0.014394,-0.042174,0.010169,0.005228,0.011065,-0.005468,-0.977976,-0.140826,-0.154047,0.000000,0.000000,0.000000,-1,-0.976791,-0.130600,-0.159302,-0.036285,-0.028578,0.001454,-21.622406,218.509415,-572.984558,0,0
0.800000,-1.415130,0.140306,0.105712,0.168751,-0.121025,0.978200,-0.104478,0.984646,0.139846,-0.980106,-0.125800,0.153515,0.087449,-0.644667,-0.005447,0.759426,-0.013237,-0.009355,0.007913,0.000051,0.007415,-0.006229,-0.978200,-0.139846,-0.153515,0.000000,0.000000,0.000000,-1,-0.974518,-0.133682,-0.162720,-0.034060,0.006334,-0.002956,-20.567657,218.157837,-571.643860,0,0
0.840000,-1.414739,0.139574,0.105267,0.169004,-0.120339,0.978241,-0.104050,0.984794,0.139121,-0.980108,-0.125299,0.153913,0.087031,-0.644569,-0.005361,0.759558,-0.007916,-0.010397,0.008946,0.004731,0.006141,-0.007784,-0.978241,-0.139121,-0.153913,0.000000,0.000000,0.000000,-1,-0.974350,-0.132477,-0.157745,-0.028761,-0.004229,0.000239,-20.743439,219.036804,-571.811462,0,0
0.880000,-1.414909,0.138622,0.105116,0.168722,-0.119459,0.978398,-0.103916,0.984941,0.138178,-0.980171,-0.124985,0.153767,0.086623,-0.644680,-0.005116,0.759511,0.000591,-0.017757,0.014240,0.004704,0.005823,-0.004650,-0.978398,-0.138178,-0.153767,0.000000,0.000000,0.000000,-1,-0.975632,-0.130432,-0.156311,-0.019155,-0.001005,0.005479,-21.095032,219.388382,-570.470764,0,0
0.920000,-1.415112,0.137686,0.105330,0.168452,-0.118538,0.978556,-0.104140,0.985047,0.137251,-0.980193,-0.125027,0.153589,0.086338,-0.644788,-0.004740,0.759455,0.005965,0.001289,0.012001,0.003443,0.008040,-0.000495,-0.978556,-0.137251,-0.153589,0.000000,0.000000,0.000000,-1,-0.976334,-0.127762,-0.156631,-0.016971,0.018049,0.004325,-22.149780,218.685211,-572.481812,0,0
0.960000,-1.414534,0.136483,0.105542,0.168920,-0.117260,0.978630,-0.104367,0.985188,0.136060,-0.980089,-0.125120,0.154180,0.085954,-0.644610,-0.004243,0.759653,-0.001472,0.005552,0.014181,0.006324,0.005841,-0.004282,-0.978630,-0.136060,-0.154180,0.000000,0.000000,0.000000,-1,-0.968277,-0.133362,-0.160446,-0.027638,0.009598,0.006570,-21.270828,220.267349,-570.973511,0,0
1.000000,-1.414488,0.135929,0.105529,0.168906,-0.116716,0.978697,-0.104362,0.985264,0.135511,-0.980091,-0.125027,0.154237,0.085740,-0.644616,-0.004066,0.759672,0.004909,-0.020639,0.014391,0.010496,0.001187,-0.003081,-0.978697,-0.135511,-0.154237,0.000000,0.000000,0.000000,-1,-0.974625,-0.136322,-0.152451,-0.010663,-0.010530,0.006514,-20.567657,219.212585,-571.979004,0,0
1.040000,-1.415144,0.135466,0.106069,0.168278,-0.116257,0.978860,-0.104900,0.985270,0.135052,-0.980142,-0.125409,0.153604,0.085738,-0.644862,-0.003739,0.759466,0.011335,-0.007930,0.014293,0.003045,0.001080,-0.002859,-0.978860,-0.135052,-0.153604,0.000000,0.000000,0.000000,-1,-0.974731,-0.134628,-0.162292,-0.015970,-0.003134,0.004397,-21.798203,220.091553,-572.481812,0,0
1.080000,-1.415064,0.135107,0.106473,0.168367,-0.115829,0.978895,-0.105304,0.985276,0.134696,-0.980084,-0.125760,0.153691,0.085733,-0.644829,-0.003465,0.759495,0.007069,-0.005852,0.008989,0.004729,-0.002953,-0.005901,-0.978895,-0.134696,-0.153690,0.000000,0.000000,0.000000,-1,-0.970688,-0.137527,-0.160217,-0.015955,0.005300,0.000104,-22.677155,219.212585,-570.973511,0,0
1.120000,-1.414969,0.135029,0.106737,0.168482,-0.115697,0.978891,-0.105565,0.985258,0.134619,-0.980036,-0.126017,0.153784,0.085789,-0.644785,-0.003335,0.759527,0.012381,-0.007987,0.006824,0.005289,-0.000894,-0.005716,-0.978891,-0.134619,-0.153784,0.000000,0.000000,0.000000,-1,-0.977036,-0.134872,-0.156784,-0.005304,0.006356,0.000017,-21.446609,219.036804,-572.481812,0,0
1.160000,-1.414949,0.134866,0.107505,0.168573,-0.115406,0.978910,-0.106324,0.985199,0.134457,-0.979938,-0.126747,0.153808,0.085975,-0.644751,-0.002990,0.759536,0.021988,-0.000562,0.007786,0.002683,0.000088,-0.000627,-0.978910,-0.134457,-0.153808,0.000000,0.000000,0.000000,-1,-0.977631,-0.134262,-0.151947,-0.004211,0.015888,-0.000027,-19.337112,219.388382,-571.141113,0,0
1.200000,-1.414680,0.134423,0.108417,0.168895,-0.114787,0.978927,-0.107229,0.985160,0.134018,-0.979784,-0.127605,0.154081,0.086102,-0.644629,-0.002487,0.759628,0.013496,0.005826,0.011026,0.004882,0.002183,-0.002673,-0.978927,-0.134018,-0.154081,0.000000,0.000000,0.000000,-1,-0.976929,-0.134430,-0.157791,-0.009526,0.016968,0.002141,-21.446609,220.091553,-571.476257,0,0
1.240000,-1.414283,0.134179,0.108818,0.169304,-0.114431,0.978898,-0.107627,0.985150,0.133777,-0.979670,-0.128005,0.154474,0.086140,-0.644471,-0.002239,0.759758,0.011389,0.013242,0.011014,0.004411,-0.000027,-0.001806,-0.978898,-0.133777,-0.154474,0.000000,0.000000,0.000000,-1,-0.974686,-0.131027,-0.154678,-0.009499,0.027540,-0.000030,-21.095032,219.388382,-571.476257,0,0
1.280000,-1.413522,0.133855,0.109414,0.170083,-0.113917,0.978823,-0.108219,0.985129,0.133455,-0.979469,-0.128626,0.155226,0.086210,-0.644170,-0.001874,0.760006,0.019934,0.024862,0.007709,0.003924,0.002962,0.000883,-0.978823,-0.133455,-0.155226,0.000000,0.000000,0.000000,-1,-0.972092,-0.123932,-0.155396,0.004362,0.034941,-0.001230,-20.743439,220.443130,-571.811462,0,0
1.320000,-1.412474,0.133035,0.110768,0.171175,-0.112754,0.978768,-0.109565,0.985089,0.132643,-0.979130,-0.129944,0.156268,0.086337,-0.643748,-0.001048,0.760351,0.025253,0.023802,0.007679,0.007179,0.007811,0.001651,-0.978768,-0.132643,-0.156268,0.000000,0.000000,0.000000,-1,-0.973602,-0.127075,-0.153915,0.003288,0.033862,-0.003348,-22.149780,220.091553,-571.811462,0,0
1.360000,-1.411999,0.132778,0.111582,0.171703,-0.112302,0.978727,-0.110371,0.985034,0.132388,-0.978947,-0.130755,0.156739,0.086503,-0.643543,-0.000635,0.760506,0.025241,0.023761,0.003420,0.003782,0.005542,0.002442,-0.978727,-0.132388,-0.156739,0.000000,0.000000,0.000000,-1,-0.975342,-0.128082,-0.160507,0.003291,0.038059,-0.007625,-21.270828,218.861008,-573.654907,0,0
1.400000,-1.410852,0.132640,0.112563,0.172921,-0.111848,0.978565,-0.111339,0.984943,0.132252,-0.978623,-0.131821,0.157864,0.086766,-0.643071,-0.000167,0.760876,0.023116,0.029020,-0.000841,0.004703,0.004230,-0.004322,-0.978565,-0.132252,-0.157864,0.000000,0.000000,0.000000,-1,-0.977386,-0.127167,-0.161896,0.000075,0.032745,-0.009711,-19.688690,216.927292,-572.481812,0,0
1.440000,-1.409554,0.132379,0.113659,0.174285,-0.111232,0.978393,-0.112422,0.984855,0.131993,-0.978257,-0.132998,0.159140,0.087020,-0.642540,0.000391,0.761295,0.022002,0.008951,0.004574,0.006927,0.006749,-0.004175,-0.978393,-0.131993,-0.159140,0.000000,0.000000,0.000000,-1,-0.971222,-0.126221,-0.162506,-0.002107,0.008464,-0.001081,-20.391861,218.685211,-571.811462,0,0
1.480000,-1.409670,0.131915,0.114241,0.174183,-0.110695,0.978472,-0.113003,0.984850,0.131533,-0.978208,-0.133481,0.159036,0.087031,-0.642579,0.000758,0.761260,0.013422,-0.018502,0.013269,0.008165,0.006563,-0.002570,-0.978472,-0.131533,-0.159036,0.000000,0.000000,0.000000,-1,-0.975784,-0.126053,-0.161011,-0.011747,-0.016884,0.006546,-21.973984,218.509415,-571.308716,0,0
1.520000,-1.410396,0.131056,0.114812,0.173441,-0.109858,0.978698,-0.113577,0.984897,0.130682,-0.978273,-0.133823,0.158344,0.086890,-0.642867,0.001222,0.761033,0.011324,-0.005809,0.011111,-0.000977,0.003866,-0.002071,-0.978698,-0.130682,-0.158344,0.000000,0.000000,0.000000,-1,-0.978683,-0.127029,-0.159714,-0.015836,0.045537,-0.001113,-22.149780,219.036804,-571.141113,0,0
1.560000,-1.408208,0.130527,0.115077,0.175550,-0.109003,0.978417,-0.113846,0.984936,0.130156,-0.977866,-0.134238,0.160496,0.086773,-0.642045,0.001589,0.761738,-0.002359,0.052391,0.004609,0.003808,0.002654,-0.004482,-0.978417,-0.130156,-0.160496,0.000000,0.000000,0.000000,-1,-0.973740,-0.128571,-0.165390,-0.025398,0.055042,-0.004271,-20.743439,219.036804,-571.811462,0,0
1.600000,-1.406844,0.130307,0.115029,0.176854,-0.108616,0.978226,-0.113802,0.984969,0.129939,-0.977636,-0.134304,0.161835,0.086674,-0.641537,0.001701,0.762178,0.000766,0.027004,0.007877,0.005356,0.000285,-0.002670,-0.978226,-0.129939,-0.161835,0.000000,0.000000,0.000000,-1,-0.976990,-0.128189,-0.158905,-0.015863,0.034965,0.001057,-20.743439,218.685211,-571.141113,0,0
1.640000,-1.405862,0.129864,0.115342,0.177798,-0.107997,0.978123,-0.114117,0.984991,0.129499,-0.977428,-0.134645,0.162805,0.086605,-0.641168,0.002007,0.762495,0.002932,0.036564,0.011021,0.003971,0.000883,0.004984,-0.978123,-0.129499,-0.162805,0.000000,0.000000,0.000000,-1,-0.976196,-0.126999,-0.162735,-0.028562,0.061437,-0.000009,-20.919235,219.212585,-572.314209,0,0
1.680000,-1.403161,0.129426,0.115027,0.180355,-0.107264,0.977735,-0.113814,0.985083,0.129065,-0.976995,-0.134557,0.165456,0.086336,-0.640170,0.002145,0.763363,-0.015100,0.067194,0.001458,0.000975,-0.000528,0.001165,-0.977735,-0.129065,-0.165456,0.000000,0.000000,0.000000,-1,-0.971527,-0.130020,-0.165039,-0.040247,0.079347,-0.010639,-22.677155,219.564178,-572.649414,0,0
1.720000,-1.401142,0.129498,0.114495,0.182278,-0.107159,0.977390,-0.113288,0.985134,0.129136,-0.976699,-0.134265,0.167428,0.086191,-0.639419,0.002005,0.764009,-0.018326,0.060790,-0.003820,0.010273,0.000306,0.003045,-0.977390,-0.129136,-0.167428,0.000000,0.000000,0.000000,-1,-0.967010,-0.126740,-0.164398,-0.042449,0.057086,-0.012669,-20.743439,220.443130,-573.152161,0,0
1.760000,-1.399288,0.129432,0.113684,0.183994,-0.106996,0.977087,-0.112491,0.985234,0.129071,-0.976469,-0.133661,0.169241,0.085905,-0.638749,0.001797,0.764603,-0.022653,0.037499,-0.002633,0.008764,0.003552,0.003134,-0.977087,-0.129071,-0.169241,0.000000,0.000000,0.000000,-1,-0.973785,-0.126266,-0.167709,-0.046759,0.040141,-0.012572,-20.567657,219.564178,-572.314209,0,0
1.800000,-1.397738,0.129207,0.112454,0.185351,-0.106798,0.976852,-0.111281,0.985401,0.128847,-0.976351,-0.132587,0.170761,0.085425,-0.638218,0.001465,0.765100,-0.024801,0.034290,-0.005798,0.000137,0.003527,0.002502,-0.976852,-0.128847,-0.170761,0.000000,0.000000,0.000000,-1,-0.974472,-0.125549,-0.168457,-0.047812,0.046466,-0.015783,-21.973984,219.915756,-571.979004,0,0
1.840000,-1.396624,0.129148,0.111650,0.186346,-0.106743,0.976668,-0.110491,0.985497,0.128790,-0.976251,-0.131912,0.171850,0.085146,-0.637829,0.001224,0.765456,-0.026917,0.039575,-0.006865,0.002456,0.002172,0.003438,-0.976668,-0.128790,-0.171850,0.000000,0.000000,0.000000,-1,-0.971970,-0.127060,-0.169540,-0.048873,0.049624,-0.017917,-21.095032,219.388382,-573.152161,0,0
1.880000,-1.395458,0.129166,0.110847,0.187401,-0.106757,0.976465,-0.109698,0.985584,0.128807,-0.976139,-0.131255,0.172988,0.084896,-0.637416,0.000960,0.765828,-0.022673,0.036376,-0.009016,0.004495,0.001747,0.003448,-0.976465,-0.128807,-0.172988,0.000000,0.000000,0.000000,-1,-0.970322,-0.128754,-0.169601,-0.042481,0.051731,-0.019040,-20.743439,219.739960,-572.146606,0,0
1.920000,-1.393301,0.129654,0.109436,0.189408,-0.107215,0.976027,-0.108301,0.985675,0.129291,-0.975908,-0.130193,0.175083,0.084632,-0.636629,0.000354,0.766512,-0.022715,0.025740,-0.013238,0.004149,-0.000851,0.003315,-0.976027,-0.129291,-0.175083,0.000000,0.000000,0.000000,-1,-0.975143,-0.132690,-0.169510,-0.040410,0.034755,-0.022189,-21.270828,220.618927,-572.649414,0,0
1.960000,-1.392714,0.130142,0.108979,0.189983,-0.107698,0.975863,-0.107844,0.985661,0.129775,-0.975846,-0.129896,0.175644,0.084672,-0.636403,0.000048,0.766696,-0.009924,0.032069,-0.015493,0.002596,-0.000581,0.007126,-0.975863,-0.129774,-0.175644,0.000000,0.000000,0.000000,-1,-0.973190,-0.127991,-0.171463,-0.031834,0.054866,-0.023396,-21.270828,221.322098,-573.654907,0,0
2.000000,-1.391691,0.130526,0.108662,0.190988,-0.107998,0.975633,-0.107526,0.985646,0.130156,-0.975685,-0.129764,0.176634,0.084718,-0.636008,-0.000154,0.767018,-0.010941,0.046903,-0.014476,0.002443,0.002165,0.005171,-0.975633,-0.130156,-0.176634,0.000000,0.000000,0.000000,-1,-0.970657,-0.124680,-0.175995,-0.033968,0.052759,-0.022306,-20.216064,220.618927,-572.984558,0,0
2.040000,-1.389474,0.130574,0.107951,0.193079,-0.107894,0.975233,-0.106824,0.985716,0.130203,-0.975351,-0.129318,0.178796,0.084510,-0.635185,-0.000348,0.767722,-0.010883,0.037681,-0.007886,0.002500,0.007446,0.005791,-0.975233,-0.130203,-0.178796,0.000000,0.000000,0.000000,-1,-0.971039,-0.126465,-0.168655,-0.037159,0.048582,-0.015874,-20.743439,219.036804,-573.152161,0,0
2.080000,-1.388615,0.130490,0.107573,0.193867,-0.107775,0.975090,-0.106453,0.985767,0.130120,-0.975235,-0.129027,0.179635,0.084358,-0.634875,-0.000430,0.767996,-0.011923,0.044051,-0.005769,0.004433,0.005715,0.008996,-0.975090,-0.130120,-0.179635,0.000000,0.000000,0.000000,-1,-0.967697,-0.117935,-0.183014,-0.042455,0.054968,-0.012661,-21.798203,219.036804,-573.152161,0,0
2.120000,-1.386754,0.129883,0.106504,0.195504,-0.107155,0.974831,-0.105408,0.985959,0.129518,-0.975022,-0.128076,0.181464,0.083788,-0.634230,-0.000568,0.768591,-0.048152,0.024067,-0.000033,0.007607,0.009508,-0.007242,-0.974831,-0.129518,-0.181463,0.000000,0.000000,0.000000,-1,-0.965454,-0.131393,-0.188019,-0.082029,-0.009571,-0.005720,-20.919235,218.157837,-573.319763,0,0
2.160000,-1.387143,0.129190,0.104370,0.194825,-0.106949,0.974990,-0.103313,0.986270,0.128831,-0.975382,-0.125828,0.181101,0.082846,-0.634497,-0.001183,0.768472,-0.013160,-0.028835,0.006287,0.008224,0.007249,0.010431,-0.974990,-0.128831,-0.181101,0.000000,0.000000,0.000000,-1,-0.962875,-0.114853,-0.175842,-0.031974,-0.011633,0.001357,-21.270828,219.915756,-571.979004,0,0
2.200000,-1.387852,0.128232,0.104171,0.194015,-0.106148,0.975239,-0.103129,0.986413,0.127881,-0.975563,-0.125387,0.180432,0.082417,-0.634816,-0.000982,0.768254,-0.008843,-0.017098,0.015803,0.009632,0.010511,0.000637,-0.975239,-0.127881,-0.180432,0.000000,0.000000,0.000000,-1,-0.966812,-0.123444,-0.191025,-0.037282,-0.010523,0.006720,-21.798203,219.036804,-571.476257,0,0
2.240000,-1.387911,0.127390,0.103766,0.193829,-0.105417,0.975355,-0.102741,0.986562,0.127045,-0.975641,-0.124834,0.180394,0.081966,-0.634889,-0.000871,0.768242,-0.019510,-0.021347,0.013774,0.008543,0.003602,-0.010631,-0.975355,-0.127045,-0.180394,0.000000,0.000000,0.000000,-1,-0.966476,-0.126938,-0.194016,-0.055356,0.004241,-0.000652,-22.325577,219.212585,-573.654907,0,0
2.280000,-1.387214,0.126899,0.102345,0.194310,-0.105131,0.975290,-0.101345,0.986768,0.126559,-0.975691,-0.123432,0.181085,0.081328,-0.634700,-0.001232,0.768466,-0.049283,0.002943,0.000115,0.008814,-0.000379,-0.012931,-0.975290,-0.126559,-0.181084,0.000000,0.000000,0.000000,-1,-0.960602,-0.141754,-0.192734,-0.073492,0.002018,-0.012222,-20.391861,219.388382,-573.822510,0,0
2.320000,-1.386625,0.127892,0.099980,0.194733,-0.106482,0.975059,-0.098998,0.986880,0.127544,-0.975848,-0.121366,0.181637,0.080958,-0.634529,-0.002434,0.768643,-0.027080,-0.039523,-0.011628,0.011833,-0.013478,-0.009754,-0.975059,-0.127544,-0.181637,0.000000,0.000000,0.000000,-1,-0.971176,-0.129807,-0.186127,-0.027836,-0.028836,-0.026309,-21.270828,219.212585,-572.984558,0,0
2.360000,-1.387231,0.128682,0.099587,0.194176,-0.107398,0.975070,-0.098600,0.986818,0.128327,-0.975999,-0.121060,0.181027,0.081134,-0.634747,-0.002862,0.768443,0.005940,-0.029004,-0.019384,0.003894,-0.001479,-0.005100,-0.975070,-0.128327,-0.181027,0.000000,0.000000,0.000000,-1,-0.976517,-0.115112,-0.184952,-0.007466,0.021948,-0.031984,-21.095032,220.091553,-572.817017,0,0
2.400000,-1.385029,0.128972,0.099278,0.196320,-0.107473,0.974632,-0.098292,0.986811,0.128615,-0.975601,-0.121048,0.183167,0.081150,-0.633902,-0.002984,0.769139,-0.026825,0.054651,-0.022630,0.004875,0.013259,-0.007004,-0.974632,-0.128615,-0.183167,0.000000,0.000000,0.000000,-1,-0.960938,-0.114288,-0.187866,-0.053167,0.048448,-0.030664,-20.919235,219.915756,-573.654907,0,0
2.440000,-1.383643,0.128588,0.097981,0.197495,-0.107189,0.974426,-0.097017,0.986987,0.128234,-0.975491,-0.119861,0.184526,0.080594,-0.633436,-0.003304,0.769579,-0.022728,-0.001395,-0.017095,0.020080,0.012770,0.007540,-0.974426,-0.128234,-0.184526,0.000000,0.000000,0.000000,-1,-0.950195,-0.119110,-0.171570,-0.037342,-0.003414,-0.026331,-20.567657,219.564178,-573.654907,0,0
2.480000,-1.384316,0.128651,0.097485,0.196792,-0.107428,0.974542,-0.096527,0.987027,0.128296,-0.975682,-0.119317,0.183869,0.080460,-0.633712,-0.003542,0.769365,-0.008941,-0.019407,-0.017131,0.023874,0.011048,0.012925,-0.974542,-0.128296,-0.183869,0.000000,0.000000,0.000000,-1,-0.956390,-0.115448,-0.174561,-0.014001,-0.032007,-0.025339,-21.270828,219.212585,-573.319763,0,0
2.520000,-1.387382,0.128424,0.098248,0.193860,-0.107425,0.975130,-0.097282,0.986982,0.128071,-0.976194,-0.119691,0.180886,0.080610,-0.634869,-0.003300,0.768396,0.035645,-0.072273,-0.005550,0.014162,0.018147,0.010247,-0.975130,-0.128071,-0.180886,0.000000,0.000000,0.000000,-1,-0.963715,-0.104980,-0.172623,0.013578,-0.078478,-0.010464,-20.567657,219.212585,-573.319763,0,0
2.560000,-1.392533,0.126980,0.099840,0.188860,-0.106337,0.976230,-0.098872,0.987009,0.126639,-0.977014,-0.120439,0.175893,0.080558,-0.636839,-0.002434,0.766773,0.040762,-0.161008,0.020323,0.013736,0.026022,0.001882,-0.976230,-0.126639,-0.175893,0.000000,0.000000,0.000000,-1,-0.961594,-0.101776,-0.171066,0.027180,-0.185149,0.022855,-20.567657,219.915756,-572.649414,0,0
2.600000,-1.400643,0.124597,0.102042,0.180929,-0.104593,0.977919,-0.101076,0.987086,0.124274,-0.978288,-0.121329,0.168021,0.080346,-0.639949,-0.001151,0.764205,0.050222,-0.218048,0.040729,0.017286,0.020606,-0.000055,-0.977919,-0.124274,-0.168021,0.000000,0.000000,0.000000,-1,-0.959381,-0.105301,-0.166412,0.020717,-0.221030,0.036889,-21.270828,220.618927,-572.314209,0,0
2.640000,-1.410854,0.122047,0.103881,0.170866,-0.103028,0.979893,-0.102923,0.987211,0.121745,-0.979904,-0.121655,0.158077,0.079966,-0.643869,-0.000035,0.760946,0.034026,-0.302653,0.053963,0.027088,0.010050,-0.007115,-0.979893,-0.121745,-0.158077,0.000000,0.000000,0.000000,-1,-0.942047,-0.119553,-0.159622,0.015101,-0.325795,0.046913,-21.095032,220.794724,-571.476257,0,0
2.680000,-1.425467,0.120160,0.105863,0.156540,-0.102642,0.982324,-0.104904,0.987231,0.119872,-0.982085,-0.121814,0.143774,0.079898,-0.649407,0.000748,0.756232,0.043281,-0.423254,0.069254,0.052575,-0.006609,-0.000040,-0.982324,-0.119872,-0.143774,0.000000,0.000000,0.000000,-1,-0.908890,-0.131180,-0.135513,-0.004485,-0.484444,0.071097,-21.270828,219.564178,-570.638306,0,0
2.720000,-1.434724,0.119206,0.106645,0.147424,-0.102716,0.983725,-0.105688,0.987262,0.118924,-0.983411,-0.121500,0.134690,0.079798,-0.652907,0.000986,0.753222,0.018606,-0.494110,0.080361,0.074836,-0.012256,-0.000823,-0.983725,-0.118924,-0.134690,0.000000,0.000000,0.000000,-1,-0.895004,-0.158142,-0.114761,-0.040975,-0.588142,0.081356,-21.973984,220.618927,-569.297607,0,0
2.760000,-1.459601,0.115437,0.105953,0.122450,-0.102092,0.987210,-0.105051,0.987774,0.115180,-0.986899,-0.117811,0.110228,0.078179,-0.662400,0.000993,0.745059,-0.081160,-0.761988,0.099194,0.092206,-0.042962,-0.004533,-0.987210,-0.115180,-0.110228,0.000000,0.000000,0.000000,-1,-0.997955,-0.172821,-0.073715,-0.170934,-0.980834,0.107273,-23.380325,221.322098,-566.951416,0,0
2.800000,-1.511209,0.108482,0.098996,0.069942,-0.101662,0.992357,-0.098253,0.989254,0.108269,-0.992701,-0.105075,0.059202,0.073290,-0.681929,-0.001171,0.727736,-0.169679,-1.215746,0.165500,-0.032377,-0.054558,-0.006258,-0.992357,-0.108269,-0.059202,0.000000,0.000000,0.000000,-1,-0.993332,-0.142487,-0.086685,-0.226690,-1.187534,0.203294,-21.446609,220.443130,-566.113464,0,0
2.840000,-1.557008,0.099874,0.090779,0.022770,-0.098038,0.994922,-0.090202,0.990920,0.099708,-0.995663,-0.092015,0.013720,0.067325,-0.699005,-0.002752,0.711936,-0.248947,-1.069022,0.224157,0.011661,-0.048317,-0.084883,-0.994922,-0.099708,-0.013720,0.000000,0.000000,0.000000,-1,-0.987488,-0.170547,-0.112183,-0.268531,-0.933399,0.195208,-21.446609,221.849472,-562.091309,0,0
2.880000,-1.601869,0.090968,0.079893,-0.023722,-0.092989,0.995385,-0.079478,0.992689,0.090843,-0.996554,-0.076956,-0.030939,0.060267,-0.715428,-0.004852,0.696065,-0.136592,-0.803062,0.123213,-0.030540,-0.100777,-0.111704,-0.995385,-0.090843,0.030939,0.000000,0.000000,0.000000,-1,-1.044998,-0.189682,-0.051834,-0.106194,-0.681291,0.086472,-22.149780,221.146301,-561.085815,0,0
2.920000,-1.619437,0.088872,0.078310,-0.041537,-0.092182,0.994875,-0.077921,0.993001,0.088755,-0.996094,-0.073835,-0.048429,0.058931,-0.721624,-0.005169,0.689753,0.006979,-0.455209,0.059004,-0.041456,-0.095297,-0.092649,-0.994875,-0.088755,0.048429,0.000000,0.000000,0.000000,-1,-0.976227,-0.172501,-0.027771,-0.001049,-0.375679,0.035507,-21.973984,221.322098,-560.583008,0,0
2.960000,-1.634726,0.088838,0.078168,-0.056777,-0.093258,0.994022,-0.077781,0.993015,0.088721,-0.995352,-0.072279,-0.063634,0.058826,-0.726881,-0.005655,0.684216,-0.044367,-0.533565,0.058614,0.038837,-0.080697,-0.078634,-0.994022,-0.088721,0.063634,0.000000,0.000000,0.000000,-1,-0.930115,-0.159424,0.018585,-0.130751,-0.694103,0.074992,-22.325577,222.025269,-559.242310,0,0
3.000000,-1.669080,0.085006,0.072094,-0.091785,-0.091343,0.991581,-0.071771,0.993801,0.084904,-0.993189,-0.063374,-0.097771,0.055195,-0.738809,-0.007285,0.671611,-0.145956,-0.714258,0.102691,0.056369,-0.079616,-0.031808,-0.991581,-0.084904,0.097771,0.000000,0.000000,0.000000,-1,-0.946823,-0.166718,0.062073,-0.176334,-0.640987,0.091126,-21.446609,222.904221,-558.069214,0,0
3.040000,-1.686109,0.082544,0.067089,-0.109308,-0.089432,0.989977,-0.066810,0.994353,0.082451,-0.991760,-0.057128,-0.114665,0.052451,-0.744702,-0.008501,0.665278,-0.159004,-0.462387,0.096538,0.037004,-0.088600,-0.066188,-0.989977,-0.082451,0.114665,0.000000,0.000000,0.000000,-1,-0.955246,-0.184662,-0.005447,-0.146288,-0.198412,0.074320,-21.446609,222.904221,-556.393311,0,0
3.080000,-1.693339,0.079811,0.062267,-0.117075,-0.086581,0.989342,-0.062029,0.994885,0.079726,-0.991184,-0.052034,-0.121847,0.049716,-0.747296,-0.009264,0.662564,-0.058701,-0.017790,0.070657,0.030815,-0.104493,-0.150946,-0.989342,-0.079726,0.121847,0.000000,0.000000,0.000000,-1,-0.961746,-0.187103,-0.072159,-0.048887,-0.025836,0.068657,-21.270828,223.431595,-556.896118,0,0
3.120000,-1.692278,0.078932,0.060304,-0.116246,-0.085430,0.989540,-0.060080,0.995074,0.078850,-0.991402,-0.050285,-0.120806,0.048697,-0.747015,-0.009560,0.662952,-0.006967,-0.175425,0.086802,0.023567,-0.088569,-0.167818,-0.989540,-0.078850,0.120806,0.000000,0.000000,0.000000,-1,-0.970291,-0.184402,0.000336,-0.038677,-0.180364,0.080875,-22.325577,222.025269,-557.566406,0,0
3.160000,-1.698152,0.076297,0.058728,-0.122355,-0.082930,0.989016,-0.058523,0.995372,0.076223,-0.990759,-0.048554,-0.126642,0.047210,-0.749061,-0.009234,0.660752,-0.090124,-0.221888,0.100404,0.017366,-0.124186,-0.100321,-0.989016,-0.076223,0.126642,0.000000,0.000000,0.000000,-1,-0.991348,-0.267899,0.111404,-0.232663,-0.259623,0.096526,-21.973984,221.322098,-556.896118,0,0
3.200000,-1.707728,0.073347,0.049903,-0.132713,-0.079314,0.987976,-0.049749,0.996070,0.073281,-0.989905,-0.039425,-0.136137,0.042879,-0.752483,-0.011248,0.657119,-0.263750,-0.236781,0.090088,-0.014099,-0.197547,-0.008681,-0.987976,-0.073281,0.136137,0.000000,0.000000,0.000000,-1,-1.024338,-0.284882,0.145157,-0.273013,-0.168089,0.029380,-21.798203,223.255798,-555.722961,0,0
3.240000,-1.715325,0.074472,0.037352,-0.141176,-0.078954,0.986831,-0.037240,0.996533,0.074403,-0.989284,-0.026246,-0.143627,0.038464,-0.755205,-0.015942,0.654165,-0.242466,-0.115335,-0.062873,-0.073334,-0.195724,0.003742,-0.986831,-0.074403,0.143627,0.000000,0.000000,0.000000,-1,-1.078369,-0.213898,0.126328,-0.246302,-0.027412,-0.105585,-22.501373,222.904221,-555.387817,0,0
3.280000,-1.713445,0.078866,0.031971,-0.139600,-0.082488,0.986766,-0.031866,0.996382,0.078784,-0.989695,-0.020446,-0.141723,0.037886,-0.754603,-0.019327,0.654801,-0.159771,0.194135,-0.155227,-0.094777,-0.107999,-0.037384,-0.986766,-0.078784,0.141723,0.000000,0.000000,0.000000,-1,-1.148178,-0.117462,0.023590,-0.128102,0.397574,-0.190124,-22.149780,222.201050,-555.387817,0,0
3.320000,-1.698751,0.086208,0.028925,-0.125083,-0.089052,0.988142,-0.028813,0.995870,0.086101,-0.991728,-0.017702,-0.127132,0.039305,-0.749681,-0.022809,0.660238,-0.060200,0.375243,-0.154547,-0.199160,-0.018468,-0.130489,-0.988142,-0.086101,0.127132,0.000000,0.000000,0.000000,-1,-1.221893,-0.103378,-0.034714,-0.050658,0.240462,-0.112367,-21.622406,222.728424,-555.890564,0,0
3.360000,-1.689323,0.090214,0.027319,-0.115761,-0.092657,0.988946,-0.027205,0.995562,0.090092,-0.992904,-0.016475,-0.117768,0.040141,-0.746507,-0.024654,0.663708,-0.085338,0.039802,-0.006081,-0.171790,0.041539,-0.129930,-0.988946,-0.090092,0.117768,0.000000,0.000000,0.000000,-1,-1.101151,-0.028564,0.035080,-0.162923,-0.016787,0.014110,-20.743439,221.497879,-556.393311,0,0
3.400000,-1.691003,0.089375,0.021943,-0.117944,-0.091222,0.988821,-0.021854,0.995769,0.089256,-0.992780,-0.011082,-0.119439,0.037834,-0.747187,-0.026156,0.663021,-0.230461,-0.144624,0.091615,-0.095438,0.057487,-0.058755,-0.988821,-0.089256,0.119439,0.000000,0.000000,0.000000,-1,-1.065491,-0.033478,0.127075,-0.328488,-0.298344,0.145353,-21.973984,220.970505,-555.890564,0,0
3.440000,-1.703203,0.084589,0.009085,-0.131254,-0.084945,0.987703,-0.009053,0.996383,0.084488,-0.991307,0.002148,-0.131548,0.031269,-0.751529,-0.028820,0.658328,-0.331310,-0.486755,0.202342,-0.072997,0.051926,0.016477,-0.987703,-0.084488,0.131549,0.000000,0.000000,0.000000,-1,-0.992981,-0.014572,0.203613,-0.291678,-0.505314,0.214024,-21.973984,221.322098,-555.890564,0,0
3.480000,-1.725731,0.074834,-0.002681,-0.154513,-0.073454,0.985256,0.002674,0.997198,0.074764,-0.987987,0.014186,-0.153884,0.023307,-0.759209,-0.029291,0.649769,-0.034872,-0.368939,0.234757,0.082333,0.084179,0.060121,-0.985256,-0.074764,0.153884,0.000000,0.000000,0.000000,-1,-0.798096,0.073227,0.213196,0.024139,-0.296644,0.221446,-21.095032,221.849472,-554.382263,0,0
3.520000,-1.734155,0.067502,-0.000793,-0.162686,-0.066424,0.984439,0.000792,0.997722,0.067451,-0.986678,0.011753,-0.162263,0.021532,-0.762016,-0.025985,0.646679,0.182735,-0.237640,0.234708,0.221805,0.179924,0.052535,-0.984440,-0.067451,0.162263,0.000000,0.000000,0.000000,-1,-0.745041,0.262924,0.218979,0.220919,-0.399006,0.266113,-21.973984,224.134766,-554.885010,0,0
3.560000,-1.754787,0.054639,0.006001,-0.182629,-0.054786,0.981654,-0.005992,0.998490,0.054611,-0.983164,0.004092,-0.182681,0.019766,-0.768733,-0.019091,0.638980,0.170370,-0.898565,0.349140,0.211513,0.367737,0.045896,-0.981654,-0.054611,0.182681,0.000000,0.000000,0.000000,-1,-0.966431,0.262924,0.317032,-0.128165,-1.523483,0.413657,-19.512909,224.134766,-551.868408,0,0
3.600000,-1.797331,0.042961,0.001553,-0.224537,-0.042199,0.973551,-0.001552,0.999076,0.042947,-0.974464,0.008132,-0.224395,0.013981,-0.782306,-0.016323,0.622524,-0.242775,-1.698215,0.458677,-0.046804,0.213449,0.128770,-0.973551,-0.042947,0.224395,0.000000,0.000000,0.000000,-1,-1.033356,-0.110596,0.322815,-0.357711,-1.366811,0.399936,-19.512909,223.783188,-550.527710,0,0
3.640000,-1.849334,0.027767,-0.012819,-0.275270,-0.023166,0.961088,0.012814,0.999532,0.027763,-0.961282,0.019958,-0.274844,0.003242,-0.798381,-0.014943,0.601959,0.097547,-0.260693,0.259957,-0.035723,-0.093239,-0.007800,-0.961088,-0.027763,0.274844,0.000000,0.000000,0.000000,-1,-0.902283,-0.052780,0.147171,0.343995,0.247152,0.160466,-20.391861,225.013733,-550.024963,0,0
3.680000,-1.840519,0.017605,-0.001001,-0.266481,-0.016701,0.963696,0.001000,0.999845,0.017604,-0.963840,0.005655,-0.266423,0.004933,-0.795730,-0.007307,0.605587,0.437789,0.412495,0.103520,0.083965,-0.001058,-0.139134,-0.963696,-0.017604,0.266423,0.000000,0.000000,0.000000,-1,-0.861786,-0.009949,0.143799,0.349807,0.138192,0.060689,-19.512909,224.486343,-550.527710,0,0
3.720000,-1.836501,0.009573,0.014531,-0.262427,-0.013051,0.964863,-0.014530,0.999849,0.009573,-0.964842,-0.011507,-0.262577,0.008679,-0.794489,0.000609,0.607216,0.257419,-0.054856,0.072580,0.124806,0.006262,-0.014256,-0.964863,-0.009573,0.262577,0.000000,0.000000,0.000000,-1,-0.860336,0.008514,0.258911,0.201232,-0.056613,0.066832,-20.040283,225.716888,-549.354614,0,0
3.760000,-1.840922,0.004518,0.020486,-0.266707,-0.009820,0.963728,-0.020485,0.999780,0.004518,-0.963560,-0.018537,-0.266849,0.009520,-0.795823,0.004404,0.605439,0.104930,-0.146796,0.092217,0.081861,0.022951,-0.030521,-0.963728,-0.004518,0.266850,0.000000,0.000000,0.000000,-1,-0.889969,0.016800,0.206894,0.022338,-0.068160,0.074655,-21.095032,227.123230,-550.695312,0,0
3.800000,-1.843526,0.001222,0.021777,-0.269272,-0.007041,0.963038,-0.021775,0.999762,0.001222,-0.962818,-0.020641,-0.269361,0.009043,-0.796617,0.006094,0.604386,0.046700,0.017824,0.024936,0.063167,0.019578,-0.093412,-0.963039,-0.001222,0.269361,0.000000,0.000000,0.000000,-1,-0.911606,0.015610,0.149811,0.036391,0.086574,-0.029370,-21.095032,225.013733,-549.689819,0,0
3.840000,-1.836329,0.003204,0.025745,-0.262257,-0.009846,0.964948,-0.025742,0.999663,0.003204,-0.964655,-0.023999,-0.262422,0.011200,-0.794409,0.006544,0.607245,0.116477,0.349820,-0.151562,0.044797,0.003525,-0.139619,-0.964948,-0.003204,0.262422,0.000000,0.000000,0.000000,-1,-0.937500,-0.010727,0.094070,0.109597,0.497985,-0.208324,-19.688690,225.365311,-549.019409,0,0
3.880000,-1.818644,0.008734,0.031597,-0.244928,-0.016213,0.969406,-0.031591,0.999463,0.008734,-0.969027,-0.028485,-0.245308,0.015148,-0.788939,0.006259,0.614253,0.152547,0.759624,-0.275890,0.023086,-0.021158,-0.166558,-0.969406,-0.008734,0.245308,0.000000,0.000000,0.000000,-1,-0.988571,-0.060089,0.022873,0.115913,0.923723,-0.328219,-22.149780,224.662140,-553.376709,0,1
3.920000,-1.792192,0.016810,0.037804,-0.218815,-0.024687,0.975454,-0.037790,0.999144,0.016810,-0.975034,-0.033184,-0.219561,0.020009,-0.780628,0.005244,0.624654,0.111367,0.905441,-0.314469,-0.013117,-0.043279,-0.196688,-0.975454,-0.016810,0.219561,0.000000,0.000000,0.000000,-1,-1.117752,-0.056320,-0.013016,0.019471,0.663829,-0.258317,-22.852951,225.013733,-554.382263,0,0
3.960000,-1.768292,0.028331,0.039470,-0.194966,-0.035497,0.980167,-0.039444,0.998820,0.028327,-0.980017,-0.033139,-0.196136,0.024238,-0.772969,0.001556,0.633979,-0.105805,0.027419,-0.085776,-0.218029,0.052497,-0.141616,-0.980167,-0.028327,0.196136,0.000000,0.000000,0.000000,-1,-1.331268,0.125870,0.091034,-0.142711,0.016657,-0.034111,-22.501373,222.904221,-554.717407,0,0
4.000000,-1.771051,0.026868,0.035687,-0.197853,-0.033409,0.979662,-0.035667,0.999003,0.026865,-0.979583,-0.029626,-0.198847,0.022314,-0.773903,0.000892,0.632910,-0.090012,-0.295814,0.238106,-0.419401,0.186487,-0.083949,-0.979662,-0.026865,0.198847,0.000000,0.000000,0.000000,-1,-1.327698,0.140839,0.246414,0.129953,-0.568268,0.286629,-22.149780,225.365311,-554.047119,0,0
4.040000,-1.788051,0.015121,0.042353,-0.214731,-0.023878,0.976381,-0.042336,0.998989,0.015121,-0.975755,-0.038089,-0.215525,0.021241,-0.779302,0.007368,0.626245,0.553407,-0.124346,0.136619,-0.288817,0.138351,0.055318,-0.976381,-0.015121,0.215525,0.000000,0.000000,0.000000,-1,-1.218216,0.193283,0.273178,0.719023,-0.001056,0.128659,-23.028748,224.837936,-554.214661,0,0
4.080000,-1.794001,0.000532,0.071684,-0.220751,-0.016372,0.975193,-0.071623,0.997432,0.000532,-0.972697,-0.069728,-0.221356,0.028169,-0.780951,0.022151,0.623563,0.436150,-0.183471,0.154795,-0.081234,0.087187,0.133624,-0.975193,-0.000532,0.221356,0.000000,0.000000,0.000000,-1,-0.867188,-0.011063,0.393280,0.343098,0.024944,0.069688,-23.556122,224.310562,-553.041565,0,0
4.120000,-1.782249,-0.001415,0.087957,-0.209191,-0.017059,0.977726,-0.087844,0.996133,-0.001415,-0.973921,-0.086183,-0.209880,0.033751,-0.777046,0.028183,0.627906,0.489947,0.641531,-0.198140,0.258656,-0.038143,0.213673,-0.977726,0.001415,0.209880,0.000000,0.000000,0.000000,-1,-0.632431,-0.042953,0.442108,0.562672,0.723035,-0.259555,-22.149780,227.123230,-554.047119,0,0
4.160000,-1.757641,0.003114,0.111278,-0.184271,-0.023669,0.982590,-0.111048,0.993810,0.003114,-0.976582,-0.108541,-0.185759,0.043811,-0.768739,0.034286,0.637138,0.476292,0.336660,-0.179846,0.400696,-0.067184,0.275331,-0.982590,-0.003114,0.185759,0.000000,0.000000,0.000000,-1,-0.547455,-0.135254,0.505280,0.301176,0.063281,-0.137869,-22.677155,226.595856,-557.566406,0,0
4.200000,-1.769596,0.004933,0.113657,-0.195670,-0.027203,0.980292,-0.113411,0.993536,0.004933,-0.974090,-0.110211,-0.197491,0.045509,-0.772447,0.034073,0.632530,-0.357051,-0.784889,0.046015,0.387366,-0.208308,0.382221,-0.980292,-0.004933,0.197491,0.000000,0.000000,0.000000,-1,-0.757614,-0.260986,0.658203,-0.562967,-1.009796,0.060351,-22.501373,225.013733,-555.387817,0,0
4.240000,-1.803564,0.007724,0.095758,-0.228896,-0.029536,0.973003,-0.095609,0.995389,0.007724,-0.968744,-0.091260,-0.230665,0.039936,-0.783414,0.026658,0.619643,-0.705890,-1.293938,-0.030336,0.115642,-0.271634,0.423785,-0.973003,-0.007724,0.230665,0.000000,0.000000,0.000000,-1,-1.108932,-0.232086,0.466583,-0.634864,-0.939585,-0.251493,-24.610870,224.662140,-553.376709,0,0
