0.000000,0.290713,1.241419,-0.427522,0.984268,-0.150404,-0.092713,0.134110,0.294342,0.946244,-0.115030,-0.943791,0.309882,0.587376,-0.006935,-0.088420,0.804439,0.035720,-0.182859,0.025053,-0.047349,-0.034149,-0.012246,0.092713,-0.946244,-0.309882,0.000000,0.000000,0.000000,-1,0.049896,-0.967331,-0.306976,0.046783,-0.262849,0.054920,147.873871,178.112427,-751.510681,0,0
0.040000,0.290713,1.241419,-0.427522,0.984268,-0.150404,-0.092713,0.134110,0.294342,0.946244,-0.115030,-0.943791,0.309882,0.587376,-0.006935,-0.088420,0.804439,0.035720,-0.182859,0.025053,-0.047349,-0.034149,-0.012246,0.092713,-0.946244,-0.309882,0.000000,0.000000,0.000000,-1,0.053131,-0.965347,-0.303864,0.046783,-0.262849,0.054920,147.873871,178.112427,-751.510681,0,0
0.080000,0.278332,1.244320,-0.419926,0.984076,-0.154373,-0.088115,0.130750,0.292844,0.947178,-0.120415,-0.943616,0.308365,0.587977,-0.010044,-0.088664,0.803941,0.063772,-0.088366,0.114733,-0.028194,-0.018840,0.009385,0.088115,-0.947178,-0.308365,0.000000,0.000000,0.000000,-1,0.061035,-0.963196,-0.286514,0.075922,-0.174705,0.152063,147.523468,179.160141,-749.172668,0,0
0.120000,0.252807,1.250811,-0.396695,0.984760,-0.155103,-0.078677,0.121534,0.290125,0.949240,-0.124404,-0.944336,0.304554,0.589508,-0.014236,-0.086123,0.803032,0.046081,-0.047977,0.190325,-0.020831,-0.000604,0.030964,0.078677,-0.949240,-0.304554,0.000000,0.000000,0.000000,-1,0.053558,-0.944351,-0.270782,0.037865,-0.137523,0.202310,147.523468,178.112427,-751.176697,0,0
0.160000,0.233576,1.254182,-0.377320,0.985448,-0.153946,-0.072065,0.114711,0.289449,0.950295,-0.125435,-0.944733,0.302897,0.590149,-0.016620,-0.083665,0.802775,0.017487,0.009268,0.193625,-0.021558,0.006600,0.026606,0.072065,-0.950295,-0.302897,0.000000,0.000000,0.000000,-1,0.055099,-0.937759,-0.278412,0.015553,-0.061206,0.190510,146.647430,179.334763,-750.341675,0,0
0.200000,0.216002,1.257320,-0.355860,0.986597,-0.149193,-0.066091,0.107434,0.289047,0.951267,-0.122819,-0.945618,0.301201,0.590836,-0.017669,-0.079933,0.802628,0.034483,0.120528,0.155722,-0.007406,0.020451,0.024575,0.066091,-0.951267,-0.301201,0.000000,0.000000,0.000000,-1,0.067062,-0.914337,-0.275345,0.057972,0.078656,0.133034,147.523468,177.064713,-749.172668,0,0
0.240000,0.211657,1.261691,-0.341117,0.988301,-0.138482,-0.063908,0.101769,0.286679,0.952606,-0.113597,-0.947965,0.297418,0.592496,-0.015491,-0.074897,0.801935,0.077678,0.228610,0.076896,0.013164,0.054672,0.011407,0.063908,-0.952606,-0.297418,0.000000,0.000000,0.000000,-1,0.086487,-0.894348,-0.293442,0.077953,0.128384,0.064512,145.946609,177.937805,-750.341675,0,0
0.280000,0.218148,1.263395,-0.340624,0.989120,-0.131733,-0.065486,0.101086,0.285199,0.953123,-0.106881,-0.949373,0.295412,0.593403,-0.012911,-0.072618,0.801519,0.070074,0.209484,0.044049,0.027166,0.056089,-0.001280,0.065486,-0.953123,-0.295412,0.000000,0.000000,0.000000,-1,0.119827,-0.900620,-0.302750,0.059763,0.095481,0.040395,147.873871,178.461670,-750.174683,0,0
0.320000,0.229077,1.264263,-0.344266,0.989801,-0.124898,-0.068522,0.101844,0.284049,0.953385,-0.099612,-0.950640,0.293872,0.594113,-0.009701,-0.070750,0.801206,0.028457,0.136314,0.025615,0.053670,0.054582,-0.003796,0.068522,-0.953385,-0.293872,0.000000,0.000000,0.000000,-1,0.125427,-0.910385,-0.306915,-0.002012,-0.012673,0.033055,145.420990,179.858627,-750.174683,0,0
0.360000,0.233893,1.262756,-0.345330,0.990104,-0.121471,-0.070270,0.102633,0.285293,0.952930,-0.095706,-0.950712,0.294936,0.593691,-0.007933,-0.069892,0.801613,-0.036528,-0.008920,0.027975,0.051618,0.018420,-0.004884,0.070270,-0.952930,-0.294936,0.000000,0.000000,0.000000,-1,0.106155,-0.959290,-0.300186,-0.038247,-0.140954,0.036160,146.297028,178.287048,-750.675659,0,0
0.400000,0.230700,1.260871,-0.343097,0.990025,-0.122419,-0.069738,0.102599,0.287212,0.952356,-0.096557,-0.950012,0.296908,0.592854,-0.008358,-0.070125,0.802207,-0.058911,-0.049207,0.026253,0.021311,-0.027701,-0.024183,0.069738,-0.952356,-0.296908,0.000000,0.000000,0.000000,-1,0.041153,-1.061539,-0.343689,-0.042529,-0.173822,0.035292,144.895370,178.985519,-750.007690,0,0
0.440000,0.223870,1.260608,-0.338316,0.989942,-0.124191,-0.067764,0.101308,0.287936,0.952276,-0.098752,-0.949563,0.297621,0.592534,-0.009654,-0.070256,0.802418,0.023103,-0.073524,0.071198,-0.026611,-0.109263,-0.046068,0.067764,-0.952276,-0.297621,0.000000,0.000000,0.000000,-1,0.011597,-1.106171,-0.304642,0.143933,-0.123843,0.133001,146.121811,180.207870,-749.506653,0,0
0.480000,0.199986,1.275238,-0.313724,0.990881,-0.121686,-0.057863,0.089888,0.277057,0.956640,-0.100378,-0.953117,0.285469,0.597569,-0.013303,-0.066202,0.798969,0.366262,0.035975,0.265837,-0.060076,-0.157221,-0.009041,0.057863,-0.956640,-0.285469,0.000000,0.000000,0.000000,-1,-0.003647,-1.100159,-0.295547,0.406191,-0.044060,0.307391,145.596191,179.684006,-749.673706,0,0
0.520000,0.185890,1.284560,-0.297728,0.991547,-0.118794,-0.052183,0.082825,0.269922,0.959313,-0.099875,-0.955526,0.277480,0.600863,-0.014966,-0.063267,0.796704,0.442092,0.078509,0.348843,-0.055830,-0.140845,-0.018068,0.052183,-0.959313,-0.277480,0.000000,0.000000,0.000000,-1,0.012726,-1.056503,-0.277069,0.489488,-0.004695,0.397775,144.544968,178.636292,-749.005676,0,0
0.560000,0.125223,1.314649,-0.228007,0.993801,-0.106573,-0.031643,0.057268,0.246799,0.967373,-0.095286,-0.963189,0.251372,0.611480,-0.020158,-0.051894,0.789299,0.588541,0.173156,0.540402,-0.014050,-0.047352,-0.007737,0.031643,-0.967373,-0.251372,0.000000,0.000000,0.000000,-1,0.017380,-0.952225,-0.228561,0.641272,0.063464,0.600028,144.544968,179.684006,-748.003662,0,0
0.600000,0.017878,1.349209,-0.109723,0.995737,-0.092150,-0.003929,0.024066,0.218456,0.975550,-0.089039,-0.971486,0.219743,0.624007,-0.027277,-0.037246,0.780054,0.677134,0.121359,0.642844,0.012566,0.054911,-0.015944,0.003929,-0.975550,-0.219743,0.000000,0.000000,0.000000,-1,0.019119,-0.906891,-0.244934,0.687145,0.003114,0.654045,142.617691,178.112427,-747.168640,0,0
0.640000,-0.072479,1.369490,-0.014448,0.996245,-0.085355,0.014479,0.002889,0.199928,0.979806,-0.086526,-0.976086,0.199424,0.631841,-0.032629,-0.028507,0.773886,0.707946,0.076837,0.646960,0.044036,0.074289,-0.039589,-0.014479,-0.979806,-0.199424,0.000000,0.000000,0.000000,-1,0.048157,-0.897034,-0.205719,0.733791,-0.075370,0.634738,141.391251,179.334763,-744.997620,0,0
0.680000,-0.182267,1.388715,0.098443,0.996194,-0.080744,0.032822,-0.017797,0.180200,0.983469,-0.085323,-0.980310,0.178078,0.639906,-0.038498,-0.020511,0.767215,0.726917,0.006818,0.617282,0.080979,0.086435,-0.027641,-0.032822,-0.983469,-0.178078,0.000000,0.000000,0.000000,-1,0.020950,-0.912125,-0.172226,0.687876,-0.140103,0.595115,139.989609,177.588562,-744.997620,0,0
0.720000,-0.456113,1.416607,0.371372,0.994515,-0.079770,0.067646,-0.055733,0.143109,0.988136,-0.088505,-0.986487,0.137879,0.654509,-0.051758,-0.007968,0.754239,0.669163,-0.168201,0.562330,0.058567,0.088127,-0.023376,-0.067646,-0.988136,-0.137879,0.000000,0.000000,0.000000,-1,-0.042038,-0.905243,-0.166275,0.674921,-0.301284,0.575774,140.164810,178.810913,-743.494568,0,0
0.760000,-0.628522,1.424803,0.538866,0.992774,-0.084167,0.085532,-0.074652,0.124860,0.989362,-0.093951,-0.988598,0.117675,0.661483,-0.060024,-0.003182,0.747547,0.646822,-0.272076,0.580063,0.034110,0.090818,-0.048890,-0.085532,-0.989362,-0.117674,0.000000,0.000000,0.000000,-1,-0.059952,-0.865051,-0.149353,0.634360,-0.410517,0.555440,138.237549,180.033249,-742.659546,0,0
0.800000,-0.809473,1.428155,0.712451,0.990491,-0.091306,0.102911,-0.092927,0.107580,0.989844,-0.101450,-0.989995,0.098072,0.667989,-0.068951,0.000547,0.740969,0.617887,-0.312444,0.527378,0.042960,0.124793,-0.051281,-0.102911,-0.989844,-0.098072,0.000000,0.000000,0.000000,-1,-0.058380,-0.884384,-0.118347,0.551234,-0.418017,0.504268,136.835892,179.684006,-741.991577,0,0
0.840000,-1.114524,1.422634,0.999756,0.985147,-0.109201,0.132519,-0.124199,0.079790,0.989044,-0.118578,-0.990812,0.065042,0.678291,-0.086025,0.005138,0.729722,0.428054,-0.408073,0.390555,0.074567,0.085449,-0.011557,-0.132519,-0.989044,-0.065042,0.000000,0.000000,0.000000,-1,-0.085068,-0.915848,-0.054916,0.397457,-0.544418,0.349103,136.660690,180.906342,-740.488525,0,0
0.880000,-1.221700,1.418663,1.094397,0.982263,-0.121982,0.142406,-0.134673,0.069497,0.988450,-0.130470,-0.990096,0.051836,0.682079,-0.094071,0.004375,0.725189,0.359432,-0.464480,0.247965,0.039745,0.078309,-0.003599,-0.142406,-0.988450,-0.051837,0.000000,0.000000,0.000000,-1,-0.152893,-0.930984,-0.071930,0.345864,-0.510726,0.193153,137.011108,179.509384,-739.152527,0,0
0.920000,-1.309760,1.416145,1.170873,0.979750,-0.133952,0.148817,-0.141881,0.059974,0.988065,-0.141279,-0.989171,0.039754,0.685570,-0.100585,0.002749,0.721020,0.331582,-0.375534,0.174474,-0.004076,0.057081,-0.032176,-0.148817,-0.988065,-0.039754,0.000000,0.000000,0.000000,-1,-0.134949,-0.944504,-0.049438,0.280945,-0.374028,0.147512,136.135071,180.033249,-738.651489,0,0
0.960000,-1.434089,1.412722,1.282264,0.976656,-0.147728,0.155948,-0.150910,0.044792,0.987532,-0.152871,-0.988013,0.021453,0.691088,-0.108032,0.001113,0.714650,0.253697,-0.191226,0.063874,0.016956,0.035994,-0.032944,-0.155948,-0.987532,-0.021453,0.000000,0.000000,0.000000,-1,-0.141968,-0.974792,-0.061646,0.245602,-0.325377,0.068967,136.660690,180.207870,-737.816528,0,0
1.000000,-1.470620,1.411798,1.312117,0.975332,-0.154630,0.157535,-0.153061,0.040501,0.987386,-0.159060,-0.987142,0.015834,0.692639,-0.111058,-0.000551,0.712683,0.177034,-0.274969,0.070393,0.021945,0.006490,-0.043599,-0.157535,-0.987386,-0.015834,0.000000,0.000000,0.000000,-1,-0.121109,-0.969543,-0.028366,0.116941,-0.355063,0.070519,135.609451,179.509384,-737.482483,0,0
1.040000,-1.492525,1.411955,1.326834,0.974126,-0.161902,0.157690,-0.153490,0.038207,0.987411,-0.165889,-0.986067,0.012368,0.693461,-0.113702,-0.002956,0.711460,0.103606,-0.224090,0.054946,0.036581,0.017868,-0.015998,-0.157690,-0.987411,-0.012368,0.000000,0.000000,0.000000,-1,-0.159363,-0.962234,-0.010239,0.110552,-0.282995,0.053245,134.908630,179.509384,-736.814514,0,0
1.080000,-1.548743,1.409516,1.373067,0.971887,-0.172224,0.160543,-0.157453,0.031545,0.987023,-0.175054,-0.984553,0.003541,0.695845,-0.118445,-0.005213,0.708338,0.119555,-0.168976,0.043882,-0.006236,0.021843,-0.022933,-0.160543,-0.987023,-0.003541,0.000000,0.000000,0.000000,-1,-0.160934,-0.972595,-0.035019,0.096688,-0.266054,0.038429,136.135071,181.779449,-737.315491,0,0
1.120000,-1.557219,1.408673,1.377636,0.971050,-0.176102,0.161399,-0.158412,0.030985,0.986887,-0.178794,-0.983884,0.002192,0.696038,-0.120149,-0.006248,0.707854,0.023681,-0.098021,-0.007497,0.003516,0.007501,-0.029974,-0.161399,-0.986887,-0.002191,0.000000,0.000000,0.000000,-1,-0.144333,-0.980591,-0.015991,-0.029049,-0.128384,-0.065051,136.310287,179.858627,-737.482483,0,0
1.160000,-1.548614,1.411188,1.367923,0.971273,-0.177150,0.158892,-0.155672,0.032022,0.987290,-0.179986,-0.983663,0.003525,0.695652,-0.119608,-0.007581,0.708311,-0.032953,-0.003788,-0.094551,0.014560,0.006699,-0.012466,-0.158892,-0.987290,-0.003525,0.000000,0.000000,0.000000,-1,-0.130890,-0.968964,0.010666,0.010157,-0.105118,-0.104946,137.536728,181.080963,-736.981506,0,0
1.200000,-1.575391,1.420693,1.393327,0.972404,-0.179075,0.149538,-0.147191,0.026400,0.988756,-0.181009,-0.983481,-0.000687,0.697619,-0.116921,-0.011278,0.706774,0.063921,-0.071589,-0.070971,0.019442,0.026842,0.016403,-0.149538,-0.988756,0.000687,0.000000,0.000000,0.000000,-1,-0.142746,-0.961411,0.007889,0.071958,-0.205752,-0.047732,136.660690,180.906342,-737.482483,0,0
1.240000,-1.597217,1.422173,1.411637,0.971948,-0.182770,0.148025,-0.146205,0.023468,0.988976,-0.184229,-0.982875,-0.003912,0.698640,-0.117720,-0.012955,0.705603,0.067281,-0.144661,-0.016439,-0.000901,0.021706,-0.003500,-0.148025,-0.988976,0.003912,0.000000,0.000000,0.000000,-1,-0.170563,-0.975021,0.003448,0.061536,-0.247004,0.016392,136.660690,180.557098,-736.480469,0,0
1.280000,-1.610956,1.420034,1.421171,0.970838,-0.186958,0.150071,-0.148514,0.022389,0.988657,-0.188197,-0.982113,-0.006030,0.699013,-0.119980,-0.013636,0.704840,0.058890,-0.142488,0.022054,-0.020492,0.013636,-0.002582,-0.150071,-0.988657,0.006030,0.000000,0.000000,0.000000,-1,-0.184525,-0.962341,0.018906,0.059500,-0.211991,0.033276,137.011108,179.858627,-736.814514,0,0
1.320000,-1.647804,1.414925,1.452163,0.968921,-0.192965,0.154781,-0.154150,0.018374,0.987877,-0.193469,-0.981034,-0.011943,0.700445,-0.123891,-0.013809,0.702736,0.058941,-0.072541,0.014382,-0.039997,0.019157,0.006993,-0.154781,-0.987877,0.011943,0.000000,0.000000,0.000000,-1,-0.199081,-0.971863,0.017456,0.049927,-0.143100,0.018179,137.011108,180.906342,-735.812500,0,0
1.360000,-1.657101,1.413042,1.460839,0.968506,-0.193648,0.156516,-0.156152,0.017240,0.987583,-0.193941,-0.980920,-0.013542,0.700858,-0.124775,-0.013350,0.702176,0.039863,0.008027,0.013201,-0.040490,0.016925,0.008553,-0.156516,-0.987583,0.013542,0.000000,0.000000,0.000000,-1,-0.193420,-0.966980,0.017899,0.039388,-0.068872,0.027533,135.784668,180.731720,-736.981506,0,0
1.400000,-1.666032,1.409726,1.471102,0.968240,-0.192416,0.159648,-0.159579,0.015962,0.987056,-0.192474,-0.981184,-0.015250,0.701343,-0.125472,-0.011701,0.701597,0.048461,0.032433,0.032200,-0.029912,0.019496,0.002953,-0.159648,-0.987056,0.015250,0.000000,0.000000,0.000000,-1,-0.184235,-0.964325,0.016327,0.045843,-0.063542,0.046585,135.784668,180.731720,-734.977478,0,0
1.440000,-1.677072,1.404000,1.484705,0.967806,-0.189996,0.165087,-0.165409,0.014276,0.986122,-0.189716,-0.981681,-0.017611,0.701987,-0.126571,-0.008771,0.700798,0.053812,0.075887,0.030972,-0.011686,0.023231,0.004819,-0.165087,-0.986122,0.017611,0.000000,0.000000,0.000000,-1,-0.182938,-0.964508,0.017563,0.064947,-0.010560,0.026988,137.011108,180.557098,-736.146484,0,0
1.480000,-1.684067,1.401621,1.494726,0.967985,-0.187134,0.167290,-0.167882,0.012796,0.985724,-0.186603,-0.982251,-0.019031,0.702535,-0.126334,-0.006872,0.700312,0.077161,0.099186,0.016821,-0.015189,0.016928,-0.008731,-0.167290,-0.985724,0.019031,0.000000,0.000000,0.000000,-1,-0.172470,-0.975327,-0.012878,0.067058,-0.009507,0.022706,136.310287,180.557098,-737.148499,0,0
1.520000,-1.681137,1.400097,1.494901,0.968304,-0.184066,0.168839,-0.169383,0.012880,0.985466,-0.183566,-0.982829,-0.018706,0.702519,-0.125779,-0.005241,0.700442,0.060107,0.080113,0.022436,-0.003632,0.010140,-0.031584,-0.168839,-0.985466,0.018706,0.000000,0.000000,0.000000,-1,-0.109024,-0.981049,-0.017532,0.047946,-0.035994,0.034737,136.660690,179.160141,-736.814514,0,0
1.560000,-1.679292,1.399643,1.496011,0.968767,-0.181171,0.169317,-0.169842,0.012725,0.985389,-0.180678,-0.983369,-0.018443,0.702582,-0.124901,-0.004043,0.700544,0.006901,0.026062,0.031746,0.068609,0.001670,-0.034129,-0.169317,-0.985389,0.018443,0.000000,0.000000,0.000000,-1,-0.101868,-0.978256,-0.020645,-0.004209,-0.090073,0.030237,137.186310,180.731720,-735.979492,0,0
1.600000,-1.668371,1.402536,1.483386,0.968937,-0.182705,0.166671,-0.166828,0.014620,0.985878,-0.182562,-0.983059,-0.016315,0.701896,-0.124496,-0.005660,0.701292,-0.014629,-0.098017,-0.000518,0.058089,0.009361,-0.046924,-0.166671,-0.985878,0.016315,0.000000,0.000000,0.000000,-1,-0.110672,-0.976685,-0.037781,-0.021458,-0.253390,0.000316,137.186310,180.731720,-735.979492,0,0
1.640000,-1.668863,1.402729,1.479520,0.968164,-0.186935,0.166473,-0.166581,0.015247,0.985910,-0.186839,-0.982254,-0.016378,0.701658,-0.125957,-0.007256,0.701255,-0.026385,-0.169055,-0.002195,0.059280,0.009744,-0.051900,-0.166473,-0.985910,0.016378,0.000000,0.000000,0.000000,-1,-0.110062,-0.967056,-0.025208,-0.034245,-0.292618,0.000634,135.784668,180.033249,-737.649536,0,0
1.680000,-1.662438,1.404590,1.465213,0.966968,-0.194503,0.164748,-0.164521,0.017436,0.986219,-0.194695,-0.980747,-0.015140,0.700834,-0.128070,-0.010683,0.701652,-0.023293,-0.223128,-0.008406,0.049666,0.016981,-0.035450,-0.164748,-0.986219,0.015140,0.000000,0.000000,0.000000,-1,-0.128983,-0.978577,0.002762,-0.010917,-0.330798,-0.007960,136.310287,179.858627,-737.148499,0,0
1.720000,-1.664638,1.409213,1.456331,0.965498,-0.205322,0.160173,-0.159828,0.018375,0.986974,-0.205591,-0.978522,-0.015075,0.700392,-0.130338,-0.016212,0.701569,0.012786,-0.209346,-0.018535,0.005205,0.012258,-0.007369,-0.160173,-0.986974,0.015075,0.000000,0.000000,0.000000,-1,-0.180725,-0.970200,0.009964,0.034857,-0.289439,-0.001205,137.186310,180.382492,-735.645508,0,0
1.760000,-1.675032,1.409109,1.461100,0.964309,-0.210885,0.160110,-0.160016,0.017624,0.986957,-0.210956,-0.977352,-0.016750,0.700613,-0.132349,-0.018143,0.700925,0.040519,-0.172213,-0.000919,-0.027039,0.019840,-0.009548,-0.160110,-0.986957,0.016750,0.000000,0.000000,0.000000,-1,-0.208740,-0.974762,0.010773,0.046658,-0.217324,0.012167,136.835892,181.080963,-736.981506,0,0
1.800000,-1.687068,1.407580,1.468864,0.963156,-0.215133,0.161395,-0.161649,0.016534,0.986710,-0.214943,-0.976445,-0.018851,0.700976,-0.134378,-0.019098,0.700150,0.031064,-0.065119,0.009368,-0.049680,0.008469,-0.004752,-0.161395,-0.986710,0.018851,0.000000,0.000000,0.000000,-1,-0.196548,-0.968521,0.015457,0.020148,-0.137806,0.014228,137.887131,181.430206,-736.647461,0,0
1.840000,-1.688567,1.407074,1.470376,0.963078,-0.215133,0.161862,-0.162170,0.016340,0.986627,-0.214901,-0.976448,-0.019151,0.701051,-0.134549,-0.018914,0.700048,-0.003905,0.049393,0.016682,-0.026751,0.022760,-0.003008,-0.161862,-0.986627,0.019151,0.000000,0.000000,0.000000,-1,-0.165665,-0.966461,0.028076,-0.008458,-0.027538,0.018301,136.835892,179.684006,-735.979492,0,0
1.880000,-1.680398,1.406741,1.465760,0.963781,-0.211594,0.162340,-0.162420,0.017123,0.986573,-0.211532,-0.977208,-0.017864,0.700807,-0.133423,-0.017548,0.700543,-0.035812,0.112976,-0.001331,-0.002302,0.018510,0.008121,-0.162340,-0.986573,0.017864,0.000000,0.000000,0.000000,-1,-0.153900,-0.972504,0.028580,-0.040363,0.021212,0.005668,136.835892,181.430206,-735.979492,0,0
1.920000,-1.668809,1.407114,1.458742,0.964798,-0.207039,0.162170,-0.161930,0.018221,0.986634,-0.207226,-0.978163,-0.015946,0.700450,-0.131690,-0.016081,0.701262,-0.048553,0.116155,-0.001210,0.004043,0.009782,0.008285,-0.162170,-0.986634,0.015946,0.000000,0.000000,0.000000,-1,-0.153091,-0.985825,0.016510,-0.041461,-0.003179,0.001535,136.485489,181.080963,-737.315491,0,0
1.960000,-1.661456,1.408289,1.454010,0.965528,-0.204432,0.161086,-0.160588,0.019115,0.986836,-0.204504,-0.978761,-0.014320,0.700144,-0.130223,-0.015503,0.701854,-0.029489,0.032391,-0.006386,0.023376,0.014012,0.009026,-0.161086,-0.986836,0.014320,0.000000,0.000000,0.000000,-1,-0.145065,-0.968658,0.025909,-0.038376,-0.067874,-0.013099,137.186310,180.731720,-737.315491,0,0
2.000000,-1.653970,1.409104,1.447641,0.965889,-0.203272,0.160433,-0.159770,0.019777,0.986956,-0.203793,-0.978923,-0.013375,0.699908,-0.129675,-0.015488,0.702191,-0.040177,0.019645,-0.021107,0.009752,0.018466,0.012611,-0.160433,-0.986956,0.013375,0.000000,0.000000,0.000000,-1,-0.161728,-0.954620,0.016144,-0.013982,-0.113472,-0.019544,136.135071,180.033249,-736.313477,0,0
2.040000,-1.656397,1.409647,1.449061,0.965769,-0.204286,0.159866,-0.159266,0.019485,0.987043,-0.204755,-0.978717,-0.013718,0.700000,-0.129840,-0.016032,0.702057,0.017209,-0.063045,-0.014975,-0.004044,0.033369,-0.002045,-0.159866,-0.987043,0.013718,0.000000,0.000000,0.000000,-1,-0.152969,-0.949738,-0.001312,0.027484,-0.187663,-0.003711,136.135071,182.128693,-736.647461,0,0
2.080000,-1.660208,1.409518,1.446906,0.964511,-0.210090,0.159938,-0.159349,0.019843,0.987023,-0.210538,-0.977481,-0.014339,0.699823,-0.131976,-0.018076,0.701786,0.028914,-0.176424,0.023698,0.012554,0.026146,-0.028697,-0.159938,-0.987023,0.014339,0.000000,0.000000,0.000000,-1,-0.141830,-0.976730,-0.012421,0.007366,-0.270301,0.035178,137.536728,181.080963,-736.313477,0,0
2.120000,-1.658036,1.409628,1.441261,0.963794,-0.213414,0.159861,-0.159127,0.020729,0.987040,-0.213962,-0.976742,-0.013982,0.699473,-0.133151,-0.019336,0.701880,0.006585,-0.170049,0.030279,0.018031,0.010310,-0.026402,-0.159861,-0.987040,0.013982,0.000000,0.000000,0.000000,-1,-0.161224,-0.987122,0.015213,-0.009639,-0.215185,0.025543,136.485489,179.684006,-736.313477,0,0
2.160000,-1.656923,1.409498,1.434950,0.962652,-0.218404,0.160004,-0.159120,0.021750,0.987020,-0.219049,-0.975616,-0.013815,0.699056,-0.135012,-0.021116,0.701888,-0.008302,-0.073594,0.012969,-0.012725,0.002187,0.004892,-0.160004,-0.987020,0.013815,0.000000,0.000000,0.000000,-1,-0.185516,-0.961853,0.006393,-0.000075,-0.168552,0.014590,137.011108,179.509384,-736.814514,0,0
2.200000,-1.652549,1.406903,1.427975,0.961669,-0.220791,0.162616,-0.161500,0.023224,0.986599,-0.221608,-0.975045,-0.013324,0.698529,-0.136820,-0.021113,0.702063,-0.011549,-0.040751,-0.001972,-0.012280,0.032574,-0.023975,-0.162616,-0.986599,0.013324,0.000000,0.000000,0.000000,-1,-0.127472,-0.909973,-0.005630,-0.022431,-0.113450,-0.004559,138.763168,180.557098,-736.814514,0,0
2.240000,-1.646846,1.407670,1.422021,0.961742,-0.220973,0.161935,-0.160610,0.024073,0.986724,-0.221938,-0.974983,-0.012339,0.698213,-0.136628,-0.021485,0.702402,-0.011671,-0.001579,-0.039378,0.048898,0.082183,-0.016810,-0.161935,-0.986724,0.012339,0.000000,0.000000,0.000000,-1,-0.079575,-0.944504,-0.006134,0.012510,-0.164381,-0.032371,136.135071,179.684006,-735.645508,0,0
2.280000,-1.652328,1.410409,1.424368,0.961474,-0.224125,0.159170,-0.157992,0.023301,0.987165,-0.224957,-0.974282,-0.013006,0.698423,-0.136778,-0.023548,0.702099,0.024404,-0.150005,-0.041258,0.097998,0.011488,-0.010000,-0.159170,-0.987166,0.013006,0.000000,0.000000,0.000000,-1,-0.058563,-1.063141,-0.001190,0.026184,-0.258770,-0.052307,135.083832,181.779449,-737.315491,0,0
2.320000,-1.664617,1.416032,1.431107,0.961076,-0.229737,0.153470,-0.152646,0.021463,0.988048,-0.230285,-0.973016,-0.014441,0.698938,-0.136773,-0.027476,0.701445,0.014558,-0.103478,-0.124378,0.073514,-0.070378,-0.016715,-0.153470,-0.988048,0.014441,0.000000,0.000000,0.000000,-1,-0.177521,-1.009705,-0.061508,0.047280,-0.097734,-0.129854,136.835892,178.636292,-736.313477,0,0
2.360000,-1.671408,1.420837,1.438839,0.962008,-0.229009,0.148642,-0.148099,0.019657,0.988777,-0.229361,-0.973226,-0.015006,0.699528,-0.134772,-0.028848,0.701188,0.070164,0.110761,-0.075967,-0.042795,-0.013069,-0.082389,-0.148642,-0.988777,0.015006,0.000000,0.000000,0.000000,-1,-0.152557,-0.976273,-0.033997,0.090431,0.107074,-0.005735,137.186310,181.080963,-736.647461,0,0
2.400000,-1.679674,1.419878,1.455928,0.963848,-0.220588,0.149456,-0.149355,0.017232,0.988633,-0.220657,-0.975215,-0.016337,0.700527,-0.132023,-0.025410,0.700847,0.153651,0.258324,0.051171,0.039303,0.021928,-0.036845,-0.149456,-0.988633,0.016337,0.000000,0.000000,0.000000,-1,-0.007812,-0.939804,-0.000824,0.180064,0.157021,0.070703,138.412750,181.604828,-735.478455,0,0
2.440000,-1.737035,1.418478,1.524997,0.966198,-0.209930,0.149638,-0.151571,0.006947,0.988422,-0.208539,-0.977692,-0.025107,0.704336,-0.128313,-0.020906,0.697860,0.281043,0.169228,0.021396,0.162837,0.055896,-0.032676,-0.149638,-0.988422,0.025107,0.000000,0.000000,0.000000,-1,-0.000015,-0.944305,-0.022247,0.330709,0.003209,0.015487,137.536728,181.080963,-736.313477,0,0
2.480000,-1.794434,1.419983,1.586363,0.967364,-0.206745,0.146500,-0.150224,-0.002339,0.988649,-0.204056,-0.978392,-0.033320,0.707641,-0.126112,-0.020334,0.694929,0.345763,0.037762,0.016946,0.131196,0.025850,-0.057460,-0.146500,-0.988649,0.033320,0.000000,0.000000,0.000000,-1,-0.052124,-0.984650,-0.024933,0.377460,-0.154724,0.040150,137.361511,180.207870,-735.478455,0,0
2.520000,-1.886681,1.414655,1.678392,0.966890,-0.208027,0.147814,-0.154609,-0.016700,0.987835,-0.203028,-0.977980,-0.048310,0.712723,-0.127201,-0.019367,0.689543,0.384094,-0.012030,0.042278,0.089830,0.002559,-0.082672,-0.147814,-0.987835,0.048310,0.000000,0.000000,0.000000,-1,-0.090424,-0.979782,-0.047211,0.366968,-0.064578,0.059006,137.011108,181.954071,-734.142456,0,0
2.560000,-1.963471,1.405126,1.760644,0.967079,-0.203826,0.152362,-0.161951,-0.031121,0.986308,-0.196293,-0.978512,-0.063106,0.717862,-0.127384,-0.015299,0.684261,0.247395,0.150310,0.129213,0.059268,0.024623,-0.108943,-0.152362,-0.986308,0.063106,0.000000,0.000000,0.000000,-1,-0.092255,-0.967606,-0.049118,0.216499,0.063866,0.166457,135.784668,182.128693,-734.643433,0,0
2.600000,-1.983460,1.398182,1.785883,0.967245,-0.199199,0.157340,-0.167801,-0.036659,0.985139,-0.190471,-0.979273,-0.068884,0.719859,-0.127455,-0.011506,0.682221,0.213561,0.174761,0.174152,0.070609,0.011522,-0.112692,-0.157340,-0.985139,0.068884,0.000000,0.000000,0.000000,-1,-0.058075,-0.982544,-0.046799,0.214522,0.117980,0.194955,136.135071,180.731720,-734.643433,0,1
2.640000,-1.991168,1.391080,1.803038,0.968047,-0.190406,0.163188,-0.173951,-0.041141,0.983895,-0.180626,-0.980843,-0.072948,0.721480,-0.126253,-0.006042,0.680801,0.219987,0.255363,0.186436,0.117228,-0.008034,-0.122569,-0.163188,-0.983895,0.072948,0.000000,0.000000,0.000000,-1,-0.022415,-1.006561,-0.048050,0.223023,0.172033,0.182916,135.434250,182.128693,-734.309448,0,0
2.680000,-1.999790,1.386298,1.823369,0.969534,-0.179364,0.166830,-0.177633,-0.045844,0.983028,-0.168672,-0.982714,-0.076309,0.723133,-0.123420,-0.000637,0.679592,0.219760,0.284987,0.138364,0.146261,-0.018086,-0.125106,-0.166830,-0.983028,0.076309,0.000000,0.000000,0.000000,-1,-0.010864,-0.996887,-0.053467,0.230333,0.213315,0.139037,134.908630,180.557098,-733.808472,0,0
2.720000,-2.006870,1.382859,1.844619,0.971500,-0.165856,0.169349,-0.179873,-0.050522,0.982392,-0.154379,-0.984855,-0.078915,0.724731,-0.119261,0.005164,0.678613,0.171994,0.356070,0.164013,0.159827,-0.024551,-0.141736,-0.169349,-0.982392,0.078915,0.000000,0.000000,0.000000,-1,0.017548,-1.130081,-0.055161,-0.008751,0.157190,0.185538,134.383011,181.430206,-733.307434,0,0
2.760000,-1.964764,1.383324,1.811070,0.972498,-0.156939,0.172099,-0.181023,-0.044352,0.982478,-0.146556,-0.986612,-0.071541,0.722563,-0.116932,0.008837,0.681286,-0.296428,0.069685,0.076781,0.195857,-0.207616,-0.121957,-0.172099,-0.982478,0.071542,0.000000,0.000000,0.000000,-1,0.008469,-1.178925,-0.024948,-0.395602,-0.080598,-0.010168,134.383011,184.224121,-732.639404,0,0
2.800000,-1.861484,1.394901,1.706783,0.973412,-0.156089,0.167649,-0.173375,-0.023723,0.984570,-0.149703,-0.987458,-0.050154,0.715417,-0.115130,0.006271,0.689118,-0.818646,0.021477,-0.249126,0.146103,-0.198718,-0.065840,-0.167649,-0.984570,0.050154,0.000000,0.000000,0.000000,-1,-0.139404,-1.175278,0.049911,-1.015499,0.000552,-0.327072,134.908630,180.557098,-733.140442,0,0
2.840000,-1.588728,1.419133,1.438494,0.977359,-0.148155,0.151058,-0.149762,0.019930,0.988521,-0.149465,-0.988763,-0.002709,0.700025,-0.106395,0.000569,0.706148,-1.369123,0.294591,-0.521921,-0.070347,-0.052906,0.007728,-0.151058,-0.988521,0.002709,0.000000,0.000000,0.000000,-1,-0.209534,-0.949341,-0.112610,-1.566919,0.294913,-0.572296,136.135071,181.080963,-737.983521,0,0
2.880000,-0.803996,1.412495,0.664047,0.984674,-0.132401,0.113522,-0.097155,0.124143,0.987496,-0.144839,-0.983391,0.109377,0.661656,-0.086736,-0.011833,0.744680,-2.360363,-0.012936,-0.554283,-0.147235,-0.077430,-0.190321,-0.113522,-0.987497,-0.109377,0.000000,0.000000,0.000000,-1,-0.191208,-0.984253,-0.206329,-2.568918,-0.806518,-0.475439,137.887131,179.684006,-742.325562,0,0
2.920000,-0.587045,1.380642,0.433258,0.984006,-0.144120,0.104694,-0.079352,0.171547,0.981975,-0.159482,-0.974577,0.157367,0.643252,-0.086853,-0.021294,0.760414,-2.570068,-0.706208,-0.480764,-0.081250,-0.024388,-0.104230,-0.104694,-0.981975,-0.157367,0.000000,0.000000,0.000000,-1,-0.168396,-0.941666,-0.156967,-2.527023,-0.826482,-0.356674,137.887131,179.684006,-742.325562,0,0
2.960000,-0.383250,1.305868,0.190538,0.979018,-0.178712,0.097912,-0.049589,0.257102,0.965111,-0.197650,-0.949716,0.242845,0.608085,-0.093861,-0.041005,0.787236,-1.989151,-0.873493,-0.334301,0.018887,-0.066291,0.154832,-0.097912,-0.965111,-0.242845,0.000000,0.000000,0.000000,-1,-0.090988,-1.058792,-0.113342,-1.634128,-0.886951,-0.390708,138.062347,177.413940,-748.504639,0,0
3.000000,-0.267249,1.242451,0.034977,0.972653,-0.216089,0.085160,-0.011277,0.322280,0.946577,-0.231991,-0.921651,0.311030,0.578650,-0.098232,-0.063437,0.807150,-1.061537,-0.335272,-0.588418,-0.043823,0.063368,0.122813,-0.085160,-0.946577,-0.311030,0.000000,0.000000,0.000000,-1,-0.182114,-0.827698,-0.263336,-0.880732,-0.274483,-0.621966,140.164810,178.810913,-749.506653,0,0
3.040000,-0.203680,1.224279,-0.036382,0.971761,-0.225748,0.068697,0.012353,0.339399,0.940561,-0.235645,-0.913152,0.332604,0.570035,-0.093588,-0.073218,0.812983,-0.598939,-0.067069,-0.612810,-0.130888,0.139124,0.031380,-0.068697,-0.940561,-0.332604,0.000000,0.000000,0.000000,-1,-0.218842,-0.739014,-0.327194,-0.475424,-0.213969,-0.571393,139.288788,178.636292,-752.011719,0,0
3.080000,-0.153352,1.213912,-0.099836,0.969078,-0.240915,0.053365,0.034820,0.347617,0.936990,-0.244285,-0.906158,0.345257,0.564846,-0.091217,-0.084501,0.815774,-0.170905,-0.385833,-0.377817,-0.163996,0.203271,0.034741,-0.053365,-0.936990,-0.345257,0.000000,0.000000,0.000000,-1,-0.185577,-0.715195,-0.266861,0.092154,-0.662989,-0.238424,140.690430,178.636292,-751.677734,0,0
3.120000,-0.154561,1.220554,-0.122155,0.963097,-0.263921,0.052823,0.041810,0.340568,0.939290,-0.265888,-0.902418,0.339035,0.566457,-0.098027,-0.094034,0.812819,0.402053,-0.617552,-0.072480,-0.067493,0.217229,0.094238,-0.052823,-0.939290,-0.339035,0.000000,0.000000,0.000000,-1,-0.041641,-0.751877,-0.267578,0.561920,-0.729392,0.016245,141.216049,178.461670,-751.176697,0,0
3.160000,-0.216664,1.253547,-0.087073,0.955159,-0.288400,0.067062,0.027128,0.310773,0.950097,-0.294849,-0.905674,0.304661,0.578732,-0.112864,-0.098399,0.801653,0.729447,-0.509040,0.171268,0.042236,0.106530,0.029225,-0.067062,-0.950097,-0.304661,0.000000,0.000000,0.000000,-1,-0.027328,-0.909225,-0.343079,0.613409,-0.597783,0.110818,141.741669,178.636292,-748.003662,0,0
3.200000,-0.255837,1.270916,-0.061442,0.950781,-0.300710,0.074754,0.018139,0.294848,0.955372,-0.309331,-0.906994,0.285791,0.585265,-0.120702,-0.100201,0.795522,0.542003,-0.451940,0.073087,0.042283,0.024998,-0.121329,-0.074754,-0.955372,-0.285791,0.000000,0.000000,0.000000,-1,-0.049225,-1.004166,-0.538574,0.298664,-0.308457,0.039585,140.690430,178.287048,-749.339661,0,0
3.240000,-0.276095,1.278839,-0.044944,0.949427,-0.304028,0.078462,0.012932,0.287537,0.957682,-0.313723,-0.908234,0.276927,0.588422,-0.123677,-0.099954,0.792763,-0.083700,0.236124,0.070492,0.040071,-0.007757,-0.230001,-0.078462,-0.957682,-0.276927,0.000000,0.000000,0.000000,-1,0.005905,-0.865250,-0.347137,-0.111154,0.242903,0.077780,139.288788,177.937805,-748.337646,0,0
3.280000,-0.255981,1.273200,-0.053114,0.953200,-0.293083,0.074243,0.015567,0.292810,0.956044,-0.301939,-0.910145,0.283669,0.586669,-0.118259,-0.097030,0.795248,-0.039039,0.426944,0.049926,0.080148,0.090794,-0.063469,-0.074243,-0.956044,-0.283669,0.000000,0.000000,0.000000,-1,-0.004242,-0.737442,-0.283722,0.146126,0.335114,0.056445,140.340012,178.636292,-749.005676,0,0
3.320000,-0.254359,1.280170,-0.038508,0.957826,-0.278154,0.072104,0.011032,0.286340,0.958065,-0.287136,-0.916864,0.277332,0.590372,-0.113116,-0.091058,0.793961,0.433166,0.263737,0.094488,0.067862,0.220623,-0.006390,-0.072104,-0.958065,-0.277332,0.000000,0.000000,0.000000,-1,-0.280228,-1.095947,-0.389648,0.594211,-0.085458,0.272530,139.113571,177.763184,-746.834656,0,1
3.360000,-0.316627,1.296494,0.027445,0.958158,-0.273532,0.084341,-0.007433,0.270774,0.962614,-0.286143,-0.922964,0.257411,0.597908,-0.117478,-0.084379,0.788407,0.385666,-0.045189,0.532530,-0.281214,-0.437639,-0.101110,-0.084341,-0.962614,-0.257411,0.000000,0.000000,0.000000,-1,-0.345734,-1.095459,-0.280884,0.265892,-0.019669,0.313082,139.639191,177.588562,-745.999634,0,0
3.400000,-0.333103,1.302910,0.061955,0.962742,-0.256197,0.086549,-0.016389,0.264186,0.964333,-0.269924,-0.929822,0.250144,0.601750,-0.113247,-0.076184,0.786936,0.318427,0.369755,0.095275,-0.171828,-0.026024,-0.031808,-0.086549,-0.964333,-0.250144,0.000000,0.000000,0.000000,-1,-0.126068,-0.876373,-0.006485,0.727922,0.025733,0.183330,138.763168,178.461670,-748.170654,0,0
3.440000,-0.372173,1.319346,0.107685,0.963997,-0.250045,0.090477,-0.026741,0.247368,0.968552,-0.264563,-0.936102,0.231776,0.609273,-0.113573,-0.071432,0.781528,0.730498,0.162273,0.303349,-0.035591,0.092179,0.225291,-0.090477,-0.968552,-0.231776,0.000000,0.000000,0.000000,-1,0.085312,-0.900833,-0.013321,0.730898,-0.080976,0.431625,137.536728,177.239319,-744.663574,0,0
3.480000,-0.520853,1.344867,0.257258,0.962242,-0.248323,0.111473,-0.056996,0.216640,0.974586,-0.266162,-0.944141,0.194307,0.622755,-0.122568,-0.062098,0.770258,0.829602,-0.228733,0.444432,0.203774,0.021095,0.156587,-0.111473,-0.974586,-0.194307,0.000000,0.000000,0.000000,-1,-0.016968,-1.033157,-0.069839,0.801110,-0.291875,0.486052,136.835892,178.636292,-744.329590,0,0
3.520000,-0.638199,1.356931,0.370748,0.959530,-0.251624,0.126441,-0.076897,0.190787,0.978144,-0.274424,-0.947916,0.161697,0.633554,-0.133268,-0.056704,0.760022,0.859828,-0.497127,0.337875,0.034181,-0.059988,0.076217,-0.130724,-0.978144,-0.161697,0.000000,0.000000,0.000000,-1,-0.007706,-0.960999,-0.061676,1.143975,-0.716465,0.145927,137.186310,177.937805,-741.991577,0,0
3.560000,-0.827326,1.381947,0.541034,0.952557,-0.271179,0.138192,-0.096684,0.160917,0.982221,-0.288595,-0.948983,0.127064,0.645092,-0.142562,-0.058287,0.748421,1.271279,-0.506024,0.056813,0.130486,0.021222,0.065387,-0.138192,-0.982221,-0.127063,0.000000,0.000000,0.000000,-1,0.034164,-0.827042,-0.088165,1.246598,-0.490910,-0.034926,134.908630,179.160141,-739.820557,0,0
3.600000,-1.057770,1.411127,0.810111,0.946677,-0.290759,0.138786,-0.112076,0.106669,0.987958,-0.302062,-0.950831,0.068394,0.665510,-0.151326,-0.061335,0.728310,0.892676,-0.436124,0.012804,0.135155,0.168469,-0.012889,-0.138786,-0.987958,-0.068394,0.000000,0.000000,0.000000,-1,-0.052521,-0.817856,-0.052902,0.806841,-0.563890,0.086195,136.485489,177.937805,-737.983521,0,0
3.640000,-1.268776,1.420538,0.955281,0.942478,-0.302174,0.142918,-0.122221,0.086430,0.988732,-0.311121,-0.949327,0.044526,0.672964,-0.157659,-0.062486,0.719971,0.661558,-0.331997,0.165929,0.071308,0.145166,0.009645,-0.142918,-0.988733,-0.044526,0.000000,0.000000,0.000000,-1,-0.127213,-0.917786,0.060440,0.674402,-0.419565,0.178483,136.135071,178.985519,-736.647461,0,0
3.680000,-1.489132,1.420340,1.164186,0.937326,-0.314805,0.149389,-0.137668,0.059281,0.988703,-0.320104,-0.947303,0.012227,0.682975,-0.165626,-0.062489,0.708667,0.914444,-0.380809,0.135705,0.022177,0.070917,0.072667,-0.150843,-0.988555,-0.002123,0.000000,0.000000,0.000000,-1,-0.109650,-0.958038,-0.085663,0.994497,-0.350635,0.185281,136.835892,179.684006,-735.979492,0,0
3.720000,-1.783837,1.406416,1.455928,0.933629,-0.320554,0.159941,-0.162562,0.018756,0.986520,-0.319233,-0.947044,-0.034599,0.698118,-0.173007,-0.057043,0.692421,0.792123,0.162253,0.293096,0.065123,0.032968,-0.143196,-0.159941,-0.986520,0.034599,0.000000,0.000000,0.000000,-1,-0.057861,-0.950150,-0.120102,0.698740,0.183890,0.307393,134.207809,180.207870,-732.472412,0,0
3.760000,-1.869833,1.392741,1.553121,0.935158,-0.311177,0.169255,-0.177088,0.003130,0.984190,-0.306787,-0.950347,-0.052178,0.704309,-0.173313,-0.048818,0.686679,0.572253,0.394446,0.300854,0.128865,0.008101,-0.160836,-0.169255,-0.984190,0.052178,0.000000,0.000000,0.000000,-1,0.055511,-1.194305,-0.051285,0.514820,0.286699,0.288745,134.383011,181.080963,-732.973450,0,0
3.800000,-1.946789,1.377363,1.644847,0.937461,-0.298658,0.178801,-0.191703,-0.014222,0.981350,-0.290546,-0.954254,-0.070586,0.711032,-0.172412,-0.039290,0.680561,0.302015,0.119429,0.023188,0.252089,-0.212833,-0.113448,-0.178801,-0.981350,0.070586,0.000000,0.000000,0.000000,-1,0.000290,-1.096359,-0.092773,0.233814,0.021167,-0.027138,135.784668,180.382492,-732.973450,0,0
3.840000,-1.966632,1.377298,1.672754,0.939998,-0.291419,0.177424,-0.191294,-0.019572,0.981338,-0.282508,-0.956395,-0.074144,0.713042,-0.169244,-0.036844,0.679390,-0.043703,0.257133,-0.054465,0.140726,-0.090150,-0.201158,-0.177424,-0.981338,0.074144,0.000000,0.000000,0.000000,-1,-0.047791,-1.001541,-0.121643,-0.155218,0.196079,-0.038532,134.032608,182.128693,-732.973450,0,0
3.880000,-1.914707,1.383370,1.628611,0.942893,-0.283162,0.175420,-0.186020,-0.010767,0.982487,-0.276314,-0.959012,-0.062826,0.710015,-0.165201,-0.035525,0.683612,-0.664087,0.180590,-0.185565,0.140783,-0.013561,-0.104299,-0.175420,-0.982487,0.062826,0.000000,0.000000,0.000000,-1,-0.130173,-1.137650,-0.005142,-1.051725,-0.289888,-0.288132,134.733429,180.731720,-733.641479,0,0
3.920000,-1.600761,1.414695,1.290122,0.940460,-0.302300,0.155399,-0.149385,0.043065,0.987841,-0.305317,-0.952239,-0.004658,0.689575,-0.163755,-0.054352,0.703361,-2.242797,-0.654798,-0.834536,0.025226,-0.149809,-0.009800,-0.155399,-0.987841,0.004658,0.000000,0.000000,0.000000,-1,-0.130280,-1.240158,-0.144196,-2.594717,-0.093119,-1.263398,136.485489,178.636292,-741.991577,0,0
3.960000,-0.649535,1.413717,0.327707,0.946262,-0.309251,0.094614,-0.050352,0.148109,0.987688,-0.319457,-0.939376,0.124579,0.646833,-0.138986,-0.086901,0.744807,-2.708070,-0.035040,-1.138556,-0.264807,-0.276029,0.042883,-0.094614,-0.987688,-0.124579,0.000000,0.000000,0.000000,-1,-0.517059,-1.272797,-0.010986,-2.646253,-0.747905,-0.980117,138.412750,177.763184,-743.160583,0,0
4.000000,-0.332791,1.340407,-0.029462,0.935355,-0.345754,0.074600,0.006727,0.228257,0.973578,-0.353646,-0.910139,0.215827,0.610588,-0.138812,-0.114253,0.771272,-1.986564,-0.772649,-0.242210,-0.437470,-0.264337,0.208045,-0.074600,-0.973578,-0.215827,0.000000,0.000000,0.000000,-1,-0.335785,-1.145554,-0.139877,-1.688117,-0.121831,0.080852,139.463989,177.064713,-746.834656,0,0
4.040000,-0.277931,1.290797,-0.089931,0.934058,-0.348979,0.075823,0.024819,0.275239,0.961056,-0.356258,-0.895800,0.265750,0.590142,-0.137323,-0.118800,0.786614,-1.666495,0.366543,0.104402,-0.259962,-0.184498,0.125873,-0.075823,-0.961056,-0.265750,0.000000,0.000000,0.000000,-1,-0.272369,-0.906311,-0.177444,-1.556163,0.457976,-0.006189,140.340012,177.588562,-751.343689,0,0
4.080000,-0.198006,1.219927,-0.146589,0.942963,-0.325959,0.067614,0.050205,0.340028,0.939074,-0.329090,-0.882118,0.336999,0.562569,-0.122542,-0.116197,0.809319,-1.183265,0.444775,-0.049134,-0.205702,0.108172,0.172936,-0.067614,-0.939074,-0.336999,0.000000,0.000000,0.000000,-1,-0.191422,-0.686127,-0.191406,-1.000364,0.361439,-0.051237,140.340012,176.540848,-751.677734,0,0
4.120000,-0.155790,1.189501,-0.170310,0.949187,-0.309370,0.057739,0.063070,0.366739,0.928183,-0.308327,-0.877378,0.367616,0.551097,-0.111731,-0.113677,0.819076,-0.498655,0.524247,-0.085758,-0.103836,0.268637,0.159715,-0.057739,-0.928183,-0.367616,0.000000,0.000000,0.000000,-1,-0.128723,-0.576401,-0.190048,-0.179682,0.328560,-0.068644,140.515228,178.112427,-753.848755,0,0
4.160000,-0.131800,1.184074,-0.178900,0.953847,-0.296175,0.049565,0.067114,0.371136,0.926150,-0.292698,-0.880079,0.373884,0.549733,-0.104169,-0.110568,0.821411,0.122340,0.255085,-0.004163,-0.092555,0.372988,0.186064,-0.049565,-0.926150,-0.373884,0.000000,0.000000,0.000000,-1,-0.178833,-0.520126,-0.185989,0.289462,0.002235,0.073387,139.814407,176.715469,-753.180725,0,0
4.200000,-0.145492,1.196482,-0.163929,0.954148,-0.294603,0.053009,0.059670,0.360732,0.930759,-0.293327,-0.884919,0.361771,0.554897,-0.105845,-0.108271,0.818024,0.682124,-0.152741,0.226589,-0.125824,0.410632,0.175782,-0.053009,-0.930759,-0.361771,0.000000,0.000000,0.000000,-1,-0.114258,-0.581635,-0.256790,0.865244,-0.357875,0.308003,140.690430,176.191605,-751.677734,0,0
4.240000,-0.232969,1.246774,-0.082175,0.951738,-0.297980,0.073504,0.026134,0.317308,0.947963,-0.305797,-0.900291,0.309781,0.575467,-0.118098,-0.100915,0.802936,1.323812,-0.073003,0.368077,-0.032545,0.296519,-0.008151,-0.073504,-0.947963,-0.309781,0.000000,0.000000,0.000000,-1,-0.080765,-0.934158,-0.497467,1.338512,0.062969,0.262593,138.412750,177.413940,-747.168640,0,0
