0.000000,-1.159926,-0.211669,-0.170617,0.426311,0.121994,0.896313,0.166001,0.963486,-0.210092,-0.889215,0.238353,0.390494,-0.134473,-0.535416,-0.013196,0.833710,-0.015929,0.007537,-0.056271,-0.015766,-0.005136,-0.005152,-0.896313,0.210092,-0.390494,0.000000,0.000000,0.000000,-1,-0.901413,0.197647,-0.393799,-0.027782,0.014303,-0.057366,-1475.422119,2918.322754,-694.988892,0,0
0.040000,-1.159933,-0.210440,-0.171186,0.426186,0.120668,0.896551,0.166593,0.963645,-0.208890,-0.889164,0.238385,0.390590,-0.134119,-0.535460,-0.013771,0.833730,-0.004192,0.005515,-0.045711,-0.004862,-0.011243,-0.003209,-0.896551,0.208890,-0.390590,0.000000,0.000000,0.000000,-1,-0.900070,0.196548,-0.399155,-0.011787,0.009151,-0.041490,-1474.367310,2919.729004,-694.653687,0,0
0.080000,-1.159537,-0.208388,-0.171063,0.426210,0.118813,0.896788,0.166547,0.964086,-0.206883,-0.889161,0.237533,0.391116,-0.133238,-0.535434,-0.014311,0.833878,0.026766,0.002633,-0.014001,-0.003771,-0.009785,-0.007124,-0.896788,0.206883,-0.391116,0.000000,0.000000,0.000000,-1,-0.905701,0.208572,-0.393906,0.008503,0.013560,-0.022489,-1475.597900,2919.904785,-696.832397,0,0
0.120000,-1.159130,-0.207334,-0.170070,0.426294,0.118209,0.896828,0.165626,0.964465,-0.205852,-0.889293,0.236292,0.391567,-0.132535,-0.535398,-0.014214,0.834015,0.031008,-0.001626,-0.016171,-0.009590,0.005589,-0.007160,-0.896828,0.205852,-0.391567,0.000000,0.000000,0.000000,-1,-0.907990,0.214645,-0.401611,0.007377,0.001811,-0.033089,-1475.422119,2921.486816,-696.329590,0,0
0.160000,-1.159240,-0.205783,-0.169408,0.425883,0.117145,0.897162,0.165041,0.964888,-0.204334,-0.889598,0.235091,0.391596,-0.131719,-0.535586,-0.014357,0.834021,0.020232,-0.018838,-0.045842,-0.009454,0.008008,-0.008215,-0.897162,0.204334,-0.391596,0.000000,0.000000,0.000000,-1,-0.901047,0.207626,-0.393158,-0.009781,-0.014348,-0.062724,-1473.839966,2919.201660,-694.486145,0,0
0.200000,-1.159882,-0.204428,-0.169574,0.425127,0.116027,0.897667,0.165248,0.965133,-0.203007,-0.889922,0.234641,0.391130,-0.131209,-0.535928,-0.014757,0.833875,0.014899,-0.017816,-0.050062,-0.001305,0.003490,0.000078,-0.897667,0.203007,-0.391130,0.000000,0.000000,0.000000,-1,-0.899460,0.201630,-0.394135,-0.008687,-0.009003,-0.057426,-1474.543091,2918.146729,-697.502686,0,0
0.240000,-1.160503,-0.202518,-0.169642,0.424292,0.114453,0.898263,0.165380,0.965502,-0.201136,-0.890295,0.233895,0.390727,-0.130445,-0.536303,-0.015271,0.833745,0.019186,-0.022952,-0.033032,-0.000266,-0.001780,-0.002050,-0.898263,0.201136,-0.390727,0.000000,0.000000,0.000000,-1,-0.903976,0.194275,-0.399796,0.004127,-0.014105,-0.036200,-1474.718872,2918.322754,-696.999939,0,0
0.280000,-1.161280,-0.200200,-0.167772,0.423037,0.113372,0.898992,0.163651,0.966266,-0.198866,-0.891212,0.231249,0.390213,-0.128994,-0.536893,-0.015079,0.833594,0.061778,-0.042869,-0.010927,-0.007914,-0.002241,-0.006729,-0.898992,0.198866,-0.390213,0.000000,0.000000,0.000000,-1,-0.909454,0.193588,-0.395279,0.033892,-0.043611,-0.019275,-1475.246338,2919.553223,-696.832397,0,0
0.320000,-1.162549,-0.198996,-0.166231,0.421551,0.113247,0.899706,0.162201,0.966753,-0.197685,-0.892180,0.229268,0.389166,-0.128093,-0.537596,-0.014687,0.833287,0.057491,-0.055549,-0.007656,-0.005369,-0.002540,-0.001077,-0.899706,0.197685,-0.389166,0.000000,0.000000,0.000000,-1,-0.903793,0.193207,-0.393600,0.041343,-0.047810,-0.015056,-1475.246338,2919.201660,-695.826843,0,0
0.360000,-1.164238,-0.197580,-0.163927,0.419573,0.113344,0.900618,0.160019,0.967399,-0.196297,-0.893506,0.226477,0.387757,-0.126902,-0.538533,-0.014010,0.832876,0.061769,-0.055488,-0.001304,-0.001726,-0.002907,-0.007873,-0.900618,0.196297,-0.387757,0.000000,0.000000,0.000000,-1,-0.902985,0.188400,-0.395599,0.033920,-0.041413,-0.010761,-1475.422119,2917.619385,-696.999939,0,0
0.400000,-1.165019,-0.196360,-0.161547,0.418426,0.113433,0.901139,0.157754,0.968013,-0.195101,-0.894446,0.223794,0.387148,-0.125763,-0.539082,-0.013306,0.832705,0.065044,-0.036345,0.006049,-0.002532,-0.007280,-0.010100,-0.901139,0.195101,-0.387148,0.000000,0.000000,0.000000,-1,-0.903427,0.185593,-0.398376,0.057421,-0.021237,-0.004627,-1476.828369,2919.377441,-694.988892,0,0
0.440000,-1.164969,-0.194648,-0.158289,0.417856,0.113260,0.901426,0.154653,0.968850,-0.193421,-0.895253,0.220230,0.387324,-0.124179,-0.539368,-0.012426,0.832771,0.090674,-0.017237,0.010027,-0.000643,-0.011567,-0.004064,-0.901426,0.193421,-0.387324,0.000000,0.000000,0.000000,-1,-0.898941,0.178009,-0.390213,0.072423,0.004248,0.002618,-1476.652588,2920.256348,-696.832397,0,0
0.480000,-1.163525,-0.192598,-0.153135,0.418279,0.113276,0.901228,0.149717,0.970024,-0.191410,-0.895895,0.214992,0.388781,-0.121936,-0.539204,-0.010934,0.833229,0.111047,0.010493,0.029989,0.000639,-0.007999,-0.007047,-0.901228,0.191410,-0.388781,0.000000,0.000000,0.000000,-1,-0.902115,0.190109,-0.398865,0.091673,0.016081,0.022666,-1475.070435,2919.729004,-696.664795,0,0
0.520000,-1.161956,-0.192033,-0.148196,0.419046,0.114506,0.900716,0.144940,0.970859,-0.190854,-0.896322,0.210526,0.390238,-0.120363,-0.538882,-0.009126,0.833688,0.109991,0.006334,0.037468,-0.005489,0.002535,-0.003301,-0.900716,0.190854,-0.390238,0.000000,0.000000,0.000000,-1,-0.917236,0.197693,-0.388153,0.085247,0.008609,0.016352,-1475.773682,2919.729004,-696.329590,0,0
0.560000,-1.161714,-0.191771,-0.144914,0.418851,0.115598,0.900667,0.141760,0.971379,-0.190598,-0.896922,0.207511,0.390475,-0.119370,-0.538993,-0.007844,0.833772,0.098190,-0.010746,0.023778,-0.019545,0.007949,0.002368,-0.900667,0.190598,-0.390476,0.000000,0.000000,0.000000,-1,-0.912949,0.201416,-0.383591,0.043595,-0.027460,0.009353,-1475.597900,2919.553223,-696.832397,0,0
0.600000,-1.163884,-0.192069,-0.141893,0.416589,0.117572,0.901460,0.138817,0.971746,-0.190890,-0.898434,0.204660,0.388498,-0.118685,-0.540060,-0.006374,0.833192,0.039509,-0.040487,0.015832,-0.007231,0.006620,0.006555,-0.901460,0.190890,-0.388498,0.000000,0.000000,0.000000,-1,-0.907333,0.193481,-0.367508,0.009495,-0.030698,0.002172,-1475.070435,2917.267822,-698.005493,0,0
0.640000,-1.165614,-0.192148,-0.141064,0.414946,0.118341,0.902117,0.138009,0.971846,-0.190968,-0.899318,0.203742,0.386932,-0.118499,-0.540825,-0.005905,0.832725,0.024594,-0.033185,0.005268,-0.009458,0.003124,0.007675,-0.902117,0.190968,-0.386932,0.000000,0.000000,0.000000,-1,-0.913376,0.189636,-0.368484,-0.012851,-0.010746,-0.016905,-1474.543091,2917.795166,-696.161987,0,0
0.680000,-1.167854,-0.191631,-0.141116,0.412871,0.118314,0.903072,0.138073,0.971936,-0.190461,-0.900263,0.203326,0.384949,-0.118307,-0.541783,-0.005936,0.832129,-0.005215,-0.011183,-0.018026,-0.007099,-0.000458,0.012756,-0.903072,0.190461,-0.384949,0.000000,0.000000,0.000000,-1,-0.907745,0.189926,-0.373581,-0.042649,0.008168,-0.033790,-1475.773682,2919.377441,-695.994446,0,0
0.720000,-1.168715,-0.190806,-0.142434,0.412146,0.117207,0.903547,0.139377,0.971909,-0.189651,-0.900394,0.204097,0.384233,-0.118327,-0.542109,-0.006662,0.831909,-0.016856,0.010017,-0.014826,-0.005999,-0.006362,0.004274,-0.903547,0.189651,-0.384233,0.000000,0.000000,0.000000,-1,-0.909790,0.183197,-0.382690,-0.039399,0.018848,-0.024268,-1474.015747,2917.267822,-696.664795,0,0
0.760000,-1.168705,-0.190409,-0.143153,0.412188,0.116554,0.903613,0.140087,0.971883,-0.189261,-0.900265,0.204595,0.384271,-0.118358,-0.542085,-0.007072,0.831917,-0.022147,0.018506,-0.012692,-0.005369,-0.004904,0.006296,-0.903613,0.189261,-0.384271,0.000000,0.000000,0.000000,-1,-0.911072,0.189041,-0.394302,-0.039341,0.038962,-0.025409,-1474.894653,2917.795166,-695.491638,0,0
0.800000,-1.167540,-0.189889,-0.144117,0.413281,0.115452,0.903255,0.141038,0.971844,-0.188750,-0.899615,0.205400,0.385362,-0.118400,-0.541572,-0.007686,0.832239,-0.023182,0.035368,-0.022340,-0.007756,0.003541,-0.011153,-0.903255,0.188750,-0.385362,0.000000,0.000000,0.000000,-1,-0.915649,0.195694,-0.398239,-0.031914,0.044098,-0.042531,-1474.015747,2918.674316,-696.329590,0,0
0.840000,-1.166152,-0.189029,-0.144802,0.414496,0.114115,0.902868,0.141726,0.971908,-0.187906,-0.898948,0.205846,0.386679,-0.118225,-0.541002,-0.008290,0.832629,0.014009,0.025699,-0.036435,-0.012812,0.013541,0.009421,-0.902868,0.187906,-0.386679,0.000000,0.000000,0.000000,-1,-0.904510,0.184189,-0.372147,-0.013873,0.032354,-0.052214,-1476.301025,2919.553223,-695.491638,0,0
0.880000,-1.166039,-0.187661,-0.144986,0.414440,0.112793,0.903060,0.141942,0.972135,-0.186562,-0.898939,0.205501,0.386882,-0.117710,-0.541021,-0.008752,0.832685,0.023618,0.040453,-0.042958,0.007277,-0.009972,0.017512,-0.903060,0.186562,-0.386882,0.000000,0.000000,0.000000,-1,-0.886551,0.161942,-0.395523,0.011924,0.113891,-0.053785,-1475.070435,2917.267822,-696.999939,0,0
0.920000,-1.161362,-0.184502,-0.143978,0.418118,0.109434,0.901777,0.141046,0.972856,-0.183457,-0.897376,0.203898,0.391334,-0.116112,-0.539306,-0.009476,0.834013,0.064402,0.126447,-0.021243,0.005521,-0.017960,-0.019006,-0.901777,0.183457,-0.391334,0.000000,0.000000,0.000000,-1,-0.915833,0.184402,-0.440033,0.071531,0.057255,0.007753,-1475.949463,2918.498535,-697.837891,0,0
0.960000,-1.158476,-0.183683,-0.138473,0.419999,0.110429,0.900781,0.135709,0.973767,-0.182652,-0.897321,0.198958,0.393995,-0.114278,-0.538464,-0.007570,0.834829,0.117293,-0.064404,0.070677,-0.000876,0.015392,-0.015261,-0.900781,0.182652,-0.393995,0.000000,0.000000,0.000000,-1,-0.894409,0.209915,-0.388611,0.093670,-0.073434,0.078383,-1475.246338,2919.553223,-695.156494,0,0
1.000000,-1.160160,-0.185411,-0.133997,0.418196,0.114179,0.901152,0.131307,0.974050,-0.184351,-0.898816,0.195422,0.392351,-0.113792,-0.539329,-0.005132,0.834356,0.109876,-0.088347,0.115574,0.008147,0.027288,0.015276,-0.901152,0.184351,-0.392351,0.000000,0.000000,0.000000,-1,-0.896484,0.205780,-0.378632,0.078856,-0.064711,0.105098,-1474.894653,2919.553223,-696.497192,0,0
1.040000,-1.161716,-0.188361,-0.128387,0.416488,0.119457,0.901259,0.125770,0.974228,-0.187249,-0.900400,0.191339,0.390730,-0.113501,-0.540141,-0.001893,0.833883,0.106780,-0.045033,0.103723,-0.003267,0.006995,0.007002,-0.901259,0.187249,-0.390730,0.000000,0.000000,0.000000,-1,-0.912231,0.189529,-0.397079,0.091710,-0.000540,0.057884,-1475.070435,2917.619385,-697.335144,0,0
1.080000,-1.160998,-0.188889,-0.123121,0.416559,0.121987,0.900887,0.120626,0.974778,-0.187768,-0.901071,0.186887,0.391338,-0.112297,-0.540112,0.000408,0.834068,0.110005,0.021060,0.035269,-0.009833,0.006400,-0.006123,-0.900887,0.187768,-0.391338,0.000000,0.000000,0.000000,-1,-0.906494,0.200363,-0.405411,0.068274,0.032935,0.012131,-1474.015747,2917.619385,-696.999939,0,0
1.120000,-1.158767,-0.188975,-0.120222,0.418223,0.122859,0.899997,0.117797,0.975108,-0.187852,-0.900674,0.184581,0.393340,-0.111552,-0.539339,0.001516,0.834666,0.040729,0.022942,0.007047,0.000126,0.009261,-0.012116,-0.899997,0.187852,-0.393340,0.000000,0.000000,0.000000,-1,-0.897339,0.193329,-0.405426,0.010725,0.027515,-0.002317,-1475.422119,2918.322754,-696.664795,0,0
1.160000,-1.157018,-0.189281,-0.118464,0.419614,0.123547,0.899255,0.116076,0.975256,-0.188152,-0.900250,0.183333,0.394890,-0.111206,-0.538691,0.002237,0.835129,0.040745,0.017780,0.019857,0.003610,0.004413,-0.005286,-0.899255,0.188152,-0.394891,0.000000,0.000000,0.000000,-1,-0.900162,0.188736,-0.387848,0.011860,0.040343,0.010410,-1474.543091,2917.443604,-695.826843,0,0
1.200000,-1.155765,-0.189407,-0.116582,0.420522,0.124221,0.898738,0.114238,0.975450,-0.188276,-0.900061,0.181844,0.396008,-0.110753,-0.538266,0.002987,0.835461,0.031188,0.034627,0.010278,-0.015065,-0.001982,0.005260,-0.898738,0.188276,-0.396007,0.000000,0.000000,0.000000,-1,-0.915009,0.186646,-0.390915,0.006484,0.037009,-0.006581,-1474.543091,2919.553223,-696.832397,0,0
1.240000,-1.155398,-0.188912,-0.115824,0.420707,0.124032,0.898678,0.113510,0.975628,-0.187791,-0.900068,0.181013,0.396374,-0.110345,-0.538179,0.003148,0.835570,0.028990,0.020750,-0.000311,-0.015110,-0.002259,0.006970,-0.898678,0.187791,-0.396374,0.000000,0.000000,0.000000,-1,-0.908936,0.190170,-0.392151,-0.005262,0.026411,-0.007515,-1475.246338,2920.256348,-697.167542,0,0
1.280000,-1.155160,-0.188773,-0.115069,0.420813,0.124182,0.898607,0.112776,0.975740,-0.187654,-0.900110,0.180309,0.396599,-0.110084,-0.538128,0.003412,0.835636,0.019409,0.011329,0.012581,-0.006224,0.001906,0.005150,-0.898607,0.187654,-0.396599,0.000000,0.000000,0.000000,-1,-0.906723,0.190063,-0.390350,-0.011657,0.013821,0.005365,-1474.894653,2919.201660,-698.173096,0,0
1.320000,-1.155375,-0.189190,-0.114590,0.420603,0.124795,0.898621,0.112299,0.975716,-0.188064,-0.900268,0.180014,0.396374,-0.110128,-0.538224,0.003739,0.835568,0.004473,-0.000296,0.015938,-0.008102,0.002000,0.006024,-0.898621,0.188064,-0.396374,0.000000,0.000000,0.000000,-1,-0.916199,0.191483,-0.399033,-0.018122,-0.010547,0.004441,-1474.894653,2916.740479,-696.832397,0,0
1.360000,-1.156697,-0.189644,-0.114351,0.419429,0.125539,0.899066,0.112056,0.975657,-0.188510,-0.900846,0.179812,0.395152,-0.110250,-0.538766,0.004036,0.835200,-0.010549,-0.027954,0.003372,-0.014982,0.003461,0.001017,-0.899066,0.188510,-0.395152,0.000000,0.000000,0.000000,-1,-0.905472,0.198563,-0.390457,-0.037345,-0.009710,-0.019915,-1474.191528,2919.904785,-696.497192,0,0
1.400000,-1.157836,-0.189926,-0.114924,0.418503,0.125755,0.899467,0.112610,0.975540,-0.188786,-0.901207,0.180296,0.394106,-0.110519,-0.539196,0.003936,0.834888,-0.015895,-0.017555,-0.016862,-0.006005,0.009776,0.003649,-0.899467,0.188786,-0.394106,0.000000,0.000000,0.000000,-1,-0.902832,0.193497,-0.397934,-0.062912,-0.000329,-0.036797,-1475.949463,2917.795166,-697.502686,0,0
1.440000,-1.158892,-0.190044,-0.117967,0.417946,0.124780,0.899862,0.115575,0.975171,-0.188902,-0.901090,0.182952,0.393147,-0.111386,-0.539462,0.002757,0.834605,-0.050989,0.005663,-0.026258,-0.000224,-0.003218,0.001302,-0.899862,0.188902,-0.393147,0.000000,0.000000,0.000000,-1,-0.903854,0.189178,-0.395081,-0.084152,0.018731,-0.037769,-1474.718872,2919.377441,-698.005493,0,0
1.480000,-1.158992,-0.189984,-0.120007,0.418103,0.123892,0.899911,0.117565,0.974944,-0.188843,-0.900760,0.184754,0.393062,-0.111912,-0.539393,0.001895,0.834582,-0.062681,0.013069,-0.027261,-0.006201,-0.001343,0.001094,-0.899911,0.188843,-0.393062,0.000000,0.000000,0.000000,-1,-0.909485,0.183319,-0.392075,-0.077763,0.019778,-0.038888,-1475.597900,2921.311035,-699.178589,0,0
1.520000,-1.159477,-0.189437,-0.122432,0.417905,0.122480,0.900196,0.119941,0.974759,-0.188306,-0.900538,0.186665,0.392667,-0.112339,-0.539487,0.000761,0.834466,-0.048847,0.010931,-0.028432,-0.011959,-0.001340,0.002805,-0.900196,0.188306,-0.392667,0.000000,0.000000,0.000000,-1,-0.915268,0.183380,-0.391602,-0.085221,0.016623,-0.036688,-1475.597900,2919.201660,-697.167542,0,0
1.560000,-1.160289,-0.189084,-0.125044,0.417453,0.121226,0.900576,0.122496,0.974508,-0.187959,-0.900404,0.188781,0.391962,-0.112897,-0.539697,-0.000381,0.834255,-0.047800,0.002476,-0.025219,-0.012510,-0.002016,0.008402,-0.900576,0.187959,-0.391962,0.000000,0.000000,0.000000,-1,-0.902069,0.184982,-0.386642,-0.066059,0.014509,-0.035763,-1474.894653,2918.146729,-696.832397,0,0
1.600000,-1.160125,-0.188857,-0.127010,0.417812,0.120171,0.900551,0.124417,0.974308,-0.187736,-0.899974,0.190482,0.392127,-0.113334,-0.539530,-0.001272,0.834303,-0.042290,0.056572,-0.015880,-0.001350,-0.005241,0.005759,-0.900551,0.187736,-0.392127,0.000000,0.000000,0.000000,-1,-0.907547,0.193359,-0.395706,-0.082916,0.058116,-0.016620,-1474.718872,2919.377441,-698.340637,0,0
1.640000,-1.158976,-0.189572,-0.129459,0.419221,0.119564,0.899977,0.126785,0.973867,-0.188438,-0.898988,0.193101,0.393107,-0.114289,-0.538873,-0.002163,0.834595,-0.064763,0.024741,-0.021976,-0.004564,0.017204,0.001475,-0.899977,0.188438,-0.393107,0.000000,0.000000,0.000000,-1,-0.919846,0.201294,-0.396530,-0.083127,0.009159,-0.042003,-1475.422119,2918.674316,-697.670288,0,0
1.680000,-1.159891,-0.190156,-0.133284,0.418924,0.118660,0.900235,0.130495,0.973265,-0.189012,-0.898595,0.196658,0.392240,-0.115563,-0.539004,-0.003546,0.834330,-0.089378,-0.002934,-0.036585,-0.020984,0.000914,0.000516,-0.900235,0.189012,-0.392240,0.000000,0.000000,0.000000,-1,-0.909836,0.192505,-0.396423,-0.126807,0.009071,-0.052317,-1475.773682,2918.322754,-698.005493,0,0
1.720000,-1.160422,-0.190377,-0.136722,0.418880,0.117522,0.900405,0.133834,0.972770,-0.189229,-0.898125,0.199768,0.391745,-0.116581,-0.539014,-0.004888,0.834175,-0.101048,0.019221,-0.046164,-0.003404,0.008067,0.000754,-0.900374,0.189362,-0.391750,0.000000,0.000000,0.000000,-1,-0.896454,0.203979,-0.391479,-0.089459,0.052309,-0.071944,-1475.070435,2919.025879,-699.346191,0,0
1.760000,-1.159988,-0.190613,-0.140495,0.419739,0.116063,0.900193,0.137497,0.972214,-0.189461,-0.897170,0.203298,0.392118,-0.117694,-0.538599,-0.006423,0.834277,-0.067047,0.017933,-0.069842,-0.001586,0.019051,0.005887,-0.900193,0.189461,-0.392118,0.000000,0.000000,0.000000,-1,-0.903549,0.206268,-0.394684,-0.109895,-0.003958,-0.086489,-1477.883179,2920.432129,-698.675842,0,0
1.800000,-1.161387,-0.190241,-0.146285,0.419101,0.113591,0.900806,0.143134,0.971471,-0.189096,-0.896586,0.208186,0.390886,-0.119106,-0.538861,-0.008857,0.833885,-0.099080,-0.001211,-0.079088,-0.007580,0.008277,0.008378,-0.900806,0.189096,-0.390886,0.000000,0.000000,0.000000,-1,-0.904556,0.191071,-0.384247,-0.118382,0.010823,-0.091806,-1476.652588,2919.201660,-697.837891,0,0
1.840000,-1.162156,-0.189353,-0.150004,0.418712,0.111403,0.901260,0.146771,0.971097,-0.188223,-0.896180,0.211090,0.390259,-0.119745,-0.539010,-0.010606,0.833677,-0.097965,0.013634,-0.078096,-0.000244,0.004846,0.001359,-0.901260,0.188223,-0.390259,0.000000,0.000000,0.000000,-1,-0.900391,0.194229,-0.414383,-0.132163,0.025713,-0.085363,-1475.773682,2920.783691,-696.999939,0,0
1.880000,-1.161498,-0.188970,-0.154972,0.419796,0.108839,0.901069,0.151604,0.970428,-0.187847,-0.894867,0.215463,0.390881,-0.120921,-0.538458,-0.012822,0.833832,-0.100088,0.001102,-0.060981,0.011024,0.004688,-0.009753,-0.901069,0.187847,-0.390881,0.000000,0.000000,0.000000,-1,-0.894150,0.192627,-0.391418,-0.103333,0.034386,-0.063247,-1475.773682,2918.322754,-698.005493,0,0
1.920000,-1.160887,-0.188773,-0.159873,0.420842,0.106470,0.900864,0.156365,0.969709,-0.187653,-0.893556,0.219836,0.391447,-0.122154,-0.537917,-0.014957,0.833966,-0.083984,0.031976,-0.044170,0.001190,0.003661,-0.006716,-0.900864,0.187653,-0.391447,0.000000,0.000000,0.000000,-1,-0.900757,0.188217,-0.401398,-0.094772,0.040828,-0.053750,-1475.597900,2919.553223,-697.837891,0,0
1.960000,-1.159961,-0.188415,-0.161971,0.421839,0.105064,0.900563,0.158410,0.969445,-0.187302,-0.892725,0.221669,0.392307,-0.122563,-0.537424,-0.015987,0.834205,-0.046740,0.017226,-0.035880,0.001408,-0.000107,-0.011654,-0.900563,0.187302,-0.392307,0.000000,0.000000,0.000000,-1,-0.894485,0.183868,-0.398834,-0.069254,0.018698,-0.041081,-1477.707397,2920.256348,-699.178589,0,0
2.000000,-1.159256,-0.187977,-0.164159,0.422633,0.103594,0.900361,0.160544,0.969177,-0.186872,-0.891968,0.223526,0.392974,-0.122964,-0.537022,-0.017063,0.834384,-0.056272,0.023700,-0.024113,0.004777,-0.004438,-0.004105,-0.900361,0.186872,-0.392974,0.000000,0.000000,0.000000,-1,-0.902390,0.186081,-0.394028,-0.083005,0.039982,-0.030401,-1475.422119,2921.486816,-698.675842,0,0
2.040000,-1.158348,-0.187890,-0.166522,0.423673,0.102313,0.900018,0.162836,0.968811,-0.186786,-0.891059,0.225692,0.393799,-0.123554,-0.536502,-0.018129,0.834608,-0.016874,0.016366,-0.014806,-0.006918,-0.000568,0.002350,-0.900018,0.186786,-0.393799,0.000000,0.000000,0.000000,-1,-0.905670,0.193069,-0.395187,-0.043647,0.025174,-0.027454,-1476.125244,2919.729004,-697.335144,0,0
2.080000,-1.158098,-0.187925,-0.167454,0.423996,0.101893,0.899914,0.163738,0.968653,-0.186821,-0.890740,0.226562,0.394021,-0.123817,-0.536338,-0.018524,0.834666,-0.030718,0.019506,-0.018969,-0.002949,0.004036,-0.000861,-0.899914,0.186821,-0.394021,0.000000,0.000000,0.000000,-1,-0.900818,0.188370,-0.397873,-0.044770,0.014484,-0.038059,-1475.949463,2920.256348,-697.837891,0,0
2.120000,-1.158013,-0.187365,-0.168794,0.424123,0.100808,0.899976,0.165053,0.968535,-0.186270,-0.890437,0.227545,0.394139,-0.123944,-0.536254,-0.019242,0.834685,-0.029727,0.004571,-0.030639,-0.000841,0.002099,-0.003734,-0.899976,0.186270,-0.394139,0.000000,0.000000,0.000000,-1,-0.882492,0.192413,-0.393707,-0.064945,0.032495,-0.037970,-1475.949463,2918.498535,-698.843445,0,0
2.160000,-1.156532,-0.187836,-0.170900,0.425724,0.099992,0.899311,0.167078,0.968099,-0.186733,-0.889294,0.229752,0.395437,-0.124688,-0.535476,-0.020085,0.835054,-0.037000,0.047153,-0.008361,0.016682,0.004887,-0.000422,-0.899311,0.186733,-0.395437,0.000000,0.000000,0.000000,-1,-0.915298,0.194061,-0.390289,-0.069038,0.071861,-0.018910,-1476.125244,2918.322754,-697.335144,0,0
2.200000,-1.155488,-0.188482,-0.172597,0.426920,0.099600,0.898787,0.168700,0.967695,-0.187368,-0.888414,0.231617,0.396326,-0.125399,-0.534894,-0.020681,0.835306,-0.061518,0.049153,-0.020958,-0.016511,0.006693,0.006037,-0.898787,0.187368,-0.396326,0.000000,0.000000,0.000000,-1,-0.912933,0.188217,-0.394897,-0.084154,0.025007,-0.046315,-1476.476807,2918.674316,-698.005493,0,0
2.240000,-1.155988,-0.188264,-0.175696,0.426749,0.098201,0.899023,0.171705,0.967208,-0.187154,-0.887920,0.234235,0.395893,-0.126143,-0.534922,-0.022003,0.835142,-0.072337,0.006623,-0.037761,-0.012736,-0.003454,0.001789,-0.899023,0.187154,-0.395893,0.000000,0.000000,0.000000,-1,-0.910233,0.180801,-0.393280,-0.099099,0.016488,-0.051494,-1477.179932,2920.783691,-698.675842,0,0
2.280000,-1.156898,-0.187197,-0.179723,0.426162,0.095753,0.899565,0.175634,0.966705,-0.186105,-0.887434,0.237305,0.395156,-0.126789,-0.535114,-0.023920,0.834869,-0.054293,-0.009312,-0.042111,-0.006533,-0.002008,-0.002549,-0.899565,0.186105,-0.395156,0.000000,0.000000,0.000000,-1,-0.898193,0.191467,-0.400986,-0.077872,-0.006808,-0.050506,-1475.949463,2921.311035,-698.843445,0,0
2.320000,-1.157440,-0.187036,-0.182369,0.425907,0.094613,0.899806,0.178197,0.966266,-0.185947,-0.887045,0.239539,0.394680,-0.127438,-0.535182,-0.025034,0.834693,-0.059627,-0.017716,-0.035642,0.004817,0.003704,-0.012913,-0.899806,0.185947,-0.394680,0.000000,0.000000,0.000000,-1,-0.895050,0.188904,-0.405075,-0.069335,-0.005692,-0.044185,-1476.652588,2919.553223,-698.843445,0,0
2.360000,-1.157610,-0.186851,-0.184015,0.425881,0.093789,0.899905,0.179793,0.966005,-0.185765,-0.886736,0.240911,0.394540,-0.127804,-0.535160,-0.025761,0.834630,-0.043613,-0.009179,-0.029404,0.005496,0.000682,-0.006262,-0.899905,0.185765,-0.394540,0.000000,0.000000,0.000000,-1,-0.893082,0.180420,-0.397720,-0.077755,0.019808,-0.035692,-1477.883179,2920.783691,-699.346191,0,0
2.400000,-1.157082,-0.186580,-0.186280,0.426515,0.092456,0.899743,0.181990,0.965645,-0.185499,-0.885982,0.242863,0.395036,-0.128291,-0.534812,-0.026815,0.834745,-0.057316,0.027990,-0.019852,0.003930,-0.006773,-0.006118,-0.899743,0.185499,-0.395036,0.000000,0.000000,0.000000,-1,-0.902878,0.182480,-0.403671,-0.076605,0.042119,-0.028328,-1475.597900,2917.795166,-697.837891,0,0
2.440000,-1.155603,-0.186653,-0.188463,0.428037,0.091228,0.899145,0.184095,0.965232,-0.185571,-0.884812,0.244959,0.396361,-0.128884,-0.534049,-0.027801,0.835109,-0.053028,0.027044,-0.008167,-0.007944,-0.005121,-0.012224,-0.899145,0.185571,-0.396361,0.000000,0.000000,0.000000,-1,-0.894089,0.185013,-0.403091,-0.060614,0.034858,-0.011379,-1475.597900,2917.795166,-696.161987,0,0
2.480000,-1.154321,-0.187128,-0.189903,0.429382,0.090714,0.898555,0.185469,0.964879,-0.186038,-0.883873,0.246535,0.397477,-0.129447,-0.533390,-0.028355,0.835425,-0.041234,0.044102,0.003394,0.004467,-0.001025,-0.005614,-0.898555,0.186038,-0.397477,0.000000,0.000000,0.000000,-1,-0.891327,0.194672,-0.396210,-0.069029,0.059329,0.000313,-1476.476807,2919.025879,-698.340637,0,0
2.520000,-1.151744,-0.189292,-0.191584,0.432179,0.091260,0.897158,0.187012,0.964168,-0.188164,-0.882183,0.249100,0.399627,-0.130752,-0.532063,-0.028632,0.836058,-0.042252,0.050580,0.016172,-0.005491,0.012779,-0.004304,-0.897158,0.188164,-0.399627,0.000000,0.000000,0.000000,-1,-0.909821,0.193283,-0.406921,-0.072268,0.043453,0.001463,-1474.543091,2916.740479,-697.837891,0,0
2.560000,-1.151311,-0.190512,-0.192973,0.432897,0.091625,0.896775,0.188308,0.963682,-0.189362,-0.881555,0.250844,0.399922,-0.131619,-0.531710,-0.028908,0.836137,-0.056238,0.015492,0.001502,-0.013046,0.003921,-0.007000,-0.896775,0.189362,-0.399922,0.000000,0.000000,0.000000,-1,-0.913040,0.187897,-0.406036,-0.081961,0.025243,-0.020765,-1474.367310,2918.322754,-697.670288,0,0
2.600000,-1.151306,-0.190933,-0.195547,0.433209,0.090879,0.896700,0.190772,0.963116,-0.189775,-0.880872,0.253277,0.399893,-0.132477,-0.531510,-0.029869,0.836095,-0.080807,0.007866,-0.021719,-0.016340,-0.001878,-0.006143,-0.896700,0.189775,-0.399893,0.000000,0.000000,0.000000,-1,-0.911285,0.199310,-0.399551,-0.138520,-0.001399,-0.039403,-1476.125244,2919.729004,-697.335144,0,0
2.640000,-1.153557,-0.192264,-0.201788,0.432027,0.089926,0.897366,0.196728,0.961658,-0.191081,-0.880142,0.259089,0.397771,-0.134720,-0.531944,-0.031962,0.835383,-0.134212,-0.034627,-0.036056,-0.011600,0.000111,0.002355,-0.897366,0.191081,-0.397771,0.000000,0.000000,0.000000,-1,-0.904114,0.174957,-0.394684,-0.147147,-0.027984,-0.050955,-1475.949463,2919.553223,-697.167542,0,0
2.680000,-1.155965,-0.191685,-0.206565,0.430228,0.087986,0.898422,0.201342,0.960815,-0.190513,-0.879980,0.262854,0.395654,-0.135792,-0.532666,-0.033953,0.834670,-0.094769,-0.025060,-0.031086,-0.006256,-0.019782,-0.001914,-0.898422,0.190513,-0.395654,0.000000,0.000000,0.000000,-1,-0.907608,0.173401,-0.396927,-0.104480,-0.017235,-0.033215,-1475.597900,2919.904785,-697.167542,0,0
2.720000,-1.157292,-0.191212,-0.209191,0.429201,0.086792,0.899029,0.203884,0.960371,-0.190049,-0.879896,0.264867,0.394497,-0.136321,-0.533074,-0.035088,0.834277,-0.076633,-0.027047,-0.016317,-0.005512,-0.012437,0.001004,-0.899029,0.190049,-0.394497,0.000000,0.000000,0.000000,-1,-0.903290,0.175339,-0.397507,-0.096929,-0.003262,-0.010955,-1475.246338,2917.092041,-696.161987,0,0
2.760000,-1.158718,-0.191578,-0.212212,0.428277,0.086198,0.899527,0.206769,0.959683,-0.190408,-0.879673,0.267542,0.393187,-0.137302,-0.533437,-0.036150,0.833839,-0.045613,-0.017129,0.026000,-0.000559,-0.016321,-0.006578,-0.899527,0.190408,-0.393187,0.000000,0.000000,0.000000,-1,-0.896332,0.176208,-0.405289,-0.051031,0.007624,0.021674,-1473.839966,2920.607910,-696.832397,0,0
2.800000,-1.158309,-0.191962,-0.212030,0.428694,0.086505,0.899299,0.206579,0.959649,-0.190786,-0.879515,0.267565,0.393525,-0.137404,-0.533252,-0.035996,0.833947,0.013075,0.008450,0.043549,0.001289,-0.014959,-0.010634,-0.899299,0.190786,-0.393525,0.000000,0.000000,0.000000,-1,-0.896912,0.182800,-0.400284,0.006514,0.010935,0.037195,-1475.246338,2919.553223,-697.167542,0,0
2.840000,-1.157088,-0.193535,-0.209370,0.429831,0.088703,0.898542,0.203964,0.959900,-0.192329,-0.879570,0.265939,0.394503,-0.137321,-0.532815,-0.034538,0.834301,0.017428,0.009829,0.077591,0.000715,-0.002601,-0.001829,-0.898542,0.192329,-0.394503,0.000000,0.000000,0.000000,-1,-0.896881,0.196259,-0.384430,-0.001886,0.024991,0.068102,-1475.422119,2920.080566,-695.994446,0,0
2.880000,-1.156167,-0.196242,-0.206625,0.430895,0.092019,0.897698,0.201220,0.959943,-0.194985,-0.879682,0.264653,0.395119,-0.137689,-0.532431,-0.032712,0.834559,0.059024,0.022661,0.092133,0.000405,-0.001092,0.007240,-0.897698,0.194985,-0.395119,0.000000,0.000000,0.000000,-1,-0.902283,0.197113,-0.390396,0.045053,0.041024,0.084723,-1474.015747,2920.080566,-694.653687,0,0
2.920000,-1.154777,-0.198091,-0.203441,0.432158,0.094650,0.896817,0.198089,0.960225,-0.196798,-0.879773,0.262698,0.396219,-0.137581,-0.531942,-0.030971,0.834955,0.075053,0.033344,0.102622,-0.005466,0.000315,0.005823,-0.896817,0.196798,-0.396219,0.000000,0.000000,0.000000,-1,-0.897202,0.204742,-0.376144,0.050392,0.040033,0.092142,-1475.246338,2922.365723,-694.821289,0,0
2.960000,-1.153169,-0.200969,-0.199062,0.433666,0.098653,0.895657,0.193770,0.960523,-0.199619,-0.879993,0.260119,0.397430,-0.137579,-0.531373,-0.028464,0.835407,0.077224,0.049210,0.101483,-0.001544,0.005123,0.021286,-0.895657,0.199619,-0.397430,0.000000,0.000000,0.000000,-1,-0.900116,0.212967,-0.384735,0.045144,0.068592,0.087815,-1473.839966,2919.904785,-696.161987,0,0
3.000000,-1.150418,-0.205106,-0.193795,0.436275,0.103863,0.893799,0.188547,0.960712,-0.203671,-0.879837,0.257380,0.399552,-0.137851,-0.530303,-0.025320,0.836143,0.080446,0.057705,0.105698,-0.004562,0.015292,0.010331,-0.893799,0.203671,-0.399552,0.000000,0.000000,0.000000,-1,-0.895111,0.217575,-0.389999,0.060091,0.073972,0.097266,-1475.070435,2919.729004,-696.664795,0,0
3.040000,-1.148306,-0.207892,-0.190183,0.438226,0.107343,0.892432,0.184968,0.960826,-0.206397,-0.879627,0.255520,0.401204,-0.138018,-0.529480,-0.023194,0.836698,0.090098,0.079964,0.108746,-0.005715,0.013741,0.012563,-0.892432,0.206397,-0.401204,0.000000,0.000000,0.000000,-1,-0.903061,0.240067,-0.392609,0.055865,0.092949,0.087640,-1474.191528,2919.904785,-696.161987,0,0
3.080000,-1.144510,-0.212970,-0.185204,0.441860,0.113014,0.889937,0.179986,0.960693,-0.211364,-0.878843,0.253570,0.404150,-0.138759,-0.527893,-0.019988,0.837661,0.042030,0.059543,0.077262,-0.016237,0.035966,0.008032,-0.889937,0.211364,-0.404150,0.000000,0.000000,0.000000,-1,-0.898727,0.241318,-0.385315,0.008837,0.057733,0.058308,-1474.543091,2920.607910,-695.826843,0,0
3.120000,-1.143686,-0.216444,-0.183632,0.442970,0.116538,0.888930,0.178341,0.960247,-0.214758,-0.878619,0.253664,0.404577,-0.139774,-0.527423,-0.018442,0.837824,0.011069,0.056128,0.053031,-0.006044,0.014658,0.025884,-0.888930,0.214758,-0.404577,0.000000,0.000000,0.000000,-1,-0.902817,0.221710,-0.390564,-0.016711,0.074518,0.040333,-1473.839966,2918.850098,-696.161987,0,0
3.160000,-1.142678,-0.218000,-0.183187,0.444055,0.117838,0.888217,0.177853,0.959996,-0.216277,-0.878170,0.254011,0.405334,-0.140290,-0.526927,-0.017903,0.838061,-0.004902,0.063463,0.045671,-0.016248,0.002809,0.013778,-0.888217,0.216277,-0.405334,0.000000,0.000000,0.000000,-1,-0.910843,0.221603,-0.396759,-0.032730,0.069108,0.027693,-1474.191528,2919.553223,-696.161987,0,0
3.200000,-1.141838,-0.219291,-0.183112,0.444993,0.118786,0.887621,0.177730,0.959734,-0.217538,-0.877721,0.254560,0.405963,-0.140798,-0.526493,-0.017579,0.838256,-0.007102,0.046446,0.039360,-0.023222,0.004065,0.009204,-0.887621,0.217538,-0.405963,0.000000,0.000000,0.000000,-1,-0.897781,0.219421,-0.381271,-0.021107,0.039450,0.027714,-1474.543091,2921.662598,-695.156494,0,0
3.240000,-1.142158,-0.221147,-0.182060,0.444885,0.120955,0.887382,0.176647,0.959522,-0.219349,-0.877994,0.254338,0.405510,-0.141291,-0.526575,-0.016612,0.838140,0.036502,0.030537,0.041208,-0.010033,-0.007435,0.021569,-0.887382,0.219349,-0.405510,0.000000,0.000000,0.000000,-1,-0.905029,0.204514,-0.386475,0.032174,0.047978,0.034726,-1474.543091,2922.014160,-694.486145,0,0
3.280000,-1.141593,-0.220857,-0.179857,0.445068,0.121539,0.887211,0.174544,0.959971,-0.219066,-0.878322,0.252356,0.406038,-0.140587,-0.526513,-0.015807,0.838313,0.083405,0.043278,0.047177,-0.017818,-0.014553,0.019564,-0.887211,0.219066,-0.406038,0.000000,0.000000,0.000000,-1,-0.916611,0.213379,-0.394638,0.076850,0.032100,0.036570,-1474.191528,2920.256348,-695.156494,0,0
3.320000,-1.141159,-0.220037,-0.175536,0.444793,0.122637,0.887198,0.170425,0.960893,-0.218265,-0.879269,0.248283,0.406498,-0.139106,-0.526688,-0.014249,0.838478,0.118426,0.005122,0.047036,-0.029413,-0.004886,0.011860,-0.887198,0.218265,-0.406498,0.000000,0.000000,0.000000,-1,-0.902359,0.219482,-0.386108,0.106540,-0.003968,0.031148,-1472.960938,2920.080566,-694.653687,0,0
3.360000,-1.141876,-0.219120,-0.168892,0.443200,0.124961,0.887671,0.164071,0.962201,-0.217371,-0.881280,0.241980,0.405944,-0.136980,-0.527508,-0.011663,0.838353,0.143938,0.000767,0.037264,-0.009928,0.004843,0.016861,-0.887670,0.217371,-0.405945,0.000000,0.000000,0.000000,-1,-0.896454,0.223419,-0.393372,0.129971,0.003381,0.024547,-1473.488403,2919.904785,-695.826843,0,0
3.400000,-1.141863,-0.218315,-0.164132,0.442495,0.126361,0.887824,0.159518,0.963143,-0.216585,-0.882470,0.237461,0.406029,-0.135391,-0.527878,-0.009887,0.838401,0.168374,-0.013048,0.033932,-0.008630,0.006834,0.012657,-0.887824,0.216585,-0.406029,0.000000,0.000000,0.000000,-1,-0.885651,0.236816,-0.390137,0.155520,0.004405,0.021149,-1473.136719,2919.553223,-696.161987,0,0
3.440000,-1.141190,-0.217816,-0.155616,0.441929,0.129533,0.887649,0.151326,0.964573,-0.216098,-0.884194,0.229825,0.406671,-0.132933,-0.528198,-0.006497,0.838626,0.168438,0.019678,0.024241,0.007689,0.026654,0.019159,-0.887649,0.216098,-0.406671,0.000000,0.000000,0.000000,-1,-0.880844,0.245193,-0.393707,0.138538,0.032887,0.008390,-1473.488403,2919.201660,-695.491638,0,0
3.480000,-1.139113,-0.217561,-0.149540,0.442939,0.131524,0.886852,0.145472,0.965530,-0.215848,-0.884671,0.224619,0.408538,-0.131217,-0.527744,-0.004155,0.839197,0.156732,0.035443,0.011512,0.006344,0.020678,0.002364,-0.886852,0.215848,-0.408538,0.000000,0.000000,0.000000,-1,-0.880219,0.225388,-0.411270,0.134293,0.043411,0.000927,-1472.785156,2919.553223,-696.497192,0,0
3.520000,-1.135631,-0.216042,-0.143266,0.444995,0.132206,0.885720,0.139457,0.966747,-0.214365,-0.884608,0.218912,0.411761,-0.128926,-0.526781,-0.002158,0.840164,0.163192,0.059806,0.011380,0.006952,0.006445,-0.002607,-0.885720,0.214365,-0.411761,0.000000,0.000000,0.000000,-1,-0.873810,0.223633,-0.415314,0.147163,0.085645,-0.013181,-1472.609375,2917.619385,-696.329590,0,0
3.560000,-1.133435,-0.215021,-0.140073,0.446388,0.132257,0.885012,0.136400,0.967403,-0.213368,-0.884383,0.215961,0.413797,-0.127659,-0.526122,-0.001232,0.840772,0.170663,0.076634,-0.001520,0.011202,0.010265,-0.001516,-0.885012,0.213368,-0.413797,0.000000,0.000000,0.000000,-1,-0.837326,0.202606,-0.421310,0.160002,0.114150,-0.022975,-1474.367310,2918.674316,-698.340637,0,0
3.600000,-1.122194,-0.210108,-0.129518,0.454346,0.130339,0.881239,0.126315,0.969817,-0.208566,-0.881824,0.206075,0.424168,-0.122842,-0.522327,0.001192,0.843850,0.207228,0.195283,-0.000109,0.048200,-0.028222,-0.003902,-0.881239,0.208566,-0.424168,0.000000,0.000000,0.000000,-1,-0.896317,0.186630,-0.463211,0.200826,0.220221,-0.005579,-1472.785156,2919.553223,-698.843445,0,0
3.640000,-1.114787,-0.206731,-0.123128,0.459669,0.128808,0.878700,0.120202,0.971298,-0.205262,-0.879918,0.199974,0.430992,-0.119770,-0.519768,0.002543,0.845866,0.220958,0.150870,0.007401,-0.017617,-0.018632,-0.032219,-0.878700,0.205262,-0.430992,0.000000,0.000000,0.000000,-1,-0.984955,0.211472,-0.456406,0.124754,0.072902,-0.017221,-1474.718872,2919.377441,-698.340637,0,0
3.680000,-1.111370,-0.202625,-0.119632,0.461792,0.126163,0.877970,0.116905,0.972540,-0.201242,-0.879251,0.195571,0.434362,-0.117142,-0.518745,0.002733,0.846861,-0.019430,-0.003977,-0.133973,-0.116720,-0.013086,-0.008250,-0.877970,0.201242,-0.434362,0.000000,0.000000,0.000000,-1,-0.933258,0.119049,-0.438965,-0.070766,-0.003904,-0.194391,-1472.960938,2918.674316,-696.999939,0,0
3.720000,-1.112659,-0.198369,-0.122409,0.460551,0.121422,0.879289,0.119709,0.973053,-0.197071,-0.879524,0.196020,0.433605,-0.116074,-0.519350,0.000506,0.846642,-0.061136,0.006858,-0.222129,-0.079451,-0.056598,0.000072,-0.879289,0.197071,-0.433605,0.000000,0.000000,0.000000,-1,-0.873444,0.066452,-0.442184,-0.069584,0.101261,-0.275758,-1474.015747,2917.267822,-699.681396,0,0
3.760000,-1.107991,-0.184827,-0.129116,0.463917,0.105590,0.879564,0.126564,0.974786,-0.183777,-0.876791,0.196578,0.438856,-0.112111,-0.517690,-0.006182,0.848168,0.045790,0.178131,-0.254524,0.016633,-0.119140,-0.000399,-0.879564,0.183777,-0.438856,0.000000,0.000000,0.000000,-1,-0.854492,0.108887,-0.427902,0.051181,0.207627,-0.224893,-1474.367310,2917.619385,-700.016541,0,0
3.800000,-1.096610,-0.174550,-0.131485,0.472929,0.093305,0.876146,0.129114,0.976304,-0.173665,-0.871589,0.195254,0.449676,-0.108339,-0.513249,-0.010516,0.851309,-0.015531,0.179752,-0.080407,-0.003355,-0.036763,0.018005,-0.876146,0.173665,-0.449676,0.000000,0.000000,0.000000,-1,-0.891510,0.145401,-0.438248,-0.054981,0.176338,-0.059893,-1472.257812,2916.916260,-699.681396,0,0
3.840000,-1.092453,-0.174117,-0.132875,0.476627,0.091454,0.874336,0.130482,0.976198,-0.173238,-0.869368,0.196655,0.453349,-0.108489,-0.511425,-0.011447,0.852375,-0.037935,0.108377,-0.010720,-0.028832,-0.018423,0.005412,-0.874336,0.173238,-0.453349,0.000000,0.000000,0.000000,-1,-0.910782,0.171860,-0.434448,-0.066849,0.089886,-0.016864,-1474.191528,2917.092041,-701.189697,0,0
3.880000,-1.091419,-0.175016,-0.135441,0.477864,0.090804,0.873728,0.132965,0.975705,-0.174124,-0.868312,0.199383,0.454181,-0.109519,-0.510798,-0.012362,0.852606,-0.102047,0.033184,-0.009944,-0.031408,-0.002265,0.024310,-0.873728,0.174124,-0.454181,0.000000,0.000000,0.000000,-1,-0.895782,0.159119,-0.446732,-0.168188,0.046270,-0.039351,-1475.246338,2918.146729,-700.854492,0,0
3.920000,-1.091519,-0.175452,-0.138055,0.478065,0.089952,0.873706,0.135505,0.975279,-0.174553,-0.867809,0.201839,0.454058,-0.110372,-0.510675,-0.013358,0.852555,-0.144662,0.037287,-0.027754,-0.022076,-0.015434,0.007327,-0.873706,0.174553,-0.454102,0.000000,0.000000,0.000000,-1,-0.866150,0.134155,-0.450745,-0.186348,0.045008,-0.061578,-1474.718872,2918.322754,-699.681396,0,1
3.960000,-1.091197,-0.175866,-0.144620,0.478977,0.087103,0.873495,0.141893,0.974297,-0.174961,-0.866284,0.207745,0.454306,-0.112220,-0.510150,-0.016066,0.852581,-0.161725,0.047647,-0.053239,0.007346,-0.040806,0.003562,-0.873495,0.174961,-0.454306,0.000000,0.000000,0.000000,-1,-0.877182,0.143951,-0.447113,-0.196900,0.079923,-0.065888,-1474.367310,2918.322754,-700.686890,0,0
4.000000,-1.089637,-0.176295,-0.154184,0.481193,0.082551,0.872719,0.151193,0.972821,-0.175384,-0.863478,0.216342,0.455634,-0.114824,-0.508919,-0.020120,0.852885,-0.208418,0.091145,-0.045600,-0.011772,-0.031783,0.012503,-0.872719,0.175384,-0.455634,0.000000,0.000000,0.000000,-1,-0.885818,0.137375,-0.420975,-0.254351,0.095815,-0.066567,-1472.960938,2917.970947,-701.022095,0,0
4.040000,-1.090828,-0.175289,-0.164232,0.480828,0.077113,0.873417,0.160990,0.971426,-0.174393,-0.861909,0.224464,0.454675,-0.116969,-0.508902,-0.024598,0.852486,-0.253214,0.089756,-0.078311,-0.013439,-0.047501,0.040048,-0.873417,0.174393,-0.454675,0.000000,0.000000,0.000000,-1,-0.896866,0.109406,-0.414658,-0.279964,0.108166,-0.105832,-1473.839966,2917.443604,-699.513794,0,0
4.080000,-1.089992,-0.174234,-0.178583,0.482439,0.069100,0.873200,0.174946,0.969197,-0.173354,-0.858281,0.236396,0.455490,-0.120159,-0.507757,-0.031039,0.852515,-0.274470,0.121267,-0.104931,-0.025986,-0.070068,0.029663,-0.873200,0.173354,-0.455490,0.000000,0.000000,0.000000,-1,-0.904892,0.093674,-0.440445,-0.302277,0.132433,-0.116403,-1473.312500,2917.619385,-701.022095,0,0
4.120000,-1.087979,-0.175402,-0.187592,0.484955,0.065261,0.872101,0.183633,0.967382,-0.174504,-0.855043,0.244773,0.457152,-0.122903,-0.506279,-0.034699,0.852861,-0.283011,0.108619,-0.098425,-0.032791,-0.080831,0.016707,-0.872101,0.174504,-0.457152,0.000000,0.000000,0.000000,-1,-0.889114,0.080765,-0.447830,-0.307614,0.105153,-0.088561,-1473.664185,2917.619385,-702.697937,0,0
4.160000,-1.087161,-0.174664,-0.201983,0.486411,0.057434,0.871840,0.197560,0.964765,-0.173777,-0.851102,0.256768,0.457926,-0.126214,-0.505081,-0.041078,0.852804,-0.271227,0.070052,-0.029176,-0.016572,-0.096598,0.018000,-0.871840,0.173777,-0.457926,0.000000,0.000000,0.000000,-1,-0.878677,0.072403,-0.401947,-0.284147,0.070748,-0.028956,-1473.312500,2916.916260,-702.362793,0,0
4.200000,-1.087352,-0.177374,-0.213247,0.487365,0.054312,0.871508,0.208314,0.962015,-0.176445,-0.847986,0.267540,0.457538,-0.130203,-0.504260,-0.045163,0.852484,-0.218898,0.095705,-0.000942,-0.010664,-0.118187,0.071033,-0.871508,0.176445,-0.457538,0.000000,0.000000,0.000000,-1,-0.901459,0.061203,-0.401184,-0.224291,0.131281,-0.010471,-1473.664185,2918.674316,-701.022095,0,0
