0.000000,2.478410,-1.498275,2.425064,0.997515,-0.054541,-0.044607,-0.047588,-0.054640,-0.997372,0.051960,0.997015,-0.057099,-0.726163,0.035160,-0.002532,0.686618,-0.010189,-0.004441,0.000090,0.002237,0.016880,-0.001512,0.044607,0.997371,0.057099,0.000000,0.000000,0.000000,-1,0.048325,1.014618,0.052551,-0.038341,0.005207,-0.010375,47.639633,263.160583,-553.879517,0,0
0.040000,2.478315,-1.498206,2.425019,0.997515,-0.054494,-0.044655,-0.047636,-0.054690,-0.997366,0.051908,0.997015,-0.057150,-0.726181,0.035160,-0.002497,0.686600,-0.014440,-0.003371,0.001185,0.003197,0.018869,-0.003667,0.044655,0.997366,0.057150,0.000000,0.000000,0.000000,-1,0.042755,1.009064,0.055618,-0.039313,0.031735,-0.005141,48.342804,264.215332,-552.203613,0,0
0.080000,2.479721,-1.498324,2.424728,0.997428,-0.056181,-0.044502,-0.047574,-0.054587,-0.997375,0.053604,0.996927,-0.057119,-0.726143,0.035721,-0.003134,0.686608,0.015605,0.057109,0.010301,-0.010521,0.010224,-0.002859,0.044502,0.997375,0.057119,0.000000,0.000000,0.000000,-1,0.030975,1.008804,0.051666,-0.007286,0.056126,-0.001219,45.354340,263.687958,-552.706360,0,0
0.120000,2.479575,-1.499127,2.423592,0.997395,-0.057141,-0.044018,-0.047109,-0.053930,-0.997433,0.054621,0.996908,-0.056481,-0.725914,0.035903,-0.003652,0.686838,0.004777,0.003007,0.000988,-0.010739,0.012928,-0.005944,0.044018,0.997433,0.056481,0.000000,0.000000,0.000000,-1,0.038239,1.009399,0.053421,-0.033191,-0.043614,-0.020886,47.815430,262.984802,-553.376709,0,0
0.160000,2.484653,-1.499348,2.429957,0.997487,-0.055849,-0.043596,-0.046621,-0.054061,-0.997449,0.053349,0.996975,-0.056529,-0.725961,0.035288,-0.003359,0.686822,-0.012480,-0.061704,-0.010359,-0.000490,0.009158,0.000462,0.043596,0.997449,0.056529,0.000000,0.000000,0.000000,-1,0.057510,1.010696,0.061768,-0.034205,-0.027716,-0.019872,47.815430,262.281616,-553.376709,0,0
0.200000,2.486166,-1.498336,2.431924,0.997487,-0.055428,-0.044126,-0.047173,-0.054919,-0.997376,0.052859,0.996951,-0.057396,-0.726258,0.035318,-0.003006,0.686508,-0.007818,0.060253,0.006206,0.010424,0.010696,0.006111,0.044126,0.997376,0.057396,0.000000,0.000000,0.000000,-1,0.047714,1.011322,0.061417,-0.021032,0.087904,-0.001232,48.167007,262.633209,-553.041565,0,0
0.240000,2.480549,-1.498081,2.422960,0.997274,-0.058778,-0.044604,-0.047830,-0.054685,-0.997357,0.056183,0.996772,-0.057347,-0.726173,0.036702,-0.003986,0.686521,0.013585,0.083678,0.009153,0.001157,0.013904,0.003718,0.044604,0.997357,0.057347,0.000000,0.000000,0.000000,-1,0.043686,1.009155,0.060974,-0.018938,0.080440,-0.006547,48.694382,263.512146,-553.879517,0,0
0.280000,2.484705,-1.497962,2.425390,0.997178,-0.060502,-0.044437,-0.047775,-0.054890,-0.997349,0.057902,0.996658,-0.057626,-0.726239,0.037273,-0.004635,0.686415,-0.007999,0.001982,-0.006354,-0.000065,0.014736,0.002249,0.044437,0.997349,0.057626,0.000000,0.000000,0.000000,-1,0.054047,1.011490,0.062531,-0.036323,-0.021391,-0.023075,46.760681,264.039551,-552.706360,0,0
0.320000,2.490135,-1.497051,2.431977,0.997235,-0.059376,-0.044675,-0.048005,-0.055894,-0.997282,0.056718,0.996670,-0.058589,-0.726588,0.036947,-0.004144,0.686067,-0.016563,-0.009687,-0.008364,0.013522,0.016527,0.004826,0.044675,0.997282,0.058589,0.000000,0.000000,0.000000,-1,0.060059,1.013031,0.064911,-0.041501,0.021045,-0.015737,47.815430,264.039551,-553.376709,0,0
0.360000,2.491298,-1.496071,2.432326,0.997161,-0.060220,-0.045198,-0.048622,-0.056652,-0.997209,0.057491,0.996576,-0.059419,-0.726848,0.037436,-0.004228,0.685764,-0.006775,0.052889,0.000924,0.011183,0.012770,0.002470,0.045198,0.997209,0.059419,0.000000,0.000000,0.000000,-1,0.053864,1.008881,0.059250,-0.016825,0.075144,-0.006543,47.991211,262.457397,-552.873962,0,0
0.400000,2.483211,-1.495852,2.421967,0.996993,-0.062497,-0.045811,-0.049350,-0.056309,-0.997193,0.059743,0.996455,-0.059224,-0.726727,0.038476,-0.004793,0.685832,0.011322,0.032892,0.004062,0.007687,0.011535,-0.002202,0.045811,0.997193,0.059224,0.000000,0.000000,0.000000,-1,0.045715,1.009567,0.055206,-0.020233,0.005232,-0.007320,47.639633,262.809021,-553.544312,0,0
0.440000,2.480452,-1.496037,2.419016,0.996979,-0.062684,-0.045861,-0.049394,-0.056025,-0.997207,0.059939,0.996460,-0.058952,-0.726629,0.038561,-0.004844,0.685930,0.002720,0.006396,0.002096,-0.007500,0.013856,0.001931,0.045861,0.997207,0.058952,0.000000,0.000000,0.000000,-1,0.035233,1.009521,0.061371,-0.015946,0.016852,-0.010593,47.991211,262.809021,-551.868408,0,0
0.480000,2.485028,-1.496524,2.423368,0.996992,-0.062888,-0.045294,-0.048830,-0.055873,-0.997243,0.060184,0.996455,-0.058776,-0.726574,0.038440,-0.005123,0.685992,0.008002,-0.001088,-0.005382,-0.009909,0.013606,0.001359,0.045294,0.997243,0.058776,0.000000,0.000000,0.000000,-1,0.044434,1.008194,0.062408,-0.023572,-0.034054,-0.017800,46.584885,264.566925,-552.203613,0,0
0.520000,2.487562,-1.496647,2.426950,0.997068,-0.061838,-0.045071,-0.048549,-0.055956,-0.997252,0.059146,0.996516,-0.058794,-0.726605,0.037980,-0.004843,0.685988,-0.001742,-0.051944,-0.007248,0.004337,0.010911,0.004087,0.045071,0.997252,0.058794,0.000000,0.000000,0.000000,-1,0.048340,1.011627,0.066483,-0.021422,-0.031887,-0.012498,47.112259,263.336365,-554.382263,0,0
0.560000,2.486216,-1.496263,2.426457,0.997105,-0.061000,-0.045383,-0.048828,-0.056221,-0.997224,0.058280,0.996553,-0.059036,-0.726698,0.037783,-0.004437,0.685902,0.003902,0.029756,0.004122,0.002499,0.014800,0.011398,0.045383,0.997224,0.059036,0.000000,0.000000,0.000000,-1,0.048828,1.013168,0.065094,-0.029685,0.047610,-0.006340,47.991211,262.105835,-553.879517,0,0
0.600000,2.489149,-1.495894,2.427908,0.997011,-0.062489,-0.045433,-0.048987,-0.056570,-0.997196,0.059744,0.996441,-0.059462,-0.726816,0.038344,-0.004922,0.685744,-0.018351,0.066812,0.002026,-0.001579,0.014080,-0.005614,0.045433,0.997196,0.059462,0.000000,0.000000,0.000000,-1,0.047729,1.007568,0.058395,-0.040215,0.088889,-0.009609,46.233292,264.215332,-552.538818,0,0
0.640000,2.493014,-1.495822,2.428545,0.996813,-0.065708,-0.045246,-0.048998,-0.056656,-0.997191,0.062960,0.996229,-0.059695,-0.726836,0.039454,-0.006093,0.685650,0.000830,0.071043,0.001860,0.000988,0.010881,-0.005587,0.045246,0.997191,0.059695,0.000000,0.000000,0.000000,-1,0.043701,1.011230,0.052704,-0.019060,0.045430,-0.012806,48.342804,262.457397,-553.544312,0,0
0.680000,2.488891,-1.496642,2.422826,0.996719,-0.067273,-0.044995,-0.048783,-0.055759,-0.997252,0.064579,0.996175,-0.058857,-0.726522,0.039935,-0.006739,0.685949,0.004928,0.013858,0.003105,-0.002362,0.015642,-0.007344,0.044995,0.997252,0.058857,0.000000,0.000000,0.000000,-1,0.040695,1.009964,0.053284,-0.018058,0.020059,-0.007392,47.112259,261.930054,-553.041565,0,0
0.720000,2.487062,-1.497131,2.420768,0.996714,-0.067486,-0.044806,-0.048575,-0.055291,-0.997288,0.064825,0.996187,-0.058388,-0.726360,0.039946,-0.006890,0.686118,0.009176,-0.001992,0.000995,-0.005148,0.013607,-0.002831,0.044806,0.997288,0.058388,0.000000,0.000000,0.000000,-1,0.043793,1.010071,0.055618,-0.013905,-0.010706,-0.012636,47.991211,262.809021,-553.209167,0,0
0.760000,2.485006,-1.497529,2.420145,0.996816,-0.066045,-0.044684,-0.048348,-0.054964,-0.997317,0.063412,0.996302,-0.057982,-0.726251,0.039378,-0.006447,0.686271,-0.003769,-0.049748,-0.009379,0.005762,0.011792,0.000566,0.044684,0.997317,0.057982,0.000000,0.000000,0.000000,-1,0.056122,1.008194,0.064560,-0.029908,-0.015008,-0.019953,47.112259,263.336365,-553.376709,0,0
0.800000,2.483071,-1.496925,2.418958,0.996842,-0.065321,-0.045164,-0.048811,-0.055358,-0.997273,0.062643,0.996328,-0.058371,-0.726390,0.039281,-0.006016,0.686133,0.002830,0.015975,-0.003276,0.014803,0.013546,0.005166,0.045164,0.997273,0.058371,0.000000,0.000000,0.000000,-1,0.055923,1.009445,0.060303,-0.020123,0.043341,-0.009594,48.518600,263.687958,-553.041565,0,0
0.840000,2.475716,-1.496540,2.410088,0.996710,-0.066848,-0.045830,-0.049557,-0.055209,-0.997244,0.064133,0.996235,-0.058340,-0.726337,0.040066,-0.006300,0.686142,0.011409,0.030870,0.004067,0.003899,0.010965,0.002634,0.045830,0.997244,0.058340,0.000000,0.000000,0.000000,-1,0.043060,1.009689,0.057632,-0.021261,0.020030,-0.010563,47.991211,262.457397,-554.214661,0,0
0.880000,2.474865,-1.496732,2.408793,0.996684,-0.067285,-0.045761,-0.049500,-0.055002,-0.997258,0.064583,0.996217,-0.058150,-0.726264,0.040201,-0.006479,0.686209,0.000674,0.005414,-0.000017,-0.002700,0.012431,-0.000518,0.045761,0.997258,0.058150,0.000000,0.000000,0.000000,-1,0.045593,1.014099,0.056244,-0.026615,0.012588,-0.013690,46.760681,264.039551,-553.711914,0,0
0.920000,2.474473,-1.497047,2.408213,0.996680,-0.067461,-0.045589,-0.049322,-0.054740,-0.997282,0.064782,0.996219,-0.057885,-0.726172,0.040205,-0.006608,0.686304,0.011380,0.009642,-0.002253,-0.000484,0.015093,-0.002298,0.045589,0.997282,0.057885,0.000000,0.000000,0.000000,-1,0.044968,1.011536,0.052750,-0.009546,0.025274,-0.016001,46.409088,263.336365,-553.376709,0,0
0.960000,2.470759,-1.497887,2.404251,0.996679,-0.067682,-0.045283,-0.048975,-0.053924,-0.997343,0.065060,0.996249,-0.057059,-0.725889,0.040177,-0.006811,0.686603,-0.004708,-0.027464,-0.006252,0.000982,0.010896,-0.005866,0.045283,0.997343,0.057059,0.000000,0.000000,0.000000,-1,0.050034,1.008469,0.056046,-0.022587,-0.061582,-0.016639,46.409088,262.281616,-552.036011,0,0
1.000000,2.466106,-1.498034,2.402313,0.996851,-0.064973,-0.045457,-0.048981,-0.053721,-0.997354,0.062359,0.996440,-0.056734,-0.725828,0.039250,-0.005822,0.686731,0.016440,-0.079327,-0.001958,0.005248,0.010352,0.004149,0.045457,0.997354,0.056734,0.000000,0.000000,0.000000,-1,0.046310,1.011734,0.065781,-0.005421,-0.024448,-0.009454,45.002747,263.336365,-552.706360,0,0
1.040000,2.460879,-1.498131,2.398142,0.996909,-0.063918,-0.045692,-0.049139,-0.053445,-0.997361,0.061308,0.996523,-0.056420,-0.725737,0.038946,-0.005379,0.686848,0.011436,0.010724,0.000936,-0.001182,0.015227,0.006552,0.045692,0.997361,0.056421,0.000000,0.000000,0.000000,-1,0.042709,1.009583,0.059204,-0.023370,0.028484,-0.012709,47.815430,262.633209,-553.041565,0,0
1.080000,2.466242,-1.498135,2.402798,0.996877,-0.064621,-0.045386,-0.048887,-0.053670,-0.997361,0.062015,0.996466,-0.056661,-0.725811,0.039097,-0.005728,0.686758,-0.003490,0.009620,-0.004273,-0.001196,0.011000,0.003810,0.045386,0.997361,0.056661,0.000000,0.000000,0.000000,-1,0.044769,1.009766,0.057449,-0.023435,0.010440,-0.016903,48.167007,262.633209,-553.711914,0,0
1.120000,2.466950,-1.498267,2.403848,0.996905,-0.064275,-0.045263,-0.048742,-0.053623,-0.997371,0.061679,0.996490,-0.056590,-0.725796,0.038929,-0.005655,0.686784,-0.000376,-0.017909,-0.003128,0.005442,0.012883,0.000172,0.045263,0.997371,0.056590,0.000000,0.000000,0.000000,-1,0.048798,1.010498,0.058258,-0.017028,0.009458,-0.008426,47.815430,262.984802,-553.376709,0,0
1.160000,2.460061,-1.498352,2.396969,0.996891,-0.064265,-0.045599,-0.049052,-0.053225,-0.997377,0.061670,0.996512,-0.056212,-0.725659,0.039039,-0.005537,0.686923,0.015651,-0.004085,0.003090,-0.002218,0.013045,0.003145,0.045599,0.997377,0.056212,0.000000,0.000000,0.000000,-1,0.038895,1.011047,0.057449,-0.009653,-0.013875,-0.011592,47.815430,263.336365,-553.711914,0,0
1.200000,2.459623,-1.498767,2.397604,0.996971,-0.063182,-0.045363,-0.048738,-0.052952,-0.997407,0.060616,0.996596,-0.055870,-0.725567,0.038563,-0.005256,0.687050,0.004864,-0.057124,-0.004092,-0.003813,0.014174,0.001838,0.045363,0.997407,0.055870,0.000000,0.000000,0.000000,-1,0.047333,1.013870,0.063187,-0.026784,-0.038310,-0.019890,47.991211,263.863770,-554.214661,0,0
1.240000,2.465663,-1.498665,2.405241,0.997083,-0.061590,-0.045088,-0.048401,-0.053397,-0.997400,0.059023,0.996672,-0.056223,-0.725724,0.037890,-0.004800,0.686925,-0.003532,-0.013717,-0.006321,0.002733,0.015372,0.007559,0.045088,0.997400,0.056223,0.000000,0.000000,0.000000,-1,0.045151,1.004318,0.061905,-0.028700,0.026367,-0.012660,47.112259,264.039551,-554.047119,0,0
1.280000,2.469389,-1.498444,2.407626,0.997002,-0.062933,-0.045016,-0.048421,-0.053677,-0.997384,0.060352,0.996573,-0.056563,-0.725817,0.038355,-0.005282,0.686797,0.010518,0.047809,0.003992,-0.005404,0.009635,0.002092,0.045016,0.997384,0.056563,0.000000,0.000000,0.000000,-1,0.037033,1.011047,0.055176,-0.013711,0.052852,-0.011810,47.463837,262.984802,-553.041565,0,0
1.320000,2.471268,-1.498897,2.408333,0.996946,-0.064086,-0.044628,-0.048080,-0.053375,-0.997416,0.061538,0.996516,-0.056293,-0.725709,0.038640,-0.005825,0.686891,-0.000208,0.027619,-0.003310,-0.003216,0.014409,-0.002506,0.044628,0.997416,0.056293,0.000000,0.000000,0.000000,-1,0.041122,1.010071,0.056915,-0.031939,0.015728,-0.017922,48.167007,261.578461,-551.365662,0,0
1.360000,2.476544,-1.499041,2.413382,0.996949,-0.064305,-0.044242,-0.047715,-0.053510,-0.997427,0.061772,0.996495,-0.056415,-0.725754,0.038587,-0.006039,0.686845,-0.000282,-0.008445,-0.005311,0.001305,0.013346,0.000043,0.044242,0.997427,0.056415,0.000000,0.000000,0.000000,-1,0.048203,1.013855,0.058441,-0.017098,-0.007558,-0.015819,46.760681,264.039551,-553.376709,0,0
1.400000,2.475552,-1.499186,2.412836,0.996979,-0.063856,-0.044209,-0.047648,-0.053376,-0.997437,0.061332,0.996531,-0.056257,-0.725709,0.038412,-0.005899,0.686904,0.009266,-0.019048,-0.006410,0.003994,0.016418,0.002184,0.044209,0.997437,0.056257,0.000000,0.000000,0.000000,-1,0.053711,1.010162,0.061554,-0.013941,-0.017120,-0.019004,46.233292,262.809021,-553.209167,0,0
1.440000,2.470548,-1.498861,2.408423,0.996995,-0.063280,-0.044691,-0.048099,-0.053406,-0.997414,0.060729,0.996566,-0.056289,-0.725722,0.038368,-0.005525,0.686895,0.004043,0.013806,-0.004355,0.014742,0.014458,0.007828,0.044691,0.997414,0.056289,0.000000,0.000000,0.000000,-1,0.054031,1.008743,0.060104,-0.009523,0.028501,-0.010686,48.518600,262.984802,-553.711914,0,0
1.480000,2.463605,-1.498673,2.400925,0.996936,-0.063843,-0.045199,-0.048625,-0.053182,-0.997400,0.061273,0.996542,-0.056124,-0.725645,0.038748,-0.005538,0.686955,0.022166,0.015988,0.002959,0.008833,0.011343,0.003981,0.045199,0.997400,0.056124,0.000000,0.000000,0.000000,-1,0.044479,1.012680,0.058014,0.004280,0.010551,-0.004334,49.045975,263.160583,-553.209167,0,0
1.520000,2.453933,-1.499257,2.391397,0.996938,-0.063683,-0.045369,-0.048733,-0.052290,-0.997442,0.061148,0.996599,-0.055234,-0.725338,0.038746,-0.005438,0.687280,0.007191,-0.014858,-0.000011,-0.007253,0.013453,0.004794,0.045369,0.997442,0.055234,0.000000,0.000000,0.000000,-1,0.039642,1.010086,0.063080,-0.011732,0.002023,-0.010570,46.936462,265.270081,-553.544312,0,0
1.560000,2.455781,-1.499522,2.393001,0.996936,-0.063917,-0.045100,-0.048469,-0.052175,-0.997461,0.061401,0.996590,-0.055113,-0.725297,0.038738,-0.005619,0.687322,0.016913,0.029653,0.002940,-0.005091,0.012442,0.005785,0.045100,0.997461,0.055113,0.000000,0.000000,0.000000,-1,0.037598,1.009766,0.056702,-0.011545,0.061364,-0.007598,46.936462,263.863770,-553.879517,0,0
1.600000,2.459868,-1.500023,2.395043,0.996828,-0.065937,-0.044560,-0.048023,-0.051907,-0.997497,0.063459,0.996473,-0.054909,-0.725197,0.039286,-0.006515,0.687389,0.004192,0.052909,-0.002380,-0.008640,0.012544,0.000206,0.044560,0.997497,0.054909,0.000000,0.000000,0.000000,-1,0.041351,1.011627,0.050659,-0.026537,0.044293,-0.021267,47.639633,263.160583,-553.879517,0,0
1.640000,2.468041,-1.500697,2.401773,0.996772,-0.067351,-0.043690,-0.047219,-0.051733,-0.997544,0.064925,0.996387,-0.054746,-0.725129,0.039500,-0.007321,0.687440,-0.000212,0.011515,-0.011781,0.004787,0.017074,-0.004743,0.043690,0.997544,0.054746,0.000000,0.000000,0.000000,-1,0.057114,1.009430,0.049973,-0.018084,0.022059,-0.020184,46.584885,263.512146,-552.203613,0,0
1.680000,2.456375,-1.500815,2.389589,0.996713,-0.067868,-0.044251,-0.047766,-0.051067,-0.997552,0.065442,0.996387,-0.054141,-0.724900,0.039879,-0.007308,0.687660,0.013730,0.026351,-0.000221,0.011535,0.011298,-0.005161,0.044251,0.997552,0.054141,0.000000,0.000000,0.000000,-1,0.050507,1.009583,0.048737,-0.003124,0.027489,-0.005405,47.288055,263.160583,-553.879517,0,0
1.720000,2.445005,-1.501238,2.377628,0.996658,-0.068446,-0.044593,-0.048081,-0.050188,-0.997582,0.066043,0.996392,-0.053311,-0.724596,0.040204,-0.007400,0.687961,0.023276,0.009452,0.005097,0.000512,0.014534,-0.003018,0.044593,0.997582,0.053311,0.000000,0.000000,0.000000,-1,0.045273,1.009125,0.051331,0.002053,-0.019134,-0.007401,47.815430,264.742706,-554.047119,0,0
1.760000,2.430671,-1.502073,2.365082,0.996770,-0.066642,-0.044809,-0.048123,-0.048987,-0.997639,0.064289,0.996574,-0.052035,-0.724188,0.039618,-0.006725,0.688431,0.010352,-0.034029,-0.001033,-0.002222,0.010905,0.004590,0.044809,0.997639,0.052035,0.000000,0.000000,0.000000,-1,0.043793,1.009094,0.057175,-0.012856,-0.014953,-0.013693,47.639633,263.863770,-553.544312,0,0
1.800000,2.431035,-1.502257,2.365862,0.996805,-0.066221,-0.044670,-0.047956,-0.048892,-0.997652,0.063881,0.996606,-0.051912,-0.724156,0.039417,-0.006632,0.688477,0.005113,-0.001243,-0.006442,0.003243,0.012495,0.002486,0.044670,0.997652,0.051912,0.000000,0.000000,0.000000,-1,0.049500,1.009552,0.053329,-0.022380,0.006213,-0.015830,48.167007,264.742706,-552.706360,0,0
1.840000,2.428791,-1.502181,2.363559,0.996793,-0.066283,-0.044836,-0.048122,-0.048836,-0.997647,0.063937,0.996605,-0.051869,-0.724137,0.039497,-0.006594,0.688492,0.004097,0.007187,-0.002202,0.004160,0.011997,-0.000798,0.044836,0.997647,0.051869,0.000000,0.000000,0.000000,-1,0.047989,1.012054,0.048279,-0.010653,0.009407,-0.013802,47.815430,262.984802,-553.376709,0,0
1.880000,2.420261,-1.502763,2.355256,0.996807,-0.066039,-0.044894,-0.048115,-0.048025,-0.997687,0.063730,0.996661,-0.051049,-0.723858,0.039425,-0.006506,0.688791,0.007222,-0.019263,0.001070,-0.000216,0.013452,-0.004052,0.044894,0.997687,0.051049,0.000000,0.000000,0.000000,-1,0.038406,1.007965,0.051041,-0.016061,-0.020228,-0.011518,47.815430,262.633209,-553.376709,0,0
1.920000,2.418603,-1.503283,2.354664,0.996889,-0.064960,-0.044635,-0.047776,-0.047630,-0.997722,0.062686,0.996751,-0.050585,-0.723724,0.038943,-0.006236,0.688962,0.017781,-0.047872,0.000027,-0.007479,0.007527,-0.000582,0.044635,0.997722,0.050585,0.000000,0.000000,0.000000,-1,0.041382,1.011902,0.052811,-0.004456,-0.053094,-0.014681,48.694382,262.457397,-552.203613,0,0
1.960000,2.415112,-1.503919,2.352954,0.997015,-0.063164,-0.044390,-0.047407,-0.047101,-0.997765,0.060932,0.996891,-0.049955,-0.723545,0.038204,-0.005716,0.689195,0.017696,-0.072272,-0.004145,-0.003008,0.014137,0.002856,0.044390,0.997765,0.049955,0.000000,0.000000,0.000000,-1,0.047607,1.007767,0.060303,-0.013061,-0.078550,-0.018780,46.936462,263.512146,-552.873962,0,0
2.000000,2.414041,-1.503870,2.356317,0.997282,-0.058745,-0.044476,-0.047283,-0.047295,-0.997761,0.056510,0.997152,-0.049944,-0.723623,0.036631,-0.004158,0.689210,0.009237,-0.049082,-0.008422,0.013828,0.010616,0.009703,0.044476,0.997761,0.049944,0.000000,0.000000,0.000000,-1,0.064346,1.014771,0.061462,-0.007583,-0.030851,-0.014740,48.342804,262.105835,-552.203613,0,0
2.040000,2.400345,-1.503461,2.343552,0.997292,-0.057831,-0.045431,-0.048175,-0.046972,-0.997734,0.055566,0.997221,-0.049631,-0.723515,0.036629,-0.003502,0.689328,0.045576,-0.014002,0.006087,0.019175,0.016136,0.015006,0.045431,0.997734,0.049631,0.000000,0.000000,0.000000,-1,0.052231,1.005142,0.063492,0.031036,0.051900,0.000630,47.463837,263.687958,-553.376709,0,0
2.080000,2.383604,-1.503375,2.325770,0.997191,-0.058872,-0.046314,-0.049065,-0.046167,-0.997728,0.056600,0.997197,-0.048925,-0.723236,0.037310,-0.003555,0.689583,0.045827,0.064454,0.014318,0.007320,0.005720,0.012506,0.046314,0.997728,0.048925,0.000000,0.000000,0.000000,-1,0.034409,1.006989,0.055817,-0.000689,0.117644,0.008087,48.167007,261.930054,-553.376709,0,0
2.120000,2.378207,-1.504188,2.312765,0.996729,-0.066432,-0.046017,-0.049063,-0.044977,-0.997782,0.064215,0.996777,-0.048089,-0.722806,0.039947,-0.006294,0.689867,0.036538,0.149346,0.031105,-0.025738,0.014425,-0.000558,0.046017,0.997782,0.048089,0.000000,0.000000,0.000000,-1,0.013794,1.003036,0.041214,0.013249,0.138941,0.020683,48.167007,263.336365,-553.041565,0,0
2.160000,2.371288,-1.505483,2.302778,0.996550,-0.069449,-0.045449,-0.048549,-0.043621,-0.997868,0.067318,0.996631,-0.046842,-0.722325,0.040840,-0.007569,0.690305,0.029869,0.048758,0.041115,-0.030831,0.007702,-0.009092,0.045449,0.997868,0.046842,0.000000,0.000000,0.000000,-1,0.015396,1.028091,0.044434,0.000051,-0.010286,0.033063,47.639633,263.160583,-553.544312,0,0
2.200000,2.358847,-1.506562,2.290491,0.996571,-0.069261,-0.045269,-0.048271,-0.042311,-0.997938,0.067203,0.996701,-0.045509,-0.721871,0.040704,-0.007596,0.690788,0.031878,0.002226,0.048715,-0.032695,0.034365,0.002983,0.045269,0.997938,0.045509,0.000000,0.000000,0.000000,-1,0.008820,1.022827,0.051117,0.018401,0.073372,0.031542,47.639633,263.512146,-554.549866,0,0
2.240000,2.355437,-1.508367,2.283799,0.996392,-0.072478,-0.044149,-0.047191,-0.040809,-0.998052,0.070535,0.996535,-0.044082,-0.721333,0.041475,-0.009145,0.691285,0.018131,0.066474,0.009144,-0.025151,0.009791,-0.000289,0.044149,0.998052,0.044082,0.000000,0.000000,0.000000,-1,0.036743,1.012589,0.040253,-0.027587,0.043304,-0.013798,47.288055,263.863770,-553.544312,0,0
2.280000,2.362800,-1.508479,2.291095,0.996405,-0.072544,-0.043745,-0.046808,-0.041079,-0.998059,0.070606,0.996519,-0.044326,-0.721424,0.041360,-0.009308,0.691195,-0.033361,-0.050147,-0.003872,0.003100,0.013324,-0.008285,0.043745,0.998059,0.044327,0.000000,0.000000,0.000000,-1,0.066422,1.000977,0.042770,-0.035420,-0.102629,0.011313,49.045975,263.863770,-554.549866,0,0
2.320000,2.331707,-1.506915,2.264086,0.996578,-0.068514,-0.046232,-0.049101,-0.040797,-0.997960,0.066488,0.996816,-0.044022,-0.721352,0.040762,-0.007020,0.691332,0.033689,-0.101596,0.054414,0.020311,0.006892,0.002075,0.046232,0.997960,0.044022,0.000000,0.000000,0.000000,-1,0.045151,1.007980,0.052490,0.026652,-0.038633,0.060661,47.991211,261.754242,-553.544312,0,0
2.360000,2.276763,-1.505685,2.211199,0.996558,-0.066480,-0.049514,-0.052173,-0.038878,-0.997881,0.064414,0.997030,-0.042213,-0.720703,0.041159,-0.005169,0.692002,0.034995,-0.029466,0.065850,-0.018447,0.013121,0.010064,0.049514,0.997881,0.042212,0.000000,0.000000,0.000000,-1,0.028168,1.011215,0.051285,-0.003188,-0.034537,0.044898,47.463837,263.687958,-554.047119,0,0
2.400000,2.270796,-1.505269,2.207103,0.996652,-0.064625,-0.050082,-0.052666,-0.038910,-0.997854,0.062538,0.997151,-0.042184,-0.720719,0.040685,-0.004321,0.692018,-0.006816,-0.101723,0.039804,-0.015369,0.014567,0.008048,0.050082,0.997854,0.042184,0.000000,0.000000,0.000000,-1,0.059402,1.015472,0.049774,-0.058910,-0.139526,0.029744,48.342804,262.809021,-553.209167,0,0
2.440000,2.267090,-1.503524,2.207552,0.996833,-0.060535,-0.051574,-0.054048,-0.039969,-0.997738,0.058336,0.997366,-0.043114,-0.721096,0.039725,-0.002345,0.691692,-0.042065,-0.141922,0.044490,0.007829,0.017734,0.006660,0.051574,0.997738,0.043114,0.000000,0.000000,0.000000,-1,0.078201,1.013199,0.047043,-0.071335,-0.027204,0.034745,47.639633,262.457397,-553.879517,0,0
2.480000,2.247698,-1.497658,2.182867,0.996194,-0.065983,-0.056962,-0.059807,-0.041985,-0.997327,0.063415,0.996937,-0.045772,-0.721795,0.043569,-0.002235,0.690731,-0.031027,0.334793,0.060759,0.032134,0.006671,-0.016536,0.056962,0.997327,0.045772,0.000000,0.000000,0.000000,-1,0.087997,1.005493,0.022797,-0.040170,0.395670,0.063813,47.815430,262.984802,-554.047119,0,0
2.520000,2.220722,-1.495434,2.144327,0.995185,-0.077547,-0.059942,-0.063244,-0.040853,-0.997162,0.074878,0.996151,-0.045561,-0.721387,0.048792,-0.005176,0.690791,0.032030,0.373339,0.107006,0.014323,-0.003692,-0.035475,0.059942,0.997162,0.045561,0.000000,0.000000,0.000000,-1,0.055466,1.001160,0.004395,0.079851,0.257356,0.113471,48.342804,262.457397,-553.209167,0,0
2.560000,2.142045,-1.494534,2.056524,0.994183,-0.086558,-0.064092,-0.067376,-0.035569,-0.997093,0.084027,0.995612,-0.041194,-0.719539,0.053484,-0.006926,0.692355,0.145091,0.076840,0.116826,-0.021352,0.017433,-0.037105,0.064092,0.997093,0.041194,0.000000,0.000000,0.000000,-1,0.047195,1.022125,0.005875,0.093628,-0.092439,0.084846,49.221756,262.633209,-554.047119,0,0
2.600000,2.075855,-1.494314,1.992435,0.994188,-0.084371,-0.066868,-0.069716,-0.031270,-0.997077,0.082033,0.995944,-0.036971,-0.718058,0.053647,-0.005280,0.693892,0.082524,-0.169141,0.088402,-0.013463,0.029733,-0.026457,0.066868,0.997077,0.036971,0.000000,0.000000,0.000000,-1,0.056702,1.020264,0.031235,-0.014291,-0.203790,0.067990,47.815430,262.633209,-554.047119,0,0
2.640000,2.038725,-1.491331,1.962858,0.994521,-0.076871,-0.070848,-0.073358,-0.030331,-0.996844,0.074480,0.996580,-0.035804,-0.717749,0.052326,-0.001265,0.694332,0.006272,-0.011436,0.078825,-0.020555,0.017301,0.001443,0.070848,0.996844,0.035804,0.000000,0.000000,0.000000,-1,0.044739,1.018326,0.025940,0.025209,0.182796,0.067300,49.397552,262.809021,-554.549866,0,0
2.680000,2.013800,-1.491336,1.930979,0.993905,-0.083731,-0.071715,-0.074284,-0.027976,-0.996845,0.081460,0.996096,-0.034025,-0.716922,0.055102,-0.003398,0.694965,0.048570,0.249043,0.071115,-0.025389,0.021481,-0.014296,0.071715,0.996845,0.034025,0.000000,0.000000,0.000000,-1,0.047577,1.014709,0.000443,-0.008770,0.229230,0.048214,50.100723,263.512146,-554.549866,0,0
2.720000,1.974906,-1.492671,1.881207,0.992943,-0.094418,-0.071760,-0.074316,-0.023839,-0.996950,0.092419,0.995247,-0.030688,-0.715449,0.058961,-0.007219,0.696135,0.015396,0.214833,0.036328,-0.021848,0.017134,-0.045809,0.071760,0.996950,0.030688,0.000000,0.000000,0.000000,-1,0.061630,1.021835,-0.023560,0.002945,0.250183,0.023542,50.452301,263.160583,-553.879517,0,0
2.760000,1.929898,-1.493834,1.828328,0.992166,-0.102101,-0.071982,-0.074350,-0.019583,-0.997040,0.100389,0.994581,-0.027020,-0.713927,0.061789,-0.009948,0.697417,0.069980,0.298531,0.039848,-0.002783,0.027649,-0.058514,0.071982,0.997040,0.027020,0.000000,0.000000,0.000000,-1,0.085678,1.035538,-0.061386,0.117163,0.322452,0.052214,50.979675,262.633209,-554.382263,0,0
2.800000,1.881532,-1.493527,1.770461,0.991053,-0.111407,-0.073496,-0.075659,-0.015310,-0.997016,0.109949,0.993657,-0.023602,-0.712384,0.065648,-0.012793,0.698595,0.207425,0.306177,0.067517,0.012182,0.038522,-0.084988,0.073496,0.997016,0.023602,0.000000,0.000000,0.000000,-1,0.088089,1.060760,-0.158203,0.387273,0.201761,0.063356,50.452301,261.051086,-554.214661,0,0
2.840000,1.448300,-1.491528,1.335751,0.990642,-0.111586,-0.078592,-0.077008,0.018441,-0.996860,0.112685,0.993584,0.009676,-0.700451,0.067312,-0.012169,0.710415,0.769794,-0.368321,0.099775,0.032965,0.041302,-0.171477,0.078592,0.996860,-0.009676,0.000000,0.000000,0.000000,-1,0.125458,1.022156,-0.185196,0.830384,-0.460126,0.082642,50.276520,262.281616,-556.058167,0,0
2.880000,1.123839,-1.481224,1.025214,0.992050,-0.096588,-0.080665,-0.076466,0.046418,-0.995991,0.099945,0.994241,0.038664,-0.690465,0.062659,-0.006981,0.720613,1.058819,-0.529737,0.059787,0.026497,0.003338,-0.151003,0.080665,0.995991,-0.038664,0.000000,0.000000,0.000000,-1,0.099396,1.006165,-0.190643,1.249354,-0.283364,0.077665,51.155472,260.347900,-555.890564,0,0
2.920000,0.823793,-1.458061,0.733039,0.992768,-0.087168,-0.082542,-0.075275,0.083601,-0.993652,0.093515,0.992679,0.089901,-0.671845,0.060612,-0.004654,0.738193,1.372872,0.173325,0.040867,-0.015133,0.107661,-0.126347,0.083233,0.992467,-0.089901,0.000000,0.000000,0.000000,-1,0.038376,1.108017,-0.385681,1.484479,0.090596,-0.024635,50.803894,259.644745,-560.247864,0,0
2.960000,0.556506,-1.412984,0.460305,0.992460,-0.090172,-0.083014,-0.069813,0.140800,-0.987574,0.100740,0.985923,0.133444,-0.655404,0.061025,-0.006761,0.752779,1.490568,-0.302701,-0.006201,-0.040519,0.134909,-0.277231,0.083014,0.987574,-0.133444,0.000000,0.000000,0.000000,-1,0.126953,1.070007,0.009750,1.254773,-1.532510,-0.077493,50.452301,257.535248,-562.258911,0,0
3.000000,0.315250,-1.358650,0.288723,0.997669,-0.019860,-0.065284,-0.059952,0.201843,-0.977581,0.032592,0.979217,0.200182,-0.631594,0.031592,0.012940,0.774547,1.130543,-1.262788,-0.178784,0.055962,0.045475,0.289064,0.065284,0.977581,-0.200182,0.000000,0.000000,0.000000,-1,0.119385,0.943939,0.075500,1.034724,-0.299217,-0.151786,48.167007,256.304688,-563.432007,0,0
3.040000,0.237147,-1.322570,0.220855,0.998290,-0.009266,-0.057719,-0.053821,0.239718,-0.969350,0.022819,0.970798,0.238809,-0.616393,0.025587,0.014155,0.786895,0.688079,0.225232,-0.086117,0.066259,-0.022832,0.292459,0.057719,0.969350,-0.238809,0.000000,0.000000,0.000000,-1,0.138626,0.959778,-0.033081,0.358594,0.317229,-0.049779,48.870178,255.249939,-565.778259,0,0
3.080000,0.229582,-1.306409,0.196016,0.997897,-0.025804,-0.059468,-0.050895,0.256314,-0.965253,0.040150,0.966249,0.254462,-0.609738,0.031448,0.007921,0.791939,0.200971,0.387589,-0.062707,0.030070,-0.052045,0.091299,0.059468,0.965253,-0.254462,0.000000,0.000000,0.000000,-1,0.066788,0.909073,-0.231583,0.142601,0.403708,-0.094237,49.573349,252.788864,-565.443115,0,0
3.120000,0.226113,-1.303325,0.181735,0.997575,-0.036523,-0.059252,-0.047768,0.259941,-0.964442,0.050627,0.964934,0.257566,-0.608290,0.034642,0.003545,0.792951,0.064100,0.251403,-0.131447,0.020871,-0.047282,-0.004748,0.059252,0.964442,-0.257566,0.000000,0.000000,0.000000,-1,0.010452,0.901428,-0.223724,-0.081037,0.129452,-0.205464,49.397552,251.909897,-565.610718,0,0
3.160000,0.203523,-1.307005,0.153841,0.997695,-0.042752,-0.052701,-0.039955,0.257663,-0.965408,0.054852,0.965289,0.255361,-0.609235,0.033939,-0.000883,0.792262,-0.093418,0.015230,-0.246525,-0.050306,-0.055740,0.040059,0.052701,0.965408,-0.255361,0.000000,0.000000,0.000000,-1,0.052933,0.884430,-0.204544,-0.097407,-0.006075,-0.200568,49.221756,253.140442,-566.113464,0,0
3.200000,0.170230,-1.313037,0.118250,0.997989,-0.046399,-0.043185,-0.030073,0.253134,-0.966964,0.055797,0.966318,0.251230,-0.611070,0.031286,-0.005160,0.790941,-0.056918,0.074976,-0.199093,0.042493,-0.056731,0.027307,0.043185,0.966964,-0.251230,0.000000,0.000000,0.000000,-1,0.072983,0.958328,-0.292435,0.019178,0.162378,-0.193581,48.870178,252.788864,-564.437561,0,0
3.240000,0.156876,-1.309665,0.095653,0.997621,-0.055913,-0.040335,-0.024658,0.256994,-0.966098,0.064383,0.964794,0.255003,-0.609431,0.033051,-0.009865,0.792089,0.296888,0.494731,-0.157601,0.009332,0.003475,-0.090898,0.040335,0.966098,-0.255003,0.000000,0.000000,0.000000,-1,0.032394,0.918091,-0.398743,0.360471,0.665848,-0.148044,50.628098,252.788864,-566.113464,0,0
3.280000,0.154789,-1.299385,0.073856,0.996310,-0.075216,-0.041332,-0.019782,0.267360,-0.963394,0.083514,0.960656,0.264886,-0.604993,0.039256,-0.017431,0.795072,0.354909,0.635956,-0.118098,0.009205,-0.093078,-0.148856,0.041332,0.963394,-0.264886,0.000000,0.000000,0.000000,-1,0.101608,0.795532,-0.422699,0.182361,0.504543,-0.070421,50.628098,252.788864,-565.107910,0,1
3.320000,0.164028,-1.292745,0.063801,0.994582,-0.093800,-0.044821,-0.017500,0.273924,-0.961592,0.102475,0.957166,0.270798,-0.602051,0.046217,-0.023941,0.796760,0.004098,0.335658,0.044481,0.059885,-0.161452,-0.155914,0.044821,0.961592,-0.270798,0.000000,0.000000,0.000000,-1,0.104340,0.883987,-0.424500,-0.191611,0.246069,0.147578,50.628098,251.734100,-565.778259,0,0
3.360000,0.189056,-1.296412,0.082135,0.993713,-0.099711,-0.050921,-0.022230,0.270040,-0.962592,0.109731,0.957672,0.266126,-0.603644,0.050502,-0.024356,0.795280,-0.264293,0.185667,0.198400,0.056898,-0.096671,-0.158541,0.050921,0.962592,-0.266126,0.000000,0.000000,0.000000,-1,0.069260,0.946365,-0.405487,-0.457243,-0.008171,0.252862,51.155472,251.909897,-564.940308,0,0
3.400000,0.257431,-1.319242,0.154960,0.993518,-0.094375,-0.063372,-0.038417,0.245927,-0.968527,0.106990,0.964683,0.240707,-0.613776,0.054088,-0.017766,0.787425,-0.468410,-0.020248,0.147488,-0.014711,0.067682,-0.186646,0.063372,0.968527,-0.240707,0.000000,0.000000,0.000000,-1,0.022919,1.041992,-0.416550,-0.446002,0.386767,0.009466,52.913391,253.316238,-565.610718,0,0
3.440000,0.306829,-1.339352,0.184468,0.991046,-0.114140,-0.069282,-0.042074,0.225492,-0.973336,0.126719,0.967536,0.218671,-0.621869,0.062800,-0.023090,0.780258,-0.461554,0.615905,-0.011552,-0.099632,-0.020287,-0.174213,0.069282,0.973336,-0.218671,0.000000,0.000000,0.000000,-1,0.054291,1.067322,-0.380707,-0.564536,0.604147,0.034073,51.682846,253.140442,-565.443115,0,0
3.480000,0.349761,-1.355031,0.214718,0.989202,-0.126870,-0.073365,-0.045618,0.209179,-0.976813,0.139275,0.969612,0.201132,-0.628270,0.068636,-0.026227,0.774518,-0.593673,0.169690,0.067848,0.065902,0.143426,-0.224573,0.073365,0.976813,-0.201132,0.000000,0.000000,0.000000,-1,0.220718,1.282715,-0.394272,-0.437954,-0.206457,0.114964,52.034439,253.492020,-562.426514,0,0
3.520000,0.390259,-1.367380,0.260966,0.989630,-0.121355,-0.076853,-0.052123,0.195176,-0.979382,0.133853,0.973231,0.186827,-0.633961,0.068410,-0.022478,0.770005,-0.161928,-0.026152,0.087606,0.137335,0.326023,-0.121584,0.076853,0.979382,-0.186827,0.000000,0.000000,0.000000,-1,0.209473,0.994339,-0.145676,-0.072703,-0.117349,0.022310,53.792358,252.788864,-563.767212,0,0
3.560000,0.399470,-1.371716,0.290696,0.991888,-0.101200,-0.076918,-0.056684,0.189470,-0.980249,0.113775,0.976657,0.182197,-0.636440,0.062018,-0.014478,0.768693,-0.270845,-0.903393,0.173768,0.143984,-0.146722,0.100761,0.076918,0.980249,-0.182197,0.000000,0.000000,0.000000,-1,0.236176,0.860550,-0.035690,-0.399273,-0.899041,0.242968,52.737595,252.788864,-562.761719,0,0
3.600000,0.444496,-1.380726,0.363202,0.993946,-0.073967,-0.081240,-0.067120,0.176603,-0.981991,0.086982,0.981499,0.170569,-0.641633,0.054972,-0.002237,0.765036,-0.593784,-0.822024,0.376248,0.152998,-0.054180,0.130652,0.081240,0.981991,-0.170569,0.000000,0.000000,0.000000,-1,0.152283,1.115479,-0.017609,-0.550098,-0.808621,0.282150,51.155472,251.206726,-562.258911,0,0
3.640000,0.503054,-1.390460,0.447357,0.995067,-0.048619,-0.086470,-0.077588,0.161710,-0.983783,0.061814,0.985640,0.157140,-0.647344,0.048741,0.009522,0.760578,-0.373533,-0.765028,0.244357,0.011369,0.108578,0.163778,0.086470,0.983783,-0.157140,0.000000,0.000000,0.000000,-1,-0.007858,0.997757,0.056992,0.001317,-0.442878,0.213649,51.858643,251.909897,-561.588562,0,0
3.680000,0.491741,-1.378456,0.453235,0.995446,-0.030669,-0.090257,-0.083703,0.171856,-0.981560,0.045615,0.984645,0.168507,-0.643250,0.044451,0.017350,0.764168,0.312492,-0.012226,-0.115341,-0.123033,0.025505,0.185185,0.090257,0.981560,-0.168507,0.000000,0.000000,0.000000,-1,-0.041458,0.961243,0.002304,0.072872,-0.067153,-0.159046,51.858643,252.964645,-562.258911,0,0
3.720000,0.472757,-1.383444,0.438408,0.996028,-0.027127,-0.084811,-0.079066,0.168643,-0.982501,0.040955,0.985304,0.165829,-0.644507,0.041192,0.017011,0.763299,-0.418798,-0.234201,-0.195129,-0.140964,-0.044680,0.183025,0.084811,0.982501,-0.165829,0.000000,0.000000,0.000000,-1,-0.063995,0.916840,0.028610,-0.770021,-0.236016,-0.224319,51.331268,252.788864,-562.426514,0,0
3.760000,0.504319,-1.412120,0.484005,0.996969,-0.014940,-0.076353,-0.073527,0.139862,-0.987437,0.025431,0.990058,0.138339,-0.655509,0.033740,0.019421,0.754183,-0.817822,-0.587669,-0.050073,-0.045057,-0.049678,0.167316,0.076353,0.987437,-0.138339,0.000000,0.000000,0.000000,-1,0.013107,1.001816,0.037186,-0.814461,-0.611758,-0.081943,51.331268,254.195190,-562.091309,0,0
3.800000,0.622649,-1.449545,0.620043,0.997509,0.000878,-0.070539,-0.070283,0.098439,-0.992658,0.006072,0.995143,0.098256,-0.670972,0.025860,0.024020,0.740642,-0.986329,0.388783,-0.065210,-0.059141,0.070605,0.124959,0.070539,0.992658,-0.098256,0.000000,0.000000,0.000000,-1,0.021988,1.081558,-0.032288,-1.210404,0.827910,-0.062963,52.561813,254.019409,-558.907166,0,0
3.840000,0.899864,-1.478439,0.867199,0.996921,-0.030500,-0.072235,-0.070324,0.059667,-0.995738,0.034680,0.997752,0.057338,-0.685550,0.036767,0.013695,0.726967,-1.447339,1.372696,0.033751,-0.079041,0.080342,0.013134,0.072235,0.995738,-0.057338,0.000000,0.000000,0.000000,-1,-0.081772,1.038589,-0.117203,-1.375938,1.282229,0.041020,54.495514,254.195190,-557.398865,0,0
3.880000,1.386680,-1.494417,1.317175,0.994811,-0.068730,-0.075015,-0.073864,0.019146,-0.997085,0.069966,0.997452,0.013970,-0.700303,0.050904,0.001803,0.712026,-1.206593,1.087402,-0.002202,-0.156787,0.041505,-0.103233,0.075015,0.997084,-0.013970,0.000000,0.000000,0.000000,-1,-0.046326,1.006104,-0.132095,-0.802652,0.560840,-0.186570,53.968140,256.832092,-557.231262,0,0
3.920000,1.819303,-1.501178,1.731188,0.993802,-0.088377,-0.067425,-0.068669,-0.011109,-0.997578,0.087413,0.996025,-0.017109,-0.710989,0.055221,-0.007028,0.700996,-0.445983,0.054909,-0.308914,-0.113751,0.008526,-0.149205,0.067425,0.997578,0.017109,0.000000,0.000000,0.000000,-1,0.085419,0.939743,-0.046890,-0.404869,-0.154608,-0.347837,54.847107,255.953110,-555.722961,0,0
3.960000,2.176047,-1.505619,2.101388,0.995708,-0.075473,-0.053561,-0.056176,-0.032959,-0.997877,0.073547,0.996603,-0.037057,-0.718631,0.045798,-0.006953,0.693846,-0.487810,-0.517784,-0.160494,0.043851,-0.070814,-0.068384,0.053561,0.997877,0.037057,0.000000,0.000000,0.000000,-1,0.115051,0.940048,0.002045,-0.623059,-0.758307,-0.005110,53.440765,256.656281,-554.382263,0,0
4.000000,2.398019,-1.489637,2.353496,0.997429,-0.046079,-0.054878,-0.057480,-0.057170,-0.996708,0.042790,0.997300,-0.059672,-0.727027,0.035610,0.004157,0.685672,-0.683966,-0.771046,0.051845,0.063271,-0.037816,-0.042872,0.054878,0.996708,0.059672,0.000000,0.000000,0.000000,-1,0.091156,0.988953,0.044327,-0.723283,-0.506645,0.061839,52.913391,258.589996,-552.873962,0,0
4.040000,2.508789,-1.472056,2.481160,0.997851,-0.029901,-0.058301,-0.060475,-0.077851,-0.995129,0.025217,0.996516,-0.079492,-0.734029,0.030781,0.011268,0.678327,-0.683477,-0.343227,0.156770,0.014987,-0.003521,-0.035898,0.058301,0.995129,0.079492,0.000000,0.000000,0.000000,-1,0.026871,1.013397,0.040955,-0.641545,-0.016884,0.223429,53.089188,256.656281,-552.706360,0,0
4.080000,2.581875,-1.440441,2.551188,0.997021,-0.034424,-0.069016,-0.072363,-0.107982,-0.991516,0.026680,0.993557,-0.110151,-0.744170,0.035875,0.014223,0.666875,-0.591777,0.371014,0.197059,-0.081696,0.035172,-0.080122,0.069016,0.991516,0.110151,0.000000,0.000000,0.000000,-1,-0.081573,1.052048,0.008209,-0.655951,0.614155,0.083749,56.253433,256.656281,-551.030518,0,0
4.120000,2.676461,-1.416760,2.622013,0.995881,-0.059031,-0.068818,-0.076179,-0.133179,-0.988160,0.049167,0.989332,-0.137128,-0.752693,0.044909,0.006527,0.656806,-0.679624,0.745823,-0.048688,-0.172639,0.062728,-0.139249,0.068818,0.988160,0.137128,0.000000,0.000000,0.000000,-1,-0.175125,1.025986,-0.049118,-0.778730,0.731297,-0.193787,54.671310,256.832092,-550.192566,0,0
4.160000,2.779690,-1.398039,2.704725,0.994962,-0.079670,-0.060861,-0.072731,-0.155754,-0.985115,0.069005,0.984578,-0.160764,-0.760178,0.050120,-0.002678,0.647774,-0.830460,0.648982,-0.215477,-0.235987,0.040871,-0.209882,0.060862,0.985115,0.160764,0.000000,0.000000,0.000000,-1,-0.227661,0.999008,-0.094894,-1.095862,0.463049,-0.229739,55.726059,257.535248,-546.840820,0,0
4.200000,2.928285,-1.348630,2.835980,0.994177,-0.097136,-0.046645,-0.066296,-0.210133,-0.975422,0.084947,0.972835,-0.215349,-0.777763,0.052533,-0.012312,0.626238,-1.140568,0.222049,-0.230647,-0.273650,0.080562,-0.314989,0.046645,0.975422,0.215349,0.000000,0.000000,0.000000,-1,-0.151031,1.191299,-0.107849,-0.810754,0.164901,-0.394892,57.308197,258.062622,-545.667664,0,0
4.240000,2.996506,-1.326471,2.901048,0.994424,-0.099483,-0.034974,-0.057629,-0.234937,-0.970301,0.088312,0.966906,-0.239360,-0.785608,0.049997,-0.016974,0.616467,-0.483342,0.156168,-0.469868,-0.186005,0.220999,-0.347209,0.034974,0.970301,0.239360,0.000000,0.000000,0.000000,-1,-0.107697,1.258148,0.034195,0.333265,-0.264539,-0.538515,56.605026,256.304688,-545.667664,0,1
4.280000,3.109331,-1.361219,3.024539,0.996325,-0.085391,-0.006711,-0.024297,-0.206623,-0.978119,0.082136,0.974687,-0.207938,-0.776351,0.035321,-0.024288,0.628841,0.786407,0.341308,-0.468690,-0.178998,0.299148,-0.066932,0.006711,0.978119,0.207938,0.000000,0.000000,0.000000,-1,-0.057831,1.234955,0.146820,0.702771,0.653278,-0.355194,57.308197,257.711029,-546.002869,0,0
