0.000000,-1.410682,0.053210,0.011515,0.160026,-0.050666,0.985812,-0.011499,0.998518,0.053185,-0.987046,-0.019847,0.159206,0.023986,-0.647937,-0.012863,0.761208,-0.044320,-0.008916,0.006514,0.000948,0.002496,0.001003,-0.985812,-0.053185,-0.159206,0.000000,0.000000,0.000000,-1,-0.981064,-0.053070,-0.157181,-0.073471,0.001048,-0.002630,-20.216064,236.088623,-585.386108,0,0
0.040000,-1.410926,0.052716,0.010183,0.159711,-0.050396,0.985877,-0.010169,0.998559,0.052692,-0.987111,-0.018441,0.158969,0.023364,-0.648051,-0.013213,0.761124,-0.047223,-0.005665,0.007594,0.004813,-0.000378,0.001788,-0.985877,-0.052692,-0.158969,0.000000,0.000000,0.000000,-1,-0.985733,-0.048996,-0.158463,-0.073471,0.002097,-0.003699,-21.798203,235.912827,-584.883362,0,0
0.080000,-1.411199,0.051812,0.008036,0.159327,-0.049852,0.985966,-0.008025,0.998626,0.051789,-0.987193,-0.016164,0.158708,0.022323,-0.648188,-0.013740,0.761029,-0.040854,-0.009924,0.005432,0.000340,0.000138,0.002091,-0.985966,-0.051789,-0.158708,0.000000,0.000000,0.000000,-1,-0.981842,-0.056732,-0.158188,-0.067100,-0.001111,-0.006933,-21.270828,236.440201,-585.050903,0,0
0.120000,-1.411560,0.051598,0.006563,0.158895,-0.049881,0.986035,-0.006554,0.998648,0.051575,-0.987274,-0.014658,0.158353,0.021761,-0.648344,-0.014235,0.760903,-0.036594,-0.008876,0.004328,0.003948,-0.003906,0.000104,-0.986035,-0.051575,-0.158353,0.000000,0.000000,0.000000,-1,-0.983459,-0.054413,-0.156601,-0.058591,-0.003242,-0.008056,-19.688690,236.615997,-585.218506,0,0
0.160000,-1.411799,0.051447,0.005298,0.158595,-0.049936,0.986080,-0.005291,0.998663,0.051424,-0.987330,-0.013373,0.158118,0.021292,-0.648450,-0.014670,0.760818,-0.030189,-0.002533,0.003187,0.003643,-0.001722,0.002403,-0.986080,-0.051424,-0.158119,0.000000,0.000000,0.000000,-1,-0.984680,-0.050201,-0.160431,-0.050035,0.009466,-0.008170,-21.095032,235.209656,-584.548157,0,0
0.200000,-1.411884,0.051069,0.004061,0.158448,-0.049760,0.986113,-0.004056,0.998688,0.051047,-0.987359,-0.012088,0.158038,0.020746,-0.648499,-0.015019,0.760785,-0.023708,-0.010981,-0.000005,0.003904,0.001776,0.001452,-0.986113,-0.051047,-0.158038,0.000000,0.000000,0.000000,-1,-0.980576,-0.048920,-0.154007,-0.051143,-0.003263,-0.010244,-20.567657,235.385452,-584.045410,0,0
0.240000,-1.412232,0.050974,0.003290,0.158066,-0.049793,0.986172,-0.003285,0.998696,0.050952,-0.987423,-0.011294,0.157696,0.020458,-0.648640,-0.015285,0.760667,-0.027960,-0.007814,-0.001049,0.003720,-0.002148,0.002087,-0.986172,-0.050952,-0.157696,0.000000,0.000000,0.000000,-1,-0.985062,-0.052475,-0.156937,-0.054332,0.003043,-0.015570,-21.270828,235.737030,-584.380615,0,0
0.280000,-1.412402,0.051023,0.002147,0.157841,-0.050024,0.986197,-0.002144,0.998696,0.051001,-0.987462,-0.010164,0.157528,0.020104,-0.648716,-0.015737,0.760602,-0.027952,-0.002548,-0.004266,-0.001108,-0.001657,0.001796,-0.986197,-0.051001,-0.157528,0.000000,0.000000,0.000000,-1,-0.981964,-0.049362,-0.156586,-0.050064,0.005170,-0.014546,-20.567657,235.737030,-585.050903,0,0
0.320000,-1.412518,0.050913,0.000893,0.157663,-0.050114,0.986221,-0.000892,0.998704,0.050891,-0.987493,-0.008904,0.157414,0.019655,-0.648773,-0.016180,0.760556,-0.022499,-0.002506,-0.004273,0.000350,0.001377,-0.000225,-0.986221,-0.050891,-0.157414,0.000000,0.000000,0.000000,-1,-0.984879,-0.048859,-0.158783,-0.052209,0.000924,-0.015578,-20.567657,237.143372,-584.045410,0,0
0.360000,-1.412849,0.050895,0.000099,0.157297,-0.050224,0.986273,-0.000099,0.998705,0.050873,-0.987551,-0.008100,0.157088,0.019388,-0.648907,-0.016479,0.760442,-0.026793,-0.014157,-0.004196,0.001502,-0.001907,0.006713,-0.986273,-0.050873,-0.157088,0.000000,0.000000,0.000000,-1,-0.985779,-0.053436,-0.156601,-0.052240,-0.008618,-0.016608,-21.446609,235.561249,-584.548157,0,0
0.400000,-1.413392,0.051040,-0.000712,0.156719,-0.050499,0.986351,0.000711,0.998698,0.051018,-0.987643,-0.007294,0.156551,0.019175,-0.649120,-0.016840,0.760258,-0.023605,-0.016277,-0.004214,0.000573,-0.002419,-0.000050,-0.986351,-0.051018,-0.156551,0.000000,0.000000,0.000000,-1,-0.984634,-0.050934,-0.156342,-0.040531,-0.009680,-0.016695,-22.149780,236.264420,-583.542603,0,0
0.440000,-1.414542,0.051302,-0.001764,0.155530,-0.050929,0.986517,0.001762,0.998683,0.051280,-0.987830,-0.006238,0.155415,0.018923,-0.649565,-0.017335,0.759873,-0.016183,-0.023722,-0.007441,0.001120,0.003108,-0.000377,-0.986517,-0.051280,-0.155415,0.000000,0.000000,0.000000,-1,-0.987274,-0.049667,-0.153885,-0.040549,-0.013936,-0.018809,-20.919235,235.737030,-585.050903,0,0
0.480000,-1.415264,0.051399,-0.002214,0.154794,-0.051099,0.986624,0.002211,0.998677,0.051376,-0.987944,-0.005771,0.154702,0.018807,-0.649843,-0.017545,0.759634,-0.012982,-0.021605,-0.007473,0.003012,-0.000428,0.004830,-0.986624,-0.051376,-0.154702,0.000000,0.000000,0.000000,-1,-0.981644,-0.055176,-0.147369,-0.037348,-0.010769,-0.019911,-21.095032,235.561249,-584.548157,0,0
0.520000,-1.416124,0.051666,-0.002578,0.153925,-0.051424,0.986744,0.002574,0.998662,0.051643,-0.988079,-0.005409,0.153851,0.018783,-0.650170,-0.017778,0.759348,-0.011727,-0.015219,-0.008522,0.005100,-0.003532,0.006482,-0.986744,-0.051643,-0.153851,0.000000,0.000000,0.000000,-1,-0.983139,-0.055649,-0.152023,-0.037323,-0.002296,-0.019943,-21.973984,237.494949,-584.045410,0,0
0.560000,-1.416754,0.052197,-0.003250,0.153266,-0.052054,0.986813,0.003245,0.998633,0.052173,-0.988180,-0.004794,0.153225,0.018761,-0.650412,-0.018211,0.759132,-0.006382,-0.008857,-0.007523,0.002255,0.002460,-0.001926,-0.986813,-0.052173,-0.153225,0.000000,0.000000,0.000000,-1,-0.985138,-0.048386,-0.153854,-0.033064,-0.003347,-0.018907,-20.216064,236.440201,-584.045410,0,0
0.600000,-1.417207,0.052294,-0.003442,0.152807,-0.052181,0.986877,0.003438,0.998627,0.052270,-0.988250,-0.004595,0.152777,0.018731,-0.650585,-0.018320,0.758981,-0.003205,-0.017301,-0.004320,-0.001144,-0.000723,0.002676,-0.986877,-0.052270,-0.152777,0.000000,0.000000,0.000000,-1,-0.985703,-0.050964,-0.143219,-0.023494,-0.011773,-0.013623,-21.973984,234.330704,-584.380615,0,0
0.640000,-1.418050,0.052333,-0.003411,0.151976,-0.052219,0.987004,0.003406,0.998625,0.052309,-0.988378,-0.004588,0.151945,0.018748,-0.650904,-0.018329,0.758707,0.001056,-0.017295,-0.003287,0.001301,0.001345,0.008726,-0.987004,-0.052309,-0.151945,0.000000,0.000000,0.000000,-1,-0.982361,-0.049484,-0.148987,-0.024542,-0.004378,-0.015773,-20.391861,236.264420,-582.537109,0,0
0.680000,-1.418740,0.052464,-0.003432,0.151292,-0.052354,0.987102,0.003427,0.998618,0.052439,-0.988483,-0.004550,0.151262,0.018784,-0.651165,-0.018386,0.758481,-0.003014,-0.007751,-0.006433,0.002650,0.000331,0.002932,-0.987102,-0.052439,-0.151262,0.000000,0.000000,0.000000,-1,-0.985138,-0.046387,-0.151031,-0.030911,0.001978,-0.015748,-20.919235,237.494949,-584.715759,0,0
0.720000,-1.419241,0.052415,-0.003773,0.150780,-0.052360,0.987180,0.003767,0.998620,0.052391,-0.988560,-0.004180,0.150769,0.018650,-0.651358,-0.018504,0.758315,-0.004095,-0.014096,-0.005334,0.001294,0.003487,-0.000446,-0.987180,-0.052391,-0.150769,0.000000,0.000000,0.000000,-1,-0.983185,-0.055161,-0.152512,-0.026682,-0.009654,-0.013606,-20.743439,235.209656,-585.218506,0,0
0.760000,-1.419694,0.052471,-0.003786,0.150330,-0.052419,0.987245,0.003780,0.998617,0.052447,-0.988629,-0.004152,0.150321,0.018663,-0.651530,-0.018531,0.758167,0.003350,-0.018314,-0.003245,0.004060,-0.002714,-0.002191,-0.987245,-0.052447,-0.150321,0.000000,0.000000,0.000000,-1,-0.985550,-0.054550,-0.143997,-0.020296,-0.009665,-0.014721,-22.325577,236.088623,-584.380615,0,0
0.800000,-1.420977,0.052894,-0.003478,0.149076,-0.052796,0.987415,0.003473,0.998595,0.052869,-0.988820,-0.004452,0.149050,0.018912,-0.652010,-0.018565,0.757747,0.003371,-0.014051,-0.000067,0.000751,-0.001223,0.006442,-0.987415,-0.052869,-0.149050,0.000000,0.000000,0.000000,-1,-0.984436,-0.052383,-0.147766,-0.024544,-0.008575,-0.011496,-20.743439,236.615997,-584.213013,0,0
0.840000,-1.421449,0.052826,-0.003400,0.148615,-0.052720,0.987489,0.003395,0.998599,0.052802,-0.988889,-0.004495,0.148586,0.018907,-0.652188,-0.018517,0.757595,0.005636,-0.015059,-0.000023,0.003266,0.003485,-0.000813,-0.987489,-0.052802,-0.148586,0.000000,0.000000,0.000000,-1,-0.983902,-0.049606,-0.151230,-0.014958,-0.008568,-0.010505,-21.270828,235.737030,-583.710205,0,0
0.880000,-1.421891,0.052678,-0.003084,0.148194,-0.052528,0.987562,0.003079,0.998608,0.052654,-0.988953,-0.004762,0.148150,0.018950,-0.652354,-0.018353,0.757455,0.013085,-0.017169,0.000994,0.003660,0.003047,-0.003080,-0.987562,-0.052654,-0.148150,0.000000,0.000000,0.000000,-1,-0.979752,-0.053177,-0.144028,-0.010719,-0.014924,-0.010514,-19.864487,236.088623,-583.375061,0,0
0.920000,-1.423042,0.053009,-0.001925,0.147116,-0.052690,0.987715,0.001923,0.998594,0.052984,-0.989117,-0.005896,0.147010,0.019443,-0.652776,-0.018034,0.757087,0.026930,-0.009827,-0.006598,0.007368,-0.004450,0.004875,-0.987715,-0.052984,-0.147010,0.000000,0.000000,0.000000,-1,-0.979660,-0.054031,-0.147552,0.004221,0.002999,-0.019220,-20.743439,237.319168,-583.877808,0,0
0.960000,-1.422980,0.053332,-0.000978,0.147227,-0.052870,0.987689,0.000977,0.998578,0.053307,-0.989102,-0.006884,0.147069,0.019875,-0.652741,-0.017780,0.757112,0.037644,0.011364,-0.005696,0.002825,0.003747,-0.001780,-0.987689,-0.053307,-0.147069,0.000000,0.000000,0.000000,-1,-0.982544,-0.051468,-0.146805,0.012811,0.025258,-0.017239,-22.501373,236.615997,-584.883362,0,0
1.000000,-1.422261,0.053778,0.000421,0.148012,-0.053098,0.987559,-0.000420,0.998554,0.053752,-0.988985,-0.008371,0.147776,0.020507,-0.652450,-0.017389,0.757354,0.032406,0.012434,-0.009873,0.005687,-0.001530,-0.003729,-0.987559,-0.053752,-0.147776,0.000000,0.000000,0.000000,-1,-0.981857,-0.057053,-0.150223,0.002111,0.011453,-0.021366,-21.270828,235.737030,-584.380615,0,0
1.040000,-1.421829,0.054291,0.001173,0.148480,-0.053489,0.987468,-0.001171,0.998526,0.054264,-0.988915,-0.009214,0.148198,0.020950,-0.652275,-0.017267,0.757496,0.022797,0.001867,-0.007629,0.005611,-0.002789,-0.002025,-0.987468,-0.054264,-0.148198,0.000000,0.000000,0.000000,-1,-0.986237,-0.053543,-0.151169,-0.007425,0.017909,-0.010663,-21.095032,235.209656,-583.207458,0,0
1.080000,-1.421258,0.054248,0.002191,0.149099,-0.053290,0.987385,-0.002187,0.998527,0.054221,-0.988820,-0.010244,0.148763,0.021270,-0.652048,-0.016861,0.757692,0.018619,0.015785,0.008331,0.001423,-0.001656,-0.002070,-0.987385,-0.054221,-0.148763,0.000000,0.000000,0.000000,-1,-0.983780,-0.045975,-0.145737,-0.021213,0.029632,-0.003143,-20.216064,235.737030,-583.710205,0,0
1.120000,-1.420770,0.053789,0.002437,0.149593,-0.052795,0.987337,-0.002433,0.998551,0.053764,-0.988745,-0.010445,0.149248,0.021181,-0.651864,-0.016613,0.757858,0.004790,0.021073,0.007355,0.003557,0.007789,0.003511,-0.987337,-0.053764,-0.149248,0.000000,0.000000,0.000000,-1,-0.985321,-0.057251,-0.149551,-0.014843,0.025374,-0.005307,-21.798203,235.561249,-584.883362,0,0
1.160000,-1.420154,0.053700,0.003380,0.150251,-0.052559,0.987250,-0.003375,0.998553,0.053674,-0.988642,-0.011397,0.149856,0.021460,-0.651622,-0.016220,0.758067,0.023127,0.014771,0.007286,0.005560,-0.004828,0.007461,-0.987250,-0.053674,-0.149856,0.000000,0.000000,0.000000,-1,-0.984360,-0.057968,-0.141037,-0.003123,0.024351,-0.001132,-21.446609,235.912827,-585.218506,0,0
1.200000,-1.419959,0.053573,0.004364,0.150496,-0.052283,0.987227,-0.004357,0.998556,0.053548,-0.988601,-0.012360,0.150051,0.021734,-0.651538,-0.015804,0.758140,0.019974,0.021201,0.015807,-0.001039,-0.004420,0.005169,-0.987227,-0.053548,-0.150051,0.000000,0.000000,0.000000,-1,-0.986145,-0.057449,-0.149353,-0.009498,0.024402,0.004243,-20.743439,235.561249,-584.883362,0,0
1.240000,-1.419519,0.053353,0.004921,0.150958,-0.051977,0.987173,-0.004914,0.998565,0.053328,-0.988528,-0.012902,0.150486,0.021835,-0.651368,-0.015516,0.758289,0.015673,0.011621,0.010549,0.003194,0.001402,-0.002407,-0.987173,-0.053328,-0.150486,0.000000,0.000000,0.000000,-1,-0.985062,-0.049850,-0.157684,-0.015957,0.012625,-0.009511,-20.216064,235.737030,-583.375061,0,0
1.280000,-1.418813,0.053098,0.005343,0.151677,-0.051651,0.987080,-0.005335,0.998576,0.053073,-0.988416,-0.013316,0.151186,0.021881,-0.651098,-0.015265,0.758525,0.008264,0.006304,0.000027,0.003880,0.006549,-0.007826,-0.987080,-0.053073,-0.151186,0.000000,0.000000,0.000000,-1,-0.970123,-0.036102,-0.160751,-0.032987,0.012649,-0.007249,-21.446609,235.912827,-585.218506,0,0
1.320000,-1.417969,0.051924,0.004969,0.152486,-0.050539,0.987013,-0.004962,0.998640,0.051901,-0.988293,-0.012812,0.152028,0.021321,-0.650793,-0.015016,0.758807,-0.026865,0.002160,0.008845,0.018446,0.016607,-0.005107,-0.987013,-0.051901,-0.152028,0.000000,0.000000,0.000000,-1,-0.974014,-0.037674,-0.151993,-0.078756,0.015858,-0.004775,-19.337112,234.154907,-584.548157,0,0
1.360000,-1.417339,0.050511,0.003560,0.153032,-0.049352,0.986988,-0.003555,0.998718,0.050490,-0.988215,-0.011235,0.152660,0.020331,-0.650582,-0.015084,0.759014,-0.058800,0.009535,0.003745,0.005879,0.015746,-0.003773,-0.986988,-0.050490,-0.152660,0.000000,0.000000,0.000000,-1,-0.991104,-0.030411,-0.156815,-0.103271,0.015765,-0.015238,-20.567657,237.494949,-584.715759,0,0
1.400000,-1.416454,0.048326,-0.000501,0.153706,-0.047810,0.986959,0.000501,0.998832,0.048307,-0.988116,-0.006931,0.153551,0.018187,-0.650303,-0.015907,0.759291,-0.100343,-0.000984,0.010510,-0.001444,0.020307,-0.013884,-0.986959,-0.048307,-0.153551,0.000000,0.000000,0.000000,-1,-1.008438,-0.021347,-0.164703,-0.136293,0.001054,-0.003208,-20.743439,236.615997,-583.877808,0,0
1.440000,-1.416345,0.046025,-0.005224,0.153598,-0.046264,0.987050,0.005218,0.998927,0.046009,-0.988120,-0.001916,0.153675,0.015779,-0.650318,-0.016950,0.759309,-0.126048,-0.033995,-0.009397,-0.029353,0.017765,-0.011273,-0.987050,-0.046009,-0.153675,0.000000,0.000000,0.000000,-1,-0.993805,-0.043106,-0.149124,-0.135426,-0.053091,-0.016861,-20.391861,236.615997,-583.207458,0,0
1.480000,-1.418859,0.045234,-0.009571,0.150919,-0.046144,0.987469,0.009561,0.998931,0.045219,-0.988500,0.002617,0.151199,0.014042,-0.651309,-0.018361,0.758461,-0.102614,-0.084706,-0.004005,-0.004337,0.000404,0.006210,-0.987469,-0.045219,-0.151199,0.000000,0.000000,0.000000,-1,-1.003403,-0.061493,-0.134827,-0.111044,-0.090147,-0.014781,-20.216064,236.440201,-584.715759,0,0
1.520000,-1.424773,0.045712,-0.013397,0.144886,-0.047155,0.988324,0.013382,0.998866,0.045696,-0.989358,0.006605,0.145353,0.012918,-0.653572,-0.020006,0.756489,-0.055796,-0.104741,0.007418,-0.017978,-0.017857,0.011625,-0.988324,-0.045696,-0.145353,0.000000,0.000000,0.000000,-1,-0.994232,-0.064316,-0.123520,-0.073716,-0.087831,0.007293,-21.446609,235.561249,-583.207458,0,0
1.560000,-1.428194,0.045746,-0.014326,0.141456,-0.047297,0.988814,0.014311,0.998851,0.045730,-0.989841,0.007682,0.141971,0.012593,-0.654871,-0.020390,0.755361,-0.015126,-0.053713,0.029277,-0.001359,-0.018357,0.026370,-0.988814,-0.045730,-0.141971,0.000000,0.000000,0.000000,-1,-0.994568,-0.066208,-0.114258,0.004349,0.009758,0.024432,-22.852951,236.615997,-583.877808,0,0
1.600000,-1.428649,0.044716,-0.012921,0.141086,-0.046077,0.988925,0.012907,0.998917,0.044701,-0.989913,0.006458,0.141528,0.012659,-0.655039,-0.019525,0.755237,0.045869,0.018616,0.063685,-0.005292,-0.028801,0.020495,-0.988925,-0.044701,-0.141528,0.000000,0.000000,0.000000,-1,-0.991745,-0.086395,-0.135834,0.017373,0.041041,0.086003,-20.567657,237.143372,-583.710205,0,0
1.640000,-1.426989,0.041115,-0.009469,0.142921,-0.042034,0.988841,0.009461,0.999110,0.041104,-0.989689,0.003480,0.143191,0.012444,-0.654408,-0.017032,0.755848,0.083955,0.097198,0.190975,-0.028691,-0.040653,0.014712,-0.988841,-0.041104,-0.143191,0.000000,0.000000,0.000000,-1,-1.030472,-0.077423,-0.108154,0.105339,0.154471,0.212734,-21.798203,237.319168,-582.872314,0,0
1.680000,-1.423615,0.036024,-0.003423,0.146528,-0.036129,0.988547,0.003421,0.999345,0.036016,-0.989201,-0.001895,0.146555,0.012520,-0.653120,-0.013061,0.757038,0.214554,0.243220,0.293805,-0.043955,-0.034708,0.041224,-0.988547,-0.036016,-0.146555,0.000000,0.000000,0.000000,-1,-1.027847,-0.048538,-0.136475,0.200989,0.345205,0.338050,-20.743439,236.615997,-584.548157,0,0
1.720000,-1.415436,0.027709,0.004814,0.154866,-0.026626,0.987576,-0.004812,0.999605,0.027705,-0.987924,-0.009042,0.154677,0.012091,-0.650012,-0.007178,0.759794,0.216177,0.366761,0.367896,-0.040271,-0.020833,0.018202,-0.987577,-0.027705,-0.154677,0.000000,0.000000,0.000000,-1,-1.010056,-0.021744,-0.194565,0.162786,0.364536,0.365973,-20.391861,238.373917,-587.229614,0,0
1.760000,-1.397724,0.006797,0.018046,0.172302,-0.003587,0.985038,-0.018045,0.999814,0.006797,-0.984879,-0.018946,0.172205,0.008407,-0.643294,0.004721,0.765559,0.088753,0.126391,0.371915,0.015891,-0.000070,-0.051260,-0.985038,-0.006797,-0.172205,0.000000,0.000000,0.000000,-1,-0.954041,-0.003647,-0.215317,0.026523,0.050710,0.329854,-19.864487,237.846542,-586.726807,0,0
1.800000,-1.397132,-0.002310,0.020503,0.172710,0.005817,0.984955,-0.020502,0.999787,-0.002310,-0.984759,-0.019794,0.172793,0.005708,-0.643095,0.008593,0.765717,-0.012222,-0.081096,0.266943,0.061433,-0.002539,-0.015455,-0.984955,0.002310,-0.172793,0.000000,0.000000,0.000000,-1,-0.921463,0.006638,-0.145676,-0.051109,-0.149759,0.183128,-20.919235,237.494949,-585.386108,0,0
1.840000,-1.403347,-0.009916,0.021312,0.166422,0.013326,0.985965,-0.021310,0.999724,-0.009915,-0.985824,-0.019360,0.166660,0.003092,-0.645492,0.011339,0.763676,0.018393,-0.162604,0.146694,0.058169,0.001315,0.034961,-0.985965,0.009915,-0.166660,0.000000,0.000000,0.000000,-1,-0.947174,0.014404,-0.114197,0.046862,-0.077462,0.100067,-19.688690,239.077087,-585.888855,0,0
1.880000,-1.407038,-0.014685,0.025918,0.162597,0.018708,0.986515,-0.025912,0.999556,-0.014685,-0.986352,-0.023175,0.163010,0.002784,-0.646906,0.014631,0.762424,0.093300,0.002144,0.096491,0.014286,-0.007788,0.009033,-0.986515,0.014685,-0.163010,0.000000,0.000000,0.000000,-1,-0.953278,0.000671,-0.171356,0.057704,0.002853,0.080506,-20.919235,237.846542,-585.050903,0,0
1.920000,-1.407078,-0.016463,0.028753,0.162453,0.020921,0.986494,-0.028746,0.999451,-0.016462,-0.986297,-0.025683,0.162965,0.003024,-0.646922,0.016287,0.762376,0.073977,-0.026712,0.067983,0.039565,-0.010114,-0.012373,-0.986494,0.016462,-0.162965,0.000000,0.000000,0.000000,-1,-0.981583,0.015610,-0.170837,0.045762,-0.032559,0.030662,-19.864487,238.549713,-583.375061,0,0
1.960000,-1.408423,-0.017676,0.031995,0.161020,0.022605,0.986692,-0.031984,0.999332,-0.017675,-0.986433,-0.028713,0.161636,0.003622,-0.647433,0.017912,0.761904,0.081291,-0.043983,0.032835,0.003751,-0.003240,-0.004517,-0.986692,0.017675,-0.161636,0.000000,0.000000,0.000000,-1,-0.980881,0.010559,-0.164749,0.055326,-0.021108,0.009238,-19.688690,238.725494,-584.883362,0,0
2.000000,-1.409550,-0.017793,0.036047,0.159811,0.023336,0.986872,-0.036033,0.999192,-0.017792,-0.986490,-0.032717,0.160523,0.004900,-0.647854,0.019491,0.761500,0.070681,-0.017659,0.015773,0.004435,-0.012192,-0.005752,-0.986872,0.017792,-0.160523,0.000000,0.000000,0.000000,-1,-0.977341,0.003738,-0.162827,0.037262,-0.007354,0.007196,-19.864487,239.252869,-584.715759,0,0
2.040000,-1.409742,-0.017709,0.037972,0.159580,0.023554,0.986904,-0.037957,0.999122,-0.017708,-0.986455,-0.034634,0.160334,0.005557,-0.647921,0.020196,0.761419,0.057939,-0.006005,0.015825,0.007671,-0.011193,-0.000463,-0.986904,0.017708,-0.160334,0.000000,0.000000,0.000000,-1,-0.984787,0.011154,-0.166107,0.028790,0.015860,-0.002413,-21.095032,239.428665,-585.218506,0,0
2.080000,-1.408966,-0.016996,0.040233,0.160320,0.023240,0.986791,-0.040216,0.999046,-0.016995,-0.986245,-0.036960,0.161102,0.006553,-0.647616,0.020828,0.761654,0.053703,0.010837,0.004072,0.002188,-0.005139,-0.006485,-0.986791,0.016995,-0.161102,0.000000,0.000000,0.000000,-1,-0.980453,0.023422,-0.165131,0.019159,0.008350,-0.012964,-20.040283,238.725494,-585.218506,0,0
2.120000,-1.408314,-0.017084,0.042055,0.160917,0.023645,0.986685,-0.042037,0.998970,-0.017083,-0.986072,-0.038728,0.161745,0.007103,-0.647362,0.021553,0.761845,0.039802,0.000154,-0.006431,0.004919,0.006049,-0.002119,-0.986685,0.017083,-0.161745,0.000000,0.000000,0.000000,-1,-0.984955,0.020447,-0.164078,0.007434,0.009353,-0.019269,-20.216064,239.604462,-586.056458,0,0
2.160000,-1.407903,-0.016880,0.043146,0.161305,0.023635,0.986622,-0.043127,0.998927,-0.016879,-0.985962,-0.039827,0.162151,0.007529,-0.647200,0.021904,0.761968,0.021715,0.007545,-0.009512,0.000507,0.002881,-0.002033,-0.986622,0.016879,-0.162151,0.000000,0.000000,0.000000,-1,-0.989166,0.019424,-0.165512,-0.015992,0.010398,-0.021221,-20.567657,238.198120,-585.050903,0,0
2.200000,-1.407654,-0.016667,0.043514,0.161551,0.023495,0.986585,-0.043494,0.998915,-0.016667,-0.985905,-0.040218,0.162397,0.007726,-0.647103,0.021977,0.762047,0.004646,0.000096,-0.013611,-0.002047,0.003368,-0.001910,-0.986585,0.016667,-0.162397,0.000000,0.000000,0.000000,-1,-0.983871,0.019363,-0.161697,-0.022395,0.008252,-0.024360,-19.337112,239.428665,-586.559204,0,0
2.240000,-1.407801,-0.016180,0.043580,0.161425,0.023020,0.986616,-0.043560,0.998920,-0.016180,-0.985923,-0.040366,0.162253,0.007935,-0.647156,0.021844,0.762004,-0.001715,0.008579,-0.012527,0.005965,0.000193,0.008658,-0.986616,0.016180,-0.162253,0.000000,0.000000,0.000000,-1,-0.982895,0.014328,-0.155823,-0.033014,0.016738,-0.023244,-20.040283,239.077087,-585.218506,0,0
2.280000,-1.407862,-0.015733,0.043253,0.161391,0.022523,0.986634,-0.043235,0.998941,-0.015732,-0.985943,-0.040118,0.162194,0.008001,-0.647178,0.021574,0.761992,-0.013425,0.011727,-0.015645,-0.000702,-0.002243,0.006020,-0.986633,0.015732,-0.162194,0.000000,0.000000,0.000000,-1,-0.989182,0.011108,-0.160156,-0.049000,0.014594,-0.026308,-20.040283,239.077087,-585.218506,0,0
2.320000,-1.407836,-0.015029,0.042326,0.161467,0.021681,0.986640,-0.042309,0.998992,-0.015028,-0.985971,-0.039317,0.162221,0.007969,-0.647168,0.020993,0.762017,-0.025171,0.002177,-0.017650,0.000510,-0.002119,-0.000910,-0.986640,0.015028,-0.162221,0.000000,0.000000,0.000000,-1,-0.988510,0.015503,-0.161301,-0.053287,0.011349,-0.033720,-20.743439,237.319168,-585.888855,0,0
2.360000,-1.407730,-0.014192,0.040791,0.161639,0.020612,0.986635,-0.040776,0.999068,-0.014192,-0.986007,-0.037937,0.162329,0.007790,-0.647128,0.020138,0.762075,-0.031568,0.007385,-0.027208,0.002885,0.001327,0.000387,-0.986635,0.014192,-0.162329,0.000000,0.000000,0.000000,-1,-0.982681,0.013977,-0.164520,-0.058610,0.016586,-0.040090,-20.216064,238.549713,-585.721313,0,0
2.400000,-1.407397,-0.013439,0.039684,0.162019,0.019703,0.986591,-0.039670,0.999122,-0.013439,-0.985990,-0.036961,0.162658,0.007715,-0.647002,0.019475,0.762201,-0.035848,0.003121,-0.030355,0.003147,-0.001217,-0.003708,-0.986591,0.013439,-0.162658,0.000000,0.000000,0.000000,-1,-0.985947,0.008057,-0.163651,-0.066110,0.003849,-0.043180,-22.325577,238.901291,-585.050903,0,0
2.440000,-1.407326,-0.012519,0.038377,0.162149,0.018587,0.986591,-0.038365,0.999185,-0.012519,-0.986020,-0.035820,0.162730,0.007642,-0.646975,0.018679,0.762244,-0.037999,-0.003242,-0.031381,0.000644,-0.004462,-0.000920,-0.986591,0.012519,-0.162730,0.000000,0.000000,0.000000,-1,-0.985611,0.003342,-0.161774,-0.066115,0.003829,-0.045310,-21.446609,238.022339,-585.553711,0,0
2.480000,-1.407603,-0.009966,0.035668,0.162016,0.015621,0.986664,-0.035659,0.999314,-0.009966,-0.986144,-0.033569,0.162462,0.007742,-0.647077,0.016820,0.762200,-0.040135,0.004064,-0.043116,0.006943,-0.006700,0.001375,-0.986664,0.009966,-0.162462,0.000000,0.000000,0.000000,-1,-0.975830,0.006424,-0.161118,-0.065060,0.010076,-0.057061,-20.391861,238.373917,-584.548157,0,0
2.520000,-1.407542,-0.008491,0.034285,0.162148,0.013944,0.986668,-0.034278,0.999376,-0.008491,-0.986171,-0.032444,0.162524,0.007856,-0.647052,0.015816,0.762242,-0.038025,0.002945,-0.049522,0.006794,-0.004340,0.002124,-0.986668,0.008491,-0.162525,0.000000,0.000000,0.000000,-1,-0.990433,0.004105,-0.158981,-0.061864,0.014272,-0.061362,-20.040283,237.670746,-584.548157,0,0
2.560000,-1.407538,-0.006442,0.032551,0.162241,0.011643,0.986683,-0.032544,0.999450,-0.006442,-0.986214,-0.031066,0.162530,0.008076,-0.647047,0.014492,0.762270,-0.033749,0.009287,-0.050647,-0.006192,-0.002048,0.001764,-0.986683,0.006442,-0.162530,0.000000,0.000000,0.000000,-1,-0.991302,0.003494,-0.166962,-0.062920,0.015351,-0.059228,-20.391861,237.319168,-585.553711,0,0
2.600000,-1.407138,-0.005074,0.031271,0.162692,0.010098,0.986625,-0.031265,0.999498,-0.005074,-0.986181,-0.030021,0.162926,0.008180,-0.646893,0.013563,0.762417,-0.037989,0.009358,-0.043158,-0.004632,-0.001382,-0.005012,-0.986625,0.005074,-0.162926,0.000000,0.000000,0.000000,-1,-0.986877,0.007324,-0.166092,-0.077797,0.015463,-0.047394,-21.095032,238.725494,-585.553711,0,0
2.640000,-1.406647,-0.003971,0.028352,0.163237,0.008549,0.986550,-0.028348,0.999590,-0.003971,-0.986180,-0.027319,0.163412,0.007654,-0.646711,0.012096,0.762601,-0.063543,-0.000058,-0.031205,0.004403,0.003536,-0.001169,-0.986550,0.003971,-0.163412,0.000000,0.000000,0.000000,-1,-0.983337,0.004944,-0.164734,-0.093764,0.013388,-0.043001,-20.391861,238.373917,-585.553711,0,0
2.680000,-1.406432,-0.003550,0.026247,0.163477,0.007795,0.986516,-0.026244,0.999649,-0.003550,-0.986198,-0.025309,0.163624,0.007133,-0.646635,0.011157,0.762684,-0.068556,0.008553,-0.028996,0.003179,0.001394,-0.001110,-0.986516,0.003550,-0.163624,0.000000,0.000000,0.000000,-1,-0.983032,0.001755,-0.170364,-0.105460,0.014500,-0.037588,-19.512909,238.198120,-585.721313,0,0
2.720000,-1.405798,-0.002778,0.021345,0.164155,0.006245,0.986415,-0.021343,0.999768,-0.002778,-0.986204,-0.020597,0.164250,0.005839,-0.646406,0.009040,0.762918,-0.080306,-0.008337,-0.023516,0.005442,-0.004075,-0.004146,-0.986415,0.002778,-0.164250,0.000000,0.000000,0.000000,-1,-0.984268,-0.002380,-0.166245,-0.104444,-0.003486,-0.035398,-19.512909,239.252869,-584.380615,0,0
2.760000,-1.406001,-0.002214,0.018997,0.163980,0.005300,0.986449,-0.018995,0.999817,-0.002214,-0.986281,-0.018375,0.164050,0.005296,-0.646488,0.007962,0.762864,-0.072853,-0.008339,-0.023575,-0.002274,-0.005251,-0.000058,-0.986449,0.002214,-0.164050,0.000000,0.000000,0.000000,-1,-0.986053,-0.003632,-0.164124,-0.098025,0.003956,-0.032280,-21.095032,237.670746,-583.877808,0,0
2.800000,-1.406101,-0.001690,0.016810,0.163901,0.004423,0.986467,-0.016809,0.999857,-0.001690,-0.986334,-0.016304,0.163952,0.004789,-0.646530,0.006958,0.762842,-0.068546,0.001262,-0.016189,0.000413,-0.005322,-0.000172,-0.986467,0.001690,-0.163952,0.000000,0.000000,0.000000,-1,-0.982803,-0.003281,-0.167633,-0.089466,0.012486,-0.025986,-20.743439,238.373917,-584.548157,0,0
2.840000,-1.405565,-0.000850,0.013429,0.164454,0.003047,0.986380,-0.013428,0.999909,-0.000850,-0.986293,-0.013105,0.164480,0.004015,-0.646331,0.005398,0.763027,-0.039811,-0.001931,-0.017469,0.002814,-0.004970,-0.003504,-0.986380,0.000850,-0.164480,0.000000,0.000000,0.000000,-1,-0.984604,-0.003723,-0.167755,-0.061814,0.003986,-0.028299,-21.622406,239.604462,-584.715759,0,0
2.880000,-1.405357,-0.000307,0.012509,0.164669,0.002363,0.986346,-0.012509,0.999922,-0.000307,-0.986270,-0.012287,0.164685,0.003925,-0.646252,0.004872,0.763098,-0.020612,0.005519,-0.013386,0.004138,-0.004000,-0.002719,-0.986346,0.000307,-0.164685,0.000000,0.000000,0.000000,-1,-0.973450,-0.002899,-0.164825,-0.040481,0.016690,-0.028512,-20.216064,238.549713,-584.380615,0,0
2.920000,-1.404853,0.000603,0.011826,0.165179,0.001359,0.986263,-0.011826,0.999930,0.000603,-0.986193,-0.011763,0.165183,0.004050,-0.646059,0.004318,0.763265,-0.014259,0.005391,-0.027286,0.017513,-0.002907,0.001014,-0.986263,-0.000603,-0.165183,0.000000,0.000000,0.000000,-1,-0.975403,-0.003326,-0.167465,-0.034162,0.014334,-0.054120,-20.567657,239.604462,-584.715759,0,0
2.960000,-1.404458,0.001855,0.011394,0.165583,0.000057,0.986196,-0.011394,0.999933,0.001855,-0.986130,-0.011544,0.165572,0.004388,-0.645906,0.003750,0.763395,-0.002592,0.010458,-0.051899,0.010793,-0.001472,-0.001893,-0.986196,-0.001855,-0.165572,0.000000,0.000000,0.000000,-1,-0.984940,-0.003448,-0.168518,-0.024619,0.016282,-0.072312,-21.798203,239.780258,-583.207458,0,0
3.000000,-1.403779,0.004790,0.011111,0.166285,-0.002877,0.986074,-0.011110,0.999927,0.004790,-0.986015,-0.011752,0.166240,0.005416,-0.645640,0.002696,0.763618,0.009079,0.002974,-0.059418,0.012273,0.002380,-0.002735,-0.986074,-0.004790,-0.166240,0.000000,0.000000,0.000000,-1,-0.966461,-0.002258,-0.167892,-0.010851,0.002392,-0.085151,-20.391861,238.373917,-584.213013,0,0
3.040000,-1.403643,0.007747,0.011317,0.166451,-0.005755,0.986033,-0.011316,0.999906,0.007747,-0.985985,-0.012447,0.166371,0.006611,-0.645578,0.001820,0.763664,0.027054,-0.006915,-0.097871,0.014918,0.004222,-0.000057,-0.986033,-0.007747,-0.166371,0.000000,0.000000,0.000000,-1,-0.984116,-0.005066,-0.168167,0.003948,0.000945,-0.126807,-20.743439,238.725494,-587.564758,0,0
3.080000,-1.403779,0.012975,0.012026,0.166383,-0.010794,0.986002,-0.012024,0.999844,0.012974,-0.985988,-0.014015,0.166228,0.008836,-0.645607,0.000403,0.763619,0.033447,-0.007945,-0.094718,-0.004675,0.003361,-0.003374,-0.986002,-0.012974,-0.166228,0.000000,0.000000,0.000000,-1,-0.989944,-0.012344,-0.168762,0.004025,0.000181,-0.094846,-20.567657,237.494949,-583.710205,0,0
3.120000,-1.404119,0.015319,0.012551,0.166083,-0.013022,0.986026,-0.012549,0.999804,0.015318,-0.986032,-0.014918,0.165887,0.009900,-0.645723,-0.000155,0.763507,0.031350,-0.021437,-0.064822,-0.003827,0.001585,-0.000678,-0.986026,-0.015318,-0.165887,0.000000,0.000000,0.000000,-1,-0.986420,-0.012833,-0.157501,0.022113,-0.023957,-0.070393,-21.270828,237.494949,-584.715759,0,0
3.160000,-1.405286,0.017019,0.013636,0.164970,-0.014538,0.986191,-0.013634,0.999762,0.017019,-0.986204,-0.016253,0.164732,0.010900,-0.646154,-0.000296,0.763129,0.055835,-0.034026,-0.051114,-0.000228,0.004186,0.007231,-0.986192,-0.017019,-0.164732,0.000000,0.000000,0.000000,-1,-0.965500,-0.014084,-0.154022,0.040256,-0.018567,-0.059901,-20.567657,238.549713,-586.726807,0,0
3.200000,-1.406853,0.019505,0.015967,0.163497,-0.016634,0.986404,-0.015963,0.999682,0.019504,-0.986415,-0.018935,0.163179,0.012601,-0.646724,-0.000220,0.762620,0.072927,-0.005547,-0.063072,0.020904,0.005420,0.009157,-0.986404,-0.019504,-0.163179,0.000000,0.000000,0.000000,-1,-0.998947,-0.019150,-0.168472,0.048751,-0.007136,-0.083446,-21.798203,238.022339,-583.877808,0,0
3.240000,-1.407854,0.022869,0.019191,0.162626,-0.019447,0.986496,-0.019185,0.999554,0.022867,-0.986501,-0.022645,0.162180,0.014926,-0.647060,-0.000086,0.762293,0.071811,-0.042388,-0.038421,-0.012710,-0.001059,-0.004995,-0.986496,-0.022867,-0.162180,0.000000,0.000000,0.000000,-1,-0.986160,-0.018616,-0.145370,0.048907,-0.003416,-0.024869,-21.270828,238.549713,-584.715759,0,0
3.280000,-1.408834,0.023682,0.021407,0.161718,-0.019913,0.986636,-0.021399,0.999491,0.023680,-0.986605,-0.024943,0.161209,0.015953,-0.647411,0.000487,0.761974,0.088043,0.016172,-0.004675,0.000476,0.005064,0.015839,-0.986636,-0.023680,-0.161210,0.000000,0.000000,0.000000,-1,-0.998642,-0.007141,-0.157639,0.075695,0.038051,-0.007122,-20.743439,237.670746,-585.553711,0,0
3.320000,-1.407568,0.023024,0.026920,0.163057,-0.018334,0.986446,-0.026910,0.999373,0.023022,-0.986250,-0.030299,0.162461,0.017485,-0.646888,0.002812,0.762380,0.080643,0.042558,-0.014293,-0.006657,0.015484,-0.005141,-0.986446,-0.023022,-0.162461,0.000000,0.000000,0.000000,-1,-0.979691,-0.006165,-0.157532,0.058651,0.052686,-0.028351,-20.567657,238.901291,-584.380615,0,0
3.360000,-1.406257,0.023115,0.029218,0.164394,-0.018006,0.986230,-0.029206,0.999306,0.023113,-0.985962,-0.032603,0.163754,0.018260,-0.646366,0.003671,0.762800,0.065774,0.060507,-0.020631,0.009912,0.017680,0.006299,-0.986230,-0.023113,-0.163754,0.000000,0.000000,0.000000,-1,-0.980728,-0.003403,-0.169998,-0.012694,0.053724,-0.032063,-19.161316,237.143372,-585.386108,0,0
3.400000,-1.404545,0.022721,0.029605,0.166077,-0.017497,0.985958,-0.029593,0.999304,0.022719,-0.985669,-0.032950,0.165444,0.018232,-0.645713,0.003961,0.763352,-0.014253,0.003345,-0.018722,-0.002293,0.018385,-0.004798,-0.985958,-0.022719,-0.165444,0.000000,0.000000,0.000000,-1,-0.992294,-0.006424,-0.166504,-0.035265,-0.022460,-0.024145,-20.216064,235.737030,-585.050903,0,0
3.440000,-1.406732,0.022291,0.029362,0.163904,-0.017185,0.986327,-0.029351,0.999321,0.022289,-0.986040,-0.032602,0.163288,0.017994,-0.646554,0.003988,0.762646,0.008014,-0.040991,-0.001678,0.010588,-0.002232,0.024342,-0.986327,-0.022289,-0.163288,0.000000,0.000000,0.000000,-1,-0.977890,-0.046066,-0.129807,-0.019258,-0.020237,-0.012559,-20.216064,237.494949,-584.045410,0,0
3.480000,-1.408780,0.023468,0.029827,0.161928,-0.018337,0.986632,-0.029814,0.999280,0.023466,-0.986352,-0.033216,0.161264,0.018597,-0.647319,0.003766,0.761983,0.024121,0.000340,0.002296,0.000731,-0.028582,0.030161,-0.986632,-0.023466,-0.161264,0.000000,0.000000,0.000000,-1,-1.006104,-0.056107,-0.142792,0.029915,0.028648,0.006053,-20.743439,238.022339,-585.218506,0,0
3.520000,-1.408644,0.023820,0.031490,0.162103,-0.018411,0.986602,-0.031476,0.999221,0.023818,-0.986272,-0.034915,0.161397,0.019269,-0.647248,0.004286,0.762024,0.081779,0.036530,0.023015,-0.019501,-0.032289,0.018605,-0.986602,-0.023818,-0.161397,0.000000,0.000000,0.000000,-1,-0.979080,-0.039642,-0.158386,0.122686,0.062656,0.020120,-19.688690,236.264420,-585.218506,0,0
3.560000,-1.406904,0.024825,0.040813,0.164023,-0.017812,0.986296,-0.040789,0.998859,0.024822,-0.985613,-0.044301,0.163110,0.022662,-0.646476,0.007533,0.762560,0.167870,0.014997,-0.012731,0.014097,-0.008045,0.012857,-0.986296,-0.024822,-0.163110,0.000000,0.000000,0.000000,-1,-0.978348,-0.025955,-0.135956,0.138403,0.017724,-0.027773,-20.391861,236.967575,-586.224060,0,0
3.600000,-1.407383,0.026803,0.047822,0.163765,-0.018635,0.986323,-0.047786,0.998498,0.026799,-0.985341,-0.051522,0.162629,0.025683,-0.646549,0.009559,0.762380,0.207305,0.035024,-0.021635,0.009410,-0.002375,0.035813,-0.986323,-0.026799,-0.162629,0.000000,0.000000,0.000000,-1,-0.982590,-0.028870,-0.108337,0.215240,0.077007,-0.029656,-20.567657,236.791794,-586.056458,0,0
3.640000,-1.408185,0.028035,0.052409,0.163122,-0.019143,0.986420,-0.052364,0.998235,0.028032,-0.985215,-0.056226,0.161832,0.027640,-0.646777,0.010898,0.762100,0.242557,0.069993,-0.017779,0.003830,-0.000838,0.053494,-0.986420,-0.028032,-0.161832,0.000000,0.000000,0.000000,-1,-0.977234,-0.017380,-0.145981,0.230268,0.113063,-0.024581,-19.337112,236.615997,-585.218506,0,0
3.680000,-1.406511,0.029830,0.066913,0.165148,-0.018423,0.986097,-0.066833,0.997318,0.029826,-0.984002,-0.070830,0.163474,0.033000,-0.645890,0.015871,0.762552,0.222440,0.036148,-0.021688,-0.000872,0.024256,0.003989,-0.986097,-0.029826,-0.163474,0.000000,0.000000,0.000000,-1,-0.997406,-0.004166,-0.153183,0.179967,0.032522,-0.030281,-20.919235,237.846542,-585.386108,0,0
3.720000,-1.406790,0.029679,0.072777,0.164969,-0.017327,0.986147,-0.072680,0.996914,0.029674,-0.983617,-0.076569,0.163201,0.034838,-0.645899,0.018151,0.762411,0.185199,0.024728,0.003156,-0.021452,0.028866,0.016487,-0.986147,-0.029674,-0.163201,0.000000,0.000000,0.000000,-1,-1.011734,0.003479,-0.148392,0.163107,0.049936,0.019854,-19.688690,236.615997,-584.883362,0,0
3.760000,-1.405827,0.028763,0.080222,0.165968,-0.015117,0.986015,-0.080103,0.996372,0.028759,-0.982872,-0.083756,0.164154,0.036883,-0.645416,0.021303,0.762642,0.173660,0.044026,0.025571,-0.004112,0.027981,0.007065,-0.986015,-0.028759,-0.164154,0.000000,0.000000,0.000000,-1,-0.984344,-0.004333,-0.161697,0.098100,0.060208,-0.015901,-20.743439,238.022339,-585.888855,0,0
3.800000,-1.402642,0.028676,0.085577,0.169167,-0.013859,0.985490,-0.085437,0.995931,0.028672,-0.981877,-0.089048,0.167294,0.038541,-0.644102,0.023434,0.763608,0.058748,0.101953,-0.012098,0.002076,0.037782,-0.001315,-0.985490,-0.028672,-0.167294,0.000000,0.000000,0.000000,-1,-0.977356,0.047409,-0.181839,0.014208,0.135409,-0.017663,-20.919235,234.682281,-585.721313,0,0
3.840000,-1.398158,0.026397,0.086350,0.173385,-0.011089,0.984792,-0.086212,0.995927,0.026394,-0.981073,-0.089477,0.171723,0.037865,-0.642421,0.024549,0.765022,0.002492,0.146611,0.005233,0.002782,0.108485,-0.012761,-0.984566,-0.026270,-0.173030,0.000000,0.000000,0.000000,-1,-0.979370,0.094757,-0.165070,-0.109526,0.047679,-0.000395,-19.161316,236.440201,-586.726807,0,0
3.880000,-1.395480,0.023503,0.085094,0.175755,-0.008233,0.984400,-0.084968,0.996107,0.023501,-0.980760,-0.087772,0.174371,0.036322,-0.641479,0.025048,0.765871,-0.081930,0.040765,0.011627,0.005029,0.118258,0.009301,-0.984400,-0.023501,-0.174371,0.000000,0.000000,0.000000,-1,-0.966507,0.063797,-0.090332,-0.167285,-0.026594,-0.015648,-20.040283,237.670746,-585.553711,0,0
3.920000,-1.397645,0.021140,0.074421,0.173359,-0.007955,0.984827,-0.074336,0.997009,0.021139,-0.982049,-0.076872,0.172249,0.032018,-0.642534,0.021685,0.765281,-0.257751,0.020114,-0.052889,0.007547,0.074605,0.062661,-0.984827,-0.021139,-0.172249,0.000000,0.000000,0.000000,-1,-0.991669,0.065018,-0.130630,-0.306730,0.033270,-0.073384,-19.161316,237.143372,-585.721313,0,0
3.960000,-1.396873,0.021695,0.065574,0.174076,-0.009981,0.984682,-0.065512,0.997616,0.021694,-0.982551,-0.068285,0.173007,0.029381,-0.642365,0.018133,0.765621,-0.297266,0.005020,-0.082355,-0.016325,0.085369,0.046527,-0.984682,-0.021694,-0.173007,0.000000,0.000000,0.000000,-1,-1.015579,0.036621,-0.089691,-0.330448,-0.023322,-0.123058,-21.095032,236.264420,-586.224060,0,0
4.000000,-1.397358,0.023288,0.056068,0.173584,-0.013230,0.984730,-0.056024,0.998158,0.023286,-0.983224,-0.059210,0.172523,0.026940,-0.642660,0.013975,0.765550,-0.314510,-0.029262,-0.124706,-0.030849,0.059907,0.082832,-0.984730,-0.023286,-0.172523,0.000000,0.000000,0.000000,-1,-1.017960,-0.004593,-0.106812,-0.374139,-0.001454,-0.164349,-19.688690,236.615997,-585.553711,0,0
4.040000,-1.399060,0.026043,0.040975,0.171801,-0.018635,0.984955,-0.040950,0.998822,0.026040,-0.984280,-0.044808,0.170835,0.023150,-0.643464,0.007292,0.765091,-0.402887,0.018916,-0.183853,-0.033004,0.021447,0.064024,-0.984955,-0.026040,-0.170835,0.000000,0.000000,0.000000,-1,-1.010818,-0.000153,-0.123230,-0.492303,0.051021,-0.219026,-20.567657,236.791794,-586.391663,0,0
4.080000,-1.396575,0.031072,0.016077,0.173810,-0.027806,0.984387,-0.016068,0.999388,0.031067,-0.984648,-0.021217,0.173257,0.017066,-0.642713,-0.003831,0.765907,-0.492046,0.137264,-0.214492,-0.003742,0.029709,0.020227,-0.984387,-0.031067,-0.173257,0.000000,0.000000,0.000000,-1,-0.971634,-0.014877,-0.195496,-0.544134,0.172736,-0.229733,-19.864487,234.682281,-586.056458,0,0
4.120000,-1.389268,0.035773,-0.006017,0.180318,-0.036264,0.982940,0.006013,0.999342,0.035766,-0.983590,-0.000539,0.180418,0.011816,-0.640040,-0.013760,0.768127,-0.547450,0.140281,-0.233247,0.021758,0.007918,-0.025546,-0.982940,-0.035766,-0.180418,0.000000,0.000000,0.000000,-1,-0.906570,-0.067169,-0.216843,-0.569789,0.145136,-0.236888,-21.270828,236.088623,-586.391663,0,0
4.160000,-1.381194,0.041735,-0.033329,0.186999,-0.047233,0.981224,0.033294,0.998574,0.041723,-0.981796,0.024867,0.188304,0.005470,-0.637038,-0.026132,0.770370,-0.439862,0.118448,-0.187128,0.130104,-0.076289,-0.027607,-0.981224,-0.041723,-0.188305,0.000000,0.000000,0.000000,-1,-0.802658,-0.187546,-0.199707,-0.406864,0.107469,-0.183679,-23.028748,233.979111,-586.056458,0,0
4.200000,-1.377447,0.044672,-0.044093,0.190028,-0.052252,0.980387,0.044035,0.998031,0.044658,-0.980791,0.034685,0.191955,0.003232,-0.635619,-0.031207,0.771365,-0.255547,0.129308,-0.154507,0.182291,-0.173345,-0.001923,-0.980387,-0.044658,-0.191955,0.000000,0.000000,0.000000,-1,-0.898819,-0.234833,-0.220428,-0.128737,0.219274,-0.228868,-20.567657,236.088623,-587.397156,0,0
4.240000,-1.367395,0.053045,-0.049557,0.199182,-0.061870,0.978008,0.049467,0.997368,0.053020,-0.978713,0.037819,0.201718,0.004908,-0.631757,-0.035947,0.774317,0.012082,0.382006,-0.312002,0.017772,-0.175435,-0.039127,-0.978008,-0.053020,-0.201718,0.000000,0.000000,0.000000,-1,-1.033203,-0.198502,-0.263214,-0.020747,0.446095,-0.324304,-20.567657,235.033875,-587.062012,0,0
