0.000000,-1.635309,-0.397753,-0.411443,0.095503,0.380065,0.920016,0.368711,0.844994,-0.387347,-0.924625,0.376213,-0.059435,-0.278363,-0.672482,0.004139,0.685759,0.006680,0.008058,0.021603,0.004412,-0.004703,0.003065,-0.920016,0.387347,0.059435,0.000000,0.000000,0.000000,-1,-0.919098,0.381592,0.061325,-0.006336,-0.085833,0.029178,114.059113,244.642654,-756.687744,0,0
0.040000,-1.635028,-0.398232,-0.411561,0.095984,0.380353,0.919847,0.368737,0.844780,-0.387789,-0.924565,0.376403,-0.059165,-0.278554,-0.672302,0.004234,0.685857,-0.003929,0.016544,0.025933,0.002687,-0.005450,0.000772,-0.919847,0.387789,0.059165,0.000000,0.000000,0.000000,-1,-0.921234,0.385208,0.057953,-0.006323,-0.090068,0.033451,113.533493,244.118805,-756.186768,0,0
0.080000,-1.634503,-0.399148,-0.411607,0.096824,0.380922,0.919523,0.368633,0.844437,-0.388633,-0.924519,0.376596,-0.058659,-0.278857,-0.671988,0.004478,0.686040,0.008832,0.008997,0.028926,-0.002611,-0.002799,0.001354,-0.919523,0.388633,0.058659,0.000000,0.000000,0.000000,-1,-0.921341,0.385574,0.059708,0.011745,-0.092190,0.032198,113.883911,245.515762,-755.184753,0,0
0.120000,-1.633879,-0.400212,-0.410996,0.097559,0.381643,0.919147,0.367951,0.844283,-0.389613,-0.924713,0.376211,-0.058059,-0.278987,-0.671711,0.004988,0.686255,0.004553,0.011104,0.021516,-0.002728,-0.001414,0.001435,-0.919147,0.389613,0.058059,0.000000,0.000000,0.000000,-1,-0.921677,0.390137,0.062637,-0.009575,-0.094333,0.017551,113.708710,243.594940,-757.689819,0,0
0.160000,-1.633870,-0.400569,-0.411215,0.097782,0.381920,0.919008,0.368081,0.844074,-0.389942,-0.924638,0.376399,-0.058042,-0.279173,-0.671628,0.005041,0.686261,-0.010374,0.014264,0.009964,-0.002623,-0.000233,0.005007,-0.919008,0.389942,0.058042,0.000000,0.000000,0.000000,-1,-0.919312,0.389404,0.059113,-0.024487,-0.078446,0.007006,114.059113,245.341141,-755.685791,0,0
0.200000,-1.633492,-0.400645,-0.412147,0.098516,0.381749,0.919001,0.368856,0.843704,-0.390012,-0.924251,0.377401,-0.057693,-0.279510,-0.671357,0.004696,0.686390,-0.026361,0.017376,0.002628,0.001764,-0.001767,-0.000442,-0.919001,0.390012,0.057693,0.000000,0.000000,0.000000,-1,-0.917755,0.389648,0.056046,-0.031945,-0.089051,0.005009,113.883911,243.769562,-757.188782,0,0
0.240000,-1.633377,-0.400788,-0.413337,0.099128,0.381709,0.918952,0.369837,0.843213,-0.390144,-0.923793,0.378537,-0.057584,-0.279955,-0.671131,0.004324,0.686432,-0.015742,0.005712,0.001501,0.000449,0.002923,-0.000714,-0.918952,0.390144,0.057584,0.000000,0.000000,0.000000,-1,-0.918610,0.394302,0.059143,-0.017060,-0.093290,0.005928,113.358292,244.642654,-755.017761,0,0
0.280000,-1.633414,-0.400993,-0.413808,0.099350,0.381849,0.918869,0.370202,0.842965,-0.390333,-0.923623,0.378947,-0.057613,-0.280177,-0.671049,0.004242,0.686422,-0.014677,0.008891,0.001477,0.002152,0.003695,0.002476,-0.918869,0.390333,0.057613,0.000000,0.000000,0.000000,-1,-0.918121,0.391190,0.061691,-0.033009,-0.090111,0.005025,112.657471,243.944183,-756.019775,0,0
0.320000,-1.633682,-0.400937,-0.415244,0.099630,0.381760,0.918876,0.371421,0.842453,-0.390281,-0.923104,0.380173,-0.057860,-0.280641,-0.670948,0.003766,0.686335,-0.042332,0.018422,-0.003579,0.000510,-0.001060,0.004151,-0.918876,0.390281,0.057860,0.000000,0.000000,0.000000,-1,-0.920151,0.388672,0.062149,-0.055351,-0.084818,-0.000071,114.584732,246.563477,-757.188782,0,0
0.360000,-1.634655,-0.400329,-0.418658,0.099808,0.381281,0.919056,0.374391,0.841396,-0.389722,-0.921884,0.382984,-0.058770,-0.281594,-0.670887,0.002511,0.686009,-0.074286,0.003510,-0.005348,-0.000134,-0.003384,-0.000939,-0.919056,0.389722,0.058770,0.000000,0.000000,0.000000,-1,-0.921082,0.386612,0.068405,-0.094688,-0.097537,0.002548,112.832672,244.118805,-755.852783,0,0
0.400000,-1.635806,-0.399933,-0.421577,0.099794,0.381012,0.919169,0.377712,0.840127,-0.389255,-0.920530,0.386027,-0.060073,-0.282728,-0.670896,0.001203,0.685538,-0.083832,0.013056,-0.001033,-0.002752,-0.001285,0.000992,-0.919169,0.389255,0.060073,0.000000,0.000000,0.000000,-1,-0.917175,0.389374,0.058578,-0.075534,-0.089051,0.005489,113.533493,245.166519,-757.188782,0,0
0.440000,-1.636381,-0.399778,-0.424421,0.100208,0.380907,0.919167,0.379323,0.839421,-0.389214,-0.919822,0.387663,-0.060370,-0.283354,-0.670743,0.000578,0.685430,-0.038093,0.013065,0.004845,0.000847,0.000954,-0.001227,-0.919167,0.389214,0.060370,0.000000,0.000000,0.000000,-1,-0.920486,0.392868,0.060059,-0.023412,-0.089040,0.012361,112.482269,244.118805,-756.186768,0,0
0.480000,-1.635531,-0.400506,-0.424022,0.101113,0.381228,0.918935,0.378870,0.839314,-0.389884,-0.919909,0.387580,-0.059570,-0.283447,-0.670405,0.000859,0.685722,0.034219,0.016251,0.008291,-0.002131,0.005364,0.003006,-0.918935,0.389884,0.059570,0.000000,0.000000,0.000000,-1,-0.920441,0.390060,0.063858,0.024411,-0.091166,0.007588,113.883911,244.817276,-756.520752,0,0
0.520000,-1.635176,-0.400628,-0.423252,0.101192,0.381270,0.918909,0.378205,0.839562,-0.389996,-0.920175,0.387000,-0.059241,-0.283228,-0.670375,0.001117,0.685841,0.016106,0.003514,0.001102,-0.001898,-0.002484,0.008111,-0.918909,0.389996,0.059241,0.000000,0.000000,0.000000,-1,-0.923386,0.386002,0.065262,-0.026680,-0.113448,-0.003449,113.358292,244.642654,-756.687744,0,0
0.560000,-1.636365,-0.399823,-0.424476,0.100261,0.380933,0.919150,0.379361,0.839384,-0.389256,-0.919800,0.387717,-0.060354,-0.283386,-0.670723,0.000573,0.685436,-0.057391,-0.017753,-0.018251,-0.004128,-0.003468,0.006571,-0.919150,0.389256,0.060354,0.000000,0.000000,0.000000,-1,-0.920258,0.386948,0.068207,-0.069255,-0.120887,-0.014647,113.183090,245.865005,-756.186768,0,0
0.600000,-1.638675,-0.398478,-0.427714,0.098859,0.380383,0.919530,0.382294,0.838627,-0.388016,-0.918737,0.389889,-0.062513,-0.284053,-0.671245,-0.000698,0.684648,-0.041424,-0.005031,-0.015295,-0.000972,-0.002259,0.002459,-0.919530,0.388016,0.062513,0.000000,0.000000,0.000000,-1,-0.918015,0.385345,0.059128,-0.038380,-0.104971,-0.006549,112.482269,243.420319,-756.854797,0,0
0.640000,-1.639149,-0.397948,-0.428812,0.098639,0.380016,0.919706,0.383508,0.838350,-0.387415,-0.918257,0.390938,-0.063023,-0.284294,-0.671333,-0.001312,0.684461,-0.020115,-0.001833,-0.003845,-0.000127,-0.003702,-0.002431,-0.919749,0.387415,0.063023,0.000000,0.000000,0.000000,-1,-0.921631,0.384964,0.062164,-0.016020,-0.107077,0.002787,114.059113,244.991898,-756.687744,0,0
0.680000,-1.639359,-0.397780,-0.429096,0.098489,0.379930,0.919757,0.383565,0.838343,-0.387373,-0.918247,0.390939,-0.063160,-0.284300,-0.671382,-0.001328,0.684411,0.014914,-0.003942,0.003195,0.001224,-0.000364,0.000835,-0.919757,0.387373,0.063160,0.000000,0.000000,0.000000,-1,-0.920120,0.389130,0.065125,0.025490,-0.097520,0.012924,113.183090,244.468033,-755.184753,0,0
0.720000,-1.638483,-0.398534,-0.427014,0.098791,0.380424,0.919520,0.381698,0.838874,-0.388068,-0.918992,0.389317,-0.062334,-0.283836,-0.671271,-0.000465,0.684713,0.045787,-0.000749,0.013478,-0.003957,0.001565,0.004240,-0.919520,0.388068,0.062334,0.000000,0.000000,0.000000,-1,-0.921127,0.384659,0.063095,0.028660,-0.122965,0.013004,113.708710,245.341141,-754.349731,0,0
0.760000,-1.638678,-0.398602,-0.425701,0.098137,0.380686,0.919482,0.380585,0.839351,-0.388130,-0.919524,0.388031,-0.062512,-0.283416,-0.671514,0.000037,0.684649,0.019151,-0.017730,0.002145,-0.002042,-0.006462,-0.001370,-0.919482,0.388130,0.062512,0.000000,0.000000,0.000000,-1,-0.921494,0.384933,0.061584,0.016941,-0.118735,0.005668,113.183090,245.515762,-757.856812,0,0
0.800000,-1.638803,-0.398494,-0.425004,0.097716,0.380712,0.919516,0.380017,0.839654,-0.388030,-0.919803,0.387349,-0.062630,-0.283148,-0.671671,0.000254,0.684606,0.023412,-0.012428,0.003136,-0.002618,-0.001495,-0.001228,-0.919516,0.388030,0.062630,0.000000,0.000000,0.000000,-1,-0.916168,0.385452,0.063004,0.023337,-0.116608,0.009843,113.183090,243.420319,-756.520752,0,0
0.840000,-1.638982,-0.398792,-0.423601,0.097129,0.381168,0.919389,0.378792,0.840081,-0.388306,-0.920371,0.385973,-0.062787,-0.282770,-0.671889,0.000868,0.684548,0.027613,-0.006055,0.007278,0.002687,0.001434,0.002139,-0.919389,0.388306,0.062787,0.000000,0.000000,0.000000,-1,-0.914032,0.391479,0.063873,0.043577,-0.099634,0.016989,114.059113,245.341141,-757.355774,0,0
0.880000,-1.638004,-0.399806,-0.421385,0.097567,0.381857,0.919057,0.376768,0.840559,-0.389239,-0.921155,0.384248,-0.061861,-0.282342,-0.671724,0.001858,0.684884,0.079776,0.017288,0.020429,0.003087,0.004300,0.001952,-0.919057,0.389239,0.061861,0.000000,0.000000,0.000000,-1,-0.916779,0.392395,0.060287,0.084036,-0.079472,0.028153,113.183090,243.769562,-756.186768,0,0
0.920000,-1.636222,-0.400902,-0.418545,0.098534,0.382372,0.918740,0.374205,0.841235,-0.390249,-0.922096,0.382250,-0.060195,-0.281733,-0.671360,0.002978,0.685488,0.089366,0.025776,0.024541,0.003319,0.001719,0.000855,-0.918740,0.390249,0.060195,0.000000,0.000000,0.000000,-1,-0.915939,0.394180,0.057999,0.075543,-0.073108,0.030345,114.059113,246.388855,-757.355774,0,0
0.960000,-1.633563,-0.402321,-0.415923,0.100512,0.382811,0.918343,0.371774,0.841706,-0.391555,-0.922866,0.380772,-0.057717,-0.281302,-0.670617,0.004020,0.686386,0.008542,0.033183,0.016891,-0.000480,0.004838,-0.002282,-0.918343,0.391555,0.057717,0.000000,0.000000,0.000000,-1,-0.918915,0.393646,0.057465,-0.027635,-0.076309,0.017668,114.234329,244.468033,-754.850769,0,0
1.000000,-1.633036,-0.403002,-0.417074,0.101692,0.383065,0.918107,0.372635,0.841033,-0.392181,-0.922389,0.382000,-0.057217,-0.281902,-0.670179,0.003798,0.686569,-0.048976,0.016220,0.015432,-0.001724,0.003616,0.002201,-0.918107,0.392181,0.057217,0.000000,0.000000,0.000000,-1,-0.922623,0.395020,0.056671,-0.061652,-0.087967,0.021287,112.482269,245.865005,-755.852783,0,0
1.040000,-1.633210,-0.403408,-0.418976,0.102413,0.383278,0.917938,0.374169,0.840177,-0.392555,-0.921688,0.383666,-0.057366,-0.282666,-0.669912,0.003317,0.686517,-0.056420,0.023638,0.013353,-0.003235,0.003471,-0.000954,-0.917938,0.392555,0.057366,0.000000,0.000000,0.000000,-1,-0.917007,0.397903,0.049835,-0.053154,-0.076311,0.016886,111.956650,243.944183,-756.353760,0,0
1.080000,-1.632615,-0.404500,-0.420103,0.103801,0.383849,0.917543,0.374940,0.839363,-0.393560,-0.921220,0.384875,-0.056793,-0.283386,-0.669394,0.003243,0.686726,0.005233,-0.006040,0.016003,0.005052,0.007609,-0.007446,-0.917543,0.393560,0.056793,0.000000,0.000000,0.000000,-1,-0.917999,0.401794,0.051529,0.015943,-0.111290,0.021601,111.956650,245.690384,-757.021790,0,0
1.120000,-1.632240,-0.405625,-0.419183,0.104213,0.384743,0.917122,0.373987,0.839303,-0.394593,-0.921560,0.384114,-0.056423,-0.283431,-0.669237,0.003915,0.686858,0.024378,-0.001797,0.016840,-0.000740,0.003814,-0.001140,-0.917122,0.394593,0.056423,0.000000,0.000000,0.000000,-1,-0.918518,0.398499,0.055176,0.027643,-0.098569,0.020351,114.059113,244.642654,-756.353760,0,0
1.160000,-1.631530,-0.406321,-0.417894,0.104631,0.385188,0.916887,0.372794,0.839533,-0.395233,-0.921996,0.383163,-0.055755,-0.283219,-0.669077,0.004510,0.687097,0.052006,0.007741,0.016457,0.000139,0.003723,0.000123,-0.916887,0.395233,0.055755,0.000000,0.000000,0.000000,-1,-0.913651,0.396011,0.057846,0.056349,-0.091149,0.018937,112.832672,245.166519,-756.520752,0,0
1.200000,-1.629975,-0.407132,-0.414858,0.105196,0.385592,0.916653,0.370114,0.840368,-0.395977,-0.923011,0.380921,-0.054310,-0.282462,-0.668858,0.005627,0.687614,0.042390,0.003480,0.004882,0.003216,0.001346,0.003231,-0.916653,0.395977,0.054310,0.000000,0.000000,0.000000,-1,-0.915863,0.398560,0.058578,0.005268,-0.106008,0.008930,112.307053,244.642654,-757.355774,0,0
1.240000,-1.630249,-0.407353,-0.414669,0.104952,0.385902,0.916550,0.369920,0.840357,-0.396181,-0.923117,0.380630,-0.054556,-0.282467,-0.668947,0.005812,0.687523,-0.015029,-0.002886,0.004480,-0.002502,-0.000658,0.003962,-0.916550,0.396181,0.054556,0.000000,0.000000,0.000000,-1,-0.920670,0.393524,0.056412,-0.027697,-0.110250,0.008249,113.358292,245.341141,-756.687744,0,0
1.280000,-1.631044,-0.407099,-0.415612,0.104488,0.385893,0.916607,0.370753,0.840100,-0.395947,-0.922835,0.381207,-0.055291,-0.282701,-0.669123,0.005507,0.687259,-0.036326,-0.015619,-0.001612,-0.005054,-0.003842,0.000084,-0.916607,0.395947,0.055291,0.000000,0.000000,0.000000,-1,-0.922821,0.390503,0.055435,-0.042616,-0.125103,0.002098,111.606232,244.642654,-755.017761,0,0
1.320000,-1.633224,-0.405847,-0.417800,0.102856,0.385448,0.916979,0.372791,0.839739,-0.394797,-0.922197,0.382449,-0.057319,-0.283035,-0.669739,0.004609,0.686527,-0.042769,-0.033669,-0.014261,-0.006544,-0.006171,0.000084,-0.916979,0.394797,0.057319,0.000000,0.000000,0.000000,-1,-0.921158,0.391113,0.057983,-0.032040,-0.141023,-0.009648,113.358292,245.341141,-758.023804,0,0
1.360000,-1.635225,-0.404827,-0.418867,0.101042,0.385251,0.917263,0.373850,0.839709,-0.393860,-0.921969,0.382715,-0.059180,-0.283070,-0.670419,0.004156,0.685852,-0.010870,-0.036847,-0.012473,-0.004154,-0.004196,0.002832,-0.917263,0.393860,0.059180,0.000000,0.000000,0.000000,-1,-0.921219,0.389023,0.061340,-0.004381,-0.133597,-0.006795,113.358292,244.293411,-758.023804,0,0
1.400000,-1.636034,-0.404190,-0.418558,0.099940,0.385057,0.917465,0.373692,0.840053,-0.393274,-0.922153,0.382154,-0.059938,-0.282765,-0.670830,0.004144,0.685576,0.024225,-0.026245,-0.011846,-0.000793,-0.004801,0.000563,-0.917465,0.393274,0.059938,0.000000,0.000000,0.000000,-1,-0.914047,0.389572,0.064545,0.030710,-0.128294,-0.006142,113.183090,244.118805,-756.186768,0,0
1.440000,-1.636253,-0.403594,-0.416028,0.098543,0.384892,0.917686,0.371661,0.841210,-0.392726,-0.923124,0.379768,-0.060154,-0.281730,-0.671346,0.004826,0.685492,0.058253,-0.009285,-0.013363,0.000862,-0.001873,0.000789,-0.917686,0.392726,0.060154,0.000000,0.000000,0.000000,-1,-0.917191,0.393982,0.060349,0.054106,-0.109214,-0.008613,112.832672,244.118805,-757.188782,0,0
1.480000,-1.635605,-0.403424,-0.413479,0.098097,0.384754,0.917791,0.369542,0.842216,-0.392570,-0.924021,0.377673,-0.059564,-0.280823,-0.671506,0.005546,0.685702,0.055086,-0.010341,-0.008037,0.002234,0.002511,-0.001565,-0.917791,0.392570,0.059564,0.000000,0.000000,0.000000,-1,-0.918991,0.393448,0.058258,0.047744,-0.112386,-0.003210,113.007889,244.642654,-756.019775,0,0
1.520000,-1.635121,-0.403347,-0.411827,0.097880,0.384669,0.917850,0.368163,0.842853,-0.392499,-0.924595,0.376336,-0.059122,-0.280245,-0.671583,0.006017,0.685859,0.044446,-0.012465,-0.010037,-0.001171,0.001635,-0.004221,-0.917850,0.392499,0.059122,0.000000,0.000000,0.000000,-1,-0.916962,0.394028,0.055664,0.033911,-0.118751,-0.005156,112.832672,245.166519,-756.520752,0,0
1.560000,-1.635401,-0.402948,-0.409918,0.096740,0.384624,0.917990,0.366615,0.843698,-0.392132,-0.925329,0.374484,-0.059389,-0.279478,-0.672002,0.006565,0.685757,0.026341,-0.033675,-0.013996,-0.000009,0.002049,-0.002947,-0.917990,0.392132,0.059389,0.000000,0.000000,0.000000,-1,-0.917557,0.394989,0.059128,0.014738,-0.139963,-0.010168,112.307053,244.642654,-756.687744,0,0
1.600000,-1.637011,-0.402522,-0.409041,0.094758,0.384951,0.918060,0.365941,0.844172,-0.391740,-0.925801,0.373077,-0.060878,-0.279044,-0.672736,0.006936,0.685210,0.004000,-0.043220,-0.015832,0.001144,0.002960,0.000890,-0.918060,0.391740,0.060878,0.000000,0.000000,0.000000,-1,-0.916122,0.394043,0.062958,-0.003343,-0.145266,-0.011008,112.131851,245.166519,-757.188782,0,0
1.640000,-1.638376,-0.402155,-0.409079,0.093374,0.385147,0.918119,0.366030,0.844290,-0.391402,-0.925907,0.372606,-0.062141,-0.278938,-0.673249,0.006980,0.684749,-0.001337,-0.037936,-0.019027,0.002332,0.002259,0.002358,-0.918119,0.391402,0.062141,0.000000,0.000000,0.000000,-1,-0.923828,0.389938,0.063583,-0.005472,-0.133608,-0.014229,113.358292,244.293411,-757.021790,0,0
1.680000,-1.639263,-0.401392,-0.408980,0.092236,0.384844,0.918361,0.366066,0.844600,-0.390700,-0.926007,0.372217,-0.062976,-0.278663,-0.673673,0.006859,0.684445,0.006109,-0.027336,-0.020222,-0.009159,-0.000975,-0.000598,-0.918361,0.390700,0.062976,0.000000,0.000000,0.000000,-1,-0.921356,0.387787,0.065918,0.007280,-0.130431,-0.016511,113.708710,244.991898,-755.351746,0,0
1.720000,-1.640280,-0.400144,-0.407741,0.090362,0.384283,0.918783,0.365212,0.845500,-0.389551,-0.926528,0.370751,-0.063943,-0.277851,-0.674367,0.006969,0.684090,0.039072,-0.024156,-0.019538,0.000356,-0.001810,0.003439,-0.918783,0.389551,0.063943,0.000000,0.000000,0.000000,-1,-0.922897,0.387192,0.067261,0.044493,-0.130429,-0.015858,113.358292,244.293411,-756.687744,0,0
1.760000,-1.640746,-0.399411,-0.405953,0.088978,0.383997,0.919037,0.363813,0.846413,-0.388876,-0.927213,0.368959,-0.064391,-0.277018,-0.674875,0.007378,0.683923,0.063486,-0.047490,-0.025021,-0.002777,-0.002005,-0.000136,-0.919037,0.388876,0.064391,0.000000,0.000000,0.000000,-1,-0.918915,0.384995,0.066528,0.062533,-0.148461,-0.021294,112.482269,244.468033,-754.850769,0,0
1.800000,-1.640757,-0.398334,-0.402769,0.087355,0.383372,0.919454,0.361280,0.847953,-0.387883,-0.928357,0.366064,-0.064431,-0.275606,-0.675468,0.008076,0.683900,0.079434,-0.006164,-0.027560,0.000493,-0.004353,-0.000985,-0.919454,0.387883,0.064431,0.000000,0.000000,0.000000,-1,-0.919708,0.384171,0.065704,0.079575,-0.100753,-0.022760,114.059113,243.944183,-756.353760,0,0
1.840000,-1.639258,-0.397131,-0.398381,0.086637,0.382189,0.920014,0.357736,0.849959,-0.386775,-0.929795,0.362632,-0.063084,-0.273753,-0.675723,0.008932,0.684381,0.073087,0.000206,-0.020074,0.003815,-0.000956,0.005092,-0.920014,0.386775,0.063084,0.000000,0.000000,0.000000,-1,-0.915680,0.387161,0.069794,0.058353,-0.099677,-0.011894,113.358292,244.293411,-755.685791,0,0
1.880000,-1.638732,-0.396975,-0.396698,0.086428,0.382011,0.920107,0.356328,0.850616,-0.386631,-0.930355,0.361276,-0.062604,-0.273138,-0.675794,0.009379,0.684551,0.043360,0.008699,-0.010210,0.007525,0.001462,0.005648,-0.920107,0.386631,0.062604,0.000000,0.000000,0.000000,-1,-0.915588,0.386887,0.067734,0.029689,-0.093301,-0.002034,112.482269,244.817276,-756.520752,0,0
1.920000,-1.638509,-0.397080,-0.395794,0.086327,0.382098,0.920081,0.355543,0.850900,-0.386728,-0.930665,0.360514,-0.062397,-0.272866,-0.675827,0.009697,0.684622,0.010430,0.002347,-0.001308,0.004843,0.000724,0.004757,-0.920081,0.386728,0.062397,0.000000,0.000000,0.000000,-1,-0.917587,0.387161,0.064224,-0.002181,-0.089052,0.003617,113.533493,244.468033,-755.184753,0,0
1.960000,-1.637404,-0.397148,-0.396074,0.087486,0.381733,0.920123,0.355771,0.850776,-0.386790,-0.930469,0.361192,-0.061378,-0.272987,-0.675402,0.009475,0.684997,-0.009772,0.036255,-0.000232,0.002429,0.002279,-0.005287,-0.920123,0.386790,0.061378,0.000000,0.000000,0.000000,-1,-0.916382,0.391479,0.056854,-0.011711,-0.059360,0.007843,112.657471,244.642654,-756.353760,0,0
2.000000,-1.635940,-0.397586,-0.396112,0.089019,0.381572,0.920043,0.355739,0.850606,-0.387194,-0.930336,0.361762,-0.060020,-0.273145,-0.674835,0.009421,0.685493,0.001956,0.037328,0.008146,0.003142,0.005415,-0.003410,-0.920043,0.387194,0.060020,0.000000,0.000000,0.000000,-1,-0.916946,0.393250,0.060165,0.000009,-0.073129,0.017349,113.883911,246.912720,-756.854797,0,0
2.040000,-1.634711,-0.398561,-0.396206,0.090544,0.381946,0.919738,0.355673,0.850224,-0.388093,-0.930214,0.362265,-0.058865,-0.273489,-0.674267,0.009576,0.685912,-0.011850,0.029914,0.013653,0.003372,0.006133,0.000095,-0.919738,0.388093,0.058865,0.000000,0.000000,0.000000,-1,-0.916519,0.392426,0.056808,-0.023383,-0.081609,0.018709,112.832672,243.769562,-756.520752,0,0
2.080000,-1.633983,-0.399621,-0.397596,0.092129,0.382454,0.919370,0.356695,0.849349,-0.389069,-0.929667,0.363779,-0.058170,-0.274294,-0.673682,0.009385,0.686168,-0.028869,0.027791,0.011726,0.005003,0.006393,-0.005451,-0.919370,0.389069,0.058170,0.000000,0.000000,0.000000,-1,-0.916153,0.391022,0.052673,-0.027623,-0.076304,0.020859,113.708710,244.642654,-755.351746,0,0
2.120000,-1.633132,-0.400351,-0.398163,0.093397,0.382709,0.919136,0.357066,0.848885,-0.389741,-0.929398,0.364593,-0.057369,-0.274719,-0.673212,0.009339,0.686461,-0.012919,0.030983,0.023183,0.003563,0.001448,-0.005276,-0.919136,0.389741,0.057369,0.000000,0.000000,0.000000,-1,-0.916962,0.391937,0.055069,-0.012699,-0.065690,0.029157,113.533493,245.515762,-755.518738,0,0
2.160000,-1.631357,-0.401592,-0.398409,0.095583,0.383089,0.918753,0.357087,0.848351,-0.390884,-0.929168,0.365437,-0.055708,-0.275200,-0.672398,0.009461,0.687064,-0.005441,0.046896,0.029412,0.002371,0.001114,-0.001082,-0.918753,0.390884,0.055708,0.000000,0.000000,0.000000,-1,-0.919128,0.393784,0.056427,-0.011596,-0.055075,0.037606,113.007889,243.944183,-757.021790,0,0
2.200000,-1.630005,-0.403168,-0.399238,0.097719,0.383849,0.918211,0.357550,0.847485,-0.392334,-0.928767,0.366645,-0.054430,-0.275982,-0.671602,0.009563,0.687527,-0.020336,0.033110,0.029639,-0.002077,0.002349,0.006392,-0.918211,0.392334,0.054429,0.000000,0.000000,0.000000,-1,-0.914642,0.392029,0.054642,-0.035016,-0.074165,0.033696,113.358292,246.039612,-756.687744,0,0
2.240000,-1.629884,-0.403950,-0.400612,0.098638,0.384331,0.917911,0.358594,0.846711,-0.393054,-0.928268,0.367927,-0.054301,-0.276689,-0.671262,0.009358,0.687577,-0.050129,0.026739,0.024678,0.003268,-0.001025,0.000341,-0.917911,0.393054,0.054301,0.000000,0.000000,0.000000,-1,-0.923096,0.397018,0.054031,-0.058416,-0.074170,0.030763,113.358292,242.896454,-757.021790,0,0
2.280000,-1.629585,-0.404964,-0.402927,0.100170,0.384846,0.917529,0.360397,0.845511,-0.393985,-0.927405,0.370140,-0.054003,-0.277787,-0.670698,0.008888,0.687691,-0.043786,0.033122,0.029858,-0.006101,0.002743,0.003218,-0.917529,0.393985,0.054003,0.000000,0.000000,0.000000,-1,-0.917313,0.395554,0.056427,-0.043500,-0.067797,0.038016,112.482269,245.515762,-757.188782,0,0
2.320000,-1.628752,-0.406849,-0.405263,0.102522,0.385890,0.916830,0.362078,0.843983,-0.395717,-0.926493,0.372534,-0.053195,-0.279166,-0.669824,0.008653,0.687988,-0.039427,0.046941,0.055276,-0.010522,0.003041,0.004742,-0.916830,0.395717,0.053195,0.000000,0.000000,0.000000,-1,-0.923370,0.403763,0.049088,-0.045501,-0.049729,0.067740,113.183090,245.166519,-755.852783,0,0
2.360000,-1.627741,-0.408932,-0.406692,0.104766,0.387119,0.916059,0.362957,0.842705,-0.397630,-0.925898,0.374148,-0.052221,-0.280304,-0.668984,0.008775,0.688340,-0.037199,0.050161,0.081830,-0.007312,0.006133,-0.003133,-0.916059,0.397630,0.052221,0.000000,0.000000,0.000000,-1,-0.927628,0.411102,0.040314,-0.037951,-0.054985,0.097465,113.183090,245.515762,-758.524780,0,0
2.400000,-1.625636,-0.413549,-0.407553,0.108721,0.390117,0.914324,0.362951,0.840699,-0.401862,-0.925444,0.375545,-0.050192,-0.282052,-0.667490,0.009856,0.689062,-0.000878,0.045993,0.128255,-0.012129,0.011438,-0.013845,-0.914324,0.401862,0.050192,0.000000,0.000000,0.000000,-1,-0.920959,0.418045,0.027451,0.006895,-0.057027,0.149102,113.883911,245.166519,-756.854797,0,0
2.440000,-1.621013,-0.422600,-0.405369,0.115409,0.396215,0.910876,0.359665,0.838112,-0.410133,-0.925917,0.374943,-0.045779,-0.284199,-0.664922,0.013231,0.690605,0.060912,0.025997,0.190403,0.008181,0.002556,-0.028659,-0.910876,0.410134,0.045779,0.000000,0.000000,0.000000,-1,-0.904053,0.420486,0.018417,0.074090,-0.064359,0.207963,113.358292,246.039612,-757.021790,0,0
2.480000,-1.616949,-0.429417,-0.402123,0.120315,0.400778,0.908241,0.355840,0.836683,-0.416341,-0.926770,0.373280,-0.041947,-0.285298,-0.663007,0.016237,0.691927,0.113175,0.075884,0.223643,0.004188,0.004146,-0.023530,-0.908241,0.416341,0.041947,0.000000,0.000000,0.000000,-1,-0.891434,0.427261,0.022644,0.127398,-0.012365,0.236924,114.234329,246.214233,-756.854797,0,0
2.520000,-1.609992,-0.440027,-0.395835,0.127961,0.407834,0.904045,0.348848,0.834781,-0.425964,-0.928402,0.369882,-0.035453,-0.286632,-0.659976,0.021244,0.694134,0.148362,0.061092,0.253110,0.017204,0.004700,-0.012564,-0.904045,0.425964,0.035453,0.000000,0.000000,0.000000,-1,-0.883179,0.426712,0.025909,0.134898,-0.063216,0.262600,114.584732,245.515762,-755.852783,0,0
2.560000,-1.605645,-0.453407,-0.390325,0.134344,0.418095,0.898414,0.342045,0.831345,-0.438031,-0.930031,0.366144,-0.031321,-0.289102,-0.657329,0.027340,0.695408,0.053680,0.022913,0.244756,0.018043,-0.008725,-0.011485,-0.898414,0.438031,0.031322,0.000000,0.000000,0.000000,-1,-0.880890,0.430756,0.025879,0.033810,-0.070671,0.241410,113.883911,246.563477,-755.852783,0,0
2.600000,-1.603819,-0.460394,-0.389442,0.138052,0.423344,0.895389,0.340139,0.828795,-0.444301,-0.930186,0.365894,-0.029579,-0.291048,-0.655805,0.029890,0.695929,0.018428,0.046252,0.230139,0.014499,-0.013546,-0.003700,-0.895389,0.444301,0.029579,0.000000,0.000000,0.000000,-1,-0.907562,0.431244,0.041367,0.011484,-0.039935,0.235135,113.007889,246.388855,-757.021790,0,0
2.640000,-1.601313,-0.468213,-0.389161,0.142916,0.428931,0.891961,0.338579,0.825651,-0.451293,-0.930021,0.366496,-0.027228,-0.293468,-0.653828,0.032423,0.696660,0.030122,0.089703,0.221297,-0.021736,-0.024901,0.017999,-0.891961,0.451293,0.027228,0.000000,0.000000,0.000000,-1,-0.930618,0.413727,0.050079,0.026341,-0.012388,0.222083,114.234329,246.214233,-757.856812,0,0
2.680000,-1.598493,-0.474798,-0.388615,0.147526,0.433402,0.889044,0.336994,0.823068,-0.457159,-0.929877,0.367045,-0.024630,-0.295418,-0.651953,0.034555,0.697489,0.040650,0.071635,0.198901,-0.040018,-0.043066,0.024732,-0.889044,0.457159,0.024630,0.000000,0.000000,0.000000,-1,-0.916443,0.419434,0.040543,0.050683,-0.046349,0.199629,113.183090,247.960434,-757.522766,0,0
2.720000,-1.597278,-0.478070,-0.386942,0.149028,0.435895,0.887573,0.335051,0.822241,-0.460066,-0.930340,0.365945,-0.023510,-0.295929,-0.651128,0.036877,0.697909,0.119254,0.012249,0.192965,-0.023159,-0.039720,0.015035,-0.887027,0.461137,0.023127,0.000000,0.000000,0.000000,-1,-0.906265,0.427353,0.030090,0.137803,-0.089827,0.192483,113.358292,246.738098,-757.355774,0,0
2.760000,-1.594614,-0.482847,-0.381077,0.150527,0.439731,0.885426,0.329401,0.822142,-0.464302,-0.932114,0.361550,-0.021093,-0.295583,-0.650521,0.039488,0.698494,0.163699,0.005901,0.173345,-0.017208,-0.034279,0.001902,-0.885426,0.464302,0.021093,0.000000,0.000000,0.000000,-1,-0.888260,0.441406,0.006332,0.162165,-0.098342,0.169915,113.183090,249.357391,-757.522766,0,0
2.800000,-1.589208,-0.488932,-0.372029,0.153552,0.444172,0.882685,0.320916,0.822442,-0.469684,-0.934577,0.355389,-0.016254,-0.294688,-0.649065,0.044023,0.699954,0.149777,0.028120,0.141477,0.001032,-0.018954,-0.013263,-0.882685,0.469684,0.016254,0.000000,0.000000,0.000000,-1,-0.871689,0.468124,-0.001694,0.149343,-0.062332,0.145428,113.708710,248.135056,-757.021790,0,0
2.840000,-1.583945,-0.494766,-0.364594,0.157010,0.448265,0.880004,0.313810,0.822231,-0.474826,-0.936414,0.350707,-0.011572,-0.294258,-0.647455,0.047926,0.701368,0.177453,0.026015,0.150755,0.010436,-0.005542,-0.015463,-0.880004,0.474826,0.011572,0.000000,0.000000,0.000000,-1,-0.870300,0.478668,-0.002640,0.182343,-0.089871,0.162208,113.358292,249.182785,-758.023804,0,0
2.880000,-1.580485,-0.499706,-0.358064,0.158848,0.452152,0.877682,0.307608,0.822056,-0.479168,-0.938160,0.346097,-0.008504,-0.293809,-0.646473,0.051460,0.702211,0.196618,-0.005770,0.164516,0.007382,-0.000499,-0.011143,-0.877682,0.479168,0.008504,0.000000,0.000000,0.000000,-1,-0.872009,0.482635,-0.004745,0.191929,-0.108942,0.170699,113.183090,251.103592,-758.858826,0,0
2.920000,-1.576284,-0.508225,-0.347941,0.160761,0.459331,0.873597,0.297868,0.821260,-0.486627,-0.940973,0.338447,-0.004794,-0.293383,-0.645231,0.057413,0.703070,0.151972,-0.035444,0.172589,0.003724,-0.006662,-0.012255,-0.873597,0.486627,0.004794,0.000000,0.000000,0.000000,-1,-0.874847,0.476028,-0.002533,0.141972,-0.137555,0.179888,112.832672,248.658920,-758.524780,0,0
2.960000,-1.573828,-0.514546,-0.340844,0.161655,0.464840,0.870512,0.290998,0.820438,-0.492139,-0.942967,0.332875,-0.002639,-0.293196,-0.644481,0.061780,0.703465,0.158389,-0.038607,0.183165,-0.006853,-0.017515,-0.004898,-0.870512,0.492139,0.002639,0.000000,0.000000,0.000000,-1,-0.886551,0.481400,-0.003220,0.162200,-0.153442,0.190374,114.409531,250.928986,-757.355774,0,0
3.000000,-1.572498,-0.519036,-0.334843,0.161403,0.469053,0.868296,0.285341,0.820074,-0.496044,-0.944738,0.327823,-0.001477,-0.292748,-0.644234,0.065279,0.703562,0.179633,-0.079949,0.186302,-0.018255,-0.014644,-0.004697,-0.868296,0.496044,0.001477,0.000000,0.000000,0.000000,-1,-0.886612,0.485031,-0.006317,0.183437,-0.196907,0.192463,114.584732,249.706635,-758.190796,0,0
3.040000,-1.571551,-0.526161,-0.322772,0.158586,0.476522,0.864741,0.274293,0.820086,-0.502217,-0.948480,0.316837,-0.000653,-0.291184,-0.644622,0.071895,0.703210,0.224192,-0.141457,0.173312,-0.022176,-0.009908,-0.012509,-0.864741,0.502217,0.000653,0.000000,0.000000,0.000000,-1,-0.871567,0.507019,-0.014252,0.233276,-0.261612,0.170932,113.533493,248.658920,-756.854797,0,0
3.080000,-1.571240,-0.531949,-0.310117,0.154364,0.483154,0.861820,0.263002,0.820709,-0.507214,-0.952366,0.304956,-0.000383,-0.288980,-0.645509,0.078333,0.702618,0.291018,-0.187089,0.140868,-0.006481,0.008014,-0.013093,-0.861820,0.507214,0.000383,0.000000,0.000000,0.000000,-1,-0.858810,0.544052,-0.009811,0.294782,-0.288171,0.134207,113.883911,249.357391,-756.186768,0,0
3.120000,-1.570698,-0.536861,-0.299178,0.150834,0.488693,0.859318,0.253271,0.821147,-0.511441,-0.955564,0.294783,0.000084,-0.287055,-0.646187,0.083822,0.702151,0.309014,-0.184998,0.119393,0.000508,0.032611,-0.009727,-0.859318,0.511441,-0.000084,0.000000,0.000000,0.000000,-1,-0.847351,0.548218,0.009964,0.307505,-0.281826,0.123401,114.059113,250.230499,-756.687744,0,0
3.160000,-1.569568,-0.543863,-0.281619,0.144983,0.496720,0.855716,0.237813,0.822007,-0.517445,-0.960430,0.278521,0.001051,-0.283692,-0.647297,0.092278,0.701435,0.285762,-0.118173,0.142753,0.007144,0.023250,0.019713,-0.855716,0.517445,-0.001051,0.000000,0.000000,0.000000,-1,-0.838165,0.517899,0.029068,0.222622,-0.223465,0.157049,113.708710,250.230499,-758.691772,0,0
3.200000,-1.569225,-0.549738,-0.271732,0.141743,0.502871,0.852661,0.228854,0.821375,-0.522464,-0.963086,0.269191,0.001340,-0.282413,-0.647745,0.097752,0.700796,0.134794,-0.117115,0.143348,0.016799,-0.006808,0.029615,-0.852661,0.522464,-0.001340,0.000000,0.000000,0.000000,-1,-0.833435,0.525009,0.023575,0.083286,-0.209713,0.138312,114.234329,252.151321,-758.524780,0,0
3.240000,-1.572787,-0.554828,-0.270236,0.138714,0.508209,0.849990,0.226912,0.819143,-0.526797,-0.963986,0.265947,-0.001692,-0.283400,-0.648483,0.100562,0.699315,-0.014150,-0.090663,0.111896,0.018935,-0.000231,0.015565,-0.849989,0.526797,0.001692,0.000000,0.000000,0.000000,-1,-0.834686,0.532288,0.002151,-0.020992,-0.202330,0.113899,115.110352,250.579742,-757.689819,0,0
3.280000,-1.577006,-0.561246,-0.269678,0.135812,0.514649,0.846576,0.225550,0.815994,-0.532241,-0.964719,0.263230,-0.005257,-0.285077,-0.649122,0.103606,0.697594,0.063478,-0.087476,0.115286,0.009403,0.003968,-0.010109,-0.846577,0.532241,0.005257,0.000000,0.000000,0.000000,-1,-0.838745,0.542419,-0.010071,0.092811,-0.181113,0.121058,115.635971,253.199036,-756.854797,0,0
3.320000,-1.575790,-0.565443,-0.264988,0.135501,0.518390,0.844341,0.221134,0.814880,-0.535790,-0.965784,0.259312,-0.004216,-0.284973,-0.648767,0.106540,0.697525,0.156014,-0.042941,0.116197,0.003780,0.011009,-0.011800,-0.844341,0.535790,0.004216,0.000000,0.000000,0.000000,-1,-0.843765,0.560806,-0.000717,0.181104,-0.127038,0.123032,114.935150,251.103592,-757.188782,0,0
3.360000,-1.572164,-0.570084,-0.257840,0.136297,0.522210,0.841855,0.214667,0.814027,-0.539703,-0.967130,0.254278,-0.001152,-0.284351,-0.647858,0.110141,0.698064,0.213460,0.000529,0.116438,-0.002902,0.027406,0.000924,-0.841855,0.539703,0.001152,0.000000,0.000000,0.000000,-1,-0.841431,0.588425,0.028214,0.191752,-0.089935,0.119556,114.409531,251.976700,-756.019775,0,0
3.400000,-1.567933,-0.578725,-0.247262,0.136643,0.529619,0.837157,0.204895,0.811699,-0.546957,-0.969199,0.246267,0.002397,-0.283966,-0.646657,0.116248,0.698344,0.081551,-0.069462,0.111836,-0.002625,0.033899,0.039262,-0.837157,0.546957,-0.002397,0.000000,0.000000,0.000000,-1,-0.843216,0.566635,0.035858,0.045977,-0.213992,0.113213,116.687210,252.151321,-757.522766,0,0
3.440000,-1.571374,-0.581787,-0.246293,0.133418,0.533076,0.835482,0.203700,0.810270,-0.549518,-0.969900,0.243503,-0.000483,-0.284443,-0.647560,0.118142,0.696994,-0.008960,-0.160670,0.093035,-0.008115,0.010968,0.038107,-0.835482,0.549518,0.000483,0.000000,0.000000,0.000000,-1,-0.842041,0.558136,0.030411,-0.033891,-0.257500,0.087697,113.708710,251.976700,-757.021790,0,0
3.480000,-1.577761,-0.584106,-0.248525,0.128890,0.536211,0.834185,0.205193,0.808576,-0.551454,-0.970198,0.242246,-0.005810,-0.285536,-0.649133,0.119085,0.694920,-0.073893,-0.144809,0.069213,-0.007856,0.006682,0.024601,-0.834185,0.551454,0.005810,0.000000,0.000000,0.000000,-1,-0.818161,0.554733,0.015045,-0.103065,-0.239510,0.066040,114.059113,251.976700,-757.689819,0,0
3.520000,-1.588237,-0.588881,-0.253959,0.122643,0.541915,0.831437,0.208920,0.804891,-0.555431,-0.970212,0.241824,-0.014502,-0.288208,-0.651297,0.120378,0.691562,0.001650,-0.083315,0.072363,0.015290,-0.009029,-0.001288,-0.831437,0.555430,0.014502,0.000000,0.000000,0.000000,-1,-0.829376,0.533890,0.023895,0.044834,-0.176928,0.084338,115.635971,252.151321,-756.186768,0,0
3.560000,-1.589729,-0.590345,-0.251583,0.120210,0.543740,0.830600,0.206805,0.804596,-0.556648,-0.970969,0.238687,-0.015727,-0.287811,-0.651942,0.121928,0.690847,0.126098,-0.079053,0.086921,-0.010236,-0.024619,0.015676,-0.830600,0.556648,0.015727,0.000000,0.000000,0.000000,-1,-0.846481,0.534866,0.052643,0.138417,-0.183276,0.091845,114.759949,253.373657,-757.021790,0,0
3.600000,-1.592167,-0.591039,-0.248001,0.116033,0.545298,0.830173,0.203826,0.804957,-0.557224,-0.972107,0.233867,-0.017744,-0.286714,-0.653198,0.123759,0.689791,0.119619,-0.131035,0.072324,-0.016309,-0.022358,0.034899,-0.830173,0.557224,0.017744,0.000000,0.000000,0.000000,-1,-0.859360,0.552994,0.068771,0.026498,-0.323297,0.044779,115.635971,253.897522,-755.184753,0,0
3.640000,-1.611277,-0.590434,-0.253575,0.100373,0.548630,0.830018,0.208394,0.804135,-0.556722,-0.972881,0.228851,-0.033618,-0.287166,-0.659049,0.124373,0.683902,-0.224287,-0.251019,-0.033981,-0.037413,0.015803,0.033704,-0.830018,0.556722,0.033618,0.000000,0.000000,0.000000,-1,-0.872955,0.580383,0.055130,-0.275806,-0.359483,-0.044269,115.110352,252.325943,-757.021790,0,0
3.680000,-1.625852,-0.588066,-0.264322,0.091596,0.549051,0.830755,0.217368,0.803119,-0.554753,-0.971782,0.231393,-0.045784,-0.289076,-0.662817,0.121964,0.679877,-0.325535,-0.306235,-0.087929,-0.037364,0.023647,0.006539,-0.830755,0.554753,0.045784,0.000000,0.000000,0.000000,-1,-0.841080,0.561096,0.064606,-0.339915,-0.441222,-0.112335,117.037613,251.802078,-754.516724,0,0
3.720000,-1.643324,-0.583329,-0.276134,0.080057,0.548302,0.832440,0.227553,0.803015,-0.550805,-0.970469,0.233520,-0.060481,-0.290484,-0.667727,0.118793,0.675017,-0.334397,-0.393290,-0.165090,-0.008640,0.010291,0.004125,-0.832440,0.550805,0.060481,0.000000,0.000000,0.000000,-1,-0.869537,0.619553,0.118286,-0.329550,-0.476305,-0.176114,114.409531,253.024414,-754.683716,0,0
3.760000,-1.677780,-0.571843,-0.300064,0.057040,0.545608,0.836097,0.248556,0.803331,-0.541183,-0.966937,0.238686,-0.089792,-0.293045,-0.677511,0.111621,0.665316,-0.408911,-0.355036,-0.145290,-0.049187,0.114045,0.049918,-0.836097,0.541183,0.089792,0.000000,0.000000,0.000000,-1,-0.888779,0.649384,0.154510,-0.467648,-0.500639,-0.140443,115.811172,250.928986,-753.347717,0,0
3.800000,-1.700363,-0.565350,-0.318074,0.043409,0.544982,0.837323,0.264076,0.802045,-0.535712,-0.963524,0.244372,-0.109101,-0.296000,-0.683326,0.106589,0.658854,-0.638754,-0.480185,-0.171975,-0.046954,0.101007,0.048416,-0.837323,0.535712,0.109101,0.000000,0.000000,0.000000,-1,-0.846237,0.585403,0.164642,-0.830607,-0.616338,-0.227400,115.635971,251.103592,-753.848755,0,0
3.840000,-1.729781,-0.555207,-0.344877,0.026967,0.543348,0.839074,0.287298,0.799753,-0.527119,-0.957462,0.255279,-0.134536,-0.300728,-0.690529,0.098417,0.650420,-0.897491,-0.496243,-0.271168,-0.007163,0.058284,0.030107,-0.839074,0.527119,0.134536,0.000000,0.000000,0.000000,-1,-0.800964,0.524704,0.189865,-1.011650,-0.503055,-0.331224,116.336792,250.405121,-751.176697,0,0
3.880000,-1.781290,-0.522021,-0.412876,0.004272,0.530490,0.847681,0.347804,0.793975,-0.498633,-0.937557,0.296957,-0.181115,-0.312814,-0.701929,0.071829,0.635833,-1.154983,-0.005602,-0.425847,0.049066,0.023187,0.025856,-0.847681,0.498633,0.181115,0.000000,0.000000,0.000000,-1,-0.808258,0.518265,0.230423,-1.155202,-0.016579,-0.437145,116.161591,247.436584,-752.679688,0,0
3.920000,-1.794805,-0.501853,-0.447746,0.002817,0.518970,0.854788,0.379550,0.790273,-0.481051,-0.925167,0.325790,-0.194749,-0.319098,-0.703954,0.055139,0.632128,-1.104854,0.171462,-0.419753,0.039282,0.045789,0.031417,-0.854788,0.481051,0.194749,0.000000,0.000000,0.000000,-1,-0.833130,0.544281,0.198959,-0.985498,0.156448,-0.297258,114.759949,247.785812,-752.011719,0,0
3.960000,-1.801871,-0.485994,-0.478398,0.005999,0.509061,0.860710,0.407053,0.784944,-0.467087,-0.913385,0.353157,-0.202506,-0.325408,-0.703820,0.040468,0.630166,-0.897665,0.334000,-0.204708,0.027580,0.077194,-0.003546,-0.860710,0.467087,0.202506,0.000000,0.000000,0.000000,-1,-0.808105,0.403717,0.161499,-0.714277,0.304247,-0.014775,116.687210,246.214233,-751.176697,0,0
4.000000,-1.798500,-0.481176,-0.519239,0.027746,0.503466,0.863569,0.439874,0.769614,-0.462822,-0.897631,0.392703,-0.200108,-0.338467,-0.696774,0.025158,0.631912,-0.360224,0.338887,0.220152,0.075117,-0.105889,-0.053166,-0.863570,0.462822,0.200108,0.000000,0.000000,0.000000,-1,-0.768799,0.329437,0.129929,-0.245499,0.246353,0.257950,115.811172,245.341141,-752.679688,0,0
4.040000,-1.790862,-0.488390,-0.525921,0.041071,0.505596,0.861792,0.443319,0.763751,-0.469205,-0.895422,0.401320,-0.192773,-0.342817,-0.691999,0.024525,0.634832,0.032500,0.371914,0.323110,0.107550,-0.150052,-0.071694,-0.861792,0.469205,0.192773,0.000000,0.000000,0.000000,-1,-0.728577,0.274399,0.103546,0.163154,0.281493,0.355404,115.986389,246.214233,-751.844727,0,0
4.080000,-1.776177,-0.500719,-0.520496,0.056787,0.509152,0.858801,0.436259,0.761068,-0.480056,-0.898027,0.401921,-0.178904,-0.344464,-0.686146,0.028469,0.640107,0.372007,0.450492,0.400920,0.130225,-0.205657,-0.075358,-0.858801,0.480056,0.178904,0.000000,0.000000,0.000000,-1,-0.785858,0.276260,0.117386,0.567565,0.505296,0.416951,115.110352,247.087341,-753.347717,0,0
4.120000,-1.721020,-0.530833,-0.482995,0.099932,0.512798,0.852673,0.400521,0.763736,-0.506252,-0.910822,0.392104,-0.129064,-0.341050,-0.669490,0.042625,0.658522,0.700383,0.588223,0.333919,0.000806,-0.266475,0.021769,-0.852673,0.506252,0.129064,0.000000,0.000000,0.000000,-1,-0.949310,0.183380,0.236313,0.622239,0.432980,0.268818,115.110352,249.182785,-754.349731,0,0
4.160000,-1.697427,-0.538425,-0.466246,0.115857,0.511157,0.851643,0.385934,0.766881,-0.512785,-0.915222,0.388088,-0.108424,-0.338157,-0.663221,0.047004,0.666017,0.311119,0.442530,0.043154,-0.146297,-0.339704,0.169240,-0.851643,0.512785,0.108424,0.000000,0.000000,0.000000,-1,-1.100204,0.232834,0.268600,-0.115542,0.231825,-0.239109,115.811172,248.484299,-754.683716,0,0
4.200000,-1.687496,-0.532127,-0.467186,0.122994,0.502356,0.855869,0.388102,0.769386,-0.507367,-0.913372,0.394568,-0.100335,-0.336877,-0.660819,0.042674,0.669336,-0.294413,0.290297,-0.364335,-0.244336,-0.274534,0.168265,-0.855869,0.507367,0.100335,0.000000,0.000000,0.000000,-1,-1.047379,0.338852,0.238556,-0.512290,0.094595,-0.542595,114.234329,246.563477,-755.518738,0,0
4.240000,-1.689807,-0.493818,-0.493202,0.118244,0.470761,0.874301,0.416886,0.775589,-0.473991,-0.901235,0.420530,-0.104545,-0.334365,-0.663681,0.020138,0.668821,-0.310642,0.105338,-0.684564,-0.136456,-0.110023,0.110680,-0.874301,0.473991,0.104545,0.000000,0.000000,0.000000,-1,-0.977661,0.370102,0.162415,-0.200439,-0.106007,-0.694047,114.935150,247.261963,-753.848755,0,0
