0.000000,-1.637507,1.394807,1.444298,0.966104,-0.190065,0.174693,-0.173683,0.022089,0.984554,-0.190988,-0.981523,-0.011671,0.699229,-0.130053,-0.005826,0.702944,-0.012304,0.029397,0.003033,0.004328,0.012004,-0.004362,-0.174693,-0.984554,0.011671,0.000000,0.000000,0.000000,-1,-0.182175,-0.973907,0.008774,-0.010649,-0.065720,0.008924,142.968109,179.160141,-744.496582,0,0
0.040000,-1.633854,1.394625,1.441662,0.966269,-0.189022,0.174913,-0.173802,0.022569,0.984522,-0.190044,-0.981713,-0.011044,0.699061,-0.129754,-0.005411,0.703170,-0.013362,0.040001,0.004067,-0.003340,0.010172,-0.001370,-0.174913,-0.984522,0.011044,0.000000,0.000000,0.000000,-1,-0.190552,-0.971252,0.008636,-0.014901,-0.048761,0.005703,142.968109,177.763184,-743.494568,0,0
0.080000,-1.628716,1.393937,1.438018,0.966437,-0.187482,0.175644,-0.174390,0.023292,0.984401,-0.188649,-0.981992,-0.010185,0.698808,-0.129461,-0.004653,0.703481,-0.016552,0.060143,0.001926,-0.014908,0.013149,-0.001548,-0.175644,-0.984401,0.010185,0.000000,0.000000,0.000000,-1,-0.192703,-0.967300,0.005173,-0.012741,-0.025431,0.009829,142.442490,180.033249,-744.997620,0,0
0.120000,-1.616502,1.391581,1.430977,0.966996,-0.182233,0.178071,-0.176518,0.024843,0.983984,-0.183738,-0.982942,-0.008145,0.698265,-0.128443,-0.002029,0.704218,-0.012235,0.112115,0.013470,-0.011809,0.013876,-0.003552,-0.178071,-0.983984,0.008145,0.000000,0.000000,0.000000,-1,-0.185898,-0.969635,0.006622,-0.010548,0.014872,0.019196,142.442490,180.033249,-744.663574,0,0
0.160000,-1.610006,1.390573,1.428085,0.967479,-0.178617,0.179112,-0.177427,0.025494,0.983804,-0.180291,-0.983588,-0.007026,0.698035,-0.127517,-0.000422,0.704618,-0.013284,0.129082,0.015570,-0.006801,0.016198,-0.000816,-0.179112,-0.983804,0.007026,0.000000,0.000000,0.000000,-1,-0.182617,-0.966431,0.004135,-0.008401,0.037138,0.020136,143.143311,178.636292,-744.329590,0,0
0.200000,-1.601427,1.389527,1.425060,0.968285,-0.173075,0.180194,-0.178367,0.026180,0.983616,-0.174957,-0.984561,-0.005521,0.697787,-0.125913,0.001876,0.705150,-0.011155,0.149223,0.013359,-0.002393,0.018345,-0.000150,-0.180194,-0.983616,0.005521,0.000000,0.000000,0.000000,-1,-0.180328,-0.961151,0.008682,0.006486,0.051977,0.017777,141.566467,179.509384,-744.830627,0,0
0.240000,-1.594731,1.388954,1.425510,0.969407,-0.166028,0.180790,-0.178937,0.026181,0.983512,-0.168024,-0.985774,-0.004328,0.697774,-0.123595,0.004574,0.705560,0.011135,0.121662,0.014294,0.015415,0.012824,-0.007731,-0.180790,-0.983512,0.004328,0.000000,0.000000,0.000000,-1,-0.155533,-0.972778,-0.002518,0.010706,0.019108,0.015752,141.391251,178.636292,-744.329590,0,0
0.280000,-1.590605,1.389790,1.424959,0.970152,-0.162516,0.179984,-0.178108,0.026161,0.983663,-0.164569,-0.986359,-0.003566,0.697774,-0.122039,0.005523,0.705823,0.001505,0.113168,0.004793,0.023368,0.011007,-0.002208,-0.179984,-0.983663,0.003566,0.000000,0.000000,0.000000,-1,-0.163452,-0.967773,0.005051,0.001079,0.000006,0.004243,142.092072,178.636292,-743.995605,0,0
0.320000,-1.583596,1.391069,1.421955,0.971036,-0.158549,0.178747,-0.176785,0.026509,0.983892,-0.160734,-0.986995,-0.002288,0.697642,-0.120167,0.006455,0.706268,-0.001773,0.090897,-0.003662,0.013631,0.014868,-0.010223,-0.178747,-0.983893,0.002288,0.000000,0.000000,0.000000,-1,-0.165710,-0.969299,-0.009857,0.001051,-0.015903,0.000060,141.741669,179.684006,-743.661621,0,0
0.360000,-1.574023,1.391991,1.416381,0.971847,-0.154538,0.177853,-0.175738,0.027354,0.984057,-0.156939,-0.987608,-0.000574,0.697328,-0.118408,0.007498,0.706864,-0.003975,0.063345,-0.001432,0.010129,0.012423,-0.009576,-0.177853,-0.984057,0.000574,0.000000,0.000000,0.000000,-1,-0.166077,-0.971313,-0.006531,-0.008523,-0.045582,0.004555,143.668930,177.413940,-743.828613,0,0
0.400000,-1.568875,1.392462,1.412827,0.972187,-0.152921,0.177391,-0.175182,0.027906,0.984140,-0.155446,-0.987844,0.000341,0.697126,-0.117663,0.007870,0.707183,-0.011455,0.048504,-0.002374,0.010719,0.013804,-0.004527,-0.177391,-0.984140,-0.000341,0.000000,0.000000,0.000000,-1,-0.167526,-0.970764,0.006104,-0.007482,-0.053010,0.000322,143.318527,179.509384,-743.160583,0,0
0.440000,-1.565882,1.392917,1.411674,0.972554,-0.151097,0.176941,-0.174707,0.028037,0.984221,-0.153673,-0.988121,0.000870,0.697074,-0.116847,0.008345,0.707365,-0.005092,0.044253,-0.007759,0.000106,0.012465,-0.001526,-0.176941,-0.984221,-0.000870,0.000000,0.000000,0.000000,-1,-0.179321,-0.969330,-0.006882,-0.003245,-0.062555,-0.001809,142.617691,178.810913,-745.164612,0,0
0.480000,-1.560107,1.392603,1.407896,0.972814,-0.149056,0.177242,-0.174905,0.028747,0.984165,-0.151791,-0.988411,0.001895,0.696809,-0.116230,0.009131,0.707717,-0.003966,0.041066,-0.004535,-0.004918,0.017475,-0.007520,-0.177242,-0.984165,-0.001895,0.000000,0.000000,0.000000,-1,-0.180389,-0.966217,-0.005692,-0.005352,-0.059368,0.002454,142.968109,179.509384,-743.494568,0,0
0.520000,-1.557229,1.392497,1.406208,0.972980,-0.147851,0.177339,-0.174959,0.029059,0.984147,-0.150660,-0.988583,0.002406,0.696691,-0.115837,0.009574,0.707892,-0.006090,0.038949,-0.002368,0.001741,0.015839,-0.000234,-0.177339,-0.984147,-0.002406,0.000000,0.000000,0.000000,-1,-0.172287,-0.969513,0.002991,-0.006426,-0.062552,0.000353,142.968109,178.461670,-744.830627,0,0
0.560000,-1.555459,1.392750,1.405899,0.973244,-0.146409,0.177087,-0.174705,0.029072,0.984191,-0.149243,-0.988797,0.002716,0.696681,-0.115230,0.009992,0.707996,-0.001847,0.033641,-0.005585,0.003869,0.016082,0.003082,-0.177087,-0.984191,-0.002716,0.000000,0.000000,0.000000,-1,-0.174545,-0.969574,-0.000641,-0.001117,-0.072094,0.000338,141.216049,179.509384,-744.830627,0,0
0.600000,-1.552350,1.393250,1.404020,0.973520,-0.145178,0.176585,-0.174165,0.029319,0.984280,-0.148073,-0.988971,0.003258,0.696589,-0.114609,0.010233,0.708184,-0.003997,0.015619,-0.005489,0.007029,0.016156,-0.003853,-0.176585,-0.984280,-0.003258,0.000000,0.000000,0.000000,-1,-0.169754,-0.969131,-0.003448,-0.006455,-0.090121,-0.001650,142.968109,179.160141,-745.164612,0,0
0.640000,-1.550796,1.393657,1.402662,0.973624,-0.144975,0.176179,-0.173729,0.029488,0.984352,-0.147902,-0.988996,0.003524,0.696529,-0.114390,0.010149,0.708279,-0.009332,0.000772,-0.007498,0.006058,0.017875,-0.001206,-0.176179,-0.984352,-0.003524,0.000000,0.000000,0.000000,-1,-0.168823,-0.968933,-0.004456,-0.006475,-0.101788,-0.004788,142.267288,178.461670,-743.494568,0,0
0.680000,-1.548538,1.394375,1.400191,0.973724,-0.145168,0.175464,-0.172959,0.029797,0.984478,-0.148144,-0.988958,0.003906,0.696423,-0.114201,0.009807,0.708419,-0.001915,-0.009832,-0.009672,0.008273,0.015164,-0.004425,-0.175464,-0.984478,-0.003906,0.000000,0.000000,0.000000,-1,-0.165588,-0.970139,-0.007980,-0.000107,-0.115570,-0.004796,142.267288,179.858627,-745.498596,0,0
0.720000,-1.546459,1.395363,1.397228,0.973772,-0.146028,0.174483,-0.171912,0.030142,0.984651,-0.149045,-0.988821,0.004247,0.696309,-0.114152,0.009133,0.708548,-0.005138,-0.027856,-0.010638,0.004897,0.011720,-0.005595,-0.174483,-0.984651,-0.004247,0.000000,0.000000,0.000000,-1,-0.168396,-0.974365,-0.009827,-0.006510,-0.131478,-0.007845,143.844131,179.334763,-744.329590,0,0
0.760000,-1.544514,1.395818,1.394367,0.973722,-0.146904,0.174027,-0.171384,0.030555,0.984730,-0.149978,-0.988679,0.004575,0.696167,-0.114300,0.008636,0.708670,-0.011544,-0.031042,-0.014810,0.000488,0.012700,-0.004550,-0.174027,-0.984730,-0.004575,0.000000,0.000000,0.000000,-1,-0.176468,-0.970749,-0.010117,-0.009706,-0.129361,-0.009946,142.617691,179.509384,-744.496582,0,0
0.800000,-1.541932,1.396163,1.390574,0.973610,-0.148056,0.173675,-0.170933,0.031144,0.984790,-0.151213,-0.988489,0.005015,0.695962,-0.114586,0.008069,0.708832,-0.004100,-0.014078,-0.014955,-0.003602,0.015582,0.000284,-0.173675,-0.984790,-0.005014,0.000000,0.000000,0.000000,-1,-0.178482,-0.969116,-0.006546,-0.000121,-0.112396,-0.009065,142.267288,178.112427,-744.496582,0,0
0.840000,-1.539952,1.395910,1.388049,0.973492,-0.148549,0.173913,-0.171099,0.031621,0.984746,-0.151782,-0.988399,0.005366,0.695792,-0.114850,0.007952,0.708957,-0.004066,-0.022535,-0.000002,-0.003027,0.013265,-0.007848,-0.173913,-0.984746,-0.005366,0.000000,0.000000,0.000000,-1,-0.170502,-0.972351,-0.011444,-0.004329,-0.128277,0.005945,140.865631,178.810913,-743.828613,0,0
0.880000,-1.538288,1.395959,1.385707,0.973405,-0.149185,0.173856,-0.170977,0.032012,0.984755,-0.152476,-0.988291,0.005654,0.695654,-0.115058,0.007683,0.709061,-0.012560,-0.014048,0.003240,0.003842,0.014998,-0.000907,-0.173856,-0.984755,-0.005654,0.000000,0.000000,0.000000,-1,-0.175873,-0.967224,-0.005219,-0.007507,-0.112374,0.005908,141.741669,179.334763,-744.663574,0,0
0.920000,-1.537481,1.395722,1.384517,0.973310,-0.149538,0.174085,-0.171168,0.032259,0.984714,-0.152868,-0.988230,0.005802,0.695566,-0.115268,0.007626,0.709114,-0.001938,-0.012993,-0.000065,-0.000552,0.018481,0.001682,-0.174085,-0.984714,-0.005802,0.000000,0.000000,0.000000,-1,-0.172729,-0.970337,-0.009125,0.003117,-0.107077,0.002576,142.267288,178.461670,-744.162598,0,0
0.960000,-1.537646,1.395705,1.384367,0.973260,-0.149847,0.174103,-0.171180,0.032288,0.984711,-0.153178,-0.988182,0.005774,0.695557,-0.115385,0.007521,0.709105,0.006555,-0.006633,-0.001247,0.005996,0.014023,-0.002268,-0.174103,-0.984711,-0.005774,0.000000,0.000000,0.000000,-1,-0.165024,-0.970367,-0.011215,0.005248,-0.111315,0.004699,143.493729,179.684006,-744.329590,0,0
1.000000,-1.537663,1.396092,1.384033,0.973273,-0.150201,0.173722,-0.170794,0.032274,0.984778,-0.153521,-0.988129,0.005758,0.695565,-0.115372,0.007260,0.709102,0.003351,-0.016174,-0.001183,0.012390,0.015357,-0.003000,-0.173722,-0.984778,-0.005758,0.000000,0.000000,0.000000,-1,-0.163361,-0.970642,-0.007797,0.003100,-0.113443,-0.000586,140.865631,179.858627,-743.828613,0,0
1.040000,-1.537480,1.396626,1.383464,0.973307,-0.150591,0.173195,-0.170260,0.032273,0.984871,-0.153902,-0.988069,0.005772,0.695568,-0.115320,0.006934,0.709111,0.001205,-0.011939,-0.005448,0.006569,0.013237,-0.002864,-0.173195,-0.984871,-0.005772,0.000000,0.000000,0.000000,-1,-0.171310,-0.970367,-0.012039,0.003100,-0.113443,-0.000586,142.092072,177.588562,-744.329590,0,0
1.080000,-1.538572,1.397016,1.383487,0.973208,-0.151661,0.172817,-0.169883,0.032198,0.984938,-0.154941,-0.987908,0.005571,0.695600,-0.115563,0.006425,0.709045,0.015018,-0.031013,-0.000204,0.006069,0.013060,0.000993,-0.172817,-0.984938,-0.005571,0.000000,0.000000,0.000000,-1,-0.167175,-0.975632,-0.006454,0.009484,-0.133579,0.004753,142.442490,178.985519,-743.995605,0,0
1.120000,-1.539918,1.397112,1.383918,0.973080,-0.152574,0.172730,-0.169804,0.032107,0.984955,-0.155825,-0.987770,0.005335,0.695636,-0.115857,0.006076,0.708965,-0.003057,-0.029953,-0.000013,0.002305,0.010651,-0.001928,-0.172730,-0.984955,-0.005335,0.000000,0.000000,0.000000,-1,-0.174057,-0.974579,-0.001434,-0.010710,-0.126158,0.004942,143.493729,179.684006,-743.995605,0,0
1.160000,-1.539797,1.396915,1.382976,0.972922,-0.153365,0.172924,-0.169964,0.032303,0.984921,-0.156638,-0.987642,0.005362,0.695567,-0.116211,0.005853,0.708976,-0.020054,-0.021473,0.000143,-0.002369,0.011746,0.007224,-0.172924,-0.984921,-0.005362,0.000000,0.000000,0.000000,-1,-0.195770,-0.974670,-0.012024,-0.046854,-0.116618,0.004234,141.391251,178.985519,-743.661621,0,0
1.200000,-1.525264,1.394028,1.366767,0.972222,-0.154681,0.175667,-0.172202,0.035630,0.984417,-0.158529,-0.987322,0.008004,0.694368,-0.117691,0.006170,0.709904,-0.097531,-0.039559,0.014979,-0.034523,0.007031,0.030251,-0.175667,-0.984417,-0.008004,0.000000,0.000000,0.000000,-1,-0.219666,-0.974915,0.039932,-0.125523,-0.133575,0.009432,143.668930,178.461670,-746.500610,0,0
1.240000,-1.505935,1.393183,1.346315,0.971983,-0.155449,0.176309,-0.172248,0.039329,0.984268,-0.159937,-0.987061,0.011452,0.693037,-0.118210,0.005906,0.711120,-0.181593,0.002793,-0.018304,-0.052390,0.011231,0.065819,-0.176309,-0.984268,-0.011452,0.000000,0.000000,0.000000,-1,-0.243469,-0.970795,0.072952,-0.205260,-0.025467,-0.012515,142.617691,179.509384,-745.832642,0,0
1.280000,-1.479454,1.392121,1.321143,0.972133,-0.153734,0.176986,-0.172217,0.043911,0.984080,-0.159058,-0.987136,0.016211,0.691377,-0.117863,0.006483,0.712786,-0.205886,0.112000,-0.008922,-0.064302,0.023005,0.103873,-0.176986,-0.984080,-0.016211,0.000000,0.000000,0.000000,-1,-0.202805,-0.923981,0.106659,-0.171078,0.114502,0.001369,142.968109,179.509384,-745.164612,0,0
1.320000,-1.425916,1.391126,1.281898,0.974379,-0.138982,0.176833,-0.171299,0.050912,0.983903,-0.145748,-0.988985,0.025800,0.688779,-0.112620,0.011283,0.716082,-0.128048,0.336753,-0.009714,-0.025422,0.048707,0.109663,-0.176833,-0.983903,-0.025800,0.000000,0.000000,0.000000,-1,-0.203125,-0.941711,0.067596,-0.143318,0.256574,0.003613,142.792908,179.684006,-746.667603,0,0
1.360000,-1.391012,1.390088,1.257790,0.975896,-0.127895,0.176830,-0.170994,0.055342,0.983716,-0.135599,-0.990242,0.032138,0.687098,-0.108751,0.015002,0.718223,-0.150171,0.399367,0.031733,-0.023319,0.040205,0.080676,-0.176830,-0.983717,-0.032138,0.000000,0.000000,0.000000,-1,-0.174438,-0.943268,0.036469,-0.144104,0.331937,0.061786,141.040848,179.334763,-746.667603,0,0
1.400000,-1.364065,1.387602,1.243171,0.977195,-0.115330,0.178293,-0.172482,0.058622,0.983267,-0.123852,-0.991596,0.037393,0.685781,-0.104921,0.019846,0.719932,-0.141455,0.438384,0.060177,0.017389,0.035055,0.071237,-0.178293,-0.983267,-0.037393,0.000000,0.000000,0.000000,-1,-0.139877,-0.949326,0.042297,-0.139877,0.366903,0.047753,142.267288,178.112427,-747.502625,0,0
1.440000,-1.293733,1.383937,1.199938,0.979999,-0.087589,0.178688,-0.173144,0.067327,0.982593,-0.098095,-0.993879,0.050815,0.682249,-0.095542,0.029532,0.724248,-0.219131,0.412893,0.036669,0.004265,0.050509,0.052570,-0.178688,-0.982593,-0.050815,0.000000,0.000000,0.000000,-1,-0.168579,-0.917877,-0.014618,-0.183501,0.277858,0.057146,142.092072,179.334763,-747.001648,0,0
1.480000,-1.258860,1.379600,1.176749,0.980617,-0.075360,0.180863,-0.175470,0.072959,0.981778,-0.087183,-0.994484,0.058322,0.679951,-0.092223,0.034444,0.726619,-0.079798,0.194426,0.091429,0.067276,0.063717,-0.001798,-0.180863,-0.981778,-0.058322,0.000000,0.000000,0.000000,-1,-0.108398,-0.945068,-0.074631,-0.120737,-0.025253,0.129091,142.792908,178.985519,-746.333618,0,0
1.520000,-1.244940,1.375238,1.165453,0.980248,-0.072283,0.184089,-0.178569,0.076625,0.980939,-0.085011,-0.994436,0.062204,0.678495,-0.092429,0.036507,0.727852,-0.160629,0.033309,0.116449,0.093818,-0.005969,-0.022620,-0.184089,-0.980939,-0.062204,0.000000,0.000000,0.000000,-1,-0.085464,-0.992737,-0.061310,-0.247670,-0.127170,0.039470,142.442490,178.287048,-749.005676,0,0
1.560000,-1.182912,1.371388,1.100054,0.980221,-0.074443,0.183373,-0.176543,0.089843,0.980184,-0.089443,-0.993170,0.074923,0.673694,-0.093138,0.034856,0.732289,-0.314805,-0.085832,-0.146180,0.059060,0.002813,-0.010938,-0.183373,-0.980184,-0.074923,0.000000,0.000000,0.000000,-1,-0.148956,-0.973846,-0.107162,-0.282521,-0.196395,-0.167258,142.617691,180.207870,-747.502625,0,0
1.600000,-1.135925,1.373339,1.048958,0.980943,-0.078073,0.177918,-0.170067,0.097789,0.980569,-0.093954,-0.992140,0.082648,0.670915,-0.092463,0.031287,0.735082,-0.219212,-0.129314,-0.157690,0.010910,0.018899,-0.060754,-0.177918,-0.980568,-0.082648,0.000000,0.000000,0.000000,-1,-0.161072,-0.942719,-0.144165,-0.204742,-0.187848,-0.124542,140.690430,179.334763,-748.337646,0,0
1.640000,-1.093970,1.373688,1.003598,0.981410,-0.081007,0.173990,-0.165168,0.105216,0.980637,-0.097745,-0.991145,0.089880,0.668265,-0.092095,0.028524,0.737649,-0.218023,-0.052934,-0.131457,0.022409,0.052521,-0.048318,-0.173990,-0.980637,-0.089880,0.000000,0.000000,0.000000,-1,-0.143158,-0.923767,-0.177505,-0.242014,-0.095663,-0.159650,142.792908,179.334763,-749.339661,0,0
1.680000,-1.007412,1.374538,0.916466,0.982989,-0.080943,0.164864,-0.154724,0.118683,0.980803,-0.098956,-0.989627,0.104140,0.663356,-0.088816,0.024839,0.742599,-0.260775,0.036032,-0.197346,0.018181,0.017348,-0.117418,-0.164864,-0.980803,-0.104140,0.000000,0.000000,0.000000,-1,-0.143845,-0.997147,-0.244125,-0.275044,-0.053296,-0.187133,142.968109,179.160141,-749.840698,0,0
1.720000,-0.920820,1.373302,0.831707,0.984595,-0.078571,0.156205,-0.145018,0.132172,0.980561,-0.097690,-0.988108,0.118742,0.658346,-0.084905,0.022221,0.747581,-0.281023,0.106002,-0.207020,0.020082,-0.013290,-0.095385,-0.156205,-0.980561,-0.118742,0.000000,0.000000,0.000000,-1,-0.155396,-0.971512,-0.179474,-0.259171,0.028285,-0.223843,143.143311,178.636292,-749.005676,0,0
1.760000,-0.860048,1.372540,0.773833,0.985910,-0.075491,0.149271,-0.137651,0.140873,0.980412,-0.095040,-0.987145,0.128497,0.655084,-0.081342,0.020696,0.750879,-0.243883,0.149447,-0.226769,-0.025229,0.021473,-0.048536,-0.149271,-0.980412,-0.128497,0.000000,0.000000,0.000000,-1,-0.199722,-0.953598,-0.190643,-0.204595,0.081422,-0.140651,143.143311,178.985519,-749.673706,0,0
1.800000,-0.796892,1.367526,0.719957,0.987333,-0.065789,0.144378,-0.133106,0.151775,0.979412,-0.086347,-0.986223,0.141096,0.650857,-0.076397,0.022290,0.755017,-0.169566,0.278093,0.010137,-0.028093,0.012264,-0.067263,-0.144378,-0.979412,-0.141096,0.000000,0.000000,0.000000,-1,-0.134216,-1.011383,-0.201019,-0.144317,0.193007,0.033695,143.668930,178.112427,-749.172668,0,0
1.840000,-0.775324,1.364076,0.709872,0.988146,-0.054102,0.143665,-0.133769,0.155671,0.978709,-0.075315,-0.986326,0.146589,0.649208,-0.072347,0.026320,0.756704,0.045272,0.251645,0.042985,0.025180,-0.049260,-0.036059,-0.143665,-0.978709,-0.146589,0.000000,0.000000,0.000000,-1,-0.142151,-1.017319,-0.175446,0.097172,0.089201,0.094261,143.493729,179.334763,-750.007690,0,0
1.880000,-0.784146,1.363895,0.724994,0.988263,-0.047844,0.145078,-0.136226,0.153764,0.978672,-0.069131,-0.986949,0.145442,0.649819,-0.070816,0.029218,0.756219,0.107154,0.158470,0.123563,0.000165,-0.023434,-0.031682,-0.145078,-0.978672,-0.145442,0.000000,0.000000,0.000000,-1,-0.119431,-0.977676,-0.169205,0.102791,0.031029,0.187005,144.720169,179.160141,-749.506653,0,0
1.920000,-0.829743,1.359866,0.778180,0.987193,-0.039895,0.154464,-0.146974,0.149111,0.977837,-0.062043,-0.988015,0.141338,0.651295,-0.071730,0.035476,0.754593,0.091374,0.040899,0.196584,0.091079,-0.015587,-0.065007,-0.154464,-0.977837,-0.141338,0.000000,0.000000,0.000000,-1,-0.042206,-0.998230,-0.215454,0.081435,-0.103614,0.189976,142.617691,179.160141,-748.838684,0,0
1.960000,-0.836153,1.358614,0.784433,0.986907,-0.039918,0.156275,-0.148768,0.149056,0.977574,-0.062316,-0.988023,0.141166,0.651284,-0.072428,0.036067,0.754508,0.050602,-0.088526,0.135859,0.131495,-0.022380,-0.051614,-0.156275,-0.977574,-0.141166,0.000000,0.000000,0.000000,-1,-0.063385,-0.980179,-0.154022,0.036335,-0.242638,0.099620,141.741669,178.985519,-748.337646,0,0
2.000000,-0.843353,1.358858,0.788092,0.986625,-0.043448,0.157110,-0.149144,0.148342,0.977625,-0.065781,-0.987981,0.139878,0.651614,-0.073890,0.035039,0.754130,0.032275,-0.160689,0.086337,0.066976,0.012873,-0.007460,-0.157110,-0.977625,-0.139878,0.000000,0.000000,0.000000,-1,-0.134445,-0.930664,-0.141144,0.028797,-0.285072,0.082875,141.040848,179.334763,-748.337646,0,0
2.040000,-0.866026,1.357314,0.802237,0.985534,-0.051726,0.161390,-0.152312,0.147267,0.977299,-0.074319,-0.987743,0.137259,0.652114,-0.078222,0.033380,0.753336,0.033232,-0.171327,0.061899,0.014982,0.033467,-0.011057,-0.161390,-0.977299,-0.137259,0.000000,0.000000,0.000000,-1,-0.160263,-0.959473,-0.150833,0.039381,-0.262833,0.065639,142.092072,177.239319,-750.341675,0,0
2.080000,-0.888882,1.355850,0.817605,0.984428,-0.058996,0.165595,-0.155601,0.145888,0.976988,-0.081797,-0.987540,0.134436,0.652707,-0.082195,0.032096,0.752454,0.037522,-0.155409,0.071354,-0.008813,-0.004961,-0.006143,-0.165595,-0.976988,-0.134436,0.000000,0.000000,0.000000,-1,-0.177704,-0.985016,-0.132599,0.037342,-0.243721,0.084722,142.442490,178.636292,-749.339661,0,0
2.120000,-0.906656,1.354604,0.831222,0.983614,-0.063008,0.168917,-0.158472,0.144576,0.976721,-0.085963,-0.987486,0.132221,0.653226,-0.084764,0.031748,0.751733,0.047168,-0.136305,0.086061,-0.021726,-0.007760,0.014469,-0.168917,-0.976721,-0.132221,0.000000,0.000000,0.000000,-1,-0.204315,-0.970932,-0.103546,0.070411,-0.211879,0.107616,143.668930,179.509384,-748.838684,0,0
2.160000,-0.932715,1.353152,0.853802,0.982604,-0.066380,0.173444,-0.162765,0.141893,0.976409,-0.089424,-0.987654,0.128620,0.654235,-0.087562,0.032106,0.750519,0.101537,-0.059934,0.109583,-0.038195,0.012267,0.037235,-0.173444,-0.976409,-0.128620,0.000000,0.000000,0.000000,-1,-0.212402,-0.967545,-0.082947,0.115154,-0.132351,0.115273,141.566467,179.858627,-748.838684,0,0
2.200000,-0.971007,1.352431,0.892478,0.981655,-0.066148,0.178822,-0.168678,0.135934,0.976253,-0.088886,-0.988507,0.122283,0.656399,-0.089437,0.034254,0.748310,0.144147,0.025932,0.106619,-0.024960,0.016200,0.035537,-0.178822,-0.976253,-0.122283,0.000000,0.000000,0.000000,-1,-0.194489,-0.963196,-0.094116,0.171516,-0.074051,0.106943,143.318527,179.509384,-747.836670,0,0
2.240000,-0.999283,1.352614,0.922102,0.981133,-0.065058,0.182057,-0.172487,0.130771,0.976293,-0.087323,-0.989276,0.117082,0.658271,-0.090216,0.035978,0.746489,0.179212,0.020618,0.099880,-0.007198,0.011434,0.014207,-0.182057,-0.976293,-0.117082,0.000000,0.000000,0.000000,-1,-0.170334,-0.967392,-0.097702,0.173637,-0.070874,0.104778,142.092072,179.334763,-749.673706,0,0
2.280000,-1.041730,1.353254,0.967176,0.980471,-0.062935,0.186322,-0.177690,0.122511,0.976431,-0.084279,-0.990470,0.108936,0.661253,-0.090973,0.038580,0.743626,0.133522,0.038640,0.100292,0.020078,0.006475,0.019504,-0.186322,-0.976431,-0.108936,0.000000,0.000000,0.000000,-1,-0.174438,-0.960709,-0.082764,0.119402,-0.059221,0.098941,140.865631,179.509384,-750.174683,0,0
2.320000,-1.071729,1.354770,0.999168,0.980205,-0.061457,0.188206,-0.180273,0.115964,0.976757,-0.081853,-0.991350,0.102590,0.663636,-0.091063,0.040064,0.741411,0.094048,0.040679,0.050702,0.006642,0.028560,0.018621,-0.188206,-0.976757,-0.102590,0.000000,0.000000,0.000000,-1,-0.188950,-0.945526,-0.086060,0.089382,-0.055083,0.031175,141.741669,178.985519,-747.669678,0,0
2.360000,-1.094118,1.355279,1.023717,0.979968,-0.059650,0.190013,-0.182641,0.111245,0.976866,-0.079408,-0.992001,0.098122,0.665320,-0.091043,0.041561,0.739820,0.085427,0.064991,0.007096,-0.011433,0.031889,0.013192,-0.190013,-0.976866,-0.098122,0.000000,0.000000,0.000000,-1,-0.217224,-0.956635,-0.078445,0.088294,-0.003158,0.013933,140.865631,179.160141,-747.836670,0,0
2.400000,-1.120717,1.354459,1.054514,0.979557,-0.055794,0.193277,-0.186676,0.105964,0.976690,-0.074973,-0.992803,0.093382,0.667123,-0.090864,0.044333,0.738055,0.081332,0.149812,0.019587,-0.031531,0.008398,0.029738,-0.193277,-0.976690,-0.093382,0.000000,0.000000,0.000000,-1,-0.226578,-0.962723,-0.056046,0.079916,0.085923,0.029579,141.040848,178.985519,-748.337646,0,0
2.440000,-1.137828,1.353874,1.083055,0.979708,-0.044776,0.195365,-0.190128,0.100861,0.976565,-0.063432,-0.993892,0.090301,0.668683,-0.087824,0.049326,0.736694,0.110319,0.241062,0.070997,-0.029229,0.029421,0.030899,-0.195365,-0.976565,-0.090301,0.000000,0.000000,0.000000,-1,-0.211487,-0.939850,-0.062500,0.134443,0.133741,0.101095,141.391251,178.636292,-748.671631,0,0
2.480000,-1.154460,1.353087,1.107170,0.979572,-0.037618,0.197543,-0.193193,0.096591,0.976395,-0.055811,-0.994613,0.087351,0.670006,-0.086123,0.052885,0.735444,0.148681,0.230493,0.094026,0.002841,0.038071,0.019098,-0.197543,-0.976395,-0.087351,0.000000,0.000000,0.000000,-1,-0.173309,-0.949066,-0.100754,0.178952,0.092348,0.071007,142.092072,179.334763,-748.337646,0,0
2.520000,-1.181602,1.354627,1.144102,0.979694,-0.028579,0.198449,-0.195258,0.088769,0.976726,-0.045530,-0.995642,0.081386,0.672595,-0.083199,0.056839,0.733118,0.204670,0.120964,0.011984,0.027016,-0.011036,-0.062122,-0.198449,-0.976726,-0.081386,0.000000,0.000000,0.000000,-1,-0.186890,-0.986053,-0.150116,0.209446,0.011662,-0.002361,140.865631,178.810913,-746.834656,0,0
2.560000,-1.202065,1.357932,1.170021,0.980102,-0.023825,0.197061,-0.194520,0.082420,0.977430,-0.039529,-0.996313,0.076145,0.674822,-0.080890,0.058361,0.731209,0.215018,0.117689,-0.054063,-0.009818,0.026548,-0.078014,-0.197061,-0.977430,-0.076145,0.000000,0.000000,0.000000,-1,-0.220261,-0.921539,-0.154831,0.223086,0.041266,-0.056895,141.216049,178.461670,-746.834656,0,0
2.600000,-1.213948,1.360130,1.186819,0.980425,-0.019365,0.195938,-0.193885,0.078336,0.977892,-0.034286,-0.996739,0.073047,0.676210,-0.078840,0.059764,0.730036,0.224557,0.150557,-0.057489,-0.022232,0.062548,-0.086041,-0.195938,-0.977892,-0.073047,0.000000,0.000000,0.000000,-1,-0.176254,-0.970078,-0.181305,0.226372,0.047664,-0.032494,140.515228,177.413940,-745.832642,0,0
2.640000,-1.237366,1.365301,1.218417,0.981161,-0.012086,0.192814,-0.191514,0.070425,0.978960,-0.025411,-0.997444,0.066783,0.678961,-0.074968,0.061639,0.727731,0.205510,0.115647,-0.012460,0.056583,-0.025862,-0.113423,-0.192814,-0.978960,-0.066783,0.000000,0.000000,0.000000,-1,-0.120651,-0.999191,-0.171799,0.192450,0.008488,0.002095,141.391251,178.985519,-745.999634,0,0
2.680000,-1.246584,1.367939,1.232077,0.981562,-0.008048,0.190973,-0.190022,0.066944,0.979495,-0.020667,-0.997724,0.064180,0.680154,-0.072803,0.062598,0.726754,0.132195,0.053163,0.025832,0.058984,0.005587,-0.105619,-0.190973,-0.979495,-0.064180,0.000000,0.000000,0.000000,-1,-0.152908,-0.980347,-0.152145,0.155367,-0.072012,0.052862,140.690430,179.334763,-745.999634,0,0
2.720000,-1.256587,1.368243,1.243738,0.981505,-0.006602,0.191322,-0.190507,0.064628,0.979556,-0.018832,-0.997888,0.062175,0.680937,-0.072367,0.063328,0.726001,0.168412,0.020357,0.060670,0.030753,-0.008069,-0.077016,-0.191322,-0.979556,-0.062175,0.000000,0.000000,0.000000,-1,-0.177750,-0.998337,-0.103516,0.190580,-0.064541,0.085416,141.741669,178.636292,-743.661621,0,0
2.760000,-1.291497,1.367156,1.280877,0.980910,-0.004942,0.194399,-0.193796,0.057814,0.979337,-0.016079,-0.998315,0.055753,0.683254,-0.072717,0.065247,0.723615,0.204831,0.040612,0.132505,0.014071,0.001096,-0.029071,-0.194399,-0.979337,-0.055753,0.000000,0.000000,0.000000,-1,-0.202164,-0.956390,-0.068680,0.195190,-0.050620,0.177845,141.566467,178.112427,-745.832642,0,0
2.800000,-1.333464,1.357364,1.323815,0.978568,-0.004257,0.205878,-0.205388,0.051784,0.977310,-0.014821,-0.998649,0.049800,0.685015,-0.076511,0.069727,0.721137,0.000076,-0.068384,0.272480,-0.014886,0.016571,0.000758,-0.205878,-0.977310,-0.049800,0.000000,0.000000,0.000000,-1,-0.219788,-0.961563,-0.047318,-0.047025,-0.183033,0.255573,139.814407,178.461670,-745.832642,0,0
2.840000,-1.337428,1.350170,1.324647,0.977047,-0.007035,0.212909,-0.212244,0.053325,0.975761,-0.018217,-0.998552,0.050608,0.684309,-0.080110,0.071127,0.721280,-0.048053,-0.137392,0.210562,0.012607,0.020850,0.001246,-0.212909,-0.975761,-0.050608,0.000000,0.000000,0.000000,-1,-0.101852,-0.950684,-0.033997,0.042039,-0.188429,0.191856,140.690430,178.985519,-745.331604,0,0
2.880000,-1.354997,1.343624,1.339944,0.975456,-0.009310,0.219999,-0.219248,0.051533,0.974307,-0.020408,-0.998628,0.048227,0.684780,-0.083442,0.072867,0.720280,0.115526,0.032131,0.135661,0.142027,0.009463,0.033746,-0.219999,-0.974307,-0.048227,0.000000,0.000000,0.000000,-1,-0.072235,-1.016052,0.024765,0.156587,-0.006237,0.081272,139.113571,178.461670,-745.164612,0,0
2.920000,-1.395519,1.346676,1.387792,0.975755,-0.003245,0.218844,-0.218538,0.040446,0.974990,-0.012015,-0.999176,0.038756,0.688577,-0.080522,0.075093,0.716756,0.284828,0.120841,-0.097432,0.106798,-0.044816,0.046660,-0.218844,-0.974990,-0.038756,0.000000,0.000000,0.000000,-1,-0.120743,-0.983521,-0.024353,0.273033,-0.096527,-0.034485,140.340012,178.985519,-743.995605,0,0
2.960000,-1.429940,1.349316,1.423621,0.976057,-0.002772,0.217499,-0.217300,0.032214,0.975573,-0.009711,-0.999477,0.030840,0.691557,-0.079557,0.075116,0.713987,0.259596,-0.075125,0.018612,0.110291,0.019396,-0.004255,-0.217499,-0.975573,-0.030840,0.000000,0.000000,0.000000,-1,-0.061325,-0.924438,-0.026764,0.208654,-0.339051,0.141769,139.113571,178.810913,-743.494568,0,0
3.000000,-1.473500,1.349364,1.458183,0.975736,-0.012586,0.218589,-0.218236,0.024681,0.975584,-0.017674,-0.999616,0.021335,0.694572,-0.083081,0.072316,0.710942,0.109085,-0.364282,0.201268,0.169913,0.055647,-0.000073,-0.218589,-0.975584,-0.021335,0.000000,0.000000,0.000000,-1,-0.038925,-0.945862,-0.039963,0.083277,-0.512843,0.198184,140.164810,178.810913,-744.162598,0,0
3.040000,-1.519250,1.346248,1.480015,0.974262,-0.036953,0.222370,-0.221749,0.020186,0.974895,-0.040514,-0.999113,0.011472,0.696886,-0.092806,0.065239,0.708153,0.156341,-0.597677,0.096432,0.158512,0.007808,-0.042559,-0.222370,-0.974895,-0.011472,0.000000,0.000000,0.000000,-1,-0.078217,-0.973694,-0.058044,0.160325,-0.763200,0.099539,139.113571,178.810913,-743.494568,0,0
3.080000,-1.557513,1.344881,1.499347,0.972965,-0.056319,0.223979,-0.223427,0.015991,0.974589,-0.058470,-0.998285,0.002975,0.698928,-0.100063,0.059201,0.705679,0.145621,-0.672958,0.090486,0.141169,0.005992,-0.053665,-0.223979,-0.974589,-0.002975,0.000000,0.000000,0.000000,-1,-0.098785,-0.951981,-0.040482,0.153884,-0.745207,0.079319,138.412750,179.160141,-742.826599,0,0
3.120000,-1.608243,1.343121,1.525504,0.970817,-0.081477,0.225555,-0.225482,0.010220,0.974194,-0.081680,-0.996623,-0.008450,0.701614,-0.109376,0.051266,0.702244,0.169999,-0.593492,0.055800,0.121200,0.018185,-0.038495,-0.225555,-0.974194,0.008450,0.000000,0.000000,0.000000,-1,-0.150742,-0.974792,-0.024536,0.178278,-0.684817,0.051120,139.814407,179.160141,-741.490540,0,1
3.160000,-1.659061,1.342673,1.554345,0.968719,-0.104100,0.225270,-0.226120,0.003720,0.974092,-0.102242,-0.994560,-0.019935,0.704438,-0.117193,0.043662,0.698660,0.228531,-0.565896,0.070952,0.063923,-0.008650,-0.046470,-0.225270,-0.974092,0.019935,0.000000,0.000000,0.000000,-1,-0.157578,-1.010788,-0.021774,0.242275,-0.657177,0.100285,142.092072,178.636292,-741.657593,0,0
3.200000,-1.713114,1.339606,1.588710,0.965939,-0.124555,0.226820,-0.229100,-0.004104,0.973394,-0.120310,-0.992204,-0.032500,0.707556,-0.124956,0.037633,0.694502,0.222313,-0.475728,0.100366,0.084257,-0.045862,-0.067458,-0.226820,-0.973394,0.032500,0.000000,0.000000,0.000000,-1,-0.102661,-1.024963,-0.073181,0.214666,-0.523618,0.081903,139.463989,178.461670,-741.824585,0,0
3.240000,-1.747088,1.340416,1.607186,0.964236,-0.140393,0.224809,-0.228197,-0.008308,0.973580,-0.134816,-0.990061,-0.040048,0.709329,-0.129908,0.031718,0.692077,0.141431,-0.386692,0.076309,0.139940,-0.043953,-0.125680,-0.224809,-0.973580,0.040048,0.000000,0.000000,0.000000,-1,-0.053879,-1.010880,-0.081985,0.086107,-0.465292,0.092631,140.865631,178.810913,-741.490540,0,0
3.280000,-1.742031,1.343552,1.586324,0.962572,-0.155472,0.221998,-0.225266,-0.003498,0.974291,-0.150699,-0.987834,-0.038390,0.707895,-0.134461,0.025180,0.692944,-0.183929,-0.287039,0.062315,0.177519,-0.042173,-0.085036,-0.221998,-0.974291,0.038390,0.000000,0.000000,0.000000,-1,-0.066223,-1.090500,-0.008743,-0.355388,-0.516284,0.029649,139.989609,181.080963,-742.325562,0,0
3.320000,-1.698557,1.345630,1.524114,0.959814,-0.172391,0.221448,-0.223025,0.010419,0.974757,-0.170346,-0.984974,-0.028447,0.703179,-0.140581,0.018168,0.696740,-0.438780,-0.530059,-0.088018,0.222089,-0.202321,-0.013509,-0.221448,-0.974757,0.028447,0.000000,0.000000,0.000000,-1,0.085831,-1.136383,0.031631,-0.508330,-0.626878,-0.189419,140.340012,180.033249,-742.325562,0,0
3.360000,-1.636947,1.356002,1.445180,0.958920,-0.187722,0.212680,-0.211467,0.026704,0.977020,-0.189088,-0.981859,-0.014090,0.697550,-0.143068,0.008455,0.702057,-0.770715,-0.500902,-0.436581,0.273532,-0.152481,0.005060,-0.212680,-0.977020,0.014090,0.000000,0.000000,0.000000,-1,-0.107986,-1.110306,-0.018478,-0.939068,-0.587095,-0.520986,140.515228,178.112427,-742.492554,0,0
3.400000,-1.313976,1.381767,1.099247,0.961686,-0.205256,0.181742,-0.167398,0.085359,0.982187,-0.217114,-0.974979,0.047729,0.676128,-0.137790,-0.013079,0.723667,-1.792320,-0.112324,-0.770656,-0.016759,-0.117987,-0.050126,-0.181742,-0.982187,-0.047729,0.000000,0.000000,0.000000,-1,-0.269806,-1.063141,-0.212494,-2.079969,-0.459338,-0.860015,143.844131,178.985519,-747.669678,0,0
3.440000,-0.854218,1.371391,0.614815,0.962861,-0.224917,0.149369,-0.114258,0.161813,0.980185,-0.244630,-0.960848,0.130105,0.646325,-0.131194,-0.036847,0.750796,-2.550209,-0.661720,-0.899170,-0.133758,-0.020853,-0.067557,-0.149369,-0.980184,-0.130105,0.000000,0.000000,0.000000,-1,-0.309250,-0.931946,-0.201599,-2.735273,-0.864379,-0.879684,144.895370,179.684006,-751.677734,0,0
3.480000,-0.564034,1.325407,0.291088,0.958385,-0.254229,0.129872,-0.069721,0.232714,0.970043,-0.276836,-0.938729,0.205304,0.616516,-0.131363,-0.059594,0.774016,-2.577381,-1.025074,-0.699379,-0.226619,0.110546,0.037092,-0.129872,-0.970043,-0.205304,0.000000,0.000000,0.000000,-1,-0.132828,-1.052567,-0.148438,-2.327517,-1.383492,-0.624416,145.596191,180.382492,-752.679688,0,0
3.520000,-0.401038,1.252786,0.050409,0.938171,-0.323940,0.122061,-0.015755,0.312280,0.949859,-0.345815,-0.893053,0.287869,0.578364,-0.146834,-0.096718,0.796605,-1.329326,-1.209095,-0.409145,0.047751,-0.243531,0.205486,-0.122061,-0.949859,-0.287868,0.000000,0.000000,0.000000,-1,-0.066910,-0.958893,-0.060974,-0.825572,-1.074746,-0.491316,147.173050,181.954071,-758.524780,0,0
3.560000,-0.358190,1.232523,-0.038927,0.922953,-0.366908,0.116343,0.012915,0.331607,0.943329,-0.384695,-0.869146,0.310796,0.565807,-0.156411,-0.118571,0.800837,-0.234327,-1.075751,-0.483437,-0.045553,0.133820,0.256429,-0.116343,-0.943329,-0.310796,0.000000,0.000000,0.000000,-1,-0.145813,-0.791885,-0.108780,0.054611,-1.101280,-0.520045,145.596191,180.382492,-758.023804,0,0
3.600000,-0.347303,1.243197,-0.077092,0.912682,-0.393722,0.109519,0.024782,0.320815,0.946817,-0.407919,-0.861429,0.302559,0.567738,-0.162461,-0.131398,0.796250,0.382723,-0.576373,-0.477599,-0.072991,0.174082,0.135766,-0.109519,-0.946817,-0.302559,0.000000,0.000000,0.000000,-1,-0.272797,-0.682358,-0.319061,0.460639,-0.560349,-0.375913,146.647430,181.779449,-758.357788,0,0
3.640000,-0.392301,1.282109,-0.055488,0.902284,-0.417178,0.108843,0.015789,0.284256,0.958618,-0.430854,-0.863227,0.263067,0.582014,-0.172414,-0.138317,0.782561,1.195124,-0.511864,0.110965,-0.101103,0.280838,-0.053157,-0.108843,-0.958618,-0.263067,0.000000,0.000000,0.000000,-1,-0.073257,-0.705612,-0.287750,1.279498,-0.433274,0.220807,146.822647,181.604828,-756.186768,0,0
3.680000,-0.501744,1.321126,0.048831,0.898449,-0.422692,0.118837,-0.012061,0.246790,0.968994,-0.438913,-0.872024,0.216630,0.598963,-0.181460,-0.133596,0.768419,0.912076,0.190102,0.185376,0.121110,0.183151,0.053666,-0.118837,-0.968994,-0.216630,0.000000,0.000000,0.000000,-1,0.004410,-0.817810,-0.129669,0.626739,0.209018,0.097457,146.822647,180.557098,-754.850769,0,0
3.720000,-0.526745,1.332426,0.081836,0.901488,-0.416208,0.118702,-0.019301,0.235329,0.971724,-0.432374,-0.878289,0.204113,0.604575,-0.180089,-0.129707,0.765005,0.190495,0.156935,-0.006499,0.056904,0.200942,0.070843,-0.118702,-0.971724,-0.204113,0.000000,0.000000,0.000000,-1,-0.096741,-0.686462,-0.314484,-0.000861,0.066854,0.040129,146.647430,180.731720,-753.681763,0,0
3.760000,-0.510864,1.325702,0.070024,0.903371,-0.412123,0.118638,-0.016977,0.242053,0.970115,-0.428523,-0.878388,0.211667,0.602007,-0.178196,-0.128688,0.767641,-0.054470,-0.289455,-0.030505,-0.115432,0.046866,-0.204806,-0.118638,-0.970114,-0.211667,0.000000,0.000000,0.000000,-1,-0.316010,-1.681458,-0.099701,0.373513,-1.025827,0.300481,145.596191,179.684006,-754.349731,0,0
3.800000,-0.584625,1.330410,0.113681,0.889340,-0.437961,0.131392,-0.027007,0.236541,0.971246,-0.456448,-0.867317,0.198538,0.602964,-0.192784,-0.134774,0.762302,0.071860,-0.723022,0.008353,0.229216,-0.298148,0.144644,-0.131392,-0.971246,-0.198538,0.000000,0.000000,0.000000,-1,-0.007431,-1.114456,-0.019760,-0.007047,-0.817438,-0.010061,146.121811,181.604828,-756.520752,0,1
3.840000,-0.610417,1.329740,0.113548,0.877201,-0.460209,0.136842,-0.027049,0.237192,0.971086,-0.479360,-0.855540,0.195617,0.600915,-0.202715,-0.142499,0.759936,-0.008086,-1.119504,0.034425,0.126664,-0.028136,0.143477,-0.136842,-0.971086,-0.195617,0.000000,0.000000,0.000000,-1,-0.134521,-0.972733,-0.066208,0.137313,-1.371849,0.041908,147.173050,181.954071,-752.846741,0,0
3.880000,-0.744104,1.340389,0.184092,0.843973,-0.513599,0.154681,-0.041805,0.224515,0.973573,-0.534755,-0.828136,0.168014,0.602379,-0.230504,-0.157739,0.747747,0.689909,-1.139413,0.184253,-0.020612,-0.130965,0.172256,-0.154681,-0.973573,-0.168014,0.000000,0.000000,0.000000,-1,-0.100250,-1.199570,0.023590,1.106283,-0.816287,0.038294,146.297028,181.430206,-754.349731,0,0
3.920000,-0.920704,1.369073,0.337544,0.829381,-0.535434,0.159490,-0.066353,0.189052,0.979723,-0.554729,-0.823146,0.121268,0.616251,-0.244132,-0.160340,0.731386,1.251889,-0.353146,-0.094610,0.055929,-0.079466,0.100165,-0.159490,-0.979723,-0.121268,0.000000,0.000000,0.000000,-1,-0.198792,-0.869446,-0.081543,1.209285,-0.490951,-0.062171,146.822647,181.255585,-753.848755,0,0
3.960000,-1.088773,1.387405,0.496281,0.822477,-0.545364,0.161586,-0.086835,0.160365,0.983231,-0.562132,-0.822716,0.084540,0.628007,-0.251669,-0.159451,0.718919,1.142368,-0.418442,0.198351,-0.060734,0.179703,0.029959,-0.161586,-0.983231,-0.084540,0.000000,0.000000,0.000000,-1,-0.126129,-0.862228,0.071106,1.115189,-0.485018,0.360071,144.019348,179.160141,-750.174683,0,0
4.000000,-1.396653,1.380699,0.790954,0.809490,-0.556861,0.186096,-0.134351,0.132866,0.981986,-0.571556,-0.819910,0.032739,0.641070,-0.269554,-0.150319,0.702690,0.821505,-0.412637,0.537996,0.121369,0.038230,0.103372,-0.186096,-0.981986,-0.032739,0.000000,0.000000,0.000000,-1,-0.051590,-0.917969,0.026749,0.684985,-0.545285,0.474648,143.668930,181.255585,-749.172668,0,0
4.040000,-1.556868,1.364277,0.938177,0.797503,-0.567407,0.205034,-0.165372,0.121240,0.978751,-0.580208,-0.814463,0.002856,0.646801,-0.283232,-0.145011,0.693109,0.611875,-0.287648,0.463154,0.110430,0.087164,-0.065000,-0.205034,-0.978751,-0.002856,0.000000,0.000000,0.000000,-1,-0.107437,-0.911987,-0.121460,0.615097,-0.291861,0.497676,144.369751,180.557098,-748.504639,0,0
4.080000,-1.644700,1.348715,1.025138,0.793197,-0.567968,0.219659,-0.188275,0.114311,0.975441,-0.579129,-0.815074,-0.016263,0.650990,-0.290421,-0.138048,0.687613,0.660150,0.081364,0.502441,0.141107,0.058586,-0.120847,-0.219659,-0.975441,0.016263,0.000000,0.000000,0.000000,-1,0.024963,-0.895004,-0.040726,0.676990,0.157623,0.466245,142.267288,181.954071,-745.832642,0,0
4.120000,-1.751763,1.327910,1.152606,0.799426,-0.552222,0.236578,-0.219780,0.097671,0.970648,-0.559119,-0.827956,-0.043286,0.660500,-0.292203,-0.122082,0.680774,0.544378,0.305678,0.203797,0.267263,0.000830,-0.096494,-0.236578,-0.970648,0.043286,0.000000,0.000000,0.000000,-1,0.027069,-1.073288,-0.112106,0.404515,-0.104719,0.156635,141.916870,181.954071,-744.162598,0,0
4.160000,-1.803565,1.319593,1.204846,0.797541,-0.552657,0.241866,-0.232110,0.088947,0.968614,-0.556825,-0.828649,-0.057338,0.664442,-0.295273,-0.118505,0.676230,0.146940,-0.238399,0.082987,0.282881,-0.151000,-0.213008,-0.241866,-0.968614,0.057338,0.000000,0.000000,0.000000,-1,-0.001816,-1.129181,-0.156830,0.022318,-0.317969,0.062885,141.216049,180.906342,-746.500610,0,0
4.200000,-1.798979,1.318912,1.194624,0.794280,-0.556940,0.242769,-0.231803,0.091558,0.968444,-0.561592,-0.825491,-0.056378,0.663155,-0.297344,-0.120192,0.676288,-0.254081,-0.120840,0.004970,0.204515,-0.174149,-0.145428,-0.242769,-0.968444,0.056378,0.000000,0.000000,0.000000,-1,-0.237167,-1.341537,0.099365,-0.472650,-0.322452,-0.093325,143.844131,182.477921,-745.665649,0,0
4.240000,-1.633250,1.345529,0.996991,0.783147,-0.580502,0.222932,-0.187593,0.121251,0.974734,-0.592866,-0.805180,-0.013941,0.647271,-0.296667,-0.142883,0.687469,-1.623497,-0.776106,-0.721581,-0.065337,-0.211759,0.007360,-0.222932,-0.974734,0.013941,0.000000,0.000000,0.000000,-1,-0.175415,-1.049225,-0.034241,-2.213339,-0.558098,-0.965534,144.544968,182.128693,-748.337646,0,0
