0.000000,-1.299493,1.367394,1.106459,0.963669,-0.182943,0.194614,-0.180614,0.090463,0.979385,-0.196777,-0.978953,0.054134,0.674365,-0.134778,-0.000802,0.725993,0.013137,-0.011760,0.009936,0.003086,0.018707,0.002239,-0.194614,-0.979385,-0.054134,0.000000,0.000000,0.000000,-1,-0.190979,-0.963943,-0.054092,-0.006416,-0.006383,-0.003122,54.319733,162.959152,-565.945862,0,0
0.040000,-1.300445,1.367355,1.107291,0.963627,-0.183070,0.194702,-0.180724,0.090330,0.979377,-0.196882,-0.978941,0.053959,0.674414,-0.134855,-0.000808,0.725933,0.016319,-0.013899,0.007789,0.004104,0.018592,0.000553,-0.194702,-0.979377,-0.053959,0.000000,0.000000,0.000000,-1,-0.193497,-0.963425,-0.050400,-0.004372,-0.029744,-0.009443,52.210220,163.662323,-564.940308,0,0
0.080000,-1.308365,1.367366,1.113070,0.963126,-0.185255,0.195113,-0.181233,0.089279,0.979379,-0.198855,-0.978626,0.052412,0.674803,-0.135776,-0.001386,0.725399,0.022550,-0.063710,0.004732,-0.000138,0.017068,0.002059,-0.195113,-0.979379,-0.052413,0.000000,0.000000,0.000000,-1,-0.195908,-0.955276,-0.046417,0.005109,-0.066776,-0.005116,52.386017,162.080200,-566.448608,0,0
0.120000,-1.315577,1.367148,1.118042,0.962573,-0.187506,0.195692,-0.181866,0.088470,0.979335,-0.200944,-0.978271,0.051058,0.675101,-0.136784,-0.001945,0.724931,0.028859,-0.084650,0.010086,0.000319,0.026332,0.003374,-0.195692,-0.979335,-0.051058,0.000000,0.000000,0.000000,-1,-0.186371,-0.956741,-0.047073,0.003989,-0.092117,0.003510,53.792358,161.728607,-565.443115,0,0
0.160000,-1.330137,1.367051,1.126401,0.961180,-0.193694,0.196508,-0.182686,0.086988,0.979316,-0.206781,-0.977198,0.048226,0.675642,-0.139267,-0.003801,0.723947,0.033030,-0.114307,0.010162,0.012166,0.028846,0.001427,-0.196508,-0.979316,-0.048226,0.000000,0.000000,0.000000,-1,-0.187027,-0.956650,-0.048370,0.013480,-0.115499,-0.004998,53.792358,163.838120,-565.107910,0,0
0.200000,-1.339467,1.367251,1.131600,0.960286,-0.197829,0.196759,-0.182959,0.085954,0.979356,-0.210657,-0.976461,0.046346,0.676015,-0.140821,-0.005140,0.723289,0.039233,-0.168403,0.001794,0.002087,0.015412,-0.000911,-0.196759,-0.979356,-0.046346,0.000000,0.000000,0.000000,-1,-0.201736,-0.960266,-0.031204,0.030360,-0.166352,-0.006004,53.089188,164.189697,-565.443115,0,0
0.240000,-1.357435,1.367208,1.144586,0.959054,-0.202900,0.197600,-0.184097,0.083588,0.979347,-0.215227,-0.975625,0.042812,0.676878,-0.142935,-0.006510,0.722055,0.094603,-0.178891,0.014190,-0.006135,0.012199,0.008922,-0.197600,-0.979347,-0.042812,0.000000,0.000000,0.000000,-1,-0.203979,-0.955429,-0.035416,0.084537,-0.222332,0.011896,53.264984,162.607574,-565.945862,0,0
0.280000,-1.402015,1.366346,1.176640,0.955754,-0.215587,0.200144,-0.187461,0.077969,0.979173,-0.226702,-0.973367,0.034105,0.678911,-0.148417,-0.009780,0.718997,0.105134,-0.230644,0.030288,0.007395,0.026383,-0.005308,-0.200144,-0.979173,-0.034105,0.000000,0.000000,0.000000,-1,-0.196075,-0.959045,-0.032715,0.088753,-0.248674,0.026877,52.561813,163.310745,-565.945862,0,0
0.320000,-1.430799,1.365673,1.197342,0.953544,-0.223768,0.201695,-0.189648,0.074312,0.979036,-0.234066,-0.971805,0.028423,0.680222,-0.151942,-0.011897,0.716987,0.135776,-0.322650,0.046376,-0.000301,0.014345,0.010707,-0.201695,-0.979036,-0.028423,0.000000,0.000000,0.000000,-1,-0.207870,-0.965668,-0.015869,0.120424,-0.341847,0.031242,52.034439,163.134949,-563.767212,0,0
0.360000,-1.466855,1.364390,1.222533,0.950457,-0.234694,0.203838,-0.192640,0.069940,0.978774,-0.243968,-0.969550,0.021264,0.681772,-0.156700,-0.014716,0.714434,0.158886,-0.419137,0.035910,-0.017156,0.018264,0.010415,-0.203837,-0.978774,-0.021264,0.000000,0.000000,0.000000,-1,-0.220490,-0.955292,-0.004700,0.130588,-0.477695,0.001843,51.682846,161.728607,-563.096863,0,0
0.400000,-1.531267,1.362833,1.263991,0.943970,-0.257603,0.206306,-0.196826,0.062356,0.978453,-0.264917,-0.964237,0.008159,0.684371,-0.166002,-0.021410,0.709663,0.147970,-0.475654,-0.005330,-0.013909,0.016875,0.011364,-0.206306,-0.978453,-0.008159,0.000000,0.000000,0.000000,-1,-0.217728,-0.970123,0.004288,0.127410,-0.450403,-0.024868,51.858643,162.255981,-562.929260,0,0
0.440000,-1.567278,1.362849,1.286858,0.940259,-0.270724,0.206450,-0.198185,0.057835,0.978457,-0.276832,-0.960918,0.000726,0.685875,-0.170917,-0.025654,0.706898,0.139494,-0.444085,-0.027750,-0.012406,0.007510,-0.000632,-0.206450,-0.978457,-0.000726,0.000000,0.000000,0.000000,-1,-0.210312,-0.961838,-0.006851,0.099726,-0.432597,-0.047091,51.858643,164.365494,-561.253418,0,0
0.480000,-1.600267,1.363799,1.303923,0.935827,-0.286399,0.205433,-0.198247,0.054200,0.978652,-0.291419,-0.956576,-0.006056,0.686965,-0.176372,-0.031292,0.704268,0.074799,-0.348854,-0.039320,0.001911,0.020797,-0.013945,-0.205433,-0.978652,0.006056,0.000000,0.000000,0.000000,-1,-0.199234,-0.952499,-0.010895,0.024644,-0.262057,-0.047148,53.968140,162.607574,-562.258911,0,0
0.520000,-1.614065,1.365120,1.307907,0.933165,-0.295926,0.204038,-0.197212,0.053073,0.978923,-0.300518,-0.953735,-0.008834,0.687191,-0.179404,-0.035099,0.703101,0.040225,-0.170779,-0.025871,0.006452,0.025935,-0.014907,-0.204038,-0.978923,0.008834,0.000000,0.000000,0.000000,-1,-0.199280,-0.962555,0.015854,0.015681,-0.084863,-0.013653,52.737595,162.783371,-562.426514,0,0
0.560000,-1.627875,1.365800,1.317690,0.932039,-0.300000,0.203233,-0.197078,0.050975,0.979062,-0.304078,-0.952576,-0.011613,0.687873,-0.180658,-0.036651,0.702033,0.018237,-0.056298,-0.016544,0.009034,0.009533,0.011138,-0.203232,-0.979062,0.011613,0.000000,0.000000,0.000000,-1,-0.195908,-0.971970,0.023743,-0.015208,-0.071284,-0.034770,52.913391,161.904404,-562.929260,0,0
0.600000,-1.634697,1.366907,1.321628,0.931360,-0.302882,0.202066,-0.196226,0.049931,0.979286,-0.306697,-0.951719,-0.012930,0.688179,-0.181315,-0.038010,0.701492,0.006269,-0.123239,-0.039639,0.004358,0.007576,0.012659,-0.202066,-0.979287,0.012930,0.000000,0.000000,0.000000,-1,-0.205261,-0.967148,0.018143,-0.002740,-0.150979,-0.062267,51.858643,163.310745,-562.258911,0,0
0.640000,-1.652006,1.368990,1.328997,0.928646,-0.312578,0.199778,-0.194608,0.047995,0.979706,-0.315823,-0.948679,-0.016260,0.688642,-0.184125,-0.042128,0.700068,0.002866,-0.183718,-0.051097,-0.016057,0.023560,-0.003717,-0.199778,-0.979706,0.016260,0.000000,0.000000,0.000000,-1,-0.215668,-0.955948,0.008743,-0.027298,-0.176362,-0.058785,50.979675,162.783371,-561.420959,0,0
0.680000,-1.654471,1.369383,1.325969,0.926983,-0.317743,0.199355,-0.194089,0.048491,0.979785,-0.320986,-0.946936,-0.016720,0.688333,-0.185895,-0.044176,0.699777,-0.019481,-0.184702,-0.043455,-0.016649,0.023333,-0.005123,-0.199355,-0.979785,0.016720,0.000000,0.000000,0.000000,-1,-0.202530,-0.954666,0.015167,-0.040058,-0.174201,-0.054433,52.210220,162.255981,-562.929260,0,0
0.720000,-1.657476,1.369915,1.323775,0.924977,-0.324151,0.198354,-0.193064,0.048747,0.979974,-0.327328,-0.944749,-0.017492,0.688063,-0.187924,-0.046862,0.699327,-0.005554,-0.158197,-0.040461,0.003697,0.019006,-0.004202,-0.198354,-0.979974,0.017492,0.000000,0.000000,0.000000,-1,-0.177612,-0.961563,0.017136,-0.065403,-0.114775,-0.042741,52.210220,161.904404,-562.929260,0,0
0.760000,-1.656639,1.372950,1.316497,0.923896,-0.328732,0.195834,-0.190236,0.049447,0.980492,-0.332002,-0.943128,-0.016852,0.687623,-0.188682,-0.049507,0.699373,-0.039400,-0.088226,-0.034078,0.026232,0.016869,-0.006339,-0.195834,-0.980492,0.016852,0.000000,0.000000,0.000000,-1,-0.164444,-0.962234,0.007263,-0.051437,-0.068235,-0.049415,52.737595,161.025452,-562.091309,0,0
0.800000,-1.653706,1.375493,1.311539,0.923717,-0.330672,0.193398,-0.187579,0.049751,0.980989,-0.334007,-0.942433,-0.016071,0.687393,-0.188484,-0.051139,0.699535,-0.013742,-0.049082,-0.038695,0.028893,0.022432,-0.011448,-0.193398,-0.980989,0.016071,0.000000,0.000000,0.000000,-1,-0.179855,-0.958710,0.016876,-0.031024,-0.011007,-0.045527,52.034439,162.431778,-562.426514,0,0
0.840000,-1.650233,1.377663,1.309316,0.924545,-0.329560,0.191330,-0.185411,0.049617,0.981408,-0.332926,-0.942830,-0.015231,0.687415,-0.187285,-0.051496,0.699809,-0.023995,0.069672,-0.025217,0.002395,0.009713,0.012952,-0.191330,-0.981408,0.015231,0.000000,0.000000,0.000000,-1,-0.195404,-0.977219,0.032761,-0.033966,0.076853,-0.051160,52.210220,162.959152,-563.264465,0,0
0.880000,-1.652162,1.379473,1.313770,0.925701,-0.327348,0.189530,-0.183912,0.048340,0.981753,-0.330536,-0.943667,-0.015455,0.687898,-0.185805,-0.051246,0.699747,0.004487,0.013144,-0.066769,-0.002487,0.025638,0.004076,-0.189530,-0.981753,0.015455,0.000000,0.000000,0.000000,-1,-0.191040,-0.950333,0.013809,-0.014023,0.004570,-0.078742,53.089188,162.431778,-563.767212,0,0
0.920000,-1.652326,1.381124,1.313847,0.925973,-0.327511,0.187911,-0.182347,0.047913,0.982066,-0.330641,-0.943632,-0.015354,0.688007,-0.185266,-0.051864,0.699738,-0.004086,-0.006947,-0.063429,-0.001710,0.028911,-0.010853,-0.187911,-0.982066,0.015354,0.000000,0.000000,0.000000,-1,-0.180466,-0.958328,0.000259,-0.043820,0.008824,-0.077462,53.264984,162.255981,-561.923706,0,0
0.960000,-1.644370,1.383435,1.306089,0.926481,-0.327300,0.185763,-0.179779,0.048733,0.982499,-0.330625,-0.943663,-0.013692,0.687648,-0.184353,-0.052666,0.700272,-0.050900,0.017298,-0.077007,0.008883,0.018571,-0.009175,-0.185763,-0.982499,0.013692,0.000000,0.000000,0.000000,-1,-0.176117,-0.960007,0.012115,-0.069316,0.043604,-0.096570,53.089188,163.486526,-562.761719,0,0
1.000000,-1.630090,1.388846,1.294644,0.928410,-0.324697,0.180630,-0.174092,0.049336,0.983493,-0.328249,-0.944531,-0.010723,0.687349,-0.181418,-0.053691,0.701253,-0.032682,0.059630,-0.080506,0.004162,0.026080,-0.003780,-0.180630,-0.983493,0.010723,0.000000,0.000000,0.000000,-1,-0.179626,-0.958374,0.008972,-0.060730,0.061657,-0.091378,52.561813,161.904404,-564.605164,0,0
1.040000,-1.623295,1.390936,1.289396,0.929296,-0.323256,0.178646,-0.171856,0.049679,0.983869,-0.326917,-0.945007,-0.009387,0.687205,-0.180118,-0.053940,0.701710,-0.038018,0.055395,-0.080445,-0.007573,0.028897,0.004071,-0.178646,-0.983869,0.009387,0.000000,0.000000,0.000000,-1,-0.187927,-0.962692,0.016266,-0.055370,0.071217,-0.088259,53.440765,162.431778,-561.756165,0,0
1.080000,-1.618074,1.392584,1.286191,0.930247,-0.321382,0.177073,-0.170140,0.049774,0.984162,-0.325106,-0.945641,-0.008378,0.687177,-0.178819,-0.053855,0.702076,-0.029399,0.082989,-0.074219,-0.008413,0.019410,0.004470,-0.177073,-0.984162,0.008378,0.000000,0.000000,0.000000,-1,-0.169250,-0.966415,0.006180,-0.048927,0.090271,-0.089446,54.143936,162.080200,-563.096863,0,0
1.120000,-1.607440,1.397437,1.280152,0.932567,-0.317184,0.172376,-0.165258,0.049431,0.985011,-0.320950,-0.947075,-0.006319,0.687287,-0.175487,-0.054044,0.702794,-0.008202,0.073453,-0.091396,0.003141,0.031001,-0.003420,-0.172376,-0.985011,0.006319,0.000000,0.000000,0.000000,-1,-0.169235,-0.954010,0.002899,-0.025552,0.085890,-0.104525,52.737595,162.080200,-563.432007,0,0
1.160000,-1.604557,1.399578,1.279842,0.933742,-0.314847,0.170286,-0.163222,0.048877,0.985378,-0.318566,-0.947883,-0.005751,0.687498,-0.173843,-0.053920,0.703006,0.001446,0.094643,-0.090481,-0.011538,0.032680,-0.001311,-0.170286,-0.985378,0.005751,0.000000,0.000000,0.000000,-1,-0.182129,-0.951950,0.014206,-0.025384,0.134689,-0.096187,54.143936,162.783371,-563.096863,0,0
1.200000,-1.602851,1.401223,1.281741,0.935145,-0.311534,0.168675,-0.161760,0.048105,0.985657,-0.315179,-0.949017,-0.005409,0.687831,-0.172024,-0.053249,0.703179,-0.001595,0.140236,-0.085295,-0.012798,0.033020,0.009286,-0.168675,-0.985657,0.005409,0.000000,0.000000,0.000000,-1,-0.176483,-0.948303,0.015701,-0.027480,0.149478,-0.100487,52.913391,161.552826,-562.594116,0,0
1.240000,-1.597388,1.405035,1.283831,0.938101,-0.304566,0.164944,-0.158255,0.046703,0.986293,-0.308095,-0.951346,-0.004387,0.688438,-0.168069,-0.051984,0.703636,-0.047575,0.096555,-0.113524,-0.021793,0.025035,0.007866,-0.164945,-0.986293,0.004387,0.000000,0.000000,0.000000,-1,-0.187088,-0.970230,0.022171,-0.091521,0.117494,-0.124373,53.616562,162.959152,-563.599609,0,0
1.280000,-1.587914,1.407234,1.277208,0.939344,-0.301869,0.162810,-0.155866,0.047122,0.986654,-0.305512,-0.952184,-0.002787,0.688297,-0.166257,-0.051832,0.704216,-0.056172,0.082630,-0.130439,-0.031480,0.012181,0.015600,-0.162810,-0.986654,0.002787,0.000000,0.000000,0.000000,-1,-0.197128,-0.971970,0.007095,-0.068344,0.054782,-0.147755,55.022903,161.201233,-563.264465,0,0
1.320000,-1.576318,1.410657,1.266457,0.940169,-0.301092,0.159454,-0.152128,0.047783,0.987205,-0.304859,-0.952397,-0.000880,0.687980,-0.164692,-0.052838,0.704818,-0.057472,0.015776,-0.144011,-0.029389,0.021797,-0.003825,-0.159454,-0.987205,0.000880,0.000000,0.000000,0.000000,-1,-0.180679,-0.966476,-0.004562,-0.101391,0.037883,-0.143174,54.143936,162.431778,-562.761719,0,0
1.360000,-1.559984,1.413318,1.250801,0.940837,-0.300388,0.156820,-0.148868,0.049332,0.987626,-0.304407,-0.952541,0.001696,0.687352,-0.163401,-0.053680,0.705667,-0.089320,0.029751,-0.122501,-0.023310,0.014527,0.001604,-0.156820,-0.987626,-0.001696,0.000000,0.000000,0.000000,-1,-0.180161,-0.980957,0.012711,-0.104537,0.032825,-0.117563,53.264984,161.904404,-563.264465,0,0
1.400000,-1.539582,1.416366,1.231122,0.941587,-0.299628,0.153742,-0.145029,0.051249,0.988099,-0.303942,-0.952679,0.004801,0.686574,-0.161911,-0.054692,0.706689,-0.074413,0.006681,-0.096947,-0.026891,0.016862,0.011545,-0.153742,-0.988099,-0.004801,0.000000,0.000000,0.000000,-1,-0.174179,-0.940277,-0.004684,-0.099288,0.001128,-0.108962,54.143936,162.783371,-564.437561,0,0
1.440000,-1.524348,1.417711,1.215342,0.941685,-0.300046,0.152323,-0.142956,0.053068,0.988305,-0.304621,-0.952447,0.007080,0.685845,-0.161480,-0.055514,0.707431,-0.084077,-0.020844,-0.095693,-0.023031,0.060632,-0.001831,-0.152323,-0.988305,-0.007080,0.000000,0.000000,0.000000,-1,-0.188217,-0.900864,-0.006943,-0.112075,-0.014618,-0.093890,54.671310,159.794907,-564.269958,0,0
1.480000,-1.492799,1.418901,1.181762,0.941395,-0.301692,0.150852,-0.140005,0.057392,0.988486,-0.306876,-0.951676,0.011790,0.684144,-0.161405,-0.057014,0.708974,-0.070132,-0.040360,-0.029661,-0.047756,0.058066,-0.003972,-0.150852,-0.988486,-0.011790,0.000000,0.000000,0.000000,-1,-0.198608,-0.930420,-0.015762,-0.090643,-0.026682,-0.023699,54.495514,161.728607,-563.767212,0,0
1.520000,-1.480821,1.417885,1.168876,0.941044,-0.302364,0.151700,-0.140179,0.059584,0.988332,-0.307874,-0.951329,0.013686,0.683333,-0.161906,-0.057137,0.709633,-0.058207,-0.012342,0.022348,-0.041858,0.014424,-0.006745,-0.151700,-0.988332,-0.013686,0.000000,0.000000,0.000000,-1,-0.182419,-0.995300,-0.018097,-0.078754,-0.007177,0.024075,54.847107,162.431778,-564.772705,0,0
1.560000,-1.470243,1.415416,1.157443,0.940499,-0.302909,0.153974,-0.141722,0.062163,0.987953,-0.308831,-0.950990,0.015535,0.682422,-0.162887,-0.056731,0.710316,-0.047473,-0.016217,0.061699,-0.022967,-0.016640,0.008531,-0.153974,-0.987953,-0.015535,0.000000,0.000000,0.000000,-1,-0.173279,-0.980621,0.003784,-0.057311,0.013266,0.058987,55.022903,163.662323,-564.940308,0,0
1.600000,-1.463874,1.411678,1.151470,0.940125,-0.302233,0.157543,-0.144720,0.064511,0.987367,-0.308578,-0.951049,0.016909,0.681672,-0.163918,-0.055392,0.710905,-0.033498,0.026154,0.062499,0.001857,0.059664,0.019549,-0.157543,-0.987367,-0.016909,0.000000,0.000000,0.000000,-1,-0.153442,-0.913757,-0.000183,-0.060478,0.034312,0.044019,53.792358,161.728607,-564.437561,0,0
1.640000,-1.455903,1.410011,1.144300,0.940178,-0.301284,0.159038,-0.145753,0.066228,0.987102,-0.307931,-0.951232,0.018353,0.681101,-0.164086,-0.054652,0.711470,-0.055883,0.034446,0.042401,0.013134,0.097438,0.007306,-0.159038,-0.987102,-0.018353,0.000000,0.000000,0.000000,-1,-0.128098,-0.863113,-0.021927,-0.096678,0.052129,0.022926,55.198685,163.134949,-564.437561,0,0
1.680000,-1.438271,1.408909,1.128266,0.940620,-0.299513,0.159768,-0.145655,0.069022,0.986925,-0.306624,-0.951592,0.021298,0.680129,-0.163634,-0.053981,0.712555,-0.115434,0.085004,0.010713,0.039117,0.126817,-0.004031,-0.159768,-0.986925,-0.021298,0.000000,0.000000,0.000000,-1,-0.092651,-0.879395,-0.030472,-0.165749,0.137483,-0.025863,53.440765,162.783371,-563.767212,0,0
1.720000,-1.397310,1.408738,1.092266,0.942378,-0.294392,0.158928,-0.143226,0.074298,0.986897,-0.302342,-0.952792,0.027852,0.678275,-0.161298,-0.052860,0.714935,-0.165305,0.182004,-0.038269,0.068321,0.087117,0.005025,-0.158928,-0.986897,-0.027852,0.000000,0.000000,0.000000,-1,-0.081985,-0.953934,-0.008865,-0.194322,0.231350,-0.069671,54.847107,162.080200,-565.107910,0,0
1.760000,-1.357572,1.410802,1.058627,0.944767,-0.288395,0.155705,-0.138870,0.078074,0.987228,-0.296868,-0.954323,0.033712,0.676938,-0.157793,-0.052133,0.717034,-0.162002,0.236861,-0.061948,0.076054,-0.000107,0.038351,-0.155705,-0.987228,-0.033713,0.000000,0.000000,0.000000,-1,-0.112244,-1.047302,0.051788,-0.184742,0.241811,-0.083634,54.847107,163.134949,-565.443115,0,0
1.800000,-1.297230,1.414284,1.009504,0.948929,-0.277508,0.150078,-0.131958,0.082969,0.987777,-0.286568,-0.957134,0.042112,0.675250,-0.151598,-0.050533,0.720071,-0.148269,0.235372,-0.107866,0.023079,-0.077454,0.107084,-0.150078,-0.987777,-0.042112,0.000000,0.000000,0.000000,-1,-0.139862,-1.071411,0.051285,-0.135848,0.249868,-0.127722,54.143936,163.134949,-565.443115,0,0
1.840000,-1.251109,1.420951,0.979334,0.954465,-0.262510,0.141721,-0.123925,0.083238,0.988794,-0.271365,-0.961333,0.046916,0.675335,-0.143053,-0.047992,0.721910,-0.099985,0.344493,-0.103331,0.003996,-0.076162,0.093730,-0.141721,-0.988794,-0.046916,0.000000,0.000000,0.000000,-1,-0.160889,-1.059830,0.059555,-0.129115,0.342257,-0.101487,54.847107,163.838120,-566.113464,0,0
1.880000,-1.233726,1.422360,0.971046,0.957131,-0.253812,0.139570,-0.122081,0.083476,0.989003,-0.262672,-0.963645,0.048911,0.675415,-0.139134,-0.045565,0.722758,-0.095755,0.294044,-0.060558,-0.061724,-0.055918,0.118507,-0.139570,-0.989003,-0.048911,0.000000,0.000000,0.000000,-1,-0.220169,-1.034012,0.073044,-0.100413,0.292855,-0.059977,54.319733,161.904404,-565.275513,0,0
1.920000,-1.232814,1.421743,0.978364,0.959124,-0.245872,0.140100,-0.123195,0.082920,0.988912,-0.254763,-0.965749,0.049241,0.675826,-0.136524,-0.042416,0.723064,-0.058385,0.294336,-0.027808,-0.089255,0.003149,0.117051,-0.140100,-0.988912,-0.049241,0.000000,0.000000,0.000000,-1,-0.203369,-0.912292,0.046997,-0.102423,0.299585,-0.019504,55.550278,161.377029,-566.783813,0,0
1.960000,-1.207030,1.419890,0.967023,0.962593,-0.231679,0.140496,-0.123755,0.085352,0.988635,-0.241038,-0.969041,0.053488,0.675232,-0.131597,-0.037225,0.724816,-0.135986,0.314643,-0.009160,-0.043769,0.100040,0.099585,-0.140496,-0.988635,-0.053488,0.000000,0.000000,0.000000,-1,-0.162704,-0.877411,0.055359,-0.203542,0.332187,-0.046541,56.077652,160.849655,-565.610718,0,0
2.000000,-1.145473,1.418519,0.917582,0.965774,-0.219518,0.138175,-0.120462,0.092188,0.988428,-0.229715,-0.971243,0.062589,0.672866,-0.126318,-0.034012,0.728106,-0.222437,0.299235,-0.073417,-0.010385,0.106882,0.125639,-0.138175,-0.988428,-0.062589,0.000000,0.000000,0.000000,-1,-0.128952,-0.877075,0.069962,-0.256041,0.275485,-0.108775,55.901855,161.728607,-566.448608,0,0
2.040000,-1.086560,1.418422,0.864995,0.967750,-0.213105,0.134334,-0.115522,0.098455,0.988414,-0.223861,-0.972056,0.070661,0.670566,-0.122519,-0.033377,0.730901,-0.251757,0.167259,-0.143006,0.009685,0.116786,0.138730,-0.134334,-0.988414,-0.070661,0.000000,0.000000,0.000000,-1,-0.118454,-0.871597,0.052002,-0.287759,0.063965,-0.189766,57.132401,161.552826,-566.616211,0,0
2.080000,-1.000806,1.419173,0.780561,0.969047,-0.211606,0.127164,-0.106286,0.107319,0.988527,-0.222826,-0.971445,0.081507,0.667125,-0.119128,-0.035848,0.734485,-0.278977,0.007942,-0.191203,0.000425,0.109758,0.132562,-0.127164,-0.988527,-0.081507,0.000000,0.000000,0.000000,-1,-0.143555,-0.897751,0.053146,-0.315592,0.015242,-0.190433,58.714523,162.431778,-568.459717,0,0
2.120000,-0.919647,1.419068,0.699084,0.969894,-0.211784,0.120220,-0.097266,0.115693,0.988511,-0.223259,-0.970445,0.091610,0.663813,-0.116392,-0.038806,0.737766,-0.289313,0.063426,-0.146578,-0.047657,0.057115,0.161328,-0.120220,-0.988511,-0.091610,0.000000,0.000000,0.000000,-1,-0.172272,-0.940994,0.063828,-0.309990,0.075966,-0.152353,58.538742,162.959152,-568.292114,0,0
2.160000,-0.856003,1.416798,0.636267,0.970644,-0.210783,0.115845,-0.091144,0.123375,0.988166,-0.222581,-0.969716,0.100541,0.660819,-0.114225,-0.040380,0.740702,-0.307574,0.021194,-0.146290,-0.053818,0.043448,0.162767,-0.115845,-0.988166,-0.100541,0.000000,0.000000,0.000000,-1,-0.166733,-0.956970,0.057327,-0.348728,-0.047023,-0.166506,58.011368,162.431778,-570.470764,0,1
2.200000,-0.799662,1.414255,0.576314,0.970383,-0.214144,0.111801,-0.084957,0.130721,0.987772,-0.226140,-0.968016,0.108656,0.657838,-0.113668,-0.043453,0.743263,-0.335574,-0.093203,-0.146699,-0.052429,0.021830,0.163939,-0.111801,-0.987772,-0.108656,0.000000,0.000000,0.000000,-1,-0.160385,-0.971207,0.059525,-0.361479,-0.059493,-0.140792,57.483978,161.904404,-569.968018,0,0
2.240000,-0.756090,1.410925,0.527465,0.969575,-0.219079,0.109218,-0.080128,0.137555,0.987248,-0.231309,-0.965962,0.115815,0.655020,-0.114198,-0.046598,0.745477,-0.356612,-0.066319,-0.101876,-0.046925,-0.005046,0.160371,-0.109218,-0.987248,-0.115815,0.000000,0.000000,0.000000,-1,-0.149139,-1.047913,0.045929,-0.377372,-0.066528,-0.100160,57.835571,162.959152,-571.979004,0,0
2.280000,-0.714894,1.405586,0.483160,0.969123,-0.221762,0.107809,-0.076405,0.145634,0.986384,-0.234443,-0.964164,0.124194,0.651785,-0.114365,-0.048572,0.748156,-0.311432,0.004373,-0.015131,-0.034586,-0.116125,0.192614,-0.107809,-0.986384,-0.124194,0.000000,0.000000,0.000000,-1,-0.137527,-1.129181,0.084869,-0.243354,0.118049,0.047254,57.659775,161.025452,-571.141113,0,0
2.320000,-0.702505,1.397160,0.475731,0.969947,-0.216198,0.111629,-0.079125,0.153581,0.984963,-0.230092,-0.964194,0.131859,0.648943,-0.113771,-0.045637,0.750897,0.051349,0.097211,0.180923,-0.060841,-0.178840,0.185829,-0.111629,-0.984963,-0.131859,0.000000,0.000000,0.000000,-1,-0.180450,-1.170670,0.030792,0.102946,0.079134,0.198120,56.780823,162.959152,-570.638306,0,0
2.360000,-0.743221,1.396240,0.518922,0.969851,-0.213494,0.117517,-0.086131,0.150808,0.984804,-0.227972,-0.965234,0.127873,0.650225,-0.115201,-0.042468,0.749755,0.159833,0.041237,0.200533,-0.053901,-0.185805,0.092076,-0.117517,-0.984804,-0.127873,0.000000,0.000000,0.000000,-1,-0.159958,-1.217514,-0.123947,0.113376,0.018633,0.184417,58.890320,162.255981,-570.638306,0,0
2.400000,-0.782119,1.394845,0.557426,0.969106,-0.213573,0.123369,-0.092600,0.148547,0.984560,-0.228602,-0.965567,0.124181,0.651225,-0.117537,-0.040398,0.748638,0.095491,-0.101830,0.190915,-0.026548,-0.253019,-0.028438,-0.123369,-0.984560,-0.124181,0.000000,0.000000,0.000000,-1,-0.125977,-1.223709,-0.231918,0.074620,-0.076144,0.128611,57.659775,161.728607,-571.811462,0,0
2.440000,-0.866027,1.398369,0.635259,0.966788,-0.219633,0.130698,-0.101810,0.138103,0.985171,-0.234426,-0.965758,0.111156,0.655273,-0.122637,-0.039574,0.744320,0.373725,-0.216646,0.035781,-0.010262,-0.105466,-0.173329,-0.130698,-0.985171,-0.111156,0.000000,0.000000,0.000000,-1,-0.145599,-1.014908,-0.284576,0.330366,-0.262651,0.009076,57.308197,162.080200,-570.470764,0,0
2.480000,-0.920289,1.403602,0.680369,0.964376,-0.228999,0.132430,-0.104689,0.129362,0.986056,-0.242937,-0.964793,0.100780,0.658452,-0.126694,-0.041957,0.740695,0.231469,-0.422182,0.027001,-0.035645,0.083742,-0.194981,-0.132430,-0.986056,-0.100780,0.000000,0.000000,0.000000,-1,-0.183334,-0.837723,-0.311600,0.146499,-0.506197,0.012480,58.187149,162.607574,-569.632812,0,0
2.520000,-0.960064,1.406020,0.702335,0.959803,-0.246414,0.134379,-0.105965,0.125211,0.986455,-0.259902,-0.961042,0.094067,0.659645,-0.133549,-0.047572,0.738086,0.118486,-0.767966,-0.028354,-0.052846,0.144719,-0.224872,-0.134379,-0.986455,-0.094067,0.000000,0.000000,0.000000,-1,-0.206818,-0.974915,-0.321716,0.148683,-1.096183,-0.104642,56.605026,162.783371,-569.130005,0,0
2.560000,-1.025918,1.412184,0.724955,0.947933,-0.288405,0.135075,-0.104735,0.118228,0.987447,-0.300754,-0.950181,0.081867,0.661029,-0.148685,-0.062659,0.732808,0.151143,-1.203655,-0.067457,-0.075954,-0.034052,-0.223614,-0.135075,-0.987448,-0.081867,0.000000,0.000000,0.000000,-1,-0.221375,-1.101273,-0.262390,-0.014616,-0.960656,0.001584,55.198685,161.728607,-569.800415,0,0
2.600000,-1.047650,1.410005,0.707376,0.935402,-0.325253,0.138687,-0.104039,0.121687,0.987101,-0.337934,-0.937765,0.079987,0.658355,-0.163017,-0.075661,0.730937,-0.220898,-0.355529,0.010019,-0.032883,-0.091696,-0.113006,-0.138687,-0.987101,-0.079987,0.000000,0.000000,0.000000,-1,-0.103806,-0.970123,-0.162888,-0.304340,-0.269241,-0.028590,54.671310,160.849655,-569.968018,0,0
2.640000,-0.978775,1.404037,0.627411,0.932146,-0.334860,0.137739,-0.097443,0.134375,0.986128,-0.348724,-0.932637,0.092627,0.652906,-0.165530,-0.080787,0.734702,-0.442206,-0.220840,-0.089976,0.084531,0.101957,-0.041177,-0.137739,-0.986128,-0.092627,0.000000,0.000000,0.000000,-1,-0.011169,-0.823532,-0.044724,-0.313768,-0.073865,-0.205028,55.901855,162.080200,-570.805908,0,0
2.680000,-0.916210,1.406401,0.557209,0.930592,-0.342261,0.129828,-0.086545,0.138901,0.986517,-0.355680,-0.929281,0.099639,0.650395,-0.164825,-0.086813,0.736399,0.152728,-0.254383,-0.155187,-0.004037,0.281912,0.090972,-0.129828,-0.986517,-0.099639,0.000000,0.000000,0.000000,-1,-0.157898,-0.674149,-0.023743,0.190024,-0.420807,-0.144780,56.077652,161.904404,-570.303162,0,0
2.720000,-0.945041,1.413411,0.570463,0.925252,-0.357449,0.127038,-0.084641,0.131917,0.987641,-0.369790,-0.924569,0.091802,0.652214,-0.169457,-0.093049,0.732968,0.162093,-0.664440,-0.171833,-0.036628,0.319412,0.024465,-0.127038,-0.987641,-0.091802,0.000000,0.000000,0.000000,-1,-0.140381,-0.692108,-0.108673,0.018712,-0.651563,-0.246988,55.198685,161.025452,-570.470764,0,0
2.760000,-0.948572,1.419911,0.554108,0.918345,-0.376462,0.122142,-0.079093,0.127822,0.988638,-0.387797,-0.917572,0.087609,0.652479,-0.174548,-0.101787,0.730373,-0.013563,-0.599370,-0.239961,-0.007313,0.290228,-0.038505,-0.122142,-0.988638,-0.087609,0.000000,0.000000,0.000000,-1,-0.115158,-0.712082,-0.147232,-0.112662,-0.450126,-0.228614,55.550278,161.025452,-570.470764,0,0
2.800000,-0.890526,1.423886,0.475925,0.911440,-0.395381,0.113798,-0.067067,0.130115,0.989228,-0.405929,-0.909255,0.092075,0.649856,-0.177904,-0.112383,0.730348,-0.260213,-0.185554,-0.165027,-0.009982,0.231400,-0.044995,-0.113798,-0.989228,-0.092075,0.000000,0.000000,0.000000,-1,-0.129120,-0.809158,-0.094711,-0.323247,-0.074527,-0.162339,56.253433,161.025452,-571.141113,0,0
2.840000,-0.827314,1.421245,0.412176,0.911769,-0.395788,0.109677,-0.059688,0.136516,0.988838,-0.406343,-0.908138,0.100848,0.646994,-0.175997,-0.114632,0.732996,-0.274006,0.143236,-0.117148,-0.026874,0.143959,0.033129,-0.109677,-0.988838,-0.100848,0.000000,0.000000,0.000000,-1,-0.196060,-0.980118,-0.045120,-0.231796,0.198122,-0.112935,57.132401,161.904404,-570.973511,0,0
2.880000,-0.809754,1.419690,0.399466,0.913797,-0.391271,0.109003,-0.058546,0.138681,0.988605,-0.401929,-0.909766,0.103819,0.646393,-0.173972,-0.113293,0.734217,0.016515,0.037830,-0.056129,-0.117239,-0.034512,0.064787,-0.109003,-0.988605,-0.103819,0.000000,0.000000,0.000000,-1,-0.262558,-1.130173,-0.004440,0.124259,-0.048323,-0.068963,56.253433,162.783371,-569.800415,0,0
2.920000,-0.832829,1.425785,0.422027,0.913620,-0.392261,0.106909,-0.059190,0.131825,0.989504,-0.402237,-0.910359,0.097220,0.648956,-0.173914,-0.113770,0.731892,0.282748,0.047375,-0.049706,-0.150263,-0.161832,0.103400,-0.106909,-0.989504,-0.097220,0.000000,0.000000,0.000000,-1,-0.231812,-1.153030,0.013596,0.365863,0.247422,-0.038920,57.659775,161.025452,-570.135559,0,1
2.960000,-0.943476,1.439860,0.546059,0.918465,-0.381116,0.105704,-0.067804,0.111576,0.991440,-0.389648,-0.917770,0.076637,0.657695,-0.170641,-0.107931,0.725720,0.508331,0.325097,-0.021593,-0.079111,-0.079864,0.076515,-0.105704,-0.991440,-0.076637,0.000000,0.000000,0.000000,-1,-0.190308,-1.125549,-0.014404,0.565404,0.352670,0.007077,56.956604,161.728607,-569.800415,0,0
3.000000,-1.080214,1.449036,0.694591,0.922384,-0.371120,0.107135,-0.077743,0.093320,0.992596,-0.378370,-0.923884,0.057225,0.665552,-0.168605,-0.101883,0.719883,0.857093,0.371199,0.159830,-0.097669,-0.220813,0.016377,-0.107135,-0.992596,-0.057225,0.000000,0.000000,0.000000,-1,-0.298187,-1.368805,-0.126862,0.794294,0.417197,0.345964,57.308197,160.322281,-568.794861,0,0
3.040000,-1.336281,1.443521,0.987459,0.933210,-0.337458,0.123458,-0.105941,0.069916,0.991911,-0.343360,-0.938740,0.029495,0.677089,-0.163715,-0.081194,0.712850,0.183452,0.809088,0.195373,-0.052629,-0.267992,-0.122513,-0.123458,-0.991911,-0.029495,0.000000,0.000000,0.000000,-1,-0.029541,-1.064545,-0.152786,0.172303,0.898172,0.116744,57.308197,160.673859,-568.459717,0,0
3.080000,-1.355487,1.441625,1.034536,0.941939,-0.311312,0.125838,-0.110731,0.065814,0.991669,-0.317000,-0.948026,0.027521,0.679817,-0.155204,-0.070299,0.713315,0.148437,0.942553,0.081154,0.227966,0.031983,-0.177908,-0.125838,-0.991669,-0.027521,0.000000,0.000000,0.000000,-1,0.196793,-0.946533,-0.271057,0.089348,0.932056,0.114064,58.011368,160.673859,-568.459717,0,0
3.120000,-1.346502,1.435111,1.061244,0.951766,-0.277035,0.131881,-0.118085,0.065982,0.990809,-0.283190,-0.958592,0.030086,0.681120,-0.145026,-0.055537,0.715513,-0.040097,0.796740,0.230177,0.417479,-0.006551,-0.284367,-0.131881,-0.990809,-0.030086,0.000000,0.000000,0.000000,-1,0.321121,-1.034332,-0.320389,-0.145941,0.517690,0.199472,57.835571,161.201233,-568.292114,0,0
3.160000,-1.317031,1.426038,1.047643,0.955164,-0.261083,0.139633,-0.124959,0.072071,0.989541,-0.268416,-0.962622,0.036215,0.679499,-0.142032,-0.047382,0.718236,-0.076978,-0.080580,0.183668,0.427780,-0.141303,-0.229593,-0.139633,-0.989541,-0.036215,0.000000,0.000000,0.000000,-1,0.109070,-1.112839,-0.141891,-0.037102,-0.391877,0.115746,56.956604,161.728607,-568.459717,0,0
3.200000,-1.370064,1.427128,1.077852,0.948715,-0.283293,0.140300,-0.126128,0.067753,0.989697,-0.289880,-0.956637,0.028547,0.680517,-0.150408,-0.054951,0.715020,0.258522,-0.800062,-0.185903,-0.004506,-0.031604,-0.009325,-0.140300,-0.989697,-0.028547,0.000000,0.000000,0.000000,-1,-0.311386,-0.941956,0.027893,0.218121,-0.889028,-0.265755,57.835571,159.091736,-567.621765,0,0
3.240000,-1.424100,1.434594,1.105518,0.941493,-0.309110,0.134324,-0.121348,0.060922,0.990739,-0.314430,-0.949073,0.019847,0.682042,-0.157783,-0.066017,0.711031,0.062589,-0.849319,-0.133064,-0.238357,0.071397,0.074932,-0.134324,-0.990739,-0.019847,0.000000,0.000000,0.000000,-1,-0.412994,-0.796280,0.089737,0.011004,-0.374421,0.171770,56.780823,159.091736,-567.956909,0,0
3.280000,-1.455718,1.427930,1.125306,0.936776,-0.320072,0.141439,-0.128484,0.061352,0.989812,-0.325489,-0.945405,0.016349,0.681739,-0.164490,-0.067493,0.709661,0.072127,0.179025,0.312573,-0.225641,0.231069,0.086326,-0.141439,-0.989812,-0.016349,0.000000,0.000000,0.000000,-1,-0.235687,-0.707108,-0.006424,-0.045962,0.381120,0.322786,56.605026,160.673859,-568.124512,0,0
3.320000,-1.425317,1.412259,1.112163,0.940241,-0.302567,0.156207,-0.141560,0.069895,0.987459,-0.309691,-0.950562,0.022887,0.679606,-0.163376,-0.056461,0.712920,-0.231031,0.338322,0.237624,0.082385,0.347383,-0.041170,-0.156207,-0.987459,-0.022887,0.000000,0.000000,0.000000,-1,-0.008987,-0.614487,-0.083633,-0.312758,0.305608,0.169601,56.253433,158.915939,-568.794861,0,0
3.360000,-1.363149,1.406683,1.056162,0.941804,-0.295717,0.159868,-0.142215,0.080417,0.986564,-0.304599,-0.951885,0.033681,0.675963,-0.161966,-0.053528,0.716921,-0.385563,0.095093,0.046911,0.160219,0.380744,-0.062571,-0.159868,-0.986564,-0.033682,0.000000,0.000000,0.000000,-1,-0.007355,-0.617325,-0.047318,-0.447052,-0.249446,-0.066975,57.132401,159.794907,-569.632812,0,0
3.400000,-1.269550,1.404445,0.951266,0.939041,-0.305283,0.158128,-0.134811,0.096147,0.986196,-0.316272,-0.947396,0.049131,0.669657,-0.164298,-0.059039,0.721859,-0.469387,-0.392411,-0.099757,0.134935,0.339864,0.041181,-0.158128,-0.986196,-0.049131,0.000000,0.000000,0.000000,-1,-0.131119,-0.812332,0.093521,-0.504986,-0.369400,-0.096970,56.605026,161.025452,-570.805908,0,0
3.440000,-1.156017,1.399781,0.818202,0.933736,-0.322301,0.155752,-0.124219,0.116326,0.985413,-0.335717,-0.939463,0.068582,0.661217,-0.168825,-0.068043,0.727778,-0.371959,-0.275240,-0.026380,-0.012217,0.136963,0.190698,-0.155752,-0.985413,-0.068581,0.000000,0.000000,0.000000,-1,-0.255417,-0.959290,0.123032,-0.320092,-0.213965,-0.007369,56.429230,160.849655,-572.984558,0,1
3.480000,-1.128855,1.394131,0.782736,0.930774,-0.329275,0.158862,-0.123941,0.124603,0.984435,-0.343944,-0.935977,0.075166,0.657838,-0.172237,-0.070337,0.729819,-0.090135,-0.178332,0.150046,-0.073499,-0.039933,0.147615,-0.158862,-0.984435,-0.075166,0.000000,0.000000,0.000000,-1,-0.201309,-1.060471,0.040817,-0.202444,-0.192146,0.178068,55.726059,160.849655,-570.638306,0,0
3.520000,-1.109094,1.380338,0.752877,0.926154,-0.336917,0.169488,-0.129439,0.138144,0.981918,-0.354238,-0.931345,0.084332,0.652625,-0.178646,-0.070772,0.732910,-0.293232,-0.160537,0.237845,0.106866,-0.150269,0.048505,-0.169488,-0.981918,-0.084332,0.000000,0.000000,0.000000,-1,-0.036041,-1.141281,-0.030060,-0.261542,-0.080212,0.254810,54.495514,161.377029,-571.476257,0,0
3.560000,-1.103994,1.370197,0.747663,0.925007,-0.335707,0.177939,-0.135480,0.146111,0.979947,-0.354974,-0.930566,0.089672,0.649851,-0.181267,-0.068106,0.734981,-0.091952,0.137819,0.320391,0.184134,-0.174167,0.085354,-0.177939,-0.979947,-0.089672,0.000000,0.000000,0.000000,-1,-0.033844,-1.188034,-0.006165,-0.059328,0.179956,0.331101,56.429230,161.201233,-571.308716,0,0
3.600000,-1.128660,1.360526,0.775973,0.924504,-0.331212,0.188653,-0.146193,0.148975,0.977975,-0.352022,-0.931722,0.089307,0.649273,-0.183823,-0.062904,0.735321,0.163395,-0.014805,0.428711,0.096108,-0.269462,0.090680,-0.188653,-0.977975,-0.089307,0.000000,0.000000,0.000000,-1,-0.344177,-1.422836,0.064529,0.533587,-0.050075,0.551083,54.319733,160.849655,-571.643860,0,0
3.640000,-1.251209,1.347217,0.900590,0.920642,-0.328801,0.210494,-0.173761,0.137721,0.975110,-0.349607,-0.934303,0.069659,0.654458,-0.191977,-0.053141,0.729387,0.529236,0.048209,0.606743,-0.153764,-0.464740,0.065051,-0.210494,-0.975110,-0.069659,0.000000,0.000000,0.000000,-1,-0.282059,-1.395676,-0.256226,0.251644,-0.230162,0.428236,54.495514,162.783371,-571.141113,0,0
3.680000,-1.338450,1.337600,0.977988,0.913888,-0.337990,0.224879,-0.191659,0.129108,0.972933,-0.357876,-0.932252,0.053211,0.657946,-0.201251,-0.050535,0.723914,0.268809,-0.297085,-0.085599,0.092387,-0.068586,-0.353588,-0.224879,-0.972933,-0.053211,0.000000,0.000000,0.000000,-1,-0.159195,-0.927673,-0.423050,0.346854,-0.287720,-0.181651,52.386017,162.080200,-571.141113,0,0
3.720000,-1.398451,1.345688,1.028874,0.911185,-0.348400,0.219905,-0.191230,0.115129,0.974770,-0.364928,-0.930249,0.038279,0.662906,-0.203509,-0.054692,0.718435,0.509784,-0.434908,-0.209463,0.048122,0.043907,-0.383504,-0.219905,-0.974770,-0.038279,0.000000,0.000000,0.000000,-1,-0.252167,-1.123108,-0.409134,0.338562,-0.620726,-0.113223,53.264984,160.498062,-569.297607,0,0
3.760000,-1.471537,1.350238,1.077984,0.902316,-0.372067,0.217697,-0.192741,0.103503,0.975775,-0.385587,-0.922417,0.021680,0.666546,-0.211842,-0.062970,0.711951,-0.031307,-0.717267,0.056795,-0.056610,-0.187188,-0.347491,-0.217697,-0.975775,-0.021680,0.000000,0.000000,0.000000,-1,-0.268646,-1.068924,-0.202316,-0.386973,-0.456994,-0.060271,54.143936,162.080200,-569.465210,0,0
3.800000,-1.415589,1.353068,0.996761,0.893979,-0.394024,0.213416,-0.181389,0.117300,0.976391,-0.409755,-0.911584,0.033392,0.660168,-0.217904,-0.074352,0.714960,-0.381347,-0.399940,-0.225055,-0.027582,-0.055165,-0.141733,-0.213416,-0.976391,-0.033392,0.000000,0.000000,0.000000,-1,-0.173615,-0.944641,0.000732,-0.375308,-0.313688,-0.254787,54.671310,160.849655,-570.303162,0,0
3.840000,-1.361044,1.360205,0.940142,0.895269,-0.395842,0.204457,-0.168828,0.123264,0.977907,-0.412299,-0.910008,0.043525,0.657358,-0.214750,-0.079045,0.717993,-0.124645,0.330901,-0.219132,0.083287,0.099871,0.051704,-0.204457,-0.977907,-0.043525,0.000000,0.000000,0.000000,-1,-0.084076,-0.747910,-0.021439,-0.028942,0.178381,-0.296604,53.440765,162.431778,-572.146606,0,0
3.880000,-1.342603,1.376309,0.921596,0.898049,-0.397578,0.188254,-0.153948,0.116838,0.981147,-0.412077,-0.910099,0.043720,0.659070,-0.209206,-0.084901,0.717392,0.034303,-0.437045,-0.449727,0.145606,0.407035,-0.010739,-0.188254,-0.981147,-0.043720,0.000000,0.000000,0.000000,-1,-0.044357,-0.552368,-0.074188,0.003208,-0.647491,-0.494038,54.671310,161.904404,-571.979004,0,0
3.920000,-1.349707,1.390820,0.905499,0.890553,-0.420015,0.174649,-0.140830,0.110499,0.983848,-0.432530,-0.900765,0.039255,0.659697,-0.212539,-0.097727,0.714197,-0.015238,-0.925868,-0.509299,0.115125,0.444740,-0.062674,-0.174649,-0.983848,-0.039255,0.000000,0.000000,0.000000,-1,-0.096359,-0.571671,-0.116547,-0.063764,-0.948457,-0.512632,55.726059,161.201233,-570.638306,0,0
3.960000,-1.351542,1.407778,0.871454,0.877051,-0.453527,0.158412,-0.124200,0.104473,0.986742,-0.464064,-0.885098,0.035300,0.659029,-0.219159,-0.115948,0.710075,-0.047284,-0.729599,-0.360641,0.019892,0.361223,-0.070367,-0.158412,-0.986742,-0.035300,0.000000,0.000000,0.000000,-1,-0.175186,-0.709198,-0.088913,-0.073976,-0.340946,-0.218670,55.726059,160.498062,-571.643860,0,0
4.000000,-1.320662,1.414473,0.831818,0.874144,-0.461649,0.150842,-0.115077,0.104860,0.987806,-0.471837,-0.880843,0.038538,0.657789,-0.219191,-0.121998,0.710201,-0.188017,0.350617,-0.035480,-0.018378,0.152342,-0.029257,-0.150842,-0.987806,-0.038538,0.000000,0.000000,0.000000,-1,-0.160736,-0.876495,-0.059692,-0.243351,0.551400,-0.051315,55.901855,161.025452,-571.141113,0,0
4.040000,-1.259626,1.414460,0.789275,0.883168,-0.445022,0.148223,-0.110523,0.109669,0.987804,-0.455850,-0.888779,0.047671,0.656854,-0.211441,-0.117083,0.714232,-0.191197,0.754687,-0.093432,0.000381,0.034969,0.020160,-0.148223,-0.987804,-0.047671,0.000000,0.000000,0.000000,-1,-0.237198,-1.078278,0.005661,-0.091264,0.573776,-0.148457,57.132401,161.552826,-572.314209,0,0
4.080000,-1.220727,1.417166,0.767719,0.891451,-0.429712,0.143745,-0.106276,0.110102,0.988222,-0.440477,-0.896228,0.052483,0.657432,-0.203819,-0.112838,0.716595,0.013115,0.388937,-0.125603,-0.093453,-0.090056,0.058144,-0.143745,-0.988222,-0.052483,0.000000,0.000000,0.000000,-1,-0.283875,-1.103928,0.064316,0.172625,0.146044,-0.124398,56.605026,161.728607,-570.805908,0,0
4.120000,-1.254157,1.424302,0.807184,0.894407,-0.425199,0.138714,-0.105441,0.100944,0.989289,-0.434647,-0.899453,0.045452,0.661062,-0.200677,-0.111916,0.714283,0.298442,0.033995,-0.132878,-0.133579,-0.103164,0.110576,-0.138714,-0.989289,-0.045452,0.000000,0.000000,0.000000,-1,-0.232300,-1.068253,0.047440,0.321446,0.094843,-0.160516,56.956604,162.431778,-571.811462,0,0
4.160000,-1.392575,1.432030,0.954200,0.897725,-0.418998,0.136131,-0.112850,0.079986,0.990387,-0.425858,-0.904457,0.024522,0.669555,-0.198582,-0.108179,0.707501,0.408047,0.321404,-0.090030,-0.091408,-0.055160,0.052705,-0.136131,-0.990387,-0.024522,0.000000,0.000000,0.000000,-1,-0.242126,-1.183701,-0.019897,0.460991,0.372337,-0.044387,58.890320,160.146484,-570.638306,0,1
4.200000,-1.506450,1.433523,1.080473,0.902354,-0.408790,0.136559,-0.120720,0.064441,0.990593,-0.413744,-0.910351,0.008799,0.676224,-0.195760,-0.102475,0.702779,0.735565,0.374191,0.118154,-0.105567,-0.193108,-0.011098,-0.136559,-0.990593,-0.008799,0.000000,0.000000,0.000000,-1,-0.166733,-1.258911,-0.113678,0.656804,0.418807,0.288431,58.187149,160.849655,-569.632812,0,0
4.240000,-1.655327,1.417978,1.264386,0.913480,-0.377555,0.151681,-0.145134,0.045917,0.988346,-0.380120,-0.924848,-0.012852,0.685641,-0.190584,-0.083294,0.697593,0.057867,0.851574,0.186604,0.150506,-0.210629,-0.146275,-0.151681,-0.988346,0.012852,0.000000,0.000000,0.000000,-1,0.077545,-1.128189,-0.135574,-0.046566,1.046575,0.125342,57.132401,159.794907,-569.968018,0,0
