0.000000,1.449195,-1.152533,1.042912,0.844676,-0.352096,-0.403175,-0.350884,0.204593,-0.913796,0.404230,0.913329,0.049270,-0.630637,0.278678,-0.000418,0.724317,-0.000238,-0.002387,-0.000984,0.002892,0.012260,-0.001588,0.403175,0.913796,-0.049270,0.000000,0.000000,0.000000,-1,0.405579,0.923981,-0.051773,-0.024506,0.003085,-0.010475,38.498444,277.927124,-534.104065,0,0
0.040000,1.449078,-1.152577,1.042985,0.844765,-0.351937,-0.403129,-0.350863,0.204547,-0.913814,0.404064,0.913401,0.049312,-0.630656,0.278599,-0.000371,0.724331,-0.003452,-0.008740,-0.000926,0.008983,0.009414,-0.000427,0.403188,0.913788,-0.049301,0.000000,0.000000,0.000000,-1,0.411804,0.924515,-0.049606,-0.025570,0.004135,-0.011536,38.498444,278.630280,-533.768921,0,0
0.080000,1.449248,-1.152413,1.043355,0.844769,-0.351747,-0.403286,-0.351069,0.204493,-0.913747,0.403877,0.913486,0.049262,-0.630677,0.278596,-0.000234,0.724314,-0.003439,-0.004504,-0.000949,0.008518,0.010768,-0.000345,0.403286,0.913747,-0.049262,0.000000,0.000000,0.000000,-1,0.410110,0.924591,-0.051895,-0.022369,0.007301,-0.012638,36.564743,278.806091,-532.930969,0,0
0.120000,1.449020,-1.152249,1.043146,0.844730,-0.351681,-0.403424,-0.351156,0.204641,-0.913680,0.403882,0.913478,0.049372,-0.630618,0.278630,-0.000181,0.724352,0.002938,0.001848,-0.001054,0.010120,0.007050,-0.002004,0.403424,0.913680,-0.049372,0.000000,0.000000,0.000000,-1,0.411499,0.921143,-0.051285,-0.020227,0.010488,-0.011601,38.498444,276.520782,-533.768921,0,0
0.160000,1.449052,-1.152036,1.043027,0.844601,-0.351768,-0.403618,-0.351299,0.204781,-0.913594,0.404027,0.913413,0.049382,-0.630563,0.278746,-0.000162,0.724356,0.002960,0.008212,-0.000011,0.009132,0.007274,0.000600,0.403618,0.913594,-0.049382,0.000000,0.000000,0.000000,-1,0.410599,0.923157,-0.050430,-0.019141,0.016852,-0.010568,38.850037,277.223938,-532.763367,0,0
0.200000,1.449119,-1.151834,1.042709,0.844392,-0.352057,-0.403805,-0.351394,0.204986,-0.913511,0.404382,0.913256,0.049378,-0.630482,0.278934,-0.000229,0.724354,0.002963,0.009272,-0.000014,0.006412,0.010286,-0.002807,0.403805,0.913512,-0.049378,0.000000,0.000000,0.000000,-1,0.407791,0.926376,-0.050629,-0.018075,0.018951,-0.012715,37.092117,277.575531,-531.087463,0,0
0.240000,1.448943,-1.151928,1.042016,0.844251,-0.352501,-0.403711,-0.351177,0.205186,-0.913550,0.404863,0.913040,0.049438,-0.630402,0.279059,-0.000457,0.724375,0.004019,0.008192,-0.002149,0.006643,0.013208,-0.001618,0.403711,0.913550,-0.049438,0.000000,0.000000,0.000000,-1,0.407410,0.924896,-0.051208,-0.019149,0.016823,-0.013764,38.498444,276.872375,-532.428223,0,0
0.280000,1.448816,-1.151972,1.041642,0.844187,-0.352708,-0.403665,-0.351066,0.205297,-0.913568,0.405094,0.912935,0.049485,-0.630358,0.279117,-0.000567,0.724391,0.002955,0.008193,-0.002141,0.005866,0.008139,-0.000930,0.403665,0.913568,-0.049485,0.000000,0.000000,0.000000,-1,0.409286,0.923569,-0.049423,-0.020214,0.015774,-0.012686,38.498444,277.223938,-534.104065,0,0
0.320000,1.448889,-1.151955,1.041398,0.844065,-0.352978,-0.403684,-0.351029,0.205390,-0.913561,0.405380,0.912809,0.049457,-0.630321,0.279226,-0.000673,0.724381,0.001861,0.008186,-0.002170,0.007083,0.009062,-0.001339,0.403684,0.913561,-0.049457,0.000000,0.000000,0.000000,-1,0.409424,0.921967,-0.050995,-0.017016,0.017882,-0.013784,38.674240,277.751312,-532.260620,0,0
0.360000,1.448954,-1.151957,1.041074,0.843925,-0.353312,-0.403685,-0.350961,0.205503,-0.913562,0.405731,0.912655,0.049431,-0.630276,0.279351,-0.000811,0.724372,0.002926,0.009235,-0.003246,0.004793,0.009366,-0.000130,0.403685,0.913562,-0.049431,0.000000,0.000000,0.000000,-1,0.408554,0.925537,-0.054077,-0.019155,0.015754,-0.014825,39.377411,277.751312,-531.255066,0,0
0.400000,1.448848,-1.152143,1.040784,0.843930,-0.353498,-0.403511,-0.350754,0.205519,-0.913637,0.405898,0.912580,0.049453,-0.630269,0.279346,-0.000947,0.724379,-0.001355,0.001822,-0.003186,0.005226,0.011213,-0.000962,0.403511,0.913637,-0.049453,0.000000,0.000000,0.000000,-1,0.407349,0.923996,-0.052750,-0.023424,0.011528,-0.013711,37.971069,277.399719,-533.936523,0,0
0.440000,1.448788,-1.152260,1.040697,0.843965,-0.353540,-0.403402,-0.350644,0.205495,-0.913685,0.405922,0.912568,0.049464,-0.630279,0.279315,-0.000999,0.724383,-0.001352,0.001832,-0.002121,0.004404,0.008877,-0.002157,0.403402,0.913685,-0.049464,0.000000,0.000000,0.000000,-1,0.409027,0.925400,-0.052200,-0.023444,0.003075,-0.011548,38.498444,278.630280,-534.439270,0,0
0.480000,1.448506,-1.152272,1.040588,0.844045,-0.353377,-0.403377,-0.350613,0.205528,-0.913690,0.405782,0.912624,0.049577,-0.630266,0.279243,-0.000954,0.724422,-0.002445,-0.002404,-0.001054,0.003315,0.011496,-0.003036,0.403377,0.913690,-0.049577,0.000000,0.000000,0.000000,-1,0.414551,0.920746,-0.054306,-0.022363,0.008370,-0.011576,37.443695,276.872375,-533.433716,0,0
0.520000,1.448047,-1.151927,1.040122,0.843946,-0.353280,-0.403668,-0.350789,0.205851,-0.913549,0.405835,0.912589,0.049800,-0.630138,0.279332,-0.000860,0.724499,0.003960,0.002890,-0.001121,0.009082,0.010508,-0.002400,0.403668,0.913549,-0.049800,0.000000,0.000000,0.000000,-1,0.406830,0.925446,-0.049683,-0.019156,0.013655,-0.012687,39.201614,278.278687,-533.433716,0,0
0.560000,1.448116,-1.152083,1.039984,0.843924,-0.353492,-0.403529,-0.350637,0.205827,-0.913613,0.406012,0.912512,0.049755,-0.630147,0.279351,-0.000985,0.724484,0.001828,0.003930,-0.003240,0.005010,0.011680,0.002605,0.403529,0.913613,-0.049755,0.000000,0.000000,0.000000,-1,0.410065,0.925034,-0.051880,-0.023426,0.011518,-0.014776,37.795288,277.223938,-533.098511,0,0
0.600000,1.448226,-1.152217,1.040012,0.843936,-0.353596,-0.403413,-0.350538,0.205755,-0.913667,0.406073,0.912488,0.049696,-0.630176,0.279340,-0.001055,0.724463,-0.001387,-0.000298,-0.001083,0.005812,0.011351,-0.001253,0.403413,0.913667,-0.049696,0.000000,0.000000,0.000000,-1,0.408295,0.923996,-0.049377,-0.024498,0.008351,-0.013691,38.850037,277.927124,-534.104065,0,0
0.640000,1.448313,-1.152348,1.040122,0.843985,-0.353609,-0.403299,-0.350457,0.205656,-0.913721,0.406041,0.912505,0.049646,-0.630215,0.279296,-0.001088,0.724446,-0.000331,-0.001377,-0.003218,0.003836,0.007178,0.001443,0.403299,0.913721,-0.049646,0.000000,0.000000,0.000000,-1,0.410278,0.924728,-0.050232,-0.022388,0.000946,-0.012614,38.498444,277.575531,-532.763367,0,0
0.680000,1.447942,-1.152280,1.040085,0.844099,-0.353288,-0.403342,-0.350503,0.205701,-0.913693,0.405764,0.912620,0.049803,-0.630197,0.279195,-0.000961,0.724500,-0.002484,-0.011938,0.000035,0.005609,0.011570,-0.000719,0.403342,0.913693,-0.049803,0.000000,0.000000,0.000000,-1,0.410980,0.925308,-0.049759,-0.027712,-0.000101,-0.011503,39.553207,276.872375,-532.763367,0,0
0.720000,1.447992,-1.152136,1.040539,0.844189,-0.352921,-0.403475,-0.350710,0.205608,-0.913634,0.405398,0.912783,0.049799,-0.630234,0.279115,-0.000763,0.724499,-0.001391,-0.002406,-0.000008,0.008039,0.009690,-0.000341,0.403475,0.913634,-0.049799,0.000000,0.000000,0.000000,-1,0.409760,0.922638,-0.051193,-0.021298,0.008370,-0.011585,39.728989,277.048157,-532.930969,0,0
0.760000,1.447904,-1.152008,1.040511,0.844170,-0.352839,-0.403587,-0.350805,0.205677,-0.913582,0.405356,0.912799,0.049849,-0.630207,0.279132,-0.000702,0.724516,-0.001406,-0.003488,-0.001077,0.008309,0.011817,-0.001756,0.403587,0.913582,-0.049849,0.000000,0.000000,0.000000,-1,0.408615,0.924454,-0.050888,-0.023440,0.006233,-0.013691,37.267914,277.399719,-533.601318,0,0
0.800000,1.447803,-1.152101,1.040472,0.844229,-0.352798,-0.403497,-0.350723,0.205648,-0.913620,0.405302,0.912821,0.049879,-0.630219,0.279078,-0.000716,0.724527,0.001796,0.000728,-0.003248,0.005743,0.010544,-0.002916,0.403497,0.913620,-0.049879,0.000000,0.000000,0.000000,-1,0.410385,0.925964,-0.049942,-0.022353,0.012597,-0.012658,37.267914,277.048157,-533.266113,0,0
0.840000,1.448149,-1.152096,1.040652,0.844151,-0.352961,-0.403519,-0.350764,0.205587,-0.913618,0.405430,0.912772,0.049740,-0.630243,0.279149,-0.000758,0.724479,-0.000313,0.007093,-0.002190,0.005691,0.012026,0.000378,0.403519,0.913618,-0.049740,0.000000,0.000000,0.000000,-1,0.408936,0.923996,-0.048920,-0.023411,0.014716,-0.012657,38.674240,277.751312,-532.930969,0,0
0.880000,1.448489,-1.152287,1.040790,0.844128,-0.353193,-0.403363,-0.350642,0.205450,-0.913696,0.405582,0.912713,0.049582,-0.630297,0.279168,-0.000880,0.724424,-0.001393,0.003896,-0.004300,0.002826,0.010178,-0.000833,0.403363,0.913696,-0.049582,0.000000,0.000000,0.000000,-1,0.406418,0.926239,-0.053925,-0.021294,0.012577,-0.014797,40.959534,277.223938,-533.098511,0,0
0.920000,1.448419,-1.152522,1.040619,0.844178,-0.353322,-0.403147,-0.350422,0.205402,-0.913791,0.405670,0.912674,0.049584,-0.630316,0.279124,-0.001001,0.724425,-0.000325,0.003906,-0.003244,0.003271,0.012448,-0.004341,0.403147,0.913791,-0.049584,0.000000,0.000000,0.000000,-1,0.408722,0.921234,-0.046844,-0.019156,0.013655,-0.012687,39.025833,277.048157,-534.271667,0,0
0.960000,1.448375,-1.152520,1.040387,0.844113,-0.353478,-0.403146,-0.350376,0.205484,-0.913791,0.405844,0.912595,0.049602,-0.630283,0.279181,-0.001070,0.724431,0.000743,0.004976,-0.000063,0.005576,0.007444,0.002757,0.403146,0.913791,-0.049602,0.000000,0.000000,0.000000,-1,0.407593,0.921310,-0.048996,-0.021279,0.014725,-0.011609,38.498444,277.575531,-531.757812,0,0
1.000000,1.448342,-1.152450,1.040049,0.843983,-0.353718,-0.403208,-0.350362,0.205635,-0.913762,0.406128,0.912468,0.049623,-0.630223,0.279298,-0.001158,0.724438,0.001809,0.006025,-0.001140,0.006307,0.011012,-0.002684,0.403208,0.913762,-0.049623,0.000000,0.000000,0.000000,-1,0.410294,0.925171,-0.049805,-0.020205,0.017902,-0.011629,37.092117,277.575531,-533.768921,0,0
1.040000,1.448661,-1.152400,1.040006,0.843820,-0.354036,-0.403269,-0.350392,0.205673,-0.913742,0.406439,0.912336,0.049500,-0.630208,0.279443,-0.001258,0.724395,0.001806,0.006016,-0.002205,0.005606,0.011734,-0.000335,0.403269,0.913742,-0.049500,0.000000,0.000000,0.000000,-1,0.407791,0.922699,-0.052231,-0.022356,0.012587,-0.013723,39.025833,277.399719,-533.936523,0,0
1.080000,1.448586,-1.152561,1.039745,0.843814,-0.354221,-0.403119,-0.350211,0.205690,-0.913807,0.406607,0.912260,0.049512,-0.630201,0.279448,-0.001384,0.724399,-0.001419,0.000669,-0.005354,0.006473,0.012691,-0.001361,0.403119,0.913807,-0.049512,0.000000,0.000000,0.000000,-1,0.409836,0.926987,-0.051254,-0.023430,0.008361,-0.012634,38.674240,275.993408,-533.266113,0,0
1.120000,1.448708,-1.152551,1.039849,0.843798,-0.354242,-0.403134,-0.350241,0.205658,-0.913803,0.406615,0.912260,0.049464,-0.630213,0.279462,-0.001381,0.724383,-0.001399,0.002836,-0.000036,0.006060,0.009674,-0.000890,0.403135,0.913803,-0.049464,0.000000,0.000000,0.000000,-1,0.414062,0.920563,-0.052048,-0.022341,0.014735,-0.010535,36.564743,277.399719,-533.266113,0,0
1.160000,1.448584,-1.152190,1.039500,0.843600,-0.354349,-0.403456,-0.350454,0.205947,-0.913656,0.406844,0.912153,0.049554,-0.630099,0.279640,-0.001344,0.724414,0.002867,0.004954,-0.000075,0.009798,0.009561,-0.002051,0.403456,0.913656,-0.049554,0.000000,0.000000,0.000000,-1,0.407227,0.924683,-0.048523,-0.019147,0.015783,-0.011629,39.201614,275.817627,-533.098511,0,0
1.200000,1.448547,-1.152208,1.039132,0.843490,-0.354630,-0.403437,-0.350364,0.206068,-0.913664,0.407148,0.912016,0.049567,-0.630051,0.279737,-0.001472,0.724418,0.001807,0.010210,-0.004347,0.005513,0.009890,-0.000451,0.403437,0.913664,-0.049567,0.000000,0.000000,0.000000,-1,0.411697,0.924240,-0.049789,-0.019148,0.017872,-0.014833,36.740524,278.278687,-532.763367,0,0
1.240000,1.448909,-1.152262,1.039134,0.843363,-0.354969,-0.403406,-0.350321,0.206042,-0.913686,0.407449,0.911890,0.049415,-0.630061,0.279850,-0.001604,0.724365,-0.001406,0.005952,-0.004300,0.007101,0.011546,0.000770,0.403406,0.913686,-0.049415,0.000000,0.000000,0.000000,-1,0.409134,0.925446,-0.050018,-0.024490,0.012568,-0.015837,38.322662,278.454468,-532.260620,0,0
1.280000,1.449113,-1.152398,1.039222,0.843358,-0.355109,-0.403293,-0.350232,0.205949,-0.913741,0.407536,0.911857,0.049318,-0.630098,0.279854,-0.001683,0.724331,-0.005677,0.002765,-0.005320,0.006634,0.010423,-0.003386,0.403293,0.913741,-0.049318,0.000000,0.000000,0.000000,-1,0.411911,0.922958,-0.053726,-0.025562,0.009401,-0.014752,38.146866,278.981873,-534.104065,0,0
1.320000,1.449123,-1.152387,1.039268,0.843366,-0.355077,-0.403303,-0.350250,0.205937,-0.913737,0.407502,0.911872,0.049315,-0.630102,0.279846,-0.001666,0.724330,-0.003560,-0.003571,-0.003182,0.008608,0.009222,-0.004411,0.403303,0.913737,-0.049315,0.000000,0.000000,0.000000,-1,0.406708,0.922714,-0.052246,-0.026643,0.003056,-0.013654,37.971069,278.102905,-532.595764,0,0
1.360000,1.449184,-1.152488,1.039671,0.843519,-0.354813,-0.403215,-0.350254,0.205750,-0.913777,0.407182,0.912017,0.049279,-0.630177,0.279710,-0.001574,0.724318,-0.006757,-0.004629,-0.003153,0.006544,0.007869,-0.000220,0.403215,0.913777,-0.049279,0.000000,0.000000,0.000000,-1,0.413651,0.923248,-0.048767,-0.026643,0.004105,-0.014723,39.377411,277.751312,-533.601318,0,0
1.400000,1.449370,-1.152338,1.040092,0.843541,-0.354597,-0.403360,-0.350459,0.205671,-0.913716,0.406961,0.912118,0.049221,-0.630208,0.279692,-0.001428,0.724298,-0.006768,-0.006772,-0.003133,0.011145,0.010814,-0.004124,0.403360,0.913716,-0.049221,0.000000,0.000000,0.000000,-1,0.411148,0.922760,-0.050430,-0.026642,0.005155,-0.015793,38.674240,279.509216,-532.595764,0,0
1.440000,1.450034,-1.152345,1.040921,0.843567,-0.354505,-0.403386,-0.350624,0.205378,-0.913719,0.406764,0.912221,0.048952,-0.630325,0.279669,-0.001340,0.724206,-0.004626,-0.001486,-0.004233,0.006327,0.010353,0.001925,0.403386,0.913719,-0.048952,0.000000,0.000000,0.000000,-1,0.408951,0.924545,-0.050339,-0.026633,0.008332,-0.015805,37.971069,277.751312,-534.271667,0,0
1.480000,1.450478,-1.152533,1.041385,0.843617,-0.354557,-0.403238,-0.350571,0.205128,-0.913796,0.406708,0.912257,0.048752,-0.630424,0.279624,-0.001376,0.724137,-0.005690,0.000613,-0.006363,0.005606,0.008766,-0.002670,0.403238,0.913796,-0.048752,0.000000,0.000000,0.000000,-1,0.407242,0.924469,-0.048111,-0.027701,0.007273,-0.015792,36.916321,277.751312,-531.925415,0,0
1.520000,1.450807,-1.152704,1.041792,0.843686,-0.354548,-0.403099,-0.350520,0.204907,-0.913865,0.406607,0.912310,0.048601,-0.630511,0.279562,-0.001391,0.724085,-0.006762,-0.002554,-0.005278,0.005180,0.010863,-0.000136,0.403099,0.913865,-0.048601,0.000000,0.000000,0.000000,-1,0.409164,0.923676,-0.049683,-0.029836,0.005155,-0.015768,37.971069,276.696564,-531.590271,0,0
1.560000,1.451079,-1.152941,1.042251,0.843821,-0.354457,-0.402897,-0.350426,0.204636,-0.913961,0.406408,0.912406,0.048465,-0.630619,0.279441,-0.001392,0.724038,-0.004636,-0.002578,-0.005283,0.005917,0.010889,-0.003552,0.402897,0.913961,-0.048465,0.000000,0.000000,0.000000,-1,0.409454,0.923462,-0.048813,-0.026633,0.008332,-0.015805,39.728989,277.751312,-532.930969,0,0
1.600000,1.451449,-1.153092,1.042686,0.843878,-0.354459,-0.402777,-0.350396,0.204414,-0.914023,0.406317,0.912455,0.048300,-0.630707,0.279391,-0.001403,0.723981,-0.005697,-0.000469,-0.006347,0.006280,0.009912,0.000601,0.402777,0.914023,-0.048300,0.000000,0.000000,0.000000,-1,0.411224,0.924179,-0.048584,-0.025565,0.009391,-0.015817,38.322662,275.641815,-532.930969,0,0
1.640000,1.452007,-1.153226,1.043142,0.843859,-0.354610,-0.402683,-0.350384,0.204193,-0.914077,0.406366,0.912445,0.048061,-0.630794,0.279407,-0.001460,0.723898,-0.005676,0.005896,-0.005305,0.005871,0.008683,-0.000676,0.402683,0.914077,-0.048061,0.000000,0.000000,0.000000,-1,0.407547,0.923676,-0.048798,-0.026617,0.013628,-0.015825,37.443695,278.278687,-532.763367,0,0
1.680000,1.452596,-1.153530,1.043595,0.843886,-0.354827,-0.402435,-0.350236,0.203895,-0.914200,0.406437,0.912428,0.047791,-0.630912,0.279382,-0.001586,0.723805,-0.006756,0.001650,-0.006346,0.004883,0.012527,-0.000701,0.402435,0.914200,-0.047791,0.000000,0.000000,0.000000,-1,0.407089,0.927795,-0.049103,-0.028755,0.012549,-0.017935,38.146866,276.520782,-533.433716,0,0
1.720000,1.452812,-1.153828,1.043793,0.843973,-0.354917,-0.402175,-0.350040,0.203688,-0.914321,0.406426,0.912439,0.047672,-0.630994,0.279304,-0.001684,0.723763,-0.004637,0.001594,-0.009544,0.005250,0.012147,-0.001721,0.402175,0.914321,-0.047672,0.000000,0.000000,0.000000,-1,0.407959,0.924133,-0.048126,-0.026634,0.010421,-0.019008,38.146866,277.927124,-533.768921,0,0
1.760000,1.452994,-1.154035,1.043968,0.844032,-0.354978,-0.401996,-0.349913,0.203532,-0.914405,0.406412,0.912450,0.047576,-0.631055,0.279251,-0.001750,0.723730,-0.006767,0.000545,-0.008458,0.005963,0.009729,-0.000550,0.401996,0.914405,-0.047576,0.000000,0.000000,0.000000,-1,0.407974,0.924194,-0.049026,-0.027697,0.008332,-0.015796,39.025833,276.696564,-532.595764,0,0
1.800000,1.453275,-1.154138,1.044091,0.843998,-0.355151,-0.401915,-0.349856,0.203441,-0.914446,0.406532,0.912403,0.047452,-0.631091,0.279281,-0.001829,0.723687,-0.000341,0.009055,-0.004277,0.007493,0.005491,-0.005007,0.401915,0.914447,-0.047452,0.000000,0.000000,0.000000,-1,0.408783,0.924500,-0.053558,-0.020216,0.017863,-0.015890,38.322662,278.102905,-532.930969,0,0
1.840000,1.452744,-1.153963,1.043285,0.843867,-0.355311,-0.402049,-0.349830,0.203804,-0.914376,0.406826,0.912260,0.047685,-0.630947,0.279398,-0.001893,0.723767,0.006048,0.009053,-0.004325,0.006856,0.009391,-0.002120,0.402049,0.914376,-0.047685,0.000000,0.000000,0.000000,-1,0.408249,0.925781,-0.045517,-0.018075,0.018951,-0.012715,37.971069,277.048157,-533.266113,0,0
1.880000,1.452980,-1.154083,1.043073,0.843736,-0.355730,-0.401952,-0.349693,0.203823,-0.914424,0.407215,0.912092,0.047577,-0.630939,0.279513,-0.002086,0.723729,0.001795,0.011153,-0.003217,0.005061,0.013249,0.002594,0.401952,0.914424,-0.047577,0.000000,0.000000,0.000000,-1,0.407837,0.928696,-0.044937,-0.023385,0.024238,-0.013759,38.498444,277.223938,-532.763367,0,0
1.920000,1.453971,-1.154307,1.043446,0.843543,-0.356364,-0.401795,-0.349591,0.203589,-0.914515,0.407701,0.911897,0.047154,-0.631031,0.279683,-0.002340,0.723583,-0.002452,0.016440,-0.004270,0.003082,0.013723,-0.000194,0.401795,0.914515,-0.047155,0.000000,0.000000,0.000000,-1,0.404739,0.924942,-0.049103,-0.023405,0.021021,-0.018008,39.553207,277.575531,-532.763367,0,0
1.960000,1.454459,-1.154654,1.043503,0.843485,-0.356831,-0.401503,-0.349329,0.203410,-0.914655,0.408047,0.911754,0.046922,-0.631101,0.279733,-0.002593,0.723501,-0.001418,0.006898,-0.005308,0.003801,0.009295,-0.002273,0.401503,0.914655,-0.046922,0.000000,0.000000,0.000000,-1,0.405090,0.925522,-0.045547,-0.025566,0.007292,-0.013678,38.322662,275.993408,-532.595764,0,0
2.000000,1.454869,-1.154829,1.043913,0.843525,-0.356895,-0.401362,-0.349273,0.203186,-0.914726,0.408012,0.911779,0.046738,-0.631190,0.279697,-0.002634,0.723438,-0.003560,0.000573,-0.002072,0.003179,0.010628,0.001710,0.401362,0.914726,-0.046738,0.000000,0.000000,0.000000,-1,0.406616,0.924866,-0.046829,-0.026618,0.010480,-0.012617,37.971069,277.751312,-533.601318,0,0
2.040000,1.455576,-1.154842,1.044648,0.843503,-0.356921,-0.401384,-0.349413,0.202923,-0.914731,0.407937,0.911828,0.046453,-0.631294,0.279717,-0.002595,0.723339,-0.002497,-0.000504,-0.000992,0.008101,0.010425,0.001349,0.401384,0.914731,-0.046453,0.000000,0.000000,0.000000,-1,0.407761,0.927109,-0.044907,-0.024492,0.009420,-0.012629,36.916321,278.454468,-531.925415,0,0
2.080000,1.456067,-1.154912,1.045128,0.843498,-0.356979,-0.401343,-0.349455,0.202724,-0.914759,0.407912,0.911849,0.046249,-0.631373,0.279721,-0.002601,0.723269,-0.004626,0.001595,-0.003114,0.005395,0.013814,0.001342,0.401343,0.914759,-0.046249,0.000000,0.000000,0.000000,-1,0.403549,0.926025,-0.045212,-0.025554,0.010480,-0.012625,38.146866,277.223938,-533.768921,0,0
2.120000,1.456622,-1.155112,1.045650,0.843528,-0.357085,-0.401187,-0.349402,0.202449,-0.914840,0.407895,0.911869,0.046005,-0.631481,0.279694,-0.002656,0.723184,-0.003564,0.001585,-0.004188,0.002363,0.011185,0.000793,0.401187,0.914840,-0.046005,0.000000,0.000000,0.000000,-1,0.407425,0.926849,-0.047180,-0.026627,0.009401,-0.014743,38.850037,275.466003,-532.428223,0,0
2.160000,1.457059,-1.155336,1.046120,0.843596,-0.357131,-0.401004,-0.349320,0.202182,-0.914930,0.407826,0.911910,0.045807,-0.631587,0.279634,-0.002700,0.723116,-0.004632,0.000527,-0.004175,0.004193,0.011675,0.000580,0.401004,0.914930,-0.045807,0.000000,0.000000,0.000000,-1,0.406433,0.927994,-0.047821,-0.027688,0.010460,-0.014739,38.146866,277.575531,-533.433716,0,0
2.200000,1.457404,-1.155548,1.046416,0.843634,-0.357239,-0.400826,-0.349212,0.201981,-0.915016,0.407839,0.911912,0.045646,-0.631666,0.279598,-0.002775,0.723060,-0.002493,0.003665,-0.005246,0.005607,0.012977,-0.002175,0.400826,0.915016,-0.045646,0.000000,0.000000,0.000000,-1,0.406601,0.925400,-0.048767,-0.025555,0.012568,-0.015829,39.201614,277.223938,-531.422668,0,0
2.240000,1.457378,-1.155642,1.046355,0.843655,-0.357286,-0.400739,-0.349125,0.201960,-0.915054,0.407870,0.911898,0.045647,-0.631674,0.279579,-0.002822,0.723060,-0.001438,-0.001611,-0.003103,0.006289,0.010162,-0.002403,0.400739,0.915054,-0.045647,0.000000,0.000000,0.000000,-1,0.407028,0.925873,-0.045868,-0.023434,0.007302,-0.012630,37.971069,278.454468,-532.930969,0,0
2.280000,1.457340,-1.155670,1.046398,0.843696,-0.357221,-0.400712,-0.349111,0.201932,-0.915066,0.407797,0.911930,0.045659,-0.631685,0.279543,-0.002804,0.723064,-0.002490,0.001576,-0.002042,0.005126,0.010868,-0.001933,0.400712,0.915065,-0.045659,0.000000,0.000000,0.000000,-1,0.406418,0.924454,-0.048431,-0.022356,0.011538,-0.012654,38.850037,277.223938,-533.098511,0,0
2.320000,1.457281,-1.155712,1.046254,0.843683,-0.357296,-0.400672,-0.349050,0.201963,-0.915082,0.407876,0.911894,0.045679,-0.631673,0.279554,-0.002851,0.723071,-0.000351,0.004753,-0.002070,0.006951,0.011065,-0.002936,0.400672,0.915082,-0.045679,0.000000,0.000000,0.000000,-1,0.407898,0.925125,-0.046692,-0.022363,0.009420,-0.012646,40.080582,276.696564,-533.936523,0,0
2.360000,1.457256,-1.155618,1.046201,0.843642,-0.357299,-0.400756,-0.349113,0.202024,-0.915044,0.407907,0.911879,0.045699,-0.631648,0.279591,-0.002830,0.723078,-0.001420,0.000488,-0.002016,0.006486,0.010004,-0.001436,0.400756,0.915044,-0.045699,0.000000,0.000000,0.000000,-1,0.405655,0.928406,-0.047562,-0.021300,0.009409,-0.013719,39.377411,277.048157,-532.260620,0,0
2.400000,1.457209,-1.155732,1.046123,0.843673,-0.357345,-0.400650,-0.349007,0.201999,-0.915090,0.407934,0.911867,0.045705,-0.631658,0.279563,-0.002883,0.723080,-0.001416,0.002597,-0.003090,0.003875,0.012797,-0.000025,0.400650,0.915090,-0.045705,0.000000,0.000000,0.000000,-1,0.405457,0.926819,-0.046707,-0.023426,0.011518,-0.014776,39.201614,276.872375,-533.768921,0,0
2.440000,1.457317,-1.155868,1.046271,0.843729,-0.357347,-0.400532,-0.348929,0.201886,-0.915145,0.407886,0.911891,0.045648,-0.631703,0.279513,-0.002910,0.723060,-0.001436,-0.004807,-0.001996,0.006420,0.013215,-0.000250,0.400531,0.915145,-0.045648,0.000000,0.000000,0.000000,-1,0.406372,0.924530,-0.049347,-0.023434,0.006252,-0.011560,38.850037,276.520782,-532.428223,0,0
2.480000,1.457117,-1.155843,1.046187,0.843771,-0.357230,-0.400545,-0.348932,0.201927,-0.915135,0.407794,0.911928,0.045731,-0.631687,0.279475,-0.002869,0.723089,-0.000352,0.000498,-0.000959,0.005827,0.009395,-0.003616,0.400545,0.915135,-0.045731,0.000000,0.000000,0.000000,-1,0.409348,0.925003,-0.050476,-0.019165,0.011527,-0.013744,39.025833,277.399719,-532.930969,0,0
2.520000,1.456787,-1.155613,1.045735,0.843665,-0.357264,-0.400739,-0.349022,0.202189,-0.915043,0.407937,0.911856,0.045887,-0.631583,0.279570,-0.002849,0.723143,0.001794,0.003636,-0.002020,0.008609,0.009960,-0.004589,0.400739,0.915043,-0.045887,0.000000,0.000000,0.000000,-1,0.409348,0.926697,-0.047226,-0.021294,0.011528,-0.013727,39.025833,277.751312,-533.936523,0,0
2.560000,1.456907,-1.155744,1.045617,0.843619,-0.357499,-0.400626,-0.348895,0.202171,-0.915095,0.408141,0.911768,0.045825,-0.631590,0.279610,-0.002975,0.723121,-0.002455,0.007864,-0.003068,0.007867,0.011190,0.000354,0.400626,0.915095,-0.045825,0.000000,0.000000,0.000000,-1,0.404373,0.925858,-0.047119,-0.024475,0.016814,-0.014788,38.850037,276.872375,-533.098511,0,0
2.600000,1.457354,-1.155920,1.045783,0.843558,-0.357801,-0.400486,-0.348789,0.202032,-0.915166,0.408359,0.911681,0.045628,-0.631644,0.279663,-0.003116,0.723052,-0.003532,0.004677,-0.004113,0.002880,0.012553,-0.001949,0.400486,0.915166,-0.045628,0.000000,0.000000,0.000000,-1,0.401260,0.926422,-0.046432,-0.027701,0.006224,-0.014723,39.553207,276.872375,-533.433716,0,0
2.640000,1.457435,-1.156417,1.046134,0.843822,-0.357679,-0.400037,-0.348466,0.201681,-0.915366,0.408088,0.911806,0.045544,-0.631783,0.279426,-0.003186,0.723023,-0.005703,-0.010141,-0.002977,0.003023,0.011758,-0.000858,0.400037,0.915366,-0.045544,0.000000,0.000000,0.000000,-1,0.401779,0.925842,-0.046967,-0.029857,-0.003298,-0.013605,37.443695,277.927124,-532.763367,0,0
2.680000,1.457454,-1.156652,1.046633,0.844074,-0.357323,-0.399825,-0.348381,0.201400,-0.915461,0.407640,0.912008,0.045512,-0.631894,0.279202,-0.003092,0.723012,-0.009965,-0.014418,-0.003958,0.002656,0.010778,-0.000249,0.399825,0.915461,-0.045512,0.000000,0.000000,0.000000,-1,0.411819,0.926270,-0.044083,-0.030930,-0.004377,-0.015724,37.619492,277.751312,-532.595764,0,0
2.720000,1.457771,-1.156600,1.047397,0.844200,-0.356956,-0.399886,-0.348576,0.201157,-0.915440,0.407212,0.912205,0.045391,-0.631991,0.279091,-0.002898,0.722971,-0.007831,-0.011261,-0.006116,0.011933,0.010829,0.001308,0.399886,0.915440,-0.045391,0.000000,0.000000,0.000000,-1,0.411270,0.924728,-0.045670,-0.028774,0.005145,-0.016841,38.850037,277.575531,-532.093018,0,0
2.760000,1.458360,-1.156369,1.048102,0.844131,-0.356852,-0.400123,-0.348901,0.201017,-0.915347,0.407075,0.912277,0.045179,-0.632047,0.279154,-0.002750,0.722898,-0.005653,0.006724,-0.008327,0.010308,0.007718,-0.001009,0.400123,0.915347,-0.045179,0.000000,0.000000,0.000000,-1,0.410141,0.923584,-0.047348,-0.026603,0.018914,-0.016910,37.971069,277.399719,-532.260620,0,0
2.800000,1.459029,-1.156223,1.048384,0.843909,-0.357196,-0.400286,-0.349073,0.200985,-0.915288,0.407389,0.912149,0.044926,-0.632060,0.279352,-0.002809,0.722811,-0.002432,0.011009,-0.003040,0.009367,0.008769,-0.000164,0.400286,0.915288,-0.044926,0.000000,0.000000,0.000000,-1,0.405243,0.924652,-0.046371,-0.021267,0.022099,-0.015898,37.443695,277.575531,-533.433716,0,0
2.840000,1.459303,-1.156274,1.048290,0.843781,-0.357536,-0.400252,-0.349014,0.200995,-0.915309,0.407704,0.912014,0.044811,-0.632055,0.279465,-0.002948,0.722770,0.000762,0.012058,-0.004133,0.004991,0.009343,-0.001560,0.400252,0.915309,-0.044811,0.000000,0.000000,0.000000,-1,0.403854,0.926926,-0.044510,-0.020213,0.017872,-0.014825,38.146866,277.223938,-533.098511,0,0
2.880000,1.459419,-1.156446,1.048050,0.843708,-0.357878,-0.400101,-0.348829,0.201000,-0.915378,0.408014,0.911878,0.044747,-0.632052,0.279529,-0.003130,0.722747,-0.000303,0.006727,-0.004065,0.003754,0.011548,0.000237,0.400101,0.915378,-0.044747,0.000000,0.000000,0.000000,-1,0.403900,0.928894,-0.044266,-0.024481,0.014696,-0.014780,39.201614,277.575531,-533.098511,0,0
2.920000,1.459822,-1.156718,1.048154,0.843675,-0.358211,-0.399872,-0.348635,0.200840,-0.915487,0.408248,0.911783,0.044559,-0.632115,0.279556,-0.003313,0.722681,-0.002438,0.006708,-0.006179,0.006012,0.010172,-0.000973,0.399871,0.915487,-0.044559,0.000000,0.000000,0.000000,-1,0.407135,0.926468,-0.045700,-0.024465,0.021041,-0.015869,37.619492,277.399719,-532.930969,0,0
2.960000,1.460289,-1.156808,1.048215,0.843537,-0.358604,-0.399810,-0.348575,0.200777,-0.915524,0.408584,0.911642,0.044363,-0.632139,0.279677,-0.003470,0.722613,-0.002416,0.013073,-0.005137,0.007889,0.009464,-0.002177,0.399810,0.915524,-0.044363,0.000000,0.000000,0.000000,-1,0.407227,0.926666,-0.045166,-0.023396,0.024199,-0.018020,37.971069,277.399719,-531.925415,0,0
3.000000,1.461020,-1.156834,1.048203,0.843243,-0.359286,-0.399819,-0.348552,0.200770,-0.915534,0.409210,0.911375,0.044068,-0.632140,0.279937,-0.003714,0.722510,0.001873,0.017272,-0.005142,0.006843,0.008904,-0.002334,0.399819,0.915534,-0.044068,0.000000,0.000000,0.000000,-1,0.405258,0.926086,-0.044998,-0.022317,0.026346,-0.014840,38.674240,277.399719,-531.925415,0,0
3.040000,1.461408,-1.156939,1.048111,0.843087,-0.359738,-0.399741,-0.348451,0.200754,-0.915576,0.409617,0.911200,0.043902,-0.632145,0.280074,-0.003906,0.722451,-0.000252,0.017293,-0.002995,0.004114,0.010922,-0.002836,0.399741,0.915576,-0.043902,0.000000,0.000000,0.000000,-1,0.399414,0.927856,-0.047958,-0.021262,0.022119,-0.013767,37.443695,278.278687,-532.763367,0,0
3.080000,1.461381,-1.157307,1.047715,0.843083,-0.360121,-0.399405,-0.348079,0.200724,-0.915724,0.409941,0.911056,0.043876,-0.632156,0.280073,-0.004167,0.722441,-0.003488,0.005613,-0.006123,0.002268,0.011156,-0.000863,0.399405,0.915724,-0.043876,0.000000,0.000000,0.000000,-1,0.400146,0.925140,-0.046509,-0.025564,0.010440,-0.016886,37.795288,276.169189,-532.428223,0,0
3.120000,1.461668,-1.157703,1.048021,0.843213,-0.360204,-0.399056,-0.347826,0.200436,-0.915883,0.409890,0.911087,0.043722,-0.632269,0.279956,-0.004284,0.722387,-0.007768,-0.003889,-0.002859,0.004462,0.010844,-0.001124,0.399056,0.915883,-0.043722,0.000000,0.000000,0.000000,-1,0.402634,0.928619,-0.043701,-0.030893,0.005185,-0.012564,37.619492,276.344971,-532.260620,0,0
3.160000,1.462102,-1.157811,1.048633,0.843293,-0.360103,-0.398977,-0.347863,0.200173,-0.915927,0.409693,0.911184,0.043538,-0.632373,0.279885,-0.004236,0.722323,-0.007762,-0.002820,-0.001798,0.004649,0.011945,-0.002192,0.398977,0.915927,-0.043538,0.000000,0.000000,0.000000,-1,0.405731,0.925446,-0.046616,-0.029820,0.010451,-0.015788,38.498444,277.927124,-532.763367,0,0
3.200000,1.462411,-1.157853,1.048980,0.843306,-0.360101,-0.398952,-0.347899,0.200033,-0.915944,0.409636,0.911216,0.043411,-0.632428,0.279874,-0.004224,0.722279,-0.005602,0.002420,-0.003921,0.006779,0.009502,-0.003205,0.398952,0.915944,-0.043411,0.000000,0.000000,0.000000,-1,0.401657,0.928192,-0.043976,-0.026612,0.012598,-0.012625,39.904785,277.223938,-532.093018,0,0
3.240000,1.462924,-1.157919,1.049387,0.843265,-0.360239,-0.398914,-0.347928,0.199862,-0.915970,0.409696,0.911199,0.043199,-0.632496,0.279910,-0.004262,0.722206,-0.006655,0.005607,-0.002859,0.002743,0.012222,-0.000776,0.398914,0.915970,-0.043199,0.000000,0.000000,0.000000,-1,0.405533,0.926819,-0.043701,-0.030864,0.015767,-0.013669,37.443695,276.520782,-533.098511,0,0
3.280000,1.464426,-1.158081,1.050721,0.843186,-0.360515,-0.398831,-0.348066,0.199324,-0.916035,0.409741,0.911208,0.042584,-0.632708,0.279979,-0.004311,0.721993,-0.010917,0.004549,-0.002822,0.004337,0.011592,0.001172,0.398831,0.916035,-0.042584,0.000000,0.000000,0.000000,-1,0.399368,0.930862,-0.042908,-0.036184,0.017876,-0.014701,38.322662,276.696564,-533.601318,0,0
3.320000,1.466116,-1.158485,1.052269,0.843192,-0.360829,-0.398535,-0.348053,0.198602,-0.916197,0.409740,0.911241,0.041872,-0.632993,0.279972,-0.004426,0.721745,-0.014105,0.000283,-0.002740,0.003092,0.014818,0.002687,0.398535,0.916197,-0.041872,0.000000,0.000000,0.000000,-1,0.400513,0.926086,-0.044083,-0.031957,0.007284,-0.014694,38.850037,277.223938,-532.428223,0,0
3.360000,1.466688,-1.158693,1.052984,0.843288,-0.360571,-0.398300,-0.348054,0.198059,-0.916314,0.409283,0.911461,0.041548,-0.633207,0.279776,-0.004336,0.721634,-0.013074,-0.013457,0.000499,0.003967,0.012214,-0.002077,0.398300,0.916314,-0.041548,0.000000,0.000000,0.000000,-1,0.404572,0.928406,-0.038055,-0.037315,-0.007503,-0.010336,37.619492,277.751312,-532.930969,0,0
3.400000,1.467874,-1.158747,1.055214,0.843625,-0.359999,-0.398369,-0.348427,0.197458,-0.916302,0.408529,0.911817,0.041146,-0.633447,0.279592,-0.004010,0.721496,-0.013075,-0.013456,0.000499,0.007530,0.010883,0.002008,0.398369,0.916302,-0.041146,0.000000,0.000000,0.000000,-1,0.405289,0.923431,-0.040802,-0.030901,0.000968,-0.010417,39.553207,277.223938,-532.093018,0,0
3.440000,1.468283,-1.158589,1.055947,0.843667,-0.359723,-0.398529,-0.348697,0.197273,-0.916239,0.408211,0.911967,0.040998,-0.633521,0.279557,-0.003821,0.721446,-0.008794,-0.007093,0.001508,0.007522,0.008230,-0.001375,0.398529,0.916239,-0.040998,0.000000,0.000000,0.000000,-1,0.404800,0.924164,-0.041718,-0.028775,-0.002190,-0.008291,40.080582,277.399719,-531.925415,0,0
3.480000,1.468711,-1.158329,1.057017,0.843787,-0.359159,-0.398784,-0.349116,0.197017,-0.916135,0.407605,0.912244,0.040852,-0.633624,0.279454,-0.003480,0.721397,-0.007719,-0.012400,0.003697,0.005772,0.009784,0.001454,0.398784,0.916134,-0.040852,0.000000,0.000000,0.000000,-1,0.404526,0.927872,-0.043518,-0.028781,-0.003259,-0.009352,38.322662,278.806091,-532.260620,0,0
3.520000,1.468903,-1.158237,1.057538,0.843863,-0.358877,-0.398876,-0.349292,0.196876,-0.916098,0.407295,0.912385,0.040784,-0.633680,0.279387,-0.003322,0.721374,-0.004512,-0.007115,0.002587,0.007054,0.010157,-0.000171,0.398876,0.916098,-0.040784,0.000000,0.000000,0.000000,-1,0.404144,0.928207,-0.039307,-0.027677,0.007362,-0.006205,37.971069,278.102905,-531.925415,0,0
3.560000,1.469444,-1.158103,1.058196,0.843833,-0.358789,-0.399020,-0.349528,0.196707,-0.916044,0.407156,0.912457,0.040581,-0.633748,0.279416,-0.003210,0.721304,-0.005558,-0.001809,0.003640,0.005124,0.012164,0.001274,0.399020,0.916044,-0.040581,0.000000,0.000000,0.000000,-1,0.407150,0.927414,-0.033798,-0.024482,0.007361,-0.006230,38.850037,276.520782,-530.417114,0,0
3.600000,1.470799,-1.157830,1.059768,0.843750,-0.358646,-0.399323,-0.350055,0.196279,-0.915935,0.406875,0.912605,0.040065,-0.633918,0.279492,-0.002978,0.721127,-0.006638,-0.006044,0.003665,0.005569,0.008046,0.006587,0.399323,0.915935,-0.040065,0.000000,0.000000,0.000000,-1,0.402176,0.927780,-0.039429,-0.028748,0.005244,-0.006189,39.728989,277.048157,-532.930969,0,0
3.640000,1.471822,-1.157750,1.060809,0.843679,-0.358685,-0.399437,-0.350324,0.195950,-0.915902,0.406791,0.912660,0.039663,-0.634048,0.279557,-0.002899,0.720988,-0.004456,0.005551,0.001524,0.004921,0.015403,0.001120,0.399437,0.915902,-0.039663,0.000000,0.000000,0.000000,-1,0.408478,0.932114,-0.034210,-0.026600,0.015785,-0.011571,37.971069,277.399719,-532.930969,0,0
3.680000,1.472770,-1.157743,1.061562,0.843562,-0.358914,-0.399481,-0.350476,0.195690,-0.915899,0.406903,0.912626,0.039286,-0.634150,0.279662,-0.002926,0.720857,-0.003403,0.004462,-0.001676,0.008997,0.016214,0.005076,0.399481,0.915900,-0.039286,0.000000,0.000000,0.000000,-1,0.405075,0.919937,-0.030487,-0.023402,0.016844,-0.011600,39.728989,277.399719,-532.595764,0,0
3.720000,1.475241,-1.157580,1.063459,0.843180,-0.359537,-0.399725,-0.350977,0.195097,-0.915834,0.407262,0.912508,0.038313,-0.634384,0.280002,-0.002970,0.720519,-0.003361,0.020341,-0.002800,0.005350,0.004103,0.007826,0.399725,0.915834,-0.038313,0.000000,0.000000,0.000000,-1,0.404678,0.925583,-0.043259,-0.019095,0.033779,-0.012762,39.904785,278.278687,-532.093018,0,0
3.760000,1.475846,-1.157626,1.063026,0.842794,-0.360463,-0.399706,-0.350856,0.195229,-0.915852,0.408165,0.912114,0.038067,-0.634330,0.280343,-0.003334,0.720432,0.008325,0.011865,-0.002859,0.004865,0.015163,-0.003117,0.399706,0.915852,-0.038067,0.000000,0.000000,0.000000,-1,0.408585,0.925446,-0.037140,-0.005314,0.014701,-0.013863,38.498444,276.520782,-531.757812,0,0
3.800000,1.474406,-1.157424,1.061427,0.842735,-0.360458,-0.399835,-0.350705,0.195879,-0.915771,0.408417,0.911977,0.038660,-0.634073,0.280395,-0.003384,0.720638,0.015759,-0.005095,-0.000668,0.010230,0.004547,0.000528,0.399835,0.915771,-0.038660,0.000000,0.000000,0.000000,-1,0.409927,0.924561,-0.035309,-0.004250,0.011553,-0.010664,38.674240,278.102905,-532.595764,0,0
3.840000,1.473349,-1.156791,1.059794,0.842357,-0.360746,-0.400371,-0.350890,0.196735,-0.915517,0.409037,0.911678,0.039139,-0.633735,0.280731,-0.003419,0.720804,0.023289,0.014047,0.007727,0.009114,0.015361,0.003250,0.400371,0.915517,-0.039139,0.000000,0.000000,0.000000,-1,0.423752,0.934708,-0.035751,0.004313,0.023241,-0.006512,39.553207,277.575531,-532.428223,0,0
3.880000,1.472563,-1.156054,1.058400,0.841918,-0.361059,-0.401012,-0.351204,0.197555,-0.915220,0.409671,0.911377,0.039520,-0.633412,0.281122,-0.003417,0.720936,0.032843,0.011848,-0.000859,0.026249,0.010668,0.008194,0.401012,0.915220,-0.039520,0.000000,0.000000,0.000000,-1,0.422455,0.917145,-0.030685,0.010729,0.034860,-0.009802,39.728989,275.993408,-530.584717,0,0
3.920000,1.472767,-1.154703,1.057034,0.840868,-0.362129,-0.402249,-0.352010,0.198642,-0.914675,0.411134,0.910716,0.039559,-0.632982,0.282053,-0.003509,0.720949,0.036111,0.039367,-0.003111,0.026370,0.018095,0.015328,0.402249,0.914675,-0.039559,0.000000,0.000000,0.000000,-1,0.422150,0.917587,-0.017899,0.012950,0.069762,-0.015276,38.674240,276.344971,-531.590271,0,0
3.960000,1.476241,-1.153894,1.056803,0.839066,-0.365324,-0.403121,-0.352608,0.199087,-0.914348,0.414289,0.909342,0.038231,-0.632801,0.283633,-0.004412,0.720483,0.020248,0.071038,-0.010508,0.011475,0.005986,0.014122,0.403121,0.914348,-0.038231,0.000000,0.000000,0.000000,-1,0.403946,0.920685,-0.026352,0.003381,0.080287,-0.022699,38.850037,278.278687,-530.752319,0,0
4.000000,1.477421,-1.154322,1.055636,0.838298,-0.367460,-0.402776,-0.352035,0.199306,-0.914521,0.416325,0.908433,0.037719,-0.632707,0.284292,-0.005354,0.720299,0.038285,0.057197,-0.018053,-0.001852,0.007247,0.006057,0.402776,0.914521,-0.037719,0.000000,0.000000,0.000000,-1,0.396057,0.919037,-0.039749,0.028790,0.042043,-0.034471,38.322662,277.048157,-529.914368,0,0
4.040000,1.474986,-1.155278,1.051781,0.838230,-0.368670,-0.401812,-0.350504,0.200228,-0.914907,0.417753,0.907740,0.038616,-0.632334,0.284333,-0.006302,0.720603,0.055202,0.022192,-0.023382,-0.005755,0.004129,-0.001133,0.401812,0.914907,-0.038616,0.000000,0.000000,0.000000,-1,0.405334,0.916534,-0.041351,0.046807,0.007166,-0.025958,38.498444,276.520782,-531.422668,0,0
4.080000,1.467382,-1.155414,1.043928,0.838562,-0.368381,-0.401383,-0.348814,0.202911,-0.914962,0.418500,0.907261,0.041658,-0.631267,0.284030,-0.006779,0.721653,0.072122,-0.031662,-0.005201,0.003951,0.001572,0.000306,0.401383,0.914962,-0.041658,0.000000,0.000000,0.000000,-1,0.405319,0.931595,-0.022491,0.050922,-0.045733,-0.019399,40.080582,277.399719,-530.249512,0,0
4.120000,1.459719,-1.156178,1.037904,0.839815,-0.366638,-0.400358,-0.346983,0.204654,-0.915270,0.417507,0.907576,0.044654,-0.630577,0.282924,-0.006799,0.722690,0.067714,-0.054176,-0.034912,0.004961,0.016325,0.022163,0.400358,0.915270,-0.044654,0.000000,0.000000,0.000000,-1,0.404221,0.932098,-0.033890,0.045558,-0.025983,-0.059914,38.498444,278.278687,-531.422668,0,0
4.160000,1.454413,-1.158037,1.033093,0.840906,-0.366243,-0.398425,-0.344533,0.205449,-0.916017,0.417341,0.907555,0.046580,-0.630253,0.281941,-0.007503,0.723349,0.078389,-0.023678,-0.058547,0.007504,0.011152,0.008082,0.398425,0.916017,-0.046580,0.000000,0.000000,0.000000,-1,0.419357,0.920776,-0.041595,0.059359,-0.031370,-0.069589,39.201614,276.520782,-531.757812,0,0
4.200000,1.443502,-1.158994,1.023612,0.842318,-0.364517,-0.397023,-0.341821,0.208250,-0.916401,0.416724,0.907612,0.050813,-0.629137,0.280677,-0.007828,0.724807,0.093179,-0.078558,-0.037143,0.013576,-0.005344,0.012407,0.397023,0.916401,-0.050813,0.000000,0.000000,0.000000,-1,0.402283,0.914871,-0.039749,0.064615,-0.075609,-0.042831,38.146866,277.575531,-531.422668,0,0
4.240000,1.436383,-1.159280,1.018491,0.843516,-0.362429,-0.396392,-0.340527,0.209860,-0.916515,0.415359,0.908077,0.053604,-0.628501,0.279616,-0.007545,0.725772,0.083559,-0.098579,-0.026339,0.005616,-0.000179,0.012878,0.396392,0.916515,-0.053604,0.000000,0.000000,0.000000,-1,0.405975,0.922958,-0.048477,0.063479,-0.106245,-0.034184,39.201614,276.520782,-532.428223,0,0
4.280000,1.424889,-1.159363,1.011060,0.845623,-0.358279,-0.395674,-0.338893,0.212344,-0.916549,0.412399,0.909146,0.058145,-0.627522,0.277748,-0.006663,0.727343,0.092968,-0.156813,-0.024060,0.010317,0.006501,0.007043,0.395674,0.916549,-0.058145,0.000000,0.000000,0.000000,-1,0.403412,0.921524,-0.044235,0.074921,-0.183703,-0.048897,37.092117,277.575531,-534.104065,0,0
