0.000000,-0.831373,1.421801,0.797015,0.993555,-0.028630,0.109679,-0.106178,0.103740,0.988921,-0.039691,-0.994192,0.100031,0.668914,-0.050383,0.026157,0.741169,0.137171,-0.390962,0.129242,0.010863,0.026763,0.003336,-0.109679,-0.988921,-0.100031,0.000000,0.000000,0.000000,-1,-0.093918,-0.958328,-0.086868,0.098944,-0.470560,0.114851,134.032608,197.495255,-785.412170,0,0
0.040000,-0.873322,1.422352,0.828286,0.992775,-0.039321,0.113361,-0.108969,0.100001,0.989002,-0.050225,-0.994210,0.094994,0.670407,-0.055299,0.023544,0.739556,0.093539,-0.343290,0.103965,0.018924,0.027134,0.019875,-0.113361,-0.989002,-0.094994,0.000000,0.000000,0.000000,-1,-0.103958,-0.965546,-0.060577,0.117057,-0.406951,0.112237,133.857391,196.971390,-785.579224,0,0
0.080000,-0.920572,1.423560,0.866437,0.991973,-0.048532,0.116769,-0.111793,0.094998,0.989180,-0.059100,-0.994294,0.088810,0.672340,-0.059615,0.021444,0.737526,0.132949,-0.300882,0.104397,0.015085,0.024382,0.031788,-0.116769,-0.989180,-0.088810,0.000000,0.000000,0.000000,-1,-0.101151,-0.973465,-0.059616,0.164910,-0.406946,0.114900,132.806152,196.622147,-784.577148,0,0
0.120000,-0.992077,1.425697,0.925627,0.990764,-0.061111,0.121046,-0.115528,0.086948,0.989491,-0.070993,-0.994337,0.079084,0.675413,-0.065382,0.018527,0.734302,0.168042,-0.363427,0.108531,0.018965,0.016118,0.016966,-0.121046,-0.989491,-0.079084,0.000000,0.000000,0.000000,-1,-0.104111,-0.984131,-0.072540,0.163781,-0.489643,0.114222,131.404510,197.320633,-785.579224,0,0
0.160000,-1.063708,1.425496,0.977548,0.988653,-0.080904,0.126570,-0.120049,0.080946,0.989462,-0.090297,-0.993430,0.070315,0.677752,-0.074125,0.013380,0.731422,0.051092,-0.405830,0.112113,0.010710,0.008414,0.014025,-0.126570,-0.989462,-0.070315,0.000000,0.000000,0.000000,-1,-0.128098,-0.973938,-0.044891,0.012810,-0.523562,0.121358,131.579712,196.098282,-784.410156,0,0
0.200000,-1.099447,1.423160,1.000819,0.986980,-0.093238,0.131060,-0.123846,0.079377,0.989122,-0.102626,-0.992475,0.066797,0.678382,-0.080000,0.010478,0.730266,0.011800,-0.425964,0.121155,-0.004789,0.022905,0.035180,-0.131060,-0.989122,-0.066797,0.000000,0.000000,0.000000,-1,-0.135345,-0.957138,-0.011124,0.038346,-0.527793,0.127478,130.178070,196.447525,-785.078186,0,0
0.240000,-1.144106,1.419760,1.028567,0.984456,-0.109934,0.136973,-0.128881,0.077646,0.988616,-0.119318,-0.990901,0.062271,0.679069,-0.087920,0.006500,0.728761,0.056393,-0.431295,0.102610,0.005762,0.032149,0.047958,-0.136973,-0.988616,-0.062271,0.000000,0.000000,0.000000,-1,-0.146988,-0.982300,-0.023712,0.047808,-0.536315,0.100819,131.229309,195.399811,-785.078186,0,0
0.280000,-1.185161,1.417376,1.052608,0.981773,-0.126774,0.141596,-0.132757,0.075693,0.988254,-0.136003,-0.989039,0.057483,0.679816,-0.095442,0.002057,0.727143,0.030825,-0.421785,0.082642,-0.003286,0.007389,0.033664,-0.141596,-0.988254,-0.057483,0.000000,0.000000,0.000000,-1,-0.149368,-0.985031,-0.028732,0.025419,-0.509843,0.078609,130.878891,197.146011,-783.742188,0,0
0.320000,-1.214209,1.415250,1.066073,0.979145,-0.142124,0.145174,-0.135602,0.074914,0.987927,-0.151284,-0.987010,0.054079,0.680102,-0.102090,-0.002246,0.725971,0.001012,-0.370936,0.057217,-0.006391,0.006451,0.021517,-0.145174,-0.987927,-0.054079,0.000000,0.000000,0.000000,-1,-0.161545,-0.964371,-0.038483,0.002032,-0.469567,0.071238,128.426010,196.447525,-783.742188,0,0
0.360000,-1.238147,1.412283,1.074265,0.976183,-0.157505,0.149197,-0.138789,0.075197,0.987463,-0.166749,-0.984651,0.051546,0.679971,-0.108936,-0.006453,0.725073,-0.050166,-0.475930,0.038062,-0.001605,0.019232,-0.001585,-0.149197,-0.987463,-0.051546,0.000000,0.000000,0.000000,-1,-0.171783,-0.957275,-0.047867,-0.062009,-0.540680,0.019079,128.075592,196.098282,-783.408142,0,0
0.400000,-1.251206,1.410199,1.071106,0.973103,-0.173275,0.151811,-0.140357,0.076621,0.987132,-0.182677,-0.981889,0.050240,0.679383,-0.115410,-0.011358,0.724562,-0.035347,-0.366793,-0.002982,-0.035628,0.019923,0.009483,-0.151811,-0.987132,-0.050240,0.000000,0.000000,0.000000,-1,-0.217484,-0.973572,-0.043304,-0.024757,-0.447393,0.010802,128.075592,197.495255,-784.076172,0,0
0.440000,-1.265724,1.408444,1.073570,0.970571,-0.184991,0.154176,-0.142067,0.077101,0.986850,-0.194445,-0.979711,0.048551,0.679139,-0.120394,-0.014823,0.723917,0.022279,-0.243792,0.015046,-0.061690,0.020465,-0.001147,-0.154176,-0.986850,-0.048551,0.000000,0.000000,0.000000,-1,-0.210449,-0.973618,-0.053696,0.031797,-0.293627,0.033950,127.199570,196.622147,-781.571167,0,0
0.480000,-1.282665,1.406494,1.082797,0.968688,-0.192486,0.156821,-0.144471,0.076689,0.986533,-0.201920,-0.978299,0.046479,0.679250,-0.124018,-0.016599,0.723162,0.022398,-0.175910,0.034967,-0.047448,0.016318,-0.010635,-0.156821,-0.986533,-0.046479,0.000000,0.000000,0.000000,-1,-0.185150,-0.969986,-0.069397,0.012688,-0.277718,0.038344,127.024368,195.399811,-782.406128,0,0
0.520000,-1.288594,1.404598,1.082778,0.967205,-0.198160,0.158890,-0.146122,0.077568,0.986221,-0.207755,-0.977096,0.046069,0.678890,-0.126781,-0.017994,0.722987,-0.009499,-0.111254,0.024399,-0.025634,0.015609,-0.023176,-0.158890,-0.986221,-0.046069,0.000000,0.000000,0.000000,-1,-0.180328,-0.967026,-0.060776,-0.009616,-0.196098,0.027584,126.673950,197.495255,-783.742188,0,0
0.560000,-1.290805,1.403270,1.081247,0.966249,-0.201701,0.160251,-0.147159,0.078408,0.986000,-0.211442,-0.976304,0.046079,0.678558,-0.128530,-0.018860,0.722969,-0.001024,-0.094305,0.014661,-0.012601,0.025169,-0.015276,-0.160251,-0.986000,-0.046079,0.000000,0.000000,0.000000,-1,-0.173050,-0.973557,-0.056656,0.012690,-0.196106,0.022020,125.622711,196.796768,-783.742188,0,0
0.600000,-1.295383,1.401308,1.082117,0.965170,-0.205180,0.162321,-0.148935,0.079188,0.985671,-0.215093,-0.975516,0.045871,0.678253,-0.130525,-0.019451,0.722881,0.013828,-0.095370,0.011330,-0.008134,0.009658,-0.001156,-0.162321,-0.985671,-0.045871,0.000000,0.000000,0.000000,-1,-0.178009,-0.964645,-0.035950,0.012639,-0.199306,0.009270,126.498749,195.923676,-784.243164,0,0
0.640000,-1.307642,1.400331,1.090324,0.964069,-0.209143,0.163801,-0.150433,0.078408,0.985506,-0.218955,-0.974737,0.044128,0.678515,-0.132486,-0.020322,0.722254,0.015897,-0.099639,-0.004606,-0.020235,0.025682,0.007721,-0.163801,-0.985506,-0.044128,0.000000,0.000000,0.000000,-1,-0.191391,-0.959183,-0.035797,0.023261,-0.196130,0.005947,125.622711,197.146011,-782.072144,0,0
0.680000,-1.324150,1.397794,1.103265,0.962782,-0.212569,0.166931,-0.153667,0.077581,0.985072,-0.222347,-0.974061,0.042029,0.678817,-0.134880,-0.020409,0.721525,0.028745,-0.079470,0.015419,-0.028458,0.029079,0.005911,-0.166931,-0.985072,-0.042029,0.000000,0.000000,0.000000,-1,-0.201218,-0.957031,-0.031845,0.035074,-0.161106,0.030125,127.199570,196.622147,-783.241150,0,0
0.720000,-1.342453,1.394386,1.119316,0.961606,-0.214695,0.170941,-0.157912,0.076569,0.984480,-0.224451,-0.973675,0.039726,0.679211,-0.137147,-0.019696,0.720746,0.044762,-0.039172,0.025749,-0.033344,0.027510,0.005455,-0.170941,-0.984480,-0.039726,0.000000,0.000000,0.000000,-1,-0.205750,-0.958908,-0.023743,0.052105,-0.133541,0.029812,126.849152,196.272903,-783.575195,0,0
0.760000,-1.365745,1.391230,1.141472,0.960643,-0.215845,0.174862,-0.162394,0.074345,0.983921,-0.225374,-0.973593,0.036367,0.680061,-0.139046,-0.018569,0.719610,0.059633,-0.027528,0.018140,-0.034138,0.022526,0.007756,-0.174862,-0.983921,-0.036367,0.000000,0.000000,0.000000,-1,-0.210297,-0.967712,-0.029190,0.058471,-0.124007,0.024381,124.396271,197.669876,-781.905151,0,0
0.800000,-1.383599,1.388160,1.158860,0.959878,-0.216310,0.178449,-0.166429,0.072719,0.983368,-0.225689,-0.973613,0.033801,0.680691,-0.140570,-0.017350,0.718749,0.040507,0.001088,0.015081,-0.030398,0.019471,0.006213,-0.178449,-0.983368,-0.033801,0.000000,0.000000,0.000000,-1,-0.205719,-0.962906,-0.025589,0.047875,-0.082658,0.025375,124.921890,196.447525,-784.076172,0,0
0.840000,-1.398792,1.385506,1.174933,0.959488,-0.215491,0.181513,-0.169984,0.071041,0.982883,-0.224697,-0.973918,0.031533,0.681343,-0.141440,-0.015845,0.717994,0.056542,0.029735,0.031832,-0.016851,0.021686,0.007073,-0.181513,-0.982883,-0.031533,0.000000,0.000000,0.000000,-1,-0.197769,-0.965683,-0.031479,0.056456,-0.070968,0.043310,125.447510,198.368347,-782.907166,0,0
0.880000,-1.412828,1.382780,1.190087,0.959138,-0.214437,0.184583,-0.173528,0.069452,0.982377,-0.223477,-0.974266,0.029403,0.681961,-0.142224,-0.014258,0.717285,0.058741,0.017044,0.054225,-0.004992,0.012422,0.002090,-0.184583,-0.982377,-0.029403,0.000000,0.000000,0.000000,-1,-0.175705,-0.966339,-0.022034,0.058624,-0.079431,0.056089,126.673950,196.796768,-782.740112,0,0
0.920000,-1.426677,1.381746,1.205107,0.959087,-0.213456,0.185978,-0.175500,0.067201,0.982183,-0.222151,-0.974639,0.026990,0.682806,-0.142411,-0.013244,0.716463,0.057619,0.021255,0.036130,0.008564,0.011678,0.002073,-0.185978,-0.982183,-0.026990,0.000000,0.000000,0.000000,-1,-0.168716,-0.972656,-0.025375,0.062766,-0.093253,0.029513,125.973129,195.749054,-783.074158,0,0
0.960000,-1.438680,1.382050,1.217669,0.959158,-0.213128,0.185992,-0.176050,0.064888,0.982240,-0.221411,-0.974867,0.024717,0.683658,-0.142315,-0.012952,0.715675,0.055396,0.006377,0.012805,0.018588,0.009691,-0.002398,-0.185992,-0.982240,-0.024717,0.000000,0.000000,0.000000,-1,-0.173035,-0.974503,-0.033600,0.055274,-0.091154,0.015758,127.199570,195.923676,-781.905151,0,0
1.000000,-1.444809,1.382706,1.224322,0.959334,-0.212763,0.185502,-0.175872,0.063497,0.982363,-0.220790,-0.975038,0.023495,0.684168,-0.142010,-0.012894,0.715249,0.039417,0.002130,0.007667,0.011170,0.008028,-0.005420,-0.185502,-0.982363,-0.023495,0.000000,0.000000,0.000000,-1,-0.172745,-0.967117,-0.025406,0.035043,-0.106004,0.010729,124.746689,196.622147,-781.571167,0,0
1.040000,-1.450490,1.383168,1.229754,0.959316,-0.213120,0.185181,-0.175787,0.062388,0.982449,-0.220933,-0.975032,0.022387,0.684569,-0.142026,-0.013056,0.714859,0.028748,-0.011661,0.001456,0.004990,0.015836,-0.002806,-0.185181,-0.982449,-0.022387,0.000000,0.000000,0.000000,-1,-0.186035,-0.971939,-0.021988,0.033964,-0.101772,0.005404,126.323532,196.098282,-782.740112,0,0
1.080000,-1.457424,1.383243,1.236760,0.959291,-0.213165,0.185258,-0.176149,0.061131,0.982463,-0.220752,-0.975102,0.021094,0.685030,-0.142079,-0.012953,0.714408,0.038309,0.005293,-0.004043,-0.003096,0.011043,0.001471,-0.185258,-0.982463,-0.021094,0.000000,0.000000,0.000000,-1,-0.196472,-0.969086,-0.024063,0.040329,-0.087999,-0.001111,127.725189,196.796768,-783.074158,0,0
1.120000,-1.462995,1.382850,1.243301,0.959387,-0.212300,0.185758,-0.176912,0.060102,0.982390,-0.219725,-0.975355,0.020103,0.685416,-0.141962,-0.012389,0.714071,0.025563,0.031796,-0.005072,-0.011813,0.013335,-0.005486,-0.185758,-0.982390,-0.020103,0.000000,0.000000,0.000000,-1,-0.191879,-0.965790,-0.024185,0.023344,-0.064671,0.001098,125.447510,195.923676,-782.907166,0,0
1.160000,-1.462492,1.382426,1.245083,0.959798,-0.210073,0.186162,-0.177413,0.059920,0.982311,-0.217512,-0.975848,0.020241,0.685499,-0.141315,-0.011433,0.714136,0.003258,0.051945,-0.001716,-0.000102,0.012233,-0.000984,-0.186162,-0.982311,-0.020241,0.000000,0.000000,0.000000,-1,-0.182571,-0.973557,-0.018356,0.003159,-0.045587,0.001235,126.148331,197.320633,-783.575195,0,0
1.200000,-1.461576,1.382706,1.246533,0.960349,-0.207803,0.185869,-0.177239,0.059575,0.982363,-0.215212,-0.976355,0.020382,0.685637,-0.140396,-0.010699,0.714196,0.007522,0.062545,-0.001812,0.003755,0.010851,0.004421,-0.185869,-0.982363,-0.020382,0.000000,0.000000,0.000000,-1,-0.177338,-0.965149,-0.016998,0.013815,-0.039218,0.006407,125.973129,196.796768,-782.406128,0,0
1.240000,-1.463350,1.382925,1.250175,0.960761,-0.206050,0.185691,-0.177250,0.058861,0.982404,-0.213354,-0.976770,0.020029,0.685907,-0.139706,-0.010083,0.714082,0.025625,0.060435,0.005440,0.007773,0.017774,0.002405,-0.185691,-0.982404,-0.020029,0.000000,0.000000,0.000000,-1,-0.179962,-0.970001,-0.023575,0.030847,-0.042389,0.012616,125.272308,196.796768,-782.740112,0,0
1.280000,-1.465183,1.382955,1.254481,0.961260,-0.203705,0.185698,-0.177474,0.058088,0.982410,-0.210909,-0.977308,0.019685,0.686201,-0.138873,-0.009185,0.713974,0.020301,0.060433,0.004431,0.003157,0.012897,-0.004027,-0.185698,-0.982410,-0.019685,0.000000,0.000000,0.000000,-1,-0.185516,-0.968109,-0.026520,0.015952,-0.036034,0.008497,125.272308,196.098282,-783.408142,0,0
1.320000,-1.464162,1.382693,1.256144,0.961764,-0.201093,0.185934,-0.177816,0.057873,0.982361,-0.208307,-0.977861,0.019902,0.686292,-0.138027,-0.008150,0.714062,0.017126,0.066802,0.008694,0.002401,0.016830,-0.007090,-0.185934,-0.982361,-0.019902,0.000000,0.000000,0.000000,-1,-0.183365,-0.972382,-0.023697,0.018096,-0.032847,0.012713,125.973129,196.796768,-784.076172,0,0
1.360000,-1.463308,1.382497,1.258214,0.962319,-0.198255,0.186108,-0.178118,0.057564,0.982324,-0.205464,-0.978459,0.020082,0.686417,-0.137079,-0.007049,0.714137,0.013911,0.076333,0.001240,0.001324,0.008783,-0.002913,-0.186108,-0.982324,-0.020082,0.000000,0.000000,0.000000,-1,-0.191238,-0.968872,-0.020386,0.006366,-0.016963,0.000006,125.973129,196.447525,-782.406128,0,0
1.400000,-1.461952,1.382350,1.259373,0.962799,-0.195804,0.186225,-0.178322,0.057402,0.982296,-0.203027,-0.978962,0.020350,0.686485,-0.136247,-0.006119,0.714239,0.005373,0.086918,-0.009345,-0.005014,0.013424,-0.000036,-0.186225,-0.982296,-0.020350,0.000000,0.000000,0.000000,-1,-0.194626,-0.957764,-0.015594,0.006356,-0.008488,-0.004287,126.849152,195.574432,-783.575195,0,0
1.440000,-1.460091,1.381556,1.262622,0.963659,-0.190806,0.186962,-0.179251,0.057058,0.982147,-0.198068,-0.979968,0.020783,0.686625,-0.134738,-0.004044,0.714405,0.006557,0.117676,0.002202,-0.012639,0.025177,0.004486,-0.186962,-0.982147,-0.020783,0.000000,0.000000,0.000000,-1,-0.200470,-0.961136,-0.022797,0.016019,0.026526,0.013532,126.673950,197.146011,-782.740112,0,0
1.480000,-1.460396,1.379550,1.269765,0.964579,-0.184106,0.188925,-0.181535,0.056360,0.981768,-0.191397,-0.981289,0.020943,0.686891,-0.133078,-0.000900,0.714472,0.022599,0.143149,0.022140,-0.010309,0.012316,0.001900,-0.188925,-0.981768,-0.020943,0.000000,0.000000,0.000000,-1,-0.196686,-0.964096,-0.013535,0.008675,0.066841,0.031514,126.849152,193.828232,-783.575195,0,0
1.520000,-1.460217,1.378745,1.272772,0.965016,-0.180985,0.189707,-0.182459,0.056047,0.981615,-0.188290,-0.981888,0.021064,0.687005,-0.132256,0.000516,0.714515,0.007753,0.167539,0.026454,-0.006979,0.017519,0.007529,-0.189707,-0.981615,-0.021064,0.000000,0.000000,0.000000,-1,-0.199295,-0.963440,-0.020874,0.007622,0.070025,0.033639,126.849152,195.923676,-782.239136,0,0
1.560000,-1.457212,1.376436,1.278185,0.966105,-0.172676,0.191894,-0.184929,0.055712,0.981171,-0.180115,-0.983402,0.021890,0.687114,-0.130111,0.004286,0.714791,0.017345,0.163306,0.032761,0.000763,0.013108,-0.000036,-0.191894,-0.981171,-0.021890,0.000000,0.000000,0.000000,-1,-0.181915,-0.978653,-0.028900,0.019311,0.066842,0.032461,127.549973,197.320633,-782.907166,0,0
1.600000,-1.450270,1.376235,1.278889,0.967412,-0.165153,0.191934,-0.185158,0.055638,0.981133,-0.172716,-0.984697,0.023246,0.687119,-0.127457,0.006992,0.715244,0.007722,0.216282,0.009218,0.008172,0.000298,-0.007760,-0.191934,-0.981133,-0.023246,0.000000,0.000000,0.000000,-1,-0.180161,-0.974518,-0.039062,0.009698,0.125119,0.008902,128.250809,196.971390,-782.907166,0,0
1.640000,-1.441322,1.376518,1.276760,0.968636,-0.158414,0.191442,-0.184773,0.055952,0.981187,-0.166145,-0.985786,0.024926,0.686978,-0.124890,0.009206,0.715806,0.004500,0.225813,0.000694,0.011282,0.006669,-0.014136,-0.191442,-0.981187,-0.024926,0.000000,0.000000,0.000000,-1,-0.170700,-0.968384,-0.040787,0.005435,0.126174,0.005753,127.024368,195.749054,-782.406128,0,0
1.680000,-1.421647,1.377700,1.267992,0.970675,-0.147571,0.189768,-0.183168,0.057224,0.981415,-0.155687,-0.987395,0.028515,0.686465,-0.120450,0.012412,0.717010,-0.019978,0.188718,0.006427,0.031733,0.018387,-0.013080,-0.189768,-0.981415,-0.028516,0.000000,0.000000,0.000000,-1,-0.139862,-0.968185,-0.038406,-0.021144,0.066820,0.018015,128.951630,196.272903,-783.241150,0,0
1.720000,-1.406485,1.379778,1.258283,0.971964,-0.142143,0.187302,-0.180663,0.058372,0.981811,-0.150491,-0.988123,0.031056,0.686028,-0.117636,0.013414,0.717877,-0.014725,0.088012,0.013164,0.055100,0.012268,-0.009441,-0.187302,-0.981811,-0.031056,0.000000,0.000000,0.000000,-1,-0.125717,-0.973907,-0.048782,-0.001101,-0.102824,0.011113,128.951630,195.923676,-784.243164,0,0
1.760000,-1.398696,1.382273,1.250996,0.972541,-0.141676,0.184640,-0.177906,0.058917,0.982282,-0.150044,-0.988158,0.032094,0.685844,-0.116492,0.012611,0.718253,-0.005315,-0.031810,-0.001332,0.058923,0.008375,-0.016688,-0.184640,-0.982282,-0.032094,0.000000,0.000000,0.000000,-1,-0.131607,-0.966537,-0.029190,-0.017142,-0.143137,-0.005547,128.075592,197.495255,-783.742188,0,0
1.800000,-1.386404,1.384356,1.235697,0.972577,-0.144535,0.182220,-0.175052,0.060959,0.982670,-0.153138,-0.987620,0.033986,0.685134,-0.116615,0.010612,0.718944,-0.087406,-0.087018,-0.051252,0.021804,0.013157,0.008046,-0.182220,-0.982670,-0.033986,0.000000,0.000000,0.000000,-1,-0.182571,-0.986954,-0.034119,-0.094982,-0.211062,-0.052250,128.250809,195.574432,-784.577148,0,0
1.840000,-1.363883,1.386167,1.208008,0.972326,-0.149341,0.179667,-0.171633,0.065150,0.983004,-0.158508,-0.986637,0.037715,0.683641,-0.117377,0.007737,0.720276,-0.167252,-0.120980,-0.073624,-0.003805,-0.010511,0.005718,-0.179667,-0.983004,-0.037715,0.000000,0.000000,0.000000,-1,-0.201431,-0.996704,-0.040222,-0.242894,-0.233374,-0.082431,128.075592,196.796768,-785.078186,0,0
1.880000,-1.327950,1.387116,1.167561,0.972147,-0.153295,0.177290,-0.168000,0.071671,0.983178,-0.163423,-0.985578,0.043921,0.681277,-0.117902,0.005088,0.722450,-0.287470,-0.121015,-0.094636,-0.024142,-0.013526,0.003699,-0.177290,-0.983178,-0.043921,0.000000,0.000000,0.000000,-1,-0.226730,-0.994736,-0.036270,-0.336475,-0.198408,-0.095385,129.827652,195.399811,-784.410156,0,0
1.920000,-1.204272,1.383808,1.043298,0.973010,-0.152088,0.173552,-0.160630,0.093577,0.982569,-0.165678,-0.983927,0.066622,0.673203,-0.116131,0.002924,0.730275,-0.565782,0.212938,-0.099436,-0.079622,-0.001455,0.012224,-0.173552,-0.982569,-0.066622,0.000000,0.000000,0.000000,-1,-0.239899,-0.964798,-0.101761,-0.583838,0.199187,-0.081689,129.302032,198.368347,-784.577148,0,0
1.960000,-1.064355,1.375233,0.917024,0.975935,-0.136661,0.169927,-0.154249,0.118182,0.980938,-0.154138,-0.983543,0.094258,0.663983,-0.109532,0.005945,0.739658,-0.651613,0.509822,-0.081731,-0.064005,0.015576,-0.027171,-0.169927,-0.980938,-0.094258,0.000000,0.000000,0.000000,-1,-0.193802,-0.931763,-0.140854,-0.611248,0.485449,-0.078424,130.002869,197.669876,-786.247192,0,0
2.000000,-0.962567,1.367664,0.830680,0.978856,-0.120126,0.165559,-0.148962,0.136047,0.979439,-0.140180,-0.983392,0.115277,0.657178,-0.102365,0.009654,0.746689,-0.583606,0.591419,-0.108378,-0.028243,0.047677,-0.025577,-0.165559,-0.979439,-0.115277,0.000000,0.000000,0.000000,-1,-0.122101,-0.951355,-0.171631,-0.576347,0.523532,-0.135357,130.002869,198.717590,-787.583252,0,0
2.040000,-0.792660,1.356534,0.686240,0.984023,-0.093620,0.151438,-0.134728,0.164496,0.977133,-0.116391,-0.981925,0.149254,0.646195,-0.088343,0.013559,0.757920,-0.610008,0.364248,-0.297467,0.036219,-0.011499,-0.048362,-0.151438,-0.977133,-0.149254,0.000000,0.000000,0.000000,-1,-0.133286,-0.950424,-0.201630,-0.583671,0.117218,-0.303638,131.754929,199.765305,-786.581177,0,0
2.080000,-0.689741,1.348341,0.585353,0.985893,-0.091129,0.140392,-0.121894,0.183895,0.975359,-0.114701,-0.978712,0.170193,0.638711,-0.083380,0.010056,0.764850,-0.426945,-0.022529,-0.165838,-0.010380,0.029192,-0.043247,-0.140392,-0.975359,-0.170193,0.000000,0.000000,0.000000,-1,-0.186340,-0.929367,-0.203659,-0.364968,-0.129431,-0.052834,133.156570,200.813034,-786.581177,0,0
2.120000,-0.663597,1.336084,0.558268,0.985512,-0.090810,0.143248,-0.123193,0.197254,0.972581,-0.116577,-0.976137,0.183209,0.633453,-0.084459,0.010526,0.769086,-0.303120,0.030030,0.238900,-0.048310,0.094942,-0.009250,-0.143248,-0.972581,-0.183209,0.000000,0.000000,0.000000,-1,-0.176361,-0.888962,-0.204910,-0.228391,-0.016460,0.337663,131.579712,201.336884,-787.750244,0,0
2.160000,-0.680962,1.320399,0.579248,0.984085,-0.085109,0.155993,-0.135638,0.207368,0.968814,-0.114803,-0.974554,0.192524,0.629324,-0.087692,0.016363,0.772007,-0.108087,0.075802,0.357817,-0.011732,0.070773,-0.019390,-0.155993,-0.968814,-0.192524,0.000000,0.000000,0.000000,-1,-0.150391,-0.900299,-0.219910,-0.048667,-0.045055,0.356021,131.054092,199.765305,-788.251221,0,0
2.200000,-0.721555,1.309590,0.624672,0.982207,-0.078556,0.170585,-0.151030,0.209477,0.966079,-0.111625,-0.974653,0.193886,0.628260,-0.091358,0.023462,0.772264,0.058499,0.052363,0.278432,0.027519,0.048919,-0.055168,-0.170585,-0.966079,-0.193886,0.000000,0.000000,0.000000,-1,-0.153412,-0.944672,-0.244461,0.081702,-0.083369,0.256895,131.054092,201.860748,-787.917236,0,0
2.240000,-0.750880,1.304555,0.655871,0.980830,-0.075815,0.179513,-0.160456,0.208517,0.964767,-0.110575,-0.975076,0.192354,0.628482,-0.093984,0.027422,0.771638,0.086898,-0.028299,0.218909,0.021432,0.031234,-0.053358,-0.179513,-0.964767,-0.192354,0.000000,0.000000,0.000000,-1,-0.159378,-0.916275,-0.260788,0.099527,-0.153421,0.204893,132.105331,200.463791,-787.917236,0,0
2.280000,-0.769199,1.301641,0.673354,0.979793,-0.076121,0.184961,-0.165829,0.207877,0.963996,-0.111829,-0.975189,0.191053,0.628662,-0.096216,0.029083,0.771156,0.139804,-0.081373,0.171758,0.022837,0.051398,-0.079210,-0.184961,-0.963996,-0.191053,0.000000,0.000000,0.000000,-1,-0.143143,-0.884933,-0.295120,0.152512,-0.179987,0.164008,131.930130,202.035370,-786.414185,0,0
2.320000,-0.788237,1.300639,0.691835,0.978949,-0.076446,0.189250,-0.170259,0.205521,0.963729,-0.112568,-0.975663,0.188179,0.629533,-0.097971,0.030452,0.770170,0.162909,-0.001964,0.093479,0.055659,0.079711,-0.110390,-0.189250,-0.963729,-0.188179,0.000000,0.000000,0.000000,-1,-0.131500,-0.879913,-0.293411,0.173511,-0.057146,0.068551,131.579712,202.733856,-787.750244,0,0
2.360000,-0.801001,1.305924,0.712726,0.979732,-0.069214,0.187976,-0.171181,0.198063,0.965126,-0.104032,-0.977743,0.182200,0.632351,-0.095041,0.033187,0.768114,0.300852,0.218417,-0.010104,0.045230,0.086922,-0.119024,-0.187976,-0.965126,-0.182200,0.000000,0.000000,0.000000,-1,-0.167099,-0.901993,-0.298264,0.339231,0.131462,-0.006460,131.229309,200.638412,-786.748169,0,0
2.400000,-0.817250,1.313722,0.739665,0.980838,-0.059804,0.185417,-0.171376,0.187814,0.967138,-0.092662,-0.980382,0.173967,0.636211,-0.090842,0.036448,0.765281,0.362405,0.224760,-0.027831,0.000893,0.046377,-0.132979,-0.185417,-0.967138,-0.173967,0.000000,0.000000,0.000000,-1,-0.231186,-1.013657,-0.318512,0.367891,0.103887,-0.013034,133.331772,202.384613,-785.746216,0,0
2.440000,-0.840418,1.320716,0.768870,0.981329,-0.054833,0.184355,-0.172080,0.177864,0.968893,-0.085917,-0.982526,0.165108,0.639992,-0.088639,0.038453,0.762283,0.282719,0.115611,0.008643,-0.062075,-0.100779,-0.144844,-0.184355,-0.968893,-0.165108,0.000000,0.000000,0.000000,-1,-0.224045,-1.014420,-0.321472,0.231799,-0.010584,0.009194,132.630951,200.638412,-787.082214,0,0
2.480000,-0.851403,1.322676,0.786374,0.981582,-0.048710,0.184729,-0.173823,0.173484,0.969376,-0.079266,-0.983631,0.161821,0.641537,-0.086719,0.041098,0.761066,0.114949,0.217421,0.035573,-0.039316,-0.045044,-0.159651,-0.184729,-0.969376,-0.161821,0.000000,0.000000,0.000000,-1,-0.199478,-0.922668,-0.158661,0.069478,0.285259,0.040495,131.930130,201.686127,-786.414185,0,0
2.520000,-0.844069,1.324401,0.799653,0.982827,-0.028670,0.182287,-0.174911,0.169994,0.969798,-0.058792,-0.985028,0.162060,0.642412,-0.079225,0.048059,0.760737,0.199883,0.454802,-0.037698,-0.025920,0.070979,0.016110,-0.182287,-0.969798,-0.162060,0.000000,0.000000,0.000000,-1,-0.297455,-0.883560,-0.161667,0.205276,0.327541,-0.045226,134.558212,200.813034,-785.913208,0,0
2.560000,-0.851095,1.328461,0.819352,0.983440,-0.016737,0.180458,-0.175672,0.161408,0.971126,-0.041476,-0.986805,0.156512,0.645301,-0.073011,0.053685,0.758534,0.251124,0.406128,0.027921,-0.115621,0.093639,0.028612,-0.180049,-0.971126,-0.156512,0.000000,0.000000,0.000000,-1,-0.237625,-0.923141,-0.028885,0.315100,0.382783,0.027775,133.682190,200.638412,-786.414185,0,0
2.600000,-0.888451,1.336745,0.881517,0.983646,0.006523,0.179992,-0.178974,0.147497,0.972735,-0.020203,-0.989041,0.146252,0.649980,-0.066329,0.061459,0.754552,0.395660,0.556594,-0.022190,-0.038254,0.029101,0.131863,-0.179992,-0.972735,-0.146252,0.000000,0.000000,0.000000,-1,-0.166290,-0.956436,-0.001801,0.446754,0.464325,-0.036804,133.682190,197.844482,-785.746216,0,0
2.640000,-0.927426,1.350250,0.945234,0.984132,0.029154,0.175028,-0.177337,0.128097,0.975778,0.006028,-0.991333,0.131235,0.656658,-0.056415,0.068931,0.748910,0.528494,0.595785,-0.047233,0.029489,0.006265,0.116953,-0.175028,-0.975778,-0.131235,0.000000,0.000000,0.000000,-1,-0.106216,-1.011230,-0.046036,0.534998,0.495063,-0.043234,135.784668,199.241455,-785.412170,0,0
2.680000,-0.967487,1.360505,1.004180,0.984021,0.046422,0.171894,-0.176123,0.112050,0.977970,0.026139,-0.992618,0.118436,0.662106,-0.048973,0.074774,0.744061,0.550960,0.575703,-0.005905,0.080631,-0.049526,0.068433,-0.171894,-0.977970,-0.118436,0.000000,0.000000,0.000000,-1,-0.059525,-1.020493,-0.059448,0.523559,0.516363,0.020619,136.485489,199.590683,-784.744141,0,0
2.720000,-1.027544,1.371294,1.090162,0.982985,0.070428,0.169650,-0.175728,0.091628,0.980165,0.053486,-0.993300,0.102445,0.668751,-0.039365,0.083415,0.737743,0.476583,0.589498,0.003362,0.114795,-0.023726,0.026975,-0.169650,-0.980165,-0.102445,0.000000,0.000000,0.000000,-1,-0.054153,-1.001328,-0.062271,0.512865,0.476062,0.012409,138.237549,198.193726,-784.410156,0,0
2.760000,-1.098453,1.381321,1.185680,0.981428,0.093104,0.167721,-0.174548,0.070754,0.982103,0.079571,-0.993139,0.085692,0.675460,-0.030144,0.091527,0.731074,0.595635,0.548154,0.005428,0.137432,-0.026030,0.026579,-0.167721,-0.982103,-0.085692,0.000000,0.000000,0.000000,-1,-0.007019,-0.973557,-0.064484,0.667046,0.458055,0.021428,138.062347,199.066833,-785.579224,0,0
2.800000,-1.251572,1.394348,1.368931,0.978679,0.120045,0.166666,-0.171970,0.035194,0.984473,0.112316,-0.992144,0.055088,0.687095,-0.018893,0.101508,0.719194,0.747697,0.530149,0.016598,0.156259,0.063361,-0.009640,-0.166666,-0.984473,-0.055088,0.000000,0.000000,0.000000,-1,-0.000259,-0.903854,-0.081024,0.696799,0.358419,0.037506,140.515228,194.875946,-784.243164,0,0
2.840000,-1.388137,1.399759,1.526023,0.976175,0.138092,0.167373,-0.170034,0.007618,0.985409,0.134802,-0.990390,0.030917,0.695996,-0.011474,0.108541,0.709702,0.646764,0.387089,0.064096,0.166824,0.089855,-0.032926,-0.167373,-0.985409,-0.030917,0.000000,0.000000,0.000000,-1,0.001266,-0.907898,-0.054428,0.636331,0.240825,0.097208,141.741669,194.701324,-784.076172,0,0
2.880000,-1.488343,1.399480,1.636646,0.974466,0.146800,0.169900,-0.170110,-0.011218,0.985361,0.146557,-0.989103,0.014041,0.702076,-0.008300,0.112686,0.703080,0.607517,0.205886,0.125974,0.169778,0.056132,-0.044675,-0.169900,-0.985361,-0.014041,0.000000,0.000000,0.000000,-1,-0.012833,-0.968643,-0.097366,0.598037,0.043678,0.132558,139.463989,194.526703,-782.573120,0,0
2.920000,-1.613635,1.398186,1.769458,0.973329,0.152263,0.171597,-0.168377,-0.033897,0.985140,0.155817,-0.987758,-0.007355,0.709680,-0.005676,0.115339,0.694996,0.632808,0.157062,0.083340,0.147778,0.015261,-0.097718,-0.171597,-0.985140,0.007355,0.000000,0.000000,0.000000,-1,-0.059158,-0.958923,-0.068680,0.637245,0.201549,0.065463,139.814407,194.875946,-781.571167,0,0
2.960000,-1.764054,1.392169,1.939715,0.970046,0.169129,0.174371,-0.165724,-0.064072,0.984088,0.177610,-0.983509,-0.034124,0.719069,0.001184,0.122374,0.684078,0.572388,0.458146,0.072003,0.092676,0.025623,-0.108603,-0.174371,-0.984088,0.034124,0.000000,0.000000,0.000000,-1,-0.095245,-0.948166,-0.070511,0.546085,0.363819,0.105093,142.267288,193.478989,-781.905151,0,0
3.000000,-1.847086,1.382236,2.043549,0.965581,0.187437,0.180336,-0.166886,-0.085351,0.982275,0.199506,-0.978562,-0.051133,0.724925,0.007087,0.130994,0.676221,0.512233,0.506023,0.183074,0.097466,0.010839,-0.107636,-0.180336,-0.982275,0.051133,0.000000,0.000000,0.000000,-1,-0.069443,-1.003464,-0.061844,0.496470,0.418015,0.188365,142.968109,193.828232,-781.571167,0,1
3.040000,-1.903373,1.372373,2.122553,0.960282,0.207708,0.186322,-0.167871,-0.103329,0.980379,0.222885,-0.972718,-0.064357,0.729378,0.013654,0.140259,0.669439,0.472758,0.540962,0.147169,0.144574,-0.070128,-0.132335,-0.186322,-0.980379,0.064357,0.000000,0.000000,0.000000,-1,0.006317,-1.097382,-0.065308,0.431360,0.424270,0.118849,142.792908,192.605881,-779.734131,0,0
3.080000,-1.940887,1.364657,2.176866,0.956063,0.222552,0.190825,-0.168227,-0.116596,0.978828,0.240089,-0.967924,-0.074034,0.732580,0.018539,0.147053,0.664348,0.367231,0.492097,0.084729,0.212278,-0.127556,-0.150541,-0.190825,-0.978828,0.074034,0.000000,0.000000,0.000000,-1,0.032990,-1.161102,-0.080002,0.236401,0.293742,0.039681,144.544968,191.558167,-781.404114,0,0
3.120000,-1.956271,1.360673,2.210226,0.951572,0.239073,0.193275,-0.167373,-0.124468,0.978005,0.257871,-0.962991,-0.078426,0.733905,0.024424,0.153680,0.661188,-0.088539,0.165351,-0.042801,0.204246,-0.265083,-0.127620,-0.193275,-0.978005,0.078426,0.000000,0.000000,0.000000,-1,-0.005890,-1.274902,-0.053787,-0.251383,-0.069086,-0.111799,144.369751,192.082031,-780.903137,0,0
3.160000,-1.920791,1.369513,2.174097,0.952472,0.239846,0.187807,-0.164634,-0.113431,0.979811,0.256307,-0.964161,-0.068554,0.730489,0.025740,0.151992,0.665298,-0.474504,-0.009975,-0.298366,0.186479,-0.272081,-0.121700,-0.187807,-0.979811,0.068553,0.000000,0.000000,0.000000,-1,-0.070831,-1.070953,-0.070908,-0.826746,0.051233,-0.468728,144.720169,193.828232,-779.901123,0,0
3.200000,-1.681083,1.406693,1.934462,0.955591,0.245926,0.162375,-0.152683,-0.058110,0.986565,0.252058,-0.967545,-0.017981,0.712685,0.032708,0.145377,0.685474,-1.567944,-0.073149,-0.699815,0.001502,-0.074806,-0.067328,-0.162375,-0.986565,0.017981,0.000000,0.000000,0.000000,-1,-0.247864,-1.064468,-0.099609,-1.933903,-0.366961,-0.769498,145.245789,195.749054,-781.404114,0,0
3.240000,-1.248351,1.424151,1.489864,0.960830,0.239996,0.138590,-0.145642,0.011813,0.989267,0.235783,-0.970702,0.046304,0.689694,0.034201,0.135702,0.710448,-2.609490,-0.135978,-0.872075,-0.105032,-0.080679,-0.036231,-0.138590,-0.989267,-0.046304,0.000000,0.000000,0.000000,-1,-0.292511,-1.004654,-0.108459,-2.736861,-0.081969,-0.897026,147.173050,200.813034,-782.907166,0,0
3.280000,-0.596096,1.383667,0.829665,0.965616,0.238068,0.104445,-0.137242,0.125599,0.982542,0.220793,-0.963093,0.153953,0.649243,0.038824,0.125238,0.749194,-2.636773,-0.253483,-0.752107,-0.231492,0.004027,0.032860,-0.104445,-0.982542,-0.153953,0.000000,0.000000,0.000000,-1,-0.282776,-1.020493,-0.158569,-2.239571,-0.599504,-0.298107,148.399490,204.480057,-785.078186,0,0
3.320000,-0.386629,1.309595,0.597666,0.970617,0.220047,0.097375,-0.145316,0.213475,0.966081,0.191796,-0.951844,0.239179,0.616028,0.027779,0.116723,0.784168,-1.874798,-0.324397,-0.045731,0.041088,-0.205408,0.166735,-0.098812,-0.956503,-0.274477,0.000000,0.000000,0.000000,-1,-0.115891,-1.037323,-0.157104,-1.791859,-0.020329,-0.103550,145.771408,208.496307,-785.245178,0,0
3.360000,-0.283091,1.227348,0.486069,0.971850,0.216010,0.094059,-0.157307,0.297734,0.941599,0.175390,-0.929890,0.323332,0.581116,0.025254,0.115919,0.805127,-1.555286,0.077102,-0.191112,-0.096661,0.072733,0.127837,-0.094059,-0.941599,-0.323332,0.000000,0.000000,0.000000,-1,-0.184799,-0.809113,-0.210663,-1.359614,-0.060785,-0.219822,147.523468,210.242508,-785.913208,0,0
3.400000,-0.236225,1.194364,0.437925,0.972779,0.215175,0.086032,-0.155887,0.332915,0.929982,0.171468,-0.918078,0.357396,0.566230,0.026177,0.113690,0.815949,-0.962533,0.103408,-0.329665,-0.098416,0.150502,0.122014,-0.086032,-0.929982,-0.357396,0.000000,0.000000,0.000000,-1,-0.220535,-0.670639,-0.270813,-0.647816,0.116015,-0.397596,148.224289,211.988708,-784.911194,0,0
3.440000,-0.179507,1.173355,0.384739,0.973790,0.216694,0.069107,-0.145271,0.358765,0.922054,0.175011,-0.907927,0.380841,0.555469,0.032146,0.109870,0.823619,-0.367208,0.153210,-0.354534,-0.151153,0.283779,0.120435,-0.069107,-0.922054,-0.380841,0.000000,0.000000,0.000000,-1,-0.216782,-0.576675,-0.234039,0.033162,-0.174164,-0.193176,147.698669,213.211044,-785.412170,0,0
3.480000,-0.183114,1.185971,0.379311,0.975884,0.207312,0.068357,-0.139003,0.348714,0.926864,0.168313,-0.914013,0.369121,0.560814,0.030451,0.105503,0.820628,0.806185,-0.436458,0.219176,-0.076220,0.376617,0.143078,-0.068357,-0.926864,-0.369121,0.000000,0.000000,0.000000,-1,-0.065475,-0.605881,-0.273361,1.000273,-0.598464,0.358659,147.698669,211.464859,-785.412170,0,0
3.520000,-0.246999,1.215424,0.431727,0.976594,0.197554,0.085070,-0.145592,0.316014,0.937517,0.158327,-0.927959,0.337380,0.575152,0.022586,0.105797,0.810862,1.239847,-0.506025,0.485959,0.052172,0.279817,0.017326,-0.085070,-0.937517,-0.337380,0.000000,0.000000,0.000000,-1,0.038712,-0.886459,-0.498886,1.228184,-0.560148,0.454899,144.895370,208.670929,-785.078186,0,0
3.560000,-0.349224,1.254613,0.521660,0.976717,0.186288,0.106394,-0.154948,0.269584,0.950429,0.148372,-0.944786,0.292173,0.594761,0.013173,0.107088,0.796629,0.908671,-0.312283,0.305775,0.161356,-0.003169,-0.240695,-0.106394,-0.950429,-0.292173,0.000000,0.000000,0.000000,-1,0.085709,-1.121536,-0.584427,0.286448,-0.082485,0.137626,144.544968,208.670929,-782.740112,0,0
3.600000,-0.358761,1.260370,0.543179,0.974369,0.197741,0.107253,-0.157883,0.261499,0.952203,0.160243,-0.944731,0.286017,0.597255,0.016684,0.111969,0.794022,-0.257216,0.612718,-0.055723,0.021880,-0.189688,-0.267206,-0.107253,-0.952203,-0.286017,0.000000,0.000000,0.000000,-1,-0.198914,-1.021790,-0.466599,-0.257094,0.515178,-0.053741,145.245789,210.067886,-784.076172,0,0
3.640000,-0.330390,1.252855,0.532320,0.971429,0.214570,0.101415,-0.158661,0.269357,0.949881,0.176499,-0.938833,0.295705,0.592952,0.023572,0.117174,0.796318,-0.177560,0.596793,-0.070341,-0.103221,0.002661,-0.129985,-0.101415,-0.949881,-0.295705,0.000000,0.000000,0.000000,-1,-0.330505,-1.143799,-0.471863,-0.114855,0.507670,-0.112716,147.348251,210.067886,-783.408142,0,1
3.680000,-0.296034,1.251150,0.520131,0.967651,0.235049,0.091670,-0.156171,0.272675,0.949346,0.198147,-0.932952,0.300562,0.590426,0.033399,0.122715,0.797008,0.052272,0.473923,0.004268,-0.241963,-0.346949,-0.103307,-0.091670,-0.949346,-0.300562,0.000000,0.000000,0.000000,-1,-0.205719,-1.115570,-0.272781,0.130139,0.214272,0.070995,148.574707,208.845551,-782.907166,0,0
3.720000,-0.308426,1.261694,0.551964,0.962947,0.253387,0.092344,-0.159513,0.259029,0.952607,0.217459,-0.932040,0.289849,0.594573,0.039471,0.130263,0.792437,0.495483,0.369373,0.273230,-0.053560,-0.008926,0.093240,-0.092344,-0.952607,-0.289849,0.000000,0.000000,0.000000,-1,-0.070175,-1.040207,-0.063599,0.562661,0.138316,0.318672,149.625931,210.242508,-780.569092,0,0
3.760000,-0.354974,1.276915,0.604793,0.960485,0.259486,0.100679,-0.164704,0.238288,0.957127,0.224371,-0.935888,0.271610,0.602201,0.039348,0.134942,0.785873,0.798453,-0.016435,0.342901,0.068743,-0.050915,0.284885,-0.100679,-0.957127,-0.271610,0.000000,0.000000,0.000000,-1,0.020920,-0.956955,0.043793,0.965482,-0.320657,0.380126,147.173050,207.797836,-780.235107,0,0
3.800000,-0.462372,1.306318,0.707914,0.959920,0.254866,0.116606,-0.169979,0.198595,0.965229,0.222846,-0.946363,0.233957,0.617934,0.034343,0.137334,0.773381,1.016217,-0.279359,0.347006,0.132673,0.035374,0.251856,-0.116606,-0.965229,-0.233957,0.000000,0.000000,0.000000,-1,-0.167831,-0.931564,-0.038071,1.127147,-0.166947,0.364886,147.523468,206.750107,-780.569092,0,0
3.840000,-0.653405,1.345361,0.898166,0.958164,0.251908,0.135883,-0.174842,0.139270,0.974697,0.226609,-0.957678,0.177487,0.640587,0.030076,0.141469,0.754142,1.221488,-0.213613,0.354020,-0.055249,0.036358,0.113110,-0.135883,-0.974697,-0.177487,0.000000,0.000000,0.000000,-1,-0.156296,-0.928848,-0.041290,1.263809,-0.355799,0.273816,146.997849,205.178528,-778.398071,0,0
3.880000,-0.801778,1.370864,1.046364,0.957847,0.249322,0.142715,-0.171912,0.099445,0.980080,0.230163,-0.963301,0.138114,0.655799,0.029510,0.142146,0.740845,1.416529,0.120020,0.130175,0.003066,0.077446,0.101402,-0.142715,-0.980080,-0.138114,0.000000,0.000000,0.000000,-1,-0.123154,-0.815079,-0.056931,1.357523,0.240980,0.192438,147.173050,204.305435,-777.229065,0,0
3.920000,-1.039331,1.397144,1.298556,0.954101,0.259818,0.148948,-0.166418,0.046459,0.984960,0.248990,-0.964539,0.087565,0.674551,0.034616,0.147483,0.722517,1.202193,0.148803,0.237716,0.080391,0.189153,0.046915,-0.148948,-0.984960,-0.087565,0.000000,0.000000,0.000000,-1,-0.035339,-0.777481,0.015808,1.067690,0.196625,0.311778,146.997849,203.781570,-775.392029,0,0
3.960000,-1.336890,1.403154,1.618240,0.947059,0.277007,0.162314,-0.166671,-0.007913,0.985981,0.274408,-0.960835,0.038674,0.692152,0.039853,0.157741,0.703175,0.983631,0.387454,0.309253,0.106391,0.191517,0.091973,-0.162314,-0.985981,-0.038674,0.000000,0.000000,0.000000,-1,-0.118591,-0.799896,0.065552,1.064578,0.157441,0.340710,147.173050,201.860748,-773.555054,0,0
4.000000,-1.539627,1.396988,1.831592,0.943130,0.283952,0.172850,-0.167087,-0.044591,0.984933,0.287381,-0.957801,0.005389,0.703976,0.041502,0.163440,0.689915,1.341072,0.228561,0.398574,0.066390,0.129648,0.033755,-0.172850,-0.984933,-0.005389,0.000000,0.000000,0.000000,-1,-0.124985,-0.969498,-0.051605,1.425379,0.118384,0.450727,146.822647,199.765305,-773.555054,0,0
4.040000,-1.804252,1.373429,2.110689,0.937214,0.291955,0.190769,-0.168197,-0.100798,0.980586,0.305516,-0.951106,-0.045363,0.721695,0.042871,0.171917,0.669151,1.116045,0.294416,0.482663,0.085437,-0.023244,-0.159789,-0.190769,-0.980586,0.045363,0.000000,0.000000,0.000000,-1,-0.073761,-1.102844,-0.158539,0.743732,0.109834,0.412539,147.348251,199.939926,-772.385986,0,0
4.080000,-1.909503,1.345804,2.228671,0.930686,0.299241,0.210423,-0.176537,-0.136411,0.974796,0.320403,-0.944377,-0.074129,0.731646,0.041927,0.181381,0.655772,0.310513,0.131958,0.328462,0.289144,-0.250851,-0.126436,-0.210423,-0.974796,0.074129,0.000000,0.000000,0.000000,-1,0.168518,-1.227341,-0.034225,0.208418,-0.004857,0.293438,145.771408,200.114548,-770.214966,0,0
4.120000,-1.913495,1.337344,2.235142,0.928601,0.300378,0.217885,-0.182137,-0.142630,0.972874,0.323306,-0.943096,-0.077736,0.732968,0.040330,0.184589,0.653497,0.036668,0.035260,0.186188,0.391942,-0.249355,-0.126305,-0.217885,-0.972874,0.077736,0.000000,0.000000,0.000000,-1,0.076233,-1.221512,-0.150131,-0.010509,-0.192850,0.072255,146.822647,199.416077,-771.885010,0,0
4.160000,-1.900131,1.337784,2.218246,0.929429,0.297353,0.218500,-0.184179,-0.139274,0.972975,0.319748,-0.944555,-0.074679,0.732015,0.038651,0.183824,0.654881,-0.296246,0.006156,-0.128063,0.214151,-0.158022,-0.125354,-0.218500,-0.972975,0.074679,0.000000,0.000000,0.000000,-1,-0.095886,-1.092422,0.051865,-0.601740,-0.157291,-0.245823,145.946609,199.241455,-770.381958,0,0
4.200000,-1.853368,1.347629,2.167590,0.931339,0.295693,0.212542,-0.183062,-0.124380,0.975201,0.314796,-0.947151,-0.061710,0.727569,0.038701,0.181198,0.660539,-0.962081,-0.294343,-0.425719,0.116656,-0.117221,-0.009845,-0.212542,-0.975201,0.061710,0.000000,0.000000,0.000000,-1,-0.194016,-1.087524,0.035568,-1.625804,-0.820676,-0.735744,146.647430,201.686127,-772.052002,0,0
4.240000,-1.429749,1.396416,1.701719,0.948357,0.266669,0.171775,-0.172013,-0.022650,0.984834,0.266515,-0.963522,0.024390,0.697606,0.033922,0.157070,0.698229,-2.638171,-0.614456,-1.065305,0.086799,-0.061614,-0.052575,-0.171775,-0.984834,-0.024390,0.000000,0.000000,0.000000,-1,-0.217834,-1.028351,-0.058899,-2.993447,-0.070883,-1.278250,147.873871,206.051636,-773.221008,0,0
