0.000000,2.767713,-1.387153,2.718534,0.996270,-0.054759,-0.066696,-0.074972,-0.166513,-0.983185,0.042732,0.984518,-0.169997,-0.763672,0.042469,0.007845,0.644158,-0.002109,-0.021725,0.000542,0.007447,0.012588,0.000977,0.066696,0.983185,0.169998,0.000000,0.000000,0.000000,-1,0.073700,0.994949,0.172913,-0.002187,-0.112372,0.006914,144.369751,302.441895,-757.522766,0,0
0.040000,2.766605,-1.387121,2.717732,0.996272,-0.054468,-0.066895,-0.075118,-0.166482,-0.983179,0.042415,0.984539,-0.169953,-0.763660,0.042423,0.008014,0.644174,0.001096,-0.012181,0.002594,0.002059,0.011526,-0.001251,0.066895,0.983179,0.169952,0.000000,0.000000,0.000000,-1,0.068130,0.995316,0.171219,0.003130,-0.115551,0.007933,144.369751,302.441895,-757.522766,0,0
0.080000,2.765273,-1.387278,2.717010,0.996293,-0.053868,-0.067065,-0.075175,-0.166286,-0.983208,0.041811,0.984605,-0.169720,-0.763593,0.042248,0.008268,0.644261,0.006403,-0.029143,0.003675,-0.003527,0.008583,0.003269,0.067065,0.983208,0.169720,0.000000,0.000000,0.000000,-1,0.068680,0.991302,0.180893,0.003111,-0.135697,0.006960,142.442490,302.965759,-757.689819,0,0
0.120000,2.763969,-1.386951,2.716695,0.996321,-0.052918,-0.067405,-0.075360,-0.166556,-0.983148,0.040799,0.984611,-0.169931,-0.763677,0.041994,0.008710,0.644173,0.002137,-0.029145,0.002660,0.006020,0.007407,0.013067,0.067405,0.983148,0.169931,0.000000,0.000000,0.000000,-1,0.078506,0.989243,0.180862,-0.011738,-0.106006,0.010181,142.792908,301.918030,-759.693848,0,0
0.160000,2.761067,-1.385227,2.713532,0.996224,-0.053318,-0.068527,-0.076590,-0.167858,-0.982831,0.040900,0.984368,-0.171308,-0.764099,0.042504,0.009039,0.643634,-0.009506,0.020695,0.011087,0.001648,0.014788,0.004382,0.068527,0.982831,0.171308,0.000000,0.000000,0.000000,-1,0.066223,0.997665,0.173996,-0.007460,-0.086918,0.013239,142.968109,302.092651,-757.856812,0,0
0.200000,2.761086,-1.385329,2.713424,0.996220,-0.053438,-0.068487,-0.076566,-0.167759,-0.982850,0.041032,0.984379,-0.171216,-0.764067,0.042537,0.008983,0.643670,0.000005,-0.013246,0.001557,-0.003225,0.017318,-0.001997,0.068487,0.982850,0.171216,0.000000,0.000000,0.000000,-1,0.072495,1.003159,0.170670,0.003104,-0.129340,0.003741,144.019348,301.394165,-760.528809,0,0
0.240000,2.759080,-1.385558,2.712225,0.996244,-0.052644,-0.068746,-0.076674,-0.167462,-0.982892,0.040231,0.984472,-0.170870,-0.763966,0.042318,0.009331,0.643800,0.008490,-0.027035,-0.001662,0.008281,0.016604,0.004728,0.068746,0.982892,0.170870,0.000000,0.000000,0.000000,-1,0.073792,0.990265,0.179626,0.006313,-0.108134,0.004673,142.617691,302.441895,-758.190796,0,0
0.280000,2.756846,-1.385229,2.710069,0.996211,-0.052613,-0.069249,-0.077170,-0.167591,-0.982832,0.040104,0.984452,-0.171016,-0.764006,0.042468,0.009537,0.643740,0.005337,0.011139,0.003528,0.000301,0.005816,0.000905,0.069249,0.982832,0.171016,0.000000,0.000000,0.000000,-1,0.067551,0.992508,0.185318,0.003145,-0.096467,0.007847,142.792908,302.267273,-759.693848,0,0
0.320000,2.756938,-1.385227,2.709928,0.996200,-0.052845,-0.069234,-0.077195,-0.167582,-0.982831,0.040335,0.984441,-0.171024,-0.764004,0.042552,0.009456,0.643738,0.006379,0.005833,0.000348,0.000972,0.014941,0.001644,0.069234,0.982831,0.171024,0.000000,0.000000,0.000000,-1,0.070282,0.994110,0.170273,0.005257,-0.093293,0.003554,143.668930,303.140381,-758.858826,0,0
0.360000,2.756185,-1.385672,2.708852,0.996186,-0.053147,-0.069198,-0.077191,-0.167102,-0.982913,0.040675,0.984506,-0.170567,-0.763848,0.042658,0.009335,0.643917,0.012824,0.010187,0.001302,-0.000030,0.008801,0.003734,0.069198,0.982913,0.170567,0.000000,0.000000,0.000000,-1,0.072586,0.990356,0.173691,0.006340,-0.089046,0.007778,142.092072,303.664246,-756.687744,0,0
0.400000,2.754403,-1.385699,2.706639,0.996142,-0.053594,-0.069492,-0.077549,-0.166906,-0.982918,0.041080,0.984515,-0.170418,-0.763784,0.042926,0.009300,0.643976,0.006453,0.009130,0.004572,0.005429,0.009361,0.002846,0.069492,0.982918,0.170418,0.000000,0.000000,0.000000,-1,0.073776,0.990005,0.170410,0.001038,-0.086921,0.011018,144.019348,303.489624,-759.192810,0,0
0.440000,2.752659,-1.385609,2.704153,0.996077,-0.054360,-0.069823,-0.078002,-0.166793,-0.982902,0.041784,0.984492,-0.170379,-0.763749,0.043326,0.009178,0.643992,0.001150,0.021853,0.005640,0.000947,0.009057,-0.001632,0.069823,0.982902,0.170379,0.000000,0.000000,0.000000,-1,0.070129,0.997559,0.167328,-0.004285,-0.085864,0.008944,143.668930,302.441895,-756.854797,0,0
0.480000,2.751901,-1.385822,2.703247,0.996066,-0.054503,-0.069872,-0.078064,-0.166533,-0.982941,0.041938,0.984528,-0.170132,-0.763664,0.043398,0.009145,0.644089,0.001122,-0.004658,0.002568,0.000227,0.011337,0.001331,0.069872,0.982941,0.170132,0.000000,0.000000,0.000000,-1,0.072052,0.996628,0.172012,0.002086,-0.091166,0.007834,145.245789,302.965759,-758.023804,0,0
0.520000,2.751367,-1.386036,2.702296,0.996043,-0.054911,-0.069883,-0.078133,-0.166267,-0.982980,0.042357,0.984551,-0.169900,-0.763579,0.043559,0.009012,0.644181,0.007530,0.020789,0.004509,-0.004072,0.015524,-0.003014,0.069883,0.982980,0.169900,0.000000,0.000000,0.000000,-1,0.063705,0.997406,0.170319,0.007404,-0.081626,0.006669,143.143311,304.013489,-759.693848,0,0
0.560000,2.752380,-1.386668,2.702698,0.996040,-0.055468,-0.069475,-0.077802,-0.165737,-0.983096,0.043016,0.984609,-0.169397,-0.763409,0.043643,0.008665,0.644381,0.012813,0.008057,-0.001880,-0.001940,0.017484,-0.001519,0.069475,0.983096,0.169396,0.000000,0.000000,0.000000,-1,0.068008,0.996155,0.164886,0.008437,-0.095417,0.001401,144.019348,302.791138,-758.190796,0,0
0.600000,2.751978,-1.387428,2.702209,0.996053,-0.055511,-0.069260,-0.077565,-0.165023,-0.983235,0.043151,0.984726,-0.168677,-0.763176,0.043593,0.008553,0.644661,0.017056,-0.001488,-0.004013,-0.003326,0.011196,-0.004203,0.069260,0.983235,0.168677,0.000000,0.000000,0.000000,-1,0.067825,0.996490,0.175323,0.013744,-0.101780,0.000308,144.369751,302.092651,-758.524780,0,0
0.640000,2.753224,-1.388001,2.703227,0.996072,-0.055689,-0.068836,-0.077158,-0.164592,-0.983339,0.043431,0.984789,-0.168242,-0.763038,0.043526,0.008324,0.644833,0.012805,0.014413,-0.005105,-0.000614,0.010420,0.008256,0.068836,0.983339,0.168242,0.000000,0.000000,0.000000,-1,0.067444,0.988022,0.167526,0.009499,-0.086938,-0.000776,144.369751,303.140381,-758.190796,0,0
0.680000,2.753259,-1.388641,2.702997,0.996077,-0.055913,-0.068592,-0.076928,-0.164003,-0.983456,0.043738,0.984874,-0.167661,-0.762847,0.043535,0.008145,0.645060,0.013870,-0.001486,-0.001855,0.003155,0.008686,0.001315,0.068592,0.983456,0.167661,0.000000,0.000000,0.000000,-1,0.073669,0.991714,0.173828,0.006331,-0.090109,0.005655,144.544968,302.965759,-758.357788,0,0
0.720000,2.752084,-1.388657,2.701566,0.996049,-0.056180,-0.068783,-0.077157,-0.163879,-0.983458,0.043978,0.984879,-0.167567,-0.762806,0.043699,0.008129,0.645097,0.007518,0.018663,0.002383,0.005634,0.007661,0.007864,0.068783,0.983458,0.167567,0.000000,0.000000,0.000000,-1,0.068832,0.998535,0.169113,0.001032,-0.078444,0.007789,143.844131,303.664246,-758.023804,0,0
0.760000,2.752623,-1.389241,2.701343,0.996029,-0.056897,-0.068474,-0.076948,-0.163342,-0.983564,0.044777,0.984927,-0.167072,-0.762634,0.043876,0.007768,0.645294,0.011731,-0.011031,-0.002852,-0.007836,0.010927,-0.006152,0.068474,0.983564,0.167072,0.000000,0.000000,0.000000,-1,0.061676,0.995026,0.161270,0.005214,-0.124047,-0.001625,142.617691,301.743408,-757.522766,0,0
0.800000,2.753296,-1.389840,2.702841,0.996101,-0.056030,-0.068139,-0.076453,-0.162924,-0.983672,0.044014,0.985046,-0.166573,-0.762496,0.043438,0.007910,0.645485,0.008518,-0.031179,-0.005922,-0.003381,0.016236,0.002571,0.068139,0.983672,0.166573,0.000000,0.000000,0.000000,-1,0.068817,1.002563,0.172485,0.005225,-0.110264,-0.001687,145.070587,304.188110,-758.858826,0,0
0.840000,2.754151,-1.390051,2.704082,0.996139,-0.055623,-0.067918,-0.076163,-0.162831,-0.983710,0.043657,0.985085,-0.166439,-0.762465,0.043210,0.007955,0.645536,0.009602,0.000627,-0.006080,-0.001405,0.015924,0.006703,0.067918,0.983710,0.166439,0.000000,0.000000,0.000000,-1,0.059265,0.998535,0.165817,0.008408,-0.101788,-0.004952,144.019348,303.838867,-759.526794,0,0
0.880000,2.757211,-1.391147,2.707767,0.996241,-0.054899,-0.067004,-0.075109,-0.162132,-0.983906,0.043152,0.985241,-0.165646,-0.762237,0.042640,0.007823,0.645845,0.018041,-0.035436,-0.016655,-0.000247,0.008861,0.001361,0.067004,0.983906,0.165646,0.000000,0.000000,0.000000,-1,0.074478,0.992493,0.169708,0.013678,-0.131483,-0.011258,143.844131,301.219543,-757.021790,0,0
0.920000,2.756150,-1.391767,2.707427,0.996285,-0.054155,-0.066951,-0.074908,-0.161553,-0.984017,0.042474,0.985377,-0.165009,-0.762045,0.042341,0.008030,0.646089,0.018100,-0.001497,-0.007230,0.003103,0.010902,0.002761,0.066951,0.984017,0.165009,0.000000,0.000000,0.000000,-1,0.059174,0.995514,0.164047,0.017978,-0.115565,-0.001804,144.544968,303.664246,-758.023804,0,0
0.960000,2.756844,-1.392633,2.708484,0.996337,-0.053734,-0.066516,-0.074379,-0.160858,-0.984171,0.042184,0.985514,-0.164266,-0.761817,0.042042,0.007985,0.646377,0.021271,-0.030122,-0.007141,-0.004398,0.012121,-0.002416,0.066516,0.984171,0.164266,0.000000,0.000000,0.000000,-1,0.071136,0.992874,0.173462,0.011587,-0.132529,-0.001657,145.070587,302.441895,-757.188782,0,0
1.000000,2.756360,-1.392681,2.709645,0.996420,-0.052096,-0.066578,-0.074173,-0.160902,-0.984179,0.040560,0.985594,-0.164190,-0.761826,0.041436,0.008538,0.646399,0.002126,-0.024822,-0.006950,0.000515,-0.001467,0.009317,0.066578,0.984179,0.164190,0.000000,0.000000,0.000000,-1,0.074081,0.982788,0.173782,-0.004349,-0.128285,0.000627,145.245789,302.965759,-758.357788,0,0
1.040000,2.754523,-1.392054,2.708455,0.996415,-0.051510,-0.067112,-0.074623,-0.161373,-0.984068,0.039859,0.985548,-0.164639,-0.761976,0.041384,0.008941,0.646220,-0.007396,-0.005724,0.003714,0.011516,0.009264,0.007587,0.067112,0.984068,0.164639,0.000000,0.000000,0.000000,-1,0.072235,0.998016,0.162537,-0.011714,-0.090098,0.013300,144.369751,302.441895,-758.524780,0,0
1.080000,2.752757,-1.392067,2.706346,0.996377,-0.051870,-0.067398,-0.074958,-0.161204,-0.984070,0.040179,0.985557,-0.164508,-0.761920,0.041615,0.008931,0.646271,0.003250,-0.005722,0.005725,-0.006561,0.016754,-0.005954,0.067398,0.984070,0.164508,0.000000,0.000000,0.000000,-1,0.066772,1.000214,0.159424,0.003102,-0.132521,0.003755,145.771408,302.791138,-757.856812,0,0
1.120000,2.751096,-1.392570,2.705816,0.996430,-0.050731,-0.067483,-0.074834,-0.160715,-0.984160,0.039082,0.985696,-0.163938,-0.761755,0.041209,0.009321,0.646486,0.003197,-0.030124,-0.004803,0.002204,0.013582,0.004122,0.067483,0.984160,0.163938,0.000000,0.000000,0.000000,-1,0.069992,0.995605,0.166428,0.000970,-0.122984,0.000544,144.194550,302.267273,-758.023804,0,0
1.160000,2.750815,-1.392679,2.706267,0.996467,-0.049940,-0.067410,-0.074627,-0.160591,-0.984196,0.038325,0.985757,-0.163752,-0.761712,0.040884,0.009546,0.646555,0.002149,-0.004681,-0.005970,-0.001126,0.012142,-0.001002,0.067410,0.984196,0.163752,0.000000,0.000000,0.000000,-1,0.066711,0.996704,0.159576,-0.000102,-0.125107,-0.001562,145.420990,303.838867,-758.524780,0,0
1.200000,2.751216,-1.393142,2.707344,0.996518,-0.049291,-0.067249,-0.074352,-0.160319,-0.984261,0.037734,0.985834,-0.163425,-0.761620,0.040585,0.009688,0.646679,0.003198,-0.028007,-0.005877,0.001416,0.008277,-0.000599,0.067249,0.984261,0.163425,0.000000,0.000000,0.000000,-1,0.069321,0.994034,0.167770,-0.005396,-0.117679,0.002718,145.946609,301.918030,-758.691772,0,0
1.240000,2.751586,-1.393001,2.708260,0.996545,-0.048753,-0.067241,-0.074263,-0.160514,-0.984236,0.037191,0.985829,-0.163579,-0.761682,0.040376,0.009863,0.646617,-0.005257,-0.001489,0.002605,-0.003368,0.008028,0.000300,0.067241,0.984236,0.163580,0.000000,0.000000,0.000000,-1,0.068604,0.996948,0.156509,-0.006440,-0.108133,0.005878,146.822647,303.838867,-758.524780,0,0
1.280000,2.748790,-1.393461,2.706523,0.996577,-0.047698,-0.067525,-0.074351,-0.159974,-0.984317,0.036148,0.985968,-0.162972,-0.761499,0.040069,0.010301,0.646844,-0.001025,-0.032240,0.000571,0.000682,0.009091,-0.003365,0.067525,0.984317,0.162972,0.000000,0.000000,0.000000,-1,0.068665,0.991776,0.166107,-0.004331,-0.130397,0.005955,145.946609,302.616516,-757.689819,0,0
1.320000,2.748458,-1.393109,2.707029,0.996603,-0.046888,-0.067712,-0.074416,-0.160325,-0.984255,0.035294,0.985950,-0.163270,-0.761610,0.039818,0.010641,0.646724,-0.004198,-0.018453,0.003734,-0.000116,0.006986,0.011977,0.067712,0.984255,0.163270,0.000000,0.000000,0.000000,-1,0.067230,0.995850,0.171143,-0.011739,-0.101767,0.009098,144.895370,301.918030,-758.691772,0,0
1.360000,2.749601,-1.392533,2.708246,0.996603,-0.046838,-0.067742,-0.074459,-0.160930,-0.984153,0.035194,0.985854,-0.163871,-0.761808,0.039806,0.010681,0.646491,-0.009457,0.003889,0.005805,-0.005501,0.011468,0.001428,0.067742,0.984153,0.163871,0.000000,0.000000,0.000000,-1,0.062805,0.997513,0.158646,-0.010676,-0.101767,0.009087,147.348251,301.219543,-758.357788,0,0
1.400000,2.749949,-1.392775,2.708739,0.996621,-0.046674,-0.067594,-0.074280,-0.160751,-0.984196,0.035071,0.985891,-0.163674,-0.761749,0.039696,0.010674,0.646567,-0.000955,-0.007774,0.005758,-0.004285,0.016552,-0.002862,0.067594,0.984196,0.163674,0.000000,0.000000,0.000000,-1,0.064285,0.999176,0.162064,-0.003235,-0.108126,0.010097,147.173050,301.743408,-757.522766,0,0
1.440000,2.750409,-1.392721,2.709454,0.996636,-0.046419,-0.067539,-0.074187,-0.160852,-0.984186,0.034821,0.985886,-0.163755,-0.761781,0.039580,0.010737,0.646535,-0.007331,-0.005653,0.005814,-0.003711,0.010763,0.002292,0.067539,0.984186,0.163755,0.000000,0.000000,0.000000,-1,0.068314,0.995392,0.169174,-0.006421,-0.103886,0.010113,145.245789,302.267273,-758.023804,0,0
1.480000,2.750227,-1.392156,2.709300,0.996619,-0.046427,-0.067781,-0.074444,-0.161345,-0.984086,0.034753,0.985805,-0.164256,-0.761942,0.039659,0.010837,0.646339,-0.003074,0.007069,0.005711,0.001906,0.010390,0.010075,0.067781,0.984086,0.164256,0.000000,0.000000,0.000000,-1,0.070175,0.996826,0.175430,-0.006417,-0.093285,0.009001,145.771408,301.743408,-756.186768,0,0
1.520000,2.750893,-1.391475,2.709727,0.996597,-0.046700,-0.067926,-0.074656,-0.161986,-0.983965,0.034948,0.985687,-0.164921,-0.762152,0.039807,0.010818,0.646083,-0.005219,0.009184,0.002534,0.002615,0.011457,0.008679,0.067926,0.983965,0.164921,0.000000,0.000000,0.000000,-1,0.071594,0.991379,0.167755,-0.008535,-0.081623,0.008972,147.173050,303.838867,-758.190796,0,0
1.560000,2.750530,-1.391010,2.708318,0.996530,-0.047776,-0.068161,-0.075077,-0.162296,-0.983882,0.035944,0.985585,-0.165320,-0.762257,0.040292,0.010566,0.645932,-0.009425,0.029339,0.011001,-0.001205,0.012166,-0.000525,0.068161,0.983882,0.165320,0.000000,0.000000,0.000000,-1,0.065170,0.995682,0.169388,-0.006388,-0.086914,0.015355,147.348251,301.918030,-758.357788,0,0
1.600000,2.750203,-1.390574,2.707224,0.996476,-0.048570,-0.068379,-0.075435,-0.162603,-0.983804,0.036665,0.985495,-0.165694,-0.762360,0.040665,0.010400,0.645790,-0.004126,0.016615,0.009933,0.002544,0.011374,0.009264,0.068379,0.983804,0.165694,0.000000,0.000000,0.000000,-1,0.070633,0.996445,0.171570,-0.009572,-0.068894,0.013181,146.121811,301.044922,-758.524780,0,0
1.640000,2.750200,-1.390185,2.706093,0.996410,-0.049719,-0.068525,-0.075780,-0.162864,-0.983734,0.037750,0.985395,-0.166047,-0.762450,0.041150,0.010091,0.645658,-0.004119,0.039936,0.007702,-0.000715,0.013535,0.000670,0.068525,0.983734,0.166047,0.000000,0.000000,0.000000,-1,0.069733,0.997345,0.166367,-0.007463,-0.075260,0.009995,146.472229,301.394165,-758.524780,0,0
1.680000,2.749530,-1.390262,2.704842,0.996375,-0.050300,-0.068607,-0.075951,-0.162700,-0.983748,0.038320,0.985393,-0.165931,-0.762398,0.041399,0.009932,0.645706,0.003299,0.009187,0.006694,0.003033,0.013612,0.000421,0.068607,0.983748,0.165931,0.000000,0.000000,0.000000,-1,0.068924,0.992767,0.171722,-0.006392,-0.069958,0.011023,145.420990,301.743408,-756.520752,0,0
1.720000,2.749518,-1.389986,2.703345,0.996291,-0.051797,-0.068713,-0.076310,-0.162833,-0.983698,0.039764,0.985293,-0.166181,-0.762447,0.042005,0.009492,0.645615,0.004381,0.027213,0.008728,0.000165,0.009008,0.001833,0.068713,0.983698,0.166181,0.000000,0.000000,0.000000,-1,0.072571,0.995621,0.168243,-0.002137,-0.078436,0.013142,146.647430,299.124115,-759.359802,0,0
1.760000,2.748048,-1.389874,2.701267,0.996238,-0.052426,-0.068999,-0.076695,-0.162773,-0.983678,0.040339,0.985270,-0.166182,-0.762429,0.042339,0.009398,0.645617,-0.002003,0.019791,0.008834,0.002595,0.010157,0.001741,0.068999,0.983678,0.166182,0.000000,0.000000,0.000000,-1,0.071289,0.988434,0.169662,-0.004266,-0.081617,0.013180,146.297028,299.124115,-757.021790,0,0
1.800000,2.747492,-1.389345,2.700142,0.996186,-0.053032,-0.069292,-0.077101,-0.163158,-0.983583,0.040856,0.985174,-0.166624,-0.762556,0.042663,0.009323,0.645446,-0.005202,0.011309,0.008908,0.000121,0.006865,0.007692,0.069292,0.983583,0.166624,0.000000,0.000000,0.000000,-1,0.078323,0.994797,0.175537,-0.010640,-0.080555,0.014309,146.822647,301.044922,-758.190796,0,0
1.840000,2.745521,-1.388341,2.696778,0.996057,-0.054504,-0.070001,-0.078074,-0.163788,-0.983401,0.042134,0.984989,-0.167397,-0.762765,0.043453,0.009134,0.645149,-0.005171,0.044178,0.011957,0.003394,0.013150,0.000846,0.070001,0.983401,0.167398,0.000000,0.000000,0.000000,-1,0.069717,0.994064,0.166656,-0.006372,-0.069950,0.016342,147.698669,301.568787,-757.021790,0,0
1.880000,2.744149,-1.388288,2.694840,0.996007,-0.055087,-0.070251,-0.078414,-0.163684,-0.983391,0.042673,0.984974,-0.167350,-0.762732,0.043757,0.009039,0.645169,0.000116,-0.001410,0.013168,0.001283,0.008918,0.000039,0.070251,0.983392,0.167350,0.000000,0.000000,0.000000,-1,0.073883,0.993454,0.177200,-0.009584,-0.100695,0.016516,147.873871,300.346436,-757.856812,0,0
1.920000,2.743157,-1.387419,2.693284,0.995937,-0.055715,-0.070748,-0.079039,-0.164331,-0.983234,0.043155,0.984830,-0.168067,-0.762944,0.044156,0.009042,0.644891,-0.008383,0.030391,0.009929,0.001685,0.013745,0.009179,0.070748,0.983234,0.168067,0.000000,0.000000,0.000000,-1,0.072449,0.994843,0.168579,-0.010659,-0.084802,0.010074,147.173050,299.997192,-757.188782,0,0
1.960000,2.742260,-1.386966,2.691976,0.995889,-0.056162,-0.071072,-0.079447,-0.164629,-0.983151,0.043516,0.984755,-0.168414,-0.763042,0.044430,0.009028,0.644757,-0.006307,-0.004607,0.003684,0.006290,0.010944,0.004529,0.071072,0.983151,0.168414,0.000000,0.000000,0.000000,-1,0.079391,0.993103,0.175079,-0.011746,-0.099650,0.006962,147.698669,300.171814,-757.355774,0,0
2.000000,2.741400,-1.386375,2.691010,0.995854,-0.056316,-0.071443,-0.079859,-0.165076,-0.983042,0.043567,0.984672,-0.168889,-0.763187,0.044607,0.009132,0.644571,-0.011620,0.008112,0.002627,0.007200,0.012792,0.003627,0.071443,0.983042,0.168889,0.000000,0.000000,0.000000,-1,0.079987,0.988037,0.165848,-0.013879,-0.103892,0.005940,148.399490,300.171814,-757.355774,0,0
2.040000,2.738739,-1.385778,2.688916,0.995833,-0.055820,-0.072122,-0.080461,-0.165435,-0.982933,0.042935,0.984640,-0.169237,-0.763300,0.044635,0.009559,0.644430,-0.013777,-0.019460,-0.000407,0.009680,0.013954,-0.000261,0.072122,0.982933,0.169237,0.000000,0.000000,0.000000,-1,0.066025,1.001114,0.168228,-0.017079,-0.101776,0.002775,147.173050,299.647949,-757.188782,0,0
2.080000,2.742421,-1.385741,2.692732,0.995886,-0.055647,-0.071513,-0.079845,-0.165774,-0.982926,0.042841,0.984593,-0.169535,-0.763413,0.044370,0.009389,0.644317,-0.004201,-0.008860,-0.001633,-0.020579,0.012954,-0.001048,0.071513,0.982926,0.169535,0.000000,0.000000,0.000000,-1,0.049850,1.004318,0.165939,-0.000089,-0.124042,0.001625,147.698669,299.822571,-757.355774,0,0
2.120000,2.746708,-1.386673,2.697807,0.996013,-0.054754,-0.070433,-0.078609,-0.165350,-0.983097,0.042183,0.984714,-0.168994,-0.763275,0.043681,0.009253,0.644529,0.011723,-0.035366,-0.003834,-0.020720,0.020840,-0.000385,0.070433,0.983097,0.168994,0.000000,0.000000,0.000000,-1,0.048843,1.002716,0.174667,0.008412,-0.129343,0.001555,148.574707,299.647949,-757.856812,0,0
2.160000,2.751824,-1.387331,2.703355,0.996120,-0.054224,-0.069322,-0.077416,-0.165197,-0.983217,0.041862,0.984769,-0.168754,-0.763229,0.043120,0.008994,0.644626,0.012813,-0.001435,-0.002953,-0.020570,0.016767,0.008721,0.069322,0.983217,0.168754,0.000000,0.000000,0.000000,-1,0.055588,0.990204,0.176132,0.007373,-0.091178,0.000330,147.873871,300.346436,-756.854797,0,0
2.200000,2.760308,-1.387826,2.709931,0.996133,-0.055997,-0.067706,-0.076125,-0.165261,-0.983308,0.043873,0.984659,-0.168885,-0.763262,0.043275,0.007806,0.644590,0.004378,0.068551,0.003186,-0.009799,0.008315,0.005310,0.067706,0.983308,0.168885,0.000000,0.000000,0.000000,-1,0.061920,1.001022,0.173370,-0.004227,-0.024367,0.011857,148.224289,299.997192,-758.190796,0,0
2.240000,2.763902,-1.387812,2.710444,0.995999,-0.059026,-0.067104,-0.076046,-0.165313,-0.983305,0.046947,0.984473,-0.169140,-0.763291,0.044240,0.006602,0.644505,0.003333,0.067499,0.008515,-0.003750,0.020266,0.004414,0.067104,0.983305,0.169140,0.000000,0.000000,0.000000,-1,0.066879,0.998138,0.176926,0.003154,-0.062547,0.003439,149.100311,298.425629,-758.023804,0,0
2.280000,2.766051,-1.387917,2.711192,0.995944,-0.060390,-0.066703,-0.075879,-0.165276,-0.983324,0.048359,0.984397,-0.169188,-0.763284,0.044633,0.006008,0.644492,0.004287,0.011282,-0.008263,0.006875,0.004988,0.007616,0.066703,0.983324,0.169188,0.000000,0.000000,0.000000,-1,0.087738,0.980835,0.176544,-0.013901,-0.084823,-0.003719,148.574707,299.647949,-758.190796,0,0
2.320000,2.764034,-1.386750,2.708429,0.995841,-0.061227,-0.067467,-0.076817,-0.166107,-0.983111,0.048987,0.984205,-0.170119,-0.763555,0.045198,0.006051,0.644130,-0.018005,0.040972,-0.002814,0.020882,-0.003390,0.004716,0.067467,0.983111,0.170119,0.000000,0.000000,0.000000,-1,0.089752,0.988678,0.166809,-0.024462,-0.055118,0.009028,148.574707,299.997192,-759.192810,0,0
2.360000,2.758402,-1.385504,2.701128,0.995632,-0.063032,-0.068882,-0.078550,-0.166649,-0.982882,0.050474,0.983999,-0.170873,-0.763733,0.046345,0.006025,0.643838,-0.017937,0.042053,0.014222,0.017498,0.011319,-0.004781,0.068882,0.982882,0.170873,0.000000,0.000000,0.000000,-1,0.079208,1.005188,0.161880,-0.018037,-0.052980,0.020649,150.151550,298.425629,-759.025818,0,0
2.400000,2.754633,-1.385753,2.696117,0.995512,-0.064296,-0.069433,-0.079278,-0.166033,-0.982928,0.051671,0.984022,-0.170385,-0.763533,0.047010,0.005816,0.644029,0.001156,-0.001387,0.000378,0.000697,0.035291,-0.010839,0.069433,0.982928,0.170385,0.000000,0.000000,0.000000,-1,0.065994,1.006302,0.166748,0.010466,-0.150570,-0.013264,148.399490,298.774872,-757.355774,0,0
2.440000,2.756162,-1.387085,2.699721,0.995702,-0.062129,-0.068680,-0.078120,-0.165134,-0.983173,0.049743,0.984312,-0.169277,-0.763235,0.045939,0.006203,0.644455,0.013733,-0.075655,-0.034532,-0.003464,0.017651,0.004810,0.068680,0.983173,0.169277,0.000000,0.000000,0.000000,-1,0.075089,0.982086,0.179398,0.009305,-0.179226,-0.033333,148.049088,298.425629,-757.689819,0,0
2.480000,2.759384,-1.387502,2.705932,0.995935,-0.059091,-0.067981,-0.076919,-0.165244,-0.983249,0.046868,0.984481,-0.169117,-0.763265,0.044549,0.006915,0.644510,0.014803,-0.054452,-0.034635,0.014081,0.001203,0.011013,0.067981,0.983249,0.169117,0.000000,0.000000,0.000000,-1,0.086502,0.991562,0.180695,0.007241,-0.133626,-0.026070,149.275528,298.600250,-757.856812,0,0
2.520000,2.759912,-1.387330,2.707114,0.995975,-0.058444,-0.067955,-0.076795,-0.165488,-0.983217,0.046217,0.984479,-0.169310,-0.763344,0.044292,0.007119,0.644433,0.004256,-0.001423,-0.020917,0.009346,0.012571,0.006547,0.067955,0.983217,0.169310,0.000000,0.000000,0.000000,-1,0.060562,0.981293,0.177200,-0.005478,-0.135730,-0.015283,148.749908,299.473328,-758.357788,0,0
2.560000,2.764935,-1.387232,2.713513,0.996113,-0.057022,-0.067139,-0.075775,-0.166064,-0.983199,0.044914,0.984465,-0.169740,-0.763531,0.043481,0.007277,0.644265,-0.003223,-0.048070,-0.019564,-0.006974,0.003648,0.010940,0.067139,0.983199,0.169740,0.000000,0.000000,0.000000,-1,0.054214,0.994705,0.181564,-0.006555,-0.148454,-0.016277,149.450729,298.425629,-759.359802,0,0
2.600000,2.773282,-1.386932,2.723567,0.996301,-0.055240,-0.065826,-0.074221,-0.167087,-0.983144,0.043310,0.984393,-0.170569,-0.763865,0.042371,0.007369,0.643942,-0.008553,-0.033232,-0.023838,-0.015671,0.014506,0.011514,0.065826,0.983144,0.170569,0.000000,0.000000,0.000000,-1,0.046585,1.000366,0.182404,-0.008663,-0.125130,-0.016359,149.100311,298.076385,-757.355774,0,0
2.640000,2.783366,-1.386983,2.734326,0.996458,-0.054444,-0.064085,-0.072399,-0.167830,-0.983154,0.042772,0.984311,-0.171177,-0.764111,0.041500,0.006973,0.643710,0.003187,-0.008830,-0.014520,-0.012037,0.011918,0.014126,0.064085,0.983154,0.171177,0.000000,0.000000,0.000000,-1,0.066147,0.981277,0.190643,0.000982,-0.091182,-0.002790,148.749908,298.774872,-757.355774,0,0
2.680000,2.787430,-1.386126,2.737898,0.996457,-0.054935,-0.063681,-0.072130,-0.168862,-0.982997,0.043247,0.984108,-0.172226,-0.764452,0.041554,0.006683,0.643306,0.001128,0.027239,0.000231,0.005258,0.000356,0.019348,0.063681,0.982997,0.172226,0.000000,0.000000,0.000000,-1,0.075989,0.983521,0.192917,-0.002147,-0.069961,0.008849,150.151550,298.076385,-758.691772,0,0
2.720000,2.786307,-1.384458,2.735191,0.996313,-0.056625,-0.064445,-0.073235,-0.170172,-0.982689,0.044678,0.983786,-0.173692,-0.764882,0.042444,0.006461,0.642738,-0.008389,0.054822,0.012986,0.011101,0.002571,0.017974,0.064445,0.982689,0.173692,0.000000,0.000000,0.000000,-1,0.077332,0.985718,0.183609,-0.012715,-0.039199,0.019464,147.523468,296.155579,-757.188782,0,0
2.760000,2.782217,-1.383276,2.728691,0.996094,-0.059148,-0.065563,-0.074806,-0.170756,-0.982470,0.046916,0.983536,-0.174514,-0.765076,0.043771,0.006093,0.642422,-0.002009,0.053762,0.015061,0.018620,0.010634,0.001084,0.065563,0.982469,0.174514,0.000000,0.000000,0.000000,-1,0.094711,0.995438,0.173920,-0.004253,-0.079491,0.016361,148.925110,296.854065,-757.856812,0,0
2.800000,2.772206,-1.382638,2.717921,0.995907,-0.060067,-0.067533,-0.076898,-0.170512,-0.982350,0.047491,0.983523,-0.174433,-0.764992,0.044760,0.006550,0.642449,0.000068,0.007101,0.011017,0.031359,0.012401,0.001913,0.067533,0.982350,0.174433,0.000000,0.000000,0.000000,-1,0.086380,0.976547,0.170914,-0.007453,-0.089035,0.015376,148.574707,296.504822,-758.524780,0,0
2.840000,2.766108,-1.381833,2.711380,0.995780,-0.060634,-0.068885,-0.078342,-0.170724,-0.982200,0.047794,0.983451,-0.174754,-0.765058,0.045413,0.006892,0.642321,-0.021293,0.000696,-0.014229,0.006935,-0.015098,-0.009669,0.068885,0.982200,0.174754,0.000000,0.000000,0.000000,-1,0.078400,0.957031,0.165009,-0.031011,-0.133618,-0.020330,147.698669,298.076385,-758.023804,0,0
2.880000,2.766583,-1.380468,2.714718,0.995917,-0.057863,-0.069294,-0.078326,-0.172205,-0.981942,0.044885,0.983360,-0.176034,-0.765532,0.044475,0.007971,0.641810,-0.058652,-0.088399,-0.035737,0.034436,-0.002526,0.006675,0.069294,0.981942,0.176034,0.000000,0.000000,0.000000,-1,0.110901,1.003250,0.215759,-0.093756,-0.148464,-0.021698,149.100311,295.980957,-759.025818,0,0
2.920000,2.768324,-1.374867,2.718201,0.995878,-0.056463,-0.070992,-0.079985,-0.177489,-0.980867,0.042782,0.982502,-0.181273,-0.767242,0.044460,0.009192,0.639749,-0.113797,0.032488,-0.016494,0.026634,0.021910,0.031938,0.070992,0.980867,0.181273,0.000000,0.000000,0.000000,-1,0.076904,0.981110,0.168350,-0.125543,-0.049852,-0.013283,148.224289,295.806335,-758.190796,0,0
2.960000,2.780079,-1.370597,2.729598,0.995897,-0.056933,-0.070337,-0.079633,-0.182224,-0.980027,0.042978,0.981607,-0.186011,-0.768787,0.044409,0.008896,0.637899,-0.110735,-0.041757,-0.035332,0.006186,-0.000825,-0.027884,0.070337,0.980027,0.186011,0.000000,0.000000,0.000000,-1,0.094666,1.007111,0.145355,-0.081071,-0.191948,-0.032279,147.698669,296.330200,-757.355774,0,0
3.000000,2.784806,-1.368928,2.737829,0.996110,-0.053482,-0.070028,-0.078773,-0.184378,-0.979694,0.039484,0.981399,-0.187873,-0.769474,0.042969,0.009924,0.637154,-0.042685,-0.070378,-0.030628,0.024638,0.027417,-0.042518,0.070028,0.979694,0.187873,0.000000,0.000000,0.000000,-1,0.072708,1.038132,0.159683,-0.009764,-0.164360,-0.018298,147.173050,294.758606,-758.190796,0,0
3.040000,2.786048,-1.369640,2.741864,0.996292,-0.050635,-0.069552,-0.077757,-0.184051,-0.979836,0.036813,0.981612,-0.187306,-0.769359,0.041720,0.010638,0.637365,0.010498,-0.074613,-0.025877,-0.002932,0.060767,-0.016637,0.069552,0.979836,0.187306,0.000000,0.000000,0.000000,-1,0.053757,0.997406,0.177322,0.014661,-0.168611,-0.024930,147.173050,294.758606,-756.854797,0,0
3.080000,2.789548,-1.371536,2.747631,0.996503,-0.048205,-0.068255,-0.075981,-0.182781,-0.980213,0.034776,0.981971,-0.185805,-0.768942,0.040376,0.010885,0.637949,0.035978,-0.036473,-0.044418,-0.012789,0.004406,-0.011870,0.068255,0.980213,0.185805,0.000000,0.000000,0.000000,-1,0.059647,0.980133,0.182968,0.025236,-0.126238,-0.048639,148.224289,294.409363,-758.524780,0,0
3.120000,2.797274,-1.373370,2.756659,0.996713,-0.046682,-0.066210,-0.073653,-0.181793,-0.980575,0.033738,0.982228,-0.184634,-0.768625,0.039139,0.010562,0.638413,0.021041,-0.028016,-0.060249,-0.006854,0.001710,0.003675,0.066210,0.980575,0.184634,0.000000,0.000000,0.000000,-1,0.058655,0.981888,0.192856,-0.000317,-0.113535,-0.061180,146.822647,295.107849,-757.522766,0,0
3.160000,2.809733,-1.374272,2.769729,0.996921,-0.045836,-0.063617,-0.070949,-0.181916,-0.980751,0.033381,0.982245,-0.184608,-0.768675,0.037982,0.009834,0.638435,-0.001279,0.003784,-0.064403,-0.004824,0.000816,0.004555,0.063617,0.980751,0.184608,0.000000,0.000000,0.000000,-1,0.064789,0.994659,0.182709,-0.010921,-0.102925,-0.055792,146.121811,294.758606,-759.526794,0,0
3.200000,2.820412,-1.374869,2.780944,0.997090,-0.045109,-0.061457,-0.068698,-0.182153,-0.980868,0.033052,0.982235,-0.184721,-0.768759,0.037010,0.009237,0.638400,-0.000185,-0.025882,-0.050453,0.005636,0.022276,-0.005186,0.061457,0.980868,0.184721,0.000000,0.000000,0.000000,-1,0.065460,0.997971,0.169434,0.001854,-0.144253,-0.042982,147.873871,296.155579,-758.524780,0,0
3.240000,2.821799,-1.377032,2.784740,0.997258,-0.042563,-0.060533,-0.067264,-0.180423,-0.981286,0.030845,0.982668,-0.182791,-0.768192,0.035742,0.009662,0.639149,0.050882,-0.079930,-0.033748,0.004927,0.016684,-0.013358,0.060533,0.981286,0.182791,0.000000,0.000000,0.000000,-1,0.058060,1.008041,0.168762,0.079523,-0.190864,-0.018098,146.121811,295.107849,-759.860840,0,0
3.280000,2.814820,-1.381640,2.780875,0.997403,-0.039295,-0.060356,-0.066364,-0.175929,-0.982163,0.027976,0.983618,-0.178080,-0.766716,0.034452,0.010558,0.640975,0.098799,-0.036456,-0.028086,-0.002296,0.025878,-0.009318,0.060356,0.982163,0.178080,0.000000,0.000000,0.000000,-1,0.026321,0.981186,0.171707,0.101875,-0.102883,-0.029379,147.173050,295.457092,-759.192810,0,0
3.320000,2.823887,-1.388170,2.788845,0.997591,-0.039911,-0.056734,-0.062743,-0.170430,-0.983370,0.029578,0.984561,-0.172524,-0.764942,0.033550,0.008875,0.643163,0.153059,0.041992,-0.036515,-0.030412,-0.002184,-0.000817,0.056734,0.983370,0.172524,0.000000,0.000000,0.000000,-1,0.072937,0.978622,0.207245,0.148570,-0.112455,-0.050061,144.720169,294.758606,-759.192810,0,0
3.360000,2.826285,-1.392896,2.792528,0.997756,-0.038350,-0.054878,-0.060525,-0.166292,-0.984217,0.028619,0.985331,-0.168240,-0.763591,0.032372,0.008597,0.644830,0.133684,-0.121315,-0.060030,0.018059,-0.005595,0.039005,0.054878,0.984217,0.168240,0.000000,0.000000,0.000000,-1,0.138916,0.964401,0.231140,0.099507,-0.312837,-0.050743,145.245789,295.282471,-760.027832,0,0
3.400000,2.811207,-1.394518,2.788857,0.998013,-0.027066,-0.056890,-0.060583,-0.164570,-0.984503,0.017284,0.985994,-0.165882,-0.762966,0.028720,0.012978,0.645670,0.029503,-0.263300,-0.026316,0.087702,-0.017981,0.069500,0.056890,0.984503,0.165882,0.000000,0.000000,0.000000,-1,0.100510,0.996857,0.242172,0.007115,-0.343533,-0.016611,146.121811,293.710876,-760.528809,0,0
3.440000,2.807036,-1.394808,2.791428,0.998138,-0.020372,-0.057488,-0.060062,-0.164457,-0.984554,0.010603,0.986174,-0.165375,-0.762884,0.026359,0.015364,0.645815,-0.004419,-0.195428,-0.013484,0.043022,0.012303,0.076798,0.057488,0.984554,0.165375,0.000000,0.000000,0.000000,-1,0.027435,1.026260,0.204483,-0.003594,-0.329786,-0.039957,145.596191,294.933228,-759.693848,0,0
3.480000,2.809278,-1.394039,2.803399,0.998296,-0.010674,-0.057364,-0.058340,-0.165878,-0.984419,0.000993,0.986089,-0.166218,-0.763281,0.022605,0.018463,0.645407,0.004799,-0.303670,-0.080108,-0.029929,0.041841,0.038265,0.057364,0.984419,0.166218,0.000000,0.000000,0.000000,-1,-0.017548,0.982056,0.206192,0.101292,-0.511172,-0.100926,146.121811,295.107849,-761.530823,0,0
3.520000,2.809471,-1.399584,2.820102,0.998437,0.006107,-0.055551,-0.053836,-0.161648,-0.985379,-0.014997,0.986830,-0.161066,-0.761766,0.015664,0.023153,0.647249,0.225832,-0.438310,-0.079819,-0.073099,-0.003323,0.045126,0.055551,0.985379,0.161066,0.000000,0.000000,0.000000,-1,0.019669,0.979675,0.345657,0.260016,-0.387039,-0.043668,145.771408,295.806335,-760.194824,0,0
3.560000,2.785278,-1.410046,2.796217,0.998418,0.006707,-0.055832,-0.054188,-0.150607,-0.987107,-0.015029,0.988571,-0.150006,-0.758128,0.015657,0.023367,0.651499,0.253425,0.331571,0.032348,-0.036164,-0.007432,0.195652,0.055832,0.987107,0.150006,0.000000,0.000000,0.000000,-1,0.028763,0.958145,0.284668,0.070485,0.284176,0.025597,145.245789,293.187012,-762.031860,0,0
3.600000,2.791508,-1.412050,2.786755,0.998490,-0.008797,-0.054218,-0.054923,-0.148233,-0.987426,0.000650,0.988913,-0.148492,-0.757498,0.021030,0.017679,0.652259,-0.036981,0.327263,-0.009108,-0.025455,-0.029281,0.136176,0.054218,0.987426,0.148492,0.000000,0.000000,0.000000,-1,0.082504,0.993958,0.131134,0.018947,-0.044591,-0.041493,145.771408,294.060120,-761.530823,0,0
3.640000,2.804653,-1.414406,2.798413,0.998623,-0.010039,-0.051492,-0.052408,-0.146672,-0.987796,0.002364,0.989134,-0.146996,-0.757016,0.020623,0.016224,0.652870,0.104938,-0.056633,-0.075954,0.049429,0.024823,-0.002754,0.051492,0.987796,0.146996,0.000000,0.000000,0.000000,-1,0.090775,1.013824,0.150711,0.150629,-0.111422,-0.068172,145.070587,294.758606,-761.530823,0,0
3.680000,2.805707,-1.422628,2.799246,0.998767,-0.009863,-0.048659,-0.049558,-0.139060,-0.989043,0.002988,0.990235,-0.139377,-0.754520,0.019688,0.015132,0.655807,0.245347,0.005930,-0.070338,0.031481,0.023057,0.015362,0.048659,0.989043,0.139377,0.000000,0.000000,0.000000,-1,0.074310,0.986343,0.196213,0.271815,-0.169721,-0.060734,144.895370,294.933228,-761.697876,0,0
3.720000,2.797163,-1.430949,2.792397,0.998861,-0.007864,-0.047067,-0.047692,-0.130980,-0.990237,0.001622,0.991354,-0.131205,-0.751839,0.018473,0.015111,0.658915,0.288945,-0.107475,-0.044777,0.027243,-0.003894,0.065007,0.047067,0.990237,0.131206,0.000000,0.000000,0.000000,-1,0.063171,0.970566,0.229691,0.317742,-0.195073,0.000569,142.792908,292.488525,-760.695801,0,0
3.760000,2.746473,-1.445714,2.742742,0.998825,-0.006503,-0.048021,-0.048450,-0.114964,-0.992187,0.000931,0.993348,-0.115144,-0.746481,0.018404,0.015771,0.664966,0.340561,0.113215,0.065348,-0.006471,-0.022568,0.121230,0.048021,0.992187,0.115144,0.000000,0.000000,0.000000,-1,0.005417,1.003448,0.222351,0.355457,0.030885,0.088486,145.245789,294.234741,-762.031860,0,0
3.800000,2.671561,-1.458098,2.661037,0.998616,-0.013071,-0.050935,-0.051987,-0.099723,-0.993656,0.007909,0.994929,-0.100264,-0.741384,0.021938,0.014509,0.670565,0.394990,0.257442,0.090690,-0.048127,0.005993,0.137635,0.050935,0.993656,0.100264,0.000000,0.000000,0.000000,-1,-0.010498,0.961807,0.277847,0.370457,0.248208,0.074575,144.019348,294.060120,-763.200867,0,0
3.840000,2.614564,-1.467078,2.593691,0.998374,-0.023179,-0.052074,-0.053930,-0.088378,-0.994626,0.018453,0.995817,-0.089484,-0.737604,0.026135,0.011395,0.674632,0.382147,0.304042,0.058710,-0.062572,-0.032819,0.188363,0.052074,0.994626,0.089484,0.000000,0.000000,0.000000,-1,0.077454,0.974777,0.322586,0.372450,0.203639,0.048162,144.019348,295.806335,-763.868896,0,0
3.880000,2.511366,-1.481600,2.470949,0.997727,-0.042242,-0.052496,-0.055361,-0.069785,-0.996025,0.038410,0.996667,-0.071965,-0.731348,0.033364,0.004815,0.681171,0.360938,0.539357,0.024906,0.028589,-0.012825,0.258006,0.052496,0.996025,0.071965,0.000000,0.000000,0.000000,-1,0.068329,0.951767,0.308533,0.341752,0.485622,0.025953,143.143311,293.187012,-764.369873,0,0
3.920000,2.455124,-1.489251,2.396419,0.996849,-0.060219,-0.051627,-0.055234,-0.059867,-0.996677,0.056928,0.996388,-0.063004,-0.727963,0.039649,-0.001821,0.684467,0.306631,0.625172,-0.015304,0.016702,-0.044910,0.245529,0.051627,0.996677,0.063004,0.000000,0.000000,0.000000,-1,0.065491,0.917175,0.223083,0.277822,0.456948,-0.005124,142.092072,294.234741,-764.035889,0,0
3.960000,2.392543,-1.497528,2.310606,0.995296,-0.083076,-0.049847,-0.054068,-0.049350,-0.997317,0.080394,0.995320,-0.053609,-0.724268,0.047339,-0.010544,0.687811,0.210942,0.589132,-0.008768,0.015644,-0.080142,0.169474,0.049847,0.997317,0.053609,0.000000,0.000000,0.000000,-1,0.136902,0.946762,0.189972,0.051351,0.541729,-0.026413,142.442490,294.583984,-763.701904,0,0
4.000000,2.446450,-1.496950,2.333535,0.992370,-0.113881,-0.047255,-0.053338,-0.050974,-0.997275,0.111162,0.992186,-0.056659,-0.724569,0.057696,-0.022050,0.686429,-0.221811,0.642108,-0.026570,0.104768,-0.033560,0.156567,0.047255,0.997275,0.056659,0.000000,0.000000,0.000000,-1,0.178619,1.045639,0.180649,-0.343013,0.561891,-0.010456,141.916870,294.758606,-764.536865,0,0
4.040000,2.539083,-1.487504,2.410199,0.990394,-0.129990,-0.047148,-0.055567,-0.061918,-0.996533,0.126620,0.989580,-0.068547,-0.728158,0.063708,-0.027285,0.681896,-0.424622,0.340140,0.103611,0.131471,0.049106,0.112102,0.047148,0.996533,0.068547,0.000000,0.000000,0.000000,-1,0.058624,1.184265,0.112106,-0.506121,0.274908,0.213890,140.340012,293.536255,-763.367859,0,0
4.080000,2.601778,-1.465927,2.456717,0.987711,-0.146740,-0.053802,-0.066216,-0.081072,-0.994506,0.141572,0.985847,-0.089793,-0.734605,0.072473,-0.029870,0.673952,-0.586686,0.526917,0.225818,0.004823,0.189759,0.022314,0.053802,0.994506,0.089793,0.000000,0.000000,0.000000,-1,-0.002441,1.071030,-0.022858,-0.733070,-0.051737,0.149788,141.216049,295.107849,-763.534851,0,0
4.120000,2.707251,-1.426898,2.571985,0.988520,-0.138517,-0.060346,-0.077337,-0.120761,-0.989664,0.129798,0.982970,-0.130087,-0.748226,0.072122,-0.023206,0.659104,-1.065829,-0.775341,0.019978,-0.057401,0.050359,-0.133902,0.060346,0.989664,0.130087,0.000000,0.000000,0.000000,-1,0.031921,0.961624,0.056671,-1.133064,-1.043257,0.006560,141.040848,294.583984,-760.027832,0,0
4.160000,2.762730,-1.395726,2.658064,0.991899,-0.109481,-0.064422,-0.080976,-0.154210,-0.984714,0.097873,0.981954,-0.161826,-0.759594,0.062684,-0.011009,0.647276,-1.134239,-1.005484,-0.030351,-0.032501,-0.023090,-0.105155,0.064422,0.984714,0.161826,0.000000,0.000000,0.000000,-1,0.027191,0.916443,0.125290,-1.090495,-0.715735,-0.049637,142.092072,293.885498,-758.357788,0,0
4.200000,2.823558,-1.354174,2.744564,0.994056,-0.085651,-0.067209,-0.083110,-0.198213,-0.976629,0.070328,0.976409,-0.204153,-0.774019,0.054508,-0.001007,0.630811,-1.195304,-0.340699,-0.007149,-0.040018,-0.060186,-0.078863,0.067209,0.976629,0.204153,0.000000,0.000000,0.000000,-1,0.152527,0.984741,0.238663,-1.286357,-0.165328,0.057473,140.865631,294.758606,-756.854797,0,0
4.240000,2.871999,-1.294320,2.797508,0.993815,-0.083944,-0.072702,-0.092082,-0.256967,-0.962023,0.062074,0.962767,-0.263108,-0.792763,0.055510,0.003352,0.606988,-1.096375,0.075223,0.204755,0.108969,0.063810,-0.027741,0.072702,0.962023,0.263108,0.000000,0.000000,0.000000,-1,0.170715,1.065384,0.220673,-0.977171,0.023682,0.248936,141.916870,292.663147,-752.846741,0,0
4.280000,2.883084,-1.264209,2.799282,0.992489,-0.094933,-0.077154,-0.101306,-0.284296,-0.953369,0.068571,0.954025,-0.291778,-0.801337,0.061222,0.002678,0.595066,-0.945710,0.568374,0.305113,0.093562,0.112015,-0.071106,0.077154,0.953369,0.291778,0.000000,0.000000,0.000000,-1,0.116653,1.121460,0.152557,-0.771185,0.715048,0.318006,141.391251,292.488525,-752.011719,0,0
