0.000000,-1.437931,-1.355389,-1.346564,0.973495,0.086147,0.211862,0.208395,0.047528,-0.976889,-0.094226,0.995148,0.028316,-0.688776,-0.106908,-0.042698,0.715776,-0.231780,-0.791116,0.058445,-0.022055,-0.007285,0.042598,-0.211862,0.976889,-0.028316,0.000000,0.000000,0.000000,-1,-0.254333,0.984543,0.011063,-0.533699,-1.519243,0.032950,134.908630,287.773804,-768.878967,0,0
0.040000,-1.543361,-1.357510,-1.413955,0.969266,0.125507,0.211593,0.209075,0.033063,-0.977340,-0.129659,0.991542,0.005807,-0.694693,-0.120406,-0.029486,0.708544,-0.531141,-1.434715,0.028483,-0.042740,0.007202,0.016869,-0.211593,0.977341,-0.005807,0.000000,0.000000,0.000000,-1,-0.231873,0.972488,0.005554,-0.196560,-1.151412,-0.012848,136.485489,287.599182,-769.045959,0,0
0.080000,-1.643697,-1.357136,-1.469194,0.962252,0.171318,0.211475,0.210945,0.021506,-0.977261,-0.171970,0.984981,-0.015444,-0.699319,-0.136655,-0.014123,0.701483,-0.133296,-0.939656,-0.015367,-0.012356,-0.001355,-0.029101,-0.211475,0.977261,0.015444,0.000000,0.000000,0.000000,-1,-0.214783,0.985443,-0.033066,-0.142045,-0.838628,0.001096,136.135071,287.599182,-768.377930,0,0
0.120000,-1.706027,-1.355986,-1.501513,0.956441,0.201514,0.211216,0.212651,0.014757,-0.977017,-0.200000,0.979374,-0.028738,-0.701859,-0.147524,-0.003995,0.696861,-0.125316,-0.252637,-0.013237,0.001850,0.014026,-0.039725,-0.211216,0.977017,0.028738,0.000000,0.000000,0.000000,-1,-0.214172,0.996613,-0.002914,-0.022329,0.080550,-0.017137,134.733429,287.948425,-768.043945,0,0
0.160000,-1.707091,-1.355263,-1.506234,0.957021,0.198030,0.211885,0.213423,0.013798,-0.976862,-0.196372,0.980099,-0.029059,-0.702190,-0.146489,-0.005523,0.696735,0.025032,0.354855,-0.020827,0.000353,0.020055,-0.039145,-0.211885,0.976862,0.029059,0.000000,0.000000,0.000000,-1,-0.210922,0.990128,-0.015961,0.063029,0.487668,-0.019915,135.259048,287.075317,-768.878967,0,0
0.200000,-1.670486,-1.354587,-1.493535,0.961287,0.174241,0.213464,0.213889,0.016558,-0.976718,-0.173719,0.984564,-0.021351,-0.701085,-0.138404,-0.014173,0.699374,0.095508,0.775752,-0.025631,0.000833,0.013593,-0.026463,-0.213464,0.976718,0.021351,0.000000,0.000000,0.000000,-1,-0.213058,0.982468,0.016174,0.186699,0.884204,-0.010303,135.083832,286.202209,-767.375916,0,0
0.240000,-1.578559,-1.354449,-1.449365,0.968526,0.126012,0.214657,0.213083,0.026003,-0.976688,-0.128656,0.991688,-0.001666,-0.697171,-0.121597,-0.030839,0.705844,0.215867,0.949665,0.000975,-0.005695,-0.008075,0.020627,-0.214657,0.976688,0.001666,0.000000,0.000000,0.000000,-1,-0.241638,0.972870,0.028427,0.063024,0.391217,-0.001397,135.083832,287.249939,-769.379944,0,0
0.280000,-1.554670,-1.353616,-1.441492,0.970310,0.109908,0.215449,0.213678,0.027784,-0.976509,-0.113312,0.993553,0.003475,-0.696249,-0.116189,-0.036674,0.707384,-0.034631,0.196886,-0.012032,-0.032568,-0.000374,0.035976,-0.215449,0.976509,-0.003475,0.000000,0.000000,0.000000,-1,-0.235504,0.985550,0.019836,-0.196044,-0.413526,-0.026821,136.485489,286.900696,-769.379944,0,0
0.320000,-1.604351,-1.351903,-1.479369,0.968451,0.122480,0.217027,0.216242,0.019826,-0.976138,-0.123860,0.992273,-0.007285,-0.699269,-0.121098,-0.033309,0.703739,-0.262830,-0.565445,-0.032682,-0.006698,0.010998,-0.006842,-0.217027,0.976138,0.007285,0.000000,0.000000,0.000000,-1,-0.211517,0.979752,-0.014465,-0.245130,-0.734744,-0.008874,135.959869,287.075317,-770.548950,0,0
0.360000,-1.673196,-1.351812,-1.519756,0.964526,0.151626,0.216100,0.216955,0.011083,-0.976119,-0.150400,0.988376,-0.022206,-0.702789,-0.131114,-0.023371,0.698821,-0.128554,-0.510212,0.027299,0.016622,0.007555,-0.050374,-0.216100,0.976119,0.022206,0.000000,0.000000,0.000000,-1,-0.214050,0.985840,-0.006851,-0.057577,-0.429320,0.044057,135.259048,286.726074,-767.876953,0,0
0.400000,-1.693172,-1.352738,-1.529400,0.963136,0.162068,0.214717,0.216149,0.008953,-0.976319,-0.160153,0.986739,-0.026408,-0.703667,-0.134374,-0.019386,0.697438,-0.023023,-0.233471,0.044034,-0.003530,0.011169,-0.045909,-0.214717,0.976319,0.026408,0.000000,0.000000,0.000000,-1,-0.241241,0.983902,-0.016129,0.047867,-0.161092,0.039557,134.558212,287.424561,-768.210938,0,0
0.440000,-1.679644,-1.354208,-1.513992,0.963123,0.163577,0.213627,0.214552,0.012201,-0.976636,-0.162362,0.986455,-0.023345,-0.702543,-0.134557,-0.018243,0.698566,0.107921,0.088798,0.014540,-0.034695,0.006106,-0.037261,-0.213627,0.976636,0.023345,0.000000,0.000000,0.000000,-1,-0.249481,0.982742,-0.008774,0.140422,0.148419,-0.008600,135.259048,287.424561,-768.210938,0,0
0.480000,-1.622357,-1.352043,-1.472666,0.965132,0.146801,0.216725,0.215969,0.021261,-0.976169,-0.147910,0.988937,-0.011184,-0.699116,-0.129725,-0.024608,0.702711,0.214423,0.594433,-0.046406,-0.030162,0.004758,0.010285,-0.216725,0.976169,0.011184,0.000000,0.000000,0.000000,-1,-0.244141,0.978958,0.055054,0.310825,0.835345,-0.071019,135.959869,287.424561,-768.544922,0,0
0.520000,-1.532183,-1.348809,-1.418787,0.969341,0.109439,0.220005,0.217630,0.033339,-0.975462,-0.114089,0.993434,0.008499,-0.694173,-0.117791,-0.038145,0.709080,0.287913,1.121249,-0.119799,-0.008252,0.016100,0.082291,-0.220005,0.975462,-0.008499,0.000000,0.000000,0.000000,-1,-0.203186,0.995453,0.075226,0.082043,0.643423,-0.084651,136.135071,286.551453,-769.045959,0,0
0.560000,-1.495687,-1.345830,-1.404883,0.971098,0.086529,0.222445,0.220010,0.036841,-0.974802,-0.092544,0.995568,0.016739,-0.692372,-0.110684,-0.046904,0.711456,-0.051651,0.289069,-0.058051,0.037920,0.020865,0.078217,-0.222445,0.974802,-0.016739,0.000000,0.000000,0.000000,-1,-0.203217,0.986572,0.028717,-0.211026,-0.692315,0.004387,137.186310,287.948425,-770.381958,0,0
0.600000,-1.572264,-1.346423,-1.449289,0.967567,0.119627,0.222495,0.220855,0.026968,-0.974934,-0.122628,0.992453,-0.000327,-0.696585,-0.122197,-0.035841,0.706082,-0.203300,-1.016984,0.029294,0.013724,0.014782,0.018091,-0.222495,0.974934,0.000327,0.000000,0.000000,0.000000,-1,-0.211304,0.992783,0.012512,-0.126095,-0.983831,0.031359,134.558212,286.726074,-770.214966,0,0
0.640000,-1.626484,-1.347333,-1.470380,0.963140,0.152982,0.221265,0.220492,0.022216,-0.975136,-0.154094,0.987979,-0.012334,-0.698795,-0.133614,-0.024031,0.702321,-0.049930,-0.641674,0.024846,0.012036,0.020241,-0.005468,-0.221265,0.975136,0.012334,0.000000,0.000000,0.000000,-1,-0.203278,0.994583,-0.002014,-0.021522,-0.475992,0.028978,134.908630,286.726074,-767.876953,0,0
0.680000,-1.642144,-1.348026,-1.473918,0.961351,0.165049,0.220370,0.219896,0.021370,-0.975289,-0.165680,0.986054,-0.015750,-0.699237,-0.137630,-0.019554,0.701244,-0.009210,-0.226071,0.024649,0.018160,0.016669,-0.015307,-0.220370,0.975289,0.015750,0.000000,0.000000,0.000000,-1,-0.213501,0.987167,-0.003387,0.022382,-0.021175,0.018996,136.485489,287.249939,-768.711914,0,0
0.720000,-1.625955,-1.348783,-1.465932,0.962852,0.156775,0.219859,0.218984,0.023048,-0.975456,-0.157995,0.987365,-0.012139,-0.698560,-0.134477,-0.022140,0.702453,0.049677,0.441819,-0.005602,0.000514,0.004768,-0.007363,-0.219859,0.975456,0.012139,0.000000,0.000000,0.000000,-1,-0.222748,0.987015,0.021301,0.064104,0.509931,-0.021091,135.609451,287.075317,-767.876953,0,0
0.760000,-1.593968,-1.347869,-1.457389,0.966108,0.133355,0.221026,0.219665,0.025019,-0.975254,-0.135585,0.990753,-0.005122,-0.697533,-0.126525,-0.030623,0.704628,0.078404,0.638970,-0.034465,-0.001981,0.015850,0.019093,-0.221026,0.975254,0.005122,0.000000,0.000000,0.000000,-1,-0.219742,0.999405,0.054932,0.092732,0.429349,-0.025298,135.083832,287.948425,-769.713989,0,0
0.800000,-1.576740,-1.347286,-1.455671,0.967971,0.117916,0.221650,0.220187,0.025462,-0.975125,-0.120627,0.992697,-0.001318,-0.697106,-0.121252,-0.036230,0.705711,0.084591,0.418448,-0.023956,0.001908,0.024280,0.053614,-0.221650,0.975125,0.001318,0.000000,0.000000,0.000000,-1,-0.219315,1.009720,0.064819,0.013807,-0.023323,0.001017,136.485489,287.599182,-768.043945,0,0
0.840000,-1.598446,-1.347797,-1.473500,0.967569,0.122217,0.221071,0.220110,0.021484,-0.975239,-0.123940,0.992271,-0.006114,-0.698606,-0.122504,-0.034759,0.704084,-0.071226,-0.479493,0.020086,0.006609,0.033108,0.058888,-0.221071,0.975239,0.006114,0.000000,0.000000,0.000000,-1,-0.202621,0.996704,0.029922,-0.102503,-0.845965,0.057070,136.310287,287.773804,-768.210938,0,0
0.880000,-1.653867,-1.350390,-1.499361,0.964041,0.152171,0.217872,0.218068,0.015604,-0.975809,-0.151889,0.988231,-0.018140,-0.701174,-0.132007,-0.023526,0.700269,-0.143581,-0.887570,0.095068,0.002555,0.020789,-0.005735,-0.217872,0.975809,0.018140,0.000000,0.000000,0.000000,-1,-0.250275,0.976028,-0.036484,-0.177924,-1.062157,0.118445,135.609451,288.123047,-768.210938,0,0
0.920000,-1.738588,-1.354393,-1.537271,0.956821,0.199189,0.211703,0.214598,0.007197,-0.976676,-0.196067,0.979935,-0.035859,-0.704536,-0.146830,-0.005548,0.694291,-0.093679,-0.915155,0.081876,-0.051099,-0.023994,-0.056474,-0.211703,0.976676,0.035859,0.000000,0.000000,0.000000,-1,-0.260101,0.937927,-0.009613,-0.026987,-0.908485,0.077794,134.908630,286.027588,-768.544922,0,0
0.960000,-1.762778,-1.356235,-1.539295,0.952634,0.220919,0.209007,0.212813,0.006706,-0.977070,-0.217255,0.975269,-0.040626,-0.704726,-0.153866,0.002926,0.692588,0.022267,-0.638499,0.041055,-0.041634,-0.053303,-0.072379,-0.209007,0.977070,0.040626,0.000000,0.000000,0.000000,-1,-0.221146,0.938248,-0.054626,-0.081300,-0.628712,-0.003712,135.609451,288.123047,-767.542908,0,0
1.000000,-1.794906,-1.354689,-1.552494,0.948087,0.239630,0.209067,0.214393,0.003924,-0.976740,-0.234877,0.970856,-0.047654,-0.705659,-0.160851,0.009144,0.689992,-0.175543,-0.290887,-0.049819,-0.010004,-0.012064,-0.090425,-0.209067,0.976740,0.047654,0.000000,0.000000,0.000000,-1,-0.218048,0.996384,-0.005753,-0.042656,0.118655,-0.058570,133.331772,287.948425,-768.711914,0,0
1.040000,-1.786673,-1.352647,-1.549048,0.948755,0.234892,0.211400,0.216372,0.004707,-0.976300,-0.230320,0.972010,-0.046359,-0.705409,-0.159930,0.006705,0.690489,0.042934,0.458656,-0.075823,-0.006648,0.020084,-0.052111,-0.211400,0.976300,0.046359,0.000000,0.000000,0.000000,-1,-0.210205,1.021576,-0.030579,0.117143,0.660388,-0.084050,133.682190,288.297668,-767.375916,0,0
1.080000,-1.680007,-1.349185,-1.495697,0.958822,0.181445,0.218493,0.219183,0.016492,-0.975544,-0.180611,0.983263,-0.023957,-0.701122,-0.142852,-0.013508,0.698455,0.261406,1.209261,-0.097569,0.019015,0.040126,-0.010575,-0.218493,0.975544,0.023957,0.000000,0.000000,0.000000,-1,-0.195908,0.999435,0.041779,0.281263,1.145974,-0.079541,134.207809,288.123047,-768.544922,0,0
1.120000,-1.604111,-1.347963,-1.454898,0.964343,0.145803,0.220871,0.219511,0.025556,-0.975275,-0.147842,0.988984,-0.007361,-0.697522,-0.130933,-0.026174,0.704013,0.315820,1.117128,-0.027548,0.016357,0.018194,0.054345,-0.220871,0.975275,0.007361,0.000000,0.000000,0.000000,-1,-0.255676,0.972717,0.101990,0.267295,0.525882,0.008509,137.011108,286.376831,-769.212952,0,0
1.160000,-1.546506,-1.347581,-1.415946,0.966984,0.126364,0.221301,0.218718,0.034142,-0.975191,-0.130785,0.991396,0.005377,-0.694166,-0.124279,-0.032599,0.708255,0.042637,-0.155143,-0.034750,-0.047101,-0.003892,0.106817,-0.221301,0.975191,-0.005377,0.000000,0.000000,0.000000,-1,-0.233078,0.993622,0.061615,-0.093145,-0.557760,-0.058152,134.733429,287.249939,-769.713989,0,0
1.200000,-1.606863,-1.344807,-1.452659,0.962901,0.150598,0.223925,0.222509,0.026410,-0.974573,-0.152683,0.988242,-0.008080,-0.697239,-0.133780,-0.025544,0.703781,-0.332205,-0.769064,-0.069333,0.007967,0.024054,0.023582,-0.223925,0.974573,0.008080,0.000000,0.000000,0.000000,-1,-0.175980,0.990448,-0.003220,-0.338937,-0.866270,-0.047668,134.383011,289.345398,-770.047974,0,0
1.240000,-1.681017,-1.343049,-1.500419,0.958134,0.177813,0.224413,0.225224,0.015877,-0.974178,-0.176785,0.983936,-0.024836,-0.701265,-0.143682,-0.016980,0.698064,-0.165889,-0.563261,0.010875,0.046084,0.017522,-0.035212,-0.224413,0.974178,0.024836,0.000000,0.000000,0.000000,-1,-0.196747,0.979401,-0.013077,-0.054395,-0.444162,0.045153,134.032608,287.948425,-766.707886,0,0
1.280000,-1.698308,-1.344998,-1.505290,0.956305,0.190174,0.222067,0.223405,0.014655,-0.974616,-0.188601,0.981641,-0.028471,-0.701805,-0.147327,-0.011922,0.696866,0.097304,0.025214,0.046803,0.004218,0.000802,-0.033964,-0.222067,0.974616,0.028471,0.000000,0.000000,0.000000,-1,-0.224136,0.983963,0.009750,0.151164,0.057313,0.039560,134.558212,288.123047,-768.210938,0,0
1.320000,-1.666350,-1.346430,-1.480866,0.957998,0.182181,0.221473,0.221589,0.019981,-0.974935,-0.182040,0.983062,-0.021227,-0.699865,-0.144232,-0.014086,0.699420,0.241035,0.459849,0.011346,-0.004708,0.006296,-0.000765,-0.221473,0.974935,0.021227,0.000000,0.000000,0.000000,-1,-0.215652,0.995773,0.042572,0.256644,0.601126,-0.011924,135.609451,287.075317,-768.878967,0,0
1.360000,-1.596382,-1.346698,-1.436943,0.962543,0.155428,0.222155,0.220240,0.029657,-0.974995,-0.158130,0.987402,-0.005685,-0.696163,-0.134907,-0.022992,0.704719,0.206101,0.716401,-0.001128,0.014727,0.020717,0.048056,-0.222155,0.974995,0.005685,0.000000,0.000000,0.000000,-1,-0.217316,0.999664,0.055466,0.075824,0.278886,0.033008,134.733429,287.249939,-769.713989,0,0
1.400000,-1.574975,-1.347688,-1.427099,0.964556,0.143787,0.221260,0.218981,0.031685,-0.975214,-0.147234,0.989101,-0.000925,-0.695305,-0.130435,-0.026616,0.706279,-0.076185,-0.126431,0.027062,0.000954,0.022024,0.053061,-0.221260,0.975214,0.000924,0.000000,0.000000,0.000000,-1,-0.223358,0.989090,0.034653,-0.126742,-0.410267,0.024523,135.083832,285.852966,-768.377930,0,0
1.440000,-1.629060,-1.348132,-1.465312,0.962115,0.160422,0.220454,0.219602,0.023251,-0.975313,-0.161588,0.986775,-0.012859,-0.698520,-0.136010,-0.021068,0.702230,-0.180763,-0.497539,0.012870,0.000926,0.010939,0.010044,-0.220454,0.975313,0.012859,0.000000,0.000000,0.000000,-1,-0.215057,0.985916,-0.002136,-0.173674,-0.583090,0.019438,135.434250,288.297668,-769.045959,0,0
1.480000,-1.669780,-1.348662,-1.489836,0.959484,0.176998,0.219233,0.219590,0.017817,-0.975430,-0.176555,0.984050,-0.021772,-0.700614,-0.141514,-0.015229,0.699201,-0.073178,-0.317276,0.030020,0.006541,0.010746,-0.029371,-0.219233,0.975430,0.021772,0.000000,0.000000,0.000000,-1,-0.217407,0.985214,-0.006744,0.010590,-0.245910,0.039287,134.733429,287.599182,-768.377930,0,0
1.520000,-1.666356,-1.350514,-1.481929,0.959082,0.181248,0.217508,0.217643,0.019392,-0.975836,-0.181087,0.983246,-0.020849,-0.700096,-0.142442,-0.013006,0.699576,0.064291,0.065466,0.028913,-0.000509,0.012232,-0.027349,-0.217508,0.975836,0.020848,0.000000,0.000000,0.000000,-1,-0.221634,0.980530,0.005981,0.083084,0.074256,0.026406,135.609451,287.075317,-767.208923,0,0
1.560000,-1.627885,-1.351095,-1.459236,0.961963,0.165179,0.217584,0.216584,0.024263,-0.975962,-0.166487,0.985965,-0.012435,-0.698236,-0.136688,-0.018295,0.702458,0.083599,0.485246,-0.014680,-0.003425,0.008550,0.011460,-0.217584,0.975962,0.012435,0.000000,0.000000,0.000000,-1,-0.217972,0.992645,0.033951,0.052345,0.381659,-0.011873,135.434250,288.297668,-767.375916,0,0
1.600000,-1.616764,-1.351003,-1.461917,0.964145,0.151617,0.217798,0.216737,0.023692,-0.975943,-0.153129,0.988155,-0.010019,-0.698297,-0.131876,-0.023152,0.703175,0.033560,0.420572,-0.007447,0.003778,0.015284,0.031150,-0.217798,0.975943,0.010019,0.000000,0.000000,0.000000,-1,-0.213974,0.984283,0.043320,0.000106,0.066815,0.014589,135.959869,287.773804,-769.212952,0,0
1.640000,-1.633607,-1.352008,-1.482837,0.964956,0.148110,0.216619,0.216207,0.019067,-0.976161,-0.148709,0.988787,-0.013624,-0.699913,-0.130129,-0.024256,0.701854,-0.038117,-0.169947,0.019426,0.002248,0.007817,0.021029,-0.216619,0.976161,0.013624,0.000000,0.000000,0.000000,-1,-0.211792,0.995941,0.020111,-0.044839,-0.391172,0.030980,135.784668,287.599182,-768.043945,0,0
1.680000,-1.669795,-1.354664,-1.502913,0.963009,0.164538,0.213403,0.213959,0.014547,-0.976734,-0.163814,0.986263,-0.021196,-0.701723,-0.134846,-0.017667,0.699350,-0.070024,-0.268521,0.041525,0.007913,0.024746,-0.002046,-0.213403,0.976734,0.021196,0.000000,0.000000,0.000000,-1,-0.207138,1.000534,0.025757,-0.008432,-0.147295,0.049689,134.383011,286.900696,-767.709961,0,0
1.720000,-1.676587,-1.356894,-1.507345,0.963096,0.166998,0.211088,0.211847,0.013460,-0.977210,-0.166034,0.985865,-0.022415,-0.702149,-0.134888,-0.016042,0.698953,0.018467,0.043185,0.044481,0.004911,0.023049,0.000809,-0.211088,0.977210,0.022415,0.000000,0.000000,0.000000,-1,-0.193649,0.993454,0.022034,0.029995,0.021289,0.055950,134.733429,287.948425,-768.377930,0,0
1.760000,-1.671779,-1.360955,-1.505878,0.964492,0.163726,0.207243,0.207866,0.013513,-0.978064,-0.162935,0.986413,-0.020999,-0.702136,-0.132308,-0.015776,0.699465,-0.010146,0.011398,0.070473,0.013548,0.010370,-0.003574,-0.207243,0.978064,0.020999,0.000000,0.000000,0.000000,-1,-0.212173,0.987061,0.006119,-0.040242,-0.183297,0.079986,135.434250,287.599182,-769.713989,0,0
1.800000,-1.683885,-1.363899,-1.512200,0.964144,0.169601,0.204112,0.205072,0.012030,-0.978673,-0.168440,0.985439,-0.023182,-0.702726,-0.133293,-0.012691,0.698748,-0.086841,-0.226082,0.073454,-0.014165,0.010371,-0.020756,-0.204112,0.978673,0.023182,0.000000,0.000000,0.000000,-1,-0.219879,0.995972,-0.007584,-0.087160,-0.311599,0.069381,136.310287,289.170776,-768.878967,0,0
1.840000,-1.691143,-1.364998,-1.514453,0.963515,0.174592,0.202871,0.204025,0.011508,-0.978898,-0.173242,0.984574,-0.024533,-0.702947,-0.134653,-0.010537,0.698300,-0.073988,-0.024677,0.043666,-0.012812,0.011992,-0.034894,-0.202871,0.978898,0.024533,0.000000,0.000000,0.000000,-1,-0.213089,0.975601,-0.012711,-0.049776,0.046711,0.041823,135.259048,288.821533,-768.878967,0,0
1.880000,-1.676365,-1.365706,-1.506702,0.964844,0.167515,0.202522,0.203238,0.013044,-0.979043,-0.166646,0.985783,-0.021460,-0.702364,-0.131966,-0.012770,0.699362,-0.004610,0.291267,0.036142,-0.013909,-0.003823,-0.034003,-0.202522,0.979043,0.021460,0.000000,0.000000,0.000000,-1,-0.226990,0.990143,-0.002182,0.023709,0.243901,0.034804,135.784668,287.599182,-767.375916,0,0
1.920000,-1.643796,-1.365207,-1.489172,0.967136,0.152296,0.203600,0.203464,0.016644,-0.978941,-0.152478,0.988195,-0.014889,-0.700960,-0.126883,-0.018233,0.701586,0.054938,0.407971,0.004125,-0.021971,0.013048,-0.008297,-0.203600,0.978941,0.014889,0.000000,0.000000,0.000000,-1,-0.220215,0.985519,0.019501,0.039585,0.304287,0.003509,135.784668,287.599182,-768.043945,0,0
1.960000,-1.629939,-1.363946,-1.489316,0.968919,0.138428,0.205019,0.204697,0.016716,-0.978683,-0.138904,0.990231,-0.012140,-0.700775,-0.122409,-0.023586,0.702406,-0.029211,0.259523,-0.004931,-0.011381,0.006913,0.014212,-0.205019,0.978683,0.012140,0.000000,0.000000,0.000000,-1,-0.214859,0.982849,0.015030,-0.059519,-0.030730,0.011432,136.310287,288.821533,-768.878967,0,0
2.000000,-1.639670,-1.363478,-1.501446,0.969151,0.136304,0.205349,0.205342,0.014263,-0.978586,-0.136314,0.990564,-0.014165,-0.701615,-0.121735,-0.024599,0.701650,-0.049599,-0.077596,0.015953,-0.009831,0.007757,-0.001638,-0.205349,0.978586,0.014165,0.000000,0.000000,0.000000,-1,-0.215393,0.985016,0.003067,-0.044748,-0.223674,0.020650,136.485489,288.297668,-768.711914,0,0
2.040000,-1.645764,-1.363457,-1.502766,0.968485,0.141059,0.205279,0.205381,0.013994,-0.978582,-0.140910,0.989902,-0.015418,-0.701767,-0.123417,-0.022931,0.701260,-0.007069,-0.100915,0.017706,-0.010923,0.007822,-0.011649,-0.205279,0.978582,0.015418,0.000000,0.000000,0.000000,-1,-0.216278,0.991516,0.006714,0.011635,-0.157946,0.016540,135.434250,288.646912,-768.711914,0,0
2.080000,-1.638837,-1.363222,-1.495803,0.968432,0.140942,0.205610,0.205508,0.015441,-0.978534,-0.141091,0.989897,-0.014012,-0.701249,-0.123512,-0.023001,0.701759,0.016383,0.080451,0.000720,-0.004854,0.011655,-0.007389,-0.205610,0.978534,0.014012,0.000000,0.000000,0.000000,-1,-0.201523,0.993439,0.019730,0.009647,0.062565,0.008121,135.434250,288.646912,-767.709961,0,0
2.120000,-1.631853,-1.363782,-1.495192,0.969426,0.134627,0.205156,0.204952,0.015525,-0.978649,-0.134937,0.990775,-0.012542,-0.701150,-0.121079,-0.025037,0.702212,0.016482,0.201318,0.003370,0.005662,0.012837,0.012254,-0.205156,0.978649,0.012542,0.000000,0.000000,0.000000,-1,-0.204330,0.985184,0.029190,0.013938,0.102856,0.010019,136.835892,287.599182,-768.711914,0,0
2.160000,-1.630191,-1.364042,-1.500302,0.970369,0.128027,0.204923,0.204775,0.014459,-0.978702,-0.128263,0.991665,-0.012186,-0.701444,-0.118613,-0.027322,0.702254,-0.001688,0.128149,-0.002479,-0.004565,-0.000690,0.020895,-0.204923,0.978702,0.012186,0.000000,0.000000,0.000000,-1,-0.216248,0.982086,0.031754,0.001040,-0.009548,-0.004223,137.361511,286.376831,-768.878967,0,0
2.200000,-1.635719,-1.362976,-1.506802,0.970274,0.127187,0.205893,0.205905,0.013195,-0.978483,-0.127167,0.991791,-0.013386,-0.701866,-0.118645,-0.028042,0.701798,-0.015718,-0.045753,-0.017501,-0.002161,0.015215,0.012264,-0.205893,0.978483,0.013386,0.000000,0.000000,0.000000,-1,-0.186325,0.995850,0.023560,-0.052204,-0.125111,-0.003115,135.959869,286.726074,-767.876953,0,0
2.240000,-1.649011,-1.363866,-1.519921,0.970438,0.127650,0.204829,0.205191,0.010448,-0.978666,-0.127067,0.991764,-0.016053,-0.702859,-0.118388,-0.027659,0.700863,-0.062403,0.056087,-0.001433,0.019465,0.019945,0.002257,-0.204829,0.978666,0.016053,0.000000,0.000000,0.000000,-1,-0.191376,0.994522,0.004257,-0.057400,-0.014835,0.006018,135.434250,288.646912,-767.375916,0,0
2.280000,-1.650028,-1.365403,-1.525359,0.971307,0.123394,0.203313,0.203742,0.009264,-0.978981,-0.122684,0.992314,-0.016143,-0.703240,-0.116296,-0.028663,0.700790,-0.012278,0.136699,0.021068,0.008046,0.015496,-0.011214,-0.203313,0.978981,0.016143,0.000000,0.000000,0.000000,-1,-0.208527,0.989059,0.012527,-0.000905,0.061537,0.029516,136.485489,287.948425,-769.713989,0,0
2.320000,-1.640606,-1.366095,-1.523467,0.972343,0.115886,0.202780,0.203047,0.009617,-0.979122,-0.115417,0.993216,-0.014179,-0.703012,-0.113417,-0.031067,0.701388,0.010119,0.218337,0.022576,-0.011851,0.005970,0.003323,-0.202780,0.979122,0.014179,0.000000,0.000000,0.000000,-1,-0.217117,0.983109,0.023956,-0.011520,0.104999,0.025182,136.135071,289.345398,-769.379944,0,0
2.360000,-1.639020,-1.365978,-1.529517,0.973175,0.108424,0.202916,0.203216,0.008393,-0.979098,-0.107861,0.994069,-0.013865,-0.703322,-0.110774,-0.033788,0.701374,-0.039932,0.139873,0.019216,-0.014826,0.006147,0.009832,-0.202917,0.979098,0.013865,0.000000,0.000000,0.000000,-1,-0.217911,0.985489,0.018051,-0.050947,-0.001027,0.022904,137.361511,287.773804,-768.210938,0,0
2.400000,-1.648655,-1.365667,-1.541513,0.973373,0.106325,0.203077,0.203607,0.005964,-0.979035,-0.105307,0.994314,-0.015843,-0.704140,-0.110039,-0.034713,0.700624,-0.062411,-0.009576,0.015870,-0.014361,0.010361,-0.002324,-0.203077,0.979035,0.015843,0.000000,0.000000,0.000000,-1,-0.218704,0.989655,-0.000076,-0.060645,-0.140983,0.017260,136.310287,287.773804,-769.212952,0,0
2.440000,-1.654208,-1.365080,-1.545022,0.973040,0.108428,0.203559,0.204201,0.005264,-0.978915,-0.107213,0.994090,-0.017019,-0.704414,-0.110953,-0.034194,0.700230,-0.022096,-0.067905,0.001849,-0.015527,0.008420,-0.016546,-0.203559,0.978915,0.017019,0.000000,0.000000,0.000000,-1,-0.217926,0.986755,-0.006943,-0.012861,-0.136766,0.000759,137.887131,287.249939,-769.045959,0,0
2.480000,-1.649072,-1.364072,-1.539179,0.972752,0.109001,0.204627,0.205153,0.006489,-0.978708,-0.108008,0.994021,-0.016050,-0.703973,-0.111564,-0.034312,0.700570,0.005589,0.035977,-0.012763,-0.013101,0.006155,-0.016905,-0.204627,0.978708,0.016050,0.000000,0.000000,0.000000,-1,-0.215698,0.983353,0.002197,0.018016,-0.018041,-0.011818,137.186310,287.599182,-768.711914,0,0
2.520000,-1.633415,-1.362625,-1.528351,0.972958,0.103956,0.206266,0.206485,0.008770,-0.978410,-0.103521,0.994543,-0.012933,-0.703051,-0.110391,-0.036536,0.701569,0.043909,0.175898,-0.031908,-0.009356,0.005949,-0.007501,-0.206266,0.978410,0.012933,0.000000,0.000000,0.000000,-1,-0.206467,0.990417,0.017548,0.043553,0.100675,-0.030718,136.660690,287.075317,-769.212952,0,0
2.560000,-1.620337,-1.361672,-1.523914,0.973619,0.095254,0.207349,0.207375,0.009729,-0.978213,-0.095196,0.995405,-0.010281,-0.702526,-0.107693,-0.039910,0.702330,0.014194,0.239491,-0.030858,0.011472,0.017301,0.014408,-0.207349,0.978213,0.010281,0.000000,0.000000,0.000000,-1,-0.190964,0.995712,0.030045,-0.016956,0.114489,-0.008840,136.310287,287.424561,-767.876953,0,0
2.600000,-1.621287,-1.362325,-1.532877,0.974486,0.087475,0.206701,0.206816,0.007846,-0.978348,-0.087203,0.996136,-0.010445,-0.703044,-0.104649,-0.042493,0.702119,-0.022988,0.155773,-0.002399,0.015280,0.012329,0.020316,-0.206701,0.978348,0.010445,0.000000,0.000000,0.000000,-1,-0.200272,0.990219,0.025055,-0.025462,0.027578,0.008666,137.536728,288.996155,-768.043945,0,0
2.640000,-1.629318,-1.362994,-1.544863,0.974967,0.083797,0.205957,0.206241,0.005350,-0.978487,-0.083096,0.996468,-0.012067,-0.703861,-0.103017,-0.043638,0.701472,-0.057070,0.072018,0.001553,0.002451,0.014128,0.007602,-0.205957,0.978487,0.012067,0.000000,0.000000,0.000000,-1,-0.206970,0.994217,0.016144,-0.068033,-0.016955,0.006145,135.434250,287.249939,-767.709961,0,0
2.680000,-1.638420,-1.363065,-1.558839,0.975387,0.079241,0.205769,0.206225,0.002466,-0.978501,-0.078045,0.996853,-0.013936,-0.704780,-0.101261,-0.045306,0.700699,-0.066545,0.158965,0.008712,-0.001201,0.012862,-0.003560,-0.205769,0.978501,0.013936,0.000000,0.000000,0.000000,-1,-0.212296,0.982147,-0.007690,-0.049831,0.068947,0.022576,137.186310,289.345398,-769.045959,0,0
2.720000,-1.635220,-1.363459,-1.562278,0.975968,0.072696,0.205428,0.205848,0.001754,-0.978582,-0.071499,0.997353,-0.013253,-0.704888,-0.098790,-0.047500,0.700798,-0.028188,0.132352,0.024266,-0.009949,-0.000052,-0.023125,-0.205428,0.978582,0.013253,0.000000,0.000000,0.000000,-1,-0.222229,0.985306,-0.007614,-0.013701,0.010647,0.029887,137.011108,287.773804,-769.880981,0,0
2.760000,-1.623633,-1.363468,-1.554770,0.976247,0.068466,0.205558,0.205819,0.003299,-0.978584,-0.067678,0.997648,-0.010871,-0.704241,-0.097369,-0.048947,0.701547,0.030237,0.088875,0.016362,-0.017250,0.002952,-0.016196,-0.205558,0.978584,0.010871,0.000000,0.000000,0.000000,-1,-0.228348,0.981369,-0.006989,0.038323,-0.012698,0.015591,136.835892,286.900696,-768.711914,0,0
2.800000,-1.606218,-1.362150,-1.540267,0.976162,0.065242,0.207006,0.207039,0.006323,-0.978312,-0.065136,0.997849,-0.007336,-0.703060,-0.096820,-0.050447,0.702700,0.057782,0.053858,-0.005075,-0.032069,0.003240,-0.013485,-0.207006,0.978312,0.007336,0.000000,0.000000,0.000000,-1,-0.229507,0.978699,-0.004196,0.063653,-0.089084,-0.018383,137.361511,288.123047,-768.210938,0,0
2.840000,-1.590222,-1.359740,-1.524206,0.975660,0.064934,0.209453,0.209265,0.009757,-0.977810,-0.065537,0.997842,-0.004069,-0.701779,-0.097680,-0.051268,0.703802,0.063980,-0.041607,-0.035576,-0.014119,-0.000775,-0.008479,-0.209453,0.977810,0.004069,0.000000,0.000000,0.000000,-1,-0.219971,0.983047,-0.004684,0.059274,-0.171806,-0.034981,135.609451,287.075317,-768.544922,0,0
2.880000,-1.579435,-1.357333,-1.509281,0.974887,0.068702,0.211838,0.211445,0.013024,-0.977303,-0.069901,0.997552,-0.001830,-0.700659,-0.099958,-0.050644,0.704642,0.066001,-0.129756,-0.053363,-0.007217,0.004203,-0.008285,-0.211838,0.977303,0.001830,0.000000,0.000000,0.000000,-1,-0.218307,0.979843,-0.009476,0.062360,-0.240740,-0.048532,136.660690,286.726074,-768.878967,0,0
2.920000,-1.573679,-1.355517,-1.498700,0.974167,0.073247,0.213619,0.213065,0.015388,-0.976917,-0.074843,0.997195,-0.000616,-0.699892,-0.102270,-0.049571,0.705149,0.040447,-0.182767,-0.053908,-0.002964,0.006161,-0.018377,-0.213619,0.976917,0.000616,0.000000,0.000000,0.000000,-1,-0.218094,0.988251,-0.018799,0.038911,-0.299058,-0.052265,137.186310,287.948425,-770.047974,0,0
2.960000,-1.561794,-1.352272,-1.477636,0.972783,0.081846,0.216780,0.215849,0.020167,-0.976218,-0.084272,0.996441,0.001952,-0.698331,-0.106574,-0.047438,0.706205,0.084000,-0.138269,-0.076927,-0.000047,0.013100,-0.016389,-0.216780,0.976218,-0.001952,0.000000,0.000000,0.000000,-1,-0.210236,0.989120,-0.018082,0.085666,-0.207917,-0.077657,135.609451,288.123047,-768.878967,0,0
3.000000,-1.543640,-1.349114,-1.457275,0.971968,0.083487,0.219790,0.218456,0.024907,-0.975529,-0.086918,0.996198,0.005970,-0.696615,-0.108361,-0.047685,0.707610,0.087256,0.038757,-0.097967,0.011462,0.012859,-0.011593,-0.219790,0.975529,-0.005970,0.000000,0.000000,0.000000,-1,-0.200485,0.988174,-0.014709,0.088986,0.045448,-0.094793,136.660690,287.075317,-770.214966,0,0
3.040000,-1.526443,-1.347163,-1.443768,0.971907,0.079429,0.221556,0.219987,0.028096,-0.975098,-0.083676,0.996444,0.009833,-0.695338,-0.107651,-0.049573,0.708843,0.095879,0.190367,-0.098736,0.021071,0.013076,-0.004876,-0.221556,0.975098,-0.009833,0.000000,0.000000,0.000000,-1,-0.202362,1.000198,-0.005737,0.113501,0.123905,-0.094354,135.959869,287.075317,-768.878967,0,0
3.080000,-1.482294,-1.344181,-1.411281,0.972336,0.066908,0.223801,0.221828,0.035688,-0.974432,-0.073184,0.997121,0.019859,-0.692241,-0.104276,-0.054395,0.712019,0.220358,0.263537,-0.088716,0.034669,0.021509,0.029716,-0.223801,0.974432,-0.019859,0.000000,0.000000,0.000000,-1,-0.174637,1.000610,0.018768,0.209249,0.126051,-0.078399,136.310287,287.075317,-769.212952,0,0
3.120000,-1.459705,-1.344233,-1.393754,0.972825,0.061430,0.223245,0.221119,0.039562,-0.974444,-0.068693,0.997327,0.024903,-0.690717,-0.102267,-0.055939,0.713668,0.091659,0.051541,-0.053333,0.049295,0.023542,0.051362,-0.223245,0.974444,-0.024903,0.000000,0.000000,0.000000,-1,-0.200073,0.994537,0.034164,0.035884,-0.142130,-0.041239,135.083832,287.948425,-771.049988,0,0
3.160000,-1.471784,-1.343634,-1.400514,0.972266,0.066878,0.224110,0.221956,0.038165,-0.974310,-0.073713,0.997031,0.022262,-0.691346,-0.104446,-0.054386,0.712863,-0.040442,-0.259110,-0.054713,0.010869,0.018275,0.027527,-0.224110,0.974309,-0.022262,0.000000,0.000000,0.000000,-1,-0.216095,0.998535,-0.003922,-0.060061,-0.416745,-0.053834,136.835892,287.249939,-770.381958,0,0
3.200000,-1.499811,-1.342545,-1.415789,0.970911,0.079929,0.225705,0.223562,0.034934,-0.974064,-0.085741,0.996188,0.016049,-0.692807,-0.109515,-0.050506,0.710967,-0.027769,-0.304716,-0.064210,0.010266,0.016766,0.012097,-0.225705,0.974064,-0.016049,0.000000,0.000000,0.000000,-1,-0.214111,0.991837,-0.011261,-0.019657,-0.377527,-0.060839,136.660690,286.376831,-770.548950,0,0
3.240000,-1.510949,-1.341479,-1.419401,0.969980,0.087478,0.226906,0.224713,0.034283,-0.973822,-0.092967,0.995576,0.013596,-0.693199,-0.112591,-0.048304,0.710257,-0.033012,-0.213538,-0.063492,0.014137,0.016428,-0.003601,-0.226906,0.973822,-0.013596,0.000000,0.000000,0.000000,-1,-0.216751,0.993103,-0.005096,-0.038700,-0.265142,-0.059009,136.485489,287.249939,-770.381958,0,0
3.280000,-1.519960,-1.339650,-1.425089,0.969223,0.090872,0.228797,0.226666,0.033263,-0.973404,-0.096066,0.995307,0.011641,-0.693599,-0.114453,-0.047842,0.709600,0.025644,0.030309,-0.064164,0.009391,0.016494,0.005919,-0.228797,0.973404,-0.011641,0.000000,0.000000,0.000000,-1,-0.219818,0.992935,-0.005707,0.037989,-0.069006,-0.061803,136.135071,286.551453,-770.715942,0,0
3.320000,-1.517521,-1.337887,-1.422318,0.968805,0.091071,0.230482,0.228270,0.034145,-0.972999,-0.096481,0.995259,0.012291,-0.693248,-0.115161,-0.048324,0.709796,0.064894,-0.046035,-0.068497,0.011549,0.027215,0.033622,-0.230482,0.972999,-0.012291,0.000000,0.000000,0.000000,-1,-0.217361,0.999420,0.025192,0.067669,-0.185628,-0.061604,134.558212,288.123047,-769.546997,0,0
3.360000,-1.528126,-1.337206,-1.425147,0.967856,0.098859,0.231261,0.229021,0.033594,-0.972842,-0.103943,0.994534,0.009874,-0.693611,-0.118178,-0.045889,0.709106,-0.014968,-0.349208,-0.033260,0.015791,0.021299,0.025423,-0.231261,0.972842,-0.009874,0.000000,0.000000,0.000000,-1,-0.216766,0.990982,0.012009,-0.092022,-0.684922,-0.016105,134.207809,286.726074,-769.546997,0,0
3.400000,-1.558118,-1.337280,-1.438827,0.965990,0.115437,0.231480,0.229630,0.029213,-0.972840,-0.125924,0.992040,0.000066,-0.695668,-0.126539,-0.037934,0.706112,-0.113018,-0.717084,-0.018811,0.010411,0.013885,0.017324,-0.231480,0.972840,-0.000066,0.000000,0.000000,0.000000,-1,-0.220505,0.987381,0.020615,-0.109139,-0.826990,-0.015275,134.558212,286.726074,-768.878967,0,0
3.440000,-1.616368,-1.336414,-1.463512,0.961184,0.149337,0.232002,0.230907,0.024868,-0.972658,-0.151023,0.988474,-0.010580,-0.697656,-0.136258,-0.029018,0.702757,-0.084274,-0.567624,-0.037882,0.013892,0.019835,0.027796,-0.232002,0.972658,0.010580,0.000000,0.000000,0.000000,-1,-0.216354,0.995178,0.046112,-0.072871,-0.554551,-0.039243,133.857391,288.472290,-769.546997,0,0
3.480000,-1.654298,-1.335894,-1.488802,0.959062,0.162499,0.231937,0.231966,0.019063,-0.972537,-0.162458,0.986524,-0.019412,-0.699895,-0.140902,-0.024818,0.699770,-0.099954,-0.139318,-0.047073,0.027850,0.024182,0.053235,-0.231937,0.972537,0.019412,0.000000,0.000000,0.000000,-1,-0.200058,0.998795,0.085373,-0.158616,-0.155887,-0.022014,133.682190,288.297668,-769.045959,0,0
3.520000,-1.690793,-1.334902,-1.522364,0.958386,0.166303,0.232032,0.233439,0.011315,-0.972306,-0.164322,0.986010,-0.027977,-0.702682,-0.142220,-0.024090,0.696729,-0.234752,-0.160649,0.008641,0.020393,0.035949,0.103416,-0.232032,0.972306,0.027977,0.000000,0.000000,0.000000,-1,-0.214447,1.015228,0.147751,-0.275523,-0.392226,0.037782,134.207809,287.773804,-767.876953,0,0
3.560000,-1.741913,-1.335273,-1.561749,0.956611,0.178945,0.229944,0.233343,0.002111,-0.972392,-0.174490,0.983857,-0.039736,-0.706087,-0.145976,-0.019634,0.692637,-0.345365,-0.656694,0.099323,0.010645,0.070546,0.153379,-0.229944,0.972392,0.039736,0.000000,0.000000,0.000000,-1,-0.218460,1.059067,0.230499,-0.363814,-0.973063,0.144557,134.383011,286.551453,-767.375916,0,0
3.600000,-1.854269,-1.341047,-1.626497,0.948983,0.227213,0.218644,0.227380,-0.012678,-0.973724,-0.218470,0.973763,-0.063695,-0.711575,-0.159713,-0.000061,0.684217,-0.250482,-1.827762,0.408850,0.061463,0.071229,0.182231,-0.218644,0.973724,0.063695,0.000000,0.000000,0.000000,-1,-0.052826,1.048721,0.307388,-0.206691,-3.652813,1.163714,135.083832,288.646912,-765.371887,0,0
3.640000,-2.247148,-1.373529,-1.869478,0.915071,0.373206,0.152846,0.187313,-0.057672,-0.980606,-0.357153,0.925954,-0.122681,-0.723779,-0.193609,0.070570,0.658543,-0.915389,-3.340182,1.456938,0.162306,0.124039,0.213302,-0.152846,0.980606,0.122681,0.000000,0.000000,0.000000,-1,-0.025330,1.198776,0.317719,-0.761828,-2.361032,1.459327,135.259048,289.520020,-763.868896,0,0
3.680000,-2.510299,-1.385300,-2.090696,0.904464,0.412428,0.108852,0.160065,-0.091626,-0.982845,-0.395379,0.906371,-0.148888,-0.732287,-0.195447,0.097819,0.644971,-0.571449,-0.208004,0.956083,-0.115087,0.268666,0.084984,-0.108851,0.982845,0.148888,0.000000,0.000000,0.000000,-1,-0.455383,0.951782,-0.044998,-0.579292,0.819553,0.718568,137.186310,289.694641,-761.363831,0,0
3.720000,-2.636693,-1.376874,-2.281049,0.930548,0.354107,0.093217,0.146112,-0.125651,-0.981256,-0.335756,0.926726,-0.168663,-0.745799,-0.167679,0.081302,0.639577,-0.695909,1.906234,0.511766,-0.221236,-0.010629,-0.553826,-0.093217,0.981256,0.168663,0.000000,0.000000,0.000000,-1,-0.200729,0.964294,-0.498962,-0.598200,0.989861,0.461652,137.711929,290.218506,-760.862854,0,0
3.760000,-2.812824,-1.360398,-2.455248,0.932236,0.355513,0.067433,0.132351,-0.161559,-0.977948,-0.336779,0.920602,-0.197664,-0.756878,-0.161144,0.088966,0.627099,-0.573733,-0.730585,0.462751,0.113881,-0.016720,0.033171,-0.067433,0.977948,0.197664,0.000000,0.000000,0.000000,-1,0.040192,0.964355,0.341644,-0.453805,-0.347156,0.400144,138.237549,288.996155,-761.363831,0,0
3.800000,-2.866766,-1.352909,-2.515606,0.935215,0.349187,0.058663,0.126652,-0.175179,-0.976356,-0.330655,0.920533,-0.208055,-0.761323,-0.156254,0.089315,0.622893,-0.231098,0.735357,0.239615,0.001687,-0.080330,0.071501,-0.058663,0.976356,0.208055,0.000000,0.000000,0.000000,-1,-0.235153,0.817078,0.098007,-0.182657,0.608880,0.214136,139.814407,289.520020,-761.196838,0,0
3.840000,-2.888796,-1.351294,-2.566887,0.945371,0.321416,0.054460,0.118363,-0.182764,-0.976006,-0.303750,0.929134,-0.210824,-0.764683,-0.143778,0.081501,0.622853,0.104153,0.331260,0.132436,-0.162947,-0.199974,-0.105172,-0.054461,0.976006,0.210824,0.000000,0.000000,0.000000,-1,-0.197586,0.784134,0.124573,0.243596,0.019133,0.030204,140.164810,289.170776,-759.526794,0,0
3.880000,-2.869501,-1.359174,-2.554766,0.947558,0.314557,0.056449,0.116307,-0.174906,-0.977692,-0.297667,0.932985,-0.202319,-0.762362,-0.141293,0.079102,0.626565,0.161404,0.301992,-0.180815,-0.099160,-0.067474,0.068616,-0.056449,0.977691,0.202319,0.000000,0.000000,0.000000,-1,-0.134338,0.952469,0.326874,0.056695,0.461824,-0.285658,138.587952,288.996155,-759.359802,0,0
3.920000,-2.777225,-1.353108,-2.495839,0.955610,0.284404,0.076964,0.129972,-0.172486,-0.976399,-0.264416,0.943061,-0.201794,-0.763199,-0.135737,0.061404,0.628755,-0.140550,1.224082,-0.373117,-0.001558,0.000758,0.126194,-0.076964,0.976399,0.201794,0.000000,0.000000,0.000000,-1,-0.051270,1.002151,0.321014,-0.126892,1.150883,-0.335675,138.412750,289.520020,-761.196838,0,0
3.960000,-2.711547,-1.345477,-2.463083,0.962677,0.254119,0.093146,0.140224,-0.173933,-0.974723,-0.231494,0.951405,-0.203075,-0.764801,-0.128904,0.045224,0.629617,-0.181943,0.887066,-0.284979,0.074210,0.061898,0.108449,-0.093146,0.974723,0.203075,0.000000,0.000000,0.000000,-1,0.076309,1.107315,0.388718,-0.307630,0.237260,-0.147664,137.536728,290.043884,-761.029846,0,0
4.000000,-2.712186,-1.329992,-2.479908,0.965764,0.239672,0.099288,0.146536,-0.188154,-0.971146,-0.214075,0.952447,-0.216833,-0.769862,-0.125415,0.037275,0.624655,-0.348757,0.164687,0.174327,0.180938,0.133620,0.171656,-0.099288,0.971146,0.216833,0.000000,0.000000,0.000000,-1,0.024612,1.061707,0.323608,-0.361484,0.103227,0.260938,137.711929,289.520020,-760.862854,0,0
4.040000,-2.774271,-1.317647,-2.552607,0.969175,0.229370,0.089942,0.139132,-0.208254,-0.968129,-0.203329,0.950800,-0.233747,-0.776398,-0.118657,0.036510,0.617895,-0.589557,0.228492,0.305403,0.037650,-0.006718,0.070697,-0.089942,0.968129,0.233747,0.000000,0.000000,0.000000,-1,-0.134186,0.868866,0.304596,-0.588913,0.185930,0.268390,139.463989,290.218506,-758.524780,0,0
4.080000,-2.808084,-1.305297,-2.598571,0.972205,0.217804,0.085896,0.135584,-0.224646,-0.964962,-0.190876,0.949787,-0.247933,-0.781790,-0.113006,0.033570,0.612296,-0.403793,0.471092,0.177806,-0.074855,-0.129512,0.053321,-0.085896,0.964962,0.247933,0.000000,0.000000,0.000000,-1,-0.123032,0.838531,0.191147,-0.122400,0.457180,0.153525,139.989609,289.345398,-758.023804,0,0
4.120000,-2.806588,-1.306790,-2.623729,0.977689,0.191739,0.085793,0.129177,-0.226734,-0.965352,-0.165644,0.954897,-0.246444,-0.782762,-0.102495,0.025503,0.613293,0.263597,0.457209,0.104562,0.007089,-0.080312,-0.074920,-0.085793,0.965352,0.246444,0.000000,0.000000,0.000000,-1,-0.059769,0.902924,0.169815,0.296181,0.321397,0.098466,138.938370,289.694641,-757.355774,0,0
4.160000,-2.784150,-1.317943,-2.614644,0.980073,0.178312,0.087529,0.125809,-0.216231,-0.968203,-0.153715,0.959921,-0.234356,-0.779529,-0.097533,0.021227,0.618362,0.251162,0.233276,-0.046402,-0.019970,-0.075609,-0.039623,-0.087529,0.968203,0.234356,0.000000,0.000000,0.000000,-1,-0.133575,0.880798,0.225754,0.235717,0.080432,-0.098696,138.938370,288.996155,-759.359802,0,0
4.200000,-2.754530,-1.323243,-2.588955,0.980283,0.174613,0.092492,0.128626,-0.208557,-0.969515,-0.150000,0.962296,-0.226905,-0.777134,-0.097550,0.018500,0.621454,0.255890,0.131292,-0.182149,-0.080405,-0.104601,0.077828,-0.092492,0.969515,0.226905,0.000000,0.000000,0.000000,-1,-0.139557,0.845276,0.309906,0.295909,0.044233,-0.200249,138.237549,288.646912,-759.359802,0,0
4.240000,-2.668212,-1.338857,-2.506389,0.979692,0.170944,0.104795,0.136389,-0.185031,-0.973222,-0.146976,0.967751,-0.204588,-0.769628,-0.099832,0.013702,0.630491,0.689275,0.027272,-0.265172,-0.029375,-0.114153,0.057223,-0.104795,0.973222,0.204588,0.000000,0.000000,0.000000,-1,-0.173325,0.893936,0.214035,0.787503,-0.180717,-0.329107,138.587952,290.043884,-760.695801,0,0
