0.000000,-2.697738,1.477387,2.626469,0.996539,-0.072838,0.040054,-0.045950,-0.081169,0.995641,-0.069269,-0.994035,-0.084235,0.735178,-0.040394,-0.009935,0.676597,-0.005218,0.023674,-0.006693,0.001831,0.010899,-0.003074,-0.040054,-0.995641,0.084235,0.000000,0.000000,0.000000,-1,-0.045181,-0.980759,0.084274,-0.006441,-0.077397,-0.000643,146.121811,193.478989,-769.546997,0,0
0.040000,-2.695749,1.477523,2.625005,0.996573,-0.072314,0.040163,-0.046002,-0.080984,0.995653,-0.068748,-0.994089,-0.084033,0.735117,-0.040237,-0.009721,0.676675,-0.008394,0.009900,-0.000213,-0.005018,0.014895,0.000241,-0.040163,-0.995653,0.084033,0.000000,0.000000,0.000000,-1,-0.042236,-0.981018,0.084045,-0.007490,-0.095409,0.006895,144.544968,194.002853,-769.379944,0,0
0.080000,-2.690719,1.477442,2.620070,0.996560,-0.072236,0.040620,-0.046442,-0.080827,0.995646,-0.068638,-0.994107,-0.083903,0.735066,-0.040363,-0.009529,0.676726,-0.002002,0.000366,0.005081,-0.001036,0.012720,-0.001750,-0.040620,-0.995646,0.083903,0.000000,0.000000,0.000000,-1,-0.036972,-0.983002,0.079208,0.003142,-0.089049,0.005686,145.946609,195.399811,-767.709961,0,0
0.120000,-2.691303,1.477527,2.621200,0.996603,-0.071687,0.040534,-0.046308,-0.080805,0.995654,-0.068100,-0.994149,-0.083850,0.735061,-0.040131,-0.009375,0.676747,0.002220,0.027986,-0.004636,0.003562,0.012652,-0.004642,-0.040534,-0.995654,0.083850,0.000000,0.000000,0.000000,-1,-0.039215,-0.980392,0.083679,-0.001134,-0.057262,-0.007175,147.173050,194.526703,-768.544922,0,0
0.160000,-2.696005,1.477769,2.627604,0.996745,-0.069970,0.040036,-0.045672,-0.080891,0.995676,-0.066429,-0.994264,-0.083823,0.735095,-0.039329,-0.008976,0.676763,-0.008432,0.047055,-0.014180,0.000821,0.015284,-0.000144,-0.040036,-0.995676,0.083823,0.000000,0.000000,0.000000,-1,-0.047272,-0.978821,0.082855,-0.009638,-0.060441,-0.006003,144.895370,196.098282,-769.045959,0,0
0.200000,-2.692291,1.478158,2.625006,0.996817,-0.068854,0.040179,-0.045690,-0.080435,0.995712,-0.065327,-0.994379,-0.083325,0.734945,-0.038963,-0.008554,0.676952,-0.010534,0.005728,0.000925,-0.007093,0.016891,-0.000469,-0.040179,-0.995712,0.083325,0.000000,0.000000,0.000000,-1,-0.044525,-0.985199,0.083328,-0.014928,-0.106006,0.010216,144.369751,194.526703,-768.544922,0,0
0.240000,-2.684491,1.478426,2.617229,0.996797,-0.068840,0.040710,-0.046181,-0.079846,0.995737,-0.065296,-0.994427,-0.082770,0.734747,-0.039136,-0.008366,0.677160,-0.010528,0.014209,0.000889,-0.003815,0.010538,0.000559,-0.040710,-0.995737,0.082770,0.000000,0.000000,0.000000,-1,-0.039902,-0.981125,0.080826,-0.007492,-0.061493,-0.000704,146.121811,195.225189,-769.212952,0,0
0.280000,-2.684531,1.478793,2.618843,0.996911,-0.067258,0.040545,-0.045869,-0.079604,0.995771,-0.063746,-0.994555,-0.082443,0.734670,-0.038496,-0.007895,0.677286,-0.004186,0.055597,-0.014226,0.002047,0.015500,0.001099,-0.040545,-0.995771,0.082443,0.000000,0.000000,0.000000,-1,-0.037903,-0.982498,0.080490,-0.004331,-0.045606,-0.011447,145.245789,194.701324,-769.379944,0,0
0.320000,-2.689831,1.479348,2.626063,0.997068,-0.065312,0.039866,-0.045021,-0.079452,0.995822,-0.061871,-0.994697,-0.082159,0.734622,-0.037547,-0.007489,0.677395,-0.007395,0.035451,-0.015165,0.001963,0.013323,-0.001669,-0.039866,-0.995822,0.082159,0.000000,0.000000,0.000000,-1,-0.046326,-0.976959,0.085770,-0.016025,-0.098601,-0.000442,145.946609,195.399811,-770.381958,0,0
0.360000,-2.688620,1.479846,2.625243,0.997099,-0.064908,0.039748,-0.044841,-0.078984,0.995867,-0.061500,-0.994761,-0.081665,0.734464,-0.037357,-0.007404,0.677579,-0.007377,-0.004819,-0.002217,-0.006577,0.018908,0.004105,-0.039748,-0.995867,0.081665,0.000000,0.000000,0.000000,-1,-0.038284,-0.981476,0.076828,0.005269,-0.104947,0.008925,146.997849,194.002853,-769.045959,0,0
0.400000,-2.686566,1.479465,2.623147,0.997082,-0.064967,0.040083,-0.045195,-0.079219,0.995832,-0.061521,-0.994738,-0.081925,0.734545,-0.037493,-0.007296,0.677484,-0.002043,0.012145,-0.001287,0.001799,0.014356,-0.005097,-0.040083,-0.995832,0.081925,0.000000,0.000000,0.000000,-1,-0.023941,-0.987442,0.078384,-0.007507,-0.075278,-0.001705,145.420990,194.875946,-768.544922,0,0
0.440000,-2.701528,1.480701,2.639857,0.997268,-0.063147,0.038328,-0.043272,-0.078884,0.995944,-0.059867,-0.994882,-0.081401,0.734431,-0.036225,-0.007332,0.677677,-0.006382,0.044021,-0.027950,0.014021,0.010043,-0.004054,-0.038328,-0.995944,0.081401,0.000000,0.000000,0.000000,-1,-0.032043,-0.976608,0.084534,-0.001188,-0.064703,-0.019906,145.420990,195.225189,-769.212952,0,0
0.480000,-2.712181,1.481226,2.651609,0.997381,-0.062007,0.037242,-0.042097,-0.078926,0.995991,-0.058819,-0.994950,-0.081330,0.734445,-0.035436,-0.007345,0.677703,0.009577,0.028127,-0.021675,0.005198,0.019383,0.003204,-0.037242,-0.995991,0.081330,0.000000,0.000000,0.000000,-1,-0.034424,-0.982025,0.077225,0.011590,-0.091192,-0.009290,145.070587,194.875946,-769.880981,0,0
0.520000,-2.719066,1.480995,2.658818,0.997419,-0.061674,0.036775,-0.041633,-0.079431,0.995971,-0.058505,-0.994931,-0.081794,0.734616,-0.035157,-0.007395,0.677531,0.004286,-0.003661,-0.008708,0.002351,0.013945,-0.004569,-0.036775,-0.995971,0.081794,0.000000,0.000000,0.000000,-1,-0.026627,-0.989914,0.074280,-0.000088,-0.111323,-0.000560,145.771408,195.225189,-768.878967,0,0
0.560000,-2.723644,1.481924,2.662813,0.997412,-0.062215,0.036025,-0.040889,-0.078775,0.996053,-0.059132,-0.994949,-0.081115,0.734388,-0.035099,-0.007866,0.677776,0.001110,-0.021672,-0.000086,0.009398,0.006140,-0.006836,-0.036025,-0.996053,0.081115,0.000000,0.000000,0.000000,-1,-0.029541,-0.983780,0.077820,-0.000071,-0.136754,0.009128,144.895370,195.050568,-770.047974,0,0
0.600000,-2.727377,1.482291,2.664936,0.997328,-0.063800,0.035574,-0.040554,-0.078537,0.996086,-0.060756,-0.994868,-0.080914,0.734299,-0.035528,-0.008573,0.677842,-0.003146,-0.058671,0.008664,0.006033,0.012306,-0.003095,-0.035574,-0.996086,0.080914,0.000000,0.000000,0.000000,-1,-0.034485,-0.982086,0.087036,-0.000067,-0.168549,0.016717,147.698669,196.447525,-768.043945,0,0
0.640000,-2.727124,1.481886,2.662028,0.997148,-0.066462,0.035757,-0.040968,-0.078777,0.996050,-0.063383,-0.994674,-0.081275,0.734370,-0.036572,-0.009404,0.677698,0.012798,-0.062912,0.008507,0.001379,0.014803,0.002816,-0.035757,-0.996050,0.081275,0.000000,0.000000,0.000000,-1,-0.031036,-0.983810,0.074371,0.019069,-0.157950,0.014331,145.771408,194.875946,-769.546997,0,0
0.680000,-2.732591,1.481330,2.664990,0.996986,-0.068962,0.035533,-0.040989,-0.079390,0.996001,-0.065866,-0.994455,-0.081977,0.734567,-0.037420,-0.010323,0.677425,0.009605,-0.043836,0.004199,0.003138,0.013167,-0.008369,-0.035533,-0.996001,0.081977,0.000000,0.000000,0.000000,-1,-0.035400,-0.983383,0.078293,-0.006442,-0.136750,0.011325,145.070587,195.574432,-768.544922,0,0
0.720000,-2.731049,1.481584,2.662260,0.996903,-0.070143,0.035558,-0.041089,-0.079053,0.996023,-0.067053,-0.994400,-0.081690,0.734446,-0.037862,-0.010721,0.677525,-0.007396,-0.040653,0.006500,0.000158,0.012640,-0.003397,-0.035558,-0.996023,0.081690,0.000000,0.000000,0.000000,-1,-0.041489,-0.979431,0.077744,0.005265,-0.146284,0.016558,146.121811,195.225189,-768.210938,0,0
0.760000,-2.726069,1.481091,2.655413,0.996747,-0.072032,0.036163,-0.041859,-0.079205,0.995979,-0.068878,-0.994253,-0.081962,0.734492,-0.038765,-0.011135,0.677418,0.012812,-0.051149,0.011679,-0.005326,0.016548,-0.004219,-0.036163,-0.995979,0.081962,0.000000,0.000000,0.000000,-1,-0.043060,-0.986938,0.071167,0.011630,-0.154769,0.014399,145.245789,194.002853,-769.045959,0,0
0.800000,-2.719893,1.480999,2.647149,0.996573,-0.074132,0.036706,-0.042556,-0.078937,0.995971,-0.070935,-0.994119,-0.081821,0.734393,-0.039722,-0.011652,0.677461,0.002125,-0.045871,-0.003116,-0.006354,0.009032,-0.010654,-0.036706,-0.995971,0.081821,0.000000,0.000000,0.000000,-1,-0.045441,-0.987366,0.078659,-0.016064,-0.117694,-0.006738,145.245789,196.098282,-769.045959,0,0
0.840000,-2.716340,1.481904,2.642904,0.996526,-0.074800,0.036624,-0.042459,-0.077963,0.996052,-0.071650,-0.994146,-0.080868,0.734057,-0.039935,-0.011929,0.677808,-0.013839,-0.005601,-0.014820,-0.008816,0.008686,-0.002209,-0.036624,-0.996052,0.080868,0.000000,0.000000,0.000000,-1,-0.059616,-0.975555,0.083282,-0.006514,-0.115581,-0.012171,145.245789,195.399811,-769.713989,0,0
0.880000,-2.710637,1.481772,2.636723,0.996469,-0.075294,0.037140,-0.043004,-0.077814,0.996040,-0.072106,-0.994121,-0.080777,0.734006,-0.040292,-0.011909,0.677842,0.001031,-0.015147,-0.017061,-0.022476,0.020485,0.002505,-0.037140,-0.996040,0.080778,0.000000,0.000000,0.000000,-1,-0.053299,-0.977737,0.082169,0.005185,-0.109220,-0.012329,144.895370,196.098282,-768.377930,0,0
0.920000,-2.709299,1.481024,2.636535,0.996538,-0.074176,0.037560,-0.043379,-0.078459,0.995973,-0.070930,-0.994154,-0.081405,0.734235,-0.040026,-0.011362,0.677620,-0.005364,0.059093,-0.037498,-0.012122,0.013750,-0.002792,-0.037560,-0.995973,0.081405,0.000000,0.000000,0.000000,-1,-0.050781,-0.982559,0.078064,-0.016109,-0.024442,-0.038006,144.194550,195.749054,-769.045959,0,0
0.960000,-2.711615,1.481781,2.641082,0.996722,-0.071923,0.037057,-0.042660,-0.077993,0.996041,-0.068748,-0.994356,-0.080806,0.734085,-0.039022,-0.010793,0.677850,-0.014940,0.069689,-0.041691,-0.013724,0.013482,-0.002742,-0.037057,-0.996041,0.080806,0.000000,0.000000,0.000000,-1,-0.049118,-0.974976,0.090057,0.001980,-0.035035,-0.031775,146.647430,194.701324,-769.045959,0,0
1.000000,-2.718835,1.481270,2.652124,0.997003,-0.068111,0.036681,-0.042035,-0.078909,0.995995,-0.064944,-0.994552,-0.081535,0.734412,-0.037495,-0.009621,0.677599,0.019097,0.093011,-0.043228,-0.016007,0.020776,0.004601,-0.036681,-0.995995,0.081535,0.000000,0.000000,0.000000,-1,-0.046494,-0.978958,0.080292,0.013665,-0.000062,-0.041635,146.822647,194.875946,-767.876953,0,0
1.040000,-2.724842,1.481299,2.661420,0.997241,-0.064816,0.036179,-0.041286,-0.079270,0.995998,-0.061689,-0.994744,-0.081728,0.734547,-0.036112,-0.008682,0.677540,0.004209,0.114207,-0.048474,-0.010314,0.017040,-0.001436,-0.036179,-0.995998,0.081728,0.000000,0.000000,0.000000,-1,-0.041733,-0.981033,0.081528,0.010490,0.008423,-0.039511,147.173050,195.225189,-769.880981,0,0
1.080000,-2.735757,1.481300,2.676735,0.997550,-0.060401,0.035285,-0.040067,-0.079893,0.995998,-0.057340,-0.994972,-0.082117,0.734772,-0.034184,-0.007504,0.677411,0.016978,0.101508,-0.045332,-0.006448,0.014965,-0.000590,-0.035285,-0.995998,0.082117,0.000000,0.000000,0.000000,-1,-0.042938,-0.986481,0.072876,0.012620,-0.002175,-0.036296,145.771408,194.177475,-767.542908,0,0
1.120000,-2.744722,1.482250,2.690747,0.997884,-0.055311,0.034182,-0.038532,-0.079595,0.996082,-0.052374,-0.995292,-0.081558,0.734683,-0.031933,-0.006190,0.677630,-0.010697,0.095136,-0.051377,-0.006300,0.013447,-0.012954,-0.034182,-0.996082,0.081558,0.000000,0.000000,0.000000,-1,-0.047119,-0.986069,0.085220,-0.015075,0.000984,-0.050897,145.596191,196.098282,-768.043945,0,0
1.160000,-2.750713,1.483100,2.699919,0.998084,-0.052096,0.033370,-0.037438,-0.079180,0.996157,-0.049253,-0.995498,-0.080978,0.734548,-0.030472,-0.005406,0.677851,-0.006457,0.104670,-0.056781,-0.013749,0.010088,0.004242,-0.033370,-0.996157,0.080978,0.000000,0.000000,0.000000,-1,-0.042557,-0.977112,0.084351,0.017898,0.005229,-0.048088,147.348251,196.098282,-769.713989,0,0
1.200000,-2.767611,1.482477,2.721626,0.998362,-0.047269,0.032223,-0.035964,-0.080540,0.996102,-0.044490,-0.995630,-0.082108,0.735019,-0.028310,-0.004172,0.677443,0.011637,0.059101,-0.042941,-0.009876,0.019097,-0.012833,-0.032223,-0.996102,0.082108,0.000000,0.000000,0.000000,-1,-0.040070,-0.981537,0.067993,-0.003364,-0.052004,-0.035895,146.997849,196.098282,-769.379944,0,0
1.240000,-2.768180,1.483805,2.724292,0.998478,-0.045136,0.031694,-0.035213,-0.079426,0.996219,-0.042448,-0.995818,-0.080895,0.734643,-0.027343,-0.003659,0.677893,-0.004256,0.098350,-0.037583,-0.008375,0.014682,-0.012902,-0.031694,-0.996219,0.080895,0.000000,0.000000,0.000000,-1,-0.054092,-0.988861,0.080063,0.011587,0.021155,-0.033198,147.173050,195.574432,-770.214966,0,0
1.280000,-2.766984,1.482444,2.728544,0.998688,-0.039738,0.032287,-0.035419,-0.080816,0.996100,-0.036974,-0.995937,-0.082118,0.735123,-0.025559,-0.001594,0.677450,0.052168,0.146074,-0.027774,-0.021806,0.007238,-0.002055,-0.032287,-0.996100,0.082118,0.000000,0.000000,0.000000,-1,-0.051636,-0.986511,0.080673,0.071186,0.063576,-0.025537,146.647430,194.701324,-768.711914,0,0
1.320000,-2.771894,1.479828,2.740103,0.998911,-0.033160,0.032825,-0.035500,-0.083619,0.995865,-0.030279,-0.995946,-0.084705,0.736076,-0.023320,0.000865,0.676496,0.080881,0.167275,-0.030307,-0.018811,0.009354,-0.004032,-0.032825,-0.995865,0.084705,0.000000,0.000000,0.000000,-1,-0.057983,-0.993027,0.080704,0.088203,0.056159,-0.022500,147.873871,195.574432,-767.876953,0,0
1.360000,-2.771582,1.476266,2.746332,0.999060,-0.026737,0.034134,-0.036344,-0.087111,0.995535,-0.023644,-0.995840,-0.088001,0.737254,-0.021391,0.003557,0.675268,0.117093,0.166242,-0.012609,-0.023850,0.002509,-0.007298,-0.034134,-0.995535,0.088001,0.000000,0.000000,0.000000,-1,-0.029221,-0.970917,0.073227,0.131910,0.081644,0.003496,148.049088,194.352081,-769.045959,0,0
1.400000,-2.777204,1.471024,2.760206,0.999196,-0.018643,0.035498,-0.037074,-0.092450,0.995027,-0.015268,-0.995543,-0.093067,0.739039,-0.018848,0.006843,0.673365,0.187370,0.222480,0.003417,0.006277,0.024110,-0.019840,-0.035498,-0.995027,0.093066,0.000000,0.000000,0.000000,-1,-0.035202,-0.878448,0.089142,0.228618,0.137803,-0.019098,146.822647,195.225189,-769.546997,0,0
1.440000,-2.823410,1.462975,2.818772,0.999413,-0.006361,0.033666,-0.034139,-0.102054,0.994193,-0.002888,-0.994759,-0.102211,0.742239,-0.013641,0.010366,0.669916,0.148590,0.247715,-0.135618,-0.015193,0.119376,-0.003837,-0.033666,-0.994193,0.102211,0.000000,0.000000,0.000000,-1,-0.117737,-0.906845,0.120697,0.101533,0.131214,-0.168715,146.297028,193.653610,-767.709961,0,0
1.480000,-2.873549,1.462486,2.875609,0.999590,0.000563,0.028629,-0.028415,-0.104297,0.994140,0.003545,-0.994546,-0.104239,0.742988,-0.009372,0.010826,0.669151,0.036603,0.180799,-0.215987,-0.089107,0.087295,0.016458,-0.028629,-0.994140,0.104239,0.000000,0.000000,0.000000,-1,-0.217957,-1.038284,0.114288,0.032215,0.053757,-0.209086,147.523468,194.177475,-768.210938,0,0
1.520000,-2.909350,1.460153,2.916817,0.999658,0.006096,0.025414,-0.024611,-0.107641,0.993885,0.008794,-0.994171,-0.107454,0.744102,-0.006221,0.011493,0.667938,0.159217,0.078130,-0.103039,-0.192543,-0.044399,0.006835,-0.025414,-0.993885,0.107454,0.000000,0.000000,0.000000,-1,-0.142609,-1.068771,0.035950,0.265872,-0.051899,0.031343,147.698669,195.050568,-767.375916,0,0
1.560000,-2.907322,1.447951,2.917270,0.999561,0.008243,0.028445,-0.027258,-0.119466,0.992464,0.011579,-0.992804,-0.119189,0.748034,-0.006355,0.013376,0.663496,0.188793,0.030816,0.136220,-0.028974,-0.041227,-0.103320,-0.028445,-0.992464,0.119189,0.000000,0.000000,0.000000,-1,0.007782,-0.973465,0.018600,0.117383,-0.086735,0.133126,148.224289,194.875946,-766.206909,0,0
1.600000,-2.885943,1.445779,2.896130,0.999469,0.008273,0.031531,-0.030301,-0.120955,0.992195,0.012022,-0.992624,-0.120640,0.748509,-0.007357,0.014547,0.662924,-0.068804,0.016909,0.057216,0.055747,0.043434,-0.095722,-0.031531,-0.992195,0.120640,0.000000,0.000000,0.000000,-1,0.013885,-0.928009,0.068695,-0.164778,-0.074189,0.019170,147.698669,194.701324,-768.043945,0,0
1.640000,-2.871672,1.455541,2.883142,0.999482,0.009760,0.030665,-0.029392,-0.111181,0.993365,0.013104,-0.993752,-0.110836,0.745235,-0.006586,0.014683,0.666608,-0.331880,0.033674,-0.071861,0.037318,0.051532,-0.026592,-0.030665,-0.993365,0.110836,0.000000,0.000000,0.000000,-1,-0.020920,-0.929794,0.127167,-0.310730,-0.131544,-0.048104,147.698669,194.002853,-767.709961,0,0
1.680000,-2.848027,1.468001,2.856608,0.999534,0.007115,0.029693,-0.028849,-0.098476,0.994721,0.010002,-0.995114,-0.098225,0.740985,-0.007333,0.013393,0.671348,0.009826,-0.124074,0.074005,-0.003937,0.027314,0.080044,-0.029693,-0.994721,0.098225,0.000000,0.000000,0.000000,-1,-0.030991,-0.954468,0.199509,0.103347,-0.276541,0.114991,148.749908,194.002853,-769.379944,0,0
1.720000,-2.842663,1.466914,2.849540,0.999519,0.005356,0.030538,-0.029856,-0.099304,0.994609,0.008360,-0.995043,-0.099097,0.741269,-0.008263,0.013119,0.671029,0.103482,-0.175969,0.110437,-0.000453,0.040141,0.100412,-0.030538,-0.994609,0.099097,0.000000,0.000000,0.000000,-1,0.005188,-0.930206,0.233459,0.218429,-0.228741,0.174138,147.348251,192.605881,-769.045959,0,0
1.760000,-2.817896,1.453697,2.818522,0.999308,-0.001439,0.037161,-0.037092,-0.110788,0.993152,0.002688,-0.993843,-0.110765,0.745128,-0.012928,0.013370,0.666663,0.278904,-0.116614,0.097599,0.072409,0.042926,0.133056,-0.037161,-0.993152,0.110765,0.000000,0.000000,0.000000,-1,0.047943,-0.977524,0.265381,0.296354,-0.287333,-0.013671,148.224289,194.177475,-767.208923,0,0
1.800000,-2.862437,1.441731,2.856484,0.999338,-0.008152,0.035464,-0.036200,-0.123511,0.991683,-0.003704,-0.992310,-0.123725,0.749429,-0.014795,0.010595,0.661835,0.401478,-0.167789,-0.092863,0.077121,0.018492,0.140176,-0.035464,-0.991683,0.123725,0.000000,0.000000,0.000000,-1,0.039200,-0.976425,0.284515,0.458617,-0.288551,-0.120762,148.925110,194.875946,-766.206909,0,0
1.840000,-2.956189,1.420414,2.938567,0.999425,-0.019658,0.027618,-0.030208,-0.146739,0.988714,-0.015384,-0.988980,-0.147248,0.757201,-0.016464,0.004039,0.652962,0.515980,-0.429709,-0.124854,0.078597,0.033758,0.156966,-0.027618,-0.988714,0.147248,0.000000,0.000000,0.000000,-1,0.059067,-0.985901,0.341644,0.571986,-0.679804,-0.144711,148.574707,191.034302,-765.538879,0,0
1.880000,-3.049095,1.395971,3.008339,0.998983,-0.042140,0.016066,-0.023109,-0.172394,0.984757,-0.038728,-0.984126,-0.173192,0.765599,-0.021307,-0.007400,0.642922,0.723781,-0.453256,-0.274895,0.060713,-0.069839,0.168833,-0.016066,-0.984757,0.173192,0.000000,0.000000,0.000000,-1,0.023285,-1.087067,0.241608,0.723338,-0.246581,-0.415327,147.698669,191.907410,-765.037903,0,0
1.920000,-3.125499,1.375114,3.080097,0.998951,-0.045693,0.003129,-0.011950,-0.194069,0.980915,-0.044214,-0.979923,-0.194411,0.772566,-0.018653,-0.013295,0.634522,0.682788,-0.133409,-0.498204,0.005830,-0.095165,-0.003462,-0.003129,-0.980915,0.194411,0.000000,0.000000,0.000000,-1,0.003860,-0.997787,-0.000687,0.000139,-1.286860,-0.548391,148.925110,193.478989,-764.202881,0,0
1.960000,3.049704,1.369744,-3.119660,0.997514,-0.068051,-0.018324,0.004380,-0.199652,0.979857,-0.070339,-0.977501,-0.198858,0.773955,-0.020567,-0.028640,0.632259,-0.239106,-1.324148,-0.568830,-0.014464,-0.017930,-0.199544,0.018324,-0.979857,0.198858,0.000000,0.000000,0.000000,-1,-0.022568,-0.919571,0.329010,-0.300275,-0.346561,-0.617401,151.553207,192.256653,-763.701904,0,0
2.000000,2.871996,1.378378,-2.961987,0.995075,-0.085033,-0.050934,0.034162,-0.188157,0.981545,-0.093047,-0.978451,-0.184326,0.769344,-0.016531,-0.046787,0.636905,-0.259588,-0.668828,-0.494974,-0.086212,0.082634,0.054978,0.050934,-0.981545,0.184326,0.000000,0.000000,0.000000,-1,-0.003052,-0.900192,0.254028,-0.309517,-0.873194,-0.422390,151.377991,192.082031,-765.538879,0,0
2.040000,2.703033,1.385893,-2.821605,0.990702,-0.111423,-0.078070,0.057831,-0.174519,0.982954,-0.123148,-0.978329,-0.166453,0.763491,-0.017548,-0.065888,0.642209,-0.364488,-0.384640,-0.458934,-0.059973,0.073835,0.073355,0.078070,-0.982954,0.166453,0.000000,0.000000,0.000000,-1,0.011612,-0.925674,0.238068,-0.383821,-0.439655,-0.479904,152.429230,193.129745,-765.872925,0,0
2.080000,2.551665,1.390461,-2.681758,0.987546,-0.121642,-0.099778,0.079600,-0.160729,0.983783,-0.135706,-0.979474,-0.149045,0.757846,-0.013869,-0.077682,0.647644,-0.446539,-0.403795,-0.504747,-0.084275,0.022892,0.054065,0.099778,-0.983784,0.149045,0.000000,0.000000,0.000000,-1,0.032028,-0.973083,0.224106,-0.452017,-0.544645,-0.498889,153.305267,193.304367,-767.709961,0,0
2.120000,2.427814,1.391890,-2.569558,0.984314,-0.132484,-0.116505,0.096334,-0.149623,0.984039,-0.147801,-0.979827,-0.134514,0.753069,-0.012001,-0.087743,0.651954,-0.435923,-0.454676,-0.498252,-0.083439,0.018493,0.097374,0.116505,-0.984039,0.134514,0.000000,0.000000,0.000000,-1,0.030792,-0.929718,0.249619,-0.446547,-0.546704,-0.457455,152.954849,193.653610,-767.375916,0,0
2.160000,2.202477,1.390161,-2.366667,0.977364,-0.154071,-0.144988,0.125698,-0.128359,0.983730,-0.170175,-0.979687,-0.106087,0.743608,-0.009539,-0.105957,0.660098,-0.471642,-0.418430,-0.396912,-0.099914,0.043651,0.179207,0.144988,-0.983730,0.106087,0.000000,0.000000,0.000000,-1,0.065262,-0.950256,0.299622,-0.468565,-0.572017,-0.369874,154.356491,193.653610,-768.043945,0,0
2.200000,2.088251,1.388585,-2.266428,0.973124,-0.168016,-0.157482,0.139102,-0.116129,0.983445,-0.183523,-0.978920,-0.089637,0.738053,-0.009794,-0.115508,0.664710,-0.489841,-0.627278,-0.387259,-0.042919,-0.004897,0.207727,0.157482,-0.983445,0.089637,0.000000,0.000000,0.000000,-1,0.159286,-1.038620,0.308212,-0.460627,-0.980300,-0.437260,155.057327,193.653610,-767.375916,0,0
2.240000,1.914670,1.378860,-2.129780,0.962296,-0.204287,-0.179592,0.161725,-0.101165,0.981637,-0.218704,-0.973670,-0.064312,0.729344,-0.014589,-0.136525,0.670227,-0.470665,-1.073900,-0.568414,-0.007565,-0.039604,0.277134,0.179592,-0.981637,0.064312,0.000000,0.000000,0.000000,-1,0.127533,-1.044235,0.352356,-0.417638,-1.251871,-0.541816,155.933350,196.622147,-769.880981,0,0
2.280000,1.761759,1.363184,-2.020060,0.947834,-0.246282,-0.202377,0.185670,-0.089520,0.977859,-0.268943,-0.962579,-0.033340,0.718427,-0.023085,-0.165478,0.675239,-0.341306,-1.105410,-0.371846,-0.165270,-0.054062,0.334671,0.206591,-0.977859,0.033340,0.000000,0.000000,0.000000,-1,0.015823,-1.012665,0.412170,-0.243142,-1.125262,-0.248598,155.582947,194.875946,-771.216980,0,0
2.320000,1.676700,1.356212,-1.973326,0.935345,-0.283361,-0.211748,0.195921,-0.083419,0.977065,-0.294526,-0.955378,-0.022509,0.714366,-0.030600,-0.177176,0.676280,-0.051531,-0.807976,0.007620,-0.224413,0.012664,0.403410,0.211748,-0.977065,0.022509,0.000000,0.000000,0.000000,-1,-0.061981,-0.924927,0.396942,0.047653,-0.837384,0.121327,157.685410,194.177475,-771.551025,0,0
2.360000,1.692288,1.363584,-2.016563,0.928723,-0.309467,-0.204216,0.185629,-0.088702,0.978608,-0.320961,-0.946764,-0.024933,0.714555,-0.043327,-0.183743,0.673626,0.431491,-0.514880,0.321152,-0.302651,0.123857,0.398055,0.204216,-0.978608,0.024933,0.000000,0.000000,0.000000,-1,-0.129761,-0.847000,0.394119,0.734979,-0.102242,0.390191,154.882111,194.526703,-769.212952,0,0
2.400000,1.862506,1.373585,-2.184304,0.933489,-0.305585,-0.187658,0.160203,-0.112808,0.980617,-0.320831,-0.945459,-0.056349,0.725025,-0.050130,-0.175335,0.664141,1.058518,0.840414,0.543206,-0.299093,0.062526,0.281252,0.187658,-0.980617,0.056349,0.000000,0.000000,0.000000,-1,-0.058182,-0.987244,0.319351,1.261329,1.096318,0.731071,154.356491,195.050568,-769.045959,0,0
2.440000,2.279661,1.385436,-2.539161,0.959150,-0.245883,-0.139903,0.104434,-0.151856,0.982870,-0.262916,-0.957330,-0.119975,0.746823,-0.047350,-0.134844,0.649484,1.370684,2.297603,1.551167,-0.141383,-0.143320,0.089818,0.139903,-0.982870,0.119975,0.000000,0.000000,0.000000,-1,-0.048615,-1.215561,0.072052,1.296083,2.111562,1.850455,152.954849,192.256653,-765.705933,0,0
2.480000,2.866702,1.395903,-3.059467,0.981139,-0.187447,-0.047232,0.014274,-0.173416,0.984745,-0.192778,-0.966846,-0.167470,0.761910,-0.056822,-0.078753,0.640362,0.630852,1.368977,2.345345,-0.035070,-0.187206,-0.077046,0.047232,-0.984745,0.167470,0.000000,0.000000,0.000000,-1,0.133072,-1.290222,0.129562,0.430903,0.053985,2.055428,147.173050,192.780502,-765.538879,0,0
2.520000,-3.022594,1.374137,2.825085,0.979846,-0.198402,0.023197,-0.060816,-0.185689,0.980725,-0.190270,-0.962370,-0.194012,0.768041,-0.084376,-0.054383,0.632484,1.247819,-0.803445,0.895311,0.354664,-0.490406,0.021091,-0.023197,-0.980725,0.194012,0.000000,0.000000,0.000000,-1,0.362244,-1.519989,0.211243,1.870865,-0.547210,0.591359,146.647430,192.605881,-763.033875,0,0
2.560000,-2.987795,1.282425,2.801846,0.980653,-0.190844,0.043566,-0.094773,-0.268135,0.958708,-0.171282,-0.944289,-0.281034,0.795271,-0.089786,-0.040148,0.598223,2.491244,1.104805,0.089033,-0.063245,-0.347612,-0.353483,-0.043566,-0.958708,0.281034,0.000000,0.000000,0.000000,-1,-0.365891,-1.218246,-0.218842,2.256135,1.009502,0.095032,145.420990,191.732788,-758.858826,0,0
2.600000,-2.918090,1.216460,2.793808,0.987594,-0.136907,0.076904,-0.118252,-0.326195,0.937877,-0.103316,-0.935336,-0.338338,0.814268,-0.078340,-0.008109,0.575122,0.650407,2.104271,0.606887,-0.149719,-0.183507,-0.361027,-0.076904,-0.937877,0.338338,0.000000,0.000000,0.000000,-1,0.012360,-1.015228,0.084824,-0.110839,1.634874,0.725681,141.916870,191.732788,-755.184753,0,0
2.640000,-2.780898,1.208365,2.709708,0.987870,-0.091951,0.125129,-0.148408,-0.321994,0.935037,-0.045687,-0.942266,-0.331735,0.812650,-0.073943,0.024439,0.577525,-0.109781,0.487927,0.934230,0.120734,0.022791,-0.103539,-0.125129,-0.935037,0.331735,0.000000,0.000000,0.000000,-1,-0.090607,-0.698471,0.491013,0.121887,0.059845,1.019556,141.741669,189.811966,-756.019775,0,0
2.680000,-2.685805,1.172812,2.613846,0.980088,-0.101618,0.170593,-0.195171,-0.334831,0.921844,-0.036556,-0.936783,-0.347997,0.815922,-0.090937,0.041069,0.569486,0.909494,0.109864,1.211906,0.227706,0.418960,0.052424,-0.170593,-0.921844,0.347997,0.000000,0.000000,0.000000,-1,0.131210,-0.486588,0.151932,1.077504,-0.109792,1.006597,138.587952,190.510452,-754.683716,0,0
2.720000,-2.671145,1.122265,2.592367,0.973493,-0.116939,0.196564,-0.226373,-0.369867,0.901085,-0.032670,-0.921696,-0.386534,0.826119,-0.103893,0.049598,0.551609,0.839427,-0.253853,0.464399,0.231156,0.280723,-0.367552,-0.196564,-0.901085,0.386534,0.000000,0.000000,0.000000,-1,0.003983,-0.708328,0.179932,0.490022,0.108500,0.233446,138.237549,191.907410,-751.677734,0,0
2.760000,-2.668838,1.101829,2.598234,0.972092,-0.112626,0.205798,-0.233673,-0.386872,0.892035,-0.020849,-0.915230,-0.402393,0.830867,-0.104198,0.055650,0.543789,0.308436,0.401595,-0.077330,0.182315,0.193564,-0.097660,-0.205798,-0.892035,0.402393,0.000000,0.000000,0.000000,-1,-0.108597,-0.669846,0.345917,0.253571,0.282782,-0.198731,137.536728,190.510452,-752.011719,0,0
2.800000,-2.689393,1.100176,2.632494,0.975230,-0.098346,0.198128,-0.221002,-0.395936,0.891287,-0.009209,-0.912997,-0.407863,0.833521,-0.095783,0.056663,0.541163,0.135396,0.075459,-0.507948,0.038964,0.277701,-0.006969,-0.198128,-0.891287,0.407863,0.000000,0.000000,0.000000,-1,-0.229980,-0.585449,0.448349,0.031774,-0.034815,-0.591620,140.340012,191.907410,-750.341675,0,1
2.840000,-2.726914,1.116208,2.679506,0.980635,-0.084017,0.176909,-0.195755,-0.393042,0.898442,-0.005952,-0.915674,-0.401878,0.833000,-0.083965,0.051308,0.544453,-0.384135,0.151481,-0.709990,-0.254183,0.344243,0.054543,-0.176909,-0.898442,0.401878,0.000000,0.000000,0.000000,-1,-0.632187,-0.650299,0.454514,-0.608631,-0.107046,-0.675715,140.865631,190.335831,-750.842712,0,0
2.880000,-2.747611,1.151052,2.704358,0.984955,-0.073427,0.156437,-0.172562,-0.369190,0.913193,-0.009298,-0.926449,-0.376306,0.826204,-0.074433,0.044522,0.556655,-0.410192,0.108024,0.004248,-0.746990,-0.061859,0.228385,-0.156437,-0.913193,0.376306,0.000000,0.000000,0.000000,-1,-0.911591,-1.086060,0.672623,-0.083050,0.210232,0.207392,139.639191,191.558167,-751.009705,0,0
2.920000,-2.734693,1.142442,2.698476,0.984013,-0.068513,0.164390,-0.178095,-0.375257,0.909651,-0.000634,-0.924385,-0.381460,0.827758,-0.074481,0.049458,0.553917,0.712965,0.182410,0.106415,-0.009087,-0.114214,0.182948,-0.164390,-0.909651,0.381460,0.000000,0.000000,0.000000,-1,-0.047943,-0.937286,0.529449,0.878074,0.308396,-0.092976,140.164810,188.589630,-750.842712,0,0
2.960000,-2.746245,1.127941,2.735878,0.985283,-0.044504,0.165036,-0.169127,-0.393734,0.903532,0.024769,-0.918147,-0.395466,0.832839,-0.064127,0.056975,0.546828,0.199564,1.241481,-0.646882,0.049161,0.080656,0.069897,-0.165036,-0.903532,0.395466,0.000000,0.000000,0.000000,-1,-0.371765,-0.836166,0.391937,-0.832014,1.560102,-1.048824,142.267288,190.685074,-751.510681,0,0
3.000000,-2.741020,1.193483,2.824803,0.987947,0.057620,0.143665,-0.114771,-0.350092,0.929658,0.103863,-0.934941,-0.339259,0.818123,-0.017464,0.075639,0.569780,-1.281936,1.961130,-1.492221,-0.182796,-0.758346,-0.078731,-0.143665,-0.929658,0.339259,0.000000,0.000000,0.000000,-1,-0.140945,-2.123337,0.040604,-1.052042,1.513484,-1.025977,143.143311,188.415009,-753.347717,0,0
3.040000,-2.637971,1.221275,2.767076,0.981003,0.101589,0.165266,-0.125276,-0.318712,0.939537,0.148119,-0.942392,-0.299930,0.806171,-0.007345,0.097183,0.583601,-0.773919,0.602940,1.286740,0.221906,-0.318108,-0.287937,-0.165266,-0.939537,0.299930,0.000000,0.000000,0.000000,-1,0.225311,-0.782532,0.053223,-0.974707,-0.060758,1.205573,139.463989,188.938873,-756.520752,0,0
3.080000,-2.524952,1.230153,2.637807,0.977598,0.083515,0.193205,-0.161282,-0.292586,0.942540,0.135245,-0.952585,-0.272562,0.797299,-0.024384,0.102989,0.594233,-1.069098,-0.771798,0.821780,0.422957,0.244466,-0.174066,-0.193205,-0.942540,0.272562,0.000000,0.000000,0.000000,-1,0.111252,-0.730988,0.107071,-0.747859,-1.139566,0.115503,140.690430,188.415009,-758.357788,0,0
3.120000,-2.498767,1.256687,2.560221,0.982005,0.036904,0.185215,-0.169677,-0.258209,0.951072,0.082922,-0.965384,-0.247301,0.788593,-0.042092,0.085005,0.607555,-0.615378,-0.726536,-0.105669,0.220829,-0.119012,-0.096468,-0.185215,-0.951072,0.247301,0.000000,0.000000,0.000000,-1,0.207825,-1.524796,0.191849,-0.746727,-0.444254,-0.008911,140.865631,188.589630,-759.192810,0,0
3.160000,-2.419624,1.287715,2.461912,0.982574,0.021818,0.184589,-0.175562,-0.217244,0.960199,0.061050,-0.975873,-0.209628,0.776119,-0.049523,0.079124,0.623639,-1.411208,-0.974334,0.072332,0.507191,-0.547552,-0.056842,-0.184589,-0.960199,0.209628,0.000000,0.000000,0.000000,-1,0.466705,-1.138748,0.111206,-1.308546,-2.068617,-0.081549,138.938370,189.113495,-761.029846,0,0
3.200000,-2.429842,1.312602,2.390945,0.984476,-0.054719,0.166775,-0.174167,-0.186713,0.966853,-0.021766,-0.980889,-0.193344,0.768852,-0.074424,0.047151,0.633328,-0.566280,-3.557170,-0.043398,0.619198,-0.013433,-0.046051,-0.166775,-0.966853,0.193344,0.000000,0.000000,0.000000,-1,0.151077,-0.800613,0.559830,0.178287,-2.981800,-0.324643,140.340012,188.415009,-763.701904,0,0
3.240000,-2.592498,1.333412,2.458242,0.981760,-0.145203,0.122734,-0.148480,-0.182359,0.971956,-0.118749,-0.972451,-0.200592,0.768881,-0.095490,0.001296,0.632220,-0.725919,0.256224,-0.869417,0.252922,0.234026,0.350464,-0.122734,-0.971956,0.200592,0.000000,0.000000,0.000000,-1,0.164566,-0.725800,0.383621,-0.790412,0.478651,-1.073122,140.340012,189.462723,-763.701904,0,0
3.280000,-2.737775,1.367051,2.631501,0.990390,-0.113167,0.079505,-0.098793,-0.176581,0.979316,-0.096787,-0.977759,-0.186064,0.766980,-0.069089,-0.005633,0.637915,0.403820,0.804669,-1.376845,0.065269,0.156363,0.280687,-0.079505,-0.979316,0.186064,0.000000,0.000000,0.000000,-1,-0.048294,-0.880936,0.309586,0.774886,0.744403,-1.330910,145.070587,189.637344,-762.532837,0,0
3.320000,-2.936516,1.352352,2.854672,0.995283,-0.086395,0.044132,-0.061329,-0.207852,0.976236,-0.075169,-0.974337,-0.212170,0.777063,-0.047526,-0.009985,0.627547,1.149995,0.383836,-1.337431,-0.004163,0.095300,0.097415,-0.044132,-0.976236,0.212170,0.000000,0.000000,0.000000,-1,-0.014572,-0.910126,-0.737091,1.023921,0.338571,-1.180776,146.297028,189.811966,-759.359802,0,0
3.360000,3.040916,1.350283,3.092925,0.988987,-0.146359,-0.021984,-0.010641,-0.218472,0.975785,-0.147618,-0.964805,-0.217623,0.778634,-0.050409,-0.054455,0.623075,-1.177051,-3.239215,-0.810375,0.011738,0.194093,-0.198046,0.021984,-0.975785,0.217623,0.000000,0.000000,0.000000,-1,-0.001617,-0.807419,0.486893,-1.134150,-2.128170,-0.909711,148.049088,189.462723,-761.697876,0,0
3.400000,2.778126,1.377770,-2.975904,0.979417,-0.189978,-0.068199,0.031639,-0.189203,0.981428,-0.199354,-0.963385,-0.179298,0.766146,-0.051668,-0.087305,0.634609,-0.715176,-1.071136,-0.850780,-0.119163,0.147932,0.126625,0.068199,-0.981428,0.179298,0.000000,0.000000,0.000000,-1,-0.119110,-0.954422,0.257858,-0.686424,-1.344431,-0.753307,150.326767,188.938873,-763.534851,0,0
3.440000,2.584912,1.385855,-2.817517,0.970200,-0.221972,-0.097161,0.058556,-0.174317,0.982947,-0.235123,-0.959345,-0.156124,0.758393,-0.053869,-0.109536,0.640265,-0.645781,-1.272398,-0.732564,-0.216272,0.028525,0.101734,0.097161,-0.982947,0.156124,0.000000,0.000000,0.000000,-1,-0.137039,-0.990158,0.316422,-0.536430,-1.565910,-0.684819,151.553207,190.161209,-764.369873,0,0
3.480000,2.281882,1.384351,-2.583292,0.947963,-0.285730,-0.140444,0.098197,-0.157220,0.982669,-0.302859,-0.945325,-0.120981,0.746017,-0.062845,-0.148557,0.646096,-0.522111,-1.464100,-0.602224,-0.284914,0.018344,0.195303,0.140444,-0.982669,0.120981,0.000000,0.000000,0.000000,-1,-0.145172,-0.851013,0.467758,-0.537883,-1.473431,-0.524599,153.480469,190.685074,-766.874939,0,0
3.520000,2.093291,1.382308,-2.440576,0.930401,-0.328617,-0.162375,0.120856,-0.143189,0.982288,-0.346047,-0.933546,-0.093508,0.736053,-0.070566,-0.172685,0.650712,-0.502535,-0.986552,-0.300372,-0.287893,0.167988,0.399793,0.162375,-0.982289,0.093508,0.000000,0.000000,0.000000,-1,0.089264,-0.873642,0.599609,-0.469764,-1.070218,-0.303789,153.305267,190.859680,-768.711914,0,0
3.560000,1.980017,1.378924,-2.356582,0.918033,-0.355819,-0.174952,0.134791,-0.134896,0.981649,-0.372890,-0.924768,-0.075877,0.729521,-0.075744,-0.187740,0.653311,-0.331808,-1.158428,-0.383384,-0.085688,0.108007,0.523732,0.174952,-0.981649,0.075877,0.000000,0.000000,0.000000,-1,0.012146,-1.015518,0.570923,-0.026791,-0.967550,-0.424016,152.954849,191.907410,-768.711914,0,1
3.600000,1.979079,1.359450,-2.382863,0.905531,-0.378081,-0.192534,0.144326,-0.152237,0.977749,-0.398979,-0.913170,-0.083288,0.731617,-0.079876,-0.202125,0.646143,0.890798,0.076128,-0.083316,-0.352812,0.023892,0.362436,0.192534,-0.977749,0.083288,0.000000,0.000000,0.000000,-1,-0.186386,-0.734802,0.350342,1.098786,-0.024150,0.144365,153.480469,192.780502,-767.208923,0,0
3.640000,2.233371,1.350850,-2.619315,0.916969,-0.359972,-0.172014,0.108839,-0.189091,0.975909,-0.383826,-0.913600,-0.134212,0.748377,-0.083893,-0.185682,0.631202,1.283553,1.414526,0.892381,-0.426362,0.022586,0.142384,0.172014,-0.975909,0.134212,0.000000,0.000000,0.000000,-1,-0.184204,-1.105331,0.173355,1.156891,1.741903,1.382431,151.202789,190.859680,-765.371887,0,0
3.680000,2.562174,1.363820,-2.894102,0.942553,-0.314537,-0.112520,0.050342,-0.199240,0.978657,-0.330242,-0.928100,-0.171960,0.760551,-0.086843,-0.145540,0.626768,0.784167,2.204261,2.228223,-0.248552,-0.336697,-0.106088,0.112520,-0.978657,0.171960,0.000000,0.000000,0.000000,-1,0.033905,-1.519745,0.094864,0.794822,1.217025,2.749286,149.450729,190.161209,-761.029846,0,0
3.720000,-2.971440,1.365203,2.672259,0.953965,-0.297918,0.034569,-0.092334,-0.182073,0.978940,-0.285350,-0.937067,-0.201200,0.764401,-0.127633,-0.082019,0.626636,-0.049844,-0.017673,3.122883,0.231957,-0.595080,-0.014554,-0.034569,-0.978940,0.201200,0.000000,0.000000,0.000000,-1,0.711670,-1.777390,0.170380,-0.166007,-0.468519,2.887683,141.391251,189.811966,-763.701904,0,0
3.760000,-2.726738,1.324825,2.388687,0.935108,-0.340501,0.098144,-0.166495,-0.177682,0.969901,-0.312814,-0.923303,-0.222844,0.764139,-0.165872,-0.070233,0.619391,1.535918,-0.997194,0.359051,0.903884,-0.582238,-0.011540,-0.098144,-0.969901,0.222844,0.000000,0.000000,0.000000,-1,0.390564,-1.112930,0.296127,2.168458,-0.254507,-0.061046,140.340012,190.161209,-762.365845,0,0
3.800000,-2.829614,1.260189,2.518850,0.943533,-0.317717,0.093813,-0.178267,-0.248263,0.952148,-0.279223,-0.915107,-0.290883,0.787826,-0.157390,-0.058836,0.592534,2.791772,2.218822,-0.803228,0.206789,-0.218827,-0.051091,-0.093813,-0.952148,0.290883,0.000000,0.000000,0.000000,-1,-0.676895,-1.045837,-0.900467,2.919681,4.121593,-1.077270,142.092072,188.764252,-757.355774,0,0
3.840000,-2.869340,1.157100,2.715453,0.978806,-0.173936,0.108097,-0.166169,-0.366045,0.915641,-0.119695,-0.914198,-0.387190,0.826444,-0.102882,-0.003508,0.553528,0.228688,1.295930,0.299288,-0.552272,0.121498,-0.511396,-0.108097,-0.915641,0.387190,0.000000,0.000000,0.000000,-1,-0.353073,-0.639023,0.083603,-0.367927,1.228589,0.579300,141.566467,189.637344,-753.848755,0,0
3.880000,-2.776666,1.168929,2.649511,0.978494,-0.151871,0.139589,-0.184797,-0.344729,0.920332,-0.091651,-0.926335,-0.365381,0.819848,-0.102662,0.014618,0.563113,-1.044187,0.657548,0.929964,0.057299,0.294493,-0.167902,-0.139589,-0.920332,0.365381,0.000000,0.000000,0.000000,-1,0.235611,-0.544540,0.593597,-0.903922,0.180718,1.036699,140.164810,191.732788,-756.186768,0,0
3.920000,-2.692309,1.174112,2.563112,0.973226,-0.157076,0.167805,-0.211244,-0.323499,0.922347,-0.090594,-0.933100,-0.348019,0.813133,-0.113241,0.023739,0.570462,-0.108422,0.003256,0.825804,0.403416,0.377807,0.245579,-0.167805,-0.922347,0.348019,0.000000,0.000000,0.000000,-1,0.314346,-0.477875,0.360977,0.792738,0.171348,0.426613,140.515228,191.034302,-755.852783,0,0
3.960000,-2.686497,1.124391,2.576306,0.970862,-0.146341,0.189764,-0.231257,-0.364564,0.902005,-0.062819,-0.919607,-0.387784,0.825108,-0.114409,0.038463,0.551932,1.466622,0.482325,0.005303,0.502844,0.409497,-0.198850,-0.189764,-0.902005,0.387784,0.000000,0.000000,0.000000,-1,-0.019699,-0.767456,0.063583,1.400706,0.231913,-0.197317,139.989609,190.859680,-752.679688,0,0
4.000000,-2.732709,1.093744,2.641311,0.974534,-0.130220,0.182556,-0.220248,-0.402891,0.888352,-0.042132,-0.905937,-0.421311,0.836471,-0.104746,0.041969,0.536268,0.373715,0.314009,-0.515878,0.094375,0.121766,-0.279099,-0.182556,-0.888352,0.421311,0.000000,0.000000,0.000000,-1,-0.195007,-0.708618,0.311676,-0.021258,0.237626,-0.613540,139.113571,191.383545,-752.178711,0,0
4.040000,-2.754751,1.109090,2.677307,0.979314,-0.112688,0.168063,-0.199477,-0.398319,0.895294,-0.033946,-0.910298,-0.412558,0.835193,-0.093441,0.040145,0.540471,-0.657661,0.343205,-0.830140,-0.026945,0.186675,-0.100882,-0.168063,-0.895294,0.412558,0.000000,0.000000,0.000000,-1,-0.564697,-0.743393,0.442261,-1.227167,0.459650,-1.012909,142.442490,191.558167,-754.349731,0,1
4.080000,-2.769357,1.188399,2.723095,0.988255,-0.070248,0.135713,-0.151642,-0.340944,0.927773,-0.018904,-0.937455,-0.347592,0.818045,-0.067811,0.035698,0.570026,-1.609655,0.474860,-0.693658,-0.510314,0.097634,0.080280,-0.135713,-0.927773,0.347592,0.000000,0.000000,0.000000,-1,-0.922562,-1.286148,0.559357,-1.021045,-0.154493,0.209803,143.493729,190.161209,-756.353760,0,0
4.120000,-2.708322,1.212558,2.655783,0.986175,-0.076085,0.147207,-0.163716,-0.310057,0.936516,-0.025612,-0.947669,-0.318227,0.808464,-0.074153,0.037601,0.582643,0.195204,-0.285844,1.050334,-0.785380,-0.409554,0.332606,-0.147207,-0.936516,0.318227,0.000000,0.000000,0.000000,-1,-0.028320,-0.946518,0.671875,1.221529,-0.512139,0.654735,142.968109,192.082031,-756.854797,0,0
4.160000,-2.701722,1.175066,2.639401,0.982218,-0.091126,0.164147,-0.185551,-0.337887,0.922715,-0.028621,-0.936765,-0.348787,0.816837,-0.084679,0.041479,0.569110,1.329133,-0.016173,0.583476,0.135827,-0.023803,0.323088,-0.164147,-0.922715,0.348787,0.000000,0.000000,0.000000,-1,-0.192825,-1.138641,0.305328,0.380477,1.471070,-0.339522,141.741669,191.208923,-755.685791,0,0
4.200000,-2.648585,1.186673,2.712088,0.983622,0.032104,0.177359,-0.156052,-0.340709,0.927127,0.090193,-0.939621,-0.330119,0.814624,-0.038038,0.082109,0.572886,-0.193175,2.562800,-0.471875,-0.080896,-1.002346,-0.495341,-0.177359,-0.927127,0.330119,0.000000,0.000000,0.000000,-1,0.021011,-1.352097,-0.086029,-0.154799,1.585546,0.354087,140.865631,191.034302,-755.518738,0,0
4.240000,-2.548238,1.185463,2.645881,0.975735,0.061422,0.210165,-0.178784,-0.330625,0.926673,0.126404,-0.941761,-0.311621,0.809009,-0.036267,0.104007,0.577384,-0.833640,0.646351,1.222380,0.302038,-0.114693,-0.295645,-0.210165,-0.926673,0.311621,0.000000,0.000000,0.000000,-1,0.219055,-0.797714,0.048737,-1.278945,0.011242,1.145842,140.164810,190.685074,-755.852783,0,0
