0.000000,1.726186,1.180052,-1.338983,0.853495,0.360492,-0.376288,0.370689,0.087504,0.924626,0.366246,-0.928649,-0.058947,0.675451,0.270627,-0.003717,0.685939,-0.004663,-0.007465,-0.002493,-0.007697,0.013661,-0.004244,0.376288,-0.924626,0.058947,0.000000,0.000000,0.000000,-1,0.370804,-0.913483,0.061081,0.000990,-0.101778,0.001512,168.723389,174.096161,-768.711914,0,0
0.040000,1.726058,1.180020,-1.338944,0.853516,0.360404,-0.376324,0.370714,0.087525,0.924614,0.366172,-0.928681,-0.058903,0.675443,0.270607,-0.003758,0.685955,0.003842,-0.002166,-0.003670,-0.005520,0.011131,0.002178,0.376324,-0.924614,0.058903,0.000000,0.000000,0.000000,-1,0.369675,-0.910782,0.057632,0.004172,-0.107081,0.000437,168.723389,174.096161,-768.711914,0,0
0.080000,1.726164,1.179855,-1.339243,0.853524,0.360232,-0.376469,0.370889,0.087449,0.924551,0.365975,-0.928755,-0.058966,0.675471,0.270597,-0.003884,0.685931,0.003784,-0.007514,-0.004738,-0.006794,0.013769,-0.001334,0.376469,-0.924551,0.058966,0.000000,0.000000,0.000000,-1,0.370361,-0.914383,0.056503,-0.000063,-0.104954,0.004729,168.197769,175.318512,-768.210938,0,0
0.120000,1.725922,1.179954,-1.339252,0.853652,0.360009,-0.376393,0.370801,0.087425,0.924588,0.365766,-0.928844,-0.058861,0.675479,0.270478,-0.003933,0.685969,-0.001519,-0.006449,-0.001487,-0.004918,0.010923,0.000205,0.376393,-0.924588,0.058861,0.000000,0.000000,0.000000,-1,0.371994,-0.909958,0.062271,0.002074,-0.096471,0.005731,172.052307,175.318512,-768.210938,0,0
0.160000,1.725951,1.179749,-1.339063,0.853499,0.360179,-0.376578,0.370969,0.087538,0.924510,0.365954,-0.928767,-0.058901,0.675437,0.270620,-0.003932,0.685955,0.001683,0.007333,-0.000529,-0.000846,0.014201,-0.008471,0.376578,-0.924510,0.058901,0.000000,0.000000,0.000000,-1,0.372711,-0.912094,0.051041,-0.004318,-0.102835,0.003703,168.197769,173.572311,-768.210938,0,0
0.200000,1.724962,1.179630,-1.338180,0.853499,0.360004,-0.376745,0.370998,0.087891,0.924465,0.365923,-0.928802,-0.058546,0.675306,0.270619,-0.004006,0.686084,-0.002595,-0.011757,-0.001465,-0.001807,0.014599,0.001559,0.376745,-0.924465,0.058546,0.000000,0.000000,0.000000,-1,0.375565,-0.907074,0.059448,0.003128,-0.102833,0.004685,169.424210,175.842361,-769.713989,0,0
0.240000,1.725489,1.179232,-1.338950,0.853437,0.359802,-0.377078,0.371424,0.087690,0.924313,0.365635,-0.928899,-0.058801,0.675379,0.270672,-0.004236,0.685990,0.004863,-0.006452,-0.000520,-0.002993,0.017041,-0.002557,0.377078,-0.924313,0.058801,0.000000,0.000000,0.000000,-1,0.374451,-0.911850,0.056305,0.007376,-0.108134,0.004662,169.073807,174.794647,-770.047974,0,0
0.280000,1.724920,1.178991,-1.338886,0.853533,0.359308,-0.377331,0.371635,0.087765,0.924221,0.365196,-0.929083,-0.058621,0.675350,0.270579,-0.004492,0.686054,-0.001531,-0.007520,-0.002579,-0.001980,0.013439,-0.005505,0.377331,-0.924221,0.058621,0.000000,0.000000,0.000000,-1,0.368515,-0.912262,0.068008,-0.003249,-0.104952,0.005828,168.723389,175.143890,-768.377930,0,0
0.320000,1.724325,1.179157,-1.338471,0.853663,0.359123,-0.377214,0.371449,0.087884,0.924285,0.365083,-0.929143,-0.058373,0.675306,0.270460,-0.004491,0.686144,-0.001520,-0.010695,0.001695,-0.008821,0.013976,-0.000557,0.377214,-0.924285,0.058373,0.000000,0.000000,0.000000,-1,0.371857,-0.910736,0.062088,0.005257,-0.104952,0.005734,168.898590,174.969269,-769.880981,0,0
0.360000,1.725071,1.179169,-1.339424,0.853737,0.359003,-0.377160,0.371522,0.087527,0.924289,0.364834,-0.929223,-0.058652,0.675437,0.270390,-0.004562,0.686042,0.003800,-0.001155,-0.001595,-0.006569,0.012821,0.001391,0.377160,-0.924289,0.058652,0.000000,0.000000,0.000000,-1,0.368103,-0.910446,0.054794,-0.001112,-0.091170,0.005742,169.249008,174.969269,-768.878967,0,0
0.400000,1.724747,1.179559,-1.338842,0.853789,0.359233,-0.376823,0.371121,0.087661,0.924438,0.365122,-0.929122,-0.058475,0.675389,0.270346,-0.004331,0.686108,-0.000436,0.002031,0.003766,-0.006172,0.013808,-0.006702,0.376823,-0.924438,0.058475,0.000000,0.000000,0.000000,-1,0.374741,-0.911819,0.065491,-0.001115,-0.095410,0.005761,169.073807,174.445404,-768.043945,0,0
0.440000,1.725032,1.179480,-1.338996,0.853712,0.359359,-0.376878,0.371205,0.087620,0.924408,0.365216,-0.929077,-0.058593,0.675405,0.270417,-0.004317,0.686065,-0.000442,0.000967,0.000575,-0.003785,0.011978,0.000397,0.376878,-0.924408,0.058593,0.000000,0.000000,0.000000,-1,0.372589,-0.909607,0.059555,-0.000046,-0.097528,0.007887,169.599426,175.667740,-769.212952,0,0
0.480000,1.724897,1.179470,-1.338833,0.853699,0.359373,-0.376895,0.371199,0.087683,0.924404,0.365253,-0.929066,-0.058544,0.675381,0.270429,-0.004309,0.686083,0.001691,0.000970,0.002675,-0.004092,0.014980,-0.000194,0.376895,-0.924404,0.058544,0.000000,0.000000,0.000000,-1,0.370392,-0.913193,0.051880,-0.001111,-0.100708,0.007913,168.022568,174.445404,-769.045959,0,0
0.520000,1.723971,1.179586,-1.338145,0.853832,0.359109,-0.376843,0.371035,0.087914,0.924448,0.365107,-0.929146,-0.058178,0.675296,0.270305,-0.004345,0.686216,0.000619,-0.004335,0.003771,-0.007428,0.014231,0.000217,0.376843,-0.924448,0.058178,0.000000,0.000000,0.000000,-1,0.369507,-0.913101,0.053818,-0.001115,-0.106009,0.007937,169.599426,174.620026,-769.212952,0,0
0.560000,1.723195,1.179805,-1.337616,0.854006,0.358860,-0.376688,0.370791,0.088063,0.924532,0.364949,-0.929228,-0.057855,0.675240,0.270145,-0.004346,0.686333,-0.002584,-0.003281,0.001677,-0.003351,0.013323,0.001867,0.376688,-0.924532,0.057855,0.000000,0.000000,0.000000,-1,0.373138,-0.909775,0.057587,0.002070,-0.100711,0.005750,169.249008,174.969269,-769.546997,0,0
0.600000,1.722966,1.179793,-1.337435,0.854020,0.358800,-0.376712,0.370786,0.088133,0.924527,0.364921,-0.929244,-0.057771,0.675214,0.270131,-0.004366,0.686364,-0.003642,-0.002220,0.002746,-0.005619,0.014020,0.001265,0.376712,-0.924527,0.057771,0.000000,0.000000,0.000000,-1,0.373184,-0.913330,0.057785,0.004206,-0.103887,0.008932,168.723389,173.746918,-769.045959,0,0
0.640000,1.723183,1.179995,-1.337877,0.854174,0.358641,-0.376515,0.370643,0.087926,0.924604,0.364707,-0.929325,-0.057824,0.675291,0.269989,-0.004372,0.686345,-0.001514,0.000960,0.001647,-0.002065,0.014646,-0.000833,0.376515,-0.924604,0.057824,0.000000,0.000000,0.000000,-1,0.365631,-0.910950,0.057999,-0.008551,-0.092228,0.006893,169.249008,176.715469,-768.544922,0,0
0.680000,1.722562,1.180111,-1.337112,0.854168,0.358747,-0.376319,0.370332,0.088196,0.924703,0.364924,-0.929259,-0.057517,0.675192,0.269952,-0.004219,0.686457,-0.004706,-0.000102,0.002755,-0.011283,0.010549,-0.001395,0.376319,-0.924703,0.057517,0.000000,0.000000,0.000000,-1,0.368484,-0.911438,0.057068,-0.000050,-0.103889,0.007915,169.249008,174.969269,-770.214966,0,0
0.720000,1.722491,1.180339,-1.337036,0.854251,0.358746,-0.376241,0.370260,0.088164,0.924735,0.364916,-0.929262,-0.057515,0.675204,0.269921,-0.004193,0.686458,-0.001516,0.000958,0.000588,-0.002355,0.014945,0.002589,0.376241,-0.924735,0.057515,0.000000,0.000000,0.000000,-1,0.370758,-0.911560,0.058517,0.001015,-0.095409,0.006802,168.898590,176.016983,-769.212952,0,0
0.760000,1.722802,1.180424,-1.337284,0.854257,0.358832,-0.376145,0.370205,0.088054,0.924767,0.364957,-0.929239,-0.057621,0.675245,0.269916,-0.004142,0.686420,0.001684,0.000961,0.002682,-0.009782,0.012551,-0.000538,0.376145,-0.924767,0.057621,0.000000,0.000000,0.000000,-1,0.366791,-0.912064,0.055283,0.002074,-0.101770,0.006819,168.548187,175.318512,-768.878967,0,0
0.800000,1.722627,1.180801,-1.337271,0.854454,0.358712,-0.375810,0.369864,0.087978,0.924911,0.364840,-0.929293,-0.057502,0.675274,0.269734,-0.004061,0.686464,-0.002567,-0.003278,0.004886,-0.009584,0.012283,-0.002143,0.375810,-0.924911,0.057502,0.000000,0.000000,0.000000,-1,0.367188,-0.912994,0.056625,-0.002169,-0.098586,0.008979,170.300247,175.318512,-768.878967,0,0
0.840000,1.722573,1.181064,-1.337220,0.854552,0.358728,-0.375573,0.369623,0.087940,0.925011,0.364856,-0.929290,-0.057445,0.675288,0.269645,-0.003968,0.686485,-0.005760,-0.000100,0.002784,-0.004861,0.013512,0.001713,0.375573,-0.925011,0.057445,0.000000,0.000000,0.000000,-1,0.367508,-0.912079,0.056534,-0.008559,-0.097531,0.005853,169.774628,174.096161,-768.043945,0,0
0.880000,1.722483,1.181224,-1.336976,0.854555,0.358868,-0.375432,0.369458,0.087996,0.925071,0.365015,-0.929231,-0.057389,0.675268,0.269643,-0.003857,0.686506,0.000619,0.003079,0.001640,-0.008351,0.013527,-0.006348,0.375432,-0.925071,0.057389,0.000000,0.000000,0.000000,-1,0.372162,-0.910980,0.058472,0.002081,-0.097528,0.007863,168.548187,175.667740,-768.878967,0,0
0.920000,1.722438,1.181173,-1.336967,0.854550,0.358829,-0.375481,0.369503,0.088010,0.925052,0.364982,-0.929245,-0.057379,0.675263,0.269648,-0.003887,0.686510,0.000619,-0.000102,0.002713,-0.001778,0.014759,-0.000784,0.375481,-0.925052,0.057379,0.000000,0.000000,0.000000,-1,0.373413,-0.910263,0.052734,-0.000050,-0.093290,0.005740,169.249008,175.667740,-769.212952,0,0
0.960000,1.721854,1.181045,-1.336348,0.854494,0.358805,-0.375631,0.369563,0.088267,0.925004,0.365051,-0.929230,-0.057178,0.675168,0.269699,-0.003918,0.686583,-0.002592,0.002008,-0.001522,-0.003698,0.012421,-0.004413,0.375631,-0.925004,0.057178,0.000000,0.000000,0.000000,-1,0.369858,-0.913544,0.054306,-0.002181,-0.103890,0.006875,169.073807,173.746918,-769.045959,0,0
1.000000,1.720891,1.181199,-1.335656,0.854654,0.358513,-0.375546,0.369364,0.088489,0.925062,0.364879,-0.929321,-0.056794,0.675085,0.269550,-0.003950,0.686722,-0.002592,-0.009651,0.001724,-0.006421,0.014982,-0.002412,0.375546,-0.925062,0.056794,0.000000,0.000000,0.000000,-1,0.366928,-0.913162,0.059753,0.002070,-0.107071,0.006843,168.898590,174.270782,-769.212952,0,0
1.040000,1.721179,1.181411,-1.336174,0.854812,0.358357,-0.375335,0.369219,0.088252,0.925143,0.364655,-0.929404,-0.056873,0.675173,0.269404,-0.003955,0.686693,-0.002580,-0.002228,0.001698,-0.010177,0.013064,-0.001179,0.375335,-0.925143,0.056873,0.000000,0.000000,0.000000,-1,0.363602,-0.911087,0.057709,0.002085,-0.102825,0.010015,169.249008,175.667740,-769.546997,0,0
1.080000,1.721638,1.181755,-1.336713,0.854963,0.358354,-0.374994,0.368957,0.087980,0.925273,0.364567,-0.929431,-0.056998,0.675274,0.269265,-0.003860,0.686649,0.002727,-0.002219,0.003759,-0.010187,0.012523,0.003915,0.374994,-0.925273,0.056998,0.000000,0.000000,0.000000,-1,0.368088,-0.914673,0.054260,0.005261,-0.094352,0.004623,168.022568,174.794647,-768.043945,0,0
1.120000,1.722052,1.181860,-1.336909,0.854921,0.358579,-0.374875,0.368880,0.087885,0.925313,0.364744,-0.929353,-0.057138,0.675310,0.269306,-0.003751,0.686598,-0.003666,0.004134,-0.001514,-0.007459,0.010732,-0.002619,0.374875,-0.925313,0.057138,0.000000,0.000000,0.000000,-1,0.369614,-0.911133,0.055725,-0.000055,-0.099651,0.005769,170.125046,173.746918,-768.377930,0,0
1.160000,1.721671,1.181969,-1.336526,0.854962,0.358563,-0.374797,0.368748,0.088002,0.925354,0.364780,-0.929348,-0.056981,0.675267,0.269268,-0.003708,0.686656,-0.005790,-0.001165,0.000663,-0.006999,0.015808,0.000316,0.374797,-0.925354,0.056981,0.000000,0.000000,0.000000,-1,0.368332,-0.910583,0.059921,0.002081,-0.097528,0.007863,169.249008,175.667740,-768.878967,0,0
1.200000,1.722719,1.182020,-1.337497,0.854947,0.358711,-0.374690,0.368787,0.087633,0.925373,0.364777,-0.929326,-0.057366,0.675403,0.269283,-0.003669,0.686515,0.004852,0.002018,0.000531,-0.001811,0.014256,-0.000985,0.374690,-0.925374,0.057366,0.000000,0.000000,0.000000,-1,0.372559,-0.911560,0.055222,0.005253,-0.098594,0.003578,169.774628,173.746918,-767.709961,0,0
1.240000,1.722266,1.181928,-1.337068,0.854924,0.358649,-0.374800,0.368832,0.087812,0.925339,0.364784,-0.929333,-0.057209,0.675337,0.269303,-0.003708,0.686572,-0.005786,-0.002225,0.000665,-0.009154,0.014633,-0.003697,0.374800,-0.925339,0.057209,0.000000,0.000000,0.000000,-1,0.364685,-0.910660,0.058456,0.002062,-0.107074,0.004715,167.847366,175.318512,-768.878967,0,0
1.280000,1.722408,1.182059,-1.337363,0.855026,0.358540,-0.374673,0.368741,0.087675,0.925388,0.364638,-0.929388,-0.057244,0.675388,0.269209,-0.003714,0.686560,0.003778,-0.006467,-0.000481,-0.005654,0.016025,0.006095,0.374673,-0.925388,0.057244,0.000000,0.000000,0.000000,-1,0.375275,-0.910477,0.060898,0.008444,-0.097534,0.003538,168.372986,172.699203,-771.049988,0,0
1.320000,1.723303,1.181524,-1.338373,0.854867,0.358462,-0.375110,0.369310,0.087416,0.925186,0.364434,-0.929443,-0.057654,0.675482,0.269353,-0.003951,0.686409,0.004828,-0.003294,-0.005833,-0.004337,0.012390,-0.002021,0.375110,-0.925186,0.057654,0.000000,0.000000,0.000000,-1,0.368439,-0.914734,0.054565,0.006294,-0.101783,-0.001737,169.424210,175.143890,-769.713989,0,0
1.360000,1.723158,1.181284,-1.338700,0.854949,0.358026,-0.375338,0.369555,0.087346,0.925094,0.363993,-0.929617,-0.057634,0.675507,0.269272,-0.004199,0.686415,0.007987,-0.018145,-0.010052,-0.006716,0.009613,-0.002321,0.375338,-0.925095,0.057634,0.000000,0.000000,0.000000,-1,0.362656,-0.912476,0.056137,0.006261,-0.109215,-0.009150,168.372986,174.794647,-769.379944,0,0
1.400000,1.722902,1.181227,-1.338819,0.855064,0.357682,-0.375405,0.369617,0.087315,0.925073,0.363660,-0.929753,-0.057546,0.675517,0.269163,-0.004347,0.686446,-0.002646,-0.007547,-0.012101,-0.014794,0.013742,-0.003835,0.375405,-0.925073,0.057546,0.000000,0.000000,0.000000,-1,0.360611,-0.916611,0.057175,-0.000096,-0.100727,-0.004863,166.620926,176.191605,-770.047974,0,0
1.440000,1.722660,1.181457,-1.338701,0.855194,0.357578,-0.375209,0.369400,0.087309,0.925160,0.363576,-0.929793,-0.057423,0.675520,0.269044,-0.004305,0.686491,0.000556,-0.004349,-0.006834,-0.014598,0.008549,-0.000248,0.375209,-0.925160,0.057423,0.000000,0.000000,0.000000,-1,0.362366,-0.918671,0.061417,0.007389,-0.101770,0.006760,168.898590,175.318512,-770.214966,0,0
1.480000,1.724707,1.182188,-1.340915,0.855508,0.357651,-0.374422,0.368934,0.086337,0.925437,0.363310,-0.929856,-0.058087,0.675880,0.268755,-0.004110,0.686250,0.019745,0.000972,0.004649,-0.012270,0.009315,0.002063,0.374422,-0.925437,0.058087,0.000000,0.000000,0.000000,-1,0.359909,-0.919250,0.056107,0.020152,-0.099648,0.007674,168.723389,175.842361,-769.379944,0,0
1.520000,1.726335,1.182888,-1.342801,0.855847,0.357610,-0.373686,0.368464,0.085495,0.925702,0.362989,-0.929949,-0.058596,0.676193,0.268442,-0.003955,0.686066,0.022902,-0.004340,-0.001728,-0.017272,0.010953,-0.004061,0.373686,-0.925702,0.058596,0.000000,0.000000,0.000000,-1,0.352509,-0.913284,0.049286,0.013767,-0.081633,0.002344,169.249008,173.572311,-769.546997,0,0
1.560000,1.728043,1.183773,-1.343726,0.855879,0.358481,-0.372777,0.367745,0.084970,0.926036,0.363641,-0.929662,-0.059106,0.676390,0.268420,-0.003377,0.685883,0.015478,0.027479,-0.001784,-0.013097,0.006710,-0.002328,0.372777,-0.926036,0.059106,0.000000,0.000000,0.000000,-1,0.367416,-0.916306,0.059387,0.027589,-0.064674,-0.001076,167.847366,174.969269,-767.542908,0,0
1.600000,1.731799,1.183567,-1.346125,0.855299,0.359902,-0.372740,0.368133,0.084129,0.925959,0.364613,-0.929190,-0.060536,0.676703,0.268964,-0.003003,0.685363,0.022923,0.046558,-0.004076,-0.008208,0.012843,-0.009083,0.372740,-0.925959,0.060536,0.000000,0.000000,0.000000,-1,0.360413,-0.909119,0.049347,0.024441,-0.046639,0.006323,168.372986,175.493118,-767.375916,0,0
1.640000,1.733564,1.183803,-1.346641,0.854925,0.361120,-0.372417,0.367964,0.083891,0.926048,0.365657,-0.928738,-0.061159,0.676793,0.269316,-0.002497,0.685138,0.027180,0.044439,0.000147,-0.013714,0.014168,-0.016008,0.372417,-0.926048,0.061159,0.000000,0.000000,0.000000,-1,0.362946,-0.907913,0.038681,0.031845,-0.059373,-0.001147,168.372986,174.794647,-770.047974,0,0
1.680000,1.734909,1.183857,-1.346585,0.854433,0.362421,-0.372285,0.367910,0.083900,0.926069,0.366861,-0.928231,-0.061651,0.676791,0.269777,-0.002004,0.684960,0.031371,0.036995,-0.007306,-0.012788,0.017286,-0.014578,0.372285,-0.926068,0.061651,0.000000,0.000000,0.000000,-1,0.361588,-0.918259,0.051071,0.038238,-0.061487,0.003047,170.300247,174.969269,-768.878967,0,0
1.720000,1.738728,1.184135,-1.349669,0.854251,0.363353,-0.371793,0.367916,0.082709,0.926173,0.367278,-0.927973,-0.063029,0.677232,0.269948,-0.001667,0.684458,0.049485,0.023256,0.006374,-0.005735,0.005748,-0.010478,0.371793,-0.926173,0.063029,0.000000,0.000000,0.000000,-1,0.363937,-0.922073,0.055954,0.043604,-0.075246,0.019006,169.949829,173.572311,-769.212952,0,0
1.760000,1.743271,1.185138,-1.353621,0.854383,0.364273,-0.370588,0.367333,0.081054,0.926551,0.367555,-0.927759,-0.064558,0.677844,0.269828,-0.001119,0.683900,0.045297,0.033881,0.023401,-0.021451,0.006782,-0.010725,0.370588,-0.926551,0.064558,0.000000,0.000000,0.000000,-1,0.341324,-0.918411,0.045746,0.045736,-0.061465,0.017856,168.898590,175.318512,-767.208923,0,0
1.800000,1.748455,1.187479,-1.357148,0.854607,0.366252,-0.368112,0.365496,0.079298,0.927429,0.368863,-0.927131,-0.066095,0.678492,0.269623,0.000277,0.683339,0.049607,0.074180,0.033838,-0.032648,0.005142,-0.008844,0.368112,-0.927429,0.066095,0.000000,0.000000,0.000000,-1,0.353546,-0.895020,0.037659,0.072393,-0.037056,0.033408,169.073807,175.143890,-767.375916,0,0
1.840000,1.752863,1.187796,-1.360142,0.854191,0.367804,-0.367528,0.365444,0.078142,0.927548,0.369875,-0.926614,-0.067664,0.678917,0.270007,0.000864,0.682764,0.070705,0.085773,-0.007930,0.001979,0.033413,-0.026313,0.367528,-0.927548,0.067664,0.000000,0.000000,0.000000,-1,0.393616,-0.906540,0.067398,0.064872,0.075260,-0.010628,169.774628,174.445404,-767.709961,0,0
1.880000,1.763914,1.184609,-1.364678,0.850609,0.373921,-0.369657,0.368686,0.077088,0.926352,0.374879,-0.924251,-0.072288,0.679303,0.273298,0.001922,0.681067,0.062212,0.247962,-0.040528,0.019503,0.016745,-0.010185,0.369657,-0.926352,0.072288,0.000000,0.000000,0.000000,-1,0.355164,-0.902435,0.042297,0.040282,0.204511,-0.073700,171.351486,175.318512,-768.544922,0,0
1.920000,1.777234,1.181866,-1.362871,0.843848,0.387517,-0.371148,0.371032,0.078278,0.925315,0.387628,-0.918533,-0.077726,0.678840,0.279355,0.006069,0.679043,0.031426,0.342309,-0.039550,-0.007073,0.006141,-0.031889,0.371148,-0.925315,0.077726,0.000000,0.000000,0.000000,-1,0.373322,-0.906021,0.042801,0.035117,0.214110,-0.035392,170.125046,173.397690,-766.039917,0,0
1.960000,1.782629,1.179804,-1.360564,0.840088,0.394247,-0.372587,0.372715,0.079532,0.924531,0.394127,-0.915557,-0.080128,0.678359,0.282654,0.007938,0.678139,0.059901,0.200192,-0.064760,0.002977,0.039918,-0.046712,0.372587,-0.924531,0.080128,0.000000,0.000000,0.000000,-1,0.408340,-0.856262,-0.007767,0.098513,-0.110372,-0.073984,170.650650,175.318512,-766.206909,0,0
2.000000,1.783811,1.175245,-1.364222,0.839391,0.391905,-0.376608,0.377125,0.079032,0.922784,0.391408,-0.916605,-0.081459,0.678568,0.283328,0.005453,0.677673,0.093636,-0.204799,-0.052680,0.031748,0.050012,-0.078514,0.376608,-0.922784,0.081459,0.000000,0.000000,0.000000,-1,0.355240,-0.939514,0.102600,0.058328,-0.287287,0.019801,171.001068,174.270782,-767.208923,0,0
2.040000,1.783427,1.176960,-1.374314,0.844082,0.383186,-0.375092,0.376350,0.074913,0.923444,0.381950,-0.920628,-0.080980,0.680101,0.279200,0.002521,0.677867,0.076238,-0.202378,0.121942,-0.040711,0.070905,-0.032182,0.375092,-0.923444,0.080980,0.000000,0.000000,0.000000,-1,0.454361,-0.825668,0.062347,0.126737,-0.311516,0.122337,169.774628,174.096161,-767.041931,0,0
2.080000,1.800170,1.177981,-1.403509,0.849221,0.373991,-0.372765,0.377447,0.063738,0.923835,0.369265,-0.925239,-0.087034,0.684200,0.274568,-0.001279,0.675634,0.736105,-0.605271,0.106914,0.248955,0.223792,-0.144667,0.372765,-0.923835,0.087034,0.000000,0.000000,0.000000,-1,0.401901,-1.013565,0.288284,-0.142135,-0.386093,-0.115827,169.949829,174.620026,-765.538879,0,0
2.120000,1.798868,1.176647,-1.407382,0.850647,0.369412,-0.374078,0.378906,0.062476,0.923324,0.364458,-0.927163,-0.086827,0.684653,0.273247,-0.003513,0.675703,0.105079,0.285222,0.057728,0.012381,-0.023393,0.184489,0.374078,-0.923324,0.086828,0.000000,0.000000,0.000000,-1,0.473724,-0.848007,0.081635,0.052416,0.237543,0.036644,169.424210,174.794647,-767.041931,0,0
2.160000,1.815849,1.178349,-1.412247,0.846825,0.381089,-0.371025,0.377653,0.060384,0.923976,0.374521,-0.922564,-0.092785,0.685424,0.276742,0.001275,0.673503,-0.025891,0.168552,0.028851,0.127678,0.056346,0.044742,0.371025,-0.923976,0.092785,0.000000,0.000000,0.000000,-1,0.449448,-0.876343,0.182648,-0.004000,0.133646,0.039862,170.125046,173.746918,-768.043945,0,0
2.200000,1.824460,1.179374,-1.412950,0.844216,0.388485,-0.369295,0.376760,0.059969,0.924368,0.381249,-0.919501,-0.095739,0.685563,0.279057,0.004359,0.672392,0.009350,0.319118,0.039483,0.058607,0.040060,0.063563,0.369295,-0.924368,0.095739,0.000000,0.000000,0.000000,-1,0.355164,-0.885345,0.130844,0.005759,0.238651,0.069065,169.774628,173.746918,-766.039917,0,0
2.240000,1.840914,1.181818,-1.415938,0.839916,0.401195,-0.365492,0.374705,0.058494,0.925297,0.392603,-0.914123,-0.101199,0.686043,0.282744,0.009880,0.670301,0.028698,0.361597,0.086946,-0.028257,0.035435,0.023847,0.365492,-0.925297,0.101199,0.000000,0.000000,0.000000,-1,0.320312,-0.910339,0.112823,0.049536,0.250386,0.116397,169.073807,174.096161,-766.039917,0,0
2.280000,1.866489,1.187117,-1.426151,0.835783,0.416219,-0.358089,0.370426,0.053957,0.927294,0.405279,-0.907662,-0.109082,0.687551,0.286031,0.017159,0.667207,0.041629,0.246138,0.156466,-0.012081,-0.003645,-0.020428,0.358089,-0.927293,0.109082,0.000000,0.000000,0.000000,-1,0.379517,-0.914963,0.085831,0.046455,0.128542,0.170166,170.300247,174.969269,-764.202881,0,0
2.320000,1.879776,1.191592,-1.433144,0.834871,0.422644,-0.352651,0.366680,0.050795,0.928959,0.410532,-0.904871,-0.112567,0.688593,0.286571,0.021014,0.665789,0.023598,0.228136,0.171638,0.043619,0.018544,-0.017765,0.352651,-0.928959,0.112567,0.000000,0.000000,0.000000,-1,0.413040,-0.904572,0.119614,0.000730,0.152916,0.163114,170.125046,174.096161,-764.369873,0,0
2.360000,1.895647,1.197237,-1.439637,0.833019,0.431821,-0.345845,0.361798,0.047727,0.931034,0.418546,-0.900696,-0.116474,0.689523,0.287742,0.026359,0.664130,0.042593,0.236558,0.132033,0.060405,0.034596,0.009975,0.345845,-0.931034,0.116474,0.000000,0.000000,0.000000,-1,0.400360,-0.880249,0.148361,0.111162,0.101987,0.136598,168.898590,174.270782,-765.538879,0,0
2.400000,1.925100,1.201705,-1.462831,0.832249,0.439174,-0.338361,0.358668,0.038875,0.932655,0.422751,-0.897561,-0.125164,0.692557,0.288006,0.030464,0.660674,0.194606,0.090287,0.156547,0.053836,0.051308,0.052815,0.338361,-0.932655,0.125164,0.000000,0.000000,0.000000,-1,0.388794,-0.885559,0.163422,0.239792,-0.026262,0.159161,170.475449,174.445404,-765.037903,0,0
2.440000,1.950108,1.203129,-1.487266,0.832922,0.441314,-0.333890,0.358186,0.029989,0.933168,0.421833,-0.896851,-0.133094,0.695706,0.287298,0.031602,0.657613,0.279607,0.081787,0.143948,0.048037,0.035631,0.021447,0.333890,-0.933168,0.133094,0.000000,0.000000,0.000000,-1,0.336838,-0.919357,0.142303,0.264252,0.058532,0.143616,169.599426,172.873825,-763.868896,0,0
2.480000,1.986754,1.204581,-1.519766,0.832351,0.447105,-0.327551,0.357618,0.018265,0.933689,0.423440,-0.894295,-0.144690,0.699781,0.287491,0.034257,0.653056,0.224506,0.201626,0.168480,-0.003988,0.009846,-0.006689,0.327551,-0.933689,0.144690,0.000000,0.000000,0.000000,-1,0.318665,-0.920883,0.123886,0.183740,0.098922,0.212399,169.073807,173.048447,-763.701904,0,1
2.520000,2.027660,1.211088,-1.553228,0.832124,0.455824,-0.315901,0.351947,0.006184,0.935999,0.428605,-0.890048,-0.155280,0.703779,0.286941,0.040035,0.648658,0.099329,0.181596,0.246538,0.063052,0.025980,-0.047111,0.315901,-0.935999,0.155280,0.000000,0.000000,0.000000,-1,0.438217,-0.879410,0.115723,0.071175,0.082014,0.250946,169.249008,173.921539,-765.204895,0,0
2.560000,2.045692,1.216636,-1.567103,0.832452,0.460324,-0.308426,0.346800,0.001281,0.937938,0.432150,-0.887750,-0.158574,0.705292,0.286096,0.043856,0.647140,0.054576,0.152938,0.225886,0.155228,0.072444,-0.032079,0.308426,-0.937938,0.158574,0.000000,0.000000,0.000000,-1,0.476868,-0.838196,0.136765,0.106043,0.044832,0.200735,168.723389,172.000717,-763.367859,0,0
2.600000,2.071134,1.221684,-1.588411,0.832814,0.465125,-0.300134,0.342011,-0.006025,0.939677,0.435259,-0.885224,-0.164096,0.707625,0.285157,0.047739,0.644727,0.128838,0.113659,0.191206,0.168891,0.100642,-0.029284,0.300134,-0.939677,0.164096,0.000000,0.000000,0.000000,-1,0.442993,-0.846848,0.122971,0.147446,-0.028324,0.199545,168.723389,170.953003,-762.365845,0,0
2.640000,2.106681,1.226711,-1.623017,0.834967,0.467656,-0.290047,0.336876,-0.017608,0.941385,0.435137,-0.883735,-0.172244,0.711481,0.282696,0.050982,0.641310,0.168248,0.021478,0.229481,0.139244,0.081247,-0.046161,0.290047,-0.941384,0.172244,0.000000,0.000000,0.000000,-1,0.439331,-0.867188,0.121780,0.156068,-0.085511,0.242257,167.146530,172.175339,-763.200867,0,0
2.680000,2.134851,1.231789,-1.651606,0.837550,0.468538,-0.281037,0.331466,-0.026844,0.943085,0.434327,-0.883036,-0.177787,0.714525,0.279908,0.053633,0.638929,0.104433,0.049023,0.217296,0.171447,0.089509,-0.085563,0.281037,-0.943085,0.177787,0.000000,0.000000,0.000000,-1,0.452652,-0.840042,0.057571,0.019765,-0.034725,0.174389,165.920090,172.349960,-760.695801,0,0
2.720000,2.148199,1.237861,-1.663235,0.838878,0.470423,-0.273836,0.325424,-0.030168,0.945087,0.436330,-0.881925,-0.178394,0.715444,0.278096,0.056781,0.638419,-0.105210,0.036221,0.167542,0.177214,0.102039,-0.126667,0.273836,-0.945087,0.178394,0.000000,0.000000,0.000000,-1,0.478683,-0.864594,0.069824,-0.150498,-0.096263,0.145695,165.744888,172.873825,-761.864868,0,0
2.760000,2.139637,1.243440,-1.655437,0.840466,0.469283,-0.270907,0.320390,-0.027183,0.946895,0.436998,-0.882630,-0.173200,0.714291,0.276383,0.058131,0.640329,-0.201415,-0.121911,0.061881,0.214719,0.091000,-0.108640,0.270907,-0.946896,0.173200,0.000000,0.000000,0.000000,-1,0.494751,-0.880768,0.050095,-0.214890,-0.325440,0.032558,166.620926,173.746918,-763.367859,0,0
2.800000,2.076906,1.249329,-1.613563,0.849799,0.448857,-0.276350,0.315671,-0.013508,0.948773,0.422130,-0.893501,-0.153170,0.710014,0.269195,0.051330,0.648676,-0.397223,-0.764704,-0.138358,0.206087,0.039807,-0.107302,0.276350,-0.948773,0.153170,0.000000,0.000000,0.000000,-1,0.458771,-0.928665,0.044601,-0.433423,-1.045763,-0.257496,165.219269,174.096161,-764.035889,0,0
2.840000,1.979313,1.247392,-1.550089,0.861724,0.415180,-0.291645,0.317728,0.006580,0.948159,0.395576,-0.909715,-0.126244,0.703809,0.260336,0.036917,0.659936,-0.443845,-0.992943,-0.332538,0.118938,-0.194297,-0.211510,0.291645,-0.948159,0.126244,0.000000,0.000000,0.000000,-1,0.398331,-1.394760,-0.244370,-0.577195,-1.032084,-0.325115,166.971329,174.096161,-765.705933,0,0
2.880000,1.874619,1.246115,-1.466693,0.868361,0.391526,-0.304396,0.317279,0.033150,0.947752,0.381161,-0.919570,-0.095437,0.694739,0.255062,0.027624,0.671951,-1.223113,-0.705711,-0.380558,0.096727,-0.419465,-0.404962,0.304396,-0.947753,0.095437,0.000000,0.000000,0.000000,-1,0.454788,-1.246201,-0.330948,-1.579843,-0.662229,-0.419977,164.868866,177.239319,-769.379944,0,0
2.920000,1.554571,1.232665,-1.151347,0.868092,0.369329,-0.331681,0.302969,0.135098,0.943376,0.393225,-0.919427,0.005382,0.657193,0.255746,0.023412,0.708620,-2.414858,-0.292771,-0.727759,0.132018,-0.327696,-0.301381,0.331681,-0.943376,-0.005382,0.000000,0.000000,0.000000,-1,0.427475,-1.295563,-0.259552,-2.255398,-0.495378,-0.853664,164.693649,179.160141,-773.221008,0,0
2.960000,1.318996,1.185408,-0.920466,0.865097,0.345056,-0.364065,0.299188,0.227600,0.926652,0.402608,-0.910568,0.093660,0.621256,0.259251,0.015510,0.739317,-1.892287,-0.782001,-1.047235,-0.118917,-0.279936,0.215699,0.364065,-0.926652,-0.093660,0.000000,0.000000,0.000000,-1,0.302307,-1.078705,0.272980,-1.841743,-1.032067,-1.005785,166.270508,180.731720,-776.060059,0,0
3.000000,1.198254,1.141242,-0.820520,0.867606,0.311120,-0.387898,0.304645,0.283963,0.909151,0.393004,-0.906956,0.151587,0.598343,0.257279,0.002133,0.758808,-1.479793,-1.064991,-0.994127,-0.055302,-0.105878,0.423178,0.387898,-0.909151,-0.151587,0.000000,0.000000,0.000000,-1,0.517944,-0.810379,0.006638,-1.203149,-1.188010,-1.073815,165.569687,187.716522,-779.066101,0,0
3.040000,1.109637,1.077485,-0.791025,0.873746,0.238174,-0.424077,0.336726,0.332958,0.880769,0.350976,-0.912366,0.210721,0.576643,0.249244,-0.031693,0.777404,-0.343963,-1.414593,-0.827428,0.061335,0.108492,0.251966,0.424077,-0.880769,-0.210721,0.000000,0.000000,0.000000,-1,0.317307,-0.732727,0.090195,-0.281297,-1.377893,-0.448080,164.693649,186.843430,-780.569092,0,0
3.080000,1.057589,1.056495,-0.787690,0.883926,0.187127,-0.428554,0.348641,0.347046,0.870637,0.311648,-0.918990,0.241523,0.569069,0.235371,-0.051358,0.786209,-0.229826,-1.002355,-0.245502,-0.387706,0.165757,0.360999,0.428554,-0.870637,-0.241523,0.000000,0.000000,0.000000,-1,-0.111893,-0.700119,0.077271,-0.151342,-0.936455,-0.189830,162.591187,187.891144,-781.571167,0,0
3.120000,1.039226,1.050878,-0.791485,0.888436,0.165162,-0.428255,0.353429,0.349152,0.867860,0.292863,-0.922396,0.251826,0.567331,0.228522,-0.059662,0.788894,0.146049,-0.503920,-0.196585,-0.541475,0.191133,0.305019,0.428255,-0.867860,-0.251826,0.000000,0.000000,0.000000,-1,0.084915,-0.638382,-0.061874,0.307252,-0.416958,-0.199356,161.890350,187.891144,-781.571167,0,0
3.160000,1.057873,1.051725,-0.818821,0.887742,0.158385,-0.432236,0.362303,0.338859,0.868280,0.283990,-0.927410,0.243437,0.571281,0.227860,-0.064874,0.785818,0.566449,0.071782,-0.196371,-0.347321,0.229898,0.181562,0.432236,-0.868280,-0.243437,0.000000,0.000000,0.000000,-1,0.198730,-0.773544,-0.216827,0.628818,0.129083,-0.181963,162.941589,187.192673,-781.237122,0,0
3.200000,1.126024,1.063846,-0.889405,0.883954,0.162905,-0.438277,0.377097,0.305812,0.874229,0.276447,-0.938052,0.208893,0.585075,0.230741,-0.069149,0.774380,0.603314,-0.118711,0.033845,-0.319548,0.022926,0.025132,0.438277,-0.874229,-0.208893,0.000000,0.000000,0.000000,-1,0.074203,-0.768936,-0.135635,0.665714,-0.263834,0.098098,161.189529,185.795700,-780.235107,0,0
3.240000,1.165111,1.084573,-0.942110,0.889110,0.158532,-0.429362,0.377945,0.274805,0.884104,0.258150,-0.948340,0.184416,0.597890,0.224321,-0.071590,0.766213,0.962829,-0.181809,0.372685,-0.284983,0.138285,0.031217,0.429362,-0.884104,-0.184416,0.000000,0.000000,0.000000,-1,0.313461,-0.723801,-0.240158,1.054979,-0.254867,0.417137,160.313507,185.621094,-777.730103,0,0
3.280000,1.224692,1.114824,-1.014108,0.896312,0.158249,-0.414224,0.373849,0.232664,0.897833,0.238456,-0.959596,0.149378,0.615279,0.216202,-0.071418,0.754711,0.919300,-0.038702,0.359754,0.073462,0.113806,-0.327490,0.414224,-0.897833,-0.149378,0.000000,0.000000,0.000000,-1,0.745438,-0.883789,-0.773102,0.184414,0.229132,0.082031,159.087067,185.795700,-776.895081,0,0
3.320000,1.247280,1.118213,-1.025889,0.893961,0.170107,-0.414605,0.373960,0.226665,0.899320,0.246957,-0.959003,0.139016,0.618118,0.220050,-0.067806,0.751605,-0.353107,0.399305,-0.238772,0.621649,-0.133013,-0.632545,0.414605,-0.899320,-0.139016,0.000000,0.000000,0.000000,-1,1.025696,-1.041855,-0.693604,-0.507271,0.067345,-0.332975,160.839127,185.795700,-777.563110,0,0
3.360000,1.217748,1.103028,-0.997665,0.891188,0.163651,-0.423086,0.378846,0.244505,0.892577,0.249518,-0.955738,0.155902,0.610488,0.222157,-0.071077,0.756901,-0.628635,-0.625040,-0.355567,0.434077,-0.086397,-0.497785,0.423086,-0.892577,-0.155902,0.000000,0.000000,0.000000,-1,0.428574,-0.885880,-0.270752,-0.611386,-1.003535,-0.375925,159.262268,185.970322,-778.398071,0,0
3.400000,1.148943,1.069913,-0.957631,0.890100,0.125654,-0.438102,0.392723,0.276336,0.877159,0.231282,-0.952811,0.196619,0.595219,0.217725,-0.086867,0.768612,-0.588948,-0.214091,-0.630171,-0.095832,-0.144127,0.023005,0.438102,-0.877159,-0.196619,0.000000,0.000000,0.000000,-1,0.353928,-1.071243,-0.081024,-0.774272,-0.504420,-0.537004,159.087067,187.541901,-778.565063,0,0
3.440000,1.108424,1.039812,-0.924557,0.884760,0.108624,-0.453211,0.404273,0.304938,0.862309,0.231869,-0.946157,0.225883,0.581794,0.220394,-0.095112,0.777107,-0.604774,-0.079013,-0.342339,-0.190409,-0.048458,0.269859,0.453211,-0.862309,-0.225883,0.000000,0.000000,0.000000,-1,0.173965,-0.928085,-0.002518,-0.529302,0.188290,-0.279028,158.561447,188.415009,-781.070129,0,1
3.480000,1.104180,1.028191,-0.901858,0.878971,0.121392,-0.461167,0.405081,0.320228,0.856366,0.251635,-0.939531,0.232297,0.575857,0.228561,-0.090965,0.779663,-0.509085,0.850299,0.034287,-0.362809,-0.195544,0.341214,0.461167,-0.856366,-0.232297,0.000000,0.000000,0.000000,-1,-0.085953,-0.830414,0.352646,-0.344975,0.992695,0.228021,158.736649,189.288101,-780.903137,0,0
3.520000,1.147147,1.043418,-0.885026,0.869984,0.180694,-0.458778,0.389496,0.318705,0.864129,0.302358,-0.930471,0.206889,0.579739,0.245882,-0.067453,0.773883,0.401299,1.884039,0.752489,-0.488869,0.036187,0.596568,0.458778,-0.864129,-0.206889,0.000000,0.000000,0.000000,-1,0.229370,-0.898621,0.279877,0.681919,1.889536,0.857268,161.014328,188.764252,-779.400085,0,0
3.560000,1.297200,1.098881,-0.949908,0.854704,0.279131,-0.437685,0.369749,0.264463,0.890699,0.364373,-0.923117,0.122829,0.605684,0.267829,-0.030260,0.748665,1.022208,1.638160,0.806323,0.428190,-0.185045,0.275081,0.437685,-0.890699,-0.122829,0.000000,0.000000,0.000000,-1,1.001358,-0.948029,0.035294,0.835487,1.445210,0.790567,161.364746,187.367294,-777.396057,0,0
3.600000,1.375066,1.126979,-0.985189,0.845759,0.327550,-0.421191,0.357844,0.237326,0.903119,0.395777,-0.914542,0.083509,0.617439,0.277515,-0.010290,0.735968,0.565992,1.564975,0.791471,0.464780,0.025037,0.061109,0.421191,-0.903119,-0.083509,0.000000,0.000000,0.000000,-1,0.480408,-0.808899,0.014191,0.586666,1.455789,0.778370,160.839127,187.541901,-774.557007,0,0
3.640000,1.472721,1.159363,-1.028590,0.831846,0.386818,-0.398001,0.342563,0.206371,0.916549,0.436673,-0.898767,0.039160,0.629745,0.289554,0.015352,0.720655,0.496044,1.302845,0.621103,0.027170,0.086364,0.073950,0.398001,-0.916549,-0.039160,0.000000,0.000000,0.000000,-1,0.402054,-0.833466,0.001297,0.490832,1.073745,0.534368,160.488708,185.795700,-774.891052,0,0
3.680000,1.597333,1.183010,-1.119846,0.821348,0.427199,-0.378007,0.340338,0.164801,0.925749,0.457775,-0.889011,-0.010033,0.645480,0.297274,0.030895,0.702872,1.048344,0.445820,0.366782,0.046813,0.101408,0.042686,0.378007,-0.925749,0.010033,0.000000,0.000000,0.000000,-1,0.406509,-0.836761,0.069031,1.146558,0.287854,0.344536,159.787888,184.049500,-772.552979,0,0
3.720000,1.697602,1.190145,-1.217098,0.820155,0.437633,-0.368542,0.348527,0.128685,0.928423,0.453734,-0.889898,-0.046985,0.659252,0.298126,0.032306,0.689539,1.258539,0.251738,0.322793,0.024219,0.103350,-0.025318,0.368542,-0.928423,0.046985,0.000000,0.000000,0.000000,-1,0.344131,-0.866898,-0.030563,1.229331,0.092775,0.343441,159.087067,182.303299,-771.885010,0,0
3.760000,1.819168,1.197459,-1.341307,0.822960,0.444692,-0.353532,0.355162,0.082967,0.931116,0.443391,-0.891833,-0.089659,0.676323,0.295663,0.033216,0.673845,0.884750,0.096108,0.474408,-0.014497,0.037500,-0.099928,0.353532,-0.931116,0.089659,0.000000,0.000000,0.000000,-1,0.336594,-0.927292,0.067490,0.803647,-0.006602,0.536859,158.035828,182.303299,-770.214966,0,0
3.800000,1.939853,1.211558,-1.463311,0.829393,0.452322,-0.327890,0.349532,0.037715,0.936165,0.435815,-0.891057,-0.126821,0.692549,0.289458,0.038959,0.659600,0.650046,0.219153,0.517925,0.019476,0.044487,-0.046193,0.327890,-0.936165,0.126821,0.000000,0.000000,0.000000,-1,0.407684,-0.839462,0.097931,0.568708,0.197962,0.501295,156.283768,181.255585,-768.544922,0,0
3.840000,2.003002,1.219307,-1.519906,0.830116,0.461699,-0.312636,0.343850,0.017514,0.938861,0.438947,-0.886864,-0.144217,0.699432,0.287930,0.045148,0.652574,0.408658,0.399310,0.468714,0.095048,0.099399,-0.046286,0.312636,-0.938861,0.144217,0.000000,0.000000,0.000000,-1,0.420776,-0.847290,0.137924,0.384527,0.304907,0.412427,155.407730,181.430206,-768.043945,0,1
3.880000,2.077914,1.226072,-1.582118,0.828166,0.476314,-0.295407,0.337916,-0.003826,0.941169,0.447161,-0.879267,-0.164123,0.706420,0.288154,0.053705,0.644247,0.411374,0.401239,0.342093,0.120410,0.085746,-0.021285,0.295407,-0.941169,0.164123,0.000000,0.000000,0.000000,-1,0.421951,-0.877869,0.116455,0.426708,0.281451,0.324843,153.480469,181.255585,-767.542908,0,0
3.920000,2.161442,1.227433,-1.653610,0.825484,0.490294,-0.279620,0.335502,-0.027848,0.941628,0.453888,-0.871112,-0.187483,0.714285,0.289029,0.060994,0.634459,0.326881,0.228275,0.243816,0.166074,0.102394,-0.100569,0.279620,-0.941628,0.187483,0.000000,0.000000,0.000000,-1,0.505051,-0.765564,0.010956,0.258291,0.088376,0.248855,154.181290,180.207870,-766.874939,0,0
3.960000,2.192992,1.229688,-1.679319,0.824403,0.496450,-0.271841,0.332564,-0.036233,0.942385,0.457997,-0.867309,-0.194972,0.716870,0.289109,0.064920,0.631110,-0.010909,0.179209,0.050972,0.235270,0.149080,-0.220637,0.271841,-0.942385,0.194972,0.000000,0.000000,0.000000,-1,0.471924,-0.886444,-0.057632,-0.109526,0.080542,-0.021494,152.954849,180.033249,-767.709961,0,0
4.000000,2.179183,1.231940,-1.660903,0.822200,0.499585,-0.272765,0.331060,-0.029912,0.943135,0.463018,-0.865748,-0.189986,0.714510,0.290635,0.066567,0.632910,-0.369901,0.012520,-0.101749,0.209657,-0.053050,-0.236053,0.272765,-0.943135,0.189986,0.000000,0.000000,0.000000,-1,0.562286,-1.161743,-0.156677,-0.440734,-0.177239,-0.117734,151.377991,180.207870,-766.206909,0,0
4.040000,2.075086,1.239154,-1.561082,0.823077,0.491204,-0.285066,0.325581,0.003163,0.945509,0.465340,-0.871039,-0.157324,0.703071,0.290435,0.064102,0.645933,-1.136770,-0.345227,-0.395905,0.438308,-0.373583,-0.474401,0.285066,-0.945509,0.157324,0.000000,0.000000,0.000000,-1,0.734314,-1.298294,-0.382675,-1.514199,-0.548929,-0.515883,149.976349,180.557098,-769.880981,0,0
4.080000,1.821436,1.239315,-1.321739,0.826617,0.466160,-0.315275,0.315402,0.080219,0.945561,0.466074,-0.881056,-0.080718,0.675854,0.289102,0.055781,0.675670,-2.221712,-1.024623,-0.956352,0.381014,-0.410853,-0.629088,0.315275,-0.945561,0.080718,0.000000,0.000000,0.000000,-1,0.692001,-1.390030,-0.553009,-2.489582,-1.285536,-1.050686,150.151550,181.430206,-772.719971,0,0
4.120000,1.486985,1.201956,-1.018044,0.835010,0.416755,-0.359269,0.306844,0.189292,0.932746,0.456734,-0.889091,0.030181,0.635519,0.284649,0.038341,0.716673,-2.308227,-1.295434,-1.291378,0.178283,-0.559396,0.055236,0.359269,-0.932746,-0.030181,0.000000,0.000000,0.000000,-1,0.349854,-1.471863,0.489029,-2.053677,-1.149228,-1.361393,149.450729,184.573364,-778.732056,0,0
4.160000,1.283849,1.135834,-0.842249,0.837433,0.367928,-0.404147,0.314406,0.280546,0.906886,0.447050,-0.886523,0.119260,0.599505,0.284540,0.017891,0.747870,-1.707675,-0.857324,-1.136162,-0.187396,-0.445409,0.655393,0.404147,-0.906886,-0.119260,0.000000,0.000000,0.000000,-1,0.396851,-1.013733,0.304703,-1.405168,-1.193319,-1.076883,147.348251,185.970322,-780.068115,0,0
4.200000,1.182091,1.076995,-0.783522,0.843593,0.309783,-0.438618,0.334522,0.335780,0.880538,0.420055,-0.889543,0.179633,0.576233,0.279533,-0.008054,0.767953,-0.658170,-1.340981,-1.280639,0.124828,0.021636,0.319952,0.438618,-0.880538,-0.179633,0.000000,0.000000,0.000000,-1,0.415054,-0.801147,0.095963,-0.601248,-1.418363,-1.271943,148.749908,185.271851,-782.406128,0,0
4.240000,1.136251,1.038356,-0.777033,0.848131,0.262015,-0.460459,0.355939,0.361944,0.861571,0.392405,-0.894620,0.213715,0.564020,0.273906,-0.030165,0.778426,-0.598297,-1.406134,-0.894876,-0.178827,0.133604,0.287628,0.460459,-0.861571,-0.213715,0.000000,0.000000,0.000000,-1,-0.030411,-0.581284,0.126938,-0.553291,-1.563730,-0.645286,146.822647,185.795700,-784.911194,0,0
4.280000,1.066367,1.006214,-0.774070,0.862612,0.191003,-0.468421,0.374036,0.382608,0.844812,0.340583,-0.903952,0.258600,0.552586,0.255634,-0.057836,0.791173,0.054023,-1.113994,-0.514063,-0.676841,0.356897,0.408914,0.468421,-0.844812,-0.258600,0.000000,0.000000,0.000000,-1,-0.032669,-0.481216,0.036636,0.228083,-0.998399,-0.494764,145.070587,185.795700,-785.579224,0,0
