0.000000,2.805304,-0.536762,1.947423,0.504098,-0.815762,-0.283580,-0.799136,-0.316064,-0.511356,0.327516,0.484393,-0.811232,-0.811079,0.497762,-0.013542,0.306921,-0.002737,0.003009,0.009222,0.000844,-0.002216,-0.002638,0.283580,0.511356,0.811232,0.000000,0.000000,0.000000,-1,0.286133,0.508621,0.808609,-0.024452,0.015854,-0.004131,42.365875,213.938828,-484.162750,0,0
0.040000,2.805261,-0.536651,1.947218,0.503916,-0.815856,-0.283633,-0.799254,-0.315921,-0.511261,0.327510,0.484327,-0.811273,-0.811035,0.497855,-0.013525,0.306888,0.000464,0.009320,0.004915,0.002545,-0.003402,-0.001245,0.283633,0.511261,0.811274,0.000000,0.000000,0.000000,-1,0.287201,0.506668,0.811859,-0.022342,0.013686,-0.009466,43.596420,212.708282,-484.330322,0,0
0.080000,2.804894,-0.536196,1.946930,0.503681,-0.815871,-0.284007,-0.799561,-0.315776,-0.510870,0.327121,0.484396,-0.811389,-0.810994,0.497979,-0.013290,0.306804,-0.005984,-0.007622,0.006102,0.002324,-0.006444,-0.002978,0.284007,0.510870,0.811389,0.000000,0.000000,0.000000,-1,0.284973,0.505295,0.807739,-0.029844,-0.005347,-0.006140,42.365875,213.587250,-484.833099,0,0
0.120000,2.804071,-0.535776,1.946784,0.503719,-0.815590,-0.284747,-0.799807,-0.315738,-0.510508,0.326460,0.484895,-0.811357,-0.810989,0.497971,-0.012859,0.306848,-0.002839,-0.021402,0.005066,-0.004672,-0.004023,-0.005907,0.284747,0.510508,0.811357,0.000000,0.000000,0.000000,-1,0.282806,0.508743,0.803848,-0.026632,0.004145,-0.010462,43.244827,212.005112,-485.000671,0,0
0.160000,2.803745,-0.535920,1.946679,0.503779,-0.815469,-0.284987,-0.799771,-0.315627,-0.510633,0.326456,0.485170,-0.811195,-0.810956,0.497943,-0.012784,0.306984,0.001475,-0.001329,-0.000372,-0.000960,-0.001462,-0.003425,0.284987,0.510632,0.811195,0.000000,0.000000,0.000000,-1,0.286057,0.507767,0.809357,-0.023438,0.003095,-0.009418,42.365875,212.884079,-484.833099,0,0
0.200000,2.803307,-0.535789,1.946588,0.503812,-0.815316,-0.285364,-0.799862,-0.315579,-0.510520,0.326180,0.485458,-0.811133,-0.810945,0.497931,-0.012583,0.307042,-0.006018,-0.016138,0.001874,0.001226,-0.001685,-0.001868,0.285364,0.510520,0.811133,0.000000,0.000000,0.000000,-1,0.284042,0.512177,0.808029,-0.025586,-0.005348,-0.006173,42.893250,213.763046,-483.995178,0,0
0.240000,2.802523,-0.535785,1.946282,0.503817,-0.815090,-0.286000,-0.799961,-0.315335,-0.510517,0.325931,0.485996,-0.810911,-0.810873,0.497935,-0.012311,0.307234,-0.000655,-0.013923,0.012476,-0.001256,-0.001178,-0.005400,0.286000,0.510517,0.810911,0.000000,0.000000,0.000000,-1,0.282333,0.509048,0.809540,-0.022360,-0.001044,0.001243,43.069046,212.180908,-483.827576,0,0
0.280000,2.802053,-0.535751,1.945785,0.503556,-0.815116,-0.286387,-0.800134,-0.314944,-0.510487,0.325910,0.486207,-0.810793,-0.810755,0.498070,-0.012187,0.307335,0.003639,-0.000182,0.009192,-0.004725,-0.000645,-0.011874,0.286387,0.510487,0.810793,0.000000,0.000000,0.000000,-1,0.284607,0.509674,0.802917,-0.018073,0.011625,-0.003099,41.486908,212.708282,-484.665527,0,0
0.320000,2.802037,-0.535969,1.945253,0.503186,-0.815352,-0.286364,-0.800197,-0.314477,-0.510675,0.326325,0.486112,-0.810683,-0.810609,0.498252,-0.012325,0.307419,0.004746,0.009380,0.012341,0.001188,-0.001153,-0.001189,0.286364,0.510675,0.810683,0.000000,0.000000,0.000000,-1,0.288788,0.503891,0.807739,-0.015920,0.016950,0.000060,42.541672,213.059875,-482.989624,0,0
0.360000,2.801675,-0.535635,1.944645,0.502720,-0.815517,-0.286714,-0.800547,-0.314053,-0.510387,0.326186,0.486110,-0.810740,-0.810480,0.498490,-0.012176,0.307379,-0.000640,-0.001286,0.004974,0.000167,-0.007122,-0.004207,0.286714,0.510387,0.810740,0.000000,0.000000,0.000000,-1,0.287170,0.504868,0.804230,-0.023423,0.003154,-0.003026,41.486908,213.411453,-483.995178,0,0
0.400000,2.801109,-0.535355,1.944135,0.502413,-0.815528,-0.287220,-0.800840,-0.313696,-0.510146,0.325939,0.486321,-0.810713,-0.810374,0.498649,-0.011945,0.307410,0.001490,-0.004410,0.011366,0.000652,-0.006545,-0.008879,0.287220,0.510146,0.810713,0.000000,0.000000,0.000000,-1,0.285706,0.502335,0.810944,-0.022365,-0.000014,-0.001957,43.069046,212.180908,-483.827576,0,0
0.440000,2.800569,-0.534859,1.943941,0.502298,-0.815414,-0.287743,-0.801137,-0.313633,-0.509720,0.325387,0.486553,-0.810796,-0.810359,0.498714,-0.011614,0.307355,-0.001794,-0.018294,-0.001336,-0.001198,-0.006439,0.000560,0.287743,0.509720,0.810796,0.000000,0.000000,0.000000,-1,0.287628,0.506622,0.808823,-0.027750,-0.010713,-0.013594,42.541672,211.653534,-483.659973,0,0
0.480000,2.799773,-0.534769,1.943972,0.502558,-0.815021,-0.288403,-0.801169,-0.313675,-0.509643,0.324905,0.487185,-0.810610,-0.810377,0.498592,-0.011261,0.307520,-0.002845,-0.017207,0.001864,-0.003415,-0.001266,-0.012758,0.288403,0.509643,0.810610,0.000000,0.000000,0.000000,-1,0.287354,0.509064,0.814987,-0.025596,-0.004339,-0.011504,43.069046,212.884079,-483.492371,0,0
0.520000,2.799325,-0.534987,1.943926,0.502725,-0.814803,-0.288729,-0.801081,-0.313598,-0.509830,0.324866,0.487600,-0.810376,-0.810355,0.498511,-0.011148,0.307714,0.003609,0.001854,0.001741,-0.001162,0.001919,-0.014584,0.288729,0.509830,0.810376,0.000000,0.000000,0.000000,-1,0.286774,0.509766,0.799072,-0.020202,0.017912,-0.010564,42.014297,213.235657,-485.168274,0,0
0.560000,2.799579,-0.535305,1.943795,0.502621,-0.814959,-0.288469,-0.800971,-0.313434,-0.510103,0.325297,0.487443,-0.810297,-0.810301,0.498559,-0.011363,0.307770,0.006824,0.008198,0.000626,-0.001970,-0.003160,-0.005121,0.288469,0.510103,0.810297,0.000000,0.000000,0.000000,-1,0.288712,0.508865,0.807205,-0.020218,0.013665,-0.011613,42.190079,212.356705,-485.335876,0,0
0.600000,2.799707,-0.535365,1.943678,0.502499,-0.815074,-0.288355,-0.800979,-0.313328,-0.510155,0.325464,0.487319,-0.810305,-0.810267,0.498617,-0.011450,0.307761,0.002550,0.002911,0.001746,0.001730,-0.002220,-0.002901,0.288355,0.510155,0.810305,0.000000,0.000000,0.000000,-1,0.288589,0.508102,0.804230,-0.020208,0.012656,-0.006283,42.190079,212.005112,-485.000671,0,0
0.640000,2.799588,-0.535568,1.943297,0.502282,-0.815186,-0.288416,-0.801002,-0.312986,-0.510329,0.325743,0.487351,-0.810173,-0.810161,0.498725,-0.011518,0.307865,0.004704,0.004025,0.008117,-0.000803,-0.002822,-0.005439,0.288416,0.510330,0.810173,0.000000,0.000000,0.000000,-1,0.290176,0.507019,0.805069,-0.019135,0.012685,-0.003095,42.541672,214.466202,-483.659973,0,0
0.680000,2.799386,-0.535653,1.942720,0.501901,-0.815368,-0.288565,-0.801142,-0.312508,-0.510403,0.325988,0.487353,-0.810073,-0.810013,0.498915,-0.011550,0.307945,0.007906,0.005086,0.009157,0.001031,-0.001095,-0.003478,0.288565,0.510403,0.810073,0.000000,0.000000,0.000000,-1,0.288757,0.506592,0.806915,-0.022323,0.014804,-0.003078,42.541672,214.466202,-483.995178,0,0
0.720000,2.799222,-0.535465,1.942392,0.501636,-0.815473,-0.288730,-0.801333,-0.312280,-0.510241,0.325923,0.487325,-0.810116,-0.809943,0.499049,-0.011480,0.307912,0.000402,-0.005554,0.003931,-0.003162,-0.003802,-0.002988,0.288730,0.510241,0.810117,0.000000,0.000000,0.000000,-1,0.287369,0.507050,0.806824,-0.024510,0.000977,-0.009401,41.486908,213.411453,-484.665527,0,0
0.760000,2.798819,-0.535319,1.942274,0.501632,-0.815351,-0.289082,-0.801440,-0.312212,-0.510116,0.325669,0.487572,-0.810070,-0.809925,0.499056,-0.011293,0.307957,-0.002801,-0.008721,0.005034,0.000408,-0.003127,-0.005184,0.289082,0.510116,0.810070,0.000000,0.000000,0.000000,-1,0.288986,0.508713,0.806122,-0.024499,-0.000033,-0.004071,42.365875,213.587250,-485.503448,0,0
0.800000,2.798194,-0.535250,1.941804,0.501433,-0.815289,-0.289600,-0.801619,-0.311848,-0.510056,0.325532,0.487908,-0.809923,-0.809815,0.499160,-0.011093,0.308084,-0.000648,-0.006556,0.010336,-0.000126,-0.000611,-0.003496,0.289600,0.510056,0.809923,0.000000,0.000000,0.000000,-1,0.290054,0.507156,0.807098,-0.024485,0.003164,-0.001953,41.135330,212.708282,-485.335876,0,0
0.840000,2.797967,-0.535044,1.941553,0.501247,-0.815326,-0.289819,-0.801796,-0.311685,-0.509879,0.325385,0.487951,-0.809956,-0.809767,0.499255,-0.010980,0.308061,-0.001718,0.000769,0.000730,-0.003625,-0.003287,-0.005802,0.289819,0.509879,0.809956,0.000000,0.000000,0.000000,-1,0.282593,0.509583,0.804779,-0.022378,0.005173,-0.013695,42.365875,212.884079,-484.497925,0,0
0.880000,2.798220,-0.535336,1.941706,0.501368,-0.815342,-0.289565,-0.801609,-0.311754,-0.510130,0.325657,0.487880,-0.809889,-0.809786,0.499191,-0.011143,0.308109,0.003621,0.002905,0.001738,-0.004927,-0.000898,-0.007826,0.289565,0.510130,0.809889,0.000000,0.000000,0.000000,-1,0.290665,0.512848,0.804642,-0.021274,0.013695,-0.008409,42.541672,212.005112,-485.000671,0,0
0.920000,2.798346,-0.535573,1.941373,0.501120,-0.815545,-0.289422,-0.801600,-0.311443,-0.510334,0.326062,0.487739,-0.809811,-0.809687,0.499311,-0.011313,0.308166,0.007928,0.013531,0.005926,-0.001122,-0.002400,-0.004162,0.289422,0.510334,0.809811,0.000000,0.000000,0.000000,-1,0.286926,0.506470,0.805161,-0.016994,0.019010,-0.006331,41.486908,213.059875,-485.000671,0,0
0.960000,2.798713,-0.535735,1.941121,0.500838,-0.815833,-0.289097,-0.801601,-0.311211,-0.510473,0.326491,0.487405,-0.809840,-0.809613,0.499447,-0.011547,0.308134,0.003683,0.014559,0.002715,-0.003193,-0.001562,-0.004755,0.289097,0.510473,0.809840,0.000000,0.000000,0.000000,-1,0.286530,0.507004,0.806564,-0.018049,0.023237,-0.007404,42.365875,213.938828,-485.503448,0,0
1.000000,2.799279,-0.535748,1.940857,0.500441,-0.816240,-0.288636,-0.801677,-0.310997,-0.510484,0.326913,0.486861,-0.809997,-0.809542,0.499640,-0.011820,0.307997,0.002589,0.007137,0.001687,-0.001283,-0.003191,-0.000198,0.288636,0.510484,0.809997,0.000000,0.000000,0.000000,-1,0.289703,0.508072,0.805740,-0.021280,0.013676,-0.010539,41.311127,213.938828,-484.497925,0,0
1.040000,2.799286,-0.535734,1.940703,0.500309,-0.816322,-0.288633,-0.801732,-0.310876,-0.510473,0.326981,0.486801,-0.810005,-0.809505,0.499705,-0.011843,0.307989,0.002580,0.003968,0.002766,0.000613,-0.004186,-0.002922,0.288633,0.510473,0.810005,0.000000,0.000000,0.000000,-1,0.286880,0.504318,0.806961,-0.025555,0.007332,-0.009417,42.541672,211.653534,-484.330322,0,0
1.080000,2.799144,-0.535549,1.940565,0.500194,-0.816341,-0.288780,-0.801863,-0.310800,-0.510313,0.326837,0.486817,-0.810054,-0.809482,0.499765,-0.011754,0.307953,-0.000646,-0.004516,0.001759,-0.001899,-0.005995,-0.003093,0.288780,0.510313,0.810054,0.000000,0.000000,0.000000,-1,0.287048,0.507996,0.806396,-0.025564,0.006253,-0.011544,42.541672,213.059875,-483.659973,0,0
1.120000,2.799457,-0.535664,1.940799,0.500313,-0.816365,-0.288506,-0.801735,-0.310966,-0.510412,0.326967,0.486672,-0.810089,-0.809532,0.499702,-0.011877,0.307920,0.002560,0.004953,-0.006875,-0.005563,0.000254,-0.003280,0.288506,0.510412,0.810089,0.000000,0.000000,0.000000,-1,0.285980,0.509232,0.803925,-0.021289,0.015735,-0.016939,44.123795,213.235657,-485.838623,0,0
1.160000,2.799890,-0.535916,1.940913,0.500332,-0.816492,-0.288112,-0.801580,-0.311011,-0.510629,0.327318,0.486429,-0.810092,-0.809542,0.499687,-0.012107,0.307908,0.002593,0.011348,-0.002639,0.000187,-0.001412,-0.002506,0.288112,0.510629,0.810092,0.000000,0.000000,0.000000,-1,0.285904,0.505539,0.807861,-0.021287,0.015745,-0.015874,43.069046,212.884079,-485.168274,0,0
1.200000,2.800185,-0.535903,1.941016,0.500317,-0.816585,-0.287876,-0.801554,-0.311096,-0.510618,0.327406,0.486219,-0.810183,-0.809567,0.499693,-0.012207,0.307830,0.000434,0.004964,-0.005793,-0.001346,-0.005659,-0.003665,0.287876,0.510618,0.810183,0.000000,0.000000,0.000000,-1,0.287186,0.506241,0.805176,-0.022372,0.012528,-0.020115,42.190079,213.763046,-486.006226,0,0
1.240000,2.800890,-0.536139,1.941521,0.500561,-0.816650,-0.287264,-0.801284,-0.311457,-0.510821,0.327691,0.485877,-0.810272,-0.809674,0.499563,-0.012483,0.307747,0.001502,0.012309,-0.013286,-0.003847,-0.002993,-0.003891,0.287264,0.510821,0.810272,0.000000,0.000000,0.000000,-1,0.285187,0.509384,0.805771,-0.023424,0.020952,-0.025465,42.014297,213.938828,-485.838623,0,0
1.280000,2.801577,-0.536465,1.942024,0.500834,-0.816698,-0.286652,-0.800973,-0.311799,-0.511101,0.328037,0.485577,-0.810313,-0.809776,0.499420,-0.012777,0.307702,0.001505,0.008145,-0.008004,-0.001953,0.000786,-0.006770,0.286652,0.511101,0.810313,0.000000,0.000000,0.000000,-1,0.286285,0.509567,0.805542,-0.023412,0.018903,-0.018000,42.365875,212.884079,-484.497925,0,0
1.320000,2.801994,-0.536620,1.942246,0.500920,-0.816774,-0.286287,-0.800830,-0.311949,-0.511234,0.328255,0.485354,-0.810358,-0.809819,0.499372,-0.012956,0.307658,0.000446,0.008164,-0.005865,-0.002504,-0.003498,-0.002878,0.286287,0.511234,0.810358,0.000000,0.000000,0.000000,-1,0.283432,0.508728,0.806641,-0.023418,0.016785,-0.017992,41.486908,212.708282,-484.330322,0,0
1.360000,2.802468,-0.536687,1.942481,0.500974,-0.816879,-0.285892,-0.800724,-0.312125,-0.511291,0.328429,0.485064,-0.810461,-0.809870,0.499340,-0.013131,0.307566,-0.001688,0.003958,-0.002637,0.000867,-0.002045,-0.003622,0.285892,0.511291,0.810461,0.000000,0.000000,0.000000,-1,0.283966,0.511978,0.804138,-0.024489,0.010479,-0.012633,41.662704,213.587250,-485.168274,0,0
1.400000,2.802556,-0.536792,1.942500,0.500988,-0.816901,-0.285802,-0.800668,-0.312120,-0.511382,0.328544,0.485029,-0.810435,-0.809868,0.499331,-0.013194,0.307584,0.000445,0.001868,0.000549,-0.003011,-0.000380,-0.006786,0.285802,0.511382,0.810435,0.000000,0.000000,0.000000,-1,0.285217,0.510376,0.806885,-0.026595,0.013706,-0.007302,42.541672,213.411453,-486.341400,0,0
1.440000,2.802689,-0.536790,1.942330,0.500805,-0.817051,-0.285695,-0.800722,-0.311984,-0.511380,0.328691,0.484865,-0.810474,-0.809825,0.499421,-0.013273,0.307550,-0.001657,0.007241,0.005804,-0.000219,-0.002454,-0.003360,0.285695,0.511380,0.810474,0.000000,0.000000,0.000000,-1,0.284363,0.507141,0.808334,-0.022347,0.009479,-0.006254,43.420624,213.235657,-485.503448,0,0
1.480000,2.802420,-0.536654,1.941943,0.500542,-0.817128,-0.285937,-0.800908,-0.311700,-0.511263,0.328641,0.484918,-0.810463,-0.809738,0.499555,-0.013185,0.307563,0.001507,-0.002293,0.005816,0.000166,-0.002078,-0.006096,0.285937,0.511263,0.810463,0.000000,0.000000,0.000000,-1,0.283112,0.510818,0.806274,-0.023425,0.004193,-0.005161,42.893250,212.708282,-485.000671,0,0
1.520000,2.802103,-0.536656,1.941659,0.500414,-0.817116,-0.286193,-0.800995,-0.311472,-0.511265,0.328622,0.485083,-0.810371,-0.809669,0.499621,-0.013101,0.307641,0.000441,-0.008588,0.012239,-0.003249,-0.001972,-0.004707,0.286193,0.511265,0.810371,0.000000,0.000000,0.000000,-1,0.285889,0.509048,0.806244,-0.022330,0.011636,-0.002001,43.069046,213.587250,-485.503448,0,0
1.560000,2.801946,-0.536658,1.941225,0.500111,-0.817257,-0.286320,-0.801129,-0.311124,-0.511267,0.328756,0.485070,-0.810325,-0.809562,0.499772,-0.013105,0.307678,0.002588,-0.001194,0.010063,-0.000721,-0.001974,-0.001930,0.286320,0.511267,0.810325,0.000000,0.000000,0.000000,-1,0.286545,0.508682,0.807404,-0.021280,0.007390,-0.003059,41.662704,213.587250,-484.833099,0,0
1.600000,2.801421,-0.536313,1.940802,0.499846,-0.817250,-0.286804,-0.801426,-0.310848,-0.510970,0.328438,0.485258,-0.810341,-0.809481,0.499912,-0.012858,0.307675,-0.005985,-0.009720,0.002638,-0.001495,-0.003219,-0.001427,0.286804,0.510970,0.810341,0.000000,0.000000,0.000000,-1,0.283691,0.508377,0.807083,-0.028766,0.000988,-0.008303,42.893250,213.411453,-486.006226,0,0
1.640000,2.801342,-0.536247,1.940783,0.499839,-0.817228,-0.286880,-0.801463,-0.310845,-0.510913,0.328357,0.485297,-0.810350,-0.809480,0.499917,-0.012810,0.307670,0.002554,-0.005454,0.005750,-0.006042,-0.001377,-0.002779,0.286880,0.510913,0.810350,0.000000,0.000000,0.000000,-1,0.281311,0.510193,0.803314,-0.019144,0.009507,-0.003083,42.541672,213.059875,-485.000671,0,0
1.680000,2.801289,-0.536405,1.940490,0.499659,-0.817332,-0.286896,-0.801479,-0.310582,-0.511049,0.328592,0.485291,-0.810259,-0.809398,0.500005,-0.012879,0.307741,0.004743,0.008375,0.012072,-0.002136,-0.002214,-0.005572,0.286896,0.511049,0.810259,0.000000,0.000000,0.000000,-1,0.287399,0.507111,0.802612,-0.018043,0.019069,0.000068,41.486908,214.114624,-484.665527,0,0
1.720000,2.801216,-0.536255,1.939631,0.498940,-0.817741,-0.286980,-0.801817,-0.309920,-0.510920,0.328859,0.485024,-0.810311,-0.809193,0.500362,-0.012939,0.307697,0.000453,0.004077,0.005732,0.000968,-0.004603,-0.000740,0.286980,0.510920,0.810311,0.000000,0.000000,0.000000,-1,0.287003,0.506042,0.806778,-0.022349,0.009469,-0.007319,42.893250,212.356705,-485.671021,0,0
1.760000,2.800987,-0.535983,1.939518,0.498851,-0.817715,-0.287212,-0.801981,-0.309880,-0.510687,0.328595,0.485095,-0.810375,-0.809183,0.500411,-0.012785,0.307651,-0.003858,-0.006523,0.003607,-0.003017,-0.002691,-0.003658,0.287212,0.510687,0.810375,0.000000,0.000000,0.000000,-1,0.284302,0.507797,0.806564,-0.026640,-0.000072,-0.008316,43.596420,213.059875,-483.995178,0,0
1.800000,2.800759,-0.535870,1.939448,0.498838,-0.817650,-0.287416,-0.802057,-0.309845,-0.510589,0.328429,0.485226,-0.810364,-0.809174,0.500420,-0.012671,0.307664,-0.001736,-0.009690,0.004667,-0.000765,-0.002304,-0.004029,0.287416,0.510589,0.810365,0.000000,0.000000,0.000000,-1,0.287094,0.506317,0.805908,-0.025577,0.000967,-0.010458,43.420624,213.587250,-485.503448,0,0
1.840000,2.800373,-0.535620,1.939420,0.498875,-0.817503,-0.287771,-0.802184,-0.309869,-0.510374,0.328061,0.485458,-0.810374,-0.809184,0.500407,-0.012448,0.307666,-0.007076,-0.008700,-0.002752,0.001215,-0.006316,-0.003153,0.287771,0.510374,0.810374,0.000000,0.000000,0.000000,-1,0.289413,0.507156,0.806030,-0.034118,-0.003307,-0.014638,42.541672,212.356705,-485.335876,0,0
1.880000,2.799900,-0.535235,1.939706,0.499160,-0.817171,-0.288220,-0.802279,-0.310168,-0.510043,0.327396,0.485826,-0.810423,-0.809282,0.500274,-0.012102,0.307640,-0.010294,-0.017162,-0.001629,-0.001554,-0.001208,-0.004957,0.288220,0.510043,0.810423,0.000000,0.000000,0.000000,-1,0.285294,0.507843,0.806854,-0.033061,-0.007524,-0.012499,42.014297,212.884079,-484.833099,0,0
1.920000,2.799417,-0.534959,1.939902,0.499404,-0.816867,-0.288659,-0.802350,-0.310376,-0.509806,0.326850,0.486204,-0.810416,-0.809351,0.500159,-0.011797,0.307657,-0.008170,-0.015039,-0.000644,-0.001061,-0.000345,-0.005637,0.288659,0.509806,0.810416,0.000000,0.000000,0.000000,-1,0.290543,0.506119,0.806824,-0.031987,-0.000160,-0.017862,43.420624,213.235657,-485.503448,0,0
1.960000,2.799079,-0.534675,1.940221,0.499699,-0.816573,-0.288982,-0.802385,-0.310685,-0.509562,0.326312,0.486502,-0.810454,-0.809450,0.500018,-0.011529,0.307636,-0.007108,-0.008764,-0.009197,0.000844,-0.004267,-0.004378,0.288982,0.509562,0.810454,0.000000,0.000000,0.000000,-1,0.288071,0.505829,0.805298,-0.032001,-0.001258,-0.022119,41.135330,212.708282,-485.671021,0,0
2.000000,2.798697,-0.534524,1.940768,0.500229,-0.816129,-0.289318,-0.802287,-0.311151,-0.509432,0.325740,0.486948,-0.810416,-0.809598,0.499759,-0.011247,0.307677,-0.009265,-0.017248,-0.010214,-0.002330,-0.001039,-0.004020,0.289318,0.509432,0.810416,0.000000,0.000000,0.000000,-1,0.285599,0.511353,0.803802,-0.033084,-0.006563,-0.023156,43.947998,213.763046,-485.000671,0,0
2.040000,2.798604,-0.534733,1.941412,0.500841,-0.815740,-0.289357,-0.801987,-0.311629,-0.509611,0.325538,0.487295,-0.810289,-0.809747,0.499455,-0.011171,0.307783,-0.004981,-0.009834,-0.010277,-0.002720,-0.001509,-0.004335,0.289357,0.509611,0.810289,0.000000,0.000000,0.000000,-1,0.289536,0.508911,0.803162,-0.028782,0.005116,-0.020037,42.717453,214.290421,-485.168274,0,0
2.080000,2.798505,-0.534654,1.941876,0.501230,-0.815467,-0.289451,-0.801880,-0.312016,-0.509543,0.325203,0.487503,-0.810299,-0.809868,0.499262,-0.011036,0.307781,-0.011352,-0.000311,-0.009240,0.006158,-0.003303,-0.004421,0.289451,0.509543,0.810299,0.000000,0.000000,0.000000,-1,0.292648,0.501709,0.809128,-0.037335,-0.005483,-0.020996,44.123795,213.938828,-485.838623,0,0
2.120000,2.797928,-0.534048,1.942241,0.501552,-0.815066,-0.290022,-0.802054,-0.312421,-0.509022,0.324277,0.487914,-0.810422,-0.809999,0.499112,-0.010573,0.307696,-0.012522,-0.034204,-0.009102,-0.001204,-0.007602,-0.000699,0.290022,0.509022,0.810422,0.000000,0.000000,0.000000,-1,0.287460,0.503967,0.806992,-0.040624,-0.040395,-0.016579,42.190079,213.763046,-484.665527,0,0
2.160000,2.796339,-0.533279,1.942707,0.502237,-0.814138,-0.291442,-0.802272,-0.312937,-0.508360,0.322672,0.489132,-0.810328,-0.810170,0.498787,-0.009637,0.307803,-0.018938,-0.047912,-0.002608,-0.000884,-0.004042,-0.004344,0.291442,0.508360,0.810328,0.000000,0.000000,0.000000,-1,0.290436,0.504486,0.804062,-0.042747,-0.043513,-0.010159,43.596420,214.114624,-483.659973,0,0
2.200000,2.794453,-0.532604,1.943011,0.502908,-0.813133,-0.293086,-0.802497,-0.313305,-0.507779,0.321066,0.490566,-0.810100,-0.810295,0.498469,-0.008633,0.308019,-0.019991,-0.046823,0.000592,-0.002589,-0.000577,-0.007304,0.293086,0.507779,0.810099,0.000000,0.000000,0.000000,-1,0.288361,0.505676,0.801392,-0.040567,-0.028665,-0.008101,43.420624,212.532501,-484.833099,0,0
2.240000,2.793187,-0.532075,1.943141,0.503274,-0.812502,-0.294203,-0.802706,-0.313507,-0.507323,0.319966,0.491481,-0.809980,-0.810364,0.498297,-0.007948,0.308134,-0.015664,-0.027691,0.010037,-0.004927,-0.003187,-0.006910,0.294203,0.507323,0.809980,0.000000,0.000000,0.000000,-1,0.290359,0.503067,0.809296,-0.029813,-0.001042,0.001300,42.365875,212.532501,-486.173798,0,0
2.280000,2.792868,-0.531689,1.942966,0.503129,-0.812474,-0.294528,-0.802943,-0.313438,-0.506990,0.319600,0.491571,-0.810071,-0.810345,0.498373,-0.007735,0.308066,-0.006014,-0.008588,0.014151,-0.004169,-0.003923,-0.000775,0.294528,0.506990,0.810070,0.000000,0.000000,0.000000,-1,0.303268,0.495758,0.810745,-0.025593,-0.009565,-0.004027,42.365875,213.938828,-484.497925,0,0
2.320000,2.791435,-0.530641,1.942640,0.503032,-0.812046,-0.295871,-0.803540,-0.313369,-0.506086,0.318248,0.492322,-0.810146,-0.810331,0.498434,-0.006904,0.308025,-0.011445,-0.027811,-0.002776,0.009488,-0.008299,-0.001476,0.295871,0.506086,0.810146,0.000000,0.000000,0.000000,-1,0.302765,0.495575,0.805786,-0.032056,-0.015076,-0.027393,43.420624,213.235657,-484.833099,0,0
2.360000,2.790334,-0.529896,1.943345,0.503749,-0.811229,-0.296893,-0.803670,-0.314073,-0.505443,0.316784,0.493220,-0.810174,-0.810555,0.498084,-0.006135,0.308019,-0.005062,-0.017344,-0.015644,-0.004137,-0.005291,-0.003487,0.296893,0.505443,0.810174,0.000000,0.000000,0.000000,-1,0.292694,0.501114,0.808151,-0.020293,-0.004419,-0.020067,41.838501,213.411453,-484.330322,0,0
2.400000,2.790275,-0.530120,1.943731,0.504142,-0.810981,-0.296901,-0.803443,-0.314341,-0.505637,0.316734,0.493456,-0.810050,-0.810638,0.497887,-0.006116,0.308120,0.009892,-0.005620,-0.005176,-0.005352,-0.000831,-0.007392,0.296901,0.505637,0.810050,0.000000,0.000000,0.000000,-1,0.293716,0.510498,0.799454,-0.001020,0.020065,-0.006459,43.596420,214.114624,-484.330322,0,0
2.440000,2.790305,-0.531907,1.942600,0.503709,-0.811373,-0.296566,-0.802955,-0.313104,-0.507178,0.318654,0.493599,-0.809209,-0.810250,0.498095,-0.006815,0.308786,0.028178,0.030641,0.022242,-0.000622,0.002832,-0.019292,0.296566,0.507178,0.809209,0.000000,0.000000,0.000000,-1,0.290573,0.512360,0.786514,0.005509,0.050956,0.012550,42.014297,212.884079,-485.168274,0,0
2.480000,2.791222,-0.533270,1.941342,0.502770,-0.812312,-0.295586,-0.802703,-0.311843,-0.508352,0.320764,0.492852,-0.808831,-0.809852,0.498552,-0.007773,0.309070,0.030482,0.081527,0.027358,-0.003136,0.005961,-0.019295,0.295586,0.508352,0.808831,0.000000,0.000000,0.000000,-1,0.295517,0.517960,0.806519,0.027051,0.130415,0.015281,42.717453,213.938828,-485.168274,0,0
2.520000,2.794688,-0.535574,1.939229,0.500564,-0.814831,-0.292382,-0.802265,-0.309724,-0.510335,0.325279,0.490023,-0.808747,-0.809172,0.499615,-0.010164,0.309069,0.072127,0.122782,0.022618,0.002815,0.010371,0.004715,0.292382,0.510335,0.808747,0.000000,0.000000,0.000000,-1,0.300308,0.512955,0.806244,0.054659,0.118610,-0.000868,42.190079,212.005112,-485.335876,0,0
2.560000,2.797932,-0.538647,1.937153,0.498640,-0.817132,-0.289227,-0.801439,-0.307494,-0.512975,0.330233,0.487588,-0.808210,-0.808447,0.500519,-0.012680,0.309409,0.055925,0.071681,-0.003744,0.007037,-0.011449,-0.005781,0.289227,0.512975,0.808210,0.000000,0.000000,0.000000,-1,0.285706,0.497986,0.806702,0.031093,0.075152,-0.004784,42.014297,213.235657,-484.833099,0,0
2.600000,2.799332,-0.539433,1.936050,0.497486,-0.818283,-0.287960,-0.801400,-0.306466,-0.513650,0.332061,0.486305,-0.808234,-0.808113,0.501069,-0.013643,0.309349,0.047459,0.064565,0.028309,-0.000881,-0.012567,-0.002784,0.287960,0.513650,0.808234,0.000000,0.000000,0.000000,-1,0.286118,0.506546,0.803253,0.038677,0.101816,0.015298,41.838501,213.059875,-484.330322,0,0
2.640000,2.802082,-0.541027,1.933909,0.495241,-0.820517,-0.285463,-0.801289,-0.304458,-0.515016,0.335668,0.483795,-0.808251,-0.807457,0.502133,-0.015544,0.309246,0.075279,0.116397,0.021509,0.004317,-0.010164,-0.002510,0.285463,0.515016,0.808251,0.000000,0.000000,0.000000,-1,0.290054,0.504013,0.811020,0.048275,0.116533,0.003450,43.069046,212.884079,-483.827576,0,0
2.680000,2.805667,-0.542840,1.931946,0.492898,-0.823033,-0.282255,-0.801010,-0.302554,-0.516570,0.339757,0.480705,-0.808386,-0.806821,0.503223,-0.017817,0.309014,0.054812,0.065295,-0.006899,0.002718,-0.019713,0.006098,0.282255,0.516570,0.808386,0.000000,0.000000,0.000000,-1,0.283890,0.495804,0.820404,0.022521,0.071809,-0.022816,43.244827,212.708282,-483.324799,0,0
2.720000,2.807424,-0.542519,1.931895,0.492175,-0.823933,-0.280889,-0.801180,-0.302572,-0.516295,0.340403,0.479150,-0.809037,-0.806812,0.503560,-0.018441,0.308450,0.041942,0.039872,-0.007801,-0.002477,-0.025389,0.013961,0.280889,0.516295,0.809037,0.000000,0.000000,0.000000,-1,0.279373,0.490219,0.821747,0.016032,0.035829,-0.019434,41.662704,214.993576,-485.168274,0,0
2.760000,2.808362,-0.541763,1.932148,0.491865,-0.824333,-0.280257,-0.801468,-0.302912,-0.515648,0.340172,0.478247,-0.809669,-0.806915,0.503709,-0.018563,0.307930,0.028960,-0.008979,-0.022427,-0.004592,-0.036903,0.012643,0.280257,0.515648,0.809669,0.000000,0.000000,0.000000,-1,0.271530,0.476990,0.817352,0.012636,-0.009949,-0.044804,42.893250,213.059875,-483.324799,0,0
2.800000,2.809207,-0.541040,1.933576,0.492566,-0.824106,-0.279695,-0.801384,-0.304188,-0.515028,0.339357,0.477828,-0.810258,-0.807312,0.503365,-0.018476,0.307457,0.025719,-0.005922,-0.036258,-0.013597,-0.037229,0.006072,0.279695,0.515028,0.810258,0.000000,0.000000,0.000000,-1,0.265167,0.487473,0.822311,-0.001171,0.005892,-0.050083,42.717453,214.641998,-485.503448,0,0
2.840000,2.811276,-0.540711,1.935385,0.493270,-0.824233,-0.278073,-0.800990,-0.305699,-0.514746,0.339264,0.476642,-0.810994,-0.807769,0.502997,-0.018938,0.306829,0.031074,0.008933,-0.034223,-0.008130,-0.024298,0.013865,0.278073,0.514746,0.810994,0.000000,0.000000,0.000000,-1,0.273361,0.474289,0.833786,0.013726,-0.007762,-0.037364,43.244827,212.708282,-485.671021,0,0
2.880000,2.811907,-0.539409,1.936346,0.493510,-0.824189,-0.277778,-0.801321,-0.306708,-0.513629,0.338131,0.476070,-0.811803,-0.808087,0.502888,-0.018672,0.306186,0.036367,-0.017310,-0.012887,-0.006583,-0.047916,0.018366,0.277778,0.513629,0.811803,0.000000,0.000000,0.000000,-1,0.265274,0.467285,0.832916,0.015842,-0.018285,-0.029883,40.959534,212.884079,-484.162750,0,0
2.920000,2.812114,-0.538173,1.936956,0.493622,-0.824109,-0.277815,-0.801726,-0.307423,-0.512568,0.337006,0.475747,-0.812461,-0.808317,0.502846,-0.018307,0.305671,0.042648,-0.039616,-0.020305,-0.012541,-0.045283,0.020456,0.277815,0.512568,0.812461,0.000000,0.000000,0.000000,-1,0.257706,0.473526,0.841446,0.027457,-0.052161,-0.027716,43.244827,213.059875,-484.665527,0,0
2.960000,2.811916,-0.537883,1.937429,0.494003,-0.823810,-0.278024,-0.801720,-0.307856,-0.512319,0.336462,0.475985,-0.812547,-0.808456,0.502665,-0.018071,0.305614,0.103478,-0.007555,0.010000,-0.017969,-0.036229,0.030852,0.278024,0.512319,0.812547,0.000000,0.000000,0.000000,-1,0.274582,0.479645,0.839279,0.125812,0.038314,0.022318,42.365875,213.938828,-485.168274,0,0
3.000000,2.812146,-0.540278,1.934147,0.491840,-0.825301,-0.277439,-0.801576,-0.304785,-0.514374,0.339954,0.475379,-0.811447,-0.807476,0.503692,-0.019355,0.306434,0.167600,0.039492,0.058336,0.006496,-0.033478,0.024109,0.277439,0.514374,0.811447,0.000000,0.000000,0.000000,-1,0.303314,0.474518,0.833817,0.143039,0.049493,0.086062,41.311127,213.938828,-485.168274,0,0
3.040000,2.808217,-0.540699,1.925162,0.485864,-0.827783,-0.280554,-0.804079,-0.297496,-0.514736,0.342626,0.475679,-0.810146,-0.805218,0.506652,-0.019272,0.307499,0.112245,0.018661,0.090798,0.031076,-0.079891,0.033848,0.280554,0.514736,0.810146,0.000000,0.000000,0.000000,-1,0.290604,0.421967,0.851196,0.069290,-0.011234,0.046379,43.069046,212.532501,-485.168274,0,0
3.080000,2.805820,-0.540965,1.923060,0.485016,-0.827636,-0.282450,-0.804574,-0.295758,-0.514964,0.342665,0.477018,-0.809342,-0.804692,0.507092,-0.018707,0.308187,0.058474,-0.075418,-0.004307,0.005223,-0.088969,0.042480,0.282450,0.514964,0.809342,0.000000,0.000000,0.000000,-1,0.288834,0.464767,0.842667,0.020837,-0.101195,-0.061571,42.893250,214.466202,-486.676575,0,0
3.120000,2.802161,-0.542210,1.924569,0.487845,-0.825027,-0.285196,-0.803525,-0.296749,-0.516030,0.341107,0.480905,-0.807698,-0.805030,0.505743,-0.017363,0.309596,0.063414,-0.139637,-0.076543,0.018256,-0.017709,0.002422,0.285196,0.516030,0.807698,0.000000,0.000000,0.000000,-1,0.308914,0.511734,0.785858,0.072521,-0.233926,-0.096630,42.190079,213.059875,-486.006226,0,0
3.160000,2.786307,-0.549539,1.926680,0.496959,-0.815497,-0.296641,-0.799330,-0.297119,-0.522294,0.337792,0.496673,-0.799508,-0.805231,0.501356,-0.012776,0.316359,0.050644,-0.477720,-0.097549,0.024831,0.074111,-0.143593,0.296641,0.522294,0.799508,0.000000,0.000000,0.000000,-1,0.377060,0.636353,0.649338,-0.006014,-0.478833,-0.123867,42.893250,213.763046,-485.671021,0,0
3.200000,2.775217,-0.550673,1.930501,0.504090,-0.807898,-0.305277,-0.797634,-0.299963,-0.523261,0.331170,0.507270,-0.795615,-0.806174,0.497886,-0.008029,0.319575,-0.030934,-0.335889,-0.113458,0.106634,0.126611,-0.123344,0.305277,0.523261,0.795615,0.000000,0.000000,0.000000,-1,0.498581,0.698914,0.880463,0.065735,-0.013613,-0.096338,44.123795,212.532501,-487.849670,0,0
3.240000,2.771215,-0.558709,1.929482,0.506905,-0.805508,-0.306927,-0.793976,-0.297664,-0.530092,0.335632,0.512399,-0.790442,-0.805452,0.496456,-0.008910,0.323573,0.326331,0.108846,-0.002838,0.185733,0.171385,0.149148,0.306927,0.530092,0.790442,0.000000,0.000000,0.000000,-1,0.472748,0.623016,0.945374,0.353589,-0.047902,0.095447,43.244827,212.708282,-488.352448,0,0
3.280000,2.756413,-0.574656,1.914524,0.504586,-0.803698,-0.315377,-0.790280,-0.282870,-0.543546,0.347636,0.523502,-0.777879,-0.800833,0.497600,-0.010071,0.333106,0.425555,-0.299677,0.148134,0.127906,0.028231,0.044830,0.315377,0.543546,0.777879,0.000000,0.000000,0.000000,-1,0.383621,0.541336,0.722778,0.424199,-0.301966,0.111832,44.475372,215.345169,-487.179321,0,0
3.320000,2.740066,-0.585555,1.904686,0.505721,-0.798847,-0.325715,-0.787380,-0.273124,-0.552662,0.352531,0.535955,-0.767121,-0.797804,0.497060,-0.008403,0.341129,0.393103,-0.416770,0.084906,0.035201,-0.019444,-0.088440,0.325715,0.552662,0.767121,0.000000,0.000000,0.000000,-1,0.355576,0.524063,0.601410,0.277713,-0.475973,0.076334,42.717453,214.290421,-487.514526,0,0
3.360000,2.716815,-0.595811,1.895457,0.509830,-0.789759,-0.341108,-0.784454,-0.264024,-0.561181,0.353137,0.553690,-0.754137,-0.794983,0.495046,-0.003783,0.350596,0.297203,-0.391810,0.036515,0.004367,-0.028450,-0.161623,0.341108,0.561181,0.754137,0.000000,0.000000,0.000000,-1,0.364182,0.533829,0.568314,0.265575,-0.212825,0.012587,44.299591,213.763046,-487.346924,0,0
3.400000,2.706523,-0.603362,1.890158,0.511770,-0.785903,-0.347055,-0.781797,-0.258525,-0.567414,0.356210,0.561712,-0.746722,-0.793256,0.494072,-0.002885,0.355852,0.272460,-0.129068,0.043179,0.017126,-0.033585,-0.178409,0.347055,0.567414,0.746722,0.000000,0.000000,0.000000,-1,0.383423,0.538879,0.648804,0.221851,0.082021,0.054434,44.475372,213.938828,-489.190399,0,0
3.440000,2.706815,-0.612251,1.880665,0.507108,-0.789952,-0.344699,-0.779381,-0.249544,-0.574711,0.367977,0.560092,-0.742219,-0.790391,0.496379,-0.007363,0.358937,0.183141,0.243989,0.065910,0.038724,-0.035832,-0.093416,0.344699,0.574711,0.742220,0.000000,0.000000,0.000000,-1,0.419312,0.538162,0.712540,0.149838,0.235338,0.024589,45.178543,214.641998,-488.184875,0,0
3.480000,2.709900,-0.617483,1.874370,0.502683,-0.794311,-0.341145,-0.778056,-0.243731,-0.578985,0.376747,0.556476,-0.740538,-0.788504,0.498529,-0.011288,0.360005,0.183725,0.143755,-0.005087,0.078167,-0.040823,-0.027998,0.341145,0.578985,0.740538,0.000000,0.000000,0.000000,-1,0.430542,0.566040,0.688599,0.124816,0.084651,-0.006612,44.299591,213.763046,-489.022827,0,0
3.520000,2.707054,-0.622490,1.867999,0.500333,-0.795415,-0.342026,-0.776812,-0.237917,-0.583060,0.382401,0.557414,-0.736925,-0.786634,0.499669,-0.012831,0.362454,0.063223,0.031000,0.057003,0.106033,-0.021170,-0.087130,0.342026,0.583060,0.736925,0.000000,0.000000,0.000000,-1,0.446915,0.557373,0.644531,0.022642,0.054454,0.047560,43.772217,213.938828,-488.520020,0,0
3.560000,2.704059,-0.623657,1.862385,0.497397,-0.796429,-0.343943,-0.777483,-0.233357,-0.584008,0.384860,0.557893,-0.735281,-0.785181,0.501131,-0.013028,0.363579,0.052801,0.130231,0.023698,0.103323,-0.046258,-0.088400,0.343943,0.584008,0.735281,0.000000,0.000000,0.000000,-1,0.437607,0.519287,0.658707,0.020695,0.188137,-0.042413,44.123795,215.345169,-489.525574,0,0
3.600000,2.704839,-0.624409,1.859946,0.495399,-0.798001,-0.343183,-0.777628,-0.231335,-0.584618,0.387136,0.556488,-0.735151,-0.784520,0.502100,-0.014006,0.363632,0.045265,0.177032,-0.066957,0.094088,-0.065804,-0.069669,0.343183,0.584618,0.735151,0.000000,0.000000,0.000000,-1,0.441742,0.554428,0.668808,0.028750,0.115207,-0.140212,43.596420,214.466202,-487.682098,0,0
3.640000,2.708258,-0.628880,1.863863,0.498658,-0.797518,-0.339567,-0.774206,-0.233621,-0.588240,0.389801,0.556226,-0.733940,-0.785210,0.500415,-0.015994,0.364382,0.042356,-0.019630,-0.141822,0.121996,-0.047666,-0.076317,0.339567,0.588240,0.733940,0.000000,0.000000,0.000000,-1,0.467255,0.508423,0.641235,-0.015277,-0.019174,-0.126583,43.244827,214.466202,-487.011749,0,0
3.680000,2.705225,-0.628913,1.864720,0.500530,-0.795395,-0.341783,-0.773987,-0.234279,-0.588266,0.387832,0.558981,-0.732889,-0.785446,0.499520,-0.014657,0.365158,-0.031924,0.040987,-0.113757,0.126189,-0.088861,-0.086237,0.341783,0.588266,0.732889,0.000000,0.000000,0.000000,-1,0.480499,0.498627,0.680862,-0.043749,0.090777,-0.149146,43.069046,214.641998,-487.179321,0,0
3.720000,2.707356,-0.629322,1.869051,0.503281,-0.794372,-0.340120,-0.772735,-0.237559,-0.588597,0.386766,0.559052,-0.733398,-0.786485,0.498136,-0.014827,0.364803,-0.008749,0.027493,-0.194829,0.145354,-0.076969,-0.050979,0.340120,0.588597,0.733398,0.000000,0.000000,0.000000,-1,0.531464,0.572449,0.688034,-0.044137,0.027548,-0.228805,45.178543,214.641998,-487.849670,0,0
3.760000,2.716418,-0.635102,1.880250,0.510508,-0.793173,-0.332051,-0.766773,-0.245157,-0.593259,0.389153,0.557471,-0.733339,-0.788829,0.494387,-0.018097,0.364696,0.178253,0.400657,-0.380895,0.194438,0.000185,0.063384,0.332051,0.593259,0.733339,0.000000,0.000000,0.000000,-1,0.295441,0.684891,0.888138,0.295510,0.523633,-0.409077,42.893250,214.114624,-488.352448,0,0
3.800000,2.735401,-0.649786,1.888199,0.513814,-0.798139,-0.314594,-0.756442,-0.248498,-0.605016,0.404711,0.548838,-0.731427,-0.789579,0.492218,-0.028533,0.365339,0.430593,0.398496,-0.380713,-0.019154,0.079874,0.156711,0.314594,0.605016,0.731427,0.000000,0.000000,0.000000,-1,0.242355,0.903076,0.853561,0.551557,0.301583,-0.363356,42.893250,214.114624,-487.346924,0,0
3.840000,2.751094,-0.675528,1.893373,0.518894,-0.801567,-0.297050,-0.740126,-0.247388,-0.625310,0.427741,0.544324,-0.721630,-0.788656,0.488709,-0.041428,0.370768,0.553062,0.347237,-0.309029,-0.054695,0.277767,0.131932,0.297050,0.625310,0.721630,0.000000,0.000000,0.000000,-1,0.248306,0.906403,0.631165,0.251913,0.363616,-0.189748,43.244827,213.763046,-487.682098,0,0
3.880000,2.764633,-0.680602,1.890751,0.512313,-0.809749,-0.286081,-0.737751,-0.244446,-0.629261,0.439612,0.533435,-0.722626,-0.787303,0.491393,-0.048752,0.369202,-0.319833,0.219074,0.360851,-0.047602,0.128384,-0.121017,0.286081,0.629261,0.722626,0.000000,0.000000,0.000000,-1,0.142548,0.601776,0.665359,-0.481937,0.251610,0.282974,42.014297,213.587250,-487.849670,0,0
3.920000,2.772191,-0.664016,1.888935,0.503047,-0.816145,-0.284341,-0.748005,-0.246337,-0.616284,0.432934,0.522709,-0.734400,-0.788001,0.496240,-0.047142,0.361355,-0.598750,0.399419,0.157797,-0.150857,-0.039624,-0.025980,0.284341,0.616284,0.734400,0.000000,0.000000,0.000000,-1,0.098068,0.551743,0.853760,-0.689066,0.532073,0.140776,41.311127,214.290421,-486.844177,0,0
3.960000,2.793985,-0.637452,1.892366,0.489498,-0.827920,-0.273751,-0.762422,-0.253987,-0.595149,0.423207,0.500038,-0.755551,-0.790417,0.503008,-0.047271,0.346396,-0.608102,0.407617,0.241998,-0.174325,-0.093456,0.087283,0.273751,0.595149,0.755551,0.000000,0.000000,0.000000,-1,0.141632,0.562790,0.834442,-0.667290,-0.138028,0.294394,42.717453,212.884079,-486.844177,0,0
4.000000,2.792396,-0.617094,1.890400,0.483189,-0.829859,-0.279039,-0.774263,-0.256242,-0.578668,0.408711,0.495656,-0.766343,-0.791482,0.506683,-0.040958,0.339339,-0.598193,-0.185553,0.238818,-0.137407,-0.015878,0.068100,0.279039,0.578668,0.766343,0.000000,0.000000,0.000000,-1,0.266800,0.625885,0.749863,-0.153121,0.304253,0.140670,42.365875,213.587250,-485.838623,0,0
4.040000,2.794788,-0.605646,1.882039,0.472212,-0.836020,-0.279439,-0.782634,-0.251772,-0.569293,0.405586,0.487525,-0.773187,-0.790122,0.512153,-0.039914,0.334385,-0.324003,-0.201430,0.472163,0.021693,0.045376,-0.078729,0.279439,0.569293,0.773188,0.000000,0.000000,0.000000,-1,0.189117,0.519394,0.653244,-0.644357,-0.200843,0.603395,43.947998,213.411453,-485.000671,0,0
4.080000,2.781239,-0.583660,1.868881,0.460573,-0.837437,-0.294232,-0.797652,-0.245070,-0.551082,0.389389,0.488508,-0.780856,-0.788432,0.518462,-0.030173,0.329638,-0.665925,-0.049212,0.661741,-0.105115,-0.031688,-0.127612,0.294232,0.551082,0.780856,0.000000,0.000000,0.000000,-1,0.174301,0.400757,0.801666,-0.564423,0.151077,0.634481,43.947998,213.763046,-485.000671,0,0
4.120000,2.776358,-0.552039,1.847314,0.435192,-0.847421,-0.304114,-0.819112,-0.232454,-0.524424,0.373716,0.477328,-0.795295,-0.784688,0.530954,-0.022175,0.319156,-0.211481,0.151240,0.361247,-0.121817,-0.136195,0.025079,0.304114,0.524424,0.795295,0.000000,0.000000,0.000000,-1,0.248749,0.365799,0.836960,-0.102259,0.150424,0.229273,43.244827,212.708282,-483.995178,0,0
4.160000,2.781413,-0.545119,1.842573,0.427258,-0.852427,-0.301361,-0.823681,-0.229536,-0.518520,0.372827,0.469767,-0.800199,-0.783740,0.534650,-0.022797,0.315247,0.107976,0.100390,0.021264,-0.047134,-0.149181,0.027804,0.301361,0.518520,0.800199,0.000000,0.000000,0.000000,-1,0.250244,0.460144,0.811188,0.145868,0.061753,-0.077001,45.002747,212.708282,-484.330322,0,0
4.200000,2.786152,-0.549877,1.843537,0.427672,-0.853852,-0.296704,-0.821074,-0.229663,-0.522582,0.378066,0.467110,-0.799296,-0.783682,0.534313,-0.025955,0.315719,0.210927,0.085622,-0.086010,-0.046460,-0.062438,0.011892,0.296704,0.522582,0.799296,0.000000,0.000000,0.000000,-1,0.290848,0.498245,0.774063,0.197260,0.152866,-0.073479,45.002747,210.950363,-484.330322,0,0
4.240000,2.790425,-0.555931,1.843222,0.427491,-0.855497,-0.292192,-0.818084,-0.228549,-0.527735,0.384695,0.464640,-0.797571,-0.783200,0.534212,-0.029527,0.316769,0.219780,0.149723,-0.026660,-0.016664,-0.034952,-0.009226,0.292192,0.527735,0.797571,0.000000,0.000000,0.000000,-1,0.325592,0.493927,0.775589,0.200758,0.138279,0.067171,44.475372,212.532501,-483.827576,0,1
4.280000,2.786358,-0.565982,1.827883,0.418771,-0.859328,-0.293574,-0.816322,-0.214615,-0.536245,0.397805,0.464215,-0.791363,-0.778580,0.538047,-0.033468,0.321245,0.266706,-0.038509,0.236824,0.051092,-0.061376,-0.013928,0.293574,0.536245,0.791363,0.000000,0.000000,0.000000,-1,0.348541,0.441193,0.757996,0.191928,-0.163456,0.310198,44.826965,211.829330,-484.497925,0,0
