0.000000,0.679101,1.491437,-0.609176,0.996425,0.068247,-0.049793,0.045361,0.065016,0.996853,0.071269,-0.995548,0.061687,0.683689,0.041542,0.007853,0.728548,-0.017920,0.024653,-0.003573,-0.001849,0.023952,-0.011601,0.049793,-0.996853,-0.061687,0.000000,0.000000,0.000000,-1,0.047943,-0.972900,-0.073288,-0.045731,0.030579,-0.015740,100.904602,187.042664,-615.049255,0,0
0.040000,0.657889,1.490744,-0.587202,0.996418,0.068999,-0.048895,0.044304,0.066572,0.996798,0.072033,-0.995393,0.063276,0.683112,0.041466,0.008468,0.729086,0.019209,0.001250,-0.013322,-0.024787,0.019487,-0.012041,0.048895,-0.996798,-0.063276,0.000000,0.000000,0.000000,-1,0.024109,-0.977310,-0.075317,-0.008559,0.007180,-0.025528,100.553024,187.042664,-616.054810,0,0
0.080000,0.650722,1.494212,-0.580459,0.996559,0.068720,-0.046346,0.041958,0.063978,0.997069,0.071484,-0.995582,0.060875,0.684052,0.040450,0.009187,0.728253,0.057616,0.010925,0.003453,-0.032232,0.015425,0.018516,0.046346,-0.997069,-0.060874,0.000000,0.000000,0.000000,-1,0.019821,-0.981216,-0.042007,0.028759,0.012604,-0.010923,100.553024,186.691071,-616.389954,0,0
0.120000,0.674013,1.496618,-0.602594,0.996478,0.069944,-0.046254,0.042004,0.061057,0.997250,0.072576,-0.995681,0.057904,0.685113,0.040850,0.009605,0.727227,0.062916,0.020229,-0.021109,-0.008199,0.025555,-0.008640,0.046254,-0.997250,-0.057904,0.000000,0.000000,0.000000,-1,0.038055,-0.971695,-0.066544,0.035133,0.026164,-0.033396,100.025650,185.460526,-615.887207,0,0
0.160000,0.681732,1.498100,-0.609465,0.996437,0.070839,-0.045768,0.041577,0.059555,0.997359,0.073378,-0.995708,0.056398,0.685654,0.040989,0.010067,0.726703,0.059830,0.046845,-0.006249,-0.030799,0.012969,-0.012481,0.045768,-0.997359,-0.056398,0.000000,0.000000,0.000000,-1,0.016663,-0.986847,-0.079575,0.032056,0.052781,-0.018557,99.849854,186.691071,-617.730652,0,0
0.200000,0.654305,1.497983,-0.579333,0.996308,0.073553,-0.044276,0.039828,0.060879,0.997350,0.076054,-0.995431,0.057725,0.685147,0.041371,0.011595,0.727137,0.019394,0.061875,0.015348,-0.003459,0.010076,-0.037307,0.044276,-0.997350,-0.057725,0.000000,0.000000,0.000000,-1,0.050308,-0.986816,-0.096466,-0.005098,0.073102,0.001896,100.904602,188.097412,-617.395508,0,0
0.240000,0.639666,1.496315,-0.564349,0.996280,0.073847,-0.044419,0.039801,0.062874,0.997228,0.076435,-0.995286,0.059701,0.684417,0.041513,0.011695,0.727814,0.004115,-0.040887,0.012642,0.023910,0.024205,-0.038444,0.044419,-0.997228,-0.059701,0.000000,0.000000,0.000000,-1,0.064041,-0.971405,-0.075882,-0.019201,-0.013744,0.002331,101.431976,186.163696,-615.887207,0,0
0.280000,0.634345,1.495465,-0.563725,0.996609,0.069141,-0.044603,0.040214,0.063615,0.997164,0.071782,-0.995577,0.060619,0.684174,0.039959,0.009932,0.728156,0.004876,-0.119461,-0.008381,-0.005937,0.016848,0.007198,0.044603,-0.997164,-0.060619,0.000000,0.000000,0.000000,-1,0.038666,-0.980316,-0.053421,-0.022755,-0.113519,-0.020704,100.201431,186.339493,-616.725098,0,0
0.320000,0.643145,1.496632,-0.574128,0.996724,0.067579,-0.044436,0.040242,0.062216,0.997251,0.070157,-0.995772,0.059293,0.684693,0.039368,0.009391,0.727707,0.044709,0.015119,-0.000667,-0.007754,0.026762,0.002469,0.044436,-0.997251,-0.059293,0.000000,0.000000,0.000000,-1,0.035828,-0.967438,-0.054077,0.009595,0.014707,-0.012913,101.080399,186.515289,-616.892700,0,0
0.360000,0.664624,1.498689,-0.594126,0.996619,0.069111,-0.044435,0.040330,0.059699,0.997401,0.071585,-0.995821,0.056710,0.685604,0.039907,0.009900,0.726813,0.051273,0.059534,-0.005211,-0.009034,0.018138,0.018853,0.044435,-0.997401,-0.056710,0.000000,0.000000,0.000000,-1,0.035400,-0.979263,-0.037857,0.023580,0.065503,-0.017474,100.728806,185.460526,-616.557556,0,0
0.400000,0.682756,1.499869,-0.609115,0.996382,0.072273,-0.044713,0.040547,0.058123,0.997486,0.074691,-0.995690,0.054982,0.686163,0.041105,0.010922,0.726204,0.033250,0.081820,-0.000893,0.007716,0.012897,0.027135,0.044713,-0.997486,-0.054982,0.000000,0.000000,0.000000,-1,0.067657,-0.984985,-0.038345,0.005557,0.087789,-0.013156,102.310944,186.339493,-614.378906,0,0
0.440000,0.713062,1.499715,-0.637527,0.996165,0.074136,-0.046459,0.042273,0.057070,0.997475,0.076600,-0.995614,0.053718,0.686545,0.042389,0.010976,0.725767,0.025541,0.008624,-0.013363,0.014271,0.008873,-0.007165,0.046459,-0.997475,-0.053718,0.000000,0.000000,0.000000,-1,0.059814,-0.983383,-0.054382,0.003188,0.018827,-0.025663,100.553024,187.394241,-616.054810,0,0
0.480000,0.738777,1.499995,-0.663828,0.996153,0.073551,-0.047636,0.043587,0.055719,0.997495,0.076020,-0.995734,0.052299,0.687047,0.042623,0.010328,0.725288,0.014800,-0.030510,-0.007819,-0.001616,0.014798,0.010352,0.047636,-0.997495,-0.052299,0.000000,0.000000,0.000000,-1,0.046021,-0.982697,-0.041946,-0.012901,-0.024544,-0.020049,101.607773,185.636322,-614.714050,0,0
0.520000,0.737458,1.502282,-0.663401,0.996288,0.072746,-0.046034,0.042158,0.053940,0.997654,0.075059,-0.995891,0.050673,0.687691,0.041772,0.010552,0.724724,0.013833,-0.026170,-0.000403,-0.012647,0.020405,0.010604,0.046034,-0.997654,-0.050673,0.000000,0.000000,0.000000,-1,0.033386,-0.977249,-0.040070,-0.013934,-0.020238,-0.012600,101.431976,187.921616,-614.881653,0,0
0.560000,0.733307,1.502529,-0.659861,0.996348,0.072148,-0.045658,0.041816,0.053894,0.997671,0.074441,-0.995937,0.050681,0.687709,0.041429,0.010463,0.724728,-0.005259,0.000303,-0.001415,-0.013278,0.015249,-0.006448,0.045658,-0.997671,-0.050681,0.000000,0.000000,0.000000,-1,0.032578,-0.988022,-0.054306,-0.028779,0.000938,-0.013630,101.431976,186.866867,-615.216858,0,0
0.600000,0.710555,1.502073,-0.637080,0.996386,0.072172,-0.044790,0.040848,0.055199,0.997639,0.074474,-0.995864,0.052052,0.687229,0.041114,0.010798,0.725196,-0.032939,-0.005947,0.009485,-0.002706,0.013661,-0.000149,0.044790,-0.997639,-0.052052,0.000000,0.000000,0.000000,-1,0.042084,-0.983978,-0.052200,-0.060698,-0.000014,-0.002725,100.201431,186.339493,-616.725098,0,0
0.640000,0.713242,1.501185,-0.640363,0.996399,0.071544,-0.045509,0.041558,0.055774,0.997578,0.073909,-0.995877,0.052600,0.687027,0.041156,0.010334,0.725392,-0.037261,-0.025068,0.003185,0.016274,0.022007,0.014789,0.045509,-0.997578,-0.052600,0.000000,0.000000,0.000000,-1,0.061783,-0.975571,-0.037811,-0.066092,-0.019127,-0.007938,102.310944,185.636322,-615.049255,0,0
0.680000,0.711025,1.499785,-0.639169,0.996438,0.070474,-0.046304,0.042325,0.056946,0.997480,0.072933,-0.995887,0.053760,0.686610,0.041071,0.009696,0.725800,-0.018150,-0.034703,-0.007592,0.011054,0.019559,-0.000287,0.046304,-0.997480,-0.053760,0.000000,0.000000,0.000000,-1,0.040634,-0.983856,-0.047852,-0.051226,-0.024515,-0.017621,100.728806,187.570038,-615.887207,0,0
0.720000,0.712783,1.500866,-0.641744,0.996521,0.069699,-0.045693,0.041826,0.055972,0.997556,0.072086,-0.995997,0.052862,0.686966,0.040586,0.009605,0.725492,0.003261,-0.018694,-0.002557,-0.004586,0.024243,0.010534,0.045693,-0.997556,-0.052862,0.000000,0.000000,0.000000,-1,0.043335,-0.978989,-0.047379,-0.028839,-0.017087,-0.015692,100.025650,186.515289,-615.552002,0,0
0.760000,0.710805,1.501079,-0.639991,0.996547,0.069484,-0.045450,0.041600,0.055875,0.997571,0.071855,-0.996017,0.052791,0.687001,0.040424,0.009609,0.725468,0.010733,-0.013381,-0.000501,-0.007074,0.022031,-0.008366,0.045450,-0.997571,-0.052791,0.000000,0.000000,0.000000,-1,0.038879,-0.981476,-0.062790,-0.018138,-0.001183,-0.013704,100.553024,186.339493,-617.060303,0,0
0.800000,0.697202,1.500460,-0.627220,0.996621,0.068639,-0.045124,0.041246,0.056902,0.997527,0.071037,-0.996018,0.053879,0.686629,0.040009,0.009435,0.725845,-0.018014,-0.006000,-0.004562,-0.006031,0.015502,-0.011261,0.045124,-0.997527,-0.053879,0.000000,0.000000,0.000000,-1,0.038330,-0.983902,-0.062622,-0.041561,0.001971,-0.016730,101.256180,188.097412,-615.384399,0,0
0.840000,0.677997,1.499435,-0.608232,0.996655,0.068398,-0.044722,0.040743,0.058514,0.997455,0.070841,-0.995941,0.055531,0.686041,0.039772,0.009518,0.726412,-0.018025,-0.005879,0.003906,-0.007140,0.020404,-0.007396,0.044722,-0.997455,-0.055531,0.000000,0.000000,0.000000,-1,0.037582,-0.977051,-0.062927,-0.045805,-0.000067,-0.008167,100.728806,186.866867,-615.216858,0,0
0.880000,0.671554,1.498739,-0.602191,0.996681,0.067976,-0.044796,0.040782,0.059331,0.997405,0.070457,-0.995921,0.056362,0.685746,0.039649,0.009355,0.726700,-0.007423,-0.014414,-0.002538,0.001774,0.018828,-0.004658,0.044796,-0.997405,-0.056362,0.000000,0.000000,0.000000,-1,0.046570,-0.978577,-0.061020,-0.035199,-0.008602,-0.014609,101.256180,187.394241,-616.725098,0,0
0.920000,0.671654,1.497817,-0.603657,0.996749,0.066581,-0.045373,0.041390,0.060028,0.997338,0.069127,-0.995974,0.057077,0.685501,0.039377,0.008663,0.726955,-0.011761,-0.032506,-0.012026,0.004447,0.019601,0.003137,0.045373,-0.997338,-0.057077,0.000000,0.000000,0.000000,-1,0.049240,-0.977783,-0.051193,-0.042725,-0.025625,-0.023010,101.431976,187.218445,-615.887207,0,0
0.960000,0.670022,1.497431,-0.603209,0.996821,0.065388,-0.045519,0.041582,0.060364,0.997310,0.067960,-0.996032,0.057453,0.685384,0.039018,0.008185,0.727090,-0.008501,-0.021788,0.001759,-0.008898,0.012233,0.000110,0.045519,-0.997310,-0.057453,0.000000,0.000000,0.000000,-1,0.036621,-0.985077,-0.057343,-0.036275,-0.015977,-0.010312,101.080399,186.163696,-617.563110,0,0
1.000000,0.662506,1.497478,-0.596228,0.996876,0.064862,-0.045058,0.041134,0.060614,0.997313,0.067419,-0.996052,0.057757,0.685293,0.038668,0.008157,0.727194,-0.008478,-0.016463,0.004938,-0.002364,0.015609,0.000597,0.045058,-0.997313,-0.057757,0.000000,0.000000,0.000000,-1,0.041794,-0.980087,-0.055191,-0.036251,-0.010651,-0.007136,101.256180,185.987900,-616.725098,0,0
1.040000,0.654528,1.496647,-0.588818,0.996913,0.064272,-0.045100,0.041143,0.061606,0.997252,0.066874,-0.996029,0.058772,0.684933,0.038476,0.007947,0.727546,-0.018121,-0.007932,0.004926,0.003438,0.019301,-0.004613,0.045100,-0.997252,-0.058772,0.000000,0.000000,0.000000,-1,0.048538,-0.977951,-0.062347,-0.046882,-0.004304,-0.008143,100.728806,186.163696,-615.887207,0,0
1.080000,0.647774,1.495864,-0.582381,0.996931,0.063932,-0.045173,0.041175,0.062522,0.997194,0.066577,-0.995994,0.059697,0.684601,0.038383,0.007816,0.727865,-0.007512,-0.019576,0.005951,0.000061,0.011460,-0.006254,0.045074,-0.997177,-0.060045,0.000000,0.000000,0.000000,-1,0.044342,-0.981781,-0.058090,-0.035194,-0.013819,-0.006067,101.256180,185.987900,-617.730652,0,0
1.120000,0.641295,1.495720,-0.576663,0.996993,0.063174,-0.044871,0.040895,0.062876,0.997183,0.065818,-0.996020,0.060104,0.684473,0.038011,0.007651,0.728006,-0.000031,-0.012144,0.007995,-0.001292,0.023306,-0.000947,0.044871,-0.997183,-0.060104,0.000000,0.000000,0.000000,-1,0.036057,-0.974884,-0.065048,-0.027713,-0.006387,-0.004022,100.728806,187.921616,-616.557556,0,0
1.160000,0.630065,1.495869,-0.565397,0.997024,0.063227,-0.044106,0.040105,0.063208,0.997194,0.065837,-0.995996,0.060484,0.684349,0.037748,0.007939,0.728134,0.003086,0.010064,0.001468,-0.010659,0.020204,-0.009218,0.044106,-0.997194,-0.060484,0.000000,0.000000,0.000000,-1,0.035095,-0.981873,-0.068390,-0.023416,0.010509,-0.009446,101.256180,185.636322,-616.054810,0,0
1.200000,0.621011,1.495590,-0.555140,0.996964,0.064426,-0.043718,0.039601,0.063852,0.997173,0.067035,-0.995878,0.061107,0.684106,0.038016,0.008521,0.728341,0.001015,0.032296,0.000339,-0.009233,0.019131,-0.018452,0.043718,-0.997173,-0.061107,0.000000,0.000000,0.000000,-1,0.034698,-0.976395,-0.075989,-0.026533,0.038027,-0.011655,101.080399,186.163696,-617.227905,0,0
1.240000,0.606423,1.495118,-0.539451,0.996920,0.065523,-0.043090,0.038836,0.064870,0.997138,0.068130,-0.995740,0.062125,0.683726,0.038158,0.009156,0.728683,0.004254,0.048202,0.002389,-0.012344,0.020667,-0.014367,0.043090,-0.997138,-0.062125,0.000000,0.000000,0.000000,-1,0.028427,-0.975677,-0.079910,-0.023285,0.053933,-0.009609,101.783569,185.812119,-616.892700,0,0
1.280000,0.585430,1.494916,-0.515959,0.996803,0.068032,-0.041888,0.037401,0.065939,0.997122,0.070598,-0.995502,0.063184,0.683316,0.038574,0.010504,0.729028,0.007541,0.080003,0.005449,-0.010974,0.018317,-0.010760,0.041888,-0.997122,-0.063184,0.000000,0.000000,0.000000,-1,0.036423,-0.981720,-0.073456,-0.019987,0.085736,-0.006558,100.377228,185.460526,-616.557556,0,0
1.320000,0.580252,1.494633,-0.507845,0.996607,0.070955,-0.041715,0.037002,0.066487,0.997101,0.073523,-0.995261,0.063636,0.683097,0.039510,0.011641,0.729165,0.007537,0.081062,0.005447,0.002307,0.015701,-0.006036,0.041715,-0.997101,-0.063636,0.000000,0.000000,0.000000,-1,0.044922,-0.978882,-0.070099,-0.017847,0.089962,-0.007656,102.662521,187.042664,-615.384399,0,0
1.360000,0.590215,1.493961,-0.514916,0.996358,0.073799,-0.042720,0.037801,0.066807,0.997050,0.076435,-0.995033,0.063774,0.682967,0.040851,0.012342,0.729201,-0.003327,0.050308,-0.000782,0.007939,0.014170,0.001640,0.042720,-0.997050,-0.063774,0.000000,0.000000,0.000000,-1,0.050659,-0.982880,-0.062134,-0.030740,0.056024,-0.012755,100.728806,186.866867,-616.557556,0,0
1.400000,0.599267,1.493795,-0.521977,0.996181,0.075765,-0.043389,0.038355,0.066682,0.997037,0.078433,-0.994894,0.063521,0.683004,0.041771,0.012827,0.729106,-0.012898,0.043006,0.011033,0.010917,0.018826,0.009719,0.043389,-0.997037,-0.063521,0.000000,0.000000,0.000000,-1,0.054306,-0.978210,-0.053802,-0.040322,0.045553,0.000142,100.728806,186.866867,-616.557556,0,0
1.440000,0.608203,1.493619,-0.530097,0.996105,0.076390,-0.044034,0.038974,0.066504,0.997025,0.079091,-0.994858,0.063267,0.683069,0.042223,0.012831,0.729019,0.001836,-0.008964,0.003650,0.005954,0.015991,0.005299,0.044034,-0.997025,-0.063267,0.000000,0.000000,0.000000,-1,0.049988,-0.981033,-0.057968,-0.025584,-0.003250,-0.008312,102.135147,187.218445,-615.887207,0,0
1.480000,0.619479,1.493974,-0.541922,0.996111,0.076012,-0.044560,0.039585,0.065750,0.997051,0.078718,-0.994937,0.062486,0.683351,0.042290,0.012496,0.728757,-0.000333,-0.018554,-0.002693,0.008373,0.011226,0.014070,0.044560,-0.997051,-0.062486,0.000000,0.000000,0.000000,-1,0.058456,-0.980179,-0.047928,-0.027759,-0.012841,-0.014651,100.025650,185.108948,-615.216858,0,0
1.520000,0.625978,1.493683,-0.549798,0.996190,0.074622,-0.045135,0.040253,0.065684,0.997028,0.077365,-0.995046,0.062430,0.683388,0.042024,0.011790,0.728750,-0.019667,-0.038558,0.004965,0.012818,0.016819,0.011160,0.045135,-0.997028,-0.062430,0.000000,0.000000,0.000000,-1,0.049179,-0.980576,-0.055161,-0.046966,-0.032891,-0.006970,100.728806,186.515289,-616.557556,0,0
1.560000,0.613407,1.493957,-0.538706,0.996340,0.073173,-0.044190,0.039382,0.065892,0.997049,0.075869,-0.995140,0.062769,0.683315,0.041180,0.011590,0.728869,-0.003616,-0.014183,0.006884,-0.011795,0.018030,0.005518,0.044190,-0.997049,-0.062769,0.000000,0.000000,0.000000,-1,0.032394,-0.979019,-0.057251,-0.030916,-0.008515,-0.005055,100.201431,187.745819,-616.389954,0,0
1.600000,0.603097,1.494735,-0.528385,0.996384,0.073226,-0.043100,0.038309,0.065625,0.997109,0.075842,-0.995154,0.062582,0.683406,0.040801,0.011978,0.728799,-0.001393,0.014433,0.008896,-0.015558,0.020684,0.006674,0.043100,-0.997109,-0.062583,0.000000,0.000000,0.000000,-1,0.033524,-0.979218,-0.054199,-0.028695,0.020101,-0.003049,100.201431,187.745819,-616.389954,0,0
1.640000,0.594282,1.495077,-0.517954,0.996294,0.074860,-0.042356,0.037453,0.065725,0.997135,0.077430,-0.995026,0.062677,0.683354,0.041089,0.012832,0.728817,-0.008855,0.045193,0.006702,-0.003308,0.017810,-0.002585,0.042356,-0.997135,-0.062677,0.000000,0.000000,0.000000,-1,0.040253,-0.978745,-0.067215,-0.033932,0.049749,-0.004185,102.662521,187.394241,-617.060303,0,0
1.680000,0.580594,1.494396,-0.502613,0.996190,0.076500,-0.041866,0.036767,0.066886,0.997083,0.079077,-0.994824,0.063819,0.682914,0.041465,0.013622,0.729194,-0.005663,0.052537,-0.000804,-0.006527,0.017011,-0.005380,0.041866,-0.997083,-0.063819,0.000000,0.000000,0.000000,-1,0.035339,-0.980072,-0.069199,-0.032863,0.058143,-0.012747,101.959351,185.636322,-616.389954,0,0
1.720000,0.583867,1.494608,-0.503548,0.996005,0.078832,-0.041959,0.036728,0.066667,0.997099,0.081400,-0.994656,0.063505,0.682977,0.042300,0.014437,0.729071,0.014601,0.072557,-0.011688,-0.001111,0.019682,0.006422,0.041959,-0.997099,-0.063505,0.000000,0.000000,0.000000,-1,0.045227,-0.973587,-0.054398,-0.012599,0.078163,-0.023632,100.553024,187.394241,-617.060303,0,0
1.760000,0.609719,1.494881,-0.526003,0.995670,0.082192,-0.043430,0.038079,0.065590,0.997120,0.084804,-0.994456,0.062176,0.683356,0.044000,0.015136,0.728601,0.039033,0.065009,-0.025700,-0.000889,0.022571,-0.007297,0.043430,-0.997120,-0.062176,0.000000,0.000000,0.000000,-1,0.045792,-0.976257,-0.060730,0.012884,0.064279,-0.035496,100.553024,187.394241,-617.060303,0,0
1.800000,0.633177,1.493186,-0.546745,0.995341,0.084803,-0.045877,0.040310,0.066230,0.996990,0.087586,-0.994194,0.062503,0.683119,0.045787,0.015264,0.728710,0.012477,0.101938,-0.041620,0.017737,0.013271,-0.030133,0.045877,-0.996990,-0.062503,0.000000,0.000000,0.000000,-1,0.057953,-0.986481,-0.110306,-0.007255,0.107561,-0.051482,101.256180,186.691071,-616.054810,0,0
1.840000,0.630682,1.489249,-0.540796,0.994954,0.088085,-0.048035,0.041936,0.069833,0.996677,0.091147,-0.993662,0.065787,0.681787,0.047677,0.015808,0.729824,-0.030300,0.065034,-0.033701,-0.004761,0.023441,-0.045297,0.048035,-0.996677,-0.065787,0.000000,0.000000,0.000000,-1,0.043274,-0.973236,-0.111084,-0.057396,0.070553,-0.045628,101.256180,186.339493,-616.725098,0,0
1.880000,0.632520,1.487227,-0.538850,0.994557,0.091763,-0.049347,0.042834,0.071644,0.996510,0.094978,-0.993200,0.067324,0.681100,0.049404,0.016749,0.730330,-0.036555,0.093809,-0.014584,-0.000137,0.031468,-0.041365,0.049347,-0.996510,-0.067324,0.000000,0.000000,0.000000,-1,0.045670,-0.968445,-0.118210,-0.067895,0.105665,-0.028633,101.256180,186.339493,-616.725098,0,0
1.920000,0.618930,1.486187,-0.522257,0.994296,0.094724,-0.049029,0.042156,0.073243,0.996423,0.097976,-0.992806,0.068832,0.680481,0.050288,0.017983,0.730817,0.002813,0.062311,0.016125,-0.006533,0.018014,-0.037705,0.049029,-0.996423,-0.068832,0.000000,0.000000,0.000000,-1,0.042496,-0.978409,-0.106537,-0.024274,0.067830,0.004195,100.904602,187.394241,-616.054810,0,0
1.960000,0.610719,1.482243,-0.512427,0.994072,0.096175,-0.050715,0.043360,0.077078,0.996082,0.099707,-0.992376,0.072451,0.679070,0.051370,0.018037,0.732052,-0.000525,0.038003,0.018354,0.034109,0.028232,-0.056684,0.050715,-0.996082,-0.072451,0.000000,0.000000,0.000000,-1,0.078934,-0.970383,-0.116318,-0.027536,0.043491,0.006442,99.849854,187.745819,-617.730652,0,0
2.000000,0.603395,1.478760,-0.504072,0.993912,0.097056,-0.052151,0.044390,0.080475,0.995768,0.100843,-0.992020,0.075677,0.677820,0.052170,0.017959,0.733155,0.057027,0.044570,0.042373,0.011096,0.032724,-0.026389,0.052151,-0.995768,-0.075677,0.000000,0.000000,0.000000,-1,0.056824,-0.966522,-0.101700,0.022564,0.041596,0.031629,99.849854,187.745819,-617.730652,0,0
2.040000,0.590867,1.480202,-0.488829,0.993726,0.099844,-0.050399,0.042484,0.079875,0.995899,0.103460,-0.991792,0.075132,0.677997,0.052481,0.019565,0.732928,0.093314,0.056457,0.068678,0.009553,0.023441,-0.015246,0.050399,-0.995899,-0.075132,0.000000,0.000000,0.000000,-1,0.070312,-0.972260,-0.085968,0.066343,0.061946,0.056781,101.783569,187.218445,-615.887207,0,0
2.080000,0.610183,1.482658,-0.507995,0.993701,0.100066,-0.050439,0.042817,0.076908,0.996118,0.103557,-0.992004,0.072139,0.679090,0.052601,0.019555,0.731907,0.127077,-0.061956,0.092279,0.064566,0.027231,-0.024296,0.050439,-0.996118,-0.072139,0.000000,0.000000,0.000000,-1,0.104416,-0.955688,-0.102371,0.100115,-0.056470,0.080400,101.080399,186.515289,-614.546509,0,0
2.120000,0.606574,1.489260,-0.508623,0.994284,0.096141,-0.046429,0.039662,0.071136,0.996678,0.099124,-0.992823,0.066917,0.681218,0.049838,0.019339,0.730126,0.185485,-0.134634,0.135768,0.008594,0.015751,0.030570,0.046429,-0.996678,-0.066917,0.000000,0.000000,0.000000,-1,0.041794,-0.990692,-0.006027,0.145746,-0.130355,0.109087,101.080399,186.515289,-614.546509,0,0
2.160000,0.603519,1.504555,-0.503978,0.994449,0.098287,-0.037567,0.031965,0.057963,0.997807,0.100249,-0.993469,0.054499,0.685928,0.047473,0.022846,0.725760,0.209924,0.225201,0.105466,-0.012833,0.075581,0.096858,0.037567,-0.997807,-0.054499,0.000000,0.000000,0.000000,-1,0.024734,-0.922226,0.042358,0.183002,0.230674,0.093595,100.377228,187.218445,-614.881653,0,0
2.200000,0.664345,1.509845,-0.555751,0.993505,0.107408,-0.037556,0.032137,0.051747,0.998143,0.109152,-0.992868,0.047959,0.688077,0.050701,0.026013,0.723397,0.239660,0.311841,-0.031450,-0.019246,0.029103,0.082703,0.037556,-0.998143,-0.047959,0.000000,0.000000,0.000000,-1,-0.006851,-0.983627,0.015930,0.212739,0.317314,-0.043321,101.256180,186.339493,-614.378906,0,0
2.240000,0.827199,1.514894,-0.713812,0.992826,0.112276,-0.041125,0.036581,0.042233,0.998438,0.113837,-0.992779,0.037823,0.691515,0.053816,0.026287,0.719875,0.175892,0.050707,-0.094962,0.000028,-0.020788,-0.030826,0.041125,-0.998438,-0.037823,0.000000,0.000000,0.000000,-1,0.041153,-1.019226,-0.068649,0.159645,0.061513,-0.102674,100.904602,187.042664,-613.708557,0,0
2.280000,0.936487,1.517392,-0.827468,0.993218,0.108026,-0.042996,0.039299,0.036124,0.998574,0.109425,-0.993491,0.031633,0.693805,0.053086,0.023937,0.717805,0.196587,-0.236293,0.024191,-0.091976,-0.031852,-0.066725,0.042996,-0.998574,-0.031633,0.000000,0.000000,0.000000,-1,-0.125549,-1.028976,-0.042923,0.169692,-0.230817,0.012333,100.728806,185.460526,-613.205811,0,0
2.320000,0.959216,1.527229,-0.850317,0.993492,0.108172,-0.035659,0.032730,0.028734,0.999051,0.109094,-0.993717,0.025007,0.696375,0.050584,0.026363,0.715408,0.148303,0.179725,0.226482,-0.317947,-0.012683,0.009016,0.035659,-0.999051,-0.025007,0.000000,0.000000,0.000000,-1,-0.338501,-0.969284,-0.053268,0.121408,0.185201,0.214625,101.431976,186.515289,-614.211304,0,0
2.360000,1.018717,1.533081,-0.898147,0.992267,0.119900,-0.032105,0.029493,0.023494,0.999289,0.120569,-0.992508,0.019776,0.698032,0.053505,0.031684,0.713361,0.104411,0.272068,0.017673,-0.104432,0.053000,-0.022323,0.032105,-0.999289,-0.019776,0.000000,0.000000,0.000000,-1,-0.072327,-0.946289,-0.042099,0.064842,0.290494,0.031433,101.431976,186.515289,-614.211304,0,0
2.400000,1.185435,1.532485,-1.061104,0.991687,0.123679,-0.035493,0.033434,0.018688,0.999266,0.124251,-0.992146,0.014397,0.699750,0.056132,0.031711,0.711473,0.188315,-0.012300,-0.150232,0.040374,0.039443,-0.065711,0.035493,-0.999266,-0.014398,0.000000,0.000000,0.000000,-1,0.086990,-0.990311,-0.083527,0.161421,-0.006824,-0.162090,101.080399,186.163696,-612.535400,0,0
2.440000,1.385083,1.530627,-1.264509,0.991984,0.120043,-0.039468,0.038290,0.012109,0.999193,0.120424,-0.992695,0.007415,0.702221,0.056368,0.028821,0.709138,0.265658,-0.173974,-0.107613,0.020331,0.011965,-0.096573,0.039468,-0.999193,-0.007415,0.000000,0.000000,0.000000,-1,0.049850,-0.970978,-0.127441,0.238764,-0.168498,-0.119471,101.080399,186.163696,-612.535400,0,0
2.480000,1.691070,1.524615,-1.584728,0.993293,0.106156,-0.045832,0.046161,-0.000643,0.998934,0.106014,-0.994349,-0.005539,0.707014,0.053859,0.021280,0.704825,0.199004,-0.388933,-0.103095,-0.064585,-0.001432,-0.204834,0.045832,-0.998934,0.005539,0.000000,0.000000,0.000000,-1,-0.072800,-0.994446,-0.208130,0.184946,-0.349725,-0.132223,102.310944,186.339493,-615.049255,0,0
2.520000,1.808823,1.521431,-1.718536,0.994756,0.090339,-0.047954,0.048807,-0.007264,0.998782,0.089881,-0.995885,-0.011635,0.709516,0.049029,0.014773,0.702826,0.059190,-0.215480,-0.018500,-0.277171,-0.031476,-0.246803,0.047954,-0.998782,0.011635,0.000000,0.000000,0.000000,-1,-0.229218,-1.030258,-0.235168,0.032297,-0.210004,-0.030358,101.080399,184.757355,-613.205811,0,0
2.560000,1.652766,1.524130,-1.561652,0.994767,0.090978,-0.046493,0.046648,0.000427,0.998911,0.090899,-0.995853,-0.003820,0.706781,0.048681,0.015707,0.705580,-0.528167,0.180643,0.083645,-0.298187,-0.207250,-0.142308,0.046493,-0.998911,0.003820,0.000000,0.000000,0.000000,-1,-0.229507,-1.182587,-0.171082,-0.555060,0.186119,0.071787,101.783569,185.108948,-613.876099,0,1
2.600000,0.769658,1.505420,-0.666378,0.993752,0.101928,-0.045462,0.040383,0.051353,0.997864,0.104045,-0.993465,0.046916,0.688383,0.051683,0.021275,0.723191,-1.682071,0.051248,-0.072047,0.019235,-0.144287,-0.314626,0.045462,-0.997864,-0.046916,0.000000,0.000000,0.000000,-1,0.110367,-1.201141,-0.389557,-1.557454,0.129082,-0.044868,101.783569,185.108948,-613.876099,0,0
2.640000,0.343180,1.399092,-0.239902,0.993496,0.098288,-0.057492,0.040598,0.165968,0.985295,0.106385,-0.981221,0.160899,0.645490,0.053791,0.018936,0.761637,-3.117407,0.246124,-0.330108,-0.020596,-0.130077,-0.188116,0.057492,-0.985295,-0.160899,0.000000,0.000000,0.000000,-1,-0.007858,-1.068207,-0.208755,-3.144299,0.251600,-0.341965,102.486725,187.570038,-619.238953,0,0
2.680000,0.289885,1.301045,-0.128501,0.985681,0.150432,-0.076174,0.034150,0.264294,0.963837,0.165125,-0.952638,0.255373,0.605395,0.076224,0.036732,0.791415,-3.618168,2.867577,-0.226323,-0.120166,-0.131912,0.283128,0.076174,-0.963837,-0.255373,0.000000,0.000000,0.000000,-1,0.016373,-1.094604,-0.046692,-3.645061,2.873053,-0.238180,104.596237,189.327957,-620.914856,0,0
2.720000,0.402099,1.154929,-0.055293,0.938620,0.306590,-0.158099,0.022326,0.403366,0.914766,0.344230,-0.862148,0.371762,0.539326,0.152466,0.086279,0.823673,-2.028708,4.723186,-0.432035,0.162824,-0.176649,0.475461,0.158099,-0.914766,-0.371762,0.000000,0.000000,0.000000,-1,0.233322,-1.023087,0.186707,-2.403885,4.774395,-0.544699,104.596237,189.327957,-620.914856,0,0
2.760000,0.462580,1.087547,-0.003680,0.896352,0.391861,-0.207358,0.001710,0.464656,0.885490,0.443339,-0.794065,0.415825,0.503952,0.195242,0.117065,0.833192,-2.609015,1.305990,-0.131351,-0.084937,-0.003564,-0.079917,0.207358,-0.885490,-0.415825,0.000000,0.000000,0.000000,-1,0.102783,-0.907211,-0.449112,-2.635907,1.311465,-0.143208,107.057327,192.843796,-619.909302,0,0
2.800000,0.448264,1.028008,0.061644,0.876627,0.425924,-0.223863,-0.031821,0.515544,0.856272,0.480118,-0.743507,0.465493,0.473178,0.208221,0.135390,0.845231,-1.089661,0.489136,-0.012233,0.147658,0.384165,0.077081,0.223863,-0.856272,-0.465493,0.000000,0.000000,0.000000,-1,0.275116,-0.409195,-0.177994,-1.116553,0.494612,-0.024090,106.529953,192.316422,-622.087952,0,0
2.840000,0.449875,1.003746,0.081580,0.867617,0.438955,-0.233580,-0.043772,0.535360,0.843489,0.495303,-0.721601,0.483701,0.460585,0.214501,0.142060,0.849511,-0.102779,0.375320,0.068962,-0.010130,0.177519,0.147810,0.233580,-0.843489,-0.483701,0.000000,0.000000,0.000000,-1,0.223450,-0.665970,-0.335892,-0.207539,0.357248,0.029034,106.529953,192.316422,-622.087952,0,0
2.880000,0.439998,1.017957,0.096050,0.865819,0.447585,-0.223662,-0.050359,0.522685,0.851037,0.497816,-0.725581,0.475091,0.465844,0.213176,0.147128,0.846108,0.503260,-0.210314,0.433993,0.024751,0.077050,0.061181,0.223662,-0.851037,-0.475091,0.000000,0.000000,0.000000,-1,0.248413,-0.773987,-0.413910,0.476368,-0.204838,0.422137,105.650986,192.843796,-619.574097,0,0
2.920000,0.431693,1.045535,0.096912,0.868969,0.448189,-0.209807,-0.048519,0.499086,0.865193,0.492482,-0.741646,0.455436,0.478134,0.208974,0.147801,0.840162,1.021603,-0.211113,0.357535,0.207841,0.214253,0.040947,0.209807,-0.865193,-0.455436,0.000000,0.000000,0.000000,-1,0.411560,-0.617050,-0.418564,0.994711,-0.205638,0.345679,105.650986,192.843796,-619.574097,0,0
2.960000,0.442099,1.102103,0.064184,0.877512,0.438887,-0.193263,-0.028973,0.450791,0.892159,0.478678,-0.777281,0.408291,0.504587,0.203094,0.141410,0.827133,1.284897,-0.644118,0.161078,0.034123,0.277901,-0.217182,0.193263,-0.892159,-0.408291,0.000000,0.000000,0.000000,-1,0.189728,-0.651443,-0.617004,1.319822,-0.629070,0.148725,104.772034,190.558502,-618.401001,0,0
3.000000,0.453700,1.142429,0.037244,0.883363,0.431884,-0.182061,-0.015467,0.415098,0.909645,0.468434,-0.800731,0.373362,0.523188,0.198980,0.136840,0.817286,0.751590,0.072339,0.199815,-0.031686,0.015648,-0.137365,0.182061,-0.909645,-0.373362,0.000000,0.000000,0.000000,-1,0.150375,-0.893997,-0.510727,0.724732,0.077870,0.187977,105.123611,189.503738,-618.401001,0,0
3.040000,0.458302,1.166934,0.033243,0.882788,0.436415,-0.173862,-0.013061,0.392756,0.919550,0.469590,-0.809497,0.352420,0.533294,0.198461,0.138633,0.810550,0.769225,-0.221589,0.371231,0.154462,-0.018347,-0.154294,0.173862,-0.919550,-0.352420,0.000000,0.000000,0.000000,-1,0.376526,-0.874786,-0.550186,0.742367,-0.216057,0.359393,105.123611,189.503738,-618.401001,0,0
3.080000,0.434400,1.212038,0.021131,0.898594,0.413150,-0.147771,-0.007419,0.351034,0.936333,0.438718,-0.840287,0.318502,0.554315,0.182988,0.131219,0.801269,1.171303,-1.048966,0.361626,0.154872,0.164468,-0.236613,0.147771,-0.936333,-0.318502,0.000000,0.000000,0.000000,-1,0.300079,-0.864838,-0.471344,1.074237,-1.001288,0.324607,103.717270,189.503738,-616.725098,0,0
3.120000,0.406405,1.271113,-0.009325,0.922030,0.369109,-0.116702,0.002753,0.295205,0.955430,0.387109,-0.881256,0.271171,0.582163,0.159690,0.116122,0.788734,1.155963,-1.497521,0.304834,0.183789,-0.305266,0.257423,0.116702,-0.955430,-0.271171,0.000000,0.000000,0.000000,-1,0.291199,-1.330612,0.096100,1.129106,-1.491989,0.292996,104.772034,189.503738,-616.054810,0,0
3.160000,0.383581,1.291330,-0.010970,0.931221,0.349530,-0.103232,0.003026,0.275826,0.961203,0.364443,-0.895404,0.255797,0.591523,0.149003,0.110398,0.784673,0.182644,-0.055645,0.207902,0.108712,-0.377405,0.146850,0.103232,-0.961203,-0.255797,0.000000,0.000000,0.000000,-1,0.018829,-1.045593,-0.530457,0.155787,-0.050114,0.196064,103.541489,187.921616,-615.552002,0,0
3.200000,0.382312,1.319518,-0.030313,0.938330,0.333064,-0.092760,0.007536,0.248528,0.968595,0.345658,-0.909561,0.230691,0.603968,0.140984,0.104682,0.777424,1.377209,-0.362794,0.117760,-0.245104,0.373670,0.606042,0.092760,-0.968595,-0.230691,0.000000,0.000000,0.000000,-1,-0.107758,-0.698669,0.491165,1.148669,-0.481408,0.078122,103.541489,187.921616,-615.552002,0,0
3.240000,0.446351,1.392911,-0.139844,0.952444,0.294985,-0.076385,0.024665,0.175221,0.984220,0.303714,-0.939298,0.159613,0.635926,0.125663,0.089369,0.756187,1.530161,-1.309422,0.265006,-0.128631,-0.142001,0.028189,0.076385,-0.984220,-0.159613,0.000000,0.000000,0.000000,-1,-0.052246,-1.126221,-0.131424,1.503305,-1.303891,0.253168,102.662521,188.097412,-615.384399,0,0
3.280000,0.478074,1.432472,-0.202343,0.961343,0.267946,-0.063436,0.027710,0.135070,0.990448,0.273955,-0.953919,0.122424,0.652658,0.113250,0.080639,0.744788,1.224439,-0.988604,0.246998,-0.079412,-0.185958,-0.211621,0.063436,-0.990448,-0.122424,0.000000,0.000000,0.000000,-1,0.142853,-0.965668,-0.188080,1.197583,-0.983073,0.235161,101.607773,187.745819,-615.049255,0,0
3.320000,0.602978,1.481776,-0.385422,0.975584,0.213763,-0.050417,0.033423,0.082381,0.996040,0.217070,-0.973406,0.073225,0.674533,0.091614,0.061766,0.729930,1.093590,-0.985009,0.289547,-0.158663,0.087593,0.268980,0.050417,-0.996040,-0.073225,0.000000,0.000000,0.000000,-1,-0.108246,-0.908447,0.195755,1.134226,-1.145283,0.217084,101.783569,188.273209,-613.540955,0,0
3.360000,0.659718,1.510812,-0.446110,0.976797,0.210993,-0.036742,0.025865,0.054081,0.998201,0.212600,-0.975990,0.047369,0.684716,0.086480,0.064208,0.720806,0.785441,0.469002,0.486767,-0.337966,0.085283,0.118826,0.036742,-0.998201,-0.047369,0.000000,0.000000,0.000000,-1,-0.332718,-0.906479,-0.079468,0.778280,0.289267,0.485059,101.607773,187.394241,-614.714050,0,0
3.400000,1.318778,1.543394,-1.089981,0.973618,0.226637,-0.026534,0.024293,0.012672,0.999625,0.226888,-0.973897,0.006832,0.698948,0.089753,0.071663,0.705890,0.914258,0.004405,0.187088,0.033677,-0.017603,-0.107578,0.026534,-0.999625,-0.006832,0.000000,0.000000,0.000000,-1,0.060211,-1.017227,-0.114410,0.887403,0.009936,0.175251,100.201431,185.636322,-612.032654,0,0
3.440000,2.474759,1.535737,-2.248733,0.974269,0.224345,-0.021680,0.027301,-0.021984,0.999385,0.223730,-0.974262,-0.027543,0.711301,0.088446,0.071014,0.693675,0.656909,-0.118740,0.037205,0.001315,0.014537,-0.154405,0.021680,-0.999385,0.027543,0.000000,0.000000,0.000000,-1,-0.038818,-1.008224,-0.168610,0.663158,-0.088769,0.034607,102.310944,184.933151,-611.362305,0,0
3.480000,2.727589,1.519520,-2.508518,0.975787,0.217749,-0.020618,0.030323,-0.041322,0.998686,0.216611,-0.975130,-0.046924,0.718337,0.086336,0.068210,0.686939,0.512794,-0.252057,0.049475,-0.204655,-0.000399,-0.282093,0.020618,-0.998686,0.046924,0.000000,0.000000,0.000000,-1,-0.195892,-0.954575,-0.201614,0.485939,-0.246527,0.037638,101.080399,185.460526,-610.524353,0,0
3.520000,2.863454,1.499051,-2.656706,0.978374,0.205904,-0.019682,0.033413,-0.063421,0.997427,0.204126,-0.976515,-0.068929,0.726417,0.082362,0.063477,0.679342,0.604386,-0.218474,0.017744,-0.178023,0.091055,-0.139898,0.019682,-0.997427,0.068929,0.000000,0.000000,0.000000,-1,-0.120483,-0.917542,-0.026489,0.577531,-0.212943,0.005907,102.135147,186.515289,-610.524353,0,1
3.560000,2.902309,1.475595,-2.692253,0.977553,0.209482,-0.022529,0.041290,-0.085622,0.995472,0.206604,-0.974057,-0.092350,0.734085,0.085403,0.062688,0.670742,0.397446,0.089921,-0.081947,-0.048805,0.054096,-0.229206,0.022529,-0.995472,0.092350,0.000000,0.000000,0.000000,-1,-0.033615,-0.982544,-0.153976,0.420866,0.176943,-0.099806,102.135147,186.515289,-610.524353,0,0
3.600000,2.851515,1.472724,-2.659453,0.980975,0.192101,-0.028006,0.045401,-0.086754,0.995195,0.188748,-0.977533,-0.093825,0.735111,0.080771,0.054666,0.670894,-0.366951,-0.547953,-0.123699,-0.063620,-0.209746,-0.208571,0.028006,-0.995195,0.093825,0.000000,0.000000,0.000000,-1,-0.005219,-1.341415,-0.115250,-0.393806,-0.542423,-0.135535,102.662521,186.691071,-610.021606,0,0
3.640000,2.647584,1.494853,-2.470087,0.983438,0.177637,-0.035974,0.047204,-0.059397,0.997118,0.174988,-0.982302,-0.066799,0.726229,0.077400,0.047855,0.681403,-1.326779,-0.572621,-0.289811,-0.058267,-0.469588,-0.408092,0.035974,-0.997118,0.066799,0.000000,0.000000,0.000000,-1,-0.070160,-1.469681,-0.441040,-1.353634,-0.567090,-0.301647,102.310944,185.987900,-610.021606,0,0
3.680000,0.832347,1.507938,-0.706136,0.991098,0.124765,-0.046454,0.040762,0.047796,0.998025,0.126739,-0.991034,0.042285,0.689387,0.060027,0.029115,0.721314,-3.000469,-1.390449,-0.108641,-0.317663,-0.325248,-0.528181,0.046454,-0.998025,-0.042285,0.000000,0.000000,0.000000,-1,-0.293991,-1.156067,-0.468430,-2.941209,-1.408458,-0.144494,104.420441,186.339493,-617.060303,0,0
3.720000,0.301508,1.367243,-0.186631,0.992271,0.108600,-0.060031,0.037509,0.198641,0.979354,0.118283,-0.974037,0.193032,0.632574,0.057744,0.023022,0.772001,-3.856354,1.491862,-0.551720,-0.024859,-0.080170,0.402733,0.060031,-0.979354,-0.193032,0.000000,0.000000,0.000000,-1,0.035172,-1.059525,0.209702,-3.883210,1.497392,-0.563557,105.299408,186.515289,-620.914856,0,0
3.760000,0.373416,1.238916,-0.127652,0.967418,0.223553,-0.118859,0.041479,0.323170,0.945431,0.249765,-0.919557,0.303368,0.578982,0.114439,0.056524,0.805288,-3.942869,6.394307,-1.063735,0.088096,-0.450946,0.841500,0.118859,-0.945431,-0.303368,0.000000,0.000000,0.000000,-1,0.166458,-1.394272,0.522491,-3.969724,6.399837,-1.075571,105.299408,186.515289,-620.914856,0,0
3.800000,0.527376,1.120567,-0.072905,0.894840,0.388968,-0.219008,0.031698,0.434016,0.900347,0.445259,-0.812609,0.376046,0.520764,0.201947,0.108615,0.822329,-3.253556,2.128575,-0.409636,-0.131148,-0.336362,0.117577,0.219008,-0.900347,-0.376046,0.000000,0.000000,0.000000,-1,0.087860,-1.236710,-0.258469,-2.703168,2.663190,-0.579208,108.815247,190.734283,-617.227905,0,0
3.840000,0.468251,0.984406,0.104108,0.848461,0.466627,-0.249745,-0.057505,0.550362,0.832944,0.526124,-0.692359,0.493794,0.448415,0.228093,0.154087,0.850385,-2.632791,2.940234,0.325037,0.003124,0.054379,0.331410,0.249745,-0.832944,-0.493794,0.000000,0.000000,0.000000,-1,0.325256,-0.582947,-0.259354,-2.659646,2.945765,0.313200,107.584702,194.777512,-620.076904,0,0
3.880000,0.467226,0.945297,0.159528,0.823482,0.502326,-0.263717,-0.093008,0.578068,0.810671,0.559667,-0.643045,0.522749,0.425049,0.240747,0.174068,0.855029,-1.113045,0.541493,0.386162,-0.002563,0.483675,-0.074404,0.263717,-0.810671,-0.522749,0.000000,0.000000,0.000000,-1,0.201370,-0.374481,-0.235199,-1.139899,0.547024,0.374325,107.760498,194.250122,-620.579651,0,0
3.920000,0.452723,0.909025,0.210863,0.807115,0.525655,-0.268799,-0.128620,0.600904,0.788905,0.576214,-0.602164,0.552608,0.404228,0.245551,0.190125,0.860324,-0.835017,0.920793,0.403890,0.031967,0.222087,0.439007,0.268799,-0.788905,-0.552608,0.000000,0.000000,0.000000,-1,0.343903,-0.509689,-0.367950,-1.072938,0.906602,0.317062,108.639450,194.074341,-620.076904,0,0
3.960000,0.452691,0.908530,0.241822,0.790508,0.550238,-0.268952,-0.147253,0.597014,0.788601,0.594486,-0.583791,0.552969,0.400164,0.251763,0.203376,0.857393,0.285129,0.521997,0.487235,0.045990,0.354076,0.269460,0.268952,-0.788601,-0.552969,0.000000,0.000000,0.000000,-1,0.355316,-0.425415,-0.352402,0.258313,0.527585,0.475414,106.881531,194.425919,-620.747253,0,0
4.000000,0.459155,0.960650,0.221816,0.794555,0.551539,-0.253942,-0.126058,0.558949,0.819564,0.593963,-0.619177,0.513642,0.424842,0.250376,0.200086,0.846632,1.838014,-0.779179,0.118925,0.144327,0.380920,0.152741,0.253943,-0.819564,-0.513642,0.000000,0.000000,0.000000,-1,0.398270,-0.438644,-0.360901,1.811198,-0.773591,0.107105,106.178360,192.667999,-619.741699,0,0
4.040000,0.472102,1.038431,0.157745,0.818004,0.526868,-0.230823,-0.079735,0.501271,0.861609,0.569659,-0.686395,0.452051,0.464941,0.240424,0.182193,0.832365,1.799650,-1.115232,0.086392,-0.023930,0.237814,-0.023565,0.230823,-0.861609,-0.452051,0.000000,0.000000,0.000000,-1,0.187866,-0.633072,-0.585861,1.778497,-0.995278,0.071968,107.057327,191.789047,-616.892700,0,0
4.080000,0.481974,1.117179,0.090577,0.844762,0.495092,-0.203127,-0.039638,0.436423,0.898868,0.533672,-0.751278,0.388298,0.504985,0.225479,0.163641,0.816928,1.633162,-0.287908,0.209225,0.036237,-0.114682,-0.036918,0.203127,-0.898868,-0.388298,0.000000,0.000000,0.000000,-1,0.239365,-1.013550,-0.425217,1.606346,-0.282320,0.197404,106.002563,192.140625,-616.557556,0,0
4.120000,0.514046,1.153032,0.071403,0.836481,0.510394,-0.199493,-0.028945,0.404685,0.913998,0.547231,-0.758768,0.353284,0.519257,0.231797,0.167420,0.805365,0.863746,0.678585,0.480030,-0.119202,-0.303974,-0.328890,0.199493,-0.913998,-0.353284,0.000000,0.000000,0.000000,-1,0.114670,-1.234161,-0.835114,0.836930,0.684173,0.468210,106.881531,190.558502,-615.719604,0,0
4.160000,0.434974,1.190285,0.122147,0.852453,0.498830,-0.156501,-0.045252,0.368628,0.928475,0.520842,-0.784399,0.336811,0.535494,0.211757,0.170096,0.799671,0.527769,-1.578165,0.855434,0.190408,-0.147254,-0.635784,0.156501,-0.928475,-0.336811,0.000000,0.000000,0.000000,-1,0.451630,-1.108521,-0.753326,0.480844,-1.551182,0.866062,106.002563,191.085876,-614.881653,0,0
4.200000,0.374984,1.224681,0.164072,0.861741,0.491898,-0.124252,-0.055412,0.334690,0.940698,0.504313,-0.803753,0.315673,0.550313,0.198290,0.172657,0.792481,0.455014,-0.149570,0.256194,0.221238,-0.011756,0.447906,0.124252,-0.940698,-0.315673,0.000000,0.000000,0.000000,-1,0.345490,-0.952454,0.132233,0.428199,-0.143982,0.244374,105.123611,189.503738,-615.719604,0,1
4.240000,0.366428,1.231554,0.150937,0.872196,0.474404,-0.119227,-0.050037,0.328989,0.943007,0.486591,-0.816521,0.310681,0.555096,0.191123,0.165451,0.792443,0.120580,-0.483481,-0.237467,0.276510,-0.057863,0.648144,0.119227,-0.943007,-0.310681,0.000000,0.000000,0.000000,-1,0.467682,-1.186142,0.071793,0.093765,-0.477893,-0.249287,105.123611,189.503738,-615.719604,0,0
4.280000,0.483329,1.230233,0.055170,0.859951,0.486198,-0.155228,-0.018419,0.333510,0.942566,0.510044,-0.807702,0.295758,0.554681,0.210833,0.159919,0.788863,0.615554,-0.910877,-0.630676,-0.526337,0.219330,-0.115757,0.155228,-0.942567,-0.295758,0.000000,0.000000,0.000000,-1,-0.371109,-0.723236,-0.411514,0.408340,-0.249730,-0.768197,106.881531,188.800583,-613.708557,0,0
