0.000000,-1.707570,-1.380167,-1.593087,0.975513,0.114633,0.187708,0.189430,-0.004223,-0.981885,-0.111763,0.993399,-0.025835,-0.708091,-0.107353,-0.026813,0.697398,-0.089716,1.115988,-0.207002,-0.014517,-0.004041,-0.022310,-0.187708,0.981885,0.025835,0.000000,0.000000,0.000000,-1,-0.172607,0.982040,-0.018112,-0.157161,1.191384,-0.194050,148.399490,288.646912,-757.355774,0,0
0.040000,-1.693552,-1.375779,-1.603980,0.977188,0.090077,0.192325,0.193677,-0.006429,-0.981044,-0.087133,0.995914,-0.023728,-0.708404,-0.100138,-0.037123,0.697680,-0.158657,1.289874,-0.198517,0.009342,-0.001903,-0.036271,-0.192325,0.981044,0.023728,0.000000,0.000000,0.000000,-1,-0.164108,0.988052,-0.036255,-0.197430,1.189316,-0.158494,148.574707,290.218506,-756.854797,0,0
0.080000,-1.677026,-1.368896,-1.637629,0.979071,0.040735,0.199401,0.200084,-0.013392,-0.979687,-0.037237,0.999080,-0.021262,-0.709529,-0.084852,-0.057138,0.697212,-0.155275,1.080071,-0.101906,0.032577,0.008457,-0.062110,-0.199401,0.979687,0.021262,0.000000,0.000000,0.000000,-1,-0.194977,0.979050,-0.026733,-0.035750,0.690144,-0.035696,148.749908,288.646912,-757.021790,0,0
0.120000,-1.638400,-1.367669,-1.633941,0.979518,0.005753,0.201272,0.201331,-0.012730,-0.979441,-0.003073,0.999902,-0.013628,-0.708145,-0.073108,-0.069971,0.698778,0.149799,0.426103,0.016819,-0.017935,-0.002115,-0.033220,-0.201272,0.979441,0.013627,0.000000,0.000000,0.000000,-1,-0.230484,0.978897,-0.018616,0.190581,0.222688,0.026678,148.399490,289.694641,-757.021790,0,0
0.160000,-1.602405,-1.368546,-1.604513,0.979636,-0.001422,0.200774,0.200760,-0.006772,-0.979617,0.002752,0.999976,-0.006348,-0.705825,-0.070605,-0.072088,0.701163,0.213335,0.101676,0.015456,-0.033418,-0.002902,-0.030701,-0.200774,0.979617,0.006348,0.000000,0.000000,0.000000,-1,-0.236206,0.980911,-0.017670,0.189106,-0.217329,0.007406,148.925110,289.869263,-758.858826,0,0
0.200000,-1.569314,-1.366766,-1.565771,0.979252,0.003438,0.202618,0.202615,0.001018,-0.979258,-0.003573,0.999994,0.000300,-0.703195,-0.073256,-0.070764,0.703664,0.148091,-0.248244,-0.017361,-0.027988,0.006918,-0.007390,-0.202618,0.979258,-0.000300,0.000000,0.000000,0.000000,-1,-0.219910,0.991104,0.028137,0.163400,-0.269340,-0.032497,148.049088,289.345398,-758.357788,0,0
0.240000,-1.529362,-1.364522,-1.521039,0.978811,0.007268,0.204639,0.204561,0.010187,-0.978801,-0.009199,0.999922,0.008484,-0.700025,-0.075651,-0.069797,0.706661,0.204585,0.123834,-0.054765,-0.011456,0.007909,0.033524,-0.204639,0.978801,-0.008484,0.000000,0.000000,0.000000,-1,-0.217072,0.988007,0.006485,0.145502,0.042336,-0.049662,149.625931,290.916962,-756.854797,0,0
0.280000,-1.514045,-1.362785,-1.509191,0.978507,0.003529,0.206182,0.206123,0.012714,-0.978444,-0.006074,0.999913,0.011714,-0.698942,-0.074989,-0.071575,0.707625,-0.008066,0.096267,-0.053361,-0.012080,0.012188,0.026606,-0.206182,0.978444,-0.011714,0.000000,0.000000,0.000000,-1,-0.220398,0.982376,0.022888,-0.066178,-0.084896,-0.052073,148.399490,291.091583,-757.689819,0,0
0.320000,-1.564120,-1.358724,-1.551391,0.977520,0.012294,0.210482,0.210447,0.004084,-0.977597,-0.012878,0.999916,0.001405,-0.702145,-0.079307,-0.070357,0.704097,-0.131784,-0.443369,-0.039994,-0.000532,0.007099,0.005128,-0.210482,0.977597,-0.001405,0.000000,0.000000,0.000000,-1,-0.204605,0.995590,0.003586,-0.135588,-0.640399,-0.019017,150.151550,290.393127,-758.023804,0,0
0.360000,-1.600551,-1.359497,-1.570447,0.977316,0.030092,0.209637,0.209730,0.000073,-0.977759,-0.029438,0.999547,-0.006240,-0.704181,-0.085142,-0.063975,0.701988,-0.112632,-0.670178,0.010821,0.006741,0.028070,-0.002532,-0.209637,0.977759,0.006240,0.000000,0.000000,0.000000,-1,-0.205673,0.994247,0.005478,-0.089801,-0.798292,0.032249,149.100311,289.694641,-757.355774,0,0
0.400000,-1.632615,-1.360799,-1.581735,0.976781,0.051098,0.208059,0.208444,-0.002280,-0.978032,-0.049501,0.998691,-0.012878,-0.705680,-0.091948,-0.056172,0.700290,-0.064671,-0.704048,0.048741,-0.000575,0.010616,-0.010818,-0.208059,0.978032,0.012878,0.000000,0.000000,0.000000,-1,-0.219101,0.981308,-0.004410,-0.058865,-0.775993,0.055209,148.749908,289.694641,-758.357788,0,0
0.440000,-1.664304,-1.361426,-1.581536,0.974835,0.082907,0.206936,0.207832,-0.002232,-0.978162,-0.080634,0.996555,-0.019407,-0.706483,-0.102883,-0.044694,0.698784,-0.047596,-0.574721,0.034130,-0.014515,0.003497,-0.018232,-0.206936,0.978162,0.019407,0.000000,0.000000,0.000000,-1,-0.225403,0.985580,-0.000183,-0.034385,-0.610639,0.028664,150.501968,288.646912,-757.689819,0,0
0.480000,-1.670674,-1.359753,-1.571473,0.973007,0.099054,0.208436,0.209480,-0.000142,-0.977813,-0.096827,0.995082,-0.020888,-0.706052,-0.109246,-0.039519,0.698566,-0.032637,-0.302305,-0.007700,-0.016341,0.008286,-0.020735,-0.208436,0.977813,0.020888,0.000000,0.000000,0.000000,-1,-0.222885,0.985184,0.001343,-0.040703,-0.329746,-0.012955,149.801147,290.043884,-758.691772,0,0
0.520000,-1.672724,-1.357794,-1.568701,0.972112,0.103789,0.210298,0.211395,0.000443,-0.977401,-0.101536,0.994599,-0.021510,-0.705900,-0.111625,-0.038519,0.698399,-0.041028,-0.070147,-0.027811,-0.010268,0.002076,-0.014201,-0.210298,0.977401,0.021510,0.000000,0.000000,0.000000,-1,-0.218002,0.977325,0.005081,-0.004384,-0.015951,-0.031791,148.749908,288.297668,-757.355774,0,0
0.560000,-1.653531,-1.355323,-1.555026,0.972109,0.097983,0.213079,0.213784,0.003372,-0.976875,-0.096436,0.995182,-0.017669,-0.704700,-0.110603,-0.041380,0.699609,0.049493,0.196953,-0.037473,-0.003215,0.008064,-0.005096,-0.213079,0.976875,0.017669,0.000000,0.000000,0.000000,-1,-0.212311,0.987503,0.030014,0.072279,0.118701,-0.028989,149.100311,288.646912,-757.355774,0,0
0.600000,-1.638062,-1.354842,-1.547504,0.972733,0.089895,0.213795,0.214222,0.004991,-0.976772,-0.088874,0.995939,-0.014403,-0.703943,-0.108005,-0.044365,0.700593,0.109050,0.188484,-0.027450,0.007588,0.012898,0.034395,-0.213795,0.976772,0.014403,0.000000,0.000000,0.000000,-1,-0.202072,0.992050,0.043274,0.094560,0.027533,-0.022441,149.450729,288.996155,-758.023804,0,0
0.640000,-1.638006,-1.355340,-1.548566,0.972940,0.088808,0.213311,0.213741,0.004752,-0.976879,-0.087768,0.996037,-0.014358,-0.704014,-0.107437,-0.044581,0.700595,0.019545,-0.071266,-0.023157,0.015099,0.021168,0.024552,-0.213311,0.976879,0.014358,0.000000,0.000000,0.000000,-1,-0.184540,0.994354,0.044159,-0.061984,-0.347771,-0.013703,148.574707,287.424561,-758.190796,0,0
0.680000,-1.691905,-1.357976,-1.587229,0.972134,0.104853,0.209670,0.211189,-0.003471,-0.977439,-0.101760,0.994482,-0.025518,-0.707305,-0.111706,-0.038142,0.696984,-0.090114,-0.254687,-0.020030,0.027404,0.017938,0.012660,-0.209670,0.977439,0.025518,0.000000,0.000000,0.000000,-1,-0.179840,0.995712,0.035141,-0.084276,-0.297943,-0.014746,147.873871,289.170776,-757.856812,0,0
0.720000,-1.709735,-1.359501,-1.600925,0.972070,0.109259,0.207705,0.209631,-0.006318,-0.977760,-0.105517,0.993993,-0.029046,-0.708420,-0.112536,-0.036062,0.695828,-0.070793,-0.048996,-0.012647,0.027911,0.018242,-0.001290,-0.207705,0.977760,0.029046,0.000000,0.000000,0.000000,-1,-0.186066,0.990967,0.028885,-0.063837,-0.064672,0.000995,148.749908,289.694641,-757.689819,0,0
0.760000,-1.716358,-1.360817,-1.610396,0.972676,0.106625,0.206235,0.208276,-0.008252,-0.978035,-0.102581,0.994265,-0.030234,-0.709077,-0.111025,-0.036546,0.695376,-0.062053,0.176853,0.003267,0.015043,0.008415,-0.004447,-0.206235,0.978035,0.030234,0.000000,0.000000,0.000000,-1,-0.209290,0.986572,0.022766,-0.058356,0.165389,-0.002231,148.399490,289.694641,-757.689819,0,0
0.800000,-1.714981,-1.360294,-1.623230,0.973928,0.092855,0.206985,0.208871,-0.010962,-0.977882,-0.088533,0.995619,-0.030071,-0.709747,-0.106279,-0.041723,0.695143,-0.071651,0.128083,0.003592,-0.010865,0.011101,-0.015697,-0.206985,0.977882,0.030071,0.000000,0.000000,0.000000,-1,-0.219055,0.986435,0.011963,-0.065897,-0.040269,0.013673,149.275528,289.170776,-756.854797,0,0
0.840000,-1.716981,-1.359601,-1.625754,0.973893,0.092308,0.207393,0.209312,-0.011515,-0.977781,-0.087869,0.995664,-0.030536,-0.709920,-0.106216,-0.042090,0.694954,-0.036656,-0.066973,0.017910,-0.014623,-0.003629,-0.016604,-0.207393,0.977781,0.030536,0.000000,0.000000,0.000000,-1,-0.232269,0.972961,0.013275,-0.019205,-0.213064,0.025639,148.574707,289.170776,-758.190796,0,0
0.880000,-1.716443,-1.358835,-1.620987,0.973333,0.096422,0.208150,0.210113,-0.010555,-0.977620,-0.092068,0.995285,-0.030533,-0.709651,-0.107988,-0.040894,0.695026,0.004736,-0.202669,0.024439,-0.031886,-0.000646,-0.020538,-0.208150,0.977620,0.030533,0.000000,0.000000,0.000000,-1,-0.254913,0.983917,0.017548,0.028518,-0.364675,0.024733,148.049088,289.345398,-757.355774,0,0
0.920000,-1.715462,-1.357780,-1.607316,0.971807,0.108752,0.209201,0.211268,-0.007719,-0.977398,-0.104679,0.994039,-0.030477,-0.708873,-0.112862,-0.036862,0.695272,0.082189,-0.047989,-0.049453,-0.019422,0.006901,0.015223,-0.209201,0.977398,0.030477,0.000000,0.000000,0.000000,-1,-0.218475,0.990509,0.050583,0.067811,-0.039307,-0.053756,149.100311,288.996155,-756.019775,0,0
0.960000,-1.711952,-1.356406,-1.607201,0.971868,0.105384,0.210636,0.212611,-0.007744,-0.977106,-0.101340,0.994401,-0.029932,-0.708792,-0.112161,-0.038550,0.695376,0.003728,0.222367,-0.045552,0.011722,0.020529,0.025168,-0.210636,0.977106,0.029931,0.000000,0.000000,0.000000,-1,-0.189880,0.999298,0.055847,-0.018066,0.147327,-0.028122,148.925110,288.123047,-758.524780,0,0
1.000000,-1.707376,-1.355712,-1.609169,0.972371,0.098924,0.211443,0.213273,-0.008188,-0.976958,-0.094914,0.995061,-0.029060,-0.708805,-0.110114,-0.041100,0.695544,-0.009961,0.159886,0.002748,0.017137,0.025651,0.025979,-0.211443,0.976958,0.029060,0.000000,0.000000,0.000000,-1,-0.218475,1.002563,0.064804,0.020257,-0.109145,0.037499,148.224289,290.218506,-756.854797,0,0
1.040000,-1.722204,-1.357729,-1.619678,0.972421,0.103439,0.209040,0.211206,-0.010332,-0.977387,-0.098940,0.994582,-0.031894,-0.709691,-0.110839,-0.038784,0.694657,-0.081363,-0.212202,0.036062,-0.013785,0.020217,0.027661,-0.209040,0.977387,0.031894,0.000000,0.000000,0.000000,-1,-0.223267,0.998062,0.058853,-0.119246,-0.338173,0.024115,148.049088,288.297668,-757.355774,0,0
1.080000,-1.750960,-1.357216,-1.641868,0.971758,0.110463,0.208529,0.211425,-0.015052,-0.977278,-0.104814,0.993766,-0.037981,-0.711476,-0.113106,-0.036444,0.692590,-0.194188,-0.220734,0.004368,-0.009229,0.017351,0.012937,-0.208529,0.977278,0.037981,0.000000,0.000000,0.000000,-1,-0.198975,1.002335,0.033554,-0.256378,-0.253378,0.011415,148.224289,287.773804,-757.856812,0,0
1.120000,-1.788196,-1.356489,-1.675020,0.971386,0.115258,0.207665,0.211517,-0.022125,-0.977124,-0.108027,0.993089,-0.045871,-0.714035,-0.114411,-0.034885,0.689817,-0.259997,-0.115765,0.011005,0.008690,0.025211,-0.012317,-0.207665,0.977124,0.045871,0.000000,0.000000,0.000000,-1,-0.185471,0.973175,0.026367,-0.194556,-0.140966,0.030437,148.224289,288.472290,-757.522766,0,0
1.160000,-1.816499,-1.357880,-1.702886,0.971841,0.116253,0.204965,0.209471,-0.027831,-0.977419,-0.107924,0.992830,-0.051399,-0.716078,-0.113718,-0.033880,0.687861,-0.109862,0.024230,0.039577,0.020044,-0.009218,-0.026024,-0.204965,0.977419,0.051399,0.000000,0.000000,0.000000,-1,-0.205688,0.977615,0.025955,-0.071035,0.014916,0.049647,149.625931,288.472290,-757.188782,0,0
1.200000,-1.823639,-1.359893,-1.717106,0.973107,0.109459,0.202687,0.207107,-0.030520,-0.977842,-0.100848,0.993523,-0.052369,-0.716937,-0.110388,-0.035512,0.687426,-0.040499,0.180134,0.074276,-0.013560,-0.009504,-0.021622,-0.202687,0.977842,0.052369,0.000000,0.000000,0.000000,-1,-0.219559,0.947571,0.027588,-0.011347,0.037235,0.085054,149.976349,288.821533,-756.520752,0,0
1.240000,-1.821841,-1.362045,-1.717868,0.973798,0.106867,0.200742,0.205001,-0.030369,-0.978308,-0.099093,0.993796,-0.050505,-0.716500,-0.108995,-0.035524,0.688103,0.066580,-0.076479,0.045529,-0.024390,-0.025732,-0.020354,-0.200906,0.978308,0.050505,0.000000,0.000000,0.000000,-1,-0.225235,0.986328,0.029587,0.045591,-0.318015,0.031781,149.275528,290.218506,-757.188782,0,0
1.280000,-1.817299,-1.363362,-1.706802,0.973304,0.113092,0.199724,0.204048,-0.027924,-0.978563,-0.105090,0.993192,-0.050255,-0.716150,-0.110710,-0.033036,0.688318,0.029163,-0.250383,0.026516,-0.022139,0.019042,-0.017631,-0.199724,0.978563,0.050255,0.000000,0.000000,0.000000,-1,-0.202744,0.996078,0.057068,0.028528,-0.329695,0.020320,149.625931,290.218506,-756.854797,0,0
1.320000,-1.818786,-1.364139,-1.700083,0.972508,0.121083,0.198912,0.203477,-0.026454,-0.978722,-0.113245,0.992290,-0.050365,-0.715774,-0.113360,-0.029921,0.688420,0.024990,0.008260,-0.005453,0.010603,0.010886,0.009160,-0.198912,0.978722,0.050365,0.000000,0.000000,0.000000,-1,-0.175079,0.981689,0.060608,0.015927,-0.005307,-0.004406,148.574707,290.916962,-756.186768,0,0
1.360000,-1.813610,-1.364079,-1.698926,0.972935,0.117073,0.199227,0.203565,-0.026226,-0.978710,-0.109356,0.992777,-0.049349,-0.715631,-0.112013,-0.031396,0.688723,-0.003530,0.194873,0.005720,0.024148,0.002979,0.011259,-0.199227,0.978710,0.049349,0.000000,0.000000,0.000000,-1,-0.205856,0.988831,0.058960,0.009739,0.089099,0.027147,150.151550,289.694641,-756.019775,0,0
1.400000,-1.805802,-1.365638,-1.697596,0.973920,0.110575,0.198123,0.202087,-0.025763,-0.979029,-0.103152,0.993534,-0.047437,-0.715388,-0.109263,-0.033189,0.689333,0.069872,0.087842,0.039435,-0.017392,0.013922,0.011523,-0.198123,0.979029,0.047437,0.000000,0.000000,0.000000,-1,-0.218124,0.988037,0.063110,0.136147,-0.161076,0.049221,149.801147,288.996155,-756.687744,0,0
1.440000,-1.786652,-1.368294,-1.671256,0.973490,0.117141,0.196454,0.200107,-0.020171,-0.979566,-0.110785,0.992910,-0.043077,-0.713572,-0.111148,-0.030014,0.691058,0.126981,-0.320334,0.043834,-0.019977,0.013338,0.019133,-0.196454,0.979566,0.043077,0.000000,0.000000,0.000000,-1,-0.212540,1.001007,0.074509,0.095486,-0.466428,0.042538,148.925110,288.123047,-757.856812,0,0
1.480000,-1.797096,-1.368309,-1.670593,0.972199,0.128149,0.195979,0.200106,-0.020036,-0.979569,-0.121604,0.991552,-0.045123,-0.713680,-0.114987,-0.026053,0.690478,0.009904,-0.333103,0.015391,-0.016561,0.021438,0.029386,-0.195979,0.979569,0.045123,0.000000,0.000000,0.000000,-1,-0.188156,0.988907,0.064896,-0.059734,-0.248093,-0.001413,148.925110,291.615448,-757.522766,0,0
1.520000,-1.826963,-1.366975,-1.696377,0.971619,0.132723,0.195808,0.200819,-0.025352,-0.979300,-0.125012,0.990829,-0.051286,-0.715587,-0.116528,-0.024734,0.688214,-0.041957,0.084564,-0.000816,0.011116,0.008188,-0.006246,-0.195610,0.979330,0.051473,0.000000,0.000000,0.000000,-1,-0.182678,0.990768,0.035843,0.003189,-0.063593,0.013016,149.801147,288.996155,-756.019775,0,0
1.560000,-1.821367,-1.368955,-1.691077,0.971999,0.132282,0.194213,0.199026,-0.024055,-0.979699,-0.124925,0.990920,-0.049709,-0.715151,-0.115817,-0.024222,0.688882,0.089851,-0.108345,0.030519,0.011230,0.010276,-0.007183,-0.194213,0.979699,0.049709,0.000000,0.000000,0.000000,-1,-0.187729,0.994995,0.058228,0.122233,-0.269222,0.046671,149.275528,289.170776,-757.188782,0,0
1.600000,-1.812664,-1.372994,-1.672276,0.971328,0.141845,0.190795,0.195504,-0.019908,-0.980501,-0.135281,0.989689,-0.047068,-0.713846,-0.118145,-0.019442,0.689991,0.124897,-0.343655,0.069493,-0.002092,0.017256,0.011281,-0.190795,0.980501,0.047068,0.000000,0.000000,0.000000,-1,-0.197479,1.000244,0.069244,0.082789,-0.528937,0.071680,149.625931,288.821533,-757.188782,0,0
1.640000,-1.828742,-1.375720,-1.667995,0.968855,0.161836,0.187428,0.192926,-0.018811,-0.981033,-0.155241,0.986638,-0.049448,-0.713638,-0.124280,-0.011276,0.689310,0.010989,-0.342655,0.032447,-0.006603,0.016526,0.021673,-0.187428,0.981033,0.049448,0.000000,0.000000,0.000000,-1,-0.187027,0.989059,0.066132,-0.020379,-0.385870,0.031750,150.151550,289.694641,-759.025818,0,0
1.680000,-1.847851,-1.375931,-1.679759,0.967809,0.169281,0.186250,0.192486,-0.021057,-0.981074,-0.162155,0.985343,-0.052964,-0.714463,-0.126587,-0.008431,0.688075,-0.075040,-0.184647,0.022060,-0.000777,0.006307,0.007904,-0.186250,0.981074,0.052964,0.000000,0.000000,0.000000,-1,-0.199188,0.984573,0.049835,-0.079842,-0.253355,0.024362,149.450729,290.742340,-757.689819,0,0
1.720000,-1.862179,-1.375279,-1.689739,0.967048,0.173753,0.186085,0.192901,-0.023053,-0.980947,-0.166152,0.984519,-0.055810,-0.715177,-0.128169,-0.006968,0.687056,-0.060181,-0.156041,0.008999,-0.013210,0.002894,-0.009225,-0.186085,0.980947,0.055810,0.000000,0.000000,0.000000,-1,-0.171204,1.002365,0.053650,-0.005519,-0.269292,0.001276,149.625931,289.869263,-756.520752,0,0
1.760000,-1.870811,-1.375637,-1.689849,0.965664,0.182130,0.185261,0.192550,-0.023032,-0.981017,-0.174405,0.983005,-0.057311,-0.715194,-0.130971,-0.003795,0.686535,-0.006066,-0.182582,-0.014875,0.026493,0.022645,-0.002822,-0.185261,0.981017,0.057311,0.000000,0.000000,0.000000,-1,-0.134308,0.996353,0.053177,-0.017279,-0.287336,-0.012341,148.925110,289.869263,-758.524780,0,0
1.800000,-1.888772,-1.377371,-1.700405,0.964746,0.189544,0.182586,0.190610,-0.024844,-0.981351,-0.181473,0.981558,-0.060097,-0.715836,-0.132766,-0.000389,0.685530,-0.067703,-0.176215,-0.008890,0.053176,0.013247,-0.012398,-0.182586,0.981351,0.060097,0.000000,0.000000,0.000000,-1,-0.127533,0.990173,0.037964,-0.072512,-0.248101,-0.006591,148.049088,289.345398,-756.353760,0,0
1.840000,-1.900512,-1.377540,-1.709153,0.964302,0.192622,0.181711,0.190221,-0.026488,-0.981384,-0.184223,0.980915,-0.062183,-0.716410,-0.133598,0.000877,0.684768,-0.052659,-0.027681,-0.016088,0.054178,0.008789,-0.024219,-0.181711,0.981384,0.062183,0.000000,0.000000,0.000000,-1,-0.172821,1.005737,0.023682,-0.021189,0.033946,0.012845,150.326767,289.869263,-757.856812,0,0
1.880000,-1.892518,-1.379340,-1.710279,0.966274,0.183641,0.180526,0.188441,-0.026456,-0.981728,-0.175510,0.982637,-0.060169,-0.716397,-0.129845,-0.001750,0.685501,0.041549,0.328699,0.082320,-0.005677,0.021034,-0.031315,-0.180526,0.981728,0.060169,0.000000,0.000000,0.000000,-1,-0.220123,0.983658,0.049042,0.075020,0.277930,0.102163,148.224289,289.520020,-757.188782,0,0
1.920000,-1.864423,-1.384062,-1.697308,0.969562,0.168438,0.177705,0.184167,-0.023424,-0.982616,-0.161347,0.985434,-0.053732,-0.715318,-0.123234,-0.005717,0.687824,0.104285,0.353079,0.079391,-0.049239,0.000478,0.004999,-0.177705,0.982616,0.053732,0.000000,0.000000,0.000000,-1,-0.230789,0.981094,0.073029,0.076905,0.164426,0.061170,149.450729,289.345398,-757.689819,0,0
1.960000,-1.855708,-1.385599,-1.693432,0.970575,0.163572,0.176717,0.182757,-0.022526,-0.982900,-0.156794,0.986274,-0.051757,-0.714993,-0.121095,-0.006966,0.688530,-0.026987,-0.000065,0.018609,-0.047664,-0.001806,0.021272,-0.176717,0.982900,0.051757,0.000000,0.000000,0.000000,-1,-0.190430,0.995972,0.054474,-0.109769,-0.321252,-0.003723,149.625931,289.170776,-756.520752,0,0
2.000000,-1.898602,-1.383388,-1.723957,0.968405,0.176288,0.176392,0.184132,-0.028424,-0.982490,-0.168187,0.983928,-0.059986,-0.717080,-0.125655,-0.002861,0.685564,-0.159114,-0.383725,-0.012240,-0.003784,0.012871,-0.019551,-0.176392,0.982490,0.059986,0.000000,0.000000,0.000000,-1,-0.176498,0.994125,0.014740,-0.152417,-0.489822,-0.001428,149.976349,288.472290,-757.188782,0,0
2.040000,-1.934363,-1.381966,-1.746047,0.965962,0.190102,0.175440,0.184835,-0.032728,-0.982224,-0.180981,0.981219,-0.066752,-0.718582,-0.130443,0.001928,0.683096,-0.036677,-0.281907,0.012544,-0.004583,0.008330,-0.055628,-0.175440,0.982224,0.066752,0.000000,0.000000,0.000000,-1,-0.194138,0.981552,0.006958,0.012590,-0.318033,0.020443,149.976349,288.472290,-756.854797,0,0
2.080000,-1.926103,-1.382935,-1.732756,0.965087,0.194804,0.175093,0.184314,-0.030115,-0.982406,-0.186104,0.980380,-0.064969,-0.717665,-0.132067,0.003836,0.683740,0.083638,-0.088937,0.017791,-0.019044,-0.000854,-0.058011,-0.175093,0.982406,0.064969,0.000000,0.000000,0.000000,-1,-0.217270,0.993118,0.041199,0.146693,-0.047703,0.002853,148.749908,289.694641,-757.355774,0,0
2.120000,-1.876462,-1.383819,-1.687714,0.965732,0.189568,0.177273,0.184621,-0.021684,-0.982571,-0.182420,0.981628,-0.055940,-0.714730,-0.130885,0.001800,0.687042,0.176110,0.260815,-0.061400,-0.037799,0.013096,-0.007234,-0.177273,0.982571,0.055940,0.000000,0.000000,0.000000,-1,-0.183823,0.994476,0.070969,0.146607,0.204516,-0.071681,149.275528,290.218506,-757.522766,0,0
2.160000,-1.843948,-1.381516,-1.666646,0.967204,0.178020,0.181177,0.187289,-0.018007,-0.982140,-0.171578,0.983862,-0.050757,-0.713437,-0.128010,-0.003364,0.688919,0.015585,0.248272,-0.080863,0.009836,0.008842,0.019280,-0.181177,0.982140,0.050757,0.000000,0.000000,0.000000,-1,-0.162704,0.988052,0.055817,-0.006587,0.058211,-0.067204,150.501968,290.043884,-757.021790,0,0
2.200000,-1.841327,-1.380099,-1.666259,0.967326,0.175840,0.182650,0.188681,-0.018067,-0.981872,-0.169353,0.984253,-0.050654,-0.713451,-0.127732,-0.004660,0.688949,0.000568,-0.053849,-0.053802,0.019946,0.006180,0.005162,-0.182650,0.981872,0.050654,0.000000,0.000000,0.000000,-1,-0.182083,0.984634,0.037827,0.028367,-0.277825,-0.033098,149.275528,289.520020,-756.854797,0,0
2.240000,-1.834153,-1.378448,-1.649986,0.965339,0.184536,0.184573,0.190565,-0.015122,-0.981558,-0.178342,0.982709,-0.049764,-0.712430,-0.131628,-0.002187,0.689284,0.065457,-0.070794,-0.041675,-0.003735,0.011759,-0.010321,-0.184573,0.981558,0.049765,0.000000,0.000000,0.000000,-1,-0.194489,0.993561,0.032761,0.079518,-0.108195,-0.036555,149.625931,289.170776,-757.856812,0,0
2.280000,-1.814174,-1.377642,-1.630678,0.965196,0.183547,0.186299,0.191612,-0.011488,-0.981404,-0.177994,0.982944,-0.046258,-0.711151,-0.131884,-0.002919,0.690552,0.099589,0.088232,-0.045962,-0.012584,0.017650,-0.010674,-0.186299,0.981404,0.046258,0.000000,0.000000,0.000000,-1,-0.186508,1.000992,0.035202,0.107232,0.020080,-0.043821,148.925110,288.821533,-758.524780,0,0
2.320000,-1.789609,-1.376786,-1.609712,0.965562,0.179641,0.188199,0.192650,-0.007501,-0.981239,-0.174859,0.983704,-0.041850,-0.709738,-0.131137,-0.004699,0.692136,0.090042,0.143353,-0.052489,0.001691,0.019753,-0.006648,-0.188199,0.981239,0.041850,0.000000,0.000000,0.000000,-1,-0.200882,0.984253,0.032715,0.051975,0.086863,-0.049896,148.574707,287.773804,-757.188782,0,0
2.360000,-1.766195,-1.373827,-1.595554,0.966514,0.170283,0.191974,0.195638,-0.004845,-0.980664,-0.166060,0.985383,-0.037996,-0.708759,-0.129071,-0.009141,0.693483,-0.008864,0.206931,-0.074026,-0.012997,0.001208,-0.007524,-0.191974,0.980664,0.037996,0.000000,0.000000,0.000000,-1,-0.197647,0.982697,0.016937,-0.017219,0.109084,-0.077954,149.275528,289.170776,-758.524780,0,0
2.400000,-1.747757,-1.370184,-1.585989,0.967204,0.161364,0.196157,0.199246,-0.003027,-0.979945,-0.157534,0.986890,-0.035079,-0.708045,-0.127326,-0.013637,0.694460,-0.003575,0.232355,-0.089094,0.003912,0.003179,-0.023559,-0.196157,0.979945,0.035079,0.000000,0.000000,0.000000,-1,-0.185104,0.988434,0.012238,0.009364,0.147242,-0.084801,148.925110,290.567749,-757.856812,0,0
2.440000,-1.726521,-1.368871,-1.572819,0.968139,0.153138,0.198129,0.200555,-0.000406,-0.979682,-0.149947,0.988205,-0.031105,-0.707045,-0.125060,-0.017036,0.695814,0.058185,0.304464,-0.080522,0.013024,0.008751,-0.018868,-0.198129,0.979682,0.031105,0.000000,0.000000,0.000000,-1,-0.197067,0.999954,0.023300,0.130726,0.266015,-0.066465,147.698669,290.393127,-759.025818,0,0
2.480000,-1.668865,-1.367464,-1.532997,0.970297,0.134676,0.200964,0.201790,0.007631,-0.979399,-0.133435,0.990860,-0.019772,-0.703995,-0.119484,-0.023981,0.699671,0.175273,0.393550,-0.063062,0.001409,0.018449,0.004993,-0.200964,0.979399,0.019772,0.000000,0.000000,0.000000,-1,-0.209183,1.002258,0.037369,0.166920,0.286172,-0.058445,148.224289,289.869263,-758.190796,0,0
2.520000,-1.634938,-1.365172,-1.513370,0.971631,0.120063,0.203758,0.203841,0.011719,-0.978934,-0.119921,0.992697,-0.013087,-0.702318,-0.115298,-0.029843,0.701830,0.076519,0.366335,-0.062946,-0.005760,0.019128,0.029424,-0.203758,0.978934,0.013087,0.000000,0.000000,0.000000,-1,-0.212753,0.988693,0.038467,0.043572,0.263905,-0.059112,149.450729,290.043884,-757.689819,0,0
2.560000,-1.628875,-1.362268,-1.520080,0.972489,0.107484,0.206671,0.206754,0.010495,-0.978337,-0.107325,0.994151,-0.012017,-0.702497,-0.111829,-0.035355,0.701956,-0.014982,0.264560,-0.057224,-0.008081,0.010448,0.018943,-0.206671,0.978337,0.012017,0.000000,0.000000,0.000000,-1,-0.218567,0.981064,0.017395,-0.013927,0.086868,-0.045978,147.523468,289.170776,-757.856812,0,0
2.600000,-1.626608,-1.359524,-1.525379,0.972703,0.100048,0.209378,0.209488,0.009521,-0.977765,-0.099817,0.994937,-0.011698,-0.702652,-0.110131,-0.038981,0.701877,-0.006504,0.164920,-0.043043,-0.009372,0.007068,0.006414,-0.209378,0.977765,0.011698,0.000000,0.000000,0.000000,-1,-0.218262,0.991806,0.016388,0.003105,0.078398,-0.038682,148.749908,289.694641,-758.023804,0,0
2.640000,-1.619442,-1.357518,-1.525421,0.972976,0.092856,0.211414,0.211447,0.009601,-0.977342,-0.092781,0.995633,-0.010292,-0.702436,-0.108303,-0.042222,0.702190,0.020106,0.178711,-0.037018,-0.005993,0.017287,0.005760,-0.211414,0.977342,0.010292,0.000000,0.000000,0.000000,-1,-0.217545,0.992599,0.007629,0.019068,0.057206,-0.030252,148.574707,289.520020,-757.856812,0,0
2.680000,-1.611162,-1.356174,-1.522177,0.973146,0.087753,0.212805,0.212727,0.010351,-0.977057,-0.087942,0.996088,-0.008595,-0.702031,-0.107004,-0.044465,0.702656,0.006263,0.090731,-0.024768,-0.003839,0.013239,-0.000645,-0.212805,0.977057,0.008595,0.000000,0.000000,0.000000,-1,-0.218658,0.992172,0.008102,0.009499,-0.028645,-0.012740,148.574707,289.520020,-758.190796,0,0
2.720000,-1.607409,-1.355341,-1.521245,0.973213,0.084912,0.213649,0.213530,0.010589,-0.976879,-0.085211,0.996332,-0.007826,-0.701864,-0.106303,-0.045749,0.702847,0.006397,0.065617,-0.014059,-0.005132,0.013721,0.003313,-0.213649,0.976879,0.007826,0.000000,0.000000,0.000000,-1,-0.218826,0.990646,0.006088,0.004181,-0.036065,-0.011584,149.275528,289.869263,-756.854797,0,0
2.760000,-1.604522,-1.354516,-1.520623,0.973228,0.082633,0.214476,0.214328,0.010763,-0.976702,-0.083016,0.996522,-0.007236,-0.701730,-0.105796,-0.046834,0.702985,-0.009576,0.040168,-0.015897,-0.005067,0.013730,-0.006977,-0.214476,0.976702,0.007236,0.000000,0.000000,0.000000,-1,-0.218765,0.984497,-0.010452,-0.019249,-0.096495,-0.009990,148.749908,290.043884,-758.691772,0,0
2.800000,-1.602918,-1.353935,-1.519422,0.973137,0.082197,0.215055,0.214882,0.011049,-0.976578,-0.082648,0.996555,-0.006910,-0.701605,-0.105857,-0.047180,0.703078,-0.024493,-0.013901,-0.014425,-0.003711,0.007919,-0.017363,-0.215055,0.976578,0.006910,0.000000,0.000000,0.000000,-1,-0.219376,0.989182,-0.005737,-0.014974,-0.093306,-0.004732,147.698669,289.694641,-757.689819,0,0
2.840000,-1.596285,-1.353556,-1.514370,0.973188,0.080498,0.215466,0.215193,0.012155,-0.976496,-0.081225,0.996681,-0.005493,-0.701164,-0.105428,-0.047863,0.703536,0.024554,0.077305,0.002705,-0.004658,0.009741,-0.012131,-0.215466,0.976496,0.005493,0.000000,0.000000,0.000000,-1,-0.220123,0.984802,-0.003052,0.035095,-0.010594,0.004980,148.574707,288.472290,-757.188782,0,0
2.880000,-1.583525,-1.353306,-1.505240,0.973432,0.076662,0.215762,0.215316,0.014136,-0.976442,-0.077906,0.996957,-0.002747,-0.700365,-0.104224,-0.049209,0.704418,0.027790,0.093467,-0.004876,-0.005277,0.005827,-0.003738,-0.215762,0.976442,0.002747,0.000000,0.000000,0.000000,-1,-0.220261,0.985199,-0.000443,0.007399,-0.046652,-0.001998,147.698669,288.996155,-757.689819,0,0
2.920000,-1.580353,-1.352871,-1.503670,0.973464,0.075021,0.216194,0.215717,0.014502,-0.976348,-0.076382,0.997076,-0.002066,-0.700184,-0.103808,-0.049920,0.704610,-0.016949,-0.023156,-0.003857,-0.004539,0.008912,-0.004965,-0.216194,0.976348,0.002066,0.000000,0.000000,0.000000,-1,-0.218704,0.986221,-0.010208,-0.027762,-0.202486,0.009730,148.574707,288.821533,-757.856812,0,0
2.960000,-1.585399,-1.353000,-1.504663,0.973173,0.079087,0.216056,0.215606,0.014280,-0.976376,-0.080304,0.996765,-0.003155,-0.700366,-0.105193,-0.048457,0.704325,-0.015929,-0.154601,0.010553,-0.003122,0.008640,-0.014386,-0.216056,0.976376,0.003155,0.000000,0.000000,0.000000,-1,-0.219101,0.985779,-0.014343,-0.007581,-0.263967,0.017231,149.976349,288.821533,-758.524780,0,0
3.000000,-1.586475,-1.353449,-1.499500,0.972755,0.085190,0.215614,0.215092,0.015361,-0.976473,-0.086498,0.996246,-0.003381,-0.700138,-0.107223,-0.046104,0.704403,0.006420,-0.147174,0.013464,-0.003655,0.006956,-0.018716,-0.215614,0.976473,0.003381,0.000000,0.000000,0.000000,-1,-0.221024,0.980515,-0.008072,0.015862,-0.186574,0.015559,148.925110,288.821533,-757.522766,0,0
3.040000,-1.583972,-1.353615,-1.494248,0.972557,0.087807,0.215459,0.214847,0.016478,-0.976509,-0.089295,0.996001,-0.002839,-0.699807,-0.108121,-0.045071,0.704662,0.024556,-0.042222,0.007471,-0.005565,0.004006,-0.010911,-0.215459,0.976509,0.002839,0.000000,0.000000,0.000000,-1,-0.220001,0.981094,-0.006531,0.031869,-0.054064,0.004148,148.399490,288.646912,-757.689819,0,0
3.080000,-1.572875,-1.353184,-1.485983,0.972728,0.084785,0.215898,0.215123,0.018289,-0.976416,-0.086734,0.996231,-0.000449,-0.699086,-0.107250,-0.046190,0.705438,0.008696,0.100077,-0.005763,-0.003386,0.008951,-0.006140,-0.215898,0.976416,0.000449,0.000000,0.000000,0.000000,-1,-0.220337,0.991684,0.004623,0.006377,0.003179,-0.001148,148.925110,289.869263,-757.856812,0,0
3.120000,-1.568669,-1.352896,-1.485385,0.972974,0.081171,0.216179,0.215392,0.018442,-0.976354,-0.083239,0.996530,0.000460,-0.698941,-0.106076,-0.047551,0.705669,0.005487,0.064032,-0.003438,-0.004951,0.015437,0.005541,-0.216179,0.976354,-0.000460,0.000000,0.000000,0.000000,-1,-0.221497,0.990173,0.001953,-0.008594,-0.117683,0.000626,149.100311,290.043884,-758.023804,0,0
3.160000,-1.570719,-1.352676,-1.487259,0.972908,0.081387,0.216395,0.215640,0.018056,-0.976306,-0.083366,0.996519,0.000017,-0.699077,-0.106221,-0.047573,0.705511,-0.021195,-0.055776,-0.005795,-0.005102,0.013867,0.001970,-0.216395,0.976306,-0.000017,0.000000,0.000000,0.000000,-1,-0.218704,0.982925,-0.004318,-0.028883,-0.209928,-0.004053,148.224289,290.218506,-759.192810,0,0
3.200000,-1.581443,-1.352087,-1.492819,0.972328,0.086653,0.216957,0.216310,0.016902,-0.976178,-0.088255,0.996095,-0.002310,-0.699596,-0.108264,-0.045991,0.704791,-0.031897,-0.114100,-0.012860,-0.000710,0.006945,-0.008978,-0.216957,0.976178,0.002310,0.000000,0.000000,0.000000,-1,-0.216019,0.987793,-0.003922,-0.027829,-0.196154,-0.009445,147.698669,289.694641,-758.357788,0,0
3.240000,-1.583551,-1.351786,-1.492937,0.972085,0.088633,0.217246,0.216606,0.016899,-0.976113,-0.090187,0.995921,-0.002771,-0.699635,-0.109071,-0.045402,0.704665,0.011794,0.013126,-0.012851,0.000861,0.008705,-0.005441,-0.217246,0.976113,0.002771,0.000000,0.000000,0.000000,-1,-0.213837,0.988159,-0.000732,0.026513,-0.049841,-0.007513,148.925110,288.821533,-758.190796,0,0
3.280000,-1.576653,-1.351787,-1.488041,0.972272,0.086522,0.217259,0.216519,0.017959,-0.976113,-0.088357,0.996088,-0.001272,-0.699211,-0.108351,-0.046088,0.705152,0.032088,0.100074,-0.006019,0.003422,0.012046,-0.002005,-0.217259,0.976113,0.001272,0.000000,0.000000,0.000000,-1,-0.215393,0.991882,0.017532,0.021297,0.019092,0.004998,148.925110,290.218506,-758.524780,0,0
3.320000,-1.570315,-1.352392,-1.487249,0.972879,0.080988,0.216672,0.215917,0.018081,-0.976244,-0.082982,0.996551,0.000104,-0.699052,-0.106181,-0.047811,0.705525,0.013000,0.100093,0.008022,0.000227,0.016721,0.020017,-0.216672,0.976244,-0.000104,0.000000,0.000000,0.000000,-1,-0.216125,0.992874,0.022141,0.007470,-0.026486,0.012802,149.100311,289.345398,-759.359802,0,0
3.360000,-1.580938,-1.353155,-1.497934,0.973031,0.081191,0.215916,0.215354,0.015719,-0.976410,-0.082670,0.996575,-0.002190,-0.699911,-0.105922,-0.047594,0.704727,-0.033925,-0.089685,0.010461,0.003376,0.012345,0.019234,-0.215916,0.976410,0.002190,0.000000,0.000000,0.000000,-1,-0.209747,0.991547,0.015213,-0.043704,-0.227922,0.016402,149.625931,289.869263,-757.856812,0,0
3.400000,-1.595216,-1.354060,-1.507857,0.972844,0.085777,0.214979,0.214617,0.013526,-0.976605,-0.086678,0.996223,-0.005251,-0.700816,-0.107159,-0.045769,0.703761,-0.061600,-0.182968,0.021826,0.006803,0.017368,0.003767,-0.214979,0.976605,0.005251,0.000000,0.000000,0.000000,-1,-0.200928,0.988983,-0.001953,-0.053231,-0.284079,0.039099,147.173050,289.869263,-757.522766,0,0
3.440000,-1.610053,-1.356409,-1.515904,0.972730,0.092754,0.212585,0.212429,0.011672,-0.977107,-0.093112,0.995621,-0.008350,-0.701678,-0.108733,-0.042567,0.702861,-0.032766,-0.152181,0.049031,0.011139,0.010167,-0.009753,-0.212585,0.977107,0.008350,0.000000,0.000000,0.000000,-1,-0.206375,0.985672,-0.006165,-0.020153,-0.229976,0.059765,148.049088,288.646912,-758.023804,0,0
3.480000,-1.612537,-1.359256,-1.514563,0.972968,0.096565,0.209783,0.209634,0.011801,-0.977709,-0.096888,0.995257,-0.008762,-0.701771,-0.109081,-0.040218,0.702853,0.000321,-0.053561,0.062052,0.000509,0.007902,-0.013568,-0.209783,0.977709,0.008761,0.000000,0.000000,0.000000,-1,-0.219711,0.991562,-0.000687,0.009728,-0.100625,0.063106,147.698669,290.043884,-757.689819,0,0
3.520000,-1.608430,-1.361137,-1.510520,0.973368,0.096435,0.207980,0.207749,0.012537,-0.978102,-0.096930,0.995260,-0.007831,-0.701545,-0.108398,-0.039573,0.703220,0.007802,0.031244,0.054138,-0.014219,0.010546,-0.005664,-0.207980,0.978102,0.007831,0.000000,0.000000,0.000000,-1,-0.236725,0.984940,0.017410,0.018200,-0.039165,0.041461,148.574707,288.123047,-757.856812,0,0
3.560000,-1.605568,-1.360902,-1.509919,0.973536,0.094168,0.208231,0.207971,0.012676,-0.978053,-0.094741,0.995476,-0.007243,-0.701445,-0.107685,-0.040449,0.703379,0.005573,0.062251,0.014669,-0.022879,0.004308,0.014592,-0.208231,0.978053,0.007243,0.000000,0.000000,0.000000,-1,-0.216049,0.989594,0.024017,-0.010615,-0.068886,0.018511,146.647430,290.043884,-758.691772,0,0
3.600000,-1.618007,-1.361014,-1.520561,0.973384,0.096193,0.208015,0.207984,0.010457,-0.978076,-0.096259,0.995308,-0.009828,-0.702274,-0.108283,-0.039783,0.702498,-0.047730,-0.162503,0.023715,-0.008248,0.008282,0.015746,-0.208015,0.978076,0.009828,0.000000,0.000000,0.000000,-1,-0.219223,0.988556,0.007782,-0.047980,-0.327560,0.030728,149.976349,288.821533,-757.522766,0,0
3.640000,-1.640387,-1.361154,-1.532170,0.972325,0.107163,0.207607,0.207955,0.008037,-0.978105,-0.106485,0.994209,-0.014471,-0.703342,-0.112007,-0.035943,0.701051,-0.076597,-0.319431,0.013038,-0.012028,0.009886,-0.011053,-0.207607,0.978105,0.014471,0.000000,0.000000,0.000000,-1,-0.217865,0.984726,-0.005753,-0.078940,-0.376366,0.006824,149.976349,290.218506,-757.856812,0,0
3.680000,-1.657857,-1.360665,-1.539779,0.971134,0.117124,0.207798,0.208488,0.006469,-0.978004,-0.115891,0.993096,-0.018137,-0.704060,-0.115619,-0.032635,0.699905,-0.048877,-0.180557,0.003594,-0.005962,0.003991,-0.024195,-0.207798,0.978004,0.018137,0.000000,0.000000,0.000000,-1,-0.214767,0.984253,-0.008026,-0.025668,-0.228996,0.006635,148.574707,289.869263,-758.190796,0,0
3.720000,-1.651219,-1.360765,-1.530670,0.970856,0.119378,0.207817,0.208323,0.008364,-0.978024,-0.118493,0.992814,-0.016749,-0.703428,-0.116466,-0.031746,0.700441,0.049109,0.016766,0.009095,-0.008385,0.007068,-0.022471,-0.207817,0.978024,0.016749,0.000000,0.000000,0.000000,-1,-0.217499,0.983978,0.001938,0.069124,-0.047687,0.014345,148.224289,290.567749,-757.856812,0,0
3.760000,-1.631930,-1.360697,-1.514422,0.971190,0.116002,0.208167,0.208225,0.011751,-0.978010,-0.115897,0.993179,-0.012742,-0.702172,-0.115437,-0.032852,0.701819,0.067214,0.114287,-0.003248,-0.009240,0.005388,0.004577,-0.208167,0.978010,0.012742,0.000000,0.000000,0.000000,-1,-0.212158,0.994492,0.031250,0.022307,0.038148,-0.013183,148.049088,290.043884,-758.357788,0,0
3.800000,-1.629860,-1.359861,-1.517219,0.971568,0.111218,0.209010,0.209075,0.011212,-0.977835,-0.111097,0.993733,-0.012359,-0.702267,-0.114021,-0.034856,0.701859,-0.043455,0.100467,-0.025368,0.002055,0.018991,0.019730,-0.209010,0.977835,0.012359,0.000000,0.000000,0.000000,-1,-0.191177,0.992615,0.017700,-0.069210,-0.045618,-0.018178,148.925110,289.520020,-758.524780,0,0
3.840000,-1.655640,-1.360268,-1.540337,0.971370,0.114378,0.208225,0.208879,0.006364,-0.977921,-0.113177,0.993417,-0.017709,-0.704045,-0.114786,-0.033750,0.700005,-0.066976,-0.126402,-0.013440,0.015720,0.010422,-0.011651,-0.208225,0.977921,0.017709,0.000000,0.000000,0.000000,-1,-0.205948,0.993790,0.006134,-0.056543,-0.197217,-0.011251,148.749908,289.345398,-757.689819,0,0
3.880000,-1.660064,-1.360278,-1.543273,0.971207,0.115920,0.208134,0.208887,0.005751,-0.977923,-0.114558,0.993242,-0.018629,-0.704288,-0.115296,-0.033217,0.699701,-0.048892,-0.046836,-0.022463,0.006383,0.020902,-0.015287,-0.208134,0.977923,0.018629,0.000000,0.000000,0.000000,-1,-0.198441,0.989258,0.006912,-0.025675,-0.015962,-0.039003,148.749908,289.345398,-757.689819,0,0
3.920000,-1.653187,-1.359533,-1.543489,0.971840,0.108874,0.208984,0.209617,0.005726,-0.977767,-0.107650,0.994039,-0.017257,-0.704161,-0.113075,-0.035977,0.700055,-0.021104,0.282845,-0.052970,0.026870,-0.001647,-0.011871,-0.208984,0.977767,0.017257,0.000000,0.000000,0.000000,-1,-0.184052,0.978302,0.001175,-0.023422,0.210904,-0.051752,148.574707,288.123047,-757.856812,0,0
3.960000,-1.641123,-1.358485,-1.543667,0.972865,0.096695,0.210199,0.210643,0.005716,-0.977546,-0.095725,0.995298,-0.014807,-0.703910,-0.109154,-0.040657,0.700674,-0.033871,0.275420,-0.054918,0.010538,0.017784,-0.014029,-0.210199,0.977546,0.014807,0.000000,0.000000,0.000000,-1,-0.202591,0.988220,0.005310,-0.016030,0.128213,-0.048269,147.873871,289.869263,-756.854797,0,0
4.000000,-1.635793,-1.357155,-1.545480,0.973245,0.089616,0.211573,0.211952,0.005367,-0.977265,-0.088714,0.995962,-0.013771,-0.703855,-0.107113,-0.043638,0.700864,0.000105,0.221348,-0.056111,-0.002646,0.018523,0.006874,-0.211573,0.977265,0.013771,0.000000,0.000000,0.000000,-1,-0.211761,0.997726,0.034180,0.019080,0.148362,-0.045556,149.450729,290.742340,-758.691772,0,0
4.040000,-1.630039,-1.354865,-1.550984,0.973699,0.078514,0.213881,0.214215,0.004245,-0.976777,-0.077598,0.996904,-0.012686,-0.703943,-0.103961,-0.048400,0.700938,-0.043508,0.164141,-0.042557,-0.003175,0.009688,0.009607,-0.213881,0.976777,0.012686,0.000000,0.000000,0.000000,-1,-0.219315,0.982635,0.021011,-0.055443,-0.015962,-0.038674,146.297028,288.996155,-756.019775,0,0
4.080000,-1.637812,-1.353192,-1.559536,0.973410,0.077931,0.215407,0.215878,0.002431,-0.976417,-0.076617,0.996956,-0.014457,-0.704528,-0.104258,-0.049249,0.700247,-0.053247,-0.081821,-0.037087,-0.009416,-0.001915,0.003075,-0.215407,0.976417,0.014457,0.000000,0.000000,0.000000,-1,-0.229004,0.979355,0.016479,-0.032237,-0.290546,-0.031309,149.625931,288.821533,-759.526794,0,0
4.120000,-1.650825,-1.351176,-1.565217,0.972395,0.085371,0.217162,0.217856,0.001216,-0.975980,-0.083584,0.996349,-0.017416,-0.705088,-0.107514,-0.047362,0.699320,-0.031022,-0.231306,-0.033468,-0.005540,0.013659,-0.001669,-0.217162,0.975980,0.017416,0.000000,0.000000,0.000000,-1,-0.217621,0.994110,0.020630,-0.048190,-0.299027,-0.031095,148.224289,289.520020,-757.188782,0,0
4.160000,-1.667108,-1.349931,-1.574389,0.971526,0.092673,0.218058,0.219072,-0.000787,-0.975708,-0.090250,0.995696,-0.021067,-0.705935,-0.110401,-0.045262,0.698153,-0.071330,-0.121042,-0.031393,0.003825,0.013992,-0.001261,-0.218058,0.975708,0.021067,0.000000,0.000000,0.000000,-1,-0.215607,0.979813,0.016205,-0.072541,-0.201477,-0.023820,147.348251,288.996155,-758.023804,0,0
4.200000,-1.684248,-1.348189,-1.587140,0.970776,0.097356,0.219354,0.220744,-0.003608,-0.975325,-0.094162,0.995243,-0.024993,-0.706997,-0.112483,-0.044269,0.696810,-0.050102,-0.090291,-0.042368,0.000528,-0.001708,0.002274,-0.219354,0.975325,0.024993,0.000000,0.000000,0.000000,-1,-0.218445,0.972641,0.031677,-0.047089,-0.169706,-0.047646,148.049088,289.345398,-756.687744,0,0
4.240000,-1.694730,-1.346534,-1.595571,0.970246,0.099612,0.220682,0.222319,-0.005509,-0.974958,-0.095902,0.995011,-0.027491,-0.707680,-0.113728,-0.044080,0.695925,-0.053314,-0.047905,-0.056351,0.003625,0.007814,0.015692,-0.220682,0.974958,0.027491,0.000000,0.000000,0.000000,-1,-0.214935,0.991867,0.051651,-0.072566,-0.101858,-0.050863,148.925110,289.520020,-758.190796,0,0
