0.000000,1.910106,-1.469162,1.801240,0.989342,-0.109763,-0.095675,-0.098778,-0.023174,-0.994840,0.106979,0.993688,-0.033770,-0.715242,0.072892,-0.003951,0.695054,-0.000827,-0.006224,-0.001387,0.002317,0.016650,0.000441,0.095675,0.994840,0.033770,0.000000,0.000000,0.000000,-1,0.098557,1.009109,0.032516,-0.023458,0.000927,-0.014736,59.945068,214.993576,-536.450317,0,0
0.040000,1.909927,-1.469168,1.801278,0.989366,-0.109547,-0.095675,-0.098770,-0.023177,-0.994840,0.106764,0.993711,-0.033750,-0.715244,0.072813,-0.003876,0.695061,0.000228,-0.008363,-0.003515,0.002882,0.014269,-0.001234,0.095675,0.994840,0.033750,0.000000,0.000000,0.000000,-1,0.097641,1.011353,0.035400,-0.022387,0.003045,-0.014752,60.296661,214.993576,-537.455811,0,0
0.080000,1.909790,-1.469344,1.801332,0.989403,-0.109354,-0.095514,-0.098599,-0.023142,-0.994858,0.106582,0.993733,-0.033679,-0.715231,0.072687,-0.003868,0.695087,0.003437,-0.004107,-0.001431,-0.001368,0.015365,0.000058,0.095514,0.994858,0.033679,0.000000,0.000000,0.000000,-1,0.095734,1.009628,0.033035,-0.020237,0.007311,-0.011589,60.296661,214.641998,-537.455811,0,0
0.120000,1.909100,-1.469527,1.800683,0.989423,-0.109306,-0.095366,-0.098436,-0.023036,-0.994877,0.106549,0.993741,-0.033552,-0.715194,0.072617,-0.003909,0.695132,0.002382,-0.000929,-0.001441,0.000658,0.016903,0.001207,0.095366,0.994877,0.033552,0.000000,0.000000,0.000000,-1,0.096497,1.010040,0.036896,-0.021301,0.008360,-0.012650,60.824036,215.872543,-538.628967,0,0
0.160000,1.909060,-1.469561,1.800683,0.989430,-0.109265,-0.095335,-0.098404,-0.023029,-0.994880,0.106511,0.993746,-0.033537,-0.715192,0.072592,-0.003906,0.695137,0.001330,-0.001983,-0.000423,0.002184,0.016137,0.001024,0.095335,0.994880,0.033537,0.000000,0.000000,0.000000,-1,0.097015,1.010178,0.033127,-0.020243,0.006242,-0.012650,59.945068,214.641998,-538.126221,0,0
0.200000,1.907487,-1.469757,1.799233,0.989458,-0.109133,-0.095204,-0.098247,-0.022842,-0.994900,0.106401,0.993765,-0.033323,-0.715126,0.072498,-0.003914,0.695214,0.003444,-0.004141,-0.004694,0.001277,0.013325,-0.001005,0.095204,0.994900,0.033323,0.000000,0.000000,0.000000,-1,0.094803,1.010559,0.035645,-0.020230,0.010478,-0.012666,59.241898,215.345169,-537.120667,0,0
0.240000,1.907997,-1.470013,1.799573,0.989464,-0.109297,-0.094947,-0.097992,-0.022818,-0.994926,0.106576,0.993747,-0.033287,-0.715117,0.072467,-0.004065,0.695226,0.003478,0.005431,-0.000473,-0.001228,0.017953,0.000999,0.094947,0.994926,0.033287,0.000000,0.000000,0.000000,-1,0.092728,1.011551,0.031647,-0.020211,0.015784,-0.011621,60.999817,213.938828,-537.455811,0,0
0.280000,1.906471,-1.470199,1.797884,0.989459,-0.109448,-0.094823,-0.097849,-0.022610,-0.994944,0.106751,0.993735,-0.033081,-0.715044,0.072477,-0.004170,0.695300,0.003480,0.005421,-0.001542,0.002468,0.016942,-0.000672,0.094823,0.994944,0.033081,0.000000,0.000000,0.000000,-1,0.097366,1.010468,0.033630,-0.019159,0.012596,-0.012683,60.472443,215.872543,-537.958618,0,0
0.320000,1.905377,-1.470299,1.796584,0.989443,-0.109645,-0.094765,-0.097782,-0.022461,-0.994954,0.106963,0.993717,-0.032945,-0.714991,0.072528,-0.004265,0.695348,0.006670,0.005411,-0.002632,0.002494,0.015177,0.000105,0.094765,0.994954,0.032945,0.000000,0.000000,0.000000,-1,0.094925,1.009171,0.033890,-0.018087,0.016813,-0.014837,60.472443,215.520966,-537.288269,0,0
0.360000,1.904330,-1.470438,1.795262,0.989423,-0.109910,-0.094669,-0.097677,-0.022301,-0.994968,0.107245,0.993691,-0.032801,-0.714934,0.072589,-0.004398,0.695399,0.001343,0.005402,-0.003654,0.003781,0.014813,0.001776,0.094669,0.994968,0.032801,0.000000,0.000000,0.000000,-1,0.098557,1.010757,0.036865,-0.021287,0.014695,-0.014805,60.120865,215.520966,-537.288269,0,0
0.400000,1.904163,-1.470398,1.795011,0.989409,-0.109994,-0.094712,-0.097721,-0.022285,-0.994964,0.107329,0.993682,-0.032798,-0.714929,0.072635,-0.004412,0.695400,0.003447,-0.002012,-0.003636,0.003829,0.016465,0.002145,0.094712,0.994964,0.032798,0.000000,0.000000,0.000000,-1,0.097885,1.009933,0.034637,-0.022381,0.005163,-0.014760,59.241898,216.751495,-537.455811,0,0
0.440000,1.902808,-1.470560,1.793763,0.989433,-0.109878,-0.094604,-0.097592,-0.022128,-0.994981,0.107233,0.993699,-0.032617,-0.714874,0.072555,-0.004416,0.695465,0.003450,-0.000963,-0.004702,0.004136,0.015762,-0.001077,0.094604,0.994981,0.032617,0.000000,0.000000,0.000000,-1,0.097092,1.011093,0.032288,-0.019165,0.011527,-0.013744,60.824036,215.520966,-536.282715,0,0
0.480000,1.902112,-1.470706,1.793000,0.989437,-0.109939,-0.094489,-0.097466,-0.022021,-0.994995,0.107308,0.993694,-0.032504,-0.714836,0.072536,-0.004483,0.695506,0.005588,0.002224,-0.003664,0.001871,0.013657,0.007261,0.094489,0.994995,0.032504,0.000000,0.000000,0.000000,-1,0.096558,1.010773,0.037445,-0.019164,0.012577,-0.014813,60.472443,214.817795,-536.953064,0,0
0.520000,1.900914,-1.470803,1.791709,0.989432,-0.110023,-0.094437,-0.097401,-0.021874,-0.995005,0.107408,0.993688,-0.032359,-0.714784,0.072548,-0.004537,0.695557,0.005594,0.003293,-0.002601,0.001968,0.015661,-0.007289,0.094437,0.995005,0.032359,0.000000,0.000000,0.000000,-1,0.095245,1.009979,0.034836,-0.019164,0.012577,-0.014813,60.296661,216.048340,-537.455811,0,0
0.560000,1.899904,-1.470999,1.790453,0.989421,-0.110258,-0.094285,-0.097238,-0.021709,-0.995024,0.107663,0.993666,-0.032201,-0.714726,0.072579,-0.004679,0.695613,0.007724,0.007500,-0.005827,0.002471,0.015992,0.001353,0.094285,0.995024,0.032201,0.000000,0.000000,0.000000,-1,0.095306,1.012070,0.034424,-0.014898,0.015743,-0.015923,60.824036,217.630463,-537.623413,0,0
0.600000,1.895818,-1.471320,1.785986,0.989398,-0.110612,-0.094112,-0.097021,-0.021206,-0.995056,0.108070,0.993637,-0.031713,-0.714548,0.072645,-0.004883,0.695787,0.009863,0.008578,-0.003715,0.003163,0.014740,-0.000417,0.094112,0.995056,0.031713,0.000000,0.000000,0.000000,-1,0.097748,1.007278,0.031830,-0.011692,0.018929,-0.014895,61.702988,216.048340,-536.450317,0,0
0.640000,1.891910,-1.471466,1.781790,0.989369,-0.110877,-0.094098,-0.096968,-0.020769,-0.995071,0.108377,0.993617,-0.031300,-0.714394,0.072735,-0.004997,0.695935,0.010928,0.007518,-0.003716,0.001040,0.014878,-0.002872,0.094098,0.995071,0.031300,0.000000,0.000000,0.000000,-1,0.095062,1.010284,0.031433,-0.013828,0.015762,-0.013801,60.120865,216.575714,-536.953064,0,0
0.680000,1.889532,-1.471665,1.779236,0.989362,-0.111037,-0.093984,-0.096827,-0.020480,-0.995091,0.108567,0.993605,-0.031014,-0.714293,0.072752,-0.005104,0.696037,0.006668,0.005411,-0.002611,0.001002,0.013058,-0.000755,0.093984,0.995090,0.031014,0.000000,0.000000,0.000000,-1,0.098129,1.010040,0.034058,-0.014901,0.014684,-0.015919,60.999817,215.345169,-537.455811,0,0
0.720000,1.886495,-1.471817,1.775951,0.989341,-0.111267,-0.093934,-0.096746,-0.020131,-0.995106,0.108831,0.993587,-0.030681,-0.714170,0.072816,-0.005215,0.696155,0.008772,0.001144,-0.005801,0.003859,0.016690,-0.000026,0.093934,0.995106,0.030681,0.000000,0.000000,0.000000,-1,0.098007,1.008560,0.028275,-0.015976,0.010457,-0.014830,60.296661,215.696747,-536.450317,0,0
0.760000,1.883063,-1.471937,1.772577,0.989350,-0.111193,-0.093926,-0.096696,-0.019781,-0.995117,0.108792,0.993602,-0.030322,-0.714047,0.072785,-0.005205,0.696284,0.005569,-0.004141,-0.004684,0.005272,0.014129,-0.000628,0.093926,0.995117,0.030322,0.000000,0.000000,0.000000,-1,0.098480,1.011978,0.031158,-0.018122,0.005162,-0.014793,60.472443,215.520966,-537.958618,0,0
0.800000,1.880929,-1.471963,1.770645,0.989370,-0.110984,-0.093965,-0.096709,-0.019589,-0.995120,0.108602,0.993629,-0.030113,-0.713980,0.072723,-0.005125,0.696360,0.005564,-0.006250,-0.003605,0.003569,0.013379,0.001930,0.093965,0.995120,0.030113,0.000000,0.000000,0.000000,-1,0.095840,1.010788,0.030579,-0.021328,0.003025,-0.016891,59.945068,215.696747,-536.450317,0,0
0.840000,1.880270,-1.472148,1.770244,0.989414,-0.110721,-0.093810,-0.096536,-0.019513,-0.995138,0.108353,0.993660,-0.029995,-0.713954,0.072574,-0.005092,0.696402,0.005558,-0.007309,-0.003600,0.000246,0.014276,0.001331,0.093810,0.995138,0.029995,0.000000,0.000000,0.000000,-1,0.095978,1.009369,0.031952,-0.019201,0.001965,-0.016904,59.769287,216.224121,-537.623413,0,0
0.880000,1.879092,-1.472320,1.769419,0.989466,-0.110364,-0.093682,-0.096384,-0.019400,-0.995155,0.108012,0.993702,-0.029833,-0.713915,0.072400,-0.005018,0.696461,0.004468,-0.011584,-0.007832,0.005210,0.014015,0.003630,0.093682,0.995155,0.029833,0.000000,0.000000,0.000000,-1,0.098389,1.007629,0.029297,-0.021349,-0.002290,-0.019002,61.175613,216.927292,-536.617920,0,0
0.920000,1.877374,-1.472455,1.768234,0.989533,-0.109827,-0.093605,-0.096275,-0.019259,-0.995168,0.107494,0.993764,-0.029631,-0.713867,0.072178,-0.004864,0.696535,0.000214,-0.012623,-0.005657,0.003228,0.015848,-0.001692,0.093605,0.995168,0.029631,0.000000,0.000000,0.000000,-1,0.094208,1.010422,0.029495,-0.024550,-0.004408,-0.018969,59.593491,216.399918,-538.461365,0,0
0.960000,1.876422,-1.472788,1.768012,0.989641,-0.109095,-0.093317,-0.095954,-0.019173,-0.995201,0.106783,0.993846,-0.029442,-0.713838,0.071812,-0.004716,0.696604,0.001285,-0.014712,-0.002463,-0.000314,0.014122,-0.001519,0.093317,0.995201,0.029442,0.000000,0.000000,0.000000,-1,0.094437,1.011124,0.027283,-0.021354,-0.007547,-0.014721,60.296661,215.696747,-537.455811,0,0
1.000000,1.874939,-1.472904,1.766867,0.989686,-0.108751,-0.093250,-0.095863,-0.019041,-0.995212,0.106455,0.993887,-0.029269,-0.713792,0.071665,-0.004625,0.696666,0.004467,-0.017911,-0.004607,0.001751,0.014889,-0.002002,0.093250,0.995212,0.029270,0.000000,0.000000,0.000000,-1,0.095505,1.010727,0.029022,-0.020296,-0.010714,-0.013652,60.648239,216.751495,-537.791016,0,0
1.040000,1.871870,-1.473071,1.764857,0.989808,-0.107687,-0.093181,-0.095739,-0.018816,-0.995229,0.105420,0.994007,-0.028934,-0.713715,0.071256,-0.004287,0.696789,0.003396,-0.021088,-0.004584,-0.000194,0.015575,0.001050,0.093181,0.995229,0.028934,0.000000,0.000000,0.000000,-1,0.091690,1.010818,0.029251,-0.021367,-0.011783,-0.014705,60.296661,216.751495,-537.120667,0,0
1.080000,1.871144,-1.473406,1.764930,0.989923,-0.106887,-0.092883,-0.095410,-0.018759,-0.995261,0.104639,0.994094,-0.028768,-0.713696,0.070862,-0.004118,0.696850,0.001277,-0.017910,-0.004586,-0.000385,0.014611,0.000911,0.092883,0.995261,0.028768,0.000000,0.000000,0.000000,-1,0.090546,1.012741,0.026886,-0.019225,-0.007547,-0.014737,59.593491,215.345169,-538.461365,0,0
1.120000,1.868141,-1.473929,1.762505,0.990026,-0.106294,-0.092472,-0.094944,-0.018428,-0.995312,0.104092,0.994164,-0.028336,-0.713581,0.070503,-0.004071,0.697005,0.007698,-0.010478,-0.002544,-0.004154,0.018055,-0.001282,0.092472,0.995312,0.028336,0.000000,0.000000,0.000000,-1,0.093002,1.010620,0.029648,-0.016008,-0.000134,-0.014790,61.175613,214.817795,-538.964111,0,0
1.160000,1.866047,-1.474291,1.760607,0.990075,-0.106085,-0.092186,-0.094625,-0.018180,-0.995347,0.103916,0.994191,-0.028037,-0.713493,0.070326,-0.004110,0.697111,0.007718,-0.003065,-0.002608,0.001869,0.015304,0.003136,0.092186,0.995347,0.028037,0.000000,0.000000,0.000000,-1,0.094910,1.012421,0.026108,-0.018116,0.005182,-0.012663,59.241898,217.103088,-537.791016,0,0
1.200000,1.861570,-1.474419,1.756329,0.990098,-0.105866,-0.092189,-0.094577,-0.017751,-0.995359,0.103738,0.994222,-0.027588,-0.713344,0.070248,-0.004048,0.697273,0.006651,-0.005184,-0.002589,0.001577,0.016222,-0.000687,0.092189,0.995359,0.027588,0.000000,0.000000,0.000000,-1,0.094009,1.011642,0.026001,-0.018120,0.004123,-0.012659,59.769287,216.224121,-537.288269,0,0
1.240000,1.859177,-1.474613,1.754118,0.990129,-0.105673,-0.092069,-0.094426,-0.017507,-0.995378,0.103573,0.994247,-0.027312,-0.713258,0.070136,-0.004032,0.697372,0.007703,-0.008381,-0.004717,0.001147,0.016875,-0.002303,0.092069,0.995378,0.027312,0.000000,0.000000,0.000000,-1,0.092789,1.012512,0.030182,-0.018131,0.001985,-0.014781,59.945068,216.048340,-537.455811,0,0
1.280000,1.858223,-1.474810,1.753355,0.990165,-0.105477,-0.091907,-0.094246,-0.017399,-0.995397,0.103392,0.994269,-0.027169,-0.713220,0.070008,-0.004026,0.697423,0.005586,-0.004126,-0.002593,0.000973,0.015528,-0.000680,0.091907,0.995397,0.027169,0.000000,0.000000,0.000000,-1,0.092484,1.010330,0.027985,-0.017054,0.006221,-0.014806,60.296661,216.048340,-536.785522,0,0
1.320000,1.856504,-1.475028,1.751738,0.990192,-0.105365,-0.091746,-0.094061,-0.017208,-0.995418,0.103303,0.994285,-0.026950,-0.713153,0.069910,-0.004051,0.697502,0.007720,-0.002008,-0.002619,0.001058,0.014989,0.002851,0.091746,0.995418,0.026950,0.000000,0.000000,0.000000,-1,0.091110,1.010513,0.029175,-0.017042,0.009408,-0.013752,60.648239,216.399918,-536.450317,0,0
1.360000,1.855175,-1.475274,1.750373,0.990208,-0.105392,-0.091546,-0.093843,-0.017036,-0.995441,0.103352,0.994285,-0.026759,-0.713092,0.069849,-0.004139,0.697570,0.006670,0.003288,-0.002634,-0.003884,0.016934,-0.001963,0.091546,0.995441,0.026759,0.000000,0.000000,0.000000,-1,0.089615,1.011887,0.025574,-0.015964,0.013645,-0.013777,59.945068,217.103088,-537.120667,0,0
1.400000,1.851944,-1.475681,1.746812,0.990203,-0.105698,-0.091243,-0.093504,-0.016630,-0.995480,0.103703,0.994259,-0.026351,-0.712949,0.069852,-0.004369,0.697715,0.014153,0.012819,-0.002734,-0.000178,0.015232,0.000108,0.091243,0.995480,0.026351,0.000000,0.000000,0.000000,-1,0.099426,1.011627,0.026825,-0.008473,0.026353,-0.013882,59.241898,216.751495,-536.450317,0,0
1.440000,1.845945,-1.475646,1.740089,0.990112,-0.106392,-0.091433,-0.093648,-0.016007,-0.995477,0.104447,0.994195,-0.025812,-0.712729,0.070167,-0.004565,0.697906,0.008777,0.006443,-0.003714,0.006697,0.015891,0.002676,0.091433,0.995477,0.025812,0.000000,0.000000,0.000000,-1,0.096329,1.009369,0.025208,-0.014914,0.011497,-0.016973,62.581955,215.520966,-538.293762,0,0
1.480000,1.843945,-1.475653,1.738069,0.990106,-0.106403,-0.091478,-0.093674,-0.015817,-0.995477,0.104475,0.994197,-0.025628,-0.712662,0.070187,-0.004559,0.697972,0.005554,-0.002039,-0.004719,0.004347,0.013892,0.001594,0.091478,0.995477,0.025628,0.000000,0.000000,0.000000,-1,0.092789,1.012161,0.024658,-0.015982,0.009388,-0.015891,60.120865,215.520966,-538.293762,0,0
1.520000,1.840539,-1.475922,1.734625,0.990120,-0.106423,-0.091307,-0.093464,-0.015451,-0.995503,0.104534,0.994201,-0.025245,-0.712533,0.070133,-0.004641,0.698109,0.009825,0.000098,-0.002630,0.001757,0.017284,0.001641,0.091307,0.995503,0.025245,0.000000,0.000000,0.000000,-1,0.094925,1.011444,0.020508,-0.014913,0.007309,-0.011630,60.824036,216.575714,-538.293762,0,0
1.560000,1.832067,-1.475809,1.726044,0.990082,-0.106497,-0.091625,-0.093704,-0.014665,-0.995492,0.104674,0.994205,-0.024499,-0.712258,0.070270,-0.004580,0.698376,0.004530,0.003315,0.001665,0.005558,0.013083,-0.005151,0.091625,0.995492,0.024499,0.000000,0.000000,0.000000,-1,0.100021,1.009003,0.020599,-0.019166,0.009429,-0.011605,59.066116,215.169373,-537.958618,0,0
1.600000,1.827507,-1.475542,1.721567,0.990059,-0.106400,-0.091994,-0.094032,-0.014286,-0.995467,0.104604,0.994221,-0.024149,-0.712126,0.070364,-0.004427,0.698503,0.005510,-0.008367,-0.001461,0.009691,0.011674,-0.003687,0.091994,0.995467,0.024149,0.000000,0.000000,0.000000,-1,0.101746,1.010422,0.022293,-0.021339,-0.003300,-0.013671,60.999817,217.806259,-538.461365,0,0
1.640000,1.824858,-1.475228,1.719676,0.990106,-0.105644,-0.092360,-0.094367,-0.014154,-0.995437,0.103854,0.994303,-0.023983,-0.712082,0.070221,-0.004036,0.698564,-0.006260,-0.027439,-0.002355,0.007189,0.014817,-0.001706,0.092360,0.995437,0.023983,0.000000,0.000000,0.000000,-1,0.098511,1.015717,0.024277,-0.033115,-0.025529,-0.012431,59.417694,214.817795,-537.288269,0,0
1.680000,1.824879,-1.475118,1.721563,0.990291,-0.103797,-0.092465,-0.094448,-0.014348,-0.995426,0.101996,0.994495,-0.024013,-0.712154,0.069594,-0.003346,0.698557,-0.007363,-0.042257,-0.001222,0.000782,0.014431,-0.002269,0.092465,0.995426,0.024013,0.000000,0.000000,0.000000,-1,0.094147,1.009064,0.020340,-0.026758,-0.035073,-0.013510,59.593491,216.048340,-539.131714,0,0
1.720000,1.823225,-1.475275,1.721209,0.990436,-0.102501,-0.092353,-0.094299,-0.014292,-0.995441,0.100714,0.994630,-0.023821,-0.712136,0.069088,-0.002935,0.698628,-0.000980,-0.042288,-0.004469,-0.002479,0.015804,-0.001467,0.092353,0.995441,0.023821,0.000000,0.000000,0.000000,-1,0.090042,1.011093,0.027298,-0.025689,-0.030866,-0.016730,60.120865,215.169373,-537.288269,0,0
1.760000,1.824377,-1.475537,1.723576,0.990586,-0.101298,-0.092074,-0.094008,-0.014475,-0.995466,0.099506,0.994751,-0.023862,-0.712201,0.068557,-0.002609,0.698615,-0.004226,-0.040163,-0.006551,-0.002001,0.015932,0.001697,0.092074,0.995466,0.023862,0.000000,0.000000,0.000000,-1,0.085098,1.010696,0.026062,-0.032068,-0.028737,-0.015623,59.417694,216.224121,-536.617920,0,0
1.800000,1.831110,-1.476172,1.731939,0.990820,-0.099702,-0.091300,-0.093259,-0.015159,-0.995527,0.097872,0.994902,-0.024318,-0.712443,0.067711,-0.002306,0.698452,-0.008409,-0.018919,-0.000217,-0.011878,0.017825,0.000004,0.091300,0.995526,0.024318,0.000000,0.000000,0.000000,-1,0.078354,1.014862,0.023743,-0.024489,0.010479,-0.012633,59.593491,217.103088,-537.455811,0,0
1.840000,1.832876,-1.476817,1.733754,0.990886,-0.099651,-0.090637,-0.092598,-0.015224,-0.995587,0.097832,0.994906,-0.024313,-0.712465,0.067459,-0.002525,0.698453,0.002327,0.011774,-0.002556,-0.010024,0.019809,-0.001959,0.090637,0.995587,0.024313,0.000000,0.000000,0.000000,-1,0.088440,1.011475,0.023849,-0.016984,0.028473,-0.013824,59.066116,216.575714,-536.617920,0,0
1.880000,1.831103,-1.477370,1.730796,0.990813,-0.100810,-0.090147,-0.092099,-0.014863,-0.995639,0.099030,0.994795,-0.024011,-0.712335,0.067703,-0.003118,0.698559,0.003424,0.024453,-0.005812,0.004716,0.011319,-0.001550,0.090147,0.995639,0.024011,0.000000,0.000000,0.000000,-1,0.095398,1.006882,0.025818,-0.027689,0.013598,-0.019012,60.472443,216.927292,-537.288269,0,0
1.920000,1.838628,-1.477735,1.739410,0.990968,-0.099755,-0.089614,-0.091609,-0.015595,-0.995673,0.097926,0.994890,-0.024592,-0.712593,0.067137,-0.002916,0.698352,0.013753,-0.053937,-0.011948,-0.006011,0.005395,0.023351,0.089614,0.995673,0.024592,0.000000,0.000000,0.000000,-1,0.094421,1.011963,0.036758,0.009447,-0.026688,-0.022345,58.714523,216.575714,-536.953064,0,0
1.960000,1.836476,-1.477458,1.737203,0.990934,-0.099806,-0.089933,-0.091916,-0.015438,-0.995647,0.097983,0.994887,-0.024472,-0.712538,0.067267,-0.002824,0.698395,0.080138,0.056415,0.010566,0.015933,0.019261,0.040424,0.089933,0.995647,0.024472,0.000000,0.000000,0.000000,-1,0.111633,1.023834,0.035843,0.097319,0.132477,0.010467,58.890320,216.048340,-536.785522,0,0
2.000000,1.786738,-1.476080,1.679868,0.989943,-0.107144,-0.092378,-0.094013,-0.010295,-0.995518,0.105712,0.994190,-0.020264,-0.710722,0.070758,-0.004690,0.699890,0.192561,0.256713,0.024948,0.041319,0.015118,0.013442,0.092378,0.995518,0.020264,0.000000,0.000000,0.000000,-1,0.160477,1.003296,-0.003571,0.166901,0.251142,0.015875,59.593491,214.993576,-538.126221,0,0
2.040000,1.701440,-1.474163,1.584171,0.988507,-0.117062,-0.095661,-0.096474,-0.001290,-0.995335,0.116393,0.993124,-0.012569,-0.707525,0.075452,-0.007326,0.702611,0.118595,0.097760,0.015499,0.081463,-0.008381,-0.016063,0.095661,0.995335,0.012569,0.000000,0.000000,0.000000,-1,0.177231,0.984116,-0.002441,0.086474,0.073098,0.003317,60.472443,214.817795,-538.628967,0,0
2.080000,1.680035,-1.474073,1.561456,0.988332,-0.118258,-0.095997,-0.096569,0.000902,-0.995326,0.117792,0.992983,-0.010529,-0.706746,0.075992,-0.007709,0.703332,0.101351,0.044912,0.023330,0.085903,-0.006129,-0.016342,0.095997,0.995326,0.010529,0.000000,0.000000,0.000000,-1,0.162476,1.021072,-0.020493,0.066166,0.027777,0.027081,59.417694,215.872543,-536.953064,0,0
2.120000,1.640365,-1.469976,1.523341,0.988100,-0.116517,-0.100406,-0.100536,0.004775,-0.994922,0.116405,0.993177,-0.006996,-0.705394,0.076926,-0.005670,0.704606,0.028725,-0.078459,0.081901,0.044507,0.032941,-0.027550,0.100406,0.994922,0.006996,0.000000,0.000000,0.000000,-1,0.116531,1.015167,-0.010101,0.022275,-0.076771,0.059773,61.878784,215.520966,-537.958618,0,0
2.160000,1.593678,-1.466959,1.481025,0.988298,-0.111932,-0.103624,-0.103234,0.009292,-0.994614,0.112292,0.993672,-0.002371,-0.703807,0.076429,-0.003079,0.706261,0.155228,-0.100196,0.024544,-0.005479,0.030167,0.001535,0.103624,0.994614,0.002371,0.000000,0.000000,0.000000,-1,0.090927,1.026321,-0.001419,0.170065,-0.094336,-0.004161,60.824036,216.575714,-538.628967,0,0
2.200000,1.529115,-1.466878,1.419407,0.988660,-0.108675,-0.103642,-0.102545,0.015644,-0.994605,0.109711,0.993954,0.004322,-0.701551,0.075269,-0.002163,0.708630,0.237078,-0.118517,-0.007982,-0.042912,0.039025,0.015995,0.103642,0.994605,-0.004322,0.000000,0.000000,0.000000,-1,0.028259,1.008911,0.035965,0.190223,-0.110316,-0.013846,60.472443,214.817795,-538.628967,0,0
2.240000,1.477993,-1.467662,1.371183,0.989115,-0.105558,-0.102509,-0.100907,0.020414,-0.994686,0.107090,0.994204,0.009541,-0.699850,0.073754,-0.001636,0.710470,0.124303,-0.086430,0.018361,-0.080383,-0.002926,0.053623,0.102509,0.994686,-0.009541,0.000000,0.000000,0.000000,-1,0.008347,0.993134,0.010422,0.025508,-0.015884,0.000927,62.406158,216.399918,-539.131714,0,0
2.280000,1.460900,-1.467223,1.353532,0.989040,-0.106013,-0.102764,-0.100957,0.022286,-0.994641,0.107736,0.994115,0.011339,-0.699181,0.074005,-0.001778,0.711102,0.003409,0.089250,0.000529,-0.051708,-0.001263,0.007021,0.102764,0.994641,-0.011339,0.000000,0.000000,0.000000,-1,0.068665,1.004486,0.002899,-0.010260,0.134444,-0.007882,58.890320,215.345169,-539.802063,0,0
2.320000,1.458766,-1.467274,1.347371,0.988614,-0.109986,-0.102689,-0.100769,0.022897,-0.994646,0.111748,0.993669,0.011553,-0.698957,0.075382,-0.003240,0.711172,0.038656,0.140971,-0.018048,-0.031843,0.023527,0.014696,0.102689,0.994646,-0.011553,0.000000,0.000000,0.000000,-1,0.071823,1.027817,-0.011902,0.032255,0.140444,-0.045520,60.296661,215.696747,-539.802063,0,0
2.360000,1.437196,-1.469722,1.320542,0.988303,-0.115136,-0.100003,-0.097759,0.024988,-0.994896,0.117047,0.993035,0.013440,-0.698189,0.076231,-0.006103,0.711817,0.066158,0.128782,-0.075752,-0.035123,0.029045,0.008222,0.100003,0.994896,-0.013441,0.000000,0.000000,0.000000,-1,0.060989,1.007751,0.000458,-0.005018,0.178129,-0.094377,60.472443,215.169373,-538.964111,0,0
2.400000,1.439712,-1.475194,1.313399,0.987655,-0.124825,-0.094638,-0.092312,0.024300,-0.995434,0.126555,0.991881,0.012477,-0.698369,0.077730,-0.011425,0.711413,-0.018705,0.258059,-0.075554,-0.020007,-0.022075,0.009410,0.094638,0.995434,-0.012477,0.000000,0.000000,0.000000,-1,0.085297,0.978119,-0.013123,-0.037697,0.278844,-0.084913,59.593491,215.345169,-538.461365,0,0
2.440000,1.443970,-1.477363,1.310108,0.986873,-0.132347,-0.092548,-0.090145,0.024047,-0.995638,0.133995,0.990912,0.011801,-0.698396,0.079644,-0.014837,0.711112,0.032270,0.211473,-0.072579,0.010266,0.003461,-0.014398,0.092548,0.995638,-0.011801,0.000000,0.000000,0.000000,-1,0.114716,1.001007,-0.041016,0.059904,0.156018,-0.078818,59.066116,215.169373,-538.293762,0,0
2.480000,1.354082,-1.477188,1.217636,0.986694,-0.134544,-0.091285,-0.087703,0.032328,-0.995622,0.136906,0.990380,0.020098,-0.695390,0.079900,-0.016401,0.713989,0.379809,-0.063262,0.004594,0.024896,0.019530,-0.012525,0.091285,0.995622,-0.020098,0.000000,0.000000,0.000000,-1,0.097656,1.006042,-0.005814,0.537466,-0.158059,0.098695,59.241898,215.345169,-540.472412,0,0
2.520000,1.106864,-1.458661,0.979097,0.987187,-0.124286,-0.100072,-0.092877,0.062415,-0.993719,0.129752,0.990281,0.050072,-0.684598,0.079303,-0.010838,0.724513,0.700556,-0.264494,0.355485,-0.034856,-0.018866,0.026802,0.100072,0.993719,-0.050072,0.000000,0.000000,0.000000,-1,0.067886,0.967026,-0.037415,0.711731,-0.192118,0.427722,59.066116,215.169373,-539.969666,0,0
2.560000,1.006383,-1.433746,0.882104,0.986171,-0.118924,-0.115432,-0.105482,0.086827,-0.990623,0.127832,0.989100,0.073082,-0.675696,0.083028,-0.004588,0.732475,0.794597,-0.027571,0.660724,-0.016539,-0.015282,0.014473,0.115432,0.990623,-0.073082,0.000000,0.000000,0.000000,-1,0.136887,0.975998,-0.074844,0.764933,0.112010,0.902368,62.406158,214.641998,-540.807617,0,0
2.600000,0.975125,-1.398568,0.847677,0.982708,-0.119000,-0.141862,-0.128490,0.113405,-0.985205,0.133327,0.986397,0.096154,-0.665798,0.092930,0.003205,0.740315,0.798292,0.152079,1.074432,0.044646,-0.010901,-0.056754,0.141862,0.985205,-0.096154,0.000000,0.000000,0.000000,-1,0.292969,1.105560,-0.389847,0.846299,0.209747,1.393549,62.757751,214.290421,-541.813110,0,0
2.640000,0.956059,-1.300372,0.826778,0.969811,-0.108815,-0.218234,-0.196549,0.180921,-0.963658,0.144343,0.977459,0.154072,-0.639300,0.119414,0.028895,0.759079,1.026437,-0.371100,0.970223,0.190595,0.220409,-0.174252,0.218234,0.963658,-0.154072,0.000000,0.000000,0.000000,-1,0.395676,1.112427,-0.221268,0.851919,-0.570507,0.745519,65.218826,212.884079,-543.153809,0,0
2.680000,0.909569,-1.271493,0.799442,0.968785,-0.085445,-0.232711,-0.211401,0.205545,-0.955542,0.129479,0.974910,0.181066,-0.628923,0.117998,0.041035,0.767365,0.619101,-0.821000,0.416839,0.163056,0.136667,-0.014658,0.232711,0.955542,-0.181066,0.000000,0.000000,0.000000,-1,0.298141,0.908661,-0.211197,0.527348,-0.791319,0.226856,64.691452,211.653534,-544.662109,0,0
2.720000,0.828565,-1.252020,0.754392,0.971823,-0.047050,-0.230968,-0.214634,0.228374,-0.949620,0.097427,0.972436,0.211841,-0.618791,0.105724,0.053952,0.776537,0.230751,-0.467978,0.099996,-0.077403,-0.133885,-0.069150,0.230968,0.949620,-0.211841,0.000000,0.000000,0.000000,-1,0.109848,0.746414,-0.310547,0.118262,-0.369196,0.051602,64.339874,211.301956,-544.662109,0,0
2.760000,0.817747,-1.249663,0.750565,0.972305,-0.039855,-0.230294,-0.215284,0.230830,-0.948878,0.090976,0.972178,0.215857,-0.617579,0.103282,0.056397,0.777655,0.062781,-0.295223,-0.005881,-0.146890,-0.203563,-0.106210,0.230294,0.948878,-0.215857,0.000000,0.000000,0.000000,-1,0.114212,0.775253,-0.302261,-0.014663,-0.199933,-0.087559,64.515671,210.071411,-546.170410,0,0
2.800000,0.804297,-1.255300,0.741390,0.974012,-0.036643,-0.223514,-0.209542,0.228847,-0.950642,0.085985,0.972772,0.215222,-0.618454,0.099516,0.055594,0.777509,-0.118987,-0.010239,-0.231388,-0.054020,-0.122105,-0.053592,0.223514,0.950642,-0.215222,0.000000,0.000000,0.000000,-1,0.227844,0.874771,-0.268173,-0.252861,0.024325,-0.237828,64.164078,211.477737,-544.494568,0,0
2.840000,0.804388,-1.264638,0.741130,0.975383,-0.038503,-0.217129,-0.203480,0.222343,-0.953498,0.084989,0.974208,0.209035,-0.621290,0.097371,0.053171,0.775687,-0.283911,0.012202,-0.213148,0.031742,-0.068168,-0.058512,0.217129,0.953498,-0.209035,0.000000,0.000000,0.000000,-1,0.276123,0.871017,-0.277466,-0.348776,-0.014731,-0.225219,65.394623,212.005112,-544.662109,0,0
2.880000,0.817391,-1.285233,0.758072,0.977934,-0.037836,-0.205460,-0.193674,0.204559,-0.959503,0.078332,0.978123,0.192717,-0.628621,0.092070,0.050558,0.770586,-0.389812,-0.124697,-0.243774,0.082412,-0.088791,-0.093004,0.205460,0.959503,-0.192717,0.000000,0.000000,0.000000,-1,0.301636,0.882690,-0.315933,-0.422762,-0.160120,-0.257125,63.460907,212.180908,-544.494568,0,0
2.920000,0.822638,-1.298365,0.769627,0.979785,-0.033574,-0.197216,-0.187239,0.193241,-0.963120,0.070446,0.980577,0.183048,-0.633146,0.087189,0.050056,0.767475,-0.329453,-0.232764,-0.245968,0.116047,-0.060654,-0.149548,0.197216,0.963120,-0.183048,0.000000,0.000000,0.000000,-1,0.361969,0.951752,-0.351334,-0.300399,-0.209674,-0.230190,62.757751,212.884079,-544.159363,0,0
2.960000,0.826311,-1.308743,0.779591,0.981258,-0.028846,-0.190526,-0.182120,0.184247,-0.965860,0.062965,0.982457,0.175541,-0.636685,0.082838,0.050088,0.765024,-0.158045,-0.058206,-0.035952,0.175029,-0.011560,-0.182034,0.190526,0.965860,-0.175541,0.000000,0.000000,0.000000,-1,0.328751,0.913681,-0.375565,-0.115894,-0.001468,0.068020,62.406158,211.477737,-542.818665,0,0
3.000000,0.849341,-1.306298,0.805506,0.980208,-0.025732,-0.196290,-0.188535,0.181101,-0.965224,0.060386,0.983128,0.172666,-0.637660,0.084005,0.053282,0.763868,0.004186,-0.091355,0.162129,0.099853,-0.073637,-0.205264,0.196290,0.965224,-0.172666,0.000000,0.000000,0.000000,-1,0.287155,0.936417,-0.370956,-0.033997,-0.109684,0.164734,62.406158,212.532501,-545.835266,0,0
3.040000,0.856756,-1.303695,0.815728,0.979644,-0.022652,-0.199463,-0.192205,0.180886,-0.964540,0.057928,0.983243,0.172850,-0.637555,0.084250,0.055499,0.763770,-0.032029,-0.135386,0.210515,0.094940,0.014388,-0.174684,0.199463,0.964540,-0.172850,0.000000,0.000000,0.000000,-1,0.278900,1.183228,-0.285416,-0.066921,-0.130316,0.223660,62.757751,210.774582,-545.164917,0,0
3.080000,0.870995,-1.300290,0.836219,0.978751,-0.016124,-0.204415,-0.198307,0.179110,-0.963636,0.052150,0.983697,0.172107,-0.637874,0.084041,0.059677,0.763212,-0.027049,-0.100003,0.028173,0.070991,0.180743,-0.075085,0.204415,0.963636,-0.172107,0.000000,0.000000,0.000000,-1,0.231354,1.039322,-0.183167,-0.003203,-0.001078,-0.002102,63.460907,211.829330,-544.494568,0,0
3.120000,0.915233,-1.291295,0.874945,0.975578,-0.020558,-0.218688,-0.211737,0.176847,-0.961193,0.058434,0.984024,0.168176,-0.638466,0.090958,0.062750,0.761676,-0.209925,0.304764,0.500012,-0.113403,0.020573,0.027032,0.218688,0.961193,-0.168176,0.000000,0.000000,0.000000,-1,0.067322,0.968689,-0.159286,-0.357562,0.354277,0.506408,63.988281,212.005112,-544.326965,0,0
3.160000,0.988094,-1.287254,0.939429,0.971903,-0.028967,-0.233593,-0.225827,0.165127,-0.960070,0.066383,0.985847,0.153946,-0.642812,0.099094,0.065031,0.756799,-0.521024,0.378474,0.332762,-0.177654,-0.000827,0.006195,0.233592,0.960070,-0.153946,0.000000,0.000000,0.000000,-1,0.128510,1.028595,-0.131271,-0.513331,0.316732,-0.005729,65.921997,212.180908,-544.159363,0,0
3.200000,1.042997,-1.293674,0.986804,0.970923,-0.037990,-0.236359,-0.228247,0.150846,-0.961847,0.072194,0.987827,0.137789,-0.648515,0.102633,0.063285,0.751591,-0.364044,0.224602,-0.153666,-0.062866,0.121497,0.003588,0.236359,0.961847,-0.137789,0.000000,0.000000,0.000000,-1,0.245621,1.035187,-0.030487,-0.119831,0.160216,-0.430061,64.515671,210.774582,-544.159363,0,0
3.240000,1.029796,-1.315886,0.961825,0.974971,-0.052074,-0.216149,-0.206830,0.144241,-0.967686,0.081568,0.988172,0.129860,-0.652087,0.099259,0.051596,0.749845,-0.108325,0.303386,-0.576693,-0.011421,0.016704,0.175087,0.216149,0.967686,-0.129860,0.000000,0.000000,0.000000,-1,0.166275,1.011612,0.053635,-0.210438,0.252014,-0.584175,63.636703,212.005112,-543.991821,0,0
3.280000,1.032765,-1.333465,0.957654,0.977494,-0.061188,-0.201893,-0.192283,0.135291,-0.971969,0.086787,0.988915,0.120481,-0.656072,0.096587,0.043862,0.747206,-0.396844,0.201953,-0.440910,-0.014347,0.030808,0.165769,0.201893,0.971969,-0.120481,0.000000,0.000000,0.000000,-1,0.225952,0.992035,-0.035690,-0.460516,0.164596,-0.421044,62.406158,212.532501,-541.813110,0,0
3.320000,1.071090,-1.355022,0.991722,0.979817,-0.068146,-0.187924,-0.179198,0.117168,-0.976811,0.088585,0.990771,0.102592,-0.663336,0.093220,0.037439,0.741548,-0.412832,0.106590,-0.330701,0.043918,0.019466,0.051017,0.187924,0.976811,-0.102592,0.000000,0.000000,0.000000,-1,0.235077,1.037689,-0.066116,-0.414373,0.159629,-0.270107,64.515671,213.587250,-541.477966,0,0
3.360000,1.122132,-1.371056,1.037757,0.981014,-0.075172,-0.178778,-0.170888,0.100825,-0.980118,0.091703,0.992060,0.086065,-0.669724,0.091851,0.032504,0.736190,-0.397318,0.184244,-0.179837,0.066599,0.057968,0.032919,0.178778,0.980118,-0.086065,0.000000,0.000000,0.000000,-1,0.283493,1.021637,-0.061264,-0.501271,0.187352,-0.137437,62.230362,211.301956,-541.645569,0,0
3.400000,1.234052,-1.385186,1.143262,0.981129,-0.083943,-0.174181,-0.167935,0.076518,-0.982824,0.095829,0.993528,0.060977,-0.678902,0.092752,0.028852,0.727775,-0.516372,0.146248,-0.053063,0.110777,-0.033514,0.022662,0.174181,0.982824,-0.060977,0.000000,0.000000,0.000000,-1,0.252487,0.902756,-0.028137,-0.549279,0.105322,-0.074969,62.933533,212.708282,-541.980713,0,0
3.440000,1.343063,-1.394153,1.250388,0.981321,-0.087768,-0.171189,-0.166783,0.055346,-0.984439,0.095877,0.994602,0.039674,-0.686713,0.092670,0.027418,0.720476,-0.530759,0.040550,-0.144173,0.065612,-0.111545,0.038514,0.171189,0.984439,-0.039674,0.000000,0.000000,0.000000,-1,0.236237,0.890427,-0.009155,-0.593829,-0.030991,-0.270132,61.351410,211.829330,-539.802063,0,0
3.480000,1.497494,-1.410378,1.409709,0.983510,-0.085618,-0.159302,-0.157663,0.025620,-0.987161,0.088600,0.995999,0.011698,-0.697530,0.087194,0.025340,0.710779,-0.582653,-0.079636,-0.313759,0.070236,-0.039102,0.002543,0.159302,0.987161,-0.011698,0.000000,0.000000,0.000000,-1,0.202530,0.923767,-0.011932,-0.607875,-0.050594,-0.328542,62.757751,212.532501,-539.131714,0,0
3.520000,1.604883,-1.419834,1.519152,0.984976,-0.085039,-0.150302,-0.150189,0.007763,-0.988627,0.085238,0.996347,-0.005125,-0.703978,0.083535,0.023106,0.704914,-0.537701,0.027002,-0.349656,0.040738,-0.069132,0.003587,0.150302,0.988627,0.005125,0.000000,0.000000,0.000000,-1,0.194473,0.974380,-0.007553,-0.494803,0.085258,-0.410893,60.472443,212.708282,-537.288269,0,0
3.560000,1.710416,-1.429489,1.623638,0.986381,-0.087191,-0.139467,-0.140641,-0.007439,-0.990033,0.085284,0.996164,-0.019600,-0.709475,0.080282,0.019092,0.699883,-0.444918,0.124937,-0.409328,0.065932,0.007968,-0.033516,0.139467,0.990033,0.019600,0.000000,0.000000,0.000000,-1,0.214386,0.997650,-0.002396,-0.417738,0.222888,-0.416268,61.351410,213.938828,-537.791016,0,1
3.600000,1.888801,-1.440003,1.788757,0.987079,-0.101632,-0.123881,-0.127335,-0.028202,-0.991459,0.097270,0.994422,-0.040779,-0.716948,0.079841,0.009279,0.692477,-0.303345,0.299324,-0.218205,0.075978,0.000561,-0.039177,0.123881,0.991459,0.040779,0.000000,0.000000,0.000000,-1,0.199844,0.980270,-0.002289,-0.288145,0.280128,-0.179920,61.527206,213.763046,-536.282715,0,0
3.640000,1.960508,-1.441458,1.852590,0.986761,-0.109857,-0.119307,-0.123891,-0.035866,-0.991647,0.104660,0.993300,-0.049002,-0.719658,0.081201,0.005088,0.689546,-0.202957,0.304610,-0.102883,0.082963,-0.033273,-0.055868,0.119307,0.991647,0.049002,0.000000,0.000000,0.000000,-1,0.204712,0.951141,0.003387,-0.145955,0.419441,-0.116560,61.527206,213.411453,-537.623413,0,0
3.680000,1.978742,-1.439775,1.859569,0.985365,-0.121131,-0.119926,-0.125238,-0.037205,-0.991429,0.115631,0.991939,-0.051831,-0.720139,0.085528,0.001491,0.688536,-0.053384,0.472895,-0.113155,0.087914,-0.032689,-0.056943,0.119926,0.991429,0.051831,0.000000,0.000000,0.000000,-1,0.192703,1.177399,0.050644,0.089816,0.564583,-0.108280,61.702988,212.884079,-536.785522,0,0
3.720000,1.956468,-1.443217,1.818199,0.983155,-0.139673,-0.117888,-0.123360,-0.031158,-0.991873,0.134865,0.989707,-0.047863,-0.718014,0.091583,-0.005911,0.689952,0.299045,0.309413,0.082886,0.046587,0.234537,0.054920,0.117888,0.991873,0.047863,0.000000,0.000000,0.000000,-1,0.187393,1.124405,0.144577,0.393042,0.120669,0.342729,60.824036,214.114624,-536.282715,0,0
3.760000,1.740290,-1.428669,1.596231,0.979706,-0.143814,-0.139620,-0.141604,-0.003602,-0.989917,0.141861,0.989598,-0.023894,-0.708379,0.100729,-0.000791,0.698607,0.699770,-0.072577,0.703358,0.011122,0.003629,0.112977,0.139620,0.989917,0.023894,0.000000,0.000000,0.000000,-1,0.098022,1.037018,0.017334,0.930030,-0.205931,0.885234,63.636703,210.247192,-537.288269,0,0
3.800000,1.545332,-1.404585,1.404346,0.976491,-0.138237,-0.165393,-0.163160,0.027412,-0.986219,0.140866,0.990020,0.004212,-0.697292,0.108060,0.008794,0.708540,1.101466,-0.195172,0.969163,-0.087573,0.103121,-0.043105,0.165393,0.986219,-0.004212,0.000000,0.000000,0.000000,-1,-0.036911,1.222336,-0.200485,1.322370,-0.116135,0.981995,64.691452,212.356705,-539.299316,0,0
3.840000,1.203920,-1.336013,1.062587,0.967656,-0.128401,-0.217151,-0.203231,0.113202,-0.972565,0.149460,0.985240,0.083446,-0.665396,0.124600,0.025432,0.735579,1.231148,0.040692,0.592280,-0.199573,0.205688,-0.004750,0.217151,0.972565,-0.083446,0.000000,0.000000,0.000000,-1,0.086517,1.088776,-0.013931,1.093463,0.011984,0.400559,65.043045,210.598785,-540.304810,0,0
3.880000,1.098966,-1.315979,0.959163,0.966695,-0.122832,-0.224527,-0.206372,0.144739,-0.967709,0.151364,0.981816,0.114570,-0.653335,0.125971,0.027996,0.745990,0.907903,-0.418742,0.040410,-0.101923,0.146060,0.115913,0.224527,0.967709,-0.114570,0.000000,0.000000,0.000000,-1,0.262329,1.101562,-0.026855,0.827576,-0.571556,-0.055411,64.867249,209.368240,-542.483521,0,0
3.920000,0.998370,-1.303697,0.874134,0.969431,-0.104790,-0.221861,-0.202435,0.169357,-0.964541,0.138648,0.979968,0.142966,-0.643644,0.119331,0.032321,0.755274,0.822020,-0.659066,0.050500,0.016482,0.062376,0.081443,0.221861,0.964541,-0.142966,0.000000,0.000000,0.000000,-1,0.107529,0.979874,-0.148560,0.706512,-0.671947,0.196255,64.867249,210.071411,-542.483521,0,0
3.960000,0.898520,-1.276007,0.806127,0.971380,-0.068897,-0.227319,-0.209656,0.201139,-0.956863,0.111647,0.977137,0.180938,-0.630338,0.110477,0.045877,0.767049,0.382928,-0.681715,0.341627,-0.169564,0.024612,0.030502,0.227319,0.956863,-0.180938,0.000000,0.000000,0.000000,-1,0.019714,0.951599,-0.145905,0.270539,-0.597476,0.337849,65.570419,209.016663,-545.164917,0,0
4.000000,0.880953,-1.261301,0.807980,0.970846,-0.047586,-0.234935,-0.220177,0.210451,-0.952488,0.094767,0.976446,0.193838,-0.625811,0.106966,0.055994,0.770574,0.114273,-0.321841,0.195346,-0.215769,0.018338,0.024954,0.234935,0.952488,-0.193838,0.000000,0.000000,0.000000,-1,0.032135,0.970154,-0.178802,0.017528,-0.262902,0.090337,65.570419,207.258728,-543.824219,0,0
4.040000,0.875460,-1.260458,0.810510,0.971312,-0.039628,-0.234483,-0.221291,0.210447,-0.952230,0.087081,0.976802,0.195640,-0.625545,0.104277,0.058909,0.770941,-0.062933,-0.258564,-0.066651,-0.196794,-0.026602,0.009727,0.234483,0.952230,-0.195640,0.000000,0.000000,0.000000,-1,0.094864,0.857285,-0.187378,-0.070506,-0.221580,-0.253235,64.867249,206.907150,-544.494568,0,0
4.080000,0.844961,-1.275624,0.789456,0.975495,-0.032697,-0.217581,-0.206534,0.204864,-0.956752,0.075857,0.978244,0.193091,-0.628001,0.095235,0.056418,0.770300,-0.168368,-0.095253,-0.276314,-0.085211,-0.090633,0.009696,0.217581,0.956752,-0.193091,0.000000,0.000000,0.000000,-1,0.155563,0.864548,-0.177994,-0.230851,-0.061806,-0.273897,64.339874,208.840866,-545.667664,0,0
4.120000,0.843247,-1.278924,0.788476,0.976098,-0.032478,-0.214891,-0.204092,0.202840,-0.957707,0.074693,0.978673,0.191363,-0.628867,0.094046,0.055734,0.769789,-0.207654,-0.070755,-0.262252,-0.059327,-0.093159,0.013369,0.214891,0.957707,-0.191363,0.000000,0.000000,0.000000,-1,0.183212,0.898834,-0.186951,-0.288069,-0.002116,-0.234260,63.812500,208.665070,-543.824219,0,0
4.160000,0.845256,-1.296849,0.793737,0.978783,-0.031934,-0.202398,-0.192885,0.189695,-0.962710,0.069137,0.981324,0.179510,-0.634346,0.088603,0.052519,0.766157,-0.338635,-0.102254,-0.234496,-0.023839,-0.029910,-0.016413,0.202398,0.962710,-0.179510,0.000000,0.000000,0.000000,-1,0.154541,0.949966,-0.194717,-0.323654,-0.123164,-0.267620,63.109329,209.368240,-543.824219,0,0
4.200000,0.834239,-1.317379,0.790279,0.982222,-0.027297,-0.185725,-0.178145,0.176414,-0.968061,0.059190,0.983938,0.168415,-0.639803,0.080276,0.049443,0.762734,-0.160490,-0.081245,-0.134775,-0.055049,-0.024900,-0.046230,0.185725,0.968061,-0.168415,0.000000,0.000000,0.000000,-1,0.139557,0.916382,-0.246063,-0.165429,-0.061118,-0.083714,62.581955,208.137695,-544.662109,0,0
4.240000,0.822845,-1.318807,0.781544,0.982839,-0.024855,-0.182781,-0.175623,0.176982,-0.968418,0.056419,0.983900,0.169580,-0.639585,0.078363,0.049392,0.763119,-0.134313,-0.032694,0.067266,-0.031398,-0.063862,-0.099310,0.182781,0.968418,-0.169580,0.000000,0.000000,0.000000,-1,0.232651,0.825958,-0.278793,-0.134903,0.003305,0.125676,63.988281,208.840866,-544.662109,0,0
4.280000,0.845076,-1.316710,0.804063,0.981863,-0.024338,-0.188024,-0.181026,0.174391,-0.967893,0.056347,0.984376,0.166822,-0.640439,0.080165,0.051401,0.762082,-0.066540,0.053646,0.242195,0.044627,-0.141935,-0.111971,0.188024,0.967893,-0.166822,0.000000,0.000000,0.000000,-1,0.222183,0.991379,-0.224121,-0.191496,0.178417,0.276735,62.581955,208.137695,-544.662109,0,0
