0.000000,1.681550,0.595411,-0.662675,0.255802,0.507435,-0.822845,0.509358,0.652689,0.560849,0.821657,-0.562589,-0.091507,0.416720,0.609999,-0.000713,0.673978,0.009311,-0.011731,-0.002559,-0.003067,0.005978,-0.002640,0.822846,-0.560849,0.091508,0.000000,0.000000,0.000000,-1,0.817886,-0.551666,0.088135,-0.018135,0.000926,-0.014777,61.878784,229.232727,-546.002869,0,0
0.040000,1.681169,0.595157,-0.662686,0.255991,0.507054,-0.823022,0.509453,0.652795,0.560639,0.821539,-0.562810,-0.091210,0.416655,0.609921,-0.000890,0.674088,-0.002394,-0.008555,-0.002487,-0.006814,0.008072,-0.001656,0.823022,-0.560639,0.091210,0.000000,0.000000,0.000000,-1,0.817596,-0.555588,0.090424,-0.027701,0.006224,-0.014723,61.702988,228.705353,-546.505615,0,0
0.080000,1.680917,0.595002,-0.662545,0.256049,0.506848,-0.823131,0.509414,0.652936,0.560511,0.821545,-0.562832,-0.091012,0.416571,0.609897,-0.000952,0.674161,-0.002346,-0.003239,-0.000454,-0.005931,0.007136,-0.001153,0.823131,-0.560511,0.091012,0.000000,0.000000,0.000000,-1,0.817352,-0.554565,0.090057,-0.029825,0.006244,-0.012576,61.351410,229.760101,-546.170410,0,0
0.120000,1.680499,0.594841,-0.662365,0.256219,0.506553,-0.823259,0.509352,0.653099,0.560377,0.821530,-0.562908,-0.090678,0.416473,0.609827,-0.001038,0.674285,-0.000242,-0.009616,-0.002580,-0.005800,0.004697,-0.002513,0.823259,-0.560377,0.090678,0.000000,0.000000,0.000000,-1,0.818726,-0.554382,0.088501,-0.024519,0.003036,-0.015801,60.472443,228.529572,-545.667664,0,0
0.160000,1.680256,0.594597,-0.662369,0.256298,0.506257,-0.823417,0.509440,0.653204,0.560175,0.821452,-0.563053,-0.090492,0.416409,0.609795,-0.001180,0.674353,0.001895,-0.005399,-0.004746,-0.004981,0.004617,-0.000984,0.823417,-0.560175,0.090492,0.000000,0.000000,0.000000,-1,0.816544,-0.556168,0.087860,-0.023457,0.003026,-0.016875,59.945068,227.650604,-545.500061,0,0
0.200000,1.679890,0.594335,-0.662454,0.256508,0.505859,-0.823596,0.509585,0.653277,0.559958,0.821296,-0.563326,-0.090207,0.416365,0.609708,-0.001381,0.674459,0.007216,-0.007502,-0.002652,-0.005816,0.005728,-0.001203,0.823596,-0.559958,0.090207,0.000000,0.000000,0.000000,-1,0.819183,-0.555634,0.091110,-0.023449,0.003055,-0.013679,62.406158,229.760101,-547.175964,0,0
0.240000,1.679809,0.594225,-0.662697,0.256643,0.505680,-0.823664,0.509782,0.653201,0.559867,0.821132,-0.563574,-0.090147,0.416410,0.609653,-0.001520,0.674481,0.004038,-0.008548,-0.001552,-0.006068,0.004127,0.000994,0.823664,-0.559867,0.090147,0.000000,0.000000,0.000000,-1,0.817856,-0.557816,0.088333,-0.017067,0.000935,-0.013720,60.296661,227.650604,-545.835266,0,0
0.280000,1.679536,0.594147,-0.662990,0.256975,0.505400,-0.823732,0.510000,0.653086,0.559802,0.820892,-0.563958,-0.089927,0.416478,0.609516,-0.001705,0.674562,0.007211,-0.012815,-0.004757,-0.007326,0.006000,-0.001273,0.823732,-0.559802,0.089927,0.000000,0.000000,0.000000,-1,0.821350,-0.553848,0.085342,-0.019208,-0.000153,-0.016896,60.472443,228.881149,-546.002869,0,0
0.320000,1.679121,0.593823,-0.663078,0.257195,0.504933,-0.823950,0.510169,0.653185,0.559533,0.820718,-0.564263,-0.089605,0.416418,0.609425,-0.001940,0.674680,0.004046,-0.003276,-0.003706,-0.002585,0.005059,-0.001730,0.823950,-0.559533,0.089605,0.000000,0.000000,0.000000,-1,0.817886,-0.555603,0.087799,-0.022359,0.010479,-0.012650,60.120865,227.474808,-546.673218,0,0
0.360000,1.678998,0.593772,-0.663194,0.257329,0.504801,-0.823989,0.510262,0.653148,0.559492,0.820618,-0.564424,-0.089506,0.416440,0.609370,-0.002023,0.674717,0.004061,-0.004267,0.003754,-0.006469,0.002622,-0.004179,0.823989,-0.559492,0.089506,0.000000,0.000000,0.000000,-1,0.818863,-0.555283,0.084885,-0.022352,0.008410,-0.007315,60.824036,228.529572,-548.349121,0,0
0.400000,1.678854,0.593910,-0.663217,0.257529,0.504803,-0.823925,0.510230,0.653075,0.559606,0.820576,-0.564506,-0.089379,0.416483,0.609287,-0.002010,0.674764,-0.002298,0.001010,0.001685,-0.005947,0.005666,-0.005242,0.823925,-0.559606,0.089379,0.000000,0.000000,0.000000,-1,0.818527,-0.553696,0.089508,-0.029797,0.014727,-0.011543,59.769287,228.177979,-545.332520,0,0
0.440000,1.678765,0.593958,-0.662962,0.257498,0.504849,-0.823907,0.510047,0.653184,0.559645,0.820699,-0.564338,-0.089303,0.416418,0.609301,-0.001926,0.674792,-0.007616,0.004178,0.000649,-0.007500,0.003066,-0.005014,0.823907,-0.559645,0.089303,0.000000,0.000000,0.000000,-1,0.816620,-0.556335,0.089157,-0.032991,0.015777,-0.012587,59.945068,226.244263,-546.170410,0,0
0.480000,1.678879,0.594116,-0.662629,0.257316,0.505102,-0.823808,0.509775,0.653284,0.559776,0.820925,-0.563996,-0.089388,0.416359,0.609376,-0.001731,0.674762,-0.008662,0.008435,0.002774,-0.008302,0.002632,0.003309,0.823808,-0.559776,0.089388,0.000000,0.000000,0.000000,-1,0.812408,-0.564240,0.085907,-0.027656,0.015815,-0.008367,60.824036,227.826401,-547.343567,0,0
0.520000,1.678963,0.594895,-0.662638,0.257646,0.505653,-0.823367,0.509512,0.652936,0.560422,0.820985,-0.563906,-0.089410,0.416570,0.609241,-0.001430,0.674754,0.006232,0.001065,0.008023,-0.008120,-0.000949,-0.002236,0.823367,-0.560422,0.089410,0.000000,0.000000,0.000000,-1,0.816071,-0.555801,0.093033,-0.015925,0.016931,-0.002071,60.999817,229.056946,-545.835266,0,0
0.560000,1.679534,0.595272,-0.663119,0.257611,0.506096,-0.823106,0.509696,0.652524,0.560734,0.820881,-0.563985,-0.089857,0.416817,0.609256,-0.001334,0.674588,0.010545,0.008523,0.011214,-0.009538,0.002872,0.001421,0.823106,-0.560734,0.089857,0.000000,0.000000,0.000000,-1,0.815109,-0.559677,0.089432,-0.012722,0.019058,-0.001038,60.120865,228.177979,-545.667664,0,0
0.600000,1.680246,0.595875,-0.663875,0.257716,0.506694,-0.822705,0.509981,0.651872,0.561233,0.820672,-0.564203,-0.090406,0.417208,0.609213,-0.001219,0.674385,0.014787,0.002177,0.012273,-0.005933,0.004074,0.002077,0.822705,-0.561233,0.090406,0.000000,0.000000,0.000000,-1,0.814484,-0.558517,0.092026,-0.010615,0.011643,-0.001027,60.472443,228.177979,-545.667664,0,0
0.640000,1.680861,0.596320,-0.664851,0.257932,0.507077,-0.822401,0.510463,0.651177,0.561601,0.820304,-0.564660,-0.090885,0.417624,0.609125,-0.001255,0.674208,0.013714,0.001099,0.010155,-0.005293,0.004442,0.000729,0.822401,-0.561601,0.090885,0.000000,0.000000,0.000000,-1,0.814316,-0.557236,0.089813,-0.013817,0.011615,-0.004198,60.824036,229.232727,-546.673218,0,0
0.680000,1.681175,0.596532,-0.665369,0.258045,0.507258,-0.822254,0.510726,0.650819,0.561777,0.820105,-0.564910,-0.091130,0.417838,0.609078,-0.001286,0.674117,0.012641,0.000021,0.008037,-0.005405,0.003275,0.000881,0.822254,-0.561777,0.091130,0.000000,0.000000,0.000000,-1,0.817505,-0.557846,0.092758,-0.014885,0.010556,-0.004185,60.999817,228.705353,-546.505615,0,0
0.720000,1.681458,0.596709,-0.665847,0.258145,0.507409,-0.822130,0.510976,0.650497,0.561923,0.819918,-0.565146,-0.091352,0.418031,0.609037,-0.001323,0.674034,0.004139,-0.001033,0.004983,-0.006288,0.006396,0.000094,0.822130,-0.561923,0.091352,0.000000,0.000000,0.000000,-1,0.817383,-0.559311,0.090973,-0.024463,0.014765,-0.007323,62.933533,228.529572,-545.667664,0,0
0.760000,1.681700,0.597026,-0.665939,0.258154,0.507727,-0.821931,0.510926,0.650309,0.562185,0.819946,-0.565076,-0.091531,0.418143,0.609033,-0.001187,0.673968,-0.000098,0.005333,0.006059,-0.009537,0.002478,0.000739,0.821931,-0.562185,0.091531,0.000000,0.000000,0.000000,-1,0.814392,-0.559906,0.093643,-0.024453,0.017943,-0.007335,61.527206,228.529572,-545.667664,0,0
0.800000,1.682032,0.597286,-0.666039,0.258064,0.508057,-0.821755,0.510900,0.650144,0.562400,0.819990,-0.564970,-0.091788,0.418243,0.609070,-0.001055,0.673873,-0.001171,0.004256,0.003943,-0.008675,0.001869,0.002619,0.821755,-0.562400,0.091788,0.000000,0.000000,0.000000,-1,0.812866,-0.560684,0.093704,-0.024472,0.012637,-0.008380,60.120865,227.474808,-546.338013,0,0
0.840000,1.682270,0.597624,-0.666202,0.258124,0.508368,-0.821544,0.510889,0.649911,0.562680,0.819979,-0.564959,-0.091962,0.418382,0.609046,-0.000935,0.673809,0.004139,0.001060,0.001786,-0.008540,-0.000553,0.001529,0.821544,-0.562680,0.091962,0.000000,0.000000,0.000000,-1,0.810242,-0.566330,0.093719,-0.019157,0.010508,-0.009479,59.945068,229.056946,-546.840820,0,0
0.880000,1.682601,0.598130,-0.666609,0.258316,0.508776,-0.821230,0.510978,0.649479,0.563098,0.819863,-0.565088,-0.092202,0.418641,0.608967,-0.000817,0.673720,0.007360,0.002191,0.005025,-0.009356,0.000217,-0.000650,0.821230,-0.563098,0.092202,0.000000,0.000000,0.000000,-1,0.812775,-0.562836,0.093201,-0.017023,0.009477,-0.006295,60.472443,228.529572,-546.002869,0,0
0.920000,1.682964,0.598601,-0.667192,0.258555,0.509134,-0.820933,0.511192,0.648973,0.563487,0.819654,-0.565347,-0.092470,0.418943,0.608869,-0.000764,0.673620,0.012680,0.000082,0.006061,-0.007198,0.002803,-0.000170,0.820933,-0.563487,0.092470,0.000000,0.000000,0.000000,-1,0.813187,-0.561234,0.091675,-0.009567,0.010535,-0.006357,60.824036,228.881149,-545.332520,0,0
0.960000,1.683406,0.598879,-0.667926,0.258708,0.509374,-0.820737,0.511571,0.648474,0.563717,0.819369,-0.565703,-0.092816,0.419240,0.608807,-0.000815,0.673492,0.011613,0.000073,0.005006,-0.007825,0.003842,0.000080,0.820737,-0.563717,0.092816,0.000000,0.000000,0.000000,-1,0.813309,-0.559494,0.091629,-0.013819,0.012654,-0.006332,61.351410,229.056946,-546.840820,0,0
1.000000,1.683860,0.599102,-0.668590,0.258788,0.509603,-0.820569,0.511923,0.648036,0.563901,0.819124,-0.565999,-0.093174,0.419501,0.608774,-0.000861,0.673359,0.010569,0.006437,0.006054,-0.005384,0.005994,-0.003070,0.820569,-0.563901,0.093174,0.000000,0.000000,0.000000,-1,0.815582,-0.554947,0.091309,-0.017006,0.015822,-0.007385,62.230362,229.584320,-546.002869,0,0
1.040000,1.684111,0.599138,-0.668871,0.258743,0.509695,-0.820526,0.512093,0.647876,0.563931,0.819032,-0.566098,-0.093378,0.419596,0.608792,-0.000890,0.673283,0.009506,0.004372,0.006136,-0.006210,0.002026,-0.002511,0.820526,-0.563931,0.093378,0.000000,0.000000,0.000000,-1,0.816299,-0.559845,0.092010,-0.015940,0.014783,-0.005258,61.351410,228.705353,-546.170410,0,0
1.080000,1.684414,0.599361,-0.669252,0.258802,0.509912,-0.820373,0.512261,0.647582,0.564115,0.818908,-0.566239,-0.093612,0.419772,0.608768,-0.000872,0.673196,0.008454,0.004421,0.011469,-0.004683,0.005765,-0.002990,0.820372,-0.564115,0.093612,0.000000,0.000000,0.000000,-1,0.812973,-0.561707,0.097000,-0.024449,0.009578,0.004415,61.175613,228.177979,-546.673218,0,0
1.120000,1.684371,0.600597,-0.669680,0.259686,0.510571,-0.819683,0.512106,0.646815,0.565135,0.818726,-0.566522,-0.093498,0.420228,0.608405,-0.000570,0.673239,0.002058,-0.021789,0.040381,-0.005810,0.005748,0.003197,0.819683,-0.565135,0.093498,0.000000,0.000000,0.000000,-1,0.816925,-0.559967,0.096848,-0.020185,-0.010301,0.031089,60.824036,228.177979,-546.002869,0,0
1.160000,1.684258,0.601802,-0.670307,0.260711,0.511118,-0.819017,0.512088,0.645960,0.566128,0.818410,-0.567005,-0.093328,0.420737,0.607984,-0.000360,0.673302,0.014861,-0.019602,0.047729,-0.001115,0.007291,-0.001089,0.819017,-0.566128,0.093328,0.000000,0.000000,0.000000,-1,0.812164,-0.561371,0.089859,-0.006343,-0.005067,0.024571,59.769287,228.881149,-547.678711,0,0
1.200000,1.683707,0.603114,-0.671062,0.262216,0.511449,-0.818329,0.512113,0.644991,0.567210,0.817914,-0.567808,-0.092792,0.421313,0.607365,-0.000246,0.673501,-0.002238,-0.014557,0.014874,-0.009613,0.011393,-0.000309,0.818329,-0.567210,0.092792,0.000000,0.000000,0.000000,-1,0.798798,-0.560608,0.099319,-0.030898,0.000978,-0.009352,60.824036,228.177979,-546.673218,0,0
1.240000,1.684150,0.603061,-0.671345,0.261971,0.511593,-0.818318,0.512314,0.644870,0.567166,0.817866,-0.567817,-0.093159,0.421385,0.607465,-0.000268,0.673365,0.010505,0.008351,-0.027920,-0.017704,0.000028,0.011455,0.818318,-0.567166,0.093159,0.000000,0.000000,0.000000,-1,0.820648,-0.590988,0.110306,-0.007490,0.021859,-0.041571,59.769287,228.177979,-547.008362,0,0
1.280000,1.686285,0.603588,-0.673307,0.261499,0.512630,-0.817820,0.513392,0.643629,0.567600,0.817342,-0.568289,-0.094871,0.422120,0.607660,-0.000283,0.672729,0.047896,-0.002726,0.033632,0.004217,-0.019772,0.018746,0.817820,-0.567600,0.094871,0.000000,0.000000,0.000000,-1,0.806778,-0.558289,0.109070,0.049135,0.011042,0.049648,59.945068,229.056946,-546.505615,0,0
1.320000,1.690841,0.606632,-0.679570,0.262556,0.515522,-0.815660,0.516325,0.639055,0.570104,0.815152,-0.570830,-0.098389,0.424821,0.607225,-0.000299,0.671420,0.149339,0.019268,0.122251,-0.003999,0.007527,0.007614,0.815660,-0.570104,0.098389,0.000000,0.000000,0.000000,-1,0.825363,-0.564987,0.060776,0.139927,0.031991,0.140483,59.945068,229.408524,-546.840820,0,0
1.360000,1.694010,0.611106,-0.686703,0.265964,0.518278,-0.812805,0.519247,0.633377,0.573774,0.812186,-0.574650,-0.100659,0.428149,0.605820,-0.000361,0.670575,0.139737,0.004643,0.141585,0.010773,0.055158,-0.047161,0.812805,-0.573774,0.100659,0.000000,0.000000,0.000000,-1,0.819656,-0.513199,0.066269,0.077974,0.002996,0.096328,59.593491,227.650604,-545.500061,0,0
1.400000,1.694137,0.612212,-0.689111,0.267680,0.518402,-0.812162,0.520367,0.631634,0.574679,0.810904,-0.576452,-0.100683,0.429165,0.605111,-0.000732,0.670565,-0.023722,-0.038212,-0.028511,-0.003324,0.043048,-0.009115,0.812162,-0.574679,0.100683,0.000000,0.000000,0.000000,-1,0.821991,-0.542450,0.093857,-0.110005,-0.026358,-0.103450,59.417694,228.177979,-546.002869,0,0
1.440000,1.691079,0.609539,-0.685837,0.267088,0.515836,-0.813988,0.519267,0.634521,0.572489,0.811804,-0.575583,-0.098384,0.427478,0.605355,-0.001278,0.671421,-0.113327,-0.033575,-0.101348,0.019798,0.022853,-0.004466,0.813988,-0.572489,0.098384,0.000000,0.000000,0.000000,-1,0.833023,-0.551025,0.096741,-0.162148,-0.010526,-0.110562,60.120865,228.529572,-546.002869,0,0
1.480000,1.685765,0.605689,-0.675024,0.263876,0.513224,-0.816683,0.513750,0.641815,0.569328,0.816352,-0.569803,-0.094309,0.423193,0.606681,-0.000196,0.672938,-0.199199,0.068362,-0.075501,-0.008516,0.023766,0.006063,0.816683,-0.569328,0.094309,0.000000,0.000000,0.000000,-1,0.804520,-0.580399,0.105667,-0.222428,0.099925,-0.079614,59.769287,228.529572,-544.662109,0,0
1.520000,1.685099,0.604570,-0.666019,0.259226,0.514486,-0.817378,0.508343,0.646915,0.568409,0.821212,-0.562854,-0.093837,0.420163,0.608590,0.002282,0.673109,-0.159561,0.126959,-0.041908,-0.015727,-0.025601,0.017887,0.817378,-0.568409,0.093837,0.000000,0.000000,0.000000,-1,0.788162,-0.608826,0.122421,-0.149770,0.137509,-0.022791,60.648239,228.705353,-545.835266,0,0
1.560000,1.686753,0.604849,-0.660365,0.255089,0.517046,-0.817064,0.504579,0.649654,0.568638,0.824821,-0.557327,-0.095171,0.418511,0.610274,0.004634,0.672602,-0.076423,0.103180,0.022521,-0.039842,-0.039272,0.028456,0.817064,-0.568638,0.095171,0.000000,0.000000,0.000000,-1,0.773422,-0.597717,0.118240,-0.048688,0.077536,0.022459,59.945068,227.650604,-545.835266,0,0
1.600000,1.689220,0.606426,-0.659881,0.253592,0.519558,-0.815935,0.503715,0.649189,0.569934,0.825810,-0.555530,-0.097080,0.418773,0.610876,0.005895,0.671882,0.028733,0.019481,0.022019,-0.037173,-0.023129,0.009350,0.815935,-0.569934,0.097080,0.000000,0.000000,0.000000,-1,0.792145,-0.593002,0.098373,0.008583,0.019092,0.003058,60.472443,228.529572,-546.338013,0,0
1.640000,1.690034,0.607278,-0.661201,0.254032,0.520225,-0.815373,0.504273,0.648140,0.570634,0.825334,-0.556130,-0.097687,0.419398,0.610695,0.005938,0.671656,0.036070,-0.007127,0.008219,-0.017903,-0.018492,-0.002350,0.815373,-0.570634,0.097687,0.000000,0.000000,0.000000,-1,0.805145,-0.569305,0.093765,0.012733,-0.008545,-0.007524,60.648239,227.299026,-545.164917,0,0
1.680000,1.690234,0.607378,-0.662958,0.254831,0.519954,-0.815297,0.505376,0.647208,0.570717,0.824413,-0.557468,-0.097843,0.419960,0.610373,0.005427,0.671602,0.034918,-0.021965,0.004034,-0.010289,0.004478,-0.004978,0.815297,-0.570717,0.097843,0.000000,0.000000,0.000000,-1,0.809174,-0.563828,0.085983,0.003144,-0.009612,-0.008511,60.824036,227.474808,-547.008362,0,0
1.720000,1.689627,0.607188,-0.664068,0.255813,0.519209,-0.815464,0.506161,0.646732,0.570560,0.823627,-0.558712,-0.097361,0.420250,0.609975,0.004856,0.671786,0.011499,-0.011460,-0.005413,-0.003681,0.005619,-0.005076,0.815464,-0.570560,0.097361,0.000000,0.000000,0.000000,-1,0.812241,-0.564880,0.091721,-0.018138,0.004054,-0.020116,60.648239,228.353775,-546.170410,0,0
1.760000,1.689534,0.606888,-0.664171,0.255792,0.518938,-0.815643,0.506333,0.646814,0.570314,0.823527,-0.558869,-0.097305,0.420203,0.609985,0.004691,0.671808,0.001961,0.004419,-0.006465,-0.002838,0.006181,-0.004364,0.815643,-0.570314,0.097305,0.000000,0.000000,0.000000,-1,0.811981,-0.564529,0.092651,-0.025544,0.018894,-0.019049,60.999817,228.353775,-545.500061,0,0
1.800000,1.689390,0.606533,-0.663914,0.255599,0.518695,-0.815858,0.506271,0.647121,0.570021,0.823645,-0.558703,-0.097258,0.420021,0.610091,0.004638,0.671825,-0.000144,0.010801,-0.003278,-0.007717,0.003874,-0.003020,0.815853,-0.570021,0.097258,0.000000,0.000000,0.000000,-1,0.806915,-0.569977,0.092606,-0.024474,0.018913,-0.016926,61.175613,228.881149,-545.332520,0,0
1.840000,1.689514,0.606566,-0.663761,0.255434,0.518825,-0.815827,0.506180,0.647167,0.570050,0.823732,-0.558565,-0.097311,0.419993,0.610132,0.004706,0.671805,-0.000230,0.003347,-0.010719,-0.006928,0.003781,-0.001898,0.815827,-0.570050,0.097311,0.000000,0.000000,0.000000,-1,0.808762,-0.566605,0.096680,-0.026639,0.012500,-0.023277,59.945068,229.760101,-547.175964,0,0
1.880000,1.689557,0.606310,-0.663695,0.255236,0.518701,-0.815968,0.506228,0.647315,0.569839,0.823764,-0.558510,-0.097363,0.419906,0.610213,0.004641,0.671786,-0.001304,0.001220,-0.011767,-0.006993,0.002578,-0.001736,0.815968,-0.569839,0.097363,0.000000,0.000000,0.000000,-1,0.809570,-0.565750,0.095612,-0.021315,0.012498,-0.023319,59.769287,228.529572,-546.338013,0,0
1.920000,1.689580,0.606035,-0.663726,0.255094,0.518529,-0.816122,0.506344,0.647423,0.569613,0.823737,-0.558544,-0.097401,0.419843,0.610272,0.004535,0.671773,0.000809,-0.004076,-0.011762,-0.007162,0.002596,-0.002308,0.816122,-0.569613,0.097401,0.000000,0.000000,0.000000,-1,0.811844,-0.564255,0.096024,-0.024530,0.007184,-0.025404,59.417694,228.529572,-546.673218,0,0
1.960000,1.689558,0.605310,-0.663503,0.254633,0.518107,-0.816534,0.506454,0.647861,0.569017,0.823812,-0.558427,-0.097431,0.419584,0.610463,0.004337,0.671763,-0.005547,0.007566,-0.012822,-0.006322,0.003236,-0.001865,0.816534,-0.569017,0.097431,0.000000,0.000000,0.000000,-1,0.808411,-0.564102,0.097321,-0.035140,0.017797,-0.023231,61.175613,229.584320,-547.008362,0,0
2.000000,1.689633,0.605121,-0.663158,0.254297,0.518115,-0.816633,0.506297,0.648120,0.568861,0.824012,-0.558119,-0.097506,0.419429,0.610600,0.004398,0.671735,-0.009879,0.007635,-0.008585,-0.009672,0.003142,0.002058,0.816633,-0.568861,0.097505,0.000000,0.000000,0.000000,-1,0.804642,-0.570068,0.101685,-0.034073,0.017807,-0.022174,60.999817,228.002182,-545.835266,0,0
2.040000,1.690075,0.605182,-0.663062,0.253914,0.518426,-0.816555,0.506213,0.648142,0.568912,0.824182,-0.557806,-0.097862,0.419415,0.610756,0.004546,0.671601,-0.004566,0.004449,-0.009677,-0.011913,-0.001157,0.003822,0.816555,-0.568912,0.097862,0.000000,0.000000,0.000000,-1,0.803574,-0.571198,0.099533,-0.022399,0.005094,-0.022217,62.054581,228.705353,-545.164917,0,0
2.080000,1.690456,0.605697,-0.663912,0.254299,0.518754,-0.816227,0.506584,0.647480,0.569335,0.823835,-0.558269,-0.098139,0.419809,0.610598,0.004531,0.671498,0.023070,-0.017727,-0.002342,-0.014118,-0.002915,0.003943,0.816227,-0.569335,0.098139,0.000000,0.000000,0.000000,-1,0.801544,-0.570496,0.105011,0.002056,-0.013888,-0.012748,60.296661,229.056946,-545.835266,0,0
2.120000,1.690958,0.606164,-0.665553,0.254973,0.518917,-0.815913,0.507481,0.646438,0.569719,0.823074,-0.559324,-0.098516,0.420432,0.610324,0.004258,0.671360,0.045382,-0.037813,0.001827,-0.014537,0.001345,0.008478,0.815913,-0.569719,0.098516,0.000000,0.000000,0.000000,-1,0.807312,-0.571625,0.100830,0.035006,-0.037148,-0.007589,60.120865,229.584320,-546.002869,0,0
2.160000,1.690932,0.606310,-0.669472,0.257100,0.517992,-0.815833,0.509959,0.644380,0.569839,0.820878,-0.562547,-0.098485,0.421665,0.609460,0.002991,0.671378,0.066586,-0.052577,0.008037,-0.004905,0.008072,0.001048,0.815833,-0.569839,0.098485,0.000000,0.000000,0.000000,-1,0.811447,-0.562897,0.102081,0.041382,-0.044524,-0.003350,59.945068,228.705353,-544.494568,0,0
2.200000,1.690884,0.605984,-0.672941,0.258768,0.516862,-0.816023,0.512307,0.642752,0.569571,0.818890,-0.565441,-0.098468,0.422636,0.608780,0.001696,0.671389,0.066559,-0.061057,0.007001,-0.006605,0.010443,0.002789,0.816023,-0.569571,0.098468,0.000000,0.000000,0.000000,-1,0.812195,-0.560654,0.101410,0.043478,-0.053027,-0.006530,60.472443,227.826401,-546.338013,0,0
2.240000,1.690603,0.605683,-0.675542,0.260188,0.515836,-0.816220,0.514084,0.641551,0.569324,0.817325,-0.567737,-0.098259,0.423349,0.608199,0.000652,0.671469,0.067610,-0.063204,0.003803,-0.004224,0.004825,0.001869,0.816220,-0.569324,0.098259,0.000000,0.000000,0.000000,-1,0.812576,-0.565094,0.100784,0.042387,-0.058362,-0.010763,60.120865,227.826401,-545.332520,0,0
2.280000,1.689857,0.605258,-0.678892,0.262305,0.514265,-0.816534,0.516382,0.640014,0.568974,0.815197,-0.570888,-0.097679,0.424255,0.607328,-0.000788,0.671684,0.065461,-0.067469,0.000639,-0.004293,0.005467,-0.001365,0.816534,-0.568974,0.097679,0.000000,0.000000,0.000000,-1,0.812012,-0.564331,0.094254,0.037062,-0.056272,-0.013926,60.120865,228.529572,-546.002869,0,0
2.320000,1.688435,0.604741,-0.682548,0.265072,0.512159,-0.816964,0.518904,0.638350,0.568549,0.812696,-0.574633,-0.096553,0.425228,0.606183,-0.002509,0.672099,0.061174,-0.067516,-0.001533,-0.006875,0.007010,-0.001383,0.816964,-0.568549,0.096553,0.000000,0.000000,0.000000,-1,0.812256,-0.561920,0.098831,0.033882,-0.054123,-0.010713,60.120865,228.529572,-545.667664,0,0
2.360000,1.687829,0.604391,-0.684679,0.266475,0.511022,-0.817220,0.520389,0.637397,0.568261,0.811287,-0.576700,-0.096080,0.425781,0.605599,-0.003484,0.672271,0.053747,-0.057991,-0.002577,-0.002858,0.006585,0.000264,0.817220,-0.568261,0.096080,0.000000,0.000000,0.000000,-1,0.812622,-0.563202,0.094543,0.023256,-0.043569,-0.014932,61.175613,228.881149,-546.338013,0,0
2.400000,1.686986,0.604017,-0.687047,0.268173,0.509665,-0.817512,0.522032,0.636327,0.567953,0.809670,-0.579077,-0.095416,0.426398,0.604891,-0.004597,0.672511,0.049497,-0.054813,-0.002557,-0.004462,0.003851,-0.002185,0.817511,-0.567953,0.095416,0.000000,0.000000,0.000000,-1,0.812561,-0.563095,0.094025,0.022176,-0.047815,-0.015973,60.999817,228.353775,-545.500061,0,0
2.440000,1.685778,0.603424,-0.689901,0.270293,0.507821,-0.817961,0.524060,0.635094,0.567465,0.807653,-0.582042,-0.094467,0.427102,0.604001,-0.006034,0.672852,0.049489,-0.055892,-0.004685,-0.006254,0.008459,0.001800,0.817961,-0.567465,0.094467,0.000000,0.000000,0.000000,-1,0.812866,-0.561356,0.096298,0.025388,-0.043559,-0.013883,61.175613,227.826401,-546.673218,0,0
2.480000,1.685322,0.603111,-0.691777,0.271450,0.506850,-0.818180,0.525364,0.634246,0.567208,0.806416,-0.583811,-0.094114,0.427586,0.603513,-0.006878,0.672975,0.047382,-0.053713,0.001715,-0.005558,0.007653,0.000536,0.818180,-0.567208,0.094114,0.000000,0.000000,0.000000,-1,0.813705,-0.555267,0.097916,0.022208,-0.042460,-0.009601,60.648239,226.595856,-546.840820,0,0
2.520000,1.684929,0.602664,-0.693645,0.272478,0.505831,-0.818469,0.526710,0.633459,0.566839,0.805191,-0.585547,-0.093822,0.428031,0.603076,-0.007755,0.673074,0.046324,-0.052676,0.004856,-0.004748,0.012823,0.001790,0.818469,-0.566839,0.093822,0.000000,0.000000,0.000000,-1,0.815811,-0.550598,0.096909,0.014782,-0.035024,-0.007441,61.702988,227.299026,-544.829712,0,0
2.560000,1.684137,0.601403,-0.696003,0.273646,0.503928,-0.819252,0.528660,0.632763,0.565800,0.803515,-0.587935,-0.093254,0.428409,0.602572,-0.009184,0.673267,0.009138,-0.025146,0.002901,0.001899,0.014759,-0.000862,0.819252,-0.565800,0.093254,0.000000,0.000000,0.000000,-1,0.820221,-0.552307,0.091690,-0.024542,-0.009615,-0.009362,61.702988,228.002182,-546.840820,0,0
2.600000,1.683488,0.600892,-0.695803,0.273798,0.503280,-0.819600,0.528719,0.633091,0.565378,0.803425,-0.588137,-0.092755,0.428212,0.602505,-0.009443,0.673449,-0.014248,-0.009293,-0.001243,0.001964,0.011652,-0.001065,0.819600,-0.565378,0.092755,0.000000,0.000000,0.000000,-1,0.812759,-0.558868,0.094101,-0.050083,0.003003,-0.019864,60.472443,228.881149,-547.678711,0,0
2.640000,1.682763,0.600493,-0.694728,0.273630,0.502897,-0.819891,0.528182,0.633832,0.565050,0.803834,-0.587666,-0.092186,0.427781,0.602575,-0.009383,0.673661,-0.025959,-0.003082,-0.010827,-0.009100,0.003953,0.004631,0.819891,-0.565050,0.092186,0.000000,0.000000,0.000000,-1,0.808929,-0.565796,0.092819,-0.056479,0.004024,-0.024080,60.824036,227.474808,-547.343567,0,0
2.680000,1.681742,0.600606,-0.692914,0.273598,0.502866,-0.819921,0.526990,0.634740,0.565143,0.804627,-0.586712,-0.091342,0.427259,0.602595,-0.008949,0.673980,-0.032345,0.000069,-0.013981,-0.008474,-0.002576,-0.000217,0.819921,-0.565143,0.091342,0.000000,0.000000,0.000000,-1,0.811478,-0.570389,0.085861,-0.053268,0.011418,-0.026263,60.824036,229.232727,-546.673218,0,0
2.720000,1.681009,0.600801,-0.691846,0.273753,0.502851,-0.819878,0.526242,0.635217,0.565304,0.805064,-0.586208,-0.090729,0.426985,0.602535,-0.008674,0.674211,-0.020629,0.000085,-0.011938,-0.013176,-0.007420,-0.005692,0.819878,-0.565304,0.090729,0.000000,0.000000,0.000000,-1,0.799316,-0.574524,0.085800,-0.030941,-0.004416,-0.019985,61.351410,228.002182,-546.170410,0,0
2.760000,1.680113,0.601807,-0.691501,0.274827,0.503055,-0.819394,0.525660,0.634961,0.566133,0.805079,-0.586311,-0.089932,0.427141,0.602093,-0.008379,0.674510,0.011265,-0.021038,-0.004639,-0.020306,-0.012557,-0.003628,0.819394,-0.566133,0.089932,0.000000,0.000000,0.000000,-1,0.802124,-0.580872,0.082687,-0.000091,-0.016045,-0.016984,60.999817,228.705353,-545.835266,0,0
2.800000,1.678842,0.603007,-0.692915,0.277188,0.502675,-0.818831,0.526123,0.633693,0.567122,0.803966,-0.588006,-0.088817,0.427876,0.601108,-0.008686,0.674919,0.046309,-0.047609,-0.008048,-0.016448,-0.010637,-0.009486,0.818831,-0.567122,0.088817,0.000000,0.000000,0.000000,-1,0.803207,-0.580505,0.081772,0.030705,-0.041492,-0.019258,60.120865,229.232727,-547.678711,0,0
2.840000,1.678174,0.603596,-0.695043,0.279102,0.502060,-0.818558,0.527257,0.632316,0.567606,0.802560,-0.590010,-0.088234,0.428667,0.600302,-0.009330,0.675127,0.076088,-0.062396,-0.002890,-0.015732,-0.010351,-0.005409,0.818558,-0.567606,0.088234,0.000000,0.000000,0.000000,-1,0.801102,-0.577713,0.088089,0.070062,-0.062586,-0.008831,61.175613,226.771652,-545.667664,0,0
2.880000,1.677802,0.604151,-0.698332,0.281341,0.501267,-0.818277,0.529131,0.630337,0.568064,0.800542,-0.592795,-0.087896,0.429797,0.599352,-0.010316,0.675237,0.100555,-0.077142,0.006569,-0.016062,-0.006445,0.000437,0.818277,-0.568064,0.087896,0.000000,0.000000,0.000000,-1,0.807312,-0.573776,0.090927,0.089220,-0.072044,-0.000422,61.351410,229.056946,-546.840820,0,0
2.920000,1.677844,0.605150,-0.707532,0.286439,0.499304,-0.817709,0.534538,0.625011,0.568886,0.795124,-0.600048,-0.087869,0.432810,0.597169,-0.013046,0.675200,0.137725,-0.113111,0.011750,-0.010855,0.005821,0.002005,0.817709,-0.568886,0.087869,0.000000,0.000000,0.000000,-1,0.804932,-0.559769,0.091690,0.116782,-0.111249,-0.001554,60.824036,228.177979,-547.008362,0,0
2.960000,1.677549,0.604952,-0.713001,0.289293,0.497430,-0.817847,0.538022,0.622163,0.568723,0.791734,-0.604547,-0.087641,0.434387,0.595926,-0.015029,0.675243,0.146207,-0.124772,0.010663,-0.007254,0.006742,0.008047,0.817847,-0.568723,0.087641,0.000000,0.000000,0.000000,-1,0.818817,-0.551498,0.095596,0.118911,-0.113348,0.000568,61.175613,229.232727,-546.673218,0,0
3.000000,1.677231,0.604002,-0.720277,0.292642,0.494533,-0.818412,0.542890,0.618638,0.567941,0.787166,-0.610511,-0.087438,0.436303,0.594440,-0.017903,0.675248,0.129146,-0.119482,0.010715,0.002893,0.022348,0.009440,0.818412,-0.567941,0.087438,0.000000,0.000000,0.000000,-1,0.823196,-0.544037,0.096390,0.079526,-0.103875,-0.006619,60.999817,228.705353,-547.846313,0,0
3.040000,1.675654,0.601778,-0.726559,0.295768,0.490352,-0.819803,0.547604,0.616158,0.566109,0.782720,-0.616364,-0.086279,0.437576,0.593015,-0.021186,0.675582,0.070596,-0.106873,-0.001675,0.003302,0.021935,0.005243,0.819803,-0.566109,0.086279,0.000000,0.000000,0.000000,-1,0.825653,-0.542160,0.094711,0.034830,-0.089114,-0.014851,61.878784,227.123230,-546.673218,0,0
3.080000,1.674495,0.600471,-0.728757,0.297036,0.488184,-0.820638,0.549449,0.615504,0.565031,0.780945,-0.618733,-0.085405,0.437875,0.592426,-0.022662,0.675858,0.041938,-0.077217,-0.002636,0.005107,0.020079,0.010344,0.820638,-0.565031,0.085405,0.000000,0.000000,0.000000,-1,0.825272,-0.542740,0.096695,-0.004461,-0.053114,-0.016811,62.054581,229.760101,-547.175964,0,0
3.120000,1.673076,0.598470,-0.729883,0.297597,0.485745,-0.821881,0.550895,0.615726,0.563379,0.779712,-0.620430,-0.084356,0.437672,0.592133,-0.024087,0.676197,-0.015539,-0.040128,-0.006642,0.000629,0.022608,0.014399,0.821881,-0.563379,0.084356,0.000000,0.000000,0.000000,-1,0.821793,-0.546738,0.095200,-0.051230,-0.022436,-0.021890,60.296661,228.705353,-547.511108,0,0
3.160000,1.671741,0.597199,-0.728571,0.297305,0.484527,-0.822705,0.550563,0.616982,0.562328,0.780058,-0.620134,-0.083331,0.436936,0.592243,-0.024401,0.676564,-0.048524,-0.026436,-0.016031,-0.006085,0.014522,0.011930,0.822705,-0.562328,0.083331,0.000000,0.000000,0.000000,-1,0.813828,-0.552231,0.091476,-0.077850,-0.015104,-0.031299,60.296661,229.056946,-545.835266,0,0
3.200000,1.670448,0.596553,-0.726910,0.297156,0.483823,-0.823173,0.549778,0.618167,0.561794,0.780668,-0.619503,-0.082303,0.436260,0.592308,-0.024358,0.676945,-0.054938,-0.027579,-0.025566,-0.013816,0.006115,0.006701,0.823173,-0.561794,0.082303,0.000000,0.000000,0.000000,-1,0.813263,-0.557434,0.092941,-0.076806,-0.019371,-0.034487,59.945068,227.650604,-547.511108,0,0
3.240000,1.668561,0.595885,-0.724707,0.297201,0.482898,-0.823700,0.548664,0.619658,0.561242,0.781434,-0.618736,-0.080786,0.435410,0.592293,-0.024268,0.677509,-0.053891,-0.034979,-0.024480,-0.005630,0.006188,0.012491,0.823700,-0.561242,0.080786,0.000000,0.000000,0.000000,-1,0.811951,-0.550964,0.101334,-0.084277,-0.023625,-0.036544,60.296661,229.056946,-546.505615,0,0
3.280000,1.666955,0.594954,-0.722091,0.296686,0.482107,-0.824348,0.547386,0.621483,0.560471,0.782525,-0.617521,-0.079514,0.434372,0.592518,-0.024071,0.677985,-0.067825,-0.032691,-0.016958,-0.007499,0.005143,0.015808,0.824348,-0.560471,0.079514,0.000000,0.000000,0.000000,-1,0.817154,-0.552277,0.096649,-0.090625,-0.016140,-0.029066,61.175613,228.529572,-547.008362,0,0
3.320000,1.665683,0.594432,-0.720157,0.296466,0.481572,-0.824740,0.546376,0.622760,0.560039,0.783314,-0.616651,-0.078492,0.433647,0.592618,-0.023882,0.678368,-0.067816,-0.029519,-0.018036,-0.008181,0.009441,0.013824,0.824740,-0.560039,0.078492,0.000000,0.000000,0.000000,-1,0.827408,-0.543030,0.097763,-0.094860,-0.011863,-0.024788,61.175613,228.529572,-546.673218,0,0
3.360000,1.664458,0.592974,-0.717447,0.295330,0.480714,-0.825647,0.545223,0.624853,0.558830,0.784546,-0.615201,-0.077558,0.432445,0.593102,-0.023761,0.678717,-0.082595,0.000265,-0.005257,0.005697,0.027015,0.017458,0.825647,-0.558830,0.077558,0.000000,0.000000,0.000000,-1,0.827850,-0.526367,0.096252,-0.120270,0.019045,-0.004465,59.769287,228.881149,-547.678711,0,0
3.400000,1.663883,0.592415,-0.712557,0.293127,0.481452,-0.826003,0.542365,0.627748,0.558366,0.787348,-0.611667,-0.077113,0.430840,0.594082,-0.022430,0.678926,-0.113306,0.032291,0.020419,-0.014632,0.007600,0.015172,0.826003,-0.558366,0.077113,0.000000,0.000000,0.000000,-1,0.799622,-0.543655,0.085220,-0.147846,0.041442,0.011644,59.593491,229.408524,-545.835266,0,0
3.440000,1.662917,0.593576,-0.708512,0.292563,0.482774,-0.825431,0.539399,0.629444,0.559329,0.789592,-0.608875,-0.076255,0.429934,0.594377,-0.020840,0.679292,-0.123054,0.026006,0.015170,-0.034659,0.018039,0.003487,0.825431,-0.559329,0.076255,0.000000,0.000000,0.000000,-1,0.774612,-0.576080,0.053253,-0.146922,0.021022,-0.020246,61.527206,227.474808,-546.673218,0,0
3.480000,1.659667,0.594491,-0.702526,0.292733,0.483126,-0.825164,0.535291,0.632271,0.560087,0.792320,-0.605659,-0.073526,0.428366,0.594362,-0.019168,0.680345,-0.114718,-0.009225,-0.014587,-0.047287,-0.026781,-0.024652,0.825164,-0.560087,0.073526,0.000000,0.000000,0.000000,-1,0.792480,-0.616180,0.047607,-0.130028,-0.022446,-0.024475,60.999817,227.650604,-547.175964,0,0
3.520000,1.652733,0.595453,-0.696127,0.295658,0.481424,-0.825117,0.530887,0.635270,0.560884,0.794194,-0.603874,-0.067759,0.426658,0.593163,-0.018119,0.682490,-0.093745,-0.120382,-0.007934,-0.037595,-0.099577,-0.018458,0.825117,-0.560884,0.067759,0.000000,0.000000,0.000000,-1,0.786224,-0.639618,0.069809,-0.117542,-0.123018,-0.018868,60.296661,229.056946,-547.846313,0,0
3.560000,1.646506,0.595451,-0.692414,0.298821,0.478764,-0.825524,0.528527,0.637237,0.560882,0.794585,-0.603915,-0.062620,0.425501,0.591827,-0.018178,0.684368,-0.121501,-0.143686,-0.008697,-0.044778,-0.059861,0.016299,0.825524,-0.560882,0.062620,0.000000,0.000000,0.000000,-1,0.771255,-0.594406,0.085129,-0.214421,-0.127142,-0.008514,61.527206,228.529572,-548.013916,0,0
3.600000,1.635963,0.596292,-0.682862,0.303094,0.475823,-0.825668,0.522118,0.641890,0.561578,0.797200,-0.601306,-0.053883,0.422814,0.590059,-0.016832,0.687587,-0.263124,-0.108212,0.025270,-0.057647,-0.037925,0.033382,0.825668,-0.561578,0.053883,0.000000,0.000000,0.000000,-1,0.755020,-0.611008,0.083618,-0.344061,-0.070650,0.027435,59.945068,228.002182,-546.840820,0,0
3.640000,1.621795,0.598908,-0.664361,0.306992,0.474692,-0.824878,0.509246,0.650281,0.563741,0.804006,-0.593129,-0.042104,0.417976,0.588514,-0.012484,0.691948,-0.288542,-0.064761,0.027435,-0.092410,-0.077983,0.036967,0.824878,-0.563741,0.042104,0.000000,0.000000,0.000000,-1,0.725494,-0.668076,0.077194,-0.275958,-0.070815,0.010928,60.648239,229.760101,-547.511108,0,0
3.680000,1.612379,0.599893,-0.654853,0.310569,0.472700,-0.824683,0.502702,0.654653,0.564554,0.806746,-0.589902,-0.034313,0.415400,0.587026,-0.010795,0.694786,-0.125850,-0.116906,0.003997,-0.096350,-0.090994,0.064351,0.824683,-0.564554,0.034313,0.000000,0.000000,0.000000,-1,0.735504,-0.646622,0.104263,-0.133464,-0.105028,-0.020943,60.296661,228.353775,-547.511108,0,0
3.720000,1.606675,0.599739,-0.650798,0.313183,0.470501,-0.824952,0.500095,0.656755,0.564427,0.807354,-0.589323,-0.029611,0.414137,0.585914,-0.010623,0.696478,-0.116307,-0.105534,-0.025949,-0.092087,-0.051845,0.080527,0.824952,-0.564427,0.029611,0.000000,0.000000,0.000000,-1,0.728058,-0.614182,0.107651,-0.155908,-0.079155,-0.086916,61.702988,227.650604,-547.846313,0,0
3.760000,1.599280,0.597769,-0.644417,0.315187,0.466857,-0.826258,0.496561,0.660820,0.562800,0.808755,-0.587675,-0.023541,0.411676,0.585059,-0.010629,0.698653,-0.102051,-0.153935,-0.132415,-0.123926,-0.110570,0.051669,0.826258,-0.562800,0.023541,0.000000,0.000000,0.000000,-1,0.681992,-0.705551,0.058502,-0.098886,-0.179369,-0.156228,60.296661,228.353775,-547.846313,0,0
3.800000,1.591499,0.593315,-0.642082,0.318182,0.460067,-0.828914,0.496513,0.663979,0.559113,0.807611,-0.589466,-0.017163,0.409685,0.583729,-0.013000,0.700892,-0.039618,-0.260111,-0.159134,-0.143047,-0.148925,0.037585,0.828914,-0.559113,0.017163,0.000000,0.000000,0.000000,-1,0.712860,-0.667175,0.046173,-0.034398,-0.300482,-0.194626,59.593491,229.408524,-547.511108,0,0
3.840000,1.578723,0.585849,-0.641203,0.324364,0.447814,-0.833217,0.498413,0.667741,0.552907,0.803973,-0.594629,-0.006605,0.407194,0.580944,-0.017955,0.704539,-0.011197,-0.322070,-0.215584,-0.104015,-0.099925,0.033785,0.833217,-0.552907,0.006605,0.000000,0.000000,0.000000,-1,0.750900,-0.638870,0.025909,-0.079278,-0.298973,-0.261399,60.120865,230.639069,-550.024963,0,0
3.880000,1.562569,0.573170,-0.636989,0.329150,0.431040,-0.840158,0.499724,0.675417,0.542298,0.801210,-0.598344,0.006912,0.402126,0.578653,-0.024214,0.709133,-0.122736,-0.195408,-0.265264,-0.082223,-0.074706,0.037445,0.840158,-0.542298,-0.006912,0.000000,0.000000,0.000000,-1,0.743576,-0.624588,0.026855,-0.170386,-0.139109,-0.270880,62.581955,227.123230,-549.354614,0,0
3.920000,1.555666,0.565721,-0.631114,0.328457,0.423794,-0.844106,0.498117,0.681585,0.536024,0.802493,-0.596525,0.012773,0.398152,0.578868,-0.026129,0.711128,-0.202169,-0.087001,-0.226703,-0.109197,-0.089342,0.043092,0.844106,-0.536024,-0.012773,0.000000,0.000000,0.000000,-1,0.714294,-0.624344,0.050201,-0.262530,-0.014743,-0.224822,61.527206,227.826401,-547.343567,0,0
3.960000,1.549141,0.557030,-0.620369,0.324880,0.417469,-0.848630,0.493454,0.690662,0.528667,0.806819,-0.590513,0.018380,0.392376,0.580388,-0.026640,0.713078,-0.229487,0.021186,-0.210917,-0.120115,-0.109379,0.076150,0.848630,-0.528667,-0.018380,0.000000,0.000000,0.000000,-1,0.754562,-0.684067,0.025085,-0.198679,-0.048395,-0.197493,62.406158,229.056946,-549.187012,0,0
4.000000,1.545684,0.552142,-0.617077,0.323894,0.413113,-0.851135,0.492668,0.694382,0.524512,0.807695,-0.589213,0.021378,0.389915,0.580756,-0.027852,0.714082,0.219677,0.020256,0.155270,0.103089,-0.359842,0.032609,0.851135,-0.524512,-0.021378,0.000000,0.000000,0.000000,-1,1.095917,-0.919525,-0.012466,0.315220,0.114048,0.312463,62.757751,229.408524,-549.522217,0,0
4.040000,1.557342,0.563923,-0.630251,0.325850,0.423848,-0.845088,0.498096,0.682791,0.534506,0.803569,-0.595104,0.011371,0.397394,0.579994,-0.026120,0.710636,0.433010,0.241322,0.470253,0.261922,-0.301844,0.005557,0.845088,-0.534506,-0.011371,0.000000,0.000000,0.000000,-1,1.105301,-0.597321,0.074875,0.394473,0.490432,0.469171,61.351410,227.299026,-547.511108,0,0
4.080000,1.589564,0.583524,-0.651619,0.319168,0.449381,-0.834379,0.506119,0.663534,0.550968,0.801234,-0.598146,-0.015661,0.409663,0.583101,-0.020227,0.701256,0.521981,0.747022,0.523064,0.198397,0.119725,0.010172,0.834379,-0.550968,0.015661,0.000000,0.000000,0.000000,-1,0.997253,-0.347855,0.025131,0.546169,0.945494,0.545123,63.285126,227.123230,-547.008362,0,0
4.120000,1.656086,0.608316,-0.682816,0.293198,0.495497,-0.817629,0.517790,0.636630,0.571486,0.803697,-0.590919,-0.069905,0.426167,0.594419,-0.008173,0.681895,0.318469,1.128546,0.428398,0.067121,0.207457,0.099575,0.817629,-0.571486,0.069905,0.000000,0.000000,0.000000,-1,0.973434,-0.568604,0.095917,0.218407,1.177685,0.334795,62.230362,226.771652,-547.343567,0,0
4.160000,1.694610,0.615923,-0.693077,0.271274,0.519926,-0.809992,0.521502,0.627921,0.577713,0.808979,-0.579131,-0.100804,0.431323,0.603625,-0.000587,0.670520,0.286322,0.921726,0.168419,0.164068,-0.045853,-0.068623,0.809992,-0.577713,0.100804,0.000000,0.000000,0.000000,-1,0.876297,-0.631531,0.083542,0.364037,0.653605,0.017099,62.933533,225.365311,-544.997314,0,0
4.200000,1.741843,0.615259,-0.716778,0.245315,0.540617,-0.804707,0.536488,0.615674,0.577170,0.807466,-0.573305,-0.139001,0.438361,0.614280,0.001573,0.656123,0.398166,0.677051,0.055544,-0.036137,0.035178,-0.002022,0.804707,-0.577170,0.139001,0.000000,0.000000,0.000000,-1,0.712631,-0.417633,0.131790,0.339816,0.699637,0.069315,64.164078,225.189514,-543.824219,0,0
4.240000,1.777226,0.615219,-0.735018,0.226764,0.556493,-0.799309,0.547644,0.605804,0.577138,0.805397,-0.568610,-0.167385,0.443944,0.621777,0.003429,0.645210,0.391213,0.518916,0.021035,-0.113899,0.245473,-0.000866,0.799309,-0.577138,0.167385,0.000000,0.000000,0.000000,-1,0.644943,-0.311920,0.134506,0.369681,0.465476,-0.053616,62.230362,226.420059,-543.321411,0,0
4.280000,1.797017,0.610200,-0.748430,0.215652,0.561826,-0.798653,0.557684,0.600520,0.573031,0.801550,-0.568971,-0.183818,0.446920,0.626236,0.001621,0.638818,0.396583,0.319298,-0.146579,-0.150810,0.222445,-0.050822,0.798653,-0.573031,0.183818,0.000000,0.000000,0.000000,-1,0.686829,-0.523727,0.177109,0.332832,0.330078,-0.149767,61.527206,225.013733,-542.986267,0,0
4.320000,1.818806,0.602019,-0.763137,0.202053,0.566402,-0.798976,0.569677,0.595621,0.566308,0.796645,-0.569582,-0.202319,0.449653,0.631642,-0.001296,0.631537,0.272344,0.382361,-0.087260,-0.105205,0.012017,-0.021701,0.798976,-0.566308,0.202319,0.000000,0.000000,0.000000,-1,0.721466,-0.533249,0.168304,0.158447,0.366585,-0.099547,61.527206,226.420059,-541.310364,0,0
