0.000000,2.568893,1.240296,-2.361669,0.957982,0.226595,-0.175856,0.228208,-0.230721,0.945880,0.173758,-0.946268,-0.272737,0.784449,0.144944,-0.000669,0.603018,-0.006487,0.002258,0.009751,0.001008,0.011890,-0.001558,0.175856,-0.945880,0.272737,0.000000,0.000000,0.000000,-1,0.180344,-0.936478,0.272461,-0.008540,-0.089044,0.009006,152.429230,195.923676,-777.897095,0,0
0.040000,2.568558,1.240291,-2.361100,0.957911,0.226823,-0.175950,0.228342,-0.230594,0.945879,0.173974,-0.946244,-0.272681,0.784408,0.145066,-0.000630,0.603041,-0.006508,0.016024,0.000105,0.005294,0.009569,0.001137,0.175950,-0.945879,0.272681,0.000000,0.000000,0.000000,-1,0.180862,-0.937408,0.276428,-0.003235,-0.071031,0.002484,154.356491,195.749054,-778.064087,0,0
0.080000,2.568734,1.239785,-2.359636,0.957484,0.228455,-0.176162,0.229017,-0.230599,0.945714,0.175431,-0.945850,-0.273115,0.784410,0.145801,-0.000233,0.602862,0.003082,0.044649,-0.008668,0.003495,0.005712,0.000948,0.176162,-0.945714,0.273115,0.000000,0.000000,0.000000,-1,0.177963,-0.936554,0.272751,0.003132,-0.049838,-0.005128,153.130051,195.574432,-778.565063,0,0
0.120000,2.569416,1.239329,-2.358735,0.957100,0.230020,-0.176209,0.229529,-0.230698,0.945566,0.176849,-0.945446,-0.273598,0.784442,0.146457,0.000204,0.602662,0.003078,0.057363,-0.012985,-0.000702,0.012460,-0.001045,0.176209,-0.945566,0.273598,0.000000,0.000000,0.000000,-1,0.172089,-0.931854,0.271164,-0.007508,-0.035003,-0.010396,152.604431,196.098282,-777.730103,0,0
0.160000,2.570179,1.239115,-2.356675,0.956461,0.232739,-0.176109,0.230147,-0.230368,0.945496,0.179484,-0.944861,-0.273902,0.784336,0.147541,0.001076,0.602534,-0.017113,0.079622,-0.016055,-0.001503,0.014954,-0.004417,0.176109,-0.945496,0.273902,0.000000,0.000000,0.000000,-1,0.177795,-0.935059,0.265717,-0.026638,-0.010623,-0.013487,151.728409,196.971390,-777.897095,0,0
0.200000,2.569438,1.239642,-2.351328,0.955406,0.237085,-0.176042,0.231021,-0.228783,0.945668,0.183928,-0.944166,-0.273352,0.783827,0.149301,0.002515,0.602758,-0.032006,0.084915,-0.019114,0.000807,0.013814,0.001809,0.176042,-0.945668,0.273352,0.000000,0.000000,0.000000,-1,0.143982,-0.904602,0.283020,-0.034127,-0.030779,-0.021823,153.480469,196.971390,-778.231079,0,0
0.240000,2.571202,1.239583,-2.350907,0.954972,0.239160,-0.175590,0.231157,-0.228725,0.945648,0.185999,-0.943656,-0.273710,0.783806,0.150011,0.003320,0.602606,-0.033229,0.037158,-0.059279,-0.039085,0.043289,0.013598,0.175590,-0.945648,0.273710,0.000000,0.000000,0.000000,-1,0.192230,-0.948578,0.290268,-0.046064,-0.055254,-0.081149,154.181290,195.225189,-776.561035,0,0
0.280000,2.565489,1.238425,-2.341770,0.953695,0.242633,-0.177748,0.234023,-0.227367,0.945271,0.188940,-0.943098,-0.273621,0.783371,0.152117,0.003572,0.602642,-0.061886,0.141038,-0.076448,0.044497,-0.044170,0.015762,0.177748,-0.945271,0.273621,0.000000,0.000000,0.000000,-1,0.243149,-1.015076,0.240494,-0.005288,0.137796,-0.020774,151.553207,196.796768,-777.730103,0,0
0.320000,2.573364,1.236028,-2.338028,0.950932,0.253907,-0.176806,0.236502,-0.228061,0.944487,0.199489,-0.939957,-0.276920,0.783568,0.156467,0.007237,0.601238,0.155181,0.246041,-0.044228,0.023222,-0.038012,-0.056949,0.176806,-0.944487,0.276920,0.000000,0.000000,0.000000,-1,0.168121,-0.965469,0.229111,0.172141,0.145170,-0.054675,153.655670,197.495255,-778.732056,0,0
0.360000,2.583137,1.231588,-2.340489,0.949023,0.261286,-0.176312,0.238949,-0.231559,0.943018,0.205571,-0.937075,-0.282189,0.784661,0.159379,0.009322,0.599015,0.167840,0.267206,-0.067858,-0.019787,-0.009801,-0.049797,0.176312,-0.943018,0.282189,0.000000,0.000000,0.000000,-1,0.123932,-0.927765,0.249954,0.121211,0.187605,-0.036222,154.531708,196.622147,-777.229065,0,0
0.400000,2.597644,1.226871,-2.344253,0.946383,0.271861,-0.174499,0.241256,-0.235562,0.941438,0.214835,-0.933061,-0.288520,0.785886,0.163229,0.012831,0.596302,0.076629,0.245036,-0.003994,-0.063736,0.022890,-0.033408,0.174499,-0.941438,0.288520,0.000000,0.000000,0.000000,-1,0.083511,-0.888962,0.260803,0.021395,0.084844,0.017464,154.006088,197.495255,-775.058044,0,0
0.440000,2.607638,1.226780,-2.346280,0.944746,0.279269,-0.171651,0.240839,-0.236110,0.941408,0.222377,-0.930732,-0.290323,0.785999,0.165429,0.016134,0.595465,-0.038260,0.094517,0.007511,-0.075765,0.042223,-0.029046,0.171651,-0.941408,0.290323,0.000000,0.000000,0.000000,-1,0.136673,-0.929626,0.267624,-0.051043,-0.032862,0.003902,153.305267,196.447525,-776.728027,0,0
0.480000,2.606507,1.228096,-2.343461,0.944371,0.280721,-0.171347,0.240616,-0.234565,0.941851,0.224205,-0.930685,-0.289062,0.785493,0.165927,0.016823,0.595975,-0.056453,0.024516,-0.010056,-0.013373,-0.004926,-0.014038,0.171347,-0.941851,0.289062,0.000000,0.000000,0.000000,-1,0.191483,-0.944885,0.287048,-0.030939,-0.111331,-0.005539,153.130051,197.320633,-777.229065,0,0
0.520000,2.603581,1.228793,-2.340794,0.944364,0.280433,-0.171856,0.240770,-0.233466,0.942085,0.224069,-0.931048,-0.287997,0.785147,0.165957,0.016625,0.596427,-0.000143,-0.023194,-0.010461,0.018925,-0.000939,-0.001375,0.171856,-0.942085,0.287996,0.000000,0.000000,0.000000,-1,0.187164,-0.940933,0.289017,0.009464,-0.127228,-0.001658,154.531708,195.574432,-776.895081,0,0
0.560000,2.602667,1.228181,-2.341378,0.944656,0.279103,-0.172415,0.241047,-0.234008,0.941879,0.222535,-0.931312,-0.288334,0.785334,0.165582,0.015955,0.596304,0.021178,-0.035891,0.007444,-0.010596,0.000641,0.012844,0.172415,-0.941879,0.288334,0.000000,0.000000,0.000000,-1,0.143219,-0.937485,0.305267,0.022301,-0.138855,0.021655,154.356491,196.447525,-776.728027,0,0
0.600000,2.603835,1.227953,-2.344051,0.945113,0.277692,-0.172188,0.240575,-0.234802,0.941802,0.221101,-0.931534,-0.288720,0.785594,0.164928,0.015566,0.596152,0.021244,-0.053883,0.028799,-0.032738,0.013137,0.018729,0.172188,-0.941803,0.288720,0.000000,0.000000,0.000000,-1,0.162064,-0.922028,0.305038,0.009585,-0.173814,0.040036,153.655670,197.495255,-777.396057,0,0
0.640000,2.604779,1.228169,-2.347294,0.945828,0.275480,-0.171812,0.239667,-0.235438,0.941875,0.219017,-0.932030,-0.288707,0.785807,0.163891,0.015018,0.596172,0.007458,-0.079263,0.039654,-0.009748,0.019848,0.016331,0.171812,-0.941875,0.288707,0.000000,0.000000,0.000000,-1,0.183380,-0.928909,0.300034,0.003234,-0.173803,0.047552,154.181290,195.923676,-778.565063,0,0
0.680000,2.605836,1.226989,-2.352872,0.946980,0.271329,-0.172073,0.239138,-0.237554,0.941478,0.214574,-0.932710,-0.289844,0.786508,0.162257,0.013509,0.595731,0.017044,-0.054894,0.031966,0.013367,0.013164,0.009061,0.172073,-0.941478,0.289844,0.000000,0.000000,0.000000,-1,0.185043,-0.927185,0.300415,0.022331,-0.152622,0.032354,154.882111,195.923676,-778.565063,0,0
0.720000,2.605450,1.225369,-2.354254,0.947238,0.269858,-0.172964,0.239890,-0.238960,0.940931,0.212586,-0.932778,-0.291088,0.786970,0.161933,0.012587,0.595229,0.026583,-0.046436,0.017974,0.013575,0.013380,0.006290,0.172964,-0.940931,0.291088,0.000000,0.000000,0.000000,-1,0.185547,-0.927795,0.290756,0.026527,-0.136746,0.014153,154.181290,196.272903,-777.897095,0,0
0.760000,2.603437,1.223573,-2.354262,0.947445,0.268192,-0.174416,0.241084,-0.240154,0.940321,0.210300,-0.932952,-0.292190,0.787367,0.161702,0.011394,0.594790,0.017036,-0.018860,0.011492,0.006065,0.011977,-0.004897,0.174416,-0.940321,0.292190,0.000000,0.000000,0.000000,-1,0.176239,-0.928497,0.283600,0.013796,-0.117657,0.017398,153.130051,196.272903,-778.231079,0,0
0.800000,2.603597,1.223596,-2.355264,0.947683,0.267389,-0.174358,0.240829,-0.240381,0.940329,0.209521,-0.933124,-0.292200,0.787443,0.161351,0.011164,0.594790,0.007472,-0.016740,0.013711,-0.004085,0.014059,-0.006647,0.174358,-0.940329,0.292200,0.000000,0.000000,0.000000,-1,0.167755,-0.926849,0.284454,0.003173,-0.117654,0.019643,154.706909,197.146011,-777.062073,0,0
0.840000,2.604526,1.224059,-2.356848,0.947968,0.266698,-0.173864,0.240140,-0.240454,0.940486,0.209019,-0.933303,-0.291988,0.787466,0.160908,0.011161,0.594880,0.000027,-0.020979,0.014881,-0.006658,0.013606,-0.006908,0.173864,-0.940486,0.291988,0.000000,0.000000,0.000000,-1,0.161438,-0.931747,0.278381,-0.007454,-0.121892,0.021907,152.604431,196.447525,-776.394043,0,0
0.880000,2.605460,1.226080,-2.359134,0.948629,0.265153,-0.172619,0.238249,-0.239654,0.941171,0.208186,-0.933949,-0.290515,0.787210,0.159869,0.011295,0.595496,-0.007427,-0.036875,0.019304,-0.008328,0.004175,-0.012698,0.172619,-0.941171,0.290515,0.000000,0.000000,0.000000,-1,0.161545,-0.941422,0.280182,-0.005325,-0.139909,0.026219,152.779648,196.272903,-776.895081,0,0
0.920000,2.606932,1.227627,-2.362458,0.949388,0.263186,-0.171450,0.236428,-0.239408,0.941693,0.206794,-0.934568,-0.289516,0.787133,0.158682,0.011226,0.595916,0.006443,-0.046500,0.026635,-0.009752,-0.000827,-0.009105,0.171450,-0.941693,0.289516,0.000000,0.000000,0.000000,-1,0.160812,-0.939590,0.272720,0.005330,-0.145198,0.033572,154.181290,196.272903,-774.891052,0,0
0.960000,2.608090,1.229307,-2.365741,0.950212,0.260945,-0.170309,0.234532,-0.239053,0.942257,0.205164,-0.935287,-0.288351,0.787022,0.157390,0.011072,0.596408,0.006430,-0.051799,0.028796,-0.006384,0.003414,-0.017141,0.170309,-0.942257,0.288351,0.000000,0.000000,0.000000,-1,0.168015,-0.938522,0.267731,0.001079,-0.143078,0.033609,152.954849,195.050568,-777.396057,0,0
1.000000,2.607539,1.231159,-2.367098,0.950897,0.258915,-0.169580,0.232987,-0.238124,0.942876,0.203744,-0.936088,-0.286755,0.786730,0.156312,0.010856,0.597080,-0.001009,-0.029535,0.030907,-0.000497,0.001820,-0.020336,0.169580,-0.942876,0.286755,0.000000,0.000000,0.000000,-1,0.171738,-0.939575,0.267960,-0.001026,-0.119752,0.034591,152.954849,197.495255,-776.394043,0,0
1.040000,2.607110,1.232370,-2.367348,0.951193,0.258129,-0.169121,0.232128,-0.237365,0.943278,0.203344,-0.936497,-0.285699,0.786489,0.155837,0.010878,0.597522,-0.001029,-0.005164,0.024413,0.001762,0.002330,-0.018624,0.169121,-0.943278,0.285699,0.000000,0.000000,0.000000,-1,0.170425,-0.936142,0.266678,0.000017,-0.099622,0.024915,152.779648,195.225189,-778.565063,0,0
1.080000,2.606698,1.233768,-2.366885,0.951322,0.258014,-0.168566,0.231316,-0.236315,0.943742,0.203664,-0.936794,-0.284495,0.786151,0.155609,0.011161,0.598020,0.004234,0.016015,0.011491,0.000959,0.004823,-0.016443,0.168566,-0.943742,0.284495,0.000000,0.000000,0.000000,-1,0.165756,-0.941452,0.268066,0.009553,-0.083737,0.013037,154.356491,196.447525,-776.060059,0,0
1.120000,2.608180,1.234584,-2.367816,0.951356,0.258420,-0.167753,0.230558,-0.235980,0.944011,0.204365,-0.936767,-0.284081,0.786037,0.155520,0.011644,0.598184,0.020206,0.021196,0.010223,-0.007276,-0.003865,-0.012536,0.167753,-0.944011,0.284081,0.000000,0.000000,0.000000,-1,0.154083,-0.944778,0.272430,0.018077,-0.074190,0.016091,153.480469,196.272903,-776.561035,0,0
1.160000,2.611448,1.235139,-2.370432,0.951428,0.258926,-0.166559,0.229575,-0.236206,0.944194,0.205134,-0.936570,-0.284176,0.786100,0.155356,0.012268,0.598132,0.021286,0.022229,0.014469,-0.013376,-0.000432,-0.013455,0.166559,-0.944194,0.284176,0.000000,0.000000,0.000000,-1,0.148483,-0.946136,0.278290,0.022348,-0.081602,0.022460,153.830887,196.272903,-776.895081,0,0
1.200000,2.619954,1.235947,-2.378133,0.951768,0.259465,-0.163755,0.227221,-0.237416,0.944460,0.206176,-0.936115,-0.284920,0.786464,0.154707,0.013485,0.597794,0.030909,0.021197,0.031406,-0.016721,-0.002577,-0.003258,0.163755,-0.944460,0.284920,0.000000,0.000000,0.000000,-1,0.151367,-0.949539,0.281982,0.039453,-0.073085,0.045635,152.078827,196.272903,-776.561035,0,0
1.240000,2.629247,1.236070,-2.386675,0.952080,0.260016,-0.161043,0.225105,-0.239263,0.944500,0.207053,-0.935492,-0.286329,0.787031,0.154098,0.014615,0.597178,0.042663,0.025463,0.047224,-0.009280,-0.001865,-0.003690,0.161043,-0.944500,0.286329,0.000000,0.000000,0.000000,-1,0.146454,-0.939301,0.284302,0.042674,-0.078372,0.055197,153.130051,195.574432,-776.895081,0,0
1.280000,2.637403,1.236032,-2.394499,0.952421,0.260198,-0.158720,0.223250,-0.241044,0.944488,0.207495,-0.934984,-0.287664,0.787580,0.153460,0.015483,0.596597,0.045868,0.014872,0.053628,-0.015974,0.004821,-0.000463,0.158720,-0.944488,0.287664,0.000000,0.000000,0.000000,-1,0.139725,-0.928497,0.291168,0.038433,-0.084727,0.059527,152.429230,195.923676,-776.227051,0,0
1.320000,2.650999,1.236459,-2.408156,0.953194,0.259844,-0.154604,0.219668,-0.243770,0.944628,0.207768,-0.934375,-0.289440,0.788417,0.152049,0.016858,0.595815,0.012931,-0.006562,0.062616,-0.012454,0.018832,-0.004604,0.154604,-0.944628,0.289440,0.000000,0.000000,0.000000,-1,0.151596,-0.922501,0.282883,0.012905,-0.106990,0.060973,151.903610,195.050568,-776.394043,0,0
1.360000,2.656471,1.237022,-2.414388,0.953733,0.258949,-0.152770,0.217791,-0.244737,0.944813,0.207270,-0.934371,-0.289811,0.788714,0.151113,0.017275,0.595648,0.011803,-0.012948,0.046700,0.005311,0.009785,-0.004533,0.152770,-0.944813,0.289811,0.000000,0.000000,0.000000,-1,0.158905,-0.941147,0.290192,0.013909,-0.111253,0.046089,152.429230,195.225189,-775.559082,0,0
1.400000,2.659031,1.236734,-2.417554,0.953992,0.258356,-0.152154,0.217195,-0.245629,0.944718,0.206700,-0.934301,-0.290442,0.788997,0.150682,0.017283,0.595382,0.030892,-0.008730,0.032638,0.008155,0.004853,0.005105,0.152154,-0.944718,0.290442,0.000000,0.000000,0.000000,-1,0.159073,-0.927490,0.296906,0.035119,-0.105974,0.030939,152.779648,196.272903,-776.227051,0,0
1.440000,2.663312,1.234453,-2.422331,0.954114,0.258056,-0.151901,0.217439,-0.248285,0.943968,0.205882,-0.933682,-0.293003,0.789842,0.150503,0.017086,0.594312,0.038287,0.000784,0.015485,0.001648,0.020353,0.000927,0.151901,-0.943968,0.293003,0.000000,0.000000,0.000000,-1,0.148331,-0.919952,0.293488,0.022339,-0.087965,0.021425,153.655670,195.749054,-775.726074,0,0
1.480000,2.667517,1.233386,-2.426183,0.954136,0.258428,-0.151127,0.217141,-0.249881,0.943615,0.206093,-0.933153,-0.294535,0.790340,0.150432,0.017387,0.593658,0.006386,0.018571,0.016814,-0.005329,0.019573,0.005132,0.151127,-0.943615,0.294536,0.000000,0.000000,0.000000,-1,0.143356,-0.931091,0.304504,0.002149,-0.081602,0.022683,151.553207,195.399811,-776.394043,0,0
1.520000,2.670974,1.233044,-2.429099,0.954143,0.258909,-0.150255,0.216623,-0.250757,0.943502,0.206604,-0.932784,-0.295344,0.790608,0.150369,0.017818,0.593305,0.007456,0.018572,0.016804,-0.005357,0.010732,0.009237,0.150255,-0.943502,0.295344,0.000000,0.000000,0.000000,-1,0.145584,-0.937210,0.304062,0.011725,-0.081599,0.024705,151.728409,195.923676,-776.561035,0,0
1.560000,2.677541,1.232167,-2.434978,0.954223,0.259522,-0.148682,0.215682,-0.252655,0.943211,0.207219,-0.932102,-0.297064,0.791193,0.150154,0.018496,0.592559,0.021296,0.011159,0.020944,-0.004517,0.008274,0.007853,0.148682,-0.943211,0.297064,0.000000,0.000000,0.000000,-1,0.137360,-0.930313,0.308807,0.012795,-0.087955,0.027913,151.553207,197.146011,-777.062073,0,0
1.600000,2.683524,1.231454,-2.440593,0.954372,0.259820,-0.147199,0.214693,-0.254376,0.942974,0.207559,-0.931551,-0.298551,0.791723,0.149836,0.019060,0.591913,0.007492,0.009044,0.023238,-0.008207,0.021984,0.006548,0.147199,-0.942974,0.298551,0.000000,0.000000,0.000000,-1,0.145996,-0.926346,0.301407,0.003220,-0.092198,0.026974,151.377991,196.272903,-775.893066,0,0
1.640000,2.685489,1.231317,-2.442438,0.954431,0.259905,-0.146669,0.214307,-0.254871,0.942928,0.207690,-0.931392,-0.298956,0.791874,0.149712,0.019264,0.591736,-0.002158,0.005623,0.015881,0.003782,0.013851,0.000177,0.146669,-0.942928,0.298956,0.000000,0.000000,0.000000,-1,0.153915,-0.928909,0.301575,-0.003197,-0.095393,0.017485,151.553207,197.495255,-776.728027,0,0
1.680000,2.685446,1.230903,-2.442272,0.954357,0.260070,-0.146854,0.214600,-0.255134,0.942790,0.207724,-0.931274,-0.299300,0.791958,0.149841,0.019215,0.591592,0.002050,0.009841,0.001981,0.007000,0.012111,0.001955,0.146854,-0.942790,0.299300,0.000000,0.000000,0.000000,-1,0.151901,-0.929016,0.299118,0.002076,-0.087991,0.004629,151.903610,194.701324,-775.392029,0,0
1.720000,2.684948,1.230438,-2.441287,0.954160,0.260599,-0.147196,0.215134,-0.255257,0.942635,0.208076,-0.931092,-0.299620,0.791997,0.150169,0.019217,0.591456,-0.004344,0.006652,-0.002193,0.000265,0.014779,-0.001127,0.147196,-0.942635,0.299620,0.000000,0.000000,0.000000,-1,0.142670,-0.930481,0.295883,-0.006446,-0.094357,0.001561,151.553207,195.749054,-778.064087,0,0
1.760000,2.685142,1.230621,-2.441257,0.954130,0.260787,-0.147062,0.215030,-0.255119,0.942696,0.208324,-0.931077,-0.299493,0.791950,0.150204,0.019339,0.591506,-0.007539,0.004530,-0.003210,-0.007292,0.010812,-0.003305,0.147062,-0.942696,0.299493,0.000000,0.000000,0.000000,-1,0.139557,-0.933868,0.298859,-0.007510,-0.095417,0.001577,152.954849,196.796768,-776.060059,0,0
1.800000,2.685828,1.230874,-2.441762,0.954142,0.260915,-0.146752,0.214748,-0.255045,0.942781,0.208558,-0.931061,-0.299380,0.791923,0.150161,0.019511,0.591548,-0.009652,-0.000764,0.001095,-0.007149,0.008119,0.002500,0.146752,-0.942781,0.299380,0.000000,0.000000,0.000000,-1,0.138397,-0.934250,0.296417,-0.012814,-0.101772,0.005919,151.377991,194.526703,-775.559082,0,0
1.840000,2.686815,1.231511,-2.443121,0.954351,0.260466,-0.146192,0.214015,-0.254877,0.942993,0.208357,-0.931233,-0.298986,0.791867,0.149798,0.019626,0.591711,-0.009651,-0.017721,0.004369,-0.008573,0.009124,-0.001668,0.146192,-0.942993,0.298986,0.000000,0.000000,0.000000,-1,0.143066,-0.934433,0.294998,-0.012808,-0.119787,0.011319,151.903610,195.050568,-776.060059,0,0
1.880000,2.686928,1.232001,-2.443833,0.954558,0.259836,-0.145956,0.213536,-0.254675,0.943156,0.207895,-0.931464,-0.298587,0.791805,0.149460,0.019556,0.591882,-0.010702,-0.023016,0.008662,-0.002889,0.008723,-0.003589,0.145956,-0.943156,0.298587,0.000000,0.000000,0.000000,-1,0.144745,-0.933807,0.296707,-0.008551,-0.118725,0.012331,151.903610,196.796768,-777.396057,0,0
1.920000,2.686405,1.232354,-2.444131,0.954777,0.259026,-0.145966,0.213247,-0.254484,0.943273,0.207187,-0.931742,-0.298212,0.791750,0.149123,0.019331,0.592048,-0.006467,-0.019844,0.003282,-0.001800,0.006856,-0.002344,0.145966,-0.943273,0.298212,0.000000,0.000000,0.000000,-1,0.145599,-0.932266,0.293259,-0.008571,-0.119794,0.007017,151.903610,196.796768,-777.062073,0,0
1.960000,2.684411,1.232884,-2.443077,0.954967,0.258115,-0.146339,0.213193,-0.253876,0.943449,0.206366,-0.932161,-0.297471,0.791567,0.148853,0.018958,0.592372,-0.010733,-0.013491,-0.000955,0.001854,0.010557,-0.007966,0.146339,-0.943449,0.297471,0.000000,0.000000,0.000000,-1,0.149307,-0.931534,0.288864,-0.012836,-0.109199,0.001698,153.655670,195.399811,-777.730103,0,0
2.000000,2.682547,1.233316,-2.441473,0.954978,0.257860,-0.146713,0.213338,-0.253222,0.943592,0.206164,-0.932409,-0.296833,0.791365,0.148856,0.018781,0.592647,-0.013931,-0.005016,-0.004151,0.002091,0.010410,-0.008701,0.146713,-0.943592,0.296833,0.000000,0.000000,0.000000,-1,0.147232,-0.940308,0.285522,-0.016032,-0.102843,-0.001487,153.480469,195.225189,-775.893066,0,0
2.040000,2.680237,1.234111,-2.439162,0.954934,0.257824,-0.147064,0.213438,-0.252156,0.943855,0.206265,-0.932708,-0.295821,0.791030,0.148939,0.018710,0.593076,-0.011825,0.002396,-0.009527,-0.003311,0.001945,-0.009673,0.147064,-0.943855,0.295821,0.000000,0.000000,0.000000,-1,0.139221,-0.940704,0.286392,-0.010731,-0.100729,-0.005809,152.254028,195.399811,-776.060059,0,0
2.080000,2.679495,1.235226,-2.438399,0.954996,0.257735,-0.146814,0.212949,-0.251190,0.944223,0.206481,-0.932993,-0.294770,0.790721,0.148815,0.018865,0.593514,-0.005458,-0.008204,-0.008478,-0.013971,0.002481,-0.011063,0.146814,-0.944223,0.294770,0.000000,0.000000,0.000000,-1,0.133987,-0.942505,0.282104,-0.009654,-0.108142,-0.000469,152.954849,196.447525,-776.728027,0,0
2.120000,2.679601,1.236124,-2.438766,0.955154,0.257383,-0.146405,0.212309,-0.250621,0.944518,0.206411,-0.933243,-0.294026,0.790538,0.148536,0.018976,0.593824,-0.005530,-0.014840,-0.000014,-0.012417,0.002013,-0.011922,0.146405,-0.944518,0.294026,0.000000,0.000000,0.000000,-1,0.134430,-0.940353,0.282913,-0.004316,-0.116613,0.006956,152.429230,194.875946,-777.897095,0,0
2.160000,2.680048,1.237250,-2.440021,0.955491,0.256476,-0.145800,0.211308,-0.250074,0.944887,0.205880,-0.933640,-0.293139,0.790365,0.147964,0.019004,0.594196,-0.007643,-0.026490,0.007515,-0.010958,0.005373,-0.011828,0.145800,-0.944887,0.293139,0.000000,0.000000,0.000000,-1,0.136780,-0.946289,0.279495,-0.006428,-0.122966,0.012327,153.130051,196.272903,-775.893066,0,0
2.200000,2.680408,1.238642,-2.441736,0.955986,0.255019,-0.145109,0.210031,-0.249430,0.945342,0.204885,-0.934211,-0.292014,0.790163,0.147137,0.018913,0.594673,0.006161,-0.029673,0.006321,-0.008024,0.000960,-0.013007,0.145109,-0.945342,0.292014,0.000000,0.000000,0.000000,-1,0.137650,-0.941254,0.274765,0.005263,-0.128267,0.012222,152.254028,195.399811,-776.060059,0,0
2.240000,2.680835,1.239457,-2.443003,0.956297,0.254116,-0.144641,0.209219,-0.249106,0.945608,0.204263,-0.934543,-0.291385,0.790061,0.146614,0.018866,0.594938,0.002987,-0.021185,0.010577,-0.013126,0.003530,-0.014697,0.144641,-0.945608,0.291385,0.000000,0.000000,0.000000,-1,0.139114,-0.943604,0.275391,0.001043,-0.111296,0.017510,151.553207,196.796768,-776.060059,0,0
2.280000,2.681527,1.240756,-2.444032,0.956538,0.253634,-0.143894,0.208174,-0.248380,0.946029,0.204205,-0.934867,-0.290385,0.789826,0.146174,0.019090,0.595351,-0.001242,0.001085,0.014781,-0.002308,-0.000245,-0.014216,0.143894,-0.946029,0.290385,0.000000,0.000000,0.000000,-1,0.137756,-0.951385,0.280411,-0.000001,-0.096450,0.019582,152.604431,195.399811,-775.726074,0,0
2.320000,2.684016,1.241619,-2.446550,0.956747,0.253458,-0.142810,0.207024,-0.248276,0.946309,0.204393,-0.934943,-0.290009,0.789783,0.145762,0.019494,0.595496,0.030622,0.001076,0.009116,-0.008884,-0.014293,-0.010880,0.142810,-0.946309,0.290009,0.000000,0.000000,0.000000,-1,0.134109,-0.968582,0.276703,0.043564,-0.096459,0.012720,151.553207,197.146011,-777.730103,0,0
2.360000,2.686914,1.241239,-2.449548,0.956880,0.253340,-0.142127,0.206509,-0.249172,0.946186,0.204293,-0.934736,-0.290744,0.790063,0.145510,0.019671,0.595181,0.075248,0.001069,0.004375,-0.006141,-0.018383,-0.012699,0.142127,-0.946186,0.290745,0.000000,0.000000,0.000000,-1,0.131012,-0.942444,0.267563,0.091375,-0.098591,0.004756,153.130051,196.272903,-774.891052,0,0
2.400000,2.691329,1.238878,-2.454569,0.957037,0.252919,-0.141814,0.206672,-0.251933,0.945419,0.203387,-0.934110,-0.293380,0.790941,0.145267,0.019462,0.594080,0.121939,-0.016979,-0.012008,-0.013503,0.006469,-0.031372,0.141814,-0.945419,0.293380,0.000000,0.000000,0.000000,-1,0.129288,-0.940292,0.250748,0.118963,-0.121930,-0.005016,152.779648,194.875946,-777.563110,0,0
2.440000,2.692885,1.237908,-2.458170,0.957543,0.251032,-0.141755,0.206342,-0.253386,0.945103,0.201333,-0.934226,-0.294426,0.791416,0.144480,0.018820,0.593660,0.076247,-0.039217,0.008813,-0.004716,-0.000240,-0.050057,0.141755,-0.945103,0.294426,0.000000,0.000000,0.000000,-1,0.137680,-0.950974,0.247772,0.074382,-0.139920,0.017895,151.553207,196.098282,-776.728027,0,0
2.480000,2.692975,1.238258,-2.459903,0.957990,0.249418,-0.141585,0.205694,-0.253486,0.945217,0.199864,-0.934631,-0.294141,0.791457,0.143758,0.018409,0.593793,0.078398,-0.039200,0.021555,-0.003905,-0.005757,-0.046369,0.141585,-0.945217,0.294141,0.000000,0.000000,0.000000,-1,0.136261,-0.957413,0.261429,0.075510,-0.132474,0.033805,153.130051,196.971390,-776.895081,0,0
2.520000,2.697425,1.238338,-2.465871,0.958594,0.247849,-0.140243,0.204130,-0.254650,0.945243,0.198565,-0.934732,-0.294700,0.791825,0.142702,0.018414,0.593558,0.081690,-0.009476,0.049043,-0.001433,-0.010018,-0.030326,0.140243,-0.945243,0.294700,0.000000,0.000000,0.000000,-1,0.134399,-0.945831,0.267792,0.088377,-0.104874,0.056940,151.553207,195.399811,-775.726074,0,0
2.560000,2.708549,1.237072,-2.477929,0.959263,0.246818,-0.137458,0.201782,-0.258035,0.944829,0.197732,-0.934076,-0.297327,0.792879,0.141447,0.019005,0.592432,0.096583,0.001132,0.054153,-0.004935,0.006002,-0.019327,0.137458,-0.944829,0.297327,0.000000,0.000000,0.000000,-1,0.139603,-0.952469,0.287079,0.094760,-0.098513,0.056841,152.254028,195.749054,-774.723999,0,0
2.600000,2.715398,1.235684,-2.485069,0.959555,0.246514,-0.135960,0.200734,-0.260508,0.944373,0.197382,-0.933470,-0.299456,0.793650,0.140883,0.019348,0.591522,0.100841,0.017033,0.054034,0.003643,-0.008095,-0.012377,0.135960,-0.944373,0.299456,0.000000,0.000000,0.000000,-1,0.140671,-0.952606,0.282440,0.125626,-0.068822,0.059558,152.078827,195.574432,-774.891052,0,0
2.640000,2.725870,1.232856,-2.495213,0.959759,0.246851,-0.133895,0.199689,-0.264662,0.943440,0.197453,-0.932212,-0.303305,0.794941,0.140432,0.019988,0.589871,0.150800,0.032930,0.051281,0.005327,-0.002422,-0.023016,0.133895,-0.943440,0.303305,0.000000,0.000000,0.000000,-1,0.131088,-0.933365,0.261917,0.156445,-0.067767,0.056022,152.429230,196.272903,-775.559082,0,0
2.680000,2.738464,1.229707,-2.507563,0.960073,0.247062,-0.131229,0.198164,-0.269500,0.942391,0.197463,-0.930769,-0.307698,0.796441,0.139755,0.020791,0.587978,0.134837,0.023392,0.056816,-0.000293,0.011727,-0.050908,0.131229,-0.942391,0.307698,0.000000,0.000000,0.000000,-1,0.136856,-0.925537,0.259888,0.134124,-0.077304,0.059502,151.553207,194.002853,-774.723999,0,0
2.720000,2.745516,1.228405,-2.514776,0.960362,0.246835,-0.129529,0.196935,-0.271916,0.941954,0.197287,-0.930126,-0.309748,0.797187,0.139168,0.021249,0.587090,0.116707,0.018076,0.050653,0.006274,0.011748,-0.046763,0.129529,-0.941954,0.309748,0.000000,0.000000,0.000000,-1,0.138412,-0.932846,0.261017,0.117097,-0.078370,0.055440,151.728409,193.828232,-774.223022,0,0
2.760000,2.750941,1.227166,-2.520232,0.960545,0.246768,-0.128292,0.196128,-0.273935,0.941538,0.197198,-0.929551,-0.311525,0.797810,0.138785,0.021592,0.586320,0.124102,0.029722,0.044128,0.012669,0.014948,-0.054262,0.128292,-0.941538,0.311526,0.000000,0.000000,0.000000,-1,0.140091,-0.922638,0.254639,0.118112,-0.074150,0.041582,151.027588,195.225189,-774.891052,0,0
2.800000,2.753795,1.226247,-2.523093,0.960620,0.246769,-0.127729,0.195845,-0.275200,0.941228,0.197115,-0.929177,-0.312691,0.798203,0.138628,0.021732,0.585818,0.108057,0.015912,0.030529,0.010989,0.015553,-0.060936,0.127729,-0.941228,0.312691,0.000000,0.000000,0.000000,-1,0.126358,-0.934540,0.265808,0.095748,-0.087944,0.034444,151.027588,194.875946,-773.889038,0,0
2.840000,2.757284,1.226671,-2.526803,0.960878,0.246402,-0.126488,0.194593,-0.275599,0.941371,0.197096,-0.929156,-0.312765,0.798317,0.138101,0.022112,0.585772,0.050684,0.009574,0.050335,-0.005134,0.002330,-0.040884,0.126488,-0.941371,0.312765,0.000000,0.000000,0.000000,-1,0.106598,-0.945175,0.285263,0.038459,-0.097435,0.069157,151.202789,193.304367,-774.056030,0,0
2.880000,2.769061,1.228472,-2.539663,0.961845,0.244798,-0.122178,0.190072,-0.276681,0.941977,0.196790,-0.929259,-0.312653,0.798621,0.136132,0.023356,0.585771,0.031681,-0.042302,0.100789,-0.031983,-0.008691,-0.009263,0.122178,-0.941977,0.312653,0.000000,0.000000,0.000000,-1,0.089966,-0.957809,0.345840,0.022690,-0.157777,0.129172,149.625931,194.526703,-772.887024,0,0
2.920000,2.780858,1.229395,-2.554561,0.963221,0.241330,-0.118175,0.185448,-0.278758,0.942286,0.194460,-0.929545,-0.313259,0.799256,0.133492,0.023861,0.585492,0.017997,-0.056027,0.140360,-0.022517,-0.015401,0.048069,0.118175,-0.942286,0.313259,0.000000,0.000000,0.000000,-1,0.109528,-0.956116,0.389099,0.038679,-0.159880,0.140706,149.801147,194.701324,-774.723999,0,0
2.960000,2.794032,1.229449,-2.571153,0.964653,0.237579,-0.114020,0.180769,-0.281753,0.942305,0.191746,-0.929608,-0.314741,0.800179,0.130705,0.024284,0.584842,0.077423,-0.064551,0.112086,0.003595,-0.016176,0.075610,0.114020,-0.942305,0.314740,0.000000,0.000000,0.000000,-1,0.134979,-0.963089,0.386490,0.097005,-0.158879,0.100701,150.151550,193.653610,-774.723999,0,0
3.000000,2.801885,1.227304,-2.581189,0.965399,0.235396,-0.112218,0.179007,-0.285264,0.941584,0.189634,-0.929093,-0.317531,0.801279,0.129294,0.024154,0.583653,0.119758,-0.041310,0.056202,0.037806,-0.013311,0.065464,0.112218,-0.941584,0.317531,0.000000,0.000000,0.000000,-1,0.171112,-0.884094,0.360016,0.124434,-0.128227,0.037501,148.399490,194.701324,-773.722046,0,0
3.040000,2.807545,1.220749,-2.587719,0.965477,0.234970,-0.112441,0.180383,-0.291670,0.939356,0.187925,-0.927210,-0.323986,0.803295,0.129265,0.023492,0.580909,0.148168,0.024284,-0.035887,0.056795,0.064341,0.027379,0.112441,-0.939356,0.323986,0.000000,0.000000,0.000000,-1,0.154404,-0.873856,0.337540,0.146520,-0.054131,-0.041792,150.326767,192.780502,-774.223022,0,0
3.080000,2.809379,1.215148,-2.586666,0.964548,0.238223,-0.113560,0.183459,-0.295948,0.937421,0.189708,-0.925022,-0.329160,0.804620,0.131019,0.023659,0.578671,0.099209,0.104813,-0.066559,0.035869,0.058591,0.003024,0.113560,-0.937421,0.329160,0.000000,0.000000,0.000000,-1,0.137680,-0.884735,0.329346,0.077358,0.016858,-0.071134,149.275528,195.225189,-774.223022,0,0
3.120000,2.806915,1.211950,-2.580492,0.963343,0.242207,-0.115355,0.186877,-0.297345,0.936303,0.192479,-0.923537,-0.331708,0.805046,0.133248,0.023950,0.577557,0.044890,0.116429,-0.095803,0.018571,0.053063,-0.002683,0.115355,-0.936303,0.331708,0.000000,0.000000,0.000000,-1,0.121643,-0.892212,0.330185,0.035776,0.011510,-0.101499,148.925110,193.828232,-773.221008,0,0
3.160000,2.797343,1.207886,-2.565848,0.961357,0.247870,-0.119808,0.193281,-0.297766,0.934868,0.196051,-0.921898,-0.334168,0.805185,0.136972,0.023673,0.576503,0.035093,0.047243,-0.132683,0.002262,0.031380,-0.003052,0.119808,-0.934868,0.334168,0.000000,0.000000,0.000000,-1,0.127609,-0.932083,0.343155,0.029255,-0.065918,-0.123416,150.151550,194.352081,-773.388000,0,0
3.200000,2.787412,1.205440,-2.554343,0.960279,0.250021,-0.123913,0.197961,-0.297426,0.933996,0.196663,-0.921427,-0.335106,0.805110,0.139106,0.022590,0.576139,-0.003051,0.013376,-0.091690,0.006900,-0.010462,0.014351,0.123913,-0.933996,0.335106,0.000000,0.000000,0.000000,-1,0.141724,-0.955154,0.366974,-0.014155,-0.072206,-0.073978,148.925110,194.177475,-773.221008,0,0
3.240000,2.782398,1.204515,-2.547680,0.959531,0.251893,-0.125895,0.200421,-0.296816,0.933666,0.197817,-0.921113,-0.335289,0.804928,0.140483,0.022338,0.576070,-0.035822,0.072801,-0.055435,0.024205,-0.024403,0.040093,0.125895,-0.933666,0.335289,0.000000,0.000000,0.000000,-1,0.160416,-0.945602,0.384949,-0.037405,-0.004318,-0.050627,149.450729,194.002853,-773.054016,0,0
3.280000,2.776656,1.202597,-2.535722,0.957494,0.258271,-0.128458,0.204976,-0.295870,0.932977,0.202954,-0.919650,-0.336233,0.804611,0.143935,0.023147,0.575628,0.019285,0.117241,-0.114754,0.032385,-0.003211,0.045740,0.128458,-0.932977,0.336233,0.000000,0.000000,0.000000,-1,0.157822,-0.899490,0.364090,0.025048,0.010412,-0.126905,151.728409,193.828232,-774.223022,0,0
3.320000,2.766424,1.198675,-2.520736,0.955381,0.263623,-0.133231,0.211513,-0.295739,0.931558,0.206178,-0.918173,-0.338303,0.804584,0.147634,0.022666,0.574748,0.003164,0.082190,-0.155911,0.022958,0.040872,0.018127,0.133231,-0.931558,0.338303,0.000000,0.000000,0.000000,-1,0.149628,-0.875122,0.344849,-0.017610,-0.022498,-0.155007,151.553207,195.050568,-773.388000,0,0
3.360000,2.751705,1.197081,-2.501713,0.953250,0.268441,-0.138760,0.217987,-0.292853,0.930977,0.209276,-0.917702,-0.337678,0.803707,0.151307,0.021935,0.575048,-0.091462,0.080064,-0.158056,0.016880,0.055001,0.004348,0.138760,-0.930977,0.337678,0.000000,0.000000,0.000000,-1,0.169052,-0.885239,0.352951,-0.146265,-0.032043,-0.155673,150.677170,194.177475,-772.887024,0,0
3.400000,2.731698,1.198744,-2.477816,0.951147,0.272640,-0.144871,0.223968,-0.286341,0.931583,0.212504,-0.918519,-0.333415,0.801702,0.154861,0.021091,0.576930,-0.167012,0.043996,-0.169833,0.028896,0.043125,0.024816,0.144871,-0.931583,0.333415,0.000000,0.000000,0.000000,-1,0.165955,-0.891953,0.375214,-0.168668,-0.060691,-0.170189,151.903610,195.399811,-774.390015,0,0
3.440000,2.708130,1.200622,-2.451597,0.949166,0.275670,-0.151953,0.230284,-0.279021,0.932264,0.214599,-0.919866,-0.328320,0.799454,0.158219,0.019591,0.579186,-0.196860,0.003682,-0.186348,0.010020,0.035002,0.049274,0.151953,-0.932264,0.328320,0.000000,0.000000,0.000000,-1,0.157211,-0.904190,0.369736,-0.215489,-0.102043,-0.172678,151.553207,194.002853,-775.392029,0,0
3.480000,2.684318,1.204097,-2.425959,0.947552,0.277647,-0.158295,0.235234,-0.270579,0.933516,0.216356,-0.921791,-0.321700,0.796842,0.160911,0.018216,0.582081,-0.240307,-0.012165,-0.149633,-0.001862,0.033369,0.021333,0.158295,-0.933516,0.321700,0.000000,0.000000,0.000000,-1,0.188446,-0.884064,0.289093,-0.215403,-0.121087,-0.146000,151.903610,194.352081,-775.392029,0,0
3.520000,2.658152,1.208627,-2.398725,0.946141,0.278735,-0.164691,0.239652,-0.260956,0.935130,0.217677,-0.924234,-0.313701,0.793851,0.163251,0.016686,0.585552,-0.223232,0.005875,-0.137146,0.061628,0.049449,-0.037196,0.164691,-0.935130,0.313701,0.000000,0.000000,0.000000,-1,0.260056,-0.889877,0.277054,-0.297161,-0.083949,-0.125056,151.728409,195.225189,-775.893066,0,0
3.560000,2.625526,1.220085,-2.363317,0.944732,0.280605,-0.169537,0.241201,-0.244662,0.939129,0.222045,-0.928117,-0.298822,0.788704,0.165400,0.016644,0.591872,-0.526209,0.016480,-0.131726,0.086277,0.032375,-0.015375,0.169537,-0.939129,0.298822,0.000000,0.000000,0.000000,-1,0.239273,-0.905090,0.285278,-0.571405,-0.072273,-0.112512,151.377991,194.875946,-776.895081,0,0
3.600000,2.584251,1.238086,-2.318613,0.943658,0.282251,-0.172752,0.239459,-0.222105,0.945161,0.228403,-0.933276,-0.277178,0.781496,0.166895,0.017803,0.600911,-0.571643,0.013412,-0.055688,0.014855,0.027619,-0.006701,0.172752,-0.945161,0.277178,0.000000,0.000000,0.000000,-1,0.166519,-0.920776,0.224625,-0.581539,0.004238,0.004263,153.130051,194.526703,-777.897095,0,0
3.640000,2.549927,1.257193,-2.278390,0.942688,0.285894,-0.172057,0.234429,-0.200519,0.951228,0.237450,-0.937047,-0.256049,0.774477,0.167960,0.021109,0.609533,-0.577716,0.132240,0.001284,0.000337,0.035976,-0.099799,0.172057,-0.951228,0.256049,0.000000,0.000000,0.000000,-1,0.210617,-0.865082,0.130737,-0.601696,0.039231,0.008582,152.954849,195.050568,-779.066101,0,0
3.680000,2.501835,1.279484,-2.224727,0.941887,0.288876,-0.171464,0.227958,-0.174713,0.957868,0.246748,-0.941290,-0.230411,0.765998,0.168680,0.024570,0.619831,-0.763034,-0.075631,-0.042539,0.064803,0.086072,-0.131259,0.171464,-0.957868,0.230411,0.000000,0.000000,0.000000,-1,0.246811,-0.886459,0.099075,-0.724404,-0.220620,-0.055907,151.728409,196.272903,-780.903137,0,0
3.720000,2.436000,1.298177,-2.160991,0.942525,0.284885,-0.174608,0.223706,-0.149847,0.963069,0.248199,-0.946777,-0.204965,0.757848,0.167775,0.024276,0.630023,-0.519563,-0.062908,-0.044216,0.093748,0.021617,-0.128518,0.174608,-0.963069,0.204965,0.000000,0.000000,0.000000,-1,0.292297,-0.910522,0.050491,-0.404052,-0.054078,-0.000621,151.728409,195.923676,-781.571167,0,0
3.760000,2.398958,1.310471,-2.120219,0.941972,0.287042,-0.174058,0.219513,-0.134410,0.966306,0.253975,-0.948441,-0.189620,0.752662,0.168254,0.026545,0.635992,-0.362776,0.147151,0.045651,0.130873,0.130216,-0.142547,0.174058,-0.966306,0.189620,0.000000,0.000000,0.000000,-1,0.317902,-0.813599,0.033905,-0.363259,0.102942,0.071617,152.254028,196.098282,-782.072144,0,0
3.800000,2.378423,1.324029,-2.089194,0.940276,0.295589,-0.168844,0.212177,-0.121033,0.969707,0.266199,-0.947617,-0.176522,0.747969,0.169715,0.032540,0.640843,-0.411281,0.285095,0.124278,0.144114,0.131176,-0.153390,0.168844,-0.969707,0.176522,0.000000,0.000000,0.000000,-1,0.295929,-0.866150,0.020386,-0.416087,0.210122,0.137666,151.377991,196.272903,-784.911194,0,0
3.840000,2.364483,1.338842,-2.061952,0.938026,0.306794,-0.161197,0.202706,-0.108422,0.973219,0.281101,-0.945580,-0.163891,0.743360,0.171350,0.040325,0.645312,-0.325003,0.333915,0.157146,0.107159,0.086607,-0.154446,0.161197,-0.973219,0.163891,0.000000,0.000000,0.000000,-1,0.267944,-0.889999,-0.005875,-0.259552,0.298194,0.185538,151.202789,196.447525,-786.080200,0,0
3.880000,2.373516,1.351055,-2.054481,0.934749,0.321419,-0.151440,0.192972,-0.101369,0.975954,0.298339,-0.941496,-0.156779,0.740422,0.173682,0.049600,0.647418,-0.187562,0.483476,0.203887,0.154468,0.053316,-0.164699,0.151440,-0.975954,0.156779,0.000000,0.000000,0.000000,-1,0.370529,-0.995834,-0.024933,-0.167915,0.420164,0.214825,152.779648,198.368347,-784.911194,0,0
3.920000,2.389415,1.360435,-2.048249,0.928988,0.341507,-0.142668,0.185462,-0.095954,0.977956,0.320289,-0.934968,-0.152476,0.737804,0.178560,0.060186,0.648182,-0.118471,0.637153,0.173691,0.304994,-0.099178,-0.204188,0.142668,-0.977955,0.152476,0.000000,0.000000,0.000000,-1,0.449799,-1.067383,-0.063797,-0.143590,0.574856,0.148972,151.377991,196.622147,-785.245178,0,0
3.960000,2.407154,1.367736,-2.038849,0.920651,0.366246,-0.135152,0.179978,-0.090982,0.979454,0.346425,-0.926059,-0.149679,0.735070,0.185773,0.071855,0.648072,-0.159488,0.633725,0.010346,0.274837,-0.179970,-0.258062,0.135152,-0.979454,0.149679,0.000000,0.000000,0.000000,-1,0.419571,-1.277359,-0.004639,-0.050814,0.393304,-0.022489,151.202789,197.844482,-784.744141,0,0
4.000000,2.415035,1.367110,-2.027153,0.913385,0.384281,-0.134375,0.181580,-0.089141,0.979328,0.364358,-0.918903,-0.151198,0.733778,0.192790,0.078356,0.646731,0.070229,0.320665,-0.189689,0.225458,-0.945645,0.212129,0.134375,-0.979328,0.151198,0.000000,0.000000,0.000000,-1,-0.289307,-1.477158,0.178635,0.138733,0.192259,-0.467241,153.130051,198.019104,-784.911194,0,0
4.040000,2.398270,1.342318,-2.005430,0.907874,0.390218,-0.153278,0.205437,-0.095372,0.974012,0.365459,-0.915769,-0.166752,0.736546,0.202179,0.072019,0.641434,0.530177,-0.403818,-0.432952,-0.366947,-0.126940,0.089001,0.153278,-0.974012,0.166752,0.000000,0.000000,0.000000,-1,-0.141922,-0.965271,0.180328,0.404537,-0.676839,-0.286480,152.078827,198.368347,-783.241150,0,0
4.080000,2.385423,1.331121,-2.008768,0.912138,0.376130,-0.162881,0.214981,-0.100677,0.971415,0.348980,-0.921081,-0.172692,0.739173,0.199923,0.062941,0.640072,0.104861,-0.454293,-0.151470,-0.062661,0.145594,0.030448,0.162881,-0.971415,0.172692,0.000000,0.000000,0.000000,-1,0.304443,-0.776154,0.311111,-0.077290,-0.458168,-0.103452,151.903610,199.590683,-784.410156,0,0
4.120000,2.345198,1.328910,-1.979209,0.914671,0.366138,-0.171229,0.219833,-0.095132,0.970888,0.339190,-0.925685,-0.167504,0.737785,0.198558,0.056914,0.642658,0.030214,-0.189414,-0.265661,0.230032,0.138643,0.142021,0.171228,-0.970888,0.167504,0.000000,0.000000,0.000000,-1,0.084061,-1.074860,0.401642,0.169885,-0.241106,-0.293307,151.903610,198.542969,-784.744141,0,0
4.160000,2.336500,1.313988,-1.978161,0.914774,0.360085,-0.183104,0.233210,-0.100631,0.967205,0.329851,-0.927476,-0.176030,0.740175,0.200390,0.049565,0.639944,0.363934,-0.155258,-0.011056,-0.329970,-0.224155,0.165706,0.183104,-0.967205,0.176030,0.000000,0.000000,0.000000,-1,-0.194244,-1.111633,0.250107,0.437411,-0.254187,0.170776,150.852371,200.289169,-782.740112,0,0
4.200000,2.416219,1.302393,-2.070425,0.919957,0.350324,-0.175933,0.232775,-0.127054,0.964196,0.315428,-0.927971,-0.198431,0.749240,0.194564,0.046546,0.631362,0.797722,-0.385877,0.322403,-0.299758,0.086235,-0.068014,0.175933,-0.964196,0.198431,0.000000,0.000000,0.000000,-1,0.004410,-0.855942,0.141983,0.460955,-0.786188,0.320774,148.224289,199.765305,-783.909180,0,0
4.240000,2.463037,1.299512,-2.157855,0.934680,0.313182,-0.168196,0.223104,-0.148432,0.963428,0.276763,-0.938022,-0.208608,0.756921,0.177127,0.035858,0.628021,0.011629,-0.902217,0.320633,-0.078016,0.177905,-0.082342,0.168196,-0.963428,0.208608,0.000000,0.000000,0.000000,-1,0.112030,-0.773224,0.133377,-0.003814,-0.965380,0.315005,149.100311,199.590683,-783.408142,0,0
4.280000,2.468161,1.303290,-2.188729,0.943132,0.288661,-0.164853,0.215447,-0.153138,0.964433,0.253149,-0.945105,-0.206621,0.758764,0.166095,0.029092,0.629161,0.209334,-0.755968,0.278436,-0.039243,0.160127,-0.047060,0.164853,-0.964433,0.206621,0.000000,0.000000,0.000000,-1,0.119629,-0.833542,0.159912,0.300302,-0.860427,0.305860,145.420990,199.416077,-783.909180,0,0
