0.000000,-1.678219,1.392229,1.486227,0.965873,-0.189479,0.176596,-0.176985,0.015003,0.984099,-0.189116,-0.981770,-0.019044,0.701768,-0.130550,-0.004460,0.700327,0.004228,0.020812,-0.001212,0.002935,0.014464,-0.005570,-0.176596,-0.984099,0.019044,0.000000,0.000000,0.000000,-1,-0.173538,-0.970596,0.016296,0.005257,-0.082694,0.001379,132.630951,171.302246,-747.001648,0,0
0.040000,-1.677336,1.392559,1.486320,0.966116,-0.188527,0.176290,-0.176663,0.014959,0.984158,-0.188177,-0.981954,-0.018853,0.701785,-0.130093,-0.004235,0.700397,0.005272,0.019745,-0.005475,0.005544,0.012799,0.000098,-0.176290,-0.984158,0.018853,0.000000,0.000000,0.000000,-1,-0.170761,-0.971970,0.015289,0.006308,-0.082699,-0.001824,132.981369,170.603760,-747.335632,0,0
0.080000,-1.676249,1.393177,1.485893,0.966348,-0.187882,0.175705,-0.176050,0.014983,0.984267,-0.187558,-0.982077,-0.018598,0.701777,-0.129647,-0.004222,0.700488,0.000995,0.013378,-0.009657,0.007416,0.013183,-0.005780,-0.175705,-0.984267,0.018598,0.000000,0.000000,0.000000,-1,-0.169052,-0.972580,0.013229,-0.000081,-0.092243,-0.002774,130.878891,171.302246,-747.669678,0,0
0.120000,-1.673964,1.393705,1.483789,0.966473,-0.187679,0.175231,-0.175501,0.015309,0.984360,-0.187426,-0.982111,-0.018142,0.701660,-0.129400,-0.004345,0.700650,-0.006522,0.001714,-0.007390,0.008208,0.012269,-0.007202,-0.175231,-0.984360,0.018142,0.000000,0.000000,0.000000,-1,-0.166779,-0.968796,0.018555,-0.005405,-0.097545,-0.003755,133.506989,170.079910,-747.836670,0,0
0.160000,-1.673293,1.394567,1.483103,0.966621,-0.187696,0.174399,-0.174645,0.015355,0.984512,-0.187466,-0.982107,-0.017938,0.701642,-0.129105,-0.004656,0.700721,-0.001221,-0.002533,-0.010625,0.005759,0.015487,0.001792,-0.174399,-0.984512,0.017938,0.000000,0.000000,0.000000,-1,-0.171280,-0.969955,0.020935,0.002021,-0.102851,-0.007004,132.455750,170.429138,-747.836670,0,0
0.200000,-1.674390,1.394829,1.484069,0.966642,-0.187844,0.174122,-0.174402,0.015163,0.984558,-0.187583,-0.982082,-0.018103,0.701709,-0.129059,-0.004796,0.700661,-0.001229,-0.004657,-0.012742,-0.001080,0.015197,0.003611,-0.174122,-0.984558,0.018103,0.000000,0.000000,0.000000,-1,-0.177185,-0.968643,0.014038,0.002020,-0.103911,-0.006999,132.455750,170.778381,-748.838684,0,0
0.240000,-1.674098,1.395042,1.483586,0.966643,-0.188027,0.173919,-0.174186,0.015230,0.984595,-0.187779,-0.982046,-0.018030,0.701684,-0.129051,-0.004938,0.700686,0.000914,-0.011009,-0.006351,0.000502,0.013205,-0.002680,-0.173919,-0.984595,0.018030,0.000000,0.000000,0.000000,-1,-0.163177,-0.969803,0.019531,0.002026,-0.117687,-0.002682,132.280548,170.254517,-746.333618,0,0
0.280000,-1.675607,1.395670,1.484366,0.966614,-0.188764,0.173276,-0.173582,0.015040,0.984705,-0.188483,-0.981907,-0.018228,0.701748,-0.129087,-0.005417,0.700612,-0.001306,-0.022656,-0.008394,0.005613,0.016870,0.002463,-0.173276,-0.984705,0.018228,0.000000,0.000000,0.000000,-1,-0.171707,-0.971786,0.020493,0.000943,-0.127234,-0.005818,132.981369,172.349960,-748.003662,0,0
0.320000,-1.678100,1.396089,1.485605,0.966450,-0.190021,0.172820,-0.173190,0.014790,0.984777,-0.189684,-0.981669,-0.018616,0.701833,-0.129379,-0.006007,0.700468,0.000807,-0.032202,-0.010502,0.001571,0.011206,0.000397,-0.172820,-0.984777,0.018616,0.000000,0.000000,0.000000,-1,-0.172226,-0.974258,0.022675,0.004132,-0.128294,-0.005849,132.630951,172.000717,-746.667603,0,0
0.360000,-1.679839,1.396299,1.486469,0.966320,-0.190895,0.172582,-0.172996,0.014623,0.984814,-0.190520,-0.981502,-0.018894,0.701889,-0.129612,-0.006389,0.700366,-0.001307,-0.027959,-0.008370,-0.000422,0.014355,0.000714,-0.172582,-0.984814,0.018894,0.000000,0.000000,0.000000,-1,-0.167877,-0.969940,0.022812,-0.001167,-0.132527,-0.000453,132.455750,170.079910,-747.168640,0,0
0.400000,-1.681356,1.396629,1.486393,0.966072,-0.192463,0.172230,-0.172671,0.014609,0.984871,-0.192067,-0.981196,-0.019120,0.701887,-0.130054,-0.007066,0.700279,-0.002372,-0.032201,-0.008339,0.001621,0.013909,-0.001953,-0.172230,-0.984871,0.019120,0.000000,0.000000,0.000000,-1,-0.170975,-0.970795,0.019989,-0.002249,-0.131475,-0.005764,133.156570,171.826111,-747.502625,0,0
0.440000,-1.682446,1.396844,1.486481,0.965916,-0.193450,0.171998,-0.172461,0.014576,0.984909,-0.193038,-0.981002,-0.019284,0.701895,-0.130330,-0.007494,0.700216,-0.001364,-0.018377,-0.007333,-0.002852,0.011001,0.000492,-0.171998,-0.984908,0.019284,0.000000,0.000000,0.000000,-1,-0.173172,-0.970810,0.016647,-0.000096,-0.116626,-0.001600,132.280548,170.603760,-747.001648,0,0
0.480000,-1.682909,1.396716,1.486275,0.965764,-0.194102,0.172115,-0.172584,0.014622,0.984886,-0.193685,-0.980872,-0.019378,0.701876,-0.130609,-0.007683,0.700180,-0.000288,-0.017313,-0.004155,-0.000035,0.015602,-0.000625,-0.172115,-0.984886,0.019378,0.000000,0.000000,0.000000,-1,-0.168610,-0.966965,0.015854,-0.002213,-0.110263,-0.000542,133.506989,171.826111,-747.836670,0,0
0.520000,-1.681557,1.397003,1.484547,0.965740,-0.194448,0.171860,-0.172277,0.014896,0.984936,-0.194079,-0.980800,-0.019114,0.701776,-0.130642,-0.007915,0.700272,-0.006679,-0.004599,-0.009461,0.001831,0.016720,0.002279,-0.171860,-0.984936,0.019114,0.000000,0.000000,0.000000,-1,-0.175156,-0.970703,0.018112,-0.005417,-0.102849,-0.005858,132.280548,173.048447,-747.335632,0,0
0.560000,-1.679634,1.397286,1.482560,0.965775,-0.194485,0.171620,-0.171970,0.015213,0.984985,-0.194176,-0.980787,-0.018753,0.701661,-0.130567,-0.008037,0.700399,-0.004555,-0.000360,-0.010565,0.002079,0.015334,-0.003387,-0.171620,-0.984985,0.018753,0.000000,0.000000,0.000000,-1,-0.166245,-0.970947,0.016769,-0.002231,-0.101791,-0.006962,131.754929,172.175339,-747.168640,0,0
0.600000,-1.677124,1.397939,1.480004,0.965877,-0.194502,0.171026,-0.171289,0.015595,0.985097,-0.194270,-0.980778,-0.018254,0.701523,-0.130356,-0.008283,0.700574,-0.007813,-0.001384,-0.009445,0.007055,0.012350,-0.007817,-0.171026,-0.985097,0.018254,0.000000,0.000000,0.000000,-1,-0.162857,-0.970169,0.021011,-0.008603,-0.103908,-0.004755,132.981369,169.556046,-747.669678,0,0
0.640000,-1.675282,1.398825,1.478016,0.965999,-0.194631,0.170191,-0.170389,0.015854,0.985249,-0.194458,-0.980748,-0.017848,0.701426,-0.130099,-0.008649,0.700715,-0.005699,-0.006689,-0.011576,0.009303,0.015004,-0.000559,-0.170191,-0.985249,0.017848,0.000000,0.000000,0.000000,-1,-0.167099,-0.971573,0.017609,-0.003304,-0.109214,-0.007980,132.105331,172.175339,-746.166626,0,0
0.680000,-1.675187,1.399409,1.477506,0.966017,-0.195039,0.169621,-0.169808,0.015888,0.985349,-0.194876,-0.980667,-0.017772,0.701409,-0.130041,-0.009001,0.700738,-0.001446,-0.010929,-0.010541,0.000996,0.014463,0.000158,-0.169621,-0.985349,0.017771,0.000000,0.000000,0.000000,-1,-0.172287,-0.968903,0.010376,-0.000102,-0.109209,-0.004825,133.156570,169.381424,-746.834656,0,0
0.720000,-1.673225,1.399399,1.475332,0.965974,-0.195214,0.169665,-0.169783,0.016258,0.985347,-0.195112,-0.980626,-0.017440,0.701277,-0.130119,-0.009072,0.700855,-0.000363,-0.002441,-0.006333,-0.002362,0.017696,-0.002104,-0.169665,-0.985347,0.017440,0.000000,0.000000,0.000000,-1,-0.169144,-0.969284,0.018402,0.000992,-0.099658,0.001503,133.331772,172.000717,-747.335632,0,0
0.760000,-1.672699,1.399282,1.474871,0.965967,-0.195142,0.169789,-0.169890,0.016347,0.985327,-0.195054,-0.980639,-0.017362,0.701246,-0.130137,-0.009007,0.700884,-0.005729,0.000810,-0.002009,0.000432,0.014868,0.003314,-0.169789,-0.985327,0.017362,0.000000,0.000000,0.000000,-1,-0.164703,-0.969910,0.022369,-0.005385,-0.102837,0.002651,132.981369,170.254517,-747.335632,0,0
0.800000,-1.671704,1.399568,1.473836,0.966007,-0.195171,0.169526,-0.169593,0.016496,0.985376,-0.195113,-0.980631,-0.017165,0.701191,-0.130051,-0.009123,0.700953,-0.019562,0.008222,-0.007209,0.002961,0.016306,0.006135,-0.169526,-0.985376,0.017165,0.000000,0.000000,0.000000,-1,-0.171539,-0.971970,0.027313,-0.025602,-0.078466,-0.006810,131.404510,172.524582,-747.168640,0,0
0.840000,-1.668354,1.399786,1.471198,0.966182,-0.194438,0.169369,-0.169335,0.016921,0.985413,-0.194468,-0.980769,-0.016576,0.701041,-0.129726,-0.008951,0.701165,-0.034443,0.032597,-0.012472,-0.001484,0.011018,0.008372,-0.169369,-0.985413,0.016576,0.000000,0.000000,0.000000,-1,-0.179031,-0.973770,0.033493,-0.038363,-0.061509,-0.011000,133.857391,171.826111,-747.168640,0,0
0.880000,-1.662318,1.399853,1.466947,0.966540,-0.192626,0.169400,-0.169195,0.017634,0.985425,-0.192806,-0.981114,-0.015547,0.700795,-0.129075,-0.008350,0.701539,-0.033379,0.052728,-0.018950,-0.009601,0.016095,0.021471,-0.169400,-0.985425,0.015547,0.000000,0.000000,0.000000,-1,-0.191925,-0.980164,0.039719,-0.029863,-0.041374,-0.016504,132.981369,172.699203,-747.669678,0,0
0.920000,-1.660380,1.399464,1.467787,0.967006,-0.189904,0.169812,-0.169591,0.017531,0.985358,-0.190101,-0.981646,-0.015253,0.700844,-0.128237,-0.007237,0.701656,-0.047245,0.102623,-0.028556,-0.023548,0.001380,0.028189,-0.169812,-0.985358,0.015253,0.000000,0.000000,0.000000,-1,-0.195099,-0.975739,0.053345,-0.053223,0.023291,-0.021857,132.806152,170.778381,-748.504639,0,0
0.960000,-1.655309,1.398791,1.467997,0.967882,-0.184710,0.170548,-0.170255,0.017564,0.985243,-0.184980,-0.982636,-0.014448,0.700851,-0.126619,-0.005148,0.701961,-0.069501,0.171528,-0.029670,-0.027084,0.023375,0.043978,-0.170548,-0.985243,0.014448,0.000000,0.000000,0.000000,-1,-0.205902,-0.951218,0.045425,-0.047784,0.086934,-0.001993,133.506989,171.127625,-749.172668,0,0
1.000000,-1.650246,1.396264,1.470015,0.968735,-0.177733,0.173100,-0.172766,0.017471,0.984808,-0.178057,-0.983924,-0.013782,0.700900,-0.125018,-0.001768,0.702215,-0.018237,0.189626,0.022892,-0.029033,0.032919,0.031628,-0.173100,-0.984808,0.013782,0.000000,0.000000,0.000000,-1,-0.194870,-0.959732,0.033066,-0.006159,0.095478,0.038995,132.630951,172.349960,-748.003662,0,0
1.040000,-1.648250,1.392371,1.475879,0.969424,-0.170018,0.176948,-0.176681,0.016821,0.984124,-0.170296,-0.985297,-0.013733,0.701131,-0.123622,0.002372,0.702231,0.013867,0.204541,0.072481,-0.015542,0.022073,0.012772,-0.176948,-0.984124,0.013733,0.000000,0.000000,0.000000,-1,-0.186249,-0.964401,0.015030,0.020613,0.102974,0.088660,131.404510,171.826111,-748.838684,0,0
1.080000,-1.644099,1.387987,1.479588,0.969949,-0.162256,0.181304,-0.181037,0.016558,0.983337,-0.162555,-0.986610,-0.013314,0.701196,-0.122396,0.006685,0.702352,0.025618,0.183469,0.107588,0.005294,0.012451,-0.006188,-0.181304,-0.983337,0.013314,0.000000,0.000000,0.000000,-1,-0.151840,-0.974731,-0.003235,0.025998,0.062726,0.115376,132.105331,170.778381,-749.172668,0,0
1.120000,-1.637465,1.383548,1.480957,0.970407,-0.154305,0.185742,-0.185405,0.016702,0.982520,-0.154710,-0.987882,-0.012402,0.701090,-0.121136,0.011066,0.702621,0.007441,0.145273,0.088807,0.038022,0.008506,-0.015957,-0.185742,-0.982520,0.012402,0.000000,0.000000,0.000000,-1,-0.149704,-0.970688,-0.008469,-0.001785,0.039352,0.082812,131.754929,170.778381,-747.836670,0,0
1.160000,-1.631013,1.381394,1.478452,0.970610,-0.150324,0.187931,-0.187470,0.017361,0.982117,-0.150898,-0.988484,-0.011330,0.700817,-0.120500,0.013211,0.702965,-0.024572,0.120848,0.062677,0.035008,0.010666,-0.022271,-0.187931,-0.982117,0.011330,0.000000,0.000000,0.000000,-1,-0.158249,-0.972809,-0.006195,-0.033782,0.008574,0.062029,132.981369,171.651489,-747.335632,0,0
1.200000,-1.616350,1.379940,1.467485,0.970898,-0.146444,0.189503,-0.188688,0.019563,0.981842,-0.147493,-0.989025,-0.008639,0.699995,-0.119691,0.015004,0.703886,-0.050173,0.079479,0.049313,0.028355,0.006363,-0.010836,-0.189503,-0.981842,0.008638,0.000000,0.000000,0.000000,-1,-0.162186,-0.973358,0.003983,-0.057232,-0.029606,0.053950,130.528488,173.048447,-748.003662,0,0
1.240000,-1.598229,1.380117,1.447503,0.971454,-0.142784,0.189449,-0.188057,0.023304,0.981882,-0.144612,-0.989479,-0.004212,0.698635,-0.118388,0.016044,0.705433,-0.088585,0.074280,0.028513,0.018474,0.007181,0.000808,-0.189449,-0.981882,0.004212,0.000000,0.000000,0.000000,-1,-0.180908,-0.970383,0.006699,-0.099861,-0.024348,0.025676,131.054092,171.476868,-749.172668,0,0
1.280000,-1.574109,1.379921,1.430743,0.971757,-0.140339,0.189717,-0.187861,0.026484,0.981839,-0.142815,-0.989749,-0.000628,0.697478,-0.117638,0.016811,0.706685,-0.135397,0.095462,0.015103,0.003529,0.015057,0.010327,-0.189717,-0.981839,0.000628,0.000000,0.000000,0.000000,-1,-0.190689,-0.952988,-0.001404,-0.141329,0.005327,0.018553,132.105331,171.476868,-748.504639,0,0
1.320000,-1.542085,1.378421,1.402593,0.972107,-0.135953,0.191112,-0.188492,0.032007,0.981553,-0.139562,-0.990198,0.005489,0.695452,-0.116631,0.018531,0.708802,-0.099101,0.106122,0.052952,0.002803,0.028642,-0.012715,-0.191112,-0.981553,-0.005489,0.000000,0.000000,0.000000,-1,-0.145569,-0.969971,-0.021896,-0.050713,-0.018951,0.088933,131.054092,171.826111,-748.170654,0,0
1.360000,-1.517080,1.377693,1.381042,0.972534,-0.132118,0.191629,-0.188461,0.036197,0.981413,-0.136599,-0.990573,0.010303,0.693908,-0.115498,0.019826,0.710464,-0.069322,0.045718,0.070952,0.058404,-0.008058,-0.009518,-0.191629,-0.981413,-0.010303,0.000000,0.000000,0.000000,-1,-0.138092,-0.988403,-0.023026,-0.101890,-0.048686,0.056656,132.105331,172.873825,-749.840698,0,0
1.400000,-1.496289,1.376466,1.361742,0.972600,-0.130246,0.192573,-0.188905,0.040077,0.981177,-0.135512,-0.990671,0.014375,0.692486,-0.115219,0.020600,0.711873,-0.163150,0.073298,0.003840,0.045967,-0.002740,-0.011596,-0.192573,-0.981177,-0.014375,0.000000,0.000000,0.000000,-1,-0.180466,-0.974152,-0.027802,-0.178673,-0.029703,-0.009597,130.528488,171.651489,-749.339661,0,0
1.440000,-1.452740,1.377370,1.320779,0.973363,-0.126996,0.190884,-0.186246,0.047560,0.981351,-0.133706,-0.990762,0.022640,0.689776,-0.113530,0.020723,0.714766,-0.190970,0.114562,-0.051356,-0.003558,0.015150,0.009426,-0.190884,-0.981351,-0.022640,0.000000,0.000000,0.000000,-1,-0.218460,-0.971008,-0.011475,-0.170289,0.090015,-0.066607,130.178070,171.651489,-750.341675,0,0
1.480000,-1.402974,1.378885,1.280361,0.975150,-0.117123,0.188055,-0.182747,0.054621,0.981642,-0.125244,-0.991614,0.031860,0.687144,-0.109100,0.022852,0.717919,-0.137789,0.261892,-0.077066,-0.034097,0.013929,0.017974,-0.188055,-0.981642,-0.031860,0.000000,0.000000,0.000000,-1,-0.214203,-0.959549,-0.010010,-0.138343,0.185426,-0.072709,131.229309,172.349960,-749.339661,0,0
1.520000,-1.369255,1.380401,1.255410,0.976695,-0.108108,0.185416,-0.179913,0.058701,0.981929,-0.117038,-0.992405,0.037883,0.685586,-0.105027,0.024934,0.719944,-0.160063,0.347763,-0.080399,-0.026742,0.024852,0.028225,-0.185416,-0.981930,-0.037883,0.000000,0.000000,0.000000,-1,-0.208420,-0.960831,-0.004211,-0.174431,0.278719,-0.075923,129.827652,172.349960,-751.343689,0,0
1.560000,-1.313488,1.381312,1.215403,0.978966,-0.091905,0.182151,-0.176582,0.065539,0.982102,-0.102198,-0.993609,0.047932,0.682916,-0.098287,0.029269,0.723263,-0.212095,0.464489,-0.083480,-0.021584,0.026260,0.045460,-0.182151,-0.982102,-0.047932,0.000000,0.000000,0.000000,-1,-0.198746,-0.944901,-0.012466,-0.210544,0.414398,-0.094221,130.878891,172.000717,-752.345703,0,0
1.600000,-1.238800,1.382650,1.165808,0.982003,-0.066353,0.176825,-0.171908,0.073694,0.982353,-0.078213,-0.995071,0.060962,0.679586,-0.087650,0.036276,0.727437,-0.194070,0.571551,-0.120299,-0.015695,0.050331,0.044711,-0.176825,-0.982353,-0.060962,0.000000,0.000000,0.000000,-1,-0.180939,-0.925964,-0.026001,-0.176601,0.475840,-0.127847,132.280548,170.953003,-752.011719,0,0
1.640000,-1.193183,1.384719,1.136907,0.983858,-0.049501,0.171971,-0.167862,0.077777,0.982738,-0.062021,-0.995741,0.068212,0.677840,-0.080167,0.040552,0.729700,-0.149479,0.586362,-0.141066,0.001332,0.057414,0.034185,-0.171971,-0.982738,-0.068212,0.000000,0.000000,0.000000,-1,-0.143646,-0.927628,-0.056778,-0.139411,0.491730,-0.136839,132.981369,172.000717,-752.011719,0,0
1.680000,-1.134435,1.388395,1.100993,0.986035,-0.026630,0.164394,-0.161739,0.082118,0.983411,-0.039687,-0.996267,0.076664,0.675880,-0.069675,0.046128,0.732260,-0.070849,0.572566,-0.150381,0.025036,0.045377,0.012836,-0.164394,-0.983411,-0.076664,0.000000,0.000000,0.000000,-1,-0.125259,-0.975891,-0.090286,-0.022439,0.448286,-0.121976,132.455750,172.175339,-754.182739,0,0
1.720000,-1.078617,1.393930,1.072357,0.987905,0.000312,0.155061,-0.154538,0.084112,0.984400,-0.012735,-0.996456,0.083143,0.674657,-0.057150,0.052740,0.734023,-0.053787,0.550330,-0.131328,0.041322,-0.001028,-0.014926,-0.155061,-0.984400,-0.083143,0.000000,0.000000,0.000000,-1,-0.122650,-0.966797,-0.100281,-0.077803,0.441894,-0.141548,132.630951,171.651489,-753.347717,0,0
1.760000,-1.034386,1.396872,1.043751,0.988748,0.015887,0.148744,-0.149565,0.087040,0.984913,0.002701,-0.996078,0.088437,0.673289,-0.049636,0.056233,0.735565,-0.092301,0.518437,-0.188201,0.013551,0.030903,-0.016650,-0.148744,-0.984913,-0.088437,0.000000,0.000000,0.000000,-1,-0.158768,-0.941696,-0.131180,-0.076956,0.403652,-0.191379,134.558212,172.524582,-753.514709,0,0
1.800000,-0.974646,1.401124,1.003330,0.989568,0.035067,0.139732,-0.142393,0.090761,0.985640,0.021881,-0.995255,0.094808,0.671565,-0.039954,0.060163,0.737417,-0.017814,0.485614,-0.161214,-0.005685,0.029463,-0.074168,-0.139732,-0.985640,-0.094808,0.000000,0.000000,0.000000,-1,-0.100540,-0.972626,-0.203094,-0.012841,0.393184,-0.102686,135.784668,171.651489,-752.679688,0,0
1.840000,-0.919916,1.403365,0.967748,0.989694,0.054123,0.132579,-0.137255,0.094517,0.986016,0.040835,-0.994051,0.100971,0.669740,-0.031031,0.064732,0.739118,-0.035557,0.441244,-0.058708,0.051905,0.005547,-0.108517,-0.132579,-0.986016,-0.100971,0.000000,0.000000,0.000000,-1,-0.042068,-1.016235,-0.193314,-0.045628,0.310581,-0.040256,134.558212,170.778381,-753.180725,0,0
1.880000,-0.889716,1.403098,0.952199,0.989170,0.068762,0.129674,-0.135983,0.096792,0.985972,0.055246,-0.992927,0.105094,0.668447,-0.025141,0.069160,0.740111,-0.062144,0.319353,-0.035526,0.085423,-0.034429,-0.076943,-0.129674,-0.985972,-0.105094,0.000000,0.000000,0.000000,-1,-0.060394,-1.023590,-0.175003,-0.058490,0.193952,-0.043843,136.135071,168.857559,-753.347717,0,0
1.920000,-0.849285,1.402091,0.922217,0.988847,0.079306,0.126066,-0.133812,0.101425,0.985803,0.065394,-0.991677,0.110906,0.666430,-0.020447,0.071823,0.741818,-0.082264,0.226123,0.008721,0.048978,-0.018882,-0.068141,-0.126066,-0.985803,-0.110905,0.000000,0.000000,0.000000,-1,-0.066666,-0.986801,-0.153473,-0.084801,0.135765,0.039680,134.733429,171.302246,-754.683716,0,0
1.960000,-0.820859,1.399719,0.903019,0.988239,0.088682,0.124573,-0.133676,0.105422,0.985402,0.074255,-0.990465,0.116037,0.664601,-0.016925,0.074792,0.743253,-0.042862,0.218736,0.029584,0.058747,-0.000774,-0.033041,-0.124573,-0.985402,-0.116037,0.000000,0.000000,0.000000,-1,-0.075241,-0.971558,-0.137894,-0.009384,0.100763,0.028369,135.959869,172.175339,-754.516724,0,0
2.000000,-0.809971,1.400024,0.900059,0.987692,0.096515,0.123085,-0.133128,0.105631,0.985454,0.082109,-0.989711,0.117179,0.664244,-0.013780,0.077228,0.743388,0.021880,0.185838,0.007736,0.045021,0.014400,-0.013375,-0.123085,-0.985454,-0.117179,0.000000,0.000000,0.000000,-1,-0.074722,-0.966553,-0.126587,0.021355,0.084828,0.006828,134.558212,172.524582,-754.850769,0,0
2.040000,-0.798919,1.401022,0.896309,0.987215,0.103671,0.121077,-0.131963,0.105515,0.985623,0.089405,-0.988999,0.117847,0.664051,-0.010651,0.079242,0.743400,-0.013241,0.165687,0.002887,0.043608,0.019528,-0.000439,-0.121077,-0.985623,-0.117847,0.000000,0.000000,0.000000,-1,-0.089005,-0.970978,-0.090057,-0.036089,0.018041,0.012017,135.259048,171.826111,-754.850769,0,0
2.080000,-0.789833,1.400990,0.891762,0.986861,0.108168,0.120024,-0.131506,0.106134,0.985618,0.093873,-0.988451,0.118964,0.663657,-0.008791,0.080575,0.743633,-0.043045,0.078758,0.009984,0.029509,0.027076,0.031958,-0.120024,-0.985618,-0.118964,0.000000,0.000000,0.000000,-1,-0.088760,-0.957901,-0.121384,-0.035039,-0.041318,0.020783,135.434250,170.603760,-754.683716,0,0
2.120000,-0.785637,1.400523,0.889781,0.986635,0.110395,0.119849,-0.131653,0.106684,0.985538,0.096013,-0.988145,0.119792,0.663355,-0.008011,0.081352,0.743826,0.021866,0.054406,0.030647,0.032966,0.023991,0.000300,-0.119849,-0.985538,-0.119792,0.000000,0.000000,0.000000,-1,-0.100601,-0.974243,-0.125259,0.031980,-0.029643,0.028502,135.259048,171.826111,-754.182739,0,0
2.160000,-0.781215,1.400511,0.889312,0.986254,0.114302,0.119327,-0.131612,0.106753,0.985536,0.099911,-0.987694,0.120329,0.663169,-0.006525,0.082648,0.743864,0.024925,0.126430,-0.016517,-0.007764,-0.000807,-0.021288,-0.119327,-0.985536,-0.120329,0.000000,0.000000,0.000000,-1,-0.137039,-0.963394,-0.136673,0.031783,0.080507,-0.046454,136.835892,171.651489,-754.349731,0,0
2.200000,-0.770853,1.403396,0.888940,0.985474,0.123951,0.116092,-0.129364,0.105010,0.986021,0.110028,-0.986716,0.119519,0.663503,-0.002039,0.085199,0.743304,0.089734,0.253599,-0.053968,-0.015378,0.028883,-0.004138,-0.116092,-0.986021,-0.119519,0.000000,0.000000,0.000000,-1,-0.137665,-0.964691,-0.113571,0.098885,0.161108,-0.030537,134.032608,170.603760,-756.019775,0,0
2.240000,-0.778053,1.405286,0.903949,0.984549,0.131497,0.115641,-0.129461,0.101903,0.986334,0.117916,-0.986065,0.117352,0.664322,0.000766,0.087893,0.742261,0.093191,0.250524,0.017283,-0.028082,0.020621,0.008893,-0.115641,-0.986334,-0.117352,0.000000,0.000000,0.000000,-1,-0.134537,-0.973129,-0.114441,0.092768,0.137895,0.044095,135.434250,172.000717,-753.681763,0,0
2.280000,-0.792490,1.406013,0.927813,0.983138,0.140695,0.116812,-0.131282,0.098355,0.986454,0.127300,-0.985155,0.115167,0.665134,0.003538,0.091753,0.741057,0.102922,0.216674,0.068388,-0.001794,0.001285,-0.018210,-0.116812,-0.986454,-0.115167,0.000000,0.000000,0.000000,-1,-0.110779,-0.984619,-0.135818,0.107676,0.122007,0.053576,135.434250,171.302246,-754.349731,0,0
2.320000,-0.800527,1.406981,0.947910,0.981355,0.152456,0.117049,-0.132456,0.095140,0.986612,0.139279,-0.983720,0.113560,0.665705,0.007511,0.096262,0.739942,0.128311,0.233592,0.036119,0.006194,0.013254,-0.025463,-0.117049,-0.986612,-0.113560,0.000000,0.000000,0.000000,-1,-0.097458,-0.966248,-0.138641,0.127864,0.123062,0.050157,135.434250,170.953003,-753.013733,0,0
2.360000,-0.799696,1.407670,0.954052,0.980344,0.159250,0.116467,-0.132483,0.093931,0.986724,0.146196,-0.982760,0.113183,0.665813,0.010050,0.098625,0.739503,0.094345,0.201828,0.062159,0.030743,0.014785,-0.025565,-0.116467,-0.986724,-0.113183,0.000000,0.000000,0.000000,-1,-0.062607,-0.984619,-0.131424,0.062990,0.055220,0.058625,135.434250,171.302246,-754.015747,0,0
2.400000,-0.805642,1.408290,0.966164,0.979326,0.165236,0.116697,-0.133108,0.091972,0.986825,0.152326,-0.981956,0.112065,0.666200,0.012056,0.100954,0.738810,0.043111,0.092582,0.032362,0.052717,-0.002723,-0.013835,-0.116697,-0.986825,-0.112065,0.000000,0.000000,0.000000,-1,-0.082123,-0.976151,-0.101929,0.026623,-0.051916,0.022279,134.908630,171.127625,-753.514709,0,0
2.440000,-0.804903,1.409124,0.967608,0.979052,0.167320,0.116020,-0.132563,0.091313,0.986959,0.154544,-0.981665,0.111580,0.666363,0.013040,0.101508,0.738570,0.006863,0.030010,0.019208,0.027825,0.020224,0.015816,-0.116020,-0.986960,-0.111580,0.000000,0.000000,0.000000,-1,-0.100235,-0.959549,-0.101028,0.004296,-0.080534,0.027973,135.083832,171.302246,-753.013733,0,0
2.480000,-0.810226,1.409047,0.973172,0.978937,0.167547,0.116668,-0.133132,0.090617,0.986947,0.154788,-0.981691,0.111014,0.666578,0.012907,0.101809,0.738337,0.003703,-0.014495,0.035395,0.017470,0.019403,0.008230,-0.116668,-0.986947,-0.111014,0.000000,0.000000,0.000000,-1,-0.105347,-0.976135,-0.101212,0.013853,-0.115514,0.032280,133.331772,171.302246,-753.681763,0,0
2.520000,-0.817430,1.408994,0.980048,0.978895,0.167208,0.117503,-0.133795,0.089728,0.986939,0.154481,-0.981830,0.110206,0.666888,0.012526,0.101960,0.738043,0.028143,0.000338,0.028674,0.006449,0.007813,0.013359,-0.117503,-0.986939,-0.110206,0.000000,0.000000,0.000000,-1,-0.125687,-0.976303,-0.088562,0.025629,-0.077326,0.045806,134.558212,171.826111,-754.516724,0,0
2.560000,-0.830431,1.408438,0.994192,0.978482,0.168323,0.119330,-0.135510,0.088126,0.986849,0.155593,-0.981785,0.109039,0.667330,0.012292,0.102994,0.737504,0.016642,0.041748,0.071163,-0.004907,0.008226,0.022659,-0.119330,-0.986849,-0.109039,0.000000,0.000000,0.000000,-1,-0.115631,-0.977692,-0.076614,0.016235,-0.058179,0.088372,135.083832,170.953003,-753.347717,0,0
2.600000,-0.859853,1.407291,1.025598,0.977655,0.170228,0.123345,-0.139179,0.084415,0.986663,0.157546,-0.981782,0.106221,0.668397,0.011613,0.105061,0.736256,-0.002398,0.026937,0.094836,0.011513,0.018966,0.026707,-0.123345,-0.986663,-0.106221,0.000000,0.000000,0.000000,-1,-0.107971,-0.969559,-0.094589,0.017265,-0.085749,0.085294,134.908630,172.873825,-753.180725,0,0
2.640000,-0.871576,1.407099,1.037971,0.977375,0.170826,0.124726,-0.140376,0.082782,0.986631,0.158217,-0.981817,0.104889,0.668899,0.011380,0.105750,0.735705,0.025119,0.006896,0.069173,0.016755,0.017073,0.010300,-0.124726,-0.986631,-0.104889,0.000000,0.000000,0.000000,-1,-0.115509,-0.974197,-0.101685,0.042669,-0.100632,0.058488,134.558212,171.127625,-753.848755,0,0
2.680000,-0.884511,1.407248,1.051295,0.977163,0.171137,0.125958,-0.141338,0.080831,0.986656,0.158671,-0.981926,0.103174,0.669544,0.011126,0.106277,0.735046,0.040999,0.006868,0.050908,0.004941,0.012077,0.003854,-0.125958,-0.986656,-0.103174,0.000000,0.000000,0.000000,-1,-0.137985,-0.970306,-0.095093,0.036287,-0.094274,0.056403,134.207809,170.079910,-754.182739,0,0
2.720000,-0.903269,1.405670,1.070267,0.976716,0.171349,0.129094,-0.144213,0.078883,0.986398,0.158835,-0.982047,0.101757,0.670089,0.010124,0.107422,0.734397,0.014503,-0.004761,0.074659,-0.008464,0.019357,0.005535,-0.129094,-0.986398,-0.101757,0.000000,0.000000,0.000000,-1,-0.136490,-0.960724,-0.093979,0.008821,-0.099503,0.104596,134.032608,172.000717,-753.347717,0,0
2.760000,-0.924727,1.402364,1.091817,0.976045,0.171521,0.133851,-0.148772,0.077260,0.985849,0.158752,-0.982146,0.100926,0.670421,0.008483,0.109112,0.733865,0.004004,-0.004712,0.108819,0.002595,0.017358,0.004613,-0.133851,-0.985849,-0.100927,0.000000,0.000000,0.000000,-1,-0.117798,-0.978790,-0.098541,0.002443,-0.114341,0.107925,132.981369,171.651489,-754.683716,0,0
2.800000,-0.936595,1.400161,1.103298,0.975694,0.171204,0.136789,-0.151588,0.076525,0.985477,0.158250,-0.982259,0.100618,0.670550,0.007313,0.109999,0.733627,-0.009887,-0.024878,0.094163,0.021204,0.008457,0.003099,-0.136789,-0.985477,-0.100618,0.000000,0.000000,0.000000,-1,-0.108780,-0.976318,-0.094925,-0.018882,-0.129204,0.094398,132.806152,172.175339,-753.514709,0,0
2.840000,-0.938071,1.398705,1.103782,0.975665,0.170317,0.138093,-0.152906,0.077097,0.985229,0.157154,-0.982369,0.101264,0.670318,0.006494,0.110115,0.733830,-0.033358,-0.032329,0.074231,0.030504,0.013503,0.008338,-0.138093,-0.985229,-0.101264,0.000000,0.000000,0.000000,-1,-0.106339,-0.963623,-0.097107,-0.044461,-0.149367,0.082007,132.981369,171.651489,-753.681763,0,0
2.880000,-0.934857,1.397038,1.098637,0.975829,0.168559,0.139089,-0.153970,0.078630,0.984942,0.155084,-0.982550,0.102683,0.669798,0.005445,0.109799,0.734361,-0.058862,-0.070479,0.085306,0.034871,0.022280,0.002295,-0.139089,-0.984942,-0.102683,0.000000,0.000000,0.000000,-1,-0.108704,-0.975830,-0.093094,-0.068931,-0.194950,0.086737,133.682190,172.349960,-753.681763,0,0
2.920000,-0.930840,1.394990,1.090863,0.976256,0.165050,0.140293,-0.155143,0.080756,0.984586,0.151176,-0.982974,0.104445,0.669152,0.003701,0.108895,0.735095,-0.082329,-0.108666,0.071892,0.024067,0.004254,0.013121,-0.140293,-0.984586,-0.104445,0.000000,0.000000,0.000000,-1,-0.133148,-0.975662,-0.088730,-0.080712,-0.208763,0.066719,131.754929,171.826111,-754.516724,0,0
2.960000,-0.930338,1.392929,1.086190,0.976686,0.161115,0.141867,-0.156559,0.082425,0.984223,0.146880,-0.983488,0.105727,0.668680,0.001703,0.107954,0.735670,-0.065466,-0.085411,0.025856,0.007071,0.010529,0.013564,-0.141867,-0.984223,-0.105727,0.000000,0.000000,0.000000,-1,-0.141190,-0.966354,-0.091599,-0.046842,-0.164308,0.017214,134.032608,170.254517,-753.347717,0,0
3.000000,-0.929609,1.391758,1.082911,0.976957,0.158707,0.142713,-0.157306,0.083478,0.984015,0.144257,-0.983790,0.106520,0.668386,0.000524,0.107337,0.736029,-0.050591,-0.035604,0.011639,0.000624,0.018104,0.016722,-0.142713,-0.984015,-0.106520,0.000000,0.000000,0.000000,-1,-0.156677,-0.956894,-0.084000,-0.048898,-0.124004,0.027692,133.506989,170.778381,-754.850769,0,0
3.040000,-0.935568,1.389873,1.087600,0.976831,0.157551,0.144839,-0.159338,0.083601,0.983678,0.142871,-0.983966,0.106768,0.668293,-0.000668,0.107628,0.736071,-0.037680,-0.031309,0.048713,-0.007658,0.028356,0.014987,-0.144839,-0.983678,-0.106768,0.000000,0.000000,0.000000,-1,-0.132782,-0.965225,-0.107040,-0.020065,-0.144090,0.065758,133.682190,170.953003,-752.345703,0,0
3.080000,-0.944724,1.388262,1.094988,0.976765,0.155865,0.147094,-0.161359,0.083147,0.983387,0.141045,-0.984273,0.106366,0.668441,-0.002055,0.107765,0.735914,0.036778,-0.054612,0.062887,0.018966,0.012226,-0.007846,-0.147094,-0.983387,-0.106366,0.000000,0.000000,0.000000,-1,-0.149399,-0.967682,-0.126251,0.045803,-0.152588,0.054433,132.105331,172.873825,-754.850769,0,0
3.120000,-0.952248,1.386703,1.100981,0.976685,0.154417,0.149139,-0.163222,0.082873,0.983103,0.139448,-0.984524,0.106145,0.668518,-0.003292,0.107921,0.735816,0.033512,-0.035560,0.041562,-0.010682,0.022333,-0.028285,-0.149139,-0.983103,-0.106145,0.000000,0.000000,0.000000,-1,-0.164047,-0.955521,-0.167480,0.020270,-0.150476,0.049387,132.806152,171.127625,-754.182739,0,0
3.160000,-0.960273,1.384838,1.107155,0.976597,0.152672,0.151488,-0.165370,0.082684,0.982760,0.137514,-0.984812,0.105996,0.668565,-0.004748,0.108068,0.735744,-0.003712,-0.063121,0.045291,-0.001573,0.026369,-0.065742,-0.151488,-0.982760,-0.105996,0.000000,0.000000,0.000000,-1,-0.123932,-0.965302,-0.172791,-0.012726,-0.175928,0.044547,132.806152,171.127625,-753.180725,0,0
3.200000,-0.959138,1.382326,1.101933,0.976889,0.148861,0.153388,-0.167138,0.084661,0.982292,0.133239,-0.985227,0.107585,0.667953,-0.006841,0.107278,0.736399,-0.042076,-0.152184,0.041861,0.035469,0.012687,-0.062367,-0.153388,-0.982292,-0.107585,0.000000,0.000000,0.000000,-1,-0.108597,-0.977478,-0.156937,-0.070222,-0.301029,0.047872,131.930130,172.000717,-752.679688,0,0
3.240000,-0.952729,1.380032,1.089786,0.977516,0.143468,0.154532,-0.168094,0.087728,0.981860,0.127309,-0.985759,0.109871,0.667068,-0.009229,0.105627,0.737414,-0.084683,-0.216865,0.036236,0.045935,0.004381,-0.047065,-0.154532,-0.981860,-0.109872,0.000000,0.000000,0.000000,-1,-0.132156,-0.981430,-0.142319,-0.098002,-0.342420,0.019645,132.806152,171.127625,-754.516724,0,0
3.280000,-0.933669,1.376715,1.056143,0.979373,0.129597,0.155026,-0.167882,0.094934,0.981225,0.112446,-0.987012,0.114733,0.665151,-0.014390,0.100531,0.739770,-0.098774,-0.229688,-0.030572,0.013547,0.014749,-0.024107,-0.155026,-0.981225,-0.114733,0.000000,0.000000,0.000000,-1,-0.141052,-0.954712,-0.139450,-0.105641,-0.322361,-0.036738,132.455750,171.826111,-754.516724,0,0
3.320000,-0.921615,1.375763,1.037129,0.980334,0.122940,0.154376,-0.166851,0.098584,0.981041,0.105390,-0.987505,0.117158,0.664190,-0.016528,0.097776,0.740958,-0.135027,-0.218072,-0.061073,0.015170,0.030083,-0.024932,-0.154376,-0.981041,-0.117158,0.000000,0.000000,0.000000,-1,-0.120117,-0.937531,-0.167923,-0.168559,-0.329858,-0.086006,133.506989,171.127625,-753.180725,0,0
3.360000,-0.887605,1.374071,0.996008,0.981575,0.116324,0.151590,-0.164050,0.106263,0.980712,0.097972,-0.987511,0.123388,0.661801,-0.018029,0.094274,0.743509,-0.192659,-0.237230,-0.111417,0.025141,0.039290,-0.034556,-0.151590,-0.980712,-0.123388,0.000000,0.000000,0.000000,-1,-0.077988,-0.951797,-0.192383,-0.231573,-0.369189,-0.154275,133.331772,170.603760,-753.681763,0,0
3.400000,-0.775215,1.371490,0.865635,0.985365,0.099277,0.138567,-0.150771,0.128328,0.980204,0.079530,-0.986750,0.141418,0.654908,-0.019657,0.083255,0.750851,-0.426236,-0.274611,-0.294848,0.096331,0.001673,-0.052811,-0.138567,-0.980204,-0.141418,0.000000,0.000000,0.000000,-1,-0.023407,-0.979263,-0.206131,-0.488489,-0.366290,-0.338671,132.981369,172.349960,-755.017761,0,0
3.440000,-0.687829,1.366933,0.768786,0.987584,0.090318,0.128530,-0.140759,0.145515,0.979292,0.069744,-0.985225,0.156421,0.649162,-0.019426,0.076358,0.756558,-0.639383,-0.223946,-0.441648,0.107458,-0.009112,-0.057461,-0.128530,-0.979292,-0.156422,0.000000,0.000000,0.000000,-1,-0.041168,-1.105362,-0.216431,-0.811415,-0.304075,-0.559837,133.682190,172.349960,-756.353760,0,0
3.480000,-0.515769,1.353315,0.584692,0.991213,0.078556,0.106419,-0.119093,0.179928,0.976444,0.057558,-0.980538,0.187702,0.637100,-0.015907,0.064345,0.767926,-0.935022,-0.186250,-0.752358,0.065251,-0.128918,-0.028728,-0.106419,-0.976444,-0.187702,0.000000,0.000000,0.000000,-1,-0.129013,-1.025238,-0.250900,-1.094354,-0.429625,-0.852929,135.784668,170.603760,-759.025818,0,0
3.520000,-0.281720,1.313836,0.324990,0.996150,0.051906,0.070654,-0.081147,0.240838,0.967167,0.033186,-0.969176,0.244123,0.614652,-0.011893,0.042235,0.787577,-1.424359,-0.440742,-0.773472,-0.026484,0.025639,-0.075381,-0.070654,-0.967167,-0.244123,0.000000,0.000000,0.000000,-1,-0.012985,-0.844818,-0.231735,-1.354530,-0.487802,-0.760446,137.186310,170.953003,-760.361816,0,0
3.560000,-0.184159,1.284021,0.211866,0.998044,0.035014,0.051797,-0.059481,0.276536,0.959161,0.019261,-0.960366,0.278078,0.600714,-0.010182,0.029572,0.798852,-0.932004,-0.377100,-0.758976,0.063669,0.099572,0.071870,-0.051797,-0.959161,-0.278078,0.000000,0.000000,0.000000,-1,-0.180756,-0.835297,-0.256393,-0.650982,-0.591344,-0.529461,138.587952,173.397690,-762.365845,0,0
3.600000,-0.132218,1.260779,0.135596,0.999145,0.009605,0.040219,-0.041240,0.302275,0.952328,-0.003011,-0.953172,0.302413,0.590436,-0.013395,0.015755,0.806820,-0.559896,-0.666654,-0.134177,-0.128696,0.086850,0.009337,-0.040219,-0.952328,-0.302413,0.000000,0.000000,0.000000,-1,-0.072250,-0.930847,-0.329041,-0.375659,-0.743128,0.057489,139.113571,173.223068,-764.536865,0,0
3.640000,-0.155859,1.246582,0.134706,0.998690,-0.013138,0.049450,-0.042783,0.315678,0.947901,-0.028064,-0.948776,0.314702,0.584874,-0.023903,0.009142,0.810720,-0.155000,-0.500836,0.071310,-0.000415,0.022364,-0.029307,-0.049450,-0.947901,-0.314702,0.000000,0.000000,0.000000,-1,-0.007721,-0.862503,-0.350433,-0.055527,-0.535339,0.045577,138.237549,172.349960,-764.369873,0,0
3.680000,-0.167327,1.247236,0.130905,0.998209,-0.027846,0.052953,-0.041502,0.315224,0.948110,-0.043093,-0.948609,0.313503,0.585124,-0.029629,0.004213,0.810391,0.196480,-0.348374,-0.072607,0.046453,0.105382,-0.032581,-0.052953,-0.948110,-0.313503,0.000000,0.000000,0.000000,-1,0.003662,-0.824402,-0.334290,0.324581,-0.497381,-0.098131,138.412750,173.223068,-764.536865,0,0
3.720000,-0.179100,1.260773,0.126184,0.997531,-0.044466,0.054348,-0.038394,0.302656,0.952326,-0.058795,-0.952062,0.300201,0.590482,-0.035082,-0.001883,0.806286,0.402609,-0.469249,-0.081779,0.065075,0.115733,-0.024277,-0.054348,-0.952326,-0.300201,0.000000,0.000000,0.000000,-1,0.003632,-0.871429,-0.332962,0.422586,-0.632968,-0.018821,138.763168,172.524582,-762.866882,0,0
3.760000,-0.218632,1.279888,0.139359,0.995594,-0.070165,0.062210,-0.039842,0.284042,0.957984,-0.084888,-0.956241,0.279995,0.598238,-0.045971,-0.009477,0.799942,0.313773,-0.575052,0.065407,0.043946,0.070914,-0.075306,-0.062210,-0.957984,-0.279995,0.000000,0.000000,0.000000,-1,-0.050217,-0.903122,-0.385391,0.245385,-0.687945,0.085498,137.887131,173.048447,-762.365845,0,0
3.800000,-0.247445,1.281886,0.151396,0.993860,-0.085866,0.069782,-0.042969,0.281649,0.958555,-0.101962,-0.955668,0.276230,0.599162,-0.053757,-0.013427,0.798708,0.125729,-0.564391,0.105723,-0.004208,0.051054,-0.121383,-0.069782,-0.958555,-0.276230,0.000000,0.000000,0.000000,-1,-0.097397,-0.913147,-0.425995,0.071403,-0.512915,0.150448,135.784668,172.699203,-760.695801,0,0
3.840000,-0.279301,1.277732,0.169063,0.991952,-0.098428,0.079642,-0.048608,0.284769,0.957363,-0.116911,-0.953530,0.277692,0.597807,-0.061490,-0.015586,0.799127,-0.027985,-0.215498,0.161151,-0.006662,0.000790,-0.174349,-0.079642,-0.957363,-0.277693,0.000000,0.000000,0.000000,-1,-0.026443,-0.919968,-0.457840,-0.114551,-0.158876,0.105160,135.784668,172.699203,-761.029846,0,0
3.880000,-0.275733,1.268045,0.164721,0.991814,-0.098570,0.081171,-0.048889,0.294111,0.954520,-0.117961,-0.950675,0.286885,0.593889,-0.062074,-0.015487,0.801999,-0.144185,0.081163,0.024917,0.075129,0.039801,-0.157131,-0.081171,-0.954520,-0.286885,0.000000,0.000000,0.000000,-1,0.025421,-0.857437,-0.382858,-0.116939,0.039218,-0.005270,136.485489,171.651489,-762.031860,0,0
3.920000,-0.247180,1.264482,0.145923,0.993222,-0.089816,0.073780,-0.043847,0.298342,0.953452,-0.107647,-0.950224,0.292381,0.592136,-0.056433,-0.014299,0.803733,0.118230,0.360918,-0.077123,0.100910,0.100745,-0.098030,-0.073780,-0.953452,-0.292381,0.000000,0.000000,0.000000,-1,-0.072968,-0.967148,-0.413284,0.344428,0.276619,-0.067804,136.660690,173.572311,-761.864868,0,0
3.960000,-0.237676,1.278614,0.150957,0.994742,-0.076745,0.067818,-0.043317,0.284767,0.957618,-0.092805,-0.955520,0.279945,0.597919,-0.050200,-0.010447,0.799915,0.489599,0.306997,0.019016,-0.027427,-0.079080,-0.143593,-0.067818,-0.957618,-0.279945,0.000000,0.000000,0.000000,-1,-0.135742,-1.112274,-0.413208,0.408543,0.127306,0.049172,136.485489,173.048447,-762.031860,0,0
4.000000,-0.244989,1.293463,0.167022,0.995421,-0.068749,0.066407,-0.045517,0.269982,0.961789,-0.084051,-0.960408,0.265617,0.604116,-0.047286,-0.007301,0.795459,0.291526,0.112906,-0.026856,-0.109161,-0.095874,-0.109032,-0.066407,-0.961789,-0.265617,0.000000,0.000000,0.000000,-1,-0.177704,-0.930099,-0.138245,0.317810,0.032830,-0.028117,137.011108,171.826111,-762.198853,0,0
4.040000,-0.261517,1.308948,0.190399,0.995804,-0.062404,0.066929,-0.048991,0.254189,0.965913,-0.077289,-0.965139,0.250065,0.610645,-0.045605,-0.004242,0.790579,0.594680,0.200936,-0.002917,-0.122967,0.032426,0.175556,-0.066929,-0.965913,-0.250065,0.000000,0.000000,0.000000,-1,-0.185638,-0.895920,-0.118561,0.634489,-0.028272,0.228216,138.062347,170.778381,-759.860840,0,0
4.080000,-0.331064,1.330081,0.264133,0.995314,-0.057834,0.077491,-0.062239,0.230130,0.971168,-0.074000,-0.971440,0.225452,0.620430,-0.048383,0.001407,0.782767,0.667929,-0.093966,0.594352,-0.078988,0.100379,0.119815,-0.077491,-0.971168,-0.225452,0.000000,0.000000,0.000000,-1,-0.026474,-0.948700,-0.032257,0.625069,-0.226621,0.874892,136.835892,171.302246,-760.027832,0,0
4.120000,-0.501267,1.338829,0.434661,0.992363,-0.054883,0.110472,-0.096808,0.208515,0.973216,-0.076448,-0.976478,0.201610,0.628935,-0.060297,0.013524,0.774998,0.522101,-0.086194,0.829942,0.097746,-0.026021,0.150203,-0.110472,-0.973216,-0.201610,0.000000,0.000000,0.000000,-1,-0.101135,-1.047272,-0.101028,0.520381,-0.191845,0.735478,134.383011,172.699203,-758.023804,0,0
4.160000,-0.649780,1.345710,0.583941,0.989420,-0.053058,0.135033,-0.123049,0.186207,0.974775,-0.076864,-0.981077,0.177708,0.637476,-0.069064,0.022812,0.767029,0.744044,-0.061283,0.472102,0.006050,-0.066638,0.084599,-0.135033,-0.974775,-0.177708,0.000000,0.000000,0.000000,-1,-0.004654,-0.996552,-0.108856,0.929327,-0.168037,0.346861,133.682190,170.953003,-756.353760,0,0
4.200000,-0.809399,1.365135,0.745876,0.987631,-0.052276,0.147826,-0.138583,0.149995,0.978926,-0.073347,-0.987304,0.140895,0.651295,-0.073261,0.028589,0.754738,1.055650,0.044322,0.192688,0.166182,0.008803,0.040751,-0.147826,-0.978926,-0.140895,0.000000,0.000000,0.000000,-1,0.009354,-0.874557,-0.127258,1.030722,0.113626,0.110454,132.455750,171.476868,-755.852783,0,0
4.240000,-1.019398,1.391105,0.969673,0.987453,-0.041948,0.152238,-0.147396,0.101082,0.983899,-0.056661,-0.993993,0.093631,0.669466,-0.070707,0.035691,0.738608,0.897054,0.174612,0.117260,0.137650,0.153455,-0.026624,-0.152238,-0.983899,-0.093631,0.000000,0.000000,0.000000,-1,-0.028900,-0.850754,-0.089432,0.860664,0.018254,0.143607,132.630951,170.953003,-753.347717,0,0
