0.000000,1.530571,1.194271,-1.159863,0.867903,0.334315,-0.367394,0.337081,0.146880,0.929948,0.364858,-0.930946,0.014787,0.653115,0.256998,-0.000971,0.712315,-0.008192,0.005603,-0.021203,0.000007,0.014741,0.002732,0.367394,-0.929948,-0.014787,0.000000,0.000000,0.000000,-1,0.363037,-0.907715,-0.019470,-0.019180,0.017754,-0.027616,46.233292,184.405777,-553.879517,0,0
0.040000,1.531121,1.193515,-1.160204,0.867561,0.334420,-0.368105,0.337775,0.147046,0.929669,0.365028,-0.930882,0.014612,0.653051,0.257329,-0.001178,0.712253,0.007793,0.004600,-0.014936,-0.004198,0.020673,-0.001699,0.368105,-0.929669,-0.014612,0.000000,0.000000,0.000000,-1,0.359756,-0.911636,-0.018768,-0.020253,0.011439,-0.023323,45.881714,184.054199,-553.544312,0,0
0.080000,1.529875,1.192923,-1.159047,0.867429,0.334176,-0.368636,0.338109,0.147657,0.929451,0.365032,-0.930873,0.015094,0.652817,0.257456,-0.001380,0.712422,-0.004997,-0.001697,-0.008421,-0.009703,0.016274,-0.005964,0.368636,-0.929451,-0.015094,0.000000,0.000000,0.000000,-1,0.359543,-0.914902,-0.019211,-0.029839,0.006195,-0.017902,46.233292,183.351028,-555.220215,0,0
0.120000,1.527980,1.192843,-1.157217,0.867483,0.333988,-0.368681,0.337906,0.148305,0.929422,0.365093,-0.930837,0.015795,0.652568,0.257404,-0.001374,0.712668,-0.010313,0.000443,-0.005181,-0.008360,0.012994,-0.004713,0.368681,-0.929422,-0.015795,0.000000,0.000000,0.000000,-1,0.365250,-0.917938,-0.018997,-0.027673,0.013657,-0.012620,45.002747,182.472061,-555.387817,0,0
0.160000,1.527773,1.192715,-1.156790,0.867373,0.334146,-0.368796,0.337952,0.148497,0.929375,0.365312,-0.930750,0.015877,0.652495,0.257511,-0.001335,0.712697,0.005697,0.010019,-0.000016,-0.000922,0.009666,-0.001762,0.368796,-0.929375,-0.015877,0.000000,0.000000,0.000000,-1,0.368896,-0.919235,-0.016205,-0.016996,0.020049,-0.008466,45.530136,183.702606,-554.885010,0,0
0.200000,1.528527,1.192513,-1.157236,0.867178,0.334432,-0.368996,0.338190,0.148422,0.929300,0.365555,-0.930659,0.015606,0.652524,0.257700,-0.001318,0.712602,0.009955,0.006880,0.004218,0.001549,0.011316,-0.000492,0.368996,-0.929300,-0.015606,0.000000,0.000000,0.000000,-1,0.371490,-0.914597,-0.013351,-0.005295,0.013721,-0.005337,46.233292,184.054199,-554.549866,0,0
0.240000,1.529891,1.192157,-1.158532,0.866992,0.334525,-0.369347,0.338685,0.148116,0.929168,0.365536,-0.930674,0.015117,0.652641,0.257879,-0.001460,0.712430,0.006736,0.000506,0.002127,-0.000390,0.011627,-0.003636,0.369347,-0.929168,-0.015117,0.000000,0.000000,0.000000,-1,0.372253,-0.918350,-0.014114,-0.017048,0.001004,-0.006263,45.178543,183.702606,-555.220215,0,0
0.280000,1.529563,1.192119,-1.158711,0.867159,0.334058,-0.369378,0.338744,0.148069,0.929154,0.365085,-0.930849,0.015239,0.652658,0.257716,-0.001644,0.712472,-0.000782,-0.026945,0.011874,0.002235,0.015107,0.002681,0.369378,-0.929154,-0.015239,0.000000,0.000000,0.000000,-1,0.359085,-0.910858,-0.009308,-0.014949,-0.011676,-0.003036,47.112259,183.175232,-553.711914,0,0
0.320000,1.531003,1.192655,-1.161065,0.867601,0.333436,-0.368901,0.338635,0.147073,0.929353,0.364135,-0.931230,0.014688,0.653039,0.257286,-0.001824,0.712278,0.020570,-0.009992,0.012711,-0.011708,0.014573,-0.004111,0.368901,-0.929353,-0.014688,0.000000,0.000000,0.000000,-1,0.361008,-0.916199,-0.018997,-0.008539,-0.010550,0.004367,45.881714,184.054199,-553.544312,0,0
0.360000,1.531441,1.193234,-1.162196,0.868015,0.332948,-0.368370,0.338307,0.146476,0.929566,0.363454,-0.931499,0.014505,0.653267,0.256884,-0.001881,0.712214,0.012026,-0.021611,0.016018,-0.005562,0.014207,0.010751,0.368370,-0.929566,-0.014505,0.000000,0.000000,0.000000,-1,0.357544,-0.919937,-0.008820,-0.009606,-0.009510,0.002241,45.705917,183.526825,-554.047119,0,0
0.400000,1.532249,1.193933,-1.163450,0.868375,0.332713,-0.367733,0.337894,0.145795,0.929823,0.362978,-0.931690,0.014182,0.653528,0.256533,-0.001819,0.712101,-0.000721,-0.000561,0.001130,-0.011303,0.007720,-0.001977,0.367733,-0.929823,-0.014182,0.000000,0.000000,0.000000,-1,0.357056,-0.919693,-0.019287,-0.026631,0.006243,-0.012601,46.057510,183.175232,-553.376709,0,0
0.440000,1.530831,1.194448,-1.162716,0.868818,0.332105,-0.367234,0.337347,0.145852,0.930013,0.362424,-0.931898,0.014684,0.653506,0.256100,-0.001840,0.712277,0.007745,-0.021687,0.007553,-0.005982,0.011022,0.001394,0.367234,-0.930013,-0.014684,0.000000,0.000000,0.000000,-1,0.363861,-0.918076,-0.009094,-0.010700,-0.013806,-0.004127,44.475372,183.702606,-553.544312,0,0
0.480000,1.531586,1.194587,-1.164884,0.869152,0.331333,-0.367142,0.337563,0.145078,0.930056,0.361422,-0.932293,0.014249,0.653802,0.255772,-0.002187,0.712123,0.014117,-0.023855,0.002183,-0.001251,0.013567,0.005933,0.367142,-0.930056,-0.014249,0.000000,0.000000,0.000000,-1,0.357574,-0.915802,-0.014557,-0.012851,-0.014933,-0.011563,46.409088,183.878403,-555.387817,0,0
0.520000,1.531486,1.194617,-1.165195,0.869460,0.330586,-0.367086,0.337564,0.144954,0.930075,0.360680,-0.932578,0.014438,0.653848,0.255468,-0.002449,0.712189,0.004508,-0.026040,-0.005190,-0.009527,0.014334,-0.002774,0.367086,-0.930075,-0.014438,0.000000,0.000000,0.000000,-1,0.358566,-0.913223,-0.010574,-0.017127,-0.017090,-0.015783,44.651169,184.933151,-554.717407,0,0
0.560000,1.531442,1.194715,-1.166359,0.869893,0.329546,-0.366994,0.337648,0.144525,0.930111,0.359554,-0.933012,0.014450,0.654010,0.255040,-0.002844,0.712192,0.018353,-0.028123,-0.001025,-0.008428,0.016888,0.003876,0.366994,-0.930111,-0.014450,0.000000,0.000000,0.000000,-1,0.355408,-0.912949,-0.013733,0.006320,-0.013869,-0.010650,44.123795,184.405777,-553.879517,0,0
0.600000,1.534336,1.195024,-1.170533,0.870333,0.328660,-0.366748,0.337984,0.143002,0.930224,0.358173,-0.933559,0.013378,0.654590,0.254604,-0.003275,0.711813,0.016259,-0.018636,-0.006338,-0.013720,0.013064,0.007228,0.366748,-0.930224,-0.013378,0.000000,0.000000,0.000000,-1,0.350845,-0.918091,-0.009827,-0.010706,-0.006500,-0.015872,45.530136,184.054199,-554.885010,0,0
0.640000,1.535302,1.195361,-1.172058,0.870602,0.328283,-0.366447,0.337912,0.142365,0.930348,0.357586,-0.933789,0.013012,0.654833,0.254338,-0.003383,0.711684,0.005635,-0.009129,-0.009479,-0.014564,0.012990,0.002713,0.366447,-0.930348,-0.013012,0.000000,0.000000,0.000000,-1,0.351578,-0.915161,-0.009720,-0.021332,0.005104,-0.021160,45.705917,184.581573,-554.717407,0,0
0.680000,1.535835,1.195561,-1.172749,0.870706,0.328207,-0.366267,0.337839,0.142059,0.930422,0.357403,-0.933863,0.012810,0.654950,0.254236,-0.003384,0.711613,0.004607,0.003571,-0.010573,-0.012629,0.011217,-0.002326,0.366267,-0.930422,-0.012810,0.000000,0.000000,0.000000,-1,0.354843,-0.919373,-0.012207,-0.018116,0.011468,-0.020144,45.705917,182.823654,-553.711914,0,0
0.720000,1.535965,1.195584,-1.172870,0.870707,0.328227,-0.366247,0.337836,0.142010,0.930430,0.357403,-0.933863,0.012762,0.654968,0.254235,-0.003376,0.711597,0.003543,0.001483,-0.007358,-0.010184,0.012110,-0.002588,0.366247,-0.930430,-0.012762,0.000000,0.000000,0.000000,-1,0.361343,-0.913773,-0.006256,-0.019176,0.010439,-0.016936,45.530136,182.647858,-554.214661,0,0
0.760000,1.537205,1.195310,-1.174037,0.870554,0.328330,-0.366518,0.338237,0.141714,0.930330,0.357396,-0.933872,0.012316,0.655081,0.254383,-0.003481,0.711439,0.008911,0.005739,-0.005260,-0.005571,0.016694,0.005358,0.366518,-0.930330,-0.012316,0.000000,0.000000,0.000000,-1,0.360397,-0.911087,-0.011749,-0.012752,0.022087,-0.017029,45.178543,182.647858,-554.214661,0,0
0.800000,1.538790,1.195030,-1.175259,0.870294,0.328762,-0.366818,0.338693,0.141346,0.930220,0.357669,-0.933776,0.011659,0.655221,0.254668,-0.003491,0.711208,-0.002805,0.002575,-0.004092,-0.010098,0.023207,0.006273,0.366818,-0.930220,-0.011659,0.000000,0.000000,0.000000,-1,0.357666,-0.902512,-0.004318,-0.023423,0.012578,-0.014780,43.420624,185.108948,-554.885010,0,0
0.840000,1.539649,1.194892,-1.175956,0.870169,0.328883,-0.366936,0.338867,0.141214,0.930176,0.357736,-0.933753,0.011433,0.655271,0.254761,-0.003510,0.711129,0.002536,0.006821,-0.003085,-0.009911,0.028168,0.004597,0.366936,-0.930176,-0.011433,0.000000,0.000000,0.000000,-1,0.356232,-0.910309,-0.010742,-0.015927,0.023207,-0.010617,44.299591,182.120483,-553.711914,0,0
0.880000,1.541232,1.195138,-1.177033,0.870040,0.329458,-0.366725,0.338808,0.140761,0.930266,0.358104,-0.933619,0.010845,0.655445,0.254890,-0.003288,0.710923,0.004692,0.005870,0.008622,-0.009959,0.019347,-0.004108,0.366725,-0.930266,-0.010845,0.000000,0.000000,0.000000,-1,0.362488,-0.917267,-0.009644,-0.025519,0.010608,0.001223,44.651169,184.229980,-555.722961,0,0
0.920000,1.541425,1.195690,-1.177063,0.870168,0.329689,-0.366213,0.338338,0.140554,0.930469,0.358238,-0.933568,0.010759,0.655526,0.254768,-0.003041,0.710894,-0.010191,0.010061,0.003432,-0.007632,0.008868,0.005342,0.366213,-0.930469,-0.010759,0.000000,0.000000,0.000000,-1,0.360764,-0.921509,-0.010483,-0.035080,0.026399,-0.009415,45.530136,183.351028,-554.549866,0,0
0.960000,1.541368,1.195856,-1.176360,0.870012,0.330272,-0.366059,0.338097,0.140733,0.930529,0.358844,-0.933335,0.010775,0.655459,0.254924,-0.002752,0.710901,-0.003810,0.008981,0.001259,-0.004410,0.006945,-0.000592,0.366059,-0.930529,-0.010775,0.000000,0.000000,0.000000,-1,0.365768,-0.923843,-0.006378,-0.021268,0.015814,-0.008417,44.651169,183.526825,-554.717407,0,0
1.000000,1.542225,1.195831,-1.177033,0.869919,0.330483,-0.366091,0.338212,0.140514,0.930520,0.358962,-0.933294,0.010462,0.655542,0.255016,-0.002719,0.710791,0.008966,0.005831,0.004366,0.000563,0.009225,0.002375,0.366091,-0.930520,-0.010462,0.000000,0.000000,0.000000,-1,0.362762,-0.915054,-0.007416,-0.012745,0.014782,-0.005283,46.233292,184.405777,-554.885010,0,0
1.040000,1.544113,1.195863,-1.178740,0.869816,0.330765,-0.366080,0.338424,0.139925,0.930532,0.359011,-0.933282,0.009770,0.655767,0.255117,-0.002695,0.710548,0.005759,0.005783,-0.000938,-0.008078,0.016256,-0.001918,0.366080,-0.930532,-0.009770,0.000000,0.000000,0.000000,-1,0.354935,-0.917221,-0.010773,-0.020218,0.013665,-0.011613,45.881714,183.702606,-554.214661,0,0
1.080000,1.543985,1.196184,-1.178525,0.869900,0.330876,-0.365780,0.338118,0.139884,0.930650,0.359097,-0.933249,0.009809,0.655783,0.255036,-0.002548,0.710562,-0.005939,0.000560,0.005619,-0.010159,0.013245,-0.000658,0.365780,-0.930650,-0.009810,0.000000,0.000000,0.000000,-1,0.357040,-0.916321,-0.006439,-0.027668,0.009490,-0.005148,47.288055,183.351028,-552.538818,0,0
1.120000,1.544023,1.196514,-1.178556,0.870008,0.330931,-0.365474,0.337839,0.139756,0.930770,0.359098,-0.933249,0.009787,0.655832,0.254932,-0.002431,0.710555,0.000452,-0.002579,0.009843,-0.007548,0.017165,0.002402,0.365474,-0.930770,-0.009787,0.000000,0.000000,0.000000,-1,0.357910,-0.915146,-0.005447,-0.020192,0.012715,0.000109,44.299591,184.229980,-555.387817,0,0
1.160000,1.544807,1.197170,-1.178986,0.870090,0.331381,-0.364870,0.337334,0.139377,0.931010,0.359373,-0.933146,0.009485,0.655978,0.254854,-0.002095,0.710449,-0.003789,0.007955,0.003447,-0.007082,0.011805,0.000726,0.364870,-0.931010,-0.009485,0.000000,0.000000,0.000000,-1,0.356796,-0.918472,-0.011063,-0.029782,0.017924,-0.009424,46.233292,183.351028,-555.220215,0,0
1.200000,1.544528,1.197296,-1.178504,0.870073,0.331557,-0.364751,0.337159,0.139495,0.931056,0.359579,-0.933065,0.009584,0.655933,0.254872,-0.001971,0.710484,-0.011256,0.008957,-0.002889,-0.009313,0.010584,0.000428,0.364751,-0.931056,-0.009584,0.000000,0.000000,0.000000,-1,0.356873,-0.922165,-0.008636,-0.035100,0.023182,-0.013664,45.705917,184.229980,-555.052612,0,0
1.240000,1.544131,1.197240,-1.177420,0.869837,0.332122,-0.364799,0.337055,0.139880,0.931036,0.360245,-0.932807,0.009730,0.655787,0.255105,-0.001736,0.710536,-0.005912,0.018495,-0.006115,-0.002875,0.010030,0.000910,0.364799,-0.931036,-0.009730,0.000000,0.000000,0.000000,-1,0.361572,-0.920746,-0.011169,-0.024452,0.025278,-0.015885,45.705917,183.526825,-554.382263,0,0
1.280000,1.544513,1.196795,-1.177409,0.869546,0.332425,-0.365217,0.337437,0.140043,0.930873,0.360592,-0.932674,0.009601,0.655725,0.255390,-0.001763,0.710491,0.002562,0.002625,-0.003994,-0.002714,0.016292,-0.003185,0.365217,-0.930873,-0.009601,0.000000,0.000000,0.000000,-1,0.358398,-0.916550,-0.011475,-0.019177,0.008340,-0.014797,45.002747,183.175232,-556.058167,0,0
1.320000,1.543924,1.196467,-1.176861,0.869466,0.332306,-0.365516,0.337642,0.140345,0.930753,0.360594,-0.932671,0.009825,0.655610,0.255468,-0.001877,0.710569,-0.004906,0.004675,-0.011401,-0.007362,0.015668,-0.001421,0.365516,-0.930753,-0.009825,0.000000,0.000000,0.000000,-1,0.359833,-0.919876,-0.012833,-0.027696,0.015667,-0.024346,45.530136,184.757355,-555.555420,0,0
1.360000,1.543347,1.196171,-1.176131,0.869331,0.332362,-0.365786,0.337793,0.140698,0.930645,0.360776,-0.932598,0.010043,0.655475,0.255599,-0.001911,0.710646,-0.007042,0.003606,-0.012445,-0.006594,0.008251,-0.002057,0.365786,-0.930645,-0.010043,0.000000,0.000000,0.000000,-1,0.360291,-0.913742,-0.012482,-0.031961,0.010412,-0.020032,45.178543,181.241516,-554.214661,0,0
1.400000,1.542400,1.195867,-1.175153,0.869245,0.332285,-0.366059,0.337917,0.141137,0.930534,0.360867,-0.932559,0.010398,0.655307,0.255682,-0.001981,0.710771,-0.003857,0.002637,-0.008159,-0.008607,0.013160,-0.002542,0.366059,-0.930534,-0.010398,0.000000,0.000000,0.000000,-1,0.356567,-0.915894,-0.012405,-0.022354,0.015735,-0.016931,45.530136,184.405777,-554.214661,0,0
1.440000,1.541483,1.195995,-1.174012,0.869240,0.332441,-0.365930,0.337645,0.141476,0.930580,0.361133,-0.932452,0.010730,0.655178,0.255689,-0.001830,0.710888,-0.014482,0.003777,0.000445,-0.007852,0.012337,-0.001248,0.365930,-0.930580,-0.010730,0.000000,0.000000,0.000000,-1,0.353165,-0.918457,-0.009247,-0.036192,0.012610,-0.011485,45.705917,183.526825,-554.047119,0,0
1.480000,1.540621,1.196185,-1.172839,0.869225,0.332683,-0.365745,0.337317,0.141804,0.930650,0.361476,-0.932316,0.011040,0.655054,0.255704,-0.001629,0.710997,-0.018713,0.016448,-0.003828,-0.009253,0.010438,0.000343,0.365745,-0.930650,-0.011040,0.000000,0.000000,0.000000,-1,0.355759,-0.920502,-0.017532,-0.047858,0.035826,-0.021070,46.057510,184.581573,-553.711914,0,0
1.520000,1.538019,1.195927,-1.169018,0.868808,0.333542,-0.365954,0.336993,0.143186,0.930555,0.362779,-0.931798,0.011999,0.654527,0.256114,-0.001213,0.711335,-0.001689,0.013275,-0.002881,-0.003146,0.018309,-0.003992,0.365954,-0.930556,-0.011999,0.000000,0.000000,0.000000,-1,0.364914,-0.912247,-0.015854,-0.015935,0.023177,-0.013812,45.354340,183.526825,-554.047119,0,0
1.560000,1.538592,1.195627,-1.169268,0.868582,0.333816,-0.366240,0.337286,0.143210,0.930446,0.363047,-0.931696,0.011799,0.654518,0.256334,-0.001220,0.711265,0.014259,0.011234,0.000235,-0.002272,0.018062,-0.004498,0.366240,-0.930446,-0.011799,0.000000,0.000000,0.000000,-1,0.361588,-0.912491,-0.016541,-0.011675,0.021087,-0.010642,45.530136,184.757355,-555.220215,0,0
1.600000,1.538894,1.195495,-1.169266,0.868428,0.334079,-0.366366,0.337399,0.143259,0.930397,0.363312,-0.931594,0.011692,0.654499,0.256485,-0.001167,0.711228,-0.001724,0.013296,-0.006041,-0.008197,0.015541,-0.003658,0.366366,-0.930397,-0.011692,0.000000,0.000000,0.000000,-1,0.352585,-0.914093,-0.015991,-0.036154,0.029507,-0.016875,45.178543,182.999435,-554.549866,0,0
1.640000,1.537603,1.195709,-1.167058,0.868231,0.334825,-0.366152,0.336899,0.143925,0.930476,0.364245,-0.931224,0.012158,0.654245,0.256679,-0.000729,0.711392,-0.009149,0.015504,0.003599,-0.008028,0.015818,0.001660,0.366152,-0.930476,-0.012158,0.000000,0.000000,0.000000,-1,0.361969,-0.914764,-0.011185,-0.024425,0.026425,-0.006302,43.420624,183.351028,-555.220215,0,0
1.680000,1.538857,1.195815,-1.167756,0.868044,0.335402,-0.366069,0.336908,0.143651,0.930514,0.364682,-0.931059,0.011696,0.654350,0.256862,-0.000530,0.711230,0.010015,0.012352,0.006657,-0.005610,0.018893,-0.001472,0.366069,-0.930514,-0.011696,0.000000,0.000000,0.000000,-1,0.358337,-0.916626,-0.016602,-0.015917,0.022197,-0.005286,44.651169,183.526825,-553.376709,0,0
1.720000,1.539087,1.196049,-1.167697,0.868019,0.335701,-0.365854,0.336700,0.143586,0.930600,0.364935,-0.930961,0.011605,0.654375,0.256886,-0.000351,0.711198,0.005712,0.010251,0.004605,-0.005929,0.013608,-0.003349,0.365854,-0.930600,-0.011605,0.000000,0.000000,0.000000,-1,0.363678,-0.918121,-0.013824,-0.020182,0.021129,-0.006315,46.409088,185.284744,-555.722961,0,0
1.760000,1.539180,1.196054,-1.167254,0.867837,0.336173,-0.365850,0.336631,0.143733,0.930602,0.365428,-0.930768,0.011571,0.654319,0.257063,-0.000161,0.711186,-0.000687,0.013360,-0.002815,-0.002111,0.011275,-0.004192,0.365850,-0.930602,-0.011571,0.000000,0.000000,0.000000,-1,0.366577,-0.921417,-0.011276,-0.022323,0.024228,-0.014832,46.760681,183.526825,-554.717407,0,0
1.800000,1.540011,1.195787,-1.167721,0.867601,0.336502,-0.366108,0.336927,0.143673,0.930504,0.365717,-0.930658,0.011274,0.654342,0.257293,-0.000149,0.711082,0.002478,0.001729,-0.000668,-0.004047,0.013359,0.005568,0.366108,-0.930504,-0.011274,0.000000,0.000000,0.000000,-1,0.357941,-0.910736,-0.009018,-0.019159,0.012596,-0.012683,45.705917,184.581573,-554.717407,0,0
1.840000,1.540726,1.195751,-1.168415,0.867561,0.336561,-0.366149,0.337058,0.143453,0.930491,0.365692,-0.930671,0.011014,0.654426,0.257332,-0.000175,0.710990,0.008855,-0.002508,-0.000701,-0.009765,0.020518,0.001065,0.366149,-0.930491,-0.011014,0.000000,0.000000,0.000000,-1,0.357285,-0.913742,-0.012726,-0.007470,-0.001107,-0.005265,45.178543,181.944687,-554.214661,0,0
1.880000,1.541596,1.196033,-1.170024,0.867879,0.336015,-0.365896,0.337046,0.142808,0.930594,0.364946,-0.930967,0.010687,0.654672,0.257022,-0.000363,0.710875,-0.003966,-0.003573,-0.005896,-0.005377,0.013389,0.005194,0.365896,-0.930594,-0.010687,0.000000,0.000000,0.000000,-1,0.359634,-0.917831,-0.006485,-0.030901,0.011441,-0.023240,46.936462,184.405777,-555.220215,0,0
1.920000,1.541265,1.195755,-1.169519,0.867736,0.336105,-0.366151,0.337212,0.143079,0.930492,0.365132,-0.930893,0.010816,0.654569,0.257161,-0.000389,0.710920,-0.010346,0.006931,-0.015473,-0.006151,0.010464,-0.000002,0.366151,-0.930492,-0.010816,0.000000,0.000000,0.000000,-1,0.364517,-0.919891,-0.009109,-0.033034,0.014570,-0.028562,46.936462,183.351028,-554.885010,0,0
1.960000,1.541208,1.195247,-1.169323,0.867520,0.336150,-0.366623,0.337619,0.143330,0.930306,0.365270,-0.930838,0.010851,0.654473,0.257371,-0.000517,0.710933,0.004550,0.000603,-0.012369,-0.001404,0.008965,0.001513,0.366623,-0.930306,-0.010851,0.000000,0.000000,0.000000,-1,0.362228,-0.918030,-0.012970,-0.000031,0.000931,-0.013852,44.475372,183.702606,-553.544312,0,0
2.000000,1.541999,1.195237,-1.171278,0.867885,0.335188,-0.366641,0.337907,0.142673,0.930303,0.364136,-0.931286,0.010561,0.654723,0.257015,-0.000956,0.710830,0.005569,-0.024690,0.001567,-0.009204,0.018041,-0.004667,0.366641,-0.930303,-0.010561,0.000000,0.000000,0.000000,-1,0.356689,-0.915909,-0.011887,-0.021368,-0.013882,-0.012566,46.057510,183.526825,-554.047119,0,0
2.040000,1.541397,1.195252,-1.171302,0.868116,0.334609,-0.366620,0.337898,0.142660,0.930308,0.363592,-0.931496,0.010781,0.654728,0.256789,-0.001156,0.710907,-0.000842,-0.016262,-0.006907,-0.007108,0.017100,0.000833,0.366620,-0.930308,-0.010781,0.000000,0.000000,0.000000,-1,0.359680,-0.912506,-0.008896,-0.023484,-0.003359,-0.020046,46.409088,183.526825,-554.717407,0,0
2.080000,1.540820,1.194876,-1.171184,0.868160,0.334120,-0.366964,0.338203,0.142835,0.930170,0.363204,-0.931645,0.011004,0.654660,0.256745,-0.001436,0.710985,-0.002961,-0.012034,-0.007972,-0.006520,0.015223,0.001375,0.366964,-0.930170,-0.011004,0.000000,0.000000,0.000000,-1,0.363556,-0.920532,-0.010727,-0.017086,-0.004370,-0.014766,46.584885,182.296280,-554.885010,0,0
2.120000,1.541437,1.194621,-1.172598,0.868322,0.333431,-0.367207,0.338623,0.142449,0.930077,0.362424,-0.931951,0.010784,0.654807,0.256585,-0.001826,0.710907,0.015138,-0.016236,-0.003836,-0.002370,0.011238,0.000484,0.367207,-0.930077,-0.010784,0.000000,0.000000,0.000000,-1,0.364044,-0.919220,-0.011124,-0.009636,-0.005431,-0.014819,45.530136,185.108948,-554.214661,0,0
2.160000,1.541716,1.194511,-1.173381,0.868444,0.332996,-0.367313,0.338829,0.142224,0.930036,0.361939,-0.932141,0.010685,0.654892,0.256464,-0.002051,0.710871,0.007691,-0.013066,-0.004855,-0.006076,0.010969,-0.002514,0.367313,-0.930036,-0.010685,0.000000,0.000000,0.000000,-1,0.360199,-0.916245,-0.012558,-0.019208,-0.001202,-0.015826,46.760681,185.284744,-555.722961,0,0
2.200000,1.540995,1.194570,-1.173096,0.868630,0.332579,-0.367250,0.338738,0.142299,0.930058,0.361577,-0.932278,0.010948,0.654863,0.256281,-0.002166,0.710964,-0.001890,-0.007732,-0.002637,-0.006853,0.010075,-0.001274,0.367250,-0.930058,-0.010948,0.000000,0.000000,0.000000,-1,0.362183,-0.917175,-0.011246,-0.022375,0.005183,-0.012630,46.057510,183.175232,-555.052612,0,0
2.240000,1.541030,1.194563,-1.173279,0.868676,0.332451,-0.367257,0.338770,0.142239,0.930055,0.361436,-0.932333,0.010935,0.654886,0.256236,-0.002222,0.710959,0.001323,-0.003476,-0.000547,-0.004403,0.011766,0.001398,0.367257,-0.930055,-0.010935,0.000000,0.000000,0.000000,-1,0.362610,-0.916077,-0.010498,-0.023434,0.006252,-0.011560,46.584885,184.054199,-553.544312,0,0
2.280000,1.541245,1.194462,-1.173559,0.868657,0.332395,-0.367353,0.338896,0.142181,0.930018,0.361364,-0.932362,0.010859,0.654908,0.256254,-0.002286,0.710932,0.000263,-0.000317,-0.002682,-0.006101,0.014399,0.001795,0.367353,-0.930018,-0.010859,0.000000,0.000000,0.000000,-1,0.364380,-0.914749,-0.009491,-0.022359,0.010479,-0.012650,44.475372,184.054199,-553.879517,0,0
2.320000,1.541367,1.194339,-1.173608,0.868588,0.332448,-0.367469,0.339009,0.142208,0.929973,0.361425,-0.932338,0.010817,0.654897,0.256322,-0.002307,0.710917,-0.000787,0.002880,-0.000556,-0.003379,0.015544,0.001159,0.367469,-0.929973,-0.010817,0.000000,0.000000,0.000000,-1,0.365860,-0.915237,-0.008713,-0.024471,0.013686,-0.009449,45.881714,184.054199,-554.885010,0,0
2.360000,1.542450,1.194218,-1.174508,0.868454,0.332660,-0.367593,0.339241,0.141947,0.929928,0.361528,-0.932303,0.010423,0.654997,0.256452,-0.002315,0.710778,0.004527,-0.002359,0.005842,-0.004968,0.018612,0.005235,0.367593,-0.929928,-0.010423,0.000000,0.000000,0.000000,-1,0.360794,-0.910416,-0.004761,-0.017018,0.009497,-0.004165,44.651169,184.229980,-554.382263,0,0
2.400000,1.543587,1.194320,-1.175593,0.868439,0.332791,-0.367510,0.339307,0.141542,0.929966,0.361503,-0.932317,0.010002,0.655152,0.256467,-0.002292,0.710631,0.010943,0.007163,0.004691,-0.005022,0.019382,0.001564,0.367510,-0.929966,-0.010002,0.000000,0.000000,0.000000,-1,0.360703,-0.915680,-0.013855,-0.011676,0.018989,-0.008503,44.475372,183.702606,-554.885010,0,0
2.440000,1.543932,1.194440,-1.175803,0.868425,0.332948,-0.367401,0.339233,0.141428,0.930010,0.361605,-0.932279,0.009872,0.655196,0.256481,-0.002211,0.710585,0.002411,0.002928,0.004773,-0.005142,0.012606,-0.003342,0.367401,-0.930010,-0.009872,0.000000,0.000000,0.000000,-1,0.360306,-0.907974,-0.005875,-0.014874,0.010595,0.000076,45.881714,181.944687,-555.555420,0,0
2.480000,1.546209,1.195115,-1.177619,0.868435,0.333589,-0.366796,0.338910,0.140571,0.930258,0.361884,-0.932179,0.009020,0.655523,0.256474,-0.001873,0.710286,-0.000734,0.017768,0.005808,-0.007650,0.016775,0.003665,0.366796,-0.930258,-0.009020,0.000000,0.000000,0.000000,-1,0.364746,-0.920105,-0.007904,-0.026537,0.029633,-0.003101,45.881714,184.405777,-554.549866,0,0
2.520000,1.546766,1.195328,-1.177591,0.868296,0.334163,-0.366602,0.338723,0.140505,0.930336,0.362393,-0.931984,0.008811,0.655549,0.256611,-0.001605,0.710213,-0.011387,0.015667,0.009120,-0.001719,0.013252,0.007896,0.366602,-0.930336,-0.008811,0.000000,0.000000,0.000000,-1,0.361542,-0.914551,0.004822,-0.043553,0.035992,-0.002993,45.002747,183.526825,-554.047119,0,0
2.560000,1.548376,1.195309,-1.177868,0.867798,0.335419,-0.366634,0.338779,0.140418,0.930329,0.363532,-0.931546,0.008221,0.655584,0.257098,-0.001183,0.710007,-0.031541,0.043163,0.003846,0.000081,0.010895,0.016736,0.366634,-0.930329,-0.008221,0.000000,0.000000,0.000000,-1,0.372589,-0.910461,0.010834,-0.048803,0.055117,0.003368,44.299591,183.526825,-554.382263,0,0
2.600000,1.551615,1.195204,-1.178238,0.866706,0.338099,-0.366756,0.338921,0.140330,0.930290,0.365997,-0.930589,0.007036,0.655618,0.258161,-0.000290,0.709590,-0.023993,0.047668,0.032526,0.011723,0.024773,0.022401,0.366756,-0.930290,-0.007036,0.000000,0.000000,0.000000,-1,0.381546,-0.903961,0.022430,-0.045531,0.062737,0.025686,44.826965,183.702606,-553.209167,0,0
2.640000,1.556817,1.195215,-1.180489,0.865564,0.340990,-0.366777,0.339226,0.139563,0.930295,0.368410,-0.929649,0.005128,0.655910,0.259264,0.000622,0.708917,-0.023889,0.070004,0.042017,0.017897,0.027966,0.030732,0.366777,-0.930295,-0.005128,0.000000,0.000000,0.000000,-1,0.384003,-0.907394,0.026337,-0.044382,0.087137,0.029847,46.760681,182.823654,-553.041565,0,0
2.680000,1.561481,1.195201,-1.182217,0.864427,0.343826,-0.366811,0.339479,0.138981,0.930289,0.370837,-0.928692,0.003417,0.656130,0.260354,0.001534,0.708312,-0.025957,0.095359,0.036631,0.016124,0.018134,0.027495,0.366811,-0.930289,-0.003417,0.000000,0.000000,0.000000,-1,0.379410,-0.918991,0.024887,-0.047495,0.115714,0.027633,45.354340,183.175232,-554.047119,0,0
2.720000,1.570928,1.196196,-1.185738,0.862459,0.349687,-0.365900,0.339108,0.137437,0.930654,0.375726,-0.926731,-0.000048,0.656710,0.262215,0.003741,0.707080,0.013560,0.109370,0.062895,0.009039,0.016576,0.022733,0.365900,-0.930654,0.000048,0.000000,0.000000,0.000000,-1,0.364777,-0.902451,0.018112,0.006898,0.119184,0.060223,45.178543,184.405777,-555.555420,0,0
2.760000,1.581542,1.198669,-1.192110,0.861534,0.354360,-0.363577,0.337837,0.134422,0.931556,0.378979,-0.925397,-0.003907,0.657841,0.263056,0.005853,0.705700,0.043424,0.105345,0.086111,-0.005331,0.032066,0.004012,0.363577,-0.931556,0.003907,0.000000,0.000000,0.000000,-1,0.352814,-0.901886,-0.003128,0.013304,0.111916,0.076181,45.354340,182.472061,-553.376709,0,0
2.800000,1.585805,1.201221,-1.193543,0.861283,0.357410,-0.361179,0.335819,0.133062,0.932481,0.381337,-0.924420,-0.005421,0.658339,0.263249,0.007655,0.705146,0.007211,0.101127,0.087472,-0.011264,0.028245,-0.006367,0.361179,-0.932481,0.005421,0.000000,0.000000,0.000000,-1,0.341125,-0.911545,0.005310,-0.036681,0.130993,0.076497,45.530136,184.054199,-554.214661,0,0
2.840000,1.592829,1.207346,-1.192320,0.860177,0.365755,-0.355415,0.330342,0.131359,0.934676,0.388549,-0.921395,-0.007832,0.658910,0.264109,0.012572,0.704220,0.013796,0.170000,0.091466,-0.015358,0.016982,-0.007160,0.355415,-0.934676,0.007832,0.000000,0.000000,0.000000,-1,0.340485,-0.918121,-0.002655,0.001827,0.182960,0.084526,45.002747,182.823654,-554.382263,0,0
2.880000,1.599258,1.210557,-1.193880,0.859296,0.370751,-0.352355,0.327754,0.129739,0.935813,0.392668,-0.919626,-0.010032,0.659467,0.264799,0.015282,0.703385,0.051114,0.175433,0.107138,-0.007903,0.023245,-0.014533,0.352355,-0.935813,0.010031,0.000000,0.000000,0.000000,-1,0.345261,-0.907501,-0.001221,0.041278,0.187344,0.101249,42.893250,183.526825,-554.382263,0,0
2.920000,1.608982,1.213649,-1.198734,0.858280,0.375914,-0.349349,0.325683,0.127094,0.936898,0.396593,-0.917898,-0.013347,0.660404,0.265594,0.017885,0.702144,0.089492,0.182944,0.118528,-0.001341,0.033211,-0.015101,0.349349,-0.936898,0.013347,0.000000,0.000000,0.000000,-1,0.344849,-0.898010,0.000290,0.077554,0.200183,0.115834,43.772217,182.647858,-553.879517,0,0
2.960000,1.628185,1.218955,-1.209759,0.856513,0.384718,-0.344059,0.322409,0.121738,0.938740,0.403035,-0.914971,-0.019767,0.662296,0.266923,0.022262,0.699729,0.101267,0.186350,0.143985,-0.004750,0.038425,-0.016242,0.344059,-0.938740,0.019767,0.000000,0.000000,0.000000,-1,0.340103,-0.902420,0.010361,0.073386,0.204706,0.146743,43.772217,183.702606,-554.885010,0,0
3.000000,1.647551,1.224398,-1.222163,0.855218,0.392442,-0.338513,0.319087,0.115982,0.940602,0.408393,-0.912435,-0.026034,0.664317,0.267767,0.026298,0.697346,0.117339,0.203542,0.171520,-0.001538,0.044300,-0.004778,0.338513,-0.940602,0.026034,0.000000,0.000000,0.000000,-1,0.337433,-0.899765,0.026733,0.107521,0.210171,0.165634,42.717453,181.241516,-552.538818,0,0
3.040000,1.666028,1.228850,-1.235309,0.854245,0.398549,-0.333802,0.316628,0.110398,0.942104,0.412326,-0.910478,-0.031885,0.666283,0.268346,0.029463,0.695118,0.144035,0.210106,0.194721,0.002227,0.038585,-0.001932,0.333802,-0.942104,0.031885,0.000000,0.000000,0.000000,-1,0.323563,-0.920471,0.036057,0.106545,0.211546,0.199727,42.190079,183.175232,-552.706360,0,0
3.080000,1.695446,1.238244,-1.255951,0.853276,0.408648,-0.323923,0.310409,0.101094,0.945212,0.419006,-0.907076,-0.040587,0.669472,0.268517,0.035506,0.691698,0.089753,0.193439,0.223963,-0.003809,0.020057,0.000215,0.323923,-0.945212,0.040587,0.000000,0.000000,0.000000,-1,0.316727,-0.934219,0.052505,0.054366,0.204204,0.206551,42.541672,183.526825,-553.041565,0,0
3.120000,1.713851,1.245800,-1.266651,0.852226,0.416925,-0.316043,0.304650,0.095625,0.947652,0.425322,-0.903897,-0.045522,0.671216,0.268757,0.040702,0.689625,0.013051,0.216337,0.178662,0.003476,0.016103,0.006312,0.316043,-0.947652,0.045522,0.000000,0.000000,0.000000,-1,0.324860,-0.938522,0.060104,-0.025562,0.222805,0.154900,41.486908,183.175232,-552.371216,0,0
3.160000,1.724951,1.250918,-1.269417,0.850160,0.425064,-0.310722,0.300278,0.093341,0.949274,0.432505,-0.900338,-0.048282,0.671770,0.269937,0.045322,0.688335,-0.039285,0.203160,0.126911,0.009667,0.009073,0.019192,0.310722,-0.949274,0.048282,0.000000,0.000000,0.000000,-1,0.313385,-0.951904,0.073547,-0.074699,0.222226,0.091364,41.838501,184.581573,-553.041565,0,0
3.200000,1.728279,1.254291,-1.266277,0.848363,0.431033,-0.307395,0.296927,0.093323,0.950329,0.438310,-0.897498,-0.048814,0.671538,0.271005,0.048737,0.687908,-0.054254,0.210262,0.092910,0.005990,-0.001575,0.024734,0.307395,-0.950329,0.048814,0.000000,0.000000,0.000000,-1,0.308960,-0.947571,0.067535,-0.079076,0.205035,0.064829,41.486908,183.175232,-552.371216,0,0
3.240000,1.734081,1.257995,-1.261954,0.844989,0.440228,-0.303632,0.293166,0.093535,0.951475,0.447266,-0.893001,-0.050024,0.671096,0.273208,0.053507,0.687114,-0.072560,0.179112,0.045229,-0.010557,0.005354,0.009714,0.303632,-0.951475,0.050024,0.000000,0.000000,0.000000,-1,0.265884,-0.941055,0.061691,-0.104785,0.186661,0.024615,40.607956,182.999435,-552.203613,0,0
3.280000,1.734510,1.260509,-1.256547,0.843125,0.445408,-0.301250,0.290380,0.094379,0.952246,0.452570,-0.890339,-0.049764,0.670543,0.274326,0.056417,0.686975,-0.090686,0.184247,0.027248,-0.035366,0.011190,0.011927,0.301250,-0.952246,0.049764,0.000000,0.000000,0.000000,-1,0.217896,-0.894287,0.074707,-0.079039,0.246016,0.029520,40.432159,182.120483,-553.711914,0,0
3.320000,1.756612,1.264187,-1.261146,0.836092,0.461474,-0.296633,0.287473,0.091975,0.953362,0.467235,-0.882373,-0.055762,0.670798,0.279126,0.063582,0.684161,0.142207,0.405964,0.069359,-0.110857,0.075539,-0.038474,0.296633,-0.953362,0.055762,0.000000,0.000000,0.000000,-1,0.185562,-0.889587,-0.020309,0.167538,0.437826,0.044999,40.080582,182.823654,-553.376709,0,0
3.360000,1.789693,1.263988,-1.282228,0.830280,0.472992,-0.294811,0.289530,0.085948,0.953302,0.476243,-0.876865,-0.065584,0.672666,0.283395,0.067430,0.680192,0.234785,0.441350,0.003524,-0.077632,0.025446,-0.178850,0.294811,-0.953302,0.065584,0.000000,0.000000,0.000000,-1,0.279678,-0.982605,-0.187317,0.196116,0.444524,-0.031951,39.377411,183.878403,-552.371216,0,0
3.400000,1.817216,1.261779,-1.298199,0.824067,0.483659,-0.294936,0.292893,0.081880,0.952633,0.484899,-0.871418,-0.074186,0.673864,0.288097,0.070475,0.676713,0.093846,0.362428,-0.057942,0.021516,-0.048329,-0.288221,0.294936,-0.952633,0.074186,0.000000,0.000000,0.000000,-1,0.409317,-1.025391,-0.181503,-0.095269,0.259725,-0.091852,40.607956,183.351028,-552.538818,0,0
3.440000,1.801219,1.257453,-1.267783,0.815820,0.494350,-0.300094,0.294198,0.091978,0.951308,0.497881,-0.864383,-0.070399,0.669746,0.294346,0.073829,0.677754,-0.238182,0.150777,-0.158975,0.150422,-0.047364,-0.139277,0.300094,-0.951308,0.070399,0.000000,0.000000,0.000000,-1,0.441788,-0.986038,-0.033646,-0.234188,0.156304,-0.168156,40.256378,182.999435,-552.538818,0,0
3.480000,1.787350,1.254348,-1.248794,0.812449,0.497550,-0.303925,0.295199,0.098482,0.950346,0.502776,-0.861827,-0.066865,0.667239,0.297026,0.074505,0.678982,-0.092279,0.132021,-0.122750,0.099029,-0.019365,-0.046113,0.303925,-0.950347,0.066865,0.000000,0.000000,0.000000,-1,0.374496,-0.945053,0.056824,-0.038157,0.142038,-0.103573,39.553207,182.296280,-553.544312,0,0
3.520000,1.799784,1.251755,-1.256786,0.809420,0.501525,-0.305469,0.298319,0.096881,0.949537,0.505810,-0.859702,-0.071197,0.667783,0.299440,0.075002,0.677330,0.191156,0.096092,0.006221,0.049573,0.069684,-0.007233,0.305469,-0.949537,0.071197,0.000000,0.000000,0.000000,-1,0.340698,-0.789001,0.023468,0.235618,0.081741,0.024499,39.377411,182.823654,-551.700867,0,0
3.560000,1.844202,1.250784,-1.300007,0.808443,0.504654,-0.302893,0.303115,0.084147,0.949232,0.504521,-0.859211,-0.084940,0.672539,0.300268,0.074950,0.672244,0.303007,0.045994,0.088637,0.038614,0.181211,-0.105234,0.302893,-0.949232,0.084940,0.000000,0.000000,0.000000,-1,0.360153,-0.765137,-0.071518,0.284601,0.024146,0.096777,40.607956,181.944687,-551.198120,0,0
3.600000,1.854174,1.250941,-1.310255,0.808634,0.504949,-0.301889,0.303818,0.080998,0.949281,0.503791,-0.859340,-0.087915,0.673712,0.300116,0.074922,0.671140,0.307218,0.014396,0.107898,0.043784,0.185533,-0.136941,0.301889,-0.949281,0.087915,0.000000,0.000000,0.000000,-1,0.380432,-0.818527,-0.131210,0.264099,-0.082634,0.117578,39.728989,183.526825,-550.360107,0,1
3.640000,1.890808,1.253236,-1.355216,0.813604,0.500198,-0.296398,0.305022,0.066795,0.950000,0.494985,-0.863331,-0.098227,0.679160,0.296403,0.073100,0.667490,0.170318,-0.210920,0.136437,0.083027,0.100299,-0.238486,0.296398,-0.950000,0.098227,0.000000,0.000000,0.000000,-1,0.330093,-0.991928,-0.094162,0.020993,-0.216868,0.143403,39.728989,183.526825,-550.360107,0,0
3.680000,1.893729,1.262407,-1.371514,0.822864,0.489945,-0.287835,0.297518,0.060087,0.952824,0.484126,-0.869680,-0.096323,0.681744,0.288768,0.071981,0.668324,0.039658,-0.163684,0.202258,0.013801,-0.065197,-0.125285,0.287835,-0.952824,0.096323,0.000000,0.000000,0.000000,-1,0.271149,-1.006165,0.020096,0.095957,-0.124170,0.204263,38.850037,182.999435,-550.862915,0,0
3.720000,1.914150,1.266588,-1.396696,0.826499,0.487180,-0.282055,0.295010,0.051887,0.954084,0.479445,-0.871759,-0.100839,0.684736,0.285581,0.072068,0.666623,0.315634,-0.100136,0.207337,-0.009197,-0.014986,-0.069268,0.282055,-0.954084,0.100839,0.000000,0.000000,0.000000,-1,0.295380,-0.927582,0.000137,0.366422,-0.083305,0.161530,37.443695,183.351028,-551.198120,0,0
3.760000,1.961445,1.264972,-1.450295,0.829588,0.484023,-0.278396,0.298896,0.036193,0.953599,0.471640,-0.874306,-0.114647,0.690660,0.283395,0.069949,0.661652,0.353490,-0.107136,0.023834,0.032715,0.025392,-0.148797,0.278396,-0.953599,0.114647,0.000000,0.000000,0.000000,-1,0.336578,-0.950760,-0.031937,0.218773,-0.164468,-0.027713,40.080582,183.878403,-551.030518,0,0
3.800000,1.983391,1.259319,-1.482604,0.833296,0.476234,-0.280747,0.305274,0.026993,0.951882,0.460897,-0.878904,-0.122889,0.694477,0.281330,0.064851,0.659052,0.159215,-0.194794,-0.067014,0.083083,-0.026771,-0.061136,0.280747,-0.951882,0.122889,0.000000,0.000000,0.000000,-1,0.342560,-1.013748,0.095108,0.117450,-0.166132,-0.095102,38.850037,184.054199,-550.192566,0,0
3.840000,1.987305,1.255407,-1.490940,0.834355,0.472635,-0.283668,0.309198,0.024744,0.950676,0.456342,-0.880911,-0.125492,0.695540,0.281016,0.062065,0.658333,0.114831,-0.060440,-0.084174,0.011071,-0.086159,-0.028065,0.283668,-0.950676,0.125492,0.000000,0.000000,0.000000,-1,0.281403,-1.116730,0.051682,0.070076,0.005539,-0.086855,40.080582,184.581573,-548.349121,0,0
3.880000,1.990091,1.252511,-1.493753,0.833593,0.472678,-0.285831,0.312010,0.024086,0.949773,0.455821,-0.880906,-0.127402,0.695864,0.281911,0.061072,0.657700,0.022425,0.006398,-0.074120,-0.004428,-0.166956,-0.075721,0.285831,-0.949773,0.127402,0.000000,0.000000,0.000000,-1,0.334747,-1.179581,0.026047,-0.035384,-0.016617,-0.079562,38.850037,184.757355,-548.181519,0,0
3.920000,1.980249,1.251989,-1.486376,0.834443,0.470142,-0.287525,0.312318,0.026429,0.949610,0.454050,-0.882195,-0.124780,0.695125,0.281410,0.059890,0.658804,-0.086384,-0.131534,0.012466,0.047222,-0.229971,-0.098734,0.287525,-0.949610,0.124780,0.000000,0.000000,0.000000,-1,0.338516,-1.149033,0.087936,-0.048136,-0.104498,0.038051,39.025833,183.526825,-549.354614,0,0
3.960000,1.985869,1.253829,-1.496213,0.837037,0.466925,-0.285220,0.310820,0.023225,0.950185,0.450290,-0.883992,-0.125689,0.696330,0.279230,0.059264,0.658516,0.204887,0.002574,0.088539,0.046033,-0.174266,-0.058322,0.285220,-0.950185,0.125689,0.000000,0.000000,0.000000,-1,0.318192,-1.049255,-0.038864,0.226951,-0.003643,0.068565,38.322662,184.229980,-548.684265,0,0
4.000000,2.008940,1.251789,-1.523380,0.838778,0.464538,-0.284000,0.313272,0.014865,0.949547,0.445323,-0.885428,-0.133058,0.699459,0.278004,0.057660,0.655855,0.124290,-0.156203,-0.016774,0.032086,-0.076957,-0.192277,0.284000,-0.949547,0.133058,0.000000,0.000000,0.000000,-1,0.293564,-0.964218,-0.042694,-0.109603,-0.242462,-0.106904,39.025833,183.175232,-549.019409,0,0
4.040000,1.970369,1.249893,-1.496484,0.842904,0.452855,-0.290577,0.314553,0.023418,0.948951,0.436542,-0.891276,-0.122708,0.696813,0.275328,0.052369,0.660230,-0.290600,-0.291733,-0.134495,-0.031605,0.030280,-0.093792,0.290577,-0.948951,0.122708,0.000000,0.000000,0.000000,-1,0.234497,-0.864334,0.092163,-0.313160,-0.276638,-0.141418,41.135330,183.878403,-549.354614,0,0
4.080000,1.935297,1.249307,-1.468692,0.845482,0.444978,-0.295220,0.314334,0.032207,0.948766,0.431688,-0.894962,-0.112641,0.693887,0.273572,0.049168,0.664275,-0.213921,-0.296920,-0.121221,-0.067834,0.109609,0.004668,0.295220,-0.948766,0.112641,0.000000,0.000000,0.000000,-1,0.217850,-0.781387,0.177856,-0.181178,-0.308258,-0.122082,41.662704,183.702606,-549.857361,0,0
4.120000,1.904410,1.247200,-1.451703,0.850573,0.431575,-0.300446,0.315726,0.037780,0.948098,0.420526,-0.901286,-0.104125,0.692264,0.269876,0.043365,0.667875,-0.054548,-0.451111,-0.069678,-0.098206,0.185220,0.109437,0.300446,-0.948098,0.104125,0.000000,0.000000,0.000000,-1,0.189682,-0.771301,0.257446,-0.084744,-0.552948,-0.007923,41.311127,181.944687,-550.192566,0,0
4.160000,1.863069,1.248946,-1.436833,0.861798,0.406880,-0.302908,0.313488,0.042249,0.948652,0.398785,-0.912504,-0.091142,0.691139,0.260573,0.034681,0.673221,-0.198266,-0.520121,0.024378,-0.113607,0.206861,0.234176,0.302908,-0.948652,0.091142,0.000000,0.000000,0.000000,-1,0.195953,-0.732254,0.334839,-0.270771,-0.473240,0.017723,41.135330,182.120483,-550.695312,0,0
4.200000,1.827303,1.251878,-1.414145,0.867680,0.393894,-0.303281,0.309700,0.048916,0.949575,0.388867,-0.917853,-0.079546,0.688896,0.255334,0.031059,0.677689,-0.259830,-0.459705,0.027825,-0.082761,0.214422,0.278319,0.303281,-0.949575,0.079546,0.000000,0.000000,0.000000,-1,0.290268,-0.810852,0.374420,-0.246134,-0.421378,0.014141,41.311127,183.351028,-550.527710,0,0
4.240000,1.801061,1.253454,-1.400712,0.873012,0.381511,-0.303806,0.307540,0.052818,0.950068,0.378508,-0.922854,-0.071219,0.687643,0.250512,0.027159,0.680921,0.080631,-0.163537,-0.008951,0.035488,0.103877,0.277521,0.303806,-0.950068,0.071219,0.000000,0.000000,0.000000,-1,0.443405,-0.972015,0.183670,0.383537,0.119114,-0.054556,42.014297,183.351028,-551.533264,0,0
4.280000,1.876793,1.246442,-1.475541,0.871077,0.385842,-0.303893,0.317252,0.030312,0.947857,0.374934,-0.922067,-0.096005,0.695840,0.252606,0.025524,0.671823,0.752339,0.086893,0.054147,0.130082,-0.066868,-0.049893,0.303893,-0.947857,0.096005,0.000000,0.000000,0.000000,-1,0.391251,-1.020691,-0.031494,0.781643,-0.026945,0.079265,40.256378,184.054199,-548.181519,0,0
4.320000,1.941614,1.241633,-1.548374,0.873647,0.382061,-0.301281,0.323171,0.007248,0.946313,0.363733,-0.924109,-0.117139,0.704191,0.250370,0.022172,0.664032,0.743930,-0.293676,0.133408,0.050251,-0.065452,-0.160810,0.301281,-0.946313,0.117139,0.000000,0.000000,0.000000,-1,0.269760,-0.933975,0.003586,0.598653,-0.365449,0.122435,41.135330,182.823654,-549.354614,0,0
