0.000000,2.824654,-1.382820,2.770167,0.996523,-0.059576,-0.058240,-0.067824,-0.174129,-0.982384,0.048385,0.982919,-0.177564,-0.766195,0.041569,0.003216,0.641255,-0.004139,-0.024648,0.005501,-0.003904,0.014518,0.001467,0.058240,0.982384,0.177564,0.000000,0.000000,0.000000,-1,0.054932,0.993027,0.190079,-0.003247,-0.124030,0.010169,149.801147,282.011353,-760.361816,0,0
0.040000,2.824819,-1.382414,2.770975,0.996555,-0.058954,-0.058335,-0.067828,-0.174555,-0.982308,0.047729,0.982881,-0.177953,-0.766333,0.041360,0.003460,0.641102,-0.002013,-0.011929,0.003292,-0.003403,0.010718,0.012126,0.058335,0.982308,0.177953,0.000000,0.000000,0.000000,-1,0.049362,1.004303,0.185776,-0.002182,-0.100711,0.005797,149.450729,280.614380,-762.365845,0,0
0.080000,2.828496,-1.382275,2.774616,0.996591,-0.058947,-0.057722,-0.067240,-0.174928,-0.982283,0.047806,0.982815,-0.178295,-0.766455,0.041160,0.003235,0.640970,0.006467,0.001842,-0.005378,-0.008330,0.022768,0.007313,0.057722,0.982283,0.178295,0.000000,0.000000,0.000000,-1,0.051926,1.000473,0.177872,0.009467,-0.113448,-0.003847,149.976349,281.487488,-762.198853,0,0
0.120000,2.831856,-1.383288,2.778377,0.996672,-0.058447,-0.056820,-0.066229,-0.174250,-0.982472,0.047522,0.982965,-0.177541,-0.766235,0.040678,0.003034,0.641265,0.014945,-0.012002,-0.015006,-0.006969,0.012722,-0.001058,0.056820,0.982472,0.177541,0.000000,0.000000,0.000000,-1,0.058899,0.991592,0.176559,0.014753,-0.120879,-0.010254,151.027588,281.138245,-762.198853,0,0
0.160000,2.832500,-1.383830,2.779648,0.996727,-0.057785,-0.056543,-0.065819,-0.173836,-0.982573,0.046949,0.983078,-0.177070,-0.766099,0.040335,0.003131,0.641448,0.009631,-0.016242,-0.013864,0.004797,0.007036,0.004769,0.056543,0.982573,0.177070,0.000000,0.000000,0.000000,-1,0.062683,0.990540,0.182556,0.010546,-0.102843,-0.001780,149.625931,280.439758,-761.530823,0,0
0.200000,2.832017,-1.383959,2.779466,0.996741,-0.057485,-0.056590,-0.065805,-0.173705,-0.982597,0.046655,0.983119,-0.176922,-0.766056,0.040235,0.003242,0.641505,0.005417,-0.009868,-0.004271,0.001546,0.007836,0.001392,0.056590,0.982597,0.176922,0.000000,0.000000,0.000000,-1,0.059586,0.995758,0.174942,0.005240,-0.111318,0.002572,151.027588,280.090515,-762.198853,0,0
0.240000,2.830525,-1.384382,2.778190,0.996746,-0.057268,-0.056727,-0.065879,-0.173233,-0.982675,0.046449,0.983215,-0.176442,-0.765902,0.040197,0.003355,0.641691,0.002254,-0.003500,0.001055,0.002325,0.009604,-0.005711,0.056727,0.982675,0.176442,0.000000,0.000000,0.000000,-1,0.055588,0.998215,0.172668,-0.003247,-0.118730,0.009081,149.450729,281.662109,-762.031860,0,0
0.280000,2.829893,-1.384446,2.778227,0.996778,-0.056606,-0.056819,-0.065850,-0.173176,-0.982687,0.045787,0.983263,-0.176346,-0.765882,0.039972,0.003601,0.641727,-0.005197,-0.026861,-0.000899,-0.000056,0.011957,0.006942,0.056819,0.982687,0.176346,0.000000,0.000000,0.000000,-1,0.057251,0.991913,0.180984,-0.011777,-0.114500,0.001710,150.852371,281.312866,-761.029846,0,0
0.320000,2.832178,-1.383643,2.781152,0.996823,-0.055979,-0.056656,-0.065622,-0.174107,-0.982538,0.045137,0.983134,-0.177227,-0.766185,0.039677,0.003759,0.641383,-0.008397,-0.009907,-0.006259,0.003890,0.013144,0.004139,0.056656,0.982538,0.177227,0.000000,0.000000,0.000000,-1,0.064545,0.998642,0.178894,-0.007527,-0.112382,0.000590,150.852371,281.312866,-762.699829,0,0
0.360000,2.831643,-1.383295,2.780775,0.996819,-0.055848,-0.056855,-0.065808,-0.174402,-0.982473,0.044953,0.983089,-0.177523,-0.766281,0.039691,0.003883,0.641267,-0.000945,0.000696,-0.005323,0.007430,0.012156,0.007139,0.056855,0.982473,0.177523,0.000000,0.000000,0.000000,-1,0.061325,0.991425,0.171432,-0.000080,-0.106020,0.000479,151.377991,279.741272,-761.864868,0,0
0.400000,2.829106,-1.383850,2.778697,0.996828,-0.055395,-0.057138,-0.065977,-0.173755,-0.982576,0.044502,0.983230,-0.176859,-0.766068,0.039609,0.004124,0.641525,0.005449,-0.016260,0.001068,0.005469,0.011869,-0.004617,0.057138,0.982576,0.176859,0.000000,0.000000,0.000000,-1,0.058762,0.991074,0.191940,0.002088,-0.098585,0.009995,150.852371,279.915894,-761.697876,0,0
0.440000,2.828200,-1.383403,2.777720,0.996805,-0.055502,-0.057433,-0.066303,-0.174100,-0.982493,0.044532,0.983163,-0.177224,-0.766180,0.039744,0.004210,0.641381,0.002338,0.010244,0.007360,0.003312,0.007589,0.010184,0.057433,0.982493,0.177224,0.000000,0.000000,0.000000,-1,0.056168,0.993164,0.179169,-0.002157,-0.093282,0.011082,149.450729,281.312866,-762.031860,0,0
0.480000,2.828355,-1.382985,2.777633,0.996785,-0.055764,-0.057533,-0.066464,-0.174479,-0.982415,0.044745,0.983081,-0.177624,-0.766304,0.039876,0.004172,0.641226,-0.006188,0.005996,0.003218,-0.002097,0.008475,0.007236,0.057533,0.982415,0.177624,0.000000,0.000000,0.000000,-1,0.059845,0.988846,0.177444,-0.008547,-0.093287,0.007961,150.677170,279.741272,-763.200867,0,0
0.520000,2.828872,-1.382726,2.777862,0.996769,-0.056058,-0.057519,-0.066515,-0.174732,-0.982367,0.045019,0.983019,-0.177896,-0.766387,0.039984,0.004077,0.641120,-0.007244,0.015537,0.003187,0.002326,0.006479,-0.000452,0.057519,0.982367,0.177896,0.000000,0.000000,0.000000,-1,0.063004,1.001099,0.175613,-0.005332,-0.079498,0.012118,151.553207,282.011353,-762.365845,0,0
0.560000,2.825739,-1.382582,2.773926,0.996686,-0.056908,-0.058120,-0.067253,-0.174601,-0.982340,0.045756,0.982993,-0.177850,-0.766345,0.040504,0.004034,0.641139,0.001272,0.007060,0.007389,0.001053,0.025564,-0.003747,0.058120,0.982340,0.177850,0.000000,0.000000,0.000000,-1,0.052353,1.001328,0.169952,0.002084,-0.098586,0.008932,150.852371,280.614380,-763.033875,0,0
0.600000,2.826878,-1.383485,2.775325,0.996732,-0.056586,-0.057643,-0.066691,-0.173866,-0.982508,0.045574,0.983142,-0.177071,-0.766105,0.040229,0.003938,0.641443,0.007595,-0.023711,-0.012748,-0.002116,0.014257,-0.003030,0.057643,0.982509,0.177072,0.000000,0.000000,0.000000,-1,0.062714,0.990219,0.182556,0.005184,-0.127239,-0.009056,150.501968,280.963623,-762.365845,0,0
0.640000,2.827947,-1.383598,2.777027,0.996782,-0.055933,-0.057419,-0.066355,-0.173876,-0.982530,0.044972,0.983178,-0.177028,-0.766108,0.039906,0.004062,0.641459,0.004436,-0.001441,-0.008558,0.000503,0.004867,0.006139,0.057419,0.982529,0.177028,0.000000,0.000000,0.000000,-1,0.055649,0.994522,0.181747,-0.003257,-0.099656,0.002613,149.976349,280.439758,-761.196838,0,0
0.680000,2.829800,-1.383447,2.778724,0.996791,-0.056072,-0.057137,-0.066113,-0.174127,-0.982501,0.045142,0.983126,-0.177275,-0.766191,0.039868,0.003914,0.641364,-0.001898,0.012356,0.001022,-0.000801,0.013409,0.001558,0.057137,0.982501,0.177275,0.000000,0.000000,0.000000,-1,0.060135,0.993805,0.170441,-0.005354,-0.087986,0.007902,151.377991,280.090515,-760.528809,0,0
0.720000,2.828422,-1.383713,2.776902,0.996756,-0.056520,-0.057300,-0.066337,-0.173762,-0.982551,0.045577,0.983164,-0.176948,-0.766072,0.040093,0.003826,0.641492,0.002373,0.011301,0.005235,0.005245,0.008614,-0.002860,0.057300,0.982551,0.176948,0.000000,0.000000,0.000000,-1,0.060043,0.989960,0.181213,0.003161,-0.090101,0.011009,151.027588,280.439758,-761.196838,0,0
0.760000,2.827314,-1.383277,2.775385,0.996711,-0.056966,-0.057629,-0.066754,-0.174061,-0.982470,0.045936,0.983086,-0.177291,-0.766170,0.040369,0.003815,0.641358,-0.002905,0.009212,0.006380,0.002628,0.010191,0.009751,0.057629,0.982470,0.177291,0.000000,0.000000,0.000000,-1,0.058594,0.993256,0.185028,-0.003206,-0.085857,0.013187,151.377991,280.090515,-762.866882,0,0
0.800000,2.826867,-1.382665,2.774344,0.996660,-0.057597,-0.057894,-0.067151,-0.174553,-0.982355,0.046475,0.982962,-0.177837,-0.766330,0.040696,0.003725,0.641145,-0.003974,0.014509,0.004241,0.000684,0.013891,0.004841,0.057894,0.982355,0.177837,0.000000,0.000000,0.000000,-1,0.062653,1.000748,0.178543,-0.003233,-0.089048,0.006820,150.151550,280.614380,-761.697876,0,0
0.840000,2.826846,-1.382688,2.773810,0.996630,-0.058106,-0.057891,-0.067236,-0.174496,-0.982360,0.046980,0.982942,-0.177814,-0.766313,0.040891,0.003560,0.641155,-0.002947,0.013434,-0.005338,0.004243,0.016526,-0.002308,0.057891,0.982360,0.177814,0.000000,0.000000,0.000000,-1,0.060364,0.991867,0.169769,-0.002196,-0.092238,0.000440,151.377991,280.789001,-762.198853,0,0
0.880000,2.826626,-1.382917,2.773596,0.996633,-0.058091,-0.057860,-0.067192,-0.174271,-0.982403,0.046986,0.982983,-0.177588,-0.766240,0.040876,0.003548,0.641244,-0.007209,-0.007770,-0.004131,0.002763,0.011555,0.001001,0.057860,0.982403,0.177588,0.000000,0.000000,0.000000,-1,0.060379,1.000580,0.183487,-0.002211,-0.101783,-0.001644,152.254028,280.963623,-763.033875,0,0
0.920000,2.827495,-1.382873,2.774552,0.996647,-0.057995,-0.057720,-0.067041,-0.174376,-0.982394,0.046909,0.982970,-0.177680,-0.766274,0.040794,0.003527,0.641208,0.004529,-0.000309,-0.008527,0.004430,0.019895,-0.001593,0.057720,0.982394,0.177680,0.000000,0.000000,0.000000,-1,0.062393,0.997238,0.170227,0.007354,-0.106024,-0.001730,150.501968,279.566650,-763.367859,0,0
0.960000,2.825994,-1.383761,2.773365,0.996667,-0.057655,-0.057715,-0.066934,-0.173482,-0.982560,0.046637,0.983148,-0.176763,-0.765982,0.040663,0.003616,0.641565,0.006653,-0.007732,-0.008515,0.003564,0.013061,0.000499,0.057715,0.982560,0.176763,0.000000,0.000000,0.000000,-1,0.058960,0.986435,0.187347,0.002032,-0.109206,-0.002721,150.677170,281.138245,-761.196838,0,0
1.000000,2.828174,-1.383171,2.775665,0.996686,-0.057538,-0.057508,-0.066742,-0.174177,-0.982450,0.046512,0.983032,-0.177440,-0.766209,0.040550,0.003588,0.641301,-0.006080,0.003938,-0.003109,0.000368,0.003497,0.012670,0.057508,0.982450,0.177440,0.000000,0.000000,0.000000,-1,0.062149,0.989197,0.175659,-0.013857,-0.095404,0.010157,150.501968,280.265137,-762.699829,0,0
1.040000,2.827446,-1.382639,2.774638,0.996649,-0.057874,-0.057799,-0.067108,-0.174596,-0.982351,0.046761,0.982938,-0.177895,-0.766345,0.040772,0.003601,0.641124,-0.013467,0.013498,0.009695,0.001191,0.010951,-0.003899,0.057799,0.982351,0.177895,0.000000,0.000000,0.000000,-1,0.050598,0.991180,0.174591,-0.013819,-0.087970,0.018633,150.326767,280.090515,-762.532837,0,0
1.080000,2.827441,-1.382298,2.774103,0.996611,-0.058421,-0.057904,-0.067322,-0.174873,-0.982287,0.047260,0.982856,-0.178214,-0.766436,0.041015,0.003472,0.641000,-0.022948,0.011455,0.017281,-0.006710,0.013227,-0.001975,0.057904,0.982287,0.178214,0.000000,0.000000,0.000000,-1,0.050797,1.002548,0.179276,-0.025506,-0.087967,0.020889,150.151550,280.963623,-761.697876,0,0
1.120000,2.829351,-1.381792,2.775483,0.996591,-0.058950,-0.057716,-0.067259,-0.175430,-0.982192,0.047775,0.982726,-0.178797,-0.766619,0.041157,0.003242,0.640774,-0.012363,0.006136,0.005484,-0.006721,0.021791,0.000311,0.057716,0.982192,0.178797,0.000000,0.000000,0.000000,-1,0.063278,0.997559,0.180038,-0.005358,-0.098586,0.009014,150.501968,280.963623,-761.697876,0,0
1.160000,2.828738,-1.381672,2.774738,0.996574,-0.059097,-0.057862,-0.067432,-0.175490,-0.982169,0.047889,0.982706,-0.178873,-0.766638,0.041261,0.003252,0.640744,-0.000685,0.005069,0.001106,0.008362,0.016854,0.002599,0.057862,0.982169,0.178873,0.000000,0.000000,0.000000,-1,0.057983,0.990707,0.184479,-0.003239,-0.097529,0.006858,150.151550,280.963623,-762.365845,0,0
1.200000,2.828572,-1.381424,2.774637,0.996571,-0.059047,-0.057966,-0.067537,-0.175710,-0.982123,0.047806,0.982669,-0.179096,-0.766710,0.041275,0.003313,0.640657,-0.000708,-0.008720,-0.002022,-0.001463,0.005792,0.004941,0.057966,0.982123,0.179095,0.000000,0.000000,0.000000,-1,0.058609,0.989838,0.188293,-0.004325,-0.112377,0.003746,151.202789,281.662109,-763.367859,0,0
1.240000,2.828649,-1.380616,2.775115,0.996578,-0.058691,-0.058197,-0.067737,-0.176483,-0.981970,0.047362,0.982552,-0.179855,-0.766961,0.041211,0.003532,0.640359,-0.015530,-0.006526,0.000289,0.006455,0.007867,0.006089,0.058197,0.981970,0.179855,0.000000,0.000000,0.000000,-1,0.062531,0.993576,0.182480,-0.020251,-0.094350,0.005968,151.553207,279.566650,-763.367859,0,0
1.280000,2.828106,-1.379553,2.774729,0.996559,-0.058600,-0.058616,-0.068180,-0.177431,-0.981769,0.047132,0.982387,-0.180816,-0.767269,0.041309,0.003742,0.639983,-0.018733,-0.019251,-0.000679,0.003884,0.011792,0.000733,0.058616,0.981769,0.180816,0.000000,0.000000,0.000000,-1,0.065292,0.995972,0.186493,-0.019211,-0.119797,0.005007,150.677170,280.439758,-761.864868,0,0
1.320000,2.827717,-1.378855,2.774766,0.996565,-0.058219,-0.058898,-0.068419,-0.178073,-0.981636,0.046662,0.982294,-0.181445,-0.767477,0.041251,0.003986,0.639736,-0.017661,-0.005469,-0.000752,0.004166,0.015145,0.005720,0.058898,0.981636,0.181445,0.000000,0.000000,0.000000,-1,0.062943,0.994736,0.182495,-0.016006,-0.104952,0.005969,150.501968,280.963623,-761.363831,0,0
1.360000,2.826535,-1.378766,2.773940,0.996570,-0.057886,-0.059140,-0.068597,-0.178098,-0.981619,0.046289,0.982309,-0.181458,-0.767484,0.041201,0.004186,0.639729,-0.003847,-0.017133,-0.000850,0.003543,0.016367,-0.008042,0.059140,0.981619,0.181458,0.000000,0.000000,0.000000,-1,0.055054,0.999283,0.179321,-0.007540,-0.125106,-0.000416,149.450729,281.662109,-761.029846,0,0
1.400000,2.828537,-1.379132,2.777164,0.996671,-0.056620,-0.058665,-0.067895,-0.177983,-0.981689,0.045141,0.982403,-0.181234,-0.767445,0.040561,0.004406,0.639815,0.004658,-0.029836,-0.011499,-0.003520,0.014939,0.006006,0.058665,0.981689,0.181234,0.000000,0.000000,0.000000,-1,0.058289,0.996277,0.191238,0.003060,-0.129358,-0.007960,151.553207,280.614380,-762.365845,0,0
1.440000,2.830837,-1.379075,2.780176,0.996736,-0.055880,-0.058266,-0.067378,-0.178239,-0.981678,0.044471,0.982399,-0.181422,-0.767528,0.040148,0.004493,0.639741,0.002518,-0.019242,-0.016842,-0.001213,0.010678,0.008550,0.058266,0.981678,0.181422,0.000000,0.000000,0.000000,-1,0.059067,0.994766,0.187164,0.003055,-0.125120,-0.010106,150.326767,279.741272,-763.200867,0,0
1.480000,2.832909,-1.379342,2.783102,0.996812,-0.054985,-0.057810,-0.066764,-0.178189,-0.981729,0.043679,0.982459,-0.181292,-0.767511,0.039657,0.004603,0.639791,0.005720,-0.011818,-0.014783,0.000845,0.014975,0.003812,0.057810,0.981729,0.181292,0.000000,0.000000,0.000000,-1,0.055054,0.995926,0.184235,0.008383,-0.114516,-0.009149,151.377991,280.789001,-763.200867,0,0
1.520000,2.835417,-1.380016,2.786153,0.996884,-0.054372,-0.057156,-0.065990,-0.177773,-0.981857,0.043224,0.982568,-0.180807,-0.767376,0.039212,0.004539,0.639981,0.017433,-0.007572,-0.010677,0.001057,0.007295,0.007639,0.057156,0.981857,0.180807,0.000000,0.000000,0.000000,-1,0.057846,0.987137,0.186981,0.014778,-0.109211,-0.006052,151.553207,282.360596,-762.699829,0,0
1.560000,2.836320,-1.380234,2.787509,0.996923,-0.053894,-0.056928,-0.065675,-0.177661,-0.981898,0.042805,0.982615,-0.180654,-0.767339,0.038956,0.004601,0.640041,0.010034,-0.025526,-0.008357,-0.000013,0.009054,0.008006,0.056928,0.981898,0.180654,0.000000,0.000000,0.000000,-1,0.054993,0.992401,0.196075,0.000965,-0.125106,-0.000510,150.151550,281.312866,-763.367859,0,0
1.600000,2.839154,-1.379644,2.790644,0.996959,-0.053585,-0.056588,-0.065316,-0.178410,-0.981786,0.042513,0.982496,-0.181367,-0.767583,0.038726,0.004584,0.639762,0.002622,0.010523,-0.006312,-0.000833,0.005717,0.013778,0.056588,0.981786,0.181367,0.000000,0.000000,0.000000,-1,0.058228,0.988693,0.181213,-0.000070,-0.092238,0.000417,151.027588,280.439758,-761.196838,0,0
1.640000,2.840221,-1.379799,2.791448,0.996959,-0.053825,-0.056350,-0.065121,-0.178319,-0.981815,0.042798,0.982499,-0.181282,-0.767555,0.038742,0.004414,0.639796,-0.000544,-0.001127,0.002285,-0.007048,0.011074,-0.001808,0.056350,0.981815,0.181282,0.000000,0.000000,0.000000,-1,0.046616,0.993286,0.189590,-0.004295,-0.103886,0.010090,150.677170,281.138245,-762.198853,0,0
1.680000,2.842522,-1.379528,2.793691,0.996976,-0.053862,-0.056011,-0.064811,-0.178715,-0.981764,0.042870,0.982425,-0.181665,-0.767684,0.038647,0.004279,0.639648,-0.011164,0.005237,0.004498,-0.006984,0.012545,0.010885,0.056011,0.981764,0.181665,0.000000,0.000000,0.000000,-1,0.062912,0.987076,0.194061,-0.011730,-0.090105,0.009046,150.501968,282.360596,-762.699829,0,0
1.720000,2.842505,-1.378314,2.792852,0.996908,-0.054746,-0.056365,-0.065369,-0.179781,-0.981532,0.043601,0.982182,-0.182804,-0.768032,0.039098,0.004155,0.639203,-0.012135,0.033932,0.010793,0.011246,0.005162,0.009106,0.056365,0.981532,0.182804,0.000000,0.000000,0.000000,-1,0.068222,0.993469,0.180847,-0.013799,-0.066764,0.019600,149.450729,280.265137,-761.363831,0,0
1.760000,2.838733,-1.377669,2.787898,0.996788,-0.056015,-0.057243,-0.066478,-0.180048,-0.981409,0.044667,0.982062,-0.183194,-0.768119,0.039868,0.004093,0.639051,-0.014274,0.015907,0.010902,0.002495,0.013754,-0.007122,0.057243,0.981409,0.183194,0.000000,0.000000,0.000000,-1,0.057739,1.003372,0.172348,-0.011714,-0.095398,0.014388,149.801147,279.566650,-761.697876,0,0
1.800000,2.837482,-1.378095,2.786834,0.996792,-0.055824,-0.057347,-0.066524,-0.179586,-0.981490,0.044492,0.982157,-0.182723,-0.767968,0.039828,0.004185,0.639235,-0.006900,-0.011681,-0.002883,0.003276,0.017975,-0.006164,0.057347,0.981490,0.182723,0.000000,0.000000,0.000000,-1,0.069870,0.993484,0.186218,-0.005399,-0.110261,0.000557,149.976349,280.789001,-762.198853,0,0
1.840000,2.834978,-1.377921,2.784604,0.996776,-0.055597,-0.057856,-0.066984,-0.179597,-0.981457,0.044175,0.982168,-0.182742,-0.767971,0.039904,0.004453,0.639225,0.000545,-0.002142,-0.004068,0.009878,0.009296,0.004086,0.057856,0.981457,0.182742,0.000000,0.000000,0.000000,-1,0.060593,0.990723,0.180267,-0.006438,-0.104952,0.005863,149.625931,281.138245,-761.864868,0,0
1.880000,2.833390,-1.377866,2.783296,0.996772,-0.055344,-0.058162,-0.067238,-0.179560,-0.981447,0.043873,0.982189,-0.182701,-0.767957,0.039905,0.004652,0.639240,-0.007907,-0.013755,0.000356,-0.000988,0.012557,-0.006234,0.058162,0.981447,0.182701,0.000000,0.000000,0.000000,-1,0.055344,0.996887,0.180466,-0.012838,-0.117679,0.002800,150.326767,279.392029,-760.862854,0,0
1.920000,2.834388,-1.377820,2.785055,0.996824,-0.054574,-0.057994,-0.066938,-0.179720,-0.981438,0.043138,0.982203,-0.182802,-0.768008,0.039554,0.004836,0.639199,-0.008983,-0.012702,-0.003892,0.003682,0.015373,0.001814,0.057994,0.981438,0.182802,0.000000,0.000000,0.000000,-1,0.066391,0.991730,0.186462,-0.005381,-0.102835,0.003715,150.677170,281.138245,-762.866882,0,0
1.960000,2.832202,-1.377641,2.782837,0.996794,-0.054647,-0.058446,-0.067398,-0.179735,-0.981404,0.043126,0.982196,-0.182842,-0.768012,0.039727,0.004987,0.639182,-0.004698,-0.002092,0.002397,0.007578,0.009609,-0.003353,0.058446,0.981404,0.182842,0.000000,0.000000,0.000000,-1,0.062820,0.991043,0.176483,-0.018144,-0.114496,0.004972,149.976349,281.836731,-762.532837,0,0
2.000000,2.830477,-1.377589,2.781464,0.996792,-0.054324,-0.058777,-0.067662,-0.179690,-0.981394,0.042752,0.982222,-0.182789,-0.767996,0.039709,0.005217,0.639201,-0.016387,0.006387,0.001426,0.001464,0.005194,-0.007771,0.058777,0.981394,0.182789,0.000000,0.000000,0.000000,-1,0.020325,0.982910,0.176117,-0.020247,-0.078450,0.003768,150.151550,282.011353,-763.033875,0,0
2.040000,2.844760,-1.377808,2.794957,0.996915,-0.054889,-0.056098,-0.065159,-0.180385,-0.981435,0.043751,0.982063,-0.183405,-0.768229,0.039066,0.004018,0.638969,-0.036697,-0.006350,-0.040828,-0.045234,-0.002004,-0.006144,0.056098,0.981435,0.183405,0.000000,0.000000,0.000000,-1,0.053604,1.022430,0.185150,-0.040688,-0.150619,-0.045675,151.202789,279.217407,-761.697876,0,0
2.080000,2.855355,-1.376386,2.808560,0.997167,-0.051805,-0.054546,-0.063155,-0.182573,-0.981162,0.040870,0.981827,-0.185327,-0.768939,0.037376,0.004446,0.638214,-0.060168,-0.045599,-0.054220,0.023763,0.034768,0.023749,0.054546,0.981162,0.185327,0.000000,0.000000,0.000000,-1,0.087006,0.980438,0.193573,-0.045968,-0.076413,-0.051271,150.501968,279.915894,-763.033875,0,0
2.120000,2.866687,-1.375129,2.819920,0.997269,-0.051665,-0.052777,-0.061467,-0.184449,-0.980918,0.040944,0.981483,-0.187121,-0.769552,0.036753,0.003844,0.637514,-0.036800,-0.009572,-0.067402,0.036075,-0.001365,-0.001574,0.052777,0.980918,0.187121,0.000000,0.000000,0.000000,-1,0.097794,0.995422,0.175674,-0.033313,-0.138987,-0.066020,150.151550,281.662109,-760.361816,0,0
2.160000,2.876909,-1.374774,2.832494,0.997490,-0.049173,-0.050953,-0.059249,-0.185539,-0.980849,0.038777,0.981406,-0.187987,-0.769905,0.035206,0.003954,0.637174,-0.032614,-0.053057,-0.076821,0.041378,0.017579,-0.014556,0.050953,0.980849,0.187987,0.000000,0.000000,0.000000,-1,0.075302,1.004318,0.169189,-0.032260,-0.146410,-0.067062,150.151550,280.614380,-762.031860,0,0
2.200000,2.888804,-1.375147,2.846776,0.997730,-0.046581,-0.048621,-0.056487,-0.186016,-0.980922,0.036648,0.981442,-0.188225,-0.770060,0.033461,0.003887,0.637081,-0.004957,-0.057251,-0.081333,0.013985,0.035466,-0.019387,0.048621,0.980922,0.188225,0.000000,0.000000,0.000000,-1,0.048279,0.986771,0.185623,0.012310,-0.159162,-0.086642,150.326767,280.439758,-763.200867,0,0
2.240000,2.902759,-1.376615,2.863627,0.998014,-0.043397,-0.045649,-0.052949,-0.185557,-0.981206,0.034111,0.981675,-0.187486,-0.769912,0.031285,0.003747,0.637372,0.032180,-0.083778,-0.095451,0.006536,-0.003804,0.003310,0.045649,0.981206,0.187486,0.000000,0.000000,0.000000,-1,0.052048,0.980759,0.223068,0.026112,-0.184607,-0.086680,150.852371,280.963623,-761.697876,0,0
2.280000,2.917465,-1.377077,2.880829,0.998257,-0.040644,-0.042786,-0.049633,-0.186001,-0.981295,0.031926,0.981708,-0.187694,-0.770057,0.029308,0.003526,0.637291,-0.003837,-0.006353,-0.075192,0.003493,0.003751,0.042667,0.042786,0.981295,0.187695,0.000000,0.000000,0.000000,-1,0.031967,0.991791,0.217438,-0.008806,-0.076432,-0.064445,149.801147,279.566650,-761.363831,0,0
2.320000,2.934538,-1.377203,2.896815,0.998358,-0.041440,-0.039551,-0.046623,-0.186652,-0.981319,0.033284,0.981552,-0.188277,-0.770274,0.028582,0.002034,0.637069,-0.010155,0.039247,-0.067884,-0.012832,0.006077,0.009034,0.039551,0.981319,0.188277,0.000000,0.000000,0.000000,-1,0.030533,0.975342,0.196732,0.003986,-0.036143,-0.063704,149.801147,280.265137,-762.699829,0,0
2.360000,2.951047,-1.377592,2.910984,0.998392,-0.043483,-0.036365,-0.043887,-0.186922,-0.981394,0.035876,0.981412,-0.188530,-0.770364,0.028353,0.000159,0.636973,0.003769,0.079593,-0.061811,-0.001376,-0.006403,0.010338,0.036365,0.981394,0.188530,0.000000,0.000000,0.000000,-1,0.058655,0.973251,0.210953,0.000850,-0.028702,-0.050938,149.275528,280.439758,-762.198853,0,0
2.400000,2.957853,-1.376826,2.914889,0.998307,-0.046290,-0.035218,-0.043325,-0.187824,-0.981247,0.038807,0.981111,-0.189512,-0.770656,0.029071,-0.001164,0.636587,0.003924,0.096613,-0.022526,0.029067,-0.006439,0.021762,0.035218,0.981247,0.189512,0.000000,0.000000,0.000000,-1,0.072205,0.978058,0.203491,0.000000,0.015898,-0.003263,148.049088,280.963623,-759.693848,0,0
2.440000,2.948191,-1.375336,2.900321,0.997980,-0.051405,-0.037328,-0.046406,-0.188592,-0.980958,0.043387,0.980709,-0.190597,-0.770904,0.031720,-0.001965,0.636158,0.005157,0.139075,0.015579,0.033686,-0.002519,0.005768,0.037328,0.980958,0.190597,0.000000,0.000000,0.000000,-1,0.057083,0.969467,0.203934,0.016104,0.044578,0.032597,149.801147,280.963623,-760.361816,0,0
2.480000,2.938601,-1.374464,2.884889,0.997575,-0.057433,-0.039327,-0.049528,-0.188681,-0.980789,0.048909,0.980357,-0.191068,-0.770929,0.034686,-0.003107,0.635969,0.036109,0.155022,0.046024,0.015467,-0.013503,0.017413,0.039327,0.980789,0.191068,0.000000,0.000000,0.000000,-1,0.039536,0.989655,0.213547,0.042812,0.073247,0.060893,150.151550,280.265137,-762.031860,0,0
2.520000,2.934438,-1.374278,2.872349,0.997020,-0.065865,-0.040160,-0.051939,-0.188221,-0.980752,0.057039,0.979916,-0.191081,-0.770766,0.038210,-0.005475,0.635948,0.047962,0.234609,0.059390,-0.013106,0.009818,0.018162,0.040160,0.980752,0.191081,0.000000,0.000000,0.000000,-1,0.011139,0.998627,0.200195,0.041811,0.134745,0.064882,149.976349,282.185974,-762.866882,0,0
2.560000,2.940508,-1.375688,2.869480,0.996460,-0.074618,-0.038723,-0.052107,-0.186740,-0.981027,0.065971,0.979572,-0.189967,-0.770254,0.041131,-0.008844,0.636348,0.046729,0.169890,0.027776,-0.030987,0.026786,0.000387,0.038723,0.981027,0.189967,0.000000,0.000000,0.000000,-1,0.042099,1.013123,0.185410,0.040379,-0.042403,0.002937,148.399490,280.614380,-762.365845,0,0
2.600000,2.941215,-1.377886,2.869177,0.996413,-0.075532,-0.038159,-0.051583,-0.184647,-0.981450,0.067085,0.979898,-0.187880,-0.769568,0.041294,-0.009397,0.637159,0.035690,-0.101605,-0.025127,0.035571,0.016230,0.001207,0.038159,0.981450,0.187880,0.000000,0.000000,0.000000,-1,0.097519,0.991043,0.195312,0.039094,-0.247050,-0.014208,149.976349,281.487488,-761.864868,0,0
2.640000,2.930214,-1.379122,2.863681,0.996733,-0.070180,-0.039969,-0.052264,-0.183193,-0.981687,0.061572,0.980569,-0.186263,-0.769121,0.039800,-0.007022,0.637824,0.063310,-0.236221,-0.003543,0.061456,0.013369,0.010835,0.039969,0.981687,0.186263,0.000000,0.000000,0.000000,-1,0.074860,0.997223,0.219696,0.060359,-0.371056,0.011647,150.151550,281.312866,-762.031860,0,0
2.680000,2.910391,-1.380741,2.854327,0.997260,-0.059992,-0.043289,-0.053525,-0.181172,-0.981994,0.051069,0.981620,-0.183887,-0.768492,0.036928,-0.002531,0.638788,0.080508,-0.232937,0.029262,0.018768,0.019349,0.041226,0.043289,0.981994,0.183887,0.000000,0.000000,0.000000,-1,0.016693,0.997620,0.234772,0.082853,-0.242742,0.029966,150.677170,280.439758,-762.532837,0,0
2.720000,2.898447,-1.383346,2.848564,0.997538,-0.053900,-0.044866,-0.053829,-0.178410,-0.982483,0.044951,0.982479,-0.180872,-0.767597,0.035086,-0.000028,0.639972,0.051886,-0.056961,0.017079,-0.039770,0.016815,0.065664,0.044866,0.982483,0.180872,0.000000,0.000000,0.000000,-1,-0.005585,0.994370,0.255035,0.038257,-0.116594,0.019251,150.501968,280.265137,-761.363831,0,0
2.760000,2.905075,-1.383111,2.853711,0.997513,-0.055288,-0.043720,-0.052976,-0.178907,-0.982439,0.046495,0.982311,-0.181391,-0.767758,0.035253,-0.000904,0.639769,0.029608,0.149741,-0.010207,-0.065266,0.018782,0.087622,0.043720,0.982439,0.181391,0.000000,0.000000,0.000000,-1,-0.018234,0.992142,0.264282,0.005351,0.099643,-0.011146,149.801147,278.868164,-763.367859,0,0
2.800000,2.915314,-1.384409,2.856875,0.997202,-0.062135,-0.041575,-0.052051,-0.177850,-0.982680,0.053665,0.982094,-0.180586,-0.767404,0.037199,-0.003939,0.640071,0.055043,0.170906,-0.036112,-0.044108,0.024232,0.090639,0.041575,0.982680,0.180586,0.000000,0.000000,0.000000,-1,0.044449,0.994568,0.250122,0.055237,0.125048,-0.038403,148.224289,280.439758,-760.862854,0,0
2.840000,2.933759,-1.388563,2.864367,0.996658,-0.072623,-0.037394,-0.049600,-0.174307,-0.983441,0.064902,0.982010,-0.177327,-0.766207,0.039879,-0.008975,0.641292,0.116768,0.221830,-0.046553,0.016805,0.013019,0.032329,0.037394,0.983441,0.177327,0.000000,0.000000,0.000000,-1,0.053055,1.008530,0.159042,0.143432,0.096413,-0.045628,148.049088,279.566650,-762.031860,0,0
2.880000,2.942593,-1.393751,2.868023,0.996386,-0.077477,-0.034817,-0.047583,-0.169572,-0.984368,0.070362,0.982468,-0.172646,-0.764625,0.040889,-0.011622,0.643072,0.198508,0.130631,-0.060871,0.021625,0.025657,-0.031380,0.034817,0.984368,0.172646,0.000000,0.000000,0.000000,-1,0.076843,0.996689,0.142700,0.220922,-0.019162,-0.054471,149.625931,281.836731,-762.198853,0,0
2.920000,2.947438,-1.403184,2.871309,0.996382,-0.078662,-0.032187,-0.044544,-0.160772,-0.985986,0.072384,0.983852,-0.163694,-0.761716,0.040437,-0.013193,0.646513,0.235649,0.006596,-0.054338,0.051599,0.003211,0.002276,0.032187,0.985986,0.163694,0.000000,0.000000,0.000000,-1,0.096237,0.952438,0.225250,0.278402,-0.110284,-0.017463,149.275528,279.392029,-761.196838,0,0
2.960000,2.934427,-1.416404,2.857710,0.996373,-0.078991,-0.031631,-0.043072,-0.147625,-0.988105,0.073382,0.985884,-0.150492,-0.757379,0.040291,-0.013781,0.651586,0.259382,0.034290,0.031437,0.068604,-0.034858,0.084432,0.031631,0.988105,0.150492,0.000000,0.000000,0.000000,-1,0.080063,0.967163,0.226913,0.251064,-0.041270,0.049541,148.399490,280.614380,-762.365845,0,0
3.000000,2.916999,-1.423339,2.837305,0.996102,-0.081915,-0.032721,-0.044020,-0.140174,-0.989148,0.076440,0.986733,-0.143234,-0.754902,0.041706,-0.014478,0.654350,0.244765,0.139365,0.059940,0.030206,-0.008206,0.079102,0.032721,0.989148,0.143234,0.000000,0.000000,0.000000,-1,0.025040,0.986160,0.210587,0.234159,0.071120,0.054539,149.625931,279.392029,-761.530823,0,0
3.040000,2.898770,-1.430134,2.812138,0.995482,-0.088770,-0.033710,-0.045358,-0.132659,-0.990123,0.083422,0.987179,-0.136086,-0.752367,0.044569,-0.016518,0.657027,0.221283,0.160529,0.033510,-0.013248,-0.008754,0.082725,0.033710,0.990123,0.136086,0.000000,0.000000,0.000000,-1,0.020798,0.976929,0.285278,0.207493,0.103942,0.024901,150.326767,282.884460,-763.534851,0,0
3.080000,2.895121,-1.436493,2.796463,0.994394,-0.100565,-0.032670,-0.045301,-0.126004,-0.990995,0.095543,0.986919,-0.129854,-0.750042,0.048619,-0.020957,0.659268,0.212830,0.303642,0.023382,-0.003144,-0.022001,0.159026,0.032670,0.990995,0.129854,0.000000,0.000000,0.000000,-1,0.038071,0.976288,0.280807,0.218242,0.238594,0.028429,149.275528,280.090515,-763.534851,0,0
3.120000,2.887762,-1.442865,2.777863,0.993237,-0.111596,-0.032038,-0.045389,-0.119236,-0.991828,0.106864,0.986575,-0.123495,-0.747658,0.052492,-0.025020,0.661534,0.237386,0.420271,0.026840,0.014288,-0.022758,0.155192,0.032038,0.991828,0.123495,0.000000,0.000000,0.000000,-1,0.065689,0.994690,0.276749,0.246939,0.344579,0.004233,149.801147,279.566650,-762.699829,0,0
3.160000,2.888495,-1.449006,2.761263,0.991228,-0.128612,-0.030421,-0.045100,-0.112808,-0.992593,0.124228,0.985258,-0.117619,-0.745261,0.058272,-0.031468,0.663476,0.276497,0.389445,-0.041412,0.041219,0.005256,0.159786,0.030421,0.992593,0.117619,0.000000,0.000000,0.000000,-1,0.108917,0.968475,0.296967,0.292298,0.227850,-0.067009,150.326767,279.392029,-763.200867,0,0
3.200000,2.895258,-1.456518,2.755101,0.989595,-0.141172,-0.027806,-0.042982,-0.105618,-0.993477,0.137314,0.984335,-0.110587,-0.742597,0.061997,-0.036867,0.665843,0.294363,0.284440,-0.069847,0.096629,-0.044426,0.189553,0.027806,0.993477,0.110587,0.000000,0.000000,0.000000,-1,0.135513,0.904129,0.296494,0.279494,0.192855,-0.072029,148.574707,279.741272,-761.530823,0,0
3.240000,2.896925,-1.460249,2.744755,0.987873,-0.152947,-0.026724,-0.042640,-0.101749,-0.993896,0.149294,0.982982,-0.107037,-0.741057,0.065983,-0.041350,0.666912,0.198608,0.304556,-0.084819,0.094843,-0.095611,0.174076,0.026724,0.993896,0.107037,0.000000,0.000000,0.000000,-1,0.105515,0.901901,0.245972,0.179519,0.166342,-0.076126,149.100311,280.614380,-763.701904,0,0
3.280000,2.907968,-1.461660,2.746784,0.986508,-0.161759,-0.025215,-0.041894,-0.100541,-0.994051,0.158261,0.981695,-0.105961,-0.740441,0.068761,-0.044921,0.667084,0.087961,0.194302,-0.076706,0.081627,-0.065462,0.117702,0.025215,0.994051,0.105961,0.000000,0.000000,0.000000,-1,0.105087,0.981186,0.209656,-0.060798,0.006280,-0.053608,149.976349,280.789001,-762.866882,0,0
3.320000,2.923661,-1.452764,2.758766,0.985874,-0.165544,-0.025461,-0.043988,-0.109234,-0.993042,0.161611,0.980134,-0.114973,-0.743317,0.070472,-0.045792,0.663639,-0.264858,0.016300,0.005651,0.073676,0.058746,0.126726,0.025461,0.993042,0.114973,0.000000,0.000000,0.000000,-1,0.082962,1.108688,0.248856,-0.332577,-0.052921,0.063473,148.925110,278.344330,-762.532837,0,0
3.360000,2.923559,-1.440963,2.756020,0.985313,-0.168443,-0.028005,-0.048692,-0.119963,-0.991584,0.163666,0.978384,-0.126403,-0.746940,0.072675,-0.045405,0.659346,-0.481102,0.144800,0.151057,0.048045,0.116403,0.089463,0.028005,0.991584,0.126403,0.000000,0.000000,0.000000,-1,-0.064453,1.049194,0.028000,-0.600040,0.015091,0.171422,150.501968,279.915894,-763.033875,0,0
3.400000,2.928988,-1.411877,2.761378,0.984999,-0.169296,-0.033392,-0.058730,-0.146949,-0.987399,0.162256,0.974548,-0.154688,-0.756081,0.075397,-0.042609,0.648722,-0.871752,-0.192437,0.096252,-0.097845,0.061795,-0.126688,0.033392,0.987399,0.154688,0.000000,0.000000,0.000000,-1,-0.087036,0.991959,0.056473,-0.964497,-0.550174,0.060981,150.501968,277.820465,-760.695801,0,0
3.440000,2.943798,-1.373350,2.793650,0.987447,-0.153173,-0.038548,-0.066885,-0.184411,-0.980571,0.143089,0.970840,-0.192341,-0.768798,0.071559,-0.033995,0.634566,-1.048680,-0.478786,0.037799,-0.125584,0.011388,-0.135868,0.038548,0.980571,0.192341,0.000000,0.000000,0.000000,-1,-0.054871,1.049911,0.067505,-1.087886,-0.536422,0.042068,148.049088,278.169708,-760.027832,0,0
3.480000,2.971056,-1.318902,2.839581,0.989777,-0.136210,-0.042299,-0.074134,-0.237959,-0.968442,0.121846,0.961677,-0.245624,-0.786346,0.066874,-0.025290,0.613635,-1.182701,-0.354807,-0.003832,-0.092531,0.100055,-0.175494,0.042299,0.968442,0.245624,0.000000,0.000000,0.000000,-1,0.056549,1.132385,0.171448,-1.287672,-0.521550,0.063350,151.027588,276.248901,-759.526794,0,0
3.520000,2.978037,-1.281295,2.858625,0.990987,-0.125636,-0.046483,-0.079706,-0.274121,-0.958386,0.107665,0.953453,-0.281665,-0.797931,0.064336,-0.019169,0.598999,-1.285566,-0.243416,0.043602,0.010066,0.173999,-0.110217,0.046483,0.958386,0.281665,0.000000,0.000000,0.000000,-1,0.100952,1.051178,0.207672,-1.152860,0.154999,0.151354,149.976349,277.995087,-758.858826,0,0
3.560000,2.995204,-1.231642,2.861160,0.988730,-0.141627,-0.048528,-0.092079,-0.319693,-0.943036,0.118046,0.936877,-0.329131,-0.812027,0.071952,-0.021402,0.578771,-1.317904,0.870135,0.263378,0.077235,0.073001,-0.066573,0.048528,0.943036,0.329131,0.000000,0.000000,0.000000,-1,0.177597,1.083405,0.139404,-1.343334,0.785987,0.261233,150.852371,276.772766,-755.017761,0,0
3.600000,3.004962,-1.183530,2.843725,0.984069,-0.170182,-0.051439,-0.110836,-0.361028,-0.925945,0.139008,0.916895,-0.374139,-0.824505,0.085208,-0.026552,0.558771,-0.945901,0.347574,0.341415,0.126158,0.157460,-0.234735,0.051439,0.925945,0.374139,0.000000,0.000000,0.000000,-1,-0.045029,1.020325,0.059296,-0.858209,-0.250010,0.141123,151.202789,275.026550,-756.019775,0,0
3.640000,2.996971,-1.150874,2.835592,0.983235,-0.172618,-0.058756,-0.122815,-0.388750,-0.913121,0.134780,0.905028,-0.403433,-0.832979,0.088668,-0.022817,0.545676,-0.568165,-0.518014,0.034807,-0.103784,0.107204,-0.344137,0.058756,0.913121,0.403433,0.000000,0.000000,0.000000,-1,0.025742,0.936783,0.122803,0.104005,-0.921538,-0.143780,150.677170,275.550415,-756.186768,0,0
3.680000,2.979739,-1.162843,2.857485,0.988829,-0.134644,-0.063932,-0.111204,-0.380827,-0.917935,0.099247,0.914791,-0.391546,-0.830843,0.073975,-0.010626,0.551465,0.566590,-0.747644,-0.392577,0.030993,0.028873,-0.264684,0.063932,0.917935,0.391546,0.000000,0.000000,0.000000,-1,0.163696,0.940414,0.266144,0.603641,-0.981331,-0.429839,151.553207,274.677307,-756.353760,0,0
3.720000,2.973735,-1.184836,2.883312,0.992775,-0.102182,-0.062893,-0.096152,-0.363963,-0.926437,0.071775,0.925792,-0.371158,-0.825817,0.060042,-0.002689,0.560726,0.791508,-1.161239,-0.460025,0.100803,0.013977,-0.105014,0.062893,0.926437,0.371158,0.000000,0.000000,0.000000,-1,0.285080,0.795883,0.489655,0.711938,-0.948532,-0.475857,150.852371,274.328064,-756.353760,0,1
3.760000,2.976963,-1.214863,2.922251,0.996269,-0.064711,-0.057109,-0.075822,-0.340116,-0.937322,0.041232,0.938154,-0.343753,-0.818556,0.042921,0.004849,0.572800,0.501746,-0.559036,-0.454231,0.227971,-0.141439,0.145901,0.057109,0.937322,0.343754,0.000000,0.000000,0.000000,-1,0.353989,0.858551,0.541046,0.340209,-0.768205,-0.410878,151.202789,275.026550,-757.021790,0,0
3.800000,2.972208,-1.235929,2.960802,0.998251,-0.020618,-0.055401,-0.059093,-0.323288,-0.944454,0.001562,0.946076,-0.323941,-0.813247,0.024504,0.016551,0.581168,0.390015,-1.143709,-0.076996,0.356113,-0.064449,0.146823,0.055401,0.944454,0.323941,0.000000,0.000000,0.000000,-1,0.425644,0.867966,0.361557,0.310193,-0.973071,0.131810,152.254028,276.423523,-760.361816,0,0
3.840000,2.940554,-1.243897,2.941976,0.997902,-0.008943,-0.064121,-0.063674,-0.314732,-0.947042,-0.011712,0.949138,-0.314641,-0.810444,0.022400,0.023392,0.584921,0.282388,0.142681,0.159849,0.361523,-0.079077,0.046916,0.064121,0.947042,0.314641,0.000000,0.000000,0.000000,-1,0.225998,0.788544,0.264740,0.389898,0.381875,0.128008,151.728409,275.899658,-758.524780,0,0
3.880000,2.936383,-1.258968,2.920475,0.997718,-0.025495,-0.062517,-0.067287,-0.299329,-0.951774,0.005553,0.953809,-0.300362,-0.805824,0.028785,0.017673,0.591191,0.516940,0.283485,0.021536,0.163481,-0.163231,-0.035622,0.062517,0.951774,0.300362,0.000000,0.000000,0.000000,-1,0.144424,1.049362,0.411484,0.661150,-0.242761,0.010828,151.728409,274.502686,-759.192810,0,0
3.920000,2.890564,-1.280883,2.887916,0.997395,-0.012682,-0.071010,-0.071743,-0.276720,-0.958269,-0.007497,0.960867,-0.276909,-0.798596,0.026429,0.024576,0.600784,0.100672,-0.895976,0.396303,0.169240,0.394865,0.121574,0.071010,0.958269,0.276909,0.000000,0.000000,0.000000,-1,0.139664,1.385757,0.347443,0.003588,-1.235241,0.642702,152.779648,274.502686,-759.860840,0,0
3.960000,2.799363,-1.270161,2.818559,0.995038,0.004921,-0.099377,-0.094004,-0.280811,-0.955149,-0.032607,0.959751,-0.278954,-0.799187,0.027867,0.041287,0.599014,-0.394694,-0.323826,0.865089,0.040287,0.430609,0.068488,0.099377,0.955149,0.278954,0.000000,0.000000,0.000000,-1,-0.214096,0.860214,0.146027,-0.491767,0.135641,0.667504,153.480469,273.454956,-759.526794,0,0
4.000000,2.752801,-1.244520,2.756093,0.992475,-0.015239,-0.121499,-0.120522,-0.296995,-0.947242,-0.021649,0.954757,-0.296597,-0.804063,0.042211,0.044508,0.591372,-0.273423,0.748806,0.663187,-0.335595,-0.087028,-0.150570,0.121499,0.947242,0.296597,0.000000,0.000000,0.000000,-1,-0.325363,0.964233,0.220428,-0.102277,0.892552,0.609801,152.429230,271.708740,-758.858826,0,0
4.040000,2.741196,-1.230256,2.696385,0.989357,-0.064998,-0.130186,-0.143834,-0.301439,-0.942574,0.022022,0.951268,-0.307579,-0.805974,0.064776,0.033551,0.587439,-0.086204,0.629290,0.147887,-0.497481,0.203040,-0.123711,0.130186,0.942574,0.307579,0.000000,0.000000,0.000000,-1,-0.334412,1.148636,0.071182,0.013873,0.121908,-0.011340,152.779648,271.708740,-757.188782,0,0
4.080000,2.743481,-1.234260,2.703167,0.989956,-0.059993,-0.128019,-0.140183,-0.298988,-0.943904,0.018352,0.952369,-0.304395,-0.805192,0.062152,0.034050,0.588764,0.199244,-0.687092,-0.293952,-0.462431,0.204732,-0.233212,0.128019,0.943904,0.304395,0.000000,0.000000,0.000000,-1,-0.009247,1.000519,0.273102,0.333687,-1.026874,-0.395810,152.604431,272.232605,-758.357788,0,0
4.120000,2.737736,-1.252389,2.729337,0.992050,-0.026496,-0.123020,-0.125434,-0.286827,-0.949735,-0.010121,0.957616,-0.287870,-0.801054,0.047416,0.041552,0.595263,0.395993,-0.377579,-0.341130,-0.132267,0.050784,-0.014768,0.123020,0.949735,0.287870,0.000000,0.000000,0.000000,-1,0.163437,0.916641,0.295410,0.395026,0.084607,-0.144083,152.078827,272.407227,-758.524780,0,0
4.160000,2.742093,-1.272552,2.719093,0.992695,-0.038659,-0.114292,-0.120488,-0.268004,-0.955854,0.006321,0.962642,-0.270704,-0.795519,0.050013,0.033931,0.602907,0.399242,0.541155,0.052519,0.067669,-0.110334,0.005220,0.114292,0.955854,0.270704,0.000000,0.000000,0.000000,-1,0.140427,0.936707,0.209732,0.461918,0.247160,0.082082,152.954849,271.534149,-760.027832,0,0
4.200000,2.726069,-1.285651,2.694016,0.992432,-0.046741,-0.113551,-0.121740,-0.253589,-0.959621,0.016059,0.966182,-0.257360,-0.791104,0.053243,0.030809,0.608581,0.543397,0.154124,0.015446,0.026876,-0.022914,-0.047628,0.113551,0.959621,0.257360,0.000000,0.000000,0.000000,-1,-0.086288,1.041824,0.314682,0.387982,0.241629,-0.070254,151.553207,271.883362,-761.697876,0,0
4.240000,2.727699,-1.301013,2.684229,0.992631,-0.056509,-0.107189,-0.117692,-0.239129,-0.963829,0.028833,0.969342,-0.244018,-0.786730,0.055356,0.024899,0.614305,0.282226,0.185638,-0.175414,-0.193478,0.077996,0.070664,0.107189,0.963829,0.244018,0.000000,0.000000,0.000000,-1,0.030411,0.993256,0.182724,0.430559,-0.379868,-0.212584,151.377991,271.708740,-760.194824,0,0
4.280000,2.722278,-1.324982,2.690010,0.994139,-0.043274,-0.099075,-0.106194,-0.218953,-0.969939,0.020281,0.974775,-0.222265,-0.780281,0.047889,0.025245,0.623081,0.446547,-0.165370,-0.228827,0.022690,0.012589,-0.053060,0.099075,0.969939,0.222265,0.000000,0.000000,0.000000,-1,0.110199,0.976944,0.201874,0.435909,-0.185895,-0.243302,152.604431,271.883362,-761.363831,0,0
