0.000000,2.595039,1.258356,-3.071268,0.886962,-0.433331,-0.159760,0.021599,-0.306622,0.951586,-0.461338,-0.847471,-0.262603,0.783611,-0.131357,-0.198152,0.573964,0.028074,0.099962,-0.016367,-0.007936,0.021838,-0.012282,0.159760,-0.951586,0.262603,0.000000,0.000000,0.000000,-1,0.138596,-0.933472,0.245117,0.018021,-0.000021,-0.014027,147.348251,197.146011,-760.027832,0,0
0.040000,2.602840,1.260745,-3.073678,0.889528,-0.429226,-0.156540,0.020705,-0.304404,0.952318,-0.456411,-0.850355,-0.261889,0.783553,-0.130342,-0.195568,0.575160,-0.003919,0.101003,-0.029804,-0.023270,0.006807,-0.013552,0.156540,-0.952318,0.261889,0.000000,0.000000,0.000000,-1,0.132568,-0.948761,0.250687,-0.004366,-0.007465,-0.028639,144.369751,195.923676,-757.856812,0,0
0.080000,2.611420,1.262101,-3.078377,0.891432,-0.426315,-0.153634,0.019193,-0.303209,0.952731,-0.452747,-0.852244,-0.262108,0.783701,-0.129872,-0.193435,0.575785,0.013017,0.068137,-0.037230,-0.030450,0.007739,-0.003289,0.153634,-0.952731,0.262108,0.000000,0.000000,0.000000,-1,0.123001,-0.940247,0.253281,0.009420,-0.031856,-0.032935,147.873871,195.225189,-760.528809,0,0
0.120000,2.617382,1.263054,-3.081894,0.892637,-0.424513,-0.151614,0.018072,-0.302368,0.953020,-0.450413,-0.853441,-0.262233,0.783779,-0.129641,-0.192027,0.576202,-0.000823,0.063906,-0.037014,-0.026584,0.010332,-0.010249,0.151614,-0.953020,0.262233,0.000000,0.000000,0.000000,-1,0.133469,-0.958496,0.264648,-0.017187,-0.048825,-0.036820,146.297028,197.146011,-760.695801,0,0
0.160000,2.621777,1.263891,-3.083336,0.894008,-0.422174,-0.150064,0.017590,-0.301598,0.953273,-0.447706,-0.854873,-0.262205,0.783870,-0.129034,-0.190647,0.576673,-0.000875,0.032104,-0.042133,-0.019785,-0.005864,0.009997,0.150064,-0.953273,0.262205,0.000000,0.000000,0.000000,-1,0.134964,-0.962418,0.267487,0.005126,-0.065789,-0.036990,146.121811,195.923676,-760.862854,0,0
0.200000,2.624879,1.263404,-3.084529,0.894887,-0.420515,-0.149479,0.017257,-0.302081,0.953126,-0.445959,-0.855520,-0.263072,0.784226,-0.128553,-0.189817,0.576570,0.021496,0.042730,-0.031758,-0.014180,0.002137,-0.005107,0.149479,-0.953126,0.263072,0.000000,0.000000,0.000000,-1,0.132156,-0.929688,0.253860,0.020056,-0.058351,-0.026551,147.698669,196.447525,-759.359802,0,0
0.240000,2.627343,1.263293,-3.085591,0.895538,-0.419340,-0.148883,0.016942,-0.302206,0.953092,-0.444663,-0.856052,-0.263532,0.784423,-0.128247,-0.189166,0.576585,0.010884,0.038506,-0.023091,-0.019046,0.028913,-0.014494,0.148883,-0.953092,0.263532,0.000000,0.000000,0.000000,-1,0.133438,-0.929031,0.251602,-0.022407,-0.065745,-0.007966,148.224289,197.669876,-759.526794,0,0
0.280000,2.628786,1.265079,-3.084991,0.896444,-0.417831,-0.147667,0.017027,-0.300495,0.953631,-0.442830,-0.857391,-0.262262,0.784092,-0.127793,-0.188274,0.577427,-0.043317,0.030044,-0.012852,-0.010628,0.011371,0.004141,0.147667,-0.953631,0.262262,0.000000,0.000000,0.000000,-1,0.134750,-0.950058,0.267654,-0.039433,-0.076351,-0.009858,145.420990,194.875946,-759.526794,0,0
0.320000,2.629804,1.265470,-3.084775,0.896988,-0.416822,-0.147217,0.017071,-0.300119,0.953749,-0.441726,-0.858014,-0.262088,0.784091,-0.127457,-0.187779,0.577664,-0.025284,0.017308,-0.026799,-0.009690,0.000746,0.014035,0.147217,-0.953749,0.262088,0.000000,0.000000,0.000000,-1,0.133850,-0.952255,0.275116,-0.018235,-0.088035,-0.024931,146.472229,196.622147,-760.194824,0,0
0.360000,2.630917,1.265001,-3.085316,0.897249,-0.416284,-0.147144,0.016933,-0.300575,0.953608,-0.441199,-0.858116,-0.262642,0.784294,-0.127296,-0.187539,0.577502,-0.002955,0.003531,-0.028026,-0.014240,0.003611,0.011025,0.147144,-0.953608,0.262642,0.000000,0.000000,0.000000,-1,0.129959,-0.945953,0.269165,-0.000153,-0.107109,-0.018662,147.523468,195.923676,-759.192810,0,0
0.400000,2.633514,1.264428,-3.087919,0.897307,-0.416307,-0.146727,0.016180,-0.301163,0.953435,-0.441110,-0.857898,-0.263500,0.784533,-0.127505,-0.187321,0.577201,0.001346,-0.019764,-0.015171,-0.019499,0.014272,0.005055,0.146727,-0.953435,0.263500,0.000000,0.000000,0.000000,-1,0.128860,-0.937210,0.258911,0.005179,-0.133600,-0.009028,147.523468,195.923676,-759.860840,0,0
0.440000,2.634241,1.264367,-3.090400,0.896593,-0.417899,-0.146564,0.015436,-0.301261,0.953417,-0.442586,-0.857089,-0.263658,0.784460,-0.128261,-0.187757,0.576991,0.002415,-0.053671,-0.007553,-0.005191,0.007402,0.005614,0.146564,-0.953417,0.263658,0.000000,0.000000,0.000000,-1,0.151779,-0.951706,0.268585,0.001993,-0.155856,-0.003573,147.873871,196.272903,-759.860840,0,0
0.480000,2.631920,1.263666,-3.089702,0.895851,-0.419159,-0.147502,0.015681,-0.301918,0.953205,-0.444078,-0.856242,-0.263900,0.784485,-0.128581,-0.188525,0.576635,0.015187,-0.049430,-0.006656,0.008260,0.003361,0.005005,0.147502,-0.953205,0.263901,0.000000,0.000000,0.000000,-1,0.161774,-0.938522,0.263107,0.024334,-0.135713,-0.003911,146.647430,195.399811,-759.025818,0,0
0.520000,2.628396,1.261942,-3.087700,0.895110,-0.420127,-0.149237,0.016374,-0.303526,0.952683,-0.445545,-0.855199,-0.264810,0.784768,-0.128622,-0.189477,0.575928,0.029032,-0.019755,-0.008035,0.013666,0.016342,-0.009591,0.149237,-0.952683,0.264810,0.000000,0.000000,0.000000,-1,0.174774,-0.933731,0.252548,0.023290,-0.104968,-0.005102,147.173050,195.574432,-760.194824,0,0
0.560000,2.620192,1.259762,-3.079772,0.894762,-0.419717,-0.152439,0.018908,-0.305458,0.952018,-0.446142,-0.854712,-0.265377,0.785111,-0.127628,-0.190604,0.575310,0.020499,0.022611,-0.022031,0.026883,0.005698,-0.000454,0.152439,-0.952018,0.265377,0.000000,0.000000,0.000000,-1,0.177307,-0.946014,0.275650,0.026447,-0.067885,-0.021259,147.698669,195.749054,-759.693848,0,0
0.600000,2.616935,1.257487,-3.075406,0.895117,-0.418246,-0.154387,0.020384,-0.307534,0.951319,-0.445364,-0.854689,-0.266753,0.785717,-0.126592,-0.190829,0.574637,0.032184,0.054388,-0.035108,0.024339,0.008844,0.005845,0.154387,-0.951319,0.266753,0.000000,0.000000,0.000000,-1,0.172318,-0.940720,0.271133,0.031709,-0.032930,-0.042750,149.450729,194.002853,-760.695801,0,0
0.640000,2.613787,1.254290,-3.069668,0.896076,-0.415302,-0.156757,0.022367,-0.310443,0.950329,-0.443337,-0.855073,-0.268892,0.786672,-0.124872,-0.190707,0.573747,0.034285,0.066021,-0.049049,0.004208,0.012600,0.005873,0.156757,-0.950329,0.268892,0.000000,0.000000,0.000000,-1,0.148193,-0.934662,0.274231,0.025337,-0.029748,-0.041630,147.523468,195.923676,-760.194824,0,0
0.680000,2.614870,1.252303,-3.066712,0.897753,-0.411413,-0.157414,0.023426,-0.312258,0.949708,-0.439876,-0.856291,-0.270693,0.787513,-0.123168,-0.189613,0.573324,-0.009317,0.077664,-0.039165,-0.006444,0.019990,-0.008379,0.157414,-0.949708,0.270693,0.000000,0.000000,0.000000,-1,0.157913,-0.930359,0.259979,-0.012896,-0.024433,-0.031659,147.523468,196.622147,-759.860840,0,0
0.720000,2.611545,1.252557,-3.060629,0.898792,-0.408837,-0.158191,0.025305,-0.311870,0.949788,-0.437644,-0.857665,-0.269960,0.787500,-0.121756,-0.189154,0.573795,-0.023129,0.054350,-0.029339,0.003384,0.008107,-0.010393,0.158191,-0.949788,0.269960,0.000000,0.000000,0.000000,-1,0.159500,-0.948669,0.263672,-0.013961,-0.058350,-0.025112,146.997849,196.098282,-760.361816,0,0
0.760000,2.609330,1.252703,-3.056991,0.899311,-0.407491,-0.158719,0.026428,-0.311638,0.949833,-0.436511,-0.858390,-0.269490,0.787470,-0.120977,-0.188969,0.574061,-0.004022,0.034201,-0.031587,-0.004117,0.003804,-0.005482,0.158719,-0.949833,0.269490,0.000000,0.000000,0.000000,-1,0.156738,-0.940308,0.267029,0.004091,-0.076376,-0.027357,148.224289,196.971390,-759.860840,0,0
0.800000,2.606573,1.251958,-3.052778,0.899812,-0.405950,-0.159822,0.027803,-0.312228,0.949600,-0.435391,-0.858905,-0.269660,0.787671,-0.120021,-0.188916,0.574004,-0.006138,0.024666,-0.026202,0.000991,0.012146,-0.006903,0.159822,-0.949600,0.269660,0.000000,0.000000,0.000000,-1,0.160965,-0.938873,0.261475,-0.011830,-0.074246,-0.020809,149.100311,194.701324,-760.361816,0,0
0.840000,2.602645,1.252218,-3.047799,0.900125,-0.404886,-0.160753,0.029335,-0.311840,0.949682,-0.434642,-0.859548,-0.268818,0.787525,-0.119219,-0.189008,0.574341,-0.018904,0.021483,-0.024988,0.002592,0.005514,-0.009754,0.160753,-0.949682,0.268818,0.000000,0.000000,0.000000,-1,0.162857,-0.943222,0.261765,-0.019294,-0.081674,-0.024948,146.997849,195.749054,-759.693848,0,0
0.880000,2.599284,1.252376,-3.043742,0.900309,-0.404148,-0.161578,0.030585,-0.311569,0.949731,-0.434175,-0.859994,-0.268148,0.787405,-0.118606,-0.189151,0.574585,-0.016810,0.018290,-0.031383,0.001874,0.008340,-0.006398,0.161578,-0.949731,0.268148,0.000000,0.000000,0.000000,-1,0.157944,-0.939011,0.266739,-0.018247,-0.088040,-0.028122,147.348251,196.098282,-761.029846,0,0
0.920000,2.595432,1.252401,-3.038957,0.900570,-0.403158,-0.162598,0.032073,-0.311396,0.949739,-0.433527,-0.860521,-0.267503,0.787317,-0.117832,-0.189290,0.574820,-0.022111,0.008758,-0.025955,-0.013886,0.014741,-0.000658,0.162598,-0.949739,0.267503,0.000000,0.000000,0.000000,-1,0.144455,-0.932724,0.266052,-0.029904,-0.096504,-0.016254,148.224289,195.574432,-760.194824,0,0
0.960000,2.595036,1.254097,-3.038242,0.900715,-0.403128,-0.161866,0.032129,-0.309770,0.950269,-0.433221,-0.861122,-0.266062,0.786852,-0.117874,-0.189072,0.575518,-0.056061,-0.009225,-0.003133,-0.020646,0.023847,-0.011026,0.161866,-0.950269,0.266062,0.000000,0.000000,0.000000,-1,0.145767,-0.932358,0.249878,-0.075555,-0.122976,0.006706,146.822647,196.272903,-759.526794,0,0
1.000000,2.590419,1.257629,-3.034310,0.900360,-0.404132,-0.161334,0.032988,-0.306302,0.951363,-0.433894,-0.861891,-0.262451,0.785671,-0.118098,-0.189401,0.576976,-0.084777,-0.033599,0.003692,-0.006320,0.012474,-0.012893,0.161334,-0.951363,0.262451,0.000000,0.000000,0.000000,-1,0.168198,-0.947388,0.251450,-0.088341,-0.138885,0.002664,147.698669,195.749054,-759.359802,0,0
1.040000,2.585834,1.259243,-3.030439,0.899963,-0.404859,-0.161725,0.034003,-0.304646,0.951859,-0.434637,-0.862137,-0.260404,0.785018,-0.118104,-0.189920,0.577692,-0.083764,-0.044218,-0.005848,0.006472,0.004471,-0.008954,0.161725,-0.951859,0.260404,0.000000,0.000000,0.000000,-1,0.182571,-0.950546,0.258926,-0.066062,-0.143144,-0.009263,148.049088,195.050568,-760.695801,0,0
1.080000,2.571812,1.259964,-3.018419,0.898742,-0.406253,-0.164991,0.037578,-0.303534,0.952079,-0.436865,-0.861873,-0.257533,0.784189,-0.117534,-0.191872,0.578289,-0.018963,-0.024114,-0.025842,0.014437,0.004951,0.009297,0.164991,-0.952079,0.257533,0.000000,0.000000,0.000000,-1,0.166168,-0.946182,0.270248,-0.016160,-0.118792,-0.032261,148.049088,197.495255,-760.695801,0,0
1.120000,2.567278,1.258797,-3.014084,0.898497,-0.406072,-0.166760,0.039034,-0.304470,0.951722,-0.437241,-0.861628,-0.257715,0.784328,-0.116991,-0.192522,0.577995,-0.026409,0.001315,-0.039700,-0.006970,0.016373,0.007407,0.166760,-0.951722,0.257715,0.000000,0.000000,0.000000,-1,0.162018,-0.932495,0.258774,-0.041668,-0.092292,-0.035291,147.873871,195.574432,-760.862854,0,0
1.160000,2.562612,1.259180,-3.008739,0.898634,-0.405355,-0.167761,0.040613,-0.303895,0.951839,-0.436814,-0.862169,-0.256628,0.784085,-0.116295,-0.192765,0.578384,-0.062523,0.020403,-0.036198,-0.001196,0.018139,-0.000998,0.167761,-0.951839,0.256628,0.000000,0.000000,0.000000,-1,0.169464,-0.941010,0.256027,-0.067154,-0.075322,-0.030831,147.173050,195.574432,-759.526794,0,0
1.200000,2.556383,1.260244,-3.000789,0.899158,-0.403760,-0.168797,0.042885,-0.302560,0.952165,-0.435518,-0.863386,-0.254734,0.783654,-0.115126,-0.192787,0.579194,-0.046591,0.044779,-0.032292,0.000301,-0.002684,0.004131,0.168797,-0.952165,0.254734,0.000000,0.000000,0.000000,-1,0.163116,-0.960052,0.263367,-0.027769,-0.046686,-0.023949,147.698669,196.098282,-761.029846,0,0
1.240000,2.555857,1.260220,-2.997146,0.900395,-0.400933,-0.168944,0.043991,-0.302425,0.952157,-0.432845,-0.864749,-0.254665,0.783818,-0.113847,-0.191941,0.579505,-0.004017,0.060696,-0.025379,-0.004485,0.000207,0.001897,0.168944,-0.952157,0.254665,0.000000,0.000000,0.000000,-1,0.161240,-0.948883,0.257004,-0.004358,-0.039258,-0.019985,148.049088,195.050568,-760.361816,0,0
1.280000,2.557369,1.260128,-2.996742,0.901208,-0.399245,-0.168606,0.044125,-0.302493,0.952130,-0.431136,-0.865506,-0.254992,0.784011,-0.113238,-0.191242,0.579595,-0.004006,0.052224,-0.021075,-0.015927,0.006466,0.000104,0.168606,-0.952130,0.254992,0.000000,0.000000,0.000000,-1,0.146271,-0.943695,0.250153,-0.007543,-0.049855,-0.016711,147.873871,195.923676,-758.858826,0,0
1.320000,2.559423,1.260583,-2.997168,0.901932,-0.397927,-0.167844,0.043934,-0.302084,0.952268,-0.429637,-0.866256,-0.254976,0.784059,-0.112872,-0.190509,0.579843,-0.013569,0.043751,-0.017722,-0.019605,0.010588,-0.004244,0.167844,-0.952269,0.254976,0.000000,0.000000,0.000000,-1,0.159973,-0.944122,0.246826,-0.020308,-0.064696,-0.015440,148.224289,195.574432,-760.862854,0,0
1.360000,2.558190,1.261308,-2.994346,0.902542,-0.396570,-0.167778,0.044685,-0.301276,0.952489,-0.428276,-0.867159,-0.254193,0.783902,-0.112222,-0.190092,0.580317,-0.021141,0.028848,-0.023924,-0.003777,0.007665,-0.009641,0.167778,-0.952489,0.254193,0.000000,0.000000,0.000000,-1,0.170746,-0.945312,0.245651,-0.013966,-0.071070,-0.023991,149.275528,194.875946,-761.196838,0,0
1.400000,2.553470,1.261020,-2.987865,0.903081,-0.394765,-0.169128,0.046679,-0.301250,0.952402,-0.426925,-0.867991,-0.253626,0.783894,-0.111012,-0.190094,0.580561,0.002204,0.039429,-0.035936,0.002442,0.007654,-0.008647,0.169128,-0.952402,0.253626,0.000000,0.000000,0.000000,-1,0.168900,-0.947617,0.242538,0.004086,-0.057301,-0.032762,147.348251,194.701324,-760.361816,0,0
1.440000,2.549851,1.260390,-2.982442,0.903658,-0.392904,-0.170380,0.048407,-0.301585,0.952210,-0.425511,-0.868719,-0.253511,0.784021,-0.109849,-0.190011,0.580638,0.012801,0.041537,-0.042447,0.003449,0.000992,-0.012605,0.170380,-0.952210,0.253511,0.000000,0.000000,0.000000,-1,0.177307,-0.956223,0.243729,0.018936,-0.059434,-0.041425,149.801147,194.352081,-759.693848,0,0
1.480000,2.547143,1.259187,-2.978506,0.904017,-0.391497,-0.171707,0.049779,-0.302522,0.951841,-0.424588,-0.869029,-0.253997,0.784305,-0.108924,-0.190071,0.580409,0.037211,0.038340,-0.051216,0.005737,-0.005556,-0.005294,0.171707,-0.951841,0.253997,0.000000,0.000000,0.000000,-1,0.171387,-0.949936,0.259232,0.049731,-0.064748,-0.050251,149.450729,194.701324,-760.361816,0,0
1.520000,2.548191,1.255536,-2.977424,0.904781,-0.388985,-0.173383,0.050674,-0.305895,0.950716,-0.422851,-0.868976,-0.257056,0.785451,-0.107680,-0.189774,0.579187,0.036075,0.044602,-0.049011,-0.013257,0.020845,-0.001685,0.173383,-0.950716,0.257056,0.000000,0.000000,0.000000,-1,0.165543,-0.927170,0.243134,0.019997,-0.050955,-0.043603,149.100311,195.050568,-759.693848,0,0
1.560000,2.546300,1.254970,-2.973974,0.905306,-0.387409,-0.174170,0.051819,-0.306249,0.950540,-0.421587,-0.869555,-0.257174,0.785609,-0.106793,-0.189585,0.579198,-0.004301,0.047793,-0.041132,-0.003592,0.015634,-0.021227,0.174170,-0.950540,0.257174,0.000000,0.000000,0.000000,-1,0.175827,-0.965805,0.239365,-0.013971,-0.056234,-0.028313,148.224289,197.669876,-760.194824,0,0
1.600000,2.542037,1.255564,-2.967762,0.905930,-0.385596,-0.174946,0.053623,-0.305365,0.950724,-0.420018,-0.870671,-0.255962,0.785375,-0.105673,-0.189388,0.579785,0.004244,0.053112,-0.026358,0.003505,-0.018193,-0.016064,0.174946,-0.950724,0.255962,0.000000,0.000000,0.000000,-1,0.183884,-0.962158,0.242111,0.037087,-0.036085,-0.025775,149.450729,195.749054,-759.693848,0,0
1.640000,2.540788,1.253468,-2.963624,0.906932,-0.382569,-0.176392,0.055239,-0.307101,0.950072,-0.417639,-0.871395,-0.257387,0.786038,-0.104108,-0.188932,0.579319,0.075393,0.063680,-0.045282,0.005767,0.000762,-0.014803,0.176392,-0.950072,0.257387,0.000000,0.000000,0.000000,-1,0.168396,-0.937256,0.245758,0.085928,-0.035051,-0.043338,149.100311,197.146011,-760.361816,0,0
1.680000,2.543525,1.251110,-2.964230,0.907768,-0.380324,-0.176948,0.055448,-0.309339,0.949334,-0.415791,-0.871587,-0.259720,0.786897,-0.103214,-0.188316,0.578513,0.088160,0.088064,-0.045529,-0.009727,0.013680,-0.019836,0.176948,-0.949334,0.259720,0.000000,0.000000,0.000000,-1,0.183258,-0.945007,0.226456,0.065761,0.013717,-0.044399,149.100311,196.447525,-759.359802,0,0
1.720000,2.543554,1.249174,-2.959941,0.909341,-0.376064,-0.177975,0.057106,-0.310905,0.948724,-0.412114,-0.872877,-0.261243,0.787637,-0.101239,-0.187297,0.578185,0.060468,0.128227,-0.051659,0.016300,0.002358,-0.031400,0.177975,-0.948724,0.261243,0.000000,0.000000,0.000000,-1,0.206619,-0.950714,0.225983,0.079555,0.031725,-0.055270,149.100311,196.447525,-760.695801,0,0
1.760000,2.538952,1.246076,-2.949688,0.911177,-0.370206,-0.180841,0.060851,-0.313187,0.947740,-0.407496,-0.874563,-0.262842,0.788544,-0.098078,-0.186526,0.577743,0.112446,0.104870,-0.063848,0.006537,-0.019896,-0.059747,0.180841,-0.947740,0.262842,0.000000,0.000000,0.000000,-1,0.175064,-0.968781,0.192642,0.122057,-0.010680,-0.053419,148.574707,195.923676,-759.860840,0,0
1.800000,2.540924,1.244153,-2.948967,0.912178,-0.367482,-0.181352,0.061425,-0.314932,0.947125,-0.405164,-0.875086,-0.264701,0.789273,-0.096942,-0.185777,0.577180,0.123191,0.086909,-0.016012,0.003783,-0.014622,-0.075736,0.181352,-0.947125,0.264701,0.000000,0.000000,0.000000,-1,0.209442,-0.959335,0.194244,0.108520,0.042427,0.011377,147.873871,194.875946,-758.190796,0,0
1.840000,2.551124,1.241295,-2.954229,0.914268,-0.362850,-0.180148,0.060271,-0.317909,0.946204,-0.400600,-0.875942,-0.268784,0.790721,-0.095665,-0.183614,0.576102,0.126515,0.163277,0.009129,0.020871,-0.012796,-0.073609,0.180148,-0.946204,0.268784,0.000000,0.000000,0.000000,-1,0.177795,-0.945221,0.206512,0.141458,0.065737,0.001335,148.925110,197.669876,-757.856812,0,0
1.880000,2.562107,1.237359,-2.959480,0.916619,-0.357336,-0.179224,0.059275,-0.321881,0.944923,-0.395343,-0.876758,-0.273861,0.792521,-0.094023,-0.181247,0.574647,0.191118,0.147285,-0.045758,-0.005914,0.007331,-0.065670,0.179224,-0.944923,0.273861,0.000000,0.000000,0.000000,-1,0.175507,-0.936661,0.208145,0.202903,0.037034,-0.051335,148.224289,197.669876,-760.194824,0,0
1.920000,2.566715,1.233392,-2.960418,0.917971,-0.353456,-0.179996,0.059648,-0.325621,0.943617,-0.392137,-0.876949,-0.277827,0.793949,-0.092515,-0.180155,0.573263,0.215413,0.076226,-0.054208,-0.009571,-0.019090,-0.074046,0.179996,-0.943617,0.277827,0.000000,0.000000,0.000000,-1,0.182419,-0.975479,0.222443,0.197678,-0.022283,-0.014843,147.523468,196.622147,-758.858826,0,0
1.960000,2.573459,1.230047,-2.964559,0.919042,-0.350753,-0.179816,0.058855,-0.328970,0.942504,-0.389740,-0.876784,-0.281694,0.795253,-0.091763,-0.179049,0.571922,0.167866,0.139950,0.027933,0.025125,-0.033066,-0.039400,0.179816,-0.942504,0.281694,0.000000,0.000000,0.000000,-1,0.199265,-0.942261,0.255478,0.148026,0.073232,0.050160,150.151550,196.447525,-757.689819,0,0
2.000000,2.589133,1.227451,-2.975369,0.921266,-0.346497,-0.176662,0.055700,-0.331999,0.941634,-0.384925,-0.877335,-0.286560,0.796841,-0.091234,-0.176192,0.570681,0.122364,0.199388,0.072843,0.004002,0.009856,-0.028030,0.176662,-0.941634,0.286560,0.000000,0.000000,0.000000,-1,0.140533,-0.941422,0.251129,0.114174,0.099797,0.089771,147.348251,196.796768,-757.355774,0,0
2.040000,2.619746,1.226851,-2.996882,0.925513,-0.339369,-0.168090,0.048627,-0.333680,0.941432,-0.375581,-0.879481,-0.292322,0.798673,-0.091008,-0.170180,0.569981,0.106615,0.224908,0.125033,-0.017532,-0.000585,-0.038111,0.168090,-0.941432,0.292322,0.000000,0.000000,0.000000,-1,0.160675,-0.930313,0.256516,0.122864,0.139087,0.130983,147.698669,195.749054,-757.355774,0,0
2.080000,2.646400,1.225513,-3.015181,0.929231,-0.332656,-0.160838,0.042672,-0.335762,0.940980,-0.367026,-0.881251,-0.297806,0.800437,-0.090571,-0.164867,0.569136,0.121489,0.252462,0.119422,0.010137,0.022233,-0.041748,0.160838,-0.940980,0.297806,0.000000,0.000000,0.000000,-1,0.170807,-0.913635,0.253922,0.106865,0.153904,0.114073,148.049088,196.796768,-757.689819,0,0
2.120000,2.665009,1.224385,-3.026957,0.932092,-0.327025,-0.155756,0.038837,-0.337296,0.940597,-0.360134,-0.882772,-0.301690,0.801729,-0.089865,-0.160868,0.568574,0.073504,0.246045,0.082750,0.005423,0.026993,-0.048928,0.155756,-0.940597,0.301690,0.000000,0.000000,0.000000,-1,0.136185,-0.927460,0.260880,0.054604,0.138999,0.073231,147.873871,197.320633,-758.858826,0,0
2.160000,2.683138,1.226057,-3.034824,0.936019,-0.318590,-0.149565,0.036014,-0.336027,0.941163,-0.350103,-0.886333,-0.303054,0.802356,-0.088046,-0.155688,0.569416,-0.010673,0.188740,0.050968,-0.020140,0.011156,-0.037475,0.149565,-0.941163,0.303054,0.000000,0.000000,0.000000,-1,0.129593,-0.929276,0.272217,-0.036893,0.076439,0.069203,148.049088,195.399811,-757.021790,0,0
2.200000,2.695680,1.230288,-3.040594,0.938608,-0.313480,-0.144033,0.033673,-0.332264,0.942585,-0.343339,-0.889568,-0.301310,0.801901,-0.087232,-0.151943,0.571190,-0.061660,0.166506,0.072921,-0.010458,0.004170,-0.004725,0.144033,-0.942585,0.301310,0.000000,0.000000,0.000000,-1,0.128082,-0.968704,0.321442,-0.071967,0.056304,0.076063,147.523468,195.225189,-756.186768,0,0
2.240000,2.703122,1.233254,-3.043731,0.940211,-0.310219,-0.140600,0.032357,-0.329585,0.943571,-0.339053,-0.891705,-0.299841,0.801504,-0.086669,-0.149610,0.572448,-0.083031,0.132546,0.050976,-0.010305,-0.047838,0.034967,0.140600,-0.943571,0.299841,0.000000,0.000000,0.000000,-1,0.144775,-0.986618,0.356506,-0.089156,0.020197,0.035994,146.822647,196.622147,-757.188782,0,0
2.280000,2.705083,1.235431,-3.041570,0.941568,-0.306738,-0.139143,0.032864,-0.327469,0.944290,-0.335215,-0.893687,-0.298254,0.801138,-0.085464,-0.148026,0.573552,-0.048292,0.076232,-0.032121,0.013934,-0.015732,0.064356,0.139142,-0.944290,0.298254,0.000000,0.000000,0.000000,-1,0.165054,-0.923584,0.350891,-0.039506,-0.024445,-0.039876,146.297028,196.098282,-757.021790,0,0
2.320000,2.699453,1.237233,-3.030371,0.943127,-0.301473,-0.140091,0.036340,-0.325389,0.944882,-0.330441,-0.896234,-0.295928,0.800694,-0.082782,-0.146914,0.574850,-0.100432,0.141925,-0.057372,0.046997,0.028835,0.029176,0.140091,-0.944882,0.295928,0.000000,0.000000,0.000000,-1,0.234177,-0.908966,0.312836,-0.101178,0.062461,-0.059799,148.049088,197.844482,-758.023804,0,0
2.360000,2.694508,1.238787,-3.017043,0.945502,-0.293545,-0.140918,0.040491,-0.323418,0.945389,-0.323089,-0.899573,-0.293907,0.800442,-0.079036,-0.144922,0.576233,-0.050560,0.242575,-0.104115,0.097806,0.040146,0.022011,0.140918,-0.945389,0.293907,0.000000,0.000000,0.000000,-1,0.232330,-0.908707,0.335983,-0.009862,0.166284,-0.112332,146.647430,196.098282,-758.023804,0,0
2.400000,2.694082,1.234366,-3.005131,0.948713,-0.282024,-0.142850,0.044909,-0.327050,0.943939,-0.312932,-0.901943,-0.297612,0.802087,-0.073905,-0.142061,0.575337,0.148050,0.263694,-0.162777,0.047397,0.007095,0.045925,0.142850,-0.943939,0.297611,0.000000,0.000000,0.000000,-1,0.128967,-0.913742,0.333801,0.200366,0.128019,-0.179363,147.173050,196.971390,-757.856812,0,0
2.440000,2.694367,1.224190,-2.995886,0.951153,-0.271525,-0.146912,0.049323,-0.336108,0.940531,-0.304756,-0.901835,-0.306297,0.805226,-0.068987,-0.140230,0.572003,0.205339,0.200052,-0.182268,-0.037125,0.050684,0.014595,0.146912,-0.940531,0.306297,0.000000,0.000000,0.000000,-1,0.081116,-0.877243,0.313721,0.195030,0.090916,-0.177010,146.822647,196.272903,-756.854797,0,0
2.480000,2.693275,1.214880,-2.986746,0.953056,-0.262436,-0.151035,0.053741,-0.344280,0.937328,-0.297987,-0.901443,-0.314014,0.807984,-0.064573,-0.138933,0.568938,0.146945,0.186304,-0.158160,-0.074299,0.046382,0.008694,0.151035,-0.937328,0.314014,0.000000,0.000000,0.000000,-1,0.103928,-0.951447,0.373917,0.121836,0.099459,-0.134756,147.348251,197.146011,-757.355774,0,0
2.520000,2.694057,1.207765,-2.978817,0.955159,-0.253095,-0.153672,0.057548,-0.350416,0.934825,-0.290449,-0.901749,-0.320137,0.810202,-0.060339,-0.137040,0.566702,0.142810,0.231925,-0.135983,-0.045029,-0.029485,0.074119,0.153672,-0.934825,0.320137,0.000000,0.000000,0.000000,-1,0.122055,-0.925659,0.451630,0.184575,0.155639,-0.143148,147.698669,196.447525,-757.355774,0,0
2.560000,2.698999,1.198714,-2.973489,0.957660,-0.242163,-0.155705,0.060828,-0.358431,0.931572,-0.281402,-0.901601,-0.328525,0.813114,-0.055753,-0.134393,0.563628,0.201317,0.235118,-0.128132,-0.039891,0.035073,0.120297,0.155705,-0.931572,0.328525,0.000000,0.000000,0.000000,-1,0.092667,-0.831818,0.376785,0.203844,0.102698,-0.097381,146.647430,195.749054,-756.019775,0,0
2.600000,2.707427,1.190877,-2.975792,0.959255,-0.235572,-0.155998,0.061205,-0.365760,0.928694,-0.275832,-0.900403,-0.336439,0.815698,-0.053441,-0.132350,0.560593,0.155904,0.095333,-0.018501,-0.065849,0.082427,0.016069,0.155998,-0.928694,0.336439,0.000000,0.000000,0.000000,-1,0.086929,-0.901489,0.358658,0.092565,0.006388,0.017034,148.399490,197.844482,-755.685791,0,0
2.640000,2.718309,1.187958,-2.981678,0.960783,-0.230979,-0.153440,0.059482,-0.368788,0.927608,-0.270845,-0.900358,-0.340586,0.817031,-0.052476,-0.129825,0.559332,0.045711,0.239625,0.052267,-0.055418,-0.005390,0.070516,0.153440,-0.927608,0.340586,0.000000,0.000000,0.000000,-1,0.146576,-0.940018,0.470047,0.057909,0.265171,0.077944,146.647430,197.146011,-756.687744,0,0
2.680000,2.741073,1.186578,-2.991159,0.964631,-0.219382,-0.146147,0.056175,-0.370601,0.927092,-0.257549,-0.902511,-0.345170,0.818597,-0.049843,-0.123289,0.558762,0.105362,0.361558,0.057442,0.012117,-0.006975,0.118636,0.146147,-0.927092,0.345170,0.000000,0.000000,0.000000,-1,0.177826,-0.848450,0.407578,0.117278,0.224829,0.041305,148.224289,197.320633,-754.850769,0,0
2.720000,2.759329,1.182217,-2.998354,0.967599,-0.209231,-0.141328,0.054084,-0.374994,0.925448,-0.246630,-0.903107,-0.351528,0.820689,-0.047261,-0.118181,0.557018,0.134914,0.256398,0.001412,0.031813,0.100238,0.036076,0.141328,-0.925448,0.351528,0.000000,0.000000,0.000000,-1,0.154755,-0.819122,0.360764,0.094771,0.159043,0.006747,147.873871,196.971390,-755.852783,0,0
2.760000,2.773302,1.179271,-3.002017,0.970168,-0.199748,-0.137383,0.053089,-0.377887,0.924328,-0.236548,-0.904047,-0.356010,0.822202,-0.044593,-0.113698,0.555939,0.016970,0.282920,0.014293,-0.001748,0.094693,-0.003547,0.137383,-0.924328,0.356010,0.000000,0.000000,0.000000,-1,0.150345,-0.882721,0.348862,-0.041239,0.216306,0.015434,147.523468,198.019104,-755.184753,0,0
2.800000,2.784955,1.180793,-3.001167,0.973048,-0.188573,-0.132735,0.053213,-0.376449,0.924908,-0.224381,-0.907042,-0.356268,0.822461,-0.041145,-0.108551,0.556850,-0.057531,0.312564,-0.012676,0.029359,0.018032,-0.012045,0.132735,-0.924908,0.356268,0.000000,0.000000,0.000000,-1,0.187897,-0.941742,0.331161,-0.057368,0.197155,-0.028978,146.121811,196.272903,-755.184753,0,0
2.840000,2.789331,1.181954,-2.994134,0.975317,-0.177897,-0.130803,0.055702,-0.375003,0.925349,-0.213669,-0.909794,-0.355837,0.822520,-0.037141,-0.104700,0.557781,-0.039745,0.239316,-0.074237,0.048991,-0.003988,-0.023989,0.130803,-0.925349,0.355837,0.000000,0.000000,0.000000,-1,0.155899,-0.889587,0.329117,-0.052361,0.121780,-0.095707,146.997849,197.146011,-756.687744,0,0
2.880000,2.785119,1.183346,-2.980921,0.976754,-0.169019,-0.131851,0.060446,-0.372962,0.925875,-0.205666,-0.912322,-0.354076,0.822161,-0.033015,-0.102631,0.558953,-0.159134,0.130020,-0.135187,-0.018433,0.060031,-0.054592,0.131851,-0.925875,0.354076,0.000000,0.000000,0.000000,-1,0.046814,-0.788849,0.204803,-0.363220,-0.116864,-0.156091,147.698669,197.844482,-756.687744,0,0
2.920000,2.755663,1.195571,-2.949978,0.976193,-0.167384,-0.137951,0.069795,-0.359774,0.930425,-0.205369,-0.917903,-0.339527,0.817847,-0.029831,-0.104946,0.564998,-0.578314,-0.100098,-0.164631,-0.092770,0.168020,-0.172763,0.137951,-0.930425,0.339527,0.000000,0.000000,0.000000,-1,0.108170,-0.776199,0.106613,-0.670581,-0.221838,-0.161802,147.348251,196.098282,-757.021790,0,1
2.960000,2.703633,1.222094,-2.899491,0.974762,-0.169829,-0.144903,0.081915,-0.331714,0.939817,-0.207675,-0.927968,-0.309431,0.808688,-0.027178,-0.108997,0.577412,-0.961927,-0.107447,-0.111439,-0.002615,0.121030,-0.187772,0.144903,-0.939817,0.309430,0.000000,0.000000,0.000000,-1,0.236862,-0.975464,0.196686,-1.157193,-0.180382,-0.084293,146.647430,196.098282,-758.357788,0,0
3.000000,2.629931,1.260593,-2.825918,0.973601,-0.172520,-0.149460,0.094768,-0.290169,0.952272,-0.207654,-0.941297,-0.266159,0.795287,-0.024441,-0.112259,0.595246,-1.127694,-0.131792,-0.082909,0.172318,-0.184630,-0.006988,0.149460,-0.952272,0.266159,0.000000,0.000000,0.000000,-1,0.377182,-1.108307,0.313797,-0.810643,-0.175095,-0.097710,148.224289,196.622147,-762.198853,0,0
3.040000,2.564551,1.284549,-2.758739,0.972912,-0.172379,-0.154037,0.105479,-0.261912,0.959310,-0.205709,-0.949572,-0.236635,0.786044,-0.021278,-0.114417,0.607117,-0.480266,0.149068,-0.153008,0.210312,-0.107630,0.085111,0.154037,-0.959310,0.236635,0.000000,0.000000,0.000000,-1,0.261276,-0.981995,0.250381,-0.426806,0.203302,-0.167472,148.925110,196.971390,-762.532837,0,0
3.080000,2.523285,1.295841,-2.698119,0.975413,-0.154278,-0.157379,0.116497,-0.245241,0.962437,-0.187078,-0.957108,-0.221238,0.781328,-0.012089,-0.110215,0.614193,-0.540740,0.546574,-0.200939,0.068237,-0.013103,-0.008805,0.157379,-0.962437,0.221238,0.000000,0.000000,0.000000,-1,0.190567,-0.949707,0.140411,-0.652124,0.361252,-0.179530,150.852371,194.701324,-764.035889,0,0
3.120000,2.460390,1.312503,-2.613115,0.977827,-0.134093,-0.160852,0.128793,-0.220584,0.966827,-0.165126,-0.966107,-0.198423,0.774086,-0.001712,-0.105278,0.624264,-0.775823,0.474449,-0.218233,0.012320,0.024765,-0.075757,0.160852,-0.966827,0.198423,0.000000,0.000000,0.000000,-1,0.214111,-0.902588,0.066498,-0.872854,0.140531,-0.308002,148.224289,195.574432,-766.540894,0,0
3.160000,2.345336,1.328682,-2.484995,0.977538,-0.122694,-0.171364,0.146353,-0.189904,0.970833,-0.151658,-0.974106,-0.167682,0.764056,0.007741,-0.105693,0.636387,-0.766127,0.038461,-0.378057,0.077064,0.056832,-0.081821,0.171364,-0.970833,0.167682,0.000000,0.000000,0.000000,-1,0.287201,-0.944656,0.054565,-0.690472,-0.084355,-0.390903,149.275528,195.574432,-765.872925,0,0
3.200000,2.238169,1.333084,-2.370351,0.975881,-0.115960,-0.184958,0.164135,-0.168850,0.971879,-0.143929,-0.978797,-0.145744,0.756716,0.015916,-0.108656,0.644455,-0.435113,0.246350,-0.323076,0.114771,0.020570,-0.122368,0.184958,-0.971879,0.145744,0.000000,0.000000,0.000000,-1,0.324966,-0.907181,-0.038986,-0.371967,0.213723,-0.288323,150.852371,195.050568,-767.041931,0,0
3.240000,2.183228,1.332499,-2.300464,0.975900,-0.101554,-0.193148,0.175950,-0.157355,0.971741,-0.129077,-0.982307,-0.135695,0.753152,0.024695,-0.106959,0.648624,-0.259183,0.353602,-0.210617,0.133787,0.095551,-0.178465,0.193148,-0.971741,0.135695,0.000000,0.000000,0.000000,-1,0.330231,-0.891357,-0.033020,-0.211878,0.251067,-0.132826,151.728409,195.923676,-767.542908,0,0
3.280000,2.159224,1.333274,-2.260306,0.976876,-0.086053,-0.195722,0.181544,-0.149685,0.971924,-0.112934,-0.984982,-0.130602,0.751193,0.031780,-0.102722,0.651266,-0.166984,0.441880,-0.024817,0.136324,0.066498,-0.161714,0.195722,-0.971924,0.130602,0.000000,0.000000,0.000000,-1,0.341736,-0.880447,-0.050430,-0.137785,0.417764,0.028354,151.553207,195.050568,-767.375916,0,0
3.320000,2.182056,1.336660,-2.259637,0.979743,-0.063300,-0.189993,0.179103,-0.147471,0.972715,-0.089591,-0.987039,-0.133147,0.751725,0.038512,-0.092981,0.651752,0.065511,0.677466,0.119414,0.164819,0.094343,-0.181685,0.189993,-0.972715,0.133146,0.000000,0.000000,0.000000,-1,0.381577,-0.911118,-0.038696,0.107297,0.626785,0.132144,152.779648,195.225189,-768.544922,0,0
3.360000,2.239129,1.337712,-2.285905,0.982882,-0.032842,-0.181286,0.174395,-0.151453,0.972959,-0.059411,-0.987919,-0.143133,0.754564,0.046899,-0.079747,0.649672,0.101643,0.874598,0.074513,0.208759,0.012174,-0.188345,0.181286,-0.972959,0.143133,0.000000,0.000000,0.000000,-1,0.426361,-0.971848,0.002243,0.108083,0.878927,0.006543,152.779648,196.971390,-767.208923,0,0
3.400000,2.291242,1.335317,-2.298703,0.984489,0.006337,-0.175334,0.174181,-0.155222,0.972403,-0.021053,-0.987859,-0.153918,0.757237,0.059598,-0.064837,0.647176,0.062053,1.093892,-0.037730,0.258336,-0.001825,-0.131259,0.175334,-0.972403,0.153919,0.000000,0.000000,0.000000,-1,0.437820,-1.054199,0.004120,0.029411,1.059107,-0.029570,153.305267,196.796768,-767.375916,0,0
3.440000,2.337776,1.334445,-2.300201,0.984370,0.050906,-0.168595,0.174581,-0.156048,0.972199,0.023182,-0.986437,-0.162496,0.758768,0.074294,-0.047911,0.645334,0.032428,1.008098,0.018297,0.272597,-0.090591,-0.211172,0.168595,-0.972199,0.162496,0.000000,0.000000,0.000000,-1,0.417099,-1.052948,-0.037949,0.069908,0.829152,0.043355,151.903610,198.542969,-768.043945,0,0
3.480000,2.398430,1.333079,-2.320958,0.983080,0.090367,-0.159334,0.172276,-0.160544,0.971878,0.062246,-0.982883,-0.173395,0.761088,0.086272,-0.031891,0.642094,0.093872,0.872344,-0.012616,0.128721,-0.595795,0.285864,0.159334,-0.971878,0.173395,0.000000,0.000000,0.000000,-1,-0.406754,-1.416458,0.412216,-0.182600,0.712556,-0.641561,153.305267,197.844482,-766.707886,0,0
3.520000,2.351379,1.321145,-2.249573,0.977678,0.115459,-0.175541,0.192301,-0.155118,0.968999,0.084650,-0.981126,-0.173859,0.759384,0.101319,-0.029923,0.642009,0.035010,0.013890,-0.505913,-0.578816,-0.182613,-0.007370,0.175541,-0.968999,0.173859,0.000000,0.000000,0.000000,-1,0.209137,-0.653397,0.154663,0.112699,-0.290196,-0.506262,154.181290,197.320633,-766.206909,0,0
3.560000,2.309901,1.308278,-2.211646,0.974880,0.113236,-0.191799,0.208022,-0.155157,0.965740,0.079597,-0.981379,-0.174815,0.759087,0.105804,-0.036953,0.641270,-0.113843,0.012189,-0.224506,0.141957,0.301021,0.097921,0.191799,-0.965740,0.174815,0.000000,0.000000,0.000000,-1,0.424698,-0.925903,0.347473,-0.283387,0.038978,-0.162992,156.809387,197.844482,-768.043945,0,0
3.600000,2.271404,1.308469,-2.160249,0.972089,0.125465,-0.198244,0.215566,-0.144163,0.965789,0.092593,-0.981568,-0.167185,0.755552,0.112842,-0.034958,0.644349,-0.154228,0.359837,-0.291581,-0.006380,-0.170884,0.130056,0.198244,-0.965789,0.167185,0.000000,0.000000,0.000000,-1,-0.241150,-1.272720,0.331192,0.121662,0.149204,-0.191356,156.108551,199.939926,-766.373901,0,0
3.640000,2.284835,1.301096,-2.163830,0.970034,0.135978,-0.201357,0.220948,-0.148909,0.963851,0.101079,-0.979457,-0.174491,0.757204,0.117843,-0.033108,0.641606,0.367113,0.204620,0.125670,-0.485109,-0.256242,0.099007,0.201357,-0.963851,0.174491,0.000000,0.000000,0.000000,-1,-0.182312,-0.906998,0.140381,0.468755,0.055505,0.243493,155.758148,199.939926,-768.043945,0,0
3.680000,2.356741,1.295444,-2.240242,0.972345,0.132756,-0.192147,0.213203,-0.168719,0.962330,0.095336,-0.976683,-0.192357,0.763777,0.113240,-0.031688,0.634679,0.425618,-0.366646,0.250994,-0.281930,0.066135,-0.041127,0.192147,-0.962330,0.192357,0.000000,0.000000,0.000000,-1,0.075195,-0.881317,0.211853,0.290740,-0.624071,0.259159,155.407730,201.336884,-766.039917,0,0
3.720000,2.377156,1.298725,-2.283496,0.976355,0.110169,-0.185994,0.203319,-0.175715,0.963216,0.073435,-0.978257,-0.193960,0.765838,0.102335,-0.036744,0.633774,0.033345,-0.497100,0.274127,-0.031347,0.103368,0.017298,0.185994,-0.963216,0.193960,0.000000,0.000000,0.000000,-1,0.177292,-0.843597,0.165558,0.190802,-0.464029,0.226563,155.582947,199.765305,-767.208923,0,0
3.760000,2.406191,1.299187,-2.328176,0.979087,0.094832,-0.179987,0.194944,-0.184315,0.963340,0.058181,-0.978282,-0.198948,0.768497,0.094267,-0.039625,0.631630,0.316063,-0.236399,0.197502,-0.018442,0.141594,-0.038105,0.179987,-0.963340,0.198948,0.000000,0.000000,0.000000,-1,0.094131,-0.841324,0.170059,0.393829,-0.294460,0.181011,154.706909,202.384613,-765.705933,0,0
3.800000,2.457020,1.290063,-2.389624,0.980820,0.085425,-0.175197,0.189254,-0.202350,0.960853,0.046630,-0.975580,-0.214636,0.774242,0.088693,-0.041514,0.625267,0.464773,-0.227973,0.159658,-0.113933,0.111640,-0.046118,0.175197,-0.960853,0.214636,0.000000,0.000000,0.000000,-1,0.037781,-0.823868,0.142609,0.404289,-0.351763,0.147116,151.903610,201.686127,-766.039917,0,0
3.840000,2.484950,1.284107,-2.431312,0.982316,0.072503,-0.172625,0.184384,-0.214396,0.959185,0.032533,-0.974052,-0.223973,0.777928,0.082555,-0.045021,0.621278,0.160449,-0.370105,0.121105,-0.132906,0.178942,-0.110372,0.172625,-0.959185,0.223973,0.000000,0.000000,0.000000,-1,0.120270,-0.778427,0.128265,0.103046,-0.485459,0.077643,154.356491,202.035370,-765.037903,0,0
3.880000,2.488012,1.282324,-2.449995,0.983254,0.057359,-0.172978,0.181437,-0.219120,0.958680,0.017086,-0.974010,-0.225858,0.779139,0.076622,-0.050021,0.620136,0.132611,-0.334148,0.061682,-0.031743,0.163300,-0.085431,0.172978,-0.958680,0.225858,0.000000,0.000000,0.000000,-1,0.133072,-0.814514,0.128281,0.175360,-0.410198,0.066933,152.429230,201.860748,-765.204895,0,0
3.920000,2.501921,1.276330,-2.476544,0.983823,0.045593,-0.173247,0.179100,-0.228377,0.956957,0.004065,-0.972504,-0.232848,0.781833,0.071848,-0.054098,0.616968,0.292141,-0.265233,0.061740,-0.052275,0.157687,-0.114730,0.173247,-0.956957,0.232848,0.000000,0.000000,0.000000,-1,0.121674,-0.808899,0.106506,0.265791,-0.372017,0.075337,154.882111,203.606949,-765.872925,0,0
3.960000,2.511959,1.272061,-2.500683,0.984342,0.032181,-0.173305,0.175976,-0.235906,0.955710,-0.010128,-0.971243,-0.237875,0.783920,0.066383,-0.058499,0.614524,0.095448,-0.421042,0.092268,-0.040492,0.088781,-0.148047,0.173305,-0.955710,0.237875,0.000000,0.000000,0.000000,-1,0.160675,-0.986984,0.128723,0.101007,-0.628508,0.130433,155.232529,201.860748,-764.870911,0,0
4.000000,2.516797,1.270806,-2.527503,0.984890,0.010646,-0.172854,0.170278,-0.241520,0.955339,-0.031578,-0.970337,-0.239684,0.785190,0.057605,-0.065090,0.613124,0.278621,-0.544924,0.199307,0.011579,-0.069853,-0.089369,0.172854,-0.955339,0.239684,0.000000,0.000000,0.000000,-1,0.271149,-1.163223,0.130371,0.432054,-0.621984,0.235254,155.407730,203.083084,-764.703857,0,0
4.040000,2.565647,1.256475,-2.599771,0.985657,-0.011256,-0.168384,0.159439,-0.264889,0.951006,-0.055308,-0.964213,-0.259295,0.792124,0.046768,-0.070599,0.604457,0.781746,-0.492885,0.253095,0.154920,-0.255293,-0.142977,0.168384,-0.951006,0.259295,0.000000,0.000000,0.000000,-1,0.405884,-1.218384,0.108765,0.760620,-0.614541,0.245427,154.006088,203.432327,-765.705933,0,0
4.080000,2.609367,1.236879,-2.670221,0.985421,-0.035844,-0.166316,0.148833,-0.292005,0.944766,-0.082429,-0.955745,-0.282413,0.799975,0.035310,-0.077735,0.593928,0.662322,-0.675327,0.197794,0.235952,-0.185453,-0.143710,0.166316,-0.944766,0.282413,0.000000,0.000000,0.000000,-1,0.262527,-1.099197,0.189957,0.686940,-0.874343,0.213373,153.830887,203.606949,-764.870911,0,0
4.120000,2.636244,1.217501,-2.731458,0.983549,-0.067650,-0.167499,0.137958,-0.317298,0.938238,-0.116619,-0.945910,-0.302745,0.806782,0.021787,-0.088040,0.583846,0.649586,-0.773889,0.223908,0.047849,-0.174891,-0.074565,0.167499,-0.938238,0.302745,0.000000,0.000000,0.000000,-1,0.347382,-1.077164,0.463089,0.516134,-0.690839,0.272932,153.830887,203.606949,-764.870911,0,1
4.160000,2.663096,1.215473,-2.773196,0.983587,-0.083045,-0.160186,0.125284,-0.324552,0.937534,-0.129846,-0.942215,-0.308821,0.808851,0.013055,-0.089643,0.580994,-0.227744,-0.010445,0.295020,0.175675,-0.101940,0.228807,0.160186,-0.937534,0.308821,0.000000,0.000000,0.000000,-1,0.146149,-0.969696,0.569824,-0.489269,-0.120493,0.252719,152.954849,205.178528,-763.367859,0,0
4.200000,2.646905,1.240327,-2.762391,0.983829,-0.091366,-0.154053,0.120118,-0.301436,0.945890,-0.132859,-0.949099,-0.285587,0.801694,0.008966,-0.089470,0.590933,-0.649494,-0.321292,0.163852,-0.220978,0.136961,0.167981,0.154053,-0.945890,0.285587,0.000000,0.000000,0.000000,-1,-0.086121,-0.783554,0.296295,-0.587824,-0.401661,0.112536,152.954849,204.130814,-766.039917,0,0
4.240000,2.606464,1.263907,-2.731065,0.982738,-0.102433,-0.154054,0.120564,-0.276994,0.953278,-0.140319,-0.955396,-0.259863,0.793662,0.005711,-0.092726,0.601224,-0.763916,-0.140319,-0.049511,-0.160066,0.086899,0.018244,0.154054,-0.953278,0.259863,0.000000,0.000000,0.000000,-1,0.312485,-1.255295,0.428818,-1.004312,-0.162448,-0.145628,153.480469,205.003906,-766.540894,0,0
