0.000000,1.463956,-1.140509,1.057600,0.839608,-0.350767,-0.414754,-0.363397,0.204797,-0.908846,0.403734,0.913795,0.044482,-0.630541,0.283155,0.004369,0.722649,-0.000618,0.003908,-0.002641,0.002864,0.010847,-0.000333,0.414754,0.908846,-0.044482,0.000000,0.000000,0.000000,-1,0.421051,0.918015,-0.045822,-0.021294,0.012577,-0.014797,49.397552,259.644745,-536.115112,0,0
0.040000,1.463959,-1.140457,1.057450,0.839536,-0.350884,-0.414800,-0.363407,0.204874,-0.908824,0.403874,0.913732,0.044486,-0.630511,0.283219,0.004332,0.722651,-0.000617,0.002858,-0.001570,0.008494,0.010167,-0.000162,0.414800,0.908824,-0.044486,0.000000,0.000000,0.000000,-1,0.420135,0.919937,-0.044235,-0.022356,0.011538,-0.012654,47.288055,261.402649,-536.115112,0,0
0.080000,1.464079,-1.140429,1.057348,0.839441,-0.351075,-0.414831,-0.363409,0.204924,-0.908813,0.404070,0.913648,0.044438,-0.630492,0.283304,0.004267,0.722635,0.000460,0.007094,-0.001593,0.006067,0.011964,0.000081,0.414831,0.908813,-0.044438,0.000000,0.000000,0.000000,-1,0.420471,0.921829,-0.043533,-0.020220,0.013656,-0.012678,49.397552,260.347900,-537.791016,0,0
0.120000,1.464155,-1.140505,1.057327,0.839431,-0.351177,-0.414766,-0.363344,0.204898,-0.908844,0.404150,0.913615,0.044400,-0.630502,0.283314,0.004209,0.722622,0.000456,0.000781,-0.002699,0.003248,0.013534,-0.000156,0.414766,0.908844,-0.044400,0.000000,0.000000,0.000000,-1,0.421295,0.921707,-0.044937,-0.022371,0.008341,-0.014772,49.397552,261.051086,-536.785522,0,0
0.160000,1.464389,-1.140665,1.057558,0.839475,-0.351229,-0.414632,-0.363265,0.204743,-0.908911,0.404129,0.913629,0.044287,-0.630564,0.283276,0.004164,0.722583,-0.003803,0.001831,-0.003735,0.007106,0.009561,-0.000910,0.414632,0.908911,-0.044287,0.000000,0.000000,0.000000,-1,0.420425,0.918076,-0.044189,-0.026618,0.011529,-0.013686,48.518600,260.172119,-536.282715,0,0
0.200000,1.464762,-1.140694,1.057937,0.839468,-0.351257,-0.414622,-0.363320,0.204592,-0.908923,0.404094,0.913652,0.044130,-0.630624,0.283282,0.004174,0.722529,-0.001678,-0.001327,-0.001608,0.006154,0.012388,0.001481,0.414622,0.908923,-0.044130,0.000000,0.000000,0.000000,-1,0.420944,0.916153,-0.047836,-0.024493,0.008371,-0.011560,48.518600,259.468933,-536.953064,0,0
0.240000,1.464627,-1.140752,1.057757,0.839480,-0.351297,-0.414564,-0.363237,0.204632,-0.908947,0.404144,0.913628,0.044180,-0.630608,0.283272,0.004131,0.722546,0.000472,0.006076,-0.002718,0.008516,0.007175,-0.003000,0.414564,0.908947,-0.044180,0.000000,0.000000,0.000000,-1,0.424118,0.921143,-0.047409,-0.020229,0.011527,-0.013736,47.991211,260.347900,-536.450317,0,0
0.280000,1.464447,-1.140613,1.057472,0.839402,-0.351344,-0.414682,-0.363289,0.204797,-0.908889,0.404258,0.913573,0.044268,-0.630543,0.283340,0.004133,0.722577,0.001526,0.003938,-0.004845,0.009436,0.012253,-0.003141,0.414682,0.908889,-0.044268,0.000000,0.000000,0.000000,-1,0.418396,0.921783,-0.042770,-0.020225,0.015734,-0.016947,48.870178,260.523712,-536.953064,0,0
0.320000,1.464507,-1.140832,1.057186,0.839357,-0.351683,-0.414486,-0.363056,0.204803,-0.908981,0.404561,0.913441,0.044222,-0.630542,0.283383,0.003935,0.722562,0.001570,0.009261,-0.004933,0.003910,0.012803,0.001452,0.414486,0.908981,-0.044222,0.000000,0.000000,0.000000,-1,0.421036,0.923721,-0.050735,-0.021280,0.017863,-0.015882,48.870178,261.226868,-536.617920,0,0
0.360000,1.464695,-1.141021,1.057046,0.839300,-0.352011,-0.414324,-0.362878,0.204770,-0.909059,0.404839,0.913323,0.044126,-0.630556,0.283436,0.003760,0.722530,-0.004823,0.008193,-0.005945,0.006712,0.014662,-0.006609,0.414324,0.909059,-0.044126,0.000000,0.000000,0.000000,-1,0.416550,0.920578,-0.049652,-0.027674,0.017845,-0.017963,48.342804,260.347900,-535.444763,0,0
0.400000,1.464924,-1.141364,1.057079,0.839343,-0.352262,-0.414023,-0.362613,0.204604,-0.909202,0.404988,0.913263,0.043998,-0.630623,0.283401,0.003582,0.722486,-0.003785,0.000759,-0.008056,0.004525,0.009163,-0.002221,0.414023,0.909202,-0.043998,0.000000,0.000000,0.000000,-1,0.420731,0.920502,-0.048523,-0.024505,0.009371,-0.017956,47.288055,262.105835,-536.785522,0,0
0.440000,1.464614,-1.141404,1.056908,0.839423,-0.352130,-0.413973,-0.362546,0.204648,-0.909219,0.404882,0.913304,0.044123,-0.630605,0.283330,0.003604,0.722529,-0.004805,0.000809,-0.005979,0.011564,0.010718,-0.001974,0.413973,0.909219,-0.044123,0.000000,0.000000,0.000000,-1,0.424759,0.918396,-0.047440,-0.026635,0.009371,-0.017939,47.815430,261.578461,-537.623413,0,0
0.480000,1.464711,-1.141336,1.056975,0.839382,-0.352149,-0.414039,-0.362614,0.204654,-0.909191,0.404906,0.913295,0.044089,-0.630603,0.283365,0.003621,0.722517,-0.003735,0.002917,-0.007057,0.008934,0.010502,-0.003457,0.414039,0.909191,-0.044089,0.000000,0.000000,0.000000,-1,0.420181,0.920135,-0.046555,-0.024498,0.013588,-0.020102,48.167007,261.578461,-536.953064,0,0
0.520000,1.464867,-1.141572,1.056949,0.839395,-0.352361,-0.413833,-0.362422,0.204559,-0.909289,0.405051,0.913235,0.044002,-0.630641,0.283356,0.003481,0.722488,-0.005858,0.007124,-0.010251,0.007798,0.009702,-0.003957,0.413833,0.909289,-0.044002,0.000000,0.000000,0.000000,-1,0.419724,0.920547,-0.047409,-0.027692,0.014638,-0.021147,48.870178,259.820557,-536.617920,0,0
0.560000,1.465161,-1.142087,1.057110,0.839518,-0.352600,-0.413380,-0.362047,0.204270,-0.909503,0.405131,0.913207,0.043831,-0.630757,0.283250,0.003269,0.722430,-0.007995,0.003946,-0.010222,0.007900,0.011029,-0.003105,0.413380,0.909503,-0.043831,0.000000,0.000000,0.000000,-1,0.418167,0.918457,-0.045715,-0.030895,0.012510,-0.022179,48.518600,258.765808,-536.282715,0,0
0.600000,1.465594,-1.142520,1.057462,0.839622,-0.352787,-0.413008,-0.361776,0.203949,-0.909683,0.405157,0.913206,0.043610,-0.630885,0.283159,0.003111,0.722354,-0.007956,0.003958,-0.010276,0.004656,0.009705,-0.002715,0.413008,0.909683,-0.043610,0.000000,0.000000,0.000000,-1,0.416656,0.919067,-0.048447,-0.027704,0.010401,-0.021131,47.815430,258.765808,-536.953064,0,0
0.640000,1.465483,-1.142942,1.057352,0.839780,-0.352864,-0.412621,-0.361419,0.203801,-0.909858,0.405148,0.913210,0.043616,-0.630944,0.283021,0.002961,0.722357,-0.003707,0.000769,-0.011363,0.003074,0.009942,-0.003885,0.412621,0.909858,-0.043616,0.000000,0.000000,0.000000,-1,0.419617,0.921509,-0.044083,-0.025588,0.006164,-0.021131,49.749130,259.644745,-536.785522,0,0
0.680000,1.465276,-1.143243,1.057279,0.839947,-0.352797,-0.412339,-0.361165,0.203692,-0.909983,0.405030,0.913260,0.043672,-0.630988,0.282875,0.002896,0.722377,-0.000508,-0.001311,-0.007118,0.007278,0.011526,-0.000410,0.412339,0.909983,-0.043672,0.000000,0.000000,0.000000,-1,0.419449,0.918869,-0.045547,-0.019164,0.013626,-0.015882,46.760681,260.523712,-537.288269,0,0
0.720000,1.465267,-1.143220,1.056992,0.839841,-0.353025,-0.412360,-0.361125,0.203806,-0.909973,0.405285,0.913146,0.043679,-0.630943,0.282970,0.002803,0.722379,0.002717,0.006132,-0.003972,0.004754,0.009674,0.000023,0.412360,0.909973,-0.043679,0.000000,0.000000,0.000000,-1,0.415146,0.925812,-0.041122,-0.021293,0.013626,-0.015866,47.288055,261.402649,-537.791016,0,0
0.760000,1.465781,-1.143509,1.057337,0.839858,-0.353263,-0.412121,-0.360967,0.203552,-0.910093,0.405391,0.913111,0.043439,-0.631044,0.282956,0.002666,0.722297,-0.003691,0.002927,-0.007108,0.003025,0.015719,0.002316,0.412121,0.910093,-0.043439,0.000000,0.000000,0.000000,-1,0.413696,0.919327,-0.034332,-0.029811,0.017816,-0.021142,47.815430,259.820557,-537.958618,0,0
0.800000,1.467496,-1.144034,1.058736,0.839845,-0.353761,-0.411719,-0.360834,0.202813,-0.910311,0.405535,0.913083,0.042683,-0.631338,0.282969,0.002449,0.722035,-0.005761,0.012435,-0.010377,0.001977,0.009016,0.008350,0.411719,0.910311,-0.042682,0.000000,0.000000,0.000000,-1,0.413422,0.923859,-0.042435,-0.025542,0.022041,-0.022256,47.815430,260.172119,-536.953064,0,0
0.840000,1.468515,-1.144747,1.059237,0.839865,-0.354414,-0.411117,-0.360370,0.202315,-0.910605,0.405906,0.912940,0.042197,-0.631537,0.282954,0.002063,0.721868,-0.003639,0.005080,-0.003977,0.002671,0.010842,0.000220,0.411117,0.910605,-0.042197,0.000000,0.000000,0.000000,-1,0.414963,0.917831,-0.041046,-0.025552,0.013627,-0.015833,49.221756,260.875305,-537.958618,0,0
0.880000,1.468854,-1.144934,1.059388,0.839848,-0.354634,-0.410962,-0.360252,0.202177,-0.910683,0.406046,0.912885,0.042040,-0.631592,0.282970,0.001946,0.721815,-0.000453,0.005050,-0.007197,0.003910,0.010475,0.000994,0.410962,0.910683,-0.042040,0.000000,0.000000,0.000000,-1,0.412766,0.923309,-0.040482,-0.019172,0.012547,-0.018009,48.694382,259.996338,-535.779968,0,0
0.920000,1.469188,-1.145400,1.059266,0.839836,-0.355135,-0.410553,-0.359857,0.202013,-0.910875,0.406421,0.912727,0.041860,-0.631657,0.282983,0.001636,0.721753,0.004931,0.012445,-0.008372,0.005935,0.011900,0.002340,0.410553,0.910875,-0.041860,0.000000,0.000000,0.000000,-1,0.417114,0.925140,-0.043411,-0.019143,0.022079,-0.018045,48.167007,260.875305,-535.277222,0,0
0.960000,1.469843,-1.145662,1.059340,0.839690,-0.355723,-0.410343,-0.359664,0.201869,-0.910983,0.406893,0.912529,0.041567,-0.631715,0.283113,0.001365,0.721652,-0.001450,0.013526,-0.006196,0.004177,0.013562,0.001070,0.410343,0.910983,-0.041567,0.000000,0.000000,0.000000,-1,0.411636,0.923660,-0.042480,-0.021276,0.021021,-0.018024,47.815430,261.226868,-536.617920,0,0
1.000000,1.470083,-1.146118,1.059101,0.839670,-0.356235,-0.409940,-0.359253,0.201752,-0.911171,0.407297,0.912356,0.041427,-0.631762,0.283132,0.001046,0.721604,0.001729,0.010328,-0.008341,0.003848,0.009361,0.000060,0.409940,0.911171,-0.041427,0.000000,0.000000,0.000000,-1,0.411148,0.923233,-0.042786,-0.020230,0.014665,-0.018009,48.167007,260.523712,-536.282715,0,0
1.040000,1.470185,-1.146400,1.058970,0.839683,-0.356494,-0.409689,-0.359003,0.201673,-0.911287,0.407491,0.912272,0.041359,-0.631793,0.283122,0.000870,0.721581,0.000654,0.005052,-0.006183,0.001459,0.011946,-0.001427,0.409689,0.911287,-0.041359,0.000000,0.000000,0.000000,-1,0.415756,0.921356,-0.042709,-0.022365,0.010459,-0.014780,47.815430,260.523712,-537.623413,0,0
1.080000,1.470166,-1.146609,1.058888,0.839736,-0.356588,-0.409498,-0.358820,0.201609,-0.911373,0.407544,0.912249,0.041348,-0.631819,0.283075,0.000773,0.721577,-0.002547,0.001886,-0.005082,0.006258,0.009983,-0.001362,0.409498,0.911373,-0.041348,0.000000,0.000000,0.000000,-1,0.413513,0.923370,-0.041809,-0.020241,0.009390,-0.015858,47.639633,261.402649,-536.450317,0,0
1.120000,1.470123,-1.146807,1.058762,0.839779,-0.356695,-0.409317,-0.358638,0.201566,-0.911455,0.407615,0.912217,0.041347,-0.631836,0.283037,0.000673,0.721577,-0.000379,0.001869,-0.005111,0.004196,0.011915,-0.000462,0.409317,0.911455,-0.041347,0.000000,0.000000,0.000000,-1,0.412933,0.925797,-0.039871,-0.025574,0.007263,-0.016874,48.167007,261.226868,-537.288269,0,0
1.160000,1.470517,-1.147364,1.059292,0.840006,-0.356720,-0.408828,-0.358302,0.201127,-0.911684,0.407443,0.912304,0.041135,-0.632009,0.282837,0.000548,0.721503,-0.002538,-0.006613,-0.006130,0.003953,0.010862,0.002545,0.408828,0.911684,-0.041135,0.000000,0.000000,0.000000,-1,0.417358,0.922638,-0.039719,-0.025583,0.004085,-0.016862,47.112259,260.523712,-536.282715,0,0
1.200000,1.470644,-1.147403,1.059531,0.840054,-0.356643,-0.408797,-0.358318,0.201024,-0.911700,0.407330,0.912357,0.041079,-0.632050,0.282794,0.000581,0.721484,-0.000401,-0.004485,-0.005088,0.008973,0.010602,-0.001111,0.408797,0.911700,-0.041079,0.000000,0.000000,0.000000,-1,0.412933,0.924118,-0.042557,-0.022387,0.003045,-0.014752,47.639633,261.402649,-536.785522,0,0
1.240000,1.470513,-1.147466,1.059639,0.840168,-0.356445,-0.408736,-0.358291,0.200958,-0.911726,0.407119,0.912449,0.041127,-0.632077,0.282694,0.000639,0.721501,-0.000399,-0.005524,-0.002953,0.004762,0.011309,0.000218,0.408736,0.911726,-0.041127,0.000000,0.000000,0.000000,-1,0.414459,0.922440,-0.043167,-0.019181,0.006232,-0.013724,47.463837,259.820557,-535.612366,0,0
1.280000,1.470009,-1.147496,1.059149,0.840200,-0.356406,-0.408704,-0.358147,0.201207,-0.911727,0.407179,0.912409,0.041408,-0.631978,0.282665,0.000603,0.721598,0.008178,0.000794,-0.004123,0.007785,0.009370,-0.001545,0.408704,0.911727,-0.041408,0.000000,0.000000,0.000000,-1,0.412552,0.922546,-0.043610,-0.014909,0.010467,-0.013773,48.167007,259.117371,-536.953064,0,0
1.320000,1.469288,-1.147426,1.058304,0.840177,-0.356457,-0.408747,-0.358045,0.201533,-0.911695,0.407356,0.912317,0.041692,-0.631849,0.282703,0.000550,0.721696,0.007127,0.001892,0.000143,0.006277,0.010210,-0.000788,0.408747,0.911695,-0.041692,0.000000,0.000000,0.000000,-1,0.414612,0.923950,-0.043228,-0.015969,0.009438,-0.010565,47.639633,261.051086,-536.115112,0,0
1.360000,1.468611,-1.147357,1.057525,0.840151,-0.356464,-0.408755,-0.357951,0.201763,-0.911681,0.407453,0.912264,0.041915,-0.631758,0.282709,0.000515,0.721774,0.008186,0.000823,-0.000927,0.005704,0.013413,-0.000901,0.408755,0.911681,-0.041915,0.000000,0.000000,0.000000,-1,0.414322,0.926575,-0.043030,-0.012781,0.008368,-0.011651,47.463837,261.226868,-537.288269,0,0
1.400000,1.468073,-1.147515,1.056928,0.840213,-0.356507,-0.408589,-0.357705,0.201906,-0.911746,0.407540,0.912215,0.042120,-0.631701,0.282654,0.000415,0.721845,0.006086,-0.001344,-0.003035,0.005733,0.014829,-0.000910,0.408589,0.911746,-0.042120,0.000000,0.000000,0.000000,-1,0.414093,0.923370,-0.042038,-0.018115,0.007281,-0.014801,47.991211,260.347900,-537.455811,0,0
1.440000,1.467615,-1.147624,1.056599,0.840321,-0.356388,-0.408471,-0.357552,0.201975,-0.911791,0.407452,0.912247,0.042297,-0.631674,0.282558,0.000403,0.721906,0.001823,-0.006589,0.002344,0.006279,0.012464,-0.000932,0.408471,0.911791,-0.042297,0.000000,0.000000,0.000000,-1,0.414017,0.920624,-0.044388,-0.018109,0.004162,-0.008398,48.167007,262.281616,-537.288269,0,0
1.480000,1.466901,-1.147552,1.055954,0.840357,-0.356263,-0.408506,-0.357479,0.202238,-0.911761,0.407442,0.912237,0.042595,-0.631570,0.282527,0.000421,0.722009,0.006103,0.000814,0.001218,0.005511,0.008862,-0.001792,0.408506,0.911761,-0.042595,0.000000,0.000000,0.000000,-1,0.415451,0.921432,-0.046448,-0.014889,0.012635,-0.008454,47.463837,259.468933,-536.282715,0,0
1.520000,1.465936,-1.147156,1.054784,0.840192,-0.356287,-0.408823,-0.357556,0.202834,-0.911599,0.407714,0.912095,0.043027,-0.631334,0.282672,0.000439,0.722159,0.010375,0.004000,0.002240,0.004598,0.012489,-0.002505,0.408823,0.911599,-0.043027,0.000000,0.000000,0.000000,-1,0.411560,0.923645,-0.043289,-0.011701,0.010515,-0.008471,48.694382,259.293152,-537.120667,0,0
1.560000,1.465503,-1.147255,1.054139,0.840174,-0.356454,-0.408716,-0.357347,0.203020,-0.911639,0.407935,0.911989,0.043195,-0.631260,0.282689,0.000309,0.722217,0.007225,0.007110,-0.000931,0.003150,0.014219,-0.000079,0.408716,0.911639,-0.043195,0.000000,0.000000,0.000000,-1,0.413574,0.923843,-0.046356,-0.018086,0.013675,-0.010564,49.397552,259.996338,-536.115112,0,0
1.600000,1.465069,-1.147158,1.053434,0.840065,-0.356630,-0.408784,-0.357280,0.203316,-0.911599,0.408216,0.911854,0.043382,-0.631143,0.282785,0.000225,0.722282,0.005100,0.006081,0.002285,0.006361,0.012610,-0.002959,0.408784,0.911599,-0.043382,0.000000,0.000000,0.000000,-1,0.415222,0.923477,-0.047211,-0.017018,0.013684,-0.009507,47.288055,259.996338,-537.455811,0,0
1.640000,1.464583,-1.147167,1.052873,0.840067,-0.356660,-0.408755,-0.357159,0.203512,-0.911603,0.408319,0.911798,0.043579,-0.631066,0.282783,0.000173,0.722350,0.000807,-0.004519,0.001292,0.003980,0.011508,-0.000488,0.408755,0.911603,-0.043579,0.000000,0.000000,0.000000,-1,0.415710,0.922165,-0.046127,-0.020247,0.002035,-0.009439,47.991211,259.996338,-537.120667,0,0
1.680000,1.464070,-1.147049,1.052534,0.840114,-0.356453,-0.408839,-0.357183,0.203686,-0.911555,0.408202,0.911840,0.043801,-0.630997,0.282742,0.000253,0.722427,0.002940,-0.004510,0.002341,0.006032,0.008840,-0.003288,0.408839,0.911555,-0.043800,0.000000,0.000000,0.000000,-1,0.417786,0.919037,-0.044891,-0.018109,0.004162,-0.008398,48.518600,259.820557,-538.628967,0,0
1.720000,1.463360,-1.146646,1.051998,0.840069,-0.356175,-0.409174,-0.357394,0.204060,-0.911389,0.408110,0.911866,0.044130,-0.630848,0.282781,0.000422,0.722541,0.004001,-0.006619,0.003408,0.007055,0.009861,-0.002363,0.409174,0.911389,-0.044130,0.000000,0.000000,0.000000,-1,0.417953,0.925659,-0.040359,-0.019180,0.002044,-0.008382,46.936462,261.051086,-537.120667,0,0
1.760000,1.463348,-1.146395,1.052267,0.840081,-0.355887,-0.409401,-0.357647,0.204077,-0.911285,0.407864,0.911974,0.044160,-0.630841,0.282771,0.000609,0.722551,0.001896,-0.011961,0.003471,0.008553,0.014374,0.003800,0.409401,0.911285,-0.044160,0.000000,0.000000,0.000000,-1,0.415756,0.917938,-0.046432,-0.017038,0.005231,-0.007345,47.463837,259.820557,-535.612366,0,0
1.800000,1.462671,-1.146005,1.051740,0.840031,-0.355633,-0.409724,-0.357848,0.204442,-0.911125,0.407791,0.911992,0.044475,-0.630697,0.282815,0.000766,0.722660,0.004062,-0.002400,0.006615,0.010823,0.007821,-0.002659,0.409724,0.911125,-0.044475,0.000000,0.000000,0.000000,-1,0.424026,0.921677,-0.043594,-0.021294,0.002104,-0.001973,47.815430,259.468933,-535.947510,0,0
1.840000,1.462728,-1.145294,1.052013,0.839851,-0.355311,-0.410370,-0.358466,0.204665,-0.910832,0.407617,0.912067,0.044522,-0.630608,0.282972,0.001091,0.722675,-0.000206,-0.008714,0.010936,0.013656,0.010845,0.000927,0.410370,0.910832,-0.044521,0.000000,0.000000,0.000000,-1,0.414047,0.920334,-0.042801,-0.015937,0.013743,-0.003124,47.112259,260.172119,-536.953064,0,0
1.880000,1.462869,-1.144857,1.051628,0.839501,-0.355675,-0.410772,-0.358732,0.205001,-0.910651,0.408104,0.911850,0.044506,-0.630475,0.283281,0.001058,0.722670,0.015845,0.014450,0.001171,0.006114,0.007882,-0.001453,0.410772,0.910651,-0.044506,0.000000,0.000000,0.000000,-1,0.425186,0.917099,-0.045410,-0.006349,0.020046,-0.008548,47.991211,260.699493,-538.126221,0,0
1.920000,1.462198,-1.144273,1.050543,0.839181,-0.355853,-0.411271,-0.358972,0.205654,-0.910409,0.408552,0.911633,0.044840,-0.630216,0.283564,0.001079,0.722785,0.014780,0.009213,0.007594,0.013915,0.006690,-0.000570,0.411271,0.910409,-0.044840,0.000000,0.000000,0.000000,-1,0.414597,0.923340,-0.040894,-0.007408,0.015879,-0.001067,47.815430,260.523712,-536.953064,0,0
1.960000,1.462126,-1.143682,1.049825,0.838743,-0.356270,-0.411803,-0.359291,0.206180,-0.910165,0.409170,0.911352,0.044928,-0.630007,0.283949,0.001045,0.722816,0.016925,0.013470,0.009692,-0.000350,0.013160,0.000601,0.411803,0.910165,-0.044928,0.000000,0.000000,0.000000,-1,0.414978,0.926300,-0.042557,-0.004200,0.021164,-0.002177,48.342804,260.347900,-535.109619,0,0
2.000000,1.460773,-1.143656,1.047900,0.838602,-0.356646,-0.411765,-0.358914,0.206883,-0.910154,0.409790,0.911045,0.045487,-0.629728,0.284075,0.000784,0.723010,0.012615,0.001762,0.003375,0.000970,0.012041,-0.004058,0.411765,0.910154,-0.045487,0.000000,0.000000,0.000000,-1,0.413254,0.923904,-0.048553,-0.013846,0.006270,-0.009504,48.518600,259.820557,-536.953064,0,0
2.040000,1.459830,-1.143811,1.047010,0.838726,-0.356565,-0.411582,-0.358607,0.207132,-0.910218,0.409804,0.911020,0.045860,-0.629630,0.283965,0.000706,0.723139,0.007286,-0.002551,-0.000791,-0.000403,0.013549,-0.004525,0.411582,0.910218,-0.045860,0.000000,0.000000,0.000000,-1,0.412506,0.921066,-0.052521,-0.019175,0.007301,-0.012663,49.045975,259.644745,-537.120667,0,0
2.080000,1.458398,-1.144008,1.045807,0.838955,-0.356310,-0.411337,-0.358203,0.207473,-0.910300,0.409691,0.911042,0.046429,-0.629494,0.283765,0.000654,0.723335,0.005153,-0.007807,0.003505,0.003717,0.013940,-0.007679,0.411337,0.910300,-0.046429,0.000000,0.000000,0.000000,-1,0.421722,0.915268,-0.054901,-0.017045,0.002063,-0.006267,48.518600,261.226868,-538.293762,0,0
2.120000,1.456484,-1.143376,1.044133,0.838918,-0.355840,-0.411819,-0.358352,0.208361,-0.910038,0.409635,0.911023,0.047282,-0.629141,0.283796,0.000868,0.723630,0.011574,-0.001416,0.007695,0.013550,0.001461,-0.008046,0.411819,0.910038,-0.047282,0.000000,0.000000,0.000000,-1,0.418625,0.921310,-0.050674,-0.010605,0.014821,-0.001039,47.639633,258.589996,-537.791016,0,0
2.160000,1.454846,-1.142408,1.042193,0.838554,-0.355774,-0.412616,-0.358707,0.209500,-0.909637,0.410068,0.910788,0.048058,-0.628688,0.284116,0.001013,0.723898,0.010553,0.010253,0.009792,0.005872,0.012360,-0.001472,0.412616,0.909637,-0.048058,0.000000,0.000000,0.000000,-1,0.417267,0.922806,-0.048050,-0.010583,0.022235,-0.001067,47.463837,260.523712,-536.953064,0,0
2.200000,1.454656,-1.142091,1.041461,0.838258,-0.356149,-0.412893,-0.358803,0.209909,-0.909505,0.410589,0.910547,0.048170,-0.628526,0.284376,0.000916,0.723937,0.011665,0.018680,0.009793,0.004374,0.013301,0.000120,0.412893,0.909505,-0.048170,0.000000,0.000000,0.000000,-1,0.409317,0.924561,-0.049072,-0.013781,0.020127,0.000031,47.639633,261.051086,-538.796570,0,0
2.240000,1.454392,-1.142063,1.040705,0.838157,-0.356538,-0.412762,-0.358512,0.210188,-0.909555,0.411049,0.910330,0.048347,-0.628415,0.284466,0.000682,0.723998,0.002007,-0.004638,0.007820,-0.003231,0.013632,-0.001656,0.412762,0.909555,-0.048347,0.000000,0.000000,0.000000,-1,0.414383,0.924759,-0.050430,-0.021295,0.000005,0.000165,49.397552,259.996338,-537.455811,0,0
2.280000,1.453804,-1.142100,1.040469,0.838258,-0.356206,-0.412844,-0.358588,0.210260,-0.909508,0.410777,0.910444,0.048521,-0.628386,0.284377,0.000822,0.724058,-0.003334,-0.013081,0.011087,0.003843,0.012977,-0.002886,0.412844,0.909508,-0.048521,0.000000,0.000000,0.000000,-1,0.417847,0.920364,-0.045212,-0.025566,-0.004230,0.000214,47.288055,259.996338,-536.450317,0,0
2.320000,1.453877,-1.141834,1.040924,0.838295,-0.355836,-0.413087,-0.358892,0.210219,-0.909398,0.410436,0.910598,0.048519,-0.628402,0.284343,0.001055,0.724057,-0.002266,-0.010972,0.010005,0.004973,0.011500,0.002453,0.413087,0.909398,-0.048519,0.000000,0.000000,0.000000,-1,0.421097,0.922379,-0.048203,-0.023430,-0.001063,-0.000880,49.924927,260.172119,-534.606812,0,0
2.360000,1.454178,-1.141249,1.041728,0.838249,-0.355314,-0.413630,-0.359520,0.210199,-0.909154,0.409980,0.910806,0.048457,-0.628409,0.284382,0.001452,0.724035,-0.002250,-0.009957,0.010044,0.005513,0.011378,0.001872,0.413630,0.909154,-0.048457,0.000000,0.000000,0.000000,-1,0.421234,0.920258,-0.048080,-0.023429,-0.000014,-0.001949,47.112259,259.820557,-538.964111,0,0
2.400000,1.454228,-1.140899,1.042010,0.838204,-0.355051,-0.413949,-0.359854,0.210258,-0.909009,0.409780,0.910896,0.048473,-0.628385,0.284421,0.001658,0.724040,0.000953,-0.006780,0.010008,0.005225,0.008868,0.000011,0.413949,0.909009,-0.048473,0.000000,0.000000,0.000000,-1,0.424255,0.917282,-0.047104,-0.021288,0.003173,-0.000912,48.167007,260.172119,-537.623413,0,0
2.440000,1.454223,-1.140141,1.042143,0.837982,-0.354775,-0.414633,-0.360477,0.210558,-0.908692,0.409686,0.910934,0.048555,-0.628265,0.284614,0.001969,0.724068,0.002033,-0.001485,0.009982,0.010889,0.006652,-0.000136,0.414633,0.908692,-0.048555,0.000000,0.000000,0.000000,-1,0.423279,0.919250,-0.048752,-0.021276,0.005311,0.001210,48.342804,260.347900,-537.120667,0,0
2.480000,1.454147,-1.139344,1.042228,0.837757,-0.354469,-0.415349,-0.361120,0.210893,-0.908359,0.409579,0.910976,0.048671,-0.628131,0.284809,0.002296,0.724107,0.004158,-0.004643,0.012110,0.007137,0.012997,0.000957,0.415349,0.908359,-0.048671,0.000000,0.000000,0.000000,-1,0.426880,0.921066,-0.047623,-0.021280,0.003202,0.002284,49.045975,260.347900,-537.120667,0,0
2.520000,1.454214,-1.138702,1.042371,0.837550,-0.354276,-0.415931,-0.361653,0.211135,-0.908091,0.409532,0.910994,0.048711,-0.628034,0.284988,0.002547,0.724119,0.006309,-0.000422,0.014224,0.012078,0.010946,0.002752,0.415931,0.908091,-0.048711,0.000000,0.000000,0.000000,-1,0.422592,0.918625,-0.043747,-0.014860,0.012743,0.003263,49.221756,259.820557,-537.288269,0,0
2.560000,1.454720,-1.137866,1.042512,0.837092,-0.354443,-0.416710,-0.362339,0.211467,-0.907740,0.409862,0.910852,0.048588,-0.627901,0.285388,0.002726,0.724077,0.008460,0.009091,0.012043,0.005882,0.010885,0.004842,0.416710,0.907740,-0.048588,0.000000,0.000000,0.000000,-1,0.422897,0.922318,-0.050293,-0.016994,0.014822,-0.000989,49.045975,259.644745,-537.455811,0,0
2.600000,1.454632,-1.137552,1.042216,0.836911,-0.354543,-0.416988,-0.362523,0.211717,-0.907608,0.410070,0.910755,0.048719,-0.627788,0.285523,0.002768,0.724121,0.003066,-0.007922,0.004689,0.003466,0.017388,-0.000866,0.416960,0.907615,-0.048786,0.000000,0.000000,0.000000,-1,0.420898,0.922638,-0.049561,-0.023434,0.002065,-0.006218,49.397552,259.293152,-537.791016,0,0
2.640000,1.454176,-1.137597,1.042078,0.837065,-0.354254,-0.416926,-0.362458,0.211747,-0.907627,0.409813,0.910861,0.048843,-0.627789,0.285411,0.002832,0.724164,-0.004379,-0.002655,0.001531,0.004965,0.016598,-0.002212,0.416926,0.907627,-0.048843,0.000000,0.000000,0.000000,-1,0.421280,0.915863,-0.048981,-0.028755,0.007313,-0.011523,48.518600,260.523712,-536.953064,0,0
2.680000,1.454738,-1.137745,1.042684,0.837103,-0.354289,-0.416819,-0.362470,0.211459,-0.907690,0.409725,0.910914,0.048594,-0.627903,0.285378,0.002825,0.724078,-0.008637,0.000495,-0.001645,0.004461,0.008174,-0.000387,0.416819,0.907690,-0.048594,0.000000,0.000000,0.000000,-1,0.423080,0.917374,-0.056564,-0.029836,-0.000081,-0.009356,48.870178,261.930054,-537.288269,0,0
2.720000,1.454229,-1.137508,1.042599,0.837196,-0.353847,-0.417008,-0.362638,0.211598,-0.907590,0.409386,0.911058,0.048989,-0.627777,0.285309,0.003100,0.724213,-0.002242,-0.001597,0.005802,0.008456,0.004620,-0.010642,0.417142,0.907520,-0.048989,0.000000,0.000000,0.000000,-1,0.429718,0.909607,-0.055405,-0.020215,0.008439,-0.004136,49.397552,261.402649,-536.450317,0,0
2.760000,1.452991,-1.136592,1.041519,0.836990,-0.353431,-0.417773,-0.363127,0.212410,-0.907205,0.409374,0.911026,0.049445,-0.627522,0.285471,0.003346,0.724370,0.006283,-0.002630,0.008939,0.012876,0.006842,-0.007638,0.417773,0.907205,-0.049445,0.000000,0.000000,0.000000,-1,0.424789,0.920624,-0.053131,-0.017021,0.007389,-0.003092,47.815430,260.523712,-536.953064,0,0
2.800000,1.451954,-1.136067,1.040544,0.836881,-0.353191,-0.418195,-0.363331,0.213005,-0.906984,0.409416,0.910980,0.049935,-0.627284,0.285565,0.003499,0.724538,0.005230,0.001597,0.007867,0.006915,0.012877,-0.004417,0.418195,0.906984,-0.049935,0.000000,0.000000,0.000000,-1,0.424057,0.918381,-0.049011,-0.018070,0.012685,-0.003103,48.870178,260.523712,-537.958618,0,0
2.840000,1.452242,-1.135497,1.040670,0.836602,-0.353227,-0.418722,-0.363803,0.213220,-0.906744,0.409566,0.910916,0.049875,-0.627197,0.285807,0.003650,0.724517,-0.000110,0.003670,0.006854,0.009317,0.011118,-0.000921,0.418722,0.906744,-0.049875,0.000000,0.000000,0.000000,-1,0.426651,0.915314,-0.049347,-0.023396,0.013725,-0.005197,48.694382,260.699493,-537.791016,0,0
2.880000,1.452762,-1.135173,1.040963,0.836375,-0.353387,-0.419040,-0.364119,0.213262,-0.906607,0.409749,0.910844,0.049692,-0.627180,0.286005,0.003703,0.724453,-0.001177,0.005760,0.003660,0.007932,0.012445,0.000849,0.419040,0.906607,-0.049692,0.000000,0.000000,0.000000,-1,0.422363,0.920776,-0.049438,-0.022336,0.014755,-0.008405,48.694382,259.996338,-536.450317,0,0
2.920000,1.452970,-1.135190,1.041034,0.836321,-0.353521,-0.419035,-0.364121,0.213228,-0.906614,0.409857,0.910800,0.049603,-0.627194,0.286053,0.003658,0.724423,-0.002251,0.002582,0.003680,0.003390,0.010714,-0.002689,0.419035,0.906614,-0.049603,0.000000,0.000000,0.000000,-1,0.426865,0.915543,-0.053116,-0.026627,0.004164,-0.008332,47.639633,258.589996,-537.455811,0,0
2.960000,1.452922,-1.134888,1.041250,0.836308,-0.353233,-0.419304,-0.364403,0.213288,-0.906487,0.409634,0.910898,0.049655,-0.627169,0.286062,0.003855,0.724440,-0.000150,-0.005901,0.002631,0.007255,0.010475,-0.001630,0.419304,0.906487,-0.049655,0.000000,0.000000,0.000000,-1,0.424667,0.916611,-0.049973,-0.023454,-0.002201,-0.009398,47.639633,259.644745,-537.120667,0,0
3.000000,1.452602,-1.134766,1.041398,0.836447,-0.352791,-0.419398,-0.364530,0.213290,-0.906435,0.409236,0.911068,0.049803,-0.627167,0.285937,0.004051,0.724489,-0.001272,-0.015474,0.001613,0.005422,0.010267,0.001447,0.419398,0.906435,-0.049803,0.000000,0.000000,0.000000,-1,0.426239,0.916870,-0.050491,-0.024529,-0.005378,-0.009378,47.288055,261.051086,-537.791016,0,0
3.040000,1.452323,-1.134713,1.041567,0.836602,-0.352384,-0.419432,-0.364608,0.213253,-0.906413,0.408851,0.911235,0.049925,-0.627181,0.285800,0.004218,0.724531,0.001920,-0.015484,0.000523,0.006807,0.010457,-0.000566,0.419432,0.906413,-0.049925,0.000000,0.000000,0.000000,-1,0.431580,0.915375,-0.050903,-0.020273,-0.006438,-0.009407,50.100723,259.644745,-536.450317,0,0
3.080000,1.451527,-1.133998,1.041535,0.836656,-0.351535,-0.420035,-0.365160,0.213591,-0.906111,0.408245,0.911483,0.050336,-0.627042,0.285744,0.004701,0.724670,-0.000190,-0.014365,0.006931,0.012781,0.009020,0.000837,0.420035,0.906111,-0.050336,0.000000,0.000000,0.000000,-1,0.427628,0.915848,-0.045380,-0.022379,-0.002162,-0.005145,48.518600,260.172119,-536.953064,0,0
3.120000,1.451848,-1.133651,1.042058,0.836583,-0.351316,-0.420363,-0.365543,0.213559,-0.905964,0.408052,0.911575,0.050239,-0.627054,0.285805,0.004908,0.724634,0.006227,-0.001686,0.003639,0.004487,0.012859,0.002601,0.420363,0.905964,-0.050238,0.000000,0.000000,0.000000,-1,0.425705,0.919846,-0.050369,-0.017034,0.008389,-0.009487,49.221756,261.226868,-536.617920,0,0
3.160000,1.451684,-1.133552,1.041933,0.836570,-0.351250,-0.420444,-0.365594,0.213650,-0.905922,0.408033,0.911579,0.050318,-0.627017,0.285815,0.004948,0.724662,0.000858,-0.003851,0.001551,0.006802,0.010673,0.000682,0.420444,0.905922,-0.050318,0.000000,0.000000,0.000000,-1,0.429016,0.917618,-0.046295,-0.021296,0.007331,-0.009450,47.112259,260.172119,-536.617920,0,0
3.200000,1.452021,-1.133348,1.042295,0.836486,-0.351212,-0.420645,-0.365831,0.213611,-0.905836,0.407994,0.911603,0.050198,-0.627032,0.285888,0.005044,0.724620,0.000866,-0.000673,0.001540,0.008142,0.009768,0.003079,0.420645,0.905836,-0.050198,0.000000,0.000000,0.000000,-1,0.424301,0.917404,-0.047775,-0.019166,0.009429,-0.011605,49.045975,258.941589,-536.115112,0,0
3.240000,1.452229,-1.133333,1.042488,0.836464,-0.351236,-0.420668,-0.365884,0.213547,-0.905829,0.407992,0.911609,0.050113,-0.627057,0.285907,0.005054,0.724590,0.000847,-0.003879,-0.001644,0.007951,0.012811,0.000461,0.420668,0.905829,-0.050113,0.000000,0.000000,0.000000,-1,0.429092,0.917267,-0.048706,-0.022372,0.006242,-0.012634,49.573349,260.172119,-537.623413,0,0
3.280000,1.452348,-1.133334,1.042677,0.836482,-0.351186,-0.420674,-0.365924,0.213477,-0.905830,0.407919,0.911645,0.050062,-0.627085,0.285890,0.005085,0.724573,0.000850,-0.002820,-0.001648,0.008419,0.011437,0.001356,0.420674,0.905830,-0.050063,0.000000,0.000000,0.000000,-1,0.425125,0.917419,-0.049713,-0.020239,0.007301,-0.012654,48.342804,260.699493,-536.785522,0,0
3.320000,1.452360,-1.133477,1.042749,0.836554,-0.351169,-0.420545,-0.365827,0.213386,-0.905890,0.407859,0.911673,0.050042,-0.627122,0.285828,0.005058,0.724566,0.002939,-0.003912,-0.002744,0.004580,0.011529,0.000329,0.420545,0.905890,-0.050042,0.000000,0.000000,0.000000,-1,0.429092,0.913254,-0.052628,-0.019176,0.004153,-0.009455,49.045975,260.699493,-537.791016,0,0
3.360000,1.451684,-1.133194,1.042218,0.836541,-0.350935,-0.420766,-0.365935,0.213709,-0.905770,0.407788,0.911687,0.050357,-0.626992,0.285837,0.005175,0.724674,0.005096,0.001423,0.001482,0.009913,0.005240,-0.002454,0.420766,0.905770,-0.050357,0.000000,0.000000,0.000000,-1,0.427048,0.917511,-0.051865,-0.014895,0.011566,-0.009516,47.639633,260.347900,-537.120667,0,0
3.400000,1.451217,-1.132974,1.041630,0.836445,-0.350955,-0.420941,-0.365981,0.214025,-0.905677,0.407944,0.911605,0.050577,-0.626866,0.285921,0.005183,0.724749,0.012549,0.002470,0.000356,0.006107,0.011834,-0.001288,0.420941,0.905677,-0.050577,0.000000,0.000000,0.000000,-1,0.436371,0.919937,-0.044434,-0.011713,0.008378,-0.010594,49.573349,259.468933,-536.617920,0,0
3.440000,1.450629,-1.132541,1.040951,0.836289,-0.350895,-0.421300,-0.366174,0.214471,-0.905494,0.408090,0.911523,0.050871,-0.626687,0.286055,0.005270,0.724850,0.019972,-0.007063,0.000336,0.019313,0.014260,0.011290,0.421300,0.905494,-0.050871,0.000000,0.000000,0.000000,-1,0.430496,0.917236,-0.039154,-0.003221,-0.000098,-0.010628,48.518600,259.117371,-539.299316,0,0
3.480000,1.451453,-1.132229,1.041684,0.836096,-0.350967,-0.421622,-0.366575,0.214346,-0.905361,0.408124,0.911525,0.050558,-0.626736,0.286222,0.005384,0.724741,0.014606,-0.004989,-0.002854,0.003762,0.011677,0.013540,0.421622,0.905361,-0.050558,0.000000,0.000000,0.000000,-1,0.417496,0.907440,-0.045395,-0.009605,0.007249,-0.018063,47.463837,260.172119,-536.617920,0,0
3.520000,1.450758,-1.133013,1.041006,0.836427,-0.351067,-0.420882,-0.365817,0.214236,-0.905694,0.408127,0.911512,0.050766,-0.626783,0.285938,0.005087,0.724815,0.015613,-0.013570,-0.014550,0.000520,0.005241,-0.000946,0.420882,0.905694,-0.050766,0.000000,0.000000,0.000000,-1,0.428864,0.914993,-0.055038,0.009474,-0.015067,-0.025585,48.870178,260.875305,-537.958618,0,0
3.560000,1.446843,-1.133109,1.037763,0.836922,-0.350232,-0.420594,-0.365046,0.215377,-0.905734,0.407803,0.911565,0.052403,-0.626327,0.285505,0.005106,0.725379,0.032614,-0.026274,-0.013567,0.018157,0.010663,-0.003597,0.420594,0.905734,-0.052403,0.000000,0.000000,0.000000,-1,0.436279,0.911026,-0.048965,0.007337,-0.019283,-0.023422,48.342804,259.996338,-536.450317,0,0
3.600000,1.444607,-1.132811,1.036094,0.837142,-0.349527,-0.420744,-0.364918,0.216123,-0.905608,0.407467,0.911659,0.053377,-0.626028,0.285309,0.005302,0.725714,0.020950,-0.011423,-0.011397,0.010531,0.002229,0.006136,0.420743,0.905608,-0.053377,0.000000,0.000000,0.000000,-1,0.426483,0.915436,-0.056198,-0.001111,0.002971,-0.022374,48.342804,260.699493,-536.785522,0,0
3.640000,1.442952,-1.132880,1.034415,0.837254,-0.349438,-0.420593,-0.364501,0.216704,-0.905637,0.407608,0.911555,0.054065,-0.625797,0.285212,0.005187,0.725952,0.029486,-0.006119,-0.010417,0.005890,0.009799,-0.002133,0.420593,0.905637,-0.054065,0.000000,0.000000,0.000000,-1,0.424042,0.911407,-0.059448,0.009520,-0.003377,-0.021368,48.342804,261.051086,-537.120667,0,0
3.680000,1.438299,-1.132868,1.030294,0.837708,-0.348646,-0.420347,-0.363614,0.218209,-0.905632,0.407469,0.911499,0.056023,-0.625195,0.284815,0.005150,0.726626,0.043240,-0.029390,-0.005147,0.003740,0.006096,-0.004509,0.420347,0.905632,-0.056023,0.000000,0.000000,0.000000,-1,0.426987,0.915146,-0.050064,0.022246,-0.023464,-0.017130,48.167007,259.117371,-537.623413,0,0
3.720000,1.432963,-1.132759,1.025983,0.838341,-0.347372,-0.420140,-0.362754,0.219826,-0.905586,0.406933,0.911597,0.058279,-0.624547,0.284256,0.005287,0.727400,0.043226,-0.031527,-0.007269,0.007549,0.010323,0.008489,0.420140,0.905586,-0.058279,0.000000,0.000000,0.000000,-1,0.429184,0.919174,-0.045593,0.023281,-0.030908,-0.020306,48.167007,261.226868,-536.953064,0,0
3.760000,1.430219,-1.132801,1.024134,0.838830,-0.346429,-0.419941,-0.362315,0.220477,-0.905604,0.406315,0.911799,0.059426,-0.624285,0.283822,0.005457,0.727794,0.039959,-0.052727,-0.009294,0.009243,0.013570,0.013833,0.419941,0.905604,-0.059426,0.000000,0.000000,0.000000,-1,0.415527,0.910843,-0.039597,0.006172,-0.055264,-0.020082,48.342804,261.051086,-538.461365,0,0
3.800000,1.427859,-1.133517,1.024370,0.840125,-0.344234,-0.419158,-0.361813,0.220054,-0.905907,0.404081,0.912732,0.060325,-0.624449,0.282668,0.006036,0.728097,0.011116,-0.065520,-0.018652,-0.004775,0.008171,0.021537,0.419158,0.905907,-0.060325,0.000000,0.000000,0.000000,-1,0.426590,0.930725,-0.031967,-0.018341,-0.049061,-0.036960,48.518600,261.226868,-537.623413,0,0
3.840000,1.428848,-1.135083,1.026675,0.841079,-0.343539,-0.417813,-0.361105,0.218485,-0.906569,0.402727,0.913370,0.059710,-0.625077,0.281823,0.006033,0.727886,-0.005939,-0.047753,-0.045222,0.008777,0.024156,0.027742,0.417813,0.906569,-0.059710,0.000000,0.000000,0.000000,-1,0.422760,0.929123,-0.019257,-0.027955,-0.037654,-0.063561,48.518600,259.820557,-538.628967,0,0
3.880000,1.433389,-1.137893,1.032479,0.842251,-0.343407,-0.415554,-0.360178,0.215078,-0.907752,0.401105,0.914228,0.057462,-0.626440,0.280787,0.005766,0.727116,0.004614,-0.058507,-0.063375,-0.002148,0.019555,0.035871,0.415554,0.907752,-0.057462,0.000000,0.000000,0.000000,-1,0.405212,0.918991,-0.035202,-0.009931,-0.052605,-0.076429,48.342804,261.051086,-538.796570,0,0
3.920000,1.430445,-1.142831,1.033720,0.845603,-0.340711,-0.410939,-0.356589,0.212335,-0.909812,0.397240,0.915877,0.058058,-0.627537,0.277792,0.005458,0.727323,0.005487,-0.110488,-0.072780,0.005900,0.008172,0.014143,0.410939,0.909812,-0.058058,0.000000,0.000000,0.000000,-1,0.419785,0.917740,-0.040771,-0.015453,-0.107797,-0.088963,48.167007,260.875305,-538.628967,0,0
3.960000,1.428936,-1.144250,1.034289,0.846895,-0.339144,-0.409573,-0.355600,0.211472,-0.910400,0.395370,0.916657,0.058495,-0.627879,0.276623,0.005655,0.727472,0.014993,-0.115885,-0.083529,0.012760,0.006775,0.023110,0.409573,0.910400,-0.058495,0.000000,0.000000,0.000000,-1,0.435364,0.930420,-0.039230,0.019698,-0.099372,-0.093529,48.167007,260.875305,-538.628967,0,0
4.000000,1.423165,-1.146432,1.031800,0.849093,-0.336419,-0.407262,-0.353366,0.211336,-0.911301,0.392648,0.917692,0.060565,-0.627931,0.274626,0.005818,0.728182,0.078994,-0.079828,-0.077763,0.026865,0.007492,0.012958,0.407263,0.911301,-0.060565,0.000000,0.000000,0.000000,-1,0.436356,0.882324,-0.071594,0.076352,-0.037818,-0.079284,46.760681,260.875305,-538.293762,0,0
4.040000,1.411905,-1.146880,1.021505,0.850214,-0.334928,-0.406152,-0.350824,0.214750,-0.911485,0.392503,0.917445,0.065083,-0.626574,0.273612,0.005446,0.729734,0.106868,-0.034095,-0.056835,0.033454,-0.029939,-0.015224,0.406152,0.911485,-0.065083,0.000000,0.000000,0.000000,-1,0.440582,0.940598,-0.080658,0.095610,-0.032242,-0.048560,46.760681,260.172119,-538.628967,0,0
4.080000,1.396086,-1.147682,1.006858,0.851807,-0.333055,-0.404351,-0.347023,0.219474,-0.911815,0.392429,0.917009,0.071372,-0.624692,0.272165,0.004771,0.731890,0.097238,-0.051030,-0.055629,0.022010,0.025166,-0.002435,0.404351,0.911815,-0.071372,0.000000,0.000000,0.000000,-1,0.392181,0.929062,-0.077469,0.072137,-0.024038,-0.078238,46.584885,259.644745,-538.796570,0,0
4.120000,1.387655,-1.149583,0.998395,0.852945,-0.332951,-0.402030,-0.343696,0.221464,-0.912593,0.392885,0.916568,0.074463,-0.623903,0.271135,0.003665,0.732952,0.126016,-0.012174,-0.091154,-0.009849,0.016468,-0.003006,0.402030,0.912593,-0.074463,0.000000,0.000000,0.000000,-1,0.402893,0.913132,-0.115662,0.133884,-0.007324,-0.102216,47.112259,260.875305,-540.640015,0,0
4.160000,1.370669,-1.151981,0.981264,0.854730,-0.332545,-0.398561,-0.338031,0.226102,-0.913572,0.393919,0.915583,0.080845,-0.622050,0.269503,0.001866,0.735132,0.123765,-0.060734,-0.073954,0.004332,-0.000440,-0.034816,0.398561,0.913572,-0.083590,0.000000,0.000000,0.000000,-1,0.387253,0.898346,-0.084732,0.066520,-0.140326,-0.054321,46.936462,260.699493,-540.137268,0,0
4.200000,1.351741,-1.153074,0.968050,0.858149,-0.326765,-0.395985,-0.334191,0.229982,-0.914015,0.389738,0.916697,0.088157,-0.620486,0.266306,0.002517,0.737613,0.099041,-0.163189,-0.043548,-0.022084,-0.002059,0.002891,0.395985,0.914015,-0.088157,0.000000,0.000000,0.000000,-1,0.370667,0.929550,-0.094147,0.086685,-0.159425,-0.057602,45.881714,260.699493,-540.472412,0,0
4.240000,1.332299,-1.154339,0.955349,0.861978,-0.320138,-0.393073,-0.330300,0.233541,-0.914528,0.384574,0.918134,0.095566,-0.619046,0.262677,0.003432,0.740116,0.140358,-0.236230,-0.038271,-0.002524,0.007439,-0.002243,0.393073,0.914528,-0.095566,0.000000,0.000000,0.000000,-1,0.409668,0.903580,-0.101196,0.148183,-0.267216,-0.029977,47.639633,260.347900,-540.807617,0,0
4.280000,1.299707,-1.152334,0.935010,0.867342,-0.307300,-0.391516,-0.326956,0.241298,-0.913715,0.375257,0.920512,0.108815,-0.615879,0.257460,0.006600,0.744556,0.191358,-0.303663,0.001006,0.017832,-0.010471,0.012898,0.391516,0.913715,-0.108815,0.000000,0.000000,0.000000,-1,0.408035,0.911591,-0.091461,0.174783,-0.291376,-0.007721,45.705917,260.172119,-541.645569,0,0
