0.000000,-1.181086,-0.220187,-0.347124,0.425991,0.060738,0.902686,0.331981,0.917652,-0.218412,-0.841617,0.392717,0.370748,-0.185467,-0.529366,-0.082318,0.823770,0.025383,0.096180,-0.061813,0.006919,0.034747,-0.021540,-0.902686,0.218412,-0.370748,0.000000,0.000000,0.000000,-1,-0.915894,0.248383,-0.402481,-0.012718,0.079818,-0.073708,-1473.136719,2904.786621,-691.469543,0,0
0.040000,-1.179804,-0.218320,-0.347628,0.426526,0.058435,0.902586,0.332582,0.917866,-0.216590,-0.841109,0.392565,0.372059,-0.184798,-0.528980,-0.083167,0.824083,0.004865,0.006099,-0.067708,-0.013705,0.028924,-0.038677,-0.902586,0.216590,-0.372059,0.000000,0.000000,0.000000,-1,-0.905182,0.219955,-0.396149,-0.016189,-0.006041,-0.080816,-1474.367310,2904.610840,-690.966797,0,0
0.080000,-1.178988,-0.216907,-0.347377,0.426764,0.057023,0.902563,0.332456,0.918236,-0.215210,-0.841038,0.391907,0.372913,-0.184130,-0.528810,-0.083535,0.824305,0.052695,-0.027724,-0.060489,-0.002618,0.004745,-0.023236,-0.902563,0.215210,-0.372913,0.000000,0.000000,0.000000,-1,-0.888626,0.193329,-0.379135,0.064755,-0.015396,-0.060102,-1475.773682,2904.962402,-691.972290,0,0
0.120000,-1.179120,-0.213232,-0.344678,0.425376,0.055103,0.903338,0.330241,0.919868,-0.211620,-0.842613,0.388337,0.373093,-0.181944,-0.529481,-0.083439,0.824369,0.109276,-0.003101,-0.031196,0.014712,-0.018291,-0.006043,-0.903338,0.211620,-0.373093,0.000000,0.000000,0.000000,-1,-0.911545,0.194382,-0.392792,0.109698,0.024175,-0.017986,-1474.543091,2902.325684,-691.134338,0,0
0.160000,-1.177626,-0.210984,-0.341086,0.425757,0.054142,0.903217,0.327093,0.921495,-0.209422,-0.843648,0.384598,0.374623,-0.180027,-0.529414,-0.082722,0.824905,0.131742,0.003567,0.002691,0.001788,-0.011851,-0.008907,-0.903216,0.209422,-0.374623,0.000000,0.000000,0.000000,-1,-0.912842,0.192078,-0.390594,0.107468,-0.022279,-0.001815,-1473.136719,2904.435059,-690.128845,0,0
0.200000,-1.177029,-0.207886,-0.333742,0.424936,0.054397,0.903588,0.320528,0.924480,-0.206391,-0.846576,0.377328,0.375409,-0.176809,-0.530126,-0.080612,0.825352,0.171033,-0.040823,0.013200,-0.002754,-0.012361,-0.012927,-0.903588,0.206391,-0.375409,0.000000,0.000000,0.000000,-1,-0.908615,0.204742,-0.376556,0.131966,-0.025393,0.005464,-1475.773682,2906.368652,-690.631592,0,0
0.240000,-1.177721,-0.203670,-0.324611,0.422618,0.054918,0.904643,0.312348,0.928185,-0.202265,-0.850784,0.368044,0.375114,-0.172713,-0.531614,-0.077960,0.825517,0.162522,-0.040816,0.014318,-0.007848,-0.014567,-0.002953,-0.904643,0.202265,-0.375114,0.000000,0.000000,0.000000,-1,-0.908310,0.191513,-0.379791,0.137277,-0.029631,0.005438,-1474.894653,2903.380371,-689.458496,0,0
0.280000,-1.177679,-0.202801,-0.322992,0.422314,0.054841,0.904789,0.310901,0.928856,-0.201414,-0.851464,0.366360,0.375219,-0.171930,-0.531818,-0.077539,0.825589,0.161476,-0.037608,0.017507,-0.003521,-0.009901,-0.004572,-0.904789,0.201414,-0.375219,0.000000,0.000000,0.000000,-1,-0.906647,0.191895,-0.384354,0.157514,-0.030656,0.009547,-1475.773682,2906.017090,-689.961243,0,0
0.320000,-1.176215,-0.198440,-0.312397,0.421749,0.055035,0.905041,0.301309,0.932925,-0.197141,-0.855184,0.355841,0.376878,-0.167292,-0.532517,-0.074505,0.826370,0.260521,-0.044888,0.032734,-0.007374,-0.005261,-0.015853,-0.905041,0.197141,-0.376878,0.000000,0.000000,0.000000,-1,-0.917587,0.201828,-0.404343,0.251170,-0.053872,0.020626,-1474.718872,2904.610840,-689.961243,0,0
0.360000,-1.175025,-0.194310,-0.297956,0.420837,0.057138,0.905335,0.288042,0.937949,-0.193090,-0.860191,0.342034,0.378265,-0.161727,-0.533584,-0.069785,0.827202,0.311517,-0.072532,0.020725,-0.014465,0.004649,-0.006577,-0.905335,0.193090,-0.378265,0.000000,0.000000,0.000000,-1,-0.914871,0.187454,-0.389206,0.275570,-0.070962,0.005586,-1475.773682,2903.907715,-689.626099,0,0
0.400000,-1.176039,-0.190202,-0.287514,0.418285,0.058297,0.906443,0.278455,0.941658,-0.189057,-0.864581,0.331484,0.377649,-0.157304,-0.535193,-0.066531,0.827283,0.234744,-0.100162,0.008637,0.002497,-0.002595,-0.007148,-0.906443,0.189057,-0.377649,0.000000,0.000000,0.000000,-1,-0.897476,0.196091,-0.381897,0.206312,-0.080556,-0.002363,-1474.015747,2904.962402,-690.631592,0,0
0.440000,-1.176385,-0.187836,-0.278546,0.416856,0.060095,0.906984,0.270122,0.944545,-0.186734,-0.867909,0.322837,0.377506,-0.153952,-0.536233,-0.063454,0.827482,0.222115,-0.057706,0.017105,0.008684,0.010105,-0.008938,-0.906984,0.186734,-0.377506,0.000000,0.000000,0.000000,-1,-0.910446,0.184296,-0.379425,0.174496,-0.043429,0.003071,-1474.367310,2904.610840,-689.290894,0,0
0.480000,-1.177028,-0.185469,-0.270958,0.415253,0.061391,0.907632,0.263064,0.946990,-0.184408,-0.870840,0.315342,0.377091,-0.150973,-0.537272,-0.060925,0.827547,0.177406,-0.048231,0.009960,-0.003714,-0.002325,-0.002807,-0.907632,0.184408,-0.377091,0.000000,0.000000,0.000000,-1,-0.905136,0.176666,-0.384186,0.150025,-0.032881,-0.002105,-1474.367310,2903.556152,-690.631592,0,0
0.520000,-1.176410,-0.182631,-0.263963,0.414681,0.061616,0.907878,0.256569,0.949309,-0.181617,-0.873048,0.308247,0.377852,-0.147919,-0.537768,-0.058868,0.827925,0.183884,-0.024867,0.016209,0.002681,-0.004707,-0.006411,-0.907878,0.181617,-0.377852,0.000000,0.000000,0.000000,-1,-0.913681,0.181885,-0.378922,0.157531,-0.024311,0.008457,-1475.597900,2905.489746,-690.463989,0,0
0.560000,-1.176316,-0.181204,-0.258760,0.414105,0.062491,0.908081,0.251693,0.950880,-0.180214,-0.874739,0.303185,0.378036,-0.145936,-0.538224,-0.057119,0.828104,0.163673,-0.035281,0.025001,-0.005600,0.001671,-0.000886,-0.908081,0.180214,-0.378036,0.000000,0.000000,0.000000,-1,-0.913712,0.185837,-0.382645,0.130985,-0.006230,0.016053,-1474.543091,2904.786621,-689.123291,0,0
0.600000,-1.176038,-0.180188,-0.252691,0.413732,0.064027,0.908145,0.245962,0.952567,-0.179214,-0.876544,0.297516,0.378359,-0.143879,-0.538627,-0.054909,0.828350,0.132918,-0.000255,0.032567,-0.005567,0.006622,-0.004286,-0.908145,0.179214,-0.378359,0.000000,0.000000,0.000000,-1,-0.916214,0.196350,-0.385590,0.088441,0.008609,0.016327,-1475.070435,2903.907715,-690.631592,0,0
0.640000,-1.175332,-0.181229,-0.247352,0.414235,0.066945,0.907705,0.240828,0.953686,-0.180239,-0.877731,0.293261,0.378928,-0.142848,-0.538638,-0.052458,0.828681,0.080699,0.004843,0.010595,-0.004283,0.026655,-0.000330,-0.907705,0.180239,-0.378928,0.000000,0.000000,0.000000,-1,-0.905090,0.212631,-0.366989,0.040475,0.014709,-0.012088,-1476.301025,2905.841309,-690.128845,0,0
0.680000,-1.175401,-0.182922,-0.246334,0.414481,0.068877,0.907448,0.239782,0.953633,-0.181904,-0.877901,0.292985,0.378747,-0.143266,-0.538610,-0.051559,0.828683,-0.004511,0.025724,-0.022894,-0.000618,0.033779,0.019922,-0.907448,0.181904,-0.378747,0.000000,0.000000,0.000000,-1,-0.920609,0.211533,-0.371658,-0.065005,0.020756,-0.047513,-1475.246338,2905.138184,-689.458496,0,0
0.720000,-1.176545,-0.184038,-0.249382,0.413935,0.068933,0.907693,0.242637,0.952700,-0.183001,-0.877374,0.295991,0.377630,-0.144572,-0.538780,-0.052428,0.828291,-0.062171,-0.002073,-0.051092,-0.008247,0.013486,0.007650,-0.907693,0.183001,-0.377630,0.000000,0.000000,0.000000,-1,-0.912140,0.194687,-0.364243,-0.089573,0.011042,-0.067527,-1474.894653,2905.138184,-689.793640,0,0
0.760000,-1.177798,-0.183941,-0.252216,0.413008,0.068048,0.908182,0.245341,0.952026,-0.182906,-0.877059,0.298356,0.376499,-0.145330,-0.539101,-0.053538,0.827879,-0.087727,-0.001024,-0.051960,-0.005820,0.008989,0.012730,-0.908182,0.182906,-0.376499,0.000000,0.000000,0.000000,-1,-0.924088,0.177048,-0.375412,-0.130032,0.002678,-0.056529,-1473.839966,2902.677246,-688.452942,0,0
0.800000,-1.179062,-0.183920,-0.255838,0.412140,0.066915,0.908660,0.248788,0.951135,-0.182885,-0.876496,0.301438,0.375353,-0.146332,-0.539361,-0.054951,0.827440,-0.104739,-0.004073,-0.037969,-0.015427,-0.005838,-0.000059,-0.908660,0.182885,-0.375353,0.000000,0.000000,0.000000,-1,-0.915604,0.157852,-0.379272,-0.097014,-0.002528,-0.046112,-1473.312500,2902.853027,-689.290894,0,0
0.840000,-1.180147,-0.182294,-0.259055,0.411024,0.064489,0.909341,0.251923,0.950616,-0.181286,-0.876125,0.303596,0.374480,-0.146568,-0.539702,-0.056657,0.827061,-0.051535,-0.026219,-0.026591,-0.006263,-0.023434,-0.004793,-0.909341,0.181286,-0.374480,0.000000,0.000000,0.000000,-1,-0.913223,0.135010,-0.356430,-0.046985,-0.028772,-0.019769,-1472.960938,2903.204590,-688.955688,0,0
0.880000,-1.181284,-0.181368,-0.259068,0.409812,0.064015,0.909921,0.251978,0.950774,-0.180375,-0.876676,0.303200,0.373509,-0.146227,-0.540244,-0.056838,0.826755,0.043469,0.006064,0.030070,-0.003318,-0.050767,0.020741,-0.909921,0.180375,-0.373509,0.000000,0.000000,0.000000,-1,-0.927200,0.141586,-0.360703,0.032113,0.033091,0.028391,-1474.191528,2904.083496,-688.452942,0,0
0.920000,-1.180377,-0.180863,-0.256692,0.410338,0.064271,0.909666,0.249741,0.951458,-0.179879,-0.877070,0.300992,0.374368,-0.145354,-0.540081,-0.056063,0.827068,0.091503,0.030577,0.047708,-0.017535,-0.038293,0.013666,-0.909666,0.179879,-0.374368,0.000000,0.000000,0.000000,-1,-0.936371,0.152100,-0.366241,0.079945,0.005552,0.029188,-1474.191528,2903.028809,-688.788086,0,0
0.960000,-1.180809,-0.179011,-0.252563,0.409269,0.064461,0.910134,0.245893,0.952802,-0.178056,-0.878656,0.296669,0.374102,-0.143496,-0.540701,-0.054842,0.827069,0.092376,-0.018330,0.028694,-0.026237,-0.025957,0.007860,-0.910134,0.178056,-0.374102,0.000000,0.000000,0.000000,-1,-0.933853,0.160400,-0.370834,0.086191,-0.020116,0.002603,-1473.488403,2903.028809,-688.452942,0,0
1.000000,-1.183126,-0.174786,-0.247121,0.405929,0.063631,0.911687,0.240886,0.954847,-0.173898,-0.881587,0.290203,0.372273,-0.140365,-0.542366,-0.053610,0.826597,0.136857,-0.069526,-0.007700,-0.029857,-0.016748,-0.000011,-0.911687,0.173898,-0.372273,0.000000,0.000000,0.000000,-1,-0.929413,0.160187,-0.372543,0.120006,-0.079722,-0.028330,-1473.136719,2904.083496,-687.782593,0,0
1.040000,-1.185503,-0.171696,-0.243211,0.402899,0.063161,0.913063,0.237280,0.956299,-0.170854,-0.883952,0.285488,0.370305,-0.138108,-0.543851,-0.052696,0.826060,0.161207,-0.094141,-0.034436,-0.013710,-0.002458,-0.000545,-0.913063,0.170854,-0.370305,0.000000,0.000000,0.000000,-1,-0.925003,0.180130,-0.366714,0.157194,-0.085253,-0.053100,-1472.785156,2904.083496,-689.123291,0,0
1.080000,-1.190461,-0.166329,-0.234779,0.396810,0.063156,0.915726,0.229418,0.959144,-0.165563,-0.888769,0.275781,0.366108,-0.133751,-0.546860,-0.050387,0.824934,0.155772,-0.107110,-0.062036,-0.011215,0.016413,-0.002483,-0.915726,0.165563,-0.366108,0.000000,0.000000,0.000000,-1,-0.922836,0.181549,-0.365280,0.135799,-0.095046,-0.081661,-1475.422119,2904.962402,-688.620544,0,0
1.120000,-1.192629,-0.163554,-0.231240,0.394071,0.062674,0.916941,0.226126,0.960393,-0.162825,-0.890829,0.271509,0.364290,-0.131707,-0.548186,-0.049565,0.824432,0.141964,-0.082884,-0.076926,0.005350,0.019181,-0.005323,-0.916941,0.162825,-0.364290,0.000000,0.000000,0.000000,-1,-0.912552,0.185501,-0.368851,0.104970,-0.068678,-0.094305,-1475.597900,2904.786621,-688.788086,0,0
1.160000,-1.195355,-0.161036,-0.228672,0.390953,0.062168,0.918309,0.223751,0.961367,-0.160341,-0.892800,0.268158,0.361939,-0.130045,-0.549653,-0.049039,0.823750,0.047147,-0.111324,-0.062222,0.008442,0.022245,-0.009887,-0.918309,0.160341,-0.361939,0.000000,0.000000,0.000000,-1,-0.895462,0.172928,-0.369888,-0.008895,-0.077847,-0.057167,-1475.070435,2902.149658,-689.626099,0,0
1.200000,-1.196995,-0.160398,-0.228408,0.389339,0.062140,0.918996,0.223521,0.961525,-0.159712,-0.893563,0.267596,0.360469,-0.129754,-0.550390,-0.049004,0.823306,0.022943,-0.043220,-0.029257,0.026037,0.011034,-0.011204,-0.918996,0.159712,-0.360469,0.000000,0.000000,0.000000,-1,-0.884872,0.174255,-0.369049,0.004034,-0.055293,-0.023261,-1475.949463,2902.325684,-688.452942,0,0
1.240000,-1.197652,-0.161340,-0.226695,0.388839,0.063825,0.919092,0.221839,0.961760,-0.160641,-0.894199,0.266354,0.359811,-0.129681,-0.550706,-0.047990,0.823166,0.040192,-0.023564,0.033402,0.031305,0.007144,0.005166,-0.919092,0.160641,-0.359811,0.000000,0.000000,0.000000,-1,-0.928162,0.167511,-0.367096,0.021400,0.007714,0.032830,-1475.422119,2904.610840,-689.290894,0,0
1.280000,-1.197543,-0.162382,-0.225292,0.389061,0.065275,0.918897,0.220453,0.961906,-0.161670,-0.894445,0.265473,0.359850,-0.129716,-0.550680,-0.047125,0.823228,0.014655,-0.020349,0.036786,-0.009265,0.005841,-0.007246,-0.918897,0.161670,-0.359850,0.000000,0.000000,0.000000,-1,-0.925278,0.176575,-0.343552,0.011735,0.009510,-0.002257,-1474.718872,2902.501465,-688.955688,0,0
1.320000,-1.197590,-0.163079,-0.223914,0.389070,0.066448,0.918809,0.219101,0.962099,-0.162358,-0.894773,0.264481,0.359765,-0.129621,-0.550741,-0.046357,0.823246,0.035944,0.005816,0.003503,-0.006469,0.014217,0.016213,-0.918809,0.162358,-0.359765,0.000000,0.000000,0.000000,-1,-0.928802,0.143692,-0.339050,-0.048954,0.005338,0.003556,-1474.894653,2904.435059,-688.788086,0,0
1.360000,-1.198688,-0.164090,-0.224547,0.388337,0.067398,0.919050,0.219673,0.961800,-0.163355,-0.894951,0.265327,0.358697,-0.130231,-0.551082,-0.046260,0.822927,-0.007621,0.012438,0.032577,-0.013400,-0.037180,0.019250,-0.919050,0.163355,-0.358697,0.000000,0.000000,0.000000,-1,-0.949097,0.112503,-0.332001,-0.010560,0.009752,0.023482,-1474.367310,2904.610840,-689.626099,0,0
1.400000,-1.199178,-0.164067,-0.223758,0.387840,0.067813,0.919229,0.218916,0.961976,-0.163332,-0.895352,0.264580,0.358247,-0.130016,-0.551337,-0.045911,0.822810,0.022158,-0.004461,0.038794,-0.031180,-0.054231,0.022035,-0.919229,0.163332,-0.358247,0.000000,0.000000,0.000000,-1,-0.943466,0.135605,-0.343292,0.009600,-0.013554,0.023413,-1474.894653,2903.731934,-687.447388,0,0
1.440000,-1.200132,-0.163965,-0.221719,0.386825,0.068763,0.919586,0.216957,0.962437,-0.163231,-0.896268,0.262653,0.357376,-0.129433,-0.551869,-0.045039,0.822593,0.072083,-0.036339,0.028932,-0.015000,-0.015801,0.019928,-0.919586,0.163231,-0.357376,0.000000,0.000000,0.000000,-1,-0.931778,0.158722,-0.324982,0.065936,-0.032771,0.008134,-1474.543091,2905.138184,-688.788086,0,0
1.480000,-1.201721,-0.163347,-0.217491,0.384982,0.070254,0.920246,0.212908,0.963444,-0.162622,-0.898030,0.258535,0.355951,-0.128050,-0.552836,-0.043373,0.822249,0.080640,-0.018391,0.023470,-0.009334,-0.010080,0.019327,-0.920246,0.162622,-0.355951,0.000000,0.000000,0.000000,-1,-0.928864,0.147888,-0.344269,0.062804,-0.013686,0.010217,-1474.718872,2902.149658,-688.955688,0,0
1.520000,-1.202779,-0.162109,-0.214705,0.383591,0.070484,0.920810,0.210266,0.964229,-0.161400,-0.899248,0.255526,0.355049,-0.126799,-0.553532,-0.042512,0.822020,0.105127,-0.020513,0.024346,-0.009275,-0.010521,0.012947,-0.920810,0.161400,-0.355049,0.000000,0.000000,0.000000,-1,-0.932907,0.153183,-0.340942,0.084085,-0.021076,0.013276,-1475.070435,2902.501465,-688.955688,0,0
1.560000,-1.205368,-0.160411,-0.208212,0.380468,0.072087,0.921980,0.204057,0.965841,-0.159724,-0.902001,0.248906,0.352761,-0.124364,-0.555115,-0.040164,0.821442,0.114717,-0.032031,0.031822,-0.004671,-0.005427,0.010491,-0.921980,0.159724,-0.352761,0.000000,0.000000,0.000000,-1,-0.928436,0.156815,-0.341705,0.097923,-0.027375,0.019584,-1473.664185,2903.907715,-688.620544,0,0
1.600000,-1.206694,-0.159850,-0.204413,0.378889,0.073352,0.922531,0.200404,0.966697,-0.159171,-0.903483,0.245187,0.351570,-0.123107,-0.555931,-0.038681,0.821151,0.134903,-0.038486,0.022101,-0.006531,0.005502,0.014962,-0.922531,0.159171,-0.351570,0.000000,0.000000,0.000000,-1,-0.928146,0.170807,-0.334061,0.110650,-0.030703,0.003518,-1474.015747,2903.556152,-688.955688,0,0
1.640000,-1.208191,-0.159371,-0.200732,0.377173,0.074674,0.923127,0.196860,0.967503,-0.158697,-0.904979,0.241583,0.350216,-0.121917,-0.556802,-0.037215,0.820806,0.125297,-0.032285,0.006176,-0.005019,0.012110,0.016155,-0.923127,0.158697,-0.350216,0.000000,0.000000,0.000000,-1,-0.929062,0.163666,-0.354385,0.086123,-0.031884,-0.010136,-1475.070435,2903.204590,-687.950195,0,0
1.680000,-1.209736,-0.158418,-0.196450,0.375278,0.075792,0.923808,0.192744,0.968485,-0.157756,-0.906651,0.237261,0.348843,-0.120365,-0.557755,-0.035636,0.820458,0.117789,-0.051332,0.008439,-0.005254,0.005910,-0.005543,-0.923808,0.157756,-0.348843,0.000000,0.000000,0.000000,-1,-0.922195,0.168137,-0.331223,0.116978,-0.050829,0.003545,-1474.718872,2902.149658,-688.620544,0,0
1.720000,-1.211925,-0.157636,-0.189902,0.372649,0.078044,0.924685,0.186422,0.969847,-0.156983,-0.909054,0.230881,0.346863,-0.118257,-0.559092,-0.033044,0.819963,0.116805,-0.033223,0.020103,0.001986,0.012542,0.021195,-0.924685,0.156983,-0.346863,0.000000,0.000000,0.000000,-1,-0.932022,0.182907,-0.334518,0.072376,-0.013728,0.005882,-1474.543091,2902.677246,-688.117798,0,0
1.760000,-1.212928,-0.158346,-0.187614,0.371679,0.079772,0.924928,0.184181,0.970161,-0.157685,-0.909908,0.228963,0.345896,-0.117921,-0.559595,-0.031843,0.819716,0.054036,-0.005786,0.008776,-0.007094,0.025222,0.011377,-0.924928,0.157685,-0.345896,0.000000,0.000000,0.000000,-1,-0.926010,0.203400,-0.330490,-0.006464,-0.007609,-0.021228,-1473.488403,2905.138184,-689.458496,0,0
1.800000,-1.214218,-0.161088,-0.187385,0.370959,0.082644,0.924965,0.183878,0.969775,-0.160392,-0.910263,0.229580,0.344550,-0.118989,-0.559970,-0.030889,0.819342,-0.017393,-0.005033,-0.024739,0.004234,0.045784,0.017707,-0.924965,0.160392,-0.344550,0.000000,0.000000,0.000000,-1,-0.930923,0.202148,-0.311996,-0.114001,0.014413,-0.047109,-1475.246338,2906.192871,-687.447388,0,0
1.840000,-1.218182,-0.163818,-0.194314,0.368407,0.083486,0.925909,0.190508,0.968044,-0.163086,-0.909936,0.236475,0.340729,-0.122100,-0.561005,-0.032704,0.818104,-0.222101,-0.079313,-0.042034,-0.030543,0.005447,-0.014984,-0.925909,0.163086,-0.340729,0.000000,0.000000,0.000000,-1,-0.938004,0.150711,-0.388092,-0.243142,-0.074670,-0.061754,-1475.246338,2906.896240,-687.447388,0,0
1.880000,-1.220770,-0.163979,-0.199782,0.366534,0.082241,0.926763,0.195794,0.966962,-0.163245,-0.909570,0.241289,0.338323,-0.123743,-0.561717,-0.034735,0.817285,-0.099616,-0.053010,-0.059062,-0.005290,-0.015204,-0.049068,-0.926763,0.163245,-0.338323,0.000000,0.000000,0.000000,-1,-0.912170,0.167130,-0.357407,-0.071669,-0.056718,-0.064216,-1475.773682,2905.665527,-688.955688,0,0
1.920000,-1.224117,-0.163146,-0.204581,0.363725,0.080547,0.928017,0.200459,0.966144,-0.162424,-0.909681,0.245107,0.335265,-0.124816,-0.562840,-0.036726,0.816262,-0.056879,-0.030476,-0.027516,0.033089,0.015692,-0.006334,-0.928017,0.162424,-0.335265,0.000000,0.000000,0.000000,-1,-0.894470,0.176620,-0.336807,-0.042631,0.011375,-0.030606,-1475.070435,2903.907715,-689.626099,0,0
1.960000,-1.223510,-0.163011,-0.205183,0.364300,0.080056,0.927834,0.201045,0.966045,-0.162290,-0.909322,0.245659,0.335836,-0.124920,-0.562563,-0.037049,0.816422,-0.020363,0.051325,-0.000407,0.013894,0.013491,-0.002772,-0.927834,0.162290,-0.335836,0.000000,0.000000,0.000000,-1,-0.947906,0.149841,-0.341507,-0.057339,0.057149,-0.006161,-1473.839966,2901.973877,-687.112244,0,0
2.000000,-1.222393,-0.163753,-0.206073,0.365527,0.080130,0.927345,0.201880,0.965747,-0.163023,-0.908644,0.246802,0.336830,-0.125449,-0.562003,-0.037268,0.816717,-0.034228,0.032392,0.013621,-0.020561,-0.013181,-0.004677,-0.927345,0.163023,-0.336830,0.000000,0.000000,0.000000,-1,-0.942032,0.140137,-0.336014,-0.052070,0.028669,0.006688,-1474.894653,2903.380371,-688.788086,0,0
2.040000,-1.222078,-0.164238,-0.207348,0.366008,0.080026,0.927165,0.203095,0.965412,-0.163501,-0.908180,0.248145,0.337095,-0.125997,-0.561763,-0.037669,0.816779,-0.015086,0.015536,0.024180,0.000071,-0.024264,0.019987,-0.927165,0.163501,-0.337095,0.000000,0.000000,0.000000,-1,-0.917755,0.148361,-0.320389,-0.034957,0.043611,0.019283,-1474.015747,2904.259277,-687.950195,0,0
2.080000,-1.221771,-0.164562,-0.207362,0.366349,0.080238,0.927011,0.203097,0.965357,-0.163820,-0.908041,0.248289,0.337362,-0.126125,-0.561615,-0.037601,0.816864,-0.010748,0.035727,0.031528,0.007440,-0.023073,0.019613,-0.927011,0.163820,-0.337362,0.000000,0.000000,0.000000,-1,-0.925140,0.158020,-0.319000,-0.022072,0.068096,0.032941,-1475.070435,2903.556152,-686.944641,0,0
2.120000,-1.218478,-0.166604,-0.206387,0.369648,0.081630,0.925579,0.202088,0.965225,-0.165834,-0.906929,0.248349,0.340297,-0.126615,-0.560196,-0.036824,0.817797,0.007566,0.089924,0.051423,-0.004841,-0.004625,0.021403,-0.925579,0.165834,-0.340297,0.000000,0.000000,0.000000,-1,-0.935257,0.167511,-0.348587,-0.036916,0.087184,0.035115,-1475.597900,2903.028809,-687.447388,0,0
2.160000,-1.215770,-0.168192,-0.206117,0.372381,0.082495,0.924406,0.201773,0.965021,-0.167400,-0.905881,0.248857,0.342710,-0.127132,-0.559001,-0.036430,0.818552,-0.007399,0.079233,0.040923,-0.010851,0.000111,-0.005877,-0.924406,0.167400,-0.342710,0.000000,0.000000,0.000000,-1,-0.919052,0.186813,-0.349716,-0.030511,0.098764,0.027565,-1475.070435,2903.907715,-688.620544,0,0
2.200000,-1.210862,-0.171796,-0.206060,0.377498,0.084548,0.922143,0.201593,0.964435,-0.170952,-0.903801,0.250432,0.347028,-0.128486,-0.556756,-0.035689,0.819903,-0.048892,0.078327,0.056172,0.001809,0.020073,-0.002627,-0.922143,0.170952,-0.347028,0.000000,0.000000,0.000000,-1,-0.917206,0.178665,-0.348312,-0.091203,0.084109,0.045136,-1474.015747,2904.610840,-688.285339,0,0
2.240000,-1.208460,-0.174394,-0.207437,0.380276,0.085765,0.920888,0.202829,0.963719,-0.173511,-0.902358,0.252765,0.349084,-0.129878,-0.555509,-0.035667,0.820530,-0.077581,0.095311,0.059529,0.005422,0.001477,-0.003929,-0.920888,0.173511,-0.349084,0.000000,0.000000,0.000000,-1,-0.931000,0.177353,-0.365784,-0.103874,0.118014,0.046172,-1475.070435,2905.313965,-688.285339,0,0
2.280000,-1.202230,-0.179810,-0.211311,0.387256,0.087556,0.917805,0.206360,0.961993,-0.178842,-0.898581,0.258657,0.354470,-0.133035,-0.552328,-0.036126,0.822150,-0.113847,0.092992,0.036386,-0.010936,0.015311,-0.002799,-0.917805,0.178842,-0.354470,0.000000,0.000000,0.000000,-1,-0.917160,0.193848,-0.351913,-0.142323,0.105019,0.014559,-1473.839966,2904.083496,-688.117798,0,0
2.320000,-1.199987,-0.182691,-0.214738,0.390130,0.088222,0.916524,0.209546,0.960773,-0.181677,-0.896599,0.262931,0.356340,-0.135109,-0.550977,-0.036868,0.822685,-0.145813,0.103394,0.015295,0.004948,0.015100,0.000886,-0.916524,0.181677,-0.356340,0.000000,0.000000,0.000000,-1,-0.900070,0.193573,-0.356491,-0.180616,0.127162,0.003055,-1474.894653,2904.435059,-688.788086,0,0
2.360000,-1.196703,-0.185853,-0.219026,0.394071,0.088496,0.914809,0.213537,0.959300,-0.184785,-0.893929,0.268165,0.359135,-0.137510,-0.549111,-0.037961,0.823484,-0.165887,0.147973,0.024878,0.014739,0.008788,0.002644,-0.914809,0.184785,-0.359135,0.000000,0.000000,0.000000,-1,-0.913986,0.198669,-0.377960,-0.198543,0.169699,0.021145,-1473.312500,2907.072021,-690.296387,0,0
2.400000,-1.189164,-0.191738,-0.226717,0.402658,0.088614,0.911051,0.220661,0.956553,-0.190565,-0.888355,0.277766,0.365611,-0.141858,-0.544252,-0.040469,0.825677,-0.211600,0.162920,0.035840,0.000510,0.011104,-0.003541,-0.910316,0.191868,-0.366759,0.000000,0.000000,0.000000,-1,-0.909805,0.202576,-0.371216,-0.247515,0.169731,0.023655,-1476.125244,2903.556152,-689.626099,0,0
2.440000,-1.186542,-0.194426,-0.230475,0.405873,0.088743,0.909611,0.224136,0.955215,-0.193203,-0.886019,0.282292,0.367805,-0.143921,-0.543493,-0.040980,0.825968,-0.223316,0.161864,0.035936,-0.001049,0.009876,0.000084,-0.909611,0.193203,-0.367805,0.000000,0.000000,0.000000,-1,-0.906525,0.209961,-0.380539,-0.283719,0.168681,0.023940,-1475.070435,2904.259277,-688.620544,0,0
2.480000,-1.179796,-0.201786,-0.242036,0.414416,0.088548,0.905770,0.234816,0.951154,-0.200420,-0.879273,0.295747,0.373380,-0.149901,-0.539295,-0.044191,0.827489,-0.278693,0.170229,0.022493,-0.002113,0.009404,-0.004305,-0.905770,0.200420,-0.373380,0.000000,0.000000,0.000000,-1,-0.908554,0.197342,-0.373428,-0.315732,0.171571,-0.007783,-1474.191528,2906.192871,-689.793640,0,0
2.520000,-1.174419,-0.207145,-0.255781,0.421518,0.085870,0.902745,0.247592,0.946784,-0.205667,-0.872365,0.310205,0.377826,-0.155651,-0.535593,-0.048795,0.828572,-0.288374,0.169865,-0.016849,-0.004207,-0.010126,0.001895,-0.902745,0.205667,-0.377826,0.000000,0.000000,0.000000,-1,-0.909866,0.188141,-0.378403,-0.307250,0.178766,-0.031312,-1475.246338,2905.489746,-689.793640,0,0
2.560000,-1.172213,-0.208448,-0.261237,0.424203,0.084009,0.901662,0.252685,0.945159,-0.206942,-0.869599,0.315622,0.379711,-0.157585,-0.534145,-0.050866,0.829016,-0.277752,0.164527,-0.021177,-0.007808,-0.014956,-0.002048,-0.901662,0.206942,-0.379711,0.000000,0.000000,0.000000,-1,-0.916107,0.179901,-0.383438,-0.289200,0.162865,-0.032458,-1473.839966,2905.841309,-688.452942,0,0
2.600000,-1.168058,-0.209759,-0.273632,0.429124,0.078524,0.899826,0.264307,0.941692,-0.208224,-0.863710,0.327184,0.383348,-0.161310,-0.531324,-0.055973,0.829784,-0.219255,0.129681,-0.015089,-0.018982,-0.026080,-0.002378,-0.899826,0.208224,-0.383348,0.000000,0.000000,0.000000,-1,-0.924194,0.186218,-0.383423,-0.210505,0.126883,-0.027607,-1474.367310,2904.962402,-688.955688,0,0
2.640000,-1.165259,-0.210642,-0.283004,0.432469,0.074322,0.898580,0.273070,0.938997,-0.209088,-0.859304,0.335799,0.385792,-0.164073,-0.529324,-0.059846,0.830250,-0.186348,0.093674,-0.013095,-0.022913,-0.017453,0.000004,-0.898580,0.209088,-0.385792,0.000000,0.000000,0.000000,-1,-0.918396,0.189240,-0.383575,-0.207421,0.088773,-0.025357,-1473.839966,2905.841309,-690.128845,0,0
2.680000,-1.164453,-0.211216,-0.289747,0.433799,0.071622,0.898158,0.279361,0.937019,-0.209649,-0.856607,0.341856,0.386470,-0.166065,-0.528382,-0.062553,0.830254,-0.150251,0.061847,-0.017528,-0.007817,-0.018395,0.004100,-0.898158,0.209649,-0.386470,0.000000,0.000000,0.000000,-1,-0.901794,0.194122,-0.377411,-0.168104,0.066482,-0.029840,-1475.597900,2905.138184,-690.128845,0,0
2.720000,-1.163910,-0.211606,-0.293992,0.434664,0.069928,0.897874,0.283312,0.935747,-0.210030,-0.854869,0.345671,0.386924,-0.167327,-0.527768,-0.064252,0.830261,-0.133196,0.066095,-0.015551,-0.004363,-0.013421,0.005973,-0.897874,0.210030,-0.386924,0.000000,0.000000,0.000000,-1,-0.909515,0.201477,-0.390686,-0.130836,0.065433,-0.027994,-1474.191528,2904.435059,-688.788086,0,0
2.760000,-1.162382,-0.211804,-0.299133,0.436374,0.067327,0.897243,0.288107,0.934238,-0.210224,-0.852392,0.350238,0.388280,-0.168713,-0.526684,-0.066460,0.830496,-0.080034,0.044848,-0.021218,-0.015034,-0.008884,-0.002468,-0.897243,0.210224,-0.388280,0.000000,0.000000,0.000000,-1,-0.912949,0.196762,-0.391602,-0.096835,0.046311,-0.033513,-1473.488403,2905.138184,-689.458496,0,0
2.800000,-1.162245,-0.211236,-0.302062,0.436534,0.065514,0.897299,0.290877,0.933504,-0.209668,-0.851369,0.352531,0.388450,-0.169248,-0.526431,-0.067845,0.830435,-0.055626,0.012065,-0.014899,-0.012842,-0.014646,-0.004845,-0.897299,0.209668,-0.388450,0.000000,0.000000,0.000000,-1,-0.903717,0.201218,-0.399948,-0.045781,0.020968,-0.024226,-1473.839966,2905.138184,-688.117798,0,0
2.840000,-1.161852,-0.210522,-0.302928,0.436734,0.064386,0.897284,0.291730,0.933394,-0.208971,-0.850974,0.353029,0.388861,-0.169173,-0.526260,-0.068435,0.830510,-0.013043,0.006790,-0.012019,-0.006433,-0.007753,-0.011087,-0.897284,0.208971,-0.388862,0.000000,0.000000,0.000000,-1,-0.899078,0.212006,-0.402954,-0.028785,0.005106,-0.021102,-1474.367310,2902.501465,-686.944641,0,0
2.880000,-1.161538,-0.210265,-0.303208,0.436950,0.063932,0.897211,0.292008,0.933364,-0.208719,-0.850768,0.353192,0.389165,-0.169131,-0.526129,-0.068649,0.830584,0.000750,-0.015379,-0.004585,-0.000098,0.003668,-0.006755,-0.897211,0.208719,-0.389165,0.000000,0.000000,0.000000,-1,-0.898239,0.208557,-0.397690,-0.020271,-0.002241,-0.013684,-1473.488403,2906.192871,-689.123291,0,0
2.920000,-1.161383,-0.209958,-0.302477,0.436954,0.063934,0.897209,0.291344,0.933638,-0.208419,-0.850994,0.352466,0.389330,-0.168809,-0.526155,-0.068443,0.830651,0.033777,-0.012167,-0.000592,-0.001152,0.000871,-0.009688,-0.897209,0.208419,-0.389330,0.000000,0.000000,0.000000,-1,-0.902237,0.210922,-0.404266,0.008461,-0.006495,-0.014956,-1473.312500,2902.501465,-689.290894,0,0
2.960000,-1.160901,-0.209631,-0.301734,0.437229,0.063809,0.897084,0.290671,0.933919,-0.208099,-0.851083,0.351743,0.389789,-0.168464,-0.526047,-0.068266,0.830803,0.032702,-0.014300,-0.002706,-0.005153,0.002823,-0.014477,-0.897084,0.208099,-0.389789,0.000000,0.000000,0.000000,-1,-0.895004,0.214050,-0.400940,0.004197,-0.007563,-0.015984,-1474.367310,2904.610840,-688.955688,0,0
3.000000,-1.160282,-0.209463,-0.299961,0.437598,0.064223,0.896874,0.289025,0.934467,-0.207935,-0.851453,0.350210,0.390359,-0.167908,-0.525954,-0.067628,0.831027,0.028497,-0.008917,0.001601,0.004693,0.005536,-0.011848,-0.896874,0.207935,-0.390359,0.000000,0.000000,0.000000,-1,-0.893036,0.214828,-0.403549,0.004226,-0.002218,-0.010678,-1472.960938,2904.259277,-689.626099,0,0
3.040000,-1.160094,-0.209478,-0.299642,0.437741,0.064310,0.896798,0.288726,0.934556,-0.207949,-0.851481,0.349957,0.390526,-0.167824,-0.525901,-0.067507,0.831087,0.028494,-0.009975,0.001606,0.003762,0.006880,-0.013023,-0.896798,0.207949,-0.390526,0.000000,0.000000,0.000000,-1,-0.893143,0.210876,-0.404922,0.004239,-0.002169,-0.005351,-1473.839966,2903.731934,-689.123291,0,0
3.080000,-1.159068,-0.209315,-0.297912,0.438460,0.064571,0.896428,0.287118,0.935086,-0.207790,-0.851655,0.348488,0.391459,-0.167269,-0.525635,-0.066918,0.831415,0.029601,-0.000386,0.006889,-0.000209,-0.001903,-0.010320,-0.896428,0.207790,-0.391459,0.000000,0.000000,0.000000,-1,-0.902252,0.210846,-0.407837,0.002135,0.006305,-0.005367,-1472.257812,2902.501465,-688.955688,0,0
3.120000,-1.158270,-0.208927,-0.296421,0.438942,0.064614,0.896189,0.285747,0.935590,-0.207410,-0.851868,0.347125,0.392207,-0.166692,-0.525482,-0.066373,0.831695,0.030603,-0.016326,0.000548,-0.008897,0.004466,-0.011383,-0.896193,0.207326,-0.392242,0.000000,0.000000,0.000000,-1,-0.899124,0.212051,-0.401291,0.008454,-0.009662,-0.013879,-1474.718872,2904.259277,-689.290894,0,0
3.160000,-1.158200,-0.208550,-0.295042,0.438814,0.064872,0.896233,0.284479,0.936058,-0.207041,-0.852358,0.345812,0.392300,-0.166174,-0.525582,-0.066008,0.831741,0.045554,-0.001500,0.000378,0.006448,0.002233,0.005109,-0.896233,0.207041,-0.392300,0.000000,0.000000,0.000000,-1,-0.897781,0.205215,-0.386765,0.022376,0.011576,-0.007674,-1473.312500,2905.313965,-688.620544,0,0
3.200000,-1.158016,-0.208291,-0.293871,0.438827,0.065100,0.896210,0.283398,0.936442,-0.206788,-0.852711,0.344729,0.392487,-0.165754,-0.525626,-0.065608,0.831829,0.030737,0.018733,0.012136,-0.001571,-0.001573,0.005722,-0.896210,0.206788,-0.392487,0.000000,0.000000,0.000000,-1,-0.909012,0.210724,-0.399277,0.004338,0.024379,0.002006,-1473.839966,2904.786621,-688.788086,0,0
3.240000,-1.157108,-0.208234,-0.292257,0.439481,0.065448,0.895864,0.281890,0.936910,-0.206733,-0.852874,0.343390,0.393040,-0.164931,-0.525621,-0.064621,0.832072,0.047627,-0.025794,0.007911,-0.009934,0.004111,0.000905,-0.896026,0.206536,-0.393040,0.000000,0.000000,0.000000,-1,-0.903244,0.210892,-0.387054,0.019088,-0.020188,-0.006464,-1474.191528,2904.435059,-688.452942,0,0
3.280000,-1.157727,-0.207962,-0.290799,0.438787,0.066067,0.896159,0.280540,0.937374,-0.206466,-0.853676,0.342003,0.392773,-0.164803,-0.525788,-0.064445,0.832006,0.043356,-0.027932,0.005822,-0.011373,0.004563,0.002194,-0.896159,0.206466,-0.392773,0.000000,0.000000,0.000000,-1,-0.902863,0.206024,-0.386215,0.025459,-0.023396,-0.009698,-1471.730469,2902.325684,-687.782593,0,0
3.320000,-1.159326,-0.206890,-0.288569,0.436999,0.066667,0.896988,0.278512,0.938209,-0.205417,-0.855256,0.339588,0.391429,-0.163830,-0.526731,-0.063681,0.831660,0.050794,-0.023801,-0.004906,-0.005798,-0.002292,0.007838,-0.896988,0.205417,-0.391429,0.000000,0.000000,0.000000,-1,-0.908035,0.205597,-0.385071,0.028662,-0.011845,-0.020419,-1473.664185,2906.017090,-689.290894,0,0
3.360000,-1.160709,-0.205690,-0.286916,0.435399,0.066824,0.897754,0.277030,0.938903,-0.204243,-0.856552,0.337632,0.390285,-0.162950,-0.527546,-0.063212,0.831352,0.052897,-0.027044,-0.011302,-0.013730,0.002193,0.005657,-0.897754,0.204243,-0.390285,0.000000,0.000000,0.000000,-1,-0.914047,0.207230,-0.385895,0.027487,-0.040530,-0.029890,-1473.312500,2902.501465,-688.620544,0,0
3.400000,-1.163787,-0.203786,-0.285224,0.432163,0.066952,0.899307,0.275550,0.939742,-0.202378,-0.858666,0.335264,0.387673,-0.161824,-0.529128,-0.062785,0.830599,0.046368,-0.061079,-0.026040,-0.008301,-0.000581,0.004647,-0.899307,0.202378,-0.387673,0.000000,0.000000,0.000000,-1,-0.909134,0.196167,-0.382416,0.024228,-0.052288,-0.041539,-1472.433594,2905.138184,-689.123291,0,0
3.440000,-1.166521,-0.201534,-0.283911,0.429156,0.066486,0.900780,0.274443,0.940538,-0.200173,-0.860527,0.333118,0.385391,-0.160645,-0.530564,-0.062643,0.829922,0.051688,-0.057956,-0.031422,-0.005500,-0.001686,0.005371,-0.900780,0.200173,-0.385391,0.000000,0.000000,0.000000,-1,-0.911011,0.200562,-0.383957,0.025280,-0.056525,-0.041532,-1473.839966,2905.138184,-688.452942,0,0
3.480000,-1.168388,-0.200083,-0.282889,0.427115,0.066288,0.901764,0.273563,0.941096,-0.198750,-0.861821,0.331578,0.383822,-0.159841,-0.531545,-0.062473,0.829463,0.049537,-0.068509,-0.027105,-0.007095,0.002742,-0.003904,-0.901764,0.198750,-0.383822,0.000000,0.000000,0.000000,-1,-0.905472,0.192001,-0.393448,0.027396,-0.062861,-0.039394,-1475.246338,2905.138184,-689.123291,0,0
3.520000,-1.170888,-0.197537,-0.280589,0.424167,0.065885,0.903184,0.271537,0.942206,-0.196255,-0.863916,0.328492,0.381763,-0.158271,-0.532981,-0.062027,0.828875,0.074044,-0.066353,-0.023043,-0.000594,-0.005108,-0.007199,-0.903184,0.196255,-0.381763,0.000000,0.000000,0.000000,-1,-0.903397,0.189240,-0.388901,0.056172,-0.058572,-0.033241,-1473.312500,2904.259277,-687.614990,0,0
3.560000,-1.172040,-0.195771,-0.278312,0.422581,0.065692,0.903941,0.269485,0.943154,-0.194523,-0.865334,0.325800,0.380856,-0.156981,-0.533788,-0.061484,0.828642,0.092168,-0.068364,-0.011459,0.000545,-0.005283,-0.008045,-0.903941,0.194523,-0.380856,0.000000,0.000000,0.000000,-1,-0.907257,0.199570,-0.382935,0.063667,-0.055278,-0.020528,-1474.894653,2903.731934,-689.458496,0,0
3.600000,-1.173939,-0.193957,-0.274422,0.420231,0.066368,0.904987,0.265909,0.944533,-0.192743,-0.867582,0.321641,0.379275,-0.155261,-0.535030,-0.060229,0.828257,0.079476,-0.049243,-0.009276,-0.001187,0.003943,-0.000196,-0.904987,0.192743,-0.379275,0.000000,0.000000,0.000000,-1,-0.906769,0.197479,-0.383041,0.045624,-0.037259,-0.019390,-1473.664185,2903.556152,-688.285339,0,0
3.640000,-1.175088,-0.192782,-0.271905,0.418779,0.066768,0.905630,0.263592,0.945417,-0.191590,-0.868990,0.318951,0.378321,-0.154144,-0.535798,-0.059425,0.828027,0.062462,-0.042873,-0.008101,-0.000925,0.001967,-0.005239,-0.905630,0.191590,-0.378321,0.000000,0.000000,0.000000,-1,-0.902374,0.195190,-0.385986,0.040318,-0.033001,-0.017234,-1473.312500,2903.204590,-688.620544,0,0
3.680000,-1.175433,-0.192178,-0.269999,0.418205,0.067147,0.905867,0.261820,0.946029,-0.190997,-0.869801,0.317050,0.378054,-0.153397,-0.536137,-0.058779,0.827993,0.065726,-0.030043,0.004611,0.003493,0.004194,-0.007933,-0.905867,0.190997,-0.378054,0.000000,0.000000,0.000000,-1,-0.904022,0.193314,-0.380844,0.041458,-0.020154,-0.002377,-1473.839966,2904.083496,-687.112244,0,0
3.720000,-1.175571,-0.191733,-0.267291,0.417795,0.067935,0.905998,0.259280,0.946816,-0.190560,-0.870759,0.314522,0.377961,-0.152494,-0.536437,-0.057771,0.828036,0.066850,-0.017252,0.013078,0.001976,0.002753,-0.002883,-0.905998,0.190560,-0.377961,0.000000,0.000000,0.000000,-1,-0.907990,0.199265,-0.383270,0.043624,-0.011642,0.001836,-1474.191528,2904.083496,-689.793640,0,0
3.760000,-1.175673,-0.192173,-0.264049,0.417588,0.069705,0.905959,0.256187,0.947571,-0.190992,-0.871773,0.311851,0.377836,-0.151807,-0.536690,-0.056298,0.828099,0.048716,-0.024689,0.010057,0.001860,0.020189,0.000975,-0.905959,0.190992,-0.377836,0.000000,0.000000,0.000000,-1,-0.900528,0.217484,-0.375061,0.013780,-0.015940,-0.005374,-1473.136719,2905.489746,-689.793640,0,0
3.800000,-1.176103,-0.193190,-0.263154,0.417390,0.071102,0.905942,0.255288,0.947612,-0.191990,-0.872132,0.311411,0.377372,-0.151992,-0.536854,-0.055611,0.828006,0.016771,-0.013159,-0.003579,0.005917,0.029140,0.000678,-0.905942,0.191990,-0.377372,0.000000,0.000000,0.000000,-1,-0.904083,0.216187,-0.379028,-0.018103,0.015704,-0.020160,-1474.367310,2903.204590,-688.955688,0,0
3.840000,-1.175771,-0.194880,-0.263444,0.418099,0.072356,0.905515,0.255478,0.947223,-0.193649,-0.871736,0.312304,0.377547,-0.152749,-0.536558,-0.055285,0.828080,-0.024743,0.005769,-0.019294,-0.002138,0.024537,0.000182,-0.905515,0.193649,-0.377547,0.000000,0.000000,0.000000,-1,-0.912216,0.216248,-0.366211,-0.060726,0.016636,-0.034747,-1474.015747,2905.313965,-689.290894,0,0
3.880000,-1.176204,-0.196049,-0.265822,0.418170,0.072519,0.905470,0.257670,0.946394,-0.194795,-0.871057,0.314770,0.377067,-0.153874,-0.536460,-0.055910,0.827894,-0.068334,0.034302,-0.026512,-0.008898,0.017439,0.012443,-0.905470,0.194795,-0.377067,0.000000,0.000000,0.000000,-1,-0.901596,0.221207,-0.368927,-0.108591,0.038821,-0.041916,-1472.960938,2904.962402,-689.626099,0,0
3.920000,-1.176193,-0.198058,-0.270152,0.418975,0.072457,0.905102,0.261661,0.944890,-0.196766,-0.869479,0.319270,0.376926,-0.155852,-0.535954,-0.057143,0.827767,-0.126916,0.029018,-0.026028,0.005764,0.028713,0.004536,-0.905102,0.196766,-0.376926,0.000000,0.000000,0.000000,-1,-0.904236,0.223160,-0.365250,-0.189522,0.022043,-0.025246,-1475.070435,2904.610840,-687.950195,0,0
3.960000,-1.177700,-0.201676,-0.276807,0.419036,0.073308,0.905006,0.267747,0.942437,-0.200312,-0.867595,0.326250,0.375287,-0.159148,-0.535750,-0.059260,0.826934,-0.189729,0.013364,-0.000970,-0.005197,0.007496,0.024245,-0.905081,0.201137,-0.374663,0.000000,0.000000,0.000000,-1,-0.915649,0.202408,-0.361359,-0.216138,0.009488,-0.009013,-1475.070435,2904.610840,-688.285339,0,0
4.000000,-1.179891,-0.204773,-0.284355,0.418467,0.073564,0.905248,0.274677,0.939789,-0.203345,-0.865701,0.333744,0.373065,-0.162491,-0.535784,-0.060845,0.826335,-0.199278,0.031297,-0.008421,-0.012324,0.005532,0.017687,-0.905248,0.203345,-0.373065,0.000000,0.000000,0.000000,-1,-0.924927,0.183670,-0.370331,-0.213977,0.035788,-0.028304,-1473.136719,2904.786621,-688.117798,0,0
4.040000,-1.180932,-0.205723,-0.289548,0.418189,0.072566,0.905457,0.279499,0.938164,-0.204275,-0.864290,0.338499,0.372048,-0.164299,-0.535707,-0.062639,0.825894,-0.142901,0.019559,-0.016276,-0.019470,-0.020605,0.001718,-0.905457,0.204275,-0.372048,0.000000,0.000000,0.000000,-1,-0.910980,0.178925,-0.362625,-0.157531,0.033735,-0.020211,-1474.894653,2904.435059,-687.782593,0,0
4.080000,-1.181801,-0.205555,-0.294403,0.417743,0.070686,0.905811,0.284060,0.936829,-0.204110,-0.863018,0.342571,0.371275,-0.165559,-0.535680,-0.064619,0.825507,-0.082168,0.016548,0.003492,-0.005169,-0.025185,0.008650,-0.905811,0.204110,-0.371275,0.000000,0.000000,0.000000,-1,-0.905350,0.190750,-0.362717,-0.001994,0.036110,0.010533,-1472.609375,2903.907715,-688.620544,0,0
4.120000,-1.181204,-0.204803,-0.292522,0.417928,0.070617,0.905731,0.282341,0.937509,-0.203374,-0.863493,0.340721,0.371873,-0.164732,-0.535655,-0.064102,0.825729,0.086115,0.012470,0.021390,-0.013428,0.002528,0.006624,-0.905731,0.203374,-0.371873,0.000000,0.000000,0.000000,-1,-0.913879,0.208084,-0.372574,0.067140,0.016969,0.003677,-1475.246338,2905.489746,-689.458496,0,0
4.160000,-1.180463,-0.204321,-0.289800,0.418250,0.071085,0.905546,0.279816,0.938368,-0.202902,-0.864158,0.338250,0.372582,-0.163784,-0.535615,-0.063174,0.826014,0.087172,0.015587,0.014979,-0.003054,0.006036,-0.004478,-0.905546,0.202902,-0.372582,0.000000,0.000000,0.000000,-1,-0.896042,0.206940,-0.369308,0.054423,0.034997,0.005839,-1474.191528,2905.489746,-688.788086,0,0
4.200000,-1.178712,-0.204361,-0.286498,0.419538,0.071913,0.904885,0.276714,0.939279,-0.202941,-0.864533,0.335536,0.374164,-0.162862,-0.535158,-0.061942,0.826586,0.075553,0.033743,0.030984,0.008110,0.007020,0.006045,-0.904885,0.202941,-0.374164,0.000000,0.000000,0.000000,-1,-0.893829,0.216125,-0.372696,0.034278,0.039505,0.034742,-1473.312500,2904.610840,-690.296387,0,0
