0.000000,1.678705,-1.333545,1.452642,0.946901,-0.220860,-0.233665,-0.233393,0.027706,-0.971988,0.221147,0.974912,-0.025313,-0.697228,0.162878,0.004489,0.698086,0.006222,0.010219,0.000571,-0.001503,0.014081,0.003267,0.233665,0.971988,0.025313,0.000000,0.000000,0.000000,-1,0.234665,0.985504,0.029221,-0.019142,0.019990,-0.014841,55.374481,205.500809,-522.708069,0,0
0.040000,1.679510,-1.333691,1.452910,0.946816,-0.221394,-0.233503,-0.233260,0.027626,-0.972022,0.221651,0.974793,-0.025485,-0.697258,0.163015,0.004250,0.698025,0.001974,0.015527,0.001644,0.001208,0.017190,0.003827,0.233503,0.972022,0.025485,0.000000,0.000000,0.000000,-1,0.235199,0.988144,0.028137,-0.019128,0.021089,-0.010584,57.132401,203.742889,-522.372925,0,0
0.080000,1.679777,-1.333838,1.452428,0.946684,-0.222115,-0.233354,-0.233104,0.027722,-0.972056,0.222377,0.974626,-0.025532,-0.697226,0.163225,0.003936,0.698010,0.008359,0.016587,0.001580,0.001326,0.012547,0.002132,0.233354,0.972057,0.025532,0.000000,0.000000,0.000000,-1,0.236450,0.987991,0.027710,-0.011656,0.027442,-0.010666,56.077652,204.797653,-522.037720,0,0
0.120000,1.679093,-1.333805,1.451117,0.946537,-0.222689,-0.233404,-0.233100,0.028031,-0.972049,0.223007,0.974487,-0.025376,-0.697116,0.163455,0.003729,0.698067,0.013695,0.018734,0.004725,0.003428,0.013745,0.002013,0.233404,0.972049,0.025376,0.000000,0.000000,0.000000,-1,0.236588,0.986267,0.025940,-0.010588,0.028501,-0.010678,54.319733,204.797653,-522.708069,0,0
0.160000,1.678012,-1.333601,1.449299,0.946326,-0.223350,-0.233629,-0.233246,0.028479,-0.972001,0.223750,0.974322,-0.025145,-0.696956,0.163782,0.003544,0.698151,0.009422,0.014498,0.004777,0.003569,0.013427,0.001436,0.233629,0.972001,0.025145,0.000000,0.000000,0.000000,-1,0.239670,0.984772,0.025131,-0.013802,0.020048,-0.008491,56.605026,203.215515,-523.546021,0,0
0.200000,1.676776,-1.333320,1.447652,0.946169,-0.223696,-0.233930,-0.233469,0.028897,-0.971935,0.224178,0.974230,-0.024885,-0.696807,0.164021,0.003499,0.698244,0.009391,0.006006,0.002686,0.006197,0.015156,-0.000395,0.233930,0.971935,0.024885,0.000000,0.000000,0.000000,-1,0.237732,0.983688,0.022522,-0.012758,0.016831,-0.012748,56.429230,204.446060,-523.378418,0,0
0.240000,1.675659,-1.333261,1.446292,0.946102,-0.223894,-0.234015,-0.233486,0.029221,-0.971921,0.224445,0.974175,-0.024630,-0.696690,0.164126,0.003434,0.698336,0.009395,0.008114,0.001615,0.003717,0.011767,-0.002108,0.234015,0.971921,0.024630,0.000000,0.000000,0.000000,-1,0.235413,0.987000,0.018280,-0.010620,0.017909,-0.010638,57.483978,205.500809,-523.378418,0,0
0.280000,1.672708,-1.333208,1.442997,0.946014,-0.224135,-0.234138,-0.233440,0.029997,-0.971908,0.224862,0.974096,-0.023944,-0.696413,0.164261,0.003330,0.698582,0.009421,0.010259,0.004801,0.005852,0.014939,-0.005573,0.234138,0.971908,0.023944,0.000000,0.000000,0.000000,-1,0.238907,0.987732,0.022781,-0.011667,0.021117,-0.007446,55.550278,203.918686,-522.540466,0,0
0.320000,1.670155,-1.332936,1.439894,0.945830,-0.224575,-0.234462,-0.233608,0.030756,-0.971844,0.225463,0.973971,-0.023373,-0.696141,0.164544,0.003232,0.698787,0.011542,0.007070,0.003735,0.005574,0.013782,-0.001385,0.234462,0.971844,0.023373,0.000000,0.000000,0.000000,-1,0.240753,0.985382,0.021255,-0.010623,0.015801,-0.009565,56.429230,205.500809,-523.378418,0,0
0.360000,1.668482,-1.332621,1.437993,0.945707,-0.224733,-0.234805,-0.233853,0.031240,-0.971770,0.225724,0.973920,-0.023010,-0.695966,0.164730,0.003262,0.698916,0.006204,0.000726,0.004873,0.006375,0.013231,-0.000229,0.234805,0.971770,0.023010,0.000000,0.000000,0.000000,-1,0.239532,0.987686,0.019882,-0.019164,0.008389,-0.009471,55.726059,203.391312,-523.713623,0,0
0.400000,1.667195,-1.332370,1.436880,0.945689,-0.224525,-0.235077,-0.234059,0.031533,-0.971711,0.225586,0.973958,-0.022732,-0.695861,0.164754,0.003410,0.699015,-0.000210,-0.007767,0.002829,0.005828,0.011932,-0.001049,0.235077,0.971711,0.022732,0.000000,0.000000,0.000000,-1,0.238922,0.986862,0.025024,-0.021324,-0.000103,-0.011553,56.605026,204.973434,-522.540466,0,0
0.440000,1.666990,-1.332330,1.437200,0.945798,-0.224021,-0.235120,-0.234108,0.031463,-0.971701,0.225079,0.974076,-0.022687,-0.695885,0.164585,0.003607,0.699030,-0.001305,-0.015199,0.000733,0.002840,0.015283,0.002246,0.235120,0.971701,0.022687,0.000000,0.000000,0.000000,-1,0.233978,0.987549,0.027191,-0.025607,-0.006477,-0.013626,55.726059,205.149231,-522.372925,0,0
0.480000,1.666695,-1.332472,1.437405,0.945943,-0.223545,-0.234990,-0.233977,0.031397,-0.971735,0.224605,0.974188,-0.022605,-0.695908,0.164362,0.003731,0.699059,-0.001313,-0.017328,-0.000330,0.001308,0.015249,-0.007926,0.234990,0.971735,0.022605,0.000000,0.000000,0.000000,-1,0.237534,0.987183,0.025803,-0.027719,-0.003269,-0.010426,55.726059,203.742889,-524.383972,0,0
0.520000,1.667748,-1.332420,1.438709,0.945986,-0.223334,-0.235016,-0.234068,0.031098,-0.971723,0.224328,0.974246,-0.022857,-0.696014,0.164294,0.003839,0.698968,0.000854,-0.004576,0.003863,0.002517,0.015460,0.002946,0.235016,0.971723,0.022857,0.000000,0.000000,0.000000,-1,0.238968,0.986588,0.023056,-0.020240,0.006252,-0.011585,56.429230,204.446060,-523.043213,0,0
0.560000,1.666606,-1.332245,1.437790,0.945996,-0.223087,-0.235211,-0.234208,0.031336,-0.971681,0.224140,0.974295,-0.022605,-0.695928,0.164275,0.003977,0.699058,0.002977,-0.004607,0.000654,0.006015,0.012968,0.001718,0.235211,0.971681,0.022605,0.000000,0.000000,0.000000,-1,0.236755,0.988678,0.018234,-0.022388,0.000946,-0.012614,56.253433,203.215515,-523.881165,0,0
0.600000,1.665655,-1.332340,1.437090,0.946075,-0.222825,-0.235141,-0.234095,0.031488,-0.971704,0.223924,0.974350,-0.022372,-0.695873,0.164153,0.004030,0.699141,-0.000212,-0.005657,0.001744,0.001065,0.015769,-0.002231,0.235141,0.971704,0.022372,0.000000,0.000000,0.000000,-1,0.236191,0.987061,0.022079,-0.022379,0.004124,-0.012626,55.726059,204.446060,-524.719116,0,0
0.640000,1.665166,-1.332492,1.436771,0.946149,-0.222655,-0.235005,-0.233938,0.031543,-0.971740,0.223776,0.974387,-0.022243,-0.695854,0.164041,0.004034,0.699187,0.002984,-0.004608,0.000644,0.002452,0.013627,-0.000225,0.235005,0.971740,0.022243,0.000000,0.000000,0.000000,-1,0.240219,0.986572,0.023788,-0.018110,0.007300,-0.012671,56.077652,203.742889,-524.048767,0,0
0.680000,1.664627,-1.332318,1.436374,0.946140,-0.222500,-0.235185,-0.234093,0.031658,-0.971699,0.223648,0.974419,-0.022133,-0.695811,0.164051,0.004145,0.699226,0.001921,-0.003538,0.001718,0.006072,0.015148,0.002251,0.235185,0.971699,0.022132,0.000000,0.000000,0.000000,-1,0.236649,0.988983,0.020233,-0.022366,0.007311,-0.011573,56.956604,204.973434,-523.546021,0,0
0.720000,1.664315,-1.332433,1.436141,0.946185,-0.222420,-0.235081,-0.233975,0.031698,-0.971726,0.223583,0.974436,-0.022049,-0.695797,0.163983,0.004131,0.699256,0.000860,-0.002479,0.001715,-0.000126,0.017502,-0.000976,0.235081,0.971726,0.022049,0.000000,0.000000,0.000000,-1,0.237137,0.985367,0.023483,-0.020233,0.009419,-0.012662,56.429230,203.391312,-522.372925,0,0
0.760000,1.663641,-1.332519,1.435407,0.946193,-0.222461,-0.235012,-0.233869,0.031858,-0.971746,0.223662,0.974421,-0.021883,-0.695740,0.163973,0.004078,0.699315,0.004064,0.000698,0.001672,0.001560,0.014902,0.000548,0.235012,0.971746,0.021883,0.000000,0.000000,0.000000,-1,0.240967,0.984543,0.023300,-0.020220,0.013656,-0.012678,56.253433,204.973434,-522.875671,0,0
0.800000,1.664167,-1.332430,1.435780,0.946137,-0.222617,-0.235087,-0.233967,0.031783,-0.971725,0.223795,0.974388,-0.022014,-0.695767,0.164058,0.004058,0.699268,-0.003402,0.001721,-0.002533,0.005483,0.013093,0.003712,0.235087,0.971725,0.022014,0.000000,0.000000,0.000000,-1,0.239685,0.986649,0.023697,-0.027685,0.012569,-0.015812,55.726059,204.094482,-522.372925,0,0
0.840000,1.664962,-1.332438,1.436562,0.946136,-0.222652,-0.235061,-0.233983,0.031599,-0.971727,0.223784,0.974386,-0.022200,-0.695834,0.164060,0.004052,0.699202,-0.002355,-0.002525,-0.003587,0.003220,0.016280,0.001359,0.235061,0.971727,0.022200,0.000000,0.000000,0.000000,-1,0.234726,0.985611,0.020859,-0.027706,0.006204,-0.016854,56.956604,204.270279,-522.875671,0,0
0.880000,1.665429,-1.332642,1.437100,0.946198,-0.222605,-0.234854,-0.233804,0.031446,-0.971775,0.223707,0.974401,-0.022291,-0.695888,0.163966,0.004004,0.699170,-0.004473,-0.000386,-0.001454,-0.000128,0.013836,-0.001433,0.234854,0.971775,0.022291,0.000000,0.000000,0.000000,-1,0.239288,0.987534,0.021179,-0.027676,0.013648,-0.013686,56.605026,204.973434,-522.875671,0,0
0.920000,1.666171,-1.332666,1.437763,0.946185,-0.222701,-0.234814,-0.233802,0.031288,-0.971781,0.223764,0.974384,-0.022464,-0.695946,0.163987,0.003970,0.699108,-0.003412,-0.000385,-0.000446,0.003299,0.013678,-0.000521,0.234814,0.971781,0.022464,0.000000,0.000000,0.000000,-1,0.239548,0.985855,0.023041,-0.024497,0.009400,-0.014760,56.253433,203.215515,-522.205322,0,0
0.960000,1.666129,-1.332647,1.437761,0.946190,-0.222662,-0.234834,-0.233820,0.031291,-0.971776,0.223726,0.974393,-0.022456,-0.695944,0.163980,0.003990,0.699111,-0.000226,-0.001464,-0.002595,0.005248,0.014644,-0.000635,0.234834,0.971776,0.022455,0.000000,0.000000,0.000000,-1,0.237732,0.987015,0.023361,-0.022367,0.010449,-0.015846,56.956604,203.567108,-524.551514,0,0
1.000000,1.666254,-1.332814,1.437879,0.946227,-0.222676,-0.234669,-0.233663,0.031242,-0.971816,0.223732,0.974392,-0.022469,-0.695962,0.163924,0.003929,0.699107,-0.000219,0.001703,-0.003674,0.001156,0.016252,0.000694,0.234669,0.971816,0.022469,0.000000,0.000000,0.000000,-1,0.237595,0.986557,0.023544,-0.021297,0.011518,-0.014793,55.901855,203.918686,-522.540466,0,0
1.040000,1.666369,-1.332914,1.437921,0.946234,-0.222752,-0.234569,-0.233567,0.031219,-0.971839,0.223802,0.974375,-0.022487,-0.695971,0.163915,0.003868,0.699101,0.004043,0.001722,-0.001577,0.004124,0.014352,0.002690,0.234569,0.971839,0.022487,0.000000,0.000000,0.000000,-1,0.236832,0.986252,0.022171,-0.017026,0.014704,-0.013772,55.550278,204.270279,-523.210815,0,0
1.080000,1.665404,-1.333093,1.436722,0.946224,-0.222952,-0.234418,-0.233358,0.031476,-0.971881,0.224061,0.974321,-0.022244,-0.695879,0.163933,0.003721,0.699188,0.003990,0.002736,-0.003753,0.004183,0.015530,0.001926,0.234418,0.971881,0.022244,0.000000,0.000000,0.000000,-1,0.239120,0.985748,0.020645,-0.019181,0.010419,-0.019066,56.429230,203.039734,-523.378418,0,0
1.120000,1.664660,-1.333297,1.435952,0.946267,-0.222963,-0.234238,-0.233137,0.031629,-0.971929,0.224113,0.974314,-0.022051,-0.695825,0.163870,0.003638,0.699258,0.000783,-0.000461,-0.005847,0.004547,0.013911,-0.000201,0.234238,0.971929,0.022051,0.000000,0.000000,0.000000,-1,0.239746,0.984955,0.023254,-0.023435,0.009390,-0.015833,55.726059,204.094482,-522.708069,0,0
1.160000,1.664570,-1.333368,1.435947,0.946302,-0.222881,-0.234170,-0.233068,0.031621,-0.971946,0.224034,0.974333,-0.022024,-0.695828,0.163816,0.003642,0.699267,-0.003479,-0.004667,-0.002601,0.004691,0.015298,-0.001714,0.234170,0.971946,0.022024,0.000000,0.000000,0.000000,-1,0.239929,0.985779,0.021774,-0.027710,0.004096,-0.015780,56.605026,205.676605,-524.216370,0,0
1.200000,1.664678,-1.333403,1.436392,0.946386,-0.222566,-0.234134,-0.233049,0.031513,-0.971954,0.223702,0.974408,-0.022046,-0.695866,0.163686,0.003748,0.699259,-0.005626,-0.011022,-0.002560,0.003720,0.014908,-0.002697,0.234134,0.971954,0.022046,0.000000,0.000000,0.000000,-1,0.238007,0.989044,0.021454,-0.029851,-0.002229,-0.012544,56.956604,203.918686,-523.881165,0,0
1.240000,1.664799,-1.333519,1.436933,0.946506,-0.222176,-0.234019,-0.232954,0.031372,-0.971982,0.223293,0.974502,-0.022063,-0.695916,0.163500,0.003853,0.699252,-0.007827,-0.014260,0.000614,-0.000300,0.015430,-0.002090,0.234019,0.971982,0.022063,0.000000,0.000000,0.000000,-1,0.234894,0.987427,0.021301,-0.033046,-0.003278,-0.011450,56.780823,204.797653,-523.043213,0,0
1.280000,1.665643,-1.333648,1.438332,0.946658,-0.221679,-0.233876,-0.232873,0.031029,-0.972012,0.222731,0.974626,-0.022249,-0.696038,0.163264,0.004003,0.699185,-0.007823,-0.013201,0.000606,0.003261,0.013126,-0.000170,0.233876,0.972012,0.022249,0.000000,0.000000,0.000000,-1,0.237808,0.987320,0.021835,-0.035188,-0.007514,-0.011418,55.198685,203.215515,-521.870117,0,0
1.320000,1.667180,-1.333576,1.440549,0.946790,-0.221076,-0.233911,-0.233011,0.030522,-0.971995,0.222024,0.974779,-0.022615,-0.696219,0.163055,0.004268,0.699052,-0.021715,-0.025946,-0.003499,0.003897,0.015325,-0.000780,0.233911,0.971995,0.022615,0.000000,0.000000,0.000000,-1,0.232483,0.988968,0.028961,-0.040556,-0.017104,-0.017732,56.077652,204.797653,-522.708069,0,0
1.360000,1.669684,-1.333642,1.444828,0.947194,-0.219467,-0.233790,-0.233076,0.029516,-0.972010,0.220225,0.975173,-0.023195,-0.696576,0.162417,0.004868,0.698841,-0.013366,-0.075786,-0.009769,-0.001307,0.016957,0.005766,0.233790,0.972010,0.023195,0.000000,0.000000,0.000000,-1,0.247787,0.986389,0.030716,-0.017333,-0.072313,-0.031554,54.495514,204.973434,-523.881165,0,0
1.400000,1.668989,-1.334099,1.448077,0.948159,-0.215723,-0.233363,-0.232729,0.028705,-0.972118,0.216407,0.976033,-0.022988,-0.696858,0.160884,0.006083,0.698905,0.002553,-0.051593,-0.022806,0.019887,0.014409,0.010276,0.233363,0.972118,0.022988,0.000000,0.000000,0.000000,-1,0.254044,0.989624,0.028366,-0.024716,-0.039586,-0.043338,55.901855,204.270279,-523.546021,0,0
1.440000,1.668411,-1.334448,1.448931,0.948548,-0.214359,-0.233039,-0.232417,0.028465,-0.972200,0.215033,0.976340,-0.022821,-0.696940,0.160264,0.006459,0.698962,0.001452,-0.043336,-0.046252,0.018593,0.011092,0.001654,0.233039,0.972199,0.022821,0.000000,0.000000,0.000000,-1,0.251175,0.979477,0.019333,-0.020462,-0.028084,-0.059394,56.253433,204.621857,-523.546021,0,0
1.480000,1.667057,-1.335112,1.448482,0.948896,-0.213481,-0.232427,-0.231764,0.028490,-0.972355,0.214201,0.976532,-0.022443,-0.696931,0.159716,0.006538,0.699096,-0.001637,-0.013631,-0.041001,0.015849,0.006756,-0.002027,0.232427,0.972355,0.022443,0.000000,0.000000,0.000000,-1,0.245255,0.989136,0.015732,-0.033033,0.027142,-0.043524,56.429230,204.094482,-523.713623,0,0
1.520000,1.668866,-1.335786,1.448711,0.948711,-0.215049,-0.231734,-0.231120,0.028357,-0.972512,0.215709,0.976191,-0.022799,-0.696985,0.160035,0.005748,0.698976,-0.015221,0.050113,-0.019812,0.011475,0.015571,-0.010852,0.231734,0.972512,0.022799,0.000000,0.000000,0.000000,-1,0.246262,0.986191,0.015884,-0.035048,0.058986,-0.036170,56.077652,204.446060,-523.043213,0,0
1.560000,1.669348,-1.336059,1.447968,0.948510,-0.216232,-0.231459,-0.230835,0.028497,-0.972575,0.216898,0.975926,-0.022885,-0.696939,0.160368,0.005223,0.698949,0.002754,0.034068,-0.031646,0.015291,0.014714,-0.005398,0.231459,0.972576,0.022885,0.000000,0.000000,0.000000,-1,0.252151,0.982193,0.027756,-0.011751,0.032324,-0.055427,56.429230,204.446060,-523.378418,0,0
1.600000,1.668867,-1.336561,1.446797,0.948476,-0.216887,-0.230984,-0.230317,0.028706,-0.972692,0.217595,0.975774,-0.022726,-0.696867,0.160434,0.004803,0.699009,0.011177,0.014863,-0.046541,0.021167,0.009501,0.005030,0.230984,0.972692,0.022726,0.000000,0.000000,0.000000,-1,0.251556,0.981689,0.031693,-0.013937,0.020595,-0.063888,57.659775,203.215515,-522.540466,0,0
1.640000,1.673053,-1.337589,1.450490,0.948601,-0.217499,-0.229892,-0.229429,0.027736,-0.972930,0.217987,0.975667,-0.023590,-0.697219,0.160254,0.004269,0.698704,-0.011216,0.010606,-0.049526,0.017102,0.005143,0.009704,0.229892,0.972930,0.023590,0.000000,0.000000,0.000000,-1,0.242523,0.982910,0.029175,-0.037343,0.024857,-0.061592,55.550278,206.028198,-524.216370,0,0
1.680000,1.678834,-1.338616,1.455486,0.948662,-0.218426,-0.228759,-0.228572,0.026474,-0.973167,0.218621,0.975494,-0.024811,-0.697675,0.160174,0.003633,0.698270,-0.019671,0.030762,-0.046328,0.012437,0.009011,0.002655,0.228759,0.973167,0.024811,0.000000,0.000000,0.000000,-1,0.238998,0.986679,0.022263,-0.043674,0.043923,-0.061615,55.726059,204.446060,-522.708069,0,0
1.720000,1.682393,-1.339693,1.458113,0.948702,-0.219434,-0.227627,-0.227599,0.025756,-0.973414,0.219463,0.975287,-0.025509,-0.697935,0.160127,0.002924,0.698024,-0.017609,0.033795,-0.054916,0.011371,0.013265,-0.003246,0.227627,0.973414,0.025509,0.000000,0.000000,0.000000,-1,0.241257,0.985199,0.016861,-0.030940,0.039575,-0.073416,56.077652,203.391312,-523.043213,0,0
1.760000,1.682041,-1.342399,1.456324,0.948994,-0.220857,-0.225017,-0.224935,0.025862,-0.974031,0.220941,0.974963,-0.025136,-0.697902,0.159690,0.001460,0.698162,0.020674,0.022053,-0.063676,0.017262,0.012145,-0.007130,0.225017,0.974031,0.025136,0.000000,0.000000,0.000000,-1,0.244797,0.986557,0.016312,0.004186,0.035340,-0.072607,56.077652,205.149231,-523.713623,0,0
1.800000,1.676875,-1.342996,1.450359,0.948952,-0.221497,-0.224565,-0.224199,0.027133,-0.974166,0.221868,0.974784,-0.023911,-0.697447,0.159760,0.000967,0.698601,0.032437,0.029540,-0.055255,0.026976,0.011888,-0.009751,0.224565,0.974166,0.023911,0.000000,0.000000,0.000000,-1,0.259811,0.980408,0.007828,0.011672,0.036505,-0.060951,55.901855,203.918686,-523.546021,0,0
1.840000,1.669841,-1.343055,1.442502,0.948786,-0.222099,-0.224671,-0.223922,0.028887,-0.974179,0.222854,0.974596,-0.022326,-0.696819,0.160020,0.000652,0.699169,0.037792,0.027515,-0.044612,0.039092,0.004993,-0.015673,0.224671,0.974179,0.022326,0.000000,0.000000,0.000000,-1,0.265656,0.980042,-0.000366,0.016983,0.027031,-0.054564,55.374481,204.797653,-522.372925,0,0
1.880000,1.651679,-1.342143,1.423743,0.948472,-0.222166,-0.225925,-0.224220,0.033212,-0.973973,0.223887,0.974443,-0.018313,-0.695265,0.160509,0.000733,0.700602,0.033430,-0.003190,-0.036997,0.037152,0.001934,-0.015750,0.225925,0.973973,0.018313,0.000000,0.000000,0.000000,-1,0.259628,0.978195,0.006500,0.007344,0.004831,-0.050145,56.253433,205.325027,-522.205322,0,0
1.920000,1.645022,-1.341955,1.417392,0.948511,-0.221697,-0.226225,-0.224185,0.034663,-0.973930,0.223759,0.974499,-0.016823,-0.694743,0.160449,0.000887,0.701133,0.023786,-0.020205,-0.044297,0.027514,0.003991,-0.011543,0.226225,0.973930,0.016823,0.000000,0.000000,0.000000,-1,0.255859,0.977142,0.010818,-0.011933,-0.025949,-0.057338,55.550278,204.270279,-523.881165,0,0
1.960000,1.640851,-1.341962,1.414306,0.948761,-0.220560,-0.226286,-0.224070,0.035354,-0.973932,0.222810,0.974733,-0.015878,-0.694494,0.160055,0.001251,0.701469,0.003501,-0.042414,-0.040842,0.029574,0.003211,-0.005060,0.226286,0.973932,0.015878,0.000000,0.000000,0.000000,-1,0.244141,0.985489,0.013168,-0.010904,-0.043885,-0.049821,57.308197,204.270279,-524.886719,0,0
2.000000,1.631924,-1.342224,1.408595,0.949546,-0.217285,-0.226164,-0.223613,0.036592,-0.973991,0.219909,0.975422,-0.013842,-0.694045,0.158815,0.002253,0.702192,0.036519,-0.057054,-0.019714,0.018114,0.013497,-0.003314,0.226164,0.973991,0.013842,0.000000,0.000000,0.000000,-1,0.245987,0.979126,0.009232,0.022154,-0.047893,-0.024495,56.780823,204.446060,-523.043213,0,0
2.040000,1.622021,-1.341638,1.400230,0.949776,-0.215546,-0.226860,-0.223862,0.038558,-0.973858,0.218658,0.975732,-0.011631,-0.693334,0.158440,0.002957,0.702976,0.071678,-0.053701,0.000216,0.022789,0.002567,-0.004261,0.226860,0.973858,0.011631,0.000000,0.000000,0.000000,-1,0.255798,0.981171,0.014389,0.072237,-0.052995,-0.002492,54.847107,203.567108,-522.540466,0,0
2.080000,1.608623,-1.340298,1.388418,0.949863,-0.213636,-0.228299,-0.224674,0.041436,-0.973553,0.217446,0.976034,-0.008640,-0.692291,0.158282,0.003919,0.704035,0.103591,-0.076852,0.017115,0.027499,0.007618,0.005749,0.228299,0.973553,0.008640,0.000000,0.000000,0.000000,-1,0.249786,0.972366,0.003387,0.108334,-0.105754,0.019797,56.077652,204.094482,-524.048767,0,0
2.120000,1.560040,-1.335646,1.347248,0.950611,-0.205089,-0.232976,-0.227192,0.051652,-0.972479,0.211479,0.977379,0.002506,-0.688559,0.156951,0.007805,0.707949,0.215179,-0.202277,0.085987,0.012248,-0.003973,0.002811,0.232976,0.972479,-0.002506,0.000000,0.000000,0.000000,-1,0.239670,0.970963,-0.005493,0.216757,-0.222695,0.089706,55.901855,205.325027,-523.881165,0,0
2.160000,1.521583,-1.331631,1.315295,0.951291,-0.197643,-0.236605,-0.229201,0.059870,-0.971536,0.206183,0.978444,0.011654,-0.685523,0.155664,0.011094,0.711128,0.280049,-0.267516,0.133672,0.001326,-0.002313,0.006221,0.236605,0.971536,-0.011654,0.000000,0.000000,0.000000,-1,0.246521,0.984390,-0.029861,0.321026,-0.297358,0.149901,56.077652,205.852402,-524.383972,0,0
2.200000,1.473049,-1.325857,1.274641,0.951970,-0.188439,-0.241339,-0.231940,0.070772,-0.970152,0.199895,0.979532,0.023666,-0.681457,0.154221,0.015204,0.715263,0.377880,-0.342259,0.183264,0.015390,0.014238,-0.006196,0.241339,0.970152,-0.023666,0.000000,0.000000,0.000000,-1,0.257858,1.016663,0.009552,0.401742,-0.406007,0.199752,56.253433,205.676605,-522.540466,0,0
2.240000,1.378197,-1.310600,1.198905,0.953191,-0.166327,-0.252513,-0.239684,0.093486,-0.966340,0.184335,0.981629,0.049244,-0.672767,0.150874,0.025335,0.723865,0.482080,-0.503020,0.324747,-0.003001,0.022552,0.065495,0.252513,0.966340,-0.049244,0.000000,0.000000,0.000000,-1,0.222397,0.975739,-0.033478,0.494392,-0.535826,0.365711,56.077652,205.149231,-524.383972,0,0
2.280000,1.297521,-1.287499,1.140643,0.952834,-0.140230,-0.269151,-0.254059,0.116564,-0.960139,0.166013,0.983234,0.075440,-0.663482,0.148568,0.038862,0.732263,0.520622,-0.680273,0.628724,-0.055513,0.031179,-0.014313,0.269151,0.960139,-0.075440,0.000000,0.000000,0.000000,-1,0.232941,0.994034,-0.171967,0.503212,-0.701236,0.690120,57.659775,203.918686,-526.227417,0,0
2.320000,1.250015,-1.261812,1.112709,0.950280,-0.117001,-0.288580,-0.272740,0.134480,-0.952643,0.150268,0.983985,0.095883,-0.655728,0.148591,0.052732,0.738350,0.488173,-0.633165,0.797120,-0.058141,0.069910,-0.110798,0.288580,0.952643,-0.095883,0.000000,0.000000,0.000000,-1,0.398209,1.121002,-0.282349,0.494353,-0.568688,0.820727,58.538742,204.094482,-526.730164,0,0
2.360000,1.174761,-1.212815,1.068256,0.943078,-0.078133,-0.323263,-0.307063,0.168763,-0.936606,0.127735,0.982555,0.135165,-0.640146,0.150433,0.076361,0.749501,0.648168,-0.798355,0.686826,0.053003,0.170526,-0.105740,0.323263,0.936606,-0.135165,0.000000,0.000000,0.000000,-1,0.274963,0.986801,-0.134064,0.588544,-0.835542,0.485420,59.593491,204.094482,-525.389465,0,0
2.400000,1.101316,-1.194324,1.026607,0.943777,-0.042305,-0.327864,-0.314535,0.190337,-0.929968,0.101747,0.980807,0.166330,-0.629903,0.141625,0.089743,0.758361,0.392886,-0.854456,-0.001313,-0.064574,0.014933,0.045877,0.327864,0.929967,-0.166330,0.000000,0.000000,0.000000,-1,0.268692,0.929153,-0.156082,0.262527,-0.795140,-0.076824,59.593491,204.446060,-527.400513,0,0
2.440000,1.055147,-1.193060,1.008132,0.947019,-0.014281,-0.320861,-0.311959,0.196743,-0.929502,0.076401,0.980351,0.181864,-0.626181,0.130250,0.097599,0.762500,0.016711,-0.605504,-0.003591,-0.028823,0.020190,-0.018225,0.320861,0.929502,-0.181864,0.000000,0.000000,0.000000,-1,0.279312,0.967926,-0.210831,-0.087387,-0.441989,0.079038,59.066116,205.676605,-528.238464,0,0
2.480000,1.047552,-1.191087,1.018476,0.947054,0.003299,-0.321059,-0.315539,0.194467,-0.928772,0.059371,0.980904,0.185212,-0.625974,0.124701,0.104512,0.762682,-0.077833,-0.289684,0.129124,-0.060652,0.025848,-0.014648,0.321059,0.928772,-0.185212,0.000000,0.000000,0.000000,-1,0.229370,0.905899,-0.193665,-0.101480,-0.195999,0.106989,61.351410,204.797653,-528.741211,0,0
2.520000,1.050067,-1.190568,1.027244,0.946715,0.009220,-0.321941,-0.317644,0.191942,-0.928580,0.053233,0.981363,0.184643,-0.626524,0.123069,0.107222,0.762119,-0.056967,-0.039149,0.076867,-0.092281,-0.024619,-0.015445,0.321941,0.928580,-0.184643,0.000000,0.000000,0.000000,-1,0.259720,0.884735,-0.212677,-0.043386,0.041849,0.057707,59.593491,204.446060,-528.406067,0,0
2.560000,1.051037,-1.189642,1.028164,0.946399,0.009293,-0.322866,-0.318556,0.192094,-0.928236,0.053394,0.981333,0.184758,-0.626408,0.123427,0.107546,0.762111,0.007214,0.058241,0.072797,-0.063146,-0.043501,-0.027919,0.322866,0.928236,-0.184758,0.000000,0.000000,0.000000,-1,0.344467,0.859436,-0.262573,0.011064,0.076945,0.074198,59.945068,204.797653,-527.735718,0,0
2.600000,1.051114,-1.183593,1.025611,0.944733,0.007822,-0.327748,-0.322860,0.195815,-0.925969,0.056935,0.980610,0.187518,-0.624780,0.126059,0.108363,0.762900,0.083053,0.095689,0.115761,0.047878,-0.056081,-0.059385,0.327748,0.925969,-0.187518,0.000000,0.000000,0.000000,-1,0.399475,0.890762,-0.231537,0.132599,0.095295,0.113669,59.769287,204.270279,-527.568115,0,0
2.640000,1.046229,-1.172960,1.017120,0.942078,0.006439,-0.335332,-0.329542,0.203715,-0.921901,0.062376,0.979009,0.194037,-0.621355,0.129999,0.109823,0.764825,0.120997,-0.011561,0.087127,0.041881,-0.025112,-0.038888,0.335332,0.921901,-0.194037,0.000000,0.000000,0.000000,-1,0.362335,0.893585,-0.260788,0.020019,-0.090855,0.025753,59.417694,205.676605,-527.903320,0,0
2.680000,1.041935,-1.171013,1.015262,0.941801,0.009237,-0.336045,-0.330688,0.205273,-0.921145,0.060473,0.978661,0.196381,-0.620513,0.129510,0.111026,0.765417,0.003359,-0.119224,0.010674,0.031784,-0.031558,-0.083511,0.336045,0.921145,-0.196381,0.000000,0.000000,0.000000,-1,0.397888,0.878555,-0.311050,-0.090820,-0.076561,-0.034164,60.999817,204.797653,-529.411621,0,0
2.720000,1.044594,-1.173507,1.022276,0.942281,0.012803,-0.334578,-0.330158,0.201750,-0.922113,0.055696,0.979353,0.194332,-0.621731,0.127610,0.112140,0.764585,-0.099717,-0.038851,-0.004808,0.073305,-0.051477,-0.119495,0.334578,0.922113,-0.194332,0.000000,0.000000,0.000000,-1,0.416870,0.840912,-0.299774,-0.136329,-0.012695,-0.001026,60.296661,205.852402,-528.070923,0,0
2.760000,1.057082,-1.175327,1.036961,0.941929,0.014085,-0.335516,-0.331639,0.196026,-0.922816,0.052772,0.980498,0.189313,-0.623817,0.127262,0.113312,0.762769,-0.194342,-0.041463,0.054529,0.082148,-0.086100,-0.108782,0.335516,0.922816,-0.189313,0.000000,0.000000,0.000000,-1,0.424591,0.832626,-0.296509,-0.268370,-0.060890,0.053445,61.175613,205.676605,-528.238464,0,0
2.800000,1.074198,-1.173420,1.059153,0.940152,0.018497,-0.340254,-0.337442,0.189480,-0.922080,0.047415,0.981710,0.184381,-0.625758,0.127423,0.116994,0.760594,-0.288058,-0.076202,0.076729,0.081270,-0.091544,-0.110800,0.340254,0.922080,-0.184381,0.000000,0.000000,0.000000,-1,0.439331,0.810898,-0.299118,-0.375589,-0.003128,0.112653,60.296661,206.203979,-528.741211,0,0
2.840000,1.119284,-1.171080,1.105066,0.936524,0.017635,-0.350159,-0.347709,0.174761,-0.921171,0.044949,0.984453,0.169799,-0.630865,0.130802,0.120949,0.755163,-0.430520,0.262507,0.165027,0.096359,-0.158522,-0.122711,0.350159,0.921171,-0.169799,0.000000,0.000000,0.000000,-1,0.435287,0.819870,-0.277802,-0.467141,0.342313,0.126982,62.054581,206.555573,-527.065369,0,0
2.880000,1.157516,-1.170249,1.135568,0.934029,0.008616,-0.357094,-0.353571,0.164398,-0.920848,0.050771,0.986356,0.156599,-0.635026,0.135804,0.120595,0.750837,-0.373932,0.362485,0.097122,0.078193,-0.100978,-0.121203,0.357094,0.920848,-0.156599,0.000000,0.000000,0.000000,-1,0.497498,1.410736,-0.054626,-0.247952,0.459019,-0.076501,61.351410,205.852402,-528.406067,0,0
2.920000,1.183972,-1.173673,1.151251,0.933643,-0.003356,-0.358190,-0.353224,0.157548,-0.922177,0.059527,0.987506,0.145908,-0.638394,0.139640,0.116959,0.747847,-0.097550,0.364947,-0.089331,0.139308,0.488559,0.091281,0.358190,0.922177,-0.145908,0.000000,0.000000,0.000000,-1,0.183289,1.159943,-0.276947,0.058323,0.216700,0.069047,61.878784,206.731354,-527.568115,0,0
2.960000,1.189499,-1.160272,1.139810,0.928697,-0.017450,-0.370429,-0.362595,0.166727,-0.916912,0.077761,0.985849,0.148511,-0.635110,0.149598,0.115204,0.748989,0.280965,0.443038,0.459278,-0.058677,-0.060588,0.018308,0.370429,0.916912,-0.148511,0.000000,0.000000,0.000000,-1,0.287842,0.867920,-0.069107,0.186957,0.516011,0.482403,62.933533,205.676605,-527.232971,0,0
3.000000,1.200380,-1.150300,1.140573,0.924407,-0.025903,-0.380527,-0.371014,0.170255,-0.912886,0.088433,0.985060,0.147775,-0.633715,0.156583,0.115231,0.748738,0.073446,0.519009,0.420210,-0.090961,-0.038817,0.132623,0.380527,0.912886,-0.147775,0.000000,0.000000,0.000000,-1,0.356110,0.936646,0.047180,-0.047022,0.454452,0.235163,64.691452,208.137695,-528.908813,0,0
3.040000,1.222266,-1.153284,1.149981,0.923697,-0.039241,-0.381108,-0.370111,0.165644,-0.914101,0.098999,0.985405,0.138481,-0.636312,0.160830,0.110838,0.746295,-0.238426,0.135820,-0.362143,0.045580,0.001933,0.228549,0.376798,0.916295,-0.135745,0.000000,0.000000,0.000000,-1,0.389832,0.979187,0.055237,-0.423239,-0.088572,-0.537569,61.878784,206.731354,-527.903320,0,0
3.080000,1.243991,-1.183135,1.174722,0.932766,-0.042101,-0.358016,-0.348759,0.145842,-0.925796,0.091190,0.988412,0.121353,-0.645285,0.151429,0.103375,0.741613,-0.496609,0.016669,-0.423614,-0.055572,0.107224,0.129456,0.358016,0.925796,-0.121353,0.000000,0.000000,0.000000,-1,0.250809,0.981552,-0.035156,-0.571281,0.105854,-0.361372,62.757751,205.852402,-526.730164,0,0
3.120000,1.299197,-1.201377,1.227049,0.936211,-0.050182,-0.347838,-0.339950,0.121688,-0.932537,0.089125,0.991299,0.096866,-0.655297,0.148838,0.098701,0.733956,-0.655226,0.232311,-0.244218,-0.087462,0.029346,0.047443,0.347838,0.932537,-0.096866,0.000000,0.000000,0.000000,-1,0.304596,0.926178,-0.043686,-0.669634,0.235070,-0.249235,63.636703,206.731354,-525.892212,0,0
3.160000,1.365602,-1.216510,1.288896,0.938657,-0.059717,-0.339643,-0.333228,0.096507,-0.937894,0.088786,0.993539,0.070688,-0.665481,0.147617,0.094239,0.725578,-0.588263,0.183692,-0.231771,0.014696,-0.068220,0.037378,0.339643,0.937894,-0.070688,0.000000,0.000000,0.000000,-1,0.388504,0.812210,-0.031631,-0.624157,0.119770,-0.232110,62.230362,207.786118,-528.238464,0,0
3.200000,1.431608,-1.229693,1.355471,0.941364,-0.063872,-0.331292,-0.326802,0.071477,-0.942386,0.083872,0.995395,0.046412,-0.675181,0.144655,0.091612,0.717505,-0.656963,-0.006867,-0.223067,0.032279,-0.159122,0.015772,0.331292,0.942386,-0.046412,0.000000,0.000000,0.000000,-1,0.349274,0.778687,-0.044540,-0.719500,-0.058310,-0.248814,61.878784,206.379776,-525.221924,0,0
3.240000,1.468301,-1.235952,1.395740,0.942966,-0.062876,-0.326897,-0.323600,0.057234,-0.944461,0.078093,0.996379,0.033623,-0.680461,0.141990,0.091410,0.713061,-0.722141,-0.075773,-0.230826,0.027915,-0.172809,-0.012550,0.326897,0.944462,-0.033623,0.000000,0.000000,0.000000,-1,0.379242,0.859665,-0.032059,-0.805786,-0.043785,-0.283355,62.581955,207.082947,-525.221924,0,0
3.280000,1.601410,-1.254464,1.540114,0.948551,-0.059736,-0.310937,-0.310937,0.009543,-0.950383,0.059739,0.998169,-0.009522,-0.697949,0.132772,0.089977,0.697956,-0.746960,-0.104221,-0.329601,0.109015,-0.009816,-0.053269,0.310937,0.950383,0.009522,0.000000,0.000000,0.000000,-1,0.442200,0.924103,-0.056854,-0.639092,-0.144007,-0.351387,60.824036,206.731354,-524.886719,0,0
3.320000,1.690111,-1.269058,1.639854,0.953987,-0.053331,-0.295067,-0.296472,-0.020506,-0.954821,0.044871,0.998366,-0.035374,-0.708849,0.123370,0.088240,0.688859,-0.499913,-0.080090,-0.349715,0.142341,-0.036654,-0.071446,0.295067,0.954821,0.035374,0.000000,0.000000,0.000000,-1,0.395355,0.898468,0.019028,-0.521581,-0.024245,-0.341029,61.702988,206.555573,-524.048767,0,1
3.360000,1.741938,-1.274868,1.694702,0.956380,-0.052511,-0.287368,-0.289392,-0.036042,-0.956532,0.039871,0.997970,-0.049666,-0.714508,0.119629,0.086597,0.683862,-0.526200,0.010162,-0.326395,0.087983,-0.026280,-0.047637,0.287368,0.956532,0.049666,0.000000,0.000000,0.000000,-1,0.364212,0.929092,-0.000336,-0.520352,0.009874,-0.316664,60.999817,208.313492,-524.048767,0,0
3.400000,1.792604,-1.279612,1.747866,0.958577,-0.051957,-0.280053,-0.282598,-0.050569,-0.957905,0.035607,0.997368,-0.063157,-0.719775,0.116201,0.084904,0.679126,-0.463255,-0.014555,-0.249007,0.105628,0.006741,-0.054521,0.280053,0.957905,0.063157,0.000000,0.000000,0.000000,-1,0.388672,1.011063,0.037415,-0.396360,0.018961,-0.133359,59.769287,208.137695,-522.540466,0,0
3.440000,1.852751,-1.275992,1.807105,0.958673,-0.055331,-0.279080,-0.282478,-0.068023,-0.956859,0.033960,0.996148,-0.080842,-0.725868,0.116347,0.084423,0.672646,-0.155166,0.160348,0.115511,0.173771,0.166554,0.003555,0.279080,0.956859,0.080842,0.000000,0.000000,0.000000,-1,0.439072,1.203918,0.078690,-0.089494,0.179702,0.188582,62.054581,206.203979,-522.372925,0,0
3.480000,1.848272,-1.268191,1.798110,0.956168,-0.059988,-0.286609,-0.290342,-0.067160,-0.954563,0.038014,0.995937,-0.081633,-0.725424,0.120733,0.085672,0.672193,0.147720,0.091961,0.399990,0.143826,0.268093,-0.015532,0.286609,0.954563,0.081633,0.000000,0.000000,0.000000,-1,0.377487,1.149231,0.088303,0.240095,0.110574,0.508013,61.878784,207.786118,-523.881165,0,0
3.520000,1.782936,-1.247192,1.724349,0.948140,-0.066314,-0.310857,-0.314244,-0.048636,-0.948095,0.047754,0.996613,-0.066953,-0.718284,0.132454,0.091574,0.676859,0.683031,0.049812,0.777382,-0.021993,0.161203,0.041263,0.310857,0.948095,0.066953,0.000000,0.000000,0.000000,-1,0.252625,0.981110,-0.052704,1.152901,-0.070663,0.856366,62.054581,206.907150,-524.719116,0,0
3.560000,1.555346,-1.207331,1.486272,0.932527,-0.063504,-0.355472,-0.354246,0.030014,-0.934671,0.070024,0.997530,0.005493,-0.688662,0.151653,0.103624,0.701433,2.238109,-0.066822,1.137550,-0.084858,0.124732,-0.210846,0.355472,0.934671,-0.005493,0.000000,0.000000,0.000000,-1,0.238022,1.162109,-0.194702,2.346081,-0.024457,1.065331,63.636703,206.379776,-527.568115,0,0
3.600000,1.385796,-1.170518,1.310641,0.922093,-0.055098,-0.383026,-0.376562,0.100236,-0.920952,0.089136,0.993437,0.071679,-0.661471,0.163144,0.111074,0.723535,2.087832,-0.571645,0.834860,-0.162567,0.209800,-0.064643,0.383026,0.920952,-0.071679,0.000000,0.000000,0.000000,-1,0.223343,1.127579,0.037674,1.836311,-0.682515,0.678647,65.570419,204.797653,-530.081970,0,0
3.640000,1.262585,-1.143229,1.201352,0.918133,-0.030220,-0.395119,-0.386681,0.149732,-0.909977,0.086662,0.988265,0.125788,-0.640822,0.162643,0.120336,0.740549,1.288808,-0.942406,0.241604,-0.172203,0.145153,0.173609,0.395119,0.909977,-0.125788,0.000000,0.000000,0.000000,-1,0.517349,1.063934,-0.231842,1.076726,-0.993427,0.029464,66.449371,207.082947,-530.584717,0,0
3.680000,1.085225,-1.098925,1.063650,0.915283,0.025368,-0.402012,-0.397341,0.220770,-0.890719,0.066156,0.974996,0.212147,-0.608762,0.152758,0.137925,0.766192,1.306617,-0.715675,0.707227,0.031918,0.202512,-0.043072,0.402012,0.890719,-0.212147,0.000000,0.000000,0.000000,-1,0.342834,1.059921,-0.204803,1.196571,-0.726784,0.804155,67.152542,206.379776,-533.266113,0,0
3.720000,1.029593,-1.061012,1.027341,0.906719,0.054101,-0.418251,-0.417683,0.252338,-0.872850,0.058319,0.966126,0.251396,-0.592238,0.153478,0.151937,0.776282,0.956149,-0.841896,0.795644,-0.120506,0.128127,0.052834,0.418251,0.872850,-0.251396,0.000000,0.000000,0.000000,-1,0.177200,0.831863,-0.208923,0.717755,-0.649845,0.410215,67.328339,205.149231,-534.774414,0,0
3.760000,0.978159,-1.032216,0.999078,0.901033,0.084451,-0.425450,-0.431349,0.277528,-0.858438,0.045578,0.956998,0.286490,-0.578147,0.150004,0.164263,0.785024,0.408153,-0.602508,0.214134,-0.260899,-0.000345,0.049125,0.425450,0.858438,-0.286490,0.000000,0.000000,0.000000,-1,0.154373,0.832703,-0.244370,0.073255,-0.456133,0.041624,67.855713,204.270279,-534.271667,0,0
3.800000,0.959384,-1.029438,0.996341,0.901025,0.100571,-0.421948,-0.432589,0.280003,-0.857009,0.031957,0.954717,0.295795,-0.575593,0.144207,0.169387,0.786896,-0.178030,-0.177454,-0.105706,-0.258953,-0.087341,0.011768,0.421948,0.857009,-0.295795,0.000000,0.000000,0.000000,-1,0.224380,0.593719,-0.301315,-0.432083,0.000043,-0.347140,66.976746,203.742889,-536.785522,0,0
3.840000,0.969650,-1.050835,1.008928,0.906993,0.097336,-0.409743,-0.420462,0.264704,-0.867838,0.023989,0.959405,0.281011,-0.583369,0.138474,0.165313,0.783056,-0.621347,0.038016,-0.522813,-0.147491,-0.291148,-0.004832,0.409743,0.867838,-0.281011,0.000000,0.000000,0.000000,-1,0.322388,0.610992,-0.239746,-0.716845,0.073751,-0.628584,65.570419,205.149231,-535.444763,0,0
3.880000,0.991842,-1.088216,1.028541,0.917450,0.086021,-0.388440,-0.397495,0.239490,-0.885800,0.016830,0.967081,0.253914,-0.596667,0.130505,0.155702,0.776346,-0.711618,0.220078,-0.651699,-0.026318,-0.211194,0.045173,0.388440,0.885800,-0.253914,0.000000,0.000000,0.000000,-1,0.373749,0.840652,-0.314926,-0.671374,0.319500,-0.625597,65.394623,206.731354,-534.271667,0,0
3.920000,1.021896,-1.122444,1.047152,0.926661,0.067415,-0.369802,-0.375396,0.216758,-0.901163,0.019405,0.973895,0.226168,-0.609043,0.126420,0.143831,0.769673,-0.563790,0.460047,-0.584499,-0.002569,-0.001031,-0.156156,0.369802,0.901163,-0.226168,0.000000,0.000000,0.000000,-1,0.403397,1.069595,-0.470047,-0.453658,0.636326,-0.378122,64.691452,203.918686,-533.266113,0,0
3.960000,1.059128,-1.140173,1.062014,0.930476,0.041662,-0.363975,-0.364564,0.203339,-0.908706,0.036152,0.978222,0.204391,-0.616998,0.130836,0.132830,0.764560,-0.083911,0.579754,-0.000612,0.075020,0.144303,-0.291566,0.363975,0.908706,-0.204391,0.000000,0.000000,0.000000,-1,0.418030,0.860138,-0.485123,0.114940,0.586829,0.121552,65.921997,204.446060,-534.439270,0,0
4.000000,1.067943,-1.126781,1.043690,0.926275,0.018488,-0.376393,-0.371262,0.216088,-0.903034,0.064639,0.976199,0.207021,-0.613018,0.143868,0.127139,0.766385,0.595206,0.663602,0.256995,0.020396,-0.006122,-0.176951,0.376393,0.903034,-0.207021,0.000000,0.000000,0.000000,-1,0.445419,1.656860,-0.015656,0.745340,0.594292,0.139007,65.746201,205.325027,-533.936523,0,0
4.040000,1.047525,-1.109033,0.992443,0.922520,-0.005464,-0.385911,-0.373069,0.243546,-0.895268,0.098879,0.969874,0.222637,-0.603394,0.156835,0.118924,0.772771,0.570488,0.846041,-0.058833,-0.025636,0.655193,0.327999,0.385911,0.895268,-0.222637,0.000000,0.000000,0.000000,-1,0.133041,0.927597,-0.256256,0.303296,1.084675,-0.100166,66.273590,206.555573,-534.439270,0,1
4.080000,1.065774,-1.104174,0.963524,0.917944,-0.048683,-0.393712,-0.369439,0.256710,-0.893093,0.144548,0.965262,0.217660,-0.600744,0.174001,0.103690,0.773355,0.381013,1.168589,-0.002111,-0.201466,0.189274,-0.025092,0.393712,0.893093,-0.217660,0.000000,0.000000,0.000000,-1,0.385895,0.941238,-0.130737,0.159418,0.817134,0.172544,65.394623,204.973434,-535.947510,0,0
4.120000,1.085690,-1.097388,0.955333,0.912076,-0.073818,-0.403321,-0.372264,0.263221,-0.890020,0.171861,0.961907,0.212598,-0.599220,0.186109,0.096567,0.772641,0.100243,0.830760,0.112126,-0.017426,0.051219,0.081861,0.403321,0.890019,-0.212598,0.000000,0.000000,0.000000,-1,0.386368,0.916595,0.178177,-0.130382,0.831403,-0.351531,67.328339,206.907150,-536.115112,0,0
4.160000,1.116889,-1.113739,0.956372,0.911766,-0.106647,-0.396622,-0.360596,0.254410,-0.897355,0.196605,0.961198,0.193505,-0.604948,0.193092,0.082659,0.768063,-0.534959,0.563098,-0.668152,-0.014863,0.013350,0.369882,0.396622,0.897355,-0.193505,0.000000,0.000000,0.000000,-1,0.300522,1.004257,-0.028732,-0.703902,0.269162,-0.800934,65.043045,203.567108,-535.612366,0,0
4.200000,1.167435,-1.161297,0.996216,0.921545,-0.129055,-0.366197,-0.334215,0.216388,-0.917320,0.197625,0.967740,0.156279,-0.622270,0.186121,0.067725,0.757333,-0.755890,0.366389,-0.640134,0.000380,0.097862,0.078993,0.366197,0.917320,-0.156279,0.000000,0.000000,0.000000,-1,0.349396,0.902374,-0.045685,-0.796260,0.477319,-0.513361,65.570419,206.203979,-534.104065,0,0
4.240000,1.221621,-1.182513,1.040301,0.923273,-0.144938,-0.355754,-0.326564,0.191557,-0.925560,0.202296,0.970721,0.129528,-0.632888,0.186250,0.060618,0.749059,-0.828449,0.436794,-0.358590,-0.006358,-0.023186,0.083843,0.355754,0.925560,-0.129528,0.000000,0.000000,0.000000,-1,0.332031,0.733612,-0.029205,-0.881969,0.507592,-0.333835,64.339874,207.434525,-533.266113,0,0
4.280000,1.369051,-1.219939,1.165412,0.924489,-0.178697,-0.336732,-0.315846,0.135547,-0.939078,0.213453,0.974523,0.068871,-0.655757,0.188539,0.046999,0.729539,-0.895005,0.399194,-0.531581,0.026198,-0.212379,0.021142,0.336732,0.939078,-0.068871,0.000000,0.000000,0.000000,-1,0.383026,0.734726,-0.044464,-0.876668,0.308768,-0.530216,65.043045,207.434525,-532.595764,0,0
4.320000,1.437721,-1.238776,1.230758,0.927627,-0.187435,-0.323072,-0.307290,0.108713,-0.945386,0.212320,0.976243,0.043249,-0.666270,0.185632,0.041557,0.721039,-0.776337,0.154035,-0.467663,0.037813,-0.214307,0.015523,0.323072,0.945386,-0.043249,0.000000,0.000000,0.000000,-1,0.297852,0.763412,-0.001022,-0.762067,0.126109,-0.465435,63.812500,208.313492,-531.757812,0,0
