0.000000,-1.314241,-1.460921,-1.193239,0.987266,0.118556,0.106065,0.101931,0.040424,-0.993970,-0.122129,0.992124,0.027825,-0.692643,-0.079582,0.005798,0.716853,-0.000420,-0.018212,0.007919,-0.007323,0.010501,-0.005912,-0.106065,0.993970,-0.027825,0.000000,0.000000,0.000000,-1,-0.109756,1.003006,-0.034241,-0.001106,-0.126144,0.014410,132.981369,280.265137,-770.381958,0,0
0.040000,-1.311543,-1.460862,-1.189525,0.987149,0.119545,0.106047,0.101835,0.040824,-0.993963,-0.123152,0.991989,0.028126,-0.692495,-0.079921,0.006175,0.716955,0.002760,-0.026697,0.005793,-0.003740,0.009775,-0.005871,-0.106047,0.993963,-0.028126,0.000000,0.000000,0.000000,-1,-0.103073,1.003616,-0.023880,-0.000066,-0.125093,0.008011,131.930130,279.915894,-770.715942,0,0
0.080000,-1.312840,-1.461369,-1.189754,0.987066,0.120624,0.105596,0.101376,0.040614,-0.994019,-0.124191,0.991867,0.027860,-0.692566,-0.080137,0.006713,0.716858,0.001691,-0.014980,0.001599,0.005056,0.010116,0.004987,-0.105596,0.994019,-0.027860,0.000000,0.000000,0.000000,-1,-0.096298,1.005325,-0.021210,0.002069,-0.113431,0.007935,133.857391,281.836731,-771.885010,0,0
0.120000,-1.314059,-1.461939,-1.190613,0.987074,0.121008,0.105082,0.100885,0.040316,-0.994081,-0.124528,0.991832,0.027587,-0.692671,-0.080086,0.007019,0.716760,0.004891,-0.011795,0.004745,0.008234,0.009307,0.004730,-0.105082,0.994081,-0.027587,0.000000,0.000000,0.000000,-1,-0.099792,1.006409,-0.022873,0.005266,-0.113427,0.010027,133.857391,281.836731,-772.552979,0,0
0.160000,-1.314871,-1.462533,-1.191097,0.987089,0.121359,0.104532,0.100356,0.040048,-0.994145,-0.124835,0.991800,0.027352,-0.692764,-0.080011,0.007327,0.716675,0.003816,-0.001201,0.000458,0.004587,0.012263,0.008233,-0.104532,0.994145,-0.027352,0.000000,0.000000,0.000000,-1,-0.098999,1.004318,-0.023682,0.001002,-0.096474,0.003616,130.703690,281.138245,-770.548950,0,0
0.200000,-1.313704,-1.463012,-1.190217,0.987174,0.121089,0.104040,0.099879,0.039960,-0.994197,-0.124543,0.991837,0.027353,-0.692795,-0.079738,0.007399,0.716674,0.007001,0.008389,-0.000618,0.001852,0.007787,-0.000525,-0.104040,0.994197,-0.027353,0.000000,0.000000,0.000000,-1,-0.103058,1.002441,-0.027328,0.007388,-0.092231,0.004590,133.156570,280.090515,-770.882996,0,0
0.240000,-1.310865,-1.463005,-1.187717,0.987225,0.120740,0.103968,0.099785,0.040212,-0.994196,-0.124220,0.991869,0.027650,-0.692705,-0.079588,0.007309,0.716779,0.009121,0.015805,-0.003865,0.002940,0.007543,0.002443,-0.103968,0.994196,-0.027650,0.000000,0.000000,0.000000,-1,-0.102783,1.005295,-0.023163,0.010573,-0.087994,0.002408,132.981369,282.360596,-772.052002,0,0
0.280000,-1.309079,-1.463006,-1.186250,0.987269,0.120417,0.103918,0.099725,0.040358,-0.994196,-0.123913,0.991903,0.027836,-0.692653,-0.079456,0.007216,0.716844,0.012314,0.004148,0.000408,-0.001260,0.009649,0.006519,-0.103918,0.994196,-0.027836,0.000000,0.000000,0.000000,-1,-0.105255,1.004013,-0.027237,0.009513,-0.094352,0.004576,134.383011,280.963623,-771.718018,0,0
0.320000,-1.305861,-1.462807,-1.183368,0.987302,0.120063,0.104020,0.099792,0.040720,-0.994175,-0.123600,0.991931,0.028222,-0.692524,-0.079367,0.007068,0.716980,0.009110,0.008381,-0.003830,-0.000869,0.008068,0.002007,-0.104020,0.994175,-0.028222,0.000000,0.000000,0.000000,-1,-0.103912,1.004150,-0.026550,0.008437,-0.095417,0.001401,133.156570,282.535217,-771.885010,0,0
0.360000,-1.303705,-1.462706,-1.181357,0.987317,0.119906,0.104055,0.099802,0.040959,-0.994164,-0.123468,0.991940,0.028472,-0.692439,-0.079324,0.007009,0.717068,0.012282,0.003212,-0.002698,-0.000117,0.011177,0.001571,-0.104055,0.994164,-0.028472,0.000000,0.000000,0.000000,-1,-0.102966,1.004776,-0.023666,0.011630,-0.096475,0.002435,133.857391,282.185974,-771.885010,0,0
0.400000,-1.299460,-1.462520,-1.177191,0.987324,0.119801,0.104111,0.099801,0.041445,-0.994144,-0.123414,0.991932,0.028964,-0.692264,-0.079306,0.006971,0.717240,0.014405,0.000031,-0.002706,-0.001403,0.011655,-0.004072,-0.104111,0.994144,-0.028963,0.000000,0.000000,0.000000,-1,-0.108932,1.006622,-0.025925,0.013754,-0.103895,0.003508,134.558212,280.789001,-771.551025,0,0
0.440000,-1.295367,-1.462105,-1.173024,0.987290,0.119838,0.104389,0.100008,0.042020,-0.994099,-0.123518,0.991904,0.029502,-0.692056,-0.079418,0.006910,0.717428,0.016541,0.004273,-0.000623,-0.002041,0.010097,0.004035,-0.104389,0.994099,-0.029502,0.000000,0.000000,0.000000,-1,-0.100906,1.003235,-0.029251,0.013762,-0.094353,0.003465,133.156570,282.884460,-771.551025,0,0
0.480000,-1.291617,-1.462184,-1.169513,0.987340,0.119588,0.104202,0.099788,0.042341,-0.994107,-0.123296,0.991920,0.029871,-0.691941,-0.079261,0.006898,0.717557,0.011228,0.009574,-0.000587,0.003784,0.010180,-0.000890,-0.104202,0.994107,-0.029871,0.000000,0.000000,0.000000,-1,-0.107117,1.006393,-0.023590,0.010574,-0.092233,0.003491,133.506989,281.138245,-772.552979,0,0
0.520000,-1.290590,-1.462104,-1.168932,0.987390,0.119140,0.104247,0.099836,0.042430,-0.994099,-0.122860,0.991970,0.030000,-0.691910,-0.079120,0.006725,0.717604,0.009072,0.012786,-0.001566,-0.002778,0.010845,0.007127,-0.104247,0.994099,-0.030000,0.000000,0.000000,0.000000,-1,-0.109879,1.003342,-0.035782,0.006317,-0.097534,0.003562,133.682190,280.614380,-772.719971,0,0
0.560000,-1.287088,-1.461697,-1.165622,0.987387,0.118917,0.104530,0.100067,0.042919,-0.994055,-0.122696,0.991976,0.030478,-0.691735,-0.079143,0.006566,0.717772,0.009067,0.004304,-0.001530,-0.005639,0.009287,-0.003717,-0.104530,0.994055,-0.030478,0.000000,0.000000,0.000000,-1,-0.106461,1.003128,-0.036346,0.008452,-0.092231,0.004578,132.455750,281.487488,-771.885010,0,0
0.600000,-1.281770,-1.461380,-1.160524,0.987402,0.118663,0.104668,0.100136,0.043554,-0.994020,-0.122512,0.991979,0.031123,-0.691506,-0.079102,0.006451,0.717997,0.009077,-0.000993,0.001684,-0.001212,0.008269,-0.003239,-0.104668,0.994020,-0.031123,0.000000,0.000000,0.000000,-1,-0.105301,1.003983,-0.033340,0.009515,-0.108130,0.007829,131.754929,281.836731,-770.882996,0,0
0.640000,-1.277403,-1.461263,-1.155785,0.987364,0.119005,0.104643,0.100035,0.044076,-0.994007,-0.122904,0.991915,0.031614,-0.691317,-0.079211,0.006604,0.718167,0.005873,-0.012659,-0.000356,-0.002794,0.012295,-0.005282,-0.104643,0.994007,-0.031614,0.000000,0.000000,0.000000,-1,-0.104279,1.006134,-0.030792,0.004183,-0.113435,0.004721,134.383011,281.312866,-772.385986,0,0
0.680000,-1.275724,-1.461212,-1.153681,0.987315,0.119414,0.104639,0.099989,0.044307,-0.994002,-0.123334,0.991855,0.031805,-0.691231,-0.079352,0.006762,0.718232,0.005847,-0.007282,-0.001387,0.002893,0.012392,0.000051,-0.104639,0.994002,-0.031804,0.000000,0.000000,0.000000,-1,-0.102478,1.005661,-0.031982,0.005244,-0.111317,0.003636,134.383011,282.011353,-772.385986,0,0
0.720000,-1.273342,-1.461386,-1.150955,0.987300,0.119751,0.104397,0.099709,0.044508,-0.994021,-0.123682,0.991806,0.032003,-0.691156,-0.079382,0.006975,0.718299,0.006914,-0.006221,-0.000338,0.001751,0.011076,0.000814,-0.104397,0.994021,-0.032003,0.000000,0.000000,0.000000,-1,-0.100952,1.003250,-0.030746,0.008438,-0.104955,0.003572,132.455750,280.090515,-773.221008,0,0
0.760000,-1.271007,-1.461513,-1.148437,0.987299,0.119928,0.104202,0.099482,0.044708,-0.994034,-0.123871,0.991775,0.032209,-0.691083,-0.079372,0.007115,0.718369,0.007969,-0.005165,-0.002480,0.002929,0.011962,0.000059,-0.104202,0.994034,-0.032209,0.000000,0.000000,0.000000,-1,-0.101624,1.003769,-0.030685,0.005254,-0.097534,0.003573,133.682190,280.265137,-773.054016,0,0
0.800000,-1.269888,-1.461668,-1.147418,0.987330,0.119830,0.104019,0.099296,0.044746,-0.994051,-0.123771,0.991786,0.032280,-0.691069,-0.079271,0.007146,0.718393,0.006919,0.003319,-0.000377,0.001510,0.011137,0.001793,-0.104019,0.994051,-0.032280,0.000000,0.000000,0.000000,-1,-0.106308,1.004822,-0.029205,0.004202,-0.098589,0.006781,132.981369,281.312866,-772.052002,0,0
0.840000,-1.269912,-1.461636,-1.147621,0.987348,0.119652,0.104050,0.099334,0.044739,-0.994048,-0.123595,0.991807,0.032287,-0.691072,-0.079220,0.007071,0.718397,0.005824,0.003395,0.000750,-0.001785,0.008897,0.003952,-0.104050,0.994048,-0.032287,0.000000,0.000000,0.000000,-1,-0.104004,1.006012,-0.032440,0.003134,-0.099651,0.005734,132.981369,282.011353,-772.052002,0,0
0.880000,-1.269855,-1.461684,-1.147635,0.987362,0.119584,0.104002,0.099291,0.044718,-0.994053,-0.123524,0.991816,0.032279,-0.691080,-0.079179,0.007062,0.718394,-0.000558,0.000213,0.000835,-0.000002,0.011959,-0.000161,-0.104002,0.994053,-0.032279,0.000000,0.000000,0.000000,-1,-0.105347,1.003586,-0.032043,-0.000061,-0.101773,0.004715,133.506989,281.138245,-770.214966,0,0
0.920000,-1.269693,-1.461753,-1.147534,0.987376,0.119526,0.103931,0.099224,0.044699,-0.994061,-0.123462,0.991824,0.032275,-0.691086,-0.079132,0.007065,0.718392,0.003697,0.003393,0.000774,-0.000622,0.007145,0.001056,-0.103931,0.994061,-0.032275,0.000000,0.000000,0.000000,-1,-0.104523,1.004807,-0.027130,0.005258,-0.097532,0.004637,132.455750,280.439758,-772.218994,0,0
0.960000,-1.268183,-1.461642,-1.146232,0.987397,0.119309,0.103987,0.099266,0.044874,-0.994049,-0.123266,0.991843,0.032465,-0.691024,-0.079076,0.006974,0.718459,0.006874,0.004448,-0.002457,-0.001466,0.011017,0.000849,-0.103987,0.994049,-0.032465,0.000000,0.000000,0.000000,-1,-0.104080,1.004272,-0.033401,0.003130,-0.094353,0.003582,132.981369,282.709839,-771.383972,0,0
1.000000,-1.266854,-1.461524,-1.144998,0.987402,0.119204,0.104057,0.099318,0.045045,-0.994036,-0.123180,0.991847,0.032639,-0.690963,-0.079064,0.006919,0.718520,0.003644,-0.000795,-0.001288,-0.001153,0.008329,-0.001892,-0.104057,0.994036,-0.032639,0.000000,0.000000,0.000000,-1,-0.104843,1.003647,-0.031845,0.003124,-0.102835,0.003621,131.579712,280.614380,-770.715942,0,0
1.040000,-1.265449,-1.461359,-1.143527,0.987384,0.119256,0.104167,0.099401,0.045259,-0.994018,-0.123257,0.991831,0.032834,-0.690885,-0.079122,0.006908,0.718588,0.002576,-0.002918,-0.002331,-0.001118,0.011537,-0.000644,-0.104167,0.994018,-0.032834,0.000000,0.000000,0.000000,-1,-0.104675,1.001846,-0.029312,0.002058,-0.107076,0.003652,133.156570,282.535217,-772.218994,0,0
1.080000,-1.264645,-1.461379,-1.142608,0.987375,0.119367,0.104122,0.099341,0.045342,-0.994020,-0.123374,0.991814,0.032912,-0.690855,-0.079144,0.006967,0.718615,0.008973,0.002389,0.001830,-0.001927,0.010207,0.004210,-0.104122,0.994020,-0.032912,0.000000,0.000000,0.000000,-1,-0.103317,1.002441,-0.029205,0.008449,-0.095412,0.004592,131.754929,280.439758,-771.551025,0,0
1.120000,-1.264355,-1.461438,-1.142628,0.987419,0.119062,0.104056,0.099288,0.045316,-0.994026,-0.123066,0.991852,0.032924,-0.690865,-0.079013,0.006879,0.718620,0.003654,0.005567,0.000811,0.001273,0.010521,0.003826,-0.104056,0.994026,-0.032924,0.000000,0.000000,0.000000,-1,-0.104919,1.008301,-0.030502,0.002076,-0.098589,0.006804,133.506989,281.487488,-772.887024,0,0
1.160000,-1.264919,-1.461580,-1.143288,0.987442,0.118977,0.103940,0.099189,0.045192,-0.994042,-0.122965,0.991868,0.032823,-0.690910,-0.078941,0.006884,0.718585,-0.000642,0.002426,0.001971,-0.001178,0.011940,0.000917,-0.103940,0.994042,-0.032823,0.000000,0.000000,0.000000,-1,-0.108322,1.003372,-0.035858,-0.000050,-0.103889,0.007915,134.032608,280.614380,-771.383972,0,0
1.200000,-1.263992,-1.461451,-1.142307,0.987427,0.119020,0.104031,0.099261,0.045342,-0.994028,-0.123026,0.991856,0.032958,-0.690856,-0.078989,0.006874,0.718632,0.002546,0.000304,0.001944,-0.005298,0.009116,-0.002534,-0.104031,0.994028,-0.032958,0.000000,0.000000,0.000000,-1,-0.108490,1.002243,-0.035812,0.001003,-0.100713,0.004698,134.558212,283.233704,-772.218994,0,0
1.240000,-1.260591,-1.461391,-1.138811,0.987424,0.119095,0.103976,0.099157,0.045714,-0.994021,-0.123136,0.991830,0.033330,-0.690721,-0.078994,0.006935,0.718761,0.004668,-0.008178,0.001960,0.000964,0.011564,-0.002818,-0.103976,0.994021,-0.033330,0.000000,0.000000,0.000000,-1,-0.107849,1.004547,-0.035019,0.002071,-0.110250,0.007921,132.280548,282.011353,-772.052002,0,0
1.280000,-1.259410,-1.461319,-1.137425,0.987397,0.119290,0.104004,0.099158,0.045881,-0.994013,-0.123347,0.991799,0.033475,-0.690659,-0.079072,0.007002,0.718810,0.002544,-0.006058,0.001973,-0.003143,0.008840,-0.001178,-0.104004,0.994013,-0.033474,0.000000,0.000000,0.000000,-1,-0.103729,1.004349,-0.033051,0.002068,-0.109191,0.006852,133.857391,281.138245,-772.218994,0,0
1.320000,-1.259214,-1.461304,-1.137013,0.987371,0.119502,0.104012,0.099153,0.045928,-0.994012,-0.123563,0.991771,0.033499,-0.690642,-0.079149,0.007077,0.718818,-0.001773,-0.001788,-0.000092,0.001640,0.012015,0.001074,-0.104012,0.994012,-0.033499,0.000000,0.000000,0.000000,-1,-0.102203,1.003693,-0.034622,-0.002185,-0.104952,0.005816,133.506989,281.138245,-772.887024,0,0
1.360000,-1.260117,-1.461613,-1.137822,0.987385,0.119612,0.103750,0.098911,0.045719,-0.994045,-0.123643,0.991767,0.033312,-0.690716,-0.079093,0.007200,0.718752,-0.000696,-0.003903,0.004162,-0.000757,0.010273,-0.000380,-0.103750,0.994045,-0.033312,0.000000,0.000000,0.000000,-1,-0.105789,1.003769,-0.035873,0.001013,-0.109188,0.008991,132.105331,281.487488,-770.548950,0,0
1.400000,-1.258943,-1.461669,-1.136522,0.987380,0.119733,0.103658,0.098801,0.045824,-0.994052,-0.123770,0.991748,0.033416,-0.690677,-0.079101,0.007280,0.718787,-0.000702,-0.001787,0.002025,-0.001216,0.008817,-0.003052,-0.103658,0.994052,-0.033416,0.000000,0.000000,0.000000,-1,-0.104172,1.002853,-0.031509,-0.002178,-0.100710,0.006861,131.930130,280.265137,-772.052002,0,0
1.440000,-1.259878,-1.461804,-1.137561,0.987401,0.119640,0.103561,0.098727,0.045666,-0.994066,-0.123660,0.991767,0.033278,-0.690735,-0.079035,0.007274,0.718739,-0.003883,0.004575,0.003095,-0.000946,0.010160,0.002074,-0.103561,0.994066,-0.033278,0.000000,0.000000,0.000000,-1,-0.106674,1.002609,-0.033356,-0.003234,-0.096467,0.007917,133.682190,281.312866,-772.719971,0,0
1.480000,-1.263862,-1.461993,-1.141694,0.987421,0.119519,0.103514,0.098744,0.045179,-0.994087,-0.123489,0.991803,0.032809,-0.690911,-0.078977,0.007228,0.718576,-0.003954,0.001411,0.003141,-0.003328,0.009530,0.005282,-0.103514,0.994087,-0.032809,0.000000,0.000000,0.000000,-1,-0.103149,1.004898,-0.032974,-0.004297,-0.101767,0.009016,132.806152,282.185974,-773.221008,0,0
1.520000,-1.265672,-1.462209,-1.143472,0.987430,0.119568,0.103368,0.098629,0.044914,-0.994110,-0.123507,0.991810,0.032557,-0.691006,-0.078942,0.007286,0.718488,-0.006076,-0.002827,0.005311,-0.000590,0.010544,0.001887,-0.103368,0.994110,-0.032557,0.000000,0.000000,0.000000,-1,-0.104874,1.003113,-0.034760,-0.006421,-0.103886,0.010113,134.558212,280.789001,-772.552979,0,0
1.560000,-1.267076,-1.462447,-1.144873,0.987447,0.119588,0.103188,0.098477,0.044679,-0.994136,-0.123497,0.991818,0.032341,-0.691091,-0.078884,0.007346,0.718413,-0.007138,0.003532,0.004230,-0.002494,0.010915,-0.003593,-0.103188,0.994136,-0.032341,0.000000,0.000000,0.000000,-1,-0.104385,1.002869,-0.034882,-0.009609,-0.096466,0.009051,133.506989,281.138245,-770.882996,0,0
1.600000,-1.270698,-1.462765,-1.148714,0.987489,0.119401,0.103003,0.098359,0.044170,-0.994170,-0.123254,0.991863,0.031874,-0.691275,-0.078753,0.007324,0.718250,-0.011457,0.001428,0.004312,0.001684,0.009141,-0.001543,-0.103003,0.994170,-0.031874,0.000000,0.000000,0.000000,-1,-0.104996,1.005371,-0.031143,-0.011737,-0.103886,0.010172,133.682190,281.312866,-772.385986,0,0
1.640000,-1.272213,-1.462945,-1.150201,0.987496,0.119442,0.102880,0.098261,0.043951,-0.994190,-0.123270,0.991868,0.031665,-0.691354,-0.078724,0.007373,0.718177,-0.009329,-0.001752,0.005367,-0.001780,0.011059,-0.003324,-0.102880,0.994190,-0.031665,0.000000,0.000000,0.000000,-1,-0.104126,1.003494,-0.033249,-0.009615,-0.103887,0.009085,133.857391,281.138245,-772.887024,0,0
1.680000,-1.274283,-1.463098,-1.152171,0.987491,0.119556,0.102799,0.098208,0.043695,-0.994206,-0.123356,0.991865,0.031407,-0.691446,-0.078735,0.007432,0.718087,-0.010391,-0.007052,0.006466,-0.001845,0.011012,-0.002666,-0.102799,0.994206,-0.031407,0.000000,0.000000,0.000000,-1,-0.104431,1.002686,-0.031021,-0.007490,-0.111307,0.010158,133.682190,282.011353,-772.719971,0,0
1.720000,-1.278752,-1.463535,-1.156441,0.987491,0.119790,0.102523,0.097996,0.043101,-0.994253,-0.123521,0.991863,0.030823,-0.691659,-0.078719,0.007590,0.717881,-0.008263,0.007787,0.004248,0.000121,0.009714,0.005447,-0.102523,0.994253,-0.030823,0.000000,0.000000,0.000000,-1,-0.097794,1.003540,-0.026901,-0.009613,-0.091168,0.006900,133.156570,281.138245,-772.552979,0,0
1.760000,-1.281908,-1.463973,-1.159925,0.987560,0.119498,0.102203,0.097747,0.042585,-0.994300,-0.123169,0.991921,0.030375,-0.691845,-0.078502,0.007576,0.717726,-0.011451,0.010967,0.004270,0.002502,0.010263,0.002070,-0.102203,0.994300,-0.030375,0.000000,0.000000,0.000000,-1,-0.102798,1.005081,-0.026901,-0.012791,-0.092223,0.010131,133.857391,281.138245,-770.548950,0,0
1.800000,-1.287081,-1.464461,-1.165499,0.987635,0.119145,0.101892,0.097536,0.041848,-0.994352,-0.122736,0.991995,0.029710,-0.692112,-0.078268,0.007529,0.717494,-0.011529,0.005685,0.006450,0.001321,0.012057,0.001435,-0.101892,0.994352,-0.029710,0.000000,0.000000,0.000000,-1,-0.101730,1.002991,-0.028259,-0.011728,-0.097523,0.011207,133.156570,281.138245,-771.216980,0,0
1.840000,-1.290355,-1.464757,-1.168909,0.987667,0.119036,0.101706,0.097408,0.041400,-0.994383,-0.122578,0.992026,0.029295,-0.692274,-0.078164,0.007538,0.717350,-0.012599,0.003562,0.005408,-0.003733,0.010851,-0.000338,-0.101706,0.994383,-0.029295,0.000000,0.000000,0.000000,-1,-0.102859,1.003723,-0.029434,-0.011730,-0.100703,0.011221,134.032608,280.963623,-771.718018,0,0
1.880000,-1.295550,-1.465167,-1.174239,0.987703,0.118942,0.101464,0.097251,0.040723,-0.994426,-0.122411,0.992066,0.028655,-0.692518,-0.078046,0.007562,0.717126,-0.013655,0.001444,0.007556,-0.002341,0.009114,0.000670,-0.101464,0.994426,-0.028655,0.000000,0.000000,0.000000,-1,-0.103683,1.003159,-0.029144,-0.012792,-0.103882,0.012311,134.032608,281.662109,-771.718018,0,0
1.920000,-1.300145,-1.465457,-1.178616,0.987689,0.119189,0.101317,0.097162,0.040187,-0.994457,-0.122600,0.992058,0.028111,-0.692710,-0.078081,0.007681,0.716936,-0.010544,-0.009151,0.005460,-0.003374,0.007664,-0.001369,-0.101317,0.994457,-0.028111,0.000000,0.000000,0.000000,-1,-0.102844,1.004028,-0.028259,-0.009623,-0.110250,0.008050,133.682190,282.011353,-771.383972,0,0
1.960000,-1.302011,-1.465553,-1.180296,0.987669,0.119384,0.101277,0.097141,0.039987,-0.994467,-0.122774,0.992043,0.027897,-0.692782,-0.078136,0.007757,0.716860,-0.009489,-0.008095,0.003316,-0.001567,0.009561,-0.000362,-0.101277,0.994467,-0.027897,0.000000,0.000000,0.000000,-1,-0.101349,1.005585,-0.025864,-0.009619,-0.110248,0.009113,133.682190,280.963623,-771.383972,0,0
2.000000,-1.307508,-1.465936,-1.185469,0.987648,0.119742,0.101061,0.096993,0.039341,-0.994507,-0.123060,0.992025,0.027241,-0.693013,-0.078186,0.007936,0.716629,-0.009487,-0.004915,0.003301,-0.002180,0.011703,0.001240,-0.101061,0.994507,-0.027241,0.000000,0.000000,0.000000,-1,-0.099548,1.002228,-0.025284,-0.009619,-0.110248,0.009113,132.806152,280.439758,-771.216980,0,0
2.040000,-1.311993,-1.466254,-1.189570,0.987617,0.120154,0.100877,0.096860,0.038825,-0.994540,-0.123415,0.991996,0.026706,-0.693197,-0.078266,0.008128,0.716440,-0.008433,-0.011279,0.002255,-0.000350,0.007169,0.001636,-0.100877,0.994540,-0.026706,0.000000,0.000000,0.000000,-1,-0.103943,1.003662,-0.024292,-0.008566,-0.117672,0.008072,132.981369,280.963623,-770.715942,0,0
2.080000,-1.317079,-1.466520,-1.193905,0.987535,0.120928,0.100755,0.096782,0.038308,-0.994568,-0.124131,0.991922,0.026126,-0.693380,-0.078496,0.008428,0.716235,-0.007375,-0.016581,0.002267,-0.000426,0.011139,-0.000378,-0.100755,0.994568,-0.026126,0.000000,0.000000,0.000000,-1,-0.102859,1.006989,-0.028595,-0.006448,-0.122974,0.007008,131.930130,282.360596,-771.718018,0,0
2.120000,-1.319483,-1.466609,-1.195685,0.987460,0.121558,0.100732,0.096767,0.038103,-0.994577,-0.124737,0.991853,0.025862,-0.693451,-0.078710,0.008654,0.716140,-0.009552,-0.023993,0.001281,0.001170,0.010907,0.002117,-0.100688,0.994586,-0.025707,0.000000,0.000000,0.000000,-1,-0.099792,1.006439,-0.023636,-0.010706,-0.126156,0.006006,132.630951,281.662109,-770.047974,0,0
2.160000,-1.326158,-1.467030,-1.201316,0.987351,0.122633,0.100496,0.096590,0.037406,-0.994621,-0.125732,0.991747,0.025088,-0.693696,-0.079005,0.009095,0.715864,-0.009549,-0.013394,0.000170,0.000490,0.009422,0.001421,-0.100496,0.994621,-0.025088,0.000000,0.000000,0.000000,-1,-0.101578,1.002701,-0.028702,-0.008571,-0.113434,0.005925,132.455750,280.439758,-771.216980,0,0
2.200000,-1.329152,-1.467143,-1.203837,0.987294,0.123117,0.100462,0.096579,0.037122,-0.994633,-0.126186,0.991698,0.024760,-0.693796,-0.079165,0.009269,0.715747,-0.006357,-0.016574,0.001213,-0.002352,0.007992,-0.001440,-0.100462,0.994633,-0.024760,0.000000,0.000000,0.000000,-1,-0.102264,1.002548,-0.024460,-0.009640,-0.121916,0.005975,132.630951,280.963623,-772.052002,0,0
2.240000,-1.336369,-1.467176,-1.210264,0.987178,0.123930,0.100606,0.096785,0.036489,-0.994636,-0.126936,0.991620,0.024027,-0.694021,-0.079506,0.009485,0.715488,-0.007439,-0.016581,-0.003030,-0.002681,0.012078,0.007700,-0.100606,0.994636,-0.024027,0.000000,0.000000,0.000000,-1,-0.102097,1.003479,-0.021545,-0.010720,-0.117683,0.000649,134.558212,280.789001,-771.885010,0,0
2.280000,-1.342453,-1.467188,-1.215845,0.987098,0.124455,0.100738,0.096976,0.035944,-0.994637,-0.127408,0.991574,0.023411,-0.694216,-0.079741,0.009604,0.715272,-0.011750,-0.017632,-0.001903,-0.001358,0.008842,0.001866,-0.100738,0.994637,-0.023411,0.000000,0.000000,0.000000,-1,-0.100052,1.005615,-0.021790,-0.011777,-0.130399,0.004973,134.032608,280.963623,-772.385986,0,0
2.320000,-1.349468,-1.467515,-1.221434,0.986930,0.125905,0.100583,0.096869,0.035290,-0.994671,-0.128783,0.991414,0.022633,-0.694444,-0.080199,0.010152,0.714992,-0.008550,-0.034587,0.004521,0.000699,0.006458,0.001881,-0.100583,0.994671,-0.022633,0.000000,0.000000,0.000000,-1,-0.100418,1.002670,-0.022324,-0.009643,-0.135695,0.008165,135.259048,281.138245,-771.551025,0,0
2.360000,-1.354622,-1.467639,-1.225508,0.986791,0.126998,0.100578,0.096897,0.034854,-0.994684,-0.129828,0.991290,0.022088,-0.694595,-0.080585,0.010528,0.714796,-0.006430,-0.019752,0.000175,-0.002968,0.006964,0.002053,-0.100578,0.994684,-0.022088,0.000000,0.000000,0.000000,-1,-0.101318,1.004684,-0.011826,-0.003268,-0.119798,0.003768,133.506989,280.789001,-771.885010,0,0
2.400000,-1.359847,-1.467619,-1.230276,0.986716,0.127472,0.100711,0.097081,0.034398,-0.994682,-0.130258,0.991246,0.021566,-0.694758,-0.080803,0.010632,0.714612,-0.002192,-0.010219,-0.005233,-0.000607,0.010003,0.009740,-0.100711,0.994682,-0.021566,0.000000,0.000000,0.000000,-1,-0.096954,1.006104,-0.017288,-0.000088,-0.106024,-0.001648,133.156570,282.185974,-772.552979,0,0
2.440000,-1.364403,-1.467817,-1.234618,0.986695,0.127710,0.100616,0.097043,0.033911,-0.994702,-0.130445,0.991232,0.021066,-0.694931,-0.080854,0.010731,0.714435,0.013764,-0.004897,0.005212,0.002990,0.013095,0.007059,-0.100616,0.994702,-0.021066,0.000000,0.000000,0.000000,-1,-0.098190,0.995346,-0.013611,0.002059,-0.110255,0.004730,132.630951,281.662109,-772.385986,0,0
2.480000,-1.369787,-1.467749,-1.240495,0.986737,0.127246,0.100794,0.097304,0.033362,-0.994695,-0.129934,0.991310,0.020538,-0.695133,-0.080758,0.010480,0.714254,-0.035216,0.041707,-0.024241,0.001932,0.003840,-0.001893,-0.100794,0.994695,-0.020538,0.000000,0.000000,0.000000,-1,-0.081421,0.982285,-0.038239,-0.049055,-0.036096,-0.032272,132.806152,281.487488,-771.216980,0,0
2.520000,-1.375317,-1.466960,-1.250538,0.987210,0.122792,0.101676,0.098380,0.032630,-0.994614,-0.125448,0.991896,0.020133,-0.695422,-0.079510,0.008546,0.714138,-0.021443,0.156153,-0.062133,0.029426,-0.002091,-0.026803,-0.101676,0.994614,-0.020133,0.000000,0.000000,0.000000,-1,-0.069885,1.011902,-0.064178,0.027467,0.023248,-0.051466,134.207809,281.487488,-772.218994,0,0
2.560000,-1.334233,-1.466182,-1.214470,0.987856,0.117622,0.101515,0.097864,0.036426,-0.994533,-0.120677,0.992390,0.024473,-0.694074,-0.077616,0.006902,0.715674,0.067900,0.089412,-0.031958,0.021498,0.020863,-0.037783,-0.101515,0.994533,-0.024473,0.000000,0.000000,0.000000,-1,-0.129837,1.012787,-0.041138,0.086029,-0.054088,-0.012405,132.455750,280.090515,-773.555054,0,0
2.600000,-1.295722,-1.464192,-1.174068,0.987570,0.119243,0.102402,0.098138,0.041114,-0.994323,-0.122776,0.992014,0.028901,-0.692379,-0.078490,0.007357,0.717214,0.140126,-0.159689,0.000278,-0.039062,0.012436,-0.004058,-0.102402,0.994323,-0.028901,0.000000,0.000000,0.000000,-1,-0.142365,0.997665,-0.007477,0.126254,-0.274614,-0.013981,132.455750,281.836731,-771.551025,0,0
2.640000,-1.279213,-1.461411,-1.150636,0.986519,0.125888,0.104560,0.099673,0.044530,-0.994023,-0.129792,0.991044,0.031382,-0.691123,-0.081592,0.009127,0.718058,0.056948,-0.189467,-0.059305,-0.022744,0.019282,0.035960,-0.104560,0.994023,-0.031382,0.000000,0.000000,0.000000,-1,-0.103058,1.020096,-0.014603,0.038878,-0.384921,-0.043367,132.105331,281.487488,-771.551025,0,0
2.680000,-1.283834,-1.459468,-1.143908,0.984822,0.137012,0.106556,0.101128,0.045999,-0.993809,-0.141065,0.989501,0.031445,-0.690539,-0.086215,0.012494,0.718030,0.010141,-0.328324,-0.037950,0.010318,0.026622,0.001767,-0.106556,0.993809,-0.031445,0.000000,0.000000,0.000000,-1,-0.067947,1.006836,-0.040527,0.000617,-0.427312,-0.031054,133.156570,282.185974,-771.551025,0,0
2.720000,-1.300675,-1.458248,-1.148047,0.982814,0.149535,0.108238,0.102423,0.046078,-0.993673,-0.153576,0.987682,0.029970,-0.690429,-0.091233,0.016417,0.717437,-0.003633,-0.318767,-0.027204,0.047417,0.010233,0.000398,-0.108238,0.993673,-0.029970,0.000000,0.000000,0.000000,-1,-0.051834,1.004211,-0.020538,-0.002557,-0.433665,-0.025671,132.280548,281.662109,-770.381958,0,0
2.760000,-1.320279,-1.456702,-1.154780,0.980575,0.162199,0.110293,0.104137,0.046008,-0.993498,-0.166219,0.985685,0.028223,-0.690352,-0.096449,0.020252,0.716730,-0.019726,-0.297615,-0.063296,0.048328,0.016725,0.012888,-0.110293,0.993498,-0.028223,0.000000,0.000000,0.000000,-1,-0.074707,1.009186,-0.004684,-0.019711,-0.343632,-0.082266,131.930130,280.265137,-773.054016,0,0
2.800000,-1.342606,-1.453401,-1.167686,0.978573,0.171399,0.114089,0.107737,0.045946,-0.993117,-0.175462,0.984130,0.026496,-0.690314,-0.101091,0.022226,0.716068,-0.004933,-0.200143,-0.107511,0.036056,0.014909,0.017493,-0.114089,0.993117,-0.026496,0.000000,0.000000,0.000000,-1,-0.065750,1.014297,-0.002457,0.002559,-0.280062,-0.110455,133.682190,280.614380,-771.383972,0,0
2.840000,-1.357978,-1.450031,-1.177056,0.977104,0.177206,0.117754,0.111253,0.046218,-0.992717,-0.181357,0.983088,0.025445,-0.690188,-0.104485,0.023039,0.715676,0.005726,-0.122760,-0.115417,0.056841,0.023580,0.027872,-0.117754,0.992717,-0.025445,0.000000,0.000000,0.000000,-1,-0.063446,1.014969,0.006256,0.002647,-0.221733,-0.099018,132.455750,281.836731,-771.551025,0,0
2.880000,-1.384679,-1.451545,-1.198196,0.976162,0.182863,0.116915,0.110806,0.043309,-0.992898,-0.186628,0.982184,0.022015,-0.691165,-0.106223,0.025216,0.714403,-0.019707,-0.170416,-0.078729,0.039217,0.028464,0.024868,-0.116915,0.992898,-0.022015,0.000000,0.000000,0.000000,-1,-0.083038,1.029343,0.016388,-0.049372,-0.281056,-0.066265,132.280548,282.011353,-772.052002,0,0
2.920000,-1.431445,-1.452642,-1.238141,0.974849,0.189847,0.116736,0.111417,0.038494,-0.993028,-0.193017,0.981059,0.016374,-0.692817,-0.108710,0.027526,0.712341,-0.072861,-0.152367,-0.073965,0.034308,0.032805,0.037873,-0.116736,0.993028,-0.016374,0.000000,0.000000,0.000000,-1,-0.112259,1.018631,0.020050,-0.081246,-0.239713,-0.069292,133.156570,281.487488,-771.551025,0,0
2.960000,-1.478339,-1.451998,-1.281531,0.973969,0.193538,0.118013,0.113595,0.033807,-0.992952,-0.196164,0.980510,0.010942,-0.694482,-0.110562,0.028133,0.710408,-0.107930,-0.083465,-0.080267,0.005754,0.025679,0.030992,-0.118013,0.992952,-0.010942,0.000000,0.000000,0.000000,-1,-0.119247,1.027878,0.003525,-0.140750,-0.139011,-0.080791,131.754929,281.487488,-771.551025,0,0
3.000000,-1.573820,-1.448866,-1.380368,0.974056,0.190843,0.121628,0.119430,0.023022,-0.992576,-0.192226,0.981351,-0.000368,-0.698463,-0.111055,0.025269,0.706525,-0.274696,0.159309,-0.086966,0.012329,0.030557,0.006850,-0.121628,0.992576,0.000368,0.000000,0.000000,0.000000,-1,-0.132065,1.010376,-0.020630,-0.245749,-0.085917,-0.023497,132.280548,280.265137,-772.052002,0,0
3.040000,-1.632584,-1.448009,-1.440633,0.974183,0.189799,0.122245,0.121443,0.015897,-0.992471,-0.190313,0.981694,-0.007563,-0.701044,-0.110992,0.024274,0.704009,-0.206565,-0.114106,-0.007765,-0.009819,0.017905,-0.028193,-0.122245,0.992471,0.007563,0.000000,0.000000,0.000000,-1,-0.202377,0.987000,0.008881,-0.156574,-0.336101,-0.007395,132.105331,282.535217,-769.546997,0,0
3.080000,-1.702638,-1.444504,-1.503604,0.972381,0.197193,0.124863,0.125672,0.008457,-0.992036,-0.196678,0.980328,-0.016558,-0.703648,-0.114711,0.025515,0.700764,-0.188584,-0.001765,-0.057422,-0.078933,-0.015290,0.009046,-0.124863,0.992036,0.016558,0.000000,0.000000,0.000000,-1,-0.167831,0.956299,0.020523,-0.202296,-0.032977,-0.071018,132.981369,281.662109,-769.713989,0,0
3.120000,-1.759572,-1.439343,-1.564638,0.972586,0.193650,0.128746,0.131072,0.000807,-0.991373,-0.192083,0.981070,-0.024597,-0.706466,-0.114911,0.022413,0.697997,-0.215302,0.098867,-0.115022,-0.026070,-0.032525,-0.005203,-0.128746,0.991373,0.024597,0.000000,0.000000,0.000000,-1,-0.158051,0.972687,-0.002762,-0.149271,-0.059526,-0.101267,131.579712,282.360596,-770.715942,0,0
3.160000,-1.783989,-1.434867,-1.590936,0.972410,0.192037,0.132443,0.135484,-0.002729,-0.990776,-0.189904,0.981384,-0.028672,-0.707780,-0.115686,0.020296,0.696600,-0.107913,0.022559,-0.097781,-0.025607,-0.018089,-0.031434,-0.132443,0.990776,0.028672,0.000000,0.000000,0.000000,-1,-0.197830,0.994812,-0.007568,-0.030164,-0.096608,-0.085393,132.280548,280.963623,-770.047974,0,0
3.200000,-1.772632,-1.428833,-1.580289,0.971704,0.191253,0.138615,0.141481,-0.001343,-0.989940,-0.189143,0.981540,-0.028364,-0.707356,-0.117598,0.017858,0.696778,0.035563,0.020418,-0.113188,-0.062633,0.002171,-0.022413,-0.138615,0.989940,0.028364,0.000000,0.000000,0.000000,-1,-0.183746,0.984451,0.031830,0.045223,-0.080748,-0.115016,132.455750,281.138245,-771.551025,0,0
3.240000,-1.752737,-1.423466,-1.560005,0.970830,0.191426,0.144375,0.146790,0.001584,-0.989166,-0.189581,0.981506,-0.026561,-0.706365,-0.119703,0.016000,0.697469,0.046159,-0.048463,-0.110875,-0.042087,-0.004578,0.006886,-0.144375,0.989166,0.026561,0.000000,0.000000,0.000000,-1,-0.205078,0.992279,0.033295,0.045215,-0.197339,-0.093215,132.630951,282.709839,-769.713989,0,0
3.280000,-1.737090,-1.417970,-1.539373,0.969029,0.196070,0.150132,0.152157,0.004783,-0.988345,-0.194502,0.980578,-0.025199,-0.705238,-0.123443,0.015729,0.697964,0.041960,-0.103557,-0.085058,-0.062239,0.008909,0.018762,-0.150132,0.988345,0.025199,0.000000,0.000000,0.000000,-1,-0.207306,0.990448,0.052811,0.044220,-0.206850,-0.072950,130.528488,282.011353,-771.049988,0,0
3.320000,-1.731149,-1.414461,-1.529946,0.967798,0.199357,0.153701,0.155569,0.006358,-0.987805,-0.197903,0.979906,-0.024860,-0.704681,-0.125917,0.015681,0.698086,0.047314,-0.118379,-0.071229,-0.042099,0.002613,0.030896,-0.153701,0.987805,0.024860,0.000000,0.000000,0.000000,-1,-0.150208,0.981247,0.035782,0.042131,-0.215314,-0.061188,131.229309,281.312866,-769.379944,0,0
3.360000,-1.728253,-1.412373,-1.523891,0.966836,0.202363,0.155810,0.157588,0.007397,-0.987477,-0.200981,0.979283,-0.024738,-0.704304,-0.127768,0.016034,0.698122,0.024002,-0.082313,-0.057309,0.005603,-0.006230,0.011044,-0.155810,0.987477,0.024738,0.000000,0.000000,0.000000,-1,-0.151443,0.993027,0.029480,0.020956,-0.179243,-0.045162,130.528488,282.709839,-769.045959,0,0
3.400000,-1.720714,-1.410016,-1.512815,0.965736,0.205666,0.158292,0.159819,0.009277,-0.987103,-0.204482,0.978578,-0.023910,-0.703628,-0.129857,0.016411,0.698409,0.029395,-0.016570,-0.050217,0.000074,0.000156,0.016129,-0.158292,0.987103,0.023910,0.000000,0.000000,0.000000,-1,-0.163116,0.992752,0.032227,0.029519,-0.096549,-0.046693,130.528488,280.265137,-770.715942,0,0
3.440000,-1.715650,-1.408500,-1.508073,0.965555,0.205275,0.159893,0.161267,0.010128,-0.986859,-0.204196,0.978652,-0.023325,-0.703340,-0.130286,0.015748,0.698634,0.026241,0.027959,-0.049320,-0.007954,0.016758,0.002951,-0.159893,0.986859,0.023324,0.000000,0.000000,0.000000,-1,-0.168442,0.997131,0.031509,0.006139,-0.074288,-0.048663,131.054092,282.185974,-770.548950,0,0
3.480000,-1.716965,-1.406588,-1.510291,0.965435,0.204401,0.161728,0.163172,0.009885,-0.986548,-0.203250,0.978837,-0.023809,-0.703449,-0.130632,0.014757,0.698482,-0.052463,0.033245,-0.058050,-0.006714,0.010583,0.007700,-0.161728,0.986548,0.023809,0.000000,0.000000,0.000000,-1,-0.138458,1.014877,0.049118,-0.116061,-0.015970,-0.043325,130.178070,282.709839,-770.381958,0,0
3.520000,-1.754202,-1.404914,-1.551565,0.966045,0.200994,0.162354,0.165092,0.003175,-0.986273,-0.198750,0.979587,-0.030115,-0.705866,-0.129659,0.012891,0.696259,-0.196858,0.153091,-0.027209,0.023895,0.028604,0.019003,-0.162354,0.986273,0.030115,0.000000,0.000000,0.000000,-1,-0.099548,1.019928,0.086746,-0.265711,0.122976,-0.002945,131.754929,283.233704,-769.880981,0,0
3.560000,-1.839081,-1.404777,-1.647763,0.968536,0.191172,0.159346,0.164769,-0.012707,-0.986250,-0.186519,0.981474,-0.043806,-0.711521,-0.125063,0.009547,0.691380,-0.343030,0.187224,0.113606,0.086104,0.053194,0.068193,-0.159346,0.986250,0.043806,0.000000,0.000000,0.000000,-1,-0.048248,1.120300,0.169403,-0.376586,0.095720,0.204761,129.652451,281.487488,-769.880981,0,0
3.600000,-1.920258,-1.409123,-1.737540,0.971271,0.183737,0.151240,0.158737,-0.026717,-0.986959,-0.177300,0.982612,-0.055115,-0.716433,-0.119507,0.009094,0.687284,-0.511801,0.345758,0.437067,0.102992,0.133341,0.114288,-0.151240,0.986959,0.055115,0.000000,0.000000,0.000000,-1,0.074738,1.111313,0.246567,-0.935368,0.657420,0.775347,132.105331,283.582947,-768.878967,0,0
3.640000,-2.215305,-1.418781,-2.067170,0.980942,0.151984,0.121053,0.133155,-0.072117,-0.988468,-0.141502,0.985748,-0.090980,-0.732127,-0.097367,0.006983,0.674137,-1.460252,0.991389,1.128578,0.195790,0.122845,0.155586,-0.121053,0.988468,0.090980,0.000000,0.000000,0.000000,-1,0.158524,1.134552,0.267822,-1.647835,0.835205,1.268516,134.032608,283.059082,-769.379944,0,0
3.680000,-2.763968,-1.389770,-2.671650,0.993013,0.097559,0.066383,0.081528,-0.160522,-0.983659,-0.085309,0.982199,-0.167354,-0.761723,-0.058777,0.006212,0.645201,-1.673832,0.984012,1.161813,0.153648,0.070082,0.064274,-0.066383,0.983659,0.167354,0.000000,0.000000,0.000000,-1,-0.145355,0.956161,0.245544,-1.680544,0.973724,1.023597,133.682190,285.503723,-767.375916,0,0
3.720000,-2.924505,-1.350666,-2.873661,0.997332,0.055835,0.047031,0.057807,-0.210565,-0.975869,-0.044584,0.975984,-0.213231,-0.777999,-0.036517,-0.000786,0.627203,-1.525072,1.550593,0.739575,-0.098324,-0.019708,0.032313,-0.047031,0.975869,0.213231,0.000000,0.000000,0.000000,-1,-0.119980,1.017822,0.249039,-1.171356,1.537136,0.604846,135.959869,284.979889,-766.206909,0,0
3.760000,-2.993914,-1.309244,-3.008118,0.999233,-0.009244,0.038048,0.034412,-0.256281,-0.965990,0.018680,0.966558,-0.255766,-0.792351,-0.007941,-0.017899,0.609751,-0.957266,1.211041,0.544444,-0.081932,0.051833,-0.006727,-0.038048,0.965990,0.255766,0.000000,0.000000,0.000000,-1,-0.040176,0.957321,0.243668,-0.825468,0.802358,0.567120,135.609451,286.027588,-765.538879,0,0
3.800000,-3.057174,-1.274828,-3.118926,0.998011,-0.058048,0.024593,0.006611,-0.291591,-0.956520,0.062695,0.954780,-0.290627,-0.803155,0.016011,-0.027170,0.594935,-0.580569,0.733806,0.447775,-0.050633,-0.046273,-0.044427,-0.024593,0.956520,0.290627,0.000000,0.000000,0.000000,-1,-0.107910,0.903519,0.291000,-0.528452,0.634632,0.422065,136.135071,286.202209,-761.697876,0,0
3.840000,-3.077201,-1.261129,3.120457,0.996409,-0.082363,0.019609,-0.006440,-0.304673,-0.952435,0.084420,0.948889,-0.304110,-0.807031,0.027509,-0.032226,0.588988,-0.422425,0.708263,0.381260,-0.088301,-0.048916,-0.013110,-0.019609,0.952435,0.304110,0.000000,0.000000,0.000000,-1,-0.082077,0.900604,0.299820,-0.327721,0.531742,0.387342,137.361511,286.027588,-764.202881,0,0
3.880000,-3.099809,-1.248727,3.069461,0.993673,-0.111527,0.013222,-0.022812,-0.315707,-0.948583,0.109967,0.942280,-0.316253,-0.810190,0.041453,-0.038012,0.583462,-0.297059,0.655234,0.368417,-0.068855,-0.047978,-0.016434,-0.013222,0.948583,0.316253,0.000000,0.000000,0.000000,-1,-0.103271,0.863297,0.314362,-0.280044,0.674761,0.313838,138.938370,284.805267,-762.699829,0,0
3.920000,-3.104231,-1.236636,3.024169,0.988287,-0.152116,0.012251,-0.038424,-0.325717,-0.944686,0.147692,0.933150,-0.327747,-0.812673,0.058615,-0.049203,0.577673,-0.193383,0.766316,0.208279,-0.074007,-0.101226,0.002347,-0.012251,0.944686,0.327747,0.000000,0.000000,0.000000,-1,-0.058716,0.852646,0.381256,-0.176363,0.628984,0.187383,137.887131,286.551453,-762.365845,0,0
3.960000,-3.096942,-1.231290,3.008210,0.984533,-0.174569,0.014865,-0.044288,-0.330063,-0.942919,0.169511,0.927677,-0.332689,-0.813524,0.067256,-0.056659,0.574843,-0.197864,0.770464,0.146614,-0.043851,-0.090273,0.048567,-0.014865,0.942919,0.332689,0.000000,0.000000,0.000000,-1,-0.002899,0.871246,0.394989,-0.149985,0.728533,0.113247,136.660690,286.726074,-763.534851,0,0
4.000000,-3.077818,-1.225946,2.993800,0.978256,-0.206281,0.021545,-0.049780,-0.334370,-0.941126,0.201340,0.919590,-0.337368,-0.813940,0.078649,-0.068459,0.571515,-0.070345,0.802237,0.123790,0.018645,-0.069880,0.057621,-0.021545,0.941126,0.337368,0.000000,0.000000,0.000000,-1,0.024399,0.824936,0.386993,0.001148,0.569617,0.188886,137.011108,286.027588,-762.866882,0,0
4.040000,-3.073573,-1.227921,2.964701,0.970855,-0.238576,0.022850,-0.059161,-0.330950,-0.941792,0.232251,0.912991,-0.335419,-0.811977,0.091670,-0.078543,0.571070,0.111671,0.511916,0.240104,0.035897,-0.115177,0.056518,-0.022850,0.941792,0.335419,0.000000,0.000000,0.000000,-1,-0.031113,0.837097,0.399536,0.150092,0.370401,0.256221,136.485489,285.503723,-762.699829,0,0
4.080000,-3.079133,-1.232269,2.943976,0.967066,-0.253680,0.020729,-0.065202,-0.325635,-0.943245,0.246033,0.910828,-0.331451,-0.809962,0.098425,-0.082338,0.572272,0.193357,0.459912,0.204339,-0.010383,-0.106148,0.068085,-0.020729,0.943245,0.331451,0.000000,0.000000,0.000000,-1,-0.068726,0.802032,0.386658,0.242161,0.369172,0.142458,136.660690,287.075317,-761.864868,0,0
4.120000,-3.071830,-1.241309,2.931561,0.961894,-0.272491,0.022554,-0.067459,-0.316447,-0.946208,0.264970,0.908631,-0.322771,-0.806398,0.105391,-0.089138,0.575038,0.335358,0.472449,0.080389,-0.040205,-0.142116,0.067793,-0.022554,0.946208,0.322771,0.000000,0.000000,0.000000,-1,-0.053055,0.815720,0.412674,0.454353,0.232273,0.052448,137.887131,287.948425,-762.699829,0,0
4.160000,-3.052698,-1.260673,2.934927,0.957508,-0.287131,0.027093,-0.062622,-0.298683,-0.952296,0.281526,0.910134,-0.303971,-0.800025,0.109294,-0.096440,0.581991,0.540848,0.189162,-0.059941,-0.048865,-0.048518,0.228713,-0.027093,0.952296,0.303972,0.000000,0.000000,0.000000,-1,-0.110031,0.990631,0.551804,0.508532,-0.108392,-0.172120,136.660690,287.773804,-761.530823,0,0
4.200000,-3.032019,-1.275410,2.954718,0.957260,-0.287471,0.031834,-0.054085,-0.286041,-0.956690,0.284127,0.914079,-0.289364,-0.795717,0.107311,-0.099269,0.587762,0.453206,0.064969,-0.157340,-0.096904,0.084601,0.263004,-0.031834,0.956690,0.289364,0.000000,0.000000,0.000000,-1,-0.125351,1.091400,0.465469,0.511625,0.331847,-0.005009,136.135071,287.948425,-763.701904,0,1
4.240000,-3.004384,-1.296287,2.966708,0.952584,-0.302008,0.037077,-0.047165,-0.266940,-0.962558,0.300598,0.915169,-0.268527,-0.788678,0.110683,-0.107038,0.595214,0.631767,0.492509,0.023849,-0.102983,0.159329,0.151547,-0.037077,0.962558,0.268527,0.000000,0.000000,0.000000,-1,-0.219238,1.185104,0.347061,0.739658,0.038043,-0.091294,137.186310,288.297668,-765.037903,0,0
