0.000000,-2.718977,1.456471,2.645473,0.996025,-0.075792,0.046788,-0.054302,-0.100323,0.993472,-0.070603,-0.992064,-0.104040,0.741685,-0.043851,-0.008027,0.669265,-0.002885,0.021767,-0.003388,0.001592,0.013263,-0.002584,-0.046788,-0.993472,0.104040,0.000000,0.000000,0.000000,-1,-0.039871,-0.981689,0.104233,-0.004308,-0.067855,-0.000710,125.622711,192.955124,-740.989563,0,0
0.040000,-2.721318,1.456677,2.648670,0.996107,-0.074922,0.046461,-0.053884,-0.100316,0.993495,-0.069774,-0.992131,-0.103962,0.741685,-0.043417,-0.007858,0.669296,-0.002900,0.027059,-0.008732,0.006590,0.011806,0.000270,-0.046461,-0.993495,0.103962,0.000000,0.000000,0.000000,-1,-0.044128,-0.979019,0.102768,-0.007549,-0.089073,-0.010152,126.323532,195.399811,-740.655518,0,0
0.080000,-2.725853,1.457159,2.653770,0.996182,-0.074322,0.045796,-0.053148,-0.100166,0.993550,-0.069255,-0.992191,-0.103734,0.741634,-0.042969,-0.007908,0.669381,-0.010391,0.010116,-0.014935,-0.001110,0.015798,-0.000997,-0.045796,-0.993550,0.103734,0.000000,0.000000,0.000000,-1,-0.051498,-0.976425,0.107483,-0.004332,-0.089062,-0.002741,126.673950,193.653610,-741.323547,0,0
0.120000,-2.725493,1.456831,2.653935,0.996212,-0.073814,0.045965,-0.053284,-0.100463,0.993513,-0.068718,-0.992199,-0.104015,0.741736,-0.042838,-0.007669,0.669278,-0.001835,0.005895,-0.001179,-0.003916,0.016065,-0.000546,-0.045965,-0.993513,0.104015,0.000000,0.000000,0.000000,-1,-0.050339,-0.978790,0.102646,-0.003247,-0.097532,0.004731,126.498749,194.177475,-739.820557,0,0
0.160000,-2.723727,1.456871,2.652281,0.996212,-0.073707,0.046132,-0.053431,-0.100340,0.993517,-0.068600,-0.992219,-0.103898,0.741696,-0.042854,-0.007573,0.669323,-0.001839,0.005893,-0.002241,-0.002375,0.011141,-0.000505,-0.046132,-0.993517,0.103898,0.000000,0.000000,0.000000,-1,-0.047638,-0.981506,0.102203,-0.001129,-0.086937,0.000405,126.323532,193.304367,-740.655518,0,0
0.200000,-2.724697,1.457104,2.654079,0.996283,-0.072869,0.045937,-0.053142,-0.100231,0.993544,-0.067794,-0.992292,-0.103730,0.741661,-0.042476,-0.007367,0.669388,-0.004003,0.031384,-0.014014,-0.000205,0.016951,-0.001909,-0.045937,-0.993544,0.103731,0.000000,0.000000,0.000000,-1,-0.049942,-0.975922,0.102737,-0.003272,-0.066806,-0.008172,125.272308,194.701324,-742.659546,0,0
0.240000,-2.724042,1.457144,2.654914,0.996388,-0.071385,0.045989,-0.053040,-0.100240,0.993549,-0.066314,-0.992399,-0.103664,0.741669,-0.041941,-0.006851,0.669418,0.001339,0.018675,-0.004439,-0.004609,0.014850,-0.000530,-0.045989,-0.993549,0.103664,0.000000,0.000000,0.000000,-1,-0.052246,-0.979462,0.099777,-0.002185,-0.089054,0.002553,126.148331,193.478989,-740.154541,0,0
0.280000,-2.721057,1.457226,2.652183,0.996393,-0.071141,0.046265,-0.053275,-0.100023,0.993558,-0.066055,-0.992439,-0.103452,0.741598,-0.041942,-0.006671,0.669499,-0.009293,0.002776,-0.001058,-0.004760,0.013394,-0.003949,-0.046265,-0.993558,0.103452,0.000000,0.000000,0.000000,-1,-0.048096,-0.980896,0.105225,-0.009627,-0.093293,0.003718,126.498749,193.129745,-740.488525,0,0
0.320000,-2.719268,1.457394,2.650892,0.996423,-0.070645,0.046382,-0.053326,-0.099807,0.993577,-0.065562,-0.992496,-0.103217,0.741527,-0.041796,-0.006466,0.669589,-0.006105,0.020793,-0.005428,0.000224,0.012559,0.000070,-0.046382,-0.993577,0.103217,0.000000,0.000000,0.000000,-1,-0.052124,-0.981522,0.101028,-0.012839,-0.076344,-0.005896,127.199570,193.478989,-740.822571,0,0
0.360000,-2.718204,1.457845,2.650865,0.996500,-0.069597,0.046308,-0.053117,-0.099410,0.993628,-0.064550,-0.992610,-0.102759,0.741395,-0.041379,-0.006151,0.669763,-0.000817,0.016612,-0.007574,-0.002551,0.015448,0.000345,-0.046308,-0.993628,0.102759,0.000000,0.000000,0.000000,-1,-0.044281,-0.980774,0.110016,-0.001133,-0.086938,-0.000659,126.849152,192.780502,-740.822571,0,0
0.400000,-2.720385,1.458066,2.653412,0.996541,-0.069215,0.045994,-0.052761,-0.099352,0.993653,-0.064206,-0.992642,-0.102660,0.741376,-0.041131,-0.006141,0.669800,-0.006122,0.003897,-0.002141,0.009724,0.017456,-0.004195,-0.045994,-0.993653,0.102660,0.000000,0.000000,0.000000,-1,-0.036224,-0.980576,0.103226,-0.001133,-0.108136,0.003692,125.973129,194.002853,-741.323547,0,0
0.440000,-2.723231,1.458167,2.656182,0.996552,-0.069276,0.045661,-0.052439,-0.099408,0.993664,-0.064298,-0.992632,-0.102698,0.741394,-0.041043,-0.006285,0.669784,-0.000810,-0.007764,-0.001085,0.009436,0.013088,0.000527,-0.045661,-0.993664,0.102699,0.000000,0.000000,0.000000,-1,-0.036972,-0.975006,0.095505,0.000995,-0.121914,0.006922,126.323532,194.701324,-740.989563,0,0
0.480000,-2.726474,1.458677,2.658159,0.996490,-0.070504,0.045123,-0.052006,-0.099063,0.993721,-0.065591,-0.992580,-0.102382,0.741272,-0.041318,-0.006903,0.669896,-0.003995,-0.035320,0.006517,0.006305,0.016213,-0.007915,-0.045123,-0.993721,0.102382,0.000000,0.000000,0.000000,-1,-0.038376,-0.982880,0.105225,-0.004312,-0.136749,0.012366,126.148331,193.478989,-741.824585,0,0
0.520000,-2.727664,1.458757,2.657645,0.996376,-0.072195,0.044969,-0.052021,-0.098966,0.993730,-0.067292,-0.992468,-0.102363,0.741233,-0.041895,-0.007529,0.669897,0.001329,-0.051216,0.011847,0.005113,0.006532,-0.001274,-0.044969,-0.993730,0.102363,0.000000,0.000000,0.000000,-1,-0.036240,-0.982071,0.098145,0.002066,-0.159007,0.016651,127.199570,192.780502,-740.488525,0,0
0.560000,-2.729221,1.458949,2.656847,0.996215,-0.074527,0.044733,-0.052010,-0.098755,0.993752,-0.069643,-0.992317,-0.102258,0.741153,-0.042683,-0.008403,0.669926,0.002346,-0.056468,0.006556,0.008051,0.012199,-0.009393,-0.044733,-0.993752,0.102258,0.000000,0.000000,0.000000,-1,-0.039658,-0.987152,0.091278,-0.009671,-0.147365,0.002899,124.746689,193.828232,-740.488525,0,0
0.600000,-2.731875,1.460242,2.657056,0.996070,-0.076902,0.043950,-0.051391,-0.097630,0.993895,-0.072141,-0.992247,-0.101198,0.740759,-0.043298,-0.009514,0.670306,-0.011512,-0.053302,-0.002881,0.001134,0.009581,-0.010759,-0.043950,-0.993895,0.101198,0.000000,0.000000,0.000000,-1,-0.041870,-0.976028,0.095673,-0.014983,-0.157962,0.006197,126.498749,194.526703,-741.490540,0,0
0.640000,-2.731084,1.460710,2.654464,0.995935,-0.078680,0.043844,-0.051426,-0.097085,0.993947,-0.073947,-0.992161,-0.100737,0.740567,-0.043921,-0.010162,0.670469,-0.010424,-0.061772,0.005655,0.001486,0.019825,-0.000151,-0.043844,-0.993947,0.100737,0.000000,0.000000,0.000000,-1,-0.041122,-0.978455,0.099060,-0.006456,-0.154774,0.011407,128.075592,192.955124,-742.993591,0,0
0.680000,-2.732279,1.460854,2.653889,0.995803,-0.080432,0.043667,-0.051415,-0.096929,0.993962,-0.075714,-0.992036,-0.100658,0.740505,-0.044513,-0.010819,0.670488,-0.010422,-0.058592,0.005639,0.007824,0.013173,-0.003337,-0.043667,-0.993962,0.100658,0.000000,0.000000,0.000000,-1,-0.035049,-0.980530,0.101334,-0.012857,-0.159023,0.006178,127.374771,194.002853,-740.989563,0,0
0.720000,-2.738111,1.461587,2.656098,0.995547,-0.083990,0.042793,-0.050861,-0.096398,0.994043,-0.079364,-0.991793,-0.100240,0.740302,-0.045539,-0.012350,0.670617,-0.003017,-0.062807,0.001332,0.000679,0.016275,-0.003210,-0.042793,-0.994043,0.100240,0.000000,0.000000,0.000000,-1,-0.047150,-0.975739,0.100754,-0.002212,-0.161137,0.010325,125.097092,193.828232,-741.824585,0,0
0.760000,-2.736996,1.461343,2.653234,0.995389,-0.085744,0.043000,-0.051251,-0.096466,0.994016,-0.081083,-0.991636,-0.100416,0.740316,-0.046262,-0.012860,0.670542,-0.001927,-0.050079,0.005519,-0.002288,0.021558,0.000872,-0.043000,-0.994016,0.100416,0.000000,0.000000,0.000000,-1,-0.045654,-0.977661,0.102966,-0.007507,-0.139931,0.011351,127.374771,194.002853,-741.323547,0,0
0.800000,-2.735251,1.461212,2.650312,0.995276,-0.086927,0.043227,-0.051593,-0.096430,0.994002,-0.082237,-0.991537,-0.100460,0.740298,-0.046779,-0.013174,0.670520,-0.005099,-0.033114,0.006542,-0.002077,0.012556,0.002018,-0.043227,-0.994002,0.100460,0.000000,0.000000,0.000000,-1,-0.049271,-0.980286,0.099106,0.001000,-0.147349,0.013419,126.498749,194.526703,-741.156555,0,0
0.840000,-2.727588,1.460744,2.639297,0.994933,-0.090309,0.044182,-0.052877,-0.096264,0.993950,-0.085510,-0.991250,-0.100551,0.740228,-0.048359,-0.013958,0.670470,0.000200,-0.067018,0.014105,-0.012153,0.015893,-0.003551,-0.044182,-0.993950,0.100551,0.000000,0.000000,0.000000,-1,-0.056335,-0.978058,0.097000,-0.000048,-0.164301,0.020953,126.323532,193.653610,-741.323547,0,0
0.880000,-2.721920,1.460185,2.631901,0.994736,-0.092072,0.044978,-0.053858,-0.096356,0.993889,-0.087175,-0.991079,-0.100807,0.740253,-0.049284,-0.014251,0.670368,0.008717,-0.051115,0.013942,-0.005696,0.015007,0.000954,-0.044978,-0.993889,0.100807,0.000000,0.000000,0.000000,-1,-0.040710,-0.985245,0.096237,0.008452,-0.122968,0.011099,127.374771,193.304367,-739.987549,0,0
0.920000,-2.722095,1.459870,2.631309,0.994659,-0.092846,0.045088,-0.054068,-0.096596,0.993854,-0.087920,-0.990984,-0.101101,0.740330,-0.049611,-0.014464,0.670254,0.006580,-0.007665,0.002068,0.004377,0.008609,-0.004863,-0.045088,-0.993854,0.101101,0.000000,0.000000,0.000000,-1,-0.044891,-0.982941,0.097229,-0.000070,-0.102837,0.002592,126.849152,194.177475,-740.154541,0,0
0.960000,-2.718566,1.460148,2.627097,0.994584,-0.093527,0.045331,-0.054338,-0.096127,0.993885,-0.088597,-0.990965,-0.100689,0.740169,-0.049943,-0.014614,0.670404,-0.009395,-0.032054,0.000229,-0.010944,0.015339,-0.003963,-0.045331,-0.993885,0.100689,0.000000,0.000000,0.000000,-1,-0.056274,-0.978546,0.096725,-0.008582,-0.133576,0.007080,128.250809,193.129745,-741.156555,0,0
1.000000,-2.715053,1.460226,2.622568,0.994473,-0.094547,0.045653,-0.054735,-0.095814,0.993893,-0.089595,-0.990899,-0.100459,0.740058,-0.050429,-0.014844,0.670485,-0.005120,-0.033105,0.006571,-0.001512,0.013272,-0.002284,-0.045653,-0.993893,0.100459,0.000000,0.000000,0.000000,-1,-0.047287,-0.980072,0.094421,-0.006439,-0.137809,0.012394,127.024368,192.605881,-739.653564,0,0
1.040000,-2.710880,1.460516,2.617182,0.994344,-0.095757,0.045951,-0.055106,-0.095267,0.993925,-0.090797,-0.990835,-0.100005,0.739868,-0.050976,-0.015154,0.670647,-0.009383,-0.017202,0.005505,-0.002313,0.013182,-0.004195,-0.045951,-0.993925,0.100005,0.000000,0.000000,0.000000,-1,-0.054504,-0.982635,0.098755,-0.011734,-0.089046,0.007977,127.199570,194.526703,-739.820557,0,0
1.080000,-2.702846,1.460738,2.609854,0.994376,-0.095073,0.046659,-0.055690,-0.094671,0.993950,-0.090081,-0.990958,-0.099433,0.739676,-0.050956,-0.014676,0.670871,-0.010449,0.027311,-0.004254,-0.006823,0.013267,-0.004905,-0.046659,-0.993950,0.099433,0.000000,0.000000,0.000000,-1,-0.051025,-0.980591,0.097610,-0.013894,-0.071042,-0.004845,127.024368,193.653610,-739.987549,0,0
1.120000,-2.700847,1.461000,2.609047,0.994485,-0.093883,0.046747,-0.055635,-0.094402,0.993978,-0.088905,-0.991098,-0.099104,0.739593,-0.050541,-0.014251,0.671003,-0.005140,0.028368,-0.006443,-0.002844,0.011831,0.001711,-0.046747,-0.993978,0.099104,0.000000,0.000000,0.000000,-1,-0.047043,-0.983917,0.101013,-0.006434,-0.067855,-0.000687,126.673950,192.955124,-740.655518,0,0
1.160000,-2.700668,1.461113,2.609503,0.994546,-0.093248,0.046717,-0.055535,-0.094330,0.993991,-0.088281,-0.991164,-0.098995,0.739573,-0.050294,-0.014050,0.671048,-0.006195,0.032610,-0.005387,-0.000250,0.010043,-0.002879,-0.046717,-0.993991,0.098995,0.000000,0.000000,0.000000,-1,-0.049347,-0.981369,0.088486,-0.009630,-0.071037,-0.001701,126.498749,194.177475,-741.824585,0,0
1.200000,-2.696391,1.462216,2.606739,0.994691,-0.091713,0.046667,-0.055236,-0.093233,0.994111,-0.086822,-0.991411,-0.097804,0.739210,-0.049698,-0.013580,0.671501,-0.008358,0.020941,-0.008479,-0.003473,0.016053,-0.002467,-0.046667,-0.994111,0.097804,0.000000,0.000000,0.000000,-1,-0.047791,-0.975815,0.095322,-0.003258,-0.075279,-0.002815,127.374771,193.304367,-741.991577,0,0
1.240000,-2.696632,1.462281,2.607833,0.994772,-0.090863,0.046616,-0.055101,-0.093237,0.994118,-0.085982,-0.991489,-0.097757,0.739217,-0.049364,-0.013314,0.671524,0.004426,0.034729,-0.004427,0.001328,0.019707,0.000525,-0.046616,-0.994118,0.097757,0.000000,0.000000,0.000000,-1,-0.040771,-0.980743,0.097366,0.006319,-0.058318,-0.004061,126.323532,194.002853,-740.989563,0,0
1.280000,-2.700540,1.462353,2.612954,0.994902,-0.089639,0.046203,-0.054587,-0.093457,0.994126,-0.084795,-0.991580,-0.097874,0.739296,-0.048772,-0.013050,0.671486,0.006528,0.038958,-0.011917,0.007263,0.012009,-0.004810,-0.046203,-0.994126,0.097874,0.000000,0.000000,0.000000,-1,-0.046112,-0.985382,0.086288,0.004167,-0.076346,-0.007147,127.374771,194.352081,-741.991577,0,0
1.320000,-2.702586,1.462974,2.615941,0.995010,-0.088672,0.045740,-0.053998,-0.093085,0.994193,-0.083899,-0.991702,-0.097409,0.739173,-0.048253,-0.012906,0.671661,0.007560,-0.002389,-0.010677,-0.006720,0.008017,-0.004849,-0.045740,-0.994193,0.097409,0.000000,0.000000,0.000000,-1,-0.056564,-0.985062,0.093781,0.011607,-0.100724,-0.002864,126.148331,194.526703,-740.822571,0,0
1.360000,-2.701582,1.462348,2.615179,0.995012,-0.088459,0.046103,-0.054382,-0.093582,0.994125,-0.083625,-0.991674,-0.097926,0.739344,-0.048300,-0.012688,0.671473,0.027804,0.018854,-0.001397,-0.007791,0.013718,0.000035,-0.046103,-0.994125,0.097926,0.000000,0.000000,0.000000,-1,-0.054230,-0.979294,0.091400,0.030821,-0.060417,0.009506,126.148331,193.828232,-740.488525,0,0
1.400000,-2.698742,1.461470,2.613470,0.995077,-0.087379,0.046755,-0.054981,-0.094243,0.994030,-0.082451,-0.991707,-0.098584,0.739578,-0.048122,-0.012066,0.671240,0.027848,0.042189,0.005945,-0.008787,0.013469,-0.006741,-0.046755,-0.994030,0.098584,0.000000,0.000000,0.000000,-1,-0.056244,-0.978714,0.105911,0.024454,-0.055113,0.011680,127.900391,193.478989,-740.822571,0,0
1.440000,-2.692606,1.458273,2.609617,0.995166,-0.085259,0.048738,-0.056956,-0.096769,0.993676,-0.080004,-0.991648,-0.101157,0.740455,-0.048016,-0.010556,0.670306,0.061900,0.016763,0.018455,-0.012388,0.016595,0.003609,-0.048738,-0.993676,0.101157,0.000000,0.000000,0.000000,-1,-0.061676,-0.980530,0.107208,0.069148,-0.084773,0.028341,127.199570,193.129745,-740.154541,0,0
1.480000,-2.691075,1.455409,2.608725,0.995140,-0.084751,0.050132,-0.058488,-0.099169,0.993350,-0.079216,-0.991455,-0.103644,0.741275,-0.048308,-0.009809,0.669389,0.090626,0.027369,0.021285,-0.012948,0.012302,0.001840,-0.050132,-0.993350,0.103644,0.000000,0.000000,0.000000,-1,-0.072464,-0.977386,0.107697,0.118073,-0.061447,0.028760,125.622711,193.304367,-741.657593,0,0
1.520000,-2.688966,1.451372,2.607846,0.995127,-0.083713,0.052104,-0.060614,-0.102569,0.992877,-0.077772,-0.991197,-0.107143,0.742435,-0.048599,-0.008643,0.668097,0.125750,0.045462,0.028283,-0.025091,0.017002,0.002674,-0.052104,-0.992877,0.107143,0.000000,0.000000,0.000000,-1,-0.075134,-0.980316,0.115921,0.140458,-0.042346,0.040128,126.148331,193.828232,-741.156555,0,0
1.560000,-2.684190,1.440335,2.606943,0.995106,-0.080400,0.057451,-0.066287,-0.111937,0.991502,-0.073285,-0.990457,-0.116719,0.745614,-0.049183,-0.005309,0.664539,0.188659,0.063553,0.072196,-0.011244,0.025773,0.000988,-0.057451,-0.991502,0.116719,0.000000,0.000000,0.000000,-1,-0.055435,-0.958130,0.113556,0.208643,-0.050767,0.079836,126.148331,193.129745,-740.822571,0,0
1.600000,-2.693462,1.433663,2.617287,0.995064,-0.079622,0.059231,-0.068436,-0.118341,0.990612,-0.071865,-0.989776,-0.123206,0.747765,-0.049500,-0.004224,0.662102,0.279035,0.005263,0.086351,0.030591,0.048611,-0.023215,-0.059231,-0.990612,0.123206,0.000000,0.000000,0.000000,-1,-0.019714,-0.884888,0.112106,0.331853,-0.085789,0.055234,126.673950,195.050568,-739.319519,0,0
1.640000,-2.714499,1.424726,2.638922,0.995020,-0.079370,0.060292,-0.070122,-0.127547,0.989351,-0.070835,-0.988652,-0.132477,0.750840,-0.049775,-0.003510,0.658596,0.322352,0.053908,0.003745,0.038914,0.123552,-0.010376,-0.060292,-0.989351,0.132477,0.000000,0.000000,0.000000,-1,-0.075272,-0.888351,0.133606,0.236679,-0.000160,-0.108980,124.921890,194.701324,-740.321533,0,0
1.680000,-2.791854,1.417155,2.721663,0.995892,-0.073819,0.052439,-0.062393,-0.139742,0.988220,-0.065622,-0.987433,-0.143773,0.754885,-0.045110,-0.004366,0.654289,0.119605,0.025083,-0.188541,-0.080572,0.041168,-0.003514,-0.052439,-0.988220,0.143773,0.000000,0.000000,0.000000,-1,-0.147202,-0.973709,0.146103,0.118370,-0.098850,-0.167862,126.849152,194.526703,-738.484497,0,0
1.720000,-2.817575,1.414520,2.747955,0.996089,-0.073147,0.049553,-0.059696,-0.143738,0.987814,-0.065133,-0.986909,-0.147542,0.756203,-0.043918,-0.005151,0.652842,0.137868,-0.000278,-0.133305,-0.131218,-0.026285,0.005565,-0.049553,-0.987814,0.147542,0.000000,0.000000,0.000000,-1,-0.191284,-1.066498,0.130585,0.197400,-0.120964,-0.068644,126.323532,195.050568,-740.989563,0,0
1.760000,-2.827433,1.409718,2.757713,0.996072,-0.073372,0.049561,-0.060066,-0.148709,0.987055,-0.065052,-0.986155,-0.152532,0.757845,-0.044019,-0.005110,0.650928,0.220036,-0.071165,-0.037080,-0.143051,-0.099569,-0.034445,-0.049561,-0.987055,0.152533,0.000000,0.000000,0.000000,-1,-0.163910,-1.103821,0.096436,0.194423,-0.225808,0.009513,127.024368,195.399811,-739.319519,0,0
1.800000,-2.845323,1.402719,2.771165,0.995762,-0.077925,0.048840,-0.060560,-0.155941,0.985908,-0.069211,-0.984688,-0.159999,0.760214,-0.045542,-0.006699,0.648040,0.138304,-0.111390,0.006551,-0.098346,-0.107766,-0.074901,-0.048840,-0.985908,0.159999,0.000000,0.000000,0.000000,-1,-0.097900,-1.013016,0.064926,0.055105,-0.125138,-0.022381,126.498749,195.923676,-739.152527,0,0
1.840000,-2.846960,1.405805,2.774250,0.995942,-0.076327,0.047694,-0.058986,-0.153286,0.986420,-0.067979,-0.985230,-0.157166,0.759341,-0.044549,-0.006678,0.649132,-0.208582,0.144032,-0.122666,-0.045171,-0.013290,-0.088837,-0.047694,-0.986420,0.157166,0.000000,0.000000,0.000000,-1,-0.094711,-0.962967,0.075912,-0.410960,0.064417,-0.165956,127.725189,195.050568,-738.985535,0,0
1.880000,-2.841035,1.425104,2.774603,0.996669,-0.069310,0.042980,-0.052091,-0.135510,0.989406,-0.062752,-0.988349,-0.138669,0.753467,-0.040281,-0.006560,0.656218,-0.528850,0.118494,-0.181776,-0.055958,0.041728,-0.051511,-0.042980,-0.989406,0.138669,0.000000,0.000000,0.000000,-1,-0.115097,-0.939407,0.112869,-0.539553,-0.006577,-0.137625,127.024368,194.352081,-740.321533,0,0
1.920000,-2.805322,1.450394,2.742213,0.997080,-0.065268,0.039633,-0.046705,-0.110659,0.992760,-0.060410,-0.991713,-0.113385,0.745172,-0.037566,-0.006970,0.665777,-0.441179,-0.001076,-0.026890,-0.071497,0.079735,0.021396,-0.039633,-0.992760,0.113385,0.000000,0.000000,0.000000,-1,-0.077423,-0.903961,0.149261,-0.390221,-0.147344,0.020922,127.199570,195.574432,-740.154541,0,0
1.960000,-2.756733,1.460286,2.689710,0.996755,-0.069033,0.041405,-0.048157,-0.099216,0.993900,-0.064504,-0.992668,-0.102218,0.741315,-0.039521,-0.007790,0.669948,-0.227103,-0.129173,0.097910,0.006019,0.086506,0.053436,-0.041405,-0.993900,0.102218,0.000000,0.000000,0.000000,-1,-0.026321,-0.925262,0.158981,-0.119868,-0.213990,0.116105,128.075592,195.050568,-740.989563,0,0
2.000000,-2.717919,1.462664,2.647335,0.996371,-0.072640,0.044368,-0.051196,-0.095006,0.994159,-0.068000,-0.992823,-0.098380,0.739891,-0.041842,-0.007985,0.671377,-0.069619,-0.076010,0.120408,0.025950,0.040439,0.058130,-0.044368,-0.994159,0.098380,0.000000,0.000000,0.000000,-1,0.000015,-0.956329,0.134476,0.007739,-0.146145,0.109073,128.601212,194.177475,-741.156555,0,0
2.040000,-2.696103,1.459566,2.623152,0.996021,-0.075199,0.047830,-0.055004,-0.096415,0.993820,-0.070123,-0.992496,-0.100167,0.740372,-0.043965,-0.007528,0.670716,0.029045,-0.030522,0.053160,0.070459,0.023941,0.047614,-0.047830,-0.993820,0.100167,0.000000,0.000000,0.000000,-1,0.037598,-0.978241,0.167160,0.025511,-0.127188,0.024758,127.900391,195.574432,-740.488525,0,0
2.080000,-2.703106,1.460302,2.629985,0.996060,-0.075314,0.046817,-0.053986,-0.096150,0.993902,-0.070354,-0.992513,-0.099837,0.740278,-0.043666,-0.007949,0.670834,-0.059709,0.002128,-0.089611,0.095264,0.025213,0.077256,-0.046817,-0.993902,0.099837,0.000000,0.000000,0.000000,-1,0.032791,-0.965240,0.203613,-0.071934,-0.144426,-0.157049,128.601212,195.923676,-741.490540,0,0
2.120000,-2.733957,1.463978,2.659892,0.996212,-0.076000,0.042266,-0.049393,-0.094483,0.994300,-0.071573,-0.992621,-0.097879,0.739691,-0.042380,-0.009905,0.671537,-0.047324,-0.063658,-0.173482,0.067611,0.031654,0.119238,-0.042266,-0.994300,0.097879,0.000000,0.000000,0.000000,-1,0.013504,-0.958817,0.244751,0.089468,-0.212336,-0.196816,128.601212,195.225189,-742.158569,0,0
2.160000,-2.859183,1.459599,2.778214,0.996112,-0.082489,0.030923,-0.039442,-0.103722,0.993824,-0.078772,-0.991180,-0.106572,0.742699,-0.041043,-0.016106,0.668173,0.389306,-0.236547,-0.227509,0.024149,0.031010,0.186931,-0.030923,-0.993824,0.106572,0.000000,0.000000,0.000000,-1,-0.004089,-0.968445,0.312119,0.481632,-0.318378,-0.214488,128.601212,193.478989,-741.490540,0,0
2.200000,-2.981556,1.437425,2.892664,0.995703,-0.090146,0.021190,-0.032761,-0.128878,0.991119,-0.086615,-0.987555,-0.131277,0.750976,-0.040916,-0.021780,0.658701,0.800838,-0.243928,-0.204355,0.025051,-0.003281,0.180307,-0.021190,-0.991119,0.131277,0.000000,0.000000,0.000000,-1,0.031982,-0.996964,0.294434,0.935707,-0.380864,-0.175598,130.002869,196.971390,-739.152527,0,0
2.240000,-3.050010,1.411005,2.953637,0.995142,-0.097369,0.014551,-0.029730,-0.156309,0.987261,-0.093854,-0.982897,-0.158445,0.759917,-0.041814,-0.026089,0.648149,0.949739,-0.260861,-0.185709,0.061747,-0.013258,0.119662,-0.014551,-0.987261,0.158445,0.000000,0.000000,0.000000,-1,0.038574,-0.997314,0.205261,0.863211,-0.273897,-0.250806,130.178070,196.796768,-738.317505,0,0
2.280000,3.127907,1.371778,3.049701,0.994457,-0.105113,-0.002706,-0.018142,-0.196873,0.980261,-0.103571,-0.974778,-0.197689,0.772822,-0.039872,-0.034379,0.632435,0.577742,-0.304703,-0.429257,0.013118,-0.025980,-0.086254,0.002706,-0.980261,0.197689,0.000000,0.000000,0.000000,-1,-0.048920,-1.014572,-0.170670,0.131616,-1.052341,-0.408360,131.579712,198.892212,-736.647461,0,0
2.320000,3.036289,1.373728,3.110937,0.990834,-0.133507,-0.020580,-0.006001,-0.195703,0.980645,-0.134951,-0.971533,-0.194711,0.771565,-0.045203,-0.050395,0.632539,-0.373105,-0.943976,-0.395681,-0.011486,0.030358,-0.025414,0.020580,-0.981273,0.190878,0.000000,0.000000,0.000000,-1,0.039413,-0.926392,0.371353,-0.175749,-0.559543,-0.538034,134.383011,196.796768,-735.979492,0,0
2.360000,2.908163,1.380503,-3.061157,0.987984,-0.148235,-0.043753,0.015198,-0.188536,0.981949,-0.153808,-0.970814,-0.184017,0.768202,-0.043295,-0.064293,0.635498,-0.133241,-0.749120,-0.545997,-0.032202,0.046448,0.101078,0.043753,-0.981949,0.184017,0.000000,0.000000,0.000000,-1,-0.013245,-0.944107,0.268890,-0.260899,-1.056668,-0.461455,134.908630,197.669876,-736.146484,0,0
2.400000,2.731072,1.386653,-2.919234,0.980862,-0.180473,-0.073074,0.040380,-0.178596,0.983094,-0.190472,-0.967230,-0.167890,0.762782,-0.045915,-0.086377,0.639213,-0.368563,-0.416040,-0.426834,-0.073288,0.049652,0.146990,0.073074,-0.983094,0.167891,0.000000,0.000000,0.000000,-1,-0.003174,-0.955566,0.264099,-0.376168,-0.508463,-0.409473,135.784668,196.796768,-736.647461,0,0
2.440000,2.593277,1.393991,-2.797975,0.976385,-0.195620,-0.091681,0.059255,-0.165604,0.984411,-0.207753,-0.966596,-0.150102,0.756983,-0.045036,-0.098891,0.644337,-0.454581,-0.474296,-0.388393,-0.100698,0.024984,0.104171,0.091681,-0.984411,0.150102,0.000000,0.000000,0.000000,-1,-0.003372,-0.974411,0.243179,-0.472854,-0.530697,-0.388096,137.011108,197.320633,-736.480469,0,0
2.480000,2.439493,1.400099,-2.659996,0.971440,-0.210402,-0.109705,0.078682,-0.150548,0.985467,-0.223860,-0.965954,-0.129693,0.750280,-0.043890,-0.111147,0.650231,-0.481188,-0.475368,-0.395540,-0.110422,0.006982,0.111793,0.109705,-0.985467,0.129693,0.000000,0.000000,0.000000,-1,0.020554,-0.947098,0.250565,-0.461150,-0.597466,-0.371968,138.587952,196.447525,-738.651489,0,0
2.520000,2.290669,1.402017,-2.529408,0.965497,-0.227734,-0.126302,0.096530,-0.137473,0.985791,-0.241861,-0.963970,-0.110747,0.743928,-0.044091,-0.123722,0.655225,-0.385381,-0.499696,-0.358193,-0.052174,0.032666,0.131594,0.126302,-0.985791,0.110747,0.000000,0.000000,0.000000,-1,0.105576,-0.955063,0.240799,-0.427168,-0.669553,-0.367762,139.639191,194.352081,-738.651489,0,0
2.560000,2.166346,1.401504,-2.421649,0.959784,-0.243640,-0.139479,0.111089,-0.126674,0.985704,-0.257826,-0.961558,-0.094514,0.738406,-0.044877,-0.134514,0.659279,-0.525939,-0.644991,-0.386836,-0.027617,0.022844,0.183165,0.139479,-0.985704,0.094514,0.000000,0.000000,0.000000,-1,0.142548,-1.032318,0.280777,-0.541328,-1.000399,-0.406496,140.690430,195.399811,-737.983521,0,0
2.600000,1.924042,1.396233,-2.225694,0.943538,-0.288413,-0.162955,0.137746,-0.105784,0.984802,-0.301268,-0.951645,-0.060083,0.726190,-0.051869,-0.159815,0.666647,-0.557133,-1.205816,-0.368005,-0.009344,-0.053863,0.269858,0.162955,-0.984802,0.060083,0.000000,0.000000,0.000000,-1,0.091660,-1.051300,0.374054,-0.538080,-1.330000,-0.323138,143.668930,195.225189,-740.154541,0,0
2.640000,1.745788,1.390888,-2.096037,0.925536,-0.335163,-0.176207,0.154819,-0.089724,0.983860,-0.345563,-0.937878,-0.031153,0.715265,-0.063034,-0.182370,0.671688,-0.473798,-1.333899,-0.233253,-0.144377,-0.013973,0.357900,0.176207,-0.983860,0.031153,0.000000,0.000000,0.000000,-1,-0.011322,-1.000046,0.428009,-0.436559,-1.271497,-0.196875,143.844131,195.050568,-740.655518,0,0
2.680000,1.645445,1.387456,-2.027801,0.912790,-0.365732,-0.181807,0.163605,-0.080449,0.983240,-0.374229,-0.927237,-0.013597,0.708314,-0.071341,-0.196253,0.674304,-0.335890,-1.025167,-0.094692,-0.217009,-0.023336,0.405608,0.181807,-0.983240,0.013597,0.000000,0.000000,0.000000,-1,-0.076019,-0.894333,0.453293,-0.227730,-0.979421,0.145214,145.070587,194.875946,-741.824585,0,0
2.720000,1.568619,1.393582,-1.984604,0.900379,-0.397794,-0.176287,0.161408,-0.070885,0.984339,-0.404060,-0.914733,0.000384,0.701940,-0.084190,-0.206694,0.676365,-0.063218,-0.675837,0.249625,-0.264331,0.139154,0.425906,0.176287,-0.984339,-0.000384,0.000000,0.000000,0.000000,-1,-0.113724,-0.927643,0.363495,0.194797,-0.545743,0.174766,147.173050,195.225189,-740.822571,0,0
2.760000,1.656721,1.403584,-2.084153,0.897929,-0.407711,-0.165820,0.144981,-0.081736,0.986053,-0.415578,-0.909446,-0.014283,0.706036,-0.093030,-0.205867,0.671176,0.677737,0.446986,0.281067,-0.273028,0.067504,0.337493,0.165820,-0.986053,0.014283,0.000000,0.000000,0.000000,-1,-0.095062,-0.963058,0.261948,0.767395,0.706659,0.362781,146.297028,196.447525,-739.319519,0,0
2.800000,1.858176,1.413187,-2.255552,0.912873,-0.379482,-0.150521,0.121575,-0.099273,0.987605,-0.389722,-0.919858,-0.044488,0.717048,-0.089920,-0.188356,0.665040,0.986390,1.525876,0.714239,-0.197228,0.022685,0.200400,0.150521,-0.987605,0.044488,0.000000,0.000000,0.000000,-1,0.109253,-1.004883,0.209396,1.135954,1.919034,1.432921,142.617691,198.368347,-737.482483,0,0
2.840000,2.422418,1.441326,-2.743673,0.946703,-0.310675,-0.085052,0.050030,-0.119022,0.991630,-0.318198,-0.943035,-0.097135,0.735333,-0.088615,-0.137098,0.657751,0.995048,2.141736,2.044203,0.023712,-0.247048,0.074816,0.085052,-0.991630,0.097135,0.000000,0.000000,0.000000,-1,0.141998,-1.360641,0.116562,0.669726,1.095064,2.020441,140.164810,199.765305,-736.146484,0,0
2.880000,-3.089816,1.426329,2.791072,0.955522,-0.294826,0.007451,-0.049436,-0.135211,0.989583,-0.290747,-0.945936,-0.143772,0.747413,-0.115151,-0.094759,0.647406,1.431854,-0.802688,1.190001,0.353474,-0.361720,-0.000339,-0.007451,-0.989583,0.143772,0.000000,0.000000,0.000000,-1,0.360077,-1.437546,0.155823,1.966042,-0.787581,0.788183,136.835892,200.289169,-734.643433,0,0
2.920000,-3.032367,1.355963,2.722213,0.951266,-0.307494,0.023239,-0.086807,-0.194710,0.977012,-0.295900,-0.931416,-0.211914,0.767771,-0.128391,-0.088783,0.621418,2.749534,0.102420,0.261914,0.237457,-0.418114,-0.204941,-0.023239,-0.977012,0.211914,0.000000,0.000000,0.000000,-1,-0.235321,-1.344864,-0.124527,2.270665,0.438717,-0.165291,137.887131,204.480057,-728.631348,0,0
2.960000,-3.037314,1.268211,2.771824,0.963255,-0.266792,0.031018,-0.107693,-0.277848,0.954569,-0.246053,-0.922834,-0.296370,0.796472,-0.117545,-0.067496,0.589287,1.736904,2.746107,-0.123918,-0.201999,-0.256185,-0.344863,-0.031018,-0.954569,0.296370,0.000000,0.000000,0.000000,-1,-0.222244,-1.031433,-0.074448,0.927661,3.347150,0.031046,136.310287,207.099350,-728.464355,0,0
3.000000,-2.887631,1.236556,2.761720,0.986928,-0.138491,0.082420,-0.121642,-0.304665,0.944660,-0.105716,-0.942337,-0.317529,0.807639,-0.080523,-0.007211,0.584109,-0.222049,1.381561,0.568656,-0.228936,0.136814,-0.307992,-0.082420,-0.944660,0.317529,0.000000,0.000000,0.000000,-1,-0.344772,-0.690140,0.309723,-0.353685,0.633103,0.813721,134.733429,207.972458,-729.633423,0,0
3.040000,-2.778665,1.237625,2.665513,0.984658,-0.130262,0.116104,-0.149882,-0.290674,0.945010,-0.089350,-0.947914,-0.305738,0.803285,-0.087187,0.008326,0.589119,-0.345591,0.448565,1.269900,-0.070206,0.278598,0.117602,-0.116104,-0.945010,0.305738,0.000000,0.000000,0.000000,-1,0.195175,-0.590363,0.519867,0.087778,0.510686,1.187028,132.280548,207.972458,-727.629395,0,0
3.080000,-2.652208,1.210445,2.557989,0.978928,-0.119275,0.165753,-0.194297,-0.294241,0.935773,-0.062843,-0.948259,-0.311216,0.803801,-0.097528,0.032007,0.585976,0.924687,0.760738,0.864106,0.367565,0.359830,0.172381,-0.165753,-0.935773,0.311216,0.000000,0.000000,0.000000,-1,0.110748,-0.586792,0.199554,1.449526,0.403796,0.593839,132.455750,210.591751,-727.462341,0,0
3.120000,-2.656707,1.145910,2.578865,0.974862,-0.112816,0.192138,-0.219916,-0.348655,0.911085,-0.035796,-0.930436,-0.364701,0.819789,-0.101469,0.047677,0.561584,0.755675,0.082206,0.162723,0.140395,0.151991,-0.290894,-0.192138,-0.911085,0.364701,0.000000,0.000000,0.000000,-1,0.004562,-0.765244,0.223465,0.518139,0.235452,0.050667,133.857391,211.290237,-726.126343,0,0
3.160000,-2.663901,1.135344,2.598833,0.975725,-0.101759,0.193924,-0.217871,-0.361199,0.906679,-0.022218,-0.926920,-0.374601,0.823335,-0.097053,0.052137,0.556759,0.324702,0.409123,-0.290337,0.229523,0.150087,-0.106779,-0.193924,-0.906679,0.374601,0.000000,0.000000,0.000000,-1,-0.043655,-0.731461,0.347015,0.166068,0.346879,-0.580995,133.506989,212.337952,-725.458313,0,0
3.200000,-2.697956,1.141902,2.656557,0.981017,-0.075780,0.178500,-0.193893,-0.367898,0.909426,-0.003246,-0.926773,-0.375608,0.825307,-0.081689,0.053088,0.556217,-0.090857,0.536568,-0.844784,0.082797,0.220507,-0.004575,-0.178500,-0.909426,0.375608,0.000000,0.000000,0.000000,-1,-0.242508,-0.646362,0.407211,-0.395503,0.684463,-0.990115,137.536728,211.814087,-725.291321,0,0
3.240000,-2.725171,1.163864,2.710573,0.986093,-0.044607,0.160095,-0.165362,-0.359595,0.918339,0.016605,-0.932042,-0.361970,0.822748,-0.063801,0.053692,0.562256,-0.579277,0.857536,-1.022745,-0.197876,0.268071,0.044081,-0.160095,-0.918339,0.361970,0.000000,0.000000,0.000000,-1,-0.813934,-0.953033,0.378937,-0.886674,0.456586,-0.938997,136.135071,211.464859,-725.959351,0,1
3.280000,-2.770400,1.213974,2.767372,0.991644,-0.024294,0.126700,-0.127685,-0.325124,0.937012,0.018429,-0.945359,-0.325509,0.812754,-0.046748,0.044641,0.579010,-0.460943,-0.759294,-0.322145,-0.824640,-0.106155,0.140753,-0.126700,-0.937012,0.325509,0.000000,0.000000,0.000000,-1,-0.451935,-1.200745,0.729767,0.404914,-0.252518,0.576403,139.639191,209.718658,-724.957336,0,0
3.320000,-2.761828,1.190953,2.748351,0.989784,-0.037883,0.137447,-0.142075,-0.342474,0.928723,0.011889,-0.938763,-0.344358,0.818018,-0.054998,0.045640,0.570735,1.119180,0.227797,0.388886,0.069164,-0.113086,0.284594,-0.137447,-0.928723,0.344358,0.000000,0.000000,0.000000,-1,0.016785,-0.817261,0.624863,0.814309,1.161613,-0.261000,139.639191,210.417130,-723.621338,0,0
3.360000,-2.763348,1.169714,2.784388,0.989531,-0.006419,0.144176,-0.136511,-0.365771,0.920639,0.046826,-0.930683,-0.362818,0.824336,-0.043347,0.057926,0.561458,0.276491,1.391484,-0.589953,0.052486,0.194244,0.211858,-0.144176,-0.920639,0.362818,0.000000,0.000000,0.000000,-1,-0.452759,-1.653152,0.190094,-0.383346,1.611412,-0.774243,137.887131,212.163330,-723.287292,0,0
3.400000,-2.748488,1.194534,2.855043,0.986754,0.080649,0.140753,-0.103857,-0.352464,0.930045,0.124618,-0.932344,-0.339419,0.818327,-0.007090,0.081071,0.568962,-0.183039,1.057942,-0.301498,-0.209543,-0.924234,-0.367084,-0.140753,-0.930045,0.339419,0.000000,0.000000,0.000000,-1,0.166565,-1.002975,0.036072,-0.504938,0.336645,1.082656,138.412750,210.940994,-723.120300,0,0
3.440000,-2.626611,1.202987,2.742465,0.980495,0.085243,0.177096,-0.139735,-0.331310,0.933117,0.138216,-0.939664,-0.312936,0.810053,-0.016817,0.097312,0.577981,-1.189088,0.138473,0.944462,0.469973,0.120938,-0.224328,-0.177096,-0.933117,0.312936,0.000000,0.000000,0.000000,-1,0.267075,-0.596664,0.161270,-1.087135,-0.158377,0.447758,137.536728,209.369415,-721.951294,0,0
3.480000,-2.545044,1.238095,2.639221,0.980735,0.067038,0.183479,-0.157258,-0.286244,0.945164,0.115881,-0.955809,-0.270187,0.796424,-0.028321,0.093970,0.596721,-0.711054,-0.832540,-0.377562,0.437157,0.256000,-0.162277,-0.183479,-0.945164,0.270187,0.000000,0.000000,0.000000,-1,0.231232,-1.149490,0.148834,-0.704688,-1.087590,-0.573433,140.340012,207.623215,-722.285278,0,0
3.520000,-2.572093,1.266633,2.636514,0.985949,0.042716,0.161491,-0.144919,-0.262099,0.954098,0.083082,-0.964095,-0.252226,0.790613,-0.032318,0.077336,0.606553,-1.012784,-0.991443,-0.288421,0.412117,-0.509861,-0.055876,-0.161491,-0.954098,0.252226,0.000000,0.000000,0.000000,-1,0.307358,-1.542450,0.148926,-1.280567,-1.148077,0.102266,141.741669,204.829285,-721.951294,0,0
3.560000,-2.536860,1.318609,2.526432,0.989568,-0.025114,0.141864,-0.143997,-0.203780,0.968369,0.004589,-0.978694,-0.205271,0.774374,-0.054596,0.047281,0.628593,-0.863545,-1.748467,-0.311115,0.449649,-0.060577,-0.104853,-0.141864,-0.968369,0.205271,0.000000,0.000000,0.000000,-1,0.192261,-0.794830,0.141541,-0.655569,-2.004304,-0.328373,144.720169,203.606949,-722.118286,0,0
3.600000,-2.628844,1.342682,2.539771,0.988841,-0.099431,0.110939,-0.128029,-0.186409,0.974095,-0.076175,-0.977428,-0.197059,0.770115,-0.073839,0.011285,0.633516,-0.363361,-1.601364,-0.493869,0.196632,0.196903,0.119515,-0.110939,-0.974095,0.197059,0.000000,0.000000,0.000000,-1,0.073349,-0.755096,0.378220,-0.478525,-1.045308,-0.660150,149.801147,202.035370,-723.287292,0,0
3.640000,-2.710591,1.367446,2.604859,0.990014,-0.112932,0.084372,-0.103264,-0.173554,0.979396,-0.095963,-0.978328,-0.183482,0.766004,-0.070560,-0.003783,0.638940,-0.571380,-0.087073,-0.990912,0.195455,0.289103,0.314397,-0.084371,-0.979396,0.183482,0.000000,0.000000,0.000000,-1,0.041138,-0.749817,0.533783,0.077575,-0.070607,-1.128077,150.677170,201.162277,-723.120300,0,0
3.680000,-2.994826,1.373038,2.907267,0.995507,-0.090219,0.028732,-0.045618,-0.191102,0.980510,-0.082970,-0.977415,-0.194359,0.771519,-0.044016,-0.017575,0.634438,0.653040,0.937711,-1.297300,-0.029816,0.177882,0.296378,-0.028732,-0.980510,0.194359,0.000000,0.000000,0.000000,-1,-0.059891,-0.794174,0.271591,0.697774,1.250166,-1.301495,152.429230,201.511505,-720.448242,0,0
3.720000,3.064557,1.359998,-3.136161,0.997428,-0.069839,-0.016103,0.001137,-0.209237,0.977864,-0.071662,-0.975368,-0.208620,0.777059,-0.022103,-0.028236,0.628405,-0.819134,-3.131932,-0.941464,-0.122640,-0.046519,-1.639375,0.016103,-0.977864,0.208620,0.000000,0.000000,0.000000,-1,0.152222,-0.792770,0.020813,-1.146547,-4.215789,-0.951211,155.582947,202.908463,-721.450256,0,0
3.760000,2.710508,1.374532,-2.882361,0.983213,-0.163254,-0.081485,0.049988,-0.188491,0.980802,-0.175480,-0.968411,-0.177167,0.766301,-0.036952,-0.083833,0.635916,-0.512269,-0.548739,-1.303282,0.058102,0.133115,0.614932,0.081485,-0.980802,0.177167,0.000000,0.000000,0.000000,-1,-0.005341,-0.897171,0.306686,-0.638692,-0.907167,-1.155765,158.736649,202.559235,-721.784302,0,0
3.800000,2.419607,1.371703,-2.620650,0.973361,-0.188368,-0.130709,0.098435,-0.171545,0.980246,-0.207070,-0.967000,-0.148433,0.757189,-0.029693,-0.111524,0.642920,-0.738803,-1.341143,-0.878104,-0.252260,-0.028909,0.062687,0.130709,-0.980246,0.148433,0.000000,0.000000,0.000000,-1,-0.167404,-1.035843,0.347000,-0.734399,-1.606276,-0.734577,162.941589,201.511505,-724.790283,0,0
3.840000,2.224518,1.371241,-2.470903,0.960009,-0.231558,-0.157363,0.123207,-0.155295,0.980155,-0.251401,-0.960346,-0.120555,0.747639,-0.036231,-0.136685,0.648876,-0.674332,-1.754225,-0.612085,-0.349807,-0.062265,0.262273,0.157363,-0.980155,0.120555,0.000000,0.000000,0.000000,-1,-0.140350,-0.938126,0.440079,-0.622407,-1.925156,-0.573751,166.620926,200.289169,-724.623291,0,0
3.880000,1.965773,1.359007,-2.293297,0.931371,-0.308062,-0.194025,0.157690,-0.139004,0.977656,-0.328149,-0.941157,-0.080886,0.733359,-0.051261,-0.178007,0.654118,-0.350545,-1.315196,-0.547430,-0.268198,0.066569,0.390153,0.194025,-0.977656,0.080886,0.000000,0.000000,0.000000,-1,0.018311,-0.850739,0.582031,-0.277167,-1.032419,-0.551801,172.577927,202.035370,-727.629395,0,0
3.920000,1.847961,1.342360,-2.212600,0.914237,-0.341654,-0.217813,0.181394,-0.135565,0.974022,-0.362306,-0.929997,-0.061965,0.726596,-0.055141,-0.199602,0.655116,-0.242625,-0.922822,-0.484439,-0.051431,0.074775,0.542436,0.217813,-0.974022,0.061965,0.000000,0.000000,0.000000,-1,0.201706,-1.010239,0.728836,-0.048705,-0.808403,-0.346842,173.629166,200.289169,-727.629395,0,1
3.960000,1.853097,1.332495,-2.229095,0.908672,-0.350597,-0.226709,0.186726,-0.144410,0.971740,-0.373428,-0.925326,-0.065756,0.727812,-0.056289,-0.206144,0.651634,0.626867,0.090259,-0.173096,-0.159219,-0.033387,0.562006,0.226709,-0.971740,0.065756,0.000000,0.000000,0.000000,-1,-0.069702,-0.630035,0.244217,0.905743,0.048736,-0.032541,174.329987,200.987656,-726.627319,0,0
4.000000,2.122889,1.327155,-2.483470,0.920312,-0.332924,-0.205397,0.147549,-0.190853,0.970466,-0.362292,-0.923437,-0.126522,0.747945,-0.061961,-0.189750,0.633036,1.470130,1.465014,1.003833,-0.382231,0.044196,0.195698,0.205397,-0.970466,0.126522,0.000000,0.000000,0.000000,-1,-0.048462,-0.972122,0.218658,1.363133,2.643019,2.043042,169.424210,201.336884,-721.951294,0,0
4.040000,2.653822,1.351773,-2.913776,0.963873,-0.246129,-0.101828,0.049072,-0.211662,0.976110,-0.261802,-0.945843,-0.191938,0.769330,-0.064035,-0.118165,0.624554,0.866048,3.428479,3.097154,-0.151831,-0.428431,-0.017896,0.101828,-0.976110,0.191938,0.000000,0.000000,0.000000,-1,-0.002487,-1.946213,0.017883,0.750693,2.569438,3.177665,160.663910,200.289169,-720.615234,0,0
4.080000,-3.041101,1.354678,2.824797,0.975970,-0.216839,0.021513,-0.066803,-0.203769,0.976737,-0.207411,-0.954704,-0.213358,0.773482,-0.091677,-0.060085,0.624268,0.122792,-0.226062,2.405958,0.208494,-0.864953,-0.107584,-0.021513,-0.976737,0.213358,0.000000,0.000000,0.000000,-1,0.519684,-1.845398,0.192017,0.318371,-0.938429,2.019663,157.860626,198.892212,-718.611206,0,0
4.120000,-2.893201,1.303464,2.640825,0.964129,-0.257365,0.064942,-0.126823,-0.231724,0.964479,-0.233175,-0.938119,-0.256052,0.782928,-0.122677,-0.053719,0.607526,2.161575,-0.398744,0.354692,0.746430,-0.556899,-0.058314,-0.064942,-0.964479,0.256052,0.000000,0.000000,0.000000,-1,0.298126,-1.088531,0.264771,3.109899,1.441111,-0.551366,157.860626,202.384613,-714.269165,0,0
4.160000,-2.958702,1.165508,2.807864,0.983819,-0.164187,0.071709,-0.129155,-0.372531,0.918989,-0.124172,-0.913380,-0.387708,0.828260,-0.088542,-0.015835,0.553078,2.238277,1.508260,-0.562111,-0.395988,-0.268145,-1.247221,-0.071709,-0.918989,0.387708,0.000000,0.000000,0.000000,-1,-0.618042,-1.134262,-0.685043,1.208052,1.103473,-0.151260,156.108551,205.527771,-709.593140,0,0
4.200000,-2.916731,1.144038,2.812755,0.988141,-0.122715,0.092293,-0.133673,-0.391743,0.910312,-0.075554,-0.911854,-0.403501,0.834174,-0.076839,0.005017,0.546099,-0.086931,1.986855,0.462316,-0.399529,0.052295,-0.479414,-0.092293,-0.910312,0.403501,0.000000,0.000000,0.000000,-1,-0.359482,-0.630936,0.144547,-0.486751,1.992230,0.772888,153.480469,206.750107,-708.090088,0,0
4.240000,-2.762186,1.157630,2.710374,0.985632,-0.080101,0.148708,-0.167823,-0.364756,0.915854,-0.019119,-0.927651,-0.372958,0.825128,-0.075117,0.039263,0.558551,-0.621531,0.621150,1.073245,0.257564,0.425330,-0.110904,-0.148708,-0.915854,0.372958,0.000000,0.000000,0.000000,-1,0.260773,-0.456802,0.492172,0.124798,0.183741,0.920039,149.450729,205.178528,-708.925110,0,0
