0.000000,-1.199531,-1.440052,-1.080045,0.985855,0.115453,0.121490,0.114986,0.061443,-0.991465,-0.121932,0.991411,0.047298,-0.685039,-0.084097,0.000162,0.723636,0.004806,-0.010345,-0.000603,-0.002595,0.008443,-0.000767,-0.121490,0.991465,-0.047298,0.000000,0.000000,0.000000,-1,-0.124802,1.001495,-0.044891,0.006309,-0.113435,0.004697,132.806152,311.871368,-760.528809,0,0
0.040000,-1.200108,-1.439926,-1.080351,0.985807,0.115717,0.121633,0.115114,0.061467,-0.991449,-0.122204,0.991378,0.047273,-0.685030,-0.084241,0.000208,0.723627,0.001476,-0.001844,-0.001627,-0.002329,0.008490,-0.000853,-0.121633,0.991449,-0.047273,0.000000,0.000000,0.000000,-1,-0.119965,1.004761,-0.047760,-0.000074,-0.102838,0.001529,132.981369,311.696747,-761.697876,0,0
0.080000,-1.200948,-1.440010,-1.081301,0.985823,0.115618,0.121595,0.115099,0.061318,-0.991460,-0.122086,0.991399,0.047141,-0.685085,-0.084193,0.000179,0.723582,-0.002769,0.004518,-0.000545,0.000791,0.012401,-0.000222,-0.121595,0.991460,-0.047141,0.000000,0.000000,0.000000,-1,-0.121948,1.000275,-0.047485,-0.000061,-0.101773,0.004715,132.280548,310.299805,-760.361816,0,0
0.120000,-1.201434,-1.440208,-1.081891,0.985853,0.115530,0.121435,0.114962,0.061158,-0.991485,-0.121973,0.991419,0.047011,-0.685143,-0.084104,0.000196,0.723537,-0.000645,0.002396,-0.000557,0.002539,0.010651,-0.000154,-0.121435,0.991485,-0.047011,0.000000,0.000000,0.000000,-1,-0.117050,1.002197,-0.045792,0.002064,-0.098594,0.003613,130.703690,312.220612,-761.530823,0,0
0.160000,-1.201191,-1.440422,-1.081904,0.985907,0.115288,0.121226,0.114776,0.061057,-0.991513,-0.121711,0.991454,0.046964,-0.685180,-0.083943,0.000177,0.723521,-0.000641,0.012996,-0.001667,0.000300,0.009097,0.000654,-0.121226,0.991513,-0.046964,0.000000,0.000000,0.000000,-1,-0.122345,1.002090,-0.046585,-0.002181,-0.082693,0.002525,131.754929,310.125183,-761.530823,0,0
0.200000,-1.201751,-1.440446,-1.083308,0.986003,0.114460,0.121230,0.114840,0.060885,-0.991516,-0.120870,0.991560,0.046888,-0.685243,-0.083657,-0.000131,0.723494,-0.002852,0.018308,-0.002701,0.000594,0.011505,0.001676,-0.121230,0.991516,-0.046888,0.000000,0.000000,0.000000,-1,-0.121872,1.002121,-0.045853,0.001010,-0.092231,0.004660,131.229309,310.998291,-761.029846,0,0
0.240000,-1.202060,-1.440460,-1.084146,0.986063,0.113941,0.121232,0.114879,0.060782,-0.991518,-0.120343,0.991626,0.046845,-0.685280,-0.083477,-0.000324,0.723479,0.000332,0.006647,-0.001619,-0.001052,0.010496,-0.000320,-0.121232,0.991518,-0.046845,0.000000,0.000000,0.000000,-1,-0.124619,1.001312,-0.045441,0.001012,-0.094350,0.005733,130.353271,310.823669,-761.864868,0,0
0.280000,-1.202256,-1.440386,-1.084601,0.986083,0.113683,0.121309,0.114971,0.060764,-0.991509,-0.120088,0.991657,0.046848,-0.685287,-0.083415,-0.000445,0.723480,-0.000725,0.009828,-0.000559,-0.001692,0.008446,0.000812,-0.121309,0.991509,-0.046848,0.000000,0.000000,0.000000,-1,-0.121063,1.000717,-0.044556,-0.000056,-0.095412,0.004686,130.353271,310.823669,-761.530823,0,0
0.320000,-1.202892,-1.440493,-1.085666,0.986139,0.113269,0.121240,0.114942,0.060592,-0.991522,-0.119655,0.991715,0.046733,-0.685349,-0.083247,-0.000578,0.723440,0.001313,0.009834,-0.000557,0.000391,0.009332,-0.000585,-0.121240,0.991522,-0.046733,0.000000,0.000000,0.000000,-1,-0.121429,1.002365,-0.049271,0.002062,-0.095415,0.002535,132.455750,309.775940,-761.530823,0,0
0.360000,-1.202116,-1.440435,-1.085149,0.986168,0.113005,0.121257,0.114962,0.060678,-0.991515,-0.119404,0.991740,0.046847,-0.685318,-0.083161,-0.000676,0.723480,-0.000821,0.003471,-0.001568,-0.003651,0.011888,-0.003446,-0.121257,0.991515,-0.046847,0.000000,0.000000,0.000000,-1,-0.126450,1.002930,-0.040146,0.002064,-0.098594,0.003613,130.878891,310.998291,-761.697876,0,0
0.400000,-1.204094,-1.440238,-1.087237,0.986146,0.112897,0.121532,0.115261,0.060529,-0.991489,-0.119292,0.991761,0.046677,-0.685372,-0.083224,-0.000817,0.723421,-0.001881,0.003472,-0.000494,-0.008580,0.011303,-0.006148,-0.121532,0.991489,-0.046677,0.000000,0.000000,0.000000,-1,-0.122223,1.000504,-0.049057,-0.002190,-0.100715,0.003670,131.754929,311.172913,-761.864868,0,0
0.440000,-1.204740,-1.440130,-1.087853,0.986127,0.112924,0.121662,0.115393,0.060507,-0.991475,-0.119323,0.991760,0.046637,-0.685380,-0.083281,-0.000853,0.723407,0.001299,-0.003952,-0.001560,-0.003765,0.009013,-0.002008,-0.121662,0.991475,-0.046637,0.000000,0.000000,0.000000,-1,-0.123596,0.998947,-0.046280,0.004188,-0.107074,0.004692,131.579712,309.950562,-761.029846,0,0
0.480000,-1.204458,-1.440001,-1.087513,0.986108,0.112973,0.121768,0.115486,0.060606,-0.991459,-0.119388,0.991748,0.046717,-0.685344,-0.083337,-0.000868,0.723435,0.004493,0.003468,-0.001629,-0.000943,0.009411,0.004405,-0.121768,0.991458,-0.046717,0.000000,0.000000,0.000000,-1,-0.118256,1.003021,-0.044785,0.000998,-0.097536,0.002557,131.404510,311.871368,-761.196838,0,0
0.520000,-1.204945,-1.440192,-1.088229,0.986152,0.112761,0.121614,0.115361,0.060435,-0.991483,-0.119150,0.991782,0.046590,-0.685406,-0.083207,-0.000899,0.723391,0.000160,0.008768,-0.001581,0.002138,0.011217,0.002721,-0.121614,0.991483,-0.046590,0.000000,0.000000,0.000000,-1,-0.121490,1.002350,-0.045700,0.001002,-0.096474,0.003616,131.404510,310.823669,-760.862854,0,0
0.560000,-1.205350,-1.440252,-1.088623,0.986154,0.112777,0.121577,0.115332,0.060362,-0.991491,-0.119156,0.991785,0.046520,-0.685433,-0.083199,-0.000883,0.723366,0.004397,-0.009257,-0.001546,-0.002812,0.012156,-0.000493,-0.121577,0.991491,-0.046520,0.000000,0.000000,0.000000,-1,-0.123001,1.002487,-0.049530,0.004173,-0.115559,0.002603,131.930130,310.998291,-761.363831,0,0
0.600000,-1.203985,-1.440117,-1.086748,0.986091,0.113265,0.121639,0.115337,0.060641,-0.991474,-0.119676,0.991713,0.046734,-0.685331,-0.083391,-0.000716,0.723441,0.005461,-0.014557,-0.000470,-0.000401,0.009182,-0.002964,-0.121639,0.991474,-0.046734,0.000000,0.000000,0.000000,-1,-0.124802,0.999207,-0.047928,0.007375,-0.115554,0.005759,130.878891,311.347504,-761.363831,0,0
0.640000,-1.202941,-1.440025,-1.085277,0.986039,0.113675,0.121675,0.115329,0.060853,-0.991462,-0.120109,0.991653,0.046893,-0.685254,-0.083547,-0.000572,0.723496,0.007586,-0.016678,-0.000484,-0.000715,0.010537,-0.001416,-0.121675,0.991462,-0.046893,0.000000,0.000000,0.000000,-1,-0.124863,1.001953,-0.043350,0.008437,-0.121914,0.006840,132.455750,309.077454,-760.194824,0,0
0.680000,-1.203486,-1.439797,-1.084876,0.985903,0.114597,0.121912,0.115504,0.061005,-0.991432,-0.121052,0.991537,0.046908,-0.685199,-0.083954,-0.000313,0.723501,0.004318,-0.016685,-0.000427,-0.004111,0.010277,0.000735,-0.121912,0.991432,-0.046908,0.000000,0.000000,0.000000,-1,-0.121948,1.001587,-0.045029,0.003109,-0.117679,0.002624,132.105331,311.871368,-761.196838,0,0
0.720000,-1.203318,-1.439958,-1.084435,0.985890,0.114875,0.121755,0.115336,0.060981,-0.991453,-0.121318,0.991506,0.046871,-0.685208,-0.083993,-0.000159,0.723489,-0.000988,0.001336,-0.001512,0.004262,0.011446,-0.000080,-0.121755,0.991453,-0.046871,0.000000,0.000000,0.000000,-1,-0.118805,1.000687,-0.043594,0.000999,-0.100715,0.003635,132.105331,311.522125,-761.196838,0,0
0.760000,-1.204280,-1.440143,-1.085428,0.985907,0.114860,0.121629,0.115235,0.060781,-0.991477,-0.121274,0.991520,0.046689,-0.685281,-0.083942,-0.000129,0.723425,0.000077,0.001336,-0.000459,0.001619,0.011270,0.002911,-0.121629,0.991477,-0.046689,0.000000,0.000000,0.000000,-1,-0.121384,1.002441,-0.044235,0.001010,-0.107069,0.007918,131.754929,311.871368,-759.860840,0,0
0.800000,-1.206472,-1.440381,-1.087418,0.985896,0.115085,0.121510,0.115146,0.060442,-0.991508,-0.121452,0.991515,0.046338,-0.685404,-0.083976,-0.000021,0.723304,-0.001040,-0.001854,-0.000417,-0.001903,0.011223,0.005185,-0.121510,0.991508,-0.046338,0.000000,0.000000,0.000000,-1,-0.123520,1.002853,-0.040314,0.000998,-0.102835,0.003644,131.054092,309.775940,-761.530823,0,0
0.840000,-1.208548,-1.440366,-1.089588,0.985892,0.115003,0.121620,0.115290,0.060199,-0.991506,-0.121348,0.991539,0.046091,-0.685493,-0.083988,-0.000099,0.723219,-0.001035,0.006626,-0.000456,-0.002526,0.010951,0.004938,-0.121620,0.991506,-0.046091,0.000000,0.000000,0.000000,-1,-0.122543,1.001602,-0.044983,0.001010,-0.096471,0.005743,131.229309,310.998291,-762.031860,0,0
0.880000,-1.209352,-1.440431,-1.090556,0.985913,0.114850,0.121597,0.115292,0.060057,-0.991515,-0.121178,0.991566,0.045970,-0.685545,-0.083927,-0.000153,0.723177,0.000031,0.001328,0.001684,-0.001313,0.009737,0.001292,-0.121597,0.991514,-0.045970,0.000000,0.000000,0.000000,-1,-0.121994,1.001328,-0.043274,0.003135,-0.103890,0.006817,132.630951,311.696747,-761.363831,0,0
0.920000,-1.210387,-1.440466,-1.091549,0.985905,0.114899,0.121612,0.115320,0.059927,-0.991519,-0.121213,0.991568,0.045832,-0.685592,-0.083949,-0.000146,0.723129,0.001089,0.000265,0.000613,-0.003465,0.009869,0.001414,-0.121612,0.991519,-0.045832,0.000000,0.000000,0.000000,-1,-0.121262,1.002213,-0.041534,0.002064,-0.098594,0.003613,131.579712,313.442932,-762.365845,0,0
0.960000,-1.211703,-1.440607,-1.093119,0.985941,0.114664,0.121541,0.115290,0.059682,-0.991537,-0.120947,0.991610,0.045623,-0.685682,-0.083841,-0.000217,0.723057,0.000022,0.008742,-0.001540,0.001241,0.008585,0.002166,-0.121541,0.991537,-0.045623,0.000000,0.000000,0.000000,-1,-0.120850,1.000839,-0.042801,0.001010,-0.092231,0.004660,131.579712,310.649048,-761.363831,0,0
1.000000,-1.211325,-1.440639,-1.093040,0.985981,0.114369,0.121494,0.115257,0.059676,-0.991541,-0.120652,0.991644,0.045657,-0.685684,-0.083722,-0.000307,0.723069,0.002100,0.008726,-0.000483,-0.001034,0.010885,-0.002057,-0.121494,0.991542,-0.045657,0.000000,0.000000,0.000000,-1,-0.122055,1.002869,-0.042389,0.002072,-0.093292,0.004653,131.229309,310.649048,-760.027832,0,0
1.040000,-1.210828,-1.440569,-1.092935,0.986021,0.113976,0.121537,0.115313,0.059720,-0.991532,-0.120269,0.991687,0.045742,-0.685667,-0.083601,-0.000462,0.723098,0.002107,0.007668,0.001649,-0.004119,0.009780,-0.003467,-0.121537,0.991532,-0.045742,0.000000,0.000000,0.000000,-1,-0.124039,0.999664,-0.047974,0.002077,-0.097529,0.006800,132.806152,309.426697,-761.530823,0,0
1.080000,-1.210024,-1.440482,-1.091884,0.986041,0.113780,0.121560,0.115326,0.059881,-0.991521,-0.120094,0.991700,0.045923,-0.685609,-0.083541,-0.000535,0.723161,0.002100,0.002365,0.000609,-0.002036,0.009562,-0.002905,-0.121560,0.991521,-0.045923,0.000000,0.000000,0.000000,-1,-0.123154,0.999847,-0.047836,0.002069,-0.102832,0.005760,131.054092,311.172913,-762.198853,0,0
1.120000,-1.209120,-1.440486,-1.091422,0.986046,0.113769,0.121535,0.115295,0.059932,-0.991522,-0.120088,0.991698,0.045979,-0.685590,-0.083528,-0.000528,0.723180,0.003167,0.002366,0.001661,-0.001557,0.007761,0.000752,-0.121535,0.991522,-0.045979,0.000000,0.000000,0.000000,-1,-0.118546,1.003464,-0.046722,0.003133,-0.095412,0.004651,132.105331,312.220612,-762.198853,0,0
1.160000,-1.207080,-1.440690,-1.089992,0.986150,0.113168,0.121253,0.115030,0.060004,-0.991548,-0.119487,0.991762,0.046155,-0.685564,-0.083215,-0.000644,0.723241,-0.000063,0.018241,-0.000485,-0.000375,0.012480,-0.000186,-0.121253,0.991548,-0.046155,0.000000,0.000000,0.000000,-1,-0.122375,1.004013,-0.048553,0.001013,-0.087991,0.004641,132.806152,310.474426,-760.528809,0,0
1.200000,-1.206007,-1.440668,-1.089276,0.986194,0.112808,0.121223,0.115006,0.060096,-0.991545,-0.119140,0.991798,0.046293,-0.685530,-0.083080,-0.000760,0.723288,-0.000066,0.002341,0.001714,-0.000756,0.011247,-0.003344,-0.121223,0.991545,-0.046293,0.000000,0.000000,0.000000,-1,-0.123291,1.000626,-0.050476,0.002072,-0.103890,0.006828,131.579712,310.998291,-761.029846,0,0
1.240000,-1.204724,-1.440588,-1.087866,0.986180,0.112921,0.121238,0.114992,0.060295,-0.991535,-0.119276,0.991773,0.046477,-0.685457,-0.083125,-0.000716,0.723352,-0.000067,-0.006140,0.002816,-0.004693,0.009503,-0.005357,-0.121238,0.991535,-0.046477,0.000000,0.000000,0.000000,-1,-0.126022,1.002838,-0.050934,-0.000053,-0.107069,0.007930,130.178070,310.998291,-761.029846,0,0
1.280000,-1.202676,-1.440479,-1.085679,0.986165,0.113041,0.121243,0.114956,0.060597,-0.991521,-0.119430,0.991741,0.046764,-0.685347,-0.083168,-0.000662,0.723451,-0.000102,-0.005093,0.002824,-0.001758,0.010600,-0.005726,-0.121243,0.991521,-0.046764,0.000000,0.000000,0.000000,-1,-0.123962,1.000885,-0.049927,-0.000054,-0.109190,0.007939,132.455750,310.125183,-761.196838,0,0
1.320000,-1.201983,-1.440368,-1.084782,0.986135,0.113232,0.121313,0.114998,0.060751,-0.991506,-0.119640,0.991710,0.046887,-0.685291,-0.083260,-0.000610,0.723494,-0.001165,-0.006154,0.002840,-0.003946,0.009775,-0.002765,-0.121313,0.991506,-0.046887,0.000000,0.000000,0.000000,-1,-0.124222,1.000839,-0.047012,0.003133,-0.111310,0.007914,131.054092,310.474426,-759.860840,0,0
1.360000,-1.201056,-1.440319,-1.083605,0.986107,0.113471,0.121315,0.114970,0.060909,-0.991500,-0.119895,0.991673,0.047018,-0.685234,-0.083344,-0.000518,0.723539,-0.001164,-0.000855,0.001752,-0.003013,0.010896,-0.002558,-0.121315,0.991500,-0.047018,0.000000,0.000000,0.000000,-1,-0.118759,1.002838,-0.047272,-0.001125,-0.103894,0.004736,131.930130,309.950562,-760.027832,0,0
1.400000,-1.201707,-1.440497,-1.084180,0.986113,0.113560,0.121181,0.114849,0.060761,-0.991523,-0.119960,0.991671,0.046875,-0.685288,-0.083326,-0.000445,0.723490,-0.003291,-0.007215,0.002868,-0.000737,0.011712,-0.002243,-0.121181,0.991523,-0.046875,0.000000,0.000000,0.000000,-1,-0.120850,1.000595,-0.041351,-0.004311,-0.109191,0.006923,131.054092,310.823669,-761.196838,0,0
1.440000,-1.204693,-1.440855,-1.086843,0.986096,0.113915,0.120989,0.114695,0.060289,-0.991570,-0.120249,0.991659,0.046385,-0.685460,-0.083379,-0.000270,0.723321,-0.001164,-0.009335,0.003919,0.001726,0.008812,0.007231,-0.120989,0.991570,-0.046385,0.000000,0.000000,0.000000,-1,-0.121368,1.001572,-0.041031,0.000999,-0.116613,0.006898,131.930130,312.045990,-761.697876,0,0
1.480000,-1.206082,-1.440969,-1.087875,0.986059,0.114281,0.120947,0.114657,0.060118,-0.991584,-0.120591,0.991628,0.046177,-0.685522,-0.083491,-0.000130,0.723249,0.000911,-0.009362,0.000720,-0.000589,0.009804,0.005451,-0.120947,0.991584,-0.046177,0.000000,0.000000,0.000000,-1,-0.120361,1.000122,-0.039474,-0.000065,-0.112374,0.005826,132.806152,310.823669,-760.194824,0,0
1.520000,-1.208468,-1.441133,-1.089745,0.986002,0.114812,0.120905,0.114626,0.059829,-0.991605,-0.121081,0.991584,0.045831,-0.685628,-0.083660,0.000064,0.723129,-0.003341,-0.012542,0.001845,-0.002203,0.011355,0.001504,-0.120905,0.991605,-0.045831,0.000000,0.000000,0.000000,-1,-0.121918,1.002777,-0.042328,-0.002189,-0.114492,0.006923,133.156570,310.823669,-760.528809,0,0
1.560000,-1.209674,-1.441389,-1.090497,0.985970,0.115281,0.120723,0.114446,0.059625,-0.991639,-0.121516,0.991542,0.045595,-0.685702,-0.083756,0.000289,0.723047,-0.002273,-0.010421,0.002888,0.003643,0.010345,0.000292,-0.120723,0.991638,-0.045595,0.000000,0.000000,0.000000,-1,-0.119415,1.002075,-0.045441,-0.000056,-0.111310,0.007949,132.630951,312.395233,-761.697876,0,0
1.600000,-1.209568,-1.441572,-1.090130,0.985960,0.115548,0.120549,0.114263,0.059583,-0.991662,-0.121768,0.991513,0.045544,-0.685717,-0.083785,0.000444,0.723030,-0.002270,-0.007241,0.002874,0.000508,0.007453,-0.002002,-0.120549,0.991662,-0.045544,0.000000,0.000000,0.000000,-1,-0.121811,1.000732,-0.048279,0.001011,-0.106009,0.007913,133.156570,311.871368,-761.196838,0,0
1.640000,-1.212294,-1.441848,-1.092782,0.985964,0.115651,0.120416,0.114177,0.059154,-0.991698,-0.121814,0.991527,0.045119,-0.685874,-0.083772,0.000510,0.722883,-0.003373,0.001216,0.000735,-0.001456,0.009447,0.002547,-0.120416,0.991698,-0.045119,0.000000,0.000000,0.000000,-1,-0.119949,1.002441,-0.045563,-0.004313,-0.101773,0.004762,131.579712,310.998291,-760.361816,0,0
1.680000,-1.213193,-1.441963,-1.093623,0.985964,0.115720,0.120349,0.114126,0.059006,-0.991713,-0.121862,0.991528,0.044971,-0.685928,-0.083772,0.000551,0.722831,-0.003373,-0.004084,0.001822,-0.002698,0.011782,-0.002286,-0.120349,0.991713,-0.044971,0.000000,0.000000,0.000000,-1,-0.122986,1.002579,-0.047607,-0.001117,-0.108130,0.007946,132.806152,311.522125,-760.862854,0,0
1.720000,-1.213601,-1.441983,-1.093891,0.985947,0.115862,0.120349,0.114124,0.058966,-0.991715,-0.121999,0.991513,0.044915,-0.685942,-0.083821,0.000601,0.722812,-0.005487,-0.005140,0.005041,-0.002164,0.009872,-0.000877,-0.120349,0.991715,-0.044915,0.000000,0.000000,0.000000,-1,-0.122086,1.000961,-0.046555,-0.005364,-0.106008,0.009047,132.280548,311.696747,-760.361816,0,0
1.760000,-1.214719,-1.442189,-1.094892,0.985949,0.115993,0.120208,0.114001,0.058758,-0.991741,-0.122099,0.991510,0.044709,-0.686018,-0.083815,0.000689,0.722741,-0.001267,0.000144,0.002854,-0.001069,0.008884,0.000413,-0.120208,0.991741,-0.044709,0.000000,0.000000,0.000000,-1,-0.120621,1.001572,-0.041092,0.002075,-0.099650,0.006809,132.105331,310.125183,-761.864868,0,0
1.800000,-1.215447,-1.442463,-1.095994,0.986017,0.115645,0.119986,0.113825,0.058508,-0.991777,-0.121714,0.991566,0.044527,-0.686109,-0.083613,0.000630,0.722678,-0.003395,0.016042,-0.000384,0.004675,0.010116,0.001741,-0.119986,0.991777,-0.044527,0.000000,0.000000,0.000000,-1,-0.116455,1.002213,-0.043839,-0.001108,-0.085869,0.005718,132.105331,311.871368,-761.196838,0,0
1.840000,-1.216295,-1.442738,-1.097471,0.986114,0.115044,0.119768,0.113668,0.058216,-0.991812,-0.121075,0.991653,0.044331,-0.686216,-0.083324,0.000476,0.722610,0.000861,0.011803,0.001716,-0.000136,0.011042,0.003788,-0.119768,0.991812,-0.044331,0.000000,0.000000,0.000000,-1,-0.118164,1.002121,-0.045929,0.002080,-0.098588,0.007868,131.404510,311.172913,-761.864868,0,0
1.880000,-1.214653,-1.442835,-1.096045,0.986159,0.114827,0.119604,0.113499,0.058334,-0.991824,-0.120865,0.991671,0.044494,-0.686173,-0.083188,0.000459,0.722666,0.000856,0.003321,0.001755,-0.001825,0.012372,-0.002732,-0.119604,0.991824,-0.044494,0.000000,0.000000,0.000000,-1,-0.123718,1.004700,-0.046066,-0.002173,-0.094349,0.006832,132.280548,311.347504,-761.029846,0,0
1.920000,-1.214973,-1.442754,-1.096657,0.986182,0.114537,0.119694,0.113607,0.058301,-0.991814,-0.120578,0.991707,0.044483,-0.686185,-0.083120,0.000322,0.722663,-0.002332,0.005440,0.001780,-0.002345,0.010567,-0.000103,-0.119694,0.991814,-0.044483,0.000000,0.000000,0.000000,-1,-0.122513,1.002106,-0.044144,0.001019,-0.100707,0.008953,131.054092,309.426697,-761.864868,0,0
1.960000,-1.215024,-1.442809,-1.096617,0.986177,0.114630,0.119645,0.113555,0.058281,-0.991821,-0.120665,0.991697,0.044458,-0.686192,-0.083135,0.000372,0.722654,-0.000241,-0.008355,0.003958,-0.003768,0.011353,-0.000830,-0.119645,0.991821,-0.044458,0.000000,0.000000,0.000000,-1,-0.123856,1.001099,-0.044861,-0.002188,-0.108133,0.005831,131.579712,311.347504,-759.359802,0,0
2.000000,-1.215866,-1.442739,-1.097298,0.986146,0.114789,0.119747,0.113657,0.058235,-0.991812,-0.120823,0.991681,0.044381,-0.686209,-0.083228,0.000392,0.722628,-0.002380,0.001178,-0.001381,-0.000034,0.009409,-0.001456,-0.119747,0.991812,-0.044381,0.000000,0.000000,0.000000,-1,-0.117554,1.002228,-0.044647,-0.003243,-0.097531,0.005795,131.054092,312.220612,-761.864868,0,0
2.040000,-1.216676,-1.442947,-1.098337,0.986189,0.114580,0.119590,0.113534,0.058023,-0.991838,-0.120583,0.991718,0.044213,-0.686286,-0.083097,0.000362,0.722569,-0.003430,0.008602,0.000726,0.005180,0.010283,0.001229,-0.119590,0.991838,-0.044213,0.000000,0.000000,0.000000,-1,-0.117538,1.001556,-0.043915,-0.001121,-0.097532,0.004707,132.455750,310.823669,-761.530823,0,0
2.080000,-1.216502,-1.443185,-1.098230,0.986224,0.114525,0.119361,0.113317,0.057928,-0.991869,-0.120508,0.991730,0.044152,-0.686321,-0.082994,0.000418,0.722548,-0.000274,-0.004133,0.000757,-0.000360,0.010344,-0.000465,-0.119361,0.991869,-0.044152,0.000000,0.000000,0.000000,-1,-0.118423,1.004288,-0.040497,0.001006,-0.107071,0.006854,134.207809,311.522125,-761.530823,0,0
2.120000,-1.217426,-1.443494,-1.098959,0.986228,0.114739,0.119115,0.113087,0.057706,-0.991908,-0.120685,0.991718,0.043936,-0.686401,-0.082979,0.000572,0.722473,-0.001336,-0.007313,0.001848,0.003743,0.009679,0.002142,-0.119115,0.991908,-0.043936,0.000000,0.000000,0.000000,-1,-0.117386,1.001709,-0.045792,0.001010,-0.107069,0.007918,131.579712,310.998291,-761.029846,0,0
2.160000,-1.217745,-1.443668,-1.099096,0.986224,0.114930,0.118967,0.112941,0.057612,-0.991930,-0.120857,0.991701,0.043838,-0.686435,-0.082991,0.000688,0.722439,-0.000273,-0.006253,0.001832,-0.000357,0.011229,0.001602,-0.118967,0.991930,-0.043838,0.000000,0.000000,0.000000,-1,-0.119888,1.001740,-0.042084,0.001008,-0.110250,0.007932,132.981369,310.299805,-762.031860,0,0
2.200000,-1.218713,-1.443715,-1.099826,0.986196,0.115173,0.118965,0.112941,0.057508,-0.991936,-0.121085,0.991679,0.043707,-0.686473,-0.083075,0.000772,0.722394,-0.000271,-0.003074,0.001817,-0.005028,0.008629,0.001608,-0.118965,0.991936,-0.043707,0.000000,0.000000,0.000000,-1,-0.121124,1.001633,-0.041733,-0.000066,-0.102835,0.003656,131.754929,311.172913,-760.862854,0,0
2.240000,-1.219595,-1.443711,-1.100635,0.986182,0.115249,0.119007,0.112991,0.057418,-0.991936,-0.121153,0.991676,0.043603,-0.686506,-0.083117,0.000782,0.722358,-0.000297,-0.000961,0.000750,-0.000088,0.007851,0.000100,-0.119007,0.991936,-0.043603,0.000000,0.000000,0.000000,-1,-0.119873,1.001419,-0.044128,0.002070,-0.101772,0.005755,133.156570,310.125183,-760.528809,0,0
2.280000,-1.219376,-1.443732,-1.100413,0.986185,0.115253,0.118978,0.112960,0.057434,-0.991938,-0.121157,0.991674,0.043622,-0.686500,-0.083107,0.000793,0.722364,0.000772,0.001160,0.001792,-0.000147,0.009908,-0.000491,-0.118978,0.991938,-0.043622,0.000000,0.000000,0.000000,-1,-0.120697,0.999954,-0.043518,0.001013,-0.098589,0.006816,131.579712,310.299805,-761.029846,0,0
2.320000,-1.219350,-1.443821,-1.100514,0.986209,0.115132,0.118894,0.112887,0.057383,-0.991949,-0.121027,0.991691,0.043595,-0.686519,-0.083034,0.000777,0.722355,-0.000288,0.005400,0.001785,0.000028,0.011072,0.000809,-0.118894,0.991949,-0.043595,0.000000,0.000000,0.000000,-1,-0.119278,1.000229,-0.045441,-0.001113,-0.097529,0.006835,132.280548,310.998291,-761.697876,0,0
2.360000,-1.218465,-1.443996,-1.099819,0.986255,0.114948,0.118693,0.112693,0.057383,-0.991972,-0.120836,0.991713,0.043640,-0.686519,-0.082897,0.000781,0.722371,-0.000296,0.000097,0.000746,0.000040,0.011217,-0.001358,-0.118693,0.991972,-0.043640,0.000000,0.000000,0.000000,-1,-0.120956,1.002365,-0.047714,0.001008,-0.104951,0.006845,131.579712,310.299805,-760.027832,0,0
2.400000,-1.218675,-1.443948,-1.099955,0.986240,0.115020,0.118746,0.112742,0.057389,-0.991966,-0.120911,0.991704,0.043631,-0.686517,-0.082941,0.000788,0.722368,-0.002418,0.000097,0.001833,-0.003691,0.009530,-0.000497,-0.118746,0.991966,-0.043631,0.000000,0.000000,0.000000,-1,-0.122681,1.003769,-0.044327,-0.001126,-0.104954,0.004741,132.105331,311.522125,-761.196838,0,0
2.440000,-1.218335,-1.443881,-1.099463,0.986218,0.115164,0.118794,0.112774,0.057475,-0.991957,-0.121066,0.991682,0.043695,-0.686485,-0.083009,0.000827,0.722390,0.001813,-0.004153,0.001808,-0.001231,0.009279,-0.000632,-0.118794,0.991957,-0.043695,0.000000,0.000000,0.000000,-1,-0.119492,1.001144,-0.041428,0.006328,-0.099650,0.006762,133.331772,310.299805,-761.029846,0,0
2.480000,-1.218080,-1.444044,-1.099343,0.986252,0.115039,0.118631,0.112623,0.057415,-0.991978,-0.120927,0.991700,0.043669,-0.686507,-0.082906,0.000836,0.722381,-0.000317,0.007503,-0.001412,0.002527,0.009991,0.001860,-0.118631,0.991978,-0.043669,0.000000,0.000000,0.000000,-1,-0.118866,1.005203,-0.041580,-0.000054,-0.093292,0.004677,132.455750,310.823669,-760.528809,0,0
2.520000,-1.218604,-1.444249,-1.100267,0.986316,0.114658,0.118463,0.112495,0.057218,-0.992004,-0.120520,0.991756,0.043537,-0.686579,-0.082712,0.000749,0.722335,-0.001369,0.007507,0.001791,-0.000525,0.012437,0.000019,-0.118463,0.992004,-0.043537,0.000000,0.000000,0.000000,-1,-0.119324,1.002869,-0.047256,-0.002176,-0.097529,0.006846,132.280548,310.649048,-760.361816,0,0
2.560000,-1.217996,-1.444271,-1.099789,0.986337,0.114528,0.118416,0.112448,0.057262,-0.992006,-0.120393,0.991768,0.043601,-0.686563,-0.082649,0.000720,0.722357,-0.002440,0.001144,0.000768,-0.000420,0.010267,-0.002984,-0.118416,0.992006,-0.043601,0.000000,0.000000,0.000000,-1,-0.124878,1.000839,-0.047318,-0.001118,-0.104951,0.006868,133.331772,312.045990,-761.697876,0,0
2.600000,-1.217452,-1.444149,-1.099223,0.986325,0.114541,0.118505,0.112523,0.057381,-0.991991,-0.120423,0.991760,0.043707,-0.686520,-0.082686,0.000699,0.722394,0.000749,0.001143,0.003924,-0.003489,0.009642,-0.002405,-0.118505,0.991991,-0.043707,0.000000,0.000000,0.000000,-1,-0.122818,1.000885,-0.046387,0.004205,-0.104947,0.008937,132.105331,311.172913,-762.532837,0,0
2.640000,-1.215123,-1.443825,-1.096629,0.986274,0.114771,0.118704,0.112659,0.057819,-0.991950,-0.120711,0.991708,0.044095,-0.686360,-0.082839,0.000731,0.722528,0.003925,-0.012643,0.002885,-0.008584,0.010736,-0.004962,-0.118704,0.991950,-0.044095,0.000000,0.000000,0.000000,-1,-0.124939,0.999863,-0.044418,0.005254,-0.118732,0.007924,131.404510,310.125183,-760.528809,0,0
2.680000,-1.214914,-1.443624,-1.095953,0.986200,0.115221,0.118882,0.112797,0.057986,-0.991925,-0.121184,0.991646,0.044190,-0.686299,-0.083061,0.000838,0.722561,0.004980,-0.019006,0.001837,-0.003249,0.008533,-0.001511,-0.118882,0.991925,-0.044190,0.000000,0.000000,0.000000,-1,-0.113602,1.004074,-0.043106,0.002065,-0.113432,0.006871,133.331772,310.998291,-761.363831,0,0
2.720000,-1.214691,-1.444008,-1.095289,0.986191,0.115674,0.118516,0.112421,0.057887,-0.991973,-0.121606,0.991599,0.044083,-0.686335,-0.083084,0.001126,0.722524,-0.001381,-0.005221,0.003974,0.004563,0.012696,0.000504,-0.118516,0.991973,-0.044083,0.000000,0.000000,0.000000,-1,-0.112305,1.004990,-0.040543,-0.000046,-0.102827,0.008974,132.280548,310.998291,-760.361816,0,0
2.760000,-1.214394,-1.444811,-1.095074,0.986287,0.115635,0.117756,0.111700,0.057546,-0.992074,-0.121495,0.991623,0.043841,-0.686458,-0.082793,0.001362,0.722439,-0.004569,0.006436,0.005021,0.003193,0.010916,-0.002424,-0.117756,0.992074,-0.043841,0.000000,0.000000,0.000000,-1,-0.117661,1.002991,-0.043823,-0.003233,-0.094347,0.007907,133.331772,312.045990,-762.031860,0,0
2.800000,-1.215075,-1.444991,-1.096085,0.986340,0.115323,0.117619,0.111600,0.057352,-0.992097,-0.121157,0.991671,0.043698,-0.686529,-0.082634,0.001289,0.722390,-0.005642,0.013850,0.000745,-0.000988,0.009932,-0.000430,-0.117619,0.992097,-0.043698,0.000000,0.000000,0.000000,-1,-0.118622,1.000397,-0.045715,-0.004289,-0.080566,0.006793,131.579712,312.395233,-761.029846,0,0
2.840000,-1.215095,-1.445029,-1.096936,0.986439,0.114506,0.117584,0.111615,0.057240,-0.992102,-0.120332,0.991772,0.043683,-0.686571,-0.082337,0.001001,0.722385,-0.005634,0.019152,0.001784,-0.002319,0.011087,-0.004413,-0.117584,0.992102,-0.043683,0.000000,0.000000,0.000000,-1,-0.118851,1.000946,-0.045654,0.001021,-0.087987,0.006768,133.331772,311.696747,-761.363831,0,0
2.880000,-1.214465,-1.445017,-1.096989,0.986520,0.113828,0.117568,0.111629,0.057239,-0.992100,-0.119658,0.991850,0.043761,-0.686571,-0.082095,0.000761,0.722413,-0.001388,0.009609,0.001780,-0.002229,0.012783,-0.001145,-0.117568,0.992100,-0.043761,0.000000,0.000000,0.000000,-1,-0.116150,1.003677,-0.043854,-0.002174,-0.095409,0.006837,130.878891,311.696747,-761.029846,0,0
2.920000,-1.214957,-1.445201,-1.097711,0.986562,0.113613,0.117418,0.111507,0.057075,-0.992123,-0.119420,0.991884,0.043640,-0.686631,-0.081965,0.000729,0.722371,-0.004582,0.008544,0.002880,-0.000517,0.010455,0.000747,-0.117418,0.992123,-0.043640,0.000000,0.000000,0.000000,-1,-0.115891,1.000061,-0.044571,-0.004297,-0.091168,0.006841,131.579712,310.299805,-761.029846,0,0
2.960000,-1.215570,-1.445665,-1.098808,0.986662,0.113165,0.117013,0.111159,0.056743,-0.992181,-0.118919,0.991955,0.043407,-0.686752,-0.081661,0.000694,0.722290,-0.003520,0.006422,0.002879,0.000787,0.010077,-0.002415,-0.117013,0.992181,-0.043407,0.000000,0.000000,0.000000,-1,-0.116867,1.003448,-0.044495,-0.005365,-0.092230,0.005794,133.331772,311.696747,-760.695801,0,0
3.000000,-1.216069,-1.445830,-1.099713,0.986722,0.112775,0.116881,0.111065,0.056569,-0.992202,-0.118507,0.992009,0.043292,-0.686815,-0.081478,0.000592,0.722250,-0.006706,0.017022,0.001803,0.000442,0.007157,-0.001187,-0.116881,0.992202,-0.043292,0.000000,0.000000,0.000000,-1,-0.118423,1.001938,-0.046021,-0.005355,-0.083747,0.006819,131.930130,310.998291,-761.363831,0,0
3.040000,-1.216448,-1.445862,-1.100652,0.986786,0.112226,0.116868,0.111090,0.056450,-0.992206,-0.117949,0.992078,0.043237,-0.686859,-0.081282,0.000393,0.722231,-0.004578,0.018082,0.001775,-0.004333,0.009351,-0.001197,-0.116868,0.992206,-0.043237,0.000000,0.000000,0.000000,-1,-0.124405,1.001511,-0.045609,-0.005357,-0.092227,0.007921,131.579712,310.998291,-761.363831,0,0
3.080000,-1.217449,-1.445677,-1.102084,0.986810,0.111795,0.117083,0.111334,0.056374,-0.992183,-0.117522,0.992131,0.043183,-0.686887,-0.081210,0.000160,0.722213,-0.004587,0.006415,0.002883,-0.009275,0.009831,-0.001632,-0.117083,0.992183,-0.043183,0.000000,0.000000,0.000000,-1,-0.123642,1.002701,-0.046143,-0.004301,-0.101768,0.007953,132.455750,312.569855,-761.530823,0,0
3.120000,-1.219370,-1.445508,-1.103999,0.986780,0.111804,0.117324,0.111592,0.056236,-0.992162,-0.117525,0.992138,0.043016,-0.686937,-0.081302,0.000073,0.722155,-0.003535,-0.004189,0.001854,-0.004472,0.013362,-0.000563,-0.117324,0.992162,-0.043016,0.000000,0.000000,0.000000,-1,-0.118195,1.000229,-0.040878,-0.002184,-0.108131,0.006894,132.455750,310.474426,-760.194824,0,0
3.160000,-1.220037,-1.445570,-1.104516,0.986766,0.111958,0.117294,0.111566,0.056150,-0.992169,-0.117667,0.992125,0.042917,-0.686968,-0.081344,0.000136,0.722121,0.002856,-0.003125,0.004969,-0.000992,0.007327,0.001596,-0.117294,0.992169,-0.042917,0.000000,0.000000,0.000000,-1,-0.115311,1.004440,-0.036926,0.003137,-0.106009,0.007890,132.455750,312.220612,-761.530823,0,0
3.200000,-1.221984,-1.445892,-1.106421,0.986784,0.112027,0.117078,0.111387,0.055795,-0.992210,-0.117687,0.992138,0.042579,-0.687097,-0.081289,0.000222,0.722004,-0.003533,0.002170,0.001825,0.001111,0.011559,0.005989,-0.117078,0.992210,-0.042579,0.000000,0.000000,0.000000,-1,-0.118515,1.003296,-0.038437,-0.003239,-0.097529,0.006858,131.404510,311.172913,-760.194824,0,0
3.240000,-1.224907,-1.446129,-1.109479,0.986808,0.111922,0.116980,0.111347,0.055349,-0.992239,-0.117528,0.992174,0.042157,-0.687259,-0.081217,0.000199,0.721858,-0.003537,0.002164,0.001818,-0.000253,0.011942,0.002820,-0.116980,0.992239,-0.042157,0.000000,0.000000,0.000000,-1,-0.116745,1.002686,-0.043076,-0.000054,-0.102830,0.006847,133.506989,311.172913,-760.862854,0,0
3.280000,-1.224652,-1.446198,-1.109168,0.986810,0.111979,0.116905,0.111268,0.055353,-0.992248,-0.117582,0.992168,0.042164,-0.687258,-0.081209,0.000246,0.721860,-0.000352,-0.004198,0.001811,-0.004555,0.010545,-0.003735,-0.116905,0.992248,-0.042164,0.000000,0.000000,0.000000,-1,-0.118759,1.000824,-0.042862,0.005265,-0.114488,0.010032,132.806152,310.823669,-761.864868,0,0
3.320000,-1.223967,-1.446173,-1.108176,0.986777,0.112277,0.116900,0.111235,0.055475,-0.992245,-0.117892,0.992127,0.042252,-0.687214,-0.081311,0.000361,0.721891,0.003908,-0.010555,0.004984,-0.001051,0.009159,0.000168,-0.116900,0.992245,-0.042252,0.000000,0.000000,0.000000,-1,-0.118927,1.002518,-0.042374,0.003141,-0.116607,0.011129,132.280548,311.347504,-762.031860,0,0
3.360000,-1.223801,-1.446220,-1.107152,0.986686,0.113125,0.116848,0.111136,0.055568,-0.992251,-0.118741,0.992026,0.042255,-0.687180,-0.081587,0.000689,0.721891,0.004959,-0.021160,0.003955,-0.004200,0.009047,0.001667,-0.116848,0.992250,-0.042256,0.000000,0.000000,0.000000,-1,-0.119049,1.001251,-0.041916,0.004187,-0.118733,0.006872,133.156570,310.474426,-761.530823,0,0
3.400000,-1.224175,-1.446279,-1.106954,0.986625,0.113695,0.116810,0.111074,0.055564,-0.992258,-0.119305,0.991961,0.042192,-0.687181,-0.081772,0.000908,0.721869,-0.001427,-0.005267,-0.000311,0.001346,0.011008,-0.000304,-0.116810,0.992258,-0.042192,0.000000,0.000000,0.000000,-1,-0.113251,1.002121,-0.040604,-0.000062,-0.103894,0.004724,131.930130,312.395233,-761.029846,0,0
3.440000,-1.224007,-1.446481,-1.106764,0.986645,0.113726,0.116614,0.110884,0.055495,-0.992283,-0.119320,0.991961,0.042144,-0.687205,-0.081711,0.000984,0.721852,-0.000353,-0.001024,0.001786,0.002723,0.009457,-0.001466,-0.116614,0.992283,-0.042144,0.000000,0.000000,0.000000,-1,-0.112289,1.000656,-0.038254,0.001010,-0.101770,0.006830,132.455750,310.474426,-760.862854,0,0
3.480000,-1.224846,-1.446939,-1.107628,0.986691,0.113730,0.116221,0.110524,0.055196,-0.992340,-0.119273,0.991977,0.041891,-0.687314,-0.081569,0.001110,0.721765,0.000714,0.001097,0.002830,0.000376,0.011521,0.004004,-0.116221,0.992340,-0.041891,0.000000,0.000000,0.000000,-1,-0.117462,0.999969,-0.039932,-0.000053,-0.096471,0.005755,133.156570,311.172913,-760.528809,0,0
3.520000,-1.226153,-1.447076,-1.109274,0.986736,0.113410,0.116148,0.110494,0.054953,-0.992356,-0.118925,0.992027,0.041694,-0.687403,-0.081431,0.001010,0.721696,-0.000353,0.018053,-0.001489,-0.001360,0.009978,0.003302,-0.116148,0.992356,-0.041694,0.000000,0.000000,0.000000,-1,-0.113937,1.002731,-0.038620,0.007388,-0.086932,0.003502,133.331772,311.347504,-760.695801,0,0
3.560000,-1.225551,-1.447112,-1.109144,0.986796,0.112943,0.116089,0.110454,0.054952,-0.992361,-0.118459,0.992081,0.041751,-0.687403,-0.081247,0.000862,0.721717,0.004949,0.011684,-0.003659,0.001389,0.009073,0.002231,-0.116089,0.992361,-0.041751,0.000000,0.000000,0.000000,-1,-0.113449,1.001205,-0.036133,0.004181,-0.089059,-0.000708,134.383011,313.093689,-760.695801,0,0
3.600000,-1.226326,-1.447302,-1.110584,0.986887,0.112300,0.115945,0.110365,0.054709,-0.992384,-0.117788,0.992167,0.041598,-0.687492,-0.080970,0.000670,0.721664,-0.002501,0.013800,-0.005712,0.004998,0.011049,0.003802,-0.115945,0.992384,-0.041598,0.000000,0.000000,0.000000,-1,-0.112228,1.003830,-0.036896,0.002062,-0.080577,-0.000723,133.857391,312.220612,-761.196838,0,0
3.640000,-1.226289,-1.447510,-1.111298,0.986993,0.111570,0.115748,0.110218,0.054539,-0.992410,-0.117036,0.992259,0.041532,-0.687554,-0.080644,0.000468,0.721641,0.007079,0.014864,-0.002629,0.005229,0.012397,0.001707,-0.115748,0.992410,-0.041532,0.000000,0.000000,0.000000,-1,-0.108887,0.996765,-0.041412,0.006299,-0.090122,-0.002854,133.156570,312.569855,-761.864868,0,0
3.680000,-1.225442,-1.447671,-1.111147,0.987091,0.110886,0.115563,0.110067,0.054485,-0.992430,-0.116343,0.992339,0.041576,-0.687574,-0.080338,0.000284,0.721657,-0.004666,0.020129,-0.017426,0.006981,0.012011,0.002834,-0.115563,0.992430,-0.041576,0.000000,0.000000,0.000000,-1,-0.110596,1.002274,-0.037872,-0.003288,-0.067872,-0.012422,133.506989,311.871368,-760.194824,0,0
3.720000,-1.226174,-1.447534,-1.113237,0.987223,0.109543,0.115721,0.110303,0.054315,-0.992413,-0.114997,0.992497,0.041538,-0.687636,-0.079928,-0.000263,0.721643,0.001752,0.057241,-0.014471,0.006194,0.010944,0.001010,-0.115721,0.992413,-0.041538,0.000000,0.000000,0.000000,-1,-0.110458,1.006683,-0.043533,0.013754,-0.072099,-0.003017,132.630951,312.395233,-761.363831,0,0
3.760000,-1.221776,-1.447553,-1.109984,0.987374,0.108390,0.115520,0.110109,0.054665,-0.992415,-0.113882,0.992604,0.042040,-0.687508,-0.079453,-0.000595,0.721817,0.009187,0.005303,-0.005807,0.003963,0.010576,0.001573,-0.115520,0.992415,-0.042040,0.000000,0.000000,0.000000,-1,-0.114578,1.000397,-0.034637,0.003085,-0.101791,-0.007021,133.857391,311.522125,-760.194824,0,0
3.800000,-1.224214,-1.447296,-1.112834,0.987378,0.107982,0.115862,0.110493,0.054463,-0.992384,-0.113470,0.992660,0.041845,-0.687581,-0.079436,-0.000870,0.721749,-0.001472,0.023309,-0.016406,0.005754,0.010210,-0.001689,-0.115862,0.992384,-0.041845,0.000000,0.000000,0.000000,-1,-0.111954,1.004288,-0.050201,-0.001164,-0.069993,-0.012436,133.857391,311.172913,-759.192810,0,0
3.840000,-1.221976,-1.446953,-1.111654,0.987469,0.106909,0.116088,0.110734,0.054745,-0.992341,-0.112445,0.992761,0.042220,-0.687478,-0.079145,-0.001325,0.721878,-0.000403,0.040269,-0.018621,0.003310,0.007155,-0.006272,-0.116088,0.992341,-0.042220,0.000000,0.000000,0.000000,-1,-0.103348,0.985580,-0.045151,0.001985,-0.071069,-0.023103,134.207809,311.522125,-761.196838,0,0
3.880000,-1.221276,-1.446430,-1.112014,0.987531,0.105831,0.116546,0.111219,0.054935,-0.992276,-0.111416,0.992866,0.042479,-0.687408,-0.078938,-0.001866,0.721967,-0.006855,0.028559,-0.037660,0.013198,-0.006696,-0.002672,-0.116546,0.992276,-0.042479,0.000000,0.000000,0.000000,-1,-0.102905,0.992767,-0.047897,-0.010865,-0.055207,-0.050690,133.857391,311.871368,-761.530823,0,0
3.920000,-1.223914,-1.445344,-1.116951,0.987642,0.103519,0.117671,0.112457,0.054857,-0.992141,-0.109161,0.993114,0.042538,-0.687431,-0.078545,-0.003095,0.721983,-0.015437,0.083641,-0.069720,0.014765,0.000626,-0.005359,-0.117671,0.992141,-0.042538,0.000000,0.000000,0.000000,-1,-0.101974,1.014160,-0.057953,-0.015151,0.000953,-0.071106,133.156570,311.172913,-760.862854,0,0
3.960000,-1.224530,-1.443104,-1.122926,0.987940,0.098113,0.119787,0.114786,0.055147,-0.991858,-0.103920,0.993646,0.043220,-0.687309,-0.077439,-0.005772,0.722203,-0.022872,0.101660,-0.072903,0.016317,0.021112,-0.014901,-0.119787,0.991858,-0.043220,0.000000,0.000000,0.000000,-1,-0.102997,1.029602,-0.030777,-0.025764,-0.006459,-0.064574,133.857391,312.569855,-760.862854,0,0
4.000000,-1.233079,-1.442557,-1.134197,0.988094,0.095444,0.120664,0.115892,0.054079,-0.991789,-0.101186,0.993965,0.042374,-0.687685,-0.076829,-0.007081,0.721898,-0.032413,0.065635,-0.057738,0.017668,0.037813,0.011597,-0.120664,0.991789,-0.042374,0.000000,0.000000,0.000000,-1,-0.116898,1.018997,-0.023285,-0.043804,-0.095476,-0.037380,134.032608,311.696747,-760.695801,0,0
4.040000,-1.256090,-1.442735,-1.157460,0.988009,0.095343,0.121439,0.116956,0.051297,-0.991811,-0.100792,0.994122,0.039531,-0.688691,-0.077066,-0.007495,0.720909,-0.055775,-0.033991,-0.030453,0.004541,0.027186,0.016246,-0.121439,0.991811,-0.039531,0.000000,0.000000,0.000000,-1,-0.125763,1.002426,-0.028275,-0.070408,-0.161199,-0.030408,132.630951,311.347504,-760.361816,0,0
4.080000,-1.299176,-1.442380,-1.198409,0.987539,0.097710,0.123369,0.119287,0.046595,-0.991766,-0.102654,0.994124,0.034359,-0.690396,-0.078577,-0.007501,0.719113,-0.094113,-0.028717,-0.047073,0.003420,0.014887,0.009807,-0.123369,0.991766,-0.034359,0.000000,0.000000,0.000000,-1,-0.108765,1.008820,-0.043381,-0.101256,-0.114571,-0.044107,135.083832,310.649048,-759.359802,0,0
4.120000,-1.322045,-1.442347,-1.221012,0.987399,0.098125,0.124154,0.120340,0.043898,-0.991762,-0.102767,0.994205,0.031537,-0.691369,-0.078997,-0.007734,0.718128,-0.103671,-0.017055,-0.047017,0.015389,0.017058,-0.011844,-0.124154,0.991762,-0.031537,0.000000,0.000000,0.000000,-1,-0.111923,1.005310,-0.039505,-0.095887,-0.118789,-0.029255,134.908630,313.617554,-758.858826,0,0
4.160000,-1.347252,-1.442823,-1.245649,0.987287,0.098881,0.124449,0.120937,0.040769,-0.991823,-0.103146,0.994264,0.028293,-0.692500,-0.079357,-0.007690,0.716999,-0.080220,-0.039290,-0.026959,0.012525,0.013487,-0.011212,-0.124449,0.991823,-0.028293,0.000000,0.000000,0.000000,-1,-0.119904,0.985886,-0.039780,-0.077846,-0.166497,-0.028175,133.682190,312.395233,-760.361816,0,0
4.200000,-1.376448,-1.441723,-1.271553,0.986705,0.102296,0.126292,0.122995,0.037945,-0.991682,-0.106237,0.994030,0.024858,-0.693524,-0.081212,-0.007229,0.715805,-0.101689,-0.105088,-0.070036,0.000315,-0.003324,-0.019087,-0.126292,0.991682,-0.024858,0.000000,0.000000,0.000000,-1,-0.136658,1.003479,-0.036972,-0.119547,-0.202628,-0.083929,133.331772,311.696747,-760.027832,0,0
4.240000,-1.403607,-1.439238,-1.296001,0.986015,0.105087,0.129350,0.126257,0.035595,-0.991359,-0.108783,0.993826,0.021830,-0.694368,-0.083293,-0.007405,0.714745,-0.125173,-0.088170,-0.099639,-0.007308,0.012120,-0.015142,-0.129350,0.991359,-0.021830,0.000000,0.000000,0.000000,-1,-0.127823,1.011353,-0.037415,-0.113271,-0.195250,-0.112752,134.383011,310.299805,-760.361816,0,0
