0.000000,-1.866823,1.464643,1.751242,0.988031,-0.116290,0.101346,-0.104234,-0.019015,0.994371,-0.113708,-0.993033,-0.030909,0.713785,-0.077238,-0.004330,0.696079,0.006183,0.022845,-0.005308,0.003522,0.011903,-0.002879,-0.101346,-0.994371,0.030909,0.000000,0.000000,0.000000,-1,-0.092651,-0.984131,0.027405,0.008448,-0.092233,0.003514,138.237549,170.254517,-741.991577,0,0
0.040000,-1.868600,1.464844,1.753334,0.988092,-0.115984,0.101100,-0.103998,-0.019197,0.994392,-0.113393,-0.993066,-0.031031,0.713849,-0.077041,-0.004305,0.696036,0.013639,-0.005765,0.005367,0.008448,0.010261,-0.003626,-0.101100,-0.994392,0.031031,0.000000,0.000000,0.000000,-1,-0.085983,-0.976654,0.025177,0.009543,-0.118717,0.017450,138.763168,170.778381,-742.492554,0,0
0.080000,-1.871098,1.465047,1.755331,0.988061,-0.116487,0.100828,-0.103760,-0.019368,0.994414,-0.113884,-0.993003,-0.031223,0.713907,-0.077127,-0.004572,0.695965,0.008338,-0.019535,0.013973,0.013029,0.018477,-0.003422,-0.100828,-0.994414,0.031223,0.000000,0.000000,0.000000,-1,-0.099609,-0.978134,0.029770,0.003159,-0.119779,0.016462,138.587952,170.603760,-742.993591,0,0
0.120000,-1.871298,1.464717,1.754720,0.987934,-0.117296,0.101136,-0.104095,-0.019364,0.994379,-0.114678,-0.992908,-0.031340,0.713905,-0.077528,-0.004742,0.695922,0.010446,-0.022719,0.011830,0.002045,0.016321,-0.002425,-0.101136,-0.994379,0.031340,0.000000,0.000000,0.000000,-1,-0.098602,-0.981705,0.029648,0.007407,-0.131440,0.017531,138.062347,170.079910,-743.494568,0,0
0.160000,-1.873744,1.464222,1.755672,0.987715,-0.118793,0.101529,-0.104560,-0.019554,0.994326,-0.116134,-0.992726,-0.031735,0.713968,-0.078208,-0.005114,0.695778,0.007225,-0.033328,0.007654,0.001187,0.013552,-0.003704,-0.101529,-0.994326,0.031735,0.000000,0.000000,0.000000,-1,-0.105530,-0.978317,0.028458,0.003139,-0.125087,0.012231,139.288788,169.905289,-743.327576,0,0
0.200000,-1.873751,1.463756,1.754887,0.987574,-0.119584,0.101971,-0.105031,-0.019557,0.994277,-0.116906,-0.992631,-0.031874,0.713968,-0.078650,-0.005229,0.695727,0.007229,-0.021665,0.007610,-0.004185,0.015410,-0.003981,-0.101971,-0.994277,0.031874,0.000000,0.000000,0.000000,-1,-0.104431,-0.978394,0.024841,0.002085,-0.113424,0.012190,138.237549,170.953003,-741.323547,0,0
0.240000,-1.869621,1.463260,1.750236,0.987450,-0.120087,0.102572,-0.105605,-0.019156,0.994224,-0.117428,-0.992579,-0.031597,0.713828,-0.079043,-0.005203,0.695826,-0.002351,-0.010004,0.006612,0.000186,0.012519,-0.006390,-0.102572,-0.994224,0.031597,0.000000,0.000000,0.000000,-1,-0.095535,-0.984818,0.021713,-0.006455,-0.116618,0.003789,138.412750,170.778381,-742.492554,0,0
0.280000,-1.864775,1.464227,1.744403,0.987416,-0.121019,0.101804,-0.104769,-0.018374,0.994327,-0.118462,-0.992480,-0.030821,0.713549,-0.079107,-0.005836,0.696100,-0.011936,-0.027990,-0.004947,0.010053,0.015216,-0.010939,-0.101804,-0.994327,0.030821,0.000000,0.000000,0.000000,-1,-0.098541,-0.976532,0.033096,-0.000105,-0.139947,0.000633,138.412750,171.476868,-742.492554,0,0
0.320000,-1.867622,1.464392,1.746129,0.987303,-0.122138,0.101560,-0.104576,-0.018526,0.994344,-0.119565,-0.992340,-0.031063,0.713599,-0.079426,-0.006308,0.696009,0.010400,-0.047067,0.000209,0.001645,0.017675,0.000873,-0.101560,-0.994344,0.031063,0.000000,0.000000,0.000000,-1,-0.109451,-0.982498,0.031616,0.011617,-0.155834,0.011212,138.237549,171.302246,-743.661621,0,0
0.360000,-1.871718,1.463096,1.747676,0.986869,-0.124698,0.102662,-0.105815,-0.018914,0.994206,-0.122033,-0.992015,-0.031861,0.713730,-0.080742,-0.006785,0.695718,0.006197,-0.043868,0.013026,-0.010314,0.010075,-0.000092,-0.102662,-0.994206,0.031861,0.000000,0.000000,0.000000,-1,-0.113846,-0.982452,0.036697,0.004217,-0.131440,0.017566,138.587952,171.302246,-743.661621,0,0
0.400000,-1.872746,1.461637,1.747857,0.986618,-0.125565,0.104014,-0.107239,-0.019189,0.994048,-0.122822,-0.991900,-0.032398,0.713828,-0.081534,-0.006587,0.695527,0.014744,-0.014176,0.017075,-0.010732,0.016066,0.004346,-0.104014,-0.994048,0.032398,0.000000,0.000000,0.000000,-1,-0.110107,-0.973465,0.039993,0.019136,-0.116587,0.023717,139.113571,171.476868,-740.822571,0,0
0.440000,-1.878067,1.460379,1.752694,0.986442,-0.126095,0.105032,-0.108375,-0.019933,0.993910,-0.123234,-0.991818,-0.033329,0.714091,-0.082087,-0.006372,0.695194,0.023264,-0.015235,0.019126,-0.007029,0.021117,0.006054,-0.105032,-0.993910,0.033329,0.000000,0.000000,0.000000,-1,-0.107071,-0.979874,0.035645,0.025514,-0.113408,0.022569,139.989609,170.953003,-742.993591,0,0
0.480000,-1.884156,1.459114,1.758461,0.986288,-0.126470,0.106023,-0.109494,-0.020793,0.993770,-0.123478,-0.991753,-0.034355,0.714394,-0.082575,-0.006108,0.694827,0.017896,0.001996,0.013771,-0.004954,0.007320,-0.001641,-0.106023,-0.993770,0.034355,0.000000,0.000000,0.000000,-1,-0.111816,-0.983978,0.029892,0.008486,-0.094337,0.014161,137.887131,170.603760,-741.991577,0,0
0.520000,-1.882807,1.458151,1.757592,0.986244,-0.126008,0.106980,-0.110451,-0.020875,0.993662,-0.122976,-0.991810,-0.034506,0.714427,-0.082744,-0.005598,0.694777,0.009365,0.017887,0.005295,-0.001465,0.014735,-0.001974,-0.106980,-0.993662,0.034506,0.000000,0.000000,0.000000,-1,-0.108841,-0.974869,0.028534,0.012704,-0.081633,0.002356,138.412750,171.476868,-743.828613,0,0
0.560000,-1.884171,1.457871,1.759560,0.986295,-0.125426,0.107198,-0.110684,-0.021145,0.993631,-0.122360,-0.991878,-0.034738,0.714524,-0.082611,-0.005305,0.694696,0.015720,0.011519,0.001004,-0.003123,0.014764,-0.004037,-0.107198,-0.993631,0.034738,0.000000,0.000000,0.000000,-1,-0.109482,-0.977585,0.032196,0.008461,-0.084808,0.005608,139.288788,170.603760,-742.325562,0,0
0.600000,-1.886693,1.457385,1.763049,0.986372,-0.124496,0.107568,-0.111083,-0.021623,0.993576,-0.121370,-0.991984,-0.035158,0.714694,-0.082406,-0.004828,0.694549,0.008214,0.022442,0.005263,0.001688,0.011795,-0.002168,-0.107568,-0.993576,0.035158,0.000000,0.000000,0.000000,-1,-0.108231,-0.982742,0.036331,0.007422,-0.074200,0.009827,140.164810,171.476868,-743.494568,0,0
0.640000,-1.888228,1.456980,1.765393,0.986434,-0.123715,0.107896,-0.111427,-0.021961,0.993530,-0.120545,-0.992075,-0.035448,0.714815,-0.082239,-0.004424,0.694447,0.008228,0.027745,0.007369,-0.000411,0.011291,0.001234,-0.107896,-0.993530,0.035448,0.000000,0.000000,0.000000,-1,-0.107330,-0.978256,0.034592,0.006367,-0.074197,0.011966,138.237549,170.603760,-743.327576,0,0
0.680000,-1.888746,1.456738,1.766736,0.986512,-0.122909,0.108107,-0.111634,-0.022158,0.993502,-0.119715,-0.992171,-0.035580,0.714886,-0.082021,-0.004059,0.694402,0.011403,0.024559,0.004157,0.004057,0.015765,-0.000561,-0.108107,-0.993502,0.035580,0.000000,0.000000,0.000000,-1,-0.099594,-0.978851,0.036850,0.013787,-0.071026,0.005487,138.763168,171.826111,-743.160583,0,0
0.720000,-1.895278,1.457162,1.774683,0.986751,-0.121541,0.107473,-0.111041,-0.022959,0.993551,-0.118290,-0.992321,-0.036151,0.715168,-0.081303,-0.003781,0.694198,0.004995,0.015006,-0.002125,0.009023,0.015340,-0.003253,-0.107473,-0.993551,0.036151,0.000000,0.000000,0.000000,-1,-0.096863,-0.980743,0.030624,0.004203,-0.086930,0.004601,139.639191,171.302246,-741.657593,0,0
0.760000,-1.894817,1.457558,1.774627,0.986840,-0.121129,0.107116,-0.110657,-0.022873,0.993595,-0.117903,-0.992373,-0.035976,0.715138,-0.081028,-0.003771,0.694261,-0.000402,0.011075,0.005363,0.009582,0.007618,-0.003002,-0.107116,-0.993595,0.035976,0.000000,0.000000,0.000000,-1,-0.094788,-0.987503,0.037949,-0.003219,-0.092222,0.011089,138.412750,171.826111,-744.162598,0,0
0.800000,-1.895831,1.457748,1.775893,0.986894,-0.120882,0.106901,-0.110443,-0.022975,0.993617,-0.117654,-0.992401,-0.036024,0.715174,-0.080863,-0.003759,0.694243,-0.004648,0.006836,0.007549,0.007292,0.012950,0.001985,-0.106901,-0.993617,0.036024,0.000000,0.000000,0.000000,-1,-0.107986,-0.977554,0.038681,-0.003232,-0.093287,0.007903,139.814407,171.826111,-742.492554,0,0
0.840000,-1.896795,1.457425,1.777228,0.986908,-0.120529,0.107170,-0.110727,-0.023188,0.993580,-0.117270,-0.992439,-0.036230,0.715249,-0.080830,-0.003530,0.694170,0.004907,0.010008,0.002112,0.000969,0.017537,0.001398,-0.107170,-0.993580,0.036230,0.000000,0.000000,0.000000,-1,-0.108978,-0.985092,0.037964,0.005276,-0.090106,0.007795,138.587952,171.302246,-742.659546,0,0
0.880000,-1.897250,1.457025,1.778495,0.986965,-0.119739,0.107530,-0.111086,-0.023410,0.993535,-0.116448,-0.992529,-0.036406,0.715329,-0.080671,-0.003117,0.694109,-0.001438,0.020618,0.008518,0.002061,0.015172,0.000123,-0.107530,-0.993535,0.036406,0.000000,0.000000,0.000000,-1,-0.101440,-0.978775,0.028473,0.002112,-0.093276,0.015290,139.288788,170.953003,-743.661621,0,0
0.920000,-1.894975,1.456962,1.776512,0.986986,-0.119440,0.107672,-0.111194,-0.023202,0.993528,-0.116169,-0.992570,-0.036181,0.715257,-0.080612,-0.002970,0.694190,0.001627,0.003998,0.012777,0.007986,0.014081,-0.004336,-0.107672,-0.993528,0.036181,0.000000,0.000000,0.000000,-1,-0.095840,-0.979919,0.029572,-0.001074,-0.104933,0.018569,138.062347,172.524582,-742.826599,0,0
0.960000,-1.892173,1.457443,1.773243,0.986972,-0.119874,0.107319,-0.110800,-0.022743,0.993582,-0.116663,-0.992529,-0.035728,0.715095,-0.080644,-0.003267,0.694352,0.000525,-0.025692,0.010780,0.013859,0.016974,-0.007729,-0.107319,-0.993582,0.035728,0.000000,0.000000,0.000000,-1,-0.094788,-0.977829,0.024857,-0.000056,-0.137807,0.013387,137.361511,173.572311,-741.824585,0,0
1.000000,-1.889682,1.458108,1.769000,0.986822,-0.121575,0.106781,-0.110248,-0.022142,0.993657,-0.118440,-0.992335,-0.035254,0.714881,-0.081071,-0.004077,0.694519,-0.001687,-0.053280,-0.003973,0.005874,0.011297,-0.008063,-0.106781,-0.993657,0.035254,0.000000,0.000000,0.000000,-1,-0.103470,-0.982437,0.028427,0.004105,-0.164341,-0.005686,138.412750,171.826111,-742.492554,0,0
1.040000,-1.890868,1.458271,1.768401,0.986624,-0.123340,0.106585,-0.110102,-0.022044,0.993676,-0.120210,-0.992120,-0.035330,0.714842,-0.081641,-0.004765,0.694487,0.005732,-0.053288,-0.009371,-0.006147,0.015938,-0.001928,-0.106585,-0.993676,0.035330,0.000000,0.000000,0.000000,-1,-0.121964,-0.976074,0.026764,0.003070,-0.143132,-0.002579,137.361511,171.826111,-741.824585,0,0
1.080000,-1.885131,1.457758,1.760685,0.986306,-0.125270,0.107271,-0.110770,-0.021291,0.993618,-0.122187,-0.991894,-0.034875,0.714575,-0.082581,-0.005219,0.694648,0.001347,-0.031743,-0.012622,-0.009261,0.007137,-0.017984,-0.107271,-0.993618,0.034875,0.000000,0.000000,0.000000,-1,-0.104507,-0.981262,0.028549,-0.005440,-0.116637,-0.008987,138.587952,171.651489,-742.993591,0,0
1.120000,-1.881357,1.458400,1.756769,0.986345,-0.125377,0.106794,-0.110226,-0.020739,0.993690,-0.122371,-0.991892,-0.034275,0.714381,-0.082450,-0.005451,0.694862,-0.018840,0.006420,-0.015764,0.005812,0.021751,-0.002613,-0.106794,-0.993690,0.034275,0.000000,0.000000,0.000000,-1,-0.094803,-0.974442,0.029770,-0.029862,-0.125104,0.000894,138.763168,171.127625,-743.160583,0,0
1.160000,-1.875272,1.459725,1.749402,0.986304,-0.126582,0.105745,-0.109080,-0.019692,0.993838,-0.123720,-0.991761,-0.033230,0.714007,-0.082514,-0.006294,0.695230,-0.036891,-0.059285,0.003866,0.018525,0.012042,0.004932,-0.105745,-0.993838,0.033230,0.000000,0.000000,0.000000,-1,-0.091187,-0.985443,0.040344,-0.020334,-0.183414,0.002116,138.062347,171.476868,-743.494568,0,0
1.200000,-1.882318,1.460832,1.752303,0.985905,-0.130688,0.104461,-0.107940,-0.019810,0.993960,-0.127829,-0.991226,-0.033637,0.714029,-0.083550,-0.008182,0.695064,0.001297,-0.079463,-0.017750,-0.004853,0.010317,0.005700,-0.104461,-0.993960,0.033637,0.000000,0.000000,0.000000,-1,-0.122696,-0.969727,0.028549,-0.000179,-0.173893,-0.011978,139.113571,171.127625,-743.160583,0,0
1.240000,-1.880732,1.460436,1.748737,0.985599,-0.132637,0.104888,-0.108397,-0.019494,0.993917,-0.129786,-0.990973,-0.033591,0.713913,-0.084406,-0.008719,0.695074,-0.008349,-0.056934,-0.010338,-0.014908,0.025411,-0.006583,-0.104888,-0.993917,0.033591,0.000000,0.000000,0.000000,-1,-0.112717,-0.984207,0.041046,-0.012877,-0.153731,-0.000228,140.340012,171.302246,-742.325562,0,0
1.280000,-1.880691,1.460010,1.746615,0.985277,-0.134696,0.105294,-0.108856,-0.019339,0.993869,-0.131834,-0.990698,-0.033716,0.713851,-0.085295,-0.009295,0.695022,-0.005141,-0.047390,-0.008278,-0.004875,0.007221,0.012915,-0.105294,-0.993869,0.033716,0.000000,0.000000,0.000000,-1,-0.110519,-0.986023,0.042084,0.005181,-0.142079,-0.006862,139.288788,170.603760,-744.329590,0,0
1.320000,-1.886695,1.459784,1.751394,0.985105,-0.135940,0.105303,-0.108983,-0.019899,0.993844,-0.133007,-0.990517,-0.034418,0.714042,-0.085752,-0.009700,0.694764,0.010825,-0.034667,-0.007443,-0.006987,0.007760,0.005499,-0.105303,-0.993844,0.034418,0.000000,0.000000,0.000000,-1,-0.122910,-0.969910,0.034500,0.014805,-0.131457,0.005749,139.814407,172.524582,-742.826599,0,0
1.360000,-1.891675,1.458031,1.754848,0.984728,-0.137504,0.106783,-0.110626,-0.020594,0.993649,-0.134432,-0.990287,-0.035491,0.714285,-0.086846,-0.009677,0.694378,0.015172,-0.033571,0.016987,-0.014814,0.027676,0.000565,-0.106783,-0.993649,0.035491,0.000000,0.000000,0.000000,-1,-0.126572,-0.974976,0.037933,0.016990,-0.127194,0.020597,138.587952,170.953003,-741.657593,0,0
1.400000,-1.893725,1.455900,1.756117,0.984402,-0.138326,0.108717,-0.112680,-0.021124,0.993407,-0.135118,-0.990161,-0.036382,0.714477,-0.087829,-0.009238,0.694063,0.016098,-0.003622,0.010411,-0.018755,0.014296,-0.000249,-0.108717,-0.993407,0.036382,0.000000,0.000000,0.000000,-1,-0.123199,-0.981354,0.024902,0.007397,-0.085869,0.005625,137.711929,170.429138,-743.160583,0,0
1.440000,-1.889170,1.455269,1.752036,0.984385,-0.137846,0.109478,-0.113382,-0.020777,0.993334,-0.134652,-0.990236,-0.036082,0.714361,-0.087921,-0.008810,0.694177,0.001183,0.026045,-0.002315,-0.005284,0.014147,-0.014827,-0.109478,-0.993334,0.036082,0.000000,0.000000,0.000000,-1,-0.084122,-0.977859,0.019836,-0.017098,-0.068928,-0.009074,137.011108,169.032181,-742.492554,0,0
1.480000,-1.875675,1.457968,1.739765,0.984800,-0.136512,0.107397,-0.110986,-0.018934,0.993642,-0.133611,-0.990458,-0.033797,0.713710,-0.086694,-0.009182,0.694994,-0.026577,-0.000493,-0.024245,0.026846,0.008778,-0.015303,-0.107397,-0.993642,0.033797,0.000000,0.000000,0.000000,-1,-0.074402,-0.992249,0.028442,-0.016137,-0.135741,-0.022611,137.361511,171.127625,-743.160583,0,0
1.520000,-1.876985,1.461253,1.739677,0.984954,-0.137837,0.104240,-0.107769,-0.018375,0.994006,-0.135096,-0.990284,-0.032953,0.713492,-0.086058,-0.010812,0.695274,0.000978,-0.055641,-0.034962,0.025672,0.011859,0.000998,-0.104240,-0.994006,0.032953,0.000000,0.000000,0.000000,-1,-0.100891,-0.970963,0.037659,0.013599,-0.177089,-0.022752,139.639191,171.651489,-742.659546,0,0
1.560000,-1.887968,1.461378,1.747219,0.984517,-0.141282,0.103754,-0.107505,-0.019166,0.994020,-0.138449,-0.989784,-0.034058,0.713747,-0.087141,-0.012152,0.694855,0.005221,-0.061751,-0.004190,-0.021689,0.016221,-0.000656,-0.103754,-0.994020,0.034058,0.000000,0.000000,0.000000,-1,-0.120987,-0.977386,0.034897,0.002023,-0.152665,0.003858,138.412750,171.127625,-742.158569,0,0
1.600000,-1.887803,1.460552,1.745767,0.984250,-0.142562,0.104539,-0.108342,-0.019153,0.993929,-0.139695,-0.989600,-0.034296,0.713740,-0.087884,-0.012314,0.694766,-0.005390,-0.031007,-0.005265,-0.009078,0.015414,0.005651,-0.104539,-0.993929,0.034296,0.000000,0.000000,0.000000,-1,-0.107300,-0.975998,0.039658,-0.008637,-0.121939,-0.009992,139.113571,171.127625,-740.822571,0,0
1.640000,-1.889098,1.460736,1.746370,0.984173,-0.143248,0.104321,-0.108150,-0.019186,0.993949,-0.140379,-0.989501,-0.034374,0.713746,-0.088056,-0.012630,0.694733,-0.012870,-0.006647,-0.021243,-0.002613,0.017158,0.002308,-0.104321,-0.993949,0.034374,0.000000,0.000000,0.000000,-1,-0.104568,-0.978851,0.028381,-0.003332,-0.114524,-0.014338,139.814407,170.079910,-742.492554,0,0
1.680000,-1.887138,1.461432,1.744100,0.984195,-0.143530,0.103731,-0.107512,-0.018821,0.994026,-0.140721,-0.989467,-0.033955,0.713612,-0.087948,-0.012959,0.694877,0.004139,-0.015126,-0.019265,0.006960,0.013862,-0.009297,-0.103731,-0.994026,0.033955,0.000000,0.000000,0.000000,-1,-0.092880,-0.976822,0.027298,0.014744,-0.106044,-0.015640,138.587952,170.953003,-742.993591,0,0
1.720000,-1.893591,1.462860,1.750098,0.984292,-0.143985,0.102163,-0.106000,-0.019212,0.994181,-0.141184,-0.989393,-0.034173,0.713736,-0.087562,-0.013668,0.694785,0.018926,-0.021321,-0.010966,0.004278,0.017603,-0.008691,-0.102163,-0.994181,0.034173,0.000000,0.000000,0.000000,-1,-0.106873,-0.978210,0.023453,0.024363,-0.122982,0.001350,138.763168,172.175339,-741.156555,0,0
1.760000,-1.897269,1.462652,1.752964,0.984164,-0.144807,0.102233,-0.106148,-0.019553,0.994158,-0.141962,-0.989267,-0.034615,0.713851,-0.087888,-0.013914,0.694621,0.032780,-0.026605,0.000608,-0.004777,0.013766,-0.013176,-0.102233,-0.994158,0.034615,0.000000,0.000000,0.000000,-1,-0.103394,-0.984909,0.021805,0.025433,-0.135698,0.005651,139.463989,170.778381,-743.494568,0,0
1.800000,-1.898235,1.462570,1.752599,0.983965,-0.146123,0.102276,-0.106235,-0.019529,0.994149,-0.143271,-0.989074,-0.034740,0.713834,-0.088381,-0.014357,0.694567,0.012538,-0.044636,-0.004405,0.001843,0.012902,-0.013850,-0.102276,-0.994149,0.034740,0.000000,0.000000,0.000000,-1,-0.093170,-0.969910,0.028259,0.009452,-0.148430,-0.000498,139.463989,172.175339,-742.826599,0,0
1.840000,-1.901174,1.463821,1.752782,0.983692,-0.148827,0.100997,-0.105008,-0.019324,0.994284,-0.146024,-0.988674,-0.034637,0.713732,-0.088911,-0.015772,0.694574,-0.005667,-0.072243,-0.031741,0.008086,0.027471,-0.007400,-0.100997,-0.994284,0.034637,0.000000,0.000000,0.000000,-1,-0.099838,-0.976517,0.021698,-0.035382,-0.184539,-0.041326,138.412750,170.429138,-741.824585,0,0
1.880000,-1.890583,1.465388,1.739775,0.983456,-0.151123,0.099879,-0.103714,-0.017694,0.994450,-0.148517,-0.988357,-0.033075,0.713131,-0.089337,-0.017051,0.695106,-0.056804,-0.095599,-0.052344,-0.010152,0.002415,-0.021890,-0.099879,-0.994450,0.033075,0.000000,0.000000,0.000000,-1,-0.107147,-0.964783,0.011795,-0.088747,-0.238677,-0.085169,138.412750,170.429138,-743.494568,0,0
1.920000,-1.845414,1.471339,1.687663,0.982859,-0.157652,0.095573,-0.098616,-0.011578,0.995058,-0.155767,-0.987427,-0.026926,0.710873,-0.090124,-0.021169,0.697201,-0.140287,-0.144424,-0.157626,-0.023736,0.036593,-0.024119,-0.095573,-0.995058,0.026926,0.000000,0.000000,0.000000,-1,-0.153656,-0.965332,-0.015320,-0.152818,-0.227131,-0.162167,139.113571,171.826111,-743.494568,0,0
1.960000,-1.797338,1.475795,1.636709,0.982742,-0.160229,0.092435,-0.094652,-0.006248,0.995491,-0.158929,-0.987060,-0.021306,0.708925,-0.089883,-0.023449,0.699140,-0.163593,-0.039457,-0.153571,-0.073138,0.028877,-0.044026,-0.092435,-0.995491,0.021306,0.000000,0.000000,0.000000,-1,-0.147827,-0.966125,-0.037506,-0.147172,-0.021381,-0.116354,139.113571,172.175339,-744.496582,0,0
2.000000,-1.732620,1.480721,1.575705,0.983713,-0.156292,0.088778,-0.089952,-0.000442,0.995946,-0.155619,-0.987711,-0.014493,0.706868,-0.087090,-0.023640,0.701566,-0.104759,0.204466,-0.105314,-0.044339,0.026937,-0.053357,-0.088778,-0.995946,0.014493,0.000000,0.000000,0.000000,-1,-0.097046,-0.973801,-0.052170,-0.063044,0.128119,-0.110510,140.690430,172.699203,-744.329590,0,0
2.040000,-1.684822,1.487304,1.537369,0.985690,-0.146803,0.082854,-0.083349,0.002787,0.996517,-0.146523,-0.989162,-0.009489,0.705760,-0.081526,-0.022553,0.703383,-0.043343,0.109242,-0.131134,0.022444,0.016033,-0.065733,-0.082854,-0.996517,0.009489,0.000000,0.000000,0.000000,-1,-0.051712,-0.980957,-0.032822,-0.044061,-0.023507,-0.120672,139.288788,170.254517,-743.995605,0,0
2.080000,-1.656708,1.491873,1.511859,0.986432,-0.144160,0.078550,-0.078704,0.004644,0.996887,-0.144076,-0.989543,-0.006765,0.705080,-0.079021,-0.023233,0.704328,-0.077218,0.058425,-0.081600,0.020399,0.023468,0.000315,-0.078550,-0.996887,0.006765,0.000000,0.000000,0.000000,-1,-0.064270,-0.961929,0.037766,-0.072545,-0.042496,-0.057513,140.164810,171.476868,-744.162598,0,0
2.120000,-1.633610,1.493704,1.489741,0.986714,-0.143133,0.076864,-0.076763,0.006236,0.997030,-0.143187,-0.989684,-0.004834,0.704506,-0.078032,-0.023535,0.705003,-0.045221,-0.016786,-0.039065,-0.001047,0.037679,0.047991,-0.076864,-0.997030,0.004834,0.000000,0.000000,0.000000,-1,-0.136139,-0.948914,0.059265,-0.023517,-0.169633,0.001025,141.040848,170.603760,-743.661621,0,0
2.160000,-1.634531,1.487967,1.484421,0.985346,-0.149252,0.082567,-0.082426,0.007137,0.996572,-0.149330,-0.988773,-0.005269,0.704180,-0.082251,-0.023702,0.704843,0.019594,-0.200796,0.271657,-0.035689,-0.004725,0.003062,-0.082567,-0.996572,0.005270,0.000000,0.000000,0.000000,-1,-0.024658,-1.017792,-0.004028,0.043396,-0.349414,0.303194,139.288788,171.302246,-743.661621,0,0
2.200000,-1.663261,1.476835,1.502941,0.982794,-0.159337,0.093423,-0.093608,0.006362,0.995589,-0.159228,-0.987204,-0.008663,0.704467,-0.089764,-0.023353,0.703650,0.062861,-0.253615,0.212883,0.139840,-0.033571,-0.042766,-0.093423,-0.995589,0.008663,0.000000,0.000000,0.000000,-1,0.043243,-1.025894,-0.038269,0.038326,-0.284028,0.072129,139.639191,169.556046,-743.995605,0,0
2.240000,-1.693605,1.474586,1.527136,0.981591,-0.165500,0.095339,-0.095970,0.004193,0.995375,-0.165135,-0.986201,-0.011768,0.705189,-0.092695,-0.024744,0.702498,0.119374,-0.037758,-0.070600,0.120561,-0.022767,-0.055301,-0.095339,-0.995375,0.011768,0.000000,0.000000,0.000000,-1,0.003357,-0.994843,-0.014801,0.157901,-0.061676,-0.123790,138.938370,170.254517,-742.659546,0,0
2.280000,-1.785455,1.479303,1.623608,0.982850,-0.161357,0.089269,-0.091238,-0.004823,0.995817,-0.160252,-0.986884,-0.019462,0.708367,-0.089147,-0.025052,0.699744,0.263735,0.165649,-0.174162,0.093038,0.024336,-0.019508,-0.089269,-0.995817,0.019462,0.000000,0.000000,0.000000,-1,0.041458,-0.935623,0.008408,0.302464,0.098358,-0.164399,138.412750,170.778381,-742.826599,0,0
2.320000,-1.937878,1.480695,1.786466,0.984861,-0.151645,0.083985,-0.087895,-0.019256,0.995944,-0.149412,-0.988248,-0.032293,0.713514,-0.083929,-0.022924,0.695218,0.382175,0.279229,-0.083437,0.141419,0.079119,0.003077,-0.083985,-0.995944,0.032293,0.000000,0.000000,0.000000,-1,0.058121,-0.922012,0.033264,0.398804,0.075303,0.014411,140.865631,170.079910,-742.492554,0,0
2.360000,-2.048281,1.475955,1.903132,0.985711,-0.145943,0.084108,-0.089518,-0.030896,0.995506,-0.142688,-0.988810,-0.043519,0.717657,-0.082024,-0.020407,0.691248,0.392125,0.117218,0.051213,0.140977,0.063850,-0.023286,-0.084108,-0.995506,0.043519,0.000000,0.000000,0.000000,-1,0.044144,-0.956772,-0.019638,0.371420,-0.117493,0.123019,141.391251,171.651489,-742.325562,0,0
2.400000,-2.155311,1.467908,2.010096,0.985483,-0.146582,0.085656,-0.092955,-0.043682,0.994712,-0.142065,-0.988234,-0.056673,0.722122,-0.082928,-0.019529,0.686500,0.327477,-0.074187,0.164441,0.128564,0.026618,-0.088229,-0.085656,-0.994712,0.056673,0.000000,0.000000,0.000000,-1,0.024918,-0.982452,-0.065170,0.315228,-0.178905,0.177101,138.763168,171.476868,-740.154541,0,0
2.440000,-2.223465,1.456437,2.077400,0.984814,-0.148065,0.090656,-0.099777,-0.055367,0.993468,-0.142078,-0.987427,-0.069300,0.726203,-0.085321,-0.017702,0.681936,0.322235,0.057280,0.163877,0.103519,0.012832,-0.143198,-0.090656,-0.993468,0.069300,0.000000,0.000000,0.000000,-1,0.013947,-0.987610,-0.059280,0.332404,-0.000777,0.184618,138.237549,170.254517,-739.987549,0,1
2.480000,-2.247769,1.447140,2.115069,0.984893,-0.144501,0.095425,-0.105519,-0.063866,0.992364,-0.137303,-0.987441,-0.078149,0.729196,-0.085718,-0.014358,0.678763,0.322375,0.088088,0.203070,0.119885,0.000726,-0.115060,-0.095425,-0.992364,0.078148,0.000000,0.000000,0.000000,-1,0.029129,-0.986435,-0.008301,0.313342,-0.045263,0.213749,137.887131,170.254517,-739.987549,0,0
2.520000,-2.279962,1.441040,2.139354,0.984755,-0.143580,0.098197,-0.109036,-0.069667,0.991593,-0.135532,-0.987183,-0.084261,0.731212,-0.086369,-0.012765,0.676540,0.288231,0.007806,0.202739,0.128943,0.011659,-0.084108,-0.098197,-0.991593,0.084261,0.000000,0.000000,0.000000,-1,0.029129,-0.958862,0.006821,0.283457,-0.105723,0.195204,138.412750,170.778381,-740.154541,0,0
2.560000,-2.313486,1.433165,2.173140,0.984428,-0.143833,0.101067,-0.113052,-0.077733,0.990544,-0.134616,-0.986544,-0.092783,0.733986,-0.087496,-0.011427,0.673408,0.248583,0.015109,0.123334,0.127754,0.029805,-0.086557,-0.101067,-0.990544,0.092783,0.000000,0.000000,0.000000,-1,0.013107,-0.974442,0.009369,0.235287,-0.075118,0.101990,138.763168,169.730667,-738.150513,0,0
2.600000,-2.346680,1.429271,2.210783,0.985056,-0.139741,0.100684,-0.113139,-0.084235,0.990002,-0.129863,-0.986599,-0.098786,0.736220,-0.085871,-0.009908,0.671200,0.095117,0.159113,0.000957,0.103125,-0.017215,-0.112061,-0.100684,-0.990002,0.098786,0.000000,0.000000,0.000000,-1,0.006973,-1.078430,-0.024002,0.045781,0.098596,-0.003077,138.237549,171.651489,-738.317505,0,0
2.640000,-2.336183,1.434314,2.207048,0.986280,-0.132761,0.098114,-0.109436,-0.080844,0.990701,-0.123595,-0.987845,-0.094263,0.735083,-0.082371,-0.008666,0.672899,-0.117542,0.252382,-0.017355,0.111862,-0.123984,-0.106776,-0.098114,-0.990701,0.094264,0.000000,0.000000,0.000000,-1,0.057587,-1.235123,-0.040466,-0.204148,0.129295,-0.031309,139.639191,169.905289,-739.653564,0,0
2.680000,-2.275592,1.444973,2.152482,0.987400,-0.126108,0.095593,-0.104853,-0.068949,0.992095,-0.118520,-0.989617,-0.081303,0.731036,-0.078984,-0.007841,0.677707,-0.334853,0.013734,-0.080897,0.226910,-0.241441,-0.097859,-0.095593,-0.992095,0.081303,0.000000,0.000000,0.000000,-1,0.101608,-1.220093,0.019196,-0.564115,-0.194220,-0.127998,138.938370,169.556046,-739.653564,0,0
2.720000,-2.192120,1.457918,2.017117,0.987652,-0.128796,0.089187,-0.095767,-0.045827,0.994348,-0.123981,-0.990612,-0.057596,0.723028,-0.077647,-0.012031,0.686336,-0.849070,-0.071346,-0.250358,0.133422,-0.172964,-0.030389,-0.089187,-0.994348,0.057596,0.000000,0.000000,0.000000,-1,-0.049652,-1.041946,0.005569,-1.022929,-0.057737,-0.311835,141.040848,169.556046,-741.657593,0,0
2.760000,-1.858074,1.489504,1.732185,0.988961,-0.126065,0.077875,-0.080147,-0.013048,0.996698,-0.124633,-0.991936,-0.023008,0.711515,-0.072455,-0.016429,0.698732,-1.350602,0.112755,-0.494571,-0.024176,-0.005194,-0.016752,-0.077875,-0.996698,0.023008,0.000000,0.000000,0.000000,-1,-0.228485,-1.074570,-0.195175,-1.504456,-0.057073,-0.570332,141.566467,170.429138,-744.496582,0,0
2.800000,-0.514071,1.483379,0.380885,0.990446,-0.131049,0.042930,-0.032455,0.081049,0.996182,-0.134028,-0.988057,0.076021,0.677011,-0.060377,-0.033640,0.732720,-2.575797,-0.011864,-0.862379,-0.200554,-0.146885,-0.141493,-0.042930,-0.996182,-0.076021,0.000000,0.000000,0.000000,-1,-0.297363,-1.067307,-0.115662,-2.640662,0.206527,-0.819610,144.369751,171.127625,-750.842712,0,0
2.840000,-0.058932,1.390495,-0.070423,0.991712,-0.128043,0.010562,0.012618,0.178881,0.983790,-0.127857,-0.975503,0.179015,0.639104,-0.045151,-0.045882,0.766422,-2.460243,-0.029129,-0.665609,-0.238919,-0.045156,0.098998,-0.010562,-0.983790,-0.179015,0.000000,0.000000,0.000000,-1,-0.183640,-0.989456,-0.078720,-2.250863,-0.305121,-0.534393,146.997849,172.349960,-755.351746,0,0
2.880000,0.001042,1.328355,-0.138270,0.990595,-0.136829,-0.000250,0.033089,0.237782,0.970755,-0.132768,-0.961633,0.240073,0.614967,-0.042173,-0.054075,0.785565,-1.832536,-0.257456,-0.220480,-0.144659,-0.039774,0.122641,0.000250,-0.970755,-0.240073,0.000000,0.000000,0.000000,-1,-0.000671,-1.127319,-0.099014,-1.707099,-0.411543,-0.101654,146.647430,171.651489,-759.693848,0,0
2.920000,0.004423,1.252811,-0.153418,0.988887,-0.148664,-0.001383,0.047779,0.308981,0.949867,-0.140783,-0.939377,0.312650,0.584649,-0.043139,-0.060791,0.807855,-1.249590,-0.033682,-0.180048,0.036322,0.006523,0.212965,0.001383,-0.949867,-0.312650,0.000000,0.000000,0.000000,-1,-0.047043,-0.881073,-0.204086,-1.039737,0.019716,-0.273705,146.647430,174.794647,-761.363831,0,0
2.960000,0.040464,1.212606,-0.186535,0.988874,-0.148075,-0.014182,0.065017,0.344498,0.936533,-0.133792,-0.927035,0.350293,0.568789,-0.036507,-0.065039,0.819095,-0.777098,0.179113,-0.389386,-0.088004,0.095529,0.109525,0.014182,-0.936533,-0.350293,0.000000,0.000000,0.000000,-1,-0.090576,-0.808990,-0.272339,-0.643733,0.075672,-0.434689,146.822647,173.572311,-763.200867,0,0
3.000000,0.090314,1.193050,-0.234443,0.988154,-0.149814,-0.033265,0.085679,0.358737,0.929498,-0.127319,-0.921338,0.367323,0.561715,-0.028545,-0.071470,0.823744,-0.192717,0.031651,-0.456858,-0.135758,0.153604,0.099928,0.033265,-0.929498,-0.367323,0.000000,0.000000,0.000000,-1,-0.101929,-0.719604,-0.246780,-0.037707,-0.178685,-0.378525,149.450729,174.794647,-763.367859,0,0
3.040000,0.108413,1.196650,-0.262323,0.986238,-0.160532,-0.039545,0.094777,0.352975,0.930820,-0.135468,-0.921758,0.363332,0.563456,-0.029175,-0.077652,0.821971,0.312464,-0.348347,-0.050116,-0.118311,0.259632,0.111730,0.039545,-0.930820,-0.363332,0.000000,0.000000,0.000000,-1,-0.042007,-0.681000,-0.261887,0.491554,-0.553106,0.210886,150.151550,175.842361,-764.035889,0,0
3.080000,0.085839,1.211091,-0.251984,0.984481,-0.173664,-0.025259,0.083262,0.335523,0.938345,-0.154482,-0.925886,0.344775,0.571004,-0.039580,-0.078695,0.816208,0.669065,-0.447371,0.369761,-0.023962,0.196509,0.067966,0.025259,-0.938345,-0.344775,0.000000,0.000000,0.000000,-1,0.038132,-0.803116,-0.252106,0.750701,-0.496610,0.410944,149.976349,175.318512,-763.534851,0,0
3.120000,0.021230,1.247223,-0.197239,0.984334,-0.176182,-0.006750,0.062308,0.311791,0.948105,-0.164935,-0.933673,0.317885,0.581949,-0.048920,-0.073754,0.808395,0.618471,0.046709,0.385108,0.043269,0.073685,0.057386,0.006750,-0.948105,-0.317885,0.000000,0.000000,0.000000,-1,0.026367,-0.905060,-0.374207,0.558342,0.050319,0.319116,146.822647,176.016983,-760.862854,0,0
3.160000,0.005085,1.260178,-0.173472,0.985814,-0.167832,-0.001554,0.052756,0.301060,0.952145,-0.159333,-0.938720,0.305644,0.587178,-0.048996,-0.068500,0.805065,0.598804,0.300882,0.200149,0.013430,0.038418,-0.104055,0.001554,-0.952145,-0.305644,0.000000,0.000000,0.000000,-1,-0.020813,-0.986328,-0.479996,0.593116,0.254753,0.194419,147.523468,173.921539,-760.862854,0,0
3.200000,-0.006656,1.282250,-0.140483,0.989233,-0.146337,0.001894,0.039844,0.281756,0.958659,-0.140821,-0.948261,0.284553,0.596432,-0.044637,-0.058232,0.799303,0.131042,0.460932,0.177991,-0.026319,-0.021139,-0.136819,-0.001894,-0.958659,-0.284553,0.000000,0.000000,0.000000,-1,-0.040115,-0.952942,-0.359711,-0.000179,0.345876,0.164381,146.647430,175.143890,-760.695801,0,0
3.240000,-0.014630,1.278258,-0.114253,0.991777,-0.127909,0.004219,0.032877,0.286503,0.957515,-0.123684,-0.949503,0.288353,0.595172,-0.039918,-0.050181,0.801036,-0.028498,0.445012,0.169192,-0.006401,0.079036,-0.024468,-0.004219,-0.957515,-0.288353,0.000000,0.000000,0.000000,-1,0.083435,-0.779861,-0.264084,0.089144,0.382980,0.161102,149.450729,175.842361,-760.695801,0,0
3.280000,-0.013211,1.285368,-0.099991,0.993653,-0.112429,0.003720,0.028108,0.280162,0.959541,-0.108923,-0.953346,0.281544,0.598320,-0.035233,-0.043958,0.799274,0.490136,0.536091,0.098178,0.116726,0.225304,0.033054,-0.003720,-0.959541,-0.281544,0.000000,0.000000,0.000000,-1,-0.016846,-0.905182,-0.312653,0.664132,0.447566,0.097032,148.574707,175.318512,-760.862854,0,0
3.320000,-0.020779,1.320209,-0.069822,0.995944,-0.089830,0.005152,0.017300,0.247369,0.968767,-0.088299,-0.964748,0.247920,0.612506,-0.029604,-0.033937,0.789182,0.556048,0.193746,0.167074,-0.132528,-0.593214,-0.050176,-0.005152,-0.968767,-0.247920,0.000000,0.000000,0.000000,-1,-0.077896,-1.278992,-0.287521,0.367585,0.059250,-0.085162,149.976349,175.667740,-759.192810,0,1
3.360000,0.016446,1.329522,-0.093198,0.997012,-0.077152,-0.003929,0.022237,0.237903,0.971034,-0.073982,-0.968220,0.238908,0.616482,-0.022270,-0.031595,0.786420,0.153250,0.602487,-0.161147,-0.145760,-0.084996,-0.039046,0.003929,-0.971034,-0.238908,0.000000,0.000000,0.000000,-1,-0.069595,-0.946686,-0.159393,0.235770,0.559521,-0.182765,149.625931,174.969269,-758.190796,0,0
3.400000,0.061303,1.340260,-0.116854,0.998268,-0.057132,-0.013999,0.026640,0.226941,0.973544,-0.052444,-0.972231,0.228070,0.621140,-0.012273,-0.026742,0.783147,0.302422,0.344010,-0.019083,-0.164603,0.065524,0.183286,0.013999,-0.973544,-0.228070,0.000000,0.000000,0.000000,-1,-0.074829,-0.933487,-0.020966,0.284641,-0.062220,0.218397,149.275528,175.667740,-758.524780,0,0
3.440000,0.016723,1.353146,-0.070039,0.998551,-0.053684,-0.003611,0.015112,0.215407,0.976407,-0.051640,-0.975048,0.215906,0.625947,-0.015406,-0.022067,0.779401,0.434309,-0.108114,0.371905,0.087453,0.028165,0.247232,0.003611,-0.976407,-0.215906,0.000000,0.000000,0.000000,-1,0.056000,-0.936340,0.036636,0.498078,-0.210279,0.462431,149.450729,175.143890,-757.021790,0,0
3.480000,-0.071590,1.369955,0.013951,0.998319,-0.056169,0.014270,-0.002783,0.199474,0.979899,-0.057887,-0.978292,0.198983,0.632428,-0.023304,-0.017242,0.774076,0.606218,-0.356895,0.616860,0.017947,0.041621,0.187539,-0.014270,-0.979899,-0.198983,0.000000,0.000000,0.000000,-1,-0.095856,-1.016098,-0.058701,0.641011,-0.504738,0.647272,148.049088,176.191605,-757.021790,0,0
3.520000,-0.224280,1.393935,0.154109,0.997006,-0.066686,0.039130,-0.027007,0.173855,0.984401,-0.072448,-0.982511,0.171534,0.642576,-0.036452,-0.012963,0.765244,0.743422,-0.313845,0.337526,-0.024698,-0.044591,0.116678,-0.039130,-0.984401,-0.171534,0.000000,0.000000,0.000000,-1,-0.022202,-1.051926,-0.064758,0.856367,-0.268993,0.190690,146.997849,175.842361,-754.015747,0,0
3.560000,-0.312549,1.437283,0.247916,0.997241,-0.061935,0.040931,-0.032665,0.129047,0.991100,-0.066666,-0.989702,0.126667,0.659835,-0.035842,-0.009750,0.750492,0.823300,0.320657,-0.038519,0.062370,0.021664,0.016499,-0.040931,-0.991100,-0.126667,0.000000,0.000000,0.000000,-1,0.044571,-0.868713,-0.083939,0.714547,0.170690,-0.010774,147.348251,174.794647,-753.013733,0,0
3.600000,-0.362787,1.455801,0.304863,0.997619,-0.055655,0.040720,-0.034441,0.109451,0.993395,-0.059745,-0.992433,0.107274,0.667251,-0.033757,-0.007128,0.744034,0.584359,0.108785,0.077825,0.091501,0.155810,0.046055,-0.040720,-0.993395,-0.107274,0.000000,0.000000,0.000000,-1,0.057114,-0.825729,0.011642,0.560733,-0.055989,0.128101,147.173050,175.667740,-752.178711,0,0
3.640000,-0.517569,1.475347,0.459371,0.997308,-0.056146,0.047154,-0.042257,0.085424,0.995448,-0.059918,-0.994761,0.082822,0.676214,-0.036380,-0.004719,0.735791,0.747290,-0.134881,0.198393,0.088581,0.161387,0.116010,-0.047154,-0.995448,-0.082822,0.000000,0.000000,0.000000,-1,-0.008255,-0.890915,0.019547,0.859607,-0.255194,0.201230,147.873871,175.318512,-749.506653,0,0
3.680000,-1.028674,1.501914,0.963462,0.996206,-0.064007,0.058959,-0.056519,0.039279,0.997629,-0.066171,-0.997176,0.035512,0.693076,-0.043475,-0.002602,0.719548,0.962327,-0.145367,0.273721,0.013991,0.020074,-0.039760,-0.058959,-0.997629,-0.035512,0.000000,0.000000,0.000000,-1,-0.062073,-1.018723,-0.119202,0.912115,-0.187196,0.297142,146.472229,176.715469,-749.840698,0,0
3.720000,-1.422905,1.501886,1.357078,0.995540,-0.065282,0.068104,-0.067289,0.014604,0.997627,-0.066122,-0.997760,0.010146,0.701924,-0.047217,0.000706,0.710685,0.769155,0.006324,0.330479,0.007115,-0.009240,-0.111039,-0.068104,-0.997627,-0.010146,0.000000,0.000000,0.000000,-1,-0.045212,-0.991714,-0.060516,0.688106,-0.016430,0.347772,146.647430,174.445404,-748.003662,0,0
3.760000,-1.694214,1.488924,1.637860,0.995096,-0.056546,0.081158,-0.081597,-0.005480,0.996650,-0.055912,-0.998385,-0.010067,0.708986,-0.048711,0.008902,0.703482,0.406928,0.378469,0.341297,0.042584,0.011024,-0.050824,-0.081158,-0.996650,0.010068,0.000000,0.000000,0.000000,-1,-0.005981,-1.003723,-0.017822,0.338429,0.251759,0.321695,146.647430,175.842361,-748.337646,0,1
3.800000,-1.795696,1.478313,1.751621,0.994931,-0.044810,0.090026,-0.090846,-0.016609,0.995727,-0.043123,-0.998857,-0.020595,0.712765,-0.047581,0.016451,0.699594,0.173170,0.117373,0.152494,0.133315,-0.061738,-0.040157,-0.090026,-0.995726,0.020595,0.000000,0.000000,0.000000,-1,0.082611,-1.114182,-0.058792,0.124809,-0.006190,0.112470,144.544968,177.239319,-746.667603,0,0
3.840000,-1.802746,1.482985,1.761213,0.995456,-0.042231,0.085350,-0.086113,-0.016599,0.996147,-0.040652,-0.998970,-0.020160,0.712779,-0.045015,0.015678,0.699767,0.026914,0.048255,0.012895,0.161583,-0.128700,-0.099658,-0.085350,-0.996147,0.020160,0.000000,0.000000,0.000000,-1,0.049637,-1.114716,-0.099335,-0.003241,-0.074213,0.001434,146.121811,176.715469,-747.168640,0,0
3.880000,-1.756224,1.484411,1.716697,0.995593,-0.040050,0.084799,-0.085361,-0.012543,0.996271,-0.038837,-0.999119,-0.015907,0.711344,-0.044075,0.016153,0.701274,-0.297687,0.038930,-0.078058,0.135534,-0.121023,-0.089759,-0.084799,-0.996271,0.015907,0.000000,0.000000,0.000000,-1,0.016434,-1.196991,-0.026810,-0.466475,-0.179449,-0.177008,146.647430,177.588562,-748.337646,0,0
3.920000,-1.290095,1.502494,1.239888,0.996621,-0.049458,0.065578,-0.064546,0.022174,0.997668,-0.050797,-0.998530,0.018907,0.699203,-0.040762,0.005285,0.713741,-1.081535,-0.379643,-0.634490,0.182918,-0.075284,0.060197,-0.065578,-0.997668,-0.018907,0.000000,0.000000,0.000000,-1,0.096771,-1.012909,-0.006226,-1.264170,-0.639368,-0.732038,148.399490,178.985519,-750.675659,0,0
3.960000,-0.599413,1.497443,0.531627,0.996934,-0.066427,0.041346,-0.037152,0.063173,0.997311,-0.068860,-0.995790,0.060511,0.684334,-0.037839,-0.010052,0.728117,-1.694195,-0.480876,-0.968736,0.083780,-0.014591,0.036814,-0.041346,-0.997311,-0.060511,0.000000,0.000000,0.000000,-1,-0.227264,-1.166580,-0.172928,-1.993612,-0.487223,-1.073584,150.326767,180.906342,-752.846741,0,0
4.000000,0.012787,1.417754,-0.099299,0.996245,-0.086553,-0.001949,0.015113,0.151695,0.988312,-0.085246,-0.984631,0.152433,0.650407,-0.027460,-0.033516,0.758349,-2.668863,-0.395361,-1.198779,-0.276836,-0.151932,0.041914,0.001949,-0.988312,-0.152433,0.000000,0.000000,0.000000,-1,-0.397797,-0.998489,-0.111633,-2.662827,-0.577514,-1.181746,150.852371,181.080963,-756.353760,0,0
4.040000,0.166015,1.296669,-0.269442,0.993014,-0.109190,-0.044735,0.072060,0.260940,0.962662,-0.093440,-0.959160,0.266985,0.605204,-0.015338,-0.057078,0.793873,-1.736457,0.093476,-0.449640,-0.494274,-0.040634,0.107378,0.044735,-0.962662,-0.266985,0.000000,0.000000,0.000000,-1,-0.155289,-1.194107,-0.154648,-1.450069,0.060007,-0.267237,153.830887,181.954071,-762.198853,0,0
4.080000,0.167069,1.255560,-0.262840,0.993288,-0.103538,-0.051557,0.080556,0.299393,0.950723,-0.083000,-0.948496,0.305724,0.589103,-0.009753,-0.057103,0.805979,-1.237028,0.364499,-0.009607,-0.206846,-0.243384,0.151076,0.051557,-0.950723,-0.305724,0.000000,0.000000,0.000000,-1,0.032608,-1.034515,-0.203430,-1.211855,0.283036,-0.013449,152.954849,184.224121,-764.035889,0,0
4.120000,0.169093,1.208568,-0.246145,0.994372,-0.087567,-0.059635,0.086346,0.343678,0.935110,-0.061389,-0.934996,0.349305,0.570392,-0.000535,-0.053044,0.819658,-1.122500,0.451292,-0.105932,-0.035648,-0.061030,0.112168,0.059635,-0.935109,-0.349305,0.000000,0.000000,0.000000,-1,0.028564,-0.890686,-0.252182,-1.032617,0.229869,-0.119429,153.655670,184.573364,-763.033875,0,0
4.160000,0.182873,1.168660,-0.251531,0.994033,-0.082654,-0.071176,0.097411,0.379069,0.920227,-0.049080,-0.921670,0.384859,0.554551,0.006653,-0.054213,0.830356,-0.442912,0.034430,-0.245569,-0.025231,0.175842,0.159258,0.071176,-0.920227,-0.384859,0.000000,0.000000,0.000000,-1,-0.037125,-0.670135,-0.204361,-0.289075,-0.078818,-0.237922,154.356491,186.668808,-764.703857,0,0
4.200000,0.194019,1.162188,-0.263651,0.993440,-0.084900,-0.076607,0.103548,0.383603,0.917675,-0.048523,-0.919587,0.389878,0.552259,0.008442,-0.056645,0.831703,0.001931,-0.049121,-0.112875,-0.113732,0.247539,0.185517,0.076607,-0.917675,-0.389878,0.000000,0.000000,0.000000,-1,-0.109650,-0.617783,-0.255890,0.160390,-0.200375,0.001264,153.655670,185.271851,-764.035889,0,0
4.240000,0.180291,1.177092,-0.254298,0.993812,-0.087216,-0.068788,0.096504,0.371275,0.923495,-0.055005,-0.924418,0.377394,0.557930,0.004161,-0.055470,0.828022,0.610768,-0.183012,0.384157,-0.174501,0.310381,0.107863,0.068788,-0.923494,-0.377394,0.000000,0.000000,0.000000,-1,-0.009293,-0.738663,-0.323135,0.757496,-0.309903,0.483423,153.480469,186.494186,-763.534851,0,0
