0.000000,-2.637861,1.476804,2.572600,0.996723,-0.067010,0.045303,-0.050567,-0.079067,0.995586,-0.063132,-0.994615,-0.082196,0.734504,-0.040019,-0.006068,0.677396,0.000885,0.035417,-0.008316,-0.002854,0.012050,-0.001920,-0.045303,-0.995586,0.082196,0.000000,0.000000,0.000000,-1,-0.042999,-0.982651,0.082123,-0.002197,-0.061501,-0.006081,134.032608,205.877014,-718.945251,0,0
0.040000,-2.639956,1.476999,2.576049,0.996826,-0.065649,0.045037,-0.050190,-0.079077,0.995604,-0.061799,-0.994705,-0.082120,0.734511,-0.039427,-0.005705,0.677427,-0.001250,0.050252,-0.013678,0.001016,0.012267,0.000414,-0.045037,-0.995604,0.082120,0.000000,0.000000,0.000000,-1,-0.041382,-0.980209,0.080658,-0.000074,-0.050904,-0.009343,133.682190,205.178528,-718.611206,0,0
0.080000,-2.643319,1.477305,2.580945,0.996946,-0.064101,0.044616,-0.049640,-0.079064,0.995633,-0.060294,-0.994806,-0.082004,0.734509,-0.038714,-0.005336,0.677473,-0.000189,0.047070,-0.013676,0.004042,0.016644,-0.002109,-0.044616,-0.995633,0.082004,0.000000,0.000000,0.000000,-1,-0.037521,-0.980667,0.081512,0.000986,-0.069983,-0.006077,134.032608,204.480057,-718.945251,0,0
0.120000,-2.648663,1.477549,2.587363,0.997040,-0.063010,0.044062,-0.049004,-0.079174,0.995656,-0.059248,-0.994867,-0.082028,0.734548,-0.038123,-0.005168,0.677465,-0.001291,0.030096,-0.012506,0.006540,0.014988,-0.000515,-0.044062,-0.995656,0.082028,0.000000,0.000000,0.000000,-1,-0.032883,-0.981583,0.077591,-0.003270,-0.080584,-0.004919,134.733429,206.226257,-720.281250,0,0
0.160000,-2.658519,1.478696,2.598192,0.997163,-0.061975,0.042720,-0.047553,-0.078722,0.995762,-0.058350,-0.994968,-0.081446,0.734393,-0.037285,-0.005321,0.677679,-0.007677,0.006775,-0.009143,0.008769,0.012623,-0.002222,-0.042720,-0.995762,0.081446,0.000000,0.000000,0.000000,-1,-0.034515,-0.982819,0.081070,-0.008595,-0.097545,-0.003720,134.908630,205.353149,-718.778198,0,0
0.200000,-2.663644,1.479083,2.603375,0.997193,-0.061893,0.042125,-0.046947,-0.078637,0.995797,-0.058320,-0.994980,-0.081322,0.734362,-0.037053,-0.005513,0.677723,-0.002358,-0.000644,-0.007042,0.006420,0.012643,0.001518,-0.042125,-0.995797,0.081322,0.000000,0.000000,0.000000,-1,-0.037811,-0.981964,0.079391,-0.001145,-0.103902,-0.000582,133.156570,205.003906,-718.444214,0,0
0.240000,-2.667399,1.479277,2.607111,0.997210,-0.061896,0.041732,-0.046555,-0.078646,0.995815,-0.058355,-0.994979,-0.081308,0.734364,-0.036920,-0.005659,0.677727,-0.003412,0.000418,-0.004909,0.003920,0.013851,-0.001917,-0.041732,-0.995815,0.081308,0.000000,0.000000,0.000000,-1,-0.040298,-0.981598,0.076859,-0.001145,-0.102841,-0.000587,133.331772,205.178528,-718.945251,0,0
0.280000,-2.670400,1.479641,2.610132,0.997229,-0.061856,0.041323,-0.046133,-0.078473,0.995848,-0.058357,-0.994995,-0.081110,0.734305,-0.036766,-0.005799,0.677799,0.000816,-0.005958,-0.002783,-0.001936,0.013945,-0.002451,-0.041323,-0.995848,0.081110,0.000000,0.000000,0.000000,-1,-0.042953,-0.981949,0.080017,-0.000073,-0.112377,0.003699,135.259048,204.654663,-719.112244,0,0
0.320000,-2.669994,1.479627,2.609356,0.997205,-0.062227,0.041362,-0.046201,-0.078450,0.995847,-0.058724,-0.994974,-0.081105,0.734295,-0.036916,-0.005911,0.677800,-0.005562,-0.016557,-0.000537,-0.001332,0.014844,0.002055,-0.041362,-0.995847,0.081105,0.000000,0.000000,0.000000,-1,-0.035828,-0.983734,0.080307,-0.003266,-0.122977,0.004846,133.857391,204.654663,-719.780273,0,0
0.360000,-2.671896,1.479817,2.610706,0.997181,-0.062766,0.041122,-0.045999,-0.078348,0.995864,-0.059284,-0.994948,-0.081015,0.734259,-0.037032,-0.006184,0.677831,-0.004509,-0.018682,-0.002667,0.005294,0.012130,-0.000707,-0.041122,-0.995864,0.081014,0.000000,0.000000,0.000000,-1,-0.042511,-0.977737,0.087997,-0.005415,-0.126166,-0.000435,134.032608,204.829285,-720.281250,0,0
0.400000,-2.674522,1.480023,2.611992,0.997109,-0.064089,0.040816,-0.045795,-0.078230,0.995883,-0.060632,-0.994873,-0.080939,0.734214,-0.037416,-0.006747,0.677853,0.003970,-0.019747,-0.002738,-0.004853,0.016849,0.001489,-0.040816,-0.995883,0.080939,0.000000,0.000000,0.000000,-1,-0.041962,-0.982101,0.079407,0.003112,-0.124038,0.004780,134.733429,204.130814,-717.943237,0,0
0.440000,-2.674277,1.479889,2.611124,0.997065,-0.064716,0.040897,-0.045930,-0.078306,0.995871,-0.061246,-0.994827,-0.081049,0.734238,-0.037674,-0.006929,0.677811,0.003992,-0.021859,0.003654,-0.000088,0.012030,-0.002802,-0.040897,-0.995871,0.081049,0.000000,0.000000,0.000000,-1,-0.041534,-0.981812,0.078369,0.003133,-0.132508,0.012264,134.733429,203.083084,-718.945251,0,0
0.480000,-2.671345,1.479581,2.606715,0.996952,-0.066205,0.041273,-0.046431,-0.078367,0.995843,-0.062695,-0.994724,-0.081202,0.734255,-0.038351,-0.007294,0.677751,0.007188,-0.033515,0.007927,-0.004992,0.016564,-0.001475,-0.041273,-0.995843,0.081202,0.000000,0.000000,0.000000,-1,-0.047607,-0.979706,0.078140,0.007382,-0.132510,0.011154,134.558212,205.353149,-718.110229,0,0
0.520000,-2.668717,1.479124,2.603383,0.996886,-0.066929,0.041693,-0.046925,-0.078602,0.995801,-0.063371,-0.994657,-0.081498,0.734334,-0.038761,-0.007380,0.677640,0.006133,-0.013375,0.005722,-0.005883,0.018369,0.001144,-0.041693,-0.995801,0.081498,0.000000,0.000000,0.000000,-1,-0.044571,-0.980637,0.080414,0.007394,-0.106008,0.008907,134.032608,204.480057,-720.281250,0,0
0.560000,-2.665799,1.478940,2.600564,0.996878,-0.066844,0.042015,-0.047241,-0.078627,0.995784,-0.063259,-0.994661,-0.081539,0.734344,-0.038839,-0.007232,0.677627,0.001832,0.000389,-0.002780,-0.002800,0.012508,-0.005017,-0.042015,-0.995784,0.081539,0.000000,0.000000,0.000000,-1,-0.039795,-0.984207,0.075500,0.002052,-0.109198,0.002598,133.506989,204.305435,-719.446228,0,0
0.600000,-2.667090,1.479306,2.601596,0.996874,-0.067087,0.041743,-0.046973,-0.078363,0.995818,-0.063535,-0.994665,-0.081269,0.734252,-0.038835,-0.007420,0.677724,-0.002422,-0.010211,-0.000558,0.005763,0.014922,-0.004121,-0.041743,-0.995818,0.081269,0.000000,0.000000,0.000000,-1,-0.037964,-0.980423,0.079239,-0.001134,-0.115556,0.004789,134.908630,206.400864,-719.446228,0,0
0.640000,-2.668790,1.479433,2.602956,0.996859,-0.067417,0.041547,-0.046801,-0.078318,0.995829,-0.063882,-0.994646,-0.081227,0.734235,-0.038890,-0.007605,0.677738,-0.001357,-0.008091,-0.000580,0.004056,0.015864,-0.000828,-0.041547,-0.995829,0.081227,0.000000,0.000000,0.000000,-1,-0.038040,-0.983124,0.076385,-0.004320,-0.106016,0.003717,134.383011,204.480057,-720.615234,0,0
0.680000,-2.670688,1.479863,2.604945,0.996881,-0.067307,0.041199,-0.046426,-0.078043,0.995868,-0.063813,-0.994675,-0.080925,0.734141,-0.038730,-0.007701,0.677848,-0.003488,0.007805,-0.004884,0.002793,0.010975,-0.002861,-0.041199,-0.995868,0.080925,0.000000,0.000000,0.000000,-1,-0.039871,-0.982239,0.078003,-0.000093,-0.101786,-0.003794,135.259048,205.353149,-718.778198,0,0
0.720000,-2.673156,1.480142,2.607537,0.996904,-0.067168,0.040874,-0.046083,-0.077924,0.995894,-0.063707,-0.994694,-0.080778,0.734099,-0.038568,-0.007776,0.677901,-0.001385,-0.000684,-0.009125,0.001003,0.013655,-0.002775,-0.040874,-0.995894,0.080778,0.000000,0.000000,0.000000,-1,-0.043518,-0.979004,0.079407,-0.000088,-0.106024,-0.001648,134.207809,204.654663,-718.444214,0,0
0.760000,-2.672940,1.480151,2.607274,0.996900,-0.067215,0.040887,-0.046098,-0.077904,0.995895,-0.063754,-0.994693,-0.080761,0.734092,-0.038590,-0.007788,0.677908,-0.002434,0.002503,0.000474,-0.002357,0.017806,-0.000469,-0.040887,-0.995895,0.080761,0.000000,0.000000,0.000000,-1,-0.043182,-0.982422,0.078659,-0.000053,-0.101770,0.006842,132.806152,204.654663,-719.112244,0,0
0.800000,-2.670992,1.480084,2.605758,0.996921,-0.066791,0.041074,-0.046250,-0.077891,0.995889,-0.063317,-0.994722,-0.080741,0.734090,-0.038497,-0.007575,0.677918,0.003932,0.013096,-0.004961,-0.002749,0.010537,-0.003836,-0.041074,-0.995888,0.080740,0.000000,0.000000,0.000000,-1,-0.042267,-0.983887,0.078384,0.002053,-0.086940,-0.001758,134.207809,205.003906,-719.112244,0,0
0.840000,-2.671329,1.480182,2.606769,0.996969,-0.066115,0.041003,-0.046122,-0.077854,0.995897,-0.062651,-0.994770,-0.080668,0.734080,-0.038224,-0.007373,0.677947,0.001815,0.016279,-0.002824,-0.001248,0.012819,-0.000986,-0.041003,-0.995897,0.080668,0.000000,0.000000,0.000000,-1,-0.038849,-0.980042,0.079956,-0.000058,-0.087994,0.002525,135.259048,205.353149,-719.112244,0,0
0.880000,-2.672037,1.480245,2.607798,0.996994,-0.065791,0.040917,-0.046010,-0.077847,0.995903,-0.062336,-0.994792,-0.080640,0.734078,-0.038075,-0.007294,0.677958,-0.001407,0.003531,-0.003765,0.000909,0.015022,-0.002576,-0.040917,-0.995903,0.080640,0.000000,0.000000,0.000000,-1,-0.042969,-0.977585,0.081390,-0.000070,-0.102837,0.002592,134.207809,204.305435,-720.114258,0,0
0.920000,-2.672696,1.479814,2.608637,0.996999,-0.065625,0.041058,-0.046163,-0.078256,0.995864,-0.062141,-0.994771,-0.081051,0.734218,-0.038064,-0.007178,0.677808,0.008189,0.013080,0.001405,0.000516,0.012328,-0.003215,-0.041058,-0.995864,0.081051,0.000000,0.000000,0.000000,-1,-0.039902,-0.984909,0.075821,0.007389,-0.085872,0.003497,135.434250,205.178528,-720.615234,0,0
0.960000,-2.672884,1.479778,2.608995,0.997010,-0.065456,0.041060,-0.046153,-0.078303,0.995861,-0.061970,-0.994778,-0.081090,0.734235,-0.038002,-0.007059,0.677804,0.006058,0.017317,-0.000718,0.000367,0.010956,-0.005209,-0.041069,-0.995865,0.081030,0.000000,0.000000,0.000000,-1,-0.037964,-0.982742,0.077408,0.003149,-0.085867,0.006735,133.682190,204.829285,-720.949280,0,0
1.000000,-2.672335,1.479906,2.609289,0.997066,-0.064612,0.041046,-0.046079,-0.078218,0.995871,-0.061009,-0.994848,-0.080961,0.734209,-0.037648,-0.006789,0.677845,-0.000331,0.010953,-0.001683,-0.000602,0.013251,-0.000486,-0.041070,-0.995871,0.080961,0.000000,0.000000,0.000000,-1,-0.041473,-0.980011,0.081039,0.001007,-0.095412,0.004674,135.259048,203.956192,-719.112244,0,0
1.040000,-2.672132,1.479784,2.609488,0.997089,-0.064217,0.041117,-0.046111,-0.078320,0.995861,-0.060731,-0.994858,-0.081053,0.734245,-0.037565,-0.006678,0.677812,0.003922,0.010953,-0.001729,-0.001195,0.015347,0.000093,-0.041117,-0.995861,0.081053,0.000000,0.000000,0.000000,-1,-0.038300,-0.981232,0.075317,0.007385,-0.091173,0.003521,133.857391,205.003906,-720.448242,0,0
1.080000,-2.675123,1.479790,2.612984,0.997131,-0.063706,0.040873,-0.045834,-0.078477,0.995862,-0.060235,-0.994878,-0.081171,0.734299,-0.037294,-0.006592,0.677769,0.006030,0.007741,-0.000635,0.002619,0.013898,-0.006175,-0.040873,-0.995862,0.081171,0.000000,0.000000,0.000000,-1,-0.036575,-0.982574,0.079712,0.003129,-0.096474,0.003592,134.207809,203.956192,-718.778198,0,0
1.120000,-2.676039,1.479935,2.614160,0.997154,-0.063440,0.040733,-0.045669,-0.078406,0.995875,-0.059984,-0.994901,-0.081080,0.734275,-0.037148,-0.006554,0.677803,-0.001415,0.008799,-0.001622,0.001701,0.015376,-0.002207,-0.040733,-0.995875,0.081080,0.000000,0.000000,0.000000,-1,-0.038757,-0.983124,0.081360,-0.002188,-0.097534,0.003655,134.558212,205.003906,-721.450256,0,0
1.160000,-2.677559,1.480000,2.615794,0.997168,-0.063321,0.040581,-0.045508,-0.078424,0.995881,-0.059877,-0.994907,-0.081083,0.734281,-0.037053,-0.006570,0.677802,0.002827,0.000315,-0.002695,0.001823,0.012757,0.000277,-0.040581,-0.995881,0.081083,0.000000,0.000000,0.000000,-1,-0.040924,-0.980408,0.077774,0.004176,-0.107079,0.001501,135.434250,204.829285,-718.277222,0,0
1.200000,-2.676566,1.480062,2.614690,0.997159,-0.063431,0.040634,-0.045564,-0.078321,0.995886,-0.059988,-0.994908,-0.080988,0.734246,-0.037111,-0.006590,0.677837,0.002826,-0.001819,0.001606,-0.002442,0.015998,-0.005778,-0.040634,-0.995886,0.080988,0.000000,0.000000,0.000000,-1,-0.042404,-0.984314,0.080093,0.005266,-0.102829,0.007852,132.806152,205.702393,-719.780273,0,0
1.240000,-2.674791,1.479772,2.613036,0.997154,-0.063325,0.040907,-0.045839,-0.078494,0.995860,-0.059852,-0.994901,-0.081173,0.734306,-0.037166,-0.006450,0.677770,0.007096,0.005607,0.004717,-0.000139,0.013240,-0.002682,-0.040907,-0.995860,0.081173,0.000000,0.000000,0.000000,-1,-0.044479,-0.981110,0.079010,0.007394,-0.095409,0.006731,135.259048,203.956192,-719.780273,0,0
1.280000,-2.673196,1.479663,2.611839,0.997172,-0.062936,0.041086,-0.045988,-0.078533,0.995850,-0.059448,-0.994923,-0.081205,0.734321,-0.037083,-0.006251,0.677760,0.001774,0.019382,0.000459,-0.003394,0.014741,-0.002195,-0.041086,-0.995850,0.081205,0.000000,0.000000,0.000000,-1,-0.044067,-0.980881,0.079651,0.005265,-0.082691,0.003506,134.558212,205.003906,-719.446228,0,0
1.320000,-2.671965,1.479476,2.611616,0.997226,-0.061940,0.041270,-0.046099,-0.078683,0.995833,-0.058435,-0.994974,-0.081321,0.734376,-0.036779,-0.005843,0.677721,0.006031,0.020443,0.001472,0.003596,0.011016,-0.002661,-0.041270,-0.995833,0.081320,0.000000,0.000000,0.000000,-1,-0.034058,-0.985931,0.078934,0.005277,-0.083747,0.006702,134.558212,205.003906,-719.112244,0,0
1.360000,-2.675301,1.479739,2.615673,0.997288,-0.061204,0.040881,-0.045649,-0.078644,0.995857,-0.057735,-0.995022,-0.081224,0.734363,-0.036376,-0.005738,0.677757,0.000704,0.018310,0.002639,0.012500,0.008324,-0.002641,-0.040881,-0.995857,0.081224,0.000000,0.000000,0.000000,-1,-0.030975,-0.979782,0.079742,-0.000034,-0.087984,0.008907,133.506989,204.305435,-720.114258,0,0
1.400000,-2.679515,1.479981,2.620073,0.997319,-0.061000,0.040431,-0.045182,-0.078634,0.995879,-0.057570,-0.995035,-0.081180,0.734359,-0.036148,-0.005835,0.677773,-0.003575,-0.006078,0.000666,0.009455,0.016097,-0.001437,-0.040431,-0.995879,0.081180,0.000000,0.000000,0.000000,-1,-0.039505,-0.976517,0.084076,0.004195,-0.118730,0.008999,133.156570,205.003906,-719.446228,0,0
1.440000,-2.682629,1.479301,2.622320,0.997262,-0.061881,0.040478,-0.045341,-0.079323,0.995817,-0.058412,-0.994926,-0.081912,0.734591,-0.036490,-0.006103,0.677500,0.010272,-0.026207,0.011241,0.000362,0.017485,-0.003451,-0.040478,-0.995817,0.081912,0.000000,0.000000,0.000000,-1,-0.035614,-0.984497,0.076172,0.007405,-0.133560,0.017541,132.806152,204.305435,-717.108215,0,0
1.480000,-2.680601,1.479209,2.618674,0.997152,-0.063503,0.040684,-0.045676,-0.079237,0.995809,-0.060013,-0.994831,-0.081912,0.734558,-0.037158,-0.006578,0.677496,-0.000369,-0.048469,0.013585,0.004155,0.010991,-0.003543,-0.040684,-0.995809,0.081912,0.000000,0.000000,0.000000,-1,-0.034378,-0.988358,0.077423,-0.001116,-0.149465,0.016643,135.083832,204.480057,-721.617310,0,0
1.520000,-2.681172,1.479447,2.617934,0.997075,-0.064800,0.040533,-0.045616,-0.078999,0.995830,-0.061328,-0.994766,-0.081723,0.734472,-0.037584,-0.007078,0.677560,-0.001466,-0.036824,0.006139,0.006155,0.007473,-0.004300,-0.040533,-0.995831,0.081723,0.000000,0.000000,0.000000,-1,-0.043793,-0.977905,0.082138,0.002063,-0.136750,0.011232,133.506989,205.702393,-718.444214,0,0
1.560000,-2.681200,1.479158,2.616084,0.996946,-0.066683,0.040658,-0.045906,-0.079162,0.995804,-0.063185,-0.994629,-0.081982,0.734522,-0.038321,-0.007667,0.677459,0.005980,-0.048483,0.009301,-0.002677,0.016541,-0.000454,-0.040658,-0.995804,0.081982,0.000000,0.000000,0.000000,-1,-0.045273,-0.977264,0.076248,0.006316,-0.157948,0.015535,135.434250,203.781570,-719.613281,0,0
1.600000,-2.676515,1.478847,2.609326,0.996782,-0.068771,0.041180,-0.046597,-0.079117,0.995776,-0.065223,-0.994490,-0.082067,0.734501,-0.039268,-0.008183,0.677421,-0.000400,-0.043184,0.008285,-0.003314,0.017641,-0.006216,-0.041180,-0.995776,0.082067,0.000000,0.000000,0.000000,-1,-0.049667,-0.980133,0.079697,-0.002193,-0.136752,0.010215,135.083832,204.829285,-719.947266,0,0
1.640000,-2.669596,1.478728,2.601591,0.996699,-0.069604,0.041801,-0.047269,-0.078856,0.995765,-0.066013,-0.994453,-0.081886,0.734411,-0.039784,-0.008242,0.677487,-0.006792,-0.002914,-0.003524,-0.010384,0.011039,-0.001045,-0.041801,-0.995765,0.081886,0.000000,0.000000,0.000000,-1,-0.050491,-0.986588,0.080231,-0.009647,-0.098601,-0.000512,134.383011,203.781570,-718.945251,0,0
1.680000,-2.663981,1.478916,2.596194,0.996698,-0.069392,0.042174,-0.047597,-0.078440,0.995782,-0.065791,-0.994501,-0.081484,0.734272,-0.039832,-0.008041,0.677638,-0.011061,0.008727,-0.006677,-0.009217,0.010797,-0.000505,-0.042174,-0.995782,0.081484,0.000000,0.000000,0.000000,-1,-0.052765,-0.978287,0.086151,-0.007513,-0.094358,0.000509,133.857391,204.654663,-718.444214,0,0
1.720000,-2.658821,1.478566,2.591442,0.996699,-0.069010,0.042756,-0.048151,-0.078510,0.995750,-0.065360,-0.994522,-0.081573,0.734299,-0.039889,-0.007696,0.677609,-0.000415,0.010851,-0.003609,-0.010101,0.019859,0.004440,-0.042756,-0.995750,0.081573,0.000000,0.000000,0.000000,-1,-0.048935,-0.976105,0.085129,0.001004,-0.089054,0.002518,134.207809,202.559235,-719.780273,0,0
1.760000,-2.657117,1.478031,2.590550,0.996737,-0.068224,0.043143,-0.048500,-0.078921,0.995700,-0.064526,-0.994544,-0.081972,0.734444,-0.039732,-0.007279,0.677467,0.011317,0.026763,0.002574,-0.000329,0.015155,0.000364,-0.043143,-0.995700,0.081972,0.000000,0.000000,0.000000,-1,-0.040131,-0.979980,0.080780,0.012742,-0.067839,0.009739,135.434250,204.829285,-719.279236,0,0
1.800000,-2.658137,1.477712,2.592589,0.996802,-0.067217,0.043207,-0.048505,-0.079291,0.995671,-0.063500,-0.994583,-0.082297,0.734573,-0.039384,-0.006906,0.677350,0.010270,0.038428,0.004659,0.003076,0.015690,-0.001517,-0.043207,-0.995671,0.082297,0.000000,0.000000,0.000000,-1,-0.040909,-0.981110,0.080765,0.010605,-0.077382,0.008742,133.857391,204.305435,-719.446228,0,0
1.840000,-2.659788,1.477231,2.595238,0.996864,-0.066237,0.043293,-0.048543,-0.079828,0.995626,-0.062491,-0.994606,-0.082793,0.734759,-0.039054,-0.006532,0.677171,0.011302,0.006604,0.006959,0.006748,0.014379,-0.003661,-0.043293,-0.995626,0.082793,0.000000,0.000000,0.000000,-1,-0.033798,-0.987381,0.075394,0.008468,-0.096464,0.009915,135.259048,205.353149,-719.446228,0,0
1.880000,-2.663126,1.477566,2.598898,0.996906,-0.065895,0.042863,-0.048079,-0.079719,0.995657,-0.062192,-0.994637,-0.082641,0.734722,-0.038781,-0.006577,0.677227,0.007024,0.011893,-0.000467,0.011842,0.007147,-0.010345,-0.042863,-0.995657,0.082641,0.000000,0.000000,0.000000,-1,-0.037613,-0.991440,0.067368,-0.001139,-0.095420,-0.000621,135.609451,205.353149,-718.778198,0,0
1.920000,-2.664398,1.478400,2.600420,0.996945,-0.065613,0.042376,-0.047529,-0.079080,0.995735,-0.061982,-0.994707,-0.081957,0.734504,-0.038510,-0.006673,0.677478,-0.006832,0.001280,-0.006650,0.004763,0.004295,-0.014590,-0.042376,-0.995735,0.081957,0.000000,0.000000,0.000000,-1,-0.040237,-0.983078,0.067780,-0.018147,-0.097539,0.000640,134.558212,205.003906,-720.448242,0,0
1.960000,-2.657654,1.480440,2.593787,0.996973,-0.065444,0.041983,-0.046995,-0.077029,0.995921,-0.061943,-0.994879,-0.079872,0.733804,-0.038307,-0.006800,0.678246,-0.019569,-0.005069,0.002027,0.002173,0.011240,-0.009513,-0.041983,-0.995921,0.079872,0.000000,0.000000,0.000000,-1,-0.044464,-0.992111,0.073395,-0.020279,-0.116619,0.002877,134.032608,204.480057,-719.279236,0,0
2.000000,-2.652638,1.481542,2.587633,0.996904,-0.066549,0.041867,-0.046891,-0.075805,0.996020,-0.063110,-0.994899,-0.078691,0.733383,-0.038670,-0.007241,0.678677,-0.020722,-0.048570,-0.008364,-0.007174,0.003817,-0.005220,-0.041867,-0.996019,0.078691,0.000000,0.000000,0.000000,-1,-0.052948,-0.989975,0.058304,-0.004383,-0.183412,0.003004,134.383011,204.480057,-718.611206,0,0
2.040000,-2.643342,1.482401,2.575065,0.996669,-0.069798,0.042188,-0.047381,-0.074488,0.996096,-0.066383,-0.994776,-0.077547,0.732923,-0.039970,-0.008253,0.679086,-0.001596,-0.103687,0.001251,-0.008013,0.004915,-0.026339,-0.042188,-0.996096,0.077547,0.000000,0.000000,0.000000,-1,-0.052933,-0.992874,0.055725,-0.007577,-0.189773,0.003067,133.156570,203.956192,-719.780273,0,0
2.080000,-2.628215,1.483864,2.557920,0.996508,-0.071784,0.042641,-0.047847,-0.072449,0.996224,-0.068424,-0.994785,-0.075630,0.732220,-0.040845,-0.008803,0.679785,-0.012155,-0.004026,0.001984,-0.016670,0.006874,-0.015587,-0.042641,-0.996224,0.075630,0.000000,0.000000,0.000000,-1,-0.062714,-0.965607,0.077652,0.002101,-0.086921,0.011006,134.207809,205.353149,-721.784302,0,0
2.120000,-2.612604,1.482475,2.543878,0.996532,-0.070298,0.044514,-0.049639,-0.072914,0.996102,-0.066778,-0.994858,-0.076150,0.732393,-0.040940,-0.007600,0.679608,0.030480,0.072329,0.015004,-0.016368,0.030877,0.009787,-0.044514,-0.996102,0.076150,0.000000,0.000000,0.000000,-1,-0.067627,-0.974579,0.081131,0.062821,-0.052956,0.035713,134.908630,204.305435,-719.446228,0,0
2.160000,-2.603099,1.478364,2.535981,0.996502,-0.068868,0.047336,-0.052544,-0.075886,0.995731,-0.064982,-0.994735,-0.079239,0.733421,-0.041385,-0.006015,0.678487,0.094287,-0.000804,0.039141,-0.017895,0.015003,-0.004303,-0.047336,-0.995731,0.079239,0.000000,0.000000,0.000000,-1,-0.061691,-0.989090,0.086639,0.100027,-0.094293,0.042935,134.207809,205.353149,-718.444214,0,0
2.200000,-2.603379,1.474607,2.537202,0.996465,-0.068078,0.049231,-0.054577,-0.079028,0.995377,-0.063873,-0.994545,-0.082464,0.734499,-0.041748,-0.004984,0.677306,0.115597,0.060687,0.038632,-0.012460,0.006287,0.004176,-0.049231,-0.995377,0.082464,0.000000,0.000000,0.000000,-1,-0.048904,-0.976593,0.078583,0.134107,-0.030676,0.045464,134.207809,205.003906,-719.446228,0,0
2.240000,-2.617511,1.466983,2.555686,0.996600,-0.064030,0.051857,-0.057301,-0.086343,0.994616,-0.059208,-0.994206,-0.089718,0.736997,-0.041157,-0.002494,0.674637,0.185795,0.121113,0.034396,0.007774,0.018145,-0.012280,-0.051857,-0.994616,0.089718,0.000000,0.000000,0.000000,-1,-0.035477,-0.939941,0.084351,0.202041,0.033935,0.002939,135.434250,206.226257,-719.279236,0,0
2.280000,-2.653859,1.461147,2.597155,0.996935,-0.059081,0.051281,-0.056678,-0.093608,0.993995,-0.053926,-0.993855,-0.096670,0.739461,-0.039136,-0.000894,0.672060,0.163122,0.092357,-0.051389,0.004269,0.064780,-0.007009,-0.051281,-0.993995,0.096670,0.000000,0.000000,0.000000,-1,-0.089432,-0.918152,0.096558,0.135776,-0.049937,-0.072540,134.207809,207.099350,-718.110229,0,0
2.320000,-2.687517,1.458996,2.631656,0.997103,-0.058223,0.048937,-0.054459,-0.097373,0.993757,-0.053094,-0.993543,-0.100262,0.740733,-0.038030,-0.001403,0.670721,0.093714,-0.030713,-0.102165,-0.040495,0.075605,-0.003705,-0.048937,-0.993757,0.100262,0.000000,0.000000,0.000000,-1,-0.171295,-0.974518,0.125656,0.081332,-0.171913,-0.106492,134.558212,206.051636,-719.112244,0,0
2.360000,-2.738319,1.455682,2.678265,0.997037,-0.062341,0.045075,-0.051334,-0.102750,0.993382,-0.057297,-0.992752,-0.105646,0.742535,-0.038273,-0.004115,0.668700,0.142710,-0.111228,-0.061914,-0.142013,0.000019,0.010504,-0.045075,-0.993382,0.105646,0.000000,0.000000,0.000000,-1,-0.172363,-1.031525,0.080170,0.182625,-0.252346,-0.012575,134.558212,206.400864,-718.110229,0,0
2.400000,-2.752447,1.449001,2.687595,0.996665,-0.067333,0.046095,-0.053283,-0.109187,0.992592,-0.061801,-0.991738,-0.112411,0.744692,-0.040492,-0.005273,0.666158,0.142894,-0.083597,-0.018416,-0.103274,-0.035896,-0.030181,-0.046095,-0.992592,0.112411,0.000000,0.000000,0.000000,-1,-0.100906,-1.005066,0.065338,0.107163,-0.139990,-0.029270,134.733429,206.226257,-718.611206,0,0
2.440000,-2.770980,1.447506,2.705823,0.996718,-0.067603,0.044541,-0.051910,-0.111485,0.992409,-0.062124,-0.991464,-0.114628,0.745458,-0.040080,-0.005897,0.665320,0.014103,0.022330,-0.079170,-0.056365,-0.012657,-0.049290,-0.044541,-0.992409,0.114628,0.000000,0.000000,0.000000,-1,-0.080826,-0.955872,0.080566,-0.053554,-0.044674,-0.096006,135.083832,205.178528,-718.277222,0,0
2.480000,-2.781087,1.457682,2.719943,0.997209,-0.063162,0.039816,-0.046195,-0.102987,0.993609,-0.058658,-0.992675,-0.105618,0.742599,-0.036816,-0.006343,0.668694,-0.240357,0.075181,-0.179757,-0.042170,0.042193,-0.013882,-0.039816,-0.993609,0.105618,0.000000,0.000000,0.000000,-1,-0.093292,-0.952164,0.117996,-0.218640,-0.029956,-0.177223,134.032608,205.527771,-717.609253,0,0
2.520000,-2.804784,1.466862,2.746705,0.997628,-0.059692,0.034286,-0.039912,-0.095763,0.994604,-0.056087,-0.993613,-0.097918,0.740154,-0.033643,-0.007364,0.671555,-0.151010,0.055059,-0.165752,-0.061005,0.043890,0.024747,-0.034286,-0.994604,0.097918,0.000000,0.000000,0.000000,-1,-0.084518,-0.951004,0.122864,-0.107974,-0.072311,-0.143149,135.083832,206.226257,-720.281250,0,0
2.560000,-2.831847,1.470304,2.774228,0.997788,-0.059022,0.030580,-0.036032,-0.093630,0.994955,-0.055861,-0.993856,-0.095549,0.739420,-0.032138,-0.008547,0.672423,-0.029582,-0.026461,-0.089071,-0.053938,0.043951,0.027315,-0.030580,-0.994955,0.095549,0.000000,0.000000,0.000000,-1,-0.041931,-0.966537,0.110092,0.008130,-0.169732,-0.065274,135.083832,205.527771,-718.611206,0,0
2.600000,-2.858124,1.468072,2.796207,0.997585,-0.063265,0.028680,-0.034717,-0.096488,0.994729,-0.060165,-0.993321,-0.098451,0.740359,-0.033086,-0.010632,0.671313,0.071578,-0.112249,-0.030226,-0.004981,0.019646,0.006591,-0.028680,-0.994729,0.098451,0.000000,0.000000,0.000000,-1,-0.020325,-0.964508,0.095520,0.080584,-0.257638,-0.005044,135.609451,206.051636,-718.778198,0,0
2.640000,-2.877764,1.465322,2.809418,0.997193,-0.069662,0.027454,-0.034331,-0.099524,0.994443,-0.066543,-0.992594,-0.101636,0.741342,-0.035069,-0.013182,0.670081,0.071641,-0.204427,0.010629,0.010258,0.035641,-0.007276,-0.027454,-0.994443,0.101636,0.000000,0.000000,0.000000,-1,0.006073,-0.938339,0.103043,0.059384,-0.328625,0.026358,136.485489,206.226257,-717.943237,0,0
2.680000,-2.882370,1.463657,2.806779,0.996661,-0.076907,0.027411,-0.035138,-0.100997,0.994266,-0.073697,-0.991910,-0.103362,0.741792,-0.037762,-0.015600,0.669385,0.036560,-0.265900,0.024058,0.033484,0.055927,-0.000319,-0.027411,-0.994266,0.103362,0.000000,0.000000,0.000000,-1,0.017166,-0.964859,0.132660,0.022147,-0.369971,0.028019,136.310287,205.353149,-718.444214,0,0
2.720000,-2.910691,1.463008,2.824835,0.995903,-0.087013,0.024620,-0.033510,-0.102228,0.994196,-0.083991,-0.990948,-0.104725,0.742101,-0.040602,-0.020001,0.668758,-0.019819,-0.083618,-0.022955,0.040520,0.022456,0.037914,-0.024620,-0.994196,0.104725,0.000000,0.000000,0.000000,-1,-0.007812,-0.996231,0.142776,0.005140,-0.079562,-0.030545,135.784668,206.924728,-717.943237,0,0
2.760000,-2.927217,1.462020,2.842023,0.996002,-0.086292,0.023095,-0.032038,-0.103727,0.994090,-0.083386,-0.990855,-0.106077,0.742598,-0.039836,-0.020297,0.668244,0.045125,0.049962,-0.027466,0.009378,-0.002233,0.034639,-0.023095,-0.994090,0.106077,0.000000,0.000000,0.000000,-1,-0.012131,-1.009781,0.142349,0.048807,-0.032895,-0.019536,136.485489,206.575485,-717.943237,0,0
2.800000,-2.936340,1.460966,2.853095,0.996188,-0.084326,0.022340,-0.031185,-0.105080,0.993975,-0.081470,-0.990882,-0.107309,0.743064,-0.038863,-0.019894,0.667795,0.031228,0.044646,-0.041107,0.010209,-0.015806,0.035040,-0.022340,-0.993975,0.107309,0.000000,0.000000,0.000000,-1,-0.002502,-0.969208,0.189880,0.017872,-0.108189,-0.031620,136.310287,206.051636,-719.112244,0,0
2.840000,-2.978137,1.456127,2.890749,0.995919,-0.088313,0.018619,-0.028401,-0.110838,0.993433,-0.085669,-0.989907,-0.112893,0.744924,-0.039170,-0.022502,0.665618,0.062983,-0.094264,-0.054663,0.027988,0.031870,0.102362,-0.018619,-0.993433,0.112893,0.000000,0.000000,0.000000,-1,0.034439,-0.964935,0.247360,0.100661,-0.177136,-0.054560,135.083832,206.575485,-718.277222,0,0
2.880000,-3.012245,1.449279,2.914793,0.995041,-0.098225,0.015636,-0.027257,-0.118114,0.992626,-0.095654,-0.988130,-0.120206,0.747222,-0.041983,-0.026772,0.662707,0.282977,-0.506591,0.007533,0.072948,0.014721,0.145816,-0.015636,-0.992626,0.120206,0.000000,0.000000,0.000000,-1,0.066467,-0.985550,0.282516,0.376892,-0.759086,0.013100,137.186310,205.877014,-717.609253,0,0
2.920000,-3.032612,1.441521,2.921975,0.993688,-0.111297,0.014022,-0.028085,-0.125820,0.991656,-0.108604,-0.985790,-0.128151,0.749610,-0.046485,-0.031544,0.659492,0.442220,-0.707000,-0.013528,0.079344,0.002382,0.165352,-0.014022,-0.991656,0.128151,0.000000,0.000000,0.000000,-1,0.030975,-1.009933,0.245285,0.489338,-0.742226,-0.057357,138.938370,207.623215,-715.939209,0,0
2.960000,-3.120432,1.415877,2.994625,0.992060,-0.125726,0.003265,-0.022596,-0.152637,0.988024,-0.123722,-0.980253,-0.154266,0.758116,-0.048911,-0.039723,0.649068,0.538401,0.049531,-0.320099,-0.010514,-0.027525,0.028245,-0.003265,-0.988024,0.154266,0.000000,0.000000,0.000000,-1,-0.056259,-1.012680,0.150131,0.460972,0.019541,-0.406191,139.639191,208.670929,-714.937195,0,0
3.000000,3.072480,1.397390,3.089934,0.992769,-0.119444,-0.011915,-0.008909,-0.172308,0.985003,-0.119705,-0.977775,-0.172127,0.764396,-0.041979,-0.043047,0.641937,0.388131,0.027125,-0.411948,-0.085936,-0.004484,-0.016884,0.011915,-0.985003,0.172127,0.000000,0.000000,0.000000,-1,-0.054886,-0.965317,0.175598,0.346199,-0.158501,-0.356255,138.938370,209.369415,-715.605225,0,0
3.040000,3.020728,1.387370,3.139159,0.992413,-0.120963,-0.021992,-0.000444,-0.182399,0.983224,-0.122945,-0.975755,-0.181069,0.767444,-0.039549,-0.047214,0.638151,0.230115,-0.200594,-0.259195,-0.052143,0.021158,-0.004525,0.021992,-0.983224,0.181069,0.000000,0.000000,0.000000,-1,0.017868,-0.953293,0.168747,0.145642,-0.339591,-0.217071,140.164810,208.496307,-716.106201,0,0
3.080000,2.942710,1.386735,-3.077748,0.990683,-0.131297,-0.036161,0.011677,-0.182651,0.983109,-0.135684,-0.974371,-0.179416,0.766934,-0.038993,-0.056017,0.638086,-0.257092,-0.313060,-0.308630,-0.011899,0.026642,-0.033114,0.036161,-0.983109,0.179416,0.000000,0.000000,0.000000,-1,0.003357,-0.958282,0.232101,-0.316437,-0.397096,-0.380850,139.113571,208.147064,-715.772217,0,0
3.120000,2.834858,1.393866,-2.979315,0.988823,-0.139303,-0.053145,0.028437,-0.173696,0.984389,-0.146360,-0.974897,-0.167794,0.763268,-0.036313,-0.065346,0.641742,-0.204248,-0.218856,-0.411755,-0.074096,0.009199,0.113106,0.053145,-0.984389,0.167793,0.000000,0.000000,0.000000,-1,-0.025711,-0.979584,0.236191,-0.144198,-0.361056,-0.387166,142.267288,208.147064,-716.440186,0,0
3.160000,2.759035,1.393773,-2.911827,0.987021,-0.146518,-0.065737,0.040107,-0.171472,0.984372,-0.155500,-0.974233,-0.163371,0.761883,-0.034917,-0.072596,0.642685,-0.114824,-0.387330,-0.346030,-0.081667,0.017545,0.057134,0.065737,-0.984372,0.163371,0.000000,0.000000,0.000000,-1,-0.002197,-0.937164,0.234436,-0.133391,-0.457435,-0.320899,142.267288,208.496307,-716.440186,0,0
3.200000,2.645394,1.394688,-2.813974,0.983454,-0.160811,-0.083410,0.056377,-0.165881,0.984533,-0.172160,-0.972946,-0.154070,0.758849,-0.034405,-0.084196,0.644885,-0.200739,-0.441305,-0.281016,-0.082357,0.068578,0.090712,0.083410,-0.984533,0.154070,0.000000,0.000000,0.000000,-1,0.007004,-0.915054,0.274048,-0.221524,-0.601537,-0.261837,143.844131,209.020172,-715.939209,0,0
3.240000,2.545962,1.396887,-2.734436,0.978940,-0.179589,-0.097078,0.068522,-0.158889,0.984916,-0.192305,-0.970825,-0.143237,0.755160,-0.036770,-0.095802,0.647459,-0.259276,-0.611973,-0.262581,-0.063844,0.046027,0.113263,0.097078,-0.984916,0.143237,0.000000,0.000000,0.000000,-1,0.081802,-0.978302,0.242889,-0.288672,-0.763767,-0.273129,144.895370,209.020172,-716.607178,0,0
3.280000,2.453013,1.398707,-2.662165,0.973878,-0.199303,-0.108814,0.078989,-0.151936,0.985229,-0.212891,-0.968088,-0.132224,0.751338,-0.040033,-0.107044,0.649946,-0.320272,-0.815631,-0.325876,-0.014286,-0.007691,0.110040,0.108814,-0.985229,0.132224,0.000000,0.000000,0.000000,-1,0.108292,-0.999985,0.285309,-0.349772,-1.000322,-0.357549,147.348251,208.321686,-717.609253,0,0
3.320000,2.233509,1.396546,-2.485016,0.961251,-0.239409,-0.136672,0.105826,-0.137324,0.984857,-0.254552,-0.961159,-0.106667,0.742503,-0.044977,-0.131725,0.655221,-0.469121,-1.015319,-0.569053,-0.038939,-0.019004,0.161171,0.136672,-0.984857,0.106667,0.000000,0.000000,0.000000,-1,0.061829,-0.962280,0.267075,-0.503688,-1.156455,-0.543426,149.100311,207.972458,-718.277222,0,0
3.360000,2.028704,1.388449,-2.320174,0.946935,-0.277230,-0.162657,0.132760,-0.123525,0.983421,-0.292726,-0.952830,-0.080165,0.733250,-0.049257,-0.155262,0.660160,-0.548813,-1.070417,-0.545588,-0.119505,0.030921,0.196447,0.162657,-0.983421,0.080165,0.000000,0.000000,0.000000,-1,0.044357,-0.954559,0.300980,-0.570555,-1.216825,-0.500932,151.027588,207.797836,-717.108215,0,0
3.400000,1.832122,1.379143,-2.167923,0.929520,-0.319580,-0.184015,0.157520,-0.107102,0.981691,-0.333437,-0.941487,-0.049213,0.722121,-0.056105,-0.179143,0.665809,-0.583531,-1.237734,-0.413613,-0.141565,0.015214,0.245525,0.184015,-0.981691,0.049213,0.000000,0.000000,0.000000,-1,0.032761,-0.979050,0.294769,-0.545692,-1.349146,-0.364453,155.057327,205.877014,-720.615234,0,0
3.440000,1.670385,1.371163,-2.051597,0.910693,-0.362906,-0.197327,0.175826,-0.091716,0.980139,-0.373797,-0.927301,-0.019717,0.711007,-0.065780,-0.200815,0.670682,-0.460427,-1.109151,-0.216635,-0.189683,-0.004358,0.306577,0.197327,-0.980139,0.019717,0.000000,0.000000,0.000000,-1,-0.006180,-0.986618,0.347580,-0.389948,-0.913957,-0.031998,154.706909,206.226257,-721.617310,0,0
3.480000,1.566817,1.370017,-1.979951,0.897437,-0.393489,-0.199431,0.182971,-0.079341,0.979911,-0.401408,-0.915899,0.000794,0.702849,-0.074880,-0.213716,0.674331,-0.225345,-0.745134,0.023786,-0.254134,0.017143,0.366608,0.199431,-0.979911,-0.000794,0.000000,0.000000,0.000000,-1,-0.024612,-0.966721,0.292770,-0.084469,-0.925472,0.062549,158.561447,206.924728,-722.953308,0,0
3.520000,1.561564,1.372340,-2.004733,0.885590,-0.420552,-0.197147,0.178883,-0.082893,0.980372,-0.428640,-0.903474,0.001820,0.701189,-0.086164,-0.223116,0.671661,0.458124,-0.397118,0.194451,-0.203236,0.152064,0.345753,0.197147,-0.980372,-0.001820,0.000000,0.000000,0.000000,-1,-0.083694,-0.812775,0.346436,0.661599,0.030234,0.357427,157.510208,206.575485,-721.951294,0,0
3.560000,1.771549,1.391242,-2.195229,0.898801,-0.401908,-0.175004,0.144890,-0.104411,0.983923,-0.413719,-0.909708,-0.035612,0.713937,-0.090000,-0.206154,0.663095,1.087917,1.124215,0.844419,-0.239412,-0.019464,0.314730,0.175004,-0.983923,0.035612,0.000000,0.000000,0.000000,-1,-0.038422,-0.944092,0.288971,1.148467,1.621108,1.428809,155.758148,208.670929,-719.613281,0,0
3.600000,2.252150,1.427598,-2.610943,0.932298,-0.344287,-0.110845,0.072224,-0.123083,0.989765,-0.354406,-0.930761,-0.089885,0.732336,-0.092875,-0.158824,0.655616,1.048500,2.049468,2.049061,-0.051122,-0.263058,0.088872,0.110845,-0.989765,0.089885,0.000000,0.000000,0.000000,-1,0.063034,-1.325760,0.145798,0.916056,1.575490,2.117674,148.049088,210.067886,-717.943237,0,0
3.640000,2.772164,1.446640,-3.093094,0.948808,-0.312673,-0.044715,0.006004,-0.123692,0.992303,-0.315797,-0.941773,-0.115482,0.739591,-0.103662,-0.121862,0.653765,0.493763,0.929891,2.060228,0.063408,-0.251212,0.018154,0.044715,-0.992303,0.115482,0.000000,0.000000,0.000000,-1,0.287979,-1.384094,0.164963,0.482861,0.250009,1.978447,144.720169,212.687195,-717.776245,0,0
3.680000,-3.067564,1.390175,2.744249,0.947722,-0.318821,0.013286,-0.069516,-0.165645,0.983732,-0.311434,-0.933228,-0.179148,0.757053,-0.128240,-0.098457,0.633034,2.534372,0.581573,0.248008,0.332332,-0.429018,-0.022609,-0.013286,-0.983732,0.179148,0.000000,0.000000,0.000000,-1,-0.015396,-1.306793,-0.254929,2.764746,0.946716,-0.065594,145.596191,213.909531,-716.273193,0,0
3.720000,-3.056399,1.287015,2.783178,0.961713,-0.273021,0.023824,-0.098217,-0.262195,0.960004,-0.255855,-0.925588,-0.278972,0.791025,-0.117328,-0.073332,0.595933,2.113072,1.908428,-0.099045,-0.164957,-0.272098,-0.421260,-0.023824,-0.960004,0.278972,0.000000,0.000000,0.000000,-1,-0.177979,-1.072708,-0.046219,1.693419,2.665340,-0.040268,139.463989,220.370468,-714.102173,0,0
3.760000,-2.980144,1.249288,2.797724,0.980631,-0.189165,0.050796,-0.106533,-0.297499,0.948760,-0.164360,-0.935794,-0.311889,0.804677,-0.091868,-0.035282,0.585500,0.629357,3.260376,0.035663,-0.135148,-0.046968,-0.344207,-0.050796,-0.948760,0.311889,0.000000,0.000000,0.000000,-1,-0.326965,-0.881531,0.124588,0.116304,2.756720,0.111795,134.558212,220.370468,-713.100159,0,0
3.800000,-2.821827,1.253840,2.725014,0.988981,-0.110981,0.097973,-0.126115,-0.285021,0.950188,-0.077529,-0.952075,-0.295877,0.801542,-0.073950,0.006377,0.593313,-0.224624,1.019455,0.995516,-0.199008,0.152367,0.181845,-0.097973,-0.950188,0.295877,0.000000,0.000000,0.000000,-1,0.022507,-0.666061,0.510376,0.379095,0.837138,1.121712,132.806152,219.671997,-713.434143,0,0
3.840000,-2.687523,1.205811,2.629435,0.984154,-0.083241,0.156562,-0.174920,-0.311137,0.934129,-0.029045,-0.946713,-0.320767,0.808712,-0.079806,0.039420,0.581431,1.358132,0.834508,0.666173,0.389792,0.345002,0.046084,-0.156562,-0.934129,0.320767,0.000000,0.000000,0.000000,-1,0.166916,-0.635284,0.253174,1.461256,0.753573,0.531499,130.703690,222.815155,-714.436157,0,0
3.880000,-2.676423,1.163013,2.644698,0.981963,-0.064053,0.177894,-0.189047,-0.348616,0.918002,0.003216,-0.935074,-0.354437,0.819301,-0.077230,0.055263,0.565444,1.168738,0.843559,0.341658,0.224784,0.176120,-0.220236,-0.177894,-0.918002,0.354437,0.000000,0.000000,0.000000,-1,0.077881,-0.789307,0.149719,0.650527,0.781516,0.086101,129.126831,225.085220,-714.937195,0,0
3.920000,-2.664451,1.139506,2.668502,0.980830,-0.033385,0.191983,-0.190477,-0.372127,0.908427,0.041115,-0.927581,-0.371353,0.825274,-0.067814,0.070612,0.556181,0.335293,0.746279,-0.181639,0.274167,0.136607,-0.157852,-0.191983,-0.908427,0.371353,0.000000,0.000000,0.000000,-1,0.043365,-0.750046,0.279343,0.239080,0.363065,-0.393594,128.075592,225.434448,-714.937195,0,0
3.960000,-2.696610,1.141722,2.726375,0.983817,-0.005943,0.179077,-0.167822,-0.380679,0.909351,0.062766,-0.924688,-0.375516,0.827649,-0.052488,0.073051,0.553991,-0.031452,0.235637,-0.629500,0.076400,0.234135,-0.048565,-0.179077,-0.909351,0.375516,0.000000,0.000000,0.000000,-1,-0.161530,-0.649841,0.338104,-0.217199,0.145286,-0.679041,127.725189,225.783691,-716.273193,0,1
4.000000,-2.714169,1.152327,2.751137,0.985703,0.003883,0.168449,-0.154666,-0.375778,0.913712,0.066848,-0.926702,-0.369805,0.826330,-0.045618,0.071187,0.556803,-0.409163,0.252476,-0.708383,-0.066796,0.262253,-0.021203,-0.168449,-0.913712,0.369805,0.000000,0.000000,0.000000,-1,-0.613068,-0.698746,0.421417,-0.592675,0.111294,-0.718362,127.199570,225.609070,-715.438171,0,0
4.040000,-2.741149,1.199516,2.782244,0.989815,0.016218,0.141433,-0.127587,-0.339635,0.931864,0.063149,-0.940418,-0.334107,0.816020,-0.034119,0.062677,0.573601,-0.824811,-0.221914,-0.313403,-0.618791,0.038873,0.160721,-0.141433,-0.931864,0.334107,0.000000,0.000000,0.000000,-1,-0.825912,-1.131393,0.609390,-0.285519,-0.125941,0.152636,127.900391,225.609070,-715.772217,0,0
4.080000,-2.723169,1.200954,2.759812,0.989093,0.011139,0.146872,-0.134674,-0.335443,0.932384,0.059653,-0.941995,-0.330285,0.814681,-0.037909,0.063376,0.575188,0.678057,-0.058638,0.378795,-0.087473,-0.246250,0.237388,-0.146872,-0.932384,0.330285,0.000000,0.000000,0.000000,-1,-0.068832,-1.061646,0.600250,1.066550,0.089546,0.313338,127.199570,225.609070,-714.770142,0,0
4.120000,-2.720337,1.159649,2.792287,0.985750,0.039868,0.163424,-0.136782,-0.375526,0.916663,0.097916,-0.925954,-0.364721,0.825530,-0.029349,0.079143,0.558011,0.756891,1.485253,-0.178984,-0.052839,0.095267,0.137263,-0.163424,-0.916663,0.364721,0.000000,0.000000,0.000000,-1,-0.443832,-0.693787,0.416611,-0.382598,1.061206,-0.745175,125.973129,227.879135,-716.941223,0,0
4.160000,-2.716342,1.173050,2.829230,0.983738,0.082002,0.159798,-0.119033,-0.368598,0.921936,0.134501,-0.925965,-0.352843,0.822371,-0.011258,0.089467,0.561760,-0.745922,1.157716,-0.822574,-0.358986,-0.027511,0.109804,-0.159798,-0.921936,0.352843,0.000000,0.000000,0.000000,-1,-0.368820,-1.548981,0.239792,-1.067361,1.281620,-0.810955,124.921890,224.386734,-718.945251,0,0
4.200000,-2.625860,1.218192,2.812202,0.972874,0.156555,0.170314,-0.111707,-0.326778,0.938476,0.202578,-0.932045,-0.300425,0.806238,0.013906,0.115627,0.580015,-0.384043,0.785232,1.058963,0.342631,-0.588333,-0.304988,-0.170314,-0.938476,0.300425,0.000000,0.000000,0.000000,-1,0.304520,-1.099335,-0.034210,-0.538902,0.230679,1.119675,122.819412,223.688248,-717.943237,0,0
4.240000,-2.532800,1.220326,2.715513,0.968986,0.150043,0.196348,-0.141904,-0.312643,0.939211,0.202309,-0.937945,-0.281655,0.800513,0.002542,0.124500,0.586236,-0.805803,-0.303364,0.518582,0.565946,0.257922,-0.248253,-0.196348,-0.939211,0.281655,0.000000,0.000000,0.000000,-1,0.173660,-0.527161,0.108383,-0.872339,-0.453859,-0.048969,123.520248,222.640533,-720.281250,0,0
