0.000000,1.670819,0.587858,-0.630785,0.244804,0.504514,-0.827972,0.490773,0.671999,0.554580,0.836189,-0.542110,-0.083093,0.404938,0.614469,0.005073,0.677073,-0.003380,0.004244,0.002195,-0.009322,0.003066,0.001593,0.827972,-0.554580,0.083093,0.000000,0.000000,0.000000,-1,0.818314,-0.552734,0.082275,-0.025548,0.010499,-0.010494,64.339874,205.325027,-540.640015,0,0
0.040000,1.670922,0.588124,-0.630838,0.244875,0.504734,-0.827816,0.490722,0.671854,0.554801,0.836199,-0.542084,-0.083164,0.405026,0.614439,0.005174,0.677046,0.002997,0.000010,0.002174,-0.009503,0.002067,-0.000888,0.827816,-0.554801,0.083164,0.000000,0.000000,0.000000,-1,0.823090,-0.551178,0.081863,-0.020235,0.005222,-0.008385,64.339874,204.973434,-542.315918,0,0
0.080000,1.670785,0.588296,-0.631050,0.245180,0.504724,-0.827732,0.490807,0.671673,0.554945,0.836059,-0.542319,-0.083041,0.405138,0.614315,0.005138,0.677092,0.002968,-0.005327,-0.002063,-0.007298,0.003294,-0.001406,0.827732,-0.554945,0.083041,0.000000,0.000000,0.000000,-1,0.821838,-0.548599,0.080215,-0.022393,0.000927,-0.014744,65.570419,204.797653,-541.142822,0,0
0.120000,1.670544,0.588158,-0.631007,0.245293,0.504511,-0.827828,0.490824,0.671756,0.554830,0.836016,-0.542414,-0.082849,0.405088,0.614270,0.005053,0.677163,-0.001319,-0.009615,-0.007343,-0.007058,0.006002,-0.002481,0.827829,-0.554830,0.082849,0.000000,0.000000,0.000000,-1,0.821106,-0.548294,0.078232,-0.024548,-0.002309,-0.021107,64.691452,205.325027,-540.304810,0,0
0.160000,1.669525,0.587447,-0.630374,0.245478,0.503638,-0.828305,0.490631,0.672385,0.554238,0.836075,-0.542445,-0.082045,0.404703,0.614197,0.004800,0.677462,-0.011972,-0.005429,-0.011552,-0.005627,0.007454,-0.003218,0.828305,-0.554238,0.082045,0.000000,0.000000,0.000000,-1,0.821884,-0.547852,0.079651,-0.035167,0.007226,-0.021061,65.218826,205.149231,-541.142822,0,0
0.200000,1.668977,0.587088,-0.629636,0.245390,0.503281,-0.828548,0.490252,0.672908,0.553939,0.836323,-0.542128,-0.081609,0.404380,0.614233,0.004807,0.677622,-0.009840,-0.001197,-0.007406,-0.006633,0.001388,0.000208,0.828548,-0.553939,0.081609,0.000000,0.000000,0.000000,-1,0.820755,-0.550171,0.079544,-0.034091,0.008314,-0.017877,65.043045,204.621857,-540.975220,0,0
0.240000,1.668728,0.586976,-0.629190,0.245320,0.503181,-0.828630,0.489988,0.673176,0.553846,0.836498,-0.541888,-0.081409,0.404213,0.614261,0.004867,0.677696,-0.013032,-0.001185,-0.006314,-0.007585,0.005613,-0.000156,0.828630,-0.553846,0.081410,0.000000,0.000000,0.000000,-1,0.818939,-0.551453,0.078247,-0.036227,0.006196,-0.017853,64.867249,204.446060,-541.142822,0,0
0.280000,1.668349,0.586921,-0.628693,0.245359,0.503061,-0.828691,0.489671,0.673445,0.553800,0.836673,-0.541666,-0.081099,0.404046,0.614244,0.004939,0.677810,-0.013053,-0.006500,-0.008420,-0.009752,0.002347,-0.002852,0.828691,-0.553800,0.081099,0.000000,0.000000,0.000000,-1,0.820084,-0.551636,0.086914,-0.038380,0.001921,-0.022081,65.043045,206.028198,-542.651062,0,0
0.320000,1.667525,0.586575,-0.627777,0.245420,0.502607,-0.828948,0.489167,0.674048,0.553512,0.836950,-0.541337,-0.080434,0.403673,0.614219,0.004955,0.678055,-0.010922,-0.006497,-0.008428,-0.005630,0.001068,0.000132,0.828948,-0.553512,0.080434,0.000000,0.000000,0.000000,-1,0.821991,-0.551743,0.079971,-0.033045,0.003008,-0.018931,65.570419,205.500809,-540.472412,0,0
0.360000,1.667162,0.586541,-0.627416,0.245526,0.502476,-0.828996,0.488935,0.674240,0.553483,0.837054,-0.541220,-0.080135,0.403553,0.614176,0.004992,0.678165,-0.006648,-0.005390,-0.003135,-0.007661,0.002931,-0.002788,0.828996,-0.553483,0.080135,0.000000,0.000000,0.000000,-1,0.822769,-0.550186,0.077194,-0.025573,0.004125,-0.012601,63.812500,205.149231,-542.148315,0,0
0.400000,1.666925,0.586546,-0.627266,0.245651,0.502389,-0.829012,0.488832,0.674311,0.553488,0.837078,-0.541212,-0.079938,0.403509,0.614125,0.004997,0.678237,-0.001314,-0.004304,0.000017,-0.006243,0.003302,-0.002744,0.829012,-0.553488,0.079939,0.000000,0.000000,0.000000,-1,0.820663,-0.550385,0.076218,-0.025578,0.004105,-0.014732,64.867249,206.907150,-541.477966,0,0
0.440000,1.666391,0.586569,-0.626888,0.245920,0.502208,-0.829042,0.488570,0.674485,0.553507,0.837152,-0.541163,-0.079494,0.403401,0.614015,0.005026,0.678401,-0.005585,-0.002240,-0.005276,-0.007402,0.002695,-0.003887,0.829042,-0.553507,0.079494,0.000000,0.000000,0.000000,-1,0.821091,-0.547958,0.078110,-0.028781,0.001978,-0.015764,65.570419,204.797653,-542.148315,0,0
0.480000,1.666052,0.586382,-0.626626,0.245981,0.501963,-0.829172,0.488453,0.674697,0.553351,0.837202,-0.541126,-0.079223,0.403270,0.613991,0.004978,0.678501,-0.005610,-0.009663,-0.006314,-0.005365,0.006827,-0.001678,0.829172,-0.553351,0.079223,0.000000,0.000000,0.000000,-1,0.819290,-0.551941,0.082108,-0.024546,-0.002299,-0.020042,65.921997,205.149231,-541.813110,0,0
0.520000,1.665738,0.586287,-0.626567,0.246168,0.501745,-0.829249,0.488444,0.674768,0.553272,0.837152,-0.541239,-0.078968,0.403227,0.613915,0.004900,0.678596,-0.000292,-0.008634,-0.009549,-0.008158,0.001545,-0.000645,0.829249,-0.553272,0.078968,0.000000,0.000000,0.000000,-1,0.823669,-0.547913,0.073318,-0.022399,-0.000142,-0.015806,65.921997,205.149231,-540.807617,0,0
0.560000,1.665087,0.586165,-0.626401,0.246570,0.501350,-0.829368,0.488372,0.674904,0.553170,0.837076,-0.541436,-0.078434,0.403144,0.613752,0.004780,0.678793,-0.000261,-0.004317,0.000025,-0.008048,0.004189,-0.001896,0.829368,-0.553170,0.078434,0.000000,0.000000,0.000000,-1,0.824020,-0.546936,0.079010,-0.021316,0.004114,-0.013699,65.746201,207.082947,-541.310364,0,0
0.600000,1.665017,0.585968,-0.626534,0.246600,0.501147,-0.829482,0.488525,0.674928,0.553006,0.836978,-0.541594,-0.078386,0.403131,0.613741,0.004649,0.678812,0.003985,-0.004366,-0.005338,-0.005065,0.004300,-0.002062,0.829482,-0.553006,0.078386,0.000000,0.000000,0.000000,-1,0.823395,-0.548187,0.071014,-0.020257,0.004094,-0.015838,66.800964,206.028198,-541.980713,0,0
0.640000,1.664594,0.585803,-0.626401,0.246807,0.500841,-0.829605,0.488489,0.675066,0.552869,0.836938,-0.541705,-0.078044,0.403046,0.613658,0.004548,0.678938,-0.002402,-0.004351,-0.003158,-0.007691,0.007565,-0.004512,0.829605,-0.552869,0.078044,0.000000,0.000000,0.000000,-1,0.821991,-0.547363,0.074982,-0.025574,0.006213,-0.015805,66.976746,206.555573,-542.148315,0,0
0.680000,1.664211,0.585562,-0.626209,0.246914,0.500518,-0.829768,0.488438,0.675268,0.552668,0.836936,-0.541751,-0.077739,0.402922,0.613615,0.004448,0.679051,0.001848,-0.003329,-0.006394,-0.006678,0.004496,-0.004024,0.829768,-0.552668,0.077739,0.000000,0.000000,0.000000,-1,0.823502,-0.549194,0.073288,-0.022391,0.006173,-0.020091,65.746201,204.621857,-541.310364,0,0
0.720000,1.663795,0.585241,-0.625968,0.246986,0.500136,-0.829977,0.488379,0.675530,0.552400,0.836949,-0.541778,-0.077410,0.402761,0.613587,0.004328,0.679173,-0.005606,-0.000176,-0.008479,-0.007330,0.007371,-0.001909,0.829977,-0.552400,0.077410,0.000000,0.000000,0.000000,-1,0.824295,-0.545105,0.074188,-0.030908,0.008274,-0.022163,65.218826,205.500809,-541.142822,0,0
0.760000,1.663493,0.584807,-0.625592,0.246839,0.499774,-0.830239,0.488265,0.675907,0.552038,0.837059,-0.541642,-0.077181,0.402528,0.613647,0.004236,0.679258,-0.003479,-0.001230,-0.007430,-0.005425,0.002890,-0.002490,0.830239,-0.552038,0.077181,0.000000,0.000000,0.000000,-1,0.822418,-0.547409,0.072617,-0.026647,0.006184,-0.018992,66.097794,206.379776,-540.640015,0,0
0.800000,1.662892,0.584536,-0.625143,0.246986,0.499377,-0.830434,0.488049,0.676248,0.551812,0.837141,-0.541583,-0.076697,0.402317,0.613587,0.004168,0.679437,-0.003486,-0.001239,-0.007428,-0.006826,0.003579,-0.002020,0.830434,-0.551812,0.076697,0.000000,0.000000,0.000000,-1,0.824310,-0.547287,0.074524,-0.024517,0.007233,-0.020078,63.988281,204.621857,-541.310364,0,0
0.840000,1.662742,0.584310,-0.625044,0.246953,0.499167,-0.830570,0.488056,0.676397,0.551624,0.837147,-0.541589,-0.076583,0.402225,0.613601,0.004088,0.679479,-0.000293,-0.002291,-0.006385,-0.005222,0.003559,-0.002883,0.830570,-0.551624,0.076583,0.000000,0.000000,0.000000,-1,0.824036,-0.545486,0.074066,-0.027710,0.005145,-0.016850,64.339874,204.973434,-542.315918,0,0
0.880000,1.662261,0.584096,-0.624771,0.247115,0.498830,-0.830724,0.487940,0.676626,0.551445,0.837167,-0.541614,-0.076194,0.402083,0.613536,0.004006,0.679623,-0.003499,-0.005465,-0.005286,-0.004186,0.006295,-0.004295,0.830724,-0.551445,0.076194,0.000000,0.000000,0.000000,-1,0.824310,-0.545853,0.073822,-0.026648,0.004086,-0.016854,66.976746,206.555573,-542.818665,0,0
0.920000,1.661856,0.583736,-0.624458,0.247124,0.498446,-0.830952,0.487844,0.676939,0.551145,0.837221,-0.541576,-0.075876,0.401889,0.613533,0.003899,0.679740,-0.001357,-0.000174,-0.005327,-0.006505,0.005384,-0.002023,0.830952,-0.551145,0.075876,0.000000,0.000000,0.000000,-1,0.826721,-0.543716,0.074631,-0.024500,0.009391,-0.015825,65.043045,205.325027,-541.645569,0,0
0.960000,1.661705,0.583409,-0.624286,0.247005,0.498186,-0.831143,0.487833,0.677170,0.550873,0.837262,-0.541527,-0.075767,0.401747,0.613582,0.003808,0.679781,-0.001351,0.000901,-0.003207,-0.005109,0.005813,-0.002342,0.831143,-0.550873,0.075767,0.000000,0.000000,0.000000,-1,0.827545,-0.546143,0.074097,-0.023430,0.008361,-0.012634,65.746201,206.028198,-541.980713,0,0
1.000000,1.661631,0.583328,-0.624265,0.247018,0.498097,-0.831193,0.487844,0.677216,0.550805,0.837251,-0.541552,-0.075709,0.401718,0.613577,0.003770,0.679802,0.002918,0.001985,-0.000050,-0.005250,0.004632,-0.003032,0.831193,-0.550805,0.075709,0.000000,0.000000,0.000000,-1,0.824020,-0.543823,0.073624,-0.019155,0.010517,-0.008413,65.570419,205.500809,-540.807617,0,0
1.040000,1.661647,0.583402,-0.624448,0.247131,0.498110,-0.831151,0.487945,0.677094,0.550867,0.837160,-0.541692,-0.075719,0.401795,0.613531,0.003738,0.679799,0.003978,0.000931,0.001009,-0.008397,0.006601,-0.000783,0.831151,-0.550867,0.075719,0.000000,0.000000,0.000000,-1,0.822342,-0.545105,0.076904,-0.018104,0.008369,-0.011610,65.570419,203.742889,-542.148315,0,0
1.080000,1.661624,0.583348,-0.624550,0.247175,0.498035,-0.831183,0.488031,0.677069,0.550821,0.837096,-0.541792,-0.075702,0.401811,0.613514,0.003679,0.679805,-0.000307,-0.005451,-0.002130,-0.006934,0.003229,-0.001377,0.831183,-0.550821,0.075702,0.000000,0.000000,0.000000,-1,0.826172,-0.549469,0.074661,-0.027715,-0.000111,-0.012569,65.570419,205.500809,-541.477966,0,0
1.120000,1.661190,0.583528,-0.624373,0.247538,0.497965,-0.831117,0.487854,0.677074,0.550971,0.837093,-0.541850,-0.075333,0.401807,0.613366,0.003718,0.679941,-0.005619,-0.010645,0.008586,-0.005769,0.002158,0.000778,0.831117,-0.550971,0.075333,0.000000,0.000000,0.000000,-1,0.823074,-0.543304,0.075638,-0.034063,0.001087,0.002391,66.800964,204.973434,-541.980713,0,0
1.160000,1.660839,0.583958,-0.624001,0.247855,0.498158,-0.830907,0.487463,0.677063,0.551331,0.837226,-0.541686,-0.075020,0.401812,0.613235,0.003932,0.680055,-0.013015,0.004226,0.012843,-0.006414,0.008545,-0.001595,0.830907,-0.551331,0.075020,0.000000,0.000000,0.000000,-1,0.817093,-0.552658,0.073410,-0.035104,0.015837,-0.006179,65.394623,206.028198,-542.315918,0,0
1.200000,1.660779,0.584244,-0.623547,0.247818,0.498430,-0.830755,0.487064,0.677157,0.551569,0.837470,-0.541319,-0.074956,0.401752,0.613248,0.004178,0.680077,-0.002460,-0.002396,-0.015962,-0.016393,-0.001715,-0.001714,0.830755,-0.551569,0.074956,0.000000,0.000000,0.000000,-1,0.818970,-0.551666,0.075409,-0.018170,-0.000252,-0.027557,64.339874,205.676605,-540.975220,0,0
1.240000,1.660660,0.584221,-0.623797,0.248031,0.498288,-0.830776,0.487240,0.677045,0.551550,0.837304,-0.541589,-0.074858,0.401822,0.613162,0.004061,0.680114,0.009236,-0.013986,-0.009644,-0.009045,0.002126,-0.000731,0.830776,-0.551549,0.074858,0.000000,0.000000,0.000000,-1,0.828613,-0.544907,0.075943,-0.019202,-0.000133,-0.014765,65.043045,204.270279,-541.310364,0,0
1.280000,1.660915,0.583980,-0.624008,0.247805,0.498212,-0.830890,0.487460,0.677050,0.551348,0.837242,-0.541653,-0.075082,0.401820,0.613255,0.003953,0.680032,-0.002341,0.012689,0.010571,-0.003177,0.007388,0.000251,0.830890,-0.551348,0.075082,0.000000,0.000000,0.000000,-1,0.826721,-0.545120,0.074097,-0.030801,0.024378,0.001213,65.218826,205.500809,-541.477966,0,0
1.320000,1.661200,0.584158,-0.623859,0.247579,0.498523,-0.830770,0.487303,0.677043,0.551497,0.837401,-0.541376,-0.075310,0.401823,0.613346,0.004125,0.679947,-0.010825,0.020146,0.014868,-0.003378,0.006270,0.001884,0.830770,-0.551497,0.075310,0.000000,0.000000,0.000000,-1,0.823517,-0.547562,0.076416,-0.036109,0.028626,0.002303,66.976746,204.797653,-543.153809,0,0
1.360000,1.661732,0.584555,-0.623185,0.246990,0.499245,-0.830512,0.486718,0.677193,0.551828,0.837915,-0.540522,-0.075732,0.401724,0.613583,0.004607,0.679789,-0.020439,0.017934,0.004296,-0.006873,0.003717,0.001340,0.830512,-0.551828,0.075732,0.000000,0.000000,0.000000,-1,0.818832,-0.548630,0.079987,-0.045733,0.026382,-0.011463,64.515671,204.446060,-541.813110,0,0
1.400000,1.662004,0.584692,-0.621610,0.246041,0.499873,-0.830416,0.485607,0.677898,0.551942,0.838838,-0.539057,-0.075951,0.401278,0.613964,0.005247,0.679704,-0.039642,0.015700,-0.009388,-0.012713,0.000413,0.001762,0.830416,-0.551942,0.075951,0.000000,0.000000,0.000000,-1,0.818634,-0.555603,0.077682,-0.063864,0.023130,-0.019833,65.218826,204.797653,-540.807617,0,0
1.440000,1.661653,0.584960,-0.619717,0.245518,0.500331,-0.830295,0.484237,0.678695,0.552166,0.839783,-0.537626,-0.075646,0.400771,0.614171,0.005919,0.679810,-0.038579,0.015692,-0.010448,-0.013217,-0.004886,-0.000344,0.830295,-0.552166,0.075646,0.000000,0.000000,0.000000,-1,0.817551,-0.555252,0.074921,-0.058536,0.026286,-0.022016,66.625168,205.149231,-541.142822,0,0
1.480000,1.661573,0.585420,-0.618260,0.245078,0.500956,-0.830048,0.483100,0.679193,0.552550,0.840566,-0.536414,-0.075557,0.400450,0.614344,0.006566,0.679837,-0.021522,0.016817,-0.005233,-0.011643,-0.004579,0.001500,0.830048,-0.552550,0.075557,0.000000,0.000000,0.000000,-1,0.815155,-0.558838,0.075760,-0.034028,0.023211,-0.010476,64.691452,205.325027,-541.645569,0,0
1.520000,1.662033,0.586377,-0.617833,0.244937,0.501955,-0.829486,0.482503,0.678968,0.553347,0.840950,-0.535765,-0.075891,0.400581,0.614394,0.007154,0.679708,0.005094,0.008427,0.004199,-0.013309,-0.002378,-0.000985,0.829486,-0.553347,0.075891,0.000000,0.000000,0.000000,-1,0.815643,-0.554443,0.077011,-0.014881,0.013713,-0.006328,65.746201,206.028198,-541.645569,0,0
1.560000,1.662289,0.586846,-0.618212,0.245137,0.502316,-0.829209,0.482610,0.678574,0.553737,0.840830,-0.535926,-0.076079,0.400825,0.614312,0.007248,0.679638,0.013569,-0.005344,0.004193,-0.011460,0.000713,-0.001586,0.829209,-0.553737,0.076079,0.000000,0.000000,0.000000,-1,0.817963,-0.555405,0.075104,-0.006397,0.004159,-0.008489,64.339874,204.621857,-541.645569,0,0
1.600000,1.662416,0.587249,-0.618895,0.245567,0.502488,-0.828977,0.482944,0.678062,0.554073,0.840513,-0.536412,-0.076164,0.401145,0.614137,0.007189,0.679607,0.023120,-0.014888,0.003097,-0.011014,-0.001332,-0.001060,0.828977,-0.554073,0.076164,0.000000,0.000000,0.000000,-1,0.820236,-0.551987,0.075256,0.012691,-0.017078,-0.013884,66.449371,204.973434,-541.310364,0,0
1.640000,1.662329,0.587504,-0.621209,0.246926,0.502044,-0.828843,0.484430,0.676828,0.554285,0.839259,-0.538383,-0.076079,0.401926,0.613592,0.006479,0.679646,0.047537,-0.037159,-0.002305,-0.009156,0.003199,-0.000151,0.828843,-0.554285,0.076079,0.000000,0.000000,0.000000,-1,0.822540,-0.548676,0.075806,0.026506,-0.027653,-0.011820,65.394623,204.973434,-541.980713,0,0
1.680000,1.662261,0.587341,-0.623046,0.247825,0.501443,-0.828938,0.485725,0.676010,0.554149,0.838245,-0.539968,-0.076031,0.402444,0.613232,0.005781,0.679670,0.052883,-0.036032,0.005105,-0.005879,0.007747,-0.000271,0.828938,-0.554149,0.076031,0.000000,0.000000,0.000000,-1,0.823090,-0.547577,0.075287,0.031831,-0.029743,-0.008658,65.921997,204.094482,-541.142822,0,0
1.720000,1.662095,0.587051,-0.625747,0.249177,0.500487,-0.829110,0.487643,0.674826,0.553908,0.836729,-0.542331,-0.075908,0.403193,0.612690,0.004724,0.679723,0.054962,-0.048790,-0.000193,-0.006707,0.006804,0.003056,0.829110,-0.553908,0.075908,0.000000,0.000000,0.000000,-1,0.825012,-0.547852,0.076035,0.033918,-0.040374,-0.012896,66.976746,206.203979,-540.472412,0,0
1.760000,1.661687,0.586340,-0.629286,0.250941,0.498903,-0.829533,0.490260,0.673414,0.553316,0.834670,-0.545536,-0.075605,0.404083,0.611980,0.003178,0.679844,0.058168,-0.046670,-0.003400,-0.003819,0.007464,-0.000776,0.829533,-0.553316,0.075605,0.000000,0.000000,0.000000,-1,0.826508,-0.545486,0.073166,0.032858,-0.037216,-0.015030,66.800964,205.676605,-540.975220,0,0
1.800000,1.661177,0.585749,-0.631691,0.252275,0.497622,-0.829897,0.492071,0.672497,0.552824,0.833201,-0.547832,-0.075211,0.404657,0.611439,0.002041,0.679993,0.047533,-0.041383,-0.004407,-0.004686,0.007749,-0.003358,0.829897,-0.552824,0.075211,0.000000,0.000000,0.000000,-1,0.826324,-0.542603,0.071915,0.023289,-0.030879,-0.017110,65.746201,204.973434,-542.315918,0,0
1.840000,1.660640,0.585129,-0.633516,0.253325,0.496452,-0.830279,0.493500,0.671874,0.552307,0.832036,-0.549656,-0.074797,0.405046,0.611013,0.001085,0.680147,0.031605,-0.028652,-0.002206,-0.005755,0.008484,-0.003721,0.830279,-0.552307,0.074797,0.000000,0.000000,0.000000,-1,0.826096,-0.543671,0.070251,-0.003267,-0.011788,-0.014845,65.570419,206.907150,-542.148315,0,0
1.880000,1.660306,0.584616,-0.634438,0.253808,0.495690,-0.830586,0.494288,0.671646,0.551879,0.831421,-0.550620,-0.074545,0.405187,0.610816,0.000515,0.680241,0.016750,-0.009606,-0.004299,-0.004597,0.009628,-0.001501,0.830586,-0.551879,0.074545,0.000000,0.000000,0.000000,-1,0.826538,-0.543076,0.072296,-0.008560,-0.000156,-0.016978,65.921997,204.446060,-542.148315,0,0
1.920000,1.660127,0.584236,-0.634755,0.253926,0.495258,-0.830808,0.494625,0.671659,0.551562,0.831185,-0.550994,-0.074415,0.405180,0.610767,0.000233,0.680289,0.006111,-0.007476,-0.003163,-0.004270,0.008487,-0.002119,0.830808,-0.551562,0.074415,0.000000,0.000000,0.000000,-1,0.822830,-0.544815,0.075607,-0.015999,0.001994,-0.013733,65.394623,206.731354,-542.315918,0,0
1.960000,1.660201,0.583845,-0.635122,0.253854,0.494943,-0.831017,0.494999,0.671650,0.551236,0.830984,-0.551286,-0.074495,0.405185,0.610797,-0.000020,0.680259,0.005072,-0.002175,-0.006347,-0.008187,0.006421,0.001112,0.831017,-0.551236,0.074495,0.000000,0.000000,0.000000,-1,0.827789,-0.543976,0.074173,-0.019184,0.009360,-0.019062,64.339874,204.270279,-541.310364,0,0
2.000000,1.660665,0.583114,-0.635307,0.253199,0.494663,-0.831384,0.495362,0.671884,0.550626,0.830967,-0.551254,-0.074917,0.405041,0.611065,-0.000257,0.680104,-0.001265,0.011626,-0.003159,-0.002679,0.004666,0.001148,0.831384,-0.550626,0.074917,0.000000,0.000000,0.000000,-1,0.830215,-0.544327,0.074051,-0.022327,0.021070,-0.012690,66.097794,206.379776,-541.980713,0,0
2.040000,1.660789,0.582916,-0.635270,0.252980,0.494608,-0.831483,0.495402,0.671990,0.550460,0.831010,-0.551174,-0.075030,0.404976,0.611155,-0.000292,0.680062,0.001924,0.009516,-0.002113,-0.002290,0.008545,-0.005023,0.831483,-0.550460,0.075030,0.000000,0.000000,0.000000,-1,0.822876,-0.541321,0.076004,-0.022359,0.011528,-0.013719,66.097794,206.379776,-542.315918,0,0
2.080000,1.660965,0.582626,-0.635239,0.252676,0.494519,-0.831628,0.495476,0.672133,0.550219,0.831059,-0.551079,-0.075191,0.404887,0.611279,-0.000352,0.680003,-0.003407,0.005300,0.000071,-0.006357,0.008349,-0.002193,0.831628,-0.550219,0.075191,0.000000,0.000000,0.000000,-1,0.826202,-0.544327,0.071991,-0.026625,0.007312,-0.011539,65.218826,204.797653,-542.148315,0,0
2.120000,1.660614,0.582344,-0.634947,0.252684,0.494211,-0.831809,0.495372,0.672403,0.549983,0.831118,-0.551027,-0.074913,0.404720,0.611276,-0.000427,0.680105,0.001921,0.004209,-0.004202,-0.002067,0.004817,-0.006813,0.831809,-0.549983,0.074913,0.000000,0.000000,0.000000,-1,0.829849,-0.541275,0.065582,-0.024481,0.015745,-0.015849,65.043045,205.676605,-541.645569,0,0
2.160000,1.660230,0.581924,-0.634469,0.252559,0.493838,-0.832068,0.495187,0.672826,0.549632,0.831266,-0.550844,-0.074614,0.404459,0.611326,-0.000496,0.680215,-0.006594,0.007374,-0.005217,-0.007758,0.010020,-0.004622,0.832068,-0.549632,0.074614,0.000000,0.000000,0.000000,-1,0.823364,-0.545410,0.074127,-0.029801,0.017855,-0.016881,65.570419,206.907150,-541.142822,0,0
2.200000,1.660421,0.581858,-0.633988,0.252131,0.494021,-0.832090,0.494885,0.673093,0.549577,0.831576,-0.550354,-0.074776,0.404294,0.611502,-0.000317,0.680156,-0.010831,0.014788,-0.005211,-0.010144,0.003725,-0.001686,0.832090,-0.549577,0.074776,0.000000,0.000000,0.000000,-1,0.823456,-0.550247,0.074097,-0.035118,0.021024,-0.017917,66.800964,205.325027,-540.975220,0,0
2.240000,1.660487,0.581965,-0.633330,0.251804,0.494294,-0.832026,0.494407,0.673371,0.549667,0.831959,-0.549768,-0.074825,0.404122,0.611636,-0.000042,0.680138,-0.012949,0.010545,-0.006211,-0.010219,-0.000611,-0.001751,0.832026,-0.549666,0.074825,0.000000,0.000000,0.000000,-1,0.821793,-0.548752,0.075684,-0.032997,0.018895,-0.018991,66.097794,206.028198,-541.980713,0,0
2.280000,1.660642,0.582135,-0.633045,0.251618,0.494566,-0.831921,0.494160,0.673436,0.549809,0.832162,-0.549444,-0.074946,0.404082,0.611712,0.000149,0.680093,-0.003356,0.011631,-0.003090,-0.010129,0.001057,0.000737,0.831921,-0.549809,0.074946,0.000000,0.000000,0.000000,-1,0.819885,-0.550766,0.076218,-0.022327,0.022119,-0.013759,65.043045,204.973434,-541.645569,0,0
2.320000,1.661352,0.582574,-0.633219,0.251329,0.495206,-0.831628,0.494135,0.673155,0.550175,0.832265,-0.549211,-0.075515,0.404255,0.611830,0.000394,0.679884,0.004107,0.009571,0.003258,-0.011743,-0.000591,0.000702,0.831628,-0.550175,0.075515,0.000000,0.000000,0.000000,-1,0.822250,-0.546631,0.075851,-0.013830,0.012615,-0.010593,66.097794,205.676605,-541.980713,0,0
2.360000,1.662070,0.582845,-0.633961,0.251233,0.495596,-0.831425,0.494545,0.672668,0.550402,0.832050,-0.549456,-0.076098,0.404556,0.611869,0.000386,0.679670,0.007266,0.005256,-0.005268,-0.006901,0.000261,-0.002276,0.831425,-0.550402,0.076098,0.000000,0.000000,0.000000,-1,0.826645,-0.542770,0.073853,-0.019169,0.012557,-0.016944,65.218826,204.797653,-541.477966,0,0
2.400000,1.662147,0.582417,-0.633983,0.250969,0.495345,-0.831654,0.494700,0.672847,0.550044,0.832038,-0.549463,-0.076184,0.404446,0.611977,0.000237,0.679638,0.000870,0.005227,-0.008417,-0.003910,0.008601,-0.000424,0.831654,-0.550044,0.076184,0.000000,0.000000,0.000000,-1,0.824722,-0.544174,0.073471,-0.023438,0.014617,-0.023310,65.746201,206.028198,-541.645569,0,0
2.440000,1.662316,0.582028,-0.633922,0.250606,0.495194,-0.831853,0.494785,0.673050,0.549720,0.832096,-0.549352,-0.076344,0.404321,0.612125,0.000150,0.679579,-0.001235,0.009498,-0.008392,-0.006032,0.005454,-0.000600,0.831853,-0.549720,0.076344,0.000000,0.000000,0.000000,-1,0.828537,-0.544678,0.074081,-0.025530,0.021041,-0.015861,65.921997,206.203979,-541.477966,0,0
2.480000,1.662654,0.581622,-0.633561,0.249946,0.495197,-0.832050,0.494674,0.673408,0.549380,0.832361,-0.548909,-0.076646,0.404099,0.612395,0.000192,0.679468,-0.008674,0.011647,-0.005148,-0.006427,0.006244,0.000136,0.832050,-0.549380,0.076646,0.000000,0.000000,0.000000,-1,0.822968,-0.547791,0.076935,-0.031927,0.019964,-0.017938,65.746201,206.028198,-542.651062,0,0
2.520000,1.662871,0.581626,-0.633208,0.249592,0.495407,-0.832031,0.494435,0.673581,0.549383,0.832609,-0.548507,-0.076827,0.403992,0.612539,0.000358,0.679402,-0.005493,0.008459,-0.006224,-0.010681,-0.000513,0.001100,0.832031,-0.549383,0.076827,0.000000,0.000000,0.000000,-1,0.819992,-0.550003,0.075302,-0.026619,0.013618,-0.016890,65.921997,205.149231,-542.818665,0,0
2.560000,1.662987,0.581801,-0.633211,0.249583,0.495587,-0.831926,0.494380,0.673502,0.549530,0.832644,-0.548441,-0.076914,0.404040,0.612542,0.000444,0.679369,0.001930,-0.003173,-0.004103,-0.011171,0.002761,0.000814,0.831926,-0.549530,0.076914,0.000000,0.000000,0.000000,-1,0.824799,-0.548370,0.076157,-0.016001,0.003034,-0.015867,66.097794,204.621857,-542.651062,0,0
2.600000,1.662989,0.581858,-0.633557,0.249781,0.495540,-0.831895,0.494595,0.673306,0.549577,0.832457,-0.548725,-0.076913,0.404162,0.612462,0.000348,0.679370,0.008261,-0.008389,-0.003038,-0.005357,0.001588,-0.000238,0.831895,-0.549577,0.076913,0.000000,0.000000,0.000000,-1,0.822495,-0.543716,0.078110,-0.016009,-0.002233,-0.012651,65.921997,205.500809,-541.142822,0,0
2.640000,1.662963,0.581896,-0.634044,0.250063,0.495429,-0.831877,0.494911,0.673048,0.549608,0.832185,-0.549141,-0.076889,0.404322,0.612347,0.000191,0.679379,0.012519,-0.012586,0.001207,-0.007520,0.005953,0.003983,0.831877,-0.549609,0.076889,0.000000,0.000000,0.000000,-1,0.825150,-0.541519,0.079208,-0.011757,-0.005401,-0.011607,65.746201,205.325027,-541.980713,0,0
2.680000,1.662913,0.581807,-0.634493,0.250283,0.495230,-0.831929,0.495242,0.672865,0.549535,0.831922,-0.549545,-0.076852,0.404435,0.612257,-0.000004,0.679392,0.006123,-0.013662,-0.000871,-0.006779,0.008015,0.002357,0.831929,-0.549535,0.076852,0.000000,0.000000,0.000000,-1,0.827805,-0.543793,0.076843,-0.021329,-0.000123,-0.013683,66.976746,205.500809,-541.477966,0,0
2.720000,1.662639,0.581372,-0.634597,0.250348,0.494762,-0.832188,0.495453,0.673006,0.549171,0.831777,-0.549794,-0.076646,0.404347,0.612231,-0.000254,0.679468,-0.003421,-0.001998,0.000221,-0.001164,0.006157,0.000060,0.832188,-0.549171,0.076646,0.000000,0.000000,0.000000,-1,0.826691,-0.543747,0.072510,-0.029817,0.006274,-0.009380,64.691452,206.731354,-543.321411,0,0
2.760000,1.662348,0.581422,-0.634258,0.250447,0.494721,-0.832182,0.495209,0.673152,0.549213,0.831892,-0.549653,-0.076402,0.404257,0.612190,-0.000179,0.679558,-0.010926,0.000250,0.005623,-0.008772,0.006626,-0.001847,0.832182,-0.549213,0.076402,0.000000,0.000000,0.000000,-1,0.823578,-0.544891,0.076279,-0.029785,0.012678,-0.004078,66.976746,205.852402,-541.477966,0,0
2.800000,1.662451,0.581866,-0.634034,0.250469,0.495131,-0.831932,0.494913,0.673066,0.549584,0.832061,-0.549388,-0.076464,0.404310,0.612181,0.000080,0.679535,-0.001305,0.006672,0.012983,-0.006615,0.002266,0.001004,0.831932,-0.549584,0.076465,0.000000,0.000000,0.000000,-1,0.825455,-0.547745,0.076111,-0.019121,0.013783,0.001162,65.921997,205.852402,-540.807617,0,0
2.840000,1.662830,0.582352,-0.634244,0.250497,0.495612,-0.831637,0.494896,0.672747,0.549990,0.832063,-0.549345,-0.076755,0.404508,0.612169,0.000263,0.679428,0.004021,0.007730,0.012937,-0.004076,0.006350,-0.000996,0.831637,-0.549990,0.076756,0.000000,0.000000,0.000000,-1,0.821167,-0.534012,0.079208,-0.024432,0.018021,0.001187,66.273590,205.500809,-540.472412,0,0
2.880000,1.663670,0.582519,-0.634508,0.250011,0.496119,-0.831481,0.495019,0.672543,0.550129,0.832136,-0.549138,-0.077445,0.404634,0.612368,0.000405,0.679174,0.004070,0.017333,0.020353,-0.006270,0.012654,0.003121,0.831481,-0.550129,0.077445,0.000000,0.000000,0.000000,-1,0.826889,-0.546326,0.082794,-0.020114,0.028710,0.011767,64.164078,204.797653,-542.818665,0,0
2.920000,1.664607,0.583181,-0.634865,0.249735,0.496988,-0.831045,0.495043,0.672072,0.550682,0.832205,-0.548928,-0.078190,0.404924,0.612480,0.000716,0.678899,0.008292,0.019632,0.032058,-0.004156,0.004356,0.004604,0.831045,-0.550682,0.078190,0.000000,0.000000,0.000000,-1,0.820358,-0.541000,0.083176,-0.010521,0.024560,0.021296,65.746201,205.676605,-542.315918,0,0
2.960000,1.666298,0.584745,-0.636519,0.249922,0.498549,-0.830053,0.495642,0.670559,0.551987,0.831792,-0.549363,-0.079514,0.405856,0.612403,0.001071,0.678411,0.030616,-0.002504,0.043684,-0.011663,0.007004,0.005234,0.830053,-0.551987,0.079514,0.000000,0.000000,0.000000,-1,0.812546,-0.554367,0.094193,0.013920,-0.002856,0.035058,65.043045,204.270279,-542.651062,0,0
3.000000,1.668107,0.586905,-0.639717,0.251083,0.500181,-0.828720,0.497071,0.668013,0.553786,0.830589,-0.550979,-0.080899,0.407422,0.611929,0.001147,0.677901,0.068875,-0.025827,0.041350,-0.012985,-0.002870,0.015262,0.828720,-0.553786,0.080899,0.000000,0.000000,0.000000,-1,0.814346,-0.564301,0.092056,0.053230,-0.024127,0.026311,66.625168,204.446060,-542.483521,0,0
3.040000,1.669372,0.588644,-0.643010,0.252544,0.501204,-0.827657,0.498690,0.665601,0.555234,0.829175,-0.552965,-0.081852,0.408899,0.611332,0.000928,0.677549,0.081591,-0.044910,0.039201,-0.019094,-0.010349,0.007259,0.827657,-0.555234,0.081852,0.000000,0.000000,0.000000,-1,0.807693,-0.572647,0.088333,0.068054,-0.054807,0.030572,65.394623,205.325027,-542.651062,0,0
3.080000,1.669673,0.593425,-0.652190,0.259284,0.502174,-0.824981,0.503162,0.658877,0.559204,0.824379,-0.560091,-0.081839,0.412991,0.608571,-0.000365,0.677555,0.144082,-0.136880,0.054036,-0.034408,-0.015686,0.006937,0.824981,-0.559204,0.081839,0.000000,0.000000,0.000000,-1,0.788177,-0.577118,0.086258,0.132744,-0.150037,0.042146,65.218826,205.149231,-541.813110,0,0
3.120000,1.668649,0.596115,-0.658775,0.264782,0.501629,-0.823564,0.506567,0.654358,0.561432,0.820537,-0.565848,-0.080846,0.415713,0.606305,-0.001821,0.677918,0.186490,-0.189923,0.045399,-0.035570,-0.012482,0.005946,0.823564,-0.561432,0.080846,0.000000,0.000000,0.000000,-1,0.792572,-0.581360,0.087601,0.176225,-0.192581,0.023858,65.218826,205.500809,-540.807617,0,0
3.160000,1.667453,0.598428,-0.666676,0.270891,0.500332,-0.822366,0.510917,0.649312,0.563344,0.815832,-0.572766,-0.079736,0.418722,0.603771,-0.003901,0.678319,0.211881,-0.219856,0.015505,-0.030374,-0.013697,0.006645,0.822366,-0.563344,0.079735,0.000000,0.000000,0.000000,-1,0.796677,-0.559830,0.086853,0.205806,-0.240575,-0.011347,63.812500,204.797653,-541.477966,0,0
3.200000,1.662614,0.597699,-0.683838,0.282955,0.492300,-0.823151,0.522244,0.640767,0.562742,0.804486,-0.589116,-0.075793,0.423669,0.598666,-0.011014,0.679693,0.223380,-0.260173,0.002815,0.001251,0.017851,0.013319,0.823151,-0.562742,0.075793,0.000000,0.000000,0.000000,-1,0.830948,-0.541321,0.091217,0.187740,-0.236255,-0.002701,66.625168,206.203979,-540.807617,0,0
3.240000,1.660715,0.596017,-0.691511,0.287359,0.487916,-0.824235,0.527748,0.637469,0.561351,0.799316,-0.596298,-0.074314,0.425501,0.596746,-0.014641,0.680168,0.175715,-0.197469,0.024243,0.019393,0.034495,0.014248,0.824234,-0.561351,0.074314,0.000000,0.000000,0.000000,-1,0.851730,-0.502625,0.080505,0.125175,-0.168267,0.017770,66.449371,204.270279,-541.310364,0,0
3.280000,1.658434,0.596536,-0.696222,0.291744,0.485515,-0.824112,0.530559,0.634753,0.561780,0.795860,-0.601136,-0.072409,0.427025,0.594857,-0.016540,0.680825,0.094972,-0.141285,0.027855,0.027618,0.059155,0.008097,0.824112,-0.561780,0.072409,0.000000,0.000000,0.000000,-1,0.841309,-0.504822,0.074127,0.015704,-0.097346,0.010896,66.625168,206.203979,-541.142822,0,0
3.320000,1.653684,0.596073,-0.696122,0.295228,0.482391,-0.824706,0.530662,0.635005,0.561397,0.794505,-0.603380,-0.068515,0.426831,0.593357,-0.017689,0.682224,-0.083641,-0.020881,-0.012769,0.013078,0.055339,-0.002643,0.824706,-0.561397,0.068515,0.000000,0.000000,0.000000,-1,0.831757,-0.525589,0.067154,-0.123555,0.014524,-0.035317,65.921997,205.149231,-541.477966,0,0
3.360000,1.651971,0.595467,-0.691863,0.294217,0.482231,-0.825161,0.528169,0.637522,0.560896,0.796539,-0.600849,-0.067129,0.425390,0.593808,-0.016821,0.682754,-0.138859,0.049848,-0.039239,-0.002849,0.019514,-0.006094,0.825160,-0.560896,0.067129,0.000000,0.000000,0.000000,-1,0.800278,-0.562973,0.061264,-0.187296,0.085236,-0.063852,65.218826,205.149231,-542.818665,0,0
3.400000,1.650633,0.594371,-0.685818,0.291795,0.482502,-0.825862,0.524695,0.641178,0.559988,0.799719,-0.596727,-0.066074,0.423288,0.594865,-0.015440,0.683172,-0.169759,0.081518,-0.055063,-0.025584,-0.002985,-0.004810,0.825862,-0.559988,0.066074,0.000000,0.000000,0.000000,-1,0.797668,-0.592926,0.070465,-0.193687,0.090464,-0.071279,66.097794,206.028198,-542.315918,0,0
3.440000,1.648381,0.592623,-0.676400,0.288146,0.482774,-0.826983,0.519245,0.646853,0.558539,0.804585,-0.590347,-0.064290,0.419995,0.596447,-0.013332,0.683869,-0.118849,0.001179,-0.037042,-0.033053,-0.083063,0.001643,0.826983,-0.558539,0.064290,0.000000,0.000000,0.000000,-1,0.778000,-0.642685,0.084030,-0.119421,-0.033070,-0.027714,66.625168,206.203979,-541.813110,0,0
3.480000,1.644652,0.592698,-0.673379,0.289729,0.481495,-0.827175,0.517262,0.648386,0.558601,0.805293,-0.589710,-0.061203,0.419090,0.595789,-0.013054,0.685002,-0.064762,-0.110640,0.013027,-0.049175,-0.084084,0.022827,0.827175,-0.558601,0.061203,0.000000,0.000000,0.000000,-1,0.766907,-0.576736,0.095367,-0.098353,-0.128171,-0.003018,65.746201,204.973434,-541.645569,0,0
3.520000,1.635792,0.592614,-0.667663,0.294083,0.477886,-0.827732,0.513577,0.651369,0.558531,0.806073,-0.589358,-0.053875,0.417309,0.593962,-0.012975,0.687673,-0.181035,-0.140740,-0.037094,-0.060826,-0.018206,0.041493,0.827732,-0.558531,0.053875,0.000000,0.000000,0.000000,-1,0.758804,-0.620605,0.057632,-0.248683,-0.140405,-0.068922,65.394623,204.973434,-542.986267,0,0
3.560000,1.623837,0.590963,-0.656854,0.297755,0.472978,-0.829237,0.507069,0.657612,0.557161,0.808840,-0.586378,-0.044025,0.413572,0.592427,-0.012330,0.691256,-0.224858,-0.157827,-0.056906,-0.069990,-0.069777,0.012204,0.829237,-0.557161,0.044025,0.000000,0.000000,0.000000,-1,0.757782,-0.628479,0.060959,-0.217838,-0.151004,-0.069121,66.097794,204.973434,-543.991821,0,0
3.600000,1.610179,0.588177,-0.645785,0.302217,0.466466,-0.831309,0.500691,0.664421,0.554845,0.811155,-0.583913,-0.032756,0.409436,0.590542,-0.012305,0.695321,-0.148163,-0.126299,-0.082122,-0.063608,-0.054133,0.042699,0.831309,-0.554845,0.032756,0.000000,0.000000,0.000000,-1,0.781418,-0.599777,0.088043,-0.163426,-0.076252,-0.116698,64.515671,205.149231,-543.489014,0,0
3.640000,1.606402,0.586946,-0.641561,0.302702,0.464722,-0.832108,0.498289,0.667077,0.553820,0.812453,-0.582273,-0.029640,0.407819,0.590342,-0.012049,0.696444,-0.142721,-0.060938,-0.116486,-0.050324,-0.043973,0.057350,0.832108,-0.553820,0.029640,0.000000,0.000000,0.000000,-1,0.745529,-0.613113,0.080887,-0.191030,-0.028820,-0.142229,64.691452,206.379776,-543.321411,0,0
3.680000,1.605529,0.591060,-0.634064,0.301948,0.469230,-0.829850,0.491919,0.668952,0.557242,0.816604,-0.576477,-0.028834,0.406765,0.590728,-0.008141,0.696790,-0.154537,-0.061357,-0.167428,-0.094956,-0.080881,0.044881,0.829850,-0.557242,0.028834,0.000000,0.000000,0.000000,-1,0.736221,-0.662277,0.077118,-0.171010,-0.065210,-0.182730,64.867249,205.500809,-543.489014,0,0
3.720000,1.601517,0.589217,-0.629357,0.302120,0.467107,-0.830984,0.489369,0.672089,0.555710,0.818072,-0.574549,-0.025536,0.404835,0.590658,-0.007974,0.697974,-0.146224,-0.093110,-0.170555,-0.094915,-0.115036,0.045356,0.830984,-0.555710,0.025536,0.000000,0.000000,0.000000,-1,0.726395,-0.651230,0.072006,-0.173210,-0.089560,-0.181556,65.394623,204.270279,-545.332520,0,0
3.760000,1.596727,0.587750,-0.624477,0.303052,0.464848,-0.831911,0.486559,0.675131,0.554490,0.819402,-0.572813,-0.021577,0.402957,0.590266,-0.007761,0.699394,-0.154791,-0.103760,-0.177879,-0.105516,-0.096740,0.050429,0.831911,-0.554490,0.021577,0.000000,0.000000,0.000000,-1,0.726974,-0.624481,0.107208,-0.199868,-0.079228,-0.210152,64.339874,206.731354,-543.991821,0,0
3.800000,1.588147,0.578978,-0.611103,0.299692,0.458027,-0.836896,0.480259,0.685535,0.547169,0.824340,-0.565909,-0.014522,0.396447,0.591685,-0.007918,0.701909,-0.248151,0.028412,-0.205326,-0.123243,-0.087826,0.098225,0.836896,-0.547169,0.014522,0.000000,0.000000,0.000000,-1,0.688538,-0.644882,0.093262,-0.295332,0.036291,-0.204518,64.691452,206.731354,-546.002869,0,0
3.840000,1.585557,0.577922,-0.602963,0.297599,0.458273,-0.837509,0.474991,0.689896,0.546284,0.828142,-0.560383,-0.012363,0.393721,0.592592,-0.005948,0.702697,-0.248223,-0.069273,-0.118639,-0.145126,-0.110744,0.034909,0.837508,-0.546284,0.012363,0.000000,0.000000,0.000000,-1,0.788971,-0.712860,-0.079208,-0.067159,-0.106060,0.097863,66.097794,206.379776,-544.662109,0,0
3.880000,1.580907,0.580456,-0.600265,0.301414,0.458224,-0.836170,0.472344,0.690031,0.548405,0.828276,-0.560257,-0.008454,0.393649,0.590989,-0.005013,0.704094,0.044398,-0.101681,0.276578,-0.047199,-0.164455,-0.087663,0.836170,-0.548405,0.008454,0.000000,0.000000,0.000000,-1,1.136536,-0.634628,0.000854,0.130233,0.061704,0.489872,65.746201,204.973434,-545.332520,0,0
3.920000,1.601438,0.606198,-0.607230,0.299782,0.485156,-0.821434,0.468926,0.674905,0.569747,0.830806,-0.555992,-0.025178,0.403130,0.591672,0.005812,0.698124,-0.007432,0.712860,0.279253,0.416343,-0.017350,-0.025590,0.821434,-0.569747,0.025178,0.000000,0.000000,0.000000,-1,1.133636,-0.557297,-0.005020,-0.034251,0.828069,0.205965,63.988281,205.676605,-543.321411,0,0
3.960000,1.609381,0.608506,-0.607173,0.294226,0.491129,-0.819892,0.468136,0.673850,0.571642,0.833234,-0.552013,-0.031651,0.403741,0.599452,0.013019,0.690242,0.075026,0.945002,0.186126,0.163649,0.080521,-0.034204,0.816988,-0.574753,0.046792,0.000000,0.000000,0.000000,-1,0.829529,-0.457153,0.047729,0.165456,1.024000,0.207943,64.867249,206.907150,-543.489014,0,0
4.000000,1.662146,0.618405,-0.615053,0.258609,0.524157,-0.811407,0.470143,0.665485,0.579737,0.843852,-0.531402,-0.074329,0.408489,0.608524,0.019857,0.680030,0.217099,1.041989,0.253907,-0.038717,0.145594,0.008954,0.811407,-0.579737,0.074329,0.000000,0.000000,0.000000,-1,0.769806,-0.425262,0.199265,0.231841,1.060969,0.312757,63.988281,206.028198,-540.975220,0,0
4.040000,1.712229,0.629745,-0.629857,0.229525,0.554207,-0.800108,0.476040,0.653098,0.588939,0.848943,-0.516059,-0.113922,0.415436,0.619979,0.029388,0.664963,0.312912,0.980127,0.323707,0.015139,0.151958,0.085983,0.800108,-0.588939,0.113922,0.000000,0.000000,0.000000,-1,0.931519,-0.537186,0.137772,0.392531,0.791705,0.176159,62.406158,206.555573,-541.813110,0,0
4.080000,1.764738,0.632133,-0.658323,0.202258,0.576534,-0.791644,0.493574,0.638170,0.590867,0.845858,-0.510243,-0.155487,0.424139,0.630753,0.031955,0.649026,0.522579,0.535151,-0.028873,0.111203,-0.006576,-0.031601,0.791644,-0.590867,0.155487,0.000000,0.000000,0.000000,-1,0.811386,-0.573105,0.143295,0.489103,0.521590,-0.053687,62.054581,205.852402,-538.796570,0,0
4.120000,1.797653,0.627487,-0.680771,0.185277,0.586109,-0.788764,0.509497,0.629056,0.587113,0.840289,-0.510651,-0.182070,0.429619,0.637544,0.029983,0.638800,0.403207,0.457228,0.018153,-0.004722,0.055008,-0.023333,0.788764,-0.587113,0.182070,0.000000,0.000000,0.000000,-1,0.728119,-0.413315,0.179977,0.298469,0.413591,0.061120,62.757751,205.149231,-538.796570,0,0
4.160000,1.827576,0.627289,-0.700701,0.171901,0.597697,-0.783077,0.522006,0.618867,0.586952,0.835440,-0.509668,-0.205618,0.435503,0.642764,0.030059,0.629514,0.281389,0.269215,0.072003,-0.046947,0.209373,-0.015447,0.783076,-0.586952,0.205618,0.000000,0.000000,0.000000,-1,0.763855,-0.404617,0.187317,0.241508,0.270257,0.022682,60.824036,206.028198,-538.293762,0,0
4.200000,1.840393,0.625791,-0.709282,0.165597,0.601887,-0.781223,0.527870,0.615031,0.585739,0.833025,-0.509381,-0.215871,0.437732,0.645234,0.029585,0.625451,0.186346,0.253534,-0.022014,-0.022846,0.154754,-0.041020,0.781223,-0.585739,0.215871,0.000000,0.000000,0.000000,-1,0.709396,-0.478836,0.163452,0.075237,0.253948,-0.026038,60.472443,207.082947,-537.288269,0,0
4.240000,1.852250,0.624336,-0.713468,0.157510,0.606370,-0.779427,0.530997,0.613460,0.584558,0.832606,-0.505947,-0.225355,0.438578,0.648326,0.030313,0.621614,0.031829,0.195487,-0.002488,-0.077233,0.104990,-0.060102,0.779427,-0.584558,0.225355,0.000000,0.000000,0.000000,-1,0.700470,-0.465881,0.195938,-0.042456,0.094762,-0.061815,61.702988,206.907150,-536.785522,0,0
4.280000,1.852910,0.621069,-0.710352,0.153406,0.605257,-0.781108,0.530325,0.616557,0.581905,0.833799,-0.503509,-0.226400,0.436821,0.649913,0.030156,0.621201,-0.062139,-0.057836,-0.150002,-0.083736,0.104625,0.003840,0.781108,-0.581905,0.226400,0.000000,0.000000,0.000000,-1,0.704651,-0.503311,0.246643,-0.090177,-0.085453,-0.193934,62.054581,205.500809,-536.785522,0,0
4.320000,1.846737,0.615854,-0.705800,0.153156,0.599742,-0.785400,0.529474,0.621265,0.577656,0.834386,-0.504320,-0.222397,0.434249,0.650097,0.028202,0.622901,-0.078609,-0.157081,-0.230467,-0.078170,0.038731,0.032211,0.785400,-0.577656,0.222398,0.000000,0.000000,0.000000,-1,0.716629,-0.557480,0.257904,-0.102376,-0.200359,-0.249871,61.351410,207.610321,-536.785522,0,1
