0.000000,1.446527,-1.136484,1.034206,0.837016,-0.353642,-0.417542,-0.361648,0.215110,-0.907160,0.410627,0.910310,0.052156,-0.626448,0.285455,0.002759,0.725307,0.003702,-0.004895,0.001043,0.006271,0.013388,0.002733,0.417542,0.907160,-0.052156,0.000000,0.000000,0.000000,-1,0.421951,0.921036,-0.049606,-0.020237,0.007311,-0.011589,-7.031677,281.970337,-533.601318,0,0
0.040000,1.446553,-1.136488,1.034239,0.837018,-0.353639,-0.417540,-0.361652,0.215096,-0.907161,0.410619,0.910315,0.052145,-0.626454,0.285452,0.002762,0.725303,0.002646,-0.001717,0.001039,0.005205,0.012318,0.002050,0.417540,0.907161,-0.052145,0.000000,0.000000,0.000000,-1,0.421677,0.923920,-0.052444,-0.025578,0.004105,-0.014732,-7.734833,283.025085,-533.601318,0,0
0.080000,1.446863,-1.136872,1.034900,0.837263,-0.353449,-0.417210,-0.361495,0.214679,-0.907323,0.410259,0.910487,0.051973,-0.626620,0.285238,0.002773,0.725244,-0.005895,-0.003892,-0.005281,0.005580,0.010432,-0.001555,0.417210,0.907323,-0.051973,0.000000,0.000000,0.000000,-1,0.424393,0.914047,-0.052490,-0.029839,0.006195,-0.017902,-8.262222,281.442932,-532.763367,0,0
0.120000,1.447178,-1.137082,1.035368,0.837374,-0.353390,-0.417037,-0.361431,0.214413,-0.907411,0.410088,0.910573,0.051818,-0.626726,0.285141,0.002772,0.725190,-0.005891,-0.003872,-0.003151,0.002381,0.014052,0.000090,0.417037,0.907411,-0.051818,0.000000,0.000000,0.000000,-1,0.422363,0.922562,-0.052032,-0.029834,0.004116,-0.013633,-7.910629,281.091370,-534.104065,0,0
0.160000,1.447456,-1.137286,1.035882,0.837515,-0.353256,-0.416868,-0.361382,0.214132,-0.907497,0.409844,0.910691,0.051679,-0.626838,0.285017,0.002801,0.725142,-0.006992,0.000382,-0.005360,0.008486,0.010457,-0.003711,0.416868,0.907497,-0.051679,0.000000,0.000000,0.000000,-1,0.422623,0.918961,-0.054916,-0.029819,0.012550,-0.017926,-8.086426,280.563995,-533.601318,0,0
0.200000,1.447832,-1.137460,1.036166,0.837524,-0.353397,-0.416730,-0.361307,0.213949,-0.907570,0.409891,0.910679,0.051503,-0.626912,0.285010,0.002727,0.725082,-0.003780,0.004627,-0.004334,0.000811,0.012306,-0.000530,0.416730,0.907570,-0.051503,0.000000,0.000000,0.000000,-1,0.417053,0.919342,-0.053543,-0.026625,0.013598,-0.019020,-8.086426,281.267151,-533.266113,0,0
0.240000,1.448008,-1.137798,1.036239,0.837598,-0.353568,-0.416436,-0.361059,0.213767,-0.907712,0.409958,0.910655,0.051392,-0.626985,0.284946,0.002583,0.725044,-0.002723,0.004597,-0.007540,0.003563,0.011859,-0.001739,0.416436,0.907712,-0.051392,0.000000,0.000000,0.000000,-1,0.421967,0.919983,-0.054474,-0.027693,0.011490,-0.017939,-6.504303,280.739777,-532.763367,0,0
0.280000,1.448151,-1.137850,1.036445,0.837632,-0.353536,-0.416396,-0.361062,0.213668,-0.907733,0.409887,0.910691,0.051327,-0.627024,0.284917,0.002595,0.725022,-0.006983,-0.000649,-0.002160,0.007997,0.010846,-0.002003,0.416396,0.907733,-0.051327,0.000000,0.000000,0.000000,-1,0.419693,0.917877,-0.049591,-0.028761,0.010431,-0.017927,-7.734833,281.267151,-533.266113,0,0
0.320000,1.448713,-1.138151,1.037038,0.837719,-0.353615,-0.416153,-0.360953,0.213315,-0.907860,0.409805,0.910743,0.051059,-0.627165,0.284841,0.002531,0.724930,-0.005988,-0.001695,-0.006511,0.004654,0.012993,-0.001736,0.416153,0.907860,-0.051059,0.000000,0.000000,0.000000,-1,0.423523,0.918930,-0.052414,-0.030909,0.005126,-0.018955,-7.734833,281.267151,-531.590271,0,0
0.360000,1.448990,-1.138225,1.037473,0.837785,-0.353519,-0.416101,-0.360988,0.213124,-0.907891,0.409638,0.910825,0.050936,-0.627241,0.284782,0.002576,0.724887,-0.008106,0.001482,-0.006504,0.009238,0.009056,-0.001097,0.416101,0.907891,-0.050936,0.000000,0.000000,0.000000,-1,0.424026,0.917755,-0.049484,-0.028761,0.010431,-0.017927,-5.273758,282.673492,-532.260620,0,0
0.400000,1.449663,-1.138479,1.038136,0.837836,-0.353630,-0.415906,-0.360930,0.212767,-0.907997,0.409586,0.910866,0.050628,-0.627384,0.284738,0.002518,0.724781,-0.009174,0.000424,-0.006492,0.004444,0.013038,-0.001984,0.415906,0.907997,-0.050628,0.000000,0.000000,0.000000,-1,0.423019,0.916702,-0.053757,-0.028771,0.007254,-0.017915,-8.262222,280.739777,-534.439270,0,0
0.440000,1.449969,-1.138541,1.038580,0.837889,-0.353551,-0.415866,-0.360977,0.212579,-0.908023,0.409436,0.910940,0.050494,-0.627458,0.284691,0.002562,0.724735,-0.005977,-0.000617,-0.004380,0.009504,0.008679,-0.002591,0.415866,0.908023,-0.050494,0.000000,0.000000,0.000000,-1,0.425323,0.918289,-0.053757,-0.029826,0.009382,-0.016849,-7.734833,282.673492,-532.595764,0,0
0.480000,1.450202,-1.138524,1.038799,0.837865,-0.353575,-0.415892,-0.361036,0.212507,-0.908016,0.409432,0.910947,0.050399,-0.627487,0.284712,0.002574,0.724702,-0.006018,0.003668,-0.003416,0.007341,0.012974,-0.002794,0.415892,0.908016,-0.050399,0.000000,0.000000,0.000000,-1,0.421768,0.920853,-0.053787,-0.026622,0.013608,-0.017955,-7.031677,283.025085,-533.601318,0,0
0.520000,1.450597,-1.138657,1.038983,0.837816,-0.353809,-0.415792,-0.360971,0.212379,-0.908072,0.409589,0.910887,0.050220,-0.627538,0.284756,0.002471,0.724641,-0.003883,0.007874,-0.006643,0.007914,0.008325,-0.003231,0.415792,0.908072,-0.050220,0.000000,0.000000,0.000000,-1,0.421341,0.917770,-0.052185,-0.024486,0.015726,-0.017980,-7.383255,282.321899,-533.266113,0,0
0.560000,1.450950,-1.138803,1.039029,0.837740,-0.354123,-0.415679,-0.360867,0.212296,-0.908133,0.409837,0.910784,0.050057,-0.627572,0.284824,0.002327,0.724585,-0.001741,0.011060,-0.005605,0.006227,0.010873,-0.000571,0.415679,0.908133,-0.050057,0.000000,0.000000,0.000000,-1,0.421127,0.918839,-0.050369,-0.023402,0.022080,-0.018012,-7.559052,281.442932,-533.433716,0,0
0.600000,1.451514,-1.138971,1.039109,0.837598,-0.354604,-0.415555,-0.360752,0.212189,-0.908203,0.410229,0.910622,0.049805,-0.627615,0.284950,0.002122,0.724498,-0.002804,0.010021,-0.003462,0.005206,0.010696,-0.000656,0.415555,0.908203,-0.049805,0.000000,0.000000,0.000000,-1,0.420593,0.920639,-0.047150,-0.026601,0.018923,-0.015844,-7.383255,282.321899,-531.590271,0,0
0.640000,1.452590,-1.139211,1.039805,0.837489,-0.355051,-0.415393,-0.360713,0.211828,-0.908303,0.410486,0.910531,0.049332,-0.627760,0.285047,0.001954,0.724336,-0.002860,0.011150,-0.004615,0.004926,0.013907,0.004639,0.415393,0.908303,-0.049332,0.000000,0.000000,0.000000,-1,0.418655,0.921478,-0.045135,-0.024461,0.023150,-0.016942,-6.152710,280.739777,-532.763367,0,0
0.680000,1.453800,-1.139619,1.040473,0.837375,-0.355680,-0.415084,-0.360534,0.211400,-0.908474,0.410875,0.910386,0.048786,-0.627931,0.285148,0.001676,0.724148,-0.002874,0.010062,-0.007809,0.000993,0.012058,0.002171,0.415084,0.908474,-0.048786,0.000000,0.000000,0.000000,-1,0.419174,0.928604,-0.047150,-0.027692,0.014638,-0.021147,-8.086426,280.915588,-532.595764,0,0
0.720000,1.455240,-1.140319,1.041724,0.837479,-0.356090,-0.414522,-0.360249,0.210627,-0.908767,0.410913,0.910404,0.048115,-0.628239,0.285058,0.001436,0.723917,-0.012479,0.006849,-0.011986,0.003935,0.011918,0.001484,0.414522,0.908767,-0.048115,0.000000,0.000000,0.000000,-1,0.417603,0.918671,-0.045258,-0.033008,0.017807,-0.022183,-7.383255,280.563995,-532.930969,0,0
0.760000,1.456886,-1.141003,1.042968,0.837491,-0.356689,-0.413983,-0.359974,0.209866,-0.909052,0.411130,0.910345,0.047362,-0.628543,0.285050,0.001135,0.723657,-0.009261,0.011135,-0.006703,-0.000591,0.014685,0.002196,0.413983,0.909052,-0.047362,0.000000,0.000000,0.000000,-1,0.418442,0.919830,-0.046158,-0.031932,0.018895,-0.018999,-7.734833,282.673492,-532.930969,0,0
0.800000,1.457789,-1.141213,1.043522,0.837392,-0.357091,-0.413836,-0.359925,0.209571,-0.909139,0.411374,0.910256,0.046967,-0.628660,0.285137,0.000979,0.723521,-0.005047,0.011208,-0.006804,0.010130,0.004572,-0.004166,0.413836,0.909139,-0.046967,0.000000,0.000000,0.000000,-1,0.418335,0.918930,-0.055450,-0.024470,0.022071,-0.019069,-7.383255,281.618744,-531.925415,0,0
0.840000,1.457633,-1.141488,1.042955,0.837352,-0.357482,-0.413580,-0.359590,0.209649,-0.909254,0.411748,0.910085,0.047003,-0.628630,0.285173,0.000729,0.723534,-0.000782,0.012265,-0.006841,0.002573,0.014178,-0.000345,0.413580,0.909254,-0.047003,0.000000,0.000000,0.000000,-1,0.416489,0.923111,-0.043182,-0.021281,0.021001,-0.020155,-8.086426,282.673492,-533.266113,0,0
0.880000,1.458346,-1.141918,1.043254,0.837319,-0.357969,-0.413225,-0.359315,0.209344,-0.909433,0.412055,0.909963,0.046664,-0.628751,0.285202,0.000465,0.723417,-0.001855,0.011197,-0.007896,0.002287,0.014167,0.001636,0.413225,0.909433,-0.046664,0.000000,0.000000,0.000000,-1,0.417358,0.922791,-0.042633,-0.028735,0.019953,-0.019028,-8.262222,283.200867,-533.098511,0,0
0.920000,1.460521,-1.142654,1.044837,0.837253,-0.358776,-0.412660,-0.359067,0.208439,-0.909738,0.412406,0.909853,0.045692,-0.629111,0.285261,0.000101,0.723081,-0.009323,0.008013,-0.008894,0.001616,0.009863,0.003623,0.412660,0.909738,-0.045692,0.000000,0.000000,0.000000,-1,0.414307,0.922668,-0.048401,-0.031956,0.013570,-0.022175,-5.625336,282.321899,-532.260620,0,0
0.960000,1.461053,-1.143153,1.045360,0.837399,-0.358925,-0.412233,-0.358783,0.208023,-0.909946,0.412357,0.909890,0.045422,-0.629276,0.285133,-0.000049,0.722988,-0.011527,-0.003557,-0.008900,0.001189,0.011716,0.000333,0.412233,0.909945,-0.045422,0.000000,0.000000,0.000000,-1,0.413986,0.923569,-0.046677,-0.036236,0.005118,-0.019979,-8.438004,281.618744,-532.260620,0,0
1.000000,1.461686,-1.143593,1.046199,0.837596,-0.358890,-0.411863,-0.358611,0.207522,-0.910128,0.412106,0.910018,0.045118,-0.629475,0.284960,-0.000097,0.722882,-0.012596,-0.005665,-0.007819,0.005709,0.013029,0.000180,0.411863,0.910128,-0.045118,0.000000,0.000000,0.000000,-1,0.418579,0.922073,-0.043549,-0.036241,0.005098,-0.022110,-6.855881,282.849304,-532.093018,0,0
1.040000,1.463056,-1.144080,1.047803,0.837781,-0.358893,-0.411484,-0.358559,0.206725,-0.910330,0.411775,0.910198,0.044506,-0.629792,0.284797,-0.000116,0.722671,-0.011531,-0.002517,-0.011035,0.005188,0.012323,0.001003,0.411484,0.910330,-0.044506,0.000000,0.000000,0.000000,-1,0.417038,0.921585,-0.043823,-0.033042,0.009304,-0.025346,-8.262222,282.146118,-531.087463,0,0
1.080000,1.464237,-1.144510,1.049050,0.837896,-0.359011,-0.411147,-0.358477,0.206083,-0.910507,0.411613,0.910297,0.043978,-0.630047,0.284697,-0.000185,0.722488,-0.011522,-0.000388,-0.009977,0.007935,0.011169,-0.000028,0.411147,0.910508,-0.043978,0.000000,0.000000,0.000000,-1,0.416382,0.920807,-0.043335,-0.035166,0.009324,-0.023199,-7.207458,281.442932,-534.104065,0,0
1.120000,1.465221,-1.144935,1.050097,0.838018,-0.359117,-0.410806,-0.358357,0.205515,-0.910683,0.411468,0.910384,0.043533,-0.630272,0.284589,-0.000263,0.722334,-0.010482,0.000745,-0.010040,0.005439,0.009224,-0.001191,0.410806,0.910683,-0.043533,0.000000,0.000000,0.000000,-1,0.415588,0.922424,-0.045532,-0.030917,0.006146,-0.023220,-8.262222,281.442932,-532.093018,0,0
1.160000,1.465578,-1.145374,1.050597,0.838207,-0.359112,-0.410423,-0.358113,0.205137,-0.910864,0.411295,0.910471,0.043344,-0.630422,0.284423,-0.000346,0.722269,-0.008361,-0.001384,-0.011114,0.006447,0.011209,-0.000830,0.410423,0.910864,-0.043344,0.000000,0.000000,0.000000,-1,0.415924,0.921890,-0.043381,-0.030904,0.009333,-0.022167,-7.031677,281.970337,-532.595764,0,0
1.200000,1.466432,-1.145732,1.051369,0.838261,-0.359316,-0.410135,-0.357988,0.204698,-0.911012,0.411295,0.910489,0.042960,-0.630596,0.284375,-0.000460,0.722135,-0.008335,0.009188,-0.013284,0.007940,0.010191,-0.000024,0.410135,0.911012,-0.042960,0.000000,0.000000,0.000000,-1,0.419876,0.920502,-0.044922,-0.033007,0.019905,-0.024321,-7.734833,283.025085,-532.260620,0,0
1.240000,1.467203,-1.145944,1.051865,0.838197,-0.359645,-0.409977,-0.357922,0.204425,-0.911099,0.411482,0.910421,0.042624,-0.630704,0.284431,-0.000596,0.722019,-0.008325,0.011316,-0.012225,0.008007,0.009921,-0.000162,0.409977,0.911099,-0.042624,0.000000,0.000000,0.000000,-1,0.415604,0.921158,-0.040817,-0.029807,0.022023,-0.024354,-8.789597,281.618744,-532.260620,0,0
1.280000,1.468742,-1.146504,1.052619,0.838034,-0.360528,-0.409534,-0.357633,0.203902,-0.911330,0.412065,0.910189,0.041940,-0.630910,0.284573,-0.001003,0.721782,-0.006202,0.014551,-0.012287,0.007092,0.010530,-0.000265,0.409534,0.911330,-0.041940,0.000000,0.000000,0.000000,-1,0.417801,0.919449,-0.042770,-0.027678,0.020973,-0.023301,-9.141174,281.618744,-534.271667,0,0
1.320000,1.469135,-1.146654,1.052793,0.837988,-0.360771,-0.409414,-0.357549,0.203772,-0.911392,0.412231,0.910122,0.041765,-0.630962,0.284613,-0.001116,0.721721,-0.005144,0.011383,-0.011217,0.007120,0.012650,-0.001325,0.409414,0.911392,-0.041765,0.000000,0.000000,0.000000,-1,0.415527,0.925522,-0.043427,-0.029819,0.018835,-0.025407,-7.031677,283.025085,-532.595764,0,0
1.360000,1.470331,-1.147316,1.053554,0.838006,-0.361355,-0.408863,-0.357179,0.203201,-0.911664,0.412516,0.910018,0.041215,-0.631187,0.284596,-0.001447,0.721530,-0.009397,0.018739,-0.017604,0.004696,0.009524,0.000612,0.408863,0.911664,-0.041215,0.000000,0.000000,0.000000,-1,0.414276,0.926132,-0.040527,-0.031943,0.024092,-0.029672,-8.438004,281.970337,-532.260620,0,0
1.400000,1.471872,-1.148135,1.054478,0.837994,-0.362148,-0.408184,-0.356718,0.202503,-0.912000,0.412938,0.909858,0.040512,-0.631463,0.284604,-0.001882,0.721285,-0.011520,0.014572,-0.010115,0.004139,0.014315,-0.004181,0.408184,0.912000,-0.040512,0.000000,0.000000,0.000000,-1,0.419235,0.918060,-0.044418,-0.034053,0.025211,-0.023268,-6.680084,282.673492,-531.590271,0,0
1.440000,1.472633,-1.148249,1.054576,0.837756,-0.362782,-0.408111,-0.356648,0.202417,-0.912047,0.413483,0.909625,0.040191,-0.631496,0.284812,-0.002126,0.721173,-0.010424,0.025219,-0.009120,0.010361,0.005327,-0.005601,0.408111,0.912047,-0.040191,0.000000,0.000000,0.000000,-1,0.414520,0.923370,-0.048340,-0.032967,0.031576,-0.022234,-8.438004,281.970337,-532.595764,0,0
1.480000,1.473748,-1.148699,1.054831,0.837547,-0.363673,-0.407747,-0.356342,0.202123,-0.912232,0.414169,0.909334,0.039696,-0.631611,0.284992,-0.002542,0.721000,-0.010438,0.026208,-0.016581,0.006239,0.013031,0.000969,0.407747,0.912232,-0.039696,0.000000,0.000000,0.000000,-1,0.414322,0.926910,-0.036957,-0.035083,0.042098,-0.029715,-7.559052,281.442932,-532.428223,0,0
1.520000,1.476778,-1.149338,1.056514,0.837130,-0.365146,-0.407285,-0.356174,0.201236,-0.912493,0.415154,0.908940,0.038405,-0.631959,0.285351,-0.003113,0.720550,-0.016789,0.041019,-0.018717,0.010226,0.014844,0.002776,0.407285,0.912493,-0.038405,0.000000,0.000000,0.000000,-1,0.413651,0.924286,-0.037888,-0.041442,0.052682,-0.030770,-7.559052,281.794556,-532.093018,0,0
1.560000,1.479472,-1.149925,1.057887,0.836721,-0.366563,-0.406853,-0.355983,0.200484,-0.912733,0.416142,0.908536,0.037259,-0.632253,0.285703,-0.003673,0.720150,-0.017828,0.050542,-0.019809,0.005409,0.011904,-0.000247,0.406853,0.912733,-0.037259,0.000000,0.000000,0.000000,-1,0.408127,0.922821,-0.037567,-0.041420,0.060096,-0.030798,-7.559052,281.091370,-533.098511,0,0
1.600000,1.482414,-1.150808,1.059020,0.836224,-0.368463,-0.406158,-0.355507,0.199686,-0.913094,0.417546,0.907943,0.035991,-0.632564,0.286125,-0.004501,0.719705,-0.012520,0.042106,-0.017699,0.000718,0.012016,-0.000829,0.406158,0.913094,-0.035991,0.000000,0.000000,0.000000,-1,0.408142,0.928833,-0.033997,-0.036128,0.048454,-0.029730,-8.613800,281.442932,-533.098511,0,0
1.640000,1.487425,-1.152276,1.061603,0.835602,-0.371142,-0.404997,-0.354851,0.198113,-0.913691,0.419345,0.907196,0.033844,-0.633176,0.286648,-0.005665,0.718950,-0.024241,0.043129,-0.021874,0.008837,0.010945,0.004028,0.404997,0.913691,-0.033844,0.000000,0.000000,0.000000,-1,0.410507,0.924103,-0.025848,-0.042504,0.053741,-0.030766,-8.086426,281.970337,-531.590271,0,0
1.680000,1.490999,-1.153036,1.063805,0.835189,-0.372694,-0.404424,-0.354680,0.196994,-0.914000,0.420311,0.906804,0.032341,-0.633611,0.286995,-0.006269,0.718423,-0.022093,0.049495,-0.020850,0.003123,0.014772,0.005440,0.404424,0.914000,-0.032341,0.000000,0.000000,0.000000,-1,0.405914,0.927170,-0.027084,-0.043554,0.061126,-0.033982,-8.789597,281.267151,-532.930969,0,0
1.720000,1.494321,-1.153853,1.065584,0.834744,-0.374380,-0.403784,-0.354376,0.196002,-0.914331,0.421450,0.906324,0.030940,-0.633996,0.287366,-0.006966,0.717929,-0.016752,0.054799,-0.019847,0.003351,0.011496,0.001292,0.403784,0.914331,-0.030940,0.000000,0.000000,0.000000,-1,0.405609,0.927246,-0.029648,-0.033979,0.055857,-0.030840,-7.383255,279.509216,-532.930969,0,0
1.760000,1.498095,-1.155181,1.066908,0.834116,-0.376954,-0.402686,-0.353571,0.194946,-0.914868,0.423365,0.905484,0.029327,-0.634398,0.287881,-0.008149,0.717354,-0.007160,0.052707,-0.018847,-0.000678,0.012393,0.000854,0.402686,0.914868,-0.029327,0.000000,0.000000,0.000000,-1,0.405930,0.927933,-0.028458,-0.026519,0.059023,-0.031975,-7.559052,281.442932,-532.763367,0,0
1.800000,1.499990,-1.156123,1.066758,0.833588,-0.378977,-0.401881,-0.352787,0.194582,-0.915248,0.425057,0.904718,0.028503,-0.634528,0.288310,-0.009131,0.717055,0.004544,0.048487,-0.016792,0.001851,0.011311,-0.000946,0.401881,0.915248,-0.028503,0.000000,0.000000,0.000000,-1,0.403687,0.926193,-0.026657,-0.016936,0.055882,-0.027777,-8.613800,282.849304,-533.098511,0,0
1.840000,1.501453,-1.156851,1.066211,0.833012,-0.380897,-0.401258,-0.352098,0.194454,-0.915541,0.426753,0.903939,0.027869,-0.634565,0.288779,-0.010044,0.716822,0.005618,0.048527,-0.012541,0.002123,0.013323,-0.000589,0.401258,0.915541,-0.027869,0.000000,0.000000,0.000000,-1,0.405304,0.927704,-0.027847,-0.016915,0.059099,-0.023527,-6.680084,282.321899,-533.936523,0,0
1.880000,1.502521,-1.157295,1.065717,0.832523,-0.382360,-0.400882,-0.351645,0.194431,-0.915720,0.428078,0.903326,0.027413,-0.634563,0.289177,-0.010715,0.716653,0.007759,0.050664,-0.010436,0.004865,0.008719,0.002511,0.400882,0.915720,-0.027413,0.000000,0.000000,0.000000,-1,0.402374,0.926743,-0.028488,-0.014785,0.055961,-0.019271,-7.910629,281.091370,-533.433716,0,0
1.920000,1.503640,-1.157752,1.064441,0.831714,-0.384521,-0.400494,-0.351031,0.194676,-0.915903,0.430150,0.902355,0.026936,-0.634449,0.289839,-0.011686,0.716472,0.015237,0.042265,-0.002986,0.001315,0.011038,0.002232,0.400494,0.915903,-0.026936,0.000000,0.000000,0.000000,-1,0.399643,0.926636,-0.026321,-0.007347,0.047525,-0.015036,-8.965378,281.442932,-534.104065,0,0
1.960000,1.503968,-1.158009,1.063603,0.831340,-0.385563,-0.400268,-0.350662,0.194855,-0.916006,0.431173,0.901872,0.026789,-0.634369,0.290141,-0.012179,0.716412,0.012003,0.029557,-0.002915,0.002793,0.014917,0.003031,0.400268,0.916006,-0.026789,0.000000,0.000000,0.000000,-1,0.396881,0.933884,-0.025696,-0.009525,0.029540,-0.012821,-7.734833,280.915588,-531.925415,0,0
2.000000,1.504203,-1.158894,1.062491,0.831119,-0.386871,-0.399465,-0.349736,0.194851,-0.916361,0.432350,0.901312,0.026641,-0.634355,0.290298,-0.012960,0.716347,0.008749,0.010494,-0.002824,-0.001470,0.010885,0.000076,0.399465,0.916361,-0.026641,0.000000,0.000000,0.000000,-1,0.396271,0.930084,-0.025238,-0.013829,0.013664,-0.011663,-8.438004,281.618744,-532.595764,0,0
2.040000,1.504202,-1.159248,1.062303,0.831169,-0.387096,-0.399142,-0.349417,0.194759,-0.916503,0.432511,0.901236,0.026620,-0.634388,0.290245,-0.013150,0.716336,0.006606,0.002071,0.002548,-0.001620,0.015611,0.004525,0.399142,0.916503,-0.026620,0.000000,0.000000,0.000000,-1,0.399628,0.927887,-0.026123,-0.014894,0.013664,-0.011654,-8.086426,281.970337,-533.266113,0,0
2.080000,1.503804,-1.159416,1.061702,0.831168,-0.387268,-0.398977,-0.349165,0.194893,-0.916570,0.432716,0.901133,0.026769,-0.634332,0.290240,-0.013297,0.716385,0.010912,0.007323,-0.001732,0.003885,0.008647,-0.001399,0.398977,0.916570,-0.026769,0.000000,0.000000,0.000000,-1,0.401901,0.929535,-0.029160,-0.008509,0.011554,-0.010631,-7.559052,282.146118,-532.763367,0,0
2.120000,1.502229,-1.159360,1.059794,0.831091,-0.387424,-0.398987,-0.348838,0.195585,-0.916547,0.433128,0.900916,0.027401,-0.634056,0.290299,-0.013461,0.716602,0.014101,0.002066,0.002524,0.001587,0.013674,0.002819,0.398987,0.916547,-0.027401,0.000000,0.000000,0.000000,-1,0.400299,0.931549,-0.028549,-0.011707,0.010496,-0.010602,-7.207458,280.739777,-534.774414,0,0
2.160000,1.501537,-1.159528,1.059008,0.831144,-0.387488,-0.398814,-0.348550,0.195784,-0.916614,0.433258,0.900845,0.027666,-0.633975,0.290247,-0.013582,0.716693,0.004505,-0.002168,0.002612,0.002904,0.015042,-0.001112,0.398814,0.916614,-0.027666,0.000000,0.000000,0.000000,-1,0.400925,0.929642,-0.026657,-0.018108,0.005212,-0.009467,-8.262222,280.739777,-532.763367,0,0
2.200000,1.501386,-1.159543,1.058923,0.831204,-0.387380,-0.398795,-0.348521,0.195806,-0.916620,0.433167,0.900887,0.027745,-0.633966,0.290197,-0.013554,0.716721,0.001299,-0.004305,0.000513,0.004846,0.011877,0.000234,0.398795,0.916620,-0.027745,0.000000,0.000000,0.000000,-1,0.401810,0.928604,-0.030212,-0.023460,-0.003270,-0.010459,-7.559052,281.442932,-533.433716,0,0
2.240000,1.500926,-1.159517,1.059002,0.831403,-0.386939,-0.398807,-0.348557,0.195790,-0.916610,0.432755,0.901079,0.027910,-0.633976,0.290033,-0.013387,0.716782,-0.002930,-0.015962,0.003841,0.004254,0.012848,-0.000013,0.398807,0.916610,-0.027910,0.000000,0.000000,0.000000,-1,0.405243,0.926804,-0.030045,-0.027736,-0.009614,-0.009337,-8.438004,281.267151,-532.930969,0,0
2.280000,1.500413,-1.159351,1.059259,0.831667,-0.386231,-0.398944,-0.348740,0.195775,-0.916544,0.432101,0.901387,0.028125,-0.633989,0.289820,-0.013075,0.716862,-0.005073,-0.018110,0.000671,0.006436,0.011587,-0.001767,0.398944,0.916544,-0.028125,0.000000,0.000000,0.000000,-1,0.406967,0.926910,-0.030136,-0.026667,-0.007506,-0.010418,-7.383255,281.970337,-532.260620,0,0
2.320000,1.500017,-1.159175,1.059352,0.831812,-0.385762,-0.399094,-0.348899,0.195822,-0.916473,0.431692,0.901577,0.028295,-0.633975,0.289705,-0.012855,0.716926,-0.002927,-0.012815,0.000635,0.008407,0.010971,-0.001536,0.399094,0.916473,-0.028295,0.000000,0.000000,0.000000,-1,0.409164,0.927551,-0.029709,-0.026665,-0.007496,-0.009353,-8.613800,280.388184,-534.439270,0,0
2.360000,1.499266,-1.158601,1.059628,0.832043,-0.384743,-0.399597,-0.349412,0.195983,-0.916243,0.430832,0.901978,0.028632,-0.633922,0.289529,-0.012318,0.717053,-0.002918,-0.012786,0.003833,0.008072,0.009873,-0.000711,0.399597,0.916243,-0.028632,0.000000,0.000000,0.000000,-1,0.409271,0.927109,-0.030960,-0.025584,-0.003250,-0.008312,-8.789597,283.025085,-533.266113,0,0
2.400000,1.498928,-1.158266,1.059653,0.832081,-0.384352,-0.399894,-0.349684,0.196124,-0.916109,0.430538,0.902113,0.028789,-0.633871,0.289506,-0.012086,0.717111,-0.001770,-0.008580,0.003884,0.006921,0.008482,-0.002598,0.399893,0.916109,-0.028789,0.000000,0.000000,0.000000,-1,0.407288,0.927231,-0.030762,-0.025568,0.003095,-0.009401,-8.613800,282.497681,-533.098511,0,0
2.440000,1.498824,-1.157979,1.059771,0.832071,-0.384104,-0.400152,-0.349936,0.196211,-0.915994,0.430352,0.902200,0.028850,-0.633839,0.289522,-0.011911,0.717135,-0.001759,-0.003305,0.001734,0.007822,0.010199,-0.001988,0.400153,0.915994,-0.028850,0.000000,0.000000,0.000000,-1,0.407288,0.926682,-0.029083,-0.025563,0.007302,-0.012613,-7.734833,281.970337,-532.595764,0,0
2.480000,1.498638,-1.157789,1.059669,0.832045,-0.383983,-0.400322,-0.350069,0.196332,-0.915918,0.430293,0.902225,0.028937,-0.633793,0.289547,-0.011822,0.717167,-0.001757,-0.001206,-0.000403,0.010201,0.010474,-0.003442,0.400322,0.915918,-0.028937,0.000000,0.000000,0.000000,-1,0.410309,0.927658,-0.031601,-0.025560,0.008361,-0.012617,-9.668549,282.849304,-533.098511,0,0
2.520000,1.498528,-1.157571,1.059503,0.831953,-0.383980,-0.400517,-0.350210,0.196488,-0.915830,0.430358,0.902193,0.028995,-0.633733,0.289629,-0.011772,0.717188,-0.002795,0.007267,-0.000425,0.008327,0.010378,-0.003628,0.400517,0.915830,-0.028995,0.000000,0.000000,0.000000,-1,0.410339,0.925140,-0.029739,-0.020205,0.017902,-0.011629,-8.438004,281.267151,-532.930969,0,0
2.560000,1.498631,-1.157232,1.059185,0.831668,-0.384271,-0.400830,-0.350418,0.196752,-0.915694,0.430739,0.902011,0.028976,-0.633628,0.289874,-0.011801,0.717181,0.004756,0.011371,0.001729,0.006915,0.010148,-0.002167,0.400830,0.915694,-0.028976,0.000000,0.000000,0.000000,-1,0.406387,0.925034,-0.030182,-0.017001,0.021079,-0.011666,-8.613800,282.146118,-532.428223,0,0
2.600000,1.498414,-1.157060,1.058462,0.831423,-0.384643,-0.400981,-0.350413,0.197082,-0.915625,0.431215,0.901781,0.029075,-0.633496,0.290080,-0.011932,0.717213,0.003688,0.010312,0.001741,0.004583,0.010584,-0.001260,0.400981,0.915625,-0.029075,0.000000,0.000000,0.000000,-1,0.404205,0.931427,-0.029495,-0.021264,0.017922,-0.009490,-7.910629,282.146118,-532.763367,0,0
2.640000,1.498622,-1.157282,1.058398,0.831386,-0.384928,-0.400784,-0.350224,0.197005,-0.915714,0.431440,0.901676,0.028976,-0.633523,0.290105,-0.012098,0.717176,-0.003789,0.004988,-0.001378,0.000980,0.015240,-0.001907,0.400784,0.915714,-0.028976,0.000000,0.000000,0.000000,-1,0.403061,0.928085,-0.028778,-0.028741,0.013648,-0.013677,-8.438004,281.618744,-532.930969,0,0
2.680000,1.498969,-1.157481,1.058601,0.831384,-0.385110,-0.400612,-0.350105,0.196844,-0.915794,0.431540,0.901633,0.028824,-0.633584,0.290101,-0.012204,0.717122,-0.005917,0.007087,-0.003501,0.003258,0.007637,-0.003738,0.400612,0.915794,-0.028824,0.000000,0.000000,0.000000,-1,0.406189,0.926804,-0.030609,-0.026614,0.014687,-0.015828,-7.734833,281.618744,-533.266113,0,0
2.720000,1.499334,-1.157510,1.058859,0.831337,-0.385230,-0.400596,-0.350132,0.196741,-0.915806,0.431610,0.901604,0.028677,-0.633624,0.290141,-0.012237,0.717069,-0.001577,0.004846,0.002964,0.005761,0.011822,-0.001704,0.400596,0.915806,-0.028677,0.000000,0.000000,0.000000,-1,0.409592,0.920517,-0.031662,-0.022326,0.018981,-0.009486,-8.262222,281.442932,-533.433716,0,0
2.760000,1.499286,-1.157056,1.058375,0.831012,-0.385500,-0.401010,-0.350399,0.197114,-0.915623,0.432018,0.901408,0.028725,-0.633477,0.290421,-0.012237,0.717086,0.003775,0.013327,0.003958,0.008246,0.009853,-0.001777,0.401010,0.915623,-0.028725,0.000000,0.000000,0.000000,-1,0.402466,0.927948,-0.028412,-0.020190,0.020050,-0.008441,-8.613800,281.442932,-534.104065,0,0
2.800000,1.499461,-1.157104,1.058146,0.830865,-0.385858,-0.400971,-0.350316,0.197173,-0.915643,0.432368,0.901242,0.028652,-0.633451,0.290541,-0.012391,0.717058,0.003772,0.013318,0.002891,0.001175,0.014243,0.002910,0.400971,0.915643,-0.028652,0.000000,0.000000,0.000000,-1,0.401764,0.932709,-0.024643,-0.024446,0.022159,-0.009481,-8.438004,282.673492,-533.601318,0,0
2.840000,1.501721,-1.157576,1.059725,0.830662,-0.386675,-0.400603,-0.350249,0.196408,-0.915833,0.432811,0.901058,0.027716,-0.633746,0.290702,-0.012706,0.716726,-0.012217,0.012214,-0.002311,0.000932,0.018280,0.001807,0.400603,0.915833,-0.027716,0.000000,0.000000,0.000000,-1,0.403183,0.930283,-0.023453,-0.036176,0.022093,-0.016847,-8.438004,281.267151,-533.936523,0,0
2.880000,1.503278,-1.157781,1.061016,0.830559,-0.387047,-0.400458,-0.350339,0.195864,-0.915915,0.432937,0.901017,0.027079,-0.633959,0.290786,-0.012808,0.716502,-0.013240,0.007908,-0.003258,0.003213,0.006601,0.002650,0.400458,0.915915,-0.027079,0.000000,0.000000,0.000000,-1,0.404495,0.931564,-0.028397,-0.037265,0.011532,-0.013603,-8.438004,281.970337,-533.266113,0,0
2.920000,1.504211,-1.158001,1.062084,0.830646,-0.387043,-0.400282,-0.350372,0.195392,-0.916003,0.432744,0.901121,0.026692,-0.634145,0.290712,-0.012797,0.716367,-0.015411,-0.005861,-0.003190,0.004213,0.015561,-0.001704,0.400282,0.916003,-0.026692,0.000000,0.000000,0.000000,-1,0.410934,0.927231,-0.026337,-0.040489,0.000951,-0.012473,-8.262222,281.091370,-533.433716,0,0
2.960000,1.506074,-1.157573,1.064399,0.830586,-0.386716,-0.400722,-0.351166,0.194770,-0.915831,0.432215,0.901397,0.025972,-0.634398,0.290780,-0.012410,0.716123,-0.010066,-0.000546,-0.001118,0.012470,0.005738,0.001436,0.400722,0.915831,-0.025972,0.000000,0.000000,0.000000,-1,0.406494,0.925934,-0.024536,-0.033009,0.010472,-0.013632,-8.613800,280.388184,-533.433716,0,0
3.000000,1.506888,-1.157546,1.065215,0.830540,-0.386766,-0.400769,-0.351347,0.194496,-0.915820,0.432156,0.901434,0.025647,-0.634507,0.290822,-0.012367,0.716010,-0.009002,0.000503,-0.002195,0.005908,0.011685,0.000669,0.400769,0.915820,-0.025647,0.000000,0.000000,0.000000,-1,0.409302,0.923172,-0.023590,-0.031945,0.010471,-0.013641,-8.789597,281.267151,-531.925415,0,0
3.040000,1.507632,-1.157292,1.066012,0.830438,-0.386725,-0.401020,-0.351705,0.194328,-0.915718,0.432061,0.901488,0.025364,-0.634576,0.290915,-0.012229,0.715914,-0.005754,-0.001800,0.000016,0.006527,0.010307,-0.001553,0.401020,0.915718,-0.025364,0.000000,0.000000,0.000000,-1,0.412262,0.924438,-0.024017,-0.027692,0.008352,-0.013666,-7.734833,281.618744,-532.930969,0,0
3.080000,1.508513,-1.157062,1.066898,0.830319,-0.386740,-0.401251,-0.352061,0.194118,-0.915626,0.431999,0.901527,0.025024,-0.634661,0.291022,-0.012112,0.715797,-0.005742,0.002437,0.000001,0.006280,0.010750,0.004104,0.401251,0.915626,-0.025024,0.000000,0.000000,0.000000,-1,0.406113,0.929367,-0.022812,-0.030861,0.015777,-0.012604,-9.141174,280.563995,-531.590271,0,0
3.120000,1.509426,-1.157078,1.067545,0.830180,-0.387029,-0.401260,-0.352174,0.193883,-0.915632,0.432174,0.901453,0.024656,-0.634752,0.291139,-0.012176,0.715667,-0.004654,0.012999,-0.003243,0.006424,0.012636,0.001539,0.401260,0.915632,-0.024656,0.000000,0.000000,0.000000,-1,0.406998,0.926651,-0.023773,-0.024465,0.021041,-0.015869,-8.086426,281.618744,-533.601318,0,0
3.160000,1.510102,-1.157093,1.067783,0.829986,-0.387443,-0.401263,-0.352208,0.193793,-0.915638,0.432519,0.901295,0.024384,-0.634785,0.291300,-0.012310,0.715570,0.000652,0.006653,-0.002194,0.009382,0.013546,0.001924,0.401263,0.915638,-0.024384,0.000000,0.000000,0.000000,-1,0.408676,0.923965,-0.020859,-0.024484,0.014686,-0.015845,-8.789597,279.509216,-531.590271,0,0
3.200000,1.511951,-1.156956,1.069145,0.829665,-0.387953,-0.401432,-0.352582,0.193373,-0.915583,0.432830,0.901165,0.023650,-0.634949,0.291573,-0.012362,0.715313,-0.002488,0.009612,-0.004217,0.007869,0.016118,0.004469,0.401432,0.915583,-0.023650,0.000000,0.000000,0.000000,-1,0.411728,0.931534,-0.018921,-0.025545,0.017844,-0.017979,-7.910629,281.442932,-533.768921,0,0
3.240000,1.513292,-1.156807,1.070319,0.829488,-0.388159,-0.401599,-0.352928,0.193024,-0.915523,0.432887,0.901152,0.023119,-0.635088,0.291726,-0.012316,0.715128,-0.006792,-0.002066,-0.007334,0.018734,0.015644,0.010134,0.401599,0.915524,-0.023119,0.000000,0.000000,0.000000,-1,0.408981,0.916748,-0.007248,-0.029841,0.006185,-0.018968,-8.438004,280.915588,-532.595764,0,0
3.280000,1.515899,-1.156825,1.072868,0.829356,-0.388397,-0.401643,-0.353405,0.192117,-0.915530,0.432752,0.901243,0.022071,-0.635446,0.291843,-0.012239,0.714763,-0.000395,0.000083,-0.004195,-0.002793,0.005078,0.014106,0.401643,0.915530,-0.022071,0.000000,0.000000,0.000000,-1,0.402969,0.926590,-0.013077,-0.024537,-0.001221,-0.017916,-8.965378,282.146118,-533.433716,0,0
3.320000,1.516703,-1.157453,1.074353,0.829806,-0.388010,-0.401086,-0.353184,0.191317,-0.915783,0.432068,0.901579,0.021717,-0.635762,0.291459,-0.012183,0.714640,0.009065,-0.032820,-0.011604,0.011512,0.023578,0.008366,0.401086,0.915783,-0.021717,0.000000,0.000000,0.000000,-1,0.408279,0.916992,-0.013428,-0.015044,-0.024593,-0.025359,-7.559052,281.794556,-531.087463,0,0
3.360000,1.515755,-1.157537,1.074386,0.830258,-0.387144,-0.400988,-0.353123,0.191269,-0.915817,0.431250,0.901962,0.022093,-0.635786,0.291083,-0.011899,0.714776,0.011223,-0.041472,-0.009367,0.004606,-0.003448,0.004134,0.400988,0.915817,-0.022093,0.000000,0.000000,0.000000,-1,0.405396,0.929367,-0.017807,-0.016136,-0.037263,-0.021042,-8.965378,282.146118,-533.098511,0,0
3.400000,1.514305,-1.157763,1.074200,0.830890,-0.386034,-0.400750,-0.352906,0.191236,-0.915907,0.430209,0.902445,0.022663,-0.635805,0.290553,-0.011583,0.714981,0.004832,-0.044617,-0.006110,0.004646,0.013460,0.004856,0.400750,0.915907,-0.022663,0.000000,0.000000,0.000000,-1,0.419724,0.921646,-0.017334,-0.013974,-0.020386,-0.028579,-8.438004,281.618744,-532.930969,0,0
3.440000,1.512154,-1.157558,1.073132,0.831331,-0.384940,-0.400887,-0.352866,0.191703,-0.915825,0.429389,0.902813,0.023536,-0.635628,0.290188,-0.011210,0.715292,0.017659,-0.008815,-0.028708,0.013557,0.004692,0.000358,0.400887,0.915825,-0.023536,0.000000,0.000000,0.000000,-1,0.412964,0.920959,-0.017929,-0.008624,0.005894,-0.050025,-7.559052,281.091370,-533.433716,0,0
3.480000,1.511807,-1.158033,1.072415,0.831371,-0.385315,-0.400444,-0.352346,0.191748,-0.916016,0.429739,0.902644,0.023649,-0.635605,0.290141,-0.011522,0.715326,0.021997,0.020811,-0.032046,0.014152,0.003051,0.006544,0.400444,0.916016,-0.023649,0.000000,0.000000,0.000000,-1,0.414124,0.923096,-0.017426,0.000047,0.050445,-0.042802,-9.844345,281.970337,-532.595764,0,0
3.520000,1.511983,-1.158460,1.071259,0.830999,-0.386516,-0.400058,-0.351781,0.191967,-0.916187,0.430919,0.902083,0.023556,-0.635507,0.290436,-0.012140,0.715283,0.025321,0.046079,-0.028892,0.010373,0.005642,0.003689,0.400058,0.916187,-0.023556,0.000000,0.000000,0.000000,-1,0.389114,0.926544,-0.025085,0.013911,0.052618,-0.036526,-9.492752,282.673492,-533.266113,0,0
3.560000,1.507052,-1.161037,1.064272,0.831322,-0.388373,-0.397580,-0.348366,0.193275,-0.917217,0.433064,0.901006,0.025378,-0.634955,0.290075,-0.013971,0.715887,0.045390,-0.021554,-0.011757,-0.021695,0.018025,-0.008619,0.397580,0.917217,-0.025378,0.000000,0.000000,0.000000,-1,0.369202,0.938354,-0.035187,0.015787,-0.048862,-0.014854,-8.262222,280.388184,-533.098511,0,0
3.600000,1.502936,-1.162250,1.061427,0.832420,-0.387264,-0.396362,-0.346843,0.193722,-0.917699,0.432176,0.901387,0.026939,-0.634775,0.289121,-0.014105,0.716429,0.026060,-0.092335,0.007827,-0.035598,0.028758,-0.013314,0.396362,0.917699,-0.026939,0.000000,0.000000,0.000000,-1,0.372879,0.954117,-0.040680,-0.015255,-0.111255,-0.004791,-9.141174,280.563995,-531.590271,0,0
3.640000,1.495774,-1.162694,1.061370,0.835626,-0.380932,-0.395752,-0.346476,0.193543,-0.917875,0.426243,0.904120,0.029746,-0.634889,0.286431,-0.012006,0.717446,-0.022143,-0.163571,-0.022428,0.012588,0.002352,-0.019173,0.395752,0.917876,-0.029746,0.000000,0.000000,0.000000,-1,0.421814,0.915955,-0.033691,-0.044227,-0.153968,-0.042758,-9.316971,281.442932,-533.433716,0,0
3.680000,1.491260,-1.163485,1.063474,0.838606,-0.375236,-0.394889,-0.346247,0.192461,-0.918189,0.420538,0.906729,0.031475,-0.635348,0.283893,-0.010092,0.718078,-0.025304,-0.151140,-0.033027,0.034844,0.000191,0.002513,0.394889,0.918189,-0.031475,0.000000,0.000000,0.000000,-1,0.432068,0.919495,-0.017456,-0.049499,-0.131784,-0.049192,-9.844345,280.915588,-531.590271,0,0
3.720000,1.488451,-1.164517,1.065472,0.840883,-0.371206,-0.393855,-0.345802,0.191310,-0.918598,0.416337,0.908629,0.032506,-0.635820,0.281923,-0.008840,0.718453,-0.000649,-0.086636,-0.044109,0.038945,-0.000324,0.013707,0.393855,0.918598,-0.032506,0.000000,0.000000,0.000000,-1,0.432709,0.913406,-0.019623,-0.012032,-0.059831,-0.056144,-9.492752,281.970337,-532.930969,0,0
3.760000,1.484841,-1.165217,1.063603,0.841932,-0.369631,-0.393095,-0.344882,0.191644,-0.918874,0.414978,0.909201,0.033872,-0.635692,0.280998,-0.008606,0.718931,0.049618,-0.028208,-0.024473,0.033755,-0.005132,0.014585,0.393095,0.918874,-0.033872,0.000000,0.000000,0.000000,-1,0.398483,0.902863,-0.011627,0.064863,-0.005568,-0.028181,-9.668549,281.442932,-532.093018,0,0
3.800000,1.476958,-1.165279,1.055756,0.842328,-0.369086,-0.392758,-0.343317,0.194316,-0.918899,0.415471,0.908855,0.036964,-0.634635,0.280635,-0.008947,0.720001,0.106075,-0.034398,-0.005711,-0.006177,-0.002532,0.025032,0.392758,0.918899,-0.036964,0.000000,0.000000,0.000000,-1,0.383041,0.934937,-0.005829,0.086081,-0.041466,-0.015427,-10.195923,281.618744,-532.930969,0,0
3.840000,1.468129,-1.166011,1.048004,0.843388,-0.367737,-0.391748,-0.341218,0.196636,-0.919187,0.415051,0.908902,0.040362,-0.633717,0.279681,-0.009193,0.721177,0.134785,-0.063140,-0.003635,-0.015649,0.013232,0.040728,0.391748,0.919187,-0.040362,0.000000,0.000000,0.000000,-1,0.369766,0.935349,0.009811,0.121183,-0.052076,-0.016724,-9.668549,280.739777,-533.433716,0,0
3.880000,1.458192,-1.166355,1.038822,0.844258,-0.366521,-0.391013,-0.339126,0.199600,-0.919322,0.414997,0.908747,0.044217,-0.632543,0.278893,-0.009479,0.722509,0.162452,-0.068421,-0.001703,-0.024695,0.019810,0.050732,0.391013,0.919322,-0.044217,0.000000,0.000000,0.000000,-1,0.356506,0.933746,-0.007462,0.149875,-0.073236,-0.013672,-8.789597,282.321899,-533.936523,0,0
3.920000,1.440885,-1.166431,1.023316,0.845798,-0.363913,-0.390120,-0.335931,0.204798,-0.919352,0.414460,0.908639,0.050968,-0.630482,0.277503,-0.009651,0.724839,0.174066,-0.095999,-0.005955,-0.031554,0.011983,0.041767,0.390120,0.919352,-0.050968,0.000000,0.000000,0.000000,-1,0.360565,0.919876,-0.016815,0.155029,-0.118899,-0.026324,-9.668549,280.739777,-534.439270,0,0
3.960000,1.415882,-1.167946,1.003038,0.849299,-0.358683,-0.387347,-0.330534,0.210818,-0.919947,0.411630,0.909341,0.060490,-0.628090,0.274331,-0.009665,0.728115,0.184465,-0.156585,-0.029255,-0.045123,-0.000437,0.030644,0.387348,0.919947,-0.060490,0.000000,0.000000,0.000000,-1,0.358994,0.948288,-0.030655,0.157005,-0.149841,-0.050726,-8.789597,281.267151,-533.266113,0,0
4.000000,1.402875,-1.170910,0.993601,0.852226,-0.355499,-0.383838,-0.326243,0.212439,-0.921105,0.408994,0.910214,0.065067,-0.627439,0.271637,-0.010023,0.729680,0.152439,-0.175004,-0.058714,-0.008990,0.034400,0.031818,0.383838,0.921105,-0.065067,0.000000,0.000000,0.000000,-1,0.392029,0.959076,-0.020813,0.104673,-0.165080,-0.096072,-10.723297,279.333435,-533.768921,0,0
4.040000,1.387396,-1.177043,0.985814,0.857713,-0.349329,-0.377223,-0.319863,0.211850,-0.923475,0.402511,0.912737,0.069969,-0.627673,0.266537,-0.010072,0.731357,0.100142,-0.163811,-0.110558,-0.010966,0.003252,0.044029,0.377223,0.923476,-0.069969,0.000000,0.000000,0.000000,-1,0.331482,0.909973,-0.051422,0.070565,-0.159973,-0.117133,-11.426468,281.442932,-534.104065,0,0
4.080000,1.376397,-1.179631,0.979992,0.860905,-0.344822,-0.374085,-0.316639,0.212377,-0.924465,0.398223,0.914327,0.073652,-0.627470,0.263543,-0.009617,0.732621,0.045758,-0.241591,-0.046994,-0.058426,-0.014645,0.002027,0.374085,0.924465,-0.073652,0.000000,0.000000,0.000000,-1,0.311493,0.938904,-0.103928,-0.001996,-0.290411,-0.021268,-11.074890,280.739777,-533.433716,0,0
4.120000,1.358196,-1.179385,0.976261,0.866705,-0.331309,-0.372904,-0.316032,0.213683,-0.924372,0.385936,0.919007,0.080496,-0.627002,0.258110,-0.005196,0.734997,0.059316,-0.434314,0.072933,-0.063303,0.022390,-0.045786,0.372904,0.924372,-0.080496,0.000000,0.000000,0.000000,-1,0.374847,0.984589,-0.135132,0.155488,-0.401822,0.074873,-9.316971,281.794556,-534.439270,0,0
4.160000,1.323943,-1.175259,0.956679,0.872124,-0.315920,-0.373624,-0.314902,0.222027,-0.922790,0.374482,0.922442,0.094151,-0.623688,0.252860,-0.000344,0.739645,0.282178,-0.304333,0.045146,0.025317,0.074922,-0.033855,0.373624,0.922790,-0.094151,0.000000,0.000000,0.000000,-1,0.428162,0.949844,-0.031464,0.308232,-0.180121,-0.000650,-10.723297,280.739777,-534.774414,0,0
4.200000,1.291537,-1.171918,0.922058,0.872384,-0.315537,-0.373339,-0.309483,0.234655,-0.921497,0.378372,0.919442,0.107056,-0.618602,0.252594,-0.002034,0.743992,0.372903,0.198949,-0.049059,0.053816,0.006985,0.061829,0.373339,0.921497,-0.107056,0.000000,0.000000,0.000000,-1,0.416519,0.942245,-0.060989,0.310553,0.290585,-0.068482,-9.844345,281.267151,-534.606812,0,0
4.240000,1.279098,-1.171034,0.893787,0.867821,-0.328540,-0.372758,-0.303361,0.243820,-0.921154,0.393521,0.912477,0.111926,-0.614832,0.256940,-0.008443,0.745581,0.248730,0.371198,-0.094548,-0.063050,0.027699,-0.018339,0.372758,0.921154,-0.111926,0.000000,0.000000,0.000000,-1,0.267990,0.953125,-0.178650,0.206148,0.325991,-0.135986,-10.899094,280.212402,-535.277222,0,0
4.280000,1.259678,-1.175335,0.857155,0.864529,-0.343644,-0.366740,-0.291231,0.252171,-0.922819,0.409602,0.904610,0.117929,-0.611234,0.259669,-0.017531,0.747434,0.216361,0.255443,-0.127965,-0.088770,0.032397,-0.017263,0.366740,0.922819,-0.117929,0.000000,0.000000,0.000000,-1,0.286453,0.939713,-0.120728,0.204920,0.260453,-0.121881,-9.668549,280.388184,-536.450317,0,0
