0.000000,-0.899063,-1.411255,-0.766037,0.984273,0.125470,0.124351,0.110139,0.114488,-0.987300,-0.138113,0.985469,0.098869,-0.665379,-0.088524,0.005171,0.741220,-0.006129,-0.001457,0.004239,-0.001046,0.011799,0.000587,-0.124351,0.987300,-0.098869,0.000000,0.000000,0.000000,-1,-0.123489,0.997025,-0.096817,-0.006430,-0.104949,0.007991,132.806152,281.138245,-751.844727,0,0
0.040000,-0.900095,-1.411612,-0.766890,0.984269,0.125679,0.124177,0.109992,0.114141,-0.987357,-0.138264,0.985483,0.098522,-0.665508,-0.088531,0.005292,0.741102,-0.005072,-0.008878,0.005326,0.001130,0.008645,0.002346,-0.124177,0.987357,-0.098522,0.000000,0.000000,0.000000,-1,-0.126404,0.996399,-0.100586,-0.008550,-0.107066,0.010151,132.105331,282.185974,-752.178711,0,0
0.080000,-0.900776,-1.411902,-0.767353,0.984258,0.125921,0.124020,0.109846,0.113884,-0.987403,-0.138459,0.985482,0.098259,-0.665604,-0.088554,0.005423,0.741013,-0.006136,-0.004640,0.004256,-0.002384,0.008996,-0.002327,-0.124020,0.987403,-0.098259,0.000000,0.000000,0.000000,-1,-0.125595,0.996658,-0.104385,-0.005372,-0.096472,0.004749,133.682190,282.360596,-752.679688,0,0
0.120000,-0.900316,-1.411762,-0.766945,0.984258,0.125857,0.124083,0.109896,0.114028,-0.987381,-0.138418,0.985473,0.098402,-0.665550,-0.088556,0.005385,0.741061,-0.000847,-0.000379,-0.000067,-0.002382,0.007721,-0.003084,-0.124083,0.987381,-0.098402,0.000000,0.000000,0.000000,-1,-0.126526,1.001556,-0.097794,-0.004307,-0.109190,0.007986,133.156570,282.185974,-752.846741,0,0
0.160000,-0.901291,-1.412032,-0.767885,0.984265,0.125916,0.123969,0.109817,0.113733,-0.987423,-0.138432,0.985500,0.098115,-0.665661,-0.088533,0.005432,0.740964,-0.006152,0.005984,0.002090,-0.000116,0.009403,-0.000685,-0.123969,0.987423,-0.098115,0.000000,0.000000,0.000000,-1,-0.126633,0.994125,-0.099594,-0.005372,-0.100711,0.005832,133.156570,283.233704,-752.846741,0,0
0.200000,-0.901523,-1.412087,-0.768048,0.984258,0.125989,0.123950,0.109799,0.113676,-0.987432,-0.138496,0.985497,0.098053,-0.665682,-0.088551,0.005463,0.740943,-0.000847,-0.004620,0.001016,-0.000913,0.009943,0.000809,-0.123950,0.987432,-0.098053,0.000000,0.000000,0.000000,-1,-0.120895,1.001266,-0.094711,-0.005370,-0.093292,0.004735,132.806152,281.836731,-752.178711,0,0
0.240000,-0.902328,-1.412434,-0.769050,0.984302,0.125828,0.123759,0.109674,0.113320,-0.987487,-0.138278,0.985559,0.097741,-0.665816,-0.088426,0.005451,0.740838,-0.009385,0.007076,0.002148,0.001308,0.011292,-0.000190,-0.123759,0.987487,-0.097741,0.000000,0.000000,0.000000,-1,-0.131805,0.999298,-0.102051,-0.010682,-0.098589,0.006945,134.207809,283.582947,-753.848755,0,0
0.280000,-0.902740,-1.412174,-0.769648,0.984298,0.125622,0.124001,0.109920,0.113438,-0.987446,-0.138112,0.985571,0.097849,-0.665772,-0.088447,0.005299,0.740875,-0.000878,0.000714,0.002076,-0.002311,0.009472,0.000772,-0.124001,0.987446,-0.097849,0.000000,0.000000,0.000000,-1,-0.120712,1.000031,-0.100693,-0.002171,-0.101767,0.008993,133.506989,282.535217,-752.846741,0,0
0.320000,-0.902049,-1.412390,-0.768911,0.984320,0.125685,0.123766,0.109688,0.113366,-0.987480,-0.138143,0.985572,0.097802,-0.665799,-0.088380,0.005398,0.740859,-0.005125,-0.003524,0.004272,-0.001661,0.011238,-0.000709,-0.123766,0.987480,-0.097802,0.000000,0.000000,0.000000,-1,-0.129486,0.996582,-0.100510,-0.003247,-0.102832,0.005818,131.930130,283.059082,-753.681763,0,0
0.360000,-0.903015,-1.412215,-0.769744,0.984276,0.125802,0.123996,0.109903,0.113399,-0.987452,-0.138284,0.985553,0.097790,-0.665787,-0.088506,0.005365,0.740855,0.001232,-0.002474,-0.002190,0.000660,0.009099,-0.002766,-0.123996,0.987452,-0.097790,0.000000,0.000000,0.000000,-1,-0.119202,1.000320,-0.096451,-0.002177,-0.104949,0.007944,134.032608,283.408325,-752.345703,0,0
0.400000,-0.901547,-1.412449,-0.768064,0.984288,0.126030,0.123672,0.109552,0.113417,-0.987489,-0.138479,0.985522,0.097828,-0.665778,-0.088461,0.005560,0.740867,-0.000924,0.000762,0.004236,-0.001313,0.012526,-0.001995,-0.123672,0.987489,-0.097828,0.000000,0.000000,0.000000,-1,-0.127762,0.998886,-0.095993,-0.005362,-0.098588,0.007950,131.930130,281.662109,-752.679688,0,0
0.440000,-0.902442,-1.412514,-0.768874,0.984271,0.126121,0.123709,0.109599,0.113282,-0.987499,-0.138558,0.985526,0.097678,-0.665829,-0.088506,0.005576,0.740816,-0.003061,-0.008782,0.003237,-0.004038,0.009647,-0.004098,-0.123709,0.987499,-0.097678,0.000000,0.000000,0.000000,-1,-0.125656,0.996323,-0.100266,-0.002175,-0.112367,0.010105,133.156570,281.138245,-752.512695,0,0
0.480000,-0.902453,-1.412586,-0.768367,0.984212,0.126637,0.123654,0.109492,0.113287,-0.987511,-0.139064,0.985459,0.097632,-0.665825,-0.088660,0.005786,0.740799,0.002255,-0.008783,0.003177,-0.002017,0.011070,-0.001748,-0.123654,0.987511,-0.097633,0.000000,0.000000,0.000000,-1,-0.121201,0.999832,-0.097321,0.001002,-0.101773,0.004703,132.981369,281.662109,-752.345703,0,0
0.520000,-0.900313,-1.412966,-0.766150,0.984261,0.126744,0.123151,0.108980,0.113259,-0.987571,-0.139116,0.985448,0.097663,-0.665834,-0.088507,0.005995,0.740808,-0.003049,-0.003479,0.005347,0.003964,0.009347,-0.001671,-0.123151,0.987571,-0.097663,0.000000,0.000000,0.000000,-1,-0.120956,1.000366,-0.095047,-0.006421,-0.109185,0.011201,133.156570,281.487488,-753.514709,0,0
0.560000,-0.900664,-1.413443,-0.766235,0.984264,0.127048,0.122816,0.108663,0.112910,-0.987646,-0.139346,0.985449,0.097328,-0.665963,-0.088485,0.006205,0.740693,-0.003109,0.000818,0.004300,-0.002566,0.011531,0.001945,-0.122816,0.987645,-0.097328,0.000000,0.000000,0.000000,-1,-0.124481,0.996719,-0.097366,-0.001108,-0.101767,0.008981,134.207809,282.884460,-752.846741,0,0
0.600000,-0.900360,-1.413620,-0.765856,0.984273,0.127137,0.122649,0.108499,0.112825,-0.987673,-0.139407,0.985448,0.097256,-0.665994,-0.088453,0.006291,0.740668,-0.003110,-0.004483,0.005388,-0.001497,0.010740,-0.003833,-0.122649,0.987673,-0.097256,0.000000,0.000000,0.000000,-1,-0.122330,0.998703,-0.095673,-0.005362,-0.103887,0.009038,132.806152,280.789001,-752.178711,0,0
0.640000,-0.900708,-1.413997,-0.766032,0.984279,0.127340,0.122391,0.108261,0.112538,-0.987732,-0.139551,0.985454,0.096983,-0.666100,-0.088426,0.006441,0.740574,-0.005239,-0.006604,0.005423,0.000657,0.013458,-0.000796,-0.122391,0.987732,-0.096983,0.000000,0.000000,0.000000,-1,-0.123871,0.995972,-0.095016,-0.004294,-0.108125,0.011172,133.682190,282.360596,-752.345703,0,0
0.680000,-0.901331,-1.414233,-0.766121,0.984223,0.127887,0.122269,0.108110,0.112360,-0.987769,-0.140061,0.985403,0.096762,-0.666165,-0.088566,0.006677,0.740497,-0.006308,-0.020386,0.006559,-0.004806,0.009530,-0.004129,-0.122269,0.987769,-0.096762,0.000000,0.000000,0.000000,-1,-0.130829,0.997269,-0.103806,-0.009624,-0.121909,0.010230,132.455750,284.281403,-752.512695,0,0
0.720000,-0.902343,-1.414060,-0.766461,0.984110,0.128534,0.122501,0.108266,0.112447,-0.987742,-0.140733,0.985309,0.096744,-0.666131,-0.088872,0.006843,0.740490,-0.006373,-0.024572,0.001284,-0.011197,0.014135,-0.007458,-0.122501,0.987742,-0.096744,0.000000,0.000000,0.000000,-1,-0.128815,0.995270,-0.093338,0.003094,-0.106027,-0.003810,133.156570,281.138245,-752.846741,0,0
0.760000,-0.906204,-1.413598,-0.770382,0.984031,0.128439,0.123233,0.109024,0.112348,-0.987670,-0.140701,0.985333,0.096551,-0.666170,-0.089115,0.006555,0.740427,-0.006420,0.013565,-0.018038,0.006350,0.014314,0.005395,-0.123233,0.987670,-0.096551,0.000000,0.000000,0.000000,-1,-0.110535,1.003220,-0.094620,-0.015001,-0.085897,-0.013275,135.083832,283.059082,-752.679688,0,0
0.800000,-0.907759,-1.414034,-0.772239,0.984088,0.128183,0.123043,0.108932,0.111837,-0.987738,-0.140372,0.985425,0.096095,-0.666362,-0.088959,0.006501,0.740274,-0.005355,-0.002332,-0.013714,0.012509,0.015482,0.001475,-0.123043,0.987738,-0.096095,0.000000,0.000000,0.000000,-1,-0.102936,1.000595,-0.095123,-0.005402,-0.114502,0.000576,133.506989,281.836731,-752.512695,0,0
0.840000,-0.904555,-1.415775,-0.768152,0.984161,0.129201,0.121382,0.107279,0.111045,-0.988008,-0.141130,0.985381,0.095425,-0.666650,-0.088682,0.007406,0.740039,-0.015910,-0.029856,0.013144,0.015242,0.009245,0.004513,-0.121382,0.988008,-0.095425,0.000000,0.000000,0.000000,-1,-0.117737,1.004868,-0.084045,-0.019154,-0.118714,0.019894,131.754929,282.535217,-752.512695,0,0
0.880000,-0.908330,-1.417535,-0.772529,0.984343,0.128766,0.120371,0.106550,0.109329,-0.988278,-0.140416,0.985630,0.093897,-0.667292,-0.088161,0.007510,0.739522,-0.023367,0.055014,0.004362,0.000132,0.019443,0.008402,-0.120371,0.988278,-0.093897,0.000000,0.000000,0.000000,-1,-0.112198,0.999680,-0.083908,-0.022336,-0.034980,0.004659,132.806152,281.836731,-752.512695,0,0
0.920000,-0.910927,-1.418538,-0.778076,0.984773,0.125950,0.119831,0.106459,0.108029,-0.988431,-0.137438,0.986137,0.092976,-0.667789,-0.087007,0.006592,0.739219,-0.012757,0.089983,-0.006545,0.009326,0.011309,0.007527,-0.119831,0.988431,-0.092976,0.000000,0.000000,0.000000,-1,-0.115768,1.009628,-0.092010,-0.009541,0.041346,-0.001145,134.383011,281.312866,-752.679688,0,0
0.960000,-0.906909,-1.418937,-0.779843,0.985564,0.120280,0.119146,0.106373,0.107561,-0.988491,-0.131711,0.986896,0.093214,-0.667980,-0.084828,0.004703,0.739314,0.013844,0.179024,-0.017870,0.007787,0.014682,0.005491,-0.119146,0.988491,-0.093214,0.000000,0.000000,0.000000,-1,-0.079300,1.002029,-0.113266,-0.011715,0.057225,-0.017149,131.754929,282.535217,-752.178711,0,0
1.000000,-0.891985,-1.419871,-0.771250,0.986553,0.114099,0.117023,0.104801,0.107809,-0.988632,-0.125418,0.987602,0.094402,-0.667896,-0.081936,0.003142,0.739724,-0.013805,0.133444,-0.013075,0.037875,0.001770,-0.023274,-0.117023,0.988632,-0.094402,0.000000,0.000000,0.000000,-1,-0.089096,0.989014,-0.098495,0.017001,0.041332,-0.011011,131.930130,282.709839,-753.681763,0,0
1.040000,-0.877004,-1.419523,-0.760330,0.987151,0.110047,0.115860,0.103854,0.109196,-0.988580,-0.121442,0.987910,0.096364,-0.667381,-0.080127,0.002091,0.740390,0.041354,0.112196,-0.044415,0.026763,0.000434,-0.002131,-0.115860,0.988580,-0.096364,0.000000,0.000000,0.000000,-1,-0.098053,1.026505,-0.076096,-0.007722,-0.075364,-0.059143,132.280548,281.662109,-752.345703,0,0
1.080000,-0.890637,-1.419349,-0.775243,0.987121,0.108781,0.117296,0.105592,0.107758,-0.988554,-0.120176,0.988208,0.094884,-0.667922,-0.080239,0.001078,0.739892,-0.009977,0.006165,-0.091206,0.023333,0.039782,0.013112,-0.117296,0.988554,-0.094884,0.000000,0.000000,0.000000,-1,-0.053375,1.002625,-0.083649,-0.004686,-0.076485,-0.099593,132.630951,282.360596,-751.677734,0,0
1.120000,-0.900101,-1.418840,-0.786274,0.987140,0.107204,0.118583,0.107130,0.106943,-0.988477,-0.118650,0.988469,0.094083,-0.668228,-0.080187,0.000025,0.739622,-0.024832,0.026319,-0.085783,0.076240,0.008792,0.013394,-0.118583,0.988477,-0.094083,0.000000,0.000000,0.000000,-1,-0.061813,1.020554,-0.071091,-0.046027,-0.107173,-0.060705,132.280548,282.011353,-751.343689,0,0
1.160000,-0.915322,-1.419683,-0.800555,0.986937,0.108225,0.119341,0.108048,0.104821,-0.988604,-0.119501,0.988585,0.091759,-0.669021,-0.080817,0.000060,0.738836,-0.082176,-0.081761,-0.044229,0.057528,0.031949,0.020668,-0.119341,0.988604,-0.091759,0.000000,0.000000,0.000000,-1,-0.042618,1.008331,-0.021133,-0.081087,-0.176056,-0.039797,132.280548,282.011353,-752.679688,0,0
1.200000,-0.950896,-1.423027,-0.833133,0.986510,0.111525,0.119837,0.108958,0.099022,-0.989102,-0.122176,0.988816,0.085535,-0.671184,-0.082125,0.000871,0.736727,-0.129862,-0.046653,-0.002363,0.091258,0.013507,0.073862,-0.119837,0.989102,-0.085535,0.000000,0.000000,0.000000,-1,-0.025589,1.021179,0.020874,-0.165854,-0.150506,0.031228,133.156570,281.836731,-751.844727,0,0
1.240000,-0.989407,-1.429922,-0.870203,0.986575,0.113584,0.117340,0.107337,0.090518,-0.990094,-0.123080,0.989396,0.077111,-0.674342,-0.081903,0.002128,0.733860,-0.259096,-0.023149,0.119155,0.084686,0.039844,0.110985,-0.117340,0.990094,-0.077111,0.000000,0.000000,0.000000,-1,-0.042694,1.026718,0.082565,-0.273796,-0.071875,0.149072,131.579712,282.709839,-752.011719,0,0
1.280000,-1.029361,-1.441706,-0.911622,0.987440,0.113100,0.110320,0.101763,0.078844,-0.991679,-0.120857,0.990450,0.066344,-0.678648,-0.079151,0.003882,0.730176,-0.305493,-0.074932,0.231591,0.086119,0.038304,0.182082,-0.110320,0.991679,-0.066344,0.000000,0.000000,0.000000,-1,0.088104,1.030716,0.214554,-0.702993,-0.997031,0.426034,135.083832,280.614380,-749.673706,0,0
1.320000,-1.223285,-1.471609,-1.071086,0.984384,0.149397,0.093105,0.086916,0.047450,-0.995085,-0.153081,0.987638,0.033724,-0.689784,-0.085648,0.021737,0.718602,-1.087048,-1.276477,0.729620,0.189648,0.022615,0.185701,-0.093105,0.995085,-0.033724,0.000000,0.000000,0.000000,-1,-0.003891,1.140442,0.015701,-1.295118,-1.308196,0.790311,135.259048,281.487488,-749.840698,0,0
1.360000,-1.894664,-1.508158,-1.702643,0.979778,0.191087,0.059343,0.062054,-0.008229,-0.998039,-0.190224,0.981539,-0.019921,-0.708507,-0.089322,0.046182,0.698503,-1.100798,-0.792651,0.933940,-0.015853,0.188134,-0.011254,-0.059343,0.998039,0.019921,0.000000,0.000000,0.000000,-1,-0.146317,1.176056,0.070663,-0.902919,-0.880676,0.955317,138.237549,278.868164,-745.999634,0,0
1.400000,-2.796904,-1.513073,-2.575429,0.975273,0.220143,0.019494,0.030946,-0.048690,-0.998334,-0.218828,0.974252,-0.054298,-0.720809,-0.087086,0.069135,0.684157,-0.849526,-0.621861,0.995287,-0.105948,0.132189,0.160286,-0.019494,0.998334,0.054298,0.000000,0.000000,0.000000,-1,-0.178604,1.091629,0.126373,-1.110138,0.143210,0.772148,140.690430,278.169708,-744.329590,0,0
1.440000,3.051674,-1.472162,-3.021855,0.978155,0.207690,-0.008843,0.011763,-0.097770,-0.995139,-0.207545,0.973296,-0.098077,-0.737225,-0.074419,0.073379,0.667515,-1.195762,0.847911,0.506350,-0.157692,0.103249,0.016242,0.008843,0.995140,0.098077,0.000000,0.000000,0.000000,-1,-0.000809,1.035645,0.057999,-1.163983,0.755548,0.463627,139.989609,277.471222,-742.325562,0,0
1.480000,2.967109,-1.428561,-3.128748,0.982528,0.184482,-0.024609,0.001821,-0.141745,-0.989902,-0.186107,0.972561,-0.139604,-0.752309,-0.061910,0.070023,0.652146,-0.846658,0.185216,0.460817,-0.014538,0.011670,-0.066407,0.024609,0.989902,0.139604,0.000000,0.000000,0.000000,-1,0.064713,0.967758,0.106979,-0.735951,0.147010,0.474420,142.092072,277.121979,-741.657593,0,0
1.520000,2.899061,-1.398528,3.071421,0.984933,0.167963,-0.041168,-0.012019,-0.170996,-0.985198,-0.172516,0.970850,-0.166401,-0.761960,-0.051165,0.070110,0.641782,-0.573208,0.419539,0.469511,0.052689,-0.053222,-0.058445,0.041168,0.985198,0.166401,0.000000,0.000000,0.000000,-1,0.081635,0.886475,0.191925,-0.505150,0.397183,0.447346,140.690430,276.074280,-739.653564,0,0
1.560000,2.854310,-1.368500,2.995146,0.989256,0.134655,-0.056930,-0.029319,-0.198769,-0.979608,-0.143225,0.970752,-0.192685,-0.771478,-0.034134,0.064861,0.632021,-0.494455,0.840345,0.403984,0.000107,-0.112451,0.027758,0.056930,0.979608,0.192685,0.000000,0.000000,0.000000,-1,0.043701,0.863235,0.229935,-0.481772,0.732102,0.375371,142.267288,274.851929,-738.818542,0,0
1.600000,2.850975,-1.352115,2.966908,0.992101,0.108953,-0.062163,-0.037704,-0.213641,-0.976184,-0.119639,0.970818,-0.207845,-0.776786,-0.022931,0.058511,0.626621,-0.449176,0.780816,0.299509,-0.026122,-0.115329,0.045908,0.062163,0.976184,0.207845,0.000000,0.000000,0.000000,-1,0.025406,0.858383,0.287140,-0.421571,0.687428,0.278111,139.639191,273.280334,-737.649536,0,0
1.640000,2.856584,-1.335609,2.943095,0.994734,0.078815,-0.065519,-0.045952,-0.228449,-0.972471,-0.091613,0.970360,-0.223624,-0.782114,-0.010504,0.050226,0.621019,-0.273139,0.606818,0.215384,-0.012052,-0.129911,0.070352,0.065519,0.972471,0.223624,0.000000,0.000000,0.000000,-1,0.071457,0.875122,0.330917,-0.198776,0.390475,0.213172,139.814407,273.454956,-736.146484,0,0
1.680000,2.854318,-1.323281,2.914360,0.996253,0.051593,-0.069417,-0.055193,-0.238698,-0.969524,-0.066591,0.969722,-0.234956,-0.785797,0.001145,0.043271,0.616968,-0.170178,0.554817,0.181509,0.028132,-0.074505,0.135802,0.069417,0.969524,0.234956,0.000000,0.000000,0.000000,-1,0.114044,0.894653,0.379059,-0.166960,0.509151,0.167610,140.690430,272.232605,-736.647461,0,0
1.720000,2.862265,-1.316911,2.902118,0.997110,0.031257,-0.069249,-0.059575,-0.243999,-0.967944,-0.047152,0.969272,-0.241432,-0.787804,0.008986,0.036938,0.614752,-0.193560,0.748778,0.143661,0.053905,-0.055545,0.152169,0.069249,0.967944,0.241432,0.000000,0.000000,0.000000,-1,0.093948,0.925262,0.399765,-0.208388,0.708423,0.136319,140.164810,272.407227,-734.476440,0,0
1.760000,2.888041,-1.306253,2.893674,0.997843,-0.002827,-0.065588,-0.064161,-0.253474,-0.965212,-0.013896,0.967338,-0.253108,-0.791269,0.021165,0.025113,0.610586,-0.293494,0.908820,0.112129,0.014002,-0.028765,0.158467,0.065588,0.965212,0.253108,0.000000,0.000000,0.000000,-1,0.060226,0.968781,0.436539,-0.348617,0.921501,0.122011,136.835892,272.581848,-733.641479,0,0
1.800000,2.935692,-1.288739,2.891685,0.997034,-0.051821,-0.056905,-0.068836,-0.269686,-0.960485,0.034427,0.961553,-0.272453,-0.796739,0.037859,0.007053,0.603095,-0.307637,0.937307,0.020677,0.001353,-0.004613,0.160256,0.056905,0.960485,0.272453,0.000000,0.000000,0.000000,-1,0.035599,0.934143,0.444855,-0.241884,0.767561,-0.018881,136.310287,271.359528,-733.474426,0,0
1.840000,2.973171,-1.283793,2.898963,0.995601,-0.080796,-0.047452,-0.068011,-0.274788,-0.959096,0.064452,0.958104,-0.279074,-0.798352,0.046598,-0.005324,0.600362,0.032232,0.652065,-0.012630,-0.045514,-0.032537,0.187921,0.047452,0.959096,0.279074,0.000000,0.000000,0.000000,-1,0.009567,0.889069,0.489304,0.237606,0.461261,0.043167,134.207809,271.010284,-732.472412,0,0
1.880000,2.988134,-1.285752,2.896718,0.994329,-0.097272,-0.042984,-0.068173,-0.272812,-0.959649,0.081620,0.957137,-0.277896,-0.797659,0.051853,-0.012109,0.600754,0.313982,0.407255,0.051322,-0.055084,-0.077828,0.213803,0.042984,0.959649,0.277896,0.000000,0.000000,0.000000,-1,-0.104324,0.928772,0.438019,0.373587,0.074363,0.094472,134.032608,272.232605,-733.975464,0,0
1.920000,2.972291,-1.303872,2.866966,0.992840,-0.110873,-0.044443,-0.071530,-0.253881,-0.964587,0.095664,0.960860,-0.259994,-0.791631,0.057604,-0.016176,0.608063,0.428019,0.377690,0.131041,-0.161325,0.019620,0.173248,0.044443,0.964587,0.259994,0.000000,0.000000,0.000000,-1,-0.161774,1.145142,0.356323,0.479079,0.267358,0.117968,133.857391,272.407227,-734.142456,0,0
1.960000,2.966681,-1.317541,2.853161,0.991985,-0.118597,-0.043602,-0.071271,-0.240207,-0.968102,0.104341,0.963450,-0.246734,-0.787230,0.060296,-0.019289,0.613401,0.438647,0.022201,-0.080215,-0.157219,0.300590,0.096711,0.043602,0.968102,0.246734,0.000000,0.000000,0.000000,-1,0.158905,1.181198,0.395157,0.255325,-0.698820,-0.096459,133.506989,273.804199,-734.810486,0,0
2.000000,2.928287,-1.330326,2.848688,0.995075,-0.085346,-0.050416,-0.068765,-0.228016,-0.971226,0.071395,0.969910,-0.232762,-0.783558,0.049170,-0.006693,0.619334,0.411391,-1.899642,0.134056,0.130965,0.126735,-0.012013,0.050416,0.971226,0.232762,0.000000,0.000000,0.000000,-1,-0.290619,0.728790,-0.170792,0.556701,-3.093747,-0.038977,136.660690,272.407227,-734.476440,0,0
2.040000,2.799868,-1.356185,2.833302,0.997108,0.026103,-0.071368,-0.064621,-0.202927,-0.977059,-0.039986,0.978846,-0.200654,-0.774708,0.012430,0.035934,0.631175,0.985073,-2.870452,-0.348686,-0.539233,-0.324349,-0.458726,0.071368,0.977059,0.200654,0.000000,0.000000,0.000000,-1,-0.218918,0.882217,-0.106674,1.446585,-2.617208,-0.418982,139.288788,272.931091,-735.311462,0,0
2.080000,2.616569,-1.416978,2.759552,0.987589,0.137006,-0.076795,-0.057120,-0.142167,-0.988193,-0.146306,0.980315,-0.132577,-0.752053,-0.026556,0.074164,0.654379,1.357250,-3.373866,-0.228188,0.006350,0.100903,-0.214577,0.076795,0.988193,0.132577,0.000000,0.000000,0.000000,-1,0.339828,1.169754,-0.194855,1.300823,-3.354933,-0.295974,143.143311,275.375793,-740.655518,0,0
2.120000,2.325632,-1.467043,2.580415,0.965634,0.248719,-0.075437,-0.055117,-0.087683,-0.994622,-0.253996,0.964599,-0.070961,-0.728745,-0.066416,0.113014,0.672122,1.269280,-2.321293,-0.371316,0.199298,0.188575,-0.269280,0.075437,0.994622,0.070961,0.000000,0.000000,0.000000,-1,0.162949,1.079742,0.013000,0.882805,-1.614259,-0.420486,145.070587,277.296600,-743.160583,0,0
2.160000,2.024404,-1.503256,2.332367,0.951470,0.301703,-0.060664,-0.048845,-0.046571,-0.997720,-0.303841,0.952264,-0.029574,-0.711972,-0.088788,0.127991,0.684712,0.903342,-0.476757,-0.521337,0.054509,0.046057,-0.026385,0.060664,0.997720,0.029574,0.000000,0.000000,0.000000,-1,-0.032364,1.053726,-0.187347,0.940826,-0.192709,-0.549869,143.318527,275.899658,-744.162598,0,0
2.200000,1.398854,-1.534570,1.698622,0.954764,0.295217,-0.035684,-0.035923,-0.004617,-0.999344,-0.295188,0.955419,0.006197,-0.698782,-0.092766,0.118375,0.699347,0.821463,0.575701,-0.741119,-0.062174,0.025391,-0.198256,0.035684,0.999344,-0.006197,0.000000,0.000000,0.000000,-1,0.037247,0.979507,-0.195114,0.806613,0.704911,-0.801350,140.865631,279.392029,-745.498596,0,0
2.240000,0.097160,-1.531273,0.359123,0.965857,0.259048,-0.003833,-0.013887,0.036993,-0.999219,-0.258704,0.965156,0.039327,-0.687302,-0.089175,0.095496,0.714524,0.887333,0.925445,-0.825329,0.041180,0.007235,-0.134272,0.003833,0.999219,-0.039327,0.000000,0.000000,0.000000,-1,-0.010086,0.982986,0.000748,0.845831,0.591456,-0.809780,139.639191,278.518951,-747.001648,0,0
2.280000,-0.339035,-1.491698,-0.105999,0.972860,0.229898,0.026279,0.008360,0.078572,-0.996873,-0.231244,0.970038,0.074518,-0.674494,-0.088310,0.075970,0.729032,0.920420,0.641446,-0.732933,-0.025311,-0.032213,0.096628,-0.026279,0.996873,-0.074518,0.000000,0.000000,0.000000,-1,-0.004333,0.949814,0.011566,0.886582,0.607495,-0.719886,137.011108,277.995087,-744.830627,0,0
2.320000,-0.461098,-1.451940,-0.266118,0.980226,0.190718,0.052759,0.031184,0.114403,-0.992945,-0.195409,0.974956,0.106193,-0.663255,-0.083642,0.053769,0.741758,0.565636,1.270160,-0.777612,0.072458,-0.036554,0.098671,-0.052759,0.992945,-0.106193,0.000000,0.000000,0.000000,-1,0.072067,0.916962,-0.047928,0.509541,1.254173,-0.749497,132.630951,278.169708,-748.337646,0,0
2.360000,-0.511889,-1.421988,-0.366200,0.987468,0.140119,0.072621,0.053087,0.138429,-0.988948,-0.148624,0.980410,0.129256,-0.655702,-0.073664,0.028978,0.750858,0.495163,0.917520,-0.502932,0.172566,-0.071132,0.034743,-0.072621,0.988948,-0.129256,0.000000,0.000000,0.000000,-1,0.065948,0.895630,-0.132919,0.355889,0.294118,-0.416909,132.455750,279.741272,-748.838684,0,0
2.400000,-0.547055,-1.401837,-0.415672,0.988391,0.124228,0.087470,0.067902,0.153837,-0.985760,-0.135915,0.980256,0.143615,-0.650180,-0.073876,0.018628,0.755950,0.224819,-0.036500,-0.386084,0.147315,-0.072369,0.012817,-0.087470,0.985760,-0.143616,0.000000,0.000000,0.000000,-1,0.003662,0.944901,-0.162231,0.240868,-0.218947,-0.364394,131.930130,278.868164,-750.007690,0,0
2.440000,-0.584344,-1.383725,-0.442207,0.985797,0.132960,0.102597,0.079588,0.168092,-0.982553,-0.147886,0.976763,0.155123,-0.644706,-0.082421,0.017562,0.759772,0.447905,-0.525177,-0.334215,0.068219,-0.013254,-0.022627,-0.102597,0.982553,-0.155123,0.000000,0.000000,0.000000,-1,-0.086349,1.024841,-0.149979,0.567926,-0.721487,-0.367859,131.579712,278.518951,-750.341675,0,1
2.480000,-0.596519,-1.351146,-0.431096,0.980709,0.152408,0.122402,0.091048,0.197953,-0.975974,-0.172976,0.968290,0.180258,-0.632949,-0.096159,0.019975,0.767939,0.888633,-0.441636,-0.481988,0.018902,0.146631,0.067740,-0.122402,0.975974,-0.180258,0.000000,0.000000,0.000000,-1,-0.115417,1.234390,-0.092697,0.996124,-0.172565,-0.550569,130.878891,278.518951,-751.009705,0,0
2.520000,-0.582855,-1.306703,-0.414838,0.978227,0.149764,0.143676,0.105207,0.238893,-0.965330,-0.178895,0.959427,0.217936,-0.616725,-0.103357,0.014277,0.780233,0.970815,0.180645,-0.525060,0.039855,0.252337,0.112162,-0.143676,0.965330,-0.217936,0.000000,0.000000,0.000000,-1,0.041473,1.132721,-0.061020,0.919054,0.156215,-0.473552,128.075592,278.868164,-753.347717,0,0
2.560000,-0.561346,-1.267852,-0.407908,0.978635,0.130585,0.158810,0.118345,0.273854,-0.954462,-0.168129,0.952865,0.252549,-0.602543,-0.103283,0.003867,0.791366,0.760585,0.491298,-0.514571,0.259960,0.180471,0.215653,-0.158810,0.954462,-0.252549,0.000000,0.000000,0.000000,-1,0.186432,1.074219,0.029343,0.835063,0.241004,-0.491092,128.601212,277.995087,-754.516724,0,0
2.600000,-0.539239,-1.229626,-0.384017,0.976889,0.127159,0.171807,0.125354,0.310221,-0.942364,-0.173129,0.942122,0.287112,-0.587272,-0.107494,0.000563,0.802219,0.940164,-0.497186,-0.054691,0.373574,0.103886,0.323199,-0.171807,0.942364,-0.287112,0.000000,0.000000,0.000000,-1,0.111359,1.033066,0.086655,0.798728,-1.083077,0.297117,127.725189,279.217407,-756.019775,0,0
2.640000,-0.533972,-1.212134,-0.321719,0.967318,0.179938,0.178655,0.110992,0.333012,-0.936367,-0.227982,0.925595,0.302157,-0.577094,-0.126032,0.021369,0.806611,-0.106653,-2.873726,0.260096,0.209493,0.140369,0.454653,-0.178655,0.936367,-0.302157,0.000000,0.000000,0.000000,-1,0.314224,1.203384,0.475647,-1.111857,-3.710375,0.255572,128.250809,276.947357,-752.846741,0,0
2.680000,-0.699585,-1.270590,-0.405334,0.945664,0.263559,0.190413,0.116609,0.271756,-0.955275,-0.303517,0.925573,0.226256,-0.601592,-0.157984,0.047002,0.781613,-2.181110,0.050598,0.456977,0.560392,0.192231,0.696090,-0.190413,0.955275,-0.226256,0.000000,0.000000,0.000000,-1,0.168381,1.223572,0.318939,-2.425944,1.073930,0.689907,129.652451,273.804199,-751.176697,0,0
2.720000,-0.831642,-1.377322,-0.597907,0.965046,0.220216,0.142094,0.108231,0.158914,-0.981342,-0.238688,0.962420,0.129525,-0.647419,-0.126829,0.037299,0.750581,-3.098330,1.369841,1.399332,-0.059932,0.413616,0.294259,-0.142094,0.981342,-0.129525,0.000000,0.000000,0.000000,-1,-0.551422,1.636475,-0.445038,-2.988257,1.179109,1.546604,126.849152,271.359528,-747.836670,0,0
2.760000,-1.378690,-1.486924,-1.184586,0.978024,0.191588,0.082233,0.077604,0.031556,-0.996485,-0.193510,0.980968,0.015995,-0.694707,-0.096872,0.040044,0.711614,-2.855264,-0.492325,1.108279,-0.567272,0.694159,-0.649746,-0.082233,0.996485,-0.015995,0.000000,0.000000,0.000000,-1,-0.483978,1.106140,-0.577820,-2.628746,-2.594019,0.946969,130.878891,267.692505,-740.655518,0,0
2.800000,-2.698286,-1.501408,-2.341898,0.936423,0.349611,0.029739,0.049722,-0.048320,-0.997594,-0.347332,0.935648,-0.062631,-0.715432,-0.139542,0.110980,0.675550,-0.351623,-5.582124,1.265340,-0.283036,0.032924,-0.452493,-0.029739,0.997594,0.062631,0.000000,0.000000,0.000000,-1,-0.047623,1.031174,-0.025818,0.261298,-5.151768,1.275558,135.609451,266.819397,-741.156555,0,0
2.840000,2.745309,-1.496384,-3.053963,0.885274,0.464183,-0.028696,0.006506,-0.074059,-0.997233,-0.465024,0.882638,-0.068583,-0.712025,-0.165264,0.173351,0.660044,-1.246269,-0.700934,1.259554,0.357519,0.250967,0.648397,0.028696,0.997233,0.068583,0.000000,0.000000,0.000000,-1,0.176285,1.361893,-0.248962,-1.701954,2.550989,1.510279,135.609451,265.771667,-739.820557,0,0
2.880000,2.638581,-1.407366,3.036790,0.921085,0.381380,-0.078434,-0.017021,-0.161811,-0.986675,-0.388990,0.910146,-0.142550,-0.745896,-0.122121,0.156665,0.635752,-2.034565,2.526850,1.601511,0.091473,0.262287,-0.467257,0.078434,0.986675,0.142550,0.000000,0.000000,0.000000,-1,-0.022110,0.775543,-0.204208,-2.007034,2.422759,1.550387,132.630951,263.501617,-734.643433,0,0
2.920000,2.682996,-1.313754,2.977596,0.954544,0.276008,-0.112541,-0.041505,-0.250810,-0.967146,-0.295166,0.927855,-0.227953,-0.779953,-0.075166,0.130683,0.607409,-1.764962,2.672515,1.170267,-0.161888,-0.278746,-0.371539,0.112541,0.967146,0.227953,0.000000,0.000000,0.000000,-1,-0.213028,0.579361,-0.201996,-1.635465,2.352170,1.137079,130.878891,262.453918,-731.971436,0,0
2.960000,2.731387,-1.246333,2.935790,0.974930,0.182614,-0.127137,-0.065148,-0.312072,-0.947822,-0.212761,0.932343,-0.292352,-0.803018,-0.036570,0.105819,0.585343,-1.099257,2.085620,0.765621,-0.351792,-0.391441,-0.410195,0.127137,0.947822,0.292352,0.000000,0.000000,0.000000,-1,-0.205032,0.509323,-0.103729,-0.704587,2.106315,0.497143,124.045853,259.136108,-731.470398,0,0
3.000000,2.793270,-1.215488,2.909276,0.988370,0.095000,-0.118739,-0.080093,-0.338534,-0.937539,-0.129263,0.936146,-0.326988,-0.814538,-0.004575,0.076117,0.575076,-0.211833,2.114754,0.388725,-0.331278,-0.444375,-0.439781,0.118739,0.937539,0.326988,0.000000,0.000000,0.000000,-1,-0.167999,0.467163,-0.072510,0.049778,1.887795,0.411100,122.644211,260.533081,-729.800415,0,0
3.040000,2.804820,-1.222959,2.849799,0.993296,0.026010,-0.112636,-0.098057,-0.326457,-0.940112,-0.061224,0.944854,-0.321717,-0.812630,0.022165,0.053487,0.579897,0.742288,1.142610,0.425145,-0.259258,-0.481402,-0.354478,0.112636,0.940112,0.321717,0.000000,0.000000,0.000000,-1,-0.122025,0.466385,0.112701,0.927763,0.604844,0.338071,120.541733,261.580811,-731.470398,0,0
3.080000,2.748796,-1.263015,2.778641,0.993169,0.013025,-0.115960,-0.107556,-0.283209,-0.953008,-0.045254,0.958970,-0.279874,-0.799414,0.029563,0.050416,0.597931,1.432748,-0.166371,-0.033956,-0.196312,-0.385488,0.007098,0.115960,0.953008,0.279874,0.000000,0.000000,0.000000,-1,0.094467,0.953918,0.628754,1.660425,-0.073633,-0.337084,117.913651,262.803162,-735.311462,0,0
3.120000,2.703469,-1.326111,2.728396,0.994615,0.013351,-0.102773,-0.097273,-0.221864,-0.970213,-0.035755,0.974986,-0.219371,-0.780360,0.026886,0.044380,0.623173,1.432718,0.333457,-0.427659,0.127009,0.150682,0.554982,0.102773,0.970213,0.219371,0.000000,0.000000,0.000000,-1,0.563522,1.726593,0.898300,1.117552,0.272044,-0.298622,118.264069,264.549347,-736.647461,0,0
3.160000,2.693434,-1.348377,2.705569,0.995418,0.002459,-0.095583,-0.093164,-0.199951,-0.975367,-0.021511,0.979803,-0.198806,-0.773656,0.029310,0.037838,0.631795,-0.288601,0.302468,0.136076,0.503996,0.977865,0.802766,0.095583,0.975367,0.198806,0.000000,0.000000,0.000000,-1,0.430756,1.569641,0.696671,-0.642665,0.737258,0.280323,116.512009,266.295532,-734.643433,0,0
3.200000,2.744051,-1.313276,2.696846,0.993393,-0.058712,-0.098601,-0.109572,-0.229908,-0.967025,0.034107,0.971440,-0.234822,-0.783920,0.053668,0.020568,0.618196,-0.863081,2.111751,0.517181,0.208726,0.143480,0.360698,0.098601,0.967025,0.234822,0.000000,0.000000,0.000000,-1,-0.394135,0.917480,0.277512,-0.104062,0.580232,0.198507,112.307053,265.946289,-734.309448,0,0
3.240000,2.753949,-1.313306,2.689383,0.992471,-0.075730,-0.096261,-0.111272,-0.229057,-0.967032,0.051184,0.970463,-0.235759,-0.783787,0.059647,0.014378,0.617992,0.744459,-1.136136,-0.511303,-0.570840,0.186609,0.012608,0.096261,0.967032,0.235759,0.000000,0.000000,0.000000,-1,-0.309860,1.499847,-0.414383,0.764939,-1.734395,-0.639898,113.533493,266.470154,-733.140442,0,1
3.280000,2.668198,-1.338866,2.691137,0.994422,0.011947,-0.104794,-0.100074,-0.206928,-0.973225,-0.033312,0.978283,-0.204578,-0.775553,0.028408,0.044519,0.629070,0.319030,-2.733662,0.340933,-0.188427,0.391750,-0.779591,0.104794,0.973225,0.204578,0.000000,0.000000,0.000000,-1,-0.282288,0.589890,-0.547821,0.442459,-2.788904,0.336399,116.161591,266.644775,-733.975464,0,0
3.320000,2.480849,-1.365407,2.602828,0.985952,0.110604,-0.125164,-0.104641,-0.175058,-0.978982,-0.130191,0.978326,-0.161025,-0.761911,-0.001957,0.083788,0.642236,1.501366,-1.993540,-0.356230,-0.793270,-0.569878,-0.207976,0.125164,0.978982,0.161025,0.000000,0.000000,0.000000,-1,-0.338486,0.787247,-0.486084,2.104704,-2.063723,-1.095685,119.140091,271.359528,-733.474426,0,0
3.360000,1.996994,-1.476072,2.237122,0.968099,0.235304,-0.086122,-0.074351,-0.058462,-0.995517,-0.239284,0.970162,-0.039102,-0.718621,-0.055994,0.113205,0.683838,2.492118,-2.819443,-1.070795,-0.033891,0.040494,-0.547891,0.086122,0.995517,0.039102,0.000000,0.000000,0.000000,-1,0.280289,1.276779,-0.432159,2.506557,-2.228010,-1.069589,119.665710,272.581848,-733.641479,0,0
3.400000,1.000275,-1.510900,1.291642,0.956401,0.287677,-0.050380,-0.057543,0.016494,-0.998207,-0.286330,0.957585,0.032329,-0.690576,-0.083312,0.121895,0.708030,1.703040,-1.289062,-1.438115,0.253682,0.355324,-0.414708,0.050380,0.998207,-0.032329,0.000000,0.000000,0.000000,-1,0.347168,1.292389,-0.273590,0.750659,-0.877982,-1.504153,118.964890,277.121979,-735.311462,0,0
3.440000,-0.163533,-1.529917,0.128185,0.957769,0.287463,0.006653,-0.005224,0.040533,-0.999165,-0.287493,0.956934,0.040323,-0.685002,-0.103007,0.102496,0.713902,-0.151758,1.038383,-1.230324,0.329209,0.037960,0.012338,-0.006653,0.999165,-0.040323,0.000000,0.000000,0.000000,-1,0.006256,0.966064,0.210007,0.885132,1.785297,-0.781563,113.358292,276.074280,-736.981506,0,0
3.480000,-0.481506,-1.483861,-0.270552,0.977364,0.207707,0.040211,0.023206,0.083668,-0.996223,-0.210287,0.974606,0.076954,-0.673933,-0.085659,0.063091,0.731093,0.660138,1.413661,-0.556995,0.051563,0.028160,0.023258,-0.040211,0.996223,-0.076954,0.000000,0.000000,0.000000,-1,0.063614,0.985397,-0.099838,0.661495,1.300144,-0.497150,111.431030,276.248901,-739.152527,0,0
3.520000,-0.477177,-1.458748,-0.305719,0.984470,0.167872,0.051353,0.033654,0.106630,-0.993729,-0.172295,0.980025,0.099324,-0.666805,-0.075557,0.045344,0.740004,0.726268,1.101081,-0.436113,0.080330,-0.069260,-0.012401,-0.051353,0.993729,-0.099324,0.000000,0.000000,0.000000,-1,-0.018112,0.808716,-0.170212,0.778323,0.498824,-0.365048,109.328552,276.598145,-738.818542,0,0
3.560000,-0.455991,-1.426733,-0.283885,0.983949,0.166879,0.063219,0.040211,0.137819,-0.989641,-0.173863,0.976298,0.128897,-0.655216,-0.079016,0.042217,0.750111,0.633228,-0.668086,-0.217551,0.042162,-0.176912,-0.051340,-0.063219,0.989641,-0.128897,0.000000,0.000000,0.000000,-1,-0.059799,0.842590,-0.179794,0.415013,-0.813626,-0.299807,105.999634,277.820465,-740.989563,0,0
3.600000,-0.529505,-1.397471,-0.321668,0.976087,0.199164,0.087110,0.054523,0.163613,-0.985017,-0.210432,0.966211,0.148842,-0.644909,-0.098342,0.047806,0.756396,0.508390,-0.781041,-0.596476,0.000898,-0.070741,-0.029289,-0.087110,0.985017,-0.148842,0.000000,0.000000,0.000000,-1,-0.110077,1.026001,-0.147079,0.576025,-0.927692,-0.716980,106.174850,279.042786,-741.490540,0,1
3.640000,-0.604420,-1.368619,-0.371900,0.968883,0.219647,0.114113,0.072969,0.187075,-0.979632,-0.236521,0.957475,0.165227,-0.635724,-0.115072,0.048137,0.761772,0.759264,-0.869448,-0.871154,-0.001091,0.090116,0.040166,-0.114113,0.979632,-0.165227,0.000000,0.000000,0.000000,-1,-0.098175,1.104385,-0.087067,0.874179,-0.869634,-0.888596,107.226089,277.995087,-742.492554,0,0
3.680000,-0.645123,-1.317516,-0.391994,0.960805,0.232706,0.150674,0.095730,0.231574,-0.968096,-0.260174,0.944575,0.200221,-0.618266,-0.132805,0.044277,0.773402,1.015363,-0.163186,-0.766538,0.067269,0.150114,0.117915,-0.150674,0.968096,-0.200221,0.000000,0.000000,0.000000,-1,-0.016113,1.102737,-0.074860,0.788683,0.217421,-0.662797,102.670731,279.392029,-744.162598,0,0
3.720000,-0.638334,-1.262486,-0.398514,0.960478,0.211633,0.180812,0.117753,0.279670,-0.952848,-0.252222,0.936481,0.243697,-0.599398,-0.137382,0.029784,0.788011,1.095454,0.144322,-0.735833,0.272518,0.174624,0.260237,-0.180812,0.952848,-0.243697,0.000000,0.000000,0.000000,-1,0.319473,1.204681,0.009262,1.180250,-0.109315,-0.794348,101.619492,280.090515,-744.162598,0,0
3.760000,-0.637548,-1.217404,-0.399993,0.957593,0.201448,0.205998,0.134769,0.318764,-0.938204,-0.254664,0.926179,0.278098,-0.583252,-0.144113,0.020860,0.799133,0.499231,0.150124,-0.395280,0.586079,0.221113,0.311087,-0.205998,0.938204,-0.278098,0.000000,0.000000,0.000000,-1,0.332886,1.134628,0.057129,0.188364,-0.140889,0.077275,98.640991,280.614380,-747.669678,0,0
3.800000,-0.626222,-1.212263,-0.387769,0.957613,0.201699,0.205659,0.132684,0.324849,-0.936412,-0.255682,0.924008,0.284317,-0.580613,-0.143978,0.021539,0.801058,0.001789,-0.122435,0.260301,0.473603,0.225834,0.347122,-0.205659,0.936413,-0.284317,0.000000,0.000000,0.000000,-1,0.045593,1.390823,0.290009,-1.260645,-1.748717,0.434510,99.517014,281.138245,-746.834656,0,0
3.840000,-0.764593,-1.292333,-0.485610,0.948890,0.251795,0.190283,0.128299,0.243100,-0.961479,-0.288353,0.936751,0.198370,-0.613885,-0.154790,0.039938,0.773039,-2.583393,0.241039,0.876454,0.211905,0.339562,0.815512,-0.190283,0.961479,-0.198370,0.000000,0.000000,0.000000,-1,-0.292236,1.129150,0.501480,-2.939749,0.407564,1.032585,98.816193,281.138245,-742.492554,0,0
3.880000,-0.938747,-1.381361,-0.685023,0.958853,0.239833,0.151927,0.119138,0.145824,-0.982111,-0.257697,0.959800,0.111250,-0.652261,-0.137587,0.040540,0.744299,-3.267185,1.058347,1.513214,-0.214421,0.169729,0.421873,-0.151927,0.982111,-0.111250,0.000000,0.000000,0.000000,-1,-0.505127,1.556870,-0.537888,-3.179128,0.836538,1.467284,98.816193,277.995087,-734.810486,0,0
3.920000,-1.646011,-1.473885,-1.422692,0.970540,0.220778,0.096486,0.095701,0.014278,-0.995308,-0.221119,0.975220,-0.007271,-0.700631,-0.112926,0.044472,0.703126,-2.789180,-0.627249,0.896469,-0.425471,0.626290,-0.543221,-0.096486,0.995308,0.007271,0.000000,0.000000,0.000000,-1,-0.522324,1.171280,-0.538254,-2.323750,-3.999901,0.915913,100.042633,276.772766,-729.967407,0,0
3.960000,-2.694586,-1.457278,-2.326488,0.930989,0.361749,0.048965,0.082441,-0.077683,-0.993564,-0.355617,0.929033,-0.102144,-0.726432,-0.152867,0.105534,0.661657,-1.285185,-4.974823,1.115448,-0.247071,0.055234,-0.424120,-0.048965,0.993564,0.102144,0.000000,0.000000,0.000000,-1,0.081039,1.016525,0.111496,-0.508887,-4.347506,0.992149,106.525253,276.598145,-723.788330,0,0
4.000000,3.104208,-1.460976,-2.726003,0.899240,0.437436,-0.004096,0.044249,-0.100270,-0.993976,-0.435212,0.893642,-0.109523,-0.726126,-0.165841,0.151251,0.649894,-0.074436,0.010816,1.451904,0.052910,0.075055,-0.076167,0.004096,0.993976,0.109523,0.000000,0.000000,0.000000,-1,0.238785,1.272995,0.088043,-1.020753,-0.126812,1.697816,110.029373,279.042786,-720.782227,0,0
4.040000,2.795354,-1.413184,-3.051039,0.906494,0.418846,-0.053266,0.014194,-0.156317,-0.987605,-0.421981,0.894502,-0.147646,-0.743380,-0.145632,0.159826,0.632956,-1.666973,1.351376,1.770821,0.185519,0.285390,-0.059602,0.053266,0.987605,0.147646,0.000000,0.000000,0.000000,-1,-0.092850,0.846466,-0.248932,-1.868237,2.442073,1.701945,108.978149,276.248901,-719.446228,0,0
4.080000,2.709516,-1.285636,3.007080,0.953786,0.276434,-0.117801,-0.037726,-0.278770,-0.959617,-0.298110,0.919713,-0.255458,-0.788672,-0.075668,0.131839,0.595726,-1.172832,1.931679,1.305357,-0.321308,-0.421958,-0.473781,0.117801,0.959617,0.255458,0.000000,0.000000,0.000000,-1,-0.210373,0.454437,-0.189087,-0.997747,1.808384,1.198454,105.999634,276.074280,-718.611206,0,0
4.120000,2.707814,-1.248789,2.945562,0.967663,0.214326,-0.133014,-0.061641,-0.310410,-0.948602,-0.244599,0.926126,-0.287161,-0.800817,-0.047665,0.117883,0.585255,-0.620544,1.890761,0.880349,-0.327136,-0.500162,-0.472662,0.133014,0.948602,0.287161,0.000000,0.000000,0.000000,-1,-0.214920,0.429245,-0.136032,-0.193162,1.832888,0.562946,104.422791,276.947357,-721.116272,0,0
4.160000,2.725911,-1.234689,2.904134,0.978845,0.155320,-0.133184,-0.077584,-0.320560,-0.944046,-0.189322,0.934407,-0.301728,-0.806402,-0.024100,0.099983,0.582357,0.019980,1.938872,0.434821,-0.348104,-0.514801,-0.437760,0.133184,0.944046,0.301728,0.000000,0.000000,0.000000,-1,-0.249908,0.399109,-0.105118,0.498978,1.688334,0.312378,100.918671,274.851929,-723.454285,0,0
4.200000,2.714339,-1.272323,2.801973,0.990059,0.070247,-0.121851,-0.097960,-0.277265,-0.955787,-0.100927,0.958222,-0.267628,-0.796077,0.008703,0.069961,0.601075,1.405074,0.647013,0.073294,-0.340616,-0.524100,-0.239292,0.121851,0.955787,0.267627,0.000000,0.000000,0.000000,-1,-0.105347,0.617462,0.277237,1.557705,0.278835,-0.017364,98.640991,281.662109,-729.299377,0,0
4.240000,2.660455,-1.315999,2.738091,0.991121,0.063817,-0.116645,-0.098965,-0.231808,-0.967714,-0.088796,0.970666,-0.223434,-0.782043,0.011236,0.065674,0.619653,1.531979,0.035825,-0.264672,-0.138893,-0.195208,0.246262,0.116645,0.967714,0.223434,0.000000,0.000000,0.000000,-1,0.390121,1.491379,1.070023,1.013070,-0.193363,-0.280478,98.991394,283.408325,-731.637451,0,0
4.280000,2.623481,-1.355554,2.689683,0.992942,0.054245,-0.105467,-0.093269,-0.192144,-0.976925,-0.073258,0.979867,-0.185728,-0.769872,0.012672,0.058037,0.635427,-0.007754,0.690497,0.100371,0.505327,1.053639,0.882280,0.105467,0.976925,0.185728,0.000000,0.000000,0.000000,-1,0.642944,2.103577,1.013626,-0.468169,1.111454,0.239480,98.465790,283.932159,-733.474426,0,0
