0.000000,-1.655943,1.424392,1.503965,0.977838,-0.150682,0.145354,-0.145557,0.009742,0.989302,-0.150486,-0.988534,-0.012406,0.703652,-0.105250,-0.001823,0.702704,-0.009423,-0.016352,-0.007439,0.009993,0.011458,0.000976,-0.145354,-0.989302,0.012406,0.000000,0.000000,0.000000,-1,-0.143616,-0.972931,0.014725,-0.008612,-0.120870,-0.003614,132.806152,188.938873,-784.911194,0,0
0.040000,-1.655604,1.424702,1.502893,0.977772,-0.151397,0.145052,-0.145239,0.009877,0.989347,-0.151217,-0.988424,-0.012331,0.703603,-0.105399,-0.002191,0.702730,-0.007314,-0.028020,-0.010601,0.002168,0.016569,0.000532,-0.145052,-0.989347,0.012331,0.000000,0.000000,0.000000,-1,-0.146820,-0.971695,0.011261,-0.005432,-0.127233,-0.004685,133.331772,189.113495,-784.744141,0,0
0.080000,-1.655898,1.424755,1.502404,0.977661,-0.152168,0.144996,-0.145183,0.009945,0.989355,-0.151990,-0.988305,-0.012369,0.703578,-0.105657,-0.002485,0.702716,-0.000926,-0.023779,-0.009617,-0.001824,0.017660,-0.001108,-0.144997,-0.989355,0.012369,0.000000,0.000000,0.000000,-1,-0.143097,-0.976471,0.010147,-0.000103,-0.120868,-0.002645,132.280548,188.764252,-784.744141,0,0
0.120000,-1.656100,1.425063,1.501713,0.977569,-0.153045,0.144690,-0.144872,0.010024,0.989400,-0.152873,-0.988168,-0.012373,0.703548,-0.105862,-0.002908,0.702713,-0.004104,-0.021654,-0.006401,0.001593,0.012929,-0.002226,-0.144690,-0.989400,0.012373,0.000000,0.000000,0.000000,-1,-0.144272,-0.973434,0.011551,-0.005418,-0.125107,-0.001503,132.630951,190.510452,-783.742188,0,0
0.160000,-1.655536,1.425258,1.499838,0.977396,-0.154323,0.144504,-0.144660,0.010282,0.989428,-0.154177,-0.987967,-0.012275,0.703454,-0.106255,-0.003438,0.702745,-0.006229,-0.028015,-0.005280,0.000233,0.015963,0.000680,-0.144504,-0.989428,0.012275,0.000000,0.000000,0.000000,-1,-0.143112,-0.972076,0.012604,-0.003294,-0.128288,-0.001512,133.331772,190.161209,-785.078186,0,0
0.200000,-1.656011,1.425363,1.499318,0.977257,-0.155301,0.144395,-0.144551,0.010350,0.989443,-0.155156,-0.987813,-0.012334,0.703428,-0.106568,-0.003825,0.702722,-0.004109,-0.020601,-0.009583,-0.001677,0.015826,0.001047,-0.144395,-0.989443,0.012334,0.000000,0.000000,0.000000,-1,-0.153580,-0.970169,0.011154,-0.004359,-0.114510,-0.004754,132.806152,189.986588,-785.245178,0,0
0.240000,-1.654859,1.425208,1.497710,0.977164,-0.155733,0.144563,-0.144688,0.010594,0.989421,-0.155617,-0.987742,-0.012181,0.703340,-0.106784,-0.003929,0.702776,-0.006234,-0.010001,-0.010652,-0.009017,0.019252,-0.001027,-0.144563,-0.989421,0.012181,0.000000,0.000000,0.000000,-1,-0.144470,-0.973083,0.012909,-0.006470,-0.104965,-0.002646,132.105331,187.541901,-784.911194,0,0
0.280000,-1.652060,1.425119,1.494819,0.977136,-0.155792,0.144684,-0.144744,0.011019,0.989408,-0.155736,-0.987728,-0.011783,0.703189,-0.106848,-0.003929,0.702917,-0.000906,0.000606,-0.007546,-0.000824,0.016614,-0.004291,-0.144684,-0.989408,0.011783,0.000000,0.000000,0.000000,-1,-0.144287,-0.973816,0.008972,0.000977,-0.098604,-0.002757,133.506989,191.034302,-785.579224,0,0
0.320000,-1.651530,1.425259,1.494402,0.977174,-0.155677,0.144552,-0.144601,0.011068,0.989428,-0.155631,-0.987746,-0.011696,0.703172,-0.106759,-0.003939,0.702949,0.002279,0.002727,-0.007585,-0.001520,0.013873,-0.007499,-0.144552,-0.989428,0.011696,0.000000,0.000000,0.000000,-1,-0.143448,-0.974030,0.003143,0.000983,-0.095422,-0.001708,133.156570,190.685074,-784.911194,0,0
0.360000,-1.647548,1.425565,1.490661,0.977256,-0.155404,0.144295,-0.144257,0.011585,0.989473,-0.155440,-0.987783,-0.011097,0.702988,-0.106567,-0.003963,0.703161,-0.001994,0.005910,-0.007551,0.004692,0.016008,-0.009052,-0.144295,-0.989472,0.011097,0.000000,0.000000,0.000000,-1,-0.139709,-0.974899,0.005219,-0.003279,-0.092246,-0.004866,133.156570,190.335831,-783.575195,0,0
0.400000,-1.644319,1.426136,1.487735,0.977385,-0.155081,0.143766,-0.143659,0.011960,0.989555,-0.155181,-0.987829,-0.010589,0.702854,-0.106260,-0.004060,0.703341,-0.006275,0.009084,-0.012840,0.003675,0.013450,0.001084,-0.143766,-0.989555,0.010589,0.000000,0.000000,0.000000,-1,-0.137650,-0.973785,0.013382,-0.004350,-0.092249,-0.006982,132.630951,189.113495,-784.076172,0,0
0.440000,-1.643108,1.426637,1.486730,0.977489,-0.154872,0.143285,-0.143153,0.012063,0.989627,-0.154994,-0.987861,-0.010379,0.702817,-0.106011,-0.004165,0.703415,0.000103,0.005905,-0.011838,0.004537,0.013782,-0.003406,-0.143285,-0.989627,0.010379,0.000000,0.000000,0.000000,-1,-0.139740,-0.973236,0.006973,-0.000115,-0.104975,-0.009098,133.156570,191.034302,-784.911194,0,0
0.480000,-1.642207,1.427331,1.485650,0.977560,-0.155047,0.142609,-0.142456,0.012159,0.989726,-0.155188,-0.987832,-0.010201,0.702781,-0.105830,-0.004475,0.703477,0.002256,-0.014248,-0.017109,0.002884,0.016750,-0.002282,-0.142609,-0.989727,0.010201,0.000000,0.000000,0.000000,-1,-0.142090,-0.973358,0.009186,-0.000133,-0.117700,-0.011168,132.806152,189.288101,-784.911194,0,0
0.520000,-1.643610,1.427881,1.486120,0.977492,-0.155980,0.142052,-0.141919,0.012046,0.989805,-0.156101,-0.987687,-0.010362,0.702817,-0.105966,-0.004997,0.703416,0.006516,-0.031205,-0.011756,0.001290,0.012846,-0.001084,-0.142052,-0.989805,0.010362,0.000000,0.000000,0.000000,-1,-0.135834,-0.971008,0.015686,0.006246,-0.133599,-0.007976,135.259048,190.335831,-784.911194,0,0
0.560000,-1.646762,1.428346,1.488313,0.977408,-0.156954,0.141559,-0.141486,0.011697,0.989871,-0.157020,-0.987537,-0.010774,0.702938,-0.106140,-0.005499,0.703266,0.004388,-0.033328,-0.012789,0.003528,0.018130,0.002547,-0.141559,-0.989871,0.010774,0.000000,0.000000,0.000000,-1,-0.130417,-0.973007,0.009354,0.010500,-0.136778,-0.006944,133.331772,190.510452,-785.412170,0,0
0.600000,-1.649544,1.429198,1.489742,0.977314,-0.158314,0.140688,-0.140662,0.011426,0.989992,-0.158338,-0.987323,-0.011102,0.703027,-0.106318,-0.006276,0.703143,0.003335,-0.035442,-0.008525,0.008822,0.010347,-0.003381,-0.140688,-0.989992,0.011102,0.000000,0.000000,0.000000,-1,-0.128754,-0.978516,0.008286,-0.000124,-0.137835,-0.004695,132.806152,189.288101,-785.579224,0,0
0.640000,-1.650078,1.430254,1.488208,0.977132,-0.160354,0.139640,-0.139603,0.011556,0.990140,-0.160386,-0.986992,-0.011094,0.702971,-0.106675,-0.007378,0.703135,0.001188,-0.052405,-0.008441,0.003471,0.014951,-0.007432,-0.139640,-0.990140,0.011094,0.000000,0.000000,0.000000,-1,-0.133942,-0.974762,0.008240,0.006242,-0.149498,-0.005776,133.857391,189.986588,-785.913208,0,0
0.680000,-1.651616,1.430759,1.488281,0.976966,-0.161805,0.139125,-0.139105,0.011504,0.990211,-0.161822,-0.986756,-0.011269,0.702981,-0.107012,-0.008072,0.703065,0.004370,-0.046047,-0.010638,0.006236,0.013618,-0.002663,-0.139125,-0.990211,0.011269,0.000000,0.000000,0.000000,-1,-0.138702,-0.975616,0.009293,0.008380,-0.139955,-0.004779,133.506989,191.383545,-785.245178,0,0
0.720000,-1.654647,1.431045,1.489752,0.976752,-0.163362,0.138808,-0.138840,0.011277,0.990251,-0.163334,-0.986502,-0.011666,0.703054,-0.107460,-0.008722,0.702916,0.006515,-0.033320,-0.007526,-0.001939,0.014939,-0.000650,-0.138808,-0.990251,0.011666,0.000000,0.000000,0.000000,-1,-0.141479,-0.975449,0.008179,0.007338,-0.127228,-0.001634,133.506989,190.335831,-786.247192,0,0
0.760000,-1.656466,1.431066,1.490429,0.976568,-0.164496,0.138765,-0.138827,0.011181,0.990254,-0.164444,-0.986314,-0.011917,0.703083,-0.107854,-0.009131,0.702821,0.006531,-0.013173,-0.005482,-0.000471,0.013950,-0.003494,-0.138765,-0.990254,0.011917,0.000000,0.000000,0.000000,-1,-0.132828,-0.976196,0.009628,0.005226,-0.108144,-0.001697,132.280548,191.907410,-785.746216,0,0
0.800000,-1.656771,1.431408,1.490494,0.976576,-0.164737,0.138424,-0.138490,0.011145,0.990301,-0.164682,-0.986275,-0.011930,0.703093,-0.107819,-0.009337,0.702814,0.000145,-0.006815,-0.007572,0.003948,0.016226,-0.001585,-0.138424,-0.990301,0.011930,0.000000,0.000000,0.000000,-1,-0.132690,-0.973846,0.014191,0.005230,-0.113442,0.000454,132.630951,190.161209,-785.746216,0,0
0.840000,-1.658645,1.431818,1.491841,0.976546,-0.165274,0.137997,-0.138100,0.010926,0.990358,-0.165188,-0.986187,-0.012154,0.703167,-0.107860,-0.009667,0.702730,0.003338,-0.015295,-0.005447,0.007015,0.015459,0.001716,-0.137997,-0.990358,0.012154,0.000000,0.000000,0.000000,-1,-0.132156,-0.977402,0.014938,0.005228,-0.116622,0.000469,132.630951,190.161209,-786.080200,0,0
0.880000,-1.662844,1.432404,1.495117,0.976474,-0.166222,0.137367,-0.137556,0.010430,0.990439,-0.166066,-0.986033,-0.012680,0.703336,-0.107978,-0.010201,0.702535,0.002281,-0.018475,-0.004368,0.008461,0.015235,0.002167,-0.137367,-0.990439,0.012680,0.000000,0.000000,0.000000,-1,-0.126968,-0.973053,0.015091,-0.002224,-0.118746,-0.001567,134.558212,190.335831,-785.245178,0,0
0.920000,-1.664447,1.433013,1.496125,0.976458,-0.166824,0.136746,-0.136965,0.010246,0.990523,-0.166645,-0.985933,-0.012844,0.703395,-0.107973,-0.010626,0.702471,-0.000920,-0.022722,-0.007516,0.011563,0.017394,0.001667,-0.136746,-0.990523,0.012844,0.000000,0.000000,0.000000,-1,-0.129105,-0.976852,0.013580,0.003082,-0.132529,-0.001563,132.806152,188.589630,-783.909180,0,0
0.960000,-1.667771,1.433641,1.498076,0.976314,-0.168202,0.136084,-0.136365,0.009934,0.990609,-0.167974,-0.985702,-0.013238,0.703495,-0.108234,-0.011333,0.702319,0.000143,-0.042863,-0.004257,0.009283,0.012795,0.000403,-0.136084,-0.990609,0.013238,0.000000,0.000000,0.000000,-1,-0.130203,-0.976944,0.012390,-0.005424,-0.144188,0.000711,132.455750,191.034302,-785.245178,0,0
1.000000,-1.668674,1.434062,1.496812,0.976005,-0.170331,0.135656,-0.135935,0.010075,0.990666,-0.170108,-0.985335,-0.013320,0.703429,-0.108848,-0.012244,0.702275,-0.007313,-0.037571,-0.009520,-0.001521,0.014684,0.000962,-0.135656,-0.990666,0.013320,0.000000,0.000000,0.000000,-1,-0.141663,-0.977478,0.015427,-0.003308,-0.130413,-0.004694,133.857391,189.986588,-784.911194,0,0
1.040000,-1.669595,1.434000,1.496929,0.975859,-0.171123,0.135705,-0.135999,0.010064,0.990658,-0.170891,-0.985198,-0.013451,0.703428,-0.109152,-0.012505,0.702224,0.000161,-0.019542,-0.005420,-0.003592,0.014752,0.002296,-0.135705,-0.990658,0.013451,0.000000,0.000000,0.000000,-1,-0.138229,-0.974182,0.012192,0.005240,-0.116618,0.003660,133.331772,190.859680,-785.078186,0,0
1.080000,-1.670074,1.433634,1.496822,0.975709,-0.171696,0.136059,-0.136358,0.010106,0.990608,-0.171459,-0.985098,-0.013552,0.703412,-0.109486,-0.012581,0.702186,-0.002989,-0.008928,0.003088,-0.002048,0.017204,-0.001742,-0.136059,-0.990608,0.013552,0.000000,0.000000,0.000000,-1,-0.142685,-0.976288,0.010635,-0.008547,-0.103886,0.010137,132.630951,189.113495,-786.414185,0,0
1.120000,-1.664830,1.432993,1.491628,0.975630,-0.171590,0.136760,-0.136937,0.010864,0.990520,-0.171449,-0.985108,-0.012898,0.703147,-0.109695,-0.012334,0.702424,-0.009333,0.011228,0.010523,0.000026,0.008098,-0.002888,-0.136760,-0.990520,0.012898,0.000000,0.000000,0.000000,-1,-0.127823,-0.974991,-0.003738,-0.010638,-0.103871,0.019733,131.754929,190.335831,-785.913208,0,0
1.160000,-1.656166,1.432886,1.482556,0.975545,-0.171905,0.136973,-0.136939,0.012115,0.990505,-0.171932,-0.985039,-0.011722,0.702700,-0.109877,-0.012438,0.702840,0.005520,-0.042826,0.020165,0.006754,0.012615,-0.013568,-0.136973,-0.990505,0.011722,0.000000,0.000000,0.000000,-1,-0.136490,-0.977051,0.013199,0.000002,-0.150503,0.031527,132.105331,191.034302,-785.913208,0,0
1.200000,-1.655491,1.432131,1.480505,0.975204,-0.173231,0.137726,-0.137659,0.012463,0.990401,-0.173285,-0.984802,-0.011693,0.702573,-0.110626,-0.012653,0.702847,-0.011490,-0.035404,0.020321,0.001038,0.020247,-0.009694,-0.137726,-0.990401,0.011693,0.000000,0.000000,0.000000,-1,-0.141403,-0.978424,-0.003616,-0.025583,-0.121914,0.007215,132.280548,189.462723,-784.076172,0,0
1.240000,-1.644384,1.432401,1.468120,0.975020,-0.174376,0.137580,-0.137227,0.014140,0.990439,-0.174654,-0.984578,-0.010143,0.701966,-0.110975,-0.013203,0.703388,-0.011580,-0.023778,-0.015887,0.018852,0.030432,0.011677,-0.137580,-0.990439,0.010143,0.000000,0.000000,0.000000,-1,-0.125641,-0.961975,0.020630,0.009391,-0.161173,-0.014268,131.754929,190.335831,-784.577148,0,0
1.280000,-1.649104,1.433278,1.470306,0.974694,-0.176902,0.136665,-0.136394,0.013753,0.990559,-0.177112,-0.984132,-0.010724,0.702080,-0.111560,-0.014402,0.703158,-0.002063,-0.094813,-0.015674,-0.005623,0.019963,-0.016537,-0.136665,-0.990559,0.010724,0.000000,0.000000,0.000000,-1,-0.136856,-0.981598,-0.010529,-0.021475,-0.191924,-0.016980,132.280548,190.161209,-785.746216,0,0
1.320000,-1.639961,1.433927,1.458477,0.974306,-0.179444,0.136116,-0.135582,0.015293,0.990648,-0.179847,-0.983649,-0.009430,0.701506,-0.112268,-0.015585,0.703592,-0.034028,-0.078931,-0.031348,0.003654,0.005647,-0.020553,-0.136116,-0.990648,0.009429,0.000000,0.000000,0.000000,-1,-0.132019,-0.971649,-0.013947,-0.058724,-0.148485,-0.035913,132.981369,190.859680,-785.412170,0,0
1.360000,-1.604978,1.436397,1.420858,0.974186,-0.181735,0.133917,-0.132492,0.020016,0.990982,-0.182777,-0.983144,-0.004579,0.699777,-0.112260,-0.017455,0.705270,-0.084029,-0.051368,-0.035183,0.008704,0.024368,-0.021639,-0.133917,-0.990982,0.004579,0.000000,0.000000,0.000000,-1,-0.109756,-0.968597,-0.017975,-0.070442,-0.184530,-0.034557,131.754929,189.986588,-784.577148,0,0
1.400000,-1.578972,1.439612,1.391383,0.974003,-0.184958,0.130804,-0.128708,0.023343,0.991408,-0.186422,-0.982469,-0.001069,0.698521,-0.112261,-0.019906,0.706448,-0.047993,-0.106464,-0.055518,0.032308,0.024748,-0.017518,-0.130804,-0.991408,0.001069,0.000000,0.000000,0.000000,-1,-0.104294,-0.971725,-0.025543,-0.034412,-0.233331,-0.056008,131.054092,189.637344,-785.913208,0,0
1.440000,-1.558121,1.443898,1.363684,0.973288,-0.191560,0.126548,-0.123854,0.026025,0.991959,-0.193313,-0.981136,0.001604,0.697434,-0.113062,-0.023932,0.707269,-0.013993,-0.141429,-0.044064,0.011451,0.009385,-0.021498,-0.126548,-0.991959,-0.001604,0.000000,0.000000,0.000000,-1,-0.123764,-0.988083,-0.019638,-0.007718,-0.222686,-0.027630,131.054092,189.637344,-785.579224,0,0
1.480000,-1.556406,1.444030,1.357136,0.972370,-0.196253,0.126414,-0.123553,0.026807,0.991976,-0.198067,-0.980187,0.001819,0.697091,-0.114693,-0.025697,0.707283,0.047856,-0.130743,0.009462,-0.006505,0.020296,-0.019131,-0.126414,-0.991976,-0.001819,0.000000,0.000000,0.000000,-1,-0.127777,-0.965591,-0.015503,0.083891,-0.239573,0.022495,130.528488,190.161209,-785.078186,0,0
1.520000,-1.566985,1.443608,1.365104,0.971784,-0.198862,0.126845,-0.124172,0.025908,0.991922,-0.200542,-0.979685,0.000483,0.697387,-0.115802,-0.026419,0.706784,0.082958,-0.139212,0.017625,0.002516,0.027353,-0.010503,-0.126845,-0.991922,-0.000483,0.000000,0.000000,0.000000,-1,-0.131943,-0.975632,-0.009003,0.101957,-0.249114,0.022339,131.930130,190.510452,-785.078186,0,0
1.560000,-1.597832,1.442560,1.390301,0.970468,-0.204571,0.127838,-0.125807,0.022958,0.991789,-0.205826,-0.978582,-0.003457,0.698385,-0.118265,-0.027917,0.705331,0.097855,-0.156048,0.019750,-0.008621,0.014692,-0.009515,-0.127838,-0.991789,0.003457,0.000000,0.000000,0.000000,-1,-0.143188,-0.969437,-0.003693,0.106227,-0.268185,0.030887,131.579712,190.510452,-785.412170,0,0
1.600000,-1.639492,1.439645,1.424025,0.968401,-0.212551,0.130467,-0.129370,0.019125,0.991412,-0.213221,-0.976963,-0.008977,0.699688,-0.122169,-0.029568,0.703305,0.105313,-0.165576,0.029307,-0.009563,0.028857,-0.006322,-0.130467,-0.991412,0.008977,0.000000,0.000000,0.000000,-1,-0.139053,-0.961624,0.007584,0.106239,-0.246983,0.029728,129.302032,189.637344,-784.911194,0,0
1.640000,-1.672008,1.437360,1.451084,0.966915,-0.218076,0.132360,-0.132089,0.015889,0.991111,-0.218240,-0.975802,-0.013442,0.700797,-0.124916,-0.030637,0.701670,0.104238,-0.128482,0.020657,-0.014002,0.032126,-0.008926,-0.132360,-0.991111,0.013442,0.000000,0.000000,0.000000,-1,-0.159714,-0.962097,-0.003784,0.100918,-0.196111,0.017856,129.302032,189.637344,-784.911194,0,0
1.680000,-1.693208,1.434679,1.468856,0.965806,-0.221540,0.134682,-0.134993,0.013809,0.990750,-0.221351,-0.975053,-0.016570,0.701528,-0.127056,-0.030886,0.700544,0.087166,-0.074442,-0.000641,-0.029868,0.029294,-0.027327,-0.134682,-0.990750,0.016570,0.000000,0.000000,0.000000,-1,-0.165421,-0.966507,-0.021103,0.073224,-0.165395,-0.002188,130.353271,188.938873,-784.243164,0,0
1.720000,-1.690044,1.432968,1.463670,0.965125,-0.223439,0.136417,-0.136605,0.014690,0.990517,-0.223324,-0.974607,-0.016345,0.701210,-0.128365,-0.030985,0.700619,0.013718,-0.051141,-0.017984,-0.028592,0.023445,-0.037967,-0.136417,-0.990517,0.016345,0.000000,0.000000,0.000000,-1,-0.166489,-0.975693,-0.026093,-0.017124,-0.124052,-0.004570,130.703690,187.891144,-784.577148,0,0
1.760000,-1.665546,1.432027,1.438842,0.964926,-0.223507,0.137704,-0.137121,0.018199,0.990387,-0.223865,-0.974532,-0.013087,0.699967,-0.128802,-0.030773,0.701790,-0.028758,0.036873,-0.010441,-0.013801,0.017853,-0.036143,-0.137704,-0.990387,0.013087,0.000000,0.000000,0.000000,-1,-0.138611,-0.970932,-0.000488,-0.038316,0.016941,-0.014546,131.754929,190.335831,-784.577148,0,0
1.800000,-1.638812,1.432710,1.417191,0.966158,-0.218358,0.137329,-0.136027,0.021060,0.990481,-0.219172,-0.975642,-0.009355,0.699009,-0.126745,-0.029271,0.703183,-0.072302,0.191645,-0.024484,0.000122,0.022448,-0.005357,-0.137329,-0.990481,0.009355,0.000000,0.000000,0.000000,-1,-0.148605,-0.967865,0.025085,-0.095684,0.102808,-0.020684,131.054092,188.938873,-783.241150,0,0
1.840000,-1.589287,1.432077,1.374067,0.967510,-0.211685,0.138251,-0.135607,0.027028,0.990394,-0.213388,-0.976964,-0.002557,0.696965,-0.124573,-0.026952,0.705688,-0.186940,0.040142,0.051939,-0.008478,0.051505,0.043815,-0.138251,-0.990394,0.002557,0.000000,0.000000,0.000000,-1,-0.130203,-0.931030,0.036697,-0.137912,-0.132367,0.107426,131.404510,189.288101,-783.575195,0,0
1.880000,-1.564925,1.429785,1.348626,0.967017,-0.212429,0.140542,-0.137090,0.030969,0.990074,-0.214673,-0.976686,0.000825,0.695561,-0.125625,-0.026644,0.706897,-0.071948,-0.090162,0.120393,0.036294,0.046227,0.038255,-0.140542,-0.990074,-0.000825,0.000000,0.000000,0.000000,-1,-0.018433,-0.989929,-0.002197,0.017439,-0.204386,0.156033,130.703690,191.034302,-785.579224,0,0
1.920000,-1.574948,1.426728,1.353943,0.965560,-0.216981,0.143569,-0.140208,0.030890,0.989640,-0.219168,-0.975687,-0.000596,0.695569,-0.128380,-0.027172,0.706374,0.060895,-0.149533,0.118092,0.133666,-0.034713,-0.005387,-0.143569,-0.989640,0.000596,0.000000,0.000000,0.000000,-1,-0.050659,-1.080521,-0.008850,0.047959,-0.240547,0.080336,130.528488,190.859680,-785.412170,0,0
1.960000,-1.589289,1.429556,1.365285,0.965269,-0.220103,0.140747,-0.137808,0.028727,0.990042,-0.221955,-0.975053,-0.002603,0.696266,-0.128511,-0.029158,0.705584,0.047314,0.091793,-0.149862,0.037231,-0.060998,-0.016290,-0.140747,-0.990042,0.002603,0.000000,0.000000,0.000000,-1,-0.116455,-1.021835,-0.007507,0.072815,0.086694,-0.162879,130.353271,189.986588,-784.577148,0,0
2.000000,-1.603655,1.434238,1.387216,0.967520,-0.213055,0.136061,-0.133847,0.024852,0.990690,-0.214453,-0.976724,-0.004472,0.697700,-0.124302,-0.028089,0.704964,0.138943,0.330347,-0.146629,0.000105,0.018919,-0.000246,-0.136061,-0.990690,0.004472,0.000000,0.000000,0.000000,-1,-0.095856,-0.950775,0.057770,0.199776,0.310509,-0.090828,132.105331,190.335831,-783.575195,0,0
2.040000,-1.654508,1.438530,1.455150,0.971548,-0.197036,0.131419,-0.131000,0.015218,0.991266,-0.197315,-0.980278,-0.011027,0.701313,-0.116936,-0.023490,0.702805,0.257372,0.471474,-0.067745,0.103801,0.073694,0.058217,-0.131419,-0.991266,0.011027,0.000000,0.000000,0.000000,-1,-0.001495,-0.932068,0.062180,0.287212,0.394343,-0.040048,132.981369,189.462723,-784.410156,0,0
2.080000,-1.730956,1.439181,1.549910,0.975120,-0.179880,0.129556,-0.131207,0.002741,0.991351,-0.178680,-0.983685,-0.020929,0.705923,-0.110171,-0.017397,0.699452,0.307643,0.336987,0.038650,0.135828,0.048984,0.025214,-0.129556,-0.991351,0.020929,0.000000,0.000000,0.000000,-1,-0.000259,-0.961151,-0.005875,0.321476,0.157027,0.073399,132.105331,189.637344,-783.241150,0,0
2.120000,-1.814575,1.435082,1.640227,0.975938,-0.174085,0.131297,-0.134972,-0.009386,0.990805,-0.171252,-0.984686,-0.032657,0.710278,-0.108780,-0.014063,0.695323,0.353570,0.029715,0.161814,0.129466,0.024039,-0.044071,-0.131297,-0.990805,0.032657,0.000000,0.000000,0.000000,-1,-0.012451,-0.995972,-0.027237,0.355846,-0.047391,0.207972,132.981369,189.462723,-783.408142,0,0
2.160000,-1.893355,1.423247,1.721840,0.975139,-0.172226,0.139433,-0.145341,-0.022121,0.989134,-0.167270,-0.984809,-0.046603,0.714819,-0.111066,-0.009736,0.690365,0.371908,0.057377,0.226374,0.119062,-0.012804,-0.076358,-0.139433,-0.989134,0.046603,0.000000,0.000000,0.000000,-1,-0.060440,-0.991394,-0.041397,0.371916,-0.043102,0.239687,134.032608,189.811966,-782.740112,0,0
2.200000,-1.955138,1.409106,1.786679,0.974033,-0.170253,0.149242,-0.157250,-0.034485,0.986957,-0.162886,-0.984797,-0.060362,0.719180,-0.113846,-0.004743,0.685417,0.333752,0.059543,0.257633,0.079097,0.006244,-0.102598,-0.149242,-0.986957,0.060362,0.000000,0.000000,0.000000,-1,-0.078720,-0.963287,-0.029587,0.314598,-0.043066,0.264784,132.105331,188.938873,-782.573120,0,1
2.240000,-1.981641,1.397842,1.815410,0.972945,-0.168779,0.157773,-0.166970,-0.041678,0.985081,-0.159686,-0.984772,-0.068731,0.721691,-0.116307,-0.000663,0.682374,0.225202,0.015003,0.248365,0.082577,0.023243,-0.092672,-0.157773,-0.985081,0.068731,0.000000,0.000000,0.000000,-1,-0.067749,-0.963516,-0.016220,0.173032,-0.087649,0.230379,132.280548,187.367294,-781.404114,0,0
2.280000,-1.988090,1.390153,1.823329,0.972054,-0.167733,0.164246,-0.173964,-0.044890,0.983728,-0.157631,-0.984810,-0.072815,0.722800,-0.118185,0.002288,0.680872,0.116550,0.075352,0.190748,0.101120,0.014643,-0.088211,-0.164246,-0.983728,0.072815,0.000000,0.000000,0.000000,-1,-0.041214,-0.994064,-0.013077,0.097416,0.020406,0.173284,132.630951,188.764252,-782.406128,0,0
2.320000,-1.983299,1.387438,1.825874,0.972774,-0.160651,0.167038,-0.176433,-0.046006,0.983237,-0.150273,-0.985938,-0.073098,0.723166,-0.116531,0.005796,0.680748,0.101442,0.257583,0.103878,0.130082,-0.021310,-0.086754,-0.167038,-0.983237,0.073098,0.000000,0.000000,0.000000,-1,-0.021240,-1.023880,-0.023010,0.121725,0.239745,0.090120,132.981369,187.367294,-781.738159,0,0
2.360000,-1.980204,1.386722,1.836444,0.974730,-0.147335,0.167910,-0.176616,-0.048053,0.983106,-0.136777,-0.987919,-0.072861,0.723817,-0.111890,0.010753,0.680775,0.088663,0.348748,0.090782,0.150668,-0.074618,-0.096512,-0.167910,-0.983106,0.072861,0.000000,0.000000,0.000000,-1,-0.011688,-1.186249,-0.004608,-0.028475,0.060505,0.048972,133.506989,189.637344,-783.909180,0,0
2.400000,-1.970418,1.386025,1.831441,0.975207,-0.142572,0.169246,-0.177517,-0.047346,0.982978,-0.132132,-0.988651,-0.071481,0.723539,-0.110598,0.012824,0.681245,-0.033417,-0.091458,-0.052678,0.191127,-0.213692,-0.097680,-0.169246,-0.982978,0.071481,0.000000,0.000000,0.000000,-1,0.075577,-1.189514,-0.078461,-0.008991,-0.284243,-0.070951,131.930130,188.764252,-782.072144,0,0
2.440000,-1.973639,1.392076,1.810742,0.974006,-0.156034,0.164213,-0.172678,-0.042247,0.984072,-0.146611,-0.986848,-0.068092,0.721863,-0.113841,0.006096,0.682581,-0.331463,-0.341739,-0.096131,0.179197,-0.207670,-0.143044,-0.164213,-0.984072,0.068092,0.000000,0.000000,0.000000,-1,-0.038132,-1.133362,-0.038574,-0.636701,-0.477327,-0.147195,132.455750,189.637344,-784.577148,0,0
2.480000,-1.886774,1.402604,1.721190,0.973061,-0.166838,0.159113,-0.165510,-0.025081,0.985889,-0.160493,-0.985665,-0.052019,0.715919,-0.116057,-0.000482,0.688470,-0.835890,-0.414013,-0.209381,0.083307,-0.131970,-0.062212,-0.159113,-0.985889,0.052019,0.000000,0.000000,0.000000,-1,-0.209366,-1.009064,0.078201,-1.201064,-0.582616,-0.359625,132.455750,190.335831,-783.241150,0,0
2.520000,-1.615306,1.426108,1.427728,0.972127,-0.184991,0.144041,-0.142711,0.020558,0.989551,-0.186019,-0.982525,-0.006415,0.699640,-0.117097,-0.015000,0.704675,-1.491667,-0.423662,-0.456190,-0.094744,0.009540,0.058450,-0.144041,-0.989551,0.006415,0.000000,0.000000,0.000000,-1,-0.291275,-0.927673,-0.045090,-1.648955,-0.402561,-0.474637,132.105331,193.129745,-784.577148,0,0
2.560000,-1.081425,1.430946,0.882354,0.973596,-0.192284,0.123034,-0.107646,0.088563,0.990237,-0.201303,-0.977335,0.065526,0.674446,-0.111176,-0.029012,0.729329,-2.072446,-0.000892,-0.618700,-0.173932,0.050997,-0.005168,-0.123034,-0.990237,-0.065526,0.000000,0.000000,0.000000,-1,-0.358856,-0.971008,-0.067444,-2.212647,-0.089987,-0.594290,132.280548,196.098282,-787.082214,0,0
2.600000,-0.580468,1.388230,0.376218,0.975865,-0.194356,0.099567,-0.066704,0.168856,0.983381,-0.207939,-0.966288,0.151816,0.643271,-0.101458,-0.042118,0.757716,-2.183797,0.050092,-0.553880,-0.231030,0.019575,0.097251,-0.099567,-0.983381,-0.151816,0.000000,0.000000,0.000000,-1,-0.320007,-0.872757,-0.098251,-2.046847,-0.047186,-0.334636,133.506989,198.717590,-787.917236,0,0
2.640000,-0.348761,1.307488,0.137356,0.976124,-0.198167,0.088945,-0.035638,0.257825,0.965534,-0.214269,-0.945651,0.244607,0.606979,-0.096299,-0.051618,0.787171,-1.576657,-0.208693,0.083082,-0.121168,0.003864,0.092904,-0.088945,-0.965534,-0.244607,0.000000,0.000000,0.000000,-1,-0.080597,-1.076218,-0.130264,-1.459388,-0.329506,0.162238,133.156570,203.956192,-789.921265,0,0
2.680000,-0.317421,1.267334,0.097406,0.974507,-0.204051,0.093269,-0.029061,0.297410,0.954307,-0.222466,-0.932690,0.295281,0.585362,-0.098545,-0.056257,0.802792,-1.195815,-0.097736,-0.163080,0.104233,-0.083259,0.150948,-0.092361,-0.950935,-0.295281,0.000000,0.000000,0.000000,-1,-0.062225,-0.928955,-0.213638,-1.069663,-0.036522,-0.303969,131.229309,204.480057,-790.088257,0,0
2.720000,-0.251765,1.227323,0.028011,0.974664,-0.207347,0.083891,-0.009432,0.336627,0.941591,-0.223476,-0.918526,0.326143,0.572690,-0.094632,-0.060934,0.812009,-0.985854,0.066330,-0.342712,0.006850,0.039750,0.094865,-0.083891,-0.941591,-0.326143,0.000000,0.000000,0.000000,-1,-0.106949,-0.841583,-0.273743,-0.741452,-0.081156,-0.377591,132.280548,206.575485,-790.088257,0,0
2.760000,-0.195549,1.203929,-0.032374,0.974556,-0.213032,0.069696,0.011610,0.358505,0.933456,-0.223842,-0.908896,0.351857,0.562182,-0.089571,-0.068548,0.819286,-0.403560,-0.119272,-0.391905,-0.049353,0.118514,0.065693,-0.069696,-0.933456,-0.351857,0.000000,0.000000,0.000000,-1,-0.159073,-0.737686,-0.287445,-0.247175,-0.330260,-0.353194,134.558212,207.099350,-791.925293,0,0
2.800000,-0.180629,1.202570,-0.062993,0.971229,-0.229201,0.064667,0.022660,0.359247,0.932967,-0.237069,-0.904659,0.354105,0.560775,-0.092078,-0.076859,0.819235,0.144653,-0.474054,-0.138926,-0.087250,0.218368,0.059717,-0.064667,-0.932967,-0.354105,0.000000,0.000000,0.000000,-1,-0.138214,-0.693329,-0.314026,0.269330,-0.624555,-0.062909,133.506989,207.099350,-790.923279,0,0
2.840000,-0.214854,1.219448,-0.050709,0.965605,-0.249444,0.073377,0.017445,0.343722,0.938909,-0.259427,-0.905336,0.336251,0.566929,-0.102305,-0.082043,0.813262,0.663359,-0.620995,0.141096,-0.043154,0.213049,0.010140,-0.073377,-0.938909,-0.336251,0.000000,0.000000,0.000000,-1,-0.063690,-0.789108,-0.355621,0.857180,-0.733323,0.219370,131.229309,205.178528,-790.088257,0,0
2.880000,-0.306864,1.259593,0.015708,0.957685,-0.272553,0.092495,-0.004810,0.306166,0.951966,-0.287780,-0.912128,0.291900,0.583013,-0.118935,-0.083739,0.799336,0.978484,-0.458659,0.220924,0.061184,0.099915,-0.074265,-0.092495,-0.951966,-0.291900,0.000000,0.000000,0.000000,-1,-0.016830,-0.913696,-0.356201,0.920208,-0.410997,0.233176,129.302032,203.956192,-789.253235,0,0
2.920000,-0.359218,1.281358,0.064480,0.955936,-0.275897,0.100335,-0.018391,0.284821,0.958404,-0.292998,-0.918018,0.267197,0.592435,-0.124185,-0.081301,0.791826,0.744875,0.001444,0.204400,0.074471,0.048660,-0.097763,-0.100335,-0.958404,-0.267197,0.000000,0.000000,0.000000,-1,-0.068176,-0.909134,-0.379410,0.675817,0.042686,0.177445,129.652451,203.606949,-789.587280,0,0
2.960000,-0.398315,1.300149,0.113114,0.958011,-0.267322,0.103698,-0.030177,0.265646,0.963598,-0.285138,-0.926267,0.246425,0.601236,-0.123703,-0.075444,0.785825,0.460702,0.188928,0.090738,0.002822,0.000967,-0.155949,-0.103698,-0.963598,-0.246425,0.000000,0.000000,0.000000,-1,-0.126236,-0.967300,-0.390228,0.089412,0.022301,0.023379,130.178070,202.733856,-789.086243,0,0
3.000000,-0.393944,1.295978,0.115513,0.959828,-0.260539,0.104162,-0.031277,0.269564,0.962474,-0.278840,-0.927068,0.250586,0.599933,-0.121604,-0.072791,0.787397,-0.213748,0.230132,-0.000931,-0.028056,0.021816,-0.132669,-0.104162,-0.962474,-0.250586,0.000000,0.000000,0.000000,-1,-0.058029,-0.864777,-0.368332,-0.217828,0.162208,-0.000459,130.178070,203.432327,-788.084229,0,0
3.040000,-0.356048,1.287896,0.086281,0.962639,-0.252703,0.097301,-0.024055,0.278103,0.960250,-0.269718,-0.926715,0.261634,0.596427,-0.116006,-0.072271,0.790945,0.084281,0.120727,-0.148429,0.062725,0.097457,-0.119576,-0.097301,-0.960250,-0.261634,0.000000,0.000000,0.000000,-1,-0.131744,-1.099182,-0.401611,0.242740,0.017731,-0.197416,131.229309,204.130814,-788.084229,0,0
3.080000,-0.332316,1.302519,0.074859,0.966168,-0.242985,0.086475,-0.019824,0.264329,0.964229,-0.257151,-0.933321,0.250569,0.602343,-0.109078,-0.070838,0.787570,0.362771,0.614612,-0.266481,-0.002713,-0.305607,0.163197,-0.086475,-0.964229,-0.250569,0.000000,0.000000,0.000000,-1,-0.268112,-1.174591,-0.125183,0.426536,0.464952,-0.324851,133.857391,202.559235,-788.919250,0,1
3.120000,-0.291445,1.319770,0.053861,0.971425,-0.226363,0.071374,-0.013373,0.248038,0.968658,-0.236972,-0.941933,0.237923,0.609398,-0.098349,-0.067935,0.783803,0.205833,0.284089,-0.088810,-0.258964,-0.265458,0.081627,-0.071374,-0.968658,-0.237923,0.000000,0.000000,0.000000,-1,-0.307724,-0.878845,-0.152466,0.038417,-0.037038,0.045484,131.579712,202.035370,-788.418213,0,0
3.160000,-0.324611,1.321346,0.091335,0.972014,-0.221335,0.078737,-0.022517,0.245843,0.969048,-0.233841,-0.943701,0.233979,0.610777,-0.099812,-0.063486,0.782917,0.204685,0.157719,0.480862,-0.193571,0.099480,0.153748,-0.078737,-0.969048,-0.233979,0.000000,0.000000,0.000000,-1,-0.122803,-0.871185,0.038635,0.273565,0.113334,0.630449,133.331772,203.781570,-787.750244,0,0
3.200000,-0.435253,1.326730,0.211759,0.972503,-0.209420,0.101889,-0.050790,0.236253,0.970363,-0.227286,-0.948856,0.219120,0.615859,-0.105629,-0.050903,0.779082,0.606992,0.172733,0.591242,0.118262,0.027507,0.302357,-0.101889,-0.970363,-0.219120,0.000000,0.000000,0.000000,-1,-0.029480,-1.023560,0.011032,0.780725,0.156382,0.344907,133.156570,201.511505,-786.915222,0,0
3.240000,-0.533570,1.347521,0.322762,0.973858,-0.197277,0.112619,-0.070233,0.209991,0.975177,-0.216029,-0.957594,0.190646,0.627140,-0.106639,-0.041223,0.770470,0.787090,0.192191,0.132834,0.003900,-0.026364,0.176974,-0.112619,-0.975177,-0.190646,0.000000,0.000000,0.000000,-1,-0.150131,-0.944824,-0.018860,0.823065,-0.042315,0.052815,134.032608,200.289169,-786.414185,0,0
3.280000,-0.639423,1.377331,0.431780,0.973861,-0.196043,0.114728,-0.080459,0.174615,0.981344,-0.212418,-0.964923,0.154278,0.641281,-0.107793,-0.038084,0.758741,1.056791,0.060631,0.067696,0.011747,0.054144,0.125683,-0.114728,-0.981344,-0.154278,0.000000,0.000000,0.000000,-1,-0.006729,-0.931412,-0.067093,1.031519,0.036148,0.055482,132.455750,199.066833,-785.245178,0,0
3.320000,-0.771490,1.405477,0.571689,0.974963,-0.190480,0.114737,-0.089039,0.138399,0.986366,-0.203763,-0.971886,0.117973,0.655475,-0.106610,-0.033955,0.746883,0.814142,0.099744,-0.005330,0.158133,0.102745,-0.017052,-0.114737,-0.986366,-0.117974,0.000000,0.000000,0.000000,-1,0.010605,-0.884171,-0.054810,0.644659,-0.051774,0.110137,132.806152,196.622147,-784.243164,0,0
3.360000,-0.907437,1.419125,0.711688,0.974994,-0.187652,0.119048,-0.098679,0.114415,0.988520,-0.199119,-0.975549,0.093036,0.664745,-0.107685,-0.030113,0.738655,0.538473,0.071424,0.202070,0.133773,0.091975,0.054172,-0.119048,-0.988520,-0.093036,0.000000,0.000000,0.000000,-1,-0.005737,-0.952652,0.002853,0.500426,-0.055873,0.206416,132.806152,197.669876,-783.575195,0,0
3.400000,-1.047334,1.425632,0.851113,0.973960,-0.188960,0.125285,-0.108783,0.095349,0.989482,-0.198918,-0.977345,0.072311,0.671993,-0.110768,-0.027393,0.731714,0.604835,-0.193794,0.091909,0.097316,0.043742,0.067077,-0.125285,-0.989482,-0.072311,0.000000,0.000000,0.000000,-1,-0.053436,-0.933701,-0.054581,0.732598,-0.350782,0.090307,132.455750,196.272903,-783.909180,0,0
3.440000,-1.217136,1.433111,1.015641,0.972224,-0.195455,0.128756,-0.116638,0.072341,0.990536,-0.202919,-0.978041,0.047535,0.680505,-0.114655,-0.027246,0.723205,0.909086,-0.185238,0.138511,0.055865,0.040784,-0.032528,-0.128756,-0.990536,-0.047535,0.000000,0.000000,0.000000,-1,-0.114883,-0.961975,-0.090683,0.908544,-0.195828,0.197231,131.930130,195.749054,-781.738159,0,0
3.480000,-1.509254,1.427440,1.312274,0.970764,-0.193092,0.142595,-0.138118,0.036524,0.989742,-0.196319,-0.980501,0.008787,0.693803,-0.119346,-0.019358,0.709943,0.584834,0.128914,0.361921,-0.018400,0.031597,-0.075747,-0.142595,-0.989742,-0.008787,0.000000,0.000000,0.000000,-1,-0.112305,-1.019623,-0.044006,0.495779,-0.000491,0.373221,132.630951,196.098282,-782.072144,0,1
3.520000,-1.623851,1.413547,1.430113,0.969092,-0.190800,0.156382,-0.155055,0.021959,0.987662,-0.191880,-0.981383,-0.008305,0.699185,-0.123664,-0.012693,0.704050,0.382551,0.001612,0.313666,0.075678,-0.053552,-0.036213,-0.156382,-0.987662,0.008305,0.000000,0.000000,0.000000,-1,-0.006500,-1.098419,-0.025269,0.311369,-0.101375,0.266146,130.703690,196.971390,-781.571167,0,0
3.560000,-1.677632,1.404886,1.484606,0.967826,-0.190654,0.164209,-0.164538,0.014217,0.986268,-0.190371,-0.981554,-0.017610,0.702001,-0.126493,-0.009317,0.700791,0.230282,0.014384,0.227107,0.157709,-0.112151,-0.042879,-0.164209,-0.986268,0.017610,0.000000,0.000000,0.000000,-1,-0.009949,-1.128571,-0.057724,0.132458,-0.076060,0.181843,130.353271,196.272903,-781.905151,0,0
3.600000,-1.641779,1.410207,1.447188,0.968390,-0.191783,0.159497,-0.158680,0.019715,0.987133,-0.192460,-0.981239,-0.011341,0.700003,-0.125165,-0.011772,0.702987,-0.378246,-0.172717,-0.113270,0.104139,-0.224216,-0.078388,-0.159497,-0.987133,0.011341,0.000000,0.000000,0.000000,-1,-0.014557,-1.234344,-0.069534,-0.513484,-0.379860,-0.196860,131.229309,194.701324,-781.404114,0,0
3.640000,-1.417580,1.424578,1.208519,0.968365,-0.203804,0.143991,-0.136241,0.051636,0.989329,-0.209064,-0.977649,0.022236,0.688203,-0.123526,-0.023639,0.714534,-1.032320,-0.215637,-0.446256,0.141352,-0.081304,-0.017589,-0.143991,-0.989329,-0.022236,0.000000,0.000000,0.000000,-1,-0.103561,-1.067612,-0.020752,-1.567357,-0.211887,-0.584896,131.054092,198.368347,-782.573120,0,0
3.680000,-1.223705,1.428302,1.009414,0.969060,-0.207581,0.133544,-0.120216,0.075601,0.989865,-0.215573,-0.975292,0.048307,0.679182,-0.120659,-0.030194,0.723355,-1.568620,-0.110901,-0.589738,0.029982,-0.077747,0.027556,-0.133544,-0.989865,-0.048307,0.000000,0.000000,0.000000,-1,-0.222473,-1.095993,-0.138321,-1.878263,-0.290506,-0.690678,130.353271,199.416077,-782.573120,0,0
3.720000,-0.511215,1.381671,0.281244,0.971252,-0.219568,0.091977,-0.052180,0.180613,0.982169,-0.232265,-0.958733,0.163964,0.637706,-0.106533,-0.054998,0.760892,-2.847999,-0.146475,-0.965861,-0.259815,-0.078027,-0.076499,-0.091977,-0.982169,-0.163964,0.000000,0.000000,0.000000,-1,-0.465805,-0.914780,-0.106598,-2.762697,-0.470015,-0.902436,130.528488,202.733856,-784.076172,0,0
3.760000,-0.266455,1.297702,0.008586,0.966852,-0.245263,0.071019,-0.002316,0.269703,0.962941,-0.255328,-0.931186,0.260195,0.599365,-0.103267,-0.076877,0.790055,-2.112122,-0.524989,-0.279783,-0.361553,0.053792,0.186235,-0.071019,-0.962941,-0.260195,0.000000,0.000000,0.000000,-1,-0.182114,-1.063797,-0.183350,-1.583020,-0.341288,0.083875,132.455750,206.051636,-786.915222,0,0
3.800000,-0.236045,1.249269,-0.030846,0.964965,-0.251755,0.073903,0.009746,0.315865,0.948754,-0.262197,-0.914794,0.307253,0.579191,-0.104460,-0.081275,0.804376,-1.418942,0.046086,0.166334,-0.108211,-0.115043,0.123903,-0.073903,-0.948754,-0.307253,0.000000,0.000000,0.000000,-1,-0.068039,-1.009262,-0.213669,-1.331146,0.231439,0.223180,132.280548,209.020172,-786.080200,0,0
3.840000,-0.196998,1.185449,-0.053370,0.969587,-0.233428,0.073570,0.020051,0.375346,0.926668,-0.243924,-0.897010,0.368611,0.553541,-0.096369,-0.076938,0.823642,-1.132570,0.258852,-0.060099,-0.017037,-0.037871,0.136494,-0.073570,-0.926668,-0.368611,0.000000,0.000000,0.000000,-1,-0.096451,-0.753021,-0.218643,-0.955114,0.035868,-0.108771,131.229309,210.766373,-787.082214,0,0
3.880000,-0.156829,1.157183,-0.094312,0.969870,-0.235397,0.062775,0.037850,0.400135,0.915674,-0.240665,-0.885709,0.396988,0.541467,-0.091209,-0.082134,0.831714,-0.223631,0.018876,-0.314753,-0.052658,0.211283,0.193482,-0.062775,-0.915674,-0.396988,0.000000,0.000000,0.000000,-1,-0.176987,-0.675735,-0.207138,0.111449,-0.144642,-0.302671,130.528488,209.718658,-785.746216,0,0
3.920000,-0.138239,1.160551,-0.115901,0.969202,-0.240055,0.054959,0.046122,0.396158,0.917023,-0.241909,-0.886246,0.395029,0.542682,-0.089340,-0.086123,0.830721,0.301681,-0.113561,-0.260377,-0.139911,0.266724,0.181757,-0.054959,-0.917023,-0.395029,0.000000,0.000000,0.000000,-1,-0.214981,-0.632721,-0.234451,0.704184,-0.432702,-0.098352,131.930130,209.369415,-785.746216,0,0
3.960000,-0.170605,1.200874,-0.101989,0.964245,-0.257806,0.061382,0.036810,0.359664,0.932356,-0.262443,-0.896760,0.356294,0.558634,-0.098900,-0.089979,0.818566,1.151523,-0.549650,0.208769,-0.120732,0.285810,0.097062,-0.061382,-0.932356,-0.356294,0.000000,0.000000,0.000000,-1,-0.123779,-0.709610,-0.249191,1.216888,-0.615528,0.289334,131.054092,209.544037,-785.245178,0,0
4.000000,-0.227820,1.234290,-0.055173,0.960923,-0.266582,0.074575,0.018208,0.329689,0.943914,-0.276218,-0.905670,0.321660,0.572183,-0.108520,-0.088102,0.808126,1.160693,-0.323629,0.339549,-0.028544,0.180486,0.057881,-0.074575,-0.943914,-0.321660,0.000000,0.000000,0.000000,-1,-0.063217,-0.898895,-0.348572,1.055562,-0.224322,0.282964,129.302032,206.750107,-784.577148,0,0
4.040000,-0.296520,1.271873,0.013507,0.960043,-0.266294,0.086049,-0.003977,0.294464,0.955654,-0.279823,-0.917812,0.281639,0.588205,-0.114871,-0.082359,0.796264,0.961765,0.112994,0.219571,0.019810,0.018520,-0.081276,-0.086049,-0.955654,-0.281639,0.000000,0.000000,0.000000,-1,-0.077179,-1.056900,-0.412277,0.671501,0.181506,0.132190,129.652451,205.702393,-783.575195,0,0
4.080000,-0.322565,1.293827,0.052190,0.963041,-0.255028,0.086681,-0.014264,0.273070,0.961889,-0.268978,-0.927574,0.259339,0.598045,-0.112572,-0.076205,0.789850,0.268809,0.345826,-0.048281,-0.010151,-0.110865,-0.162322,-0.086681,-0.961888,-0.259339,0.000000,0.000000,0.000000,-1,-0.194443,-0.969238,-0.416992,0.049791,0.269140,-0.102817,130.703690,206.051636,-782.239136,0,0
4.120000,-0.286202,1.292089,0.032547,0.967647,-0.240056,0.077667,-0.008952,0.274967,0.961412,-0.252148,-0.931003,0.263922,0.597653,-0.104161,-0.072986,0.791602,-0.156583,0.516411,-0.115632,-0.099335,0.050066,-0.121866,-0.077667,-0.961412,-0.263922,0.000000,0.000000,0.000000,-1,-0.053528,-0.806320,-0.339005,-0.039418,0.410143,-0.105661,131.579712,205.877014,-782.072144,0,0
4.160000,-0.244062,1.303230,0.017543,0.974303,-0.215990,0.063888,-0.004638,0.264344,0.964417,-0.225192,-0.939931,0.256550,0.602787,-0.091503,-0.066900,0.789810,0.709602,0.667885,-0.215199,-0.011872,0.063233,-0.064388,-0.063888,-0.964417,-0.256550,0.000000,0.000000,0.000000,-1,-0.164139,-1.435852,-0.156479,0.851744,0.649779,-0.096354,130.878891,204.130814,-782.406128,0,1
4.200000,-0.224024,1.325949,0.019626,0.979053,-0.196353,0.053852,-0.004757,0.242362,0.970174,-0.203548,-0.950109,0.236351,0.612442,-0.082094,-0.061106,0.783863,0.514721,0.688951,-0.304626,-0.034008,-0.473933,0.180916,-0.053852,-0.970174,-0.236351,0.000000,0.000000,0.000000,-1,-0.285660,-1.124817,-0.170425,0.252043,0.450058,-0.356900,133.857391,202.908463,-781.571167,0,0
4.240000,-0.180773,1.333613,-0.007447,0.982376,-0.182077,0.042245,0.001750,0.234959,0.972004,-0.186905,-0.954799,0.231137,0.615687,-0.073222,-0.058740,0.782380,-0.026626,0.191144,0.030149,-0.316703,-0.150128,0.029980,-0.042245,-0.972004,-0.231137,0.000000,0.000000,0.000000,-1,-0.270493,-0.922409,-0.220154,-0.086667,-0.023114,0.141470,135.784668,204.480057,-782.072144,0,0
