0.000000,2.090715,1.379280,-1.920823,0.970698,0.174517,-0.165195,0.178805,-0.065274,0.981717,0.160543,-0.982488,-0.094566,0.729818,0.121031,-0.001593,0.672840,-0.009771,-0.013410,-0.010866,-0.015338,0.015378,0.004524,0.165195,-0.981717,0.094566,0.000000,0.000000,0.000000,-1,0.158371,-0.963394,0.095245,-0.033073,-0.004425,-0.021033,61.878784,147.313675,-509.468567,0,0
0.040000,2.090676,1.379349,-1.920927,0.970733,0.174374,-0.165140,0.178736,-0.065270,0.981730,0.160410,-0.982514,-0.094527,0.729817,0.120958,-0.001621,0.672855,-0.009744,-0.007035,-0.008756,-0.010325,0.017954,0.002168,0.165140,-0.981730,0.094527,0.000000,0.000000,0.000000,-1,0.165497,-0.965164,0.097290,-0.034117,0.005078,-0.024257,63.109329,146.434708,-510.306519,0,0
0.080000,2.088265,1.378978,-1.918297,0.970603,0.174579,-0.165684,0.179249,-0.064924,0.981659,0.160621,-0.982500,-0.094308,0.729698,0.121224,-0.001735,0.672936,-0.015025,0.008825,-0.011972,0.003048,0.016815,0.001410,0.165684,-0.981659,0.094308,0.000000,0.000000,0.000000,-1,0.167191,-0.968414,0.093613,-0.042625,0.007208,-0.023134,61.175613,146.258926,-510.809296,0,0
0.120000,2.082440,1.378898,-1.912169,0.970457,0.174808,-0.166299,0.179717,-0.063850,0.981644,0.160981,-0.982530,-0.093380,0.729330,0.121524,-0.001823,0.673281,-0.023559,0.002482,-0.010819,-0.006783,0.013855,0.001118,0.166299,-0.981644,0.093380,0.000000,0.000000,0.000000,-1,0.161118,-0.965332,0.098709,-0.046873,0.009347,-0.020978,61.878784,146.258926,-508.463074,0,0
0.160000,2.080507,1.378912,-1.909805,0.970357,0.175201,-0.166468,0.179855,-0.063421,0.981647,0.161428,-0.982488,-0.093052,0.729183,0.121731,-0.001728,0.673403,-0.011916,0.009950,-0.009887,-0.003672,0.018344,0.002163,0.166468,-0.981647,0.093052,0.000000,0.000000,0.000000,-1,0.169144,-0.963562,0.092606,-0.034085,0.014620,-0.023228,62.757751,146.083130,-509.971344,0,0
0.200000,2.078157,1.378536,-1.906995,0.970185,0.175640,-0.167008,0.180381,-0.063037,0.981575,0.161876,-0.982434,-0.092840,0.729051,0.122084,-0.001760,0.673481,-0.016157,0.017345,-0.012016,0.005446,0.016853,-0.000387,0.167008,-0.981575,0.092840,0.000000,0.000000,0.000000,-1,0.160034,-0.962402,0.096268,-0.048979,0.023047,-0.028470,62.230362,145.907333,-510.809296,0,0
0.240000,2.075194,1.378298,-1.902993,0.969924,0.176625,-0.167487,0.180853,-0.062391,0.981529,0.162913,-0.982299,-0.092457,0.728830,0.122620,-0.001569,0.673624,-0.017194,0.026858,-0.014174,-0.009559,0.019066,0.002635,0.167487,-0.981529,0.092457,0.000000,0.000000,0.000000,-1,0.160431,-0.965714,0.086670,-0.035120,0.027300,-0.026463,62.406158,145.731537,-509.636169,0,0
0.280000,2.072994,1.378561,-1.899917,0.969780,0.177433,-0.167464,0.180799,-0.061751,0.981580,0.163824,-0.982194,-0.091964,0.728611,0.122916,-0.001249,0.673807,-0.019330,0.018465,-0.005599,-0.003279,0.015073,-0.005722,0.167464,-0.981580,0.091964,0.000000,0.000000,0.000000,-1,0.172302,-0.961716,0.094162,-0.048958,0.022077,-0.018879,62.933533,145.555756,-511.144470,0,0
0.320000,2.068400,1.378445,-1.894262,0.969511,0.178411,-0.167985,0.181254,-0.060763,0.981557,0.164913,-0.982078,-0.091248,0.728272,0.123465,-0.001054,0.674073,-0.019411,0.028057,-0.005678,0.004318,0.019842,0.002914,0.167985,-0.981557,0.091248,0.000000,0.000000,0.000000,-1,0.174164,-0.975098,0.081009,-0.014824,0.047438,-0.024565,61.702988,145.379959,-509.971344,0,0
0.360000,2.068006,1.377316,-1.891490,0.968898,0.180771,-0.168994,0.182473,-0.060610,0.981341,0.167155,-0.981656,-0.091711,0.728220,0.124702,-0.000631,0.673902,0.003018,0.057647,-0.012363,0.002087,0.006838,-0.013738,0.168994,-0.981341,0.091711,0.000000,0.000000,0.000000,-1,0.162964,-0.965149,0.086090,-0.037152,0.056986,-0.023363,62.054581,147.841049,-509.636169,0,0
0.400000,2.065764,1.377570,-1.887588,0.968607,0.182336,-0.168980,0.182471,-0.059820,0.981390,0.168834,-0.981415,-0.091213,0.727949,0.125286,-0.000050,0.674087,-0.026803,0.051349,-0.006780,-0.009403,0.018667,-0.003078,0.168980,-0.981390,0.091213,0.000000,0.000000,0.000000,-1,0.161407,-0.960190,0.095154,-0.037173,0.040148,-0.011581,63.460907,147.841049,-510.641724,0,0
0.440000,2.068039,1.377843,-1.888251,0.968386,0.183912,-0.168537,0.182177,-0.059857,0.981442,0.170411,-0.981118,-0.091470,0.727962,0.125724,0.000644,0.673992,0.006180,0.036573,-0.000584,-0.006443,0.020322,0.005683,0.168537,-0.981442,0.091470,0.000000,0.000000,0.000000,-1,0.171799,-0.958908,0.098526,-0.014826,0.042192,-0.019219,62.054581,145.731537,-510.976868,0,0
0.480000,2.072265,1.376759,-1.890448,0.967895,0.185988,-0.169082,0.183055,-0.060592,0.981234,0.172253,-0.980682,-0.092692,0.728213,0.126695,0.001089,0.673537,0.011364,0.043880,-0.018818,-0.001967,0.019594,-0.002894,0.169082,-0.981234,0.092692,0.000000,0.000000,0.000000,-1,0.169708,-0.967682,0.087936,-0.008469,0.044171,-0.034190,62.581955,145.907333,-508.798218,0,0
0.520000,2.071680,1.376055,-1.888858,0.967586,0.186990,-0.169741,0.183806,-0.060517,0.981098,0.173183,-0.980496,-0.092925,0.728187,0.127301,0.001182,0.673451,-0.004743,0.010922,-0.032419,-0.005343,0.016620,-0.005995,0.169741,-0.981098,0.092925,0.000000,0.000000,0.000000,-1,0.175613,-0.964523,0.090683,-0.035163,0.014571,-0.028546,63.285126,146.610504,-510.474121,0,0
0.560000,2.068486,1.375612,-1.885309,0.967404,0.187316,-0.170419,0.184434,-0.059998,0.981012,0.173535,-0.980466,-0.092590,0.728010,0.127660,0.001070,0.673575,-0.009980,0.020672,-0.008979,0.005194,0.016489,-0.001907,0.170419,-0.981012,0.092590,0.000000,0.000000,0.000000,-1,0.158386,-0.961105,0.080811,-0.033012,0.015698,-0.021109,63.460907,146.083130,-511.312073,0,0
0.600000,2.066688,1.375985,-1.883060,0.967355,0.187709,-0.170264,0.184220,-0.059471,0.981084,0.174033,-0.980423,-0.092109,0.727828,0.127753,0.001295,0.673753,0.004877,-0.002544,0.000585,-0.003211,0.017293,-0.003791,0.170264,-0.981084,0.092109,0.000000,0.000000,0.000000,-1,0.178391,-0.967606,0.089401,-0.017080,-0.003301,-0.013704,62.933533,145.907333,-510.809296,0,0
0.640000,2.064511,1.375499,-1.880698,0.967211,0.187885,-0.170884,0.184814,-0.059181,0.980990,0.174201,-0.980406,-0.091964,0.727729,0.128035,0.001139,0.673807,-0.007868,0.017484,-0.010050,0.004715,0.016192,-0.001464,0.170884,-0.980990,0.091964,0.000000,0.000000,0.000000,-1,0.160477,-0.963577,0.089142,-0.027673,0.018894,-0.019032,63.636703,146.610504,-509.133423,0,0
0.680000,2.063710,1.375519,-1.879359,0.967102,0.188394,-0.170940,0.184875,-0.058927,0.980994,0.174740,-0.980324,-0.091818,0.727641,0.128246,0.001306,0.673861,-0.003708,0.014502,-0.001595,-0.010463,0.017417,-0.002676,0.170940,-0.980994,0.091818,0.000000,0.000000,0.000000,-1,0.161758,-0.964066,0.082092,-0.027659,0.015805,-0.009433,61.351410,146.434708,-510.976868,0,0
0.720000,2.060868,1.376330,-1.876038,0.967106,0.188777,-0.170498,0.184310,-0.058074,0.981151,0.175318,-0.980301,-0.090957,0.727347,0.128236,0.001657,0.674180,-0.010100,0.010325,0.004863,0.010334,0.019893,-0.006027,0.170498,-0.981151,0.090957,0.000000,0.000000,0.000000,-1,0.182190,-0.956589,0.091339,-0.032991,0.014728,-0.011518,65.043045,147.313675,-510.474121,0,0
0.760000,2.057402,1.375750,-1.872101,0.966876,0.189216,-0.171315,0.185081,-0.057517,0.981039,0.175775,-0.980250,-0.090632,0.727156,0.128685,0.001533,0.674301,-0.011170,0.009255,0.003799,0.001628,0.025320,0.000433,0.171315,-0.981039,0.090632,0.000000,0.000000,0.000000,-1,0.160721,-0.960419,0.086700,-0.019172,-0.003163,0.001226,64.867249,146.083130,-510.306519,0,0
0.800000,2.059830,1.376426,-1.874767,0.967063,0.188984,-0.170509,0.184294,-0.057812,0.981170,0.175568,-0.980277,-0.090736,0.727257,0.128317,0.001739,0.674262,0.020644,-0.016943,0.022800,-0.007103,0.019255,-0.008217,0.170509,-0.981170,0.090736,0.000000,0.000000,0.000000,-1,0.176300,-0.966431,0.079498,-0.008503,-0.002037,0.008596,61.527206,146.258926,-510.809296,0,0
0.840000,2.059402,1.376617,-1.874297,0.967081,0.189009,-0.170383,0.184143,-0.057669,0.981206,0.175631,-0.980281,-0.090575,0.727208,0.128282,0.001804,0.674321,-0.003758,0.026348,0.007905,0.008099,0.013906,-0.006286,0.170383,-0.981206,0.090575,0.000000,0.000000,0.000000,-1,0.167511,-0.961777,0.086716,-0.031866,0.029615,-0.005191,62.933533,146.610504,-510.138947,0,0
0.880000,2.058821,1.377005,-1.873103,0.967020,0.189574,-0.170099,0.183847,-0.057336,0.981281,0.176273,-0.980191,-0.090297,0.727092,0.128396,0.002123,0.674423,-0.006992,0.008403,0.014388,-0.007654,0.022526,-0.003353,0.170099,-0.981281,0.090297,0.000000,0.000000,0.000000,-1,0.166061,-0.957840,0.093582,-0.014897,-0.008341,0.013996,63.988281,145.555756,-510.474121,0,0
0.920000,2.064191,1.377440,-1.878640,0.967194,0.189461,-0.169235,0.183120,-0.058223,0.981365,0.176077,-0.980160,-0.091007,0.727397,0.128053,0.002351,0.674159,0.023919,0.015848,0.018379,0.010757,0.023159,-0.002354,0.169235,-0.981365,0.091007,0.000000,0.000000,0.000000,-1,0.186584,-0.966843,0.082916,0.000084,0.028587,-0.001173,61.527206,147.313675,-511.144470,0,0
0.960000,2.064781,1.376695,-1.878230,0.966891,0.190475,-0.169826,0.183841,-0.058370,0.981221,0.176985,-0.979955,-0.091454,0.727447,0.128640,0.002460,0.673993,0.010085,0.030560,0.005637,0.007329,0.014730,-0.010628,0.169826,-0.981221,0.091454,0.000000,0.000000,0.000000,-1,0.171936,-0.960419,0.078583,-0.020139,0.032809,-0.003163,63.285126,145.555756,-509.468567,0,0
1.000000,2.063512,1.376870,-1.876285,0.966774,0.191102,-0.169790,0.183790,-0.057960,0.981255,0.177679,-0.979857,-0.091157,0.727305,0.128864,0.002712,0.674102,0.002539,0.017995,0.016380,0.006296,0.021309,-0.014161,0.169790,-0.981255,0.091157,0.000000,0.000000,0.000000,-1,0.188019,-0.946793,0.084518,-0.014850,0.006497,0.015005,62.054581,147.137878,-510.641724,0,0
1.040000,2.062753,1.376703,-1.875451,0.966722,0.191174,-0.170004,0.183995,-0.057856,0.981223,0.177748,-0.979850,-0.091106,0.727269,0.128965,0.002662,0.674122,0.014247,0.009606,0.025899,0.018015,0.034430,-0.006587,0.170004,-0.981223,0.091106,0.000000,0.000000,0.000000,-1,0.209732,-0.951492,0.077347,0.010704,0.011727,0.008396,62.230362,146.258926,-511.479645,0,0
1.080000,2.059876,1.373816,-1.872616,0.966219,0.191242,-0.172765,0.186863,-0.058176,0.980662,0.177493,-0.979817,-0.091947,0.727383,0.129954,0.001625,0.673813,0.036561,0.005280,0.017181,0.036509,0.026789,-0.014402,0.172765,-0.980662,0.091947,0.000000,0.000000,0.000000,-1,0.203415,-0.952209,0.079803,0.021319,0.001133,0.008353,62.581955,148.016846,-511.144470,0,0
1.120000,2.059219,1.371932,-1.872465,0.965994,0.190841,-0.174457,0.188635,-0.058697,0.980292,0.176840,-0.979864,-0.092700,0.727563,0.130393,0.000819,0.673535,0.070609,-0.009452,0.028667,0.030880,0.029837,-0.016116,0.174457,-0.980291,0.092700,0.000000,0.000000,0.000000,-1,0.223633,-0.948669,0.068314,0.070313,-0.003008,0.019707,62.933533,146.610504,-510.809296,0,0
1.160000,2.063286,1.369096,-1.877472,0.965756,0.190140,-0.176527,0.190988,-0.060479,0.979728,0.175609,-0.979892,-0.094723,0.728175,0.130850,-0.000315,0.672784,0.095053,-0.008330,0.031649,0.049486,0.030692,-0.028622,0.176527,-0.979727,0.094723,0.000000,0.000000,0.000000,-1,0.221313,-0.946060,0.070419,0.059645,-0.012508,0.023021,61.702988,146.083130,-510.976868,0,0
1.200000,2.068203,1.365825,-1.884047,0.965590,0.188785,-0.178875,0.193634,-0.062721,0.979067,0.173614,-0.980013,-0.097118,0.728943,0.131156,-0.001804,0.671891,0.088630,-0.020976,0.039166,0.040409,0.031771,-0.019787,0.178875,-0.979067,0.097118,0.000000,0.000000,0.000000,-1,0.225204,-0.947250,0.077744,0.070314,-0.011382,0.030392,61.527206,146.610504,-510.474121,0,0
1.240000,2.072491,1.363703,-1.889134,0.965444,0.188195,-0.180278,0.195285,-0.064355,0.978633,0.172572,-0.980021,-0.098883,0.729500,0.131419,-0.002641,0.671231,0.095061,-0.005085,0.040098,0.049993,0.034556,-0.021430,0.180278,-0.978633,0.098883,0.000000,0.000000,0.000000,-1,0.234863,-0.939407,0.082352,0.086268,-0.008307,0.019603,61.878784,146.258926,-508.463074,0,0
1.280000,2.076829,1.360778,-1.894334,0.965172,0.187593,-0.182350,0.197661,-0.066280,0.978027,0.171385,-0.980008,-0.101051,0.730155,0.131909,-0.003754,0.670418,0.113102,-0.011566,0.027170,0.052513,0.038620,-0.018700,0.182350,-0.978027,0.101051,0.000000,0.000000,0.000000,-1,0.219025,-0.932831,0.085327,0.096926,0.002202,0.010959,62.054581,146.786301,-509.636169,0,0
1.320000,2.095300,1.355001,-1.914701,0.964836,0.186388,-0.185340,0.201587,-0.072195,0.976806,0.168684,-0.979820,-0.107230,0.732165,0.132475,-0.005687,0.668096,0.159869,-0.033742,0.035406,0.031472,0.048309,-0.020514,0.185340,-0.976806,0.107230,0.000000,0.000000,0.000000,-1,0.207413,-0.928848,0.091553,0.153294,-0.027369,0.021286,62.406158,147.137878,-509.300995,0,0
1.360000,2.112436,1.352015,-1.933331,0.964906,0.185393,-0.185974,0.202933,-0.076972,0.976163,0.166659,-0.979645,-0.111893,0.733787,0.132302,-0.006581,0.666341,0.198222,-0.018985,0.028648,0.013642,0.044141,-0.017365,0.185974,-0.976163,0.111893,0.000000,0.000000,0.000000,-1,0.177048,-0.928940,0.097290,0.170401,0.003263,0.012516,61.878784,145.555756,-507.457520,0,0
1.400000,2.133050,1.349600,-1.954634,0.965012,0.185190,-0.185622,0.203433,-0.082160,0.975636,0.165428,-0.979262,-0.116959,0.735549,0.132086,-0.006864,0.664434,0.181273,0.013821,0.025457,-0.008575,0.046696,-0.019669,0.185622,-0.975636,0.116959,0.000000,0.000000,0.000000,-1,0.132355,-0.921265,0.095474,0.128926,0.010786,0.023462,62.581955,146.610504,-510.138947,0,0
1.440000,2.164923,1.347822,-1.987692,0.965579,0.184611,-0.183238,0.202192,-0.089542,0.975244,0.163633,-0.978724,-0.123786,0.738056,0.131021,-0.006641,0.661863,0.050238,-0.015733,0.034043,-0.066707,0.048227,-0.027641,0.183238,-0.975244,0.123786,0.000000,0.000000,0.000000,-1,0.097763,-0.960953,0.100861,-0.010627,0.003219,0.004332,62.230362,148.720001,-509.468567,0,0
1.480000,2.164356,1.348168,-1.986231,0.965460,0.185441,-0.183028,0.202014,-0.089110,0.975320,0.164555,-0.978607,-0.123494,0.737913,0.131267,-0.006259,0.661977,-0.056067,0.082333,-0.012329,-0.092513,-0.009329,-0.023182,0.183028,-0.975320,0.123494,0.000000,0.000000,0.000000,-1,0.096832,-1.015289,0.032776,-0.062029,0.267909,-0.007980,63.988281,146.610504,-509.803772,0,0
1.520000,2.176585,1.349046,-1.987015,0.963675,0.196575,-0.180800,0.201160,-0.088922,0.975514,0.175685,-0.976448,-0.125235,0.737874,0.134757,-0.001733,0.661347,0.094295,0.432718,0.083201,-0.068526,-0.056087,-0.121924,0.180800,-0.975514,0.125235,0.000000,0.000000,0.000000,-1,0.206589,-1.095779,-0.021423,0.202671,0.333076,0.171893,61.878784,147.313675,-509.468567,0,0
1.560000,2.246764,1.350614,-2.045279,0.963017,0.208730,-0.170380,0.194280,-0.099786,0.975858,0.186689,-0.972869,-0.136647,0.741527,0.135871,0.005498,0.656998,0.107465,0.136984,0.173694,0.083923,-0.106097,-0.097051,0.170380,-0.975858,0.136647,0.000000,0.000000,0.000000,-1,0.262909,-1.012238,0.084976,0.004024,0.183206,0.111141,60.824036,147.313675,-508.127869,0,0
1.600000,2.259402,1.352823,-2.051113,0.962183,0.215228,-0.166975,0.191782,-0.099921,0.976338,0.193451,-0.971439,-0.137419,0.741540,0.137218,0.008926,0.656666,-0.068074,0.310357,0.019934,0.084398,-0.002941,-0.040526,0.166975,-0.976338,0.137419,0.000000,0.000000,0.000000,-1,0.180939,-0.908722,0.085098,-0.014902,0.393560,-0.049299,62.581955,147.665253,-508.463074,0,0
1.640000,2.275461,1.351070,-2.051771,0.958847,0.230304,-0.166050,0.193234,-0.100839,0.975957,0.208022,-0.967880,-0.141192,0.741768,0.142746,0.014146,0.655137,0.140740,0.399774,-0.037388,-0.009541,0.079641,-0.070467,0.166050,-0.975957,0.141192,0.000000,0.000000,0.000000,-1,0.153610,-0.898987,0.024704,0.155419,0.370345,-0.036684,61.527206,147.313675,-509.468567,0,0
1.680000,2.315756,1.345144,-2.074255,0.954656,0.248152,-0.164476,0.195980,-0.107946,0.974648,0.224106,-0.962688,-0.151684,0.744024,0.149233,0.020036,0.650966,0.104501,0.368226,-0.013551,-0.008928,0.069955,-0.131650,0.164476,-0.974648,0.151684,0.000000,0.000000,0.000000,-1,0.145187,-0.907944,0.030716,0.054344,0.380070,-0.017826,63.109329,148.192627,-508.295471,0,0
1.720000,2.334797,1.343585,-2.081935,0.952014,0.259254,-0.162655,0.196470,-0.110191,0.974298,0.234668,-0.959503,-0.155839,0.744655,0.152998,0.024177,0.649227,0.087630,0.399211,0.015227,-0.022900,0.064890,-0.124421,0.162655,-0.974298,0.155839,0.000000,0.000000,0.000000,-1,0.147324,-0.924210,0.026276,0.115978,0.305250,0.024589,61.527206,148.016846,-508.127869,0,0
1.760000,2.360645,1.341467,-2.098043,0.949791,0.268867,-0.160026,0.196453,-0.114380,0.973819,0.243524,-0.956362,-0.161456,0.745927,0.155954,0.027985,0.646907,0.159688,0.255485,0.051428,-0.012702,0.049610,-0.135181,0.160026,-0.973819,0.161456,0.000000,0.000000,0.000000,-1,0.166016,-0.923889,0.036667,0.149910,0.240841,0.046940,62.406158,147.137878,-507.960297,0,0
1.800000,2.406777,1.337192,-2.133391,0.947458,0.279707,-0.155200,0.195808,-0.123470,0.972838,0.252947,-0.952113,-0.171752,0.748779,0.158763,0.032635,0.642697,0.189394,0.214240,0.058809,0.015546,0.045272,-0.136367,0.155200,-0.972838,0.171752,0.000000,0.000000,0.000000,-1,0.181656,-0.944626,0.032379,0.192362,0.199474,0.041439,60.999817,148.192627,-506.284424,0,0
1.840000,2.407203,1.337588,-2.128594,0.946048,0.284621,-0.154868,0.196071,-0.122326,0.972930,0.257972,-0.950804,-0.171532,0.748316,0.160591,0.034445,0.642688,0.260437,0.157916,0.042475,0.028176,0.021682,-0.138146,0.154868,-0.972930,0.171532,0.000000,0.000000,0.000000,-1,0.208298,-0.980484,0.029266,0.226232,0.143213,0.028603,61.878784,147.313675,-507.792725,0,1
1.880000,2.414557,1.335798,-2.133449,0.945296,0.287166,-0.154760,0.196948,-0.124205,0.972515,0.260051,-0.949794,-0.173967,0.748911,0.161606,0.035148,0.641702,0.199287,0.042191,0.022101,0.053538,-0.007969,-0.144701,0.154760,-0.972515,0.173967,0.000000,0.000000,0.000000,-1,0.238617,-1.043884,0.038925,0.164962,0.000742,-0.031111,60.648239,146.786301,-506.619568,0,0
1.920000,2.418374,1.329291,-2.137649,0.944653,0.287366,-0.158279,0.201758,-0.128426,0.970979,0.258699,-0.949172,-0.179297,0.750396,0.162955,0.033456,0.639713,0.164871,0.032645,-0.093726,0.083008,-0.160140,-0.136953,0.158279,-0.970979,0.179297,0.000000,0.000000,0.000000,-1,0.215271,-1.157425,0.039062,0.118038,0.044459,-0.115071,61.351410,147.137878,-506.954773,0,0
1.960000,2.419894,1.324579,-2.137946,0.943710,0.288931,-0.161028,0.205577,-0.130943,0.969841,0.259132,-0.948353,-0.182970,0.751269,0.164557,0.032646,0.638318,0.088207,0.035792,-0.098470,0.043486,-0.188179,-0.149477,0.161028,-0.969841,0.182970,0.000000,0.000000,0.000000,-1,0.171143,-1.140457,0.043137,0.057236,-0.004118,-0.100569,63.109329,147.489456,-507.289917,0,0
2.000000,2.417998,1.319756,-2.136093,0.943003,0.289302,-0.164469,0.209766,-0.133066,0.968655,0.258349,-0.947944,-0.186167,0.752037,0.165906,0.031208,0.637136,0.091292,-0.011742,-0.084467,-0.015299,-0.162708,-0.138056,0.164469,-0.968655,0.186167,0.000000,0.000000,0.000000,-1,0.124161,-1.104202,0.045380,0.071172,0.010894,-0.080492,63.109329,147.489456,-507.625122,0,0
2.040000,2.404504,1.319480,-2.123488,0.942803,0.288417,-0.167146,0.211654,-0.130551,0.968586,0.257535,-0.948563,-0.184129,0.751246,0.166414,0.030080,0.637990,-0.022877,-0.073232,-0.091864,0.021987,-0.119244,-0.165315,0.167146,-0.968586,0.184129,0.000000,0.000000,0.000000,-1,0.264496,-1.081223,0.090195,-0.121028,-0.101056,-0.163808,62.933533,148.368423,-505.781647,0,0
2.080000,2.372811,1.318881,-2.093181,0.942140,0.286950,-0.173300,0.216016,-0.124367,0.968437,0.256340,-0.949838,-0.179157,0.749277,0.167817,0.027707,0.640042,-0.263898,-0.073571,-0.247661,0.096521,-0.081459,-0.048695,0.173300,-0.968437,0.179157,0.000000,0.000000,0.000000,-1,0.237000,-1.000107,0.217102,-0.427285,-0.286773,-0.208676,61.878784,149.071594,-505.781647,0,0
2.120000,2.316395,1.322406,-2.043051,0.942794,0.280210,-0.180617,0.218935,-0.111833,0.969309,0.251411,-0.953402,-0.166783,0.745220,0.167449,0.023749,0.645015,-0.405431,-0.451087,-0.184425,0.056383,-0.030797,0.050319,0.180617,-0.969309,0.166783,0.000000,0.000000,0.000000,-1,0.132858,-0.811981,0.342072,-0.347265,-0.650398,-0.128034,63.285126,148.720001,-508.463074,0,0
2.160000,2.242300,1.328305,-1.993520,0.948325,0.255619,-0.187988,0.218985,-0.098509,0.970743,0.229621,-0.961746,-0.149395,0.740984,0.160126,0.014046,0.652001,-0.270604,-0.765724,0.040491,-0.055130,0.158762,0.192676,0.187988,-0.970743,0.149395,0.000000,0.000000,0.000000,-1,0.127258,-0.875427,0.407288,-0.206039,-0.955573,0.089340,63.812500,148.544220,-509.636169,0,0
2.200000,2.184331,1.335856,-1.983063,0.959234,0.208912,-0.190329,0.213281,-0.093274,0.972528,0.185420,-0.973476,-0.134029,0.739347,0.142759,-0.001660,0.658014,0.011001,-0.977288,0.075321,-0.053595,0.036264,0.272420,0.190329,-0.972528,0.134028,0.000000,0.000000,0.000000,-1,0.184784,-1.090469,0.287216,0.051615,-0.878178,-0.012023,65.394623,147.665253,-510.474121,0,0
2.240000,2.157930,1.334481,-1.991767,0.965108,0.174855,-0.194914,0.213682,-0.095673,0.972207,0.151347,-0.979935,-0.129698,0.740014,0.131260,-0.014718,0.659495,0.043220,-0.798227,-0.032132,0.003038,-0.137778,0.111253,0.194914,-0.972207,0.129698,0.000000,0.000000,0.000000,-1,0.145416,-1.051376,0.141983,-0.135273,-0.704501,-0.018682,66.449371,147.313675,-510.474121,0,0
2.280000,2.093985,1.340178,-1.962623,0.970189,0.139742,-0.198002,0.211256,-0.087289,0.973525,0.118759,-0.986333,-0.114209,0.736832,0.119090,-0.026887,0.664961,-0.332073,-0.731136,0.114345,-0.082112,0.086395,-0.013684,0.198002,-0.973525,0.114209,0.000000,0.000000,0.000000,-1,0.154327,-0.779129,0.082092,-0.380153,-0.830088,0.140290,64.164078,148.544220,-511.982422,0,0
2.320000,2.035573,1.349427,-1.931358,0.974163,0.111722,-0.196275,0.205448,-0.077463,0.975598,0.093792,-0.990716,-0.098414,0.733151,0.108153,-0.034946,0.670501,-0.334130,-1.099273,0.163681,-0.021989,0.226757,-0.019618,0.196275,-0.975598,0.098414,0.000000,0.000000,0.000000,-1,0.200516,-0.746399,0.103241,-0.305818,-1.234846,0.125251,64.867249,148.895798,-512.652771,0,0
2.360000,1.950894,1.357749,-1.910322,0.979380,0.047553,-0.196349,0.199369,-0.070418,0.977391,0.032651,-0.996383,-0.078446,0.729425,0.084629,-0.056105,0.676483,0.008252,-1.191134,0.086797,0.050905,0.183461,0.064361,0.196349,-0.977391,0.078446,0.000000,0.000000,0.000000,-1,0.247467,-0.807739,0.127167,0.032251,-1.023438,0.085616,64.867249,148.192627,-512.987915,0,0
2.400000,1.944667,1.361203,-1.936373,0.980939,0.015577,-0.193689,0.194313,-0.074380,0.978116,0.000830,-0.997108,-0.075989,0.729950,0.071885,-0.066052,0.676493,0.150004,-0.515621,0.177979,0.022253,0.169613,0.016815,0.193689,-0.978116,0.075989,0.000000,0.000000,0.000000,-1,0.169830,-0.809937,0.055511,0.139485,-0.489909,0.170141,64.691452,149.423172,-513.825867,0,0
2.440000,1.961175,1.364212,-1.968678,0.981845,0.000116,-0.189686,0.189095,-0.079476,0.978737,-0.014962,-0.996837,-0.078055,0.731330,0.064681,-0.069958,0.675336,0.181973,-0.505057,0.175561,-0.017964,0.152123,-0.021277,0.189686,-0.978737,0.078055,0.000000,0.000000,0.000000,-1,0.194534,-0.871323,0.055069,0.205636,-0.454856,0.182280,64.164078,148.192627,-514.328613,0,0
2.480000,1.998620,1.367569,-2.025025,0.982825,-0.018186,-0.183641,0.181366,-0.088557,0.979420,-0.034074,-0.995905,-0.083738,0.734017,0.055578,-0.074152,0.672780,0.254788,-0.381008,0.190511,0.018004,0.097432,-0.028944,0.183641,-0.979420,0.083738,0.000000,0.000000,0.000000,-1,0.198914,-0.889847,0.051376,0.216891,-0.264095,0.194262,64.867249,148.895798,-514.328613,0,0
2.520000,2.056463,1.372160,-2.096724,0.984150,-0.031520,-0.174514,0.170665,-0.099064,0.980337,-0.048189,-0.994582,-0.092115,0.737450,0.047171,-0.075498,0.669509,0.163922,-0.178354,0.226677,-0.011672,0.088537,-0.040601,0.174514,-0.980337,0.092115,0.000000,0.000000,0.000000,-1,0.159485,-0.923843,0.070480,0.131029,-0.156884,0.217963,63.812500,147.841049,-513.658325,0,0
2.560000,2.085669,1.376332,-2.131246,0.985066,-0.036841,-0.168188,0.163678,-0.102720,0.981151,-0.053423,-0.994028,-0.095156,0.738739,0.042924,-0.074996,0.668429,0.156558,-0.139254,0.216999,0.004297,0.019817,-0.021304,0.168188,-0.981151,0.095156,0.000000,0.000000,0.000000,-1,0.234955,-1.090897,0.084732,0.151361,-0.070630,0.153563,63.285126,147.665253,-514.496216,0,0
2.600000,2.129067,1.378213,-2.178266,0.985915,-0.040229,-0.162336,0.157154,-0.109247,0.981513,-0.057220,-0.993200,-0.101386,0.741038,0.039446,-0.074071,0.666199,0.171558,-0.010088,0.097083,0.094423,-0.151086,-0.011741,0.162336,-0.981513,0.101386,0.000000,0.000000,0.000000,-1,0.299026,-1.176041,0.107071,0.097437,0.139196,0.049858,63.109329,147.489456,-513.993469,0,1
2.640000,2.169584,1.378235,-2.207336,0.987010,-0.028668,-0.158078,0.153895,-0.113756,0.981517,-0.046120,-0.993095,-0.107866,0.743073,0.042131,-0.068701,0.664340,0.030274,0.496753,0.039816,0.162036,-0.151982,-0.015932,0.158078,-0.981517,0.107866,0.000000,0.000000,0.000000,-1,0.282364,-1.142014,0.063843,-0.000511,0.549546,-0.018036,62.757751,148.895798,-513.323120,0,0
2.680000,2.185392,1.376829,-2.205388,0.987462,-0.010912,-0.157481,0.155227,-0.114274,0.981247,-0.028703,-0.993389,-0.111147,0.743788,0.048507,-0.062580,0.663709,0.001621,0.653163,-0.112889,0.124883,-0.160766,-0.047304,0.157481,-0.981247,0.111147,0.000000,0.000000,0.000000,-1,0.202301,-1.306519,0.110443,-0.146652,0.635501,-0.232420,63.636703,150.126343,-513.825867,0,0
2.720000,2.160048,1.373686,-2.152831,0.986527,0.016067,-0.162810,0.163591,-0.107656,0.980637,-0.001772,-0.994058,-0.108834,0.742128,0.060521,-0.055443,0.665214,-0.361551,0.710492,-0.220016,-0.009383,-0.325424,0.027534,0.162810,-0.980637,0.108834,0.000000,0.000000,0.000000,-1,0.081223,-1.160233,0.192184,-0.661778,0.919957,-0.063301,63.460907,147.841049,-514.663818,0,0
2.760000,2.056394,1.390807,-1.998668,0.985335,0.063622,-0.158323,0.162880,-0.074281,0.983846,0.050834,-0.995206,-0.083555,0.731979,0.077360,-0.036712,0.675925,-0.788753,1.041194,0.141071,-0.122511,0.201085,0.112795,0.158323,-0.983846,0.083555,0.000000,0.000000,0.000000,-1,0.015900,-0.676163,0.245087,-0.758910,1.023571,0.143736,63.109329,149.598969,-514.999023,0,0
2.800000,2.002210,1.402965,-1.911297,0.983840,0.095051,-0.151739,0.157454,-0.055786,0.985949,0.085250,-0.993908,-0.069851,0.726202,0.086927,-0.022889,0.681580,-0.437091,1.162661,0.111256,-0.156469,0.289965,0.226887,0.151739,-0.985949,0.069851,0.000000,0.000000,0.000000,-1,-0.097961,-0.921417,0.436111,0.025075,1.610886,-0.012624,63.460907,149.598969,-515.334167,0,0
2.840000,2.070259,1.400644,-1.917277,0.976398,0.156691,-0.148647,0.159270,-0.057504,0.985559,0.145880,-0.985972,-0.081102,0.727153,0.108629,-0.000951,0.677826,0.301419,1.628847,-0.201966,-0.275035,0.014078,0.309126,0.148647,-0.985559,0.081102,0.000000,0.000000,0.000000,-1,-0.126999,-1.056442,0.198685,0.405559,1.291152,-0.333973,63.812500,149.598969,-512.987915,0,0
2.880000,2.192293,1.378342,-1.991063,0.966118,0.205999,-0.155503,0.174624,-0.078038,0.981538,0.190060,-0.975436,-0.111367,0.734085,0.129625,0.011769,0.666467,0.546467,0.179704,-0.092941,-0.103501,-0.004622,-0.124657,0.155503,-0.981538,0.111366,0.000000,0.000000,0.000000,-1,0.123230,-0.893158,-0.005325,0.480651,-0.145853,-0.071361,65.218826,150.302139,-511.982422,0,0
2.920000,2.231363,1.369609,-2.038123,0.967168,0.199214,-0.157797,0.178406,-0.090025,0.979830,0.180991,-0.975812,-0.122610,0.738208,0.127884,0.007855,0.662294,0.267152,-0.334475,-0.035582,-0.011679,0.121737,-0.097052,0.157797,-0.979830,0.122610,0.000000,0.000000,0.000000,-1,0.233551,-0.796707,0.133224,-0.101253,0.063529,-0.118769,63.636703,150.126343,-512.820374,0,0
2.960000,2.220271,1.367787,-2.026547,0.966609,0.199713,-0.160569,0.181039,-0.088739,0.979464,0.181363,-0.975828,-0.121932,0.737781,0.129019,0.007046,0.662559,-0.194304,0.324420,-0.149528,0.072982,0.182757,0.011292,0.160569,-0.979464,0.121932,0.000000,0.000000,0.000000,-1,0.194855,-0.788406,0.112473,-0.198341,0.744127,-0.169572,63.812500,150.653717,-512.317566,0,0
3.000000,2.217715,1.358590,-1.980850,0.955663,0.241791,-0.168061,0.193157,-0.083964,0.977569,0.222257,-0.966689,-0.126945,0.735964,0.147748,0.018410,0.660446,0.218654,0.712036,-0.260716,-0.048218,0.168578,-0.024773,0.168061,-0.977569,0.126945,0.000000,0.000000,0.000000,-1,0.090942,-0.827972,0.057007,0.232454,0.677525,-0.262150,65.043045,150.829514,-512.485168,0,0
3.040000,2.242810,1.348550,-1.987264,0.949923,0.260560,-0.172495,0.201580,-0.089167,0.975405,0.238771,-0.961331,-0.137226,0.737617,0.156633,0.022463,0.656416,0.216146,0.548304,-0.213208,-0.099115,0.137972,-0.103336,0.172495,-0.975405,0.137226,0.000000,0.000000,0.000000,-1,0.109436,-0.914459,-0.010117,0.123498,0.483538,-0.166830,64.867249,151.356888,-511.312073,0,0
3.080000,2.262441,1.340435,-1.987523,0.943843,0.279703,-0.175859,0.208788,-0.092421,0.973584,0.256062,-0.955628,-0.145629,0.738562,0.165352,0.027148,0.653030,0.041481,0.468572,-0.133787,-0.050401,0.055539,-0.157318,0.175859,-0.973584,0.145629,0.000000,0.000000,0.000000,-1,0.160370,-0.916962,-0.001007,-0.118235,0.460415,-0.152085,64.164078,151.356888,-511.312073,0,1
3.120000,2.242519,1.338996,-1.944508,0.936432,0.301262,-0.179822,0.213874,-0.083868,0.973254,0.278123,-0.949846,-0.142969,0.735403,0.175120,0.033418,0.653757,-0.243157,0.381449,-0.168539,-0.026486,0.069018,-0.113032,0.179822,-0.973254,0.142969,0.000000,0.000000,0.000000,-1,0.148483,-0.954834,0.043015,-0.265688,0.321330,-0.190902,65.218826,151.005295,-511.312073,0,0
3.160000,2.215936,1.338558,-1.908832,0.932976,0.309413,-0.183898,0.217131,-0.076328,0.973154,0.287070,-0.947859,-0.138395,0.732751,0.179646,0.035200,0.655411,-0.142599,0.195956,-0.181408,-0.029479,-0.039358,-0.088300,0.183898,-0.973154,0.138395,0.000000,0.000000,0.000000,-1,0.205795,-1.224762,0.049744,-0.054287,0.174968,-0.207973,65.921997,151.708466,-510.976868,0,0
3.200000,2.196980,1.333522,-1.881498,0.929032,0.317215,-0.190457,0.223800,-0.071862,0.971982,0.294641,-0.945627,-0.137755,0.731206,0.184973,0.035620,0.655632,-0.061578,0.245538,-0.201398,0.023639,-0.298754,-0.083129,0.190457,-0.971982,0.137755,0.000000,0.000000,0.000000,-1,0.196259,-1.267853,0.055862,-0.188914,0.360480,-0.193775,65.570419,150.653717,-510.976868,0,0
3.240000,2.170434,1.332063,-1.835121,0.921707,0.335182,-0.195217,0.228259,-0.061780,0.971638,0.313615,-0.940126,-0.133452,0.727485,0.193626,0.040687,0.656977,-0.182184,0.391912,-0.066781,-0.056652,-0.200359,-0.154280,0.195217,-0.971638,0.133452,0.000000,0.000000,0.000000,-1,0.232605,-1.229172,-0.041534,-0.240957,0.289752,-0.054614,66.273590,152.060059,-511.982422,0,0
3.280000,2.139265,1.335154,-1.797594,0.919503,0.340299,-0.196749,0.227489,-0.052497,0.972365,0.320566,-0.938851,-0.125686,0.724170,0.196013,0.042744,0.659796,-0.450873,-0.017618,-0.146257,0.104795,-0.272371,-0.125106,0.196749,-0.972365,0.125686,0.000000,0.000000,0.000000,-1,0.327927,-1.154648,0.234924,-0.720035,-0.268704,-0.207539,67.328339,151.356888,-512.317566,0,0
3.320000,1.988645,1.346393,-1.656566,0.922535,0.327972,-0.203380,0.221707,-0.019062,0.974927,0.315872,-0.944495,-0.090299,0.712723,0.192809,0.039459,0.673271,-0.616463,-0.375723,0.068368,0.040746,0.056653,0.173433,0.203380,-0.974927,0.090299,0.000000,0.000000,0.000000,-1,0.178360,-0.768356,0.277985,-0.470764,-0.502909,0.126982,64.691452,151.181091,-512.820374,0,0
3.360000,1.939060,1.357128,-1.634492,0.932804,0.301231,-0.197829,0.211616,-0.013497,0.977260,0.291711,-0.953456,-0.076336,0.711097,0.180301,0.033006,0.678780,0.097818,-0.942817,0.264170,-0.051482,0.170756,0.266072,0.197829,-0.977260,0.076336,0.000000,0.000000,0.000000,-1,0.148621,-0.919922,0.364105,0.191503,-0.964678,0.257808,65.570419,152.060059,-512.987915,0,0
3.400000,1.957140,1.361408,-1.681339,0.942099,0.274549,-0.192540,0.206593,-0.022931,0.978158,0.264138,-0.961299,-0.078323,0.714729,0.168295,0.025044,0.678389,0.305626,-0.850019,0.223859,-0.039388,0.007593,0.274567,0.192540,-0.978158,0.078323,0.000000,0.000000,0.000000,-1,0.185379,-1.127304,0.194672,0.259920,-0.821243,0.192821,64.691452,151.532684,-512.820374,0,0
3.440000,1.990816,1.365153,-1.749554,0.952105,0.242349,-0.186448,0.200943,-0.036308,0.978930,0.230473,-0.969510,-0.083267,0.719667,0.153992,0.015294,0.676855,0.280292,-0.819874,0.276143,-0.001069,-0.148374,0.111405,0.186448,-0.978930,0.083267,0.000000,0.000000,0.000000,-1,0.083694,-0.979553,0.105026,0.206075,-0.781839,0.329452,65.746201,153.642181,-512.820374,0,0
3.480000,2.018802,1.371432,-1.802262,0.959270,0.218946,-0.178501,0.192764,-0.045433,0.980193,0.206500,-0.974679,-0.085787,0.722926,0.142376,0.009682,0.676027,0.172049,-0.782910,0.376984,-0.094807,0.000640,0.019239,0.178501,-0.980193,0.085787,0.000000,0.000000,0.000000,-1,0.047348,-0.764297,0.072266,0.042233,-0.813794,0.421394,63.812500,151.356888,-512.652771,0,0
3.520000,2.028763,1.388223,-1.856301,0.970861,0.175807,-0.162851,0.174211,-0.051135,0.983380,0.164557,-0.983096,-0.080272,0.724960,0.120702,0.000588,0.678132,-0.045776,-0.966333,0.352728,-0.078211,0.221051,-0.002102,0.162851,-0.983380,0.080272,0.000000,0.000000,0.000000,-1,0.124451,-0.774506,0.106964,-0.072527,-1.038884,0.360274,64.515671,151.356888,-514.999023,0,0
3.560000,2.011354,1.404963,-1.891546,0.981055,0.123434,-0.149312,0.156656,-0.052044,0.986281,0.113970,-0.990987,-0.070395,0.725172,0.096560,-0.012184,0.681655,0.001791,-1.049312,0.314318,-0.004720,0.210341,0.055704,0.149312,-0.986281,0.070395,0.000000,0.000000,0.000000,-1,0.160690,-0.778656,0.128555,0.013662,-0.987786,0.275254,64.515671,152.060059,-514.328613,0,0
3.600000,2.012097,1.409664,-1.911772,0.983933,0.104074,-0.145066,0.151200,-0.053651,0.987046,0.094943,-0.993122,-0.068525,0.725622,0.087950,-0.017269,0.682231,0.080956,-0.886658,0.266220,0.015624,0.208390,0.060031,0.145066,-0.987046,0.068525,0.000000,0.000000,0.000000,-1,0.203125,-0.812317,0.116013,0.165703,-0.624407,0.172572,65.218826,154.169556,-515.334167,0,0
3.640000,2.067310,1.412537,-1.993923,0.987290,0.077832,-0.138569,0.143701,-0.064713,0.987503,0.067892,-0.994864,-0.075075,0.729225,0.075948,-0.024230,0.679614,0.266764,-0.229319,0.111040,0.072536,0.132965,0.030669,0.138569,-0.987503,0.075075,0.000000,0.000000,0.000000,-1,0.187729,-0.902557,0.078659,0.196597,-0.159595,0.040621,62.933533,151.532684,-514.161072,0,0
3.680000,2.119759,1.409640,-2.056054,0.988194,0.068819,-0.136883,0.141936,-0.074844,0.987042,0.057682,-0.994818,-0.083728,0.732592,0.071921,-0.027028,0.676317,0.051665,-0.148707,0.004808,0.040989,0.011075,-0.025806,0.136883,-0.987042,0.083728,0.000000,0.000000,0.000000,-1,0.180908,-1.006714,0.059952,-0.003722,-0.160097,-0.017482,62.933533,153.290604,-512.820374,0,0
3.720000,2.095464,1.407863,-2.036315,0.988008,0.064260,-0.140394,0.144952,-0.072815,0.986756,0.053186,-0.995273,-0.081257,0.731792,0.071472,-0.029793,0.677115,-0.030249,-0.100216,-0.021393,0.053026,-0.084823,-0.017078,0.140394,-0.986756,0.081257,0.000000,0.000000,0.000000,-1,0.220459,-1.133759,0.070740,-0.076871,-0.016469,-0.064327,63.812500,153.114807,-512.987915,0,0
3.760000,2.078298,1.407033,-2.017519,0.987608,0.065793,-0.142484,0.147034,-0.070432,0.986621,0.054877,-0.995344,-0.079233,0.730971,0.072789,-0.029962,0.677854,-0.107421,0.153209,-0.106971,0.094195,-0.176328,-0.011835,0.142484,-0.986621,0.079233,0.000000,0.000000,0.000000,-1,0.272934,-1.129883,0.037613,-0.148470,0.303857,-0.131022,62.757751,152.763229,-513.993469,0,0
3.800000,2.041729,1.404693,-1.964237,0.985671,0.082117,-0.147343,0.152708,-0.063386,0.986236,0.071647,-0.994605,-0.075018,0.728710,0.080562,-0.025969,0.679571,-0.164499,0.342238,-0.169025,0.138439,-0.069748,-0.063391,0.147343,-0.986236,0.075018,0.000000,0.000000,0.000000,-1,0.263748,-1.137894,0.018982,-0.240706,0.195626,-0.268393,63.460907,154.521149,-511.982422,0,0
3.840000,1.976005,1.399799,-1.895154,0.984029,0.085034,-0.156385,0.161292,-0.054232,0.985416,0.075313,-0.994901,-0.067081,0.725490,0.084883,-0.027937,0.682407,-0.386737,-0.069821,-0.406520,0.079440,-0.254514,-0.008685,0.156385,-0.985416,0.067081,0.000000,0.000000,0.000000,-1,-0.019211,-1.155899,0.331314,-0.531369,0.010605,-0.466791,64.339874,153.993759,-514.496216,0,0
3.880000,1.818338,1.398207,-1.714130,0.980319,0.106077,-0.166499,0.169973,-0.024531,0.985143,0.100417,-0.994055,-0.042079,0.715355,0.096473,-0.023094,0.691684,-0.998078,1.294101,0.007518,-0.225444,-0.003702,0.287801,0.166499,-0.985143,0.042079,0.000000,0.000000,0.000000,-1,-0.113403,-0.802765,0.310471,-0.975343,1.541510,0.254267,63.109329,154.169556,-513.323120,0,0
3.920000,1.694675,1.413277,-1.527760,0.973828,0.165613,-0.155666,0.156723,0.006749,0.987620,0.164613,-0.986168,-0.019383,0.704709,0.114351,0.003174,0.700213,-0.386768,1.493092,0.244946,-0.310024,0.105982,0.329845,0.155666,-0.987620,0.019383,0.000000,0.000000,0.000000,-1,-0.222763,-1.013733,0.360184,0.315030,1.747207,-0.040952,62.581955,153.993759,-514.496216,0,0
3.960000,1.881011,1.401390,-1.638965,0.957250,0.240617,-0.160550,0.168206,-0.011484,0.985685,0.235329,-0.970552,-0.051466,0.710669,0.143816,0.026306,0.688168,0.737875,1.005522,-0.343614,-0.276929,-0.098864,-0.010863,0.160550,-0.985685,0.051466,0.000000,0.000000,0.000000,-1,0.036575,-1.013000,-0.042374,0.715178,0.447679,-0.253313,63.812500,155.927475,-512.317566,0,0
4.000000,1.978135,1.388456,-1.736249,0.955874,0.242041,-0.166495,0.178855,-0.029865,0.983422,0.233056,-0.969806,-0.071838,0.717213,0.146712,0.023201,0.680840,0.581313,-0.574011,-0.150048,-0.065420,0.039239,-0.107513,0.166495,-0.983422,0.071838,0.000000,0.000000,0.000000,-1,0.267944,-0.761383,0.067459,0.235412,-0.878663,-0.175376,64.691452,154.345352,-512.485168,0,0
4.040000,1.974475,1.379216,-1.761493,0.960885,0.214565,-0.175106,0.186959,-0.036091,0.981704,0.204320,-0.976043,-0.074794,0.719682,0.139480,0.010148,0.680073,-0.131344,-0.308314,-0.180673,0.144886,0.271545,0.036213,0.175106,-0.981704,0.074794,0.000000,0.000000,0.000000,-1,0.390060,-0.641373,0.165207,-0.190935,0.791077,-0.246509,62.230362,155.048523,-511.144470,0,0
4.080000,1.986092,1.367747,-1.727751,0.948248,0.258416,-0.184516,0.199178,-0.031521,0.979456,0.247291,-0.965519,-0.081361,0.717832,0.159367,0.021863,0.677378,0.290386,1.274478,-0.360328,0.126245,0.302286,-0.006928,0.184516,-0.979456,0.081361,0.000000,0.000000,0.000000,-1,0.146362,-0.753159,0.031799,0.444543,1.193268,-0.380783,62.230362,156.454849,-510.809296,0,0
4.120000,2.068877,1.351785,-1.778104,0.937487,0.291013,-0.190867,0.212612,-0.044719,0.976113,0.275526,-0.955673,-0.103796,0.722150,0.174349,0.029308,0.668762,0.657093,0.969398,-0.242712,-0.091761,0.194054,-0.118475,0.190867,-0.976113,0.103796,0.000000,0.000000,0.000000,-1,-0.008926,-0.850586,-0.128143,0.438127,0.627867,-0.130394,62.581955,156.103271,-508.798218,0,0
4.160000,2.140007,1.340949,-1.822914,0.928694,0.317332,-0.191906,0.220626,-0.056833,0.973701,0.298080,-0.946610,-0.122792,0.726003,0.185247,0.036561,0.661262,-0.111833,0.352270,0.011654,-0.170132,0.091819,-0.235280,0.191906,-0.973701,0.122792,0.000000,0.000000,0.000000,-1,0.118057,-0.880371,0.001007,-0.168117,0.383520,0.007323,62.933533,155.048523,-508.463074,0,0
4.200000,2.142320,1.343143,-1.808550,0.923724,0.332718,-0.189825,0.219343,-0.053155,0.974199,0.314043,-0.941527,-0.122080,0.724389,0.190526,0.042870,0.661152,-0.024461,0.391239,-0.010477,-0.028188,0.113710,-0.063700,0.189825,-0.974199,0.122080,0.000000,0.000000,0.000000,-1,0.145782,-0.883728,0.057251,0.013713,0.324985,-0.019435,62.054581,156.982224,-509.300995,0,1
4.240000,2.159885,1.341386,-1.818163,0.921059,0.340444,-0.189074,0.220481,-0.055680,0.973801,0.320997,-0.938615,-0.126346,0.725101,0.193396,0.045484,0.659362,0.178294,0.192041,-0.014498,-0.040682,0.033142,-0.084217,0.189074,-0.973801,0.126346,0.000000,0.000000,0.000000,-1,0.239914,-1.334595,0.056595,0.198451,0.211980,-0.095017,61.175613,156.454849,-507.457520,0,0
4.280000,2.184144,1.334252,-1.834208,0.917409,0.348766,-0.191629,0.226261,-0.061018,0.972154,0.327362,-0.935221,-0.134891,0.726863,0.197777,0.046684,0.656030,0.066325,0.260553,-0.167293,0.054129,-0.409545,-0.039859,0.191629,-0.972154,0.134891,0.000000,0.000000,0.000000,-1,0.178375,-1.269989,0.084808,-0.070622,0.393313,-0.191619,61.175613,157.158020,-508.463074,0,0
