0.000000,-1.479757,-1.370297,-1.275603,0.960146,0.196935,0.198334,0.190545,0.057940,-0.979967,-0.204481,0.978703,0.018106,-0.686312,-0.141145,0.002239,0.713476,-0.014954,-0.044115,0.001160,0.013306,0.014296,-0.000692,-0.198334,0.979967,-0.018106,0.000000,0.000000,0.000000,-1,-0.188522,0.989700,-0.019867,-0.014924,-0.111304,0.012368,133.331772,267.343262,-765.037903,0,0
0.040000,-1.481724,-1.371161,-1.277071,0.960196,0.197500,0.197526,0.189819,0.057415,-0.980139,-0.204919,0.978620,0.017641,-0.686502,-0.141048,0.002692,0.713311,-0.003197,-0.008053,0.010480,0.006257,0.010553,-0.000899,-0.197526,0.980139,-0.017641,0.000000,0.000000,0.000000,-1,-0.202698,0.987793,-0.023575,0.010611,-0.111296,0.017405,132.455750,266.819397,-764.202881,0,0
0.080000,-1.478199,-1.371525,-1.272976,0.960179,0.198004,0.197107,0.189241,0.058087,-0.980211,-0.205535,0.978479,0.018304,-0.686256,-0.141071,0.003070,0.713542,0.022321,-0.020775,0.009188,-0.006415,0.006224,-0.002555,-0.197107,0.980211,-0.018304,0.000000,0.000000,0.000000,-1,-0.204712,0.987640,-0.019119,0.025451,-0.106014,0.004453,134.383011,266.994019,-764.703857,0,0
0.120000,-1.473031,-1.371260,-1.268103,0.960227,0.197610,0.197269,0.189204,0.059086,-0.980159,-0.205345,0.978498,0.019348,-0.685892,-0.140989,0.002944,0.713908,0.005234,0.049191,-0.007927,0.006686,0.012059,0.003326,-0.197269,0.980159,-0.019348,0.000000,0.000000,0.000000,-1,-0.182755,0.993881,-0.016632,-0.020202,-0.008480,0.001325,132.455750,267.517883,-765.204895,0,0
0.160000,-1.472947,-1.371975,-1.270559,0.960861,0.195211,0.196569,0.188678,0.058414,-0.980300,-0.202848,0.979020,0.019296,-0.686140,-0.139873,0.002288,0.713893,-0.017027,0.100093,0.000627,0.011465,0.011048,0.002236,-0.196569,0.980300,-0.019296,0.000000,0.000000,0.000000,-1,-0.191269,0.989731,-0.021393,-0.001033,-0.012706,0.010706,132.455750,267.517883,-764.202881,0,0
0.200000,-1.468721,-1.372657,-1.269317,0.961599,0.192306,0.195821,0.187967,0.058450,-0.980435,-0.199990,0.979593,0.020058,-0.686129,-0.138558,0.001519,0.714162,0.014850,0.033312,0.009104,0.000508,0.008381,-0.004386,-0.195821,0.980434,-0.020058,0.000000,0.000000,0.000000,-1,-0.194290,0.990051,-0.021072,0.003154,-0.115542,0.014315,132.981369,268.041748,-763.701904,0,0
0.240000,-1.468493,-1.373239,-1.268299,0.961557,0.193095,0.195248,0.187363,0.058471,-0.980549,-0.200756,0.979436,0.020045,-0.686120,-0.138627,0.002007,0.714156,0.004169,-0.016522,0.007322,-0.004184,0.010601,0.006876,-0.195248,0.980549,-0.020044,0.000000,0.000000,0.000000,-1,-0.201752,0.990555,-0.013794,0.004217,-0.084805,0.007782,133.506989,266.819397,-764.870911,0,0
0.280000,-1.468854,-1.373179,-1.268914,0.961592,0.192854,0.195314,0.187455,0.058373,-0.980537,-0.200502,0.979490,0.019980,-0.686156,-0.138565,0.001890,0.714133,-0.003269,0.026936,0.001881,-0.003828,0.004799,0.002722,-0.195314,0.980537,-0.019980,0.000000,0.000000,0.000000,-1,-0.198044,0.988846,-0.014267,-0.031943,-0.064672,0.000644,132.105331,267.168640,-764.202881,0,0
0.320000,-1.473660,-1.373162,-1.275137,0.961825,0.191576,0.195425,0.187831,0.057211,-0.980534,-0.199028,0.979809,0.019043,-0.686581,-0.138151,0.001312,0.713806,-0.040507,0.027984,-0.005161,-0.002268,0.006298,0.001831,-0.195425,0.980534,-0.019043,0.000000,0.000000,0.000000,-1,-0.196106,0.990128,-0.021759,-0.031949,-0.083753,0.002858,134.383011,268.041748,-764.703857,0,0
0.360000,-1.477028,-1.373439,-1.278989,0.961945,0.191187,0.195217,0.187789,0.056409,-0.980588,-0.198488,0.979931,0.018359,-0.686873,-0.137936,0.001190,0.713567,-0.014961,-0.014404,0.006456,-0.000324,0.006823,-0.008664,-0.195217,0.980588,-0.018359,0.000000,0.000000,0.000000,-1,-0.203720,0.987900,-0.027313,-0.012824,-0.140991,0.011415,133.857391,266.819397,-764.870911,0,0
0.400000,-1.477593,-1.373365,-1.278488,0.961722,0.192219,0.195300,0.187830,0.056524,-0.980574,-0.199524,0.979723,0.018256,-0.686830,-0.138334,0.001538,0.713530,-0.008592,-0.055748,0.007625,-0.010603,0.005190,-0.009485,-0.195300,0.980574,-0.018256,0.000000,0.000000,0.000000,-1,-0.211853,0.989120,-0.026077,-0.004370,-0.177048,0.005102,134.032608,266.295532,-764.035889,0,0
0.440000,-1.480070,-1.372503,-1.277731,0.960916,0.195324,0.196186,0.188597,0.056910,-0.980404,-0.202661,0.979086,0.017848,-0.686687,-0.139773,0.002357,0.713385,-0.003370,-0.099245,-0.012477,-0.008770,0.001102,-0.000768,-0.196186,0.980404,-0.017848,0.000000,0.000000,0.000000,-1,-0.188171,0.982254,-0.018509,-0.000141,-0.138901,-0.008945,134.558212,266.819397,-763.868896,0,0
0.480000,-1.480583,-1.372610,-1.278325,0.960948,0.195261,0.196091,0.188530,0.056768,-0.980425,-0.202570,0.979107,0.017738,-0.686739,-0.139715,0.002359,0.713347,-0.011702,0.094782,-0.006856,0.004852,0.009183,-0.006020,-0.196091,0.980425,-0.017738,0.000000,0.000000,0.000000,-1,-0.199631,0.992966,-0.026642,-0.004253,-0.005299,0.001135,133.156570,267.517883,-764.202881,0,0
0.520000,-1.476082,-1.372361,-1.276674,0.961487,0.192426,0.196252,0.188670,0.057150,-0.980376,-0.199866,0.979646,0.018644,-0.686603,-0.138762,0.001316,0.713667,0.007456,0.079948,-0.002751,-0.010092,0.009629,-0.009692,-0.196252,0.980376,-0.018644,0.000000,0.000000,0.000000,-1,-0.203094,0.989517,-0.016327,0.025486,-0.049826,0.002071,132.981369,268.041748,-764.703857,0,0
0.560000,-1.467567,-1.371634,-1.270211,0.961808,0.190256,0.196795,0.188978,0.058579,-0.980233,-0.198023,0.979985,0.020388,-0.686083,-0.138188,0.000447,0.714278,0.040380,0.053435,-0.008330,-0.006757,0.008613,-0.002806,-0.196795,0.980233,-0.020388,0.000000,0.000000,0.000000,-1,-0.198212,0.987518,-0.012848,0.041427,-0.009553,-0.007860,133.331772,268.041748,-765.371887,0,0
0.600000,-1.456969,-1.371265,-1.264721,0.962781,0.185126,0.196927,0.188998,0.059724,-0.980160,-0.193215,0.980898,0.022513,-0.685665,-0.136409,-0.001354,0.715021,0.025528,0.154142,-0.012862,0.007169,0.009144,0.011679,-0.196927,0.980160,-0.022513,0.000000,0.000000,0.000000,-1,-0.188400,0.991470,-0.010117,0.014916,0.068905,-0.005794,133.857391,267.517883,-764.536865,0,0
0.640000,-1.452471,-1.371430,-1.265046,0.963730,0.180408,0.196664,0.188863,0.059614,-0.980192,-0.188559,0.981784,0.023380,-0.685700,-0.134633,-0.002955,0.715319,0.014902,0.160508,-0.006374,0.004906,0.012560,0.011386,-0.196664,0.980192,-0.023380,0.000000,0.000000,0.000000,-1,-0.197678,0.991714,-0.015915,0.014911,0.014849,0.004024,133.331772,267.692505,-765.037903,0,0
0.680000,-1.447657,-1.371662,-1.264264,0.964532,0.176449,0.196323,0.188600,0.059693,-0.980238,-0.184681,0.982498,0.024298,-0.685664,-0.133100,-0.004245,0.715633,0.023347,0.053440,0.005725,-0.002453,0.008562,0.009985,-0.196323,0.980238,-0.024298,0.000000,0.000000,0.000000,-1,-0.200577,0.986908,-0.014191,0.018034,-0.104944,0.010912,133.682190,268.740234,-764.035889,0,0
0.720000,-1.449077,-1.371624,-1.264705,0.964341,0.177416,0.196394,0.188661,0.059621,-0.980231,-0.185618,0.982328,0.024024,-0.685692,-0.133470,-0.003929,0.715539,0.005146,-0.054714,0.003209,-0.007265,0.007745,0.011679,-0.196394,0.980231,-0.024024,0.000000,0.000000,0.000000,-1,-0.203094,0.989197,-0.015182,-0.016078,-0.179173,0.002050,133.331772,266.644775,-765.037903,0,0
0.760000,-1.455291,-1.371412,-1.268603,0.963837,0.179748,0.196746,0.189090,0.058947,-0.980189,-0.187785,0.981945,0.022827,-0.685941,-0.134428,-0.003266,0.715124,-0.025761,-0.091838,-0.004802,-0.005784,0.007635,0.006027,-0.196746,0.980189,-0.022827,0.000000,0.000000,0.000000,-1,-0.193527,0.989914,-0.014236,-0.044806,-0.194021,-0.000758,133.857391,268.216370,-764.870911,0,0
0.800000,-1.469162,-1.371737,-1.278903,0.963141,0.183460,0.196727,0.189382,0.056905,-0.980253,-0.191031,0.981379,0.020063,-0.686690,-0.135739,-0.002073,0.714162,-0.044888,-0.085472,0.000707,0.001948,0.010088,0.001326,-0.196727,0.980253,-0.020063,0.000000,0.000000,0.000000,-1,-0.197601,0.992188,-0.021179,-0.035210,-0.189770,0.005499,132.981369,267.692505,-764.035889,0,0
0.840000,-1.479458,-1.371965,-1.284295,0.962196,0.188382,0.196700,0.189472,0.055820,-0.980298,-0.195650,0.980508,0.018016,-0.687088,-0.137484,-0.000382,0.713448,-0.018320,-0.127876,0.002733,-0.004853,0.009402,-0.009632,-0.196700,0.980298,-0.018016,0.000000,0.000000,0.000000,-1,-0.199265,0.986603,-0.024658,-0.025654,-0.232170,0.010904,134.558212,267.517883,-765.538879,0,0
0.880000,-1.486036,-1.372218,-1.285984,0.961264,0.193219,0.196568,0.189329,0.055430,-0.980348,-0.200317,0.979589,0.016701,-0.687229,-0.139163,0.001364,0.712986,-0.027831,-0.106660,0.008059,-0.000927,0.006575,-0.008323,-0.196568,0.980348,-0.016701,0.000000,0.000000,0.000000,-1,-0.202621,0.982697,-0.022964,-0.023480,-0.168558,0.010593,132.806152,266.819397,-765.204895,0,0
0.920000,-1.489669,-1.372183,-1.287481,0.960817,0.195335,0.196661,0.189444,0.055156,-0.980341,-0.202342,0.979184,0.015990,-0.687326,-0.139955,0.002066,0.712735,-0.013974,-0.051535,0.002330,-0.007196,0.003073,-0.006776,-0.196661,0.980341,-0.015990,0.000000,0.000000,0.000000,-1,-0.196854,0.988205,-0.025024,-0.010725,-0.118744,-0.000410,133.331772,267.692505,-765.037903,0,0
0.960000,-1.489321,-1.371894,-1.286952,0.960729,0.195488,0.196938,0.189687,0.055336,-0.980284,-0.202532,0.979144,0.016081,-0.687261,-0.140112,0.002035,0.712767,-0.023468,0.032218,-0.003266,0.000817,0.009508,-0.010042,-0.196938,0.980284,-0.016081,0.000000,0.000000,0.000000,-1,-0.194580,0.988129,-0.026047,-0.031888,-0.028614,0.007927,133.156570,266.120911,-764.870911,0,0
1.000000,-1.487936,-1.372363,-1.288541,0.961404,0.192630,0.196458,0.189333,0.054906,-0.980377,-0.199637,0.979734,0.016316,-0.687419,-0.138912,0.001156,0.712851,-0.014852,0.087387,0.011284,0.000123,0.007035,-0.008449,-0.196458,0.980377,-0.016316,0.000000,0.000000,0.000000,-1,-0.200836,0.992752,-0.030075,0.012804,-0.023299,0.016984,133.156570,266.120911,-765.872925,0,0
1.040000,-1.480753,-1.372504,-1.283691,0.961929,0.190263,0.196198,0.188932,0.055785,-0.980404,-0.197479,0.980147,0.017714,-0.687101,-0.137969,0.000466,0.713342,0.027689,0.064072,0.015171,-0.008606,0.010700,-0.012681,-0.196198,0.980404,-0.017714,0.000000,0.000000,0.000000,-1,-0.201981,0.987595,-0.023361,0.040425,-0.056164,0.017891,132.981369,266.644775,-766.039917,0,0
1.080000,-1.466185,-1.372454,-1.271696,0.962514,0.187520,0.195967,0.188296,0.058061,-0.980395,-0.195221,0.980543,0.020576,-0.686272,-0.136905,-0.000272,0.714344,0.033013,0.086329,0.009681,-0.004884,0.005033,0.002799,-0.195967,0.980395,-0.020576,0.000000,0.000000,0.000000,-1,-0.203049,0.987976,-0.013855,0.024547,0.051972,0.014387,132.280548,266.994019,-764.703857,0,0
1.120000,-1.457296,-1.372399,-1.268852,0.963688,0.181535,0.195830,0.188182,0.058613,-0.980384,-0.189452,0.981636,0.022323,-0.686067,-0.134723,-0.002324,0.714952,0.021390,0.198707,0.009291,-0.008668,0.007364,0.009261,-0.195830,0.980384,-0.022323,0.000000,0.000000,0.000000,-1,-0.209061,0.984741,-0.014923,0.019257,0.101797,0.011029,132.981369,267.343262,-766.707886,0,0
1.160000,-1.446410,-1.371551,-1.266917,0.965203,0.172657,0.196400,0.188861,0.059225,-0.980216,-0.180873,0.983200,0.024556,-0.685825,-0.131782,-0.005660,0.715714,0.020223,0.136122,-0.002153,-0.013149,0.012261,0.006353,-0.196400,0.980216,-0.024556,0.000000,0.000000,0.000000,-1,-0.203873,0.989655,-0.016998,0.013834,0.006364,0.001946,132.455750,267.168640,-763.868896,0,0
1.200000,-1.445009,-1.371165,-1.267856,0.965543,0.170350,0.196741,0.189278,0.059161,-0.980140,-0.178606,0.983606,0.024879,-0.685840,-0.131090,-0.006611,0.715818,-0.004320,0.038577,-0.003577,-0.005239,0.008019,0.008140,-0.196741,0.980140,-0.024879,0.000000,0.000000,0.000000,-1,-0.195175,0.989151,-0.015350,-0.028790,-0.118741,0.001917,134.558212,267.168640,-765.872925,0,0
1.240000,-1.453700,-1.371497,-1.275577,0.965370,0.171464,0.196626,0.189417,0.057603,-0.980206,-0.179396,0.983505,0.023130,-0.686410,-0.131438,-0.006276,0.715210,-0.039473,-0.071677,0.003695,0.003572,0.010380,0.004667,-0.196626,0.980206,-0.023130,0.000000,0.000000,0.000000,-1,-0.194397,0.988708,-0.022751,-0.039459,-0.226865,0.014223,134.207809,268.565613,-766.540894,0,0
1.280000,-1.468075,-1.372409,-1.283000,0.964214,0.178482,0.196049,0.188982,0.055942,-0.980386,-0.185949,0.982352,0.020210,-0.687034,-0.133714,-0.003675,0.714207,-0.020379,-0.180863,0.014619,-0.000545,0.010215,-0.001321,-0.196049,0.980386,-0.020210,0.000000,0.000000,0.000000,-1,-0.192856,0.988510,-0.018448,-0.023531,-0.273507,0.018513,132.280548,267.343262,-764.703857,0,0
1.320000,-1.476530,-1.373197,-1.286742,0.963448,0.183221,0.195444,0.188449,0.055017,-0.980541,-0.190408,0.981531,0.018479,-0.687378,-0.135177,-0.001832,0.713608,-0.032059,-0.133251,0.015589,0.004511,0.008839,0.000534,-0.195444,0.980541,-0.018479,0.000000,0.000000,0.000000,-1,-0.194626,0.986526,-0.019669,-0.044724,-0.181269,0.018331,134.207809,268.216370,-763.868896,0,0
1.360000,-1.486998,-1.374037,-1.294158,0.962968,0.186395,0.194807,0.188060,0.053394,-0.980705,-0.193200,0.981023,0.016363,-0.687970,-0.136072,-0.000584,0.712868,-0.041581,-0.052682,0.011079,-0.002337,0.007454,-0.005305,-0.194807,0.980705,-0.016363,0.000000,0.000000,0.000000,-1,-0.199722,0.990158,-0.025192,-0.036218,-0.142053,0.010614,134.207809,267.517883,-766.540894,0,0
1.400000,-1.492668,-1.374420,-1.298125,0.962683,0.188158,0.194522,0.187908,0.052546,-0.980780,-0.194763,0.980732,0.015229,-0.688278,-0.136597,0.000088,0.712471,-0.017106,-0.018760,0.006401,-0.000455,0.012643,-0.006530,-0.194522,0.980780,-0.015229,0.000000,0.000000,0.000000,-1,-0.192520,0.993378,-0.017014,-0.013847,-0.093280,0.012275,133.506989,267.168640,-764.870911,0,0
1.440000,-1.492206,-1.374917,-1.298425,0.962922,0.187442,0.194028,0.187454,0.052358,-0.980877,-0.193400,0.980998,0.015469,-0.688335,-0.135868,-0.000165,0.712555,-0.004260,0.066065,0.011200,0.001442,0.007281,-0.005832,-0.193855,0.980908,-0.015469,0.000000,0.000000,0.000000,-1,-0.195938,0.981354,-0.022873,-0.008473,-0.031784,0.015129,132.630951,268.041748,-764.369873,0,0
1.480000,-1.487966,-1.375307,-1.296870,0.963522,0.184800,0.193581,0.187004,0.052546,-0.980953,-0.191452,0.981370,0.016071,-0.688278,-0.135049,-0.000773,0.712766,-0.006416,0.059540,0.009111,-0.004173,0.001530,-0.007687,-0.193581,0.980953,-0.016071,0.000000,0.000000,0.000000,-1,-0.202148,0.983185,-0.025406,-0.010634,-0.061474,0.012096,133.682190,268.041748,-764.703857,0,0
1.520000,-1.484312,-1.374851,-1.294462,0.963691,0.183510,0.193967,0.187308,0.053119,-0.980864,-0.190302,0.981582,0.016817,-0.688069,-0.134732,-0.001332,0.713026,0.002019,-0.014684,0.001894,-0.013767,0.007051,-0.009077,-0.193967,0.980864,-0.016817,0.000000,0.000000,0.000000,-1,-0.206802,0.993805,-0.024323,0.005235,-0.128278,0.004776,133.682190,268.041748,-766.039917,0,0
1.560000,-1.482709,-1.374441,-1.291671,0.963407,0.184604,0.194340,0.187545,0.053752,-0.980784,-0.191503,0.981342,0.017163,-0.687839,-0.135260,-0.001031,0.713148,0.002028,-0.022102,0.004047,-0.006100,0.010488,-0.002780,-0.194340,0.980784,-0.017163,0.000000,0.000000,0.000000,-1,-0.191391,0.982391,-0.013107,0.003163,-0.066783,0.006649,134.908630,267.517883,-764.536865,0,0
1.600000,-1.481999,-1.374623,-1.291660,0.963575,0.183928,0.194150,0.187373,0.053705,-0.980820,-0.190827,0.981471,0.017285,-0.687856,-0.134949,-0.001208,0.713191,0.008452,0.062707,-0.000659,0.005978,-0.001602,0.004712,-0.194150,0.980820,-0.017286,0.000000,0.000000,0.000000,-1,-0.191452,0.972824,-0.017303,0.013804,-0.011665,-0.002227,134.383011,266.295532,-765.371887,0,0
1.640000,-1.475858,-1.374141,-1.289031,0.964168,0.180406,0.194511,0.187686,0.054329,-0.980726,-0.187496,0.982091,0.018522,-0.687626,-0.133827,-0.002550,0.713621,0.013675,0.037156,-0.019761,-0.002816,0.000003,-0.002871,-0.194511,0.980726,-0.018522,0.000000,0.000000,0.000000,-1,-0.197144,0.967804,-0.035370,0.005149,-0.098636,-0.024077,135.259048,268.216370,-765.538879,0,0
1.680000,-1.476803,-1.372229,-1.287035,0.963267,0.183154,0.196394,0.189376,0.055228,-0.980350,-0.190401,0.981532,0.018514,-0.687300,-0.135505,-0.002180,0.713619,-0.051471,-0.182362,-0.057412,-0.000124,0.013592,-0.026362,-0.196394,0.980350,-0.018514,0.000000,0.000000,0.000000,-1,-0.193481,1.003448,-0.038284,-0.081173,-0.311756,-0.034928,133.857391,267.517883,-766.206909,0,0
1.720000,-1.489241,-1.371445,-1.293567,0.961932,0.189025,0.197376,0.190472,0.054200,-0.980195,-0.195979,0.980475,0.016133,-0.687677,-0.137964,-0.000508,0.712788,-0.076912,-0.205653,-0.036809,0.011737,0.008574,-0.019023,-0.197376,0.980195,-0.016133,0.000000,0.000000,0.000000,-1,-0.193878,0.971481,-0.036606,-0.049231,-0.279940,-0.029042,131.930130,267.343262,-764.369873,0,0
1.760000,-1.493334,-1.369649,-1.288888,0.959866,0.197432,0.199195,0.191907,0.055580,-0.979838,-0.204523,0.978740,0.015461,-0.687172,-0.141646,0.001938,0.712549,0.077249,-0.180220,-0.049259,-0.016641,-0.005503,-0.023678,-0.199195,0.979838,-0.015461,0.000000,0.000000,0.000000,-1,-0.220810,0.977936,-0.046051,0.120698,-0.291668,-0.074474,131.579712,266.994019,-763.701904,0,0
1.800000,-1.473491,-1.365135,-1.262765,0.957893,0.202810,0.203248,0.194602,0.061914,-0.978926,-0.211120,0.977259,0.019840,-0.684861,-0.145070,0.002874,0.714081,0.169384,-0.207019,-0.142736,-0.016387,0.001878,-0.026440,-0.203248,0.978926,-0.019840,0.000000,0.000000,0.000000,-1,-0.192154,1.015167,-0.046112,0.104395,-0.238816,-0.179841,133.506989,267.168640,-765.538879,0,0
1.840000,-1.458472,-1.358409,-1.243297,0.955798,0.206336,0.209466,0.199591,0.067808,-0.977530,-0.215903,0.976129,0.023628,-0.682708,-0.148646,0.002357,0.715408,-0.032585,0.017683,-0.185123,0.035928,0.032144,-0.018990,-0.209466,0.977530,-0.023628,0.000000,0.000000,0.000000,-1,-0.152100,1.015457,-0.037338,-0.138764,0.108945,-0.169157,133.857391,265.771667,-763.200867,0,0
1.880000,-1.469674,-1.354455,-1.260411,0.956101,0.200656,0.213561,0.204400,0.065562,-0.976689,-0.209980,0.977466,0.021670,-0.683533,-0.148148,-0.001310,0.714726,-0.132248,0.289122,-0.168217,0.062072,0.037150,-0.013883,-0.213561,0.976689,-0.021670,0.000000,0.000000,0.000000,-1,-0.172684,1.003830,-0.015762,-0.008826,0.289220,-0.144810,133.506989,266.819397,-764.536865,0,0
1.920000,-1.418754,-1.347369,-1.233125,0.959638,0.176425,0.219017,0.209060,0.073405,-0.975144,-0.188117,0.981573,0.033559,-0.680565,-0.141605,-0.011351,0.718784,0.316809,0.415414,-0.088618,0.031272,0.024871,0.004506,-0.219017,0.975144,-0.033559,0.000000,0.000000,0.000000,-1,-0.207001,0.998428,0.015762,0.351945,0.339182,-0.060723,133.156570,266.470154,-765.204895,0,0
1.960000,-1.345478,-1.342081,-1.176002,0.962243,0.158903,0.220996,0.209286,0.087203,-0.973958,-0.174037,0.983436,0.050655,-0.675349,-0.136296,-0.017383,0.724586,0.306262,0.460861,-0.074914,0.002246,0.022059,0.098628,-0.220996,0.973958,-0.050655,0.000000,0.000000,0.000000,-1,-0.212921,0.991379,0.039520,0.215741,0.292498,-0.082413,131.754929,266.470154,-766.206909,0,0
2.000000,-1.325737,-1.338770,-1.164014,0.963076,0.150733,0.223079,0.211185,0.090981,-0.973203,-0.166990,0.984379,0.055789,-0.673852,-0.134272,-0.020809,0.726265,-0.055556,0.056903,-0.081868,0.019253,0.018466,0.084903,-0.223079,0.973203,-0.055789,0.000000,0.000000,0.000000,-1,-0.204681,0.992172,0.022003,-0.177972,-0.240765,-0.062902,131.754929,266.470154,-765.204895,0,0
2.040000,-1.389818,-1.339336,-1.210667,0.959446,0.168950,0.225653,0.214683,0.080839,-0.973332,-0.182686,0.982304,0.041290,-0.677738,-0.141512,-0.015849,0.721383,-0.173740,-0.596057,0.006416,0.007620,0.008357,0.057770,-0.225653,0.973332,-0.041290,0.000000,0.000000,0.000000,-1,-0.225128,0.981430,-0.006271,-0.071740,-0.803597,0.029947,132.806152,267.867126,-764.536865,0,0
2.080000,-1.420669,-1.340429,-1.221172,0.955627,0.189228,0.225766,0.214521,0.078215,-0.973583,-0.201888,0.978813,0.034151,-0.678834,-0.148692,-0.008794,0.719026,-0.036617,-0.734911,0.027869,-0.005481,0.007817,0.022722,-0.225766,0.973583,-0.034151,0.000000,0.000000,0.000000,-1,-0.234512,0.980774,-0.007996,-0.028124,-0.772849,0.030391,133.682190,266.994019,-764.369873,0,0
2.120000,-1.452503,-1.341514,-1.228059,0.950442,0.213831,0.225691,0.214060,0.076381,-0.973830,-0.225473,0.973880,0.026823,-0.679566,-0.157413,-0.000080,0.716527,-0.074714,-0.451976,0.011012,-0.002276,0.007997,0.023054,-0.225691,0.973830,-0.026823,0.000000,0.000000,0.000000,-1,-0.227127,0.970749,-0.006287,-0.106616,-0.401817,0.002989,133.156570,266.470154,-765.204895,0,0
2.160000,-1.483896,-1.341743,-1.254414,0.949056,0.219378,0.226199,0.215786,0.070644,-0.973882,-0.229628,0.973079,0.019706,-0.681672,-0.159594,0.001258,0.714039,-0.083992,0.031448,-0.009151,-0.013639,-0.001622,-0.009743,-0.226199,0.973882,-0.019706,0.000000,0.000000,0.000000,-1,-0.242630,0.966721,-0.052292,-0.022456,-0.209909,0.008641,130.528488,268.041748,-763.701904,0,0
2.200000,-1.488070,-1.341435,-1.255961,0.948367,0.221949,0.226578,0.216181,0.070403,-0.973812,-0.232089,0.972513,0.018787,-0.681758,-0.160662,0.002021,0.713715,0.015848,-0.209186,0.012104,-0.018920,-0.008190,-0.036252,-0.226578,0.973812,-0.018787,0.000000,0.000000,0.000000,-1,-0.259308,0.968430,-0.033447,0.064639,-0.418739,0.028834,132.455750,266.819397,-765.204895,0,0
2.240000,-1.484287,-1.340519,-1.237491,0.944849,0.235695,0.227394,0.215686,0.074675,-0.973603,-0.246454,0.968954,0.019721,-0.680157,-0.165910,0.007006,0.714011,0.108350,-0.220844,0.014309,-0.035439,-0.009721,0.005591,-0.227394,0.973603,-0.019721,0.000000,0.000000,0.000000,-1,-0.263412,0.961685,-0.005096,0.108293,-0.237473,0.008388,132.981369,267.692505,-764.369873,0,0
2.280000,-1.477348,-1.336571,-1.227910,0.943447,0.237719,0.231077,0.218579,0.078030,-0.972695,-0.249259,0.968195,0.021657,-0.678926,-0.168022,0.006695,0.714691,0.053103,0.046134,-0.037432,-0.022189,-0.013908,0.009465,-0.231077,0.972694,-0.021657,0.000000,0.000000,0.000000,-1,-0.248917,0.965225,-0.020721,-0.020434,-0.057328,-0.050574,133.331772,267.692505,-765.037903,0,0
2.320000,-1.478572,-1.333794,-1.230316,0.943105,0.236419,0.233792,0.221312,0.078406,-0.972046,-0.248140,0.968483,0.021623,-0.678800,-0.168581,0.005284,0.714691,-0.042695,0.004751,-0.058541,-0.013308,-0.004349,-0.003631,-0.233792,0.972046,-0.021623,0.000000,0.000000,0.000000,-1,-0.235916,0.960510,-0.042313,-0.068418,-0.204709,-0.057890,132.630951,266.644775,-764.703857,0,0
2.360000,-1.488131,-1.330890,-1.236186,0.941470,0.239916,0.236800,0.224433,0.078032,-0.971360,-0.251522,0.967653,0.019620,-0.678936,-0.170984,0.005421,0.713989,-0.067271,-0.156405,-0.062866,-0.001390,0.003386,-0.018741,-0.236800,0.971360,-0.019620,0.000000,0.000000,0.000000,-1,-0.228302,0.981979,-0.011154,-0.053550,-0.230152,-0.056876,131.754929,267.867126,-764.202881,0,0
2.400000,-1.485685,-1.329261,-1.234741,0.941373,0.238781,0.238328,0.225814,0.078878,-0.970972,-0.250648,0.967865,0.020334,-0.678631,-0.171151,0.004539,0.714245,0.096818,0.251798,-0.049484,0.018434,0.012793,0.017144,-0.238328,0.970972,-0.020334,0.000000,0.000000,0.000000,-1,-0.218506,0.976837,-0.007217,0.108503,0.274535,-0.040729,133.682190,266.295532,-764.703857,0,0
2.440000,-1.460196,-1.328955,-1.222215,0.944632,0.225862,0.238027,0.225087,0.081802,-0.970899,-0.238760,0.970719,0.026434,-0.677569,-0.166385,0.000270,0.716391,0.079898,0.291031,-0.040957,0.021475,0.006213,0.008291,-0.238027,0.970899,-0.026434,0.000000,0.000000,0.000000,-1,-0.214767,0.987869,0.000320,0.066959,0.123999,-0.031082,131.404510,267.867126,-764.202881,0,0
2.480000,-1.452584,-1.329517,-1.219276,0.945901,0.221292,0.237277,0.224333,0.082275,-0.971033,-0.234404,0.971731,0.028181,-0.677393,-0.164464,-0.001060,0.717000,0.079804,0.081138,-0.018719,0.022083,0.016348,0.038053,-0.237277,0.971033,-0.028180,0.000000,0.000000,0.000000,-1,-0.219513,0.994751,0.001892,0.075386,-0.101788,-0.005690,131.930130,267.343262,-766.039917,0,0
2.520000,-1.463006,-1.331454,-1.222099,0.944487,0.228901,0.235688,0.222797,0.080999,-0.971494,-0.241466,0.970074,0.025504,-0.677861,-0.166589,0.002131,0.716064,0.003011,-0.260238,-0.004611,0.012040,0.022830,0.031775,-0.235688,0.971494,-0.025504,0.000000,0.000000,0.000000,-1,-0.218933,0.990631,0.010086,-0.021535,-0.319134,-0.006832,131.754929,266.819397,-764.870911,0,0
2.560000,-1.484026,-1.332802,-1.234513,0.942524,0.237666,0.234867,0.222549,0.077794,-0.971813,-0.249238,0.968227,0.020431,-0.679025,-0.169440,0.005291,0.714274,-0.019292,-0.160595,-0.012247,0.018116,0.005162,0.024444,-0.234867,0.971813,-0.020431,0.000000,0.000000,0.000000,-1,-0.218842,0.969986,-0.009598,-0.017243,-0.250226,-0.010382,132.455750,267.517883,-765.204895,0,0
2.600000,-1.492733,-1.333263,-1.238422,0.941376,0.242444,0.234590,0.222428,0.076778,-0.971921,-0.253648,0.967123,0.018350,-0.679384,-0.171064,0.007013,0.713531,-0.005516,-0.170197,-0.022891,0.016328,-0.004194,0.005258,-0.234590,0.971921,-0.018350,0.000000,0.000000,0.000000,-1,-0.218643,0.990753,-0.018280,-0.006681,-0.278871,-0.023133,130.703690,267.168640,-764.202881,0,0
2.640000,-1.503497,-1.333556,-1.240692,0.939228,0.250731,0.234489,0.222332,0.076180,-0.971990,-0.261572,0.965055,0.015805,-0.679567,-0.174031,0.009963,0.712603,-0.040612,-0.157485,-0.028928,0.016868,0.016947,-0.013736,-0.234489,0.971990,-0.015805,0.000000,0.000000,0.000000,-1,-0.220779,0.986588,-0.031128,-0.053386,-0.198290,-0.019791,132.630951,266.994019,-764.035889,0,0
2.680000,-1.509184,-1.333625,-1.243461,0.938446,0.253624,0.234508,0.222478,0.075543,-0.972007,-0.264240,0.964349,0.014467,-0.679786,-0.175093,0.010934,0.712119,-0.012847,0.010024,-0.033170,0.008571,0.011422,-0.009489,-0.234508,0.972007,-0.014467,0.000000,0.000000,0.000000,-1,-0.228088,0.978165,-0.015625,0.014753,-0.014891,-0.032007,131.754929,265.422424,-763.534851,0,0
2.720000,-1.500408,-1.332743,-1.238573,0.939323,0.249679,0.235228,0.222917,0.076909,-0.971799,-0.260729,0.965270,0.016585,-0.679307,-0.173926,0.009385,0.712884,0.074417,0.215676,-0.053139,0.007292,0.006564,0.004286,-0.235228,0.971799,-0.016585,0.000000,0.000000,0.000000,-1,-0.223022,0.988449,-0.012085,0.088158,0.161070,-0.055948,131.754929,266.120911,-764.536865,0,0
2.760000,-1.476853,-1.330608,-1.226533,0.941930,0.238068,0.236836,0.223927,0.080287,-0.971293,-0.250249,0.967924,0.022315,-0.678109,-0.170325,0.004945,0.714936,0.044524,0.166872,-0.073850,0.017506,0.013250,0.016745,-0.236836,0.971293,-0.022315,0.000000,0.000000,0.000000,-1,-0.219238,0.979782,0.009277,-0.006689,-0.035100,-0.075292,130.528488,265.597046,-764.369873,0,0
2.800000,-1.486176,-1.328962,-1.237681,0.941882,0.236465,0.238627,0.226319,0.078309,-0.970900,-0.248270,0.968479,0.020241,-0.678847,-0.170430,0.003551,0.714218,-0.059919,-0.046264,-0.091935,0.016826,0.007692,0.031334,-0.238627,0.970900,-0.020241,0.000000,0.000000,0.000000,-1,-0.218918,0.983810,0.007095,-0.090886,-0.201586,-0.095950,131.404510,267.867126,-764.870911,0,0
2.840000,-1.509762,-1.327257,-1.257181,0.940253,0.240818,0.240690,0.229377,0.074391,-0.970491,-0.251617,0.967715,0.014709,-0.680285,-0.172793,0.004015,0.712277,-0.131353,-0.209566,-0.108484,0.021772,0.013320,0.021804,-0.240690,0.970491,-0.014709,0.000000,0.000000,0.000000,-1,-0.203979,0.997482,0.008713,-0.145244,-0.347905,-0.102137,132.630951,267.343262,-762.699829,0,0
2.880000,-1.559068,-1.325836,-1.293191,0.936154,0.254574,0.242501,0.233233,0.066463,-0.970147,-0.263092,0.964767,0.002844,-0.683163,-0.178511,0.007535,0.708072,-0.124960,-0.296469,-0.082605,0.039498,0.023612,0.018210,-0.242501,0.970147,-0.002844,0.000000,0.000000,0.000000,-1,-0.203049,1.014267,0.053665,-0.081365,-0.334091,-0.081629,132.806152,266.819397,-765.204895,0,0
2.920000,-1.587077,-1.324952,-1.313057,0.933620,0.262941,0.243343,0.235336,0.062035,-0.969932,-0.270130,0.962816,-0.003962,-0.684753,-0.181918,0.009780,0.705637,-0.049280,-0.085470,-0.069478,0.038967,0.047081,0.072683,-0.243343,0.969932,0.003962,0.000000,0.000000,0.000000,-1,-0.192261,1.010086,0.163879,-0.056636,-0.098685,-0.056371,131.229309,266.295532,-763.367859,0,0
2.960000,-1.593544,-1.323532,-1.321748,0.933822,0.260967,0.244689,0.237201,0.060327,-0.969586,-0.267791,0.963461,-0.005567,-0.685394,-0.181709,0.008427,0.705085,-0.107373,0.179653,-0.022167,0.052428,0.040500,0.158312,-0.244689,0.969586,0.005567,0.000000,0.000000,0.000000,-1,-0.178787,1.004700,0.345947,-0.152950,0.182357,0.001927,131.229309,267.343262,-764.035889,0,0
3.000000,-1.644320,-1.326690,-1.388396,0.938354,0.247776,0.241036,0.237680,0.043840,-0.970354,-0.250997,0.967825,-0.017754,-0.691424,-0.175527,0.003602,0.700793,-0.625363,0.022057,0.234228,0.064705,0.040724,0.365684,-0.241036,0.970354,0.017754,0.000000,0.000000,0.000000,-1,-0.222488,1.092209,0.326706,-0.980449,-1.180382,0.472469,131.229309,266.644775,-762.699829,0,0
3.040000,-1.858919,-1.341288,-1.554917,0.929009,0.298942,0.218121,0.227470,0.003612,-0.973778,-0.291891,0.954265,-0.064644,-0.705344,-0.186580,0.026147,0.683370,-0.831373,-2.630741,0.844153,-0.006229,0.146827,0.165946,-0.218121,0.973778,0.064644,0.000000,0.000000,0.000000,-1,-0.153732,1.117798,0.046326,-0.487715,-3.427137,1.062223,131.579712,268.041748,-762.365845,0,0
3.080000,-2.055341,-1.375805,-1.643748,0.899760,0.401292,0.171454,0.193243,-0.014122,-0.981049,-0.391266,0.915841,-0.090253,-0.707838,-0.209983,0.077635,0.669960,0.370059,-4.187885,1.741035,0.017722,0.136748,-0.043928,-0.171454,0.981049,0.090253,0.000000,0.000000,0.000000,-1,-0.214905,1.189377,0.184036,0.384885,-4.777307,2.117097,133.331772,270.486420,-759.359802,0,0
3.120000,-2.534529,-1.444204,-1.981635,0.846823,0.526976,0.072023,0.115749,-0.050423,-0.991998,-0.519127,0.848383,-0.103696,-0.707273,-0.227184,0.158038,0.650520,-0.161704,1.022855,0.908571,-0.262679,0.106925,0.077120,-0.072023,0.991998,0.103696,0.000000,0.000000,0.000000,-1,-0.202637,0.936951,-0.238525,-0.334739,1.361593,0.896386,134.207809,269.613342,-758.858826,0,0
3.160000,-2.909978,-1.441523,-2.414934,0.878675,0.476502,0.029592,0.085647,-0.096350,-0.991656,-0.469675,0.873878,-0.125471,-0.724654,-0.193937,0.151825,0.643594,-0.830164,0.150660,1.163638,0.120016,-0.033236,-0.328077,-0.029592,0.991656,0.125471,0.000000,0.000000,0.000000,-1,0.188568,0.941742,0.072113,-0.879211,-0.085209,1.159954,133.682190,271.184906,-759.359802,0,0
3.200000,3.131025,-1.420236,-2.661298,0.881982,0.471280,-0.001585,0.069303,-0.133022,-0.988687,-0.466160,0.871894,-0.149984,-0.735695,-0.183698,0.158947,0.632253,-0.706813,0.169323,0.882437,0.164949,-0.059351,0.012034,0.001585,0.988687,0.149984,0.000000,0.000000,0.000000,-1,0.014099,0.801895,0.192352,-0.501184,0.235331,0.687369,137.186310,270.835663,-758.357788,0,0
3.240000,3.017304,-1.405827,-2.790900,0.889880,0.455741,-0.020358,0.056418,-0.154227,-0.986423,-0.452694,0.876649,-0.162955,-0.742809,-0.172372,0.159210,0.627036,-0.114226,0.339281,0.386892,-0.161212,-0.274570,-0.034568,0.020358,0.986423,0.162955,0.000000,0.000000,0.000000,-1,-0.142441,0.763123,0.140976,0.108510,0.126580,0.274799,137.361511,271.708740,-758.190796,0,0
3.280000,2.966417,-1.413111,-2.854433,0.895626,0.443966,-0.027368,0.044476,-0.150602,-0.987593,-0.442580,0.883297,-0.154629,-0.741764,-0.164622,0.158388,0.630554,0.355082,0.298341,-0.052093,-0.127191,-0.150161,0.043262,0.027368,0.987593,0.154629,0.000000,0.000000,0.000000,-1,-0.063232,0.882446,0.232437,0.380373,0.359210,-0.138778,137.536728,272.581848,-759.025818,0,0
3.320000,3.005833,-1.424912,-2.832376,0.903059,0.429067,-0.019675,0.044237,-0.138473,-0.989378,-0.427233,0.892596,-0.144030,-0.739182,-0.160077,0.151149,0.636505,0.347395,0.794268,-0.219123,-0.076605,-0.090589,0.082212,0.019675,0.989378,0.144030,0.000000,0.000000,0.000000,-1,-0.024628,0.916000,0.210892,0.286729,0.797966,-0.251417,136.835892,271.534149,-759.025818,0,0
3.360000,3.119013,-1.433719,-2.753437,0.916908,0.399087,-0.003085,0.051719,-0.126484,-0.990620,-0.395734,0.908147,-0.136614,-0.738242,-0.152662,0.135057,0.643003,0.101285,0.790877,-0.355742,-0.023028,-0.082874,0.061384,0.003085,0.990620,0.136614,0.000000,0.000000,0.000000,-1,-0.018784,0.918152,0.237335,0.061394,0.491254,-0.456038,136.660690,271.708740,-760.528809,0,0
3.400000,-3.004166,-1.435398,-2.613804,0.924140,0.381607,0.018492,0.067982,-0.116617,-0.990848,-0.375957,0.916939,-0.133712,-0.737304,-0.152443,0.121207,0.646879,0.060806,0.313471,-0.561630,0.004713,-0.052692,0.116471,-0.018492,0.990848,0.133712,0.000000,0.000000,0.000000,-1,0.022827,1.005310,0.328323,0.073265,0.088143,-0.609652,135.083832,271.883362,-760.361816,0,0
3.440000,-2.863149,-1.433960,-2.474970,0.924011,0.380523,0.037493,0.084347,-0.107206,-0.990653,-0.372947,0.918536,-0.131156,-0.735251,-0.158065,0.114061,0.649163,0.182489,0.014355,-0.653099,0.060321,0.014658,0.197168,-0.037493,0.990653,0.131156,0.000000,0.000000,0.000000,-1,0.092300,1.157791,0.284103,0.204928,-0.131319,-0.610113,135.259048,272.057983,-759.526794,0,0
3.480000,-2.696020,-1.431737,-2.306121,0.921862,0.382886,0.059738,0.102796,-0.092985,-0.990347,-0.373635,0.919104,-0.125078,-0.731424,-0.166006,0.107290,0.652648,-0.038826,0.155036,-0.161984,0.176620,0.201288,0.168257,-0.059738,0.990347,0.125078,0.000000,0.000000,0.000000,-1,0.091888,1.054825,0.276550,-0.009780,0.398857,0.145101,134.032608,271.184906,-760.695801,0,0
3.520000,-2.699273,-1.433854,-2.327979,0.928946,0.365574,0.058434,0.099216,-0.093769,-0.990638,-0.356672,0.926047,-0.123377,-0.732477,-0.158636,0.101791,0.654179,0.124016,0.515894,0.094139,0.110268,-0.023856,0.137991,-0.058434,0.990638,0.123377,0.000000,0.000000,0.000000,-1,-0.068100,0.962067,0.130356,0.220473,0.366882,0.029953,134.383011,273.629578,-760.695801,0,0
3.560000,-2.642675,-1.443100,-2.285610,0.933985,0.352079,0.060934,0.096176,-0.083475,-0.991858,-0.344126,0.932240,-0.111826,-0.729603,-0.153596,0.097037,0.659296,0.441656,0.221790,-0.189905,-0.060420,-0.020697,0.005225,-0.060933,0.991858,0.111826,0.000000,0.000000,0.000000,-1,-0.209595,0.976761,0.158997,0.448727,-0.016290,-0.262292,134.733429,272.931091,-761.029846,0,0
3.600000,-2.496743,-1.452461,-2.138649,0.933023,0.352750,0.070963,0.099531,-0.063495,-0.993007,-0.345778,0.933561,-0.094352,-0.722992,-0.156392,0.095027,0.666179,0.402124,-0.048560,-0.186122,-0.130133,0.014165,0.150598,-0.070963,0.993007,0.094352,0.000000,0.000000,0.000000,-1,-0.082565,1.244507,0.364105,0.187480,-0.057511,-0.175193,134.733429,272.931091,-761.363831,0,0
3.640000,-2.378378,-1.453936,-2.025975,0.934311,0.347227,0.080596,0.104724,-0.051258,-0.993180,-0.340727,0.936379,-0.084254,-0.719344,-0.157070,0.090406,0.670597,0.179094,0.221801,-0.178502,-0.046967,0.353546,0.277166,-0.080596,0.993180,0.084254,0.000000,0.000000,0.000000,-1,-0.189163,1.216125,0.172455,0.167499,-0.107239,-0.106670,134.207809,272.407227,-760.862854,0,0
3.680000,-2.357178,-1.456377,-1.997736,0.931889,0.353664,0.080651,0.103922,-0.047276,-0.993461,-0.347539,0.934177,-0.080810,-0.717631,-0.159409,0.092975,0.671529,0.089168,-0.593075,0.106989,-0.129600,0.070076,-0.006438,-0.080651,0.993461,0.080810,0.000000,0.000000,0.000000,-1,-0.257065,0.758621,-0.200928,0.146335,-0.861838,0.074610,134.733429,272.232605,-761.363831,0,0
3.720000,-2.293905,-1.459560,-1.901618,0.919655,0.383808,0.083228,0.104988,-0.036057,-0.993820,-0.378435,0.922709,-0.073455,-0.712244,-0.171569,0.103619,0.672708,0.356884,-0.842017,-0.462864,-0.202859,-0.228347,-0.300079,-0.083228,0.993820,0.073455,0.000000,0.000000,0.000000,-1,-0.272018,0.837723,-0.125610,0.469424,-0.922508,-0.793480,134.558212,273.105713,-760.194824,0,0
3.760000,-2.038721,-1.443770,-1.614350,0.904114,0.412061,0.113067,0.126564,-0.005516,-0.991943,-0.408118,0.911139,-0.057139,-0.701208,-0.192035,0.105194,0.678502,0.572020,-0.552307,-0.988828,-0.142152,-0.117843,-0.149913,-0.113067,0.991943,0.057139,0.000000,0.000000,0.000000,-1,-0.193176,0.981003,-0.152969,0.521783,-0.508412,-1.091640,133.682190,272.232605,-761.029846,0,0
3.800000,-1.870909,-1.417245,-1.436621,0.896031,0.419261,0.146112,0.151574,0.020460,-0.988234,-0.417318,0.907635,-0.045216,-0.692962,-0.205940,0.097843,0.683973,0.295297,-0.034147,-1.174267,-0.047064,-0.007231,-0.198185,-0.146112,0.988234,0.045216,0.000000,0.000000,0.000000,-1,-0.116531,1.096863,-0.140579,0.161589,0.070368,-1.150914,131.054092,271.708740,-761.530823,0,0
3.840000,-1.797823,-1.370078,-1.390783,0.899052,0.392390,0.194257,0.196151,0.035696,-0.979924,-0.391447,0.919106,-0.044875,-0.690694,-0.213026,0.071374,0.687363,-0.363263,1.075576,-0.673133,0.102033,0.108089,-0.161086,-0.194257,0.979924,0.044875,0.000000,0.000000,0.000000,-1,-0.004486,1.043427,0.275436,0.114861,1.310669,-0.542231,131.404510,273.105713,-761.530823,0,0
3.880000,-1.679085,-1.352275,-1.324718,0.914937,0.341237,0.215517,0.210256,0.052810,-0.976219,-0.344504,0.938492,-0.023430,-0.686578,-0.200812,0.046967,0.697194,0.882321,1.334873,-0.282756,0.169344,0.068596,0.193749,-0.215517,0.976219,0.023430,0.000000,0.000000,0.000000,-1,-0.076630,0.935577,-0.083725,0.668964,0.949758,-0.135051,130.703690,271.359528,-763.868896,0,0
3.920000,-1.600554,-1.350735,-1.267895,0.922170,0.319367,0.218192,0.208351,0.065114,-0.975884,-0.325872,0.945391,-0.006495,-0.682560,-0.193287,0.039440,0.703702,-0.007232,0.320679,0.012448,0.141563,-0.040307,-0.090220,-0.218192,0.975884,0.006495,0.000000,0.000000,0.000000,-1,-0.122757,0.947922,-0.110214,-0.277400,-0.098538,0.043924,132.105331,271.708740,-763.200867,0,0
3.960000,-1.690009,-1.352618,-1.343492,0.917628,0.334320,0.214915,0.210884,0.048778,-0.976293,-0.336877,0.941197,-0.025743,-0.688221,-0.198048,0.044303,0.696538,-0.030708,-0.392659,0.136126,0.043788,-0.007604,-0.049806,-0.214915,0.976293,0.025743,0.000000,0.000000,0.000000,-1,-0.187515,0.972778,0.004288,0.604314,-0.086729,0.132014,130.353271,271.708740,-762.532837,0,0
4.000000,-1.588746,-1.358987,-1.240268,0.918759,0.334216,0.210195,0.198849,0.068228,-0.977652,-0.341088,0.940024,-0.003773,-0.680864,-0.195731,0.048062,0.704133,0.750990,0.204173,0.083332,0.021901,-0.037665,-0.028371,-0.210195,0.977652,0.003773,0.000000,0.000000,0.000000,-1,-0.192261,0.928024,-0.051147,0.756320,0.107221,0.084787,131.579712,272.931091,-763.367859,0,0
4.040000,-1.479295,-1.359627,-1.133619,0.920806,0.329467,0.208727,0.189890,0.088743,-0.977786,-0.340672,0.939987,0.019152,-0.673222,-0.192863,0.048998,0.712162,0.721881,0.118160,-0.006375,0.016466,-0.049762,-0.031995,-0.208727,0.977786,-0.019152,0.000000,0.000000,0.000000,-1,-0.163986,1.021851,-0.006454,0.685597,-0.017008,-0.037264,130.353271,272.756470,-764.202881,0,0
4.080000,-1.323374,-1.351016,-0.984218,0.923612,0.319782,0.211376,0.181572,0.120675,-0.975945,-0.337598,0.939775,0.053393,-0.661352,-0.189519,0.047714,0.724169,0.677163,0.448817,-0.091408,0.049312,0.052863,0.067218,-0.211376,0.975945,-0.053393,0.000000,0.000000,0.000000,-1,-0.167694,1.005478,0.075317,0.865653,0.660413,-0.075281,132.455750,271.708740,-765.872925,0,0
4.120000,-1.154425,-1.336189,-0.841103,0.932640,0.291519,0.212600,0.173272,0.154968,-0.972606,-0.316480,0.943929,0.094018,-0.648779,-0.179102,0.040029,0.738516,1.016546,0.814574,-0.105310,0.043487,0.025868,0.173958,-0.212600,0.972606,-0.094018,0.000000,0.000000,0.000000,-1,-0.159973,0.966400,0.016510,0.975959,0.554321,-0.123885,131.054092,272.756470,-767.208923,0,1
4.160000,-1.055830,-1.320627,-0.752535,0.935840,0.278890,0.215460,0.169210,0.180714,-0.968871,-0.309145,0.943166,0.121928,-0.638983,-0.175318,0.036654,0.748078,0.662721,0.021433,-0.169099,0.055487,-0.002470,0.138438,-0.215460,0.968871,-0.121928,0.000000,0.000000,0.000000,-1,-0.110809,1.011108,-0.052231,0.426480,-0.430673,-0.155932,131.404510,272.407227,-766.874939,0,0
4.200000,-1.078871,-1.309363,-0.740760,0.923171,0.309603,0.227818,0.174425,0.190736,-0.966021,-0.342536,0.931539,0.122079,-0.634499,-0.190713,0.045200,0.747661,-0.039623,-0.883980,-0.155012,0.103581,0.037352,0.096994,-0.227818,0.966021,-0.122079,0.000000,0.000000,0.000000,-1,-0.106781,0.986725,0.000229,0.049056,-0.636295,-0.112551,132.105331,274.851929,-766.540894,0,0
4.240000,-1.101829,-1.304002,-0.742940,0.914939,0.327991,0.235177,0.178342,0.194167,-0.964621,-0.362050,0.924511,0.119157,-0.632775,-0.200044,0.050126,0.746368,0.101243,-0.289172,-0.136911,0.123529,0.015527,0.093797,-0.235177,0.964621,-0.119157,0.000000,0.000000,0.000000,-1,-0.166367,1.082382,-0.091217,0.105491,-0.370229,-0.144157,130.353271,272.407227,-765.872925,0,0
