0.000000,-1.966958,-1.491409,-1.862043,0.991718,0.105557,0.073162,0.075964,-0.022772,-0.996850,-0.103558,0.994152,-0.030602,-0.715034,-0.063466,0.010628,0.696122,-0.000148,-0.101918,-0.020477,0.025387,0.019583,0.016502,-0.073162,0.996850,0.030602,0.000000,0.000000,0.000000,-1,-0.053009,1.006287,0.044708,-0.013981,-0.222640,0.003286,137.711929,275.550415,-720.782227,0,0
0.040000,-2.000357,-1.491429,-1.888037,0.990980,0.112977,0.072081,0.075328,-0.024732,-0.996852,-0.110838,0.993290,-0.033019,-0.715670,-0.065779,0.013539,0.695203,-0.019331,-0.199445,-0.011310,-0.003298,0.017720,0.010819,-0.072081,0.996852,0.033019,0.000000,0.000000,0.000000,-1,-0.080460,1.016296,0.043823,-0.018335,-0.304291,-0.006934,138.062347,276.598145,-720.782227,0,0
0.080000,-2.017874,-1.489718,-1.898370,0.990063,0.120173,0.073030,0.076683,-0.026058,-0.996715,-0.117875,0.992411,-0.035015,-0.716089,-0.068726,0.015656,0.694441,-0.023562,-0.134783,-0.017941,-0.013228,0.018361,0.007771,-0.073030,0.996715,0.035015,0.000000,0.000000,0.000000,-1,-0.083450,1.012573,0.041092,-0.027832,-0.200395,-0.009426,138.062347,277.645844,-719.446228,0,0
0.120000,-2.027469,-1.488933,-1.905728,0.989760,0.122429,0.073393,0.077228,-0.026879,-0.996651,-0.120046,0.992113,-0.036059,-0.716362,-0.069677,0.016281,0.694050,-0.024541,-0.038300,-0.015174,0.011442,0.012169,-0.003863,-0.073393,0.996651,0.036059,0.000000,0.000000,0.000000,-1,-0.054810,1.000290,0.018570,-0.010749,-0.113455,-0.007879,137.887131,277.121979,-718.945251,0,0
0.160000,-2.024180,-1.489780,-1.902046,0.989763,0.122789,0.072752,0.076529,-0.026320,-0.996720,-0.120472,0.992084,-0.035447,-0.716158,-0.069579,0.016658,0.694261,-0.005345,0.003056,-0.009185,0.022139,0.005401,-0.027452,-0.072752,0.996720,0.035447,0.000000,0.000000,0.000000,-1,-0.058960,1.015625,-0.011536,0.026534,-0.095407,0.007584,137.711929,276.248901,-721.116272,0,0
0.200000,-1.966129,-1.493227,-1.843716,0.989845,0.122856,0.071514,0.074623,-0.020887,-0.996993,-0.120992,0.992205,-0.029843,-0.714243,-0.069122,0.017318,0.696260,0.095695,-0.040388,0.006923,-0.013401,0.010774,-0.033871,-0.071514,0.996993,0.029843,0.000000,0.000000,0.000000,-1,-0.090454,0.999222,0.011520,0.087103,-0.161132,0.012532,137.011108,276.947357,-720.448242,0,0
0.240000,-1.934241,-1.494069,-1.809353,0.989540,0.125213,0.071645,0.074481,-0.018113,-0.997058,-0.123547,0.991965,-0.027250,-0.713250,-0.069995,0.018192,0.697169,0.073287,-0.114614,0.000057,-0.028666,0.006253,0.009234,-0.071645,0.997058,0.027250,0.000000,0.000000,0.000000,-1,-0.136368,1.011917,0.059891,0.066790,-0.238549,-0.001787,137.361511,275.899658,-720.448242,0,0
0.280000,-1.915020,-1.493196,-1.785975,0.988918,0.129292,0.072975,0.075735,-0.016553,-0.996991,-0.127695,0.991468,-0.026161,-0.712677,-0.071921,0.019195,0.697532,0.062563,-0.144327,-0.017780,-0.064736,0.005359,0.037086,-0.072975,0.996991,0.026161,0.000000,0.000000,0.000000,-1,-0.117920,1.004562,0.055786,0.027304,-0.294783,-0.029818,138.062347,277.645844,-718.778198,0,0
0.320000,-1.913191,-1.491721,-1.770692,0.986979,0.142601,0.074407,0.077420,-0.015685,-0.996875,-0.140988,0.989656,-0.026521,-0.712248,-0.077228,0.023370,0.697276,-0.013040,-0.266263,-0.023842,-0.012934,0.019070,0.006056,-0.074407,0.996875,0.026521,0.000000,0.000000,0.000000,-1,-0.075302,1.013107,0.027588,-0.008826,-0.362609,-0.011031,138.763168,276.947357,-721.450256,0,0
0.360000,-1.921437,-1.491270,-1.771085,0.985810,0.150376,0.074609,0.077855,-0.015805,-0.996839,-0.148722,0.988502,-0.027288,-0.712198,-0.080115,0.026016,0.696907,-0.003411,-0.259880,-0.009085,0.015893,0.009218,0.001032,-0.074609,0.996839,0.027288,0.000000,0.000000,0.000000,-1,-0.048248,1.000519,0.036591,-0.005539,-0.301096,0.002484,139.463989,277.995087,-719.780273,0,0
0.400000,-1.929000,-1.491088,-1.772370,0.984845,0.156585,0.074570,0.078012,-0.015942,-0.996825,-0.154899,0.987536,-0.027916,-0.712163,-0.082354,0.028199,0.696597,-0.006506,-0.171873,-0.002002,0.026779,-0.002944,0.024834,-0.074570,0.996825,0.027916,0.000000,0.000000,0.000000,-1,-0.041214,0.998795,0.049606,-0.013971,-0.252313,0.011930,139.113571,276.947357,-721.116272,0,0
0.440000,-1.955349,-1.492242,-1.789455,0.983481,0.165755,0.072742,0.076605,-0.017022,-0.996916,-0.164005,0.986020,-0.029439,-0.712380,-0.085053,0.032028,0.695884,0.011656,-0.144351,0.017971,0.022159,0.015138,0.014430,-0.072742,0.996916,0.029439,0.000000,0.000000,0.000000,-1,-0.056335,1.006653,0.045456,0.024365,-0.216251,0.020918,139.989609,276.074280,-720.615234,0,0
0.480000,-1.948768,-1.493004,-1.780406,0.983111,0.168153,0.072228,0.076013,-0.016171,-0.996976,-0.166476,0.985628,-0.028679,-0.712032,-0.085728,0.033091,0.696107,0.045748,-0.027736,0.012815,0.005822,-0.007352,0.022453,-0.072228,0.996976,0.028679,0.000000,0.000000,0.000000,-1,-0.063675,0.976974,0.057083,0.060563,-0.094344,0.009332,139.288788,276.423523,-722.285278,0,0
0.520000,-1.959872,-1.493771,-1.791396,0.983165,0.168281,0.071198,0.075084,-0.016837,-0.997035,-0.166583,0.985595,-0.029189,-0.712248,-0.085421,0.033480,0.695905,0.062759,0.004065,0.009295,0.022293,-0.005000,0.035676,-0.071198,0.997035,0.029189,0.000000,0.000000,0.000000,-1,-0.004974,1.052368,0.052017,0.066999,-0.125058,0.030674,139.639191,278.169708,-719.947266,0,0
0.560000,-2.014796,-1.499043,-1.819855,0.978807,0.194282,0.064741,0.069480,-0.017672,-0.997427,-0.192638,0.980787,-0.030796,-0.711912,-0.092624,0.044913,0.694683,-0.031574,-0.538481,0.200009,-0.044436,-0.044241,0.231076,-0.064741,0.997427,0.030796,0.000000,0.000000,0.000000,-1,-0.067444,1.024384,0.179535,0.006560,0.023390,0.043435,140.515228,277.296600,-720.782227,0,0
0.600000,-2.015227,-1.500761,-1.818808,0.978626,0.195702,0.063180,0.067837,-0.017178,-0.997549,-0.194137,0.980513,-0.030087,-0.711669,-0.092578,0.046003,0.694867,0.070551,-0.019113,0.109315,-0.096015,-0.012563,0.053303,-0.063180,0.997549,0.030087,0.000000,0.000000,0.000000,-1,-0.144928,1.032578,0.060028,0.091453,0.285118,-0.053353,140.340012,277.471222,-722.285278,0,0
0.640000,-1.970535,-1.501544,-1.783109,0.980329,0.186797,0.063742,0.067644,-0.014581,-0.997603,-0.185419,0.982290,-0.026930,-0.710957,-0.089471,0.042786,0.696207,0.073411,0.333697,-0.050803,-0.045709,0.028429,0.000597,-0.063742,0.997603,0.026930,0.000000,0.000000,0.000000,-1,-0.064529,1.008560,0.045807,0.069148,0.149462,-0.019520,140.164810,276.947357,-721.450256,0,0
0.680000,-1.884629,-1.501449,-1.709116,0.982373,0.174928,0.065907,0.068630,-0.009554,-0.997596,-0.173878,0.984535,-0.021391,-0.709457,-0.085825,0.038047,0.698468,0.092452,0.036889,-0.015634,0.019337,-0.004768,-0.039076,-0.065907,0.997596,0.021391,0.000000,0.000000,0.000000,-1,-0.038773,1.007019,-0.009323,0.106200,-0.155848,0.000597,141.216049,276.947357,-720.782227,0,0
0.720000,-1.837968,-1.502613,-1.659776,0.981934,0.177449,0.065713,0.067861,-0.006054,-0.997676,-0.176639,0.984111,-0.017987,-0.708162,-0.086601,0.039160,0.699624,0.139246,-0.115728,0.019642,0.034814,0.034611,0.027988,-0.065713,0.997676,0.017987,0.000000,0.000000,0.000000,-1,-0.038162,1.035797,0.080414,0.124399,-0.121882,0.026836,141.391251,277.471222,-721.283264,0,0
0.760000,-1.787437,-1.504162,-1.608038,0.981785,0.178519,0.065028,0.066539,-0.002479,-0.997781,-0.177962,0.983933,-0.014312,-0.706855,-0.086672,0.039942,0.700891,0.096836,0.026342,0.021595,0.025966,0.042594,0.061478,-0.065028,0.997781,0.014312,0.000000,0.000000,0.000000,-1,-0.035187,1.038681,0.036011,0.044747,-0.037058,0.032649,140.515228,277.645844,-722.118286,0,0
0.800000,-1.762849,-1.506122,-1.586094,0.982368,0.175867,0.063441,0.064622,-0.000989,-0.997909,-0.175437,0.984413,-0.012336,-0.706345,-0.085117,0.039639,0.701613,0.007633,0.048639,0.044816,0.028712,0.035904,0.019250,-0.063441,0.997909,0.012336,0.000000,0.000000,0.000000,-1,-0.035461,1.021500,0.041519,-0.001944,-0.039143,0.056575,140.340012,279.217407,-721.617310,0,0
0.840000,-1.790148,-1.508480,-1.616734,0.983109,0.172634,0.060784,0.062211,-0.002860,-0.998059,-0.172125,0.984982,-0.013551,-0.707022,-0.083040,0.039370,0.701195,-0.037996,0.108027,0.056754,0.015939,0.014057,0.022383,-0.060784,0.998059,0.013551,0.000000,0.000000,0.000000,-1,-0.056061,1.004974,0.025528,-0.050837,0.007497,0.050521,140.340012,277.121979,-720.281250,0,0
0.880000,-1.820557,-1.509755,-1.651694,0.983978,0.168208,0.059111,0.060804,-0.004930,-0.998138,-0.167603,0.985739,-0.015078,-0.707811,-0.080887,0.038320,0.700709,-0.045518,0.128132,0.031217,-0.000582,0.005494,-0.003466,-0.059111,0.998138,0.015078,0.000000,0.000000,0.000000,-1,-0.047318,0.997391,0.001862,-0.033849,0.099698,0.025452,139.113571,276.598145,-720.448242,0,0
0.920000,-1.832775,-1.510096,-1.669482,0.984927,0.162744,0.058593,0.060368,-0.005977,-0.998158,-0.162094,0.986650,-0.015711,-0.708275,-0.078752,0.036533,0.700578,-0.015767,0.207616,0.010320,0.015365,-0.005025,-0.018565,-0.058593,0.998158,0.015711,0.000000,0.000000,0.000000,-1,-0.068024,0.992691,-0.020874,0.020274,0.056204,0.008033,138.938370,278.169708,-720.281250,0,0
0.960000,-1.765928,-1.510475,-1.610777,0.986205,0.154600,0.059141,0.060237,-0.002410,-0.998181,-0.154177,0.987974,-0.011689,-0.707161,-0.075951,0.033598,0.702159,0.086133,0.173631,-0.028944,-0.015078,-0.003583,-0.016679,-0.059141,0.998181,0.011689,0.000000,0.000000,0.000000,-1,-0.070160,1.000458,0.021286,0.126443,0.103841,-0.041220,140.865631,277.995087,-719.780273,0,0
1.000000,-1.698446,-1.509780,-1.549129,0.987028,0.148722,0.060482,0.060964,0.001321,-0.998139,-0.148526,0.988878,-0.007763,-0.705951,-0.074257,0.031179,0.703666,0.136048,0.200107,-0.048760,-0.002933,0.008178,0.032322,-0.060482,0.998139,0.007763,0.000000,0.000000,0.000000,-1,-0.015900,1.019943,0.064392,0.101951,0.070968,-0.045056,139.288788,277.121979,-720.949280,0,0
1.040000,-1.684212,-1.509456,-1.544334,0.988365,0.139373,0.060908,0.061281,0.001622,-0.998119,-0.139209,0.990239,-0.006938,-0.705989,-0.071054,0.027727,0.704104,-0.055259,0.138659,-0.015518,0.034099,0.013645,0.011113,-0.060908,0.998119,0.006938,0.000000,0.000000,0.000000,-1,-0.050552,0.999054,-0.022614,-0.060589,0.049818,-0.007003,138.763168,277.296600,-721.116272,0,0
1.080000,-1.679308,-1.509086,-1.544753,0.989070,0.134100,0.061308,0.061650,0.001606,-0.998097,-0.133943,0.990966,-0.006679,-0.706071,-0.069310,0.025718,0.704272,-0.016920,0.217114,-0.016294,0.001311,-0.001988,-0.038905,-0.061308,0.998097,0.006679,0.000000,0.000000,0.000000,-1,-0.069885,0.990952,-0.015488,0.050033,0.198225,-0.023784,139.288788,276.772766,-722.953308,0,0
1.120000,-1.649719,-1.508410,-1.523729,0.990137,0.125565,0.062151,0.062276,0.002933,-0.998055,-0.125503,0.992081,-0.004915,-0.705712,-0.066543,0.022443,0.705010,0.080935,0.337959,-0.029619,-0.007734,-0.007103,-0.020403,-0.062151,0.998055,0.004915,0.000000,0.000000,0.000000,-1,-0.071930,1.030151,0.044022,0.136172,0.274547,-0.033588,137.711929,277.645844,-722.786255,0,0
1.160000,-1.535937,-1.506234,-1.430568,0.992392,0.104883,0.064478,0.063884,0.009018,-0.997917,-0.105246,0.994444,0.002249,-0.703762,-0.059952,0.014482,0.707753,0.091530,0.308270,-0.030666,0.015039,0.020699,0.072927,-0.064478,0.997917,-0.002249,0.000000,0.000000,0.000000,-1,-0.024445,1.015396,0.044571,0.028798,0.203535,-0.017192,136.135071,276.423523,-720.949280,0,0
1.200000,-1.540358,-1.505848,-1.446650,0.993521,0.093310,0.064873,0.064403,0.008037,-0.997892,-0.093635,0.995605,0.001975,-0.704186,-0.055991,0.010211,0.707731,-0.077427,0.257428,0.003337,0.048988,0.012805,-0.000420,-0.064873,0.997892,-0.001975,0.000000,0.000000,0.000000,-1,-0.028290,1.004593,-0.025375,-0.041339,0.046684,0.023647,138.237549,277.820465,-722.285278,0,0
1.240000,-1.555000,-1.506136,-1.465106,0.993884,0.089552,0.064607,0.064255,0.006817,-0.997910,-0.089805,0.995959,0.001021,-0.704636,-0.054570,0.008940,0.707411,-0.041307,0.147188,0.018329,0.036318,0.006683,-0.024355,-0.064607,0.997910,-0.001021,0.000000,0.000000,0.000000,-1,-0.043823,1.015030,0.019989,0.024607,0.014900,0.037955,136.660690,276.947357,-721.450256,0,0
1.280000,-1.538844,-1.508639,-1.459775,0.994957,0.078773,0.062085,0.061735,0.006882,-0.998069,-0.079048,0.996869,0.001984,-0.704644,-0.049851,0.006018,0.707782,0.016285,0.304126,0.036136,0.010587,0.036889,0.052155,-0.062085,0.998069,-0.001984,0.000000,0.000000,0.000000,-1,-0.055267,1.048264,0.041550,-0.015612,0.221650,0.043848,136.485489,277.121979,-721.617310,0,0
1.320000,-1.565604,-1.509956,-1.495275,0.995683,0.070132,0.060802,0.060630,0.004588,-0.998150,-0.070281,0.997527,0.000316,-0.705475,-0.046338,0.003359,0.707210,-0.077325,0.227794,0.039640,-0.008854,0.054676,0.023540,-0.060802,0.998150,-0.000316,0.000000,0.000000,0.000000,-1,-0.058655,1.021698,0.044876,-0.125217,-0.040182,0.071767,136.135071,276.423523,-721.951294,0,0
1.360000,-1.705390,-1.513406,-1.637381,0.996060,0.068065,0.056840,0.057231,-0.003816,-0.998354,-0.067736,0.997674,-0.007697,-0.708444,-0.044215,0.003845,0.704370,-0.171896,-0.038217,0.109962,0.023743,0.020232,0.033944,-0.056840,0.998354,0.007697,0.000000,0.000000,0.000000,-1,-0.028915,1.028961,0.025070,-0.188913,-0.156733,0.120862,136.310287,277.296600,-721.116272,0,0
1.400000,-1.857519,-1.516562,-1.788054,0.996211,0.069713,0.051995,0.052934,-0.011685,-0.998530,-0.069003,0.997499,-0.015331,-0.711201,-0.043113,0.005979,0.701640,-0.188948,-0.009618,0.093004,-0.036079,0.035452,-0.055568,-0.051995,0.998530,0.015331,0.000000,0.000000,0.000000,-1,-0.116974,1.007370,-0.050568,-0.168821,-0.087884,0.077781,137.361511,276.598145,-721.116272,0,0
1.440000,-1.891834,-1.515326,-1.823648,0.996263,0.068499,0.052609,0.053679,-0.013870,-0.998462,-0.067664,0.997555,-0.017495,-0.711974,-0.042901,0.005286,0.700874,-0.114724,0.076151,0.019454,-0.074588,-0.002658,-0.059930,-0.052609,0.998462,0.017495,0.000000,0.000000,0.000000,-1,-0.126251,0.975494,-0.002914,-0.056320,0.077382,-0.008238,134.733429,276.423523,-721.283264,0,0
1.480000,-1.918212,-1.514003,-1.857414,0.996698,0.061189,0.053372,0.054447,-0.016048,-0.998388,-0.060234,0.997997,-0.019326,-0.712754,-0.040560,0.002407,0.700237,-0.025499,0.251997,-0.036497,-0.052631,-0.022436,-0.010430,-0.053372,0.998388,0.019326,0.000000,0.000000,0.000000,-1,-0.071976,0.986359,0.009079,-0.004277,0.132476,-0.033526,136.660690,275.899658,-720.114258,0,0
1.520000,-1.884431,-1.512142,-1.834183,0.997158,0.050653,0.055761,0.056599,-0.015262,-0.998280,-0.049715,0.998600,-0.018086,-0.712479,-0.037633,-0.002122,0.700680,0.025479,0.158705,-0.032385,-0.000666,-0.010655,-0.023213,-0.055761,0.998280,0.018086,0.000000,0.000000,0.000000,-1,-0.047012,0.972107,-0.037720,0.028653,0.027537,-0.019587,135.259048,276.947357,-721.116272,0,0
1.560000,-1.821341,-1.513050,-1.774190,0.997307,0.047459,0.055913,0.056525,-0.011658,-0.998333,-0.046728,0.998805,-0.014309,-0.711209,-0.036552,-0.003228,0.702022,0.072339,0.016709,0.015608,-0.001705,-0.036556,-0.042706,-0.055913,0.998333,0.014309,0.000000,0.000000,0.000000,-1,-0.076706,1.000244,0.000092,0.150998,-0.014825,0.010104,134.032608,276.423523,-722.619263,0,0
1.600000,-1.746092,-1.513151,-1.701076,0.997365,0.045213,0.056730,0.057125,-0.007485,-0.998339,-0.044714,0.998949,-0.010048,-0.709735,-0.036048,-0.004233,0.703533,0.178631,0.142826,-0.016986,-0.028689,0.029539,0.000191,-0.056730,0.998339,0.010048,0.000000,0.000000,0.000000,-1,-0.079590,1.034805,0.007401,0.160512,0.109160,-0.029918,133.857391,276.947357,-720.448242,0,0
1.640000,-1.629849,-1.512354,-1.594362,0.997667,0.035520,0.058307,0.058393,-0.001376,-0.998293,-0.035379,0.999368,-0.003447,-0.707547,-0.033183,-0.008101,0.705840,0.030896,0.169339,-0.010159,0.001087,0.027952,-0.007125,-0.058307,0.998293,0.003447,0.000000,0.000000,0.000000,-1,-0.067154,1.029083,-0.002686,-0.002073,0.033938,0.007316,134.908630,276.947357,-720.114258,0,0
1.680000,-1.630699,-1.512491,-1.599283,0.997811,0.031459,0.058168,0.058249,-0.001660,-0.998301,-0.031309,0.999504,-0.003489,-0.707630,-0.031693,-0.009489,0.705809,-0.013669,0.082462,0.031143,-0.018111,0.038336,-0.008295,-0.058168,0.998301,0.003489,0.000000,0.000000,0.000000,-1,-0.077606,1.030746,-0.016296,-0.021076,0.041410,0.041530,134.383011,275.375793,-719.613281,0,0
1.720000,-1.619443,-1.512893,-1.591993,0.997950,0.027482,0.057803,0.057858,-0.001227,-0.998324,-0.027365,0.999622,-0.002814,-0.707459,-0.030157,-0.010756,0.706029,-0.032732,0.157741,0.034201,-0.020963,0.027433,-0.030082,-0.057803,0.998324,0.002814,0.000000,0.000000,0.000000,-1,-0.086761,1.017349,-0.030807,-0.059373,0.035041,0.036663,134.558212,275.201172,-720.782227,0,0
1.760000,-1.632550,-1.512933,-1.610414,0.998086,0.022200,0.057721,0.057786,-0.002291,-0.998326,-0.022031,0.999751,-0.003569,-0.707804,-0.028252,-0.012606,0.705731,-0.051946,0.100474,0.024029,-0.032122,0.019587,-0.031905,-0.057721,0.998326,0.003569,0.000000,0.000000,0.000000,-1,-0.090439,0.998917,-0.056946,-0.034977,-0.012676,0.031291,133.682190,275.725037,-721.283264,0,0
1.800000,-1.622458,-1.513507,-1.602548,0.998164,0.019960,0.057181,0.057229,-0.001818,-0.998359,-0.019823,0.999799,-0.002957,-0.707626,-0.027270,-0.013198,0.705937,-0.027528,-0.012951,0.035967,-0.041543,-0.002220,-0.073117,-0.057181,0.998359,0.002957,0.000000,0.000000,0.000000,-1,-0.124527,0.987167,-0.056824,-0.033994,-0.145194,0.037196,134.032608,275.026550,-721.951294,0,0
1.840000,-1.603994,-1.512885,-1.582590,0.998096,0.021423,0.057848,0.057875,-0.000683,-0.998324,-0.021347,0.999770,-0.001921,-0.707230,-0.028031,-0.012902,0.706309,-0.036102,-0.039480,0.020216,-0.084746,-0.040972,-0.027358,-0.057848,0.998324,0.001921,0.000000,0.000000,0.000000,-1,-0.123459,0.942368,-0.006882,-0.046805,-0.120838,0.018081,134.733429,276.423523,-722.953308,0,0
1.880000,-1.631559,-1.509895,-1.609468,0.997907,0.022161,0.060751,0.060818,-0.002353,-0.998146,-0.021977,0.999752,-0.003696,-0.707806,-0.029309,-0.013695,0.705666,-0.058506,-0.028914,-0.003002,-0.024286,-0.047035,-0.030216,-0.060751,0.998146,0.003696,0.000000,0.000000,0.000000,-1,-0.077942,0.966141,-0.042221,-0.036238,-0.142061,0.005295,133.331772,275.375793,-720.615234,0,0
1.920000,-1.608358,-1.509036,-1.585400,0.997831,0.022984,0.061678,0.061715,-0.000901,-0.998093,-0.022885,0.999735,-0.002318,-0.707292,-0.029938,-0.013712,0.706154,0.046762,0.023025,-0.011847,-0.017302,-0.018388,-0.051741,-0.061678,0.998093,0.002318,0.000000,0.000000,0.000000,-1,-0.068665,1.011581,-0.055450,0.083932,-0.000022,-0.015817,134.908630,275.550415,-721.450256,0,0
1.960000,-1.520208,-1.507817,-1.501052,0.997841,0.019017,0.062857,0.062784,0.004386,-0.998017,-0.019255,0.999810,0.003183,-0.705385,-0.028992,-0.015453,0.708062,0.108467,0.121608,-0.023611,-0.009058,0.047835,-0.038001,-0.062857,0.998017,-0.003183,0.000000,0.000000,0.000000,-1,-0.082993,1.058105,-0.014938,0.113694,0.013754,-0.020462,133.857391,277.995087,-719.780273,0,0
2.000000,-1.438268,-1.505807,-1.423027,0.997814,0.014933,0.064374,0.064236,0.009562,-0.997889,-0.015517,0.999843,0.008582,-0.703504,-0.028134,-0.017362,0.709922,0.095664,0.088731,-0.029706,-0.022036,0.054968,0.005820,-0.064374,0.997889,-0.008582,0.000000,0.000000,0.000000,-1,-0.084503,1.044907,-0.007233,0.082829,-0.010637,-0.024267,132.981369,275.375793,-721.617310,0,0
2.040000,-1.398267,-1.503901,-1.386194,0.997761,0.011668,0.065853,0.065710,0.012270,-0.997763,-0.012450,0.999857,0.011476,-0.702498,-0.027537,-0.019005,0.710899,0.057419,0.056945,-0.015315,-0.008884,0.006051,-0.022979,-0.065853,0.997763,-0.011476,0.000000,0.000000,0.000000,-1,-0.079987,0.971130,-0.043442,0.072191,-0.103910,-0.006709,132.630951,276.074280,-722.619263,0,0
2.080000,-1.340373,-1.502216,-1.327961,0.997702,0.011862,0.066715,0.066516,0.016478,-0.997649,-0.012933,0.999794,0.015651,-0.700995,-0.027952,-0.019181,0.712360,0.113677,-0.044841,-0.019732,-0.015087,-0.020904,-0.036687,-0.066715,0.997649,-0.015651,0.000000,0.000000,0.000000,-1,-0.099991,0.993408,-0.040756,0.139078,-0.154820,-0.021045,132.630951,277.471222,-721.283264,0,0
2.120000,-1.246854,-1.497887,-1.232628,0.997523,0.013390,0.069056,0.068719,0.024167,-0.997343,-0.015023,0.999618,0.023187,-0.698242,-0.029398,-0.019346,0.714996,0.180539,-0.009914,-0.059989,-0.046133,0.006059,0.018670,-0.069056,0.997343,-0.023187,0.000000,0.000000,0.000000,-1,-0.119949,1.008774,0.013092,0.168747,-0.073248,-0.064289,133.156570,276.248901,-720.782227,0,0
2.160000,-1.216501,-1.491931,-1.204227,0.997203,0.011228,0.073890,0.073549,0.028237,-0.996892,-0.013280,0.999538,0.027332,-0.696713,-0.030421,-0.021749,0.716375,0.070956,0.056828,-0.092065,-0.012612,0.008662,0.049152,-0.073890,0.996892,-0.027332,0.000000,0.000000,0.000000,-1,-0.038925,0.989761,-0.016464,0.021948,-0.135816,-0.073025,132.455750,277.645844,-721.784302,0,0
2.200000,-1.222733,-1.489485,-1.209036,0.997001,0.012598,0.076351,0.075965,0.028746,-0.996696,-0.014751,0.999507,0.027703,-0.696519,-0.031788,-0.022110,0.716493,0.062449,-0.082017,-0.062621,0.045071,-0.009544,-0.022697,-0.076351,0.996696,-0.027703,0.000000,0.000000,0.000000,-1,-0.024216,1.009216,-0.083084,0.108095,-0.191977,-0.053511,134.207809,276.248901,-723.454285,0,0
2.240000,-1.137937,-1.485602,-1.120474,0.996883,0.016030,0.077244,0.076609,0.037037,-0.996373,-0.018832,0.999185,0.035693,-0.693569,-0.033392,-0.021055,0.719308,0.250655,-0.083068,-0.058301,0.050419,0.021983,-0.050427,-0.077244,0.996373,-0.035693,0.000000,0.000000,0.000000,-1,-0.036865,1.013947,-0.082169,0.284620,-0.159103,-0.050286,134.733429,278.169708,-722.953308,0,0
2.280000,-1.026638,-1.477875,-1.009229,0.996724,0.015443,0.079386,0.078537,0.049411,-0.995686,-0.019299,0.998659,0.048036,-0.689071,-0.034097,-0.021800,0.723563,0.327360,0.122613,-0.059011,-0.016623,0.015056,0.061433,-0.079386,0.995686,-0.048036,0.000000,0.000000,0.000000,-1,-0.094955,1.013000,0.048767,0.251780,0.122873,-0.076726,133.682190,278.518951,-722.619263,0,0
2.320000,-0.949395,-1.468945,-0.940214,0.996555,0.006697,0.082669,0.082122,0.059949,-0.994818,-0.011618,0.998179,0.059193,-0.685093,-0.032411,-0.025927,0.727272,0.110435,0.079139,-0.059615,0.050244,0.033274,0.053715,-0.082669,0.994818,-0.059193,0.000000,0.000000,0.000000,-1,-0.019485,1.032715,-0.019531,0.097630,-0.066844,-0.034813,133.857391,277.995087,-722.118286,0,0
2.360000,-0.932458,-1.466292,-0.924070,0.996468,0.005748,0.083773,0.083249,0.062857,-0.994544,-0.010982,0.998006,0.062157,-0.684006,-0.032528,-0.026605,0.728265,0.097725,0.030402,-0.036916,0.087695,0.048302,0.026436,-0.083773,0.994544,-0.062157,0.000000,0.000000,0.000000,-1,-0.001266,1.045197,-0.003342,0.106214,-0.030776,-0.021242,133.506989,276.248901,-721.784302,0,0
2.400000,-0.897450,-1.463445,-0.894804,0.996486,-0.000169,0.083760,0.083583,0.067038,-0.994243,-0.005447,0.997750,0.066816,-0.682391,-0.030559,-0.028691,0.729784,0.088479,0.224489,0.009113,0.058156,0.067402,0.114012,-0.083760,0.994243,-0.066816,0.000000,0.000000,0.000000,-1,-0.019623,1.054459,0.062027,-0.008396,-0.020094,0.033158,133.156570,277.645844,-722.118286,0,0
2.440000,-0.904712,-1.466472,-0.903242,0.996642,-0.001177,0.081876,0.081781,0.064466,-0.994563,-0.004108,0.997919,0.064346,-0.683343,-0.029489,-0.028451,0.728947,-0.166763,-0.111531,0.057055,0.073239,0.046605,0.118225,-0.081876,0.994563,-0.064346,0.000000,0.000000,0.000000,-1,-0.006790,1.040192,0.040924,-0.190205,-0.201340,0.068956,133.156570,279.042786,-722.452271,0,0
2.480000,-0.928781,-1.469874,-0.925539,0.996739,0.000791,0.080691,0.080495,0.060592,-0.994912,-0.005676,0.998162,0.060331,-0.684802,-0.029675,-0.027385,0.727609,-0.207098,-0.078704,0.071253,0.073855,0.031196,0.084012,-0.080691,0.994912,-0.060331,0.000000,0.000000,0.000000,-1,-0.016312,1.011353,-0.011887,-0.208195,-0.149372,0.080620,133.156570,278.693542,-722.118286,0,0
2.520000,-0.976079,-1.478186,-0.974427,0.997062,-0.000342,0.076600,0.076514,0.051939,-0.995715,-0.003638,0.998650,0.051813,-0.687988,-0.027679,-0.026513,0.724709,-0.130346,0.100498,0.088745,0.059205,0.023771,0.047220,-0.076600,0.995715,-0.051813,0.000000,0.000000,0.000000,-1,-0.020111,1.020004,0.016098,-0.129347,-0.036954,0.103709,132.630951,278.518951,-722.285278,0,0
2.560000,-1.007602,-1.487796,-1.008061,0.997538,-0.002012,0.070101,0.070121,0.044230,-0.996557,-0.001096,0.999019,0.044262,-0.690841,-0.024647,-0.024971,0.722155,-0.164366,-0.008668,0.114090,0.046434,0.026636,0.058026,-0.070101,0.996557,-0.044262,0.000000,0.000000,0.000000,-1,-0.046478,1.024979,-0.014282,-0.182476,-0.122794,0.129148,132.630951,279.566650,-721.951294,0,0
2.600000,-1.071509,-1.498758,-1.072080,0.998000,-0.001660,0.063190,0.063209,0.034426,-0.997406,-0.000520,0.999406,0.034462,-0.694462,-0.022157,-0.022561,0.718834,-0.203578,0.047559,0.138743,0.002734,0.017349,0.004799,-0.063190,0.997406,-0.034462,0.000000,0.000000,0.000000,-1,-0.088516,1.003342,-0.047165,-0.205719,-0.013567,0.145931,132.806152,275.899658,-720.782227,0,0
2.640000,-1.133600,-1.506647,-1.138298,0.998297,-0.005479,0.058076,0.058203,0.026869,-0.997943,0.003907,0.999624,0.027142,-0.697188,-0.018906,-0.022226,0.716294,-0.175910,0.098443,0.135015,-0.029540,0.002286,-0.017840,-0.058076,0.997943,-0.027142,0.000000,0.000000,0.000000,-1,-0.096329,1.004486,-0.044647,-0.170709,-0.036914,0.130758,133.331772,277.121979,-721.617310,0,0
2.680000,-1.218522,-1.515221,-1.226549,0.998604,-0.008516,0.052136,0.052288,0.018746,-0.998456,0.007525,0.999788,0.019165,-0.700124,-0.015630,-0.021304,0.713533,-0.141020,0.047490,0.093375,-0.054432,0.000140,-0.040969,-0.052136,0.998456,-0.019166,0.000000,0.000000,0.000000,-1,-0.111404,0.982910,-0.069443,-0.125194,-0.068790,0.083597,132.981369,277.121979,-720.281250,0,0
2.720000,-1.263358,-1.518196,-1.272217,0.998701,-0.009246,0.050110,0.050249,0.015466,-0.998617,0.008458,0.999838,0.015910,-0.701307,-0.014617,-0.020878,0.712404,-0.083800,0.019857,0.048193,-0.060577,-0.019888,-0.053685,-0.050110,0.998617,-0.015910,0.000000,0.000000,0.000000,-1,-0.100647,0.988174,-0.060928,-0.059428,-0.064610,0.042432,132.455750,276.248901,-721.450256,0,0
2.760000,-1.279203,-1.519585,-1.291155,0.998722,-0.012299,0.049028,0.049201,0.014129,-0.998689,0.011590,0.999825,0.014716,-0.701762,-0.013146,-0.021595,0.711963,-0.008371,0.127942,0.010708,-0.046324,0.003218,-0.041421,-0.049028,0.998689,-0.014716,0.000000,0.000000,0.000000,-1,-0.087463,1.000031,-0.060623,-0.007432,-0.003176,0.003287,133.682190,275.725037,-720.949280,0,0
2.800000,-1.215608,-1.513485,-1.230793,0.998433,-0.015697,0.053705,0.054001,0.019102,-0.998358,0.014646,0.999694,0.019920,-0.699895,-0.013682,-0.024414,0.713697,0.004243,0.011288,-0.010203,-0.032874,-0.002585,-0.043068,-0.053705,0.998358,-0.019920,0.000000,0.000000,0.000000,-1,-0.102310,0.995224,-0.049072,0.013709,-0.100734,-0.009270,132.630951,277.121979,-722.619263,0,0
2.840000,-1.178190,-1.507041,-1.193893,0.998131,-0.016393,0.058865,0.059240,0.023449,-0.997968,0.014979,0.999591,0.024376,-0.698267,-0.015341,-0.026438,0.715185,0.032948,0.043078,-0.021324,-0.043446,-0.002744,-0.024696,-0.058865,0.997968,-0.024376,0.000000,0.000000,0.000000,-1,-0.087326,1.006210,-0.050888,0.033925,-0.036074,-0.018294,133.331772,276.772766,-719.947266,0,0
2.880000,-1.140142,-1.498740,-1.158311,0.997675,-0.019114,0.065420,0.065955,0.028861,-0.997405,0.017177,0.999401,0.030055,-0.696197,-0.016820,-0.029660,0.717041,0.047787,0.013376,-0.032017,-0.020975,0.006394,-0.023473,-0.065420,0.997405,-0.030055,0.000000,0.000000,0.000000,-1,-0.089630,1.003891,-0.044785,0.069969,-0.093349,-0.034389,132.630951,276.074280,-720.949280,0,0
2.920000,-1.111645,-1.492897,-1.130256,0.997368,-0.019769,0.069761,0.070390,0.033185,-0.996967,0.017394,0.999254,0.034489,-0.694567,-0.018220,-0.031370,0.718513,0.080684,0.025007,-0.052656,-0.024569,0.010662,-0.002529,-0.069761,0.996967,-0.034489,0.000000,0.000000,0.000000,-1,-0.090408,1.012405,-0.026978,0.080560,-0.077467,-0.048406,132.105331,276.248901,-722.786255,0,0
2.960000,-1.109843,-1.489299,-1.128817,0.997133,-0.020245,0.072910,0.073584,0.034820,-0.996681,0.017639,0.999189,0.036210,-0.693921,-0.019217,-0.032622,0.719055,0.060442,-0.001508,-0.057639,-0.017498,0.015724,0.009232,-0.072910,0.996681,-0.036210,0.000000,0.000000,0.000000,-1,-0.063507,1.009308,-0.026093,0.045432,-0.126239,-0.049926,133.506989,275.899658,-720.782227,0,0
3.000000,-1.124032,-1.487943,-1.138267,0.997090,-0.015531,0.074636,0.075138,0.034690,-0.996570,0.012889,0.999277,0.035756,-0.694018,-0.021471,-0.031528,0.718946,0.013624,-0.156267,-0.034083,0.004019,0.007764,0.010930,-0.074636,0.996570,-0.035756,0.000000,0.000000,0.000000,-1,-0.078537,1.009964,-0.024567,0.008205,-0.222696,-0.034188,134.383011,276.423523,-721.283264,0,0
3.040000,-1.151764,-1.486487,-1.160142,0.996990,-0.009673,0.076924,0.077208,0.033617,-0.996448,0.007053,0.999388,0.034263,-0.694462,-0.024312,-0.030231,0.718483,-0.002304,-0.101145,-0.038412,0.001195,0.005581,0.007072,-0.076924,0.996448,-0.034263,0.000000,0.000000,0.000000,-1,-0.067841,1.000275,-0.024506,-0.007733,-0.211033,-0.034065,132.455750,277.296600,-721.784302,0,0
3.080000,-1.167724,-1.486306,-1.172479,0.996964,-0.006028,0.077627,0.077784,0.032732,-0.996433,0.003465,0.999446,0.033102,-0.694826,-0.025818,-0.029177,0.718122,-0.000232,-0.137202,-0.044651,0.014441,0.000653,0.011785,-0.077627,0.996433,-0.033102,0.000000,0.000000,0.000000,-1,-0.050903,0.988541,-0.033127,0.009219,-0.240734,-0.043691,133.156570,277.645844,-721.116272,0,0
3.120000,-1.163032,-1.485734,-1.163063,0.996953,-0.001347,0.077994,0.077995,0.033689,-0.996384,-0.001286,0.999431,0.033691,-0.694545,-0.027589,-0.027611,0.718389,0.065626,-0.077871,-0.072227,0.031134,-0.009232,-0.007248,-0.077994,0.996384,-0.033691,0.000000,0.000000,0.000000,-1,-0.047089,0.994644,-0.049545,0.139965,-0.101896,-0.078734,132.806152,277.296600,-721.450256,0,0
3.160000,-1.093584,-1.482111,-1.093925,0.996899,-0.001943,0.078674,0.078688,0.040653,-0.996070,-0.001263,0.999171,0.040680,-0.692020,-0.027725,-0.027965,0.720804,0.212414,0.077961,-0.087299,0.033294,0.002786,-0.003555,-0.078674,0.996070,-0.040680,0.000000,0.000000,0.000000,-1,-0.042175,1.027313,-0.003418,0.234649,-0.005421,-0.082341,132.981369,277.820465,-721.283264,0,0
3.200000,-1.027761,-1.478623,-1.030910,0.996878,-0.005018,0.078802,0.078952,0.047314,-0.995755,0.001268,0.998867,0.047562,-0.689565,-0.026805,-0.029029,0.723145,0.210300,0.037694,-0.072187,0.036017,0.033618,0.053956,-0.078802,0.995755,-0.047562,0.000000,0.000000,0.000000,-1,-0.045761,1.033829,0.029297,0.179389,-0.096562,-0.056855,132.806152,277.995087,-721.116272,0,0
3.240000,-1.002912,-1.475684,-1.004553,0.996783,-0.003686,0.080063,0.080147,0.050948,-0.995480,-0.000410,0.998695,0.051079,-0.688251,-0.027774,-0.028933,0.724364,0.066846,-0.088402,-0.024293,0.029526,0.039447,0.075402,-0.080063,0.995480,-0.051079,0.000000,0.000000,0.000000,-1,-0.053024,1.036453,0.007919,0.005130,-0.247028,0.001058,134.383011,278.169708,-722.619263,0,0
3.280000,-1.016106,-1.476792,-1.011984,0.996809,0.002132,0.079792,0.079587,0.049766,-0.995585,-0.006094,0.998759,0.049437,-0.688768,-0.029662,-0.026750,0.723881,-0.036213,-0.163627,0.011225,0.026951,0.038992,0.057265,-0.079792,0.995585,-0.049437,0.000000,0.000000,0.000000,-1,-0.046906,1.031982,0.017838,-0.050083,-0.265018,0.024086,133.857391,277.296600,-723.788330,0,0
3.320000,-1.032224,-1.478274,-1.023266,0.996825,0.007047,0.079312,0.078884,0.048097,-0.995723,-0.010832,0.998818,0.047388,-0.689445,-0.031160,-0.024832,0.723241,-0.069095,-0.158298,0.030710,0.032407,0.036260,0.065226,-0.079312,0.995723,-0.047388,0.000000,0.000000,0.000000,-1,-0.034073,1.012894,0.012009,-0.081911,-0.251213,0.039267,134.032608,276.772766,-721.951294,0,0
3.360000,-1.106755,-1.486723,-1.090456,0.997066,0.014839,0.075094,0.074471,0.038803,-0.996468,-0.017700,0.999137,0.037584,-0.692943,-0.032221,-0.020706,0.719974,-0.138203,-0.149815,0.033576,0.044790,0.014595,0.042253,-0.075094,0.996468,-0.037584,0.000000,0.000000,0.000000,-1,-0.028656,1.002533,-0.015900,-0.120160,-0.214107,0.038457,136.310287,277.296600,-722.118286,0,0
3.400000,-1.153850,-1.494202,-1.133621,0.997367,0.019093,0.069964,0.069323,0.032397,-0.997068,-0.021304,0.999293,0.030988,-0.695338,-0.031789,-0.017495,0.717766,-0.067965,-0.042736,0.032339,0.039279,0.005129,0.015089,-0.069964,0.997068,-0.030988,0.000000,0.000000,0.000000,-1,-0.041519,1.005478,-0.004349,-0.043537,-0.111267,0.037148,133.857391,277.645844,-722.118286,0,0
3.440000,-1.169085,-1.497940,-1.148836,0.997567,0.019248,0.066998,0.066408,0.029812,-0.997347,-0.021194,0.999370,0.028461,-0.696293,-0.030754,-0.016445,0.716910,-0.023285,0.011332,0.030549,0.025478,0.008131,0.024113,-0.066998,0.997347,-0.028461,0.000000,0.000000,0.000000,-1,-0.055450,1.006058,-0.007507,-0.024399,-0.104908,0.035845,132.981369,279.217407,-720.949280,0,0
3.480000,-1.204507,-1.502259,-1.182086,0.997720,0.021589,0.063941,0.063375,0.025955,-0.997652,-0.023198,0.999430,0.024528,-0.697717,-0.030444,-0.014599,0.715577,-0.033991,-0.073486,0.031058,0.005744,0.008543,0.012092,-0.063941,0.997652,-0.024528,0.000000,0.000000,0.000000,-1,-0.065887,1.010513,-0.022583,-0.018051,-0.129297,0.032694,134.032608,276.074280,-721.951294,0,0
3.520000,-1.213409,-1.503661,-1.190011,0.997767,0.022611,0.062846,0.062280,0.024932,-0.997747,-0.024127,0.999433,0.023468,-0.698099,-0.030401,-0.013866,0.715222,-0.004196,0.011266,0.024031,-0.002965,0.013102,-0.000458,-0.062846,0.997747,-0.023468,0.000000,0.000000,0.000000,-1,-0.055359,1.012756,-0.014725,0.000048,-0.090071,0.031254,132.981369,277.820465,-719.947266,0,0
3.560000,-1.212950,-1.504847,-1.189520,0.997836,0.022670,0.061727,0.061169,0.024522,-0.997826,-0.024134,0.999442,0.023083,-0.698253,-0.030017,-0.013460,0.715095,-0.007378,-0.019468,0.032715,0.006368,0.014930,0.008358,-0.061727,0.997826,-0.023083,0.000000,0.000000,0.000000,-1,-0.057632,1.012741,-0.011353,-0.020153,-0.139886,0.041275,133.156570,276.947357,-721.116272,0,0
3.600000,-1.243876,-1.507719,-1.217839,0.997894,0.025383,0.059697,0.059150,0.021790,-0.998011,-0.026633,0.999440,0.020242,-0.699261,-0.030222,-0.011821,0.714130,-0.045660,-0.057626,0.039693,-0.002025,0.014562,0.000833,-0.059697,0.998011,-0.020242,0.000000,0.000000,0.000000,-1,-0.062653,1.007675,-0.018951,-0.039287,-0.147304,0.043647,134.383011,277.121979,-722.953308,0,0
3.640000,-1.262027,-1.509364,-1.234334,0.997920,0.027096,0.058490,0.057951,0.020269,-0.998114,-0.028231,0.999427,0.018657,-0.699820,-0.030382,-0.010810,0.713591,-0.031847,-0.021594,0.029804,-0.005551,0.008707,-0.000676,-0.058490,0.998114,-0.018657,0.000000,0.000000,0.000000,-1,-0.056564,1.004669,-0.011520,-0.025470,-0.110210,0.034817,134.207809,275.899658,-721.450256,0,0
3.680000,-1.273637,-1.510448,-1.245712,0.997961,0.027365,0.057669,0.057153,0.019263,-0.998180,-0.028426,0.999440,0.017660,-0.700185,-0.030177,-0.010441,0.713247,-0.021218,-0.006757,0.026428,0.001104,0.006490,0.006139,-0.057669,0.998180,-0.017660,0.000000,0.000000,0.000000,-1,-0.061844,1.006943,-0.012222,-0.021247,-0.121880,0.029505,134.733429,278.169708,-722.285278,0,0
3.720000,-1.287138,-1.511366,-1.257575,0.997951,0.029036,0.057022,0.056506,0.018301,-0.998235,-0.030029,0.999411,0.016623,-0.700540,-0.030527,-0.009633,0.712895,-0.014917,-0.060842,0.017028,-0.004822,0.008708,0.004401,-0.057022,0.998235,-0.016623,0.000000,0.000000,0.000000,-1,-0.051697,1.010330,-0.004639,-0.005361,-0.139923,0.016646,134.207809,277.296600,-721.450256,0,0
3.760000,-1.301586,-1.512346,-1.270398,0.997941,0.030696,0.056313,0.055801,0.017286,-0.998292,-0.031617,0.999379,0.015537,-0.700913,-0.030852,-0.008809,0.712524,0.004216,-0.017388,0.008113,0.005822,0.013259,0.012714,-0.056313,0.998292,-0.015537,0.000000,0.000000,0.000000,-1,-0.044922,1.009262,0.000183,0.005261,-0.125088,0.011144,133.857391,276.947357,-720.114258,0,0
3.800000,-1.311220,-1.513273,-1.279129,0.997954,0.031626,0.055565,0.055063,0.016532,-0.998346,-0.032492,0.999363,0.014756,-0.701189,-0.030908,-0.008226,0.712257,-0.003249,-0.037534,0.007225,0.010643,0.010916,0.014939,-0.055565,0.998346,-0.014756,0.000000,0.000000,0.000000,-1,-0.036407,1.012695,-0.000641,-0.010696,-0.133571,0.010294,134.908630,275.550415,-722.786255,0,0
3.840000,-1.342184,-1.515454,-1.308687,0.997999,0.033105,0.053874,0.053424,0.014333,-0.998469,-0.033826,0.999349,0.012536,-0.701985,-0.030816,-0.007140,0.711489,-0.019191,-0.015273,0.006244,0.017009,0.013662,0.015221,-0.053874,0.998469,-0.012536,0.000000,0.000000,0.000000,-1,-0.037064,1.012833,-0.002136,-0.015980,-0.107061,0.013424,134.207809,277.995087,-721.784302,0,0
3.880000,-1.360226,-1.517157,-1.326684,0.998073,0.033196,0.052429,0.052024,0.012958,-0.998562,-0.033827,0.999365,0.011206,-0.702479,-0.030328,-0.006620,0.711027,-0.014906,0.021836,0.008162,0.011490,0.009327,0.005911,-0.052429,0.998562,-0.011206,0.000000,0.000000,0.000000,-1,-0.042786,1.010300,-0.006363,-0.007448,-0.061476,0.010997,135.259048,275.550415,-720.782227,0,0
3.920000,-1.374299,-1.518358,-1.343399,0.998209,0.030591,0.051405,0.051065,0.011816,-0.998625,-0.031157,0.999462,0.010233,-0.702880,-0.029043,-0.007202,0.710679,-0.015968,0.057872,0.001633,0.008116,0.011216,0.006113,-0.051405,0.998625,-0.010233,0.000000,0.000000,0.000000,-1,-0.046265,1.010605,-0.004425,-0.013832,-0.046639,0.006745,135.083832,276.074280,-722.953308,0,0
3.960000,-1.382541,-1.518667,-1.352720,0.998253,0.029528,0.051185,0.050871,0.011273,-0.998642,-0.030065,0.999500,0.009751,-0.703070,-0.028589,-0.007510,0.710506,-0.013846,0.053631,0.001630,0.003364,0.011322,0.005479,-0.051185,0.998642,-0.009751,0.000000,0.000000,0.000000,-1,-0.047470,1.011887,-0.008728,-0.012765,-0.036039,0.005622,134.908630,275.899658,-721.450256,0,0
4.000000,-1.390314,-1.519550,-1.364613,0.998406,0.025434,0.050392,0.050139,0.010487,-0.998687,-0.025929,0.999622,0.009195,-0.703336,-0.026862,-0.008695,0.710297,-0.007438,0.076959,0.004648,0.005897,0.013093,0.002481,-0.050392,0.998687,-0.009195,0.000000,0.000000,0.000000,-1,-0.042770,1.010529,-0.004166,-0.008491,-0.023312,0.008709,134.558212,277.995087,-721.784302,0,0
4.040000,-1.397669,-1.520177,-1.374251,0.998488,0.023170,0.049842,0.049624,0.009881,-0.998719,-0.023632,0.999683,0.008716,-0.703543,-0.025867,-0.009313,0.710121,-0.010641,0.073736,0.004762,0.007300,0.008712,0.008686,-0.049842,0.998719,-0.008716,0.000000,0.000000,0.000000,-1,-0.043503,1.011230,0.001221,-0.010612,-0.027549,0.010878,133.682190,277.121979,-722.953308,0,0
4.080000,-1.413502,-1.521035,-1.392854,0.998584,0.020430,0.049127,0.048955,0.008804,-0.998762,-0.020837,0.999753,0.007792,-0.703915,-0.024643,-0.010047,0.709785,-0.014904,0.064193,0.004855,0.002816,0.012178,0.003092,-0.049127,0.998762,-0.007792,0.000000,0.000000,0.000000,-1,-0.050339,1.008926,-0.009476,-0.006380,-0.044516,0.008781,135.784668,276.423523,-720.949280,0,0
4.120000,-1.413716,-1.521150,-1.395393,0.998634,0.018110,0.049015,0.048864,0.008660,-0.998768,-0.018512,0.999798,0.007763,-0.703955,-0.023785,-0.010833,0.709764,0.007410,0.058888,0.002505,-0.003689,0.009624,-0.000278,-0.049015,0.998768,-0.007763,0.000000,0.000000,0.000000,-1,-0.052673,1.007675,0.002808,0.012746,-0.036041,0.004277,134.558212,277.296600,-720.782227,0,0
4.160000,-1.410384,-1.520841,-1.394056,0.998654,0.016111,0.049294,0.049157,0.008780,-0.998752,-0.016524,0.999832,0.007976,-0.703900,-0.023181,-0.011639,0.709826,0.015898,0.069480,-0.004020,-0.003380,0.008923,0.010783,-0.049294,0.998752,-0.007976,0.000000,0.000000,0.000000,-1,-0.047226,1.012512,0.005157,0.015919,-0.042407,0.001080,133.506989,276.947357,-722.118286,0,0
4.200000,-1.422664,-1.520735,-1.407829,0.998667,0.014634,0.049493,0.049378,0.008119,-0.998747,-0.015017,0.999860,0.007386,-0.704124,-0.022727,-0.012240,0.709608,-0.002227,0.001656,-0.001353,0.001885,0.011522,0.011444,-0.049493,0.998747,-0.007386,0.000000,0.000000,0.000000,-1,-0.047363,1.010651,-0.004593,-0.007506,-0.100715,0.003728,133.682190,277.820465,-721.951294,0,0
4.240000,-1.432293,-1.520845,-1.417468,0.998669,0.014636,0.049453,0.049345,0.007626,-0.998753,-0.014995,0.999864,0.006893,-0.704299,-0.022711,-0.012231,0.709434,-0.001159,0.004837,-0.000315,-0.002198,0.010845,0.002652,-0.049453,0.998753,-0.006893,0.000000,0.000000,0.000000,-1,-0.049896,1.009415,-0.002670,0.005262,-0.086932,0.003525,134.908630,276.598145,-722.118286,0,0
